ARKit Data
5571.696210083
normal
simd_float4x4([[0.1232, -0.992046, 0.0258243, 0.0)], [0.159507, -0.00588883, -0.987179, 0.0)], [0.979479, 0.125739, 0.157513, 0.0)], [2.11669, -0.942295, 1.03085, 1.0)]])
2.11669, -0.942295, 1.03085
float3(-0.126073, 1.41135, -1.57673)
5572.069647041
notAvailable
simd_float4x4([[1.0, 0.0, 0.0, 0.0)], [0.0, 1.0, 0.0, 0.0)], [0.0, 0.0, 1.0, 0.0)], [0.0, 0.0, 0.0, 1.0)]])
0.0, 0.0, 0.0
float3(-0.0, 0.0, 0.0)
5572.186301
notAvailable
simd_float4x4([[1.0, 0.0, 0.0, 0.0)], [0.0, 1.0, 0.0, 0.0)], [0.0, 0.0, 1.0, 0.0)], [0.0, 0.0, 0.0, 1.0)]])
0.0, 0.0, 0.0
float3(-0.0, 0.0, 0.0)
5572.319619583
limited(__ObjC.ARCamera.TrackingState.Reason.initializing)
simd_float4x4([[-0.00689918, -0.988657, 0.150031, 0.0)], [0.999976, -0.00689603, 0.00054123, 0.0)], [0.000499528, 0.150031, 0.988681, 0.0)], [0.0, 0.0, 0.0, 1.0)]])
0.0, 0.0, 0.0
float3(-0.1506, 0.000505247, -1.57777)
5572.452937791
limited(__ObjC.ARCamera.TrackingState.Reason.initializing)
simd_float4x4([[-0.00518926, -0.990603, 0.13667, 0.0)], [0.999986, -0.00525497, -0.000120002, 0.0)], [0.000837071, 0.136668, 0.990616, 0.0)], [0.0, 0.0, 0.0, 1.0)]])
0.0, 0.0, 0.0
float3(-0.137097, 0.000845, -1.5761)
5572.586256416
limited(__ObjC.ARCamera.TrackingState.Reason.initializing)
simd_float4x4([[-0.000570227, -0.989254, 0.146206, 0.0)], [0.999998, -0.000818666, -0.00163908, 0.0)], [0.00174116, 0.146204, 0.989253, 0.0)], [0.0, 0.0, 0.0, 1.0)]])
0.0, 0.0, 0.0
float3(-0.14673, 0.00176007, -1.57162)
5572.719574958
limited(__ObjC.ARCamera.TrackingState.Reason.initializing)
simd_float4x4([[0.00280417, -0.989086, 0.147314, 0.0)], [0.999996, 0.00271793, -0.000786673, 0.0)], [0.000377698, 0.147315, 0.989089, 0.0)], [0.0, 0.0, 0.0, 1.0)]])
0.0, 0.0, 0.0
float3(-0.147853, 0.000381865, -1.56805)
5572.8528935
limited(__ObjC.ARCamera.TrackingState.Reason.initializing)
simd_float4x4([[0.00265926, -0.989306, 0.145827, 0.0)], [0.999996, 0.00260377, -0.000571388, 0.0)], [0.000185581, 0.145828, 0.98931, 0.0)], [0.0, 0.0, 0.0, 1.0)]])
0.0, 0.0, 0.0
float3(-0.146349, 0.000187586, -1.56816)
5572.986212166
limited(__ObjC.ARCamera.TrackingState.Reason.initializing)
simd_float4x4([[0.00313015, -0.989212, 0.146455, 0.0)], [0.999994, 0.00328264, 0.000799553, 0.0)], [-0.00127169, 0.146451, 0.989217, 0.0)], [0.0, 0.0, 0.0, 1.0)]])
0.0, 0.0, 0.0
float3(-0.14698, -0.00128555, -1.56748)
5573.119530708
limited(__ObjC.ARCamera.TrackingState.Reason.initializing)
simd_float4x4([[0.00247552, -0.989124, 0.147064, 0.0)], [0.999997, 0.00248674, -0.000107579, 0.0)], [-0.000259301, 0.147064, 0.989127, 0.0)], [0.0, 0.0, 0.0, 1.0)]])
0.0, 0.0, 0.0
float3(-0.147599, -0.000262151, -1.56828)
5573.252849333
limited(__ObjC.ARCamera.TrackingState.Reason.initializing)
simd_float4x4([[0.0026902, -0.988989, 0.147963, 0.0)], [0.999996, 0.00272109, 6.30316e-06, 0.0)], [-0.000408854, 0.147963, 0.988993, 0.0)], [0.0, 0.0, 0.0, 1.0)]])
0.0, 0.0, 0.0
float3(-0.148508, -0.000413405, -1.56804)
5573.386167708
limited(__ObjC.ARCamera.TrackingState.Reason.initializing)
simd_float4x4([[0.00135637, -0.988671, 0.150091, 0.0)], [0.999997, 0.00165635, 0.00187363, 0.0)], [-0.00210101, 0.150088, 0.98867, 0.0)], [0.0, 0.0, 0.0, 1.0)]])
0.0, 0.0, 0.0
float3(-0.150657, -0.00212508, -1.56912)
5573.519486125
limited(__ObjC.ARCamera.TrackingState.Reason.initializing)
simd_float4x4([[-0.00135816, -0.988244, 0.152881, 0.0)], [0.999987, -0.000603144, 0.00498486, 0.0)], [-0.00483405, 0.152886, 0.988232, 0.0)], [0.0, 0.0, 0.0, 1.0)]])
0.0, 0.0, 0.0
float3(-0.153488, -0.00489157, -1.57141)
5573.652804833
limited(__ObjC.ARCamera.TrackingState.Reason.initializing)
simd_float4x4([[-0.00387632, -0.988275, 0.152636, 0.0)], [0.999988, -0.00338377, 0.00348659, 0.0)], [-0.00292922, 0.152648, 0.988276, 0.0)], [0.0, 0.0, 0.0, 1.0)]])
0.0, 0.0, 0.0
float3(-0.153247, -0.00296396, -1.57422)
5573.786123375
limited(__ObjC.ARCamera.TrackingState.Reason.initializing)
simd_float4x4([[-0.00616831, -0.98757, 0.157055, 0.0)], [0.999978, -0.00571939, 0.00331011, 0.0)], [-0.00237071, 0.157072, 0.987584, 0.0)], [0.0, 0.0, 0.0, 1.0)]])
0.0, 0.0, 0.0
float3(-0.157725, -0.0024005, -1.57659)
5573.919442041
limited(__ObjC.ARCamera.TrackingState.Reason.initializing)
simd_float4x4([[-0.00922667, -0.987405, 0.157944, 0.0)], [0.999957, -0.00911235, 0.00144793, 0.0)], [9.54544e-06, 0.15795, 0.987447, 0.0)], [0.0, 0.0, 0.0, 1.0)]])
0.0, 0.0, 0.0
float3(-0.158615, 9.66679e-06, -1.58002)
5574.052760541
limited(__ObjC.ARCamera.TrackingState.Reason.initializing)
simd_float4x4([[-0.00933763, -0.987427, 0.157798, 0.0)], [0.999945, -0.00997007, -0.00321675, 0.0)], [0.00474956, 0.157759, 0.987466, 0.0)], [0.0, 0.0, 0.0, 1.0)]])
0.0, 0.0, 0.0
float3(-0.158421, 0.00480981, -1.58089)
5574.186079125
limited(__ObjC.ARCamera.TrackingState.Reason.initializing)
simd_float4x4([[-0.0184001, -0.985695, 0.167534, 0.0)], [0.999694, -0.0209118, -0.0132404, 0.0)], [0.0165544, 0.167239, 0.985777, 0.0)], [0.0, 0.0, 0.0, 1.0)]])
0.0, 0.0, 0.0
float3(-0.168028, 0.0167916, -1.59201)
5574.319397458
limited(__ObjC.ARCamera.TrackingState.Reason.initializing)
simd_float4x4([[-0.0262609, -0.983776, 0.177469, 0.0)], [0.999399, -0.0298577, -0.0176267, 0.0)], [0.0226395, 0.1769, 0.983968, 0.0)], [0.0, 0.0, 0.0, 1.0)]])
0.0, 0.0, 0.0
float3(-0.177836, 0.0230043, -1.60114)
5574.452716083
limited(__ObjC.ARCamera.TrackingState.Reason.initializing)
simd_float4x4([[-0.0219328, -0.984741, 0.172633, 0.0)], [0.999255, -0.0270782, -0.0275066, 0.0)], [0.0317614, 0.171901, 0.984601, 0.0)], [0.0, 0.0, 0.0, 1.0)]])
0.0, 0.0, 0.0
float3(-0.17276, 0.032247, -1.59829)
5574.586034791
limited(__ObjC.ARCamera.TrackingState.Reason.initializing)
simd_float4x4([[-0.023238, -0.984556, 0.173514, 0.0)], [0.998966, -0.029653, -0.0344707, 0.0)], [0.0390836, 0.172533, 0.984227, 0.0)], [0.0, 0.0, 0.0, 1.0)]])
0.0, 0.0, 0.0
float3(-0.173401, 0.0396891, -1.60091)
5574.719353333
limited(__ObjC.ARCamera.TrackingState.Reason.initializing)
simd_float4x4([[-0.0306566, -0.984872, 0.170536, 0.0)], [0.998926, -0.0361209, -0.0290317, 0.0)], [0.0347524, 0.169463, 0.984922, 0.0)], [0.0, 0.0, 0.0, 1.0)]])
0.0, 0.0, 0.0
float3(-0.170285, 0.0352698, -1.60746)
5574.852671875
limited(__ObjC.ARCamera.TrackingState.Reason.initializing)
simd_float4x4([[-0.0264512, -0.985364, 0.168385, 0.0)], [0.999251, -0.030824, -0.023408, 0.0)], [0.0282557, 0.16764, 0.985441, 0.0)], [0.0, 0.0, 0.0, 1.0)]])
0.0, 0.0, 0.0
float3(-0.168435, 0.0286653, -1.60207)
5574.985990375
limited(__ObjC.ARCamera.TrackingState.Reason.initializing)
simd_float4x4([[-0.0143033, -0.98725, 0.158518, 0.0)], [0.999674, -0.0174734, -0.0186227, 0.0)], [0.0211551, 0.1582, 0.987178, 0.0)], [0.0, 0.0, 0.0, 1.0)]])
0.0, 0.0, 0.0
float3(-0.158868, 0.0214266, -1.58849)
5575.119308916
limited(__ObjC.ARCamera.TrackingState.Reason.initializing)
simd_float4x4([[-0.0072718, -0.98774, 0.155929, 0.0)], [0.999757, -0.0104256, -0.019418, 0.0)], [0.0208057, 0.15575, 0.987576, 0.0)], [0.0, 0.0, 0.0, 1.0)]])
0.0, 0.0, 0.0
float3(-0.156386, 0.0210643, -1.58135)
5575.252627416
limited(__ObjC.ARCamera.TrackingState.Reason.initializing)
simd_float4x4([[-0.0065168, -0.987626, 0.156681, 0.0)], [0.99973, -0.00992613, -0.0209873, 0.0)], [0.0222828, 0.156502, 0.987425, 0.0)], [0.0, 0.0, 0.0, 1.0)]])
0.0, 0.0, 0.0
float3(-0.157148, 0.0225628, -1.58085)
5575.385946083
limited(__ObjC.ARCamera.TrackingState.Reason.initializing)
simd_float4x4([[-0.00840678, -0.986847, 0.161434, 0.0)], [0.999732, -0.0117784, -0.0199399, 0.0)], [0.021579, 0.161223, 0.986681, 0.0)], [0.0, 0.0, 0.0, 1.0)]])
0.0, 0.0, 0.0
float3(-0.16193, 0.0218668, -1.58273)
5575.519264541
limited(__ObjC.ARCamera.TrackingState.Reason.initializing)
simd_float4x4([[-0.00680162, -0.986971, 0.160745, 0.0)], [0.999789, -0.00982654, -0.0180308, 0.0)], [0.0193754, 0.160589, 0.98683, 0.0)], [0.0, 0.0, 0.0, 1.0)]])
0.0, 0.0, 0.0
float3(-0.161287, 0.0196315, -1.58075)
5575.65258325
limited(__ObjC.ARCamera.TrackingState.Reason.initializing)
simd_float4x4([[-0.000105146, -0.987317, 0.158752, 0.0)], [0.999945, -0.00176235, -0.0102983, 0.0)], [0.0104475, 0.158743, 0.987263, 0.0)], [0.0, 0.0, 0.0, 1.0)]])
0.0, 0.0, 0.0
float3(-0.159417, 0.0105819, -1.57258)
5575.785901791
limited(__ObjC.ARCamera.TrackingState.Reason.initializing)
simd_float4x4([[-0.00404947, -0.987091, 0.160108, 0.0)], [0.999968, -0.0050989, -0.00614422, 0.0)], [0.00688127, 0.160078, 0.98708, 0.0)], [0.0, 0.0, 0.0, 1.0)]])
0.0, 0.0, 0.0
float3(-0.160769, 0.00697123, -1.57596)
5575.919220333
limited(__ObjC.ARCamera.TrackingState.Reason.initializing)
simd_float4x4([[-0.00525691, -0.987349, 0.158474, 0.0)], [0.999905, -0.0072036, -0.0117121, 0.0)], [0.0127055, 0.158397, 0.987294, 0.0)], [0.0, 0.0, 0.0, 1.0)]])
0.0, 0.0, 0.0
float3(-0.159067, 0.0128683, -1.57809)
5576.052538791
normal
simd_float4x4([[0.00837181, -0.984467, 0.175371, 0.0)], [0.999823, 0.00528512, -0.0180605, 0.0)], [0.0168531, 0.175491, 0.984337, 0.0)], [-0.0022301, 0.000448473, -0.00450885, 1.0)]])
-0.0022301, 0.000448473, -0.00450885
float3(-0.176405, 0.0171196, -1.56543)
5576.185857416
normal
simd_float4x4([[0.00794247, -0.982832, 0.184331, 0.0)], [0.999819, 0.00461553, -0.0184707, 0.0)], [0.0173029, 0.184445, 0.982691, 0.0)], [-0.00959574, 0.00559227, -0.0242149, 1.0)]])
-0.00959574, 0.00559227, -0.0242149
float3(-0.185507, 0.0176058, -1.5661)
5576.319175833
normal
simd_float4x4([[0.00745746, -0.983, 0.183456, 0.0)], [0.999855, 0.00452066, -0.0164212, 0.0)], [0.0153127, 0.183552, 0.982891, 0.0)], [-0.0189432, 0.0147045, -0.040561, 1.0)]])
-0.0189432, 0.0147045, -0.040561
float3(-0.184599, 0.015578, -1.5662)
5576.452494583
normal
simd_float4x4([[0.00218511, -0.981207, 0.192944, 0.0)], [0.999966, 0.0006173, -0.00818547, 0.0)], [0.00791254, 0.192955, 0.981176, 0.0)], [-0.0273204, 0.0208995, -0.0633917, 1.0)]])
-0.0273204, 0.0208995, -0.0633917
float3(-0.194173, 0.00806417, -1.57017)
5576.585813166
normal
simd_float4x4([[0.00102407, -0.982082, 0.18845, 0.0)], [0.999986, 2.83247e-05, -0.00528648, 0.0)], [0.00518642, 0.188453, 0.982068, 0.0)], [-0.0356532, 0.0291525, -0.0841002, 1.0)]])
-0.0356532, 0.0291525, -0.0841002
float3(-0.189587, 0.00528107, -1.57077)
5576.719131708
normal
simd_float4x4([[-0.00101447, -0.982995, 0.183631, 0.0)], [0.999999, -0.00113548, -0.000553825, 0.0)], [0.000752916, 0.183631, 0.982995, 0.0)], [-0.0470863, 0.0401979, -0.105304, 1.0)]])
-0.0470863, 0.0401979, -0.105304
float3(-0.184679, 0.000765941, -1.57195)
5576.852450125
normal
simd_float4x4([[-0.0100706, -0.982157, 0.187795, 0.0)], [0.999943, -0.0105543, -0.00157625, 0.0)], [0.00353018, 0.187768, 0.982207, 0.0)], [-0.0555305, 0.0502822, -0.129177, 1.0)]])
-0.0555305, 0.0502822, -0.129177
float3(-0.188889, 0.00359411, -1.58154)
5576.985768791
normal
simd_float4x4([[0.00257387, -0.984149, 0.177326, 0.0)], [0.999988, 0.00180298, -0.00450831, 0.0)], [0.00411713, 0.177336, 0.984142, 0.0)], [-0.0694, 0.0581116, -0.149412, 1.0)]])
-0.0694, 0.0581116, -0.149412
float3(-0.178279, 0.00418345, -1.56896)
5577.119087333
normal
simd_float4x4([[0.000601603, -0.984142, 0.177381, 0.0)], [0.999993, 0.00124551, 0.00351876, 0.0)], [-0.00368389, 0.177378, 0.984136, 0.0)], [-0.0732351, 0.0675126, -0.165689, 1.0)]])
-0.0732351, 0.0675126, -0.165689
float3(-0.178322, -0.00374326, -1.56953)
5577.252405875
normal
simd_float4x4([[-0.00151347, -0.980433, 0.196847, 0.0)], [0.999873, 0.00164139, 0.0158628, 0.0)], [-0.0158755, 0.196846, 0.980306, 0.0)], [-0.0797631, 0.0732861, -0.191748, 1.0)]])
-0.0797631, 0.0732861, -0.191748
float3(-0.19814, -0.0161931, -1.56912)
5577.385724541
normal
simd_float4x4([[0.0172662, -0.930426, 0.366073, 0.0)], [0.990324, 0.0663345, 0.121889, 0.0)], [-0.137692, 0.360426, 0.922569, 0.0)], [-0.0953917, 0.0786809, -0.239954, 1.0)]])
-0.0953917, 0.0786809, -0.239954
float3(-0.368725, -0.148155, -1.49962)
5577.519043125
normal
simd_float4x4([[0.0278252, -0.895234, 0.444726, 0.0)], [0.988754, 0.0900475, 0.119402, 0.0)], [-0.14694, 0.436402, 0.887672, 0.0)], [-0.101275, 0.143872, -0.234038, 1.0)]])
-0.101275, 0.143872, -0.234038
float3(-0.451596, -0.164046, -1.47055)
5577.652361666
normal
simd_float4x4([[0.078556, -0.948458, 0.307013, 0.0)], [0.99488, 0.0942268, 0.0365336, 0.0)], [-0.0635794, 0.302571, 0.951004, 0.0)], [-0.116139, 0.213953, -0.192186, 1.0)]])
-0.116139, 0.213953, -0.192186
float3(-0.307389, -0.0667557, -1.47177)
5577.785680125
normal
simd_float4x4([[0.0620712, -0.930259, 0.361614, 0.0)], [0.998049, 0.055409, -0.0287749, 0.0)], [0.00673145, 0.362694, 0.931884, 0.0)], [-0.125086, 0.23757, -0.218417, 1.0)]])
-0.125086, 0.23757, -0.218417
float3(-0.371157, 0.00722337, -1.5113)
5577.918998708
normal
simd_float4x4([[0.0630689, -0.938257, 0.340142, 0.0)], [0.998005, 0.0583741, -0.0240288, 0.0)], [0.00268966, 0.340979, 0.940067, 0.0)], [-0.129969, 0.253795, -0.228514, 1.0)]])
-0.129969, 0.253795, -0.228514
float3(-0.347959, 0.00286113, -1.50866)
5578.052317208
normal
simd_float4x4([[0.0873837, -0.940585, 0.328121, 0.0)], [0.995305, 0.0686742, -0.0682051, 0.0)], [0.0416192, 0.332541, 0.94217, 0.0)], [-0.144821, 0.27317, -0.252031, 1.0)]])
-0.144821, 0.27317, -0.252031
float3(-0.338996, 0.0441451, -1.49791)
5578.185635958
normal
simd_float4x4([[0.10906, -0.932033, 0.345573, 0.0)], [0.985854, 0.0569048, -0.157653, 0.0)], [0.127273, 0.357878, 0.925054, 0.0)], [-0.158112, 0.287329, -0.286775, 1.0)]])
-0.158112, 0.287329, -0.286775
float3(-0.365994, 0.136726, -1.50982)
5578.318954541
normal
simd_float4x4([[0.104622, -0.943897, 0.31323, 0.0)], [0.988831, 0.0651132, -0.134064, 0.0)], [0.106148, 0.323758, 0.940167, 0.0)], [-0.163636, 0.304166, -0.307072, 1.0)]])
-0.163636, 0.304166, -0.307072
float3(-0.329698, 0.112427, -1.50192)
5578.452273041
normal
simd_float4x4([[0.128588, -0.925438, 0.356411, 0.0)], [0.961473, 0.0282863, -0.273438, 0.0)], [0.242968, 0.377841, 0.893422, 0.0)], [-0.177334, 0.314079, -0.343416, 1.0)]])
-0.177334, 0.314079, -0.343416
float3(-0.387463, 0.265531, -1.54024)
5578.585591666
normal
simd_float4x4([[0.134468, -0.924465, 0.356766, 0.0)], [0.947353, 0.0143556, -0.319868, 0.0)], [0.290585, 0.380996, 0.877726, 0.0)], [-0.181795, 0.332174, -0.379919, 1.0)]])
-0.181795, 0.332174, -0.379919
float3(-0.390873, 0.319708, -1.55527)
5578.718910208
normal
simd_float4x4([[0.10876, -0.933015, 0.343009, 0.0)], [0.960972, 0.0103864, -0.276449, 0.0)], [0.254369, 0.359689, 0.897731, 0.0)], [-0.202429, 0.405865, -0.496213, 1.0)]])
-0.202429, 0.405865, -0.496213
float3(-0.367934, 0.276109, -1.55966)
5578.85222875
normal
simd_float4x4([[0.0379636, -0.959846, 0.277948, 0.0)], [0.996931, 0.0173251, -0.076337, 0.0)], [0.0684563, 0.279993, 0.957558, 0.0)], [-0.214169, 0.460072, -0.572496, 1.0)]])
-0.214169, 0.460072, -0.572496
float3(-0.283787, 0.071369, -1.55275)
5578.98554725
limited(__ObjC.ARCamera.TrackingState.Reason.insufficientFeatures)
simd_float4x4([[-0.0552893, -0.934096, 0.352715, 0.0)], [0.998356, -0.0463809, 0.0336651, 0.0)], [-0.0150872, 0.353997, 0.935125, 0.0)], [-0.209868, 0.468411, -0.655288, 1.0)]])
-0.209868, 0.468411, -0.655288
float3(-0.361841, -0.0161324, -1.62041)
5579.118866
limited(__ObjC.ARCamera.TrackingState.Reason.insufficientFeatures)
simd_float4x4([[-0.054338, -0.940786, 0.334617, 0.0)], [0.997628, -0.0653318, -0.0216788, 0.0)], [0.0422563, 0.332646, 0.942105, 0.0)], [-0.195507, 0.430467, -0.612985, 1.0)]])
-0.195507, 0.430467, -0.612985
float3(-0.339108, 0.044823, -1.64013)
5579.2521845
limited(__ObjC.ARCamera.TrackingState.Reason.insufficientFeatures)
simd_float4x4([[-0.0217757, -0.960695, 0.27675, 0.0)], [0.993577, -0.0515394, -0.100733, 0.0)], [0.111037, 0.27278, 0.955647, 0.0)], [-0.181979, 0.407931, -0.566367, 1.0)]])
-0.181979, 0.407931, -0.566367
float3(-0.276281, 0.115672, -1.62439)
5579.385503166
limited(__ObjC.ARCamera.TrackingState.Reason.insufficientFeatures)
simd_float4x4([[-0.0127656, -0.979241, 0.202296, 0.0)], [0.987292, -0.0443938, -0.152592, 0.0)], [0.158405, 0.197778, 0.967363, 0.0)], [-0.168367, 0.380777, -0.473211, 1.0)]])
-0.168367, 0.380777, -0.473211
float3(-0.19909, 0.162309, -1.6161)
5579.518821666
limited(__ObjC.ARCamera.TrackingState.Reason.excessiveMotion)
simd_float4x4([[-0.00984043, -0.987608, 0.156632, 0.0)], [0.981696, -0.039336, -0.186349, 0.0)], [0.190201, 0.151931, 0.969918, 0.0)], [-0.146941, 0.307269, -0.340997, 1.0)]])
-0.146941, 0.307269, -0.340997
float3(-0.152522, 0.193643, -1.6106)
5579.652140125
limited(__ObjC.ARCamera.TrackingState.Reason.insufficientFeatures)
simd_float4x4([[0.000381639, -0.990718, 0.135934, 0.0)], [0.983208, -0.0244347, -0.180846, 0.0)], [0.182489, 0.13372, 0.974072, 0.0)], [-0.142244, 0.31126, -0.393834, 1.0)]])
-0.142244, 0.31126, -0.393834
float3(-0.134122, 0.1852, -1.59545)
5579.785458791
limited(__ObjC.ARCamera.TrackingState.Reason.insufficientFeatures)
simd_float4x4([[-0.0211217, -0.989015, 0.146299, 0.0)], [0.986586, -0.0443102, -0.15711, 0.0)], [0.161867, 0.141018, 0.976685, 0.0)], [-0.110121, 0.285619, -0.350399, 1.0)]])
-0.110121, 0.285619, -0.350399
float3(-0.14149, 0.164238, -1.61557)
5579.918777375
limited(__ObjC.ARCamera.TrackingState.Reason.excessiveMotion)
simd_float4x4([[-0.0467678, -0.982649, 0.179484, 0.0)], [0.994275, -0.0630742, -0.086246, 0.0)], [0.0960703, 0.174423, 0.979973, 0.0)], [-0.0725169, 0.243171, -0.28251, 1.0)]])
-0.0725169, 0.243171, -0.28251
float3(-0.17532, 0.0977214, -1.6349)
5580.052095958
limited(__ObjC.ARCamera.TrackingState.Reason.insufficientFeatures)
simd_float4x4([[-0.0465886, -0.969629, 0.240104, 0.0)], [0.996251, -0.0626433, -0.0596689, 0.0)], [0.0728976, 0.236424, 0.968911, 0.0)], [-0.0647441, 0.228753, -0.315748, 1.0)]])
-0.0647441, 0.228753, -0.315748
float3(-0.238684, 0.0750951, -1.63531)
5580.1854145
limited(__ObjC.ARCamera.TrackingState.Reason.insufficientFeatures)
simd_float4x4([[-0.0525281, -0.966243, 0.25222, 0.0)], [0.998051, -0.0593179, -0.0193874, 0.0)], [0.0336941, 0.25071, 0.967476, 0.0)], [-0.0535204, 0.230966, -0.360245, 1.0)]])
-0.0535204, 0.230966, -0.360245
float3(-0.253413, 0.0348127, -1.63211)
5580.318733166
normal
simd_float4x4([[-0.0428816, -0.971757, 0.232054, 0.0)], [0.997608, -0.0542533, -0.0428436, 0.0)], [0.0542232, 0.229661, 0.971759, 0.0)], [-0.0331974, 0.204878, -0.363951, 1.0)]])
-0.0331974, 0.204878, -0.363951
float3(-0.23173, 0.0557413, -1.62657)
5580.4520515
normal
simd_float4x4([[-0.0153686, -0.979218, 0.202228, 0.0)], [0.99401, -0.0368491, -0.102888, 0.0)], [0.108201, 0.199435, 0.973919, 0.0)], [-0.00729373, 0.187879, -0.404447, 1.0)]])
-0.00729373, 0.187879, -0.404447
float3(-0.200781, 0.110645, -1.60841)
5580.58537025
normal
simd_float4x4([[0.0316707, -0.988482, 0.147984, 0.0)], [0.994042, 0.0157016, -0.107858, 0.0)], [0.104292, 0.150519, 0.983091, 0.0)], [0.0227418, 0.193692, -0.451079, 1.0)]])
0.0227418, 0.193692, -0.451079
float3(-0.151093, 0.10569, -1.55491)
5580.718688791
limited(__ObjC.ARCamera.TrackingState.Reason.insufficientFeatures)
simd_float4x4([[0.00676261, -0.991664, 0.128675, 0.0)], [0.993175, -0.00832213, -0.116333, 0.0)], [0.116434, 0.128584, 0.98484, 0.0)], [0.0535251, 0.197014, -0.494176, 1.0)]])
0.0535251, 0.197014, -0.494176
float3(-0.128941, 0.11768, -1.57919)
5580.852007333
limited(__ObjC.ARCamera.TrackingState.Reason.insufficientFeatures)
simd_float4x4([[-0.019674, -0.986462, 0.162803, 0.0)], [0.995217, -0.034906, -0.0912366, 0.0)], [0.0956843, 0.160229, 0.982431, 0.0)], [0.0651691, 0.193456, -0.541584, 1.0)]])
0.0651691, 0.193456, -0.541584
float3(-0.160923, 0.0970892, -1.60617)
5580.985325916
limited(__ObjC.ARCamera.TrackingState.Reason.insufficientFeatures)
simd_float4x4([[0.0301548, -0.99066, 0.132982, 0.0)], [0.997466, 0.0212484, -0.0678926, 0.0)], [0.0644328, 0.134692, 0.98879, 0.0)], [0.0543765, 0.180639, -0.600845, 1.0)]])
0.0543765, 0.180639, -0.600845
float3(-0.135103, 0.0650712, -1.54935)
5581.118644625
limited(__ObjC.ARCamera.TrackingState.Reason.insufficientFeatures)
simd_float4x4([[0.0330505, -0.979621, 0.198116, 0.0)], [0.998276, 0.0227351, -0.0541183, 0.0)], [0.0485112, 0.199563, 0.978683, 0.0)], [0.0723968, 0.160981, -0.670522, 1.0)]])
0.0723968, 0.160981, -0.670522
float3(-0.200912, 0.0495273, -1.54759)
5581.251963041
normal
simd_float4x4([[0.0419254, -0.972089, 0.230836, 0.0)], [0.999083, 0.0387848, -0.0181284, 0.0)], [0.00866948, 0.231385, 0.972824, 0.0)], [0.0647216, 0.153269, -0.782392, 1.0)]])
0.0647216, 0.153269, -0.782392
float3(-0.233501, 0.00891143, -1.53092)
5581.385281583
normal
simd_float4x4([[0.0492951, -0.983229, 0.175589, 0.0)], [0.998695, 0.0508652, 0.00444956, 0.0)], [-0.0133063, 0.17514, 0.984453, 0.0)], [0.0506495, 0.172174, -0.902332, 1.0)]])
0.0506495, 0.172174, -0.902332
float3(-0.176048, -0.0135156, -1.51911)
5581.518600166
normal
simd_float4x4([[0.0217036, -0.991239, 0.130286, 0.0)], [0.999397, 0.0250417, 0.0240379, 0.0)], [-0.0270899, 0.129686, 0.991185, 0.0)], [0.0543666, 0.186919, -1.01255, 1.0)]])
0.0543666, 0.186919, -1.01255
float3(-0.130052, -0.027324, -1.54554)
5581.651918875
normal
simd_float4x4([[0.0372726, -0.984445, 0.171694, 0.0)], [0.994203, 0.0538699, 0.093046, 0.0)], [-0.100848, 0.167231, 0.980746, 0.0)], [0.0531237, 0.190513, -1.1286, 1.0)]])
0.0531237, 0.190513, -1.1286
float3(-0.16802, -0.102467, -1.51613)
5581.7852375
normal
simd_float4x4([[-0.00241303, -0.985128, 0.171805, 0.0)], [0.988607, 0.0235069, 0.148674, 0.0)], [-0.150501, 0.170206, 0.973848, 0.0)], [0.0806533, 0.183629, -1.25746, 1.0)]])
0.0806533, 0.183629, -1.25746
float3(-0.171039, -0.15333, -1.54694)
5581.918556041
normal
simd_float4x4([[0.0157295, -0.993267, 0.114775, 0.0)], [0.994579, 0.0273431, 0.100324, 0.0)], [-0.102787, 0.112574, 0.988312, 0.0)], [0.102337, 0.160169, -1.39726, 1.0)]])
0.102337, 0.160169, -1.39726
float3(-0.112814, -0.10363, -1.54327)
5582.051874583
normal
simd_float4x4([[0.0818806, -0.995812, 0.0406824, 0.0)], [0.992397, 0.0852273, 0.0887915, 0.0)], [-0.0918868, 0.0331028, 0.995219, 0.0)], [0.111637, 0.161562, -1.53842, 1.0)]])
0.111637, 0.161562, -1.53842
float3(-0.0331089, -0.0920672, -1.48542)
5582.185193083
normal
simd_float4x4([[0.0716885, -0.995994, 0.0534533, 0.0)], [0.99089, 0.0772419, 0.110322, 0.0)], [-0.114009, 0.0450575, 0.992457, 0.0)], [0.133115, 0.174106, -1.68854, 1.0)]])
0.133115, 0.174106, -1.68854
float3(-0.0450728, -0.114374, -1.4934)
5582.318511625
normal
simd_float4x4([[0.0524828, -0.992007, 0.11475, 0.0)], [0.995394, 0.0611978, 0.0737909, 0.0)], [-0.0802236, 0.110349, 0.99065, 0.0)], [0.136177, 0.176546, -1.83791, 1.0)]])
0.136177, 0.176546, -1.83791
float3(-0.110574, -0.0808044, -1.50918)
5582.451830291
normal
simd_float4x4([[0.0521692, -0.977693, 0.203457, 0.0)], [0.995839, 0.0661749, 0.0626501, 0.0)], [-0.0747163, 0.199342, 0.977077, 0.0)], [0.127746, 0.148943, -2.00842, 1.0)]])
0.127746, 0.148943, -2.00842
float3(-0.200687, -0.0763207, -1.50321)
5582.585148958
normal
simd_float4x4([[0.0806263, -0.968799, 0.234369, 0.0)], [0.994809, 0.0928586, 0.0416162, 0.0)], [-0.0620809, 0.229797, 0.971256, 0.0)], [0.109547, 0.140643, -2.18619, 1.0)]])
0.109547, 0.140643, -2.18619
float3(-0.231869, -0.0638313, -1.47524)
5582.718467458
normal
simd_float4x4([[0.0482591, -0.968544, 0.244118, 0.0)], [0.994605, 0.0690662, 0.0774009, 0.0)], [-0.0918265, 0.239066, 0.966651, 0.0)], [0.127564, 0.148278, -2.34903, 1.0)]])
0.127564, 0.148278, -2.34903
float3(-0.241404, -0.0947102, -1.49961)
5582.851786083
normal
simd_float4x4([[0.0280113, -0.957698, 0.28641, 0.0)], [0.988728, 0.0687035, 0.133032, 0.0)], [-0.147081, 0.279455, 0.948826, 0.0)], [0.144667, 0.146587, -2.52265, 1.0)]])
0.144667, 0.146587, -2.52265
float3(-0.283227, -0.15379, -1.49918)
5582.98510475
normal
simd_float4x4([[0.0121567, -0.976683, 0.214343, 0.0)], [0.992173, 0.0384233, 0.118809, 0.0)], [-0.124274, 0.211221, 0.969506, 0.0)], [0.169101, 0.134335, -2.69328, 1.0)]])
0.169101, 0.134335, -2.69328
float3(-0.212824, -0.127488, -1.53148)
5583.118423083
normal
simd_float4x4([[0.0408861, -0.979583, 0.196839, 0.0)], [0.997902, 0.0499306, 0.041205, 0.0)], [-0.050192, 0.194741, 0.97957, 0.0)], [0.207126, 0.141576, -2.88625, 1.0)]])
0.207126, 0.141576, -2.88625
float3(-0.195994, -0.051194, -1.51987)
5583.251741708
normal
simd_float4x4([[0.00786384, -0.980207, 0.197817, 0.0)], [0.999569, 0.0133021, 0.0261777, 0.0)], [-0.028291, 0.197526, 0.979889, 0.0)], [0.237579, 0.160759, -3.07883, 1.0)]])
0.237579, 0.160759, -3.07883
float3(-0.198834, -0.0288636, -1.55723)
5583.385060375
normal
simd_float4x4([[0.00148495, -0.968378, 0.249485, 0.0)], [0.996994, 0.0207592, 0.074643, 0.0)], [-0.0774617, 0.248624, 0.965498, 0.0)], [0.250518, 0.150722, -3.27002, 1.0)]])
0.250518, 0.150722, -3.27002
float3(-0.251259, -0.0800583, -1.54936)
5583.518378875
limited(__ObjC.ARCamera.TrackingState.Reason.insufficientFeatures)
simd_float4x4([[-0.0771829, -0.957194, 0.278966, 0.0)], [0.996092, -0.0619828, 0.062917, 0.0)], [-0.0429327, 0.282732, 0.958237, 0.0)], [0.265303, 0.13299, -3.44011, 1.0)]])
0.265303, 0.13299, -3.44011
float3(-0.286642, -0.0447738, -1.63546)
5583.651697458
limited(__ObjC.ARCamera.TrackingState.Reason.insufficientFeatures)
simd_float4x4([[-0.0619953, -0.962129, 0.26545, 0.0)], [0.993209, -0.0332372, 0.111493, 0.0)], [-0.0984478, 0.27056, 0.957656, 0.0)], [0.280595, 0.14948, -3.59581, 1.0)]])
0.280595, 0.14948, -3.59581
float3(-0.273974, -0.102441, -1.60533)
5583.785016125
limited(__ObjC.ARCamera.TrackingState.Reason.insufficientFeatures)
simd_float4x4([[-0.100668, -0.955458, 0.277428, 0.0)], [0.987509, -0.0619845, 0.144856, 0.0)], [-0.121207, 0.288545, 0.949763, 0.0)], [0.314385, 0.176221, -3.72334, 1.0)]])
0.314385, 0.176221, -3.72334
float3(-0.292707, -0.126932, -1.63558)
5583.918334625
limited(__ObjC.ARCamera.TrackingState.Reason.insufficientFeatures)
simd_float4x4([[-0.125444, -0.977557, 0.169254, 0.0)], [0.983951, -0.100768, 0.147263, 0.0)], [-0.126903, 0.185011, 0.974508, 0.0)], [0.353148, 0.179059, -3.82044, 1.0)]])
0.353148, 0.179059, -3.82044
float3(-0.186083, -0.129494, -1.67351)
5584.051653333
limited(__ObjC.ARCamera.TrackingState.Reason.insufficientFeatures)
simd_float4x4([[-0.107531, -0.985762, 0.129271, 0.0)], [0.988948, -0.0927056, 0.115701, 0.0)], [-0.10207, 0.140284, 0.984836, 0.0)], [0.376187, 0.180597, -3.97024, 1.0)]])
0.376187, 0.180597, -3.97024
float3(-0.140748, -0.103273, -1.66457)
5584.18497175
limited(__ObjC.ARCamera.TrackingState.Reason.excessiveMotion)
simd_float4x4([[-0.0655022, -0.974996, 0.212349, 0.0)], [0.984768, -0.0288137, 0.171469, 0.0)], [-0.161063, 0.220346, 0.962032, 0.0)], [0.3804, 0.194895, -4.14387, 1.0)]])
0.3804, 0.194895, -4.14387
float3(-0.222169, -0.165882, -1.60034)
5584.318290416
limited(__ObjC.ARCamera.TrackingState.Reason.insufficientFeatures)
simd_float4x4([[-0.0827818, -0.963235, 0.255589, 0.0)], [0.982597, -0.0360983, 0.182207, 0.0)], [-0.166281, 0.266225, 0.94946, 0.0)], [0.386322, 0.195208, -4.30122, 1.0)]])
0.386322, 0.195208, -4.30122
float3(-0.269475, -0.173374, -1.60825)
5584.451609125
limited(__ObjC.ARCamera.TrackingState.Reason.insufficientFeatures)
simd_float4x4([[-0.130815, -0.955514, 0.26435, 0.0)], [0.976401, -0.077954, 0.201405, 0.0)], [-0.171838, 0.284459, 0.943162, 0.0)], [0.39745, 0.17577, -4.47722, 1.0)]])
0.39745, 0.17577, -4.47722
float3(-0.288442, -0.180217, -1.6522)
5584.584927708
limited(__ObjC.ARCamera.TrackingState.Reason.insufficientFeatures)
simd_float4x4([[-0.160369, -0.965487, 0.205223, 0.0)], [0.95577, -0.0999598, 0.276607, 0.0)], [-0.246546, 0.240506, 0.938814, 0.0)], [0.422322, 0.191826, -4.63352, 1.0)]])
0.422322, 0.191826, -4.63352
float3(-0.242887, -0.256816, -1.67396)
5584.718246333
limited(__ObjC.ARCamera.TrackingState.Reason.insufficientFeatures)
simd_float4x4([[-0.206753, -0.925406, 0.317612, 0.0)], [0.946519, -0.107, 0.30439, 0.0)], [-0.247699, 0.363559, 0.898037, 0.0)], [0.456019, 0.192698, -4.81004, 1.0)]])
0.456019, 0.192698, -4.81004
float3(-0.372086, -0.269131, -1.68591)
5584.85156475
normal
simd_float4x4([[-0.196538, -0.938208, 0.284847, 0.0)], [0.942369, -0.100524, 0.319117, 0.0)], [-0.270765, 0.33115, 0.903895, 0.0)], [0.473548, 0.187522, -4.96156, 1.0)]])
0.473548, 0.187522, -4.96156
float3(-0.337522, -0.291047, -1.67753)
5584.984883375
normal
simd_float4x4([[-0.139255, -0.973662, 0.180528, 0.0)], [0.958334, -0.0865922, 0.272209, 0.0)], [-0.249408, 0.210913, 0.945152, 0.0)], [0.487222, 0.172304, -5.10874, 1.0)]])
0.487222, 0.172304, -5.10874
float3(-0.212509, -0.258, -1.6595)
5585.118202
normal
simd_float4x4([[-0.107849, -0.974713, 0.195714, 0.0)], [0.968988, -0.0590349, 0.239953, 0.0)], [-0.222331, 0.215523, 0.950852, 0.0)], [0.514826, 0.180269, -5.27617, 1.0)]])
0.514826, 0.180269, -5.27617
float3(-0.217227, -0.229696, -1.63129)
5585.2515205
normal
simd_float4x4([[-0.150642, -0.944949, 0.290478, 0.0)], [0.963085, -0.0739679, 0.258834, 0.0)], [-0.223099, 0.318746, 0.92121, 0.0)], [0.536843, 0.199826, -5.43294, 1.0)]])
0.536843, 0.199826, -5.43294
float3(-0.324407, -0.237605, -1.64891)
5585.384839166
normal
simd_float4x4([[-0.135668, -0.953005, 0.270881, 0.0)], [0.975057, -0.0799555, 0.207051, 0.0)], [-0.175662, 0.292214, 0.940082, 0.0)], [0.534887, 0.189437, -5.55781, 1.0)]])
0.534887, 0.189437, -5.55781
float3(-0.296541, -0.184728, -1.6545)
5585.518157833
normal
simd_float4x4([[-0.128641, -0.972091, 0.196192, 0.0)], [0.97529, -0.088182, 0.202565, 0.0)], [-0.179611, 0.217402, 0.959414, 0.0)], [0.5478, 0.189343, -5.68022, 1.0)]])
0.5478, 0.189343, -5.68022
float3(-0.219152, -0.185067, -1.66126)
5585.651476166
normal
simd_float4x4([[-0.129628, -0.976694, 0.171071, 0.0)], [0.960568, -0.0808937, 0.266017, 0.0)], [-0.245979, 0.198808, 0.948667, 0.0)], [0.57307, 0.196218, -5.81874, 1.0)]])
0.57307, 0.196218, -5.81874
float3(-0.200142, -0.253702, -1.65343)
5585.784794875
normal
simd_float4x4([[-0.0994077, -0.963986, 0.246675, 0.0)], [0.953319, -0.0212288, 0.301218, 0.0)], [-0.285134, 0.265103, 0.921097, 0.0)], [0.597351, 0.19963, -5.9661, 1.0)]])
0.597351, 0.19963, -5.9661
float3(-0.268311, -0.300203, -1.59281)
5585.9181135
normal
simd_float4x4([[-0.0899394, -0.971113, 0.221021, 0.0)], [0.954785, -0.0209315, 0.29656, 0.0)], [-0.283367, 0.2377, 0.929087, 0.0)], [0.621677, 0.178462, -6.09609, 1.0)]])
0.621677, 0.178462, -6.09609
float3(-0.239997, -0.296033, -1.59235)
5586.051432041
normal
simd_float4x4([[-0.0621341, -0.978208, 0.198112, 0.0)], [0.954037, 9.56799e-05, 0.299688, 0.0)], [-0.293177, 0.207627, 0.933241, 0.0)], [0.649071, 0.160354, -6.23284, 1.0)]])
0.649071, 0.160354, -6.23284
float3(-0.209149, -0.304386, -1.5707)
5586.184750666
normal
simd_float4x4([[-0.0920714, -0.971602, 0.217973, 0.0)], [0.961471, -0.0298012, 0.273286, 0.0)], [-0.25903, 0.234737, 0.936911, 0.0)], [0.679207, 0.178778, -6.37036, 1.0)]])
0.679207, 0.178778, -6.37036
float3(-0.236948, -0.269734, -1.60146)
5586.31806925
normal
simd_float4x4([[-0.0675922, -0.973608, 0.217988, 0.0)], [0.975305, -0.0184319, 0.220093, 0.0)], [-0.210267, 0.227481, 0.95081, 0.0)], [0.693032, 0.187946, -6.50694, 1.0)]])
0.693032, 0.187946, -6.50694
float3(-0.22949, -0.217642, -1.58973)
5586.451387916
normal
simd_float4x4([[-0.00509142, -0.980941, 0.194237, 0.0)], [0.990105, 0.0222944, 0.138545, 0.0)], [-0.140235, 0.193021, 0.971122, 0.0)], [0.689349, 0.179614, -6.65424, 1.0)]])
0.689349, 0.179614, -6.65424
float3(-0.19424, -0.143414, -1.54807)
5586.584706208
normal
simd_float4x4([[0.0532515, -0.996059, 0.0709344, 0.0)], [0.980351, 0.0656586, 0.186011, 0.0)], [-0.189936, 0.0596352, 0.979984, 0.0)], [0.691406, 0.19855, -6.78879, 1.0)]])
0.691406, 0.19855, -6.78879
float3(-0.0596706, -0.191442, -1.50497)
5586.718024875
normal
simd_float4x4([[0.0387566, -0.994411, 0.098211, 0.0)], [0.982529, 0.0558279, 0.177541, 0.0)], [-0.182031, 0.0896142, 0.979201, 0.0)], [0.716778, 0.214181, -6.94496, 1.0)]])
0.716778, 0.214181, -6.94496
float3(-0.0897346, -0.1838, -1.51471)
5586.8513435
normal
simd_float4x4([[0.0557973, -0.99003, 0.129337, 0.0)], [0.974171, 0.0823706, 0.210251, 0.0)], [-0.218808, 0.114265, 0.969055, 0.0)], [0.742558, 0.211083, -7.09254, 1.0)]])
0.742558, 0.211083, -7.09254
float3(-0.114515, -0.222071, -1.48779)
5586.984662041
normal
simd_float4x4([[0.0201334, -0.994854, 0.0993018, 0.0)], [0.985899, 0.0362587, 0.163367, 0.0)], [-0.166127, 0.0946124, 0.981555, 0.0)], [0.781333, 0.180869, -7.23955, 1.0)]])
0.781333, 0.180869, -7.23955
float3(-0.0947541, -0.16766, -1.53437)
5587.117980625
normal
simd_float4x4([[0.0483372, -0.991433, 0.12134, 0.0)], [0.986104, 0.0666993, 0.152153, 0.0)], [-0.158943, 0.1123, 0.98088, 0.0)], [0.79975, 0.160314, -7.40568, 1.0)]])
0.79975, 0.160314, -7.40568
float3(-0.112537, -0.160645, -1.50362)
5587.251299291
normal
simd_float4x4([[0.00880865, -0.989681, 0.143015, 0.0)], [0.990656, 0.0281023, 0.133454, 0.0)], [-0.136096, 0.140503, 0.980682, 0.0)], [0.808252, 0.183201, -7.54562, 1.0)]])
0.808252, 0.183201, -7.54562
float3(-0.14097, -0.137896, -1.54241)
5587.384617833
normal
simd_float4x4([[-0.025912, -0.994106, 0.105273, 0.0)], [0.993802, -0.0142292, 0.110247, 0.0)], [-0.1081, 0.107477, 0.988313, 0.0)], [0.813846, 0.193756, -7.67218, 1.0)]])
0.813846, 0.193756, -7.67218
float3(-0.107685, -0.108945, -1.58511)
5587.517936333
normal
simd_float4x4([[-0.0424227, -0.997595, 0.0548139, 0.0)], [0.991199, -0.035138, 0.127629, 0.0)], [-0.125396, 0.0597459, 0.990306, 0.0)], [0.814988, 0.195434, -7.81412, 1.0)]])
0.814988, 0.195434, -7.81412
float3(-0.0597815, -0.125953, -1.606)
5587.651255
normal
simd_float4x4([[-0.0354268, -0.999368, 0.00303831, 0.0)], [0.986709, -0.0344953, 0.158795, 0.0)], [-0.158589, 0.00862352, 0.987307, 0.0)], [0.82099, 0.203837, -7.94616, 1.0)]])
0.82099, 0.203837, -7.94616
float3(-0.00862363, -0.159268, -1.6053)
5587.784573583
normal
simd_float4x4([[-0.0514116, -0.997628, 0.0457638, 0.0)], [0.98929, -0.0446065, 0.13898, 0.0)], [-0.136609, 0.0524189, 0.989237, 0.0)], [0.84155, 0.213178, -8.08773, 1.0)]])
0.84155, 0.213178, -8.08773
float3(-0.0524429, -0.137227, -1.61548)
5587.917892083
normal
simd_float4x4([[-0.0259323, -0.998259, 0.0529778, 0.0)], [0.988791, -0.0178193, 0.148239, 0.0)], [-0.147037, 0.0562282, 0.987531, 0.0)], [0.866034, 0.190423, -8.23337, 1.0)]])
0.866034, 0.190423, -8.23337
float3(-0.0562579, -0.147807, -1.58864)
5588.051210791
normal
simd_float4x4([[0.00717792, -0.998833, 0.0477613, 0.0)], [0.985934, 0.0150448, 0.166458, 0.0)], [-0.166983, 0.0458946, 0.984891, 0.0)], [0.894146, 0.172674, -8.39437, 1.0)]])
0.894146, 0.172674, -8.39437
float3(-0.0459108, -0.167947, -1.55574)
5588.18452925
normal
simd_float4x4([[-0.0330618, -0.99663, 0.0750747, 0.0)], [0.985871, -0.0201789, 0.166285, 0.0)], [-0.164209, 0.0795117, 0.983216, 0.0)], [0.927961, 0.190332, -8.57204, 1.0)]])
0.927961, 0.190332, -8.57204
float3(-0.0795957, -0.165485, -1.59104)
5588.317847875
normal
simd_float4x4([[-0.0568625, -0.990049, 0.128719, 0.0)], [0.985052, -0.0346376, 0.168736, 0.0)], [-0.162599, 0.13639, 0.97722, 0.0)], [0.944121, 0.201027, -8.72684, 1.0)]])
0.944121, 0.201027, -8.72684
float3(-0.136817, -0.164879, -1.60577)
5588.4511665
normal
simd_float4x4([[-0.0965417, -0.987765, 0.122475, 0.0)], [0.986886, -0.0790017, 0.140767, 0.0)], [-0.129369, 0.134459, 0.982438, 0.0)], [0.958384, 0.194202, -8.89131, 1.0)]])
0.958384, 0.194202, -8.89131
float3(-0.134868, -0.130929, -1.65061)
5588.584485
normal
simd_float4x4([[-0.084737, -0.993671, 0.0737466, 0.0)], [0.986443, -0.073221, 0.146864, 0.0)], [-0.140535, 0.0851916, 0.986404, 0.0)], [0.967377, 0.19547, -9.04286, 1.0)]])
0.967377, 0.19547, -9.04286
float3(-0.085295, -0.141519, -1.64435)
5588.717803625
normal
simd_float4x4([[-0.0431926, -0.988781, 0.142991, 0.0)], [0.981674, -0.0154139, 0.189942, 0.0)], [-0.185607, 0.148575, 0.971327, 0.0)], [0.97267, 0.191828, -9.20897, 1.0)]])
0.97267, 0.191828, -9.20897
float3(-0.149127, -0.18881, -1.58638)
5588.851122333
normal
simd_float4x4([[-0.0318444, -0.985234, 0.168226, 0.0)], [0.982708, -0.000146633, 0.185163, 0.0)], [-0.182404, 0.171214, 0.968202, 0.0)], [0.989528, 0.176629, -9.37106, 1.0)]])
0.989528, 0.176629, -9.37106
float3(-0.172061, -0.186212, -1.57095)
5588.984440958
normal
simd_float4x4([[0.00472397, -0.991327, 0.131332, 0.0)], [0.979118, 0.0312771, 0.20087, 0.0)], [-0.203235, 0.12764, 0.970775, 0.0)], [1.0085, 0.14708, -9.53946, 1.0)]])
1.0085, 0.14708, -9.53946
float3(-0.12799, -0.206373, -1.53926)
5589.1177595
normal
simd_float4x4([[-0.0349464, -0.987139, 0.155999, 0.0)], [0.983534, -0.0062758, 0.180616, 0.0)], [-0.177314, 0.159742, 0.971104, 0.0)], [1.03877, 0.141255, -9.71753, 1.0)]])
1.03877, 0.141255, -9.71753
float3(-0.160429, -0.180601, -1.57715)
5589.251078041
normal
simd_float4x4([[-0.0727691, -0.973006, 0.219006, 0.0)], [0.979045, -0.0278134, 0.201737, 0.0)], [-0.1902, 0.229097, 0.954641, 0.0)], [1.06668, 0.156009, -9.89326, 1.0)]])
1.06668, 0.156009, -9.89326
float3(-0.231149, -0.196662, -1.59937)
5589.384396541
normal
simd_float4x4([[-0.0762176, -0.971323, 0.225216, 0.0)], [0.982675, -0.0349035, 0.182023, 0.0)], [-0.168942, 0.235187, 0.957155, 0.0)], [1.07362, 0.138034, -10.0647, 1.0)]])
1.07362, 0.138034, -10.0647
float3(-0.237411, -0.174705, -1.60671)
5589.517715333
normal
simd_float4x4([[-0.0492889, -0.983695, 0.17296, 0.0)], [0.980531, -0.0147009, 0.195815, 0.0)], [-0.190079, 0.179244, 0.965268, 0.0)], [1.0786, 0.128638, -10.2382, 1.0)]])
1.0786, 0.128638, -10.2382
float3(-0.180218, -0.194431, -1.58574)
5589.651034
normal
simd_float4x4([[-0.0672989, -0.979661, 0.189036, 0.0)], [0.969545, -0.0194953, 0.244136, 0.0)], [-0.235486, 0.199709, 0.951138, 0.0)], [1.10138, 0.13899, -10.408, 1.0)]])
1.10138, 0.13899, -10.408
float3(-0.201061, -0.242703, -1.59069)
5589.7843525
normal
simd_float4x4([[-0.0740878, -0.96503, 0.251453, 0.0)], [0.965904, -0.0067178, 0.258812, 0.0)], [-0.248072, 0.262054, 0.932624, 0.0)], [1.11633, 0.13616, -10.577, 1.0)]])
1.11633, 0.13616, -10.577
float3(-0.26515, -0.259974, -1.57776)
5589.91767125
normal
simd_float4x4([[-0.041023, -0.978241, 0.203374, 0.0)], [0.970417, 0.00946007, 0.241249, 0.0)], [-0.237923, 0.207254, 0.948914, 0.0)], [1.12689, 0.111171, -10.7466, 1.0)]])
1.12689, 0.111171, -10.7466
float3(-0.208767, -0.245668, -1.56113)
5590.050989708
normal
simd_float4x4([[-0.0270392, -0.985715, 0.166239, 0.0)], [0.978279, 0.00809785, 0.207136, 0.0)], [-0.205523, 0.168228, 0.964085, 0.0)], [1.14834, 0.104509, -10.9207, 1.0)]])
1.14834, 0.104509, -10.9207
float3(-0.169032, -0.210036, -1.56258)
5590.184308291
normal
simd_float4x4([[-0.0293492, -0.976278, 0.214522, 0.0)], [0.976801, 0.0175329, 0.21343, 0.0)], [-0.212128, 0.215809, 0.953115, 0.0)], [1.17784, 0.121565, -11.0939, 1.0)]])
1.17784, 0.121565, -11.0939
float3(-0.21752, -0.218994, -1.55284)
5590.317626958
normal
simd_float4x4([[-0.0532815, -0.966374, 0.251561, 0.0)], [0.98094, -0.00351049, 0.194281, 0.0)], [-0.186865, 0.257117, 0.948141, 0.0)], [1.20049, 0.118479, -11.231, 1.0)]])
1.20049, 0.118479, -11.231
float3(-0.260038, -0.194592, -1.57443)
5590.450945625
normal
simd_float4x4([[-0.0478231, -0.978178, 0.20219, 0.0)], [0.976558, -0.0032553, 0.215231, 0.0)], [-0.209876, 0.207744, 0.955403, 0.0)], [1.21565, 0.111764, -11.3751, 1.0)]])
1.21565, 0.111764, -11.3751
float3(-0.209268, -0.216238, -1.57412)
5590.584264333
normal
simd_float4x4([[-0.0397161, -0.986596, 0.158274, 0.0)], [0.960775, 0.00580411, 0.27727, 0.0)], [-0.274472, 0.163078, 0.947666, 0.0)], [1.23242, 0.12197, -11.5295, 1.0)]])
1.23242, 0.12197, -11.5295
float3(-0.163809, -0.281915, -1.56491)
5590.717583041
normal
simd_float4x4([[-0.0586432, -0.969609, 0.237525, 0.0)], [0.945934, 0.0220633, 0.323609, 0.0)], [-0.319015, 0.243661, 0.915892, 0.0)], [1.26388, 0.1266, -11.6637, 1.0)]])
1.26388, 0.1266, -11.6637
float3(-0.246139, -0.335169, -1.54805)
5590.850901583
normal
simd_float4x4([[-0.0821814, -0.970264, 0.227671, 0.0)], [0.94464, -0.00302424, 0.328094, 0.0)], [-0.317649, 0.24203, 0.916799, 0.0)], [1.29832, 0.115473, -11.7974, 1.0)]])
1.29832, 0.115473, -11.7974
float3(-0.244458, -0.333533, -1.57391)
5590.98422
normal
simd_float4x4([[-0.033905, -0.982349, 0.18396, 0.0)], [0.95113, 0.0248114, 0.307793, 0.0)], [-0.306924, 0.185406, 0.9335, 0.0)], [1.31108, 0.0999468, -11.9241, 1.0)]])
1.31108, 0.0999468, -11.9241
