ARKit Data
601834.059581083
normal
simd_float4x4([[-0.0368602, -0.992266, 0.118531, 0.0)], [0.99721, -0.0288189, 0.0688536, 0.0)], [-0.0649051, 0.120739, 0.99056, 0.0)], [0.0201158, -0.0389551, 0.0712129, 1.0)]])
0.0201158, -0.0389551, 0.0712129
float3(-0.121034, -0.0654301, -1.59983)
601834.259693166
normal
simd_float4x4([[-0.0323121, -0.991064, 0.129412, 0.0)], [0.997381, -0.0235907, 0.0683679, 0.0)], [-0.064704, 0.131282, 0.989231, 0.0)], [0.0187683, -0.038661, 0.0702019, 1.0)]])
0.0187683, -0.038661, 0.0702019
float3(-0.131662, -0.0653154, -1.5946)
601835.003771541
notAvailable
simd_float4x4([[-0.0251722, 0.0, 0.999683, 0.0)], [0.0, 1.0, 0.0, 0.0)], [-0.999683, 0.0, -0.0251722, 0.0)], [-0.00927797, -0.0797167, 0.00590259, 1.0)]])
-0.00927797, -0.0797167, 0.00590259
float3(-0.0, -1.59597, 0.0)
601835.220414583
limited(__ObjC.ARCamera.TrackingState.Reason.initializing)
simd_float4x4([[0.0118531, -0.989726, 0.142485, 0.0)], [0.999929, 0.0118963, -0.000548803, 0.0)], [-0.00115188, 0.142482, 0.989797, 0.0)], [0.0, 0.0, 0.0, 1.0)]])
0.0, 0.0, 0.0
float3(-0.142968, -0.00116375, -1.55878)
601835.437057291
limited(__ObjC.ARCamera.TrackingState.Reason.initializing)
simd_float4x4([[-0.0111238, -0.987783, 0.155424, 0.0)], [0.999854, -0.00897062, 0.0145482, 0.0)], [-0.0129763, 0.155563, 0.987739, 0.0)], [0.0, 0.0, 0.0, 1.0)]])
0.0, 0.0, 0.0
float3(-0.156198, -0.0131366, -1.57988)
601835.653700208
limited(__ObjC.ARCamera.TrackingState.Reason.initializing)
simd_float4x4([[-0.0126657, -0.989926, 0.140997, 0.0)], [0.999011, -0.0065181, 0.0439788, 0.0)], [-0.0426169, 0.141415, 0.98903, 0.0)], [0.0, 0.0, 0.0, 1.0)]])
0.0, 0.0, 0.0
float3(-0.14189, -0.043063, -1.57738)
601835.87034325
normal
simd_float4x4([[0.00303164, -0.990591, 0.136822, 0.0)], [0.997085, 0.0134258, 0.0751098, 0.0)], [-0.07624, 0.136196, 0.987744, 0.0)], [-0.0003528, 0.00192291, -0.000956293, 1.0)]])
-0.0003528, 0.00192291, -0.000956293
float3(-0.13662, -0.0770333, -1.55724)
601836.086986041
normal
simd_float4x4([[-0.015976, -0.9897, 0.142261, 0.0)], [0.991921, 0.00221997, 0.126837, 0.0)], [-0.125847, 0.143138, 0.981669, 0.0)], [0.0136458, 0.189843, 0.0523934, 1.0)]])
0.0136458, 0.189843, 0.0523934
float3(-0.143632, -0.127501, -1.56855)
601836.32029375
normal
simd_float4x4([[-0.0341067, -0.987383, 0.154633, 0.0)], [0.984345, -0.00641765, 0.176134, 0.0)], [-0.172919, 0.15822, 0.972145, 0.0)], [0.0261046, 0.239542, 0.0283981, 1.0)]])
0.0261046, 0.239542, 0.0283981
float3(-0.158887, -0.176033, -1.5773)
601836.553601416
normal
simd_float4x4([[-0.0313883, -0.990874, 0.131084, 0.0)], [0.979624, -0.00446899, 0.200791, 0.0)], [-0.198373, 0.134716, 0.970824, 0.0)], [0.0145528, 0.13056, 0.0166565, 1.0)]])
0.0145528, 0.13056, 0.0166565
float3(-0.135126, -0.20156, -1.57531)
601836.770244416
normal
simd_float4x4([[-0.0331357, -0.992135, 0.120707, 0.0)], [0.979027, -0.00792998, 0.203576, 0.0)], [-0.201018, 0.124921, 0.97159, 0.0)], [0.0105011, 0.145439, 0.0115986, 1.0)]])
0.0105011, 0.145439, 0.0115986
float3(-0.125248, -0.204018, -1.57879)
601837.003552125
normal
simd_float4x4([[-0.0320078, -0.992998, 0.113712, 0.0)], [0.979626, -0.0086, 0.200646, 0.0)], [-0.198263, 0.117818, 0.973042, 0.0)], [0.00365407, 0.144844, 0.00787335, 1.0)]])
0.00365407, 0.144844, 0.00787335
float3(-0.118092, -0.201004, -1.57946)
601837.220195166
normal
simd_float4x4([[-0.0288542, -0.993224, 0.112577, 0.0)], [0.979307, -0.00551947, 0.202306, 0.0)], [-0.200313, 0.116085, 0.97283, 0.0)], [-0.00077002, 0.136323, 0.00400766, 1.0)]])
-0.00077002, 0.136323, 0.00400766
float3(-0.116348, -0.20307, -1.57635)
601837.470167833
normal
simd_float4x4([[-0.0289557, -0.993224, 0.112554, 0.0)], [0.979232, -0.00558099, 0.202668, 0.0)], [-0.200666, 0.116085, 0.972758, 0.0)], [-0.000105327, 0.122154, -0.00084187, 1.0)]])
-0.000105327, 0.122154, -0.00084187
float3(-0.116348, -0.203432, -1.57642)
601837.703475666
normal
simd_float4x4([[-0.0277632, -0.993486, 0.110522, 0.0)], [0.977244, -0.00371525, 0.212088, 0.0)], [-0.210295, 0.113895, 0.970981, 0.0)], [0.00422204, 0.117818, -0.000530679, 1.0)]])
0.00422204, 0.117818, -0.000530679
float3(-0.114143, -0.213286, -1.57454)
601837.936783458
normal
simd_float4x4([[-0.0264278, -0.993789, 0.108099, 0.0)], [0.974581, -0.00154837, 0.224029, 0.0)], [-0.22247, 0.111272, 0.968569, 0.0)], [0.00715464, 0.114075, -0.000518883, 1.0)]])
0.00715464, 0.114075, -0.000518883
float3(-0.111503, -0.225773, -1.57235)
601838.170091375
normal
simd_float4x4([[-0.023364, -0.99411, 0.105826, 0.0)], [0.973005, 0.00169917, 0.230778, 0.0)], [-0.229599, 0.108361, 0.967234, 0.0)], [0.00834182, 0.108657, -0.00998171, 1.0)]])
0.00834182, 0.108657, -0.00998171
float3(-0.108575, -0.233063, -1.56909)
601838.386734291
normal
simd_float4x4([[-0.0214438, -0.994286, 0.104576, 0.0)], [0.971273, 0.00407756, 0.237933, 0.0)], [-0.237, 0.106674, 0.965635, 0.0)], [0.00670953, 0.115999, -0.00597976, 1.0)]])
0.00670953, 0.115999, -0.00597976
float3(-0.106877, -0.240677, -1.5667)
601838.620042375
normal
simd_float4x4([[-0.0183163, -0.994444, 0.103663, 0.0)], [0.968722, 0.00801157, 0.24802, 0.0)], [-0.247473, 0.104963, 0.963193, 0.0)], [0.00885842, 0.108809, -0.00447287, 1.0)]])
0.00885842, 0.108809, -0.00447287
float3(-0.105157, -0.25149, -1.56274)
601838.853350291
normal
simd_float4x4([[-0.017033, -0.994476, 0.103573, 0.0)], [0.966935, 0.00997863, 0.254829, 0.0)], [-0.254454, 0.104488, 0.961424, 0.0)], [0.00809153, 0.10463, -0.00325336, 1.0)]])
0.00809153, 0.10463, -0.00325336
float3(-0.10468, -0.258732, -1.56076)
601839.086658208
limited(__ObjC.ARCamera.TrackingState.Reason.insufficientFeatures)
simd_float4x4([[-0.0164406, -0.994299, 0.105351, 0.0)], [0.965931, 0.0114229, 0.258547, 0.0)], [-0.258276, 0.106013, 0.960237, 0.0)], [0.0107453, 0.0931533, -0.00516576, 1.0)]])
0.0107453, 0.0931533, -0.00516576
float3(-0.106212, -0.262753, -1.55931)
601839.303301333
limited(__ObjC.ARCamera.TrackingState.Reason.insufficientFeatures)
simd_float4x4([[-0.0174231, -0.994268, 0.10549, 0.0)], [0.965135, 0.0108351, 0.261527, 0.0)], [-0.261171, 0.106369, 0.959414, 0.0)], [0.0154888, 0.0795509, -0.00712479, 1.0)]])
0.0154888, 0.0795509, -0.00712479
float3(-0.106571, -0.265779, -1.5599)
601839.553274041
limited(__ObjC.ARCamera.TrackingState.Reason.insufficientFeatures)
simd_float4x4([[-0.0190654, -0.994162, 0.1062, 0.0)], [0.963442, 0.0101232, 0.267726, 0.0)], [-0.267239, 0.107422, 0.957624, 0.0)], [0.0236232, 0.0598906, -0.0102833, 1.0)]])
0.0236232, 0.0598906, -0.0102833
float3(-0.107629, -0.272141, -1.56061)
601839.769917
limited(__ObjC.ARCamera.TrackingState.Reason.insufficientFeatures)
simd_float4x4([[0.0115769, -0.994211, 0.106816, 0.0)], [0.999833, 0.00999493, -0.0153334, 0.0)], [0.014177, 0.106975, 0.994161, 0.0)], [0.00171717, -0.0516499, 0.000630577, 1.0)]])
0.00171717, -0.0516499, 0.000630577
float3(-0.107181, 0.0142593, -1.56074)
601840.003225166
limited(__ObjC.ARCamera.TrackingState.Reason.insufficientFeatures)
simd_float4x4([[0.00865345, -0.994358, 0.105725, 0.0)], [0.999833, 0.00690052, -0.0169347, 0.0)], [0.0161096, 0.105854, 0.994251, 0.0)], [0.00150415, -0.0519653, 0.0012514, 1.0)]])
0.00150415, -0.0519653, 0.0012514
float3(-0.106052, 0.0162013, -1.56386)
601840.219868208
limited(__ObjC.ARCamera.TrackingState.Reason.insufficientFeatures)
simd_float4x4([[0.00773766, -0.994333, 0.106025, 0.0)], [0.99984, 0.00598509, -0.016838, 0.0)], [0.0161081, 0.106138, 0.994221, 0.0)], [0.000184398, -0.0514905, 0.00324245, 1.0)]])
0.000184398, -0.0514905, 0.00324245
float3(-0.106338, 0.0162003, -1.56478)
601840.45317625
normal
simd_float4x4([[0.0066155, -0.994338, 0.106061, 0.0)], [0.999806, 0.0046102, -0.0191411, 0.0)], [0.0185438, 0.106167, 0.994175, 0.0)], [0.000446905, -0.0527805, 0.00360663, 1.0)]])
0.000446905, -0.0527805, 0.00360663
float3(-0.106367, 0.0186502, -1.56616)
601840.68648425
normal
simd_float4x4([[0.0060274, -0.994488, 0.104678, 0.0)], [0.999842, 0.00424228, -0.0172677, 0.0)], [0.0167284, 0.104766, 0.994356, 0.0)], [0.000787466, -0.0536114, 0.00310911, 1.0)]])
0.000787466, -0.0536114, 0.00310911
float3(-0.104958, 0.0168218, -1.56653)
601840.919792166
normal
simd_float4x4([[0.00844363, -0.994431, 0.105053, 0.0)], [0.999811, 0.00655326, -0.0183267, 0.0)], [0.0175362, 0.105188, 0.994298, 0.0)], [-0.000165183, -0.053105, 0.00325738, 1.0)]])
-0.000165183, -0.053105, 0.00325738
float3(-0.105383, 0.0176349, -1.56421)
601841.136435458
normal
simd_float4x4([[0.00812137, -0.994364, 0.105708, 0.0)], [0.999766, 0.00595488, -0.0207945, 0.0)], [0.0200478, 0.105852, 0.99418, 0.0)], [-0.00024979, -0.0533605, 0.00242602, 1.0)]])
-0.00024979, -0.0533605, 0.00242602
float3(-0.106051, 0.0201625, -1.56481)
601841.353078791
normal
simd_float4x4([[0.00753993, -0.994445, 0.10499, 0.0)], [0.999788, 0.00548538, -0.0198441, 0.0)], [0.019158, 0.105117, 0.994275, 0.0)], [-3.44706e-05, -0.0533868, 0.00275709, 1.0)]])
-3.44706e-05, -0.0533868, 0.00275709
float3(-0.105312, 0.0192659, -1.56528)
601841.586386875
normal
simd_float4x4([[0.00904003, -0.994584, 0.103542, 0.0)], [0.999796, 0.00712193, -0.0188796, 0.0)], [0.0180399, 0.103692, 0.994446, 0.0)], [-0.000413771, -0.0529704, 0.0032747, 1.0)]])
-0.000413771, -0.0529704, 0.0032747
float3(-0.103879, 0.0181387, -1.56364)
601841.803029916
normal
simd_float4x4([[0.00968753, -0.994687, 0.102486, 0.0)], [0.999751, 0.00757525, -0.0209795, 0.0)], [0.0200917, 0.102664, 0.994513, 0.0)], [-0.000376399, -0.0530305, 0.00469902, 1.0)]])
-0.000376399, -0.0530305, 0.00469902
float3(-0.102845, 0.0201998, -1.56318)
601842.01967325
normal
simd_float4x4([[0.0110955, -0.994632, 0.102881, 0.0)], [0.999763, 0.00910581, -0.019789, 0.0)], [0.018746, 0.103076, 0.994497, 0.0)], [-0.000557276, -0.0531098, 0.00513415, 1.0)]])
-0.000557276, -0.0531098, 0.00513415
float3(-0.10326, 0.0188475, -1.56164)
601842.236316625
normal
simd_float4x4([[0.0121934, -0.994668, 0.102402, 0.0)], [0.999797, 0.0104868, -0.0171873, 0.0)], [0.0160218, 0.102591, 0.994595, 0.0)], [-0.000270035, -0.0529131, 0.00580747, 1.0)]])
-0.000270035, -0.0529131, 0.00580747
float3(-0.102772, 0.0161074, -1.56025)
601842.469624791
normal
simd_float4x4([[0.0120096, -0.994709, 0.102031, 0.0)], [0.999796, 0.0102879, -0.0173837, 0.0)], [0.0162421, 0.102219, 0.994629, 0.0)], [-0.000685188, -0.0530004, 0.00524615, 1.0)]])
-0.000685188, -0.0530004, 0.00524615
float3(-0.102397, 0.0163283, -1.56045)
601842.686268166
normal
simd_float4x4([[0.00959418, -0.994811, 0.101288, 0.0)], [0.999773, 0.00761358, -0.0199225, 0.0)], [0.019048, 0.101457, 0.994658, 0.0)], [-0.00058148, -0.052862, 0.00508438, 1.0)]])
-0.00058148, -0.052862, 0.00508438
float3(-0.101631, 0.019148, -1.56314)
601842.902911291
normal
simd_float4x4([[0.00883592, -0.994905, 0.100429, 0.0)], [0.999767, 0.00681059, -0.0204916, 0.0)], [0.0197032, 0.100587, 0.994733, 0.0)], [-0.00105117, -0.0530591, 0.00549338, 1.0)]])
-0.00105117, -0.0530591, 0.00549338
float3(-0.100758, 0.019805, -1.56395)
