ARKit Data
33.5417615
limited(__ObjC.ARCamera.TrackingState.Reason.initializing)
simd_float4x4([[0.0280444, -0.562745, 0.826154, 0.0)], [0.999461, 0.00168628, -0.0327788, 0.0)], [0.017053, 0.826628, 0.562489, 0.0)], [0.0, 0.0, 0.0, 1.0)]])
0.0, 0.0, 0.0
float3(-0.97309, 0.0303077, -1.5678)
100.682
33.7418735
limited(__ObjC.ARCamera.TrackingState.Reason.initializing)
simd_float4x4([[0.062244, -0.560687, 0.825684, 0.0)], [0.995785, 0.0907285, -0.0134569, 0.0)], [-0.067368, 0.823042, 0.563971, 0.0)], [0.0, 0.0, 0.0, 1.0)]])
0.0, 0.0, 0.0
float3(-0.966746, -0.11889, -1.41037)
100.682
33.941985291
limited(__ObjC.ARCamera.TrackingState.Reason.initializing)
simd_float4x4([[0.0971155, -0.581894, 0.807445, 0.0)], [0.992947, 0.11208, -0.038655, 0.0)], [-0.0680052, 0.805504, 0.588674, 0.0)], [0.0, 0.0, 0.0, 1.0)]])
0.0, 0.0, 0.0
float3(-0.936526, -0.115013, -1.38051)
100.682
34.657075833
notAvailable
simd_float4x4([[1.0, 0.0, 0.0, 0.0)], [0.0, 1.0, 0.0, 0.0)], [0.0, 0.0, 1.0, 0.0)], [0.0, 0.0, 0.0, 1.0)]])
0.0, 0.0, 0.0
float3(-0.0, 0.0, 0.0)
100.682
34.857154083
limited(__ObjC.ARCamera.TrackingState.Reason.initializing)
simd_float4x4([[0.0813888, -0.601162, 0.794972, 0.0)], [0.99664, 0.0417438, -0.0704686, 0.0)], [0.00917794, 0.798036, 0.60254, 0.0)], [0.0, 0.0, 0.0, 1.0)]])
0.0, 0.0, 0.0
float3(-0.924029, 0.0152309, -1.50147)
100.682
35.057266041
limited(__ObjC.ARCamera.TrackingState.Reason.initializing)
simd_float4x4([[0.084541, -0.560565, 0.823784, 0.0)], [0.996419, 0.0486454, -0.0691558, 0.0)], [-0.00130694, 0.82668, 0.56267, 0.0)], [0.0, 0.0, 0.0, 1.0)]])
0.0, 0.0, 0.0
float3(-0.973182, -0.00232273, -1.48423)
100.682
35.257378083
limited(__ObjC.ARCamera.TrackingState.Reason.initializing)
simd_float4x4([[0.0170148, -0.596676, 0.802302, 0.0)], [0.997175, 0.0688444, 0.0300524, 0.0)], [-0.0731655, 0.799524, 0.596162, 0.0)], [0.0, 0.0, 0.0, 1.0)]])
0.0, 0.0, 0.0
float3(-0.926502, -0.122117, -1.45592)
100.682
35.457489958
limited(__ObjC.ARCamera.TrackingState.Reason.initializing)
simd_float4x4([[-0.0678798, -0.614903, 0.785676, 0.0)], [0.993379, 0.0315058, 0.110482, 0.0)], [-0.0926892, 0.787973, 0.608692, 0.0)], [0.0, 0.0, 0.0, 1.0)]])
0.0, 0.0, 0.0
float3(-0.907511, -0.151115, -1.5196)
100.682
35.690954083
limited(__ObjC.ARCamera.TrackingState.Reason.initializing)
simd_float4x4([[-0.0341549, -0.569988, 0.820942, 0.0)], [0.999269, -0.00536217, 0.0378511, 0.0)], [-0.0171727, 0.821635, 0.569755, 0.0)], [0.0, 0.0, 0.0, 1.0)]])
0.0, 0.0, 0.0
float3(-0.964274, -0.0301314, -1.5802)
100.682
35.907742208
limited(__ObjC.ARCamera.TrackingState.Reason.initializing)
simd_float4x4([[-0.0117235, -0.58816, 0.808659, 0.0)], [0.999611, -0.0273725, -0.00541695, 0.0)], [0.025321, 0.80828, 0.588252, 0.0)], [0.0, 0.0, 0.0, 1.0)]])
0.0, 0.0, 0.0
float3(-0.941226, 0.0430178, -1.6173)
100.682
36.107854291
limited(__ObjC.ARCamera.TrackingState.Reason.initializing)
simd_float4x4([[-2.83881e-05, -0.57442, 0.81856, 0.0)], [0.99965, 0.0216254, 0.0152102, 0.0)], [-0.0264388, 0.818275, 0.574218, 0.0)], [0.0, 0.0, 0.0, 1.0)]])
0.0, 0.0, 0.0
float3(-0.958403, -0.0460107, -1.53317)
100.682
36.341318458
limited(__ObjC.ARCamera.TrackingState.Reason.initializing)
simd_float4x4([[-0.0106876, -0.606088, 0.795325, 0.0)], [0.997638, 0.0475154, 0.0496163, 0.0)], [-0.0678622, 0.793976, 0.604149, 0.0)], [0.0, 0.0, 0.0, 1.0)]])
0.0, 0.0, 0.0
float3(-0.917321, -0.111858, -1.49256)
100.682
36.558106541
limited(__ObjC.ARCamera.TrackingState.Reason.initializing)
simd_float4x4([[-0.0952599, -0.620096, 0.778721, 0.0)], [0.993765, -0.0137037, 0.110654, 0.0)], [-0.0579449, 0.784406, 0.617534, 0.0)], [0.0, 0.0, 0.0, 1.0)]])
0.0, 0.0, 0.0
float3(-0.901738, -0.0935587, -1.59289)
100.682
36.774894708
limited(__ObjC.ARCamera.TrackingState.Reason.initializing)
simd_float4x4([[-0.19029, -0.662147, 0.72481, 0.0)], [0.978477, -0.0678871, 0.194869, 0.0)], [-0.0798275, 0.746292, 0.660814, 0.0)], [0.0, 0.0, 0.0, 1.0)]])
0.0, 0.0, 0.0
float3(-0.842473, -0.120219, -1.67297)
100.682
36.991682958
limited(__ObjC.ARCamera.TrackingState.Reason.initializing)
simd_float4x4([[-0.116458, -0.594772, 0.795414, 0.0)], [0.992986, -0.0532548, 0.105563, 0.0)], [-0.0204266, 0.802128, 0.596802, 0.0)], [0.0, 0.0, 0.0, 1.0)]])
0.0, 0.0, 0.0
float3(-0.93085, -0.0342135, -1.6601)
100.682
37.19179525
limited(__ObjC.ARCamera.TrackingState.Reason.initializing)
simd_float4x4([[-0.0922938, -0.685459, 0.722237, 0.0)], [0.995481, -0.0472449, 0.0823722, 0.0)], [-0.0223411, 0.726575, 0.686722, 0.0)], [0.0, 0.0, 0.0, 1.0)]])
0.0, 0.0, 0.0
float3(-0.813324, -0.0325215, -1.63961)
100.682
37.3919075
limited(__ObjC.ARCamera.TrackingState.Reason.initializing)
simd_float4x4([[-0.00577671, -0.65898, 0.752138, 0.0)], [0.999569, 0.0178352, 0.0233033, 0.0)], [-0.028771, 0.751948, 0.658593, 0.0)], [0.0, 0.0, 0.0, 1.0)]])
0.0, 0.0, 0.0
float3(-0.851013, -0.0436578, -1.54374)
100.682
37.592019583
limited(__ObjC.ARCamera.TrackingState.Reason.excessiveMotion)
simd_float4x4([[-0.0262102, -0.6322, 0.774362, 0.0)], [0.999575, -0.0264506, 0.0122385, 0.0)], [0.0127451, 0.774353, 0.632625, 0.0)], [0.00250413, 0.00247967, -0.00534035, 1.0)]])
0.00250413, 0.00247967, -0.00534035
float3(-0.885693, 0.0201437, -1.61261)
100.682
37.792132208
limited(__ObjC.ARCamera.TrackingState.Reason.excessiveMotion)
simd_float4x4([[-0.0591437, -0.657027, 0.751543, 0.0)], [0.997885, -0.0592555, 0.0267266, 0.0)], [0.026973, 0.751534, 0.659142, 0.0)], [0.0360952, 0.0386762, -0.00816866, 1.0)]])
0.0360952, 0.0386762, -0.00816866
float3(-0.850385, 0.0408986, -1.66074)
100.682
37.992244583
limited(__ObjC.ARCamera.TrackingState.Reason.excessiveMotion)
simd_float4x4([[-0.212146, -0.670155, 0.711257, 0.0)], [0.976757, -0.122573, 0.175847, 0.0)], [-0.0306642, 0.73203, 0.680581, 0.0)], [0.145984, 0.0865217, 0.0492219, 1.0)]])
0.145984, 0.0865217, 0.0492219
float3(-0.821298, -0.0450254, -1.7517)
100.682
38.209032708
limited(__ObjC.ARCamera.TrackingState.Reason.excessiveMotion)
simd_float4x4([[-0.267586, -0.575776, 0.77258, 0.0)], [0.961611, -0.210211, 0.176394, 0.0)], [0.0608417, 0.790122, 0.609922, 0.0)], [0.310811, 0.072424, -0.0441437, 1.0)]])
0.310811, 0.072424, -0.0441437
float3(-0.911009, 0.0994243, -1.92085)
100.682
38.409145333
normal
simd_float4x4([[-0.1843, -0.530983, 0.827098, 0.0)], [0.981362, -0.146016, 0.124934, 0.0)], [0.0544318, 0.834708, 0.547997, 0.0)], [0.544588, 0.146581, -0.520344, 1.0)]])
0.544588, 0.146581, -0.520344
float3(-0.987602, 0.0990039, -1.83916)
100.682
38.609257625
normal
simd_float4x4([[-0.168401, -0.552971, 0.816005, 0.0)], [0.985102, -0.123681, 0.119484, 0.0)], [0.0348533, 0.82397, 0.565561, 0.0)], [0.824353, 0.124508, -0.867641, 1.0)]])
0.824353, 0.124508, -0.867641
float3(-0.968382, 0.0615483, -1.79084)
100.682
38.809370041
normal
simd_float4x4([[-0.0813389, -0.561886, 0.823206, 0.0)], [0.995712, -0.00929093, 0.0920422, 0.0)], [-0.0440689, 0.827162, 0.560233, 0.0)], [0.512592, -0.31328, -1.69005, 1.0)]])
0.512592, -0.31328, -1.69005
float3(-0.974039, -0.0785002, -1.58733)
100.682
39.026158541
limited(__ObjC.ARCamera.TrackingState.Reason.excessiveMotion)
simd_float4x4([[-0.0461215, -0.590065, 0.806037, 0.0)], [0.994664, 0.0474173, 0.0916269, 0.0)], [-0.0922859, 0.805962, 0.584729, 0.0)], [0.542055, -0.314196, -2.05595, 1.0)]])
0.542055, -0.314196, -2.05595
float3(-0.937299, -0.156535, -1.49061)
100.682
39.226271166
normal
simd_float4x4([[-0.083049, -0.589011, 0.803846, 0.0)], [0.991114, 0.0352847, 0.128251, 0.0)], [-0.103905, 0.807354, 0.580847, 0.0)], [0.626568, -0.22193, -2.08777, 1.0)]])
0.626568, -0.22193, -2.08777
float3(-0.939654, -0.177013, -1.51096)
100.682
39.443059583
normal
simd_float4x4([[-0.0111043, -0.565444, 0.824712, 0.0)], [0.998812, 0.0328597, 0.035978, 0.0)], [-0.0474433, 0.824132, 0.564407, 0.0)], [0.771171, -0.238784, -2.27072, 1.0)]])
0.771171, -0.238784, -2.27072
float3(-0.968668, -0.0838615, -1.51275)
100.682
39.643172291
normal
simd_float4x4([[0.00573355, -0.630218, 0.776397, 0.0)], [0.999922, 0.0122532, 0.00256199, 0.0)], [-0.0111279, 0.776321, 0.630239, 0.0)], [0.917032, -0.185946, -2.37872, 1.0)]])
0.917032, -0.185946, -2.37872
float3(-0.888809, -0.0176549, -1.55136)
100.682
39.859960833
normal
simd_float4x4([[0.0932615, -0.629739, 0.771188, 0.0)], [0.994915, 0.0885351, -0.048021, 0.0)], [-0.0380365, 0.771745, 0.634793, 0.0)], [1.01679, -0.164029, -2.49441, 1.0)]])
1.01679, -0.164029, -2.49441
float3(-0.881581, -0.0598479, -1.43112)
100.682
40.076749333
normal
simd_float4x4([[0.064884, -0.67586, 0.734169, 0.0)], [0.997312, 0.0690168, -0.0246045, 0.0)], [-0.0340408, 0.733792, 0.678521, 0.0)], [1.11263, -0.163137, -2.62941, 1.0)]])
1.11263, -0.163137, -2.62941
float3(-0.823887, -0.0501271, -1.46903)
100.682
40.276862
normal
simd_float4x4([[0.00949252, -0.688515, 0.72516, 0.0)], [0.997946, 0.0524706, 0.0367558, 0.0)], [-0.0633565, 0.723321, 0.687599, 0.0)], [1.21129, -0.123153, -2.78309, 1.0)]])
1.21129, -0.123153, -2.78309
float3(-0.8086, -0.0918821, -1.49474)
100.682
40.493650791
normal
simd_float4x4([[0.0491423, -0.880724, 0.471073, 0.0)], [0.99642, 0.0107478, -0.0838521, 0.0)], [0.0687876, 0.473507, 0.8781, 0.0)], [1.27353, -0.0532574, -2.91908, 1.0)]])
1.27353, -0.0532574, -2.91908
float3(-0.493268, 0.0781772, -1.55859)
100.682
40.710439541
normal
simd_float4x4([[0.183456, -0.907034, 0.37899, 0.0)], [0.969517, 0.103247, -0.222208, 0.0)], [0.162421, 0.408202, 0.898326, 0.0)], [1.32784, -0.00876436, -3.06867, 1.0)]])
1.32784, -0.00876436, -3.06867
float3(-0.420484, 0.178871, -1.45745)
100.682
40.927228375
normal
simd_float4x4([[0.160144, -0.909704, 0.383136, 0.0)], [0.983205, 0.112589, -0.143636, 0.0)], [0.08753, 0.399704, 0.912456, 0.0)], [1.46324, 0.0193126, -3.23645, 1.0)]])
1.46324, 0.0193126, -3.23645
float3(-0.411194, 0.0956353, -1.44766)
100.682
41.127340958
normal
simd_float4x4([[0.212638, -0.948007, 0.236786, 0.0)], [0.895511, 0.0921121, -0.435402, 0.0)], [0.390953, 0.304628, 0.868537, 0.0)], [1.51052, 0.00360199, -3.41746, 1.0)]])
1.51052, 0.00360199, -3.41746
float3(-0.309548, 0.42296, -1.47394)
100.682
41.327453708
normal
simd_float4x4([[0.113694, -0.993212, -0.024577, 0.0)], [0.57418, 0.0858746, -0.814213, 0.0)], [0.810797, 0.0784596, 0.580045, 0.0)], [1.46743, 0.0492476, -3.59816, 1.0)]])
1.46743, 0.0492476, -3.59816
float3(-0.0785403, 0.949808, -1.48455)
100.682
41.527566416
normal
simd_float4x4([[0.0580822, -0.996584, -0.0586997, 0.0)], [0.48071, 0.0794529, -0.873272, 0.0)], [0.874954, 0.022504, 0.483683, 0.0)], [1.47859, 0.097174, -3.78156, 1.0)]])
1.47859, 0.097174, -3.78156
float3(-0.0225059, 1.0658, -1.49124)
100.682
41.727679333
normal
simd_float4x4([[0.0902721, -0.990749, -0.101331, 0.0)], [0.380024, 0.128315, -0.916033, 0.0)], [0.920561, 0.044184, 0.388091, 0.0)], [1.52714, 0.11123, -3.96481, 1.0)]])
1.52714, 0.11123, -3.96481
float3(-0.0441984, 1.17183, -1.442)
100.682
41.927792083
limited(__ObjC.ARCamera.TrackingState.Reason.insufficientFeatures)
simd_float4x4([[0.0852422, -0.987467, -0.132823, 0.0)], [0.181842, 0.146488, -0.972355, 0.0)], [0.979626, 0.0587328, 0.19205, 0.0)], [1.59243, 0.0974398, -4.14941, 1.0)]])
1.59243, 0.0974398, -4.14941
float3(-0.0587666, 1.37721, -1.42352)
100.682
42.127904958
limited(__ObjC.ARCamera.TrackingState.Reason.insufficientFeatures)
simd_float4x4([[0.114642, -0.985626, -0.124093, 0.0)], [0.17071, 0.142604, -0.974947, 0.0)], [0.978629, 0.0905855, 0.184605, 0.0)], [1.65906, 0.0845221, -4.33021, 1.0)]])
1.65906, 0.0845221, -4.33021
float3(-0.0907098, 1.38435, -1.42711)
100.682
42.328017791
limited(__ObjC.ARCamera.TrackingState.Reason.insufficientFeatures)
simd_float4x4([[0.137842, -0.983551, -0.116738, 0.0)], [0.215047, 0.144771, -0.965814, 0.0)], [0.966827, 0.108026, 0.231465, 0.0)], [1.73165, 0.0289765, -4.53676, 1.0)]])
1.73165, 0.0289765, -4.53676
float3(-0.108237, 1.33581, -1.42465)
100.682
42.544806708
limited(__ObjC.ARCamera.TrackingState.Reason.insufficientFeatures)
simd_float4x4([[0.127737, -0.991588, -0.0209029, 0.0)], [0.551481, 0.0885276, -0.829476, 0.0)], [0.824349, 0.0944269, 0.55815, 0.0)], [1.85003, -0.0330052, -4.82017, 1.0)]])
1.85003, -0.0330052, -4.82017
float3(-0.0945678, 0.975619, -1.48175)
100.682
42.744919708
limited(__ObjC.ARCamera.TrackingState.Reason.insufficientFeatures)
simd_float4x4([[0.153942, -0.972443, 0.175088, 0.0)], [0.837619, 0.0344415, -0.545168, 0.0)], [0.524114, 0.230581, 0.819839, 0.0)], [2.00319, -0.0708878, -5.09791, 1.0)]])
2.00319, -0.0708878, -5.09791
float3(-0.232675, 0.568809, -1.53539)
100.682
42.961708458
limited(__ObjC.ARCamera.TrackingState.Reason.insufficientFeatures)
simd_float4x4([[0.153942, -0.972443, 0.175088, 0.0)], [0.837619, 0.0344415, -0.545168, 0.0)], [0.524114, 0.230581, 0.819839, 0.0)], [2.00319, -0.0708878, -5.09791, 1.0)]])
2.00319, -0.0708878, -5.09791
float3(-0.232675, 0.568809, -1.53539)
100.681
43.161821416
limited(__ObjC.ARCamera.TrackingState.Reason.insufficientFeatures)
simd_float4x4([[0.153942, -0.972443, 0.175088, 0.0)], [0.837619, 0.0344415, -0.545168, 0.0)], [0.524114, 0.230581, 0.819839, 0.0)], [2.00319, -0.0708878, -5.09791, 1.0)]])
2.00319, -0.0708878, -5.09791
float3(-0.232675, 0.568809, -1.53539)
100.681
43.378610416
limited(__ObjC.ARCamera.TrackingState.Reason.insufficientFeatures)
simd_float4x4([[0.153942, -0.972443, 0.175088, 0.0)], [0.837619, 0.0344415, -0.545168, 0.0)], [0.524114, 0.230581, 0.819839, 0.0)], [2.00319, -0.0708878, -5.09791, 1.0)]])
2.00319, -0.0708878, -5.09791
float3(-0.232675, 0.568809, -1.53539)
100.681
43.595399375
limited(__ObjC.ARCamera.TrackingState.Reason.insufficientFeatures)
simd_float4x4([[0.153942, -0.972443, 0.175088, 0.0)], [0.837619, 0.0344415, -0.545168, 0.0)], [0.524114, 0.230581, 0.819839, 0.0)], [2.00319, -0.0708878, -5.09791, 1.0)]])
2.00319, -0.0708878, -5.09791
float3(-0.232675, 0.568809, -1.53539)
100.681
43.812188333
limited(__ObjC.ARCamera.TrackingState.Reason.insufficientFeatures)
simd_float4x4([[0.153942, -0.972443, 0.175088, 0.0)], [0.837619, 0.0344415, -0.545168, 0.0)], [0.524114, 0.230581, 0.819839, 0.0)], [2.00319, -0.0708878, -5.09791, 1.0)]])
2.00319, -0.0708878, -5.09791
float3(-0.232675, 0.568809, -1.53539)
100.681
44.028977375
limited(__ObjC.ARCamera.TrackingState.Reason.insufficientFeatures)
simd_float4x4([[0.153942, -0.972443, 0.175088, 0.0)], [0.837619, 0.0344415, -0.545168, 0.0)], [0.524114, 0.230581, 0.819839, 0.0)], [2.00319, -0.0708878, -5.09791, 1.0)]])
2.00319, -0.0708878, -5.09791
float3(-0.232675, 0.568809, -1.53539)
100.681
44.245766541
limited(__ObjC.ARCamera.TrackingState.Reason.insufficientFeatures)
simd_float4x4([[0.153942, -0.972443, 0.175088, 0.0)], [0.837619, 0.0344415, -0.545168, 0.0)], [0.524114, 0.230581, 0.819839, 0.0)], [2.00319, -0.0708878, -5.09791, 1.0)]])
2.00319, -0.0708878, -5.09791
float3(-0.232675, 0.568809, -1.53539)
100.681
44.462555625
limited(__ObjC.ARCamera.TrackingState.Reason.insufficientFeatures)
simd_float4x4([[0.153942, -0.972443, 0.175088, 0.0)], [0.837619, 0.0344415, -0.545168, 0.0)], [0.524114, 0.230581, 0.819839, 0.0)], [2.00319, -0.0708878, -5.09791, 1.0)]])
2.00319, -0.0708878, -5.09791
float3(-0.232675, 0.568809, -1.53539)
100.681
44.662668541
limited(__ObjC.ARCamera.TrackingState.Reason.insufficientFeatures)
simd_float4x4([[0.153942, -0.972443, 0.175088, 0.0)], [0.837619, 0.0344415, -0.545168, 0.0)], [0.524114, 0.230581, 0.819839, 0.0)], [2.00319, -0.0708878, -5.09791, 1.0)]])
2.00319, -0.0708878, -5.09791
float3(-0.232675, 0.568809, -1.53539)
100.681
44.862781625
limited(__ObjC.ARCamera.TrackingState.Reason.insufficientFeatures)
simd_float4x4([[0.153942, -0.972443, 0.175088, 0.0)], [0.837619, 0.0344415, -0.545168, 0.0)], [0.524114, 0.230581, 0.819839, 0.0)], [2.00319, -0.0708878, -5.09791, 1.0)]])
2.00319, -0.0708878, -5.09791
float3(-0.232675, 0.568809, -1.53539)
100.681
45.062894583
limited(__ObjC.ARCamera.TrackingState.Reason.insufficientFeatures)
simd_float4x4([[0.153942, -0.972443, 0.175088, 0.0)], [0.837619, 0.0344415, -0.545168, 0.0)], [0.524114, 0.230581, 0.819839, 0.0)], [2.00319, -0.0708878, -5.09791, 1.0)]])
2.00319, -0.0708878, -5.09791
float3(-0.232675, 0.568809, -1.53539)
100.681
45.263007666
limited(__ObjC.ARCamera.TrackingState.Reason.insufficientFeatures)
simd_float4x4([[0.153942, -0.972443, 0.175088, 0.0)], [0.837619, 0.0344415, -0.545168, 0.0)], [0.524114, 0.230581, 0.819839, 0.0)], [2.00319, -0.0708878, -5.09791, 1.0)]])
2.00319, -0.0708878, -5.09791
float3(-0.232675, 0.568809, -1.53539)
100.681
45.463120708
limited(__ObjC.ARCamera.TrackingState.Reason.insufficientFeatures)
simd_float4x4([[0.153942, -0.972443, 0.175088, 0.0)], [0.837619, 0.0344415, -0.545168, 0.0)], [0.524114, 0.230581, 0.819839, 0.0)], [2.00319, -0.0708878, -5.09791, 1.0)]])
2.00319, -0.0708878, -5.09791
float3(-0.232675, 0.568809, -1.53539)
100.681
45.679909833
limited(__ObjC.ARCamera.TrackingState.Reason.insufficientFeatures)
simd_float4x4([[0.153942, -0.972443, 0.175088, 0.0)], [0.837619, 0.0344415, -0.545168, 0.0)], [0.524114, 0.230581, 0.819839, 0.0)], [2.00319, -0.0708878, -5.09791, 1.0)]])
2.00319, -0.0708878, -5.09791
float3(-0.232675, 0.568809, -1.53539)
100.681
45.896698958
limited(__ObjC.ARCamera.TrackingState.Reason.insufficientFeatures)
simd_float4x4([[0.153942, -0.972443, 0.175088, 0.0)], [0.837619, 0.0344415, -0.545168, 0.0)], [0.524114, 0.230581, 0.819839, 0.0)], [2.00319, -0.0708878, -5.09791, 1.0)]])
2.00319, -0.0708878, -5.09791
float3(-0.232675, 0.568809, -1.53539)
100.681
46.096812041
limited(__ObjC.ARCamera.TrackingState.Reason.insufficientFeatures)
simd_float4x4([[0.153942, -0.972443, 0.175088, 0.0)], [0.837619, 0.0344415, -0.545168, 0.0)], [0.524114, 0.230581, 0.819839, 0.0)], [2.00319, -0.0708878, -5.09791, 1.0)]])
2.00319, -0.0708878, -5.09791
float3(-0.232675, 0.568809, -1.53539)
100.681
46.296925125
limited(__ObjC.ARCamera.TrackingState.Reason.insufficientFeatures)
simd_float4x4([[0.153942, -0.972443, 0.175088, 0.0)], [0.837619, 0.0344415, -0.545168, 0.0)], [0.524114, 0.230581, 0.819839, 0.0)], [2.00319, -0.0708878, -5.09791, 1.0)]])
2.00319, -0.0708878, -5.09791
float3(-0.232675, 0.568809, -1.53539)
100.681
46.497038125
limited(__ObjC.ARCamera.TrackingState.Reason.insufficientFeatures)
simd_float4x4([[0.153942, -0.972443, 0.175088, 0.0)], [0.837619, 0.0344415, -0.545168, 0.0)], [0.524114, 0.230581, 0.819839, 0.0)], [2.00319, -0.0708878, -5.09791, 1.0)]])
2.00319, -0.0708878, -5.09791
float3(-0.232675, 0.568809, -1.53539)
100.681
46.713827541
limited(__ObjC.ARCamera.TrackingState.Reason.insufficientFeatures)
simd_float4x4([[0.153942, -0.972443, 0.175088, 0.0)], [0.837619, 0.0344415, -0.545168, 0.0)], [0.524114, 0.230581, 0.819839, 0.0)], [2.00319, -0.0708878, -5.09791, 1.0)]])
2.00319, -0.0708878, -5.09791
float3(-0.232675, 0.568809, -1.53539)
100.682
46.913940625
limited(__ObjC.ARCamera.TrackingState.Reason.insufficientFeatures)
simd_float4x4([[0.153942, -0.972443, 0.175088, 0.0)], [0.837619, 0.0344415, -0.545168, 0.0)], [0.524114, 0.230581, 0.819839, 0.0)], [2.00319, -0.0708878, -5.09791, 1.0)]])
2.00319, -0.0708878, -5.09791
float3(-0.232675, 0.568809, -1.53539)
100.682
47.114053625
limited(__ObjC.ARCamera.TrackingState.Reason.insufficientFeatures)
simd_float4x4([[0.153942, -0.972443, 0.175088, 0.0)], [0.837619, 0.0344415, -0.545168, 0.0)], [0.524114, 0.230581, 0.819839, 0.0)], [2.00319, -0.0708878, -5.09791, 1.0)]])
2.00319, -0.0708878, -5.09791
float3(-0.232675, 0.568809, -1.53539)
100.682
47.314166833
limited(__ObjC.ARCamera.TrackingState.Reason.insufficientFeatures)
simd_float4x4([[0.0647477, -0.903289, 0.424118, 0.0)], [0.995758, 0.0863278, 0.0318451, 0.0)], [-0.0653785, 0.420257, 0.905047, 0.0)], [0.00580785, -0.00628107, -0.126835, 1.0)]])
0.00580785, -0.00628107, -0.126835
float3(-0.433728, -0.0721124, -1.47552)
100.682
47.514279875
limited(__ObjC.ARCamera.TrackingState.Reason.insufficientFeatures)
simd_float4x4([[0.0358952, -0.919461, 0.39154, 0.0)], [0.99513, 0.0688785, 0.0705183, 0.0)], [-0.0918074, 0.387101, 0.917455, 0.0)], [0.125948, -0.00726423, -0.374066, 1.0)]])
0.125948, -0.00726423, -0.374066
float3(-0.397486, -0.0997355, -1.49602)
100.682
47.714393041
limited(__ObjC.ARCamera.TrackingState.Reason.insufficientFeatures)
simd_float4x4([[-0.0495536, -0.92969, 0.364995, 0.0)], [0.998667, -0.0408411, 0.0315566, 0.0)], [-0.014431, 0.366072, 0.930474, 0.0)], [0.452177, 0.0232423, -0.765802, 1.0)]])
0.452177, 0.0232423, -0.765802
float3(-0.374785, -0.0155081, -1.6147)
100.682
47.91450625
limited(__ObjC.ARCamera.TrackingState.Reason.excessiveMotion)
simd_float4x4([[-0.101884, -0.894018, 0.436294, 0.0)], [0.992393, -0.121808, -0.0178518, 0.0)], [0.0691037, 0.431156, 0.899627, 0.0)], [0.559516, -0.0456434, -1.04227, 1.0)]])
0.559516, -0.0456434, -1.04227
float3(-0.445773, 0.0766631, -1.70621)
100.682
48.114619416
normal
simd_float4x4([[-0.00261024, -0.899687, 0.436527, 0.0)], [0.994128, -0.0495592, -0.0961977, 0.0)], [0.108182, 0.433712, 0.894533, 0.0)], [0.632455, -0.0138495, -1.21717, 1.0)]])
0.632455, -0.0138495, -1.21717
float3(-0.448609, 0.120352, -1.62583)
100.682
48.314732791
normal
simd_float4x4([[0.072577, -0.952671, 0.295213, 0.0)], [0.980811, 0.0144736, -0.194421, 0.0)], [0.180947, 0.303659, 0.935441, 0.0)], [0.688211, 0.00487375, -1.3672, 1.0)]])
0.688211, 0.00487375, -1.3672
float3(-0.308531, 0.191075, -1.5556)
100.682
48.514845833
normal
simd_float4x4([[0.118735, -0.900814, 0.417655, 0.0)], [0.983772, 0.0497414, -0.172392, 0.0)], [0.134518, 0.431346, 0.892102, 0.0)], [0.766235, -0.085177, -1.56803, 1.0)]])
0.766235, -0.085177, -1.56803
float3(-0.445984, 0.149661, -1.51563)
100.682
48.714959041
normal
simd_float4x4([[0.159382, -0.867558, 0.471106, 0.0)], [0.980405, 0.0831358, -0.178588, 0.0)], [0.11577, 0.490339, 0.863808, 0.0)], [0.859932, -0.0686487, -1.78709, 1.0)]])
0.859932, -0.0686487, -1.78709
float3(-0.512479, 0.133229, -1.47526)
100.682
48.915072291
normal
simd_float4x4([[-0.0585774, -0.918984, 0.38992, 0.0)], [0.998275, -0.0554225, 0.0193476, 0.0)], [0.00383027, 0.390381, 0.920645, 0.0)], [1.0237, -0.0621646, -1.93039, 1.0)]])
1.0237, -0.0621646, -1.93039
float3(-0.401046, 0.00416039, -1.63103)
100.682
49.1151855
normal
simd_float4x4([[-0.10515, -0.891586, 0.440475, 0.0)], [0.994328, -0.101387, 0.0321427, 0.0)], [0.0160005, 0.441356, 0.897189, 0.0)], [1.15006, -0.114182, -2.09457, 1.0)]])
1.15006, -0.114182, -2.09457
float3(-0.457109, 0.0178322, -1.68403)
100.682
49.315298625
normal
simd_float4x4([[-0.0268134, -0.917468, 0.396905, 0.0)], [0.997353, -0.0514005, -0.0514376, 0.0)], [0.0675935, 0.394475, 0.916417, 0.0)], [1.22996, -0.0650583, -2.24753, 1.0)]])
1.22996, -0.0650583, -2.24753
float3(-0.405497, 0.0736251, -1.62676)
100.682
49.515411875
normal
simd_float4x4([[-0.0116662, -0.910915, 0.412429, 0.0)], [0.993977, -0.0555115, -0.0944898, 0.0)], [0.108967, 0.408842, 0.906076, 0.0)], [1.30284, -0.0893754, -2.40191, 1.0)]])
1.30284, -0.0893754, -2.40191
float3(-0.421185, 0.119687, -1.63166)
100.682
49.715525166
normal
simd_float4x4([[-0.0138031, -0.869725, 0.493344, 0.0)], [0.990154, -0.0806243, -0.114431, 0.0)], [0.139299, 0.486907, 0.862274, 0.0)], [1.38089, -0.141764, -2.61725, 1.0)]])
1.38089, -0.141764, -2.61725
float3(-0.508546, 0.160164, -1.66323)
100.682
49.915638416
normal
simd_float4x4([[-0.0685964, -0.907356, 0.414728, 0.0)], [0.996535, -0.0819155, -0.0143897, 0.0)], [0.0470293, 0.412304, 0.909832, 0.0)], [1.49799, -0.083418, -2.80161, 1.0)]])
1.49799, -0.083418, -2.80161
float3(-0.424981, 0.0516441, -1.66083)
100.682
50.11575175
normal
simd_float4x4([[-0.215859, -0.91844, 0.331469, 0.0)], [0.974281, -0.180112, 0.135412, 0.0)], [-0.0646664, 0.352174, 0.933698, 0.0)], [1.6485, -0.0857905, -2.94892, 1.0)]])
1.6485, -0.0857905, -2.94892
float3(-0.359893, -0.069148, -1.76445)
100.682
50.315864916
normal
simd_float4x4([[-0.17413, -0.899292, 0.40119, 0.0)], [0.981544, -0.125802, 0.144032, 0.0)], [-0.0790561, 0.418866, 0.9046, 0.0)], [1.77409, -0.107939, -3.11748, 1.0)]])
1.77409, -0.107939, -3.11748
float3(-0.432196, -0.0871719, -1.70978)
100.682
50.5159785
normal
simd_float4x4([[-0.173862, -0.931298, 0.320089, 0.0)], [0.976282, -0.120419, 0.179926, 0.0)], [-0.12902, 0.343779, 0.930145, 0.0)], [1.88914, -0.057536, -3.24758, 1.0)]])
1.88914, -0.057536, -3.24758
float3(-0.350938, -0.13783, -1.69939)
100.682
50.73276775
normal
simd_float4x4([[-0.0857305, -0.930649, 0.355729, 0.0)], [0.982788, -0.0203506, 0.183611, 0.0)], [-0.163638, 0.365347, 0.916376, 0.0)], [1.99767, -0.0757057, -3.41686, 1.0)]])
1.99767, -0.0757057, -3.41686
float3(-0.374006, -0.176708, -1.59266)
100.682
50.932881125
normal
simd_float4x4([[-0.0954622, -0.965065, 0.244001, 0.0)], [0.962383, -0.0268391, 0.270367, 0.0)], [-0.254373, 0.260632, 0.931325, 0.0)], [2.09474, -0.0894843, -3.57868, 1.0)]])
2.09474, -0.0894843, -3.57868
float3(-0.263677, -0.266627, -1.5986)
100.682
51.149670416
normal
simd_float4x4([[-0.0822816, -0.97991, 0.181677, 0.0)], [0.951424, -0.0229667, 0.307025, 0.0)], [-0.296685, 0.198115, 0.9342, 0.0)], [2.18998, -0.0471162, -3.72989, 1.0)]])
2.18998, -0.0471162, -3.72989
float3(-0.199434, -0.307508, -1.59423)
100.682
51.366459875
normal
simd_float4x4([[-0.135012, -0.979502, 0.149492, 0.0)], [0.974479, -0.103954, 0.198959, 0.0)], [-0.179341, 0.172539, 0.968539, 0.0)], [2.28975, -0.065901, -3.85894, 1.0)]])
2.28975, -0.065901, -3.85894
float3(-0.173407, -0.183093, -1.67653)
100.681
51.566573291
normal
simd_float4x4([[-0.0681024, -0.974345, 0.214508, 0.0)], [0.997641, -0.0646409, 0.0231189, 0.0)], [-0.00865976, 0.215576, 0.976449, 0.0)], [2.41428, -0.0846444, -3.999, 1.0)]])
2.41428, -0.0846444, -3.999
float3(-0.217282, -0.0088684, -1.63704)
100.681
51.7666865
normal
simd_float4x4([[-0.0314492, -0.98172, 0.187714, 0.0)], [0.999459, -0.0290792, 0.0153664, 0.0)], [-0.00962687, 0.188096, 0.982103, 0.0)], [2.54607, -0.0458117, -4.10402, 1.0)]])
2.54607, -0.0458117, -4.10402
float3(-0.189223, -0.00980199, -1.60041)
100.681
51.966799833
normal
simd_float4x4([[-0.026553, -0.972658, 0.230718, 0.0)], [0.993591, -0.000313083, 0.113031, 0.0)], [-0.109869, 0.23224, 0.966433, 0.0)], [2.67064, -0.0427154, -4.21343, 1.0)]])
2.67064, -0.0427154, -4.21343
float3(-0.23438, -0.113199, -1.57112)
100.681
52.166913458
normal
simd_float4x4([[-0.0605838, -0.974978, 0.213885, 0.0)], [0.969918, -0.00688789, 0.243335, 0.0)], [-0.235774, 0.222193, 0.946066, 0.0)], [2.82292, -0.0825359, -4.34029, 1.0)]])
2.82292, -0.0825359, -4.34029
float3(-0.224063, -0.244239, -1.57786)
100.681
52.36702675
normal
simd_float4x4([[-0.0421566, -0.932574, 0.35851, 0.0)], [0.843325, 0.159199, 0.513282, 0.0)], [-0.535748, 0.323978, 0.779751, 0.0)], [3.00207, -0.087287, -4.51962, 1.0)]])
3.00207, -0.087287, -4.51962
float3(-0.329932, -0.601999, -1.40172)
100.681
52.567140041
normal
simd_float4x4([[-0.0368298, -0.929612, 0.366695, 0.0)], [0.691175, 0.241325, 0.681205, 0.0)], [-0.721749, 0.278539, 0.633636, 0.0)], [3.1848, -0.0156502, -4.64566, 1.0)]])
3.1848, -0.0156502, -4.64566
float3(-0.282272, -0.850316, -1.31681)
100.681
52.767253416
normal
simd_float4x4([[-0.0879047, -0.979075, 0.183532, 0.0)], [0.746605, 0.0572128, 0.662803, 0.0)], [-0.659435, 0.19529, 0.725953, 0.0)], [3.37627, -0.0534293, -4.70174, 1.0)]])
3.37627, -0.0534293, -4.70174
float3(-0.196553, -0.737421, -1.51243)
100.681
52.984042916
normal
simd_float4x4([[-0.229592, -0.945514, 0.230848, 0.0)], [0.792668, -0.0440185, 0.608063, 0.0)], [-0.56477, 0.322592, 0.759585, 0.0)], [3.58893, -0.110457, -4.77338, 1.0)]])
3.58893, -0.110457, -4.77338
float3(-0.328467, -0.639345, -1.61732)
100.681
53.18415625
normal
simd_float4x4([[-0.275412, -0.948148, 0.158631, 0.0)], [0.758535, -0.112963, 0.641767, 0.0)], [-0.590571, 0.297077, 0.750314, 0.0)], [3.72081, -0.122463, -4.84054, 1.0)]])
3.72081, -0.122463, -4.84054
float3(-0.30163, -0.666824, -1.68938)
100.681
53.38426975
normal
simd_float4x4([[-0.239419, -0.955342, 0.173209, 0.0)], [0.772316, -0.0792789, 0.630271, 0.0)], [-0.588393, 0.284671, 0.756807, 0.0)], [3.84388, -0.154966, -4.97134, 1.0)]])
3.84388, -0.154966, -4.97134
float3(-0.288663, -0.66085, -1.65359)
100.681
53.584383166
normal
simd_float4x4([[-0.2258, -0.961902, 0.154138, 0.0)], [0.729913, -0.0622651, 0.680699, 0.0)], [-0.645168, 0.266209, 0.716164, 0.0)], [3.97225, -0.140998, -5.12547, 1.0)]])
3.97225, -0.140998, -5.12547
float3(-0.269458, -0.733294, -1.63544)
100.681
53.7844965
normal
simd_float4x4([[-0.191864, -0.973234, 0.126505, 0.0)], [0.759666, -0.0656623, 0.64699, 0.0)], [-0.621366, 0.220235, 0.751931, 0.0)], [4.07756, -0.112081, -5.25137, 1.0)]])
4.07756, -0.112081, -5.25137
float3(-0.222056, -0.690609, -1.63816)
100.681
53.984609958
normal
simd_float4x4([[-0.148268, -0.965838, 0.212543, 0.0)], [0.890895, -0.0371448, 0.452687, 0.0)], [-0.429328, 0.256472, 0.865968, 0.0)], [4.15793, -0.140849, -5.41892, 1.0)]])
4.15793, -0.140849, -5.41892
float3(-0.259371, -0.460264, -1.60924)
100.681
54.184723291
normal
simd_float4x4([[-0.0983728, -0.947155, 0.30532, 0.0)], [0.990527, -0.0636553, 0.121674, 0.0)], [-0.0958089, 0.314397, 0.944444, 0.0)], [4.20077, -0.145055, -5.60227, 1.0)]])
4.20077, -0.145055, -5.60227
float3(-0.319821, -0.101099, -1.6379)
100.681
54.38483675
normal
simd_float4x4([[0.0676605, -0.918995, 0.38842, 0.0)], [0.978135, -0.0156376, -0.207384, 0.0)], [0.196658, 0.393959, 0.897843, 0.0)], [4.16424, -0.141178, -5.75913, 1.0)]])
4.16424, -0.141178, -5.75913
float3(-0.404935, 0.215629, -1.58781)
100.681
54.584950125
normal
simd_float4x4([[0.292903, -0.839902, 0.456916, 0.0)], [0.876197, 0.0444922, -0.479895, 0.0)], [0.382735, 0.540912, 0.748951, 0.0)], [4.10114, -0.182359, -5.93251, 1.0)]])
4.10114, -0.182359, -5.93251
float3(-0.571521, 0.472431, -1.51787)
100.681
54.785063791
normal
simd_float4x4([[0.319102, -0.853653, 0.411643, 0.0)], [0.8111, 0.0213322, -0.584518, 0.0)], [0.490195, 0.520404, 0.699205, 0.0)], [4.06, -0.180954, -6.1269, 1.0)]])
4.06, -0.180954, -6.1269
float3(-0.547324, 0.611447, -1.54581)
100.681
54.985177166
normal
simd_float4x4([[0.307224, -0.891847, 0.331997, 0.0)], [0.74783, 0.0105059, -0.663807, 0.0)], [0.588526, 0.452215, 0.670178, 0.0)], [4.03763, -0.147242, -6.30314, 1.0)]])
4.03763, -0.147242, -6.30314
float3(-0.469247, 0.720619, -1.55902)
100.681
55.185290708
normal
simd_float4x4([[0.29911, -0.912914, 0.277709, 0.0)], [0.676226, -0.002541, -0.73669, 0.0)], [0.67324, 0.408145, 0.616576, 0.0)], [4.01174, -0.146881, -6.46769, 1.0)]])
4.01174, -0.146881, -6.46769
float3(-0.420421, 0.829302, -1.57358)
100.681
55.385404208
normal
simd_float4x4([[0.226061, -0.954587, 0.194064, 0.0)], [0.590738, -0.0240629, -0.806504, 0.0)], [0.774548, 0.29696, 0.558471, 0.0)], [4.00269, -0.144069, -6.64218, 1.0)]])
4.00269, -0.144069, -6.64218
float3(-0.301508, 0.946096, -1.596)
100.681
55.585517625
normal
simd_float4x4([[0.170563, -0.972945, 0.155842, 0.0)], [0.585602, -0.0271066, -0.810145, 0.0)], [0.792451, 0.229442, 0.565135, 0.0)], [4.00916, -0.110292, -6.7984, 1.0)]])
4.00916, -0.110292, -6.7984
float3(-0.231504, 0.951301, -1.59865)
100.681
55.785631125
normal
simd_float4x4([[0.165477, -0.976145, 0.140563, 0.0)], [0.526361, -0.0331136, -0.849616, 0.0)], [0.834003, 0.214579, 0.508325, 0.0)], [3.99518, -0.142472, -6.90755, 1.0)]])
3.99518, -0.142472, -6.90755
float3(-0.21626, 1.02342, -1.60471)
100.681
55.985744625
normal
simd_float4x4([[0.100455, -0.982653, 0.155894, 0.0)], [0.563958, -0.072847, -0.822584, 0.0)], [0.819671, 0.17055, 0.546857, 0.0)], [3.93066, -0.162504, -7.04483, 1.0)]])
3.93066, -0.162504, -7.04483
float3(-0.171388, 0.982447, -1.64479)
100.681
56.185858041
normal
simd_float4x4([[0.0617167, -0.975796, 0.209794, 0.0)], [0.6198, -0.127287, -0.774368, 0.0)], [0.782329, 0.177822, 0.596942, 0.0)], [3.86713, -0.133285, -7.22119, 1.0)]])
3.86713, -0.133285, -7.22119
float3(-0.178772, 0.919007, -1.70051)
100.681
56.3859715
normal
simd_float4x4([[0.0634262, -0.971243, 0.229486, 0.0)], [0.672143, -0.128403, -0.729203, 0.0)], [0.7377, 0.200498, 0.64467, 0.0)], [3.77375, -0.140131, -7.39959, 1.0)]])
3.77375, -0.140131, -7.39959
float3(-0.201866, 0.852594, -1.70224)
100.681
56.586085083
normal
simd_float4x4([[0.177029, -0.965724, 0.189835, 0.0)], [0.620229, -0.0402965, -0.783385, 0.0)], [0.764184, 0.256423, 0.591836, 0.0)], [3.65245, -0.139886, -7.59104, 1.0)]])
3.65245, -0.139886, -7.59104
float3(-0.25932, 0.911818, -1.6125)
100.681
56.786198541
normal
simd_float4x4([[0.163535, -0.96852, 0.187686, 0.0)], [0.615427, -0.0485361, -0.786698, 0.0)], [0.771042, 0.24416, 0.588116, 0.0)], [3.52856, -0.112705, -7.73507, 1.0)]])
3.52856, -0.112705, -7.73507
float3(-0.246653, 0.919182, -1.62087)
100.681
56.986312125
normal
simd_float4x4([[0.246183, -0.958977, 0.140559, 0.0)], [0.509012, 0.00450914, -0.860748, 0.0)], [0.824804, 0.283447, 0.48924, 0.0)], [3.34901, -0.145837, -7.8671, 1.0)]])
3.34901, -0.145837, -7.8671
float3(-0.287387, 1.03542, -1.56609)
100.681
57.18642575
normal
simd_float4x4([[0.210339, -0.967665, 0.139219, 0.0)], [0.513674, -0.0117721, -0.857905, 0.0)], [0.831803, 0.251964, 0.494588, 0.0)], [3.18043, -0.13444, -8.03097, 1.0)]])
3.18043, -0.13444, -8.03097
float3(-0.254709, 1.03436, -1.58296)
100.681
57.403215208
normal
simd_float4x4([[0.0842181, -0.98721, 0.135362, 0.0)], [0.620073, -0.0544163, -0.782655, 0.0)], [0.780011, 0.149848, 0.60756, 0.0)], [3.06452, -0.0848299, -8.2042, 1.0)]])
3.06452, -0.0848299, -8.2042
float3(-0.150415, 0.909047, -1.62586)
100.681
57.603328833
normal
simd_float4x4([[0.101355, -0.982215, 0.158051, 0.0)], [0.607979, -0.0645967, -0.791321, 0.0)], [0.787457, 0.176296, 0.590619, 0.0)], [2.94034, -0.126387, -8.36664, 1.0)]])
2.94034, -0.126387, -8.36664
float3(-0.177222, 0.927274, -1.63647)
100.681
57.803442416
normal
simd_float4x4([[0.197642, -0.972384, 0.124126, 0.0)], [0.566407, 0.00993253, -0.824066, 0.0)], [0.800075, 0.233176, 0.552728, 0.0)], [2.80912, -0.0998622, -8.5242, 1.0)]])
2.80912, -0.0998622, -8.5242
float3(-0.235342, 0.966241, -1.56058)
100.681
58.020231875
normal
simd_float4x4([[0.164242, -0.981456, 0.0988324, 0.0)], [0.56117, 0.0105667, -0.827633, 0.0)], [0.811241, 0.191394, 0.5525, 0.0)], [2.69268, -0.0952227, -8.65792, 1.0)]])
2.69268, -0.0952227, -8.65792
float3(-0.192582, 0.972899, -1.56003)
100.681
58.220345583
normal
simd_float4x4([[0.169033, -0.983962, 0.0569757, 0.0)], [0.534484, 0.0429418, -0.844087, 0.0)], [0.828103, 0.173131, 0.533171, 0.0)], [2.55089, -0.113065, -8.79294, 1.0)]])
2.55089, -0.113065, -8.79294
float3(-0.174008, 0.998759, -1.52718)
100.681
58.420459041
normal
simd_float4x4([[0.0935366, -0.992616, 0.0772328, 0.0)], [0.578148, -0.00900136, -0.815882, 0.0)], [0.810553, 0.120967, 0.573037, 0.0)], [2.43097, -0.0749895, -8.94725, 1.0)]])
2.43097, -0.0749895, -8.94725
float3(-0.121264, 0.955407, -1.57986)
100.681
58.6205725
normal
simd_float4x4([[0.044247, -0.989742, 0.135844, 0.0)], [0.625591, -0.0785658, -0.776185, 0.0)], [0.778895, 0.119327, 0.615697, 0.0)], [2.34228, -0.0728543, -9.1009, 1.0)]])
2.34228, -0.0728543, -9.1009
float3(-0.119612, 0.901891, -1.65001)
100.681
58.820686125
normal
simd_float4x4([[0.138796, -0.983182, 0.1187, 0.0)], [0.594079, -0.0132374, -0.804298, 0.0)], [0.792342, 0.18215, 0.58225, 0.0)], [2.22851, -0.108816, -9.25616, 1.0)]])
2.22851, -0.108816, -9.25616
float3(-0.183173, 0.937064, -1.58426)
100.681
59.020799583
normal
simd_float4x4([[0.137181, -0.98807, 0.0699851, 0.0)], [0.551632, 0.0175218, -0.833903, 0.0)], [0.822729, 0.153002, 0.547455, 0.0)], [2.13167, -0.0855006, -9.41237, 1.0)]])
2.13167, -0.0855006, -9.41237
float3(-0.153605, 0.983662, -1.55306)
100.681
59.220913125
normal
simd_float4x4([[0.124186, -0.989896, 0.0684357, 0.0)], [0.562309, 0.0133822, -0.826819, 0.0)], [0.817549, 0.141161, 0.558289, 0.0)], [2.06163, -0.0780292, -9.53005, 1.0)]])
2.06163, -0.0780292, -9.53005
float3(-0.141634, 0.971652, -1.55728)
100.681
59.42102675
normal
simd_float4x4([[0.156739, -0.985657, 0.06256, 0.0)], [0.566625, 0.0378618, -0.823105, 0.0)], [0.808931, 0.164461, 0.564433, 0.0)], [1.96125, -0.0986319, -9.64925, 1.0)]])
1.96125, -0.0986319, -9.64925
float3(-0.165211, 0.961581, -1.5324)
100.681
59.621140208
normal
simd_float4x4([[0.163311, -0.98517, 0.0526198, 0.0)], [0.560758, 0.0488093, -0.82654, 0.0)], [0.811714, 0.16449, 0.560413, 0.0)], [1.83987, -0.100086, -9.7717, 1.0)]])
1.83987, -0.100086, -9.7717
float3(-0.165241, 0.966538, -1.52129)
100.681
59.821253875
normal
simd_float4x4([[0.12431, -0.988776, 0.0828736, 0.0)], [0.629232, 0.0139765, -0.777091, 0.0)], [0.767211, 0.148747, 0.623908, 0.0)], [1.76253, -0.0806834, -9.90049, 1.0)]])
1.76253, -0.0806834, -9.90049
float3(-0.149301, 0.888049, -1.55666)
100.681
60.021367291
normal
simd_float4x4([[0.110823, -0.984687, 0.134576, 0.0)], [0.625208, -0.0361843, -0.779619, 0.0)], [0.77255, 0.170538, 0.611624, 0.0)], [1.69037, -0.0989897, -10.0282, 1.0)]])
1.69037, -0.0989897, -10.0282
float3(-0.171375, 0.90114, -1.60753)
100.681
60.221480875
normal
simd_float4x4([[0.159681, -0.978376, 0.131459, 0.0)], [0.588373, -0.0126037, -0.808491, 0.0)], [0.792665, 0.206448, 0.573638, 0.0)], [1.60884, -0.116949, -10.1787, 1.0)]])
1.60884, -0.116949, -10.1787
float3(-0.207943, 0.944352, -1.58368)
100.681
60.421594583
normal
simd_float4x4([[0.153056, -0.984914, 0.0807319, 0.0)], [0.591863, 0.0259405, -0.805621, 0.0)], [0.791373, 0.171088, 0.586905, 0.0)], [1.54853, -0.0876298, -10.3374, 1.0)]])
1.54853, -0.0876298, -10.3374
float3(-0.171934, 0.932674, -1.54446)
100.681
60.638384125
normal
simd_float4x4([[0.176825, -0.981491, 0.0735396, 0.0)], [0.650329, 0.0604252, -0.757245, 0.0)], [0.738786, 0.181725, 0.648977, 0.0)], [1.48548, -0.0874892, -10.4712, 1.0)]])
1.48548, -0.0874892, -10.4712
float3(-0.18274, 0.850023, -1.50931)
100.681
60.855173958
normal
simd_float4x4([[0.211135, -0.97471, 0.0732329, 0.0)], [0.655262, 0.0855481, -0.750542, 0.0)], [0.725296, 0.206453, 0.656752, 0.0)], [1.37836, -0.114412, -10.594, 1.0)]])
1.37836, -0.114412, -10.594
float3(-0.207948, 0.834953, -1.48325)
100.681
61.055287416
normal
simd_float4x4([[0.23387, -0.970454, 0.0593682, 0.0)], [0.636388, 0.106627, -0.763964, 0.0)], [0.735061, 0.216449, 0.642522, 0.0)], [1.23415, -0.120563, -10.7192, 1.0)]])
1.23415, -0.120563, -10.7192
float3(-0.218176, 0.852472, -1.46136)
100.681
61.255401083
normal
simd_float4x4([[0.179143, -0.982284, 0.055017, 0.0)], [0.6432, 0.0746207, -0.762053, 0.0)], [0.744447, 0.171903, 0.645173, 0.0)], [1.11948, -0.10031, -10.8388, 1.0)]])
1.11948, -0.10031, -10.8388
float3(-0.172761, 0.856717, -1.49498)
100.681
61.45551475
normal
simd_float4x4([[0.174194, -0.978325, 0.111968, 0.0)], [0.62767, 0.0227005, -0.778148, 0.0)], [0.75874, 0.205828, 0.61802, 0.0)], [1.01545, -0.110159, -10.9361, 1.0)]])
1.01545, -0.110159, -10.9361
float3(-0.207309, 0.887256, -1.5476)
100.681
61.655628416
normal
simd_float4x4([[0.221497, -0.969352, 0.106279, 0.0)], [0.537269, 0.030355, -0.842865, 0.0)], [0.813807, 0.243792, 0.527526, 0.0)], [0.908949, -0.143173, -11.0414, 1.0)]])
0.908949, -0.143173, -11.0414
float3(-0.246274, 0.995673, -1.53949)
100.681
61.872418
normal
simd_float4x4([[0.262788, -0.962019, 0.0739102, 0.0)], [0.440343, 0.0514199, -0.896356, 0.0)], [0.858511, 0.268097, 0.437131, 0.0)], [0.778191, -0.136205, -11.2109, 1.0)]])
0.778191, -0.136205, -11.2109
float3(-0.271417, 1.09984, -1.5174)
100.681
62.072531708
normal
simd_float4x4([[0.225442, -0.973152, 0.0463819, 0.0)], [0.402552, 0.049691, -0.914047, 0.0)], [0.887202, 0.224736, 0.402947, 0.0)], [0.675788, -0.113258, -11.3394, 1.0)]])
0.675788, -0.113258, -11.3394
float3(-0.226672, 1.14447, -1.51978)
100.681
62.272645291
normal
simd_float4x4([[0.269359, -0.962744, -0.0238686, 0.0)], [0.241909, 0.0916302, -0.965963, 0.0)], [0.932162, 0.254417, 0.257578, 0.0)], [0.526178, -0.130534, -11.4172, 1.0)]])
0.526178, -0.130534, -11.4172
float3(-0.257244, 1.3012, -1.47591)
100.681
62.472758875
normal
simd_float4x4([[0.341658, -0.932561, -0.116618, 0.0)], [-0.0361378, 0.110957, -0.993168, 0.0)], [0.939129, 0.343538, 0.00420869, 0.0)], [0.300681, -0.156841, -11.4589, 1.0)]])
0.300681, -0.156841, -11.4589
float3(-0.350682, 1.56631, -1.45237)
100.681
62.672872541
normal
