ARKit Data
644507.10445125
normal
simd_float4x4([[-0.48511416, -0.85058343, 0.20290878, 0.0)], [0.2805559, 0.06838014, 0.9573989, 0.0)], [-0.8282226, 0.521375, 0.20546402, 0.0)], [-0.08055091, -0.062490888, 0.4466132, 1.0)]])
-0.08055091, -0.062490888, 0.4466132
float3(-0.5484615, -1.3276272, -1.4905767)
100.43603
644507.154444208
normal
simd_float4x4([[-0.46758965, -0.8613768, 0.19846898, 0.0)], [0.25883996, 0.08125917, 0.96249616, 0.0)], [-0.8451993, 0.5014249, 0.18496278, 0.0)], [-0.083586834, -0.057510555, 0.4507379, 1.0)]])
-0.083586834, -0.057510555, 0.4507379
float3(-0.5252449, -1.3553535, -1.4767383)
100.43603
644507.221101833
normal
simd_float4x4([[-0.45445538, -0.8704603, 0.18912786, 0.0)], [0.23261347, 0.08898285, 0.96849006, 0.0)], [-0.85986125, 0.4841292, 0.16204204, 0.0)], [-0.08708743, -0.0518508, 0.45759615, 1.0)]])
-0.08708743, -0.0518508, 0.45759615
float3(-0.5053677, -1.3845295, -1.4689251)
100.43603
644507.271094875
normal
simd_float4x4([[-0.46302158, -0.8674211, 0.18218562, 0.0)], [0.2193986, 0.08698494, 0.9717499, 0.0)], [-0.8587638, 0.48991245, 0.15003507, 0.0)], [-0.08536109, -0.050668478, 0.46415734, 1.0)]])
-0.08536109, -0.050668478, 0.46415734
float3(-0.5119893, -1.3978316, -1.4708505)
100.43603
644507.337752458
normal
simd_float4x4([[-0.4654686, -0.86810476, 0.17243277, 0.0)], [0.21791503, 0.0764188, 0.9729714, 0.0)], [-0.8578182, 0.49046332, 0.15360254, 0.0)], [-0.08365625, -0.04893338, 0.47478238, 1.0)]])
-0.08365625, -0.04893338, 0.47478238
float3(-0.51262134, -1.3936123, -1.4829932)
100.43603
644507.387745458
normal
simd_float4x4([[-0.48605216, -0.8582745, 0.16467583, 0.0)], [0.20942429, 0.06855239, 0.97541887, 0.0)], [-0.84846604, 0.5085916, 0.1464235, 0.0)], [-0.08009022, -0.049642663, 0.48338473, 0.99999994)]])
-0.08009022, -0.049642663, 0.48338473
float3(-0.53354824, -1.3999052, -1.4910932)
100.43603
644507.454402833
normal
simd_float4x4([[-0.4803895, -0.8650383, 0.14468864, 0.0)], [0.18758883, 0.059813123, 0.9804249, 0.0)], [-0.85675925, 0.49812773, 0.13353793, 0.0)], [-0.07868169, -0.047867924, 0.49857712, 1.0000001)]])
-0.07868169, -0.047867924, 0.49857712
float3(-0.5214382, -1.4161764, -1.5017612)
100.43603
644507.504395875
normal
simd_float4x4([[-0.46408385, -0.8761556, 0.13029796, 0.0)], [0.1742324, 0.053933315, 0.9832264, 0.0)], [-0.86848676, 0.47900164, 0.12762511, 0.0)], [-0.07852852, -0.04675473, 0.5105059, 1.0)]])
-0.07852852, -0.04675473, 0.5105059
float3(-0.49951702, -1.4248894, -1.5093172)
100.43603
644507.5710535
normal
simd_float4x4([[-0.4510563, -0.8859692, 0.10773426, 0.0)], [0.14668827, 0.045477353, 0.9881368, 0.0)], [-0.88035834, 0.46150872, 0.10944844, 0.0)], [-0.07740435, -0.044755436, 0.5302716, 1.0)]])
-0.07740435, -0.044755436, 0.5302716
float3(-0.4796951, -1.4471084, -1.5195107)
100.43603
644507.621046583
normal
simd_float4x4([[-0.4436136, -0.8916377, 0.09049451, 0.0)], [0.121385224, 0.040266663, 0.9917884, 0.0)], [-0.88795984, 0.4509555, 0.09036879, 0.0)], [-0.07508743, -0.044323515, 0.5451481, 1.0)]])
-0.07508743, -0.044323515, 0.5451481
float3(-0.4678356, -1.4693743, -1.5256666)
100.43603
644508.594275416
notAvailable
simd_float4x4([[0.005582094, 0.0, 0.99998444, 0.0)], [0.0, 1.0, 0.0, 0.0)], [-0.99998444, 0.0, 0.005582094, 0.0)], [-0.0021869857, -0.08345579, -0.006609512, 1.0)]])
-0.0021869857, -0.08345579, -0.006609512
float3(-0.0, -1.5652142, 0.0)
100.43603
644508.644268541
notAvailable
simd_float4x4([[0.005582094, 0.0, 0.99998444, 0.0)], [0.0, 1.0, 0.0, 0.0)], [-0.99998444, 0.0, 0.005582094, 0.0)], [-0.0021869857, -0.08345579, -0.006609512, 1.0)]])
-0.0021869857, -0.08345579, -0.006609512
float3(-0.0, -1.5652142, 0.0)
100.43603
644508.694261708
notAvailable
simd_float4x4([[0.005582094, 0.0, 0.99998444, 0.0)], [0.0, 1.0, 0.0, 0.0)], [-0.99998444, 0.0, 0.005582094, 0.0)], [-0.0021869857, -0.08345579, -0.006609512, 1.0)]])
-0.0021869857, -0.08345579, -0.006609512
float3(-0.0, -1.5652142, 0.0)
100.43603
644508.744254875
notAvailable
simd_float4x4([[0.005582094, 0.0, 0.99998444, 0.0)], [0.0, 1.0, 0.0, 0.0)], [-0.99998444, 0.0, 0.005582094, 0.0)], [-0.0021869857, -0.08345579, -0.006609512, 1.0)]])
-0.0021869857, -0.08345579, -0.006609512
float3(-0.0, -1.5652142, 0.0)
100.43603
644508.794247958
limited((extension in ARKit):__C.ARCamera.TrackingState.Reason.initializing)
simd_float4x4([[0.031206302, -0.865944, 0.49916634, 0.0)], [0.9995129, 0.026778243, -0.016032007, 0.0)], [0.0005160232, 0.49942344, 0.86635786, 0.0)], [0.0, 0.0, 0.0, 1.0)]])
0.0, 0.0, 0.0
float3(-0.5229331, 0.0005956235, -1.5398824)
100.43603
644508.844240958
limited((extension in ARKit):__C.ARCamera.TrackingState.Reason.initializing)
simd_float4x4([[0.012807032, -0.88216674, 0.47076318, 0.0)], [0.999918, 0.011243831, -0.0061326995, 0.0)], [0.00011688273, 0.47080308, 0.88223845, 0.0)], [0.0, 0.0, 0.0, 1.0)]])
0.0, 0.0, 0.0
float3(-0.49020085, 0.00013248429, -1.5580513)
100.43603
644508.894234166
limited((extension in ARKit):__C.ARCamera.TrackingState.Reason.initializing)
simd_float4x4([[0.009055755, -0.884911, 0.46567196, 0.0)], [0.9999472, 0.010281658, 9.250806e-05, 0.0)], [-0.0048697433, 0.46564648, 0.88495743, 0.0)], [0.0, 0.0, 0.0, 1.0)]])
0.0, 0.0, 0.0
float3(-0.484365, -0.005502744, -1.559178)
100.43603
644508.944227208
limited((extension in ARKit):__C.ARCamera.TrackingState.Reason.initializing)
simd_float4x4([[0.014462661, -0.88840675, 0.45882925, 0.0)], [0.999826, 0.018258987, 0.0038385987, 0.0)], [-0.011787997, 0.45869386, 0.88851625, 0.0)], [0.0, 0.0, 0.0, 1.0)]])
0.0, 0.0, 0.0
float3(-0.47652474, -0.013266279, -1.5502467)
100.43603
644509.010884666
limited((extension in ARKit):__C.ARCamera.TrackingState.Reason.initializing)
simd_float4x4([[0.026088266, -0.9099593, 0.41387597, 0.0)], [0.99962157, 0.027362812, -0.002849498, 0.0)], [-0.008731884, 0.41379362, 0.91032875, 0.0)], [0.0, 0.0, 0.0, 1.0)]])
0.0, 0.0, 0.0
float3(-0.42661726, -0.009591717, -1.540735)
100.43603
644509.060877791
limited((extension in ARKit):__C.ARCamera.TrackingState.Reason.initializing)
simd_float4x4([[0.041723635, -0.9265253, 0.3739116, 0.0)], [0.99912894, 0.0384137, -0.016303364, 0.0)], [0.0007421552, 0.3742661, 0.92732096, 0.0)], [0.0, 0.0, 0.0, 1.0)]])
0.0, 0.0, 0.0
float3(-0.3836052, 0.00080032164, -1.52936)
100.43603
644509.127535375
limited((extension in ARKit):__C.ARCamera.TrackingState.Reason.initializing)
simd_float4x4([[0.06332678, -0.9368573, 0.34393057, 0.0)], [0.9979624, 0.056752793, -0.029158447, 0.0)], [0.007798281, 0.34507626, 0.9385423, 0.0)], [0.0, 0.0, 0.0, 1.0)]])
0.0, 0.0, 0.0
float3(-0.35232005, 0.008308738, -1.5102924)
100.43603
644509.194192666
limited((extension in ARKit):__C.ARCamera.TrackingState.Reason.initializing)
simd_float4x4([[0.06272532, -0.935057, 0.348904, 0.0)], [0.9973305, 0.045631584, -0.057006326, 0.0)], [0.03738312, 0.35154834, 0.9354231, 0.0)], [0.0, 0.0, 0.0, 1.0)]])
0.0, 0.0, 0.0
float3(-0.3592245, 0.039942607, -1.5220342)
100.43603
644509.260850291
limited((extension in ARKit):__C.ARCamera.TrackingState.Reason.initializing)
simd_float4x4([[0.064298786, -0.954096, 0.2925177, 0.0)], [0.99407053, 0.035479203, -0.10278681, 0.0)], [0.08769018, 0.29739225, 0.95071995, 0.0)], [0.0, 0.0, 0.0, 1.0)]])
0.0, 0.0, 0.0
float3(-0.30196017, 0.091975324, -1.5336273)
100.43572
644509.327507625
limited((extension in ARKit):__C.ARCamera.TrackingState.Reason.initializing)
simd_float4x4([[0.08341723, -0.9565729, 0.27930272, 0.0)], [0.9891059, 0.045364387, -0.14004204, 0.0)], [0.12129001, 0.28794187, 0.94993603, 0.0)], [0.0, 0.0, 0.0, 1.0)]])
0.0, 0.0, 0.0
float3(-0.292077, 0.12699515, -1.5234079)
100.43572
644509.394165208
normal
simd_float4x4([[0.08013425, -0.9510249, 0.2985467, 0.0)], [0.9849965, 0.029626288, -0.17001228, 0.0)], [0.1528411, 0.30769128, 0.93913025, 0.0)], [-0.0001972096, 0.0002889821, -0.018762812, 0.99999994)]])
-0.0001972096, 0.0002889821, -0.018762812
float3(-0.31276563, 0.16133304, -1.5396545)
100.43572
644509.460822583
normal
simd_float4x4([[0.10893567, -0.9388588, 0.3266147, 0.0)], [0.9795104, 0.045393705, -0.19621085, 0.0)], [0.16938803, 0.34129688, 0.924567, 0.0)], [-0.0010598525, -0.0014930889, -0.054595143, 1.0)]])
-0.0010598525, -0.0014930889, -0.054595143
float3(-0.34829628, 0.18119848, -1.5224841)
100.43572
644509.527480083
normal
simd_float4x4([[0.15703534, -0.9308019, 0.33007213, 0.0)], [0.96750593, 0.077929914, -0.24053925, 0.0)], [0.19817191, 0.35711998, 0.9127941, 0.0)], [0.006739907, -0.019987494, -0.123642266, 1.0)]])
0.006739907, -0.019987494, -0.123642266
float3(-0.36518273, 0.21378702, -1.4872677)
100.43572
644509.594137583
normal
simd_float4x4([[0.19537726, -0.9214995, 0.33565828, 0.0)], [0.9594227, 0.10863829, -0.26020297, 0.0)], [0.20331156, 0.37287596, 0.905333, 0.0)], [0.0018500723, -0.026772477, -0.16334283, 1.0)]])
0.0018500723, -0.026772477, -0.16334283
float3(-0.3821066, 0.22090611, -1.4534451)
100.43572
644509.677459416
normal
simd_float4x4([[0.21611404, -0.9155335, 0.33925375, 0.0)], [0.95876074, 0.13330418, -0.2510133, 0.0)], [0.18458714, 0.37951073, 0.9065865, 0.0)], [0.010526694, -0.026999265, -0.23389015, 1.0)]])
0.010526694, -0.026999265, -0.23389015
float3(-0.3892674, 0.20086117, -1.4262097)
100.43572
644509.744116708
normal
simd_float4x4([[0.22399037, -0.92065614, 0.31971967, 0.0)], [0.95561886, 0.14306007, -0.25753897, 0.0)], [0.19136572, 0.36321643, 0.91184044, 0.0)], [0.010120887, -0.027603861, -0.2827748, 0.99999994)]])
0.010120887, -0.027603861, -0.2827748
float3(-0.37171778, 0.20686534, -1.4166399)
100.43572
644509.844103
normal
simd_float4x4([[0.21749066, -0.9357136, 0.27773714, 0.0)], [0.95132, 0.13955215, -0.27480078, 0.0)], [0.218376, 0.32398355, 0.92051435, 0.0)], [0.021256134, -0.020961232, -0.40507457, 1.0000001)]])
0.021256134, -0.020961232, -0.40507457
float3(-0.32993713, 0.23292665, -1.4227477)
100.43572
644509.910760416
normal
simd_float4x4([[0.21990098, -0.93624365, 0.27402768, 0.0)], [0.9481713, 0.13907973, -0.2857058, 0.0)], [0.22937852, 0.32265222, 0.9183032, 0.0)], [0.028445795, -0.026975717, -0.55206287, 0.9999999)]])
0.028445795, -0.026975717, -0.55206287
float3(-0.32853022, 0.24477646, -1.423324)
100.43572
644509.994082416
normal
simd_float4x4([[0.182061, -0.94940615, 0.25589418, 0.0)], [0.95115453, 0.10405734, -0.29064932, 0.0)], [0.24931657, 0.29631084, 0.9219767, 0.0)], [0.033548247, -0.02509762, -0.6506365, 0.99999994)]])
0.033548247, -0.02509762, -0.6506365
float3(-0.3008277, 0.26409885, -1.4616295)
100.43572
644510.060739791
normal
simd_float4x4([[0.15621102, -0.9557325, 0.24934618, 0.0)], [0.9530532, 0.07954803, -0.29216716, 0.0)], [0.25939864, 0.28327996, 0.92329013, 0.0)], [0.040210046, -0.016060248, -0.70270437, 1.0)]])
0.040210046, -0.016060248, -0.70270437
float3(-0.28721243, 0.2738897, -1.4877552)
100.43572
644510.1440615
normal
simd_float4x4([[0.11619999, -0.9634873, 0.24122553, 0.0)], [0.9506457, 0.03753832, -0.30799946, 0.0)], [0.2876984, 0.26510954, 0.92029697, 0.0)], [0.04439486, -0.028595984, -0.7974817, 1.0)]])
0.04439486, -0.028595984, -0.7974817
float3(-0.26831752, 0.3029894, -1.5318551)
100.43572
644510.210719041
normal
simd_float4x4([[0.09747564, -0.97081834, 0.21911262, 0.0)], [0.94759476, 0.02322962, -0.31862912, 0.0)], [0.3042411, 0.23868856, 0.9222067, 0.0)], [0.051265225, -0.031379312, -0.85012764, 1.0)]])
0.051265225, -0.031379312, -0.85012764
float3(-0.24101515, 0.31866235, -1.546873)
100.43552
644510.31070525
normal
simd_float4x4([[0.09390701, -0.97603655, 0.1963012, 0.0)], [0.9377379, 0.020485748, -0.34673914, 0.0)], [0.33440873, 0.21664031, 0.9171902, 0.0)], [0.062947474, -0.03859797, -0.9327802, 1.0)]])
0.062947474, -0.03859797, -0.9327802
float3(-0.21837173, 0.34962296, -1.5498106)
100.43552
644510.360698375
normal
simd_float4x4([[0.08759714, -0.97976506, 0.17996447, 0.0)], [0.93048507, 0.015967214, -0.3659818, 0.0)], [0.35570267, 0.19951318, 0.9130554, 0.0)], [0.065949455, -0.040011756, -0.9855589, 1.0000001)]])
0.065949455, -0.040011756, -0.9855589
float3(-0.2008611, 0.37148628, -1.5545008)
100.43552
644510.460684666
normal
simd_float4x4([[0.084395275, -0.9788058, 0.18659218, 0.0)], [0.92664194, 0.008247445, -0.3758547, 0.0)], [0.36634982, 0.2046245, 0.9076986, 0.0)], [0.07784536, -0.03557931, -1.0661387, 1.0)]])
0.07784536, -0.03557931, -1.0661387
float3(-0.20608008, 0.3836085, -1.5623705)
100.43552
644510.510677625
normal
simd_float4x4([[0.091020025, -0.9812471, 0.16991003, 0.0)], [0.9203938, 0.017741831, -0.39058992, 0.0)], [0.38025075, 0.19193566, 0.9047486, 0.0)], [0.07690435, -0.028246876, -1.1166273, 0.99999994)]])
0.07690435, -0.028246876, -1.1166273
float3(-0.1931341, 0.3978688, -1.5527174)
100.43552
644510.56067075
normal
simd_float4x4([[0.08098823, -0.9851301, 0.15152456, 0.0)], [0.92163014, 0.016129803, -0.38773412, 0.0)], [0.37952447, 0.1710515, 0.90923196, 0.0)], [0.07964962, -0.024153322, -1.1501567, 1.0)]])
0.07964962, -0.024153322, -1.1501567
float3(-0.1718968, 0.39542615, -1.5544245)
100.43552
644510.610663833
normal
simd_float4x4([[0.06427929, -0.9853972, 0.1576718, 0.0)], [0.92163026, -0.0019738749, -0.38806418, 0.0)], [0.3827086, 0.1702596, 0.9080451, 0.0)], [0.07865264, -0.019271016, -1.1910522, 1.0)]])
0.07865264, -0.019271016, -1.1910522
float3(-0.1710931, 0.39887208, -1.5727994)
100.43552
644510.677321291
normal
simd_float4x4([[0.059270144, -0.9837902, 0.16924496, 0.0)], [0.9177447, -0.0129990345, -0.39695817, 0.0)], [0.39272362, 0.17885141, 0.9020977, 0.0)], [0.07593132, -0.01916115, -1.2377868, 1.0)]])
0.07593132, -0.01916115, -1.2377868
float3(-0.17981891, 0.41060013, -1.5840088)
100.43552
644510.760643291
normal
simd_float4x4([[0.065567784, -0.98427844, 0.16400239, 0.0)], [0.9153845, -0.0060926783, -0.40253448, 0.0)], [0.39720523, 0.17651856, 0.9005938, 0.0)], [0.0650436, -0.02086512, -1.3007956, 1.0000001)]])
0.0650436, -0.02086512, -1.3007956
float3(-0.17744835, 0.41538468, -1.5769862)
100.43552
644510.827300541
normal
simd_float4x4([[0.06273211, -0.98669124, 0.1500164, 0.0)], [0.9165303, -0.002538011, -0.3999569, 0.0)], [0.39501473, 0.16258477, 0.90417325, 0.0)], [0.05608659, -0.02582603, -1.3482952, 0.9999998)]])
0.05608659, -0.02582603, -1.3482952
float3(-0.16330971, 0.4118895, -1.5733685)
100.43552
644510.910622375
normal
simd_float4x4([[0.069213845, -0.9878168, 0.139382, 0.0)], [0.9181924, 0.008453119, -0.39604455, 0.0)], [0.3900413, 0.15539126, 0.9075909, 0.0)], [0.03459052, -0.030199736, -1.4210188, 1.0)]])
0.03459052, -0.030199736, -1.4210188
float3(-0.15602352, 0.40589085, -1.5622392)
100.43552
644510.97728
normal
simd_float4x4([[0.060580146, -0.989422, 0.13181101, 0.0)], [0.9185964, 0.0035975664, -0.39518085, 0.0)], [0.3905264, 0.14502122, 0.9090974, 0.0)], [0.01728917, -0.034387782, -1.4759555, 1.0)]])
0.01728917, -0.034387782, -1.4759555
float3(-0.14553441, 0.40574017, -1.5671604)
100.43552
644511.060601791
normal
simd_float4x4([[0.057726394, -0.99045277, 0.12518369, 0.0)], [0.9260305, 0.006272395, -0.3773965, 0.0)], [0.3730082, 0.13770966, 0.9175516, 0.0)], [-0.010578036, -0.03364229, -1.553332, 0.99999994)]])
-0.010578036, -0.03364229, -1.553332
float3(-0.13814867, 0.3861192, -1.5644635)
100.43552
644511.127259166
normal
simd_float4x4([[0.048060484, -0.98890734, 0.14054336, 0.0)], [0.9304808, -0.006834252, -0.36627698, 0.0)], [0.36317453, 0.14837635, 0.91983086, 0.0)], [-0.02777011, -0.034229457, -1.6132338, 1.0)]])
-0.02777011, -0.034229457, -1.6132338
float3(-0.14892624, 0.3760394, -1.5777072)
100.43552
644511.210581041
normal
simd_float4x4([[0.019106377, -0.9911895, 0.13106588, 0.0)], [0.9408686, -0.026522169, -0.33773154, 0.0)], [0.33823213, 0.12976862, 0.93207234, 0.0)], [-0.04475415, -0.03267159, -1.6899624, 1.0)]])
-0.04475415, -0.03267159, -1.6899624
float3(-0.13013563, 0.34810445, -1.5975479)
100.43547
644511.277238583
normal
simd_float4x4([[0.024994677, -0.9889017, 0.14645396, 0.0)], [0.9391024, -0.02699858, -0.34257522, 0.0)], [0.34272724, 0.14609781, 0.92800516, 0.0)], [-0.055100616, -0.033369273, -1.7513347, 1.0)]])
-0.055100616, -0.033369273, -1.7513347
float3(-0.1466226, 0.35377824, -1.5980911)
100.43547
644511.343895875
normal
simd_float4x4([[0.03867177, -0.9862613, 0.16060245, 0.0)], [0.95467013, -0.011005566, -0.29746222, 0.0)], [0.29514295, 0.16482574, 0.9411286, 0.0)], [-0.061148155, -0.03448975, -1.8143635, 1.0)]])
-0.061148155, -0.03448975, -1.8143635
float3(-0.16558133, 0.30389154, -1.5819547)
100.43547
644511.393889125
normal
simd_float4x4([[0.021571888, -0.98780763, 0.15417744, 0.0)], [0.9605986, -0.022263821, -0.27704626, 0.0)], [0.27710107, 0.15407906, 0.94840634, 0.0)], [-0.063590884, -0.04207588, -1.8590755, 1.0000001)]])
-0.063590884, -0.04207588, -1.8590755
float3(-0.15469532, 0.28426296, -1.5933311)
100.43547
644511.443882333
normal
simd_float4x4([[0.00854329, -0.98733455, 0.15842175, 0.0)], [0.9654905, -0.033095263, -0.25832668, 0.0)], [0.26029783, 0.15516166, 0.95297945, 0.0)], [-0.05854235, -0.050341662, -1.9127787, 0.99999994)]])
-0.05854235, -0.050341662, -1.9127787
float3(-0.1557911, 0.26663718, -1.6043036)
100.43547
644511.543868458
normal
simd_float4x4([[0.012001274, -0.9874826, 0.1572707, 0.0)], [0.9662691, -0.029011464, -0.25589487, 0.0)], [0.25725445, 0.15503691, 0.9538258, 0.0)], [-0.06182418, -0.071579576, -2.0143404, 1.0)]])
-0.06182418, -0.071579576, -2.0143404
float3(-0.15566482, 0.26343966, -1.600167)
100.43547
644511.610525916
normal
simd_float4x4([[0.007651241, -0.99076545, 0.135371, 0.0)], [0.9674919, -0.026887286, -0.2514683, 0.0)], [0.25278586, 0.13289438, 0.9583519, 0.0)], [-0.05416847, -0.07946524, -2.0889869, 1.0)]])
-0.05416847, -0.07946524, -2.0889869
float3(-0.1332887, 0.25789744, -1.5979276)
100.43547
644511.693847666
normal
simd_float4x4([[-0.0056134234, -0.99238753, 0.12302616, 0.0)], [0.9638373, -0.038148545, -0.26374647, 0.0)], [0.266432, 0.1170967, 0.95671433, 0.0)], [-0.048086837, -0.08440428, -2.180028, 0.9999999)]])
-0.048086837, -0.08440428, -2.180028
float3(-0.117365964, 0.27160466, -1.6092186)
100.43547
644511.760505041
normal
simd_float4x4([[0.032814298, -0.98455924, 0.17194888, 0.0)], [0.96215326, -0.015448343, -0.27207038, 0.0)], [0.2705257, 0.17436899, 0.94679, 0.0)], [-0.05739097, -0.08654767, -2.249432, 1.0)]])
-0.05739097, -0.08654767, -2.249432
float3(-0.17526491, 0.27831358, -1.5864856)
100.43547
644511.860491375
normal
simd_float4x4([[0.055634946, -0.9822038, 0.1793889, 0.0)], [0.9557663, 0.00041837024, -0.2941268, 0.0)], [0.2888174, 0.18781759, 0.93878055, 0.0)], [-0.061567623, -0.08797082, -2.3390398, 1.0)]])
-0.061567623, -0.08797082, -2.3390398
float3(-0.18893972, 0.2984618, -1.5703704)
100.43547
644511.927148708
normal
simd_float4x4([[0.08162637, -0.9768186, 0.19789502, 0.0)], [0.9461452, 0.013533112, -0.3234594, 0.0)], [0.31328306, 0.21364026, 0.925317, 0.0)], [-0.06659244, -0.089532584, -2.3957927, 1.0)]])
-0.06659244, -0.089532584, -2.3957927
float3(-0.21529974, 0.32645464, -1.5569429)
100.43547
644512.027134833
normal
simd_float4x4([[0.1261447, -0.9721163, 0.19767985, 0.0)], [0.9314067, 0.04747921, -0.3608699, 0.0)], [0.34142184, 0.22964221, 0.911425, 0.0)], [-0.08480394, -0.09939268, -2.4808073, 1.0)]])
-0.08480394, -0.09939268, -2.4808073
float3(-0.23171006, 0.3584219, -1.521994)
100.43547
644512.077128208
normal
simd_float4x4([[0.13378705, -0.97339094, 0.18604043, 0.0)], [0.9241767, 0.05477378, -0.37801754, 0.0)], [0.35776877, 0.22250812, 0.9069133, 0.0)], [-0.09724276, -0.106738985, -2.5258756, 1.0)]])
-0.09724276, -0.106738985, -2.5258756
float3(-0.22438633, 0.3757479, -1.5145845)
100.43547
644512.143785541
normal
simd_float4x4([[0.13372026, -0.9767129, 0.16778232, 0.0)], [0.9210606, 0.060004435, -0.3847686, 0.0)], [0.36574075, 0.20598905, 0.9076355, 0.0)], [-0.115236424, -0.11315063, -2.591105, 1.0)]])
-0.115236424, -0.11315063, -2.591105
float3(-0.20747432, 0.38305545, -1.5094384)
100.4353
644512.193778666
normal
simd_float4x4([[0.12207336, -0.98176974, 0.14569207, 0.0)], [0.92095107, 0.05731276, -0.38544068, 0.0)], [0.37006396, 0.1812273, 0.91115826, 0.0)], [-0.12763193, -0.11618983, -2.6409829, 0.99999994)]])
-0.12763193, -0.11618983, -2.6409829
float3(-0.18223427, 0.38579404, -1.5124855)
100.4353
644512.260436125
normal
simd_float4x4([[0.11309521, -0.98627865, 0.12026588, 0.0)], [0.93049747, 0.062691815, -0.3608938, 0.0)], [0.34840208, 0.15272243, 0.9248199, 0.0)], [-0.14173561, -0.11333734, -2.7125292, 1.0)]])
-0.14173561, -0.11333734, -2.7125292
float3(-0.15332244, 0.3602815, -1.5073178)
100.4353
644512.360422208
normal
simd_float4x4([[0.08978709, -0.9913135, 0.096102685, 0.0)], [0.9395528, 0.052294064, -0.33838695, 0.0)], [0.33042192, 0.12067633, 0.9360867, 0.0)], [-0.18053877, -0.10267185, -2.8186808, 1.0)]])
-0.18053877, -0.10267185, -2.8186808
float3(-0.120971166, 0.33932906, -1.5180929)
100.4353
644512.410415375
normal
simd_float4x4([[0.070874564, -0.9930605, 0.093849145, 0.0)], [0.9464112, 0.037226956, -0.3208112, 0.0)], [0.3150912, 0.111557245, 0.942482, 0.0)], [-0.18533611, -0.09694417, -2.8707304, 1.0)]])
-0.18533611, -0.09694417, -2.8707304
float3(-0.11178994, 0.32263887, -1.5333267)
100.4353
644512.510401708
normal
simd_float4x4([[0.0657674, -0.9886525, 0.13505834, 0.0)], [0.9544584, 0.022856181, -0.29746714, 0.0)], [0.29100475, 0.14847122, 0.94513094, 0.0)], [-0.19403017, -0.08597571, -2.966096, 1.0)]])
-0.19403017, -0.08597571, -2.966096
float3(-0.14902218, 0.2986876, -1.5476819)
100.4353
644512.56039475
normal
simd_float4x4([[0.03719206, -0.9892338, 0.1415389, 0.0)], [0.9649609, -0.0012632108, -0.26239073, 0.0)], [0.25974458, 0.14633837, 0.9545249, 0.0)], [-0.19871888, -0.08582628, -3.0106392, 1.0)]])
-0.19871888, -0.08582628, -3.0106392
float3(-0.14686577, 0.26568604, -1.5720733)
100.4353
644512.610387833
normal
simd_float4x4([[-0.01158407, -0.9924977, 0.12171369, 0.0)], [0.9650877, -0.042950403, -0.2583812, 0.0)], [0.2616704, 0.11447129, 0.9583448, 0.0)], [-0.20028943, -0.09041559, -3.0561032, 0.99999994)]])
-0.20028943, -0.09041559, -3.0561032
float3(-0.11472277, 0.26654693, -1.6140444)
100.4353
644512.67704525
normal
simd_float4x4([[-0.04753575, -0.9935342, 0.103102, 0.0)], [0.9608408, -0.07369159, -0.26712212, 0.0)], [0.27299273, 0.08636677, 0.95813125, 0.0)], [-0.20948657, -0.102033004, -3.1213555, 0.9999999)]])
-0.20948657, -0.102033004, -3.1213555
float3(-0.08647451, 0.27756706, -1.6448319)
100.4353
644512.727038416
normal
simd_float4x4([[-0.04528148, -0.99423385, 0.09720418, 0.0)], [0.95809937, -0.07077176, -0.2775551, 0.0)], [0.282834, 0.080563165, 0.9557795, 0.0)], [-0.21746275, -0.11113918, -3.1735892, 1.0)]])
-0.21746275, -0.11113918, -3.1735892
float3(-0.08065057, 0.2877092, -1.6418587)
100.4353
644512.777031416
normal
simd_float4x4([[-0.026924774, -0.9949747, 0.09643901, 0.0)], [0.957696, -0.053326465, -0.28279763, 0.0)], [0.28651923, 0.084745005, 0.95431906, 0.0)], [-0.23088235, -0.12029924, -3.230314, 0.99999994)]])
-0.23088235, -0.12029924, -3.230314
float3(-0.08484677, 0.29167163, -1.6243409)
100.4353
644512.843689041
normal
simd_float4x4([[-0.00084839767, -0.993743, 0.1116871, 0.0)], [0.95519143, -0.03386328, -0.2940448, 0.0)], [0.29598704, 0.106433116, 0.9492436, 0.0)], [-0.24389708, -0.12893957, -3.3074045, 1.0)]])
-0.24389708, -0.12893957, -3.3074045
float3(-0.10663509, 0.3022594, -1.6048596)
100.4353
644512.893682083
normal
simd_float4x4([[-0.0039303387, -0.9913781, 0.13097349, 0.0)], [0.94761896, -0.045523196, -0.3161421, 0.0)], [0.3193787, 0.122870415, 0.9396276, 0.0)], [-0.25161797, -0.13161671, -3.3697703, 0.99999994)]])
-0.25161797, -0.13161671, -3.3697703
float3(-0.1231817, 0.3276482, -1.6166832)
100.4353
644512.960339541
normal
simd_float4x4([[0.0023473545, -0.9896465, 0.14350721, 0.0)], [0.9375038, -0.047758177, -0.34468207, 0.0)], [0.34796706, 0.13534763, 0.9276853, 0.0)], [-0.26333034, -0.12603688, -3.444554, 0.99999994)]])
-0.26333034, -0.12603688, -3.444554
float3(-0.13576432, 0.35885105, -1.6190168)
100.4353
644513.0103325
normal
simd_float4x4([[0.0045885793, -0.9907908, 0.13532354, 0.0)], [0.93897444, -0.042277355, -0.34137872, 0.0)], [0.34395605, 0.12863179, 0.9301332, 0.0)], [-0.27267006, -0.11883475, -3.4942398, 0.9999999)]])
-0.27267006, -0.11883475, -3.4942398
float3(-0.12898917, 0.35419717, -1.6134408)
100.4353
644513.076990125
normal
simd_float4x4([[-0.0066029793, -0.991658, 0.12872767, 0.0)], [0.9437059, -0.048754178, -0.32717282, 0.0)], [0.33071956, 0.119320765, 0.93615544, 0.0)], [-0.28292432, -0.11486768, -3.5542183, 0.99999994)]])
-0.28292432, -0.11486768, -3.5542183
float3(-0.119605735, 0.3395887, -1.6199211)
100.43504
644513.176976125
normal
simd_float4x4([[0.022375159, -0.9885582, 0.1491711, 0.0)], [0.9405397, -0.029771922, -0.33837655, 0.0)], [0.33894604, 0.14787257, 0.9291121, 0.0)], [-0.30573842, -0.12133703, -3.649542, 1.0)]])
-0.30573842, -0.12133703, -3.649542
float3(-0.14841685, 0.349804, -1.6009037)
100.43504
644513.24363375
normal
simd_float4x4([[0.05409925, -0.98564374, 0.15993646, 0.0)], [0.9361467, -0.005664386, -0.351564, 0.0)], [0.34742287, 0.16874333, 0.9224008, 0.0)], [-0.3203951, -0.13014087, -3.7159212, 1.0)]])
-0.3203951, -0.13014087, -3.7159212
float3(-0.16955458, 0.36021703, -1.5765432)
100.43504
644513.3269555
normal
simd_float4x4([[0.07737395, -0.9845317, 0.15719594, 0.0)], [0.93407404, 0.016455747, -0.35670003, 0.0)], [0.3485957, 0.17443193, 0.92089874, 0.0)], [-0.3414204, -0.14348629, -3.801348, 1.0)]])
-0.3414204, -0.14348629, -3.801348
float3(-0.17532884, 0.36186936, -1.5540836)
100.43504
644513.393613
normal
simd_float4x4([[0.073748246, -0.98575556, 0.15115264, 0.0)], [0.93656117, 0.016381353, -0.35012102, 0.0)], [0.3426577, 0.16738452, 0.9244285, 0.0)], [-0.36082184, -0.15466549, -3.8748376, 0.9999999)]])
-0.36082184, -0.15466549, -3.8748376
float3(-0.16817616, 0.35496888, -1.5541798)
100.43504
644513.443606125
normal
simd_float4x4([[0.06132618, -0.9885454, 0.13790247, 0.0)], [0.93667597, 0.009272812, -0.3500746, 0.0)], [0.34478593, 0.15063868, 0.92651546, 0.0)], [-0.3744569, -0.15813515, -3.9280655, 1.0)]])
-0.3744569, -0.15813515, -3.9280655
float3(-0.1512143, 0.35625377, -1.5614164)
100.43504
644513.510263541
normal
simd_float4x4([[0.066898026, -0.98630726, 0.15074044, 0.0)], [0.94991076, 0.016734265, -0.31207302, 0.0)], [0.30527735, 0.16406704, 0.93802327, 0.0)], [-0.39443722, -0.16006756, -4.0058165, 1.0)]])
-0.39443722, -0.16006756, -4.0058165
float3(-0.16481216, 0.31463662, -1.5538313)
100.43504
644513.576921166
normal
simd_float4x4([[0.06358973, -0.9842926, 0.16469446, 0.0)], [0.9523658, 0.010531184, -0.30477595, 0.0)], [0.29825434, 0.17623, 0.9380763, 0.0)], [-0.40776783, -0.15298107, -4.078498, 1.0)]])
-0.40776783, -0.15298107, -4.078498
float3(-0.17715518, 0.30783546, -1.5600975)
100.43504
644513.626914083
normal
simd_float4x4([[0.052854728, -0.98330367, 0.17412718, 0.0)], [0.9609449, 0.002649025, -0.27672693, 0.0)], [0.27164537, 0.18195297, 0.94504064, 0.0)], [-0.4158647, -0.14889476, -4.1343975, 0.99999994)]])
-0.4158647, -0.14889476, -4.1343975
float3(-0.18297221, 0.2798972, -1.5681024)
100.43504
644513.676907208
normal
simd_float4x4([[0.040903583, -0.9805148, 0.19213948, 0.0)], [0.95436716, -0.018593619, -0.29805622, 0.0)], [0.29582107, 0.19556317, 0.93501055, 0.0)], [-0.41923907, -0.14006785, -4.185615, 1.0)]])
-0.41923907, -0.14006785, -4.185615
float3(-0.19683167, 0.30641812, -1.5897572)
100.43504
644513.743564791
normal
simd_float4x4([[0.040945698, -0.97796446, 0.20471665, 0.0)], [0.96477175, -0.014593888, -0.26268286, 0.0)], [0.2598821, 0.20826061, 0.94291496, 0.0)], [-0.42758065, -0.13551721, -4.2514334, 0.99999994)]])
-0.42758065, -0.13551721, -4.2514334
float3(-0.20979623, 0.26893845, -1.5857179)
100.43504
644513.793557708
normal
simd_float4x4([[0.01594999, -0.9798511, 0.19909132, 0.0)], [0.96979386, -0.033311527, -0.24164055, 0.0)], [0.24340379, 0.19693172, 0.9497223, 0.0)], [-0.43477163, -0.13746014, -4.2961445, 0.99999994)]])
-0.43477163, -0.13746014, -4.2961445
float3(-0.19822736, 0.25088933, -1.6047797)
100.43504
644513.860215208
normal
simd_float4x4([[-0.025139894, -0.9829977, 0.18188861, 0.0)], [0.96353847, -0.072309725, -0.25761393, 0.0)], [0.26638624, 0.16878027, 0.9489739, 0.0)], [-0.44245484, -0.14786944, -4.3641477, 0.99999994)]])
-0.44245484, -0.14786944, -4.3641477
float3(-0.16959205, 0.27366674, -1.6442245)
100.43504
644513.910208291
normal
simd_float4x4([[-0.026060373, -0.98378485, 0.17744908, 0.0)], [0.95987064, -0.074208386, -0.27044657, 0.0)], [0.27922943, 0.16328023, 0.9462401, 0.0)], [-0.45267287, -0.15616497, -4.414896, 0.99999994)]])
-0.45267287, -0.15616497, -4.414896
float3(-0.1640146, 0.2869495, -1.6460853)
100.43504
644514.010194541
normal
simd_float4x4([[4.1200507e-05, -0.9844402, 0.17571954, 0.0)], [0.9531815, -0.05309865, -0.29770005, 0.0)], [0.30239838, 0.16750489, 0.9383482, 0.0)], [-0.47720462, -0.17505082, -4.5224204, 1.0)]])
-0.47720462, -0.17505082, -4.5224204
float3(-0.16829826, 0.31175774, -1.6246821)
100.43495
644514.060187541
normal
simd_float4x4([[0.008438251, -0.9839084, 0.17847437, 0.0)], [0.942262, -0.0519285, -0.33082584, 0.0)], [0.33477023, 0.17096119, 0.92666125, 0.0)], [-0.489109, -0.17925069, -4.5724916, 1.0)]])
-0.489109, -0.17925069, -4.5724916
float3(-0.17180513, 0.34667495, -1.6235251)
100.43495
644514.160173791
normal
simd_float4x4([[0.024110258, -0.9801712, 0.19668028, 0.0)], [0.9017299, -0.06361969, -0.42759305, 0.0)], [0.43162712, 0.18766187, 0.8823157, 0.0)], [-0.5223127, -0.17389736, -4.676683, 1.0)]])
-0.5223127, -0.17389736, -4.676683
float3(-0.18878119, 0.45496878, -1.6356121)
100.43495
644514.210166875
normal
simd_float4x4([[0.024030581, -0.9851159, 0.17020336, 0.0)], [0.8845745, -0.0583705, -0.46273205, 0.0)], [0.4657795, 0.16167726, 0.87000567, 0.0)], [-0.53903556, -0.16489854, -4.720987, 0.99999994)]])
-0.53903556, -0.16489854, -4.720987
float3(-0.16239004, 0.4915457, -1.6299796)
100.43495
644514.276824291
normal
simd_float4x4([[0.031541325, -0.9879674, 0.15141204, 0.0)], [0.86403245, -0.04920069, -0.50102615, 0.0)], [0.5024472, 0.14662793, 0.852084, 0.0)], [-0.56905967, -0.15623756, -4.7700377, 0.9999999)]])
-0.56905967, -0.15623756, -4.7700377
float3(-0.14715849, 0.5327883, -1.6205552)
100.43495
644514.326817416
normal
simd_float4x4([[0.065425836, -0.98585016, 0.15433379, 0.0)], [0.8373489, -0.02988189, -0.5458515, 0.0)], [0.5427395, 0.16494401, 0.82354546, 0.0)], [-0.5974021, -0.15428403, -4.807419, 0.99999994)]])
-0.5974021, -0.15428403, -4.807419
float3(-0.16570124, 0.5826956, -1.6010978)
100.43495
644514.393474916
normal
simd_float4x4([[0.110105805, -0.9838717, 0.14097261, 0.0)], [0.79972625, 0.0034770153, -0.6003546, 0.0)], [0.5901817, 0.17884204, 0.7872109, 0.0)], [-0.63724, -0.15829918, -4.8549385, 1.0)]])
-0.63724, -0.15829918, -4.8549385
float3(-0.17980939, 0.643317, -1.5672623)
100.43495
644514.443468125
normal
simd_float4x4([[0.13228565, -0.98368645, 0.12190804, 0.0)], [0.74587846, 0.01778739, -0.66584456, 0.0)], [0.65281385, 0.17901027, 0.73606354, 0.0)], [-0.6696774, -0.16485552, -4.8912807, 1.0000001)]])
-0.6696774, -0.16485552, -4.8912807
float3(-0.17998038, 0.7255295, -1.5527159)
100.43495
644514.510125375
normal
simd_float4x4([[0.17868249, -0.9789676, 0.09846302, 0.0)], [0.68373173, 0.051583808, -0.7279079, 0.0)], [0.70751923, 0.19738671, 0.67856836, 0.0)], [-0.7179247, -0.17384078, -4.937368, 0.99999994)]])
-0.7179247, -0.17384078, -4.937368
float3(-0.19869147, 0.80628186, -1.518153)
100.43495
644514.560118583
normal
simd_float4x4([[0.2137839, -0.9732849, 0.0837438, 0.0)], [0.64888954, 0.07740128, -0.7569356, 0.0)], [0.730232, 0.2161611, 0.64810157, 0.0)], [-0.75534207, -0.17842682, -4.9724054, 1.0)]])
-0.75534207, -0.17842682, -4.9724054
float3(-0.21788089, 0.84491456, -1.4914376)
100.43495
644514.626775833
normal
simd_float4x4([[0.21322635, -0.9745209, 0.069595166, 0.0)], [0.61454713, 0.078404926, -0.7849741, 0.0)], [0.7595171, 0.21014668, 0.615607, 0.0)], [-0.80436534, -0.18228476, -5.015354, 0.99999994)]])
-0.80436534, -0.18228476, -5.015354
float3(-0.21172498, 0.889671, -1.4905144)
100.43495
644514.676769
normal
simd_float4x4([[0.1917119, -0.980101, 0.051463325, 0.0)], [0.5929422, 0.073878385, -0.8018487, 0.0)], [0.7820907, 0.18423878, 0.5953066, 0.0)], [-0.8403058, -0.18394962, -5.050568, 0.9999999)]])
-0.8403058, -0.18394962, -5.050568
float3(-0.18529733, 0.9201826, -1.4955603)
100.43495
644514.743426541
normal
simd_float4x4([[0.1753883, -0.9837158, 0.039270524, 0.0)], [0.55578876, 0.066010356, -0.8286986, 0.0)], [0.81261164, 0.1671702, 0.55831563, 0.0)], [-0.8911707, -0.17967293, -5.09085, 0.9999999)]])
-0.8911707, -0.17967293, -5.09085
float3(-0.16795878, 0.9688056, -1.5037937)
100.43495
644514.826748375
normal
simd_float4x4([[0.15641108, -0.9874817, 0.020384027, 0.0)], [0.4902016, 0.059695054, -0.86956245, 0.0)], [0.85746014, 0.1460015, 0.49340203, 0.0)], [-0.9480036, -0.17080678, -5.141627, 1.0)]])
-0.9480036, -0.17080678, -5.141627
float3(-0.14652525, 1.0486444, -1.5104179)
100.43495
644514.876741583
normal
simd_float4x4([[0.15898213, -0.9870815, 0.019868309, 0.0)], [0.43545544, 0.052046243, -0.89870447, 0.0)], [0.8860605, 0.1515297, 0.4381045, 0.0)], [-0.9818641, -0.16489518, -5.168025, 1.0)]])
-0.9818641, -0.16489518, -5.168025
float3(-0.15211566, 1.1116059, -1.5181177)
100.43495
644514.926734583
normal
simd_float4x4([[0.16521761, -0.98607236, 0.01909075, 0.0)], [0.40272427, 0.049782187, -0.9139666, 0.0)], [0.90028673, 0.15869169, 0.40534016, 0.0)], [-1.0108397, -0.16051602, -5.1934233, 1.0)]])
-1.0108397, -0.16051602, -5.1934233
float3(-0.15936542, 1.1477474, -1.5203538)
100.43495
644514.976727666
normal
simd_float4x4([[0.16482651, -0.9860982, 0.02103573, 0.0)], [0.37707615, 0.04329236, -0.9251699, 0.0)], [0.91139764, 0.16042462, 0.37896985, 0.0)], [-1.041624, -0.1603875, -5.215577, 1.0)]])
-1.041624, -0.1603875, -5.215577
float3(-0.16112083, 1.1767339, -1.5269219)
100.43487
644515.043385125
normal
simd_float4x4([[0.14596598, -0.98874, 0.032970354, 0.0)], [0.32091695, 0.015798736, -0.9469755, 0.0)], [0.9357918, 0.14880696, 0.31960952, 0.0)], [-1.0812162, -0.16684428, -5.2521825, 1.0)]])
-1.0812162, -0.16684428, -5.2521825
float3(-0.14936168, 1.2416788, -1.554819)
100.43487
644515.093378333
normal
simd_float4x4([[0.15113139, -0.9878302, 0.03675232, 0.0)], [0.26823395, 0.005196842, -0.96333975, 0.0)], [0.9514252, 0.15544912, 0.26575503, 0.0)], [-1.1175119, -0.1736865, -5.2767267, 1.0)]])
-1.1175119, -0.1736865, -5.2767267
float3(-0.15608208, 1.2984154, -1.5655355)
100.43487
644515.143371458
normal
simd_float4x4([[0.1578199, -0.98703927, 0.029091312, 0.0)], [0.21545087, 0.0056682797, -0.97649825, 0.0)], [0.9636773, 0.16037859, 0.21355304, 0.0)], [-1.1546437, -0.18107486, -5.302033, 1.0)]])
-1.1546437, -0.18107486, -5.302033
float3(-0.16107419, 1.3527182, -1.5650537)
100.43487
644515.193364416
normal
simd_float4x4([[0.1624744, -0.9865906, 0.0155269075, 0.0)], [0.16981797, 0.012457958, -0.9853966, 0.0)], [0.9719897, 0.16273849, 0.1695649, 0.0)], [-1.192039, -0.18797779, -5.3264894, 1.0)]])
-1.192039, -0.18797779, -5.3264894
float3(-0.16346551, 1.3980831, -1.5581697)
100.43487
644515.260021875
normal
simd_float4x4([[0.17620346, -0.98431635, -0.008581869, 0.0)], [0.11416297, 0.029094324, -0.9930359, 0.0)], [0.9777112, 0.17399664, 0.11749901, 0.0)], [-1.2439094, -0.1947411, -5.36084, 1.0)]])
-1.2439094, -0.1947411, -5.36084
float3(-0.17488678, 1.4511923, -1.541247)
100.43487
644515.310014958
normal
simd_float4x4([[0.19380584, -0.98084164, -0.019720452, 0.0)], [0.05675337, 0.031277362, -0.9978982, 0.0)], [0.97939694, 0.1922793, 0.061727803, 0.0)], [-1.2852124, -0.19798559, -5.3894224, 1.0)]])
-1.2852124, -0.19798559, -5.3894224
float3(-0.19348426, 1.5078533, -1.5389189)
100.43487
644515.360008041
normal
simd_float4x4([[0.24190837, -0.9697239, -0.033404395, 0.0)], [0.0029706538, 0.035166927, -0.9993771, 0.0)], [0.97029454, 0.24165843, 0.011387888, 0.0)], [-1.3276083, -0.19658303, -5.412787, 1.0)]])
-1.3276083, -0.19658303, -5.412787
float3(-0.24407458, 1.5590603, -1.5345473)
100.43487
644515.410001166
normal
simd_float4x4([[0.2682841, -0.96112496, -0.06528741, 0.0)], [-0.039879363, 0.056633215, -0.99759823, 0.0)], [0.96251404, 0.2702434, -0.023135256, 0.0)], [-1.3643423, -0.19020443, -5.43562, 1.0)]])
-1.3643423, -0.19020443, -5.43562
float3(-0.27364585, 1.594828, -1.5119405)
100.43487
644515.459994416
normal
simd_float4x4([[0.24325934, -0.96646297, -0.082305565, 0.0)], [-0.065251336, 0.06835673, -0.99552476, 0.0)], [0.96776396, 0.24754128, -0.04643459, 0.0)], [-1.3935292, -0.18003196, -5.447999, 1.0)]])
-1.3935292, -0.18003196, -5.447999
float3(-0.25014174, 1.6187409, -1.5001851)
100.43487
644515.526651666
normal
simd_float4x4([[0.2177507, -0.9729962, -0.076571286, 0.0)], [-0.11712773, 0.05183571, -0.9917631, 0.0)], [0.96895087, 0.22492576, -0.10267756, 0.0)], [-1.4319774, -0.17192116, -5.474106, 1.0)]])
-1.4319774, -0.17192116, -5.474106
float3(-0.22686684, 1.6763701, -1.5175723)
100.43487
644515.609973541
normal
simd_float4x4([[0.23760879, -0.96769017, -0.084367186, 0.0)], [-0.17038001, 0.04398819, -0.9843961, 0.0)], [0.95630157, 0.24827565, -0.1544231, 0.0)], [-1.4831682, -0.16348286, -5.4799175, 1.0000001)]])
-1.4831682, -0.16348286, -5.4799175
float3(-0.25089976, 1.7308939, -1.5253707)
100.43487
644515.659966541
normal
simd_float4x4([[0.2521355, -0.96316594, -0.09348282, 0.0)], [-0.19950968, 0.042788662, -0.97896105, 0.0)], [0.94690204, 0.2654816, -0.18137239, 0.0)], [-1.5176436, -0.16747092, -5.4935145, 0.9999999)]])
-1.5176436, -0.16747092, -5.4935145
float3(-0.2687034, 1.7600471, -1.5264004)
100.43487
644515.726624208
normal
simd_float4x4([[0.25675, -0.96190906, -0.093864165, 0.0)], [-0.23868331, 0.031003812, -0.9706024, 0.0)], [0.9365413, 0.27160597, -0.2216314, 0.0)], [-1.5560298, -0.1625902, -5.4781036, 0.99999994)]])
-1.5560298, -0.1625902, -5.4781036
float3(-0.27506134, 1.8031702, -1.5385759)
100.43487
644515.77661725
normal
simd_float4x4([[0.24780446, -0.9628611, -0.10719756, 0.0)], [-0.25840372, 0.040951006, -0.9651686, 0.0)], [0.9337132, 0.26687333, -0.23865907, 0.0)], [-1.5915726, -0.16712467, -5.4868493, 0.99999994)]])
-1.5915726, -0.16712467, -5.4868493
float3(-0.27014723, 1.8210406, -1.5282913)
100.43487
644515.82661025
normal
simd_float4x4([[0.2370626, -0.9654254, -0.10842127, 0.0)], [-0.2524266, 0.046557456, -0.96649534, 0.0)], [0.93812686, 0.25648832, -0.232662, 0.0)], [-1.6138197, -0.16447598, -5.470101, 1.0)]])
-1.6138197, -0.16447598, -5.470101
float3(-0.25938722, 1.8138983, -1.5226089)
100.43487
644515.893267791
normal
simd_float4x4([[0.18894126, -0.9787427, -0.07977462, 0.0)], [-0.25668508, 0.029188678, -0.9660542, 0.0)], [0.947847, 0.20300446, -0.2457137, 0.0)], [-1.6618658, -0.16552895, -5.4815574, 1.0)]])
-1.6618658, -0.16552895, -5.4815574
float3(-0.2044253, 1.8244463, -1.5409825)
100.43437
644515.943260875
normal
simd_float4x4([[0.17383464, -0.9826791, -0.06421395, 0.0)], [-0.25253332, 0.0185434, -0.9674105, 0.0)], [0.95184475, 0.18438561, -0.2449357, 0.0)], [-1.6840308, -0.15815936, -5.466116, 1.0)]])
-1.6840308, -0.15815936, -5.466116
float3(-0.18544672, 1.8226594, -1.5519283)
100.43437
644515.993253875
normal
simd_float4x4([[0.1815717, -0.98167676, -0.05781362, 0.0)], [-0.2684733, 0.007072037, -0.96326107, 0.0)], [0.94602, 0.19042239, -0.26226994, 0.0)], [-1.7247832, -0.15355992, -5.472762, 1.0)]])
-1.7247832, -0.15355992, -5.472762
float3(-0.19159238, 1.8412393, -1.5635924)
100.43437
644516.059911541
normal
simd_float4x4([[0.18393484, -0.9814579, -0.0539304, 0.0)], [-0.27255696, 0.0017889272, -0.962138, 0.0)], [0.9443943, 0.19166979, -0.26717418, 0.0)], [-1.7576984, -0.13953212, -5.459324, 1.0)]])
-1.7576984, -0.13953212, -5.459324
float3(-0.1928632, 1.846497, -1.5689737)
100.43437
644516.109904625
normal
simd_float4x4([[0.18576196, -0.98153245, -0.04567809, 0.0)], [-0.2862178, -0.009580376, -0.9581166, 0.0)], [0.939985, 0.1910555, -0.28271174, 0.0)], [-1.7901763, -0.13199261, -5.4671125, 0.99999994)]])
-1.7901763, -0.13199261, -5.4671125
float3(-0.19223735, 1.862952, -1.5805566)
100.43437
644516.159897541
normal
