ARKit Data
513170.187034708
normal
simd_float4x4([[-0.00826476, 0.449301, 0.893342, 0.0)], [-0.220307, -0.87224, 0.436649, 0.0)], [0.975395, -0.193201, 0.106193, 0.0)], [0.247503, 0.360414, -0.263576, 1.0)]])
0.247503, 0.360414, -0.263576
float3(0.194424, 1.46235, 2.66593)
513170.527190958
notAvailable
simd_float4x4([[1.0, 0.0, 0.0, 0.0)], [0.0, 1.0, 0.0, 0.0)], [0.0, 0.0, 1.0, 0.0)], [0.0, 0.0, 0.0, 1.0)]])
0.0, 0.0, 0.0
float3(-0.0, 0.0, 0.0)
513170.627214125
notAvailable
simd_float4x4([[1.0, 0.0, 0.0, 0.0)], [0.0, 1.0, 0.0, 0.0)], [0.0, 0.0, 1.0, 0.0)], [0.0, 0.0, 0.0, 1.0)]])
0.0, 0.0, 0.0
float3(-0.0, 0.0, 0.0)
513170.727270416
limited(__ObjC.ARCamera.TrackingState.Reason.initializing)
simd_float4x4([[-0.890643, 0.448714, 0.0735516, 0.0)], [-0.454702, -0.87897, -0.143729, 0.0)], [0.000156388, -0.161455, 0.98688, 0.0)], [0.0, 0.0, 0.0, 1.0)]])
0.0, 0.0, 0.0
float3(0.162165, 0.000158467, 2.66958)
513170.827327083
limited(__ObjC.ARCamera.TrackingState.Reason.initializing)
simd_float4x4([[-0.890528, 0.448656, 0.0752902, 0.0)], [-0.454929, -0.878307, -0.147027, 0.0)], [0.000163221, -0.165184, 0.986263, 0.0)], [0.0, 0.0, 0.0, 1.0)]])
0.0, 0.0, 0.0
float3(0.165944, 0.000165495, 2.66933)
513170.927383541
limited(__ObjC.ARCamera.TrackingState.Reason.initializing)
simd_float4x4([[-0.890288, 0.449069, 0.0756545, 0.0)], [-0.455397, -0.877663, -0.149403, 0.0)], [-0.000692923, -0.167464, 0.985878, 0.0)], [0.0, 0.0, 0.0, 1.0)]])
0.0, 0.0, 0.0
float3(0.168257, -0.000702849, 2.66866)
513171.027439958
limited(__ObjC.ARCamera.TrackingState.Reason.initializing)
simd_float4x4([[-0.890298, 0.448944, 0.0762839, 0.0)], [-0.455379, -0.877499, -0.150421, 0.0)], [-0.000591734, -0.168658, 0.985675, 0.0)], [0.0, 0.0, 0.0, 1.0)]])
0.0, 0.0, 0.0
float3(0.169468, -0.000600334, 2.66869)
513171.127496625
limited(__ObjC.ARCamera.TrackingState.Reason.initializing)
simd_float4x4([[-0.889641, 0.450245, 0.0762753, 0.0)], [-0.456659, -0.876851, -0.150313, 0.0)], [-0.000795633, -0.168557, 0.985692, 0.0)], [0.0, 0.0, 0.0, 1.0)]])
0.0, 0.0, 0.0
float3(0.169365, -0.000807182, 2.66722)
513171.227552916
limited(__ObjC.ARCamera.TrackingState.Reason.initializing)
simd_float4x4([[-0.889657, 0.450297, 0.0757787, 0.0)], [-0.456627, -0.87694, -0.149894, 0.0)], [-0.00104351, -0.167957, 0.985794, 0.0)], [0.0, 0.0, 0.0, 1.0)]])
0.0, 0.0, 0.0
float3(0.168757, -0.00105855, 2.66721)
513171.327609416
limited(__ObjC.ARCamera.TrackingState.Reason.initializing)
simd_float4x4([[-0.889641, 0.450435, 0.0751469, 0.0)], [-0.456656, -0.876781, -0.150732, 0.0)], [-0.00200748, -0.168413, 0.985714, 0.0)], [0.0, 0.0, 0.0, 1.0)]])
0.0, 0.0, 0.0
float3(0.16922, -0.00203657, 2.66702)
513171.427665791
limited(__ObjC.ARCamera.TrackingState.Reason.initializing)
simd_float4x4([[-0.889741, 0.450459, 0.0737995, 0.0)], [-0.456451, -0.876741, -0.151583, 0.0)], [-0.00357897, -0.168555, 0.985686, 0.0)], [0.0, 0.0, 0.0, 1.0)]])
0.0, 0.0, 0.0
float3(0.169364, -0.00363093, 2.66698)
513171.527722458
limited(__ObjC.ARCamera.TrackingState.Reason.initializing)
simd_float4x4([[-0.889789, 0.450561, 0.0725915, 0.0)], [-0.456349, -0.87682, -0.151437, 0.0)], [-0.00458201, -0.167874, 0.985798, 0.0)], [0.0, 0.0, 0.0, 1.0)]])
0.0, 0.0, 0.0
float3(0.168673, -0.00464799, 2.66692)
513171.627778833
limited(__ObjC.ARCamera.TrackingState.Reason.initializing)
simd_float4x4([[-0.889789, 0.450654, 0.0720192, 0.0)], [-0.45634, -0.87668, -0.152271, 0.0)], [-0.00548377, -0.168354, 0.985711, 0.0)], [0.0, 0.0, 0.0, 1.0)]])
0.0, 0.0, 0.0
float3(0.16916, -0.0055632, 2.66677)
513171.727835416
limited(__ObjC.ARCamera.TrackingState.Reason.initializing)
simd_float4x4([[-0.889378, 0.451538, 0.07155, 0.0)], [-0.457125, -0.876088, -0.153315, 0.0)], [-0.0065433, -0.169062, 0.985583, 0.0)], [0.0, 0.0, 0.0, 1.0)]])
0.0, 0.0, 0.0
float3(0.169878, -0.00663891, 2.6657)
513171.82789175
limited(__ObjC.ARCamera.TrackingState.Reason.initializing)
simd_float4x4([[-0.888973, 0.452529, 0.0703114, 0.0)], [-0.457885, -0.875521, -0.154283, 0.0)], [-0.00825844, -0.169348, 0.985521, 0.0)], [0.0, 0.0, 0.0, 1.0)]])
0.0, 0.0, 0.0
float3(0.170168, -0.00837957, 2.66454)
513171.927948166
limited(__ObjC.ARCamera.TrackingState.Reason.initializing)
simd_float4x4([[-0.888804, 0.453102, 0.0687394, 0.0)], [-0.458168, -0.875111, -0.155761, 0.0)], [-0.0104211, -0.169935, 0.985399, 0.0)], [0.0, 0.0, 0.0, 1.0)]])
0.0, 0.0, 0.0
float3(0.170764, -0.0105751, 2.66383)
513172.028004833
limited(__ObjC.ARCamera.TrackingState.Reason.initializing)
simd_float4x4([[-0.888636, 0.453513, 0.0682068, 0.0)], [-0.458457, -0.874574, -0.157914, 0.0)], [-0.011964, -0.171598, 0.985094, 0.0)], [0.0, 0.0, 0.0, 1.0)]])
0.0, 0.0, 0.0
float3(0.172451, -0.0121444, 2.66321)
513172.128061166
limited(__ObjC.ARCamera.TrackingState.Reason.initializing)
simd_float4x4([[-0.888301, 0.454054, 0.068966, 0.0)], [-0.459102, -0.87396, -0.159433, 0.0)], [-0.0121178, -0.173287, 0.984796, 0.0)], [0.0, 0.0, 0.0, 1.0)]])
0.0, 0.0, 0.0
float3(0.174166, -0.0123042, 2.66244)
513172.228117708
limited(__ObjC.ARCamera.TrackingState.Reason.initializing)
simd_float4x4([[-0.887933, 0.454787, 0.0688801, 0.0)], [-0.459791, -0.873349, -0.160786, 0.0)], [-0.0129671, -0.174438, 0.984582, 0.0)], [0.0, 0.0, 0.0, 1.0)]])
0.0, 0.0, 0.0
float3(0.175335, -0.0131694, 2.66149)
513172.328174083
limited(__ObjC.ARCamera.TrackingState.Reason.initializing)
simd_float4x4([[-0.887586, 0.455489, 0.0687082, 0.0)], [-0.460442, -0.872868, -0.161537, 0.0)], [-0.0136053, -0.175014, 0.984471, 0.0)], [0.0, 0.0, 0.0, 1.0)]])
0.0, 0.0, 0.0
float3(0.17592, -0.013819, 2.66063)
513172.428230666
limited(__ObjC.ARCamera.TrackingState.Reason.initializing)
simd_float4x4([[-0.887317, 0.455953, 0.0691022, 0.0)], [-0.460982, -0.872797, -0.160378, 0.0)], [-0.0128127, -0.174161, 0.984633, 0.0)], [0.0, 0.0, 0.0, 1.0)]])
0.0, 0.0, 0.0
float3(0.175054, -0.0130119, 2.66018)
513172.528287083
limited(__ObjC.ARCamera.TrackingState.Reason.initializing)
simd_float4x4([[-0.887177, 0.456152, 0.0695845, 0.0)], [-0.461263, -0.872667, -0.160275, 0.0)], [-0.0123856, -0.174289, 0.984616, 0.0)], [0.0, 0.0, 0.0, 1.0)]])
0.0, 0.0, 0.0
float3(0.175184, -0.0125785, 2.65994)
513172.628343666
limited(__ObjC.ARCamera.TrackingState.Reason.initializing)
simd_float4x4([[-0.886939, 0.456439, 0.0707229, 0.0)], [-0.461747, -0.872464, -0.159984, 0.0)], [-0.0113198, -0.174552, 0.984582, 0.0)], [0.0, 0.0, 0.0, 1.0)]])
0.0, 0.0, 0.0
float3(0.175451, -0.0114965, 2.65959)
513172.728400083
limited(__ObjC.ARCamera.TrackingState.Reason.initializing)
simd_float4x4([[-0.886968, 0.456241, 0.0716347, 0.0)], [-0.461721, -0.872644, -0.159077, 0.0)], [-0.0100656, -0.174171, 0.984663, 0.0)], [0.0, 0.0, 0.0, 1.0)]])
0.0, 0.0, 0.0
float3(0.175064, -0.0102221, 2.65985)
513172.828456583
limited(__ObjC.ARCamera.TrackingState.Reason.initializing)
simd_float4x4([[-0.887117, 0.455812, 0.0725105, 0.0)], [-0.461461, -0.872968, -0.15805, 0.0)], [-0.00874174, -0.17367, 0.984765, 0.0)], [0.0, 0.0, 0.0, 1.0)]])
0.0, 0.0, 0.0
float3(0.174555, -0.00887676, 2.66039)
513172.928513
limited(__ObjC.ARCamera.TrackingState.Reason.initializing)
simd_float4x4([[-0.88696, 0.45604, 0.073006, 0.0)], [-0.461784, -0.873072, -0.156525, 0.0)], [-0.00764222, -0.172544, 0.984972, 0.0)], [0.0, 0.0, 0.0, 1.0)]])
0.0, 0.0, 0.0
float3(0.173412, -0.00775866, 2.66023)
513173.0285695
limited(__ObjC.ARCamera.TrackingState.Reason.initializing)
simd_float4x4([[-0.886754, 0.456397, 0.0732758, 0.0)], [-0.462189, -0.873045, -0.155481, 0.0)], [-0.0069882, -0.171741, 0.985117, 0.0)], [0.0, 0.0, 0.0, 1.0)]])
0.0, 0.0, 0.0
float3(0.172597, -0.00709366, 2.6599)
513173.128625875
limited(__ObjC.ARCamera.TrackingState.Reason.initializing)
simd_float4x4([[-0.886593, 0.456703, 0.0733129, 0.0)], [-0.462496, -0.872878, -0.155502, 0.0)], [-0.00702506, -0.171774, 0.985111, 0.0)], [0.0, 0.0, 0.0, 1.0)]])
0.0, 0.0, 0.0
float3(0.17263, -0.00713112, 2.65955)
513173.228682458
limited(__ObjC.ARCamera.TrackingState.Reason.initializing)
simd_float4x4([[-0.886422, 0.456886, 0.0742356, 0.0)], [-0.46283, -0.87255, -0.156347, 0.0)], [-0.00665824, -0.172948, 0.984908, 0.0)], [0.0, 0.0, 0.0, 1.0)]])
0.0, 0.0, 0.0
float3(0.173822, -0.00676017, 2.65923)
513173.328739
limited(__ObjC.ARCamera.TrackingState.Reason.initializing)
simd_float4x4([[-0.886251, 0.457204, 0.0743262, 0.0)], [-0.463161, -0.872438, -0.155993, 0.0)], [-0.00647542, -0.172674, 0.984957, 0.0)], [0.0, 0.0, 0.0, 1.0)]])
0.0, 0.0, 0.0
float3(0.173543, -0.00657422, 2.65889)
513173.4287955
limited(__ObjC.ARCamera.TrackingState.Reason.initializing)
simd_float4x4([[-0.886297, 0.457199, 0.073801, 0.0)], [-0.463054, -0.872216, -0.157542, 0.0)], [-0.00765772, -0.173803, 0.98475, 0.0)], [0.0, 0.0, 0.0, 1.0)]])
0.0, 0.0, 0.0
float3(0.17469, -0.00777616, 2.65879)
513173.528852083
limited(__ObjC.ARCamera.TrackingState.Reason.initializing)
simd_float4x4([[-0.886518, 0.456836, 0.0733895, 0.0)], [-0.462604, -0.871997, -0.160061, 0.0)], [-0.00912611, -0.175847, 0.984375, 0.0)], [0.0, 0.0, 0.0, 1.0)]])
0.0, 0.0, 0.0
float3(0.176766, -0.0092707, 2.65901)
513173.628908458
limited(__ObjC.ARCamera.TrackingState.Reason.initializing)
simd_float4x4([[-0.886513, 0.45708, 0.0719233, 0.0)], [-0.462566, -0.871676, -0.161905, 0.0)], [-0.0113095, -0.1768, 0.984182, 0.0)], [0.0, 0.0, 0.0, 1.0)]])
0.0, 0.0, 0.0
float3(0.177734, -0.0114908, 2.65864)
513173.728964916
limited(__ObjC.ARCamera.TrackingState.Reason.initializing)
simd_float4x4([[-0.88675, 0.456828, 0.0705806, 0.0)], [-0.46207, -0.871773, -0.162799, 0.0)], [-0.0128408, -0.176975, 0.984132, 0.0)], [0.0, 0.0, 0.0, 1.0)]])
0.0, 0.0, 0.0
float3(0.177912, -0.0130471, 2.65891)
513173.829021375
limited(__ObjC.ARCamera.TrackingState.Reason.initializing)
simd_float4x4([[-0.887015, 0.456436, 0.0697951, 0.0)], [-0.461537, -0.871937, -0.163429, 0.0)], [-0.0137378, -0.177177, 0.984083, 0.0)], [0.0, 0.0, 0.0, 1.0)]])
0.0, 0.0, 0.0
float3(0.178117, -0.013959, 2.65934)
513173.929077833
limited(__ObjC.ARCamera.TrackingState.Reason.initializing)
simd_float4x4([[-0.887133, 0.456076, 0.0706362, 0.0)], [-0.461314, -0.871794, -0.164819, 0.0)], [-0.01359, -0.178802, 0.983791, 0.0)], [0.0, 0.0, 0.0, 1.0)]])
0.0, 0.0, 0.0
float3(0.179769, -0.0138131, 2.6596)
513174.029134333
limited(__ObjC.ARCamera.TrackingState.Reason.initializing)
simd_float4x4([[-0.887068, 0.456107, 0.0712561, 0.0)], [-0.461445, -0.871586, -0.165546, 0.0)], [-0.0134008, -0.179731, 0.983624, 0.0)], [0.0, 0.0, 0.0, 1.0)]])
0.0, 0.0, 0.0
float3(0.180713, -0.013623, 2.65947)
513174.129190958
limited(__ObjC.ARCamera.TrackingState.Reason.initializing)
simd_float4x4([[-0.886944, 0.456186, 0.0722706, 0.0)], [-0.4617, -0.871369, -0.165972, 0.0)], [-0.0127401, -0.180576, 0.983477, 0.0)], [0.0, 0.0, 0.0, 1.0)]])
0.0, 0.0, 0.0
float3(0.181572, -0.0129534, 2.6593)
513174.229247375
limited(__ObjC.ARCamera.TrackingState.Reason.initializing)
simd_float4x4([[-0.886782, 0.456331, 0.0733367, 0.0)], [-0.462034, -0.87117, -0.166092, 0.0)], [-0.0119043, -0.181172, 0.983378, 0.0)], [0.0, 0.0, 0.0, 1.0)]])
0.0, 0.0, 0.0
float3(0.182178, -0.0121049, 2.65908)
513174.329303916
limited(__ObjC.ARCamera.TrackingState.Reason.initializing)
simd_float4x4([[-0.886617, 0.456322, 0.0753701, 0.0)], [-0.462369, -0.870571, -0.168283, 0.0)], [-0.0111762, -0.184051, 0.982853, 0.0)], [0.0, 0.0, 0.0, 1.0)]])
0.0, 0.0, 0.0
float3(0.185107, -0.0113707, 2.6588)
513174.429360458
normal
simd_float4x4([[-0.889926, 0.448768, 0.0814841, 0.0)], [-0.455991, -0.871384, -0.181003, 0.0)], [-0.0102243, -0.198235, 0.980101, 0.0)], [0.00106694, 2.98597e-05, 0.000515565, 1.0)]])
0.00106694, 2.98597e-05, 0.000515565
float3(0.199557, -0.0104315, 2.66601)
513174.529416875
normal
simd_float4x4([[-0.889462, 0.449387, 0.0831256, 0.0)], [-0.456901, -0.870437, -0.183251, 0.0)], [-0.00999518, -0.200975, 0.979545, 0.0)], [0.00199068, -0.000271667, 0.000289174, 1.0)]])
0.00199068, -0.000271667, 0.000289174
float3(0.202353, -0.0102035, 2.66501)
513174.629473333
normal
simd_float4x4([[-0.888857, 0.450247, 0.0849183, 0.0)], [-0.458054, -0.868773, -0.188201, 0.0)], [-0.0109623, -0.206181, 0.978453, 0.0)], [0.00311027, -0.000677969, 0.00140604, 1.0)]])
0.00311027, -0.000677969, 0.00140604
float3(0.20767, -0.0112032, 2.66345)
513174.729529708
normal
simd_float4x4([[-0.888483, 0.450787, 0.0859618, 0.0)], [-0.458771, -0.86788, -0.190562, 0.0)], [-0.0112982, -0.208748, 0.977904, 0.0)], [0.00497976, -0.0021242, 0.00329348, 1.0)]])
0.00497976, -0.0021242, 0.00329348
float3(0.210294, -0.011553, 2.66254)
513174.829586416
normal
simd_float4x4([[-0.887635, 0.448972, 0.102609, 0.0)], [-0.460463, -0.869447, -0.178986, 0.0)], [0.00885278, -0.206122, 0.978486, 0.0)], [0.00499543, -0.003359, 0.00367187, 1.0)]])
0.00499543, -0.003359, 0.00367187
float3(0.20761, 0.00904717, 2.66492)
513174.929642708
normal
simd_float4x4([[-0.885327, 0.447598, 0.12591, 0.0)], [-0.463487, -0.871142, -0.162146, 0.0)], [0.0371089, -0.20191, 0.978701, 0.0)], [0.00660745, -0.00513912, 0.00596605, 1.0)]])
0.00660745, -0.00513912, 0.00596605
float3(0.203308, 0.0378984, 2.66696)
513175.029699375
normal
simd_float4x4([[-0.882852, 0.445145, 0.149726, 0.0)], [-0.465286, -0.872373, -0.149915, 0.0)], [0.0638835, -0.202018, 0.977296, 0.0)], [0.00716671, -0.00600027, 0.00604936, 1.0)]])
0.00716671, -0.00600027, 0.00604936
float3(0.203418, 0.0652748, 2.66976)
513175.129755666
normal
simd_float4x4([[-0.880614, 0.442534, 0.169361, 0.0)], [-0.466215, -0.873057, -0.142883, 0.0)], [0.0846314, -0.204784, 0.975142, 0.0)], [0.00868083, -0.00613073, 0.00591409, 1.0)]])
0.00868083, -0.00613073, 0.00591409
float3(0.206243, 0.0865719, 2.67246)
513175.229812333
normal
simd_float4x4([[-0.879186, 0.441357, 0.179543, 0.0)], [-0.466848, -0.873298, -0.139295, 0.0)], [0.0953157, -0.206286, 0.973838, 0.0)], [0.0110471, -0.00727708, 0.00481481, 1.0)]])
0.0110471, -0.00727708, 0.00481481
float3(0.207777, 0.0975655, 2.67364)
513175.329868833
normal
simd_float4x4([[-0.878846, 0.441458, 0.180953, 0.0)], [-0.467332, -0.872898, -0.140174, 0.0)], [0.0960722, -0.207756, 0.973451, 0.0)], [0.0139819, -0.00891907, 0.00320005, 1.0)]])
0.0139819, -0.00891907, 0.00320005
float3(0.209281, 0.0983738, 2.67336)
513175.429925166
normal
simd_float4x4([[-0.879113, 0.442705, 0.176561, 0.0)], [-0.46768, -0.872651, -0.140554, 0.0)], [0.0918522, -0.206137, 0.974203, 0.0)], [0.0164032, -0.0100267, 0.00267529, 1.0)]])
0.0164032, -0.0100267, 0.00267529
float3(0.207625, 0.0940066, 2.67211)
513175.529981875
normal
simd_float4x4([[-0.878087, 0.445085, 0.175678, 0.0)], [-0.469342, -0.872622, -0.135088, 0.0)], [0.0931747, -0.201072, 0.975135, 0.0)], [0.0163455, -0.00986683, 0.00210756, 1.0)]])
0.0163455, -0.00986683, 0.00210756
float3(0.202453, 0.0952613, 2.66993)
513175.630038208
normal
simd_float4x4([[-0.874739, 0.449581, 0.180857, 0.0)], [-0.47401, -0.871388, -0.126481, 0.0)], [0.100733, -0.196366, 0.975343, 0.0)], [0.0141685, -0.00992256, 0.000140447, 1.0)]])
0.0141685, -0.00992256, 0.000140447
float3(0.197651, 0.102915, 2.66528)
513175.730094791
normal
simd_float4x4([[-0.868349, 0.456617, 0.193575, 0.0)], [-0.481815, -0.869216, -0.110986, 0.0)], [0.11758, -0.189642, 0.974788, 0.0)], [0.0103661, -0.0120412, -0.000761771, 1.0)]])
0.0103661, -0.0120412, -0.000761771
float3(0.190797, 0.120042, 2.65789)
513175.83015125
normal
simd_float4x4([[-0.861408, 0.460863, 0.2135, 0.0)], [-0.488812, -0.866409, -0.101972, 0.0)], [0.137983, -0.1922, 0.971607, 0.0)], [0.00445905, -0.0148041, -0.0037102, 1.0)]])
0.00445905, -0.0148041, -0.0037102
float3(0.193404, 0.141072, 2.65273)
513175.930207708
normal
simd_float4x4([[-0.855, 0.465495, 0.228667, 0.0)], [-0.494533, -0.864584, -0.0890633, 0.0)], [0.156243, -0.189232, 0.969422, 0.0)], [0.000949904, -0.0138459, -0.00790376, 1.0)]])
0.000949904, -0.0138459, -0.00790376
float3(0.19038, 0.159797, 2.6477)
513176.030264041
normal
simd_float4x4([[-0.844544, 0.468622, 0.259111, 0.0)], [-0.5011, -0.862231, -0.0738682, 0.0)], [0.188797, -0.192225, 0.963019, 0.0)], [-0.00642265, -0.0130694, -0.0174868, 1.0)]])
-0.00642265, -0.0130694, -0.0174868
float3(0.193429, 0.193592, 2.64375)
513176.13032075
normal
simd_float4x4([[-0.828015, 0.474688, 0.298435, 0.0)], [-0.507763, -0.860568, -0.0399887, 0.0)], [0.237841, -0.184645, 0.953592, 0.0)], [-0.0165822, -0.0135996, -0.0270591, 1.0)]])
-0.0165822, -0.0135996, -0.0270591
float3(0.185711, 0.244429, 2.63752)
513176.230377125
normal
simd_float4x4([[-0.807178, 0.484523, 0.337196, 0.0)], [-0.516513, -0.856258, -0.00605222, 0.0)], [0.285795, -0.179051, 0.941415, 0.0)], [-0.0253692, -0.0115256, -0.0362, 1.0)]])
-0.0253692, -0.0115256, -0.0362
float3(0.180022, 0.294738, 2.62665)
513176.330433583
normal
simd_float4x4([[-0.78572, 0.498711, 0.365967, 0.0)], [-0.52774, -0.849067, 0.0240013, 0.0)], [0.3227, -0.174277, 0.930318, 0.0)], [-0.0342436, -0.00947116, -0.0446562, 1.0)]])
-0.0342436, -0.00947116, -0.0446562
float3(0.175172, 0.333884, 2.61052)
513176.430490291
normal
simd_float4x4([[-0.766098, 0.515695, 0.383605, 0.0)], [-0.537304, -0.841388, 0.0580592, 0.0)], [0.352702, -0.161634, 0.92167, 0.0)], [-0.0414285, -0.00734933, -0.0491224, 1.0)]])
-0.0414285, -0.00734933, -0.0491224
float3(0.162346, 0.365484, 2.59174)
513176.530546666
normal
simd_float4x4([[-0.743932, 0.529344, 0.407873, 0.0)], [-0.545208, -0.833713, 0.0875838, 0.0)], [0.386411, -0.157219, 0.908828, 0.0)], [-0.0486638, -0.00679431, -0.0530643, 1.0)]])
-0.0486638, -0.00679431, -0.0530643
float3(0.157874, 0.402019, 2.57589)
513176.630603208
normal
simd_float4x4([[-0.721268, 0.538357, 0.435826, 0.0)], [-0.549345, -0.827854, 0.113479, 0.0)], [0.421892, -0.15757, 0.892849, 0.0)], [-0.0549861, -0.00782019, -0.0555288, 1.0)]])
-0.0549861, -0.00782019, -0.0555288
float3(0.15823, 0.441426, 2.565)
513176.730659625
normal
simd_float4x4([[-0.700901, 0.547703, 0.456901, 0.0)], [-0.551763, -0.822288, 0.139283, 0.0)], [0.45199, -0.154477, 0.878545, 0.0)], [-0.0623957, -0.0108386, -0.0572564, 1.0)]])
-0.0623957, -0.0108386, -0.0572564
float3(0.155098, 0.475161, 2.554)
513176.830716083
normal
simd_float4x4([[-0.688624, 0.558107, 0.46294, 0.0)], [-0.556638, -0.816021, 0.155771, 0.0)], [0.464705, -0.150422, 0.872595, 0.0)], [-0.0665352, -0.0165768, -0.0579279, 1.0)]])
-0.0665352, -0.0165768, -0.0579279
float3(0.150995, 0.489352, 2.54173)
513176.930772666
normal
simd_float4x4([[-0.680174, 0.568733, 0.462499, 0.0)], [-0.562064, -0.809641, 0.169012, 0.0)], [0.470581, -0.144997, 0.870362, 0.0)], [-0.0731824, -0.021444, -0.0558246, 1.0)]])
-0.0731824, -0.021444, -0.0558246
float3(0.14551, 0.495654, 2.52922)
513177.030829208
normal
simd_float4x4([[-0.673206, 0.573885, 0.466315, 0.0)], [-0.568957, -0.804801, 0.169066, 0.0)], [0.472315, -0.151497, 0.868313, 0.0)], [-0.078919, -0.026878, -0.0559276, 1.0)]])
-0.078919, -0.026878, -0.0559276
float3(0.152082, 0.498183, 2.52214)
513177.1308855
normal
simd_float4x4([[-0.677467, 0.576998, 0.456192, 0.0)], [-0.578062, -0.801161, 0.154871, 0.0)], [0.454844, -0.158787, 0.876301, 0.0)], [-0.0798162, -0.0318746, -0.0552672, 1.0)]])
-0.0798162, -0.0318746, -0.0552672
float3(0.159462, 0.478771, 2.51744)
513177.230942208
normal
simd_float4x4([[-0.687465, 0.575115, 0.443436, 0.0)], [-0.582942, -0.801165, 0.13533, 0.0)], [0.433095, -0.165462, 0.886031, 0.0)], [-0.0803184, -0.0382898, -0.0561073, 1.0)]])
-0.0803184, -0.0382898, -0.0561073
float3(0.166227, 0.454651, 2.51899)
513177.3309985
normal
simd_float4x4([[-0.699922, 0.569798, 0.430627, 0.0)], [-0.585479, -0.803056, 0.110978, 0.0)], [0.409053, -0.174447, 0.895681, 0.0)], [-0.0759911, -0.0390625, -0.0646067, 1.0)]])
-0.0759911, -0.0390625, -0.0646067
float3(0.175345, 0.428407, 2.52449)
513177.431055166
normal
simd_float4x4([[-0.708511, 0.56367, 0.424605, 0.0)], [-0.588416, -0.804025, 0.0855033, 0.0)], [0.389588, -0.189264, 0.901332, 0.0)], [-0.0678134, -0.0391547, -0.0734606, 1.0)]])
-0.0678134, -0.0391547, -0.0734606
float3(0.190413, 0.407984, 2.53016)
513177.531111708
normal
simd_float4x4([[-0.71578, 0.564428, 0.411193, 0.0)], [-0.592381, -0.80257, 0.0704736, 0.0)], [0.369788, -0.193139, 0.90882, 0.0)], [-0.0601805, -0.0397344, -0.0897371, 1.0)]])
-0.0601805, -0.0397344, -0.0897371
float3(0.194361, 0.38643, 2.52867)
513177.631168166
normal
simd_float4x4([[-0.719075, 0.573762, 0.392082, 0.0)], [-0.604344, -0.794838, 0.0547829, 0.0)], [0.343074, -0.197559, 0.918298, 0.0)], [-0.0523036, -0.0406161, -0.104082, 1.0)]])
-0.0523036, -0.0406161, -0.104082
float3(0.198867, 0.357541, 2.51635)
513177.731224625
normal
simd_float4x4([[-0.725281, 0.584815, 0.363261, 0.0)], [-0.615133, -0.787432, 0.0395233, 0.0)], [0.309157, -0.194788, 0.930849, 0.0)], [-0.0408323, -0.0440541, -0.120437, 1.0)]])
-0.0408323, -0.0440541, -0.120437
float3(0.196042, 0.320662, 2.50279)
513177.831281125
normal
simd_float4x4([[-0.736863, 0.592948, 0.324723, 0.0)], [-0.619365, -0.784629, 0.0272751, 0.0)], [0.270959, -0.181024, 0.945416, 0.0)], [-0.0256198, -0.0481345, -0.137738, 1.0)]])
-0.0256198, -0.0481345, -0.137738
float3(0.182027, 0.279121, 2.49445)
513177.931337666
normal
simd_float4x4([[-0.75131, 0.598875, 0.277278, 0.0)], [-0.618104, -0.785779, 0.0223436, 0.0)], [0.231261, -0.1546, 0.96053, 0.0)], [-0.00659243, -0.0542926, -0.15504, 1.0)]])
-0.00659243, -0.0542926, -0.15504
float3(0.155223, 0.236267, 2.49037)
513178.031394083
normal
simd_float4x4([[-0.75988, 0.605521, 0.236488, 0.0)], [-0.620185, -0.784304, 0.0154191, 0.0)], [0.194815, -0.13495, 0.971512, 0.0)], [0.015049, -0.0593278, -0.17746, 1.0)]])
0.015049, -0.0593278, -0.17746
float3(0.135363, 0.197903, 2.48413)
513178.131450583
normal
simd_float4x4([[-0.762064, 0.615214, 0.201918, 0.0)], [-0.626081, -0.779656, 0.0125886, 0.0)], [0.165171, -0.116824, 0.979322, 0.0)], [0.0398221, -0.0638832, -0.203375, 1.0)]])
0.0398221, -0.0638832, -0.203375
float3(0.117091, 0.167086, 2.47354)
513178.231507
normal
simd_float4x4([[-0.759786, 0.625223, 0.178386, 0.0)], [-0.633242, -0.773808, 0.0149912, 0.0)], [0.14741, -0.101572, 0.983846, 0.0)], [0.0666762, -0.0678773, -0.232154, 1.0)]])
0.0666762, -0.0678773, -0.232154
float3(0.101747, 0.148724, 2.462)
513178.331563583
normal
simd_float4x4([[-0.756877, 0.630173, 0.173261, 0.0)], [-0.63575, -0.771374, 0.0283631, 0.0)], [0.151522, -0.088683, 0.984468, 0.0)], [0.0956228, -0.0683987, -0.266203, 1.0)]])
0.0956228, -0.0683987, -0.266203
float3(0.0887996, 0.152715, 2.4566)
513178.431620083
normal
simd_float4x4([[-0.755227, 0.629571, 0.182409, 0.0)], [-0.632847, -0.772836, 0.0472158, 0.0)], [0.170698, -0.0797783, 0.982089, 0.0)], [0.125719, -0.0648921, -0.301046, 1.0)]])
0.125719, -0.0648921, -0.301046
float3(0.0798631, 0.172092, 2.458)
513178.531676583
normal
simd_float4x4([[-0.755345, 0.624964, 0.197162, 0.0)], [-0.625044, -0.777462, 0.0698036, 0.0)], [0.196911, -0.0705091, 0.977883, 0.0)], [0.156403, -0.0600946, -0.334057, 1.0)]])
0.156403, -0.0600946, -0.334057
float3(0.0705676, 0.198707, 2.46451)
513178.631733208
normal
simd_float4x4([[-0.754851, 0.621992, 0.208148, 0.0)], [-0.617581, -0.780892, 0.0938154, 0.0)], [0.220893, -0.0577313, 0.973588, 0.0)], [0.186832, -0.056597, -0.364107, 1.0)]])
0.186832, -0.056597, -0.364107
float3(0.0577634, 0.223109, 2.46898)
513178.7317895
normal
simd_float4x4([[-0.753645, 0.617939, 0.22399, 0.0)], [-0.606977, -0.785058, 0.123545, 0.0)], [0.252188, -0.0428478, 0.966729, 0.0)], [0.213203, -0.055337, -0.389171, 1.0)]])
0.213203, -0.055337, -0.389171
float3(0.0428609, 0.25518, 2.47475)
513178.831846208
normal
simd_float4x4([[-0.746561, 0.614824, 0.25424, 0.0)], [-0.589835, -0.78842, 0.174607, 0.0)], [0.307801, -0.0196045, 0.951249, 0.0)], [0.228885, -0.0547181, -0.411316, 1.0)]])
0.228885, -0.0547181, -0.411316
float3(0.0196058, 0.312943, 2.47928)
513178.931902625
normal
simd_float4x4([[-0.739414, 0.611337, 0.282016, 0.0)], [-0.576109, -0.791293, 0.204826, 0.0)], [0.348376, -0.0110205, 0.93729, 0.0)], [0.242441, -0.0513113, -0.43486, 1.0)]])
0.242441, -0.0513113, -0.43486
float3(0.0110208, 0.35586, 2.4838)
513179.031959083
normal
simd_float4x4([[-0.731089, 0.605585, 0.314287, 0.0)], [-0.561983, -0.795698, 0.225921, 0.0)], [0.386892, -0.0114554, 0.922054, 0.0)], [0.244308, -0.0469623, -0.453276, 1.0)]])
0.244308, -0.0469623, -0.453276
float3(0.0114557, 0.397286, 2.49104)
513179.1320155
normal
simd_float4x4([[-0.720356, 0.598103, 0.351227, 0.0)], [-0.546493, -0.80125, 0.243606, 0.0)], [0.427123, -0.0164602, 0.904044, 0.0)], [0.23308, -0.0438653, -0.459484, 1.0)]])
0.23308, -0.0438653, -0.459484
float3(0.0164609, 0.441372, 2.50036)
513179.232072125
normal
simd_float4x4([[-0.707707, 0.589204, 0.389858, 0.0)], [-0.537359, -0.807159, 0.244418, 0.0)], [0.458689, -0.0365172, 0.887846, 0.0)], [0.208913, -0.0371947, -0.45549, 1.0)]])
0.208913, -0.0371947, -0.45549
float3(0.0365253, 0.476864, 2.51103)
513179.3321285
normal
simd_float4x4([[-0.695851, 0.583776, 0.418327, 0.0)], [-0.532344, -0.810243, 0.245187, 0.0)], [0.48208, -0.0520801, 0.874578, 0.0)], [0.176202, -0.029964, -0.441001, 1.0)]])
0.176202, -0.029964, -0.441001
float3(0.0521037, 0.503776, 2.51724)
513179.432185125
normal
simd_float4x4([[-0.682991, 0.586033, 0.435991, 0.0)], [-0.538205, -0.807314, 0.242032, 0.0)], [0.49382, -0.0693474, 0.866795, 0.0)], [0.139975, -0.0244263, -0.423096, 1.0)]])
0.139975, -0.0244263, -0.423096
float3(0.0694031, 0.517849, 2.51369)
513179.532241416
normal
simd_float4x4([[-0.669385, 0.588588, 0.453307, 0.0)], [-0.547071, -0.803349, 0.235251, 0.0)], [0.50263, -0.0905181, 0.85975, 0.0)], [0.105009, -0.0191669, -0.404439, 1.0)]])
0.105009, -0.0191669, -0.404439
float3(0.0906421, 0.529037, 2.50928)
513179.632298125
normal
simd_float4x4([[-0.645469, 0.594466, 0.479562, 0.0)], [-0.558552, -0.795636, 0.234486, 0.0)], [0.520951, -0.116507, 0.845598, 0.0)], [0.0751916, -0.0163545, -0.387121, 1.0)]])
0.0751916, -0.0163545, -0.387121
float3(0.116772, 0.552155, 2.49991)
513179.732354625
normal
simd_float4x4([[-0.623063, 0.60308, 0.498084, 0.0)], [-0.559761, -0.788575, 0.254593, 0.0)], [0.546316, -0.12018, 0.828912, 0.0)], [0.0532674, -0.0181602, -0.37071, 1.0)]])
0.0532674, -0.0181602, -0.37071
float3(0.120472, 0.582729, 2.4887)
513179.832411
normal
simd_float4x4([[-0.580909, 0.619166, 0.528374, 0.0)], [-0.553866, -0.77636, 0.300828, 0.0)], [0.596471, -0.117894, 0.793929, 0.0)], [0.0293476, -0.023663, -0.352952, 1.0)]])
0.0293476, -0.023663, -0.352952
float3(0.118169, 0.644326, 2.46836)
513179.932467541
normal
simd_float4x4([[-0.531673, 0.642948, 0.551309, 0.0)], [-0.541939, -0.758491, 0.361932, 0.0)], [0.650866, -0.106346, 0.751707, 0.0)], [0.0188008, -0.0288304, -0.344589, 1.0)]])
0.0188008, -0.0288304, -0.344589
float3(0.106548, 0.713625, 2.43845)
513180.032523958
normal
simd_float4x4([[-0.484499, 0.669642, 0.562886, 0.0)], [-0.523743, -0.737431, 0.426484, 0.0)], [0.700681, -0.0881763, 0.708005, 0.0)], [0.0101262, -0.0360062, -0.339654, 1.0)]])
0.0101262, -0.0360062, -0.339654
float3(0.088291, 0.780199, 2.40433)
513180.132580583
normal
simd_float4x4([[-0.424281, 0.696363, 0.578847, 0.0)], [-0.498626, -0.713258, 0.49258, 0.0)], [0.755882, -0.0796358, 0.649847, 0.0)], [0.00221487, -0.0432272, -0.337513, 1.0)]])
0.00221487, -0.0432272, -0.337513
float3(0.0797202, 0.860687, 2.36818)
513180.232636958
normal
simd_float4x4([[-0.351395, 0.722057, 0.59595, 0.0)], [-0.461907, -0.687386, 0.560484, 0.0)], [0.814349, -0.0783224, 0.575067, 0.0)], [-0.00872508, -0.0480715, -0.340835, 1.0)]])
-0.00872508, -0.0480715, -0.340835
float3(0.0784027, 0.955943, 2.3316)
513180.332693541
normal
simd_float4x4([[-0.3382, 0.740715, 0.580484, 0.0)], [-0.414786, -0.671012, 0.614569, 0.0)], [0.844733, -0.0329298, 0.534175, 0.0)], [-0.0101424, -0.0582332, -0.344918, 1.0)]])
-0.0101424, -0.0582332, -0.344918
float3(0.0329358, 1.00692, 2.30686)
513180.432750041
normal
simd_float4x4([[-0.362393, 0.744991, 0.560053, 0.0)], [-0.385571, -0.666903, 0.637633, 0.0)], [0.848532, 0.0151335, 0.528927, 0.0)], [-0.00726837, -0.064925, -0.353286, 1.0)]])
-0.00726837, -0.064925, -0.353286
float3(-0.0151341, 1.01339, 2.30094)
513180.532806458
normal
simd_float4x4([[-0.420026, 0.731913, 0.536545, 0.0)], [-0.371941, -0.678127, 0.63388, 0.0)], [0.827791, 0.0666828, 0.55706, 0.0)], [0.00525105, -0.0679357, -0.367046, 1.0)]])
0.00525105, -0.0679357, -0.367046
float3(-0.0667324, 0.978458, 2.31807)
513180.632862875
normal
simd_float4x4([[-0.480037, 0.702701, 0.525143, 0.0)], [-0.363414, -0.704138, 0.610017, 0.0)], [0.798433, 0.101987, 0.593383, 0.0)], [0.0195271, -0.0679381, -0.386189, 1.0)]])
0.0195271, -0.0679381, -0.386189
float3(-0.102164, 0.931671, 2.35722)
513180.732919416
normal
simd_float4x4([[-0.516655, 0.665542, 0.53863, 0.0)], [-0.346261, -0.737775, 0.579475, 0.0)], [0.783053, 0.112882, 0.611626, 0.0)], [0.0305823, -0.0667956, -0.407362, 1.0)]])
0.0305823, -0.0667956, -0.407362
float3(-0.113123, 0.907699, 2.40762)
513180.832976
normal
simd_float4x4([[-0.53842, 0.626876, 0.563144, 0.0)], [-0.331085, -0.771908, 0.542716, 0.0)], [0.774911, 0.10576, 0.62316, 0.0)], [0.0386039, -0.0635072, -0.420973, 1.0)]])
0.0386039, -0.0635072, -0.420973
float3(-0.105959, 0.893518, 2.45951)
513180.933032458
normal
simd_float4x4([[-0.564468, 0.581673, 0.58569, 0.0)], [-0.294635, -0.804774, 0.515295, 0.0)], [0.771081, 0.118303, 0.625651, 0.0)], [0.0399101, -0.0551034, -0.426994, 1.0)]])
0.0399101, -0.0551034, -0.426994
float3(-0.118581, 0.889146, 2.51574)
513181.033088958
normal
simd_float4x4([[-0.59559, 0.531333, 0.60246, 0.0)], [-0.254846, -0.83623, 0.485564, 0.0)], [0.761791, 0.135662, 0.633459, 0.0)], [0.0329122, -0.0532026, -0.418973, 1.0)]])
0.0329122, -0.0532026, -0.418973
float3(-0.136082, 0.877118, 2.57556)
513181.133145375
normal
simd_float4x4([[-0.638098, 0.488959, 0.594769, 0.0)], [-0.222277, -0.856566, 0.465713, 0.0)], [0.737174, 0.164967, 0.655257, 0.0)], [0.0203348, -0.0533267, -0.396254, 1.0)]])
0.0203348, -0.0533267, -0.396254
float3(-0.165724, 0.844161, 2.62289)
513181.233202
normal
simd_float4x4([[-0.669663, 0.447056, 0.593037, 0.0)], [-0.198113, -0.877123, 0.437501, 0.0)], [0.715754, 0.175489, 0.675944, 0.0)], [0.00925588, -0.0535172, -0.372824, 1.0)]])
0.00925588, -0.0535172, -0.372824
float3(-0.176403, 0.813995, 2.67023)
513181.333258333
normal
simd_float4x4([[-0.71615, 0.408354, 0.566018, 0.0)], [-0.174714, -0.890044, 0.421067, 0.0)], [0.675725, 0.202655, 0.70875, 0.0)], [0.00329243, -0.0538333, -0.348919, 1.0)]])
0.00329243, -0.0538333, -0.348919
float3(-0.204069, 0.761549, 2.71144)
513181.433315041
normal
simd_float4x4([[-0.751611, 0.368483, 0.547084, 0.0)], [-0.149815, -0.9031, 0.40245, 0.0)], [0.642368, 0.220525, 0.733984, 0.0)], [1.91935e-06, -0.0613202, -0.327544, 1.0)]])
1.91935e-06, -0.0613202, -0.327544
float3(-0.222352, 0.718931, 2.75419)
513181.53337125
normal
simd_float4x4([[-0.771952, 0.332477, 0.541803, 0.0)], [-0.117377, -0.912214, 0.392542, 0.0)], [0.624751, 0.239428, 0.74321, 0.0)], [-0.00591479, -0.0692493, -0.31389, 1.0)]])
-0.00591479, -0.0692493, -0.31389
float3(-0.241777, 0.699018, 2.79208)
513181.633428041
normal
simd_float4x4([[-0.78329, 0.307059, 0.540529, 0.0)], [-0.0845902, -0.914057, 0.396667, 0.0)], [0.615874, 0.264982, 0.741946, 0.0)], [-0.010048, -0.0689562, -0.304927, 1.0)]])
-0.010048, -0.0689562, -0.304927
float3(-0.268185, 0.692815, 2.81751)
513181.733484375
normal
simd_float4x4([[-0.77873, 0.290621, 0.555985, 0.0)], [-0.0609358, -0.917079, 0.394022, 0.0)], [0.624393, 0.272957, 0.731866, 0.0)], [-0.0167622, -0.066396, -0.302675, 1.0)]])
-0.0167622, -0.066396, -0.302675
float3(-0.276466, 0.706321, 2.83471)
513181.833540916
normal
simd_float4x4([[-0.774425, 0.284425, 0.565127, 0.0)], [-0.0496102, -0.917797, 0.393938, 0.0)], [0.630718, 0.27704, 0.724875, 0.0)], [-0.0239592, -0.0641071, -0.303223, 1.0)]])
-0.0239592, -0.0641071, -0.303223
float3(-0.280712, 0.716051, 2.84108)
513181.9335975
normal
simd_float4x4([[-0.7812, 0.275427, 0.560238, 0.0)], [-0.0348771, -0.915267, 0.401336, 0.0)], [0.623306, 0.293984, 0.724613, 0.0)], [-0.0288494, -0.0578743, -0.309339, 1.0)]])
-0.0288494, -0.0578743, -0.309339
float3(-0.298393, 0.710381, 2.84929)
513182.033653833
normal
simd_float4x4([[-0.758392, 0.28445, 0.586455, 0.0)], [-0.0301238, -0.914084, 0.404405, 0.0)], [0.651102, 0.289031, 0.701803, 0.0)], [-0.0403955, -0.0481414, -0.318513, 1.0)]])
-0.0403955, -0.0481414, -0.318513
float3(-0.293215, 0.747941, 2.83991)
513182.1337105
normal
simd_float4x4([[-0.714011, 0.310009, 0.62776, 0.0)], [-0.0311908, -0.909822, 0.413825, 0.0)], [0.699439, 0.275895, 0.659293, 0.0)], [-0.0540648, -0.0335918, -0.328748, 1.0)]])
-0.0540648, -0.0335918, -0.328748
float3(-0.279521, 0.814937, 2.81319)
513182.233766833
normal
simd_float4x4([[-0.702271, 0.319221, 0.636328, 0.0)], [-0.0366281, -0.90885, 0.415511, 0.0)], [0.710967, 0.268494, 0.649952, 0.0)], [-0.0597405, -0.0145846, -0.343488, 1.0)]])
-0.0597405, -0.0145846, -0.343488
float3(-0.27183, 0.830202, 2.80382)
513182.333823375
normal
simd_float4x4([[-0.67094, 0.345583, 0.656058, 0.0)], [-0.0656115, -0.908955, 0.411699, 0.0)], [0.738603, 0.23318, 0.632529, 0.0)], [-0.0762118, 0.0027735, -0.362004, 1.0)]])
-0.0762118, 0.0027735, -0.362004
float3(-0.235347, 0.862607, 2.77827)
513182.433879958
normal
simd_float4x4([[-0.652543, 0.369034, 0.661817, 0.0)], [-0.0892815, -0.904756, 0.416468, 0.0)], [0.752474, 0.212675, 0.62334, 0.0)], [-0.0830353, 0.0207053, -0.384437, 1.0)]])
-0.0830353, 0.0207053, -0.384437
float3(-0.214312, 0.878984, 2.75431)
513182.533936333
normal
simd_float4x4([[-0.657648, 0.384962, 0.647537, 0.0)], [-0.110885, -0.899675, 0.422243, 0.0)], [0.74512, 0.205885, 0.634356, 0.0)], [-0.0815524, 0.0414674, -0.398481, 1.0)]])
-0.0815524, 0.0414674, -0.398481
float3(-0.207368, 0.865521, 2.73728)
513182.633992791
normal
simd_float4x4([[-0.660296, 0.408604, 0.63012, 0.0)], [-0.119154, -0.885407, 0.449285, 0.0)], [0.741493, 0.22158, 0.633317, 0.0)], [-0.0744905, 0.0546538, -0.419835, 1.0)]])
-0.0744905, 0.0546538, -0.419835
float3(-0.223435, 0.86392, 2.70923)
513182.734049375
normal
simd_float4x4([[-0.652886, 0.422504, 0.628674, 0.0)], [-0.11717, -0.876324, 0.467256, 0.0)], [0.748339, 0.231403, 0.621644, 0.0)], [-0.0538578, 0.0676229, -0.447698, 1.0)]])
-0.0538578, 0.0676229, -0.447698
float3(-0.23352, 0.877615, 2.69234)
513182.83410575
normal
simd_float4x4([[-0.661583, 0.420041, 0.621187, 0.0)], [-0.105061, -0.872141, 0.477842, 0.0)], [0.742476, 0.25087, 0.621124, 0.0)], [-0.0271649, 0.0839293, -0.478537, 1.0)]])
-0.0271649, 0.0839293, -0.478537
float3(-0.253579, 0.874158, 2.69276)
513182.934162416
normal
simd_float4x4([[-0.639943, 0.435772, 0.632911, 0.0)], [-0.100331, -0.863983, 0.493424, 0.0)], [0.761845, 0.252263, 0.596621, 0.0)], [-0.015505, 0.0914413, -0.500788, 1.0)]])
-0.015505, 0.0914413, -0.500788
float3(-0.255018, 0.906429, 2.67445)
513183.034218916
normal
simd_float4x4([[-0.608431, 0.45217, 0.652191, 0.0)], [-0.0749862, -0.850886, 0.519972, 0.0)], [0.790056, 0.267462, 0.551612, 0.0)], [-0.0140623, 0.10214, -0.508812, 1.0)]])
-0.0140623, 0.10214, -0.508812
float3(-0.270758, 0.961284, 2.65313)
513183.134275375
normal
simd_float4x4([[-0.570208, 0.453033, 0.685291, 0.0)], [-0.0455804, -0.850357, 0.524229, 0.0)], [0.820235, 0.267684, 0.50553, 0.0)], [-0.0277739, 0.117328, -0.514576, 1.0)]])
-0.0277739, 0.117328, -0.514576
float3(-0.270988, 1.01846, 2.65208)
513183.234332
normal
simd_float4x4([[-0.560416, 0.442917, 0.699828, 0.0)], [-0.00801504, -0.847848, 0.530179, 0.0)], [0.828173, 0.291512, 0.478697, 0.0)], [-0.0352164, 0.134002, -0.512607, 1.0)]])
-0.0352164, 0.134002, -0.512607
float3(-0.295807, 1.0467, 2.66019)
513183.334388291
normal
simd_float4x4([[-0.574271, 0.427767, 0.698017, 0.0)], [-0.0131425, -0.857336, 0.51459, 0.0)], [0.81856, 0.286341, 0.497965, 0.0)], [-0.0445991, 0.153433, -0.518014, 1.0)]])
-0.0445991, 0.153433, -0.518014
float3(-0.290406, 1.02426, 2.67879)
513183.434444958
normal
simd_float4x4([[-0.594104, 0.42082, 0.685529, 0.0)], [-0.0209832, -0.860055, 0.50977, 0.0)], [0.804114, 0.288472, 0.519793, 0.0)], [-0.0488658, 0.171046, -0.518495, 1.0)]])
-0.0488658, 0.171046, -0.518495
float3(-0.29263, 0.996945, 2.68655)
513183.53450125
normal
simd_float4x4([[-0.612873, 0.411141, 0.674796, 0.0)], [-0.0196091, -0.861627, 0.507164, 0.0)], [0.789938, 0.297595, 0.53613, 0.0)], [-0.0534126, 0.188713, -0.519361, 1.0)]])
-0.0534126, 0.188713, -0.519361
float3(-0.302172, 0.974511, 2.69638)
513183.634557875
normal
simd_float4x4([[-0.638693, 0.395587, 0.659986, 0.0)], [-0.0183986, -0.865331, 0.500863, 0.0)], [0.769242, 0.307755, 0.559959, 0.0)], [-0.0568913, 0.207427, -0.524814, 1.0)]])
-0.0568913, 0.207427, -0.524814
float3(-0.312832, 0.941566, 2.71281)
513183.734614333
normal
simd_float4x4([[-0.688993, 0.369771, 0.623345, 0.0)], [-0.0165859, -0.867879, 0.496498, 0.0)], [0.724579, 0.331745, 0.604095, 0.0)], [-0.04875, 0.225415, -0.534274, 1.0)]])
-0.04875, 0.225415, -0.534274
float3(-0.338152, 0.87583, 2.73882)
513183.834670958
normal
simd_float4x4([[-0.694486, 0.361098, 0.622333, 0.0)], [-0.0424875, -0.884016, 0.465522, 0.0)], [0.718251, 0.296857, 0.629279, 0.0)], [-0.0559896, 0.245388, -0.555695, 1.0)]])
-0.0559896, 0.245388, -0.555695
float3(-0.3014, 0.851329, 2.7538)
513183.93472725
normal
simd_float4x4([[-0.705587, 0.357345, 0.611924, 0.0)], [-0.0356711, -0.880356, 0.47297, 0.0)], [0.707725, 0.311893, 0.633915, 0.0)], [-0.0605051, 0.268413, -0.576429, 1.0)]])
-0.0605051, 0.268413, -0.576429
float3(-0.317185, 0.840357, 2.756)
513184.034783791
normal
simd_float4x4([[-0.695984, 0.358114, 0.622383, 0.0)], [-0.0247535, -0.87821, 0.477634, 0.0)], [0.717631, 0.31702, 0.620085, 0.0)], [-0.0719822, 0.292778, -0.595415, 1.0)]])
-0.0719822, 0.292778, -0.595415
float3(-0.322585, 0.858189, 2.7544)
513184.134840458
normal
simd_float4x4([[-0.690335, 0.341445, 0.637851, 0.0)], [-0.00258573, -0.882789, 0.469763, 0.0)], [0.723486, 0.322644, 0.610302, 0.0)], [-0.07339, 0.316327, -0.61538, 1.0)]])
-0.07339, 0.316327, -0.61538
float3(-0.328522, 0.870054, 2.77253)
513184.234896958
normal
simd_float4x4([[-0.697755, 0.318712, 0.64153, 0.0)], [0.0317261, -0.880942, 0.472159, 0.0)], [0.715634, 0.349805, 0.60457, 0.0)], [-0.0709969, 0.342668, -0.634392, 1.0)]])
-0.0709969, 0.342668, -0.634392
float3(-0.357362, 0.869327, 2.79446)
513184.3349535
normal
simd_float4x4([[-0.699437, 0.305301, 0.646204, 0.0)], [0.05383, -0.879096, 0.473595, 0.0)], [0.712665, 0.366035, 0.598438, 0.0)], [-0.0727929, 0.366474, -0.653047, 1.0)]])
-0.0727929, 0.366474, -0.653047
float3(-0.374745, 0.872302, 2.80733)
513184.435009791
normal
simd_float4x4([[-0.6944, 0.300183, 0.653987, 0.0)], [0.076254, -0.87302, 0.481687, 0.0)], [0.715538, 0.384352, 0.583335, 0.0)], [-0.0743698, 0.390732, -0.666406, 1.0)]])
-0.0743698, 0.390732, -0.666406
float3(-0.394506, 0.886832, 2.81041)
513184.535066416
normal
simd_float4x4([[-0.688235, 0.300221, 0.660455, 0.0)], [0.0937273, -0.865936, 0.491295, 0.0)], [0.719409, 0.400029, 0.567828, 0.0)], [-0.0774098, 0.418647, -0.682562, 1.0)]])
-0.0774098, 0.418647, -0.682562
float3(-0.411548, 0.902615, 2.80786)
513184.635122875
normal
simd_float4x4([[-0.681305, 0.29805, 0.668573, 0.0)], [0.0986885, -0.867612, 0.48735, 0.0)], [0.725317, 0.398014, 0.561694, 0.0)], [-0.0834564, 0.449801, -0.700443, 1.0)]])
-0.0834564, 0.449801, -0.700443
float3(-0.409351, 0.911853, 2.81069)
513184.735179375
normal
simd_float4x4([[-0.671381, 0.310724, 0.672828, 0.0)], [0.0886546, -0.867671, 0.48917, 0.0)], [0.73579, 0.388069, 0.554991, 0.0)], [-0.0893666, 0.482733, -0.718223, 1.0)]])
-0.0893666, 0.482733, -0.718223
float3(-0.398536, 0.924563, 2.79771)
513184.835235791
normal
simd_float4x4([[-0.641238, 0.346416, 0.684697, 0.0)], [0.0281129, -0.881092, 0.472109, 0.0)], [0.766827, 0.321983, 0.555251, 0.0)], [-0.102066, 0.527898, -0.739218, 1.0)]])
-0.102066, 0.527898, -0.739218
float3(-0.327823, 0.944086, 2.76699)
513184.935292333
normal
simd_float4x4([[-0.623129, 0.395164, 0.674949, 0.0)], [-0.0593452, -0.884376, 0.462988, 0.0)], [0.779865, 0.248446, 0.574531, 0.0)], [-0.110366, 0.580624, -0.756969, 1.0)]])
-0.110366, 0.580624, -0.756969
float3(-0.251076, 0.935858, 2.72138)
513185.035348791
normal
