ARKit Data
1038339.422649
normal
simd_float4x4([[-0.300263, -0.893341, 0.33434, 0.0)], [0.726238, 0.0131364, 0.687317, 0.0)], [-0.618401, 0.449187, 0.644834, 0.0)], [0.166004, 0.0562318, -0.258415, 1.0)]])
0.166004, 0.0562318, -0.258415
float3(-0.465855, -0.764476, -1.55609)
1038339.62275879
normal
simd_float4x4([[-0.262312, -0.888956, 0.375431, 0.0)], [0.783026, 0.0312967, 0.621202, 0.0)], [-0.563971, 0.456921, 0.687866, 0.0)], [0.221928, 0.0666273, -0.302975, 1.0)]])
0.221928, 0.0666273, -0.302975
float3(-0.474531, -0.686749, -1.5356)
1038340.37562046
notAvailable
simd_float4x4([[-0.574419, 0.0, 0.818562, 0.0)], [0.0, 1.0, 0.0, 0.0)], [-0.818562, 0.0, -0.574419, 0.0)], [-0.239151, -0.101733, 0.235465, 1.0)]])
-0.239151, -0.101733, 0.235465
float3(-0.0, -2.18269, 0.0)
1038340.57569683
limited(__ObjC.ARCamera.TrackingState.Reason.initializing)
simd_float4x4([[0.0195594, -0.87995, 0.474663, 0.0)], [0.999731, 0.0231493, 0.00171938, 0.0)], [-0.0125011, 0.474501, 0.880166, 0.0)], [0.0, 0.0, 0.0, 1.0)]])
0.0, 0.0, 0.0
float3(-0.494397, -0.0142022, -1.54449)
1038340.77580696
limited(__ObjC.ARCamera.TrackingState.Reason.initializing)
simd_float4x4([[0.0171081, -0.872872, 0.487646, 0.0)], [0.997766, 0.046403, 0.0480558, 0.0)], [-0.0645748, 0.485734, 0.871716, 0.0)], [0.0, 0.0, 0.0, 1.0)]])
0.0, 0.0, 0.0
float3(-0.507203, -0.0739428, -1.51769)
1038340.97591704
limited(__ObjC.ARCamera.TrackingState.Reason.initializing)
simd_float4x4([[-0.0109669, -0.869306, 0.494149, 0.0)], [0.992966, 0.0487957, 0.107879, 0.0)], [-0.117893, 0.491857, 0.862656, 0.0)], [0.0, 0.0, 0.0, 1.0)]])
0.0, 0.0, 0.0
float3(-0.514221, -0.135821, -1.51472)
1038341.17602708
limited(__ObjC.ARCamera.TrackingState.Reason.initializing)
simd_float4x4([[-0.0510835, -0.862788, 0.502976, 0.0)], [0.982086, 0.0480681, 0.182198, 0.0)], [-0.181376, 0.503273, 0.844876, 0.0)], [0.0, 0.0, 0.0, 1.0)]])
0.0, 0.0, 0.0
float3(-0.527383, -0.211468, -1.51514)
1038341.3761375
normal
simd_float4x4([[-0.0989952, -0.873029, 0.477516, 0.0)], [0.960728, 0.0411606, 0.274424, 0.0)], [-0.259235, 0.485929, 0.834668, 0.0)], [0.00686896, -0.00039728, 0.00144629, 1.0)]])
0.00686896, -0.00039728, 0.00144629
float3(-0.507426, -0.301139, -1.52368)
1038341.59292337
normal
simd_float4x4([[-0.152117, -0.879983, 0.44999, 0.0)], [0.927389, 0.0303569, 0.372865, 0.0)], [-0.341775, 0.474035, 0.811468, 0.0)], [0.0551508, -0.00552163, 0.0202506, 1.0)]])
0.0551508, -0.00552163, 0.0202506
float3(-0.493867, -0.398632, -1.53631)
1038341.80970958
normal
simd_float4x4([[-0.151117, -0.892171, 0.425669, 0.0)], [0.899226, 0.0547764, 0.434042, 0.0)], [-0.410556, 0.448364, 0.793986, 0.0)], [0.0247756, -0.0220338, 0.0366705, 1.0)]])
0.0247756, -0.0220338, 0.0366705
float3(-0.464934, -0.47722, -1.50948)
1038342.04317146
normal
simd_float4x4([[-0.165193, -0.913819, 0.371007, 0.0)], [0.873009, 0.0395383, 0.486098, 0.0)], [-0.458875, 0.404192, 0.791241, 0.0)], [-0.0163124, -0.0119848, 0.0622646, 1.0)]])
-0.0163124, -0.0119848, 0.0622646
float3(-0.416096, -0.525541, -1.52756)
1038342.25995771
normal
simd_float4x4([[-0.172927, -0.922792, 0.344313, 0.0)], [0.853247, 0.0342703, 0.52038, 0.0)], [-0.492003, 0.383771, 0.781443, 0.0)], [-0.0511788, -0.00451233, 0.0830792, 1.0)]])
-0.0511788, -0.00451233, 0.0830792
float3(-0.393877, -0.561906, -1.53368)
1038342.46006808
normal
simd_float4x4([[-0.190887, -0.921614, 0.337921, 0.0)], [0.851221, 0.0160304, 0.524562, 0.0)], [-0.488861, 0.387778, 0.781437, 0.0)], [-0.0278007, -0.0135724, 0.0443896, 1.0)]])
-0.0278007, -0.0135724, 0.0443896
float3(-0.398219, -0.559025, -1.5534)
1038342.66017846
normal
simd_float4x4([[-0.16019, -0.932075, 0.324922, 0.0)], [0.875422, 0.01793, 0.483027, 0.0)], [-0.456044, 0.36182, 0.813087, 0.0)], [-0.0446636, -0.00571785, 0.0476129, 1.0)]])
-0.0446636, -0.00571785, 0.0476129
float3(-0.37022, -0.511158, -1.55156)
1038342.86028892
normal
simd_float4x4([[-0.142067, -0.933983, 0.327862, 0.0)], [0.912587, 0.00471052, 0.408855, 0.0)], [-0.383408, 0.357287, 0.851671, 0.0)], [-0.0525333, -0.00519696, 0.0372528, 1.0)]])
-0.0525333, -0.00519696, 0.0372528
float3(-0.365362, -0.423006, -1.56575)
1038343.06039933
normal
simd_float4x4([[-0.116813, -0.933727, 0.338392, 0.0)], [0.947026, -0.00208767, 0.321152, 0.0)], [-0.299162, 0.35798, 0.884507, 0.0)], [-0.0630158, -0.00430787, 0.027024, 1.0)]])
-0.0630158, -0.00430787, 0.027024
float3(-0.366104, -0.326146, -1.57303)
1038343.27718571
normal
simd_float4x4([[-0.0901725, -0.935004, 0.342981, 0.0)], [0.972316, -0.00810626, 0.233531, 0.0)], [-0.215572, 0.354544, 0.90985, 0.0)], [-0.0866526, -0.000843115, 0.0245412, 1.0)]])
-0.0866526, -0.000843115, 0.0245412
float3(-0.362426, -0.232642, -1.57947)
1038343.47729625
normal
simd_float4x4([[-0.0669216, -0.935359, 0.347312, 0.0)], [0.987336, -0.0119003, 0.158195, 0.0)], [-0.143836, 0.3535, 0.92431, 0.0)], [-0.117292, 0.00114675, 0.0157038, 1.0)]])
-0.117292, 0.00114675, 0.0157038
float3(-0.36131, -0.154377, -1.58352)
1038343.71075862
normal
simd_float4x4([[-0.0394486, -0.934442, 0.353925, 0.0)], [0.99678, -0.0120536, 0.0792772, 0.0)], [-0.0698139, 0.355913, 0.931908, 0.0)], [-0.143973, 0.000452906, 0.0102434, 1.0)]])
-0.143973, 0.000452906, 0.0102434
float3(-0.363891, -0.0747753, -1.58369)
1038343.91086904
normal
simd_float4x4([[-0.0220433, -0.933075, 0.359007, 0.0)], [0.999318, -0.00992265, 0.0355694, 0.0)], [-0.0296266, 0.359546, 0.932657, 0.0)], [-0.159658, -0.000811326, 0.00719949, 1.0)]])
-0.159658, -0.000811326, 0.00719949
float3(-0.367782, -0.0317552, -1.58143)
1038344.11097967
normal
simd_float4x4([[-0.016678, -0.929686, 0.367975, 0.0)], [0.999327, -0.0034732, 0.0365181, 0.0)], [-0.0326723, 0.368336, 0.929118, 0.0)], [-0.163375, -0.00737807, 0.00582435, 1.0)]])
-0.163375, -0.00737807, 0.00582435
float3(-0.377219, -0.0351503, -1.57453)
1038344.31109029
normal
simd_float4x4([[-0.0464723, -0.924052, 0.379432, 0.0)], [0.994517, -0.00717783, 0.104327, 0.0)], [-0.0936798, 0.3822, 0.919319, 0.0)], [-0.138222, -0.0142943, 0.0135692, 1.0)]])
-0.138222, -0.0142943, 0.0135692
float3(-0.392176, -0.101551, -1.57856)
1038344.54455287
normal
simd_float4x4([[-0.111395, -0.925893, 0.360988, 0.0)], [0.959702, -0.00592289, 0.280956, 0.0)], [-0.257998, 0.377738, 0.889242, 0.0)], [-0.0795869, -0.0174682, 0.0469575, 1.0)]])
-0.0795869, -0.0174682, 0.0469575
float3(-0.387352, -0.282379, -1.57719)
1038344.76133929
normal
simd_float4x4([[-0.17776, -0.936126, 0.303428, 0.0)], [0.866453, -0.00270671, 0.499251, 0.0)], [-0.46654, 0.351653, 0.811591, 0.0)], [-0.0125919, -0.0119904, 0.0989462, 1.0)]])
-0.0125919, -0.0119904, 0.0989462
float3(-0.359337, -0.521719, -1.57369)
1038344.978126
normal
simd_float4x4([[-0.236528, -0.950332, 0.202295, 0.0)], [0.650582, -0.000263738, 0.759436, 0.0)], [-0.721663, 0.311237, 0.618331, 0.0)], [0.0727924, 0.00115892, 0.183714, 1.0)]])
0.0727924, 0.00115892, 0.183714
float3(-0.316495, -0.862359, -1.57107)
1038345.19491267
normal
simd_float4x4([[-0.264983, -0.9603, 0.0872228, 0.0)], [0.317213, -0.00139338, 0.948353, 0.0)], [-0.910582, 0.278966, 0.304989, 0.0)], [0.156492, 0.0133372, 0.302786, 1.0)]])
0.156492, 0.0133372, 0.302786
float3(-0.282717, -1.2476, -1.57225)
1038345.41169929
normal
simd_float4x4([[-0.264158, -0.964474, -0.00331987, 0.0)], [0.00793657, -0.00561573, 0.999953, 0.0)], [-0.964447, 0.264119, 0.00913806, 0.0)], [0.216799, 0.0227307, 0.425599, 1.0)]])
0.216799, 0.0227307, 0.425599
float3(-0.267291, -1.56132, -1.57662)
1038345.62848604
normal
simd_float4x4([[-0.247464, -0.967968, -0.0424093, 0.0)], [-0.22144, 0.0138911, 0.975075, 0.0)], [-0.943253, 0.250687, -0.217785, 0.0)], [0.246103, 0.0224919, 0.52056, 1.0)]])
0.246103, 0.0224919, 0.52056
float3(-0.25339, -1.79771, -1.55645)
1038345.82859683
normal
simd_float4x4([[-0.213364, -0.975213, -0.058605, 0.0)], [-0.388554, 0.0296666, 0.920948, 0.0)], [-0.896383, 0.219269, -0.385252, 0.0)], [0.246891, 0.0265809, 0.577243, 1.0)]])
0.246891, 0.0265809, 0.577243
float3(-0.221065, -1.97671, -1.54039)
1038346.02870783
normal
simd_float4x4([[-0.186875, -0.979575, -0.0742287, 0.0)], [-0.515523, 0.0334655, 0.856222, 0.0)], [-0.83625, 0.198273, -0.511248, 0.0)], [0.24606, 0.0286946, 0.61739, 1.0)]])
0.24606, 0.0286946, 0.61739
float3(-0.199595, -2.11952, -1.53665)
1038346.22881867
normal
simd_float4x4([[-0.165075, -0.982031, -0.0914606, 0.0)], [-0.628268, 0.0332173, 0.777288, 0.0)], [-0.760282, 0.185773, -0.622462, 0.0)], [0.247873, 0.0284727, 0.667646, 1.0)]])
0.247873, 0.0284727, 0.667646
float3(-0.186858, -2.25685, -1.53698)
1038346.4289295
normal
simd_float4x4([[-0.135688, -0.984952, -0.107042, 0.0)], [-0.734422, 0.0274765, 0.678137, 0.0)], [-0.664991, 0.170629, -0.727099, 0.0)], [0.248456, 0.0285372, 0.709225, 1.0)]])
0.248456, 0.0285372, 0.709225
float3(-0.171468, -2.40078, -1.54291)
1038346.62904058
normal
simd_float4x4([[-0.0845813, -0.987652, -0.131872, 0.0)], [-0.851692, 0.00296827, 0.524034, 0.0)], [-0.517172, 0.156638, -0.841426, 0.0)], [0.241056, 0.0301735, 0.712335, 1.0)]])
0.241056, 0.0301735, 0.712335
float3(-0.157286, -2.59048, -1.56779)
1038346.8291515
normal
simd_float4x4([[-0.0414096, -0.990233, -0.133128, 0.0)], [-0.927283, -0.0115283, 0.374183, 0.0)], [-0.372063, 0.138942, -0.91775, 0.0)], [0.239631, 0.0363154, 0.687975, 1.0)]])
0.239631, 0.0363154, 0.687975
float3(-0.139393, -2.75643, -1.58244)
1038347.02926242
normal
simd_float4x4([[-0.0219414, -0.991125, -0.131111, 0.0)], [-0.97036, -0.0104568, 0.241437, 0.0)], [-0.240665, 0.132522, -0.961519, 0.0)], [0.255592, 0.0419837, 0.636299, 1.0)]])
0.255592, 0.0419837, 0.636299
float3(-0.132913, -2.89633, -1.58135)
1038347.22936229
normal
simd_float4x4([[0.00197247, -0.991145, -0.13277, 0.0)], [-0.991458, -0.0192536, 0.129001, 0.0)], [-0.130415, 0.131381, -0.982716, 0.0)], [0.267104, 0.0359194, 0.648342, 1.0)]])
0.267104, 0.0359194, 0.648342
float3(-0.131762, -3.00965, -1.59022)
1038347.44600383
normal
simd_float4x4([[-0.00211953, -0.991844, -0.127437, 0.0)], [-0.998822, -0.0040787, 0.0483572, 0.0)], [-0.0484826, 0.127389, -0.990667, 0.0)], [0.266901, 0.03182, 0.644746, 1.0)]])
0.266901, 0.03182, 0.644746
float3(-0.127736, -3.09269, -1.57491)
1038347.66264533
normal
simd_float4x4([[-0.00354068, -0.992624, -0.121179, 0.0)], [-0.999778, 0.000996432, 0.02105, 0.0)], [-0.0207739, 0.121227, -0.992407, 0.0)], [0.268622, 0.0333616, 0.645702, 1.0)]])
0.268622, 0.0333616, 0.645702
float3(-0.121526, -3.12066, -1.56979)
1038347.87928696
normal
simd_float4x4([[-0.0128474, -0.992598, -0.120766, 0.0)], [-0.999683, 0.0101365, 0.023035, 0.0)], [-0.0216403, 0.121024, -0.992414, 0.0)], [0.269134, 0.0321531, 0.643198, 1.0)]])
0.269134, 0.0321531, 0.643198
float3(-0.121321, -3.11979, -1.56058)
1038348.0959285
normal
simd_float4x4([[-0.015185, -0.992439, -0.121794, 0.0)], [-0.9995, 0.0116861, 0.0293916, 0.0)], [-0.0277461, 0.122179, -0.99212, 0.0)], [0.270643, 0.032456, 0.638171, 1.0)]])
0.270643, 0.032456, 0.638171
float3(-0.122485, -3.11363, -1.55902)
1038348.31257004
normal
simd_float4x4([[-0.0125378, -0.992989, -0.11754, 0.0)], [-0.99962, 0.00955971, 0.0258662, 0.0)], [-0.0245612, 0.117819, -0.992731, 0.0)], [0.271894, 0.0322144, 0.631918, 1.0)]])
0.271894, 0.0322144, 0.631918
float3(-0.118094, -3.11686, -1.56117)
1038348.52921179
normal
simd_float4x4([[-0.0112495, -0.993324, -0.114811, 0.0)], [-0.999702, 0.00868453, 0.0228166, 0.0)], [-0.0216672, 0.115034, -0.993125, 0.0)], [0.270781, 0.0322882, 0.627425, 1.0)]])
0.270781, 0.0322882, 0.627425
float3(-0.115289, -3.11978, -1.56205)
1038348.74585325
normal
simd_float4x4([[-0.0094659, -0.993942, -0.109493, 0.0)], [-0.999777, 0.00733958, 0.0198064, 0.0)], [-0.0188828, 0.109656, -0.99379, 0.0)], [0.270519, 0.0336034, 0.624622, 1.0)]])
0.270519, 0.0336034, 0.624622
float3(-0.109877, -3.12259, -1.56341)
1038348.96249496
normal
simd_float4x4([[-0.0090952, -0.993972, -0.109254, 0.0)], [-0.999806, 0.00713069, 0.0183584, 0.0)], [-0.0174687, 0.1094, -0.993844, 0.0)], [0.269766, 0.0329476, 0.625796, 1.0)]])
0.269766, 0.0329476, 0.625796
float3(-0.109619, -3.12402, -1.56362)
1038349.17913675
normal
simd_float4x4([[-0.00689088, -0.993716, -0.11172, 0.0)], [-0.999839, 0.0049943, 0.0172472, 0.0)], [-0.0165809, 0.111821, -0.99359, 0.0)], [0.270433, 0.0321546, 0.626734, 1.0)]])
0.270433, 0.0321546, 0.626734
float3(-0.112055, -3.12491, -1.56577)
1038349.39577842
normal
simd_float4x4([[-0.00702158, -0.993139, -0.116729, 0.0)], [-0.999835, 0.00501432, 0.0174808, 0.0)], [-0.0167755, 0.116832, -0.99301, 0.0)], [0.272786, 0.0304898, 0.62764, 1.0)]])
0.272786, 0.0304898, 0.62764
float3(-0.1171, -3.1247, -1.56575)
1038349.61242021
normal
simd_float4x4([[-0.00211612, -0.992798, -0.119783, 0.0)], [-0.999834, -7.00406e-05, 0.0182438, 0.0)], [-0.0181208, 0.119802, -0.992632, 0.0)], [0.275766, 0.029081, 0.630269, 1.0)]])
0.275766, 0.029081, 0.630269
float3(-0.12009, -3.12334, -1.57087)
1038349.82906217
normal
simd_float4x4([[-0.00333176, -0.992296, -0.123847, 0.0)], [-0.999828, 0.00104496, 0.0185251, 0.0)], [-0.018253, 0.123887, -0.992129, 0.0)], [0.278896, 0.0284505, 0.634355, 1.0)]])
0.278896, 0.0284505, 0.634355
float3(-0.124206, -3.1232, -1.56974)
1038350.04570396
normal
simd_float4x4([[-0.00457513, -0.991444, -0.130453, 0.0)], [-0.999654, 0.00115312, 0.0262952, 0.0)], [-0.0259198, 0.130528, -0.991106, 0.0)], [0.282196, 0.0275193, 0.639208, 1.0)]])
0.282196, 0.0275193, 0.639208
float3(-0.130902, -3.11545, -1.56963)
1038350.26234571
normal
simd_float4x4([[-0.00643766, -0.991681, -0.128557, 0.0)], [-0.999516, 0.00246726, 0.0310197, 0.0)], [-0.0304444, 0.128695, -0.991217, 0.0)], [0.286027, 0.0269949, 0.643363, 1.0)]])
0.286027, 0.0269949, 0.643363
float3(-0.129053, -3.11089, -1.56831)
1038350.49565217
normal
simd_float4x4([[-0.0063631, -0.992126, -0.125081, 0.0)], [-0.999295, 0.00167937, 0.0375154, 0.0)], [-0.0370099, 0.125232, -0.991437, 0.0)], [0.288574, 0.0275086, 0.647063, 1.0)]])
0.288574, 0.0275086, 0.647063
float3(-0.125561, -3.10428, -1.5691)
1038350.71229429
normal
simd_float4x4([[-0.00804782, -0.992089, -0.125279, 0.0)], [-0.998967, 0.00237333, 0.0453782, 0.0)], [-0.0447219, 0.125515, -0.991083, 0.0)], [0.292134, 0.0265291, 0.652386, 1.0)]])
0.292134, 0.0265291, 0.652386
float3(-0.125847, -3.0965, -1.5684)
1038350.92893613
normal
simd_float4x4([[-0.00919043, -0.991169, -0.132284, 0.0)], [-0.997127, -0.000862438, 0.0757373, 0.0)], [-0.0751825, 0.1326, -0.988314, 0.0)], [0.3039, 0.0247054, 0.66495, 1.0)]])
0.3039, 0.0247054, 0.66495
float3(-0.132992, -3.06567, -1.57167)
1038351.145578
normal
simd_float4x4([[-0.0186758, -0.990281, -0.137822, 0.0)], [-0.988066, -0.00279939, 0.154004, 0.0)], [-0.152893, 0.139053, -0.978411, 0.0)], [0.339527, 0.0203461, 0.690132, 1.0)]])
0.339527, 0.0203461, 0.690132
float3(-0.139505, -2.98658, -1.57362)
1038351.36222
normal
simd_float4x4([[-0.0630415, -0.985332, -0.158577, 0.0)], [-0.957971, 0.0151881, 0.286464, 0.0)], [-0.279853, 0.169971, -0.944877, 0.0)], [0.400544, 0.0148063, 0.738982, 1.0)]])
0.400544, 0.0148063, 0.738982
float3(-0.170801, -2.85364, -1.55538)
1038351.56223067
normal
simd_float4x4([[-0.0917826, -0.980034, -0.176376, 0.0)], [-0.8976, 0.00473465, 0.440786, 0.0)], [-0.43115, 0.198771, -0.880113, 0.0)], [0.464936, 0.0089223, 0.796367, 1.0)]])
0.464936, 0.0089223, 0.796367
float3(-0.200104, -2.68607, -1.56597)
1038351.77901817
normal
simd_float4x4([[-0.106105, -0.98536, -0.133442, 0.0)], [-0.791844, 0.00256073, 0.610718, 0.0)], [-0.601436, 0.170465, -0.780523, 0.0)], [0.552706, 0.0168197, 0.870354, 1.0)]])
0.552706, 0.0168197, 0.870354
float3(-0.171302, -2.48507, -1.5682)
1038351.97912967
normal
simd_float4x4([[-0.139065, -0.985945, -0.092591, 0.0)], [-0.651572, 0.0206895, 0.758305, 0.0)], [-0.745731, 0.165783, -0.645291, 0.0)], [0.648688, 0.0216554, 0.926902, 1.0)]])
0.648688, 0.0216554, 0.926902
float3(-0.166552, -2.28411, -1.54981)
1038352.17924133
normal
simd_float4x4([[-0.19581, -0.976952, -0.0849941, 0.0)], [-0.488965, 0.0221376, 0.872022, 0.0)], [-0.850042, 0.21231, -0.48203, 0.0)], [0.752276, 0.0150164, 0.958492, 1.0)]])
0.752276, 0.0150164, 0.958492
float3(-0.213938, -2.08665, -1.54814)
1038352.37935296
normal
simd_float4x4([[-0.23789, -0.969691, -0.0557499, 0.0)], [-0.34331, 0.0302526, 0.938735, 0.0)], [-0.908596, 0.242455, -0.340102, 0.0)], [0.868232, 0.00279636, 0.97937, 1.0)]])
0.868232, 0.00279636, 0.97937
float3(-0.244896, -1.92897, -1.53961)
1038352.57946467
normal
simd_float4x4([[-0.226046, -0.97269, -0.0526939, 0.0)], [-0.252307, 0.0062148, 0.967627, 0.0)], [-0.940874, 0.232024, -0.246822, 0.0)], [0.995067, -0.00561393, 0.993138, 1.0)]])
0.995067, -0.00561393, 0.993138
float3(-0.234158, -1.82735, -1.56441)
1038352.77957633
normal
simd_float4x4([[-0.213372, -0.974806, -0.0650069, 0.0)], [-0.204604, -0.0204767, 0.978631, 0.0)], [-0.955306, 0.222113, -0.19508, 0.0)], [1.12342, 0.0105537, 1.00458, 1.0)]])
1.12342, 0.0105537, 1.00458
float3(-0.223981, -1.77223, -1.5918)
1038352.97968792
normal
simd_float4x4([[-0.234275, -0.970273, -0.0607092, 0.0)], [-0.156445, -0.0240063, 0.987395, 0.0)], [-0.9595, 0.24082, -0.14617, 0.0)], [1.24044, 0.0188667, 1.01903, 1.0)]])
1.24044, 0.0188667, 1.01903
float3(-0.24321, -1.72197, -1.59553)
1038353.17979975
normal
simd_float4x4([[-0.223368, -0.973254, -0.0537025, 0.0)], [-0.12059, -0.0270792, 0.992333, 0.0)], [-0.967246, 0.228131, -0.111316, 0.0)], [1.39294, 0.0116073, 1.0465, 1.0)]])
1.39294, 0.0116073, 1.0465
float3(-0.230158, -1.68538, -1.59861)
1038353.39658742
normal
simd_float4x4([[-0.178454, -0.983255, -0.0369398, 0.0)], [-0.073434, -0.0241288, 0.997008, 0.0)], [-0.981204, 0.180632, -0.0678984, 0.0)], [1.56416, 0.0137664, 1.09153, 1.0)]])
1.56416, 0.0137664, 1.09153
float3(-0.181629, -1.63989, -1.59533)
1038353.61337512
normal
simd_float4x4([[-0.19081, -0.981587, -0.00884938, 0.0)], [-0.0413409, -0.000971437, 0.999145, 0.0)], [-0.980756, 0.191013, -0.0403943, 0.0)], [1.72438, 0.0249517, 1.12417, 1.0)]])
1.72438, 0.0249517, 1.12417
float3(-0.192194, -1.61196, -1.57179)
1038353.81348683
normal
simd_float4x4([[-0.195521, -0.980666, 0.00817956, 0.0)], [-0.038909, 0.0160909, 0.999113, 0.0)], [-0.979927, 0.195029, -0.0413028, 0.0)], [1.85766, 0.0227308, 1.13944, 1.0)]])
1.85766, 0.0227308, 1.13944
float3(-0.196287, -1.61292, -1.55439)
1038354.01359858
normal
simd_float4x4([[-0.196214, -0.980537, 0.0068438, 0.0)], [-0.0439749, 0.0157718, 0.998908, 0.0)], [-0.979575, 0.195699, -0.0462137, 0.0)], [2.0103, 0.00301562, 1.14257, 1.0)]])
2.0103, 0.00301562, 1.14257
float3(-0.19697, -1.61794, -1.55471)
1038354.23038646
normal
simd_float4x4([[-0.161441, -0.986763, -0.0153269, 0.0)], [-0.0667018, -0.00458488, 0.997763, 0.0)], [-0.984626, 0.162102, -0.0650787, 0.0)], [2.17574, 0.00926784, 1.13846, 1.0)]])
2.17574, 0.00926784, 1.13846
float3(-0.16282, -1.6368, -1.57544)
1038354.447174
normal
simd_float4x4([[-0.225265, -0.973647, -0.0356075, 0.0)], [-0.0646732, -0.0215233, 0.997674, 0.0)], [-0.972149, 0.227043, -0.0581205, 0.0)], [2.32842, 0.0093494, 1.15379, 1.0)]])
2.32842, 0.0093494, 1.15379
float3(-0.229041, -1.63051, -1.5929)
1038354.64728579
normal
simd_float4x4([[-0.220307, -0.974658, -0.0388203, 0.0)], [-0.052355, -0.0279255, 0.998238, 0.0)], [-0.974025, 0.221951, -0.044876, 0.0)], [2.46, -0.00179298, 1.17926, 1.0)]])
2.46, -0.00179298, 1.17926
float3(-0.223815, -1.61684, -1.59944)
1038354.84739792
normal
simd_float4x4([[-0.202054, -0.978721, -0.0357665, 0.0)], [-0.0445143, -0.0273044, 0.998636, 0.0)], [-0.978362, 0.203371, -0.0380501, 0.0)], [2.59931, 0.00528973, 1.2244, 1.0)]])
2.59931, 0.00528973, 1.2244
float3(-0.2048, -1.60967, -1.59869)
1038355.04750971
normal
simd_float4x4([[-0.173029, -0.98483, -0.0130901, 0.0)], [-0.0618847, -0.00239338, 0.99808, 0.0)], [-0.982971, 0.173507, -0.0605317, 0.0)], [2.71931, 0.0184792, 1.24774, 1.0)]])
2.71931, 0.0184792, 1.24774
float3(-0.17439, -1.6323, -1.57323)
1038355.24762158
normal
simd_float4x4([[-0.177792, -0.984068, 0.000218516, 0.0)], [-0.157261, 0.0286317, 0.987142, 0.0)], [-0.971421, 0.175472, -0.159846, 0.0)], [2.83032, 0.0172811, 1.2675, 1.0)]])
2.83032, 0.0172811, 1.2675
float3(-0.176385, -1.73388, -1.54171)
1038355.44773342
normal
simd_float4x4([[-0.182518, -0.982688, -0.031808, 0.0)], [-0.289394, 0.0227755, 0.956939, 0.0)], [-0.939648, 0.183864, -0.288541, 0.0)], [2.93837, 0.00736244, 1.28422, 1.0)]])
2.93837, 0.00736244, 1.28422
float3(-0.184916, -1.86873, -1.54762)
1038355.64784533
normal
simd_float4x4([[-0.136959, -0.987651, -0.0760771, 0.0)], [-0.438079, -0.00849148, 0.898896, 0.0)], [-0.888442, 0.15644, -0.431506, 0.0)], [3.01368, 0.00929898, 1.28867, 1.0)]])
3.01368, 0.00929898, 1.28867
float3(-0.157085, -2.02293, -1.57939)
1038355.84795721
normal
simd_float4x4([[-0.118933, -0.987292, -0.105398, 0.0)], [-0.57427, -0.0181957, 0.818463, 0.0)], [-0.80998, 0.157869, -0.564809, 0.0)], [3.06151, 0.00799725, 1.30125, 1.0)]])
3.06151, 0.00799725, 1.30125
float3(-0.158532, -2.17972, -1.58922)
1038356.04806913
normal
simd_float4x4([[-0.107321, -0.988015, -0.110941, 0.0)], [-0.698098, -0.00456686, 0.715988, 0.0)], [-0.707914, 0.154288, -0.689241, 0.0)], [3.07143, 0.00938904, 1.30332, 1.0)]])
3.07143, 0.00938904, 1.30332
float3(-0.154907, -2.34283, -1.57542)
1038356.24818108
normal
simd_float4x4([[-0.112113, -0.986756, -0.117228, 0.0)], [-0.788878, 0.0166481, 0.614324, 0.0)], [-0.604237, 0.161352, -0.780297, 0.0)], [3.07685, 0.0117941, 1.30519, 1.0)]])
3.07685, 0.0117941, 1.30519
float3(-0.162061, -2.48268, -1.55393)
1038356.44829308
normal
simd_float4x4([[-0.103599, -0.987231, -0.121001, 0.0)], [-0.846384, 0.0236072, 0.532049, 0.0)], [-0.522399, 0.157533, -0.838023, 0.0)], [3.06658, 0.015068, 1.30388, 1.0)]])
3.06658, 0.015068, 1.30388
float3(-0.158192, -2.58417, -1.54689)
1038356.66508104
normal
simd_float4x4([[-0.0894888, -0.988801, -0.119435, 0.0)], [-0.888531, 0.0250778, 0.458131, 0.0)], [-0.450005, 0.147119, -0.880825, 0.0)], [3.04018, 0.0152832, 1.30301, 1.0)]])
3.04018, 0.0152832, 1.30301
float3(-0.147655, -2.66927, -1.54544)
1038356.865193
normal
simd_float4x4([[-0.0773122, -0.988665, -0.128703, 0.0)], [-0.936513, 0.0277321, 0.349534, 0.0)], [-0.342003, 0.147555, -0.928042, 0.0)], [2.98786, 0.01656, 1.30039, 1.0)]])
2.98786, 0.01656, 1.30039
float3(-0.148096, -2.78851, -1.54275)
1038357.06530508
normal
simd_float4x4([[-0.0629811, -0.986223, -0.152964, 0.0)], [-0.976619, 0.0293364, 0.212966, 0.0)], [-0.205545, 0.162801, -0.965011, 0.0)], [2.91661, 0.0161616, 1.28722, 1.0)]])
2.91661, 0.0161616, 1.28722
float3(-0.163529, -2.93173, -1.54106)
1038357.28209317
normal
simd_float4x4([[-0.0413563, -0.985756, -0.163019, 0.0)], [-0.998085, 0.0332456, 0.0521723, 0.0)], [-0.0460095, 0.164865, -0.985242, 0.0)], [2.8361, 0.0174556, 1.25917, 1.0)]])
2.8361, 0.0174556, 1.25917
float3(-0.165621, -3.09493, -1.53708)
1038357.48216042
normal
simd_float4x4([[-0.0182099, -0.987341, -0.157561, 0.0)], [-0.993766, 0.0352086, -0.105778, 0.0)], [0.109987, 0.154653, -0.981828, 0.0)], [2.76565, 0.0206165, 1.2303, 1.0)]])
2.76565, 0.0206165, 1.2303
float3(-0.155276, 3.03004, -1.53515)
1038357.71546779
normal
simd_float4x4([[0.00977367, -0.990266, -0.138847, 0.0)], [-0.969099, 0.0248456, -0.245417, 0.0)], [0.246478, 0.136955, -0.959423, 0.0)], [2.70814, 0.0246196, 1.19607, 1.0)]])
2.70814, 0.0246196, 1.19607
float3(-0.137387, 2.89013, -1.54571)
1038357.93211038
normal
simd_float4x4([[0.0353762, -0.991485, -0.125328, 0.0)], [-0.933375, 0.0120384, -0.358701, 0.0)], [0.357155, 0.129667, -0.925001, 0.0)], [2.67186, 0.0265913, 1.16838, 1.0)]])
2.67186, 0.0265913, 1.16838
float3(-0.130033, 2.77311, -1.55866)
1038358.13216646
normal
simd_float4x4([[0.0591495, -0.990889, -0.120997, 0.0)], [-0.886994, 0.00343866, -0.461768, 0.0)], [0.457977, 0.134637, -0.878709, 0.0)], [2.64284, 0.0266963, 1.15547, 1.0)]])
2.64284, 0.0266963, 1.15547
float3(-0.135047, 2.66113, -1.56733)
1038358.33227854
normal
simd_float4x4([[0.0828989, -0.989142, -0.121349, 0.0)], [-0.822352, 0.000882542, -0.568978, 0.0)], [0.562908, 0.146959, -0.81335, 0.0)], [2.60713, 0.0237891, 1.16302, 1.0)]])
2.60713, 0.0237891, 1.16302
float3(-0.147494, 2.5362, -1.5699)
1038358.53239088
normal
simd_float4x4([[0.103829, -0.985308, -0.1356, 0.0)], [-0.738576, 0.0149283, -0.674005, 0.0)], [0.666126, 0.170132, -0.726175, 0.0)], [2.55807, 0.0200186, 1.19559, 1.0)]])
2.55807, 0.0200186, 1.19559
float3(-0.170964, 2.3993, -1.55565)
1038358.732503
normal
simd_float4x4([[0.119309, -0.98653, -0.111906, 0.0)], [-0.626003, 0.0127387, -0.779717, 0.0)], [0.77064, 0.163081, -0.616051, 0.0)], [2.49579, 0.0258868, 1.22653, 1.0)]])
2.49579, 0.0258868, 1.22653
float3(-0.163813, 2.24517, -1.55788)
1038358.93261517
normal
simd_float4x4([[0.127119, -0.990013, -0.0609443, 0.0)], [-0.499454, -0.0108037, -0.866273, 0.0)], [0.856963, 0.140559, -0.49584, 0.0)], [2.44378, 0.0358739, 1.25618, 1.0)]])
2.44378, 0.0358739, 1.25618
float3(-0.141026, 2.09533, -1.58171)
1038359.14940342
normal
simd_float4x4([[0.149149, -0.987958, -0.0411471, 0.0)], [-0.39046, -0.0206138, -0.920389, 0.0)], [0.908458, 0.153342, -0.388833, 0.0)], [2.3834, 0.025845, 1.26431, 1.0)]])
2.3834, 0.025845, 1.26431
float3(-0.153949, 1.97522, -1.59166)
1038359.3661915
normal
simd_float4x4([[0.168076, -0.985501, -0.0232149, 0.0)], [-0.30077, -0.0288405, -0.95326, 0.0)], [0.938769, 0.167203, -0.301257, 0.0)], [2.28946, 0.00827505, 1.26152, 1.0)]])
2.28946, 0.00827505, 1.26152
float3(-0.167992, 1.88132, -1.60005)
1038359.56630383
normal
simd_float4x4([[0.165647, -0.985955, -0.0212848, 0.0)], [-0.240261, -0.0194141, -0.970514, 0.0)], [0.95647, 0.165877, -0.240103, 0.0)], [2.17168, -0.00131314, 1.26292, 1.0)]])
2.17168, -0.00131314, 1.26292
float3(-0.166647, 1.81674, -1.59048)
1038359.76641592
normal
simd_float4x4([[0.145319, -0.98923, -0.0175122, 0.0)], [-0.183193, -0.00950868, -0.983031, 0.0)], [0.972277, 0.146061, -0.182601, 0.0)], [2.05753, 0.00793058, 1.2473, 1.0)]])
2.05753, 0.00793058, 1.2473
float3(-0.146585, 1.75644, -1.58041)
1038359.98320417
normal
simd_float4x4([[0.131305, -0.990737, -0.0346332, 0.0)], [-0.135129, 0.0167224, -0.990687, 0.0)], [0.982089, 0.134762, -0.131681, 0.0)], [1.95034, 0.013928, 1.23588, 1.0)]])
1.95034, 0.013928, 1.23588
float3(-0.135173, 1.70408, -1.55392)
1038360.18331658
normal
simd_float4x4([[0.138165, -0.989448, -0.0436161, 0.0)], [-0.0971553, 0.0302857, -0.994808, 0.0)], [0.985632, 0.141686, -0.0919457, 0.0)], [1.83321, 0.00729691, 1.2312, 1.0)]])
1.83321, 0.00729691, 1.2312
float3(-0.142164, 1.66381, -1.5402)
1038360.38342879
normal
simd_float4x4([[0.144347, -0.988888, -0.0355694, 0.0)], [-0.0518088, 0.0283439, -0.998255, 0.0)], [0.98817, 0.145937, -0.0471417, 0.0)], [1.6838, -0.00486927, 1.23972, 1.0)]])
1.6838, -0.00486927, 1.23972
float3(-0.14646, 1.61847, -1.54214)
1038360.583541
normal
simd_float4x4([[0.135653, -0.990564, -0.0195159, 0.0)], [-0.00250201, 0.0193554, -0.99981, 0.0)], [0.990753, 0.135676, 0.000147211, 0.0)], [1.52583, 0.000268792, 1.25629, 1.0)]])
1.52583, 0.000268792, 1.25629
float3(-0.136095, 1.57065, -1.55126)
1038360.78365325
normal
simd_float4x4([[0.162049, -0.986753, 0.00765906, 0.0)], [0.0217734, -0.00418424, -0.999754, 0.0)], [0.986542, 0.162176, 0.0208069, 0.0)], [1.38084, 0.00779544, 1.25807, 1.0)]])
1.38084, 0.00779544, 1.25807
float3(-0.162896, 1.54971, -1.57504)
1038360.98376554
normal
simd_float4x4([[0.168475, -0.98545, 0.0224747, 0.0)], [0.018339, -0.019663, -0.999638, 0.0)], [0.985535, 0.168826, 0.0147594, 0.0)], [1.23302, -0.0014984, 1.24779, 1.0)]])
1.23302, -0.0014984, 1.24779
float3(-0.169639, 1.55582, -1.59075)
1038361.18387779
normal
simd_float4x4([[0.123736, -0.992109, 0.0202331, 0.0)], [0.00453344, -0.0198244, -0.999793, 0.0)], [0.992305, 0.123802, 0.00204468, 0.0)], [1.07698, -0.00318302, 1.21846, 1.0)]])
1.07698, -0.00318302, 1.21846
float3(-0.12412, 1.56874, -1.59078)
1038361.38399017
normal
simd_float4x4([[0.112107, -0.993095, 0.0345488, 0.0)], [0.0070415, -0.0339732, -0.999398, 0.0)], [0.993671, 0.112283, 0.00318424, 0.0)], [0.924078, 0.017549, 1.18152, 1.0)]])
0.924078, 0.017549, 1.18152
float3(-0.11252, 1.56759, -1.60499)
1038361.58410246
normal
simd_float4x4([[0.127739, -0.991743, 0.0113351, 0.0)], [0.0481815, -0.00521014, -0.998825, 0.0)], [0.990637, 0.128135, 0.0471182, 0.0)], [0.770688, 0.0180385, 1.14761, 1.0)]])
0.770688, 0.0180385, 1.14761
float3(-0.128488, 1.52327, -1.57605)
1038361.78421479
normal
simd_float4x4([[0.116649, -0.992855, 0.0251498, 0.0)], [0.103439, -0.0130399, -0.99455, 0.0)], [0.987772, 0.118614, 0.101179, 0.0)], [0.607913, -0.00668193, 1.0972, 1.0)]])
0.607913, -0.00668193, 1.0972
float3(-0.118894, 1.46872, -1.58393)
1038361.98427146
normal
simd_float4x4([[0.113925, -0.992914, 0.0338032, 0.0)], [0.221206, -0.00781938, -0.975196, 0.0)], [0.96855, 0.118576, 0.218747, 0.0)], [0.445763, -0.00844381, 1.04115, 1.0)]])
0.445763, -0.00844381, 1.04115
float3(-0.118856, 1.34867, -1.57867)
1038362.20091421
normal
simd_float4x4([[0.133554, -0.989212, 0.0601897, 0.0)], [0.377255, -0.00541564, -0.926093, 0.0)], [0.916429, 0.146391, 0.372462, 0.0)], [0.311925, 0.00599705, 0.945728, 1.0)]])
0.311925, 0.00599705, 0.945728
float3(-0.146919, 1.18476, -1.57627)
1038362.40101525
normal
simd_float4x4([[0.116507, -0.99134, 0.0605898, 0.0)], [0.496204, 0.00525316, -0.86819, 0.0)], [0.860353, 0.131215, 0.492519, 0.0)], [0.210859, -0.00320111, 0.840515, 1.0)]])
0.210859, -0.00320111, 0.840515
float3(-0.131594, 1.05087, -1.5655)
1038362.60112792
normal
simd_float4x4([[0.0927499, -0.993413, 0.0672881, 0.0)], [0.625795, 0.00559679, -0.779968, 0.0)], [0.774453, 0.11445, 0.622192, 0.0)], [0.11813, -0.00254442, 0.706443, 1.0)]])
0.11813, -0.00254442, 0.706443
float3(-0.114702, 0.893989, -1.56516)
1038362.80124046
normal
simd_float4x4([[0.0767635, -0.992537, 0.0947529, 0.0)], [0.786239, 0.00181828, -0.61792, 0.0)], [0.613136, 0.121932, 0.78051, 0.0)], [0.0747422, 0.00232812, 0.570091, 1.0)]])
0.0747422, 0.00232812, 0.570091
float3(-0.122236, 0.665873, -1.56896)
1038363.01802875
normal
simd_float4x4([[0.0820177, -0.990292, 0.11223, 0.0)], [0.920615, 0.0321449, -0.389145, 0.0)], [0.381759, 0.135238, 0.914314, 0.0)], [0.0452931, -0.00132164, 0.420507, 1.0)]])
0.0452931, -0.00132164, 0.420507
float3(-0.135653, 0.395532, -1.53835)
1038363.21814129
normal
simd_float4x4([[0.0577862, -0.991877, 0.113315, 0.0)], [0.975679, 0.0320692, -0.216848, 0.0)], [0.211453, 0.12309, 0.969606, 0.0)], [0.00641785, -0.0126164, 0.277369, 1.0)]])
0.00641785, -0.0126164, 0.277369
float3(-0.123403, 0.214719, -1.53848)
1038363.41825367
normal
simd_float4x4([[0.00688724, -0.993492, 0.113692, 0.0)], [0.997347, -0.0014154, -0.0727857, 0.0)], [0.0724729, 0.113892, 0.990846, 0.0)], [-0.0228063, -0.00801423, 0.130969, 1.0)]])
-0.0228063, -0.00801423, 0.130969
float3(-0.114139, 0.0730124, -1.57222)
1038363.63504217
normal
simd_float4x4([[0.000575317, -0.98727, 0.159052, 0.0)], [0.998868, 0.0081328, 0.0468691, 0.0)], [-0.047566, 0.158845, 0.986157, 0.0)], [-0.0262647, -0.00973562, -0.0246664, 1.0)]])
-0.0262647, -0.00973562, -0.0246664
float3(-0.15952, -0.0481963, -1.56256)
1038363.85183075
normal
simd_float4x4([[-0.0147333, -0.990813, 0.134432, 0.0)], [0.996455, -0.00341283, 0.0840541, 0.0)], [-0.0828231, 0.135194, 0.987351, 0.0)], [-0.00582566, -0.0293897, -0.185756, 1.0)]])
-0.00582566, -0.0293897, -0.185756
float3(-0.135609, -0.0836882, -1.57424)
1038364.05194325
normal
simd_float4x4([[-0.00314913, -0.992637, 0.121087, 0.0)], [0.997511, 0.00541187, 0.0703077, 0.0)], [-0.0704453, 0.121007, 0.990149, 0.0)], [0.0279035, -0.0129363, -0.352073, 1.0)]])
0.0279035, -0.0129363, -0.352073
float3(-0.121304, -0.0710265, -1.56534)
1038364.25205588
normal
simd_float4x4([[0.02023, -0.991224, 0.130636, 0.0)], [0.996919, 0.0299035, 0.0725176, 0.0)], [-0.0757876, 0.128766, 0.988775, 0.0)], [0.0490337, -0.0038055, -0.505918, 1.0)]])
0.0490337, -0.0038055, -0.505918
float3(-0.129125, -0.0764984, -1.54064)
1038364.46884437
normal
simd_float4x4([[0.0264605, -0.99136, 0.128476, 0.0)], [0.993537, 0.040272, 0.106125, 0.0)], [-0.110382, 0.124838, 0.986018, 0.0)], [0.0732505, -0.0229948, -0.684575, 1.0)]])
0.0732505, -0.0229948, -0.684575
float3(-0.125164, -0.111484, -1.5302)
1038364.66895683
normal
simd_float4x4([[-0.0033606, -0.990119, 0.140186, 0.0)], [0.986433, 0.0197265, 0.162973, 0.0)], [-0.164128, 0.138832, 0.97662, 0.0)], [0.0920282, -0.0209503, -0.863253, 1.0)]])
0.0920282, -0.0209503, -0.863253
float3(-0.139282, -0.166501, -1.55088)
1038364.86906967
normal
simd_float4x4([[-0.0311808, -0.979957, 0.196754, 0.0)], [0.981572, 0.00710822, 0.190959, 0.0)], [-0.18853, 0.199083, 0.961677, 0.0)], [0.120334, -0.0173699, -1.02772, 1.0)]])
0.120334, -0.0173699, -1.02772
float3(-0.200422, -0.193588, -1.56354)
1038365.08585808
normal
simd_float4x4([[-0.0381397, -0.985627, 0.164577, 0.0)], [0.981373, -0.00591167, 0.192023, 0.0)], [-0.18829, 0.168835, 0.967492, 0.0)], [0.153406, -0.0303209, -1.18888, 1.0)]])
0.153406, -0.0303209, -1.18888
float3(-0.169648, -0.192214, -1.57679)
1038365.30264675
normal
simd_float4x4([[-0.0205312, -0.99184, 0.125823, 0.0)], [0.988583, -0.00134983, 0.150671, 0.0)], [-0.149272, 0.12748, 0.980544, 0.0)], [0.202643, -0.016485, -1.35647, 1.0)]])
0.202643, -0.016485, -1.35647
float3(-0.127828, -0.151074, -1.57216)
1038365.50275925
normal
simd_float4x4([[-0.0039359, -0.99133, 0.131335, 0.0)], [0.988524, 0.0159766, 0.150217, 0.0)], [-0.151013, 0.130419, 0.979891, 0.0)], [0.235732, 0.00204483, -1.489, 1.0)]])
0.235732, 0.00204483, -1.489
float3(-0.130792, -0.152909, -1.55468)
1038365.70287192
normal
simd_float4x4([[0.00721088, -0.990491, 0.137386, 0.0)], [0.981063, 0.0336005, 0.190752, 0.0)], [-0.193554, 0.133409, 0.971977, 0.0)], [0.274139, -0.00810377, -1.62269, 1.0)]])
0.274139, -0.00810377, -1.62269
float3(-0.133808, -0.196564, -1.53689)
1038365.90298462
normal
simd_float4x4([[-0.0284447, -0.992128, 0.121957, 0.0)], [0.975198, -0.000752144, 0.221332, 0.0)], [-0.219498, 0.125228, 0.967543, 0.0)], [0.310346, -0.0282887, -1.77665, 1.0)]])
0.310346, -0.0282887, -1.77665
float3(-0.125558, -0.223085, -1.57155)
1038366.10309725
normal
simd_float4x4([[-0.0194579, -0.987639, 0.155535, 0.0)], [0.977293, 0.0140419, 0.211428, 0.0)], [-0.210998, 0.156117, 0.964939, 0.0)], [0.331148, -0.0207463, -1.92779, 1.0)]])
0.331148, -0.0207463, -1.92779
float3(-0.156758, -0.215276, -1.55658)
