ARKit Data
1190905.56998958
normal
simd_float4x4([[0.0174697, -0.993559, 0.111961, 0.0)], [0.999847, 0.0172516, -0.00291615, 0.0)], [0.000965924, 0.111995, 0.993708, 0.0)], [2.9068, 0.280145, -0.225498, 1.0)]])
2.9068, 0.280145, -0.225498
float3(-0.11223, 0.000972039, -1.55343)
1190905.90543721
notAvailable
simd_float4x4([[1.0, 0.0, 0.0, 0.0)], [0.0, 1.0, 0.0, 0.0)], [0.0, 0.0, 1.0, 0.0)], [0.0, 0.0, 0.0, 1.0)]])
0.0, 0.0, 0.0
float3(-0.0, 0.0, 0.0)
1190906.02208771
notAvailable
simd_float4x4([[1.0, 0.0, 0.0, 0.0)], [0.0, 1.0, 0.0, 0.0)], [0.0, 0.0, 1.0, 0.0)], [0.0, 0.0, 0.0, 1.0)]])
0.0, 0.0, 0.0
float3(-0.0, 0.0, 0.0)
1190906.13873808
limited(__ObjC.ARCamera.TrackingState.Reason.initializing)
simd_float4x4([[-0.000488035, -0.991976, 0.126426, 0.0)], [0.999456, -0.00465399, -0.0326586, 0.0)], [0.0329849, 0.126341, 0.991438, 0.0)], [0.0, 0.0, 0.0, 1.0)]])
0.0, 0.0, 0.0
float3(-0.126679, 0.0332575, -1.57549)
1190906.25538825
limited(__ObjC.ARCamera.TrackingState.Reason.initializing)
simd_float4x4([[-0.0145195, -0.987712, 0.155609, 0.0)], [0.99397, -0.0311738, -0.105128, 0.0)], [0.108687, 0.153144, 0.982209, 0.0)], [0.0, 0.0, 0.0, 1.0)]])
0.0, 0.0, 0.0
float3(-0.153749, 0.110207, -1.60235)
1190906.37203867
limited(__ObjC.ARCamera.TrackingState.Reason.initializing)
simd_float4x4([[-0.0117679, -0.988746, 0.149137, 0.0)], [0.976797, -0.0432637, -0.209754, 0.0)], [0.213846, 0.143208, 0.966313, 0.0)], [0.0, 0.0, 0.0, 1.0)]])
0.0, 0.0, 0.0
float3(-0.143702, 0.217791, -1.61452)
1190906.48868896
limited(__ObjC.ARCamera.TrackingState.Reason.initializing)
simd_float4x4([[-0.000855419, -0.989608, 0.143786, 0.0)], [0.941148, -0.0493952, -0.334365, 0.0)], [0.337992, 0.135038, 0.93141, 0.0)], [0.0, 0.0, 0.0, 1.0)]])
0.0, 0.0, 0.0
float3(-0.135452, 0.348105, -1.62067)
1190906.60533921
limited(__ObjC.ARCamera.TrackingState.Reason.initializing)
simd_float4x4([[0.0190746, -0.990567, 0.135695, 0.0)], [0.882789, -0.0470298, -0.467409, 0.0)], [0.469381, 0.128706, 0.873565, 0.0)], [0.0, 0.0, 0.0, 1.0)]])
0.0, 0.0, 0.0
float3(-0.129064, 0.493054, -1.61824)
1190906.72198954
limited(__ObjC.ARCamera.TrackingState.Reason.initializing)
simd_float4x4([[0.0308538, -0.992586, 0.117562, 0.0)], [0.812067, -0.043681, -0.581927, 0.0)], [0.582748, 0.113423, 0.804698, 0.0)], [0.0, 0.0, 0.0, 1.0)]])
0.0, 0.0, 0.0
float3(-0.113668, 0.626772, -1.61478)
1190906.83864004
limited(__ObjC.ARCamera.TrackingState.Reason.initializing)
simd_float4x4([[0.0353625, -0.993062, 0.112144, 0.0)], [0.723182, -0.0520205, -0.688696, 0.0)], [0.689752, 0.105455, 0.716324, 0.0)], [0.0, 0.0, 0.0, 1.0)]])
0.0, 0.0, 0.0
float3(-0.105651, 0.766502, -1.62313)
1190906.95529042
limited(__ObjC.ARCamera.TrackingState.Reason.initializing)
simd_float4x4([[0.0426146, -0.993907, 0.101645, 0.0)], [0.618784, -0.0536193, -0.783728, 0.0)], [0.784404, 0.0962949, 0.612729, 0.0)], [0.0, 0.0, 0.0, 1.0)]])
0.0, 0.0, 0.0
float3(-0.0964444, 0.907662, -1.62469)
1190907.07194058
limited(__ObjC.ARCamera.TrackingState.Reason.initializing)
simd_float4x4([[0.0429436, -0.995065, 0.0894456, 0.0)], [0.518458, -0.054334, -0.853375, 0.0)], [0.854024, 0.0830209, 0.513566, 0.0)], [0.0, 0.0, 0.0, 1.0)]])
0.0, 0.0, 0.0
float3(-0.0831165, 1.02939, -1.62535)
1190907.18859096
limited(__ObjC.ARCamera.TrackingState.Reason.initializing)
simd_float4x4([[0.0639891, -0.995533, 0.0694135, 0.0)], [0.438014, -0.03448, -0.898306, 0.0)], [0.896687, 0.0878862, 0.433851, 0.0)], [0.0, 0.0, 0.0, 1.0)]])
0.0, 0.0, 0.0
float3(-0.0879997, 1.12016, -1.60542)
1190907.30524142
limited(__ObjC.ARCamera.TrackingState.Reason.initializing)
simd_float4x4([[0.0857452, -0.995493, 0.0404951, 0.0)], [0.408931, -0.00189811, -0.912563, 0.0)], [0.908527, 0.0948083, 0.406924, 0.0)], [0.0, 0.0, 0.0, 1.0)]])
0.0, 0.0, 0.0
float3(-0.0949509, 1.14969, -1.5727)
1190907.42189175
limited(__ObjC.ARCamera.TrackingState.Reason.initializing)
simd_float4x4([[0.0937016, -0.995542, 0.0106865, 0.0)], [0.450566, 0.0328317, -0.892139, 0.0)], [0.887812, 0.0884101, 0.451634, 0.0)], [0.0, 0.0, 0.0, 1.0)]])
0.0, 0.0, 0.0
float3(-0.0885257, 1.10021, -1.53783)
1190907.53854188
limited(__ObjC.ARCamera.TrackingState.Reason.initializing)
simd_float4x4([[0.102701, -0.994689, -0.00664744, 0.0)], [0.527013, 0.0600795, -0.84773, 0.0)], [0.843629, 0.0835597, 0.530384, 0.0)], [0.0, 0.0, 0.0, 1.0)]])
0.0, 0.0, 0.0
float3(-0.0836573, 1.00955, -1.51047)
1190907.65519229
limited(__ObjC.ARCamera.TrackingState.Reason.initializing)
simd_float4x4([[0.105988, -0.994365, 0.00163353, 0.0)], [0.618014, 0.0645865, -0.78351, 0.0)], [0.77899, 0.0840524, 0.621376, 0.0)], [0.0, 0.0, 0.0, 1.0)]])
0.0, 0.0, 0.0
float3(-0.0841517, 0.897478, -1.50593)
1190907.77184267
limited(__ObjC.ARCamera.TrackingState.Reason.initializing)
simd_float4x4([[0.101855, -0.994753, 0.00941446, 0.0)], [0.715474, 0.0666785, -0.695449, 0.0)], [0.691174, 0.0775716, 0.718512, 0.0)], [0.0, 0.0, 0.0, 1.0)]])
0.0, 0.0, 0.0
float3(-0.0776496, 0.766008, -1.50387)
1190907.88849292
limited(__ObjC.ARCamera.TrackingState.Reason.initializing)
simd_float4x4([[0.0903317, -0.99584, 0.0117979, 0.0)], [0.795383, 0.0650099, -0.60261, 0.0)], [0.599338, 0.063819, 0.797946, 0.0)], [0.0, 0.0, 0.0, 1.0)]])
0.0, 0.0, 0.0
float3(-0.0638624, 0.644205, -1.50561)
1190908.00514329
limited(__ObjC.ARCamera.TrackingState.Reason.initializing)
simd_float4x4([[0.0762733, -0.997015, 0.0118097, 0.0)], [0.866809, 0.0604501, -0.494963, 0.0)], [0.492773, 0.0479895, 0.868832, 0.0)], [0.0, 0.0, 0.0, 1.0)]])
0.0, 0.0, 0.0
float3(-0.048008, 0.515927, -1.51024)
1190908.12179367
limited(__ObjC.ARCamera.TrackingState.Reason.initializing)
simd_float4x4([[0.0662296, -0.997593, 0.0204388, 0.0)], [0.925739, 0.0537906, -0.374318, 0.0)], [0.372319, 0.0437121, 0.927073, 0.0)], [0.0, 0.0, 0.0, 1.0)]])
0.0, 0.0, 0.0
float3(-0.0437261, 0.381891, -1.51693)
1190908.238444
limited(__ObjC.ARCamera.TrackingState.Reason.initializing)
simd_float4x4([[0.0604855, -0.997989, 0.0188938, 0.0)], [0.967739, 0.0539933, -0.2461, 0.0)], [0.244586, 0.0331699, 0.969059, 0.0)], [0.0, 0.0, 0.0, 1.0)]])
0.0, 0.0, 0.0
float3(-0.033176, 0.247232, -1.51675)
1190908.35509413
limited(__ObjC.ARCamera.TrackingState.Reason.initializing)
simd_float4x4([[0.0537387, -0.99836, 0.0196734, 0.0)], [0.993965, 0.0515946, -0.0968061, 0.0)], [0.0956325, 0.0247569, 0.995107, 0.0)], [0.0, 0.0, 0.0, 1.0)]])
0.0, 0.0, 0.0
float3(-0.0247594, 0.0958085, -1.51916)
1190908.4717445
limited(__ObjC.ARCamera.TrackingState.Reason.initializing)
simd_float4x4([[0.0450307, -0.9988, 0.0191279, 0.0)], [0.9975, 0.0459993, 0.0536525, 0.0)], [-0.054468, 0.0166641, 0.998375, 0.0)], [0.0, 0.0, 0.0, 1.0)]])
0.0, 0.0, 0.0
float3(-0.0166648, -0.0545026, -1.52477)
1190908.58839487
limited(__ObjC.ARCamera.TrackingState.Reason.initializing)
simd_float4x4([[0.0371178, -0.999216, 0.0136508, 0.0)], [0.974152, 0.0392254, 0.222462, 0.0)], [-0.222823, 0.00504071, 0.974844, 0.0)], [0.0, 0.0, 0.0, 1.0)]])
0.0, 0.0, 0.0
float3(-0.00504073, -0.224713, -1.53156)
1190908.68841408
limited(__ObjC.ARCamera.TrackingState.Reason.initializing)
simd_float4x4([[0.0204751, -0.999628, 0.0179571, 0.0)], [0.925217, 0.0257508, 0.378563, 0.0)], [-0.378885, 0.00886319, 0.9254, 0.0)], [0.0, 0.0, 0.0, 1.0)]])
0.0, 0.0, 0.0
float3(-0.00886331, -0.388608, -1.54504)
1190908.78846654
limited(__ObjC.ARCamera.TrackingState.Reason.initializing)
simd_float4x4([[0.0117734, -0.99986, 0.0117237, 0.0)], [0.847879, 0.0161968, 0.529942, 0.0)], [-0.530059, 0.0037013, 0.847951, 0.0)], [0.0, 0.0, 0.0, 1.0)]])
0.0, 0.0, 0.0
float3(-0.00370131, -0.558675, -1.5546)
1190908.88851879
limited(__ObjC.ARCamera.TrackingState.Reason.initializing)
simd_float4x4([[0.00323381, -0.999977, 0.00570372, 0.0)], [0.748116, 0.00620297, 0.663539, 0.0)], [-0.66356, 0.00212169, 0.748118, 0.0)], [0.0, 0.0, 0.0, 1.0)]])
0.0, 0.0, 0.0
float3(-0.00212169, -0.725571, -1.56459)
1190908.98857104
limited(__ObjC.ARCamera.TrackingState.Reason.initializing)
simd_float4x4([[0.00340505, -0.999989, -0.00268849, 0.0)], [0.632219, 6.84857e-05, 0.774789, 0.0)], [-0.774782, -0.00433731, 0.632211, 0.0)], [0.0, 0.0, 0.0, 1.0)]])
0.0, 0.0, 0.0
float3(0.00433732, -0.886383, -1.57073)
1190909.08862346
limited(__ObjC.ARCamera.TrackingState.Reason.initializing)
simd_float4x4([[-0.00115154, -0.999943, -0.0104099, 0.0)], [0.50722, -0.0095571, 0.861763, 0.0)], [-0.861815, -0.00428681, 0.507201, 0.0)], [0.0, 0.0, 0.0, 1.0)]])
0.0, 0.0, 0.0
float3(0.00428682, -1.03886, -1.58035)
1190909.18867579
limited(__ObjC.ARCamera.TrackingState.Reason.initializing)
simd_float4x4([[-0.00174678, -0.999894, -0.014298, 0.0)], [0.388389, -0.0138555, 0.92139, 0.0)], [-0.921493, -0.00394264, 0.388371, 0.0)], [0.0, 0.0, 0.0, 1.0)]])
0.0, 0.0, 0.0
float3(0.00394265, -1.17193, -1.58465)
1190909.28872821
limited(__ObjC.ARCamera.TrackingState.Reason.initializing)
simd_float4x4([[0.00400239, -0.999677, -0.025019, 0.0)], [0.27179, -0.0229916, 0.962081, 0.0)], [-0.962347, -0.0106491, 0.271609, 0.0)], [0.0, 0.0, 0.0, 1.0)]])
0.0, 0.0, 0.0
float3(0.0106493, -1.29572, -1.59379)
1190909.38878042
limited(__ObjC.ARCamera.TrackingState.Reason.initializing)
simd_float4x4([[0.00892892, -0.999392, -0.0336368, 0.0)], [0.171877, -0.0316055, 0.98461, 0.0)], [-0.985076, -0.0145713, 0.171489, 0.0)], [0.0, 0.0, 0.0, 1.0)]])
0.0, 0.0, 0.0
float3(0.0145718, -1.39844, -1.60241)
1190909.48883287
limited(__ObjC.ARCamera.TrackingState.Reason.initializing)
simd_float4x4([[0.0138936, -0.999256, -0.0359243, 0.0)], [0.0659594, -0.0349358, 0.997209, 0.0)], [-0.997724, -0.0162223, 0.0654229, 0.0)], [0.0, 0.0, 0.0, 1.0)]])
0.0, 0.0, 0.0
float3(0.016223, -1.50532, -1.60574)
1190909.58888525
limited(__ObjC.ARCamera.TrackingState.Reason.initializing)
simd_float4x4([[0.0134044, -0.999276, -0.0355397, 0.0)], [-0.0274559, -0.0358995, 0.998976, 0.0)], [-0.999531, -0.0124126, -0.0279195, 0.0)], [0.0, 0.0, 0.0, 1.0)]])
0.0, 0.0, 0.0
float3(0.0124129, -1.59872, -1.60671)
1190909.68893754
limited(__ObjC.ARCamera.TrackingState.Reason.initializing)
simd_float4x4([[0.0120513, -0.9992, -0.0380774, 0.0)], [-0.116044, -0.0392229, 0.992467, 0.0)], [-0.993168, -0.00753909, -0.116426, 0.0)], [0.0, 0.0, 0.0, 1.0)]])
0.0, 0.0, 0.0
float3(0.00753916, -1.68749, -1.61003)
1190909.78898992
limited(__ObjC.ARCamera.TrackingState.Reason.initializing)
simd_float4x4([[0.00957111, -0.999251, -0.0374434, 0.0)], [-0.191944, -0.0385867, 0.980645, 0.0)], [-0.981357, -0.00219634, -0.192172, 0.0)], [0.0, 0.0, 0.0, 1.0)]])
0.0, 0.0, 0.0
float3(0.00219634, -1.76417, -1.60939)
1190909.88904217
limited(__ObjC.ARCamera.TrackingState.Reason.initializing)
simd_float4x4([[0.00659711, -0.998999, -0.0441882, 0.0)], [-0.240818, -0.0444778, 0.969548, 0.0)], [-0.970545, 0.00424781, -0.240873, 0.0)], [0.0, 0.0, 0.0, 1.0)]])
0.0, 0.0, 0.0
float3(-0.00424783, -1.81406, -1.61529)
1190909.98909462
normal
simd_float4x4([[0.0256344, -0.999636, 0.00844362, 0.0)], [-0.261532, 0.00144603, 0.965194, 0.0)], [-0.964854, -0.0269505, -0.2614, 0.0)], [-0.0296549, -0.00202767, -0.0011483, 1.0)]])
-0.0296549, -0.00202767, -0.0011483
float3(0.0269537, -1.83537, -1.56935)
1190910.089147
normal
simd_float4x4([[0.0264149, -0.999629, 0.00660941, 0.0)], [-0.255036, -0.000346051, 0.966932, 0.0)], [-0.966571, -0.0272271, -0.254951, 0.0)], [-0.0827078, -0.00840619, 0.00214564, 1.0)]])
-0.0827078, -0.00840619, 0.00214564
float3(0.0272304, -1.82869, -1.57114)
1190910.18919912
normal
simd_float4x4([[0.0226445, -0.99972, 0.0068905, 0.0)], [-0.218259, 0.00178249, 0.975889, 0.0)], [-0.975628, -0.0236025, -0.218158, 0.0)], [-0.0630216, 0.00301029, 0.0218425, 1.0)]])
-0.0630216, 0.00301029, 0.0218425
float3(0.0236046, -1.79079, -1.56901)
1190910.28925163
normal
simd_float4x4([[0.0137046, -0.999866, 0.00891921, 0.0)], [-0.161888, 0.00658363, 0.986787, 0.0)], [-0.986714, -0.0149674, -0.161776, 0.0)], [0.0080603, 0.0118601, 0.000664678, 1.0)]])
0.0080603, 0.0118601, 0.000664678
float3(0.014968, -1.7333, -1.56421)
1190910.38930392
normal
simd_float4x4([[0.00094357, -0.999973, 0.0073121, 0.0)], [-0.0859088, 0.00720401, 0.996277, 0.0)], [-0.996303, -0.00156823, -0.0858996, 0.0)], [0.155961, 0.0220221, -0.0257201, 1.0)]])
0.155961, 0.0220221, -0.0257201
float3(0.00156823, -1.6568, -1.56359)
1190910.48935642
normal
simd_float4x4([[-0.0121848, -0.999883, 0.00928251, 0.0)], [0.00659029, 0.00920269, 0.999936, 0.0)], [-0.999904, 0.0122452, 0.00647738, 0.0)], [0.332032, 0.0228547, -0.0528179, 1.0)]])
0.332032, 0.0228547, -0.0528179
float3(-0.0122455, -1.56432, -1.56159)
1190910.58940846
normal
simd_float4x4([[-0.0145499, -0.999778, 0.0152594, 0.0)], [0.105581, 0.0136395, 0.994317, 0.0)], [-0.994304, 0.0160783, 0.105359, 0.0)], [0.354707, 0.0178078, -0.0872151, 1.0)]])
0.354707, 0.0178078, -0.0872151
float3(-0.016079, -1.46523, -1.55715)
1190910.68946113
normal
simd_float4x4([[-0.0245744, -0.99944, 0.022705, 0.0)], [0.205766, 0.0171688, 0.978451, 0.0)], [-0.978293, 0.0287168, 0.205229, 0.0)], [0.355762, 0.0145049, -0.122104, 1.0)]])
0.355762, 0.0145049, -0.122104
float3(-0.0287207, -1.36401, -1.55362)
1190910.78951325
normal
simd_float4x4([[-0.0281174, -0.999127, 0.0308999, 0.0)], [0.309317, 0.0206984, 0.950734, 0.0)], [-0.950543, 0.03629, 0.308465, 0.0)], [0.34264, 0.0122646, -0.156438, 1.0)]])
0.34264, 0.0122646, -0.156438
float3(-0.036298, -1.257, -1.55008)
1190910.88956558
normal
simd_float4x4([[-0.0262551, -0.998982, 0.0366898, 0.0)], [0.397798, 0.0232305, 0.917179, 0.0)], [-0.917097, 0.0386757, 0.396783, 0.0)], [0.320109, 0.012255, -0.186946, 1.0)]])
0.320109, 0.012255, -0.186946
float3(-0.0386854, -1.16246, -1.54755)
1190910.98961817
normal
simd_float4x4([[-0.0282341, -0.998816, 0.0396046, 0.0)], [0.456425, 0.0223673, 0.889481, 0.0)], [-0.889314, 0.0431902, 0.455254, 0.0)], [0.301244, 0.0136605, -0.207453, 1.0)]])
0.301244, 0.0136605, -0.207453
float3(-0.0432036, -1.09766, -1.54841)
1190911.08967025
normal
simd_float4x4([[-0.0253956, -0.998816, 0.0414938, 0.0)], [0.476205, 0.0244083, 0.878996, 0.0)], [-0.878968, 0.0420822, 0.475021, 0.0)], [0.287746, 0.0161279, -0.217967, 1.0)]])
0.287746, 0.0161279, -0.217967
float3(-0.0420946, -1.07533, -1.54636)
1190911.18972283
normal
simd_float4x4([[-0.0194125, -0.998587, 0.0494766, 0.0)], [0.460678, 0.0349862, 0.886877, 0.0)], [-0.887355, 0.0400093, 0.459348, 0.0)], [0.286691, 0.0201206, -0.222842, 1.0)]])
0.286691, 0.0201206, -0.222842
float3(-0.04002, -1.09312, -1.53577)
1190911.28977504
normal
simd_float4x4([[0.00928219, -0.998576, 0.0525292, 0.0)], [0.399279, 0.0518632, 0.915361, 0.0)], [-0.916782, 0.0124773, 0.399192, 0.0)], [0.297024, 0.0278576, -0.219861, 1.0)]])
0.297024, 0.0278576, -0.219861
float3(-0.0124776, -1.16013, -1.51891)
1190911.38982738
normal
simd_float4x4([[0.0610772, -0.996927, 0.0490431, 0.0)], [0.267402, 0.0636817, 0.961479, 0.0)], [-0.961648, -0.0456102, 0.27047, 0.0)], [0.312057, 0.0377743, -0.201406, 1.0)]])
0.312057, 0.0377743, -0.201406
float3(0.0456261, -1.29662, -1.50701)
1190911.48987971
normal
simd_float4x4([[0.0764572, -0.994198, 0.0756579, 0.0)], [0.0954678, 0.0828309, 0.99198, 0.0)], [-0.992492, -0.0686212, 0.101247, 0.0)], [0.336518, 0.0482996, -0.183021, 1.0)]])
0.336518, 0.0482996, -0.183021
float3(0.0686751, -1.46914, -1.48767)
1190911.58993196
normal
simd_float4x4([[0.0649185, -0.994068, 0.0872617, 0.0)], [-0.0951018, 0.0808849, 0.992176, 0.0)], [-0.993349, -0.0727093, -0.0892868, 0.0)], [0.356785, 0.0561691, -0.15374, 1.0)]])
0.356785, 0.0561691, -0.15374
float3(0.0727736, -1.66044, -1.48961)
1190911.6899845
normal
simd_float4x4([[0.0497523, -0.993855, 0.0988775, 0.0)], [-0.277722, 0.0813292, 0.957213, 0.0)], [-0.959372, -0.075084, -0.27197, 0.0)], [0.369793, 0.0647961, -0.126071, 1.0)]])
0.369793, 0.0647961, -0.126071
float3(0.0751547, -1.84704, -1.48915)
1190911.79003679
normal
simd_float4x4([[0.0397789, -0.99303, 0.110947, 0.0)], [-0.450186, 0.0813158, 0.889225, 0.0)], [-0.892048, -0.0853192, -0.443814, 0.0)], [0.373381, 0.072842, -0.106193, 1.0)]])
0.373381, 0.072842, -0.106193
float3(0.085423, -2.03246, -1.48909)
1190911.89008917
normal
simd_float4x4([[0.00784918, -0.993738, 0.111458, 0.0)], [-0.596888, 0.0847703, 0.797834, 0.0)], [-0.802286, -0.07279, -0.592485, 0.0)], [0.374282, 0.0747798, -0.0885045, 1.0)]])
0.374282, 0.0747798, -0.0885045
float3(0.0728544, -2.20689, -1.4857)
1190911.9901415
normal
simd_float4x4([[-0.00732981, -0.994447, 0.104988, 0.0)], [-0.725413, 0.0775525, 0.683931, 0.0)], [-0.688275, -0.0711467, -0.721953, 0.0)], [0.365145, 0.0769465, -0.0780567, 1.0)]])
0.365145, 0.0769465, -0.0780567
float3(0.0712069, -2.38007, -1.49297)
1190912.09019379
normal
simd_float4x4([[-0.00900388, -0.996672, 0.0810195, 0.0)], [-0.824452, 0.0532486, 0.563421, 0.0)], [-0.56586, -0.0617238, -0.822188, 0.0)], [0.349585, 0.0817889, -0.0683079, 1.0)]])
0.349585, 0.0817889, -0.0683079
float3(0.061763, -2.53881, -1.51742)
1190912.19024629
normal
simd_float4x4([[-0.004704, -0.998709, 0.0505756, 0.0)], [-0.89084, 0.0271619, 0.453505, 0.0)], [-0.454293, -0.0429215, -0.889818, 0.0)], [0.334419, 0.0856328, -0.0625787, 1.0)]])
0.334419, 0.0856328, -0.0625787
float3(0.0429347, -2.66954, -1.54361)
1190912.29029846
normal
simd_float4x4([[0.00405186, -0.999393, 0.0345927, 0.0)], [-0.92967, 0.00897851, 0.368284, 0.0)], [-0.368372, -0.033652, -0.92907, 0.0)], [0.318317, 0.0891112, -0.065663, 1.0)]])
0.318317, 0.0891112, -0.065663
float3(0.0336584, -2.76411, -1.56181)
1190912.39030663
normal
simd_float4x4([[0.00922141, -0.9997, 0.022692, 0.0)], [-0.951067, -0.00175932, 0.308981, 0.0)], [-0.308848, -0.0244308, -0.950798, 0.0)], [0.309933, 0.0945522, -0.0491693, 1.0)]])
0.309933, 0.0945522, -0.0491693
float3(0.0244333, -2.82751, -1.57256)
1190912.506957
normal
simd_float4x4([[0.00652428, -0.99996, 0.00605834, 0.0)], [-0.968926, -0.00482348, 0.247305, 0.0)], [-0.247266, -0.00748357, -0.968919, 0.0)], [0.29331, 0.101171, -0.0237613, 1.0)]])
0.29331, 0.101171, -0.0237613
float3(0.00748364, -2.89173, -1.57562)
1190912.62360742
normal
simd_float4x4([[0.000240442, -0.999992, -0.00390692, 0.0)], [-0.981365, -0.000986694, 0.192153, 0.0)], [-0.192155, 0.00378791, -0.981357, 0.0)], [0.301179, 0.0950072, -0.0228288, 1.0)]])
0.301179, 0.0950072, -0.0228288
float3(-0.00378792, -2.94823, -1.57178)
1190912.7402575
normal
simd_float4x4([[-0.00315264, -0.999983, -0.00484735, 0.0)], [-0.989007, 0.00240135, 0.147848, 0.0)], [-0.147834, 0.00526018, -0.988998, 0.0)], [0.294347, 0.0938832, -0.0249433, 1.0)]])
0.294347, 0.0938832, -0.0249433
float3(-0.0052602, -2.99321, -1.56839)
1190912.85690792
normal
simd_float4x4([[-0.000596001, -0.999978, -0.0066585, 0.0)], [-0.991809, -0.000259373, 0.127729, 0.0)], [-0.127728, 0.00668009, -0.991787, 0.0)], [0.293746, 0.0932568, -0.0292122, 1.0)]])
0.293746, 0.0932568, -0.0292122
float3(-0.00668014, -3.01351, -1.57106)
1190912.97355833
normal
simd_float4x4([[-0.00519647, -0.999973, -0.00525321, 0.0)], [-0.991815, 0.00448371, 0.127606, 0.0)], [-0.127579, 0.00587332, -0.991811, 0.0)], [0.295654, 0.0924115, -0.0330461, 1.0)]])
0.295654, 0.0924115, -0.0330461
float3(-0.00587335, -3.01366, -1.56631)
1190913.09020871
normal
simd_float4x4([[-0.00814587, -0.999887, -0.0126007, 0.0)], [-0.991243, 0.00641323, 0.131899, 0.0)], [-0.131804, 0.0135648, -0.991183, 0.0)], [0.298412, 0.0916973, -0.0322515, 1.0)]])
0.298412, 0.0916973, -0.0322515
float3(-0.0135652, -3.00939, -1.56438)
1190913.20685896
normal
simd_float4x4([[-0.00641433, -0.999934, -0.00952915, 0.0)], [-0.991471, 0.00511897, 0.130231, 0.0)], [-0.130174, 0.0102832, -0.991438, 0.0)], [0.300953, 0.0914179, -0.0330213, 1.0)]])
0.300953, 0.0914179, -0.0330213
float3(-0.0102834, -3.01104, -1.56568)
1190913.32350925
normal
simd_float4x4([[-0.00287225, -0.999971, -0.00700069, 0.0)], [-0.991688, 0.00194779, 0.128651, 0.0)], [-0.128633, 0.00731201, -0.991665, 0.0)], [0.302553, 0.0920769, -0.0328027, 1.0)]])
0.302553, 0.0920769, -0.0328027
float3(-0.00731208, -3.0126, -1.56885)
1190913.44015958
normal
simd_float4x4([[-0.00104026, -0.999987, -0.00494518, 0.0)], [-0.992015, 0.00040827, 0.12612, 0.0)], [-0.126117, 0.00503689, -0.992003, 0.0)], [0.303614, 0.0918376, -0.0342098, 1.0)]])
0.303614, 0.0918376, -0.0342098
float3(-0.00503692, -3.01514, -1.57039)
1190913.55681
normal
simd_float4x4([[-0.0018174, -0.999994, -0.00289296, 0.0)], [-0.991342, 0.00142182, 0.131302, 0.0)], [-0.131297, 0.00310653, -0.991338, 0.0)], [0.305983, 0.091633, -0.034219, 1.0)]])
0.305983, 0.091633, -0.034219
float3(-0.00310654, -3.00992, -1.56937)
1190913.67346021
normal
simd_float4x4([[-0.000919264, -0.999998, -0.00167531, 0.0)], [-0.991455, 0.000692871, 0.130446, 0.0)], [-0.130445, 0.00178091, -0.991454, 0.0)], [0.309581, 0.0911094, -0.035292, 1.0)]])
0.309581, 0.0911094, -0.035292
float3(-0.00178091, -3.01077, -1.5701)
1190913.79011071
normal
simd_float4x4([[-0.00252718, -0.999996, 0.0013099, 0.0)], [-0.991575, 0.00267554, 0.129507, 0.0)], [-0.12951, -0.000971578, -0.991578, 0.0)], [0.311695, 0.09132, -0.0362171, 1.0)]])
0.311695, 0.09132, -0.0362171
float3(0.000971578, -3.01172, -1.56812)
1190913.906761
normal
simd_float4x4([[-0.00226776, -0.999996, 0.00148033, 0.0)], [-0.991579, 0.00244034, 0.129478, 0.0)], [-0.129481, -0.00117424, -0.991581, 0.0)], [0.312421, 0.0917419, -0.0360155, 1.0)]])
0.312421, 0.0917419, -0.0360155
float3(0.00117424, -3.01175, -1.56836)
1190914.02341125
normal
simd_float4x4([[-1.63875e-05, -0.999978, 0.00666984, 0.0)], [-0.991734, 0.000872051, 0.128306, 0.0)], [-0.128309, -0.00661261, -0.991712, 0.0)], [0.312392, 0.0921582, -0.0370023, 1.0)]])
0.312392, 0.0921582, -0.0370023
float3(0.00661266, -3.01293, -1.56992)
1190914.14006163
normal
simd_float4x4([[-0.000794718, -0.999935, 0.0114106, 0.0)], [-0.991139, 0.00230324, 0.132808, 0.0)], [-0.132825, -0.0112039, -0.991076, 0.0)], [0.313888, 0.0915886, -0.0373758, 1.0)]])
0.313888, 0.0915886, -0.0373758
float3(0.0112042, -3.00837, -1.56849)
1190914.25671196
normal
simd_float4x4([[-0.00320997, -0.999904, 0.0134606, 0.0)], [-0.989386, 0.00513119, 0.145224, 0.0)], [-0.14528, -0.0128515, -0.989307, 0.0)], [0.318372, 0.0911839, -0.0391151, 1.0)]])
0.318372, 0.0911839, -0.0391151
float3(0.0128519, -2.99578, -1.56566)
1190914.37336225
normal
simd_float4x4([[-0.00814153, -0.999873, 0.0136945, 0.0)], [-0.986094, 0.0103011, 0.165869, 0.0)], [-0.165989, -0.0121536, -0.986053, 0.0)], [0.32488, 0.0906084, -0.0418555, 1.0)]])
0.32488, 0.0906084, -0.0418555
float3(0.0121539, -2.97482, -1.56049)
1190914.49001267
normal
simd_float4x4([[-0.00811161, -0.999812, 0.0176215, 0.0)], [-0.980519, 0.0114112, 0.196091, 0.0)], [-0.196256, -0.0156876, -0.980427, 0.0)], [0.330577, 0.0909591, -0.0464551, 1.0)]])
0.330577, 0.0909591, -0.0464551
float3(0.0156883, -2.94403, -1.55938)
1190914.606663
normal
simd_float4x4([[-0.0044344, -0.999691, 0.0244514, 0.0)], [-0.970677, 0.0101801, 0.240174, 0.0)], [-0.240349, -0.0226694, -0.970422, 0.0)], [0.338769, 0.0914617, -0.0539297, 1.0)]])
0.338769, 0.0914617, -0.0539297
float3(0.0226713, -2.8988, -1.56061)
1190914.72331333
normal
simd_float4x4([[0.0012125, -0.999644, 0.0266448, 0.0)], [-0.955095, 0.00673716, 0.296223, 0.0)], [-0.296297, -0.0258075, -0.954747, 0.0)], [0.351692, 0.0934476, -0.0650164, 1.0)]])
0.351692, 0.0934476, -0.0650164
float3(0.0258104, -2.84068, -1.56406)
1190914.83996358
normal
simd_float4x4([[0.00186346, -0.999347, 0.0360927, 0.0)], [-0.935182, 0.0110412, 0.353995, 0.0)], [-0.354162, -0.0344129, -0.934551, 0.0)], [0.365969, 0.095198, -0.0823372, 1.0)]])
0.365969, 0.095198, -0.0823372
float3(0.0344197, -2.77935, -1.55975)
1190914.97327842
normal
simd_float4x4([[0.0136152, -0.998927, 0.0442691, 0.0)], [-0.860275, 0.0108635, 0.509715, 0.0)], [-0.509649, -0.0450234, -0.859204, 0.0)], [0.309374, 0.0974562, -0.0837471, 1.0)]])
0.309374, 0.0974562, -0.0837471
float3(0.0450387, -2.60621, -1.55992)
1190915.08992846
normal
simd_float4x4([[0.0172474, -0.998955, 0.0423125, 0.0)], [-0.828182, 0.00943687, 0.56038, 0.0)], [-0.560194, -0.0447075, -0.827154, 0.0)], [0.319309, 0.0988849, -0.100856, 1.0)]])
0.319309, 0.0988849, -0.100856
float3(0.0447224, -2.5463, -1.56135)
1190915.20657904
normal
simd_float4x4([[0.0233661, -0.998748, 0.0442238, 0.0)], [-0.79361, 0.00837128, 0.608369, 0.0)], [-0.607978, -0.0493116, -0.792421, 0.0)], [0.326529, 0.0998739, -0.120041, 1.0)]])
0.326529, 0.0998739, -0.120041
float3(0.0493317, -2.48715, -1.56241)
1190915.32322938
normal
simd_float4x4([[0.0270979, -0.99845, 0.0486259, 0.0)], [-0.756989, 0.0112734, 0.65333, 0.0)], [-0.652865, -0.0545131, -0.75551, 0.0)], [0.331872, 0.0990857, -0.138334, 1.0)]])
0.331872, 0.0990857, -0.138334
float3(0.0545402, -2.42895, -1.55951)
1190915.43987954
normal
simd_float4x4([[0.0280114, -0.998374, 0.0496373, 0.0)], [-0.718042, 0.0144502, 0.69585, 0.0)], [-0.695436, -0.0551334, -0.71647, 0.0)], [0.33814, 0.0979001, -0.155005, 1.0)]])
0.33814, 0.0979001, -0.155005
float3(0.0551613, -2.37109, -1.55632)
1190915.55653
normal
simd_float4x4([[0.0269041, -0.998372, 0.0502859, 0.0)], [-0.679215, 0.0186516, 0.733703, 0.0)], [-0.733447, -0.0538945, -0.677607, 0.0)], [0.344763, 0.0972745, -0.170662, 1.0)]])
0.344763, 0.0972745, -0.170662
float3(0.0539206, -2.31664, -1.55212)
1190915.67319138
normal
simd_float4x4([[0.0293385, -0.998336, 0.0496542, 0.0)], [-0.640483, 0.0193623, 0.767728, 0.0)], [-0.767412, -0.0543267, -0.638849, 0.0)], [0.351621, 0.0982983, -0.18396, 1.0)]])
0.351621, 0.0982983, -0.18396
float3(0.0543534, -2.26503, -1.5514)
1190915.77324375
normal
simd_float4x4([[0.0366574, -0.997765, 0.0558715, 0.0)], [-0.604265, 0.0223991, 0.796468, 0.0)], [-0.79594, -0.0629576, -0.602094, 0.0)], [0.356129, 0.0992946, -0.19184, 1.0)]])
0.356129, 0.0992946, -0.19184
float3(0.0629993, -2.21842, -1.54835)
1190915.87329608
normal
simd_float4x4([[0.0471535, -0.997627, 0.050165, 0.0)], [-0.562392, 0.01499, 0.826735, 0.0)], [-0.825526, -0.0671958, -0.560351, 0.0)], [0.361115, 0.101109, -0.192934, 1.0)]])
0.361115, 0.101109, -0.192934
float3(0.0672465, -2.16714, -1.55577)
1190915.9733485
normal
simd_float4x4([[0.0577798, -0.997394, 0.0431962, 0.0)], [-0.517842, 0.0070496, 0.855447, 0.0)], [-0.853523, -0.0717964, -0.516086, 0.0)], [0.369778, 0.103049, -0.194018, 1.0)]])
0.369778, 0.103049, -0.194018
float3(0.0718582, -2.11463, -1.56373)
1190916.07340088
normal
simd_float4x4([[0.0769447, -0.996435, 0.0345841, 0.0)], [-0.466209, -0.00529601, 0.884659, 0.0)], [-0.881323, -0.0841933, -0.464954, 0.0)], [0.379661, 0.104904, -0.195131, 1.0)]])
0.379661, 0.104904, -0.195131
float3(0.084293, -2.05625, -1.57611)
1190916.17345308
normal
simd_float4x4([[0.0760399, -0.996659, 0.0298226, 0.0)], [-0.401945, -0.00326748, 0.915658, 0.0)], [-0.912501, -0.0816136, -0.400851, 0.0)], [0.3961, 0.106904, -0.193989, 1.0)]])
0.3961, 0.106904, -0.193989
float3(0.0817044, -1.98471, -1.57407)
1190916.2735055
normal
simd_float4x4([[0.0697747, -0.997077, 0.0311168, 0.0)], [-0.342693, 0.00533636, 0.939432, 0.0)], [-0.936853, -0.0762121, -0.341319, 0.0)], [0.411946, 0.107458, -0.19014, 1.0)]])
0.411946, 0.107458, -0.19014
float3(0.0762861, -1.92018, -1.56544)
1190916.37355792
normal
simd_float4x4([[0.0659336, -0.997193, 0.0354755, 0.0)], [-0.271145, 0.0163098, 0.9624, 0.0)], [-0.960278, -0.0730735, -0.269309, 0.0)], [0.424085, 0.105078, -0.189434, 1.0)]])
0.424085, 0.105078, -0.189434
float3(0.0731387, -1.84422, -1.55444)
1190916.47361025
normal
simd_float4x4([[0.0582207, -0.997349, 0.0436525, 0.0)], [-0.187013, 0.0320565, 0.981834, 0.0)], [-0.980631, -0.0653266, -0.184651, 0.0)], [0.435449, 0.099379, -0.194122, 1.0)]])
0.435449, 0.099379, -0.194122
float3(0.0653732, -1.75692, -1.53867)
1190916.57366246
normal
simd_float4x4([[0.0426863, -0.997918, 0.0483468, 0.0)], [-0.0909371, 0.0443093, 0.99487, 0.0)], [-0.994942, -0.0468639, -0.0888564, 0.0)], [0.446977, 0.0914119, -0.204406, 1.0)]])
0.446977, 0.0914119, -0.204406
float3(0.046881, -1.65987, -1.52642)
1190916.67371475
normal
simd_float4x4([[0.0290858, -0.99802, 0.0557587, 0.0)], [0.0175295, 0.056283, 0.998261, 0.0)], [-0.999423, -0.0280578, 0.0191318, 0.0)], [0.452145, 0.0825943, -0.223219, 1.0)]])
0.452145, 0.0825943, -0.223219
float3(0.0280615, -1.55166, -1.51446)
1190916.77376729
normal
simd_float4x4([[0.00893525, -0.998076, 0.0613567, 0.0)], [0.131075, 0.0619987, 0.989432, 0.0)], [-0.991332, -0.000798488, 0.131377, 0.0)], [0.453118, 0.0743877, -0.247292, 1.0)]])
0.453118, 0.0743877, -0.247292
float3(0.000798488, -1.43904, -1.50876)
1190916.87381963
normal
simd_float4x4([[-0.00426446, -0.997813, 0.0659614, 0.0)], [0.244119, 0.0629275, 0.967702, 0.0)], [-0.969736, 0.0202292, 0.243317, 0.0)], [0.44541, 0.0669593, -0.276877, 1.0)]])
0.44541, 0.0669593, -0.276877
float3(-0.0202305, -1.32496, -1.50781)
1190916.97387204
normal
simd_float4x4([[-0.00913574, -0.99771, 0.0670127, 0.0)], [0.359439, 0.0592599, 0.931285, 0.0)], [-0.933124, 0.032595, 0.358075, 0.0)], [0.428012, 0.0633733, -0.310907, 1.0)]])
0.428012, 0.0633733, -0.310907
float3(-0.0326007, -1.20439, -1.51147)
1190917.07392429
normal
simd_float4x4([[0.00200054, -0.998023, 0.0628228, 0.0)], [0.478396, 0.0561227, 0.876349, 0.0)], [-0.878142, 0.028301, 0.477562, 0.0)], [0.398762, 0.0608437, -0.348361, 1.0)]])
0.398762, 0.0608437, -0.348361
float3(-0.0283048, -1.0727, -1.51462)
1190917.17397671
normal
simd_float4x4([[0.0114032, -0.99831, 0.0569817, 0.0)], [0.592104, 0.0526621, 0.804139, 0.0)], [-0.805781, 0.0245693, 0.591703, 0.0)], [0.362471, 0.059255, -0.386053, 1.0)]])
0.362471, 0.059255, -0.386053
float3(-0.0245718, -0.937404, -1.51809)
1190917.274029
normal
simd_float4x4([[0.018217, -0.998916, 0.0428434, 0.0)], [0.697478, 0.0433984, 0.715291, 0.0)], [-0.716374, 0.0168519, 0.697513, 0.0)], [0.320476, 0.0588408, -0.421843, 1.0)]])
0.320476, 0.0588408, -0.421843
float3(-0.0168527, -0.798738, -1.52738)
1190917.37408121
normal
simd_float4x4([[0.0190719, -0.999002, 0.0403852, 0.0)], [0.782521, 0.0400569, 0.621334, 0.0)], [-0.622332, 0.0197522, 0.782504, 0.0)], [0.277223, 0.0548459, -0.451368, 1.0)]])
0.277223, 0.0548459, -0.451368
float3(-0.0197535, -0.671873, -1.53072)
1190917.47413367
normal
simd_float4x4([[0.0280418, -0.998938, 0.0365534, 0.0)], [0.852054, 0.0430082, 0.521685, 0.0)], [-0.522703, 0.0165165, 0.852355, 0.0)], [0.236479, 0.0547451, -0.472985, 1.0)]])
0.236479, 0.0547451, -0.472985
float3(-0.0165173, -0.550102, -1.52777)
1190917.574186
normal
simd_float4x4([[0.0390162, -0.998642, 0.0345137, 0.0)], [0.909465, 0.0497983, 0.412788, 0.0)], [-0.413946, 0.0152836, 0.910173, 0.0)], [0.196334, 0.0579273, -0.490436, 1.0)]])
0.196334, 0.0579273, -0.490436
float3(-0.0152842, -0.426838, -1.52097)
1190917.67423837
normal
simd_float4x4([[0.0447269, -0.998825, 0.0186664, 0.0)], [0.951237, 0.0482895, 0.304658, 0.0)], [-0.305201, 0.0041298, 0.952279, 0.0)], [0.163323, 0.0590963, -0.50037, 1.0)]])
0.163323, 0.0590963, -0.50037
float3(-0.00412982, -0.310152, -1.52249)
1190917.77429067
normal
simd_float4x4([[0.0366601, -0.999083, 0.0221291, 0.0)], [0.978771, 0.0403656, 0.200944, 0.0)], [-0.201653, 0.0142927, 0.979353, 0.0)], [0.139468, 0.0578201, -0.513329, 1.0)]])
0.139468, 0.0578201, -0.513329
float3(-0.0142932, -0.203066, -1.53042)
1190917.87434321
normal
simd_float4x4([[0.0214682, -0.999139, 0.0354973, 0.0)], [0.993366, 0.0253294, 0.112172, 0.0)], [-0.112974, 0.0328537, 0.993055, 0.0)], [0.125765, 0.0591668, -0.527668, 1.0)]])
0.125765, 0.0591668, -0.527668
float3(-0.0328596, -0.113278, -1.54545)
1190917.97439546
normal
simd_float4x4([[0.0203929, -0.999141, 0.0360789, 0.0)], [0.998419, 0.0222423, 0.051624, 0.0)], [-0.0523822, 0.0349691, 0.998015, 0.0)], [0.116869, 0.0602762, -0.544712, 1.0)]])
0.116869, 0.0602762, -0.544712
float3(-0.0349762, -0.0524383, -1.54854)
1190918.07444771
normal
simd_float4x4([[0.0253952, -0.999114, 0.0335639, 0.0)], [0.999668, 0.0252362, -0.00515096, 0.0)], [0.00429942, 0.0336835, 0.999423, 0.0)], [0.116872, 0.0591028, -0.564442, 1.0)]])
0.116872, 0.0591028, -0.564442
float3(-0.0336899, 0.00430187, -1.54554)
1190918.17450021
normal
simd_float4x4([[0.0358444, -0.999217, 0.0167556, 0.0)], [0.998018, 0.0349234, -0.0523596, 0.0)], [0.0517334, 0.0185992, 0.998488, 0.0)], [0.12518, 0.0540112, -0.58638, 1.0)]])
0.12518, 0.0540112, -0.58638
float3(-0.0186003, 0.0517654, -1.53586)
1190918.27455242
normal
simd_float4x4([[0.0325495, -0.999169, 0.0245521, 0.0)], [0.995208, 0.0301346, -0.0930253, 0.0)], [0.0922081, 0.0274623, 0.995361, 0.0)], [0.144957, 0.0456305, -0.617546, 1.0)]])
0.144957, 0.0456305, -0.617546
float3(-0.0274658, 0.0923742, -1.54065)
1190918.37460496
normal
simd_float4x4([[0.0315331, -0.998958, 0.0329799, 0.0)], [0.991906, 0.0272157, -0.124029, 0.0)], [0.123002, 0.036624, 0.991731, 0.0)], [0.163361, 0.0368135, -0.652596, 1.0)]])
0.163361, 0.0368135, -0.652596
float3(-0.0366322, 0.123397, -1.54356)
1190918.47465717
normal
simd_float4x4([[0.0269371, -0.999256, 0.0275889, 0.0)], [0.989109, 0.0226481, -0.145435, 0.0)], [0.144702, 0.031206, 0.988983, 0.0)], [0.176264, 0.0325104, -0.691606, 1.0)]])
0.176264, 0.0325104, -0.691606
float3(-0.0312111, 0.145284, -1.54814)
1190918.57470942
normal
simd_float4x4([[0.0250471, -0.998776, 0.0426445, 0.0)], [0.985883, 0.0176145, -0.166505, 0.0)], [0.16555, 0.0462129, 0.985118, 0.0)], [0.179577, 0.0347766, -0.740186, 1.0)]])
0.179577, 0.0347766, -0.740186
float3(-0.0462294, 0.166496, -1.55316)
1190918.67476179
normal
simd_float4x4([[0.00363934, -0.99957, 0.0290911, 0.0)], [0.980542, -0.00214295, -0.196299, 0.0)], [0.196277, 0.0292395, 0.980113, 0.0)], [0.177498, 0.0291242, -0.792726, 1.0)]])
0.177498, 0.0291242, -0.792726
float3(-0.0292436, 0.197645, -1.57294)
1190918.77481412
normal
simd_float4x4([[-0.00961086, -0.999887, 0.0115748, 0.0)], [0.97368, -0.0119937, -0.227603, 0.0)], [0.227716, 0.00908268, 0.973685, 0.0)], [0.15877, 0.0149724, -0.850666, 1.0)]])
0.15877, 0.0149724, -0.850666
float3(-0.00908281, 0.229741, -1.58279)
1190918.87486654
normal
simd_float4x4([[-0.00903078, -0.999909, 0.0100297, 0.0)], [0.965441, -0.0113312, -0.260377, 0.0)], [0.260467, 0.00733171, 0.965455, 0.0)], [0.124822, 0.00386291, -0.924583, 1.0)]])
0.124822, 0.00386291, -0.924583
float3(-0.00733178, 0.263513, -1.58213)
1190918.97491883
normal
simd_float4x4([[0.00239592, -0.999981, 0.00570413, 0.0)], [0.958719, 0.000675025, -0.284356, 0.0)], [0.284347, 0.00614995, 0.958702, 0.0)], [0.0883205, -0.00543099, -1.0071, 1.0)]])
0.0883205, -0.00543099, -1.0071
float3(-0.00614999, 0.288331, -1.57012)
1190919.09158025
normal
simd_float4x4([[-0.0196975, -0.999791, -0.00540569, 0.0)], [0.953004, -0.0171403, -0.302472, 0.0)], [0.302317, -0.0111096, 0.953143, 0.0)], [0.060241, -0.00526217, -1.11328, 1.0)]])
0.060241, -0.00526217, -1.11328
float3(0.0111098, 0.307142, -1.58794)
1190919.20823071
normal
simd_float4x4([[-0.0161985, -0.999282, -0.0342334, 0.0)], [0.973337, -0.0079244, -0.229245, 0.0)], [0.228809, -0.037034, 0.972767, 0.0)], [0.0457825, 0.00832078, -1.22286, 1.0)]])
0.0457825, 0.00832078, -1.22286
float3(0.0370425, 0.231016, -1.57873)
1190919.324881
normal
simd_float4x4([[-0.0170456, -0.999697, -0.0177703, 0.0)], [0.991778, -0.0146508, -0.127127, 0.0)], [0.126828, -0.0197911, 0.991727, 0.0)], [0.0513846, 0.00381561, -1.34481, 1.0)]])
0.0513846, 0.00381561, -1.34481
float3(0.0197924, 0.127195, -1.58545)
1190919.44153125
normal
simd_float4x4([[-0.00844687, -0.999884, 0.0126727, 0.0)], [0.999862, -0.00862683, -0.0142139, 0.0)], [0.0143215, 0.0125509, 0.999819, 0.0)], [0.0439317, -0.018728, -1.4851, 1.0)]])
0.0439317, -0.018728, -1.4851
float3(-0.0125513, 0.0143231, -1.57942)
1190919.5415725
normal
simd_float4x4([[0.0135787, -0.999864, -0.00935117, 0.0)], [0.998786, 0.0131201, 0.0474771, 0.0)], [-0.0473479, -0.0099845, 0.998829, 0.0)], [0.0277395, -0.0368544, -1.61182, 1.0)]])
0.0277395, -0.0368544, -1.61182
float3(0.00998466, -0.047368, -1.55768)
1190919.64162496
normal
simd_float4x4([[0.0108742, -0.999917, -0.00686679, 0.0)], [0.999436, 0.0106503, 0.0318471, 0.0)], [-0.0317713, -0.00720923, 0.999469, 0.0)], [0.00685955, -0.0421597, -1.74885, 1.0)]])
0.00685955, -0.0421597, -1.74885
float3(0.00720929, -0.0317775, -1.56015)
1190919.74167721
normal
simd_float4x4([[-0.00587976, -0.999593, 0.0279286, 0.0)], [0.999867, -0.0054509, 0.0154069, 0.0)], [-0.0152484, 0.0280155, 0.999491, 0.0)], [-0.020268, -0.0277434, -1.89351, 1.0)]])
-0.020268, -0.0277434, -1.89351
float3(-0.0280191, -0.015255, -1.57625)
1190919.84172962
normal
simd_float4x4([[0.003293, -0.998649, 0.0518506, 0.0)], [0.999802, 0.00227092, -0.0197585, 0.0)], [0.0196141, 0.0519054, 0.998459, 0.0)], [-0.063109, -0.0106602, -2.02877, 1.0)]])
-0.063109, -0.0106602, -2.02877
float3(-0.0519287, 0.0196419, -1.56852)
1190919.94178196
normal
simd_float4x4([[0.0207986, -0.999771, 0.00504583, 0.0)], [0.999509, 0.0206742, -0.0235661, 0.0)], [0.0234563, 0.00553349, 0.99971, 0.0)], [-0.110107, -0.0156274, -2.15827, 1.0)]])
-0.110107, -0.0156274, -2.15827
float3(-0.00553352, 0.0234588, -1.55012)
1190920.04183437
normal
simd_float4x4([[0.0292407, -0.99903, -0.032915, 0.0)], [0.999562, 0.0293775, -0.00368165, 0.0)], [0.00464505, -0.0327929, 0.999451, 0.0)], [-0.161484, -0.0417112, -2.29032, 1.0)]])
-0.161484, -0.0417112, -2.29032
float3(0.0327988, 0.00464757, -1.5414)
1190920.14188658
normal
simd_float4x4([[0.0253911, -0.99966, -0.00590159, 0.0)], [0.999625, 0.0253288, 0.0104053, 0.0)], [-0.0102522, -0.00616358, 0.999929, 0.0)], [-0.213115, -0.0624535, -2.44021, 1.0)]])
-0.213115, -0.0624535, -2.44021
float3(0.00616362, -0.0102526, -1.54546)
1190920.24193883
normal
simd_float4x4([[0.040351, -0.999172, 0.0052931, 0.0)], [0.998756, 0.0404884, 0.0291196, 0.0)], [-0.0293098, 0.00411151, 0.999562, 0.0)], [-0.261527, -0.0595386, -2.5861, 1.0)]])
-0.261527, -0.0595386, -2.5861
float3(-0.00411152, -0.0293142, -1.5303)
1190920.34199133
normal
simd_float4x4([[0.0191216, -0.997935, 0.0613152, 0.0)], [0.999153, 0.0213076, 0.0351985, 0.0)], [-0.0364323, 0.0605902, 0.997498, 0.0)], [-0.297686, -0.0397585, -2.72437, 1.0)]])
-0.297686, -0.0397585, -2.72437
float3(-0.0606273, -0.0365074, -1.54945)
1190920.44204367
normal
simd_float4x4([[0.0135882, -0.998563, 0.0518485, 0.0)], [0.997909, 0.0168194, 0.0624026, 0.0)], [-0.0631849, 0.0508922, 0.996703, 0.0)], [-0.331742, -0.0346968, -2.85096, 1.0)]])
-0.331742, -0.0346968, -2.85096
float3(-0.0509142, -0.0633092, -1.55395)
1190920.54209608
normal
simd_float4x4([[-0.00477546, -0.999171, 0.0404313, 0.0)], [0.997482, -0.00189836, 0.0709014, 0.0)], [-0.0707659, 0.0406681, 0.996664, 0.0)], [-0.36228, -0.04837, -2.9812, 1.0)]])
-0.36228, -0.04837, -2.9812
float3(-0.0406793, -0.0708838, -1.5727)
1190920.64214829
normal
simd_float4x4([[-0.0156221, -0.999874, -0.00265058, 0.0)], [0.997077, -0.0157766, 0.0747646, 0.0)], [-0.074797, -0.00147485, 0.997198, 0.0)], [-0.394658, -0.0633532, -3.11585, 1.0)]])
-0.394658, -0.0633532, -3.11585
float3(0.00147485, -0.074867, -1.58657)
1190920.74220062
normal
simd_float4x4([[-0.0075664, -0.999453, -0.0321803, 0.0)], [0.998879, -0.00905779, 0.0464546, 0.0)], [-0.0467207, -0.0317927, 0.998402, 0.0)], [-0.433717, -0.0605375, -3.25776, 1.0)]])
-0.433717, -0.0605375, -3.25776
float3(0.0317981, -0.0467614, -1.57986)
1190920.84224217
normal
simd_float4x4([[0.00375704, -0.999765, -0.0213575, 0.0)], [0.999946, 0.00354812, 0.00981156, 0.0)], [-0.00973346, -0.0213932, 0.999724, 0.0)], [-0.473022, -0.0416898, -3.40588, 1.0)]])
-0.473022, -0.0416898, -3.40588
float3(0.0213949, -0.00973584, -1.56725)
1190920.95889225
normal
simd_float4x4([[0.0224912, -0.99962, -0.0159186, 0.0)], [0.998912, 0.0231202, -0.0405021, 0.0)], [0.0408548, -0.0149904, 0.999053, 0.0)], [-0.523355, -0.0260114, -3.57467, 1.0)]])
-0.523355, -0.0260114, -3.57467
float3(0.0149909, 0.0408708, -1.54767)
1190921.07554263
normal
simd_float4x4([[0.0368844, -0.998762, -0.0333686, 0.0)], [0.998639, 0.0380712, -0.0356618, 0.0)], [0.0368881, -0.0320078, 0.998807, 0.0)], [-0.572686, -0.0509918, -3.73909, 1.0)]])
-0.572686, -0.0509918, -3.73909
float3(0.0320132, 0.0369154, -1.5327)
1190921.19219304
normal
simd_float4x4([[0.043765, -0.999041, -0.00134716, 0.0)], [0.998805, 0.0437839, -0.0217081, 0.0)], [0.0217463, -0.000395495, 0.999764, 0.0)], [-0.623234, -0.0837182, -3.91507, 1.0)]])
-0.623234, -0.0837182, -3.91507
