ARKit Data
178467.959517041
normal
simd_float4x4([[0.0602452, -0.997842, 0.0261235, 0.0)], [0.732282, 0.0619665, 0.678177, 0.0)], [-0.678332, -0.0217271, 0.734435, 0.0)], [-3.24549, 0.746266, 2.41516, 1.0)]])
-3.24549, 0.746266, 2.41516
float3(0.0217288, -0.745708, -1.50878)
178468.310483958
limited(__ObjC.ARCamera.TrackingState.Reason.initializing)
simd_float4x4([[0.0353111, -0.997284, 0.0644802, 0.0)], [0.999373, 0.0352295, -0.00228561, 0.0)], [2.57188e-08, 0.0645241, 0.997906, 0.0)], [0.0, 0.0, 0.0, 1.0)]])
0.0, 0.0, 0.0
float3(-0.064569, 2.57728e-08, -1.53549)
178468.427137625
limited(__ObjC.ARCamera.TrackingState.Reason.initializing)
simd_float4x4([[0.0353111, -0.997284, 0.0644802, 0.0)], [0.999373, 0.0352295, -0.00228561, 0.0)], [2.57188e-08, 0.0645241, 0.997906, 0.0)], [0.0, 0.0, 0.0, 1.0)]])
0.0, 0.0, 0.0
float3(-0.064569, 2.57728e-08, -1.53549)
178468.543791166
limited(__ObjC.ARCamera.TrackingState.Reason.initializing)
simd_float4x4([[0.0673354, -0.997376, 0.0265734, 0.0)], [0.643404, 0.0230509, -0.76518, 0.0)], [0.762559, 0.0686211, 0.643268, 0.0)], [0.0, 0.0, 0.0, 1.0)]])
0.0, 0.0, 0.0
float3(-0.0686751, 0.87005, -1.54769)
178468.660444583
limited(__ObjC.ARCamera.TrackingState.Reason.initializing)
simd_float4x4([[0.0637604, -0.997087, 0.0418367, 0.0)], [0.637041, 0.00839543, -0.770784, 0.0)], [0.768188, 0.0757972, 0.635721, 0.0)], [0.0, 0.0, 0.0, 1.0)]])
0.0, 0.0, 0.0
float3(-0.07587, 0.879475, -1.56238)
178468.777098083
limited(__ObjC.ARCamera.TrackingState.Reason.initializing)
simd_float4x4([[0.0729937, -0.996485, 0.0410908, 0.0)], [0.627685, 0.013883, -0.778344, 0.0)], [0.775037, 0.0826063, 0.626491, 0.0)], [0.0, 0.0, 0.0, 1.0)]])
0.0, 0.0, 0.0
float3(-0.0827005, 0.890993, -1.55687)
178468.893751541
limited(__ObjC.ARCamera.TrackingState.Reason.initializing)
simd_float4x4([[0.0757676, -0.996543, 0.0340371, 0.0)], [0.613111, 0.019641, -0.789753, 0.0)], [0.786354, 0.0807061, 0.61248, 0.0)], [0.0, 0.0, 0.0, 1.0)]])
0.0, 0.0, 0.0
float3(-0.080794, 0.909063, -1.55109)
178469.010405041
limited(__ObjC.ARCamera.TrackingState.Reason.initializing)
simd_float4x4([[0.0819301, -0.995982, 0.0361132, 0.0)], [0.600679, 0.0204331, -0.799229, 0.0)], [0.79528, 0.0871734, 0.59994, 0.0)], [0.0, 0.0, 0.0, 1.0)]])
0.0, 0.0, 0.0
float3(-0.0872841, 0.924501, -1.55028)
178469.127058541
limited(__ObjC.ARCamera.TrackingState.Reason.initializing)
simd_float4x4([[0.0879336, -0.995564, 0.0333999, 0.0)], [0.593675, 0.0254533, -0.804302, 0.0)], [0.799884, 0.0905539, 0.593279, 0.0)], [0.0, 0.0, 0.0, 1.0)]])
0.0, 0.0, 0.0
float3(-0.0906781, 0.932624, -1.54524)
178469.243712041
limited(__ObjC.ARCamera.TrackingState.Reason.initializing)
simd_float4x4([[0.0913957, -0.995325, 0.0311431, 0.0)], [0.587922, 0.0286915, -0.808408, 0.0)], [0.803736, 0.0921948, 0.587796, 0.0)], [0.0, 0.0, 0.0, 1.0)]])
0.0, 0.0, 0.0
float3(-0.0923259, 0.939351, -1.54198)
178469.360365458
limited(__ObjC.ARCamera.TrackingState.Reason.initializing)
simd_float4x4([[0.0929331, -0.995296, 0.0272688, 0.0)], [0.577157, 0.0315335, -0.816024, 0.0)], [0.811326, 0.091574, 0.577372, 0.0)], [0.0, 0.0, 0.0, 1.0)]])
0.0, 0.0, 0.0
float3(-0.0917025, 0.952301, -1.53912)
178469.477019
limited(__ObjC.ARCamera.TrackingState.Reason.initializing)
simd_float4x4([[0.091304, -0.995562, 0.022651, 0.0)], [0.563797, 0.0329303, -0.825257, 0.0)], [0.820849, 0.0881199, 0.564301, 0.0)], [0.0, 0.0, 0.0, 1.0)]])
0.0, 0.0, 0.0
float3(-0.0882343, 0.968535, -1.53773)
178469.593672416
limited(__ObjC.ARCamera.TrackingState.Reason.initializing)
simd_float4x4([[0.094219, -0.995309, 0.0218472, 0.0)], [0.548571, 0.0335918, -0.835429, 0.0)], [0.830776, 0.090698, 0.549162, 0.0)], [0.0, 0.0, 0.0, 1.0)]])
0.0, 0.0, 0.0
float3(-0.0908228, 0.986711, -1.53706)
178469.710326
limited(__ObjC.ARCamera.TrackingState.Reason.initializing)
simd_float4x4([[0.0980939, -0.99497, 0.0201671, 0.0)], [0.537617, 0.0359287, -0.842423, 0.0)], [0.837462, 0.0934788, 0.538437, 0.0)], [0.0, 0.0, 0.0, 1.0)]])
0.0, 0.0, 0.0
float3(-0.0936155, 0.999401, -1.5347)
178469.8269795
limited(__ObjC.ARCamera.TrackingState.Reason.initializing)
simd_float4x4([[0.0987712, -0.994877, 0.0214453, 0.0)], [0.532036, 0.0345842, -0.846015, 0.0)], [0.840939, 0.0949717, 0.532726, 0.0)], [0.0, 0.0, 0.0, 1.0)]])
0.0, 0.0, 0.0
float3(-0.095115, 1.00612, -1.53605)
178469.943633125
limited(__ObjC.ARCamera.TrackingState.Reason.initializing)
simd_float4x4([[0.0989321, -0.994846, 0.0221241, 0.0)], [0.530373, 0.0339048, -0.847086, 0.0)], [0.841971, 0.095538, 0.530993, 0.0)], [0.0, 0.0, 0.0, 1.0)]])
0.0, 0.0, 0.0
float3(-0.095684, 1.00814, -1.53673)
178470.060286625
limited(__ObjC.ARCamera.TrackingState.Reason.initializing)
simd_float4x4([[0.0990094, -0.994824, 0.0227607, 0.0)], [0.532064, 0.0335969, -0.846037, 0.0)], [0.840894, 0.0958758, 0.532636, 0.0)], [0.0, 0.0, 0.0, 1.0)]])
0.0, 0.0, 0.0
float3(-0.0960233, 1.00617, -1.53704)
178470.176940041
limited(__ObjC.ARCamera.TrackingState.Reason.initializing)
simd_float4x4([[0.0995553, -0.994736, 0.0241694, 0.0)], [0.536765, 0.0332363, -0.843077, 0.0)], [0.837836, 0.0969061, 0.537248, 0.0)], [0.0, 0.0, 0.0, 1.0)]])
0.0, 0.0, 0.0
float3(-0.0970584, 1.00061, -1.5374)
178470.2935935
limited(__ObjC.ARCamera.TrackingState.Reason.initializing)
simd_float4x4([[0.0987542, -0.99483, 0.0236116, 0.0)], [0.539669, 0.0336063, -0.841206, 0.0)], [0.836064, 0.0958152, 0.540197, 0.0)], [0.0, 0.0, 0.0, 1.0)]])
0.0, 0.0, 0.0
float3(-0.0959624, 0.997154, -1.53703)
178470.410247208
limited(__ObjC.ARCamera.TrackingState.Reason.initializing)
simd_float4x4([[0.0995441, -0.994717, 0.0250075, 0.0)], [0.54416, 0.0333803, -0.838317, 0.0)], [0.833053, 0.0970576, 0.544608, 0.0)], [0.0, 0.0, 0.0, 1.0)]])
0.0, 0.0, 0.0
float3(-0.0972106, 0.99179, -1.53725)
178470.526900666
limited(__ObjC.ARCamera.TrackingState.Reason.initializing)
simd_float4x4([[0.0972763, -0.994899, 0.0266299, 0.0)], [0.551793, 0.0316452, -0.833381, 0.0)], [0.828287, 0.0957624, 0.552056, 0.0)], [0.0, 0.0, 0.0, 1.0)]])
0.0, 0.0, 0.0
float3(-0.0959094, 0.982907, -1.539)
178470.643554208
limited(__ObjC.ARCamera.TrackingState.Reason.initializing)
simd_float4x4([[0.0971889, -0.994761, 0.0316165, 0.0)], [0.559382, 0.0283224, -0.828426, 0.0)], [0.82319, 0.0981996, 0.559203, 0.0)], [0.0, 0.0, 0.0, 1.0)]])
0.0, 0.0, 0.0
float3(-0.0983581, 0.97409, -1.54233)
178470.76020775
limited(__ObjC.ARCamera.TrackingState.Reason.initializing)
simd_float4x4([[0.101008, -0.994117, 0.0390147, 0.0)], [0.570338, 0.0257287, -0.821007, 0.0)], [0.815174, 0.10518, 0.569581, 0.0)], [0.0, 0.0, 0.0, 1.0)]])
0.0, 0.0, 0.0
float3(-0.105374, 0.960928, -1.54492)
178470.876861375
limited(__ObjC.ARCamera.TrackingState.Reason.initializing)
simd_float4x4([[0.108827, -0.992502, 0.0555988, 0.0)], [0.584022, 0.018577, -0.811525, 0.0)], [0.804408, 0.120787, 0.581664, 0.0)], [0.0, 0.0, 0.0, 1.0)]])
0.0, 0.0, 0.0
float3(-0.121082, 0.944737, -1.55208)
178470.993514958
limited(__ObjC.ARCamera.TrackingState.Reason.initializing)
simd_float4x4([[0.118518, -0.990296, 0.0725488, 0.0)], [0.594669, 0.0122777, -0.803877, 0.0)], [0.795185, 0.138416, 0.590353, 0.0)], [0.0, 0.0, 0.0, 1.0)]])
0.0, 0.0, 0.0
float3(-0.138862, 0.932171, -1.5584)
178471.110168583
limited(__ObjC.ARCamera.TrackingState.Reason.initializing)
simd_float4x4([[0.132924, -0.986883, 0.0915859, 0.0)], [0.602765, 0.00714068, -0.797887, 0.0)], [0.786767, 0.161263, 0.595808, 0.0)], [0.0, 0.0, 0.0, 1.0)]])
0.0, 0.0, 0.0
float3(-0.161971, 0.922648, -1.56356)
178471.226821916
limited(__ObjC.ARCamera.TrackingState.Reason.initializing)
simd_float4x4([[0.148357, -0.98332, 0.105204, 0.0)], [0.607234, 0.00661382, -0.794495, 0.0)], [0.780547, 0.181752, 0.598086, 0.0)], [0.0, 0.0, 0.0, 1.0)]])
0.0, 0.0, 0.0
float3(-0.182768, 0.916982, -1.56407)
178471.343475666
limited(__ObjC.ARCamera.TrackingState.Reason.initializing)
simd_float4x4([[0.159449, -0.980734, 0.11283, 0.0)], [0.612, 0.00851973, -0.790812, 0.0)], [0.774615, 0.195146, 0.601568, 0.0)], [0.0, 0.0, 0.0, 1.0)]])
0.0, 0.0, 0.0
float3(-0.196407, 0.910486, -1.56211)
178471.460129208
limited(__ObjC.ARCamera.TrackingState.Reason.initializing)
simd_float4x4([[0.150914, -0.981721, 0.115933, 0.0)], [0.626377, 0.00423552, -0.779509, 0.0)], [0.76477, 0.190257, 0.615566, 0.0)], [0.0, 0.0, 0.0, 1.0)]])
0.0, 0.0, 0.0
float3(-0.191424, 0.893072, -1.56648)
178471.576782833
limited(__ObjC.ARCamera.TrackingState.Reason.initializing)
simd_float4x4([[0.114229, -0.989457, 0.0889812, 0.0)], [0.658217, 0.00829124, -0.752783, 0.0)], [0.744109, 0.144559, 0.652224, 0.0)], [0.0, 0.0, 0.0, 1.0)]])
0.0, 0.0, 0.0
float3(-0.145067, 0.851107, -1.56242)
178471.693436416
limited(__ObjC.ARCamera.TrackingState.Reason.initializing)
simd_float4x4([[0.0773307, -0.995278, 0.0585969, 0.0)], [0.693065, 0.0114131, -0.720785, 0.0)], [0.716712, 0.0963503, 0.690675, 0.0)], [0.0, 0.0, 0.0, 1.0)]])
0.0, 0.0, 0.0
float3(-0.0965, 0.803896, -1.55933)
178471.810090083
limited(__ObjC.ARCamera.TrackingState.Reason.initializing)
simd_float4x4([[0.0487653, -0.998141, 0.0364345, 0.0)], [0.707642, 0.00878264, -0.706517, 0.0)], [0.704883, 0.0602361, 0.706755, 0.0)], [0.0, 0.0, 0.0, 1.0)]])
0.0, 0.0, 0.0
float3(-0.0602726, 0.784072, -1.562)
178471.926743583
limited(__ObjC.ARCamera.TrackingState.Reason.initializing)
simd_float4x4([[0.0291719, -0.999343, 0.0212876, 0.0)], [0.686614, 0.00455638, -0.727007, 0.0)], [0.726433, 0.0358246, 0.686297, 0.0)], [0.0, 0.0, 0.0, 1.0)]])
0.0, 0.0, 0.0
float3(-0.0358322, 0.813801, -1.56624)
178472.043397125
limited(__ObjC.ARCamera.TrackingState.Reason.initializing)
simd_float4x4([[0.0260182, -0.999534, 0.0156585, 0.0)], [0.642008, 0.00470091, -0.766684, 0.0)], [0.766253, 0.0300006, 0.641831, 0.0)], [0.0, 0.0, 0.0, 1.0)]])
0.0, 0.0, 0.0
float3(-0.0300051, 0.873532, -1.56609)
178472.160050875
limited(__ObjC.ARCamera.TrackingState.Reason.initializing)
simd_float4x4([[0.0296186, -0.999546, 0.00470113, 0.0)], [0.587706, 0.0136104, -0.80896, 0.0)], [0.808529, 0.0267231, 0.587842, 0.0)], [0.0, 0.0, 0.0, 1.0)]])
0.0, 0.0, 0.0
float3(-0.0267263, 0.942145, -1.55718)
178472.276704583
limited(__ObjC.ARCamera.TrackingState.Reason.initializing)
simd_float4x4([[0.0316243, -0.999462, -0.00810028, 0.0)], [0.522938, 0.0234527, -0.852048, 0.0)], [0.85178, 0.0227096, 0.523398, 0.0)], [0.0, 0.0, 0.0, 1.0)]])
0.0, 0.0, 0.0
float3(-0.0227115, 1.0198, -1.54734)
178472.393358125
limited(__ObjC.ARCamera.TrackingState.Reason.initializing)
simd_float4x4([[0.0378741, -0.999162, -0.01517, 0.0)], [0.452992, 0.0306998, -0.890985, 0.0)], [0.890705, 0.0268736, 0.453774, 0.0)], [0.0, 0.0, 0.0, 1.0)]])
0.0, 0.0, 0.0
float3(-0.0268769, 1.09961, -1.54008)
178472.510011625
limited(__ObjC.ARCamera.TrackingState.Reason.initializing)
simd_float4x4([[0.0529557, -0.998443, -0.0171385, 0.0)], [0.377341, 0.0358995, -0.925378, 0.0)], [0.924554, 0.0425374, 0.378653, 0.0)], [0.0, 0.0, 0.0, 1.0)]])
0.0, 0.0, 0.0
float3(-0.0425503, 1.18208, -1.53486)
178472.610011666
limited(__ObjC.ARCamera.TrackingState.Reason.initializing)
simd_float4x4([[0.0675428, -0.997504, -0.0202774, 0.0)], [0.318006, 0.0407898, -0.94721, 0.0)], [0.945674, 0.0575295, 0.319965, 0.0)], [0.0, 0.0, 0.0, 1.0)]])
0.0, 0.0, 0.0
float3(-0.0575612, 1.24454, -1.52993)
178472.710067666
limited(__ObjC.ARCamera.TrackingState.Reason.initializing)
simd_float4x4([[0.0883236, -0.995885, -0.020031, 0.0)], [0.257848, 0.0422852, -0.965259, 0.0)], [0.962135, 0.0800909, 0.260519, 0.0)], [0.0, 0.0, 0.0, 1.0)]])
0.0, 0.0, 0.0
float3(-0.0801768, 1.30637, -1.52836)
178472.810123708
limited(__ObjC.ARCamera.TrackingState.Reason.initializing)
simd_float4x4([[0.117846, -0.992885, -0.0167443, 0.0)], [0.216128, 0.0421048, -0.975456, 0.0)], [0.969223, 0.111336, 0.219549, 0.0)], [0.0, 0.0, 0.0, 1.0)]])
0.0, 0.0, 0.0
float3(-0.111567, 1.34803, -1.52842)
178472.910179708
limited(__ObjC.ARCamera.TrackingState.Reason.initializing)
simd_float4x4([[0.156895, -0.987507, -0.0142722, 0.0)], [0.2037, 0.0464995, -0.977928, 0.0)], [0.966376, 0.150525, 0.208449, 0.0)], [0.0, 0.0, 0.0, 1.0)]])
0.0, 0.0, 0.0
float3(-0.151099, 1.35835, -1.52374)
178473.010235708
limited(__ObjC.ARCamera.TrackingState.Reason.initializing)
simd_float4x4([[0.202793, -0.979217, 0.000343774, 0.0)], [0.217457, 0.0446942, -0.975045, 0.0)], [0.954767, 0.197808, 0.221999, 0.0)], [0.0, 0.0, 0.0, 1.0)]])
0.0, 0.0, 0.0
float3(-0.199121, 1.34234, -1.52519)
178473.110291666
limited(__ObjC.ARCamera.TrackingState.Reason.initializing)
simd_float4x4([[0.228809, -0.973214, 0.0222214, 0.0)], [0.269811, 0.0414699, -0.962019, 0.0)], [0.93533, 0.226115, 0.272071, 0.0)], [0.0, 0.0, 0.0, 1.0)]])
0.0, 0.0, 0.0
float3(-0.228087, 1.28773, -1.52821)
178473.210347583
limited(__ObjC.ARCamera.TrackingState.Reason.initializing)
simd_float4x4([[0.242362, -0.968744, 0.0528063, 0.0)], [0.339387, 0.0336675, -0.940044, 0.0)], [0.908885, 0.245753, 0.336937, 0.0)], [0.0, 0.0, 0.0, 1.0)]])
0.0, 0.0, 0.0
float3(-0.248296, 1.21579, -1.53606)
178473.31040375
limited(__ObjC.ARCamera.TrackingState.Reason.initializing)
simd_float4x4([[0.242973, -0.96599, 0.0884271, 0.0)], [0.420159, 0.0226402, -0.907168, 0.0)], [0.874314, 0.257571, 0.41137, 0.0)], [0.0, 0.0, 0.0, 1.0)]])
0.0, 0.0, 0.0
float3(-0.260508, 1.13102, -1.54736)
178473.410459541
limited(__ObjC.ARCamera.TrackingState.Reason.initializing)
simd_float4x4([[0.235321, -0.965381, 0.1125, 0.0)], [0.497958, 0.0203518, -0.866962, 0.0)], [0.83466, 0.260034, 0.485508, 0.0)], [0.0, 0.0, 0.0, 1.0)]])
0.0, 0.0, 0.0
float3(-0.263058, 1.04395, -1.54972)
178473.510515666
limited(__ObjC.ARCamera.TrackingState.Reason.initializing)
simd_float4x4([[0.220867, -0.965868, 0.135311, 0.0)], [0.575718, 0.0171291, -0.817469, 0.0)], [0.787249, 0.258453, 0.559851, 0.0)], [0.0, 0.0, 0.0, 1.0)]])
0.0, 0.0, 0.0
float3(-0.26142, 0.952628, -1.55306)
178473.610571625
limited(__ObjC.ARCamera.TrackingState.Reason.initializing)
simd_float4x4([[0.202919, -0.967765, 0.149152, 0.0)], [0.642957, 0.0168018, -0.765718, 0.0)], [0.738529, 0.251277, 0.625641, 0.0)], [0.0, 0.0, 0.0, 1.0)]])
0.0, 0.0, 0.0
float3(-0.254, 0.867962, -1.55344)
178473.710627666
limited(__ObjC.ARCamera.TrackingState.Reason.initializing)
simd_float4x4([[0.187069, -0.968591, 0.163796, 0.0)], [0.701039, 0.0148263, -0.712969, 0.0)], [0.688147, 0.248202, 0.681794, 0.0)], [0.0, 0.0, 0.0, 1.0)]])
0.0, 0.0, 0.0
float3(-0.250823, 0.790036, -1.55549)
178473.8106725
limited(__ObjC.ARCamera.TrackingState.Reason.initializing)
simd_float4x4([[0.163815, -0.969888, 0.180205, 0.0)], [0.75503, 0.00570158, -0.655666, 0.0)], [0.634894, 0.243468, 0.733229, 0.0)], [0.0, 0.0, 0.0, 1.0)]])
0.0, 0.0, 0.0
float3(-0.24594, 0.713646, -1.56492)
178473.927326041
limited(__ObjC.ARCamera.TrackingState.Reason.initializing)
simd_float4x4([[0.132921, -0.972387, 0.1918, 0.0)], [0.807236, -0.00607003, -0.590197, 0.0)], [0.575063, 0.233278, 0.78414, 0.0)], [0.0, 0.0, 0.0, 1.0)]])
0.0, 0.0, 0.0
float3(-0.235447, 0.632771, -1.57704)
178474.043979875
limited(__ObjC.ARCamera.TrackingState.Reason.initializing)
simd_float4x4([[0.103976, -0.975857, 0.192049, 0.0)], [0.848536, -0.0136901, -0.52896, 0.0)], [0.518817, 0.21796, 0.826628, 0.0)], [0.0, 0.0, 0.0, 1.0)]])
0.0, 0.0, 0.0
float3(-0.219724, 0.560489, -1.58482)
178474.160633416
limited(__ObjC.ARCamera.TrackingState.Reason.initializing)
simd_float4x4([[0.0800823, -0.978214, 0.191504, 0.0)], [0.879815, -0.0209366, -0.474854, 0.0)], [0.468517, 0.206516, 0.858972, 0.0)], [0.0, 0.0, 0.0, 1.0)]])
0.0, 0.0, 0.0
float3(-0.208013, 0.499335, -1.5922)
178474.277287208
limited(__ObjC.ARCamera.TrackingState.Reason.initializing)
simd_float4x4([[0.0530522, -0.980838, 0.187437, 0.0)], [0.90736, -0.0310336, -0.419205, 0.0)], [0.416987, 0.192313, 0.888329, 0.0)], [0.0, 0.0, 0.0, 1.0)]])
0.0, 0.0, 0.0
float3(-0.193519, 0.438874, -1.60243)
178474.393940666
limited(__ObjC.ARCamera.TrackingState.Reason.initializing)
simd_float4x4([[0.0332625, -0.983189, 0.179509, 0.0)], [0.927736, -0.0364348, -0.371453, 0.0)], [0.371747, 0.178893, 0.910929, 0.0)], [0.0, 0.0, 0.0, 1.0)]])
0.0, 0.0, 0.0
float3(-0.179861, 0.387466, -1.60784)
178474.510594541
limited(__ObjC.ARCamera.TrackingState.Reason.initializing)
simd_float4x4([[0.0150028, -0.985028, 0.171709, 0.0)], [0.945476, -0.0419041, -0.322983, 0.0)], [0.32534, 0.167193, 0.930693, 0.0)], [0.0, 0.0, 0.0, 1.0)]])
0.0, 0.0, 0.0
float3(-0.167982, 0.336289, -1.61331)
178474.627248208
limited(__ObjC.ARCamera.TrackingState.Reason.initializing)
simd_float4x4([[0.00298435, -0.986021, 0.166558, 0.0)], [0.959833, -0.0439077, -0.277112, 0.0)], [0.280548, 0.160697, 0.946286, 0.0)], [0.0, 0.0, 0.0, 1.0)]])
0.0, 0.0, 0.0
float3(-0.161396, 0.288218, -1.6153)
178474.743901916
normal
simd_float4x4([[-0.0102185, -0.98522, 0.17099, 0.0)], [0.970679, -0.0508427, -0.234939, 0.0)], [0.24016, 0.163576, 0.956852, 0.0)], [0.00142249, 0.000193469, 0.000625521, 1.0)]])
0.00142249, 0.000193469, 0.000625521
float3(-0.164314, 0.24591, -1.62236)
178474.8605555
normal
simd_float4x4([[-0.0134135, -0.984898, 0.172617, 0.0)], [0.978531, -0.0484364, -0.200325, 0.0)], [0.20566, 0.166224, 0.964403, 0.0)], [0.0107199, 0.00141641, -0.00222336, 1.0)]])
0.0107199, 0.00141641, -0.00222336
float3(-0.166999, 0.210104, -1.61994)
178474.977209291
normal
simd_float4x4([[-0.0138072, -0.983974, 0.177775, 0.0)], [0.984168, -0.044792, -0.171484, 0.0)], [0.176698, 0.172593, 0.969015, 0.0)], [0.0201892, 0.00146331, -0.00674361, 1.0)]])
0.0201892, 0.00146331, -0.00674361
float3(-0.173462, 0.180367, -1.61629)
178475.093862958
normal
simd_float4x4([[-0.0164401, -0.983091, 0.182376, 0.0)], [0.986469, -0.0457052, -0.157448, 0.0)], [0.163121, 0.177319, 0.970541, 0.0)], [0.0287735, 0.00203359, -0.0112931, 1.0)]])
0.0287735, 0.00203359, -0.0112931
float3(-0.178262, 0.166516, -1.61725)
178475.210516666
normal
simd_float4x4([[-0.0111241, -0.984219, 0.176607, 0.0)], [0.982513, -0.0435866, -0.181019, 0.0)], [0.18586, 0.171505, 0.967493, 0.0)], [0.0252255, 0.00559615, -0.0141677, 1.0)]])
0.0252255, 0.00559615, -0.0141677
float3(-0.172357, 0.189792, -1.61505)
178475.327170291
normal
simd_float4x4([[0.00712185, -0.986448, 0.163917, 0.0)], [0.970103, -0.032951, -0.240447, 0.0)], [0.24259, 0.160729, 0.956722, 0.0)], [0.0143659, 0.0119654, -0.0180183, 1.0)]])
0.0143659, 0.0119654, -0.0180183
float3(-0.161429, 0.24833, -1.60419)
178475.443824166
normal
simd_float4x4([[0.0207109, -0.986996, 0.159405, 0.0)], [0.947372, -0.0315721, -0.318575, 0.0)], [0.319465, 0.157614, 0.934398, 0.0)], [-0.00914955, 0.0162912, -0.0214411, 1.0)]])
-0.00914955, 0.0162912, -0.0214411
float3(-0.158274, 0.329435, -1.60277)
178475.560477958
normal
simd_float4x4([[0.042035, -0.987115, 0.15439, 0.0)], [0.915362, -0.0238833, -0.401923, 0.0)], [0.400432, 0.158217, 0.902564, 0.0)], [-0.0426697, 0.0191848, -0.0244575, 1.0)]])
-0.0426697, 0.0191848, -0.0244575
float3(-0.158885, 0.417569, -1.59499)
178475.677131541
normal
simd_float4x4([[0.0652844, -0.986402, 0.150826, 0.0)], [0.874035, -0.0164011, -0.485586, 0.0)], [0.481457, 0.163528, 0.861079, 0.0)], [-0.084702, 0.0202494, -0.0229773, 1.0)]])
-0.084702, 0.0202494, -0.0229773
float3(-0.164266, 0.509828, -1.58742)
178475.79378525
normal
simd_float4x4([[0.0860748, -0.985646, 0.145234, 0.0)], [0.825411, -0.0110858, -0.564424, 0.0)], [0.557932, 0.168461, 0.812608, 0.0)], [-0.13086, 0.0209719, -0.0155921, 1.0)]])
-0.13086, 0.0209719, -0.0155921
float3(-0.169268, 0.601672, -1.58204)
178475.910439041
normal
simd_float4x4([[0.104592, -0.984339, 0.141904, 0.0)], [0.772685, -0.00940025, -0.63472, 0.0)], [0.626114, 0.176034, 0.759601, 0.0)], [-0.178054, 0.0214066, -0.00672898, 1.0)]])
-0.178054, 0.0214066, -0.00672898
float3(-0.176956, 0.689364, -1.58035)
178476.02709275
normal
simd_float4x4([[0.105185, -0.98659, 0.124807, 0.0)], [0.720729, -0.0108433, -0.693132, 0.0)], [0.68519, 0.162859, 0.709923, 0.0)], [-0.219524, 0.0253371, 0.0133902, 1.0)]])
-0.219524, 0.0253371, 0.0133902
float3(-0.163588, 0.767672, -1.58179)
178476.143746416
normal
simd_float4x4([[0.0998825, -0.988687, 0.111897, 0.0)], [0.677272, -0.0148296, -0.735584, 0.0)], [0.728922, 0.149256, 0.668129, 0.0)], [-0.255933, 0.0286332, 0.0273453, 1.0)]])
-0.255933, 0.0286332, 0.0273453
float3(-0.149816, 0.828886, -1.58579)
178476.260400208
normal
simd_float4x4([[0.101266, -0.989642, 0.101752, 0.0)], [0.645067, -0.0125476, -0.764023, 0.0)], [0.757386, 0.143007, 0.637115, 0.0)], [-0.289268, 0.0309341, 0.0409795, 1.0)]])
-0.289268, 0.0309341, 0.0409795
float3(-0.143499, 0.871432, -1.58347)
178476.377053958
normal
simd_float4x4([[0.106344, -0.989827, 0.0945152, 0.0)], [0.627393, -0.00694779, -0.778672, 0.0)], [0.771407, 0.142105, 0.620272, 0.0)], [-0.317272, 0.0322086, 0.0515601, 1.0)]])
-0.317272, 0.0322086, 0.0515601
float3(-0.142588, 0.893573, -1.57782)
178476.493707708
normal
simd_float4x4([[0.104843, -0.990613, 0.087709, 0.0)], [0.62186, -0.00352182, -0.783121, 0.0)], [0.776079, 0.136648, 0.615654, 0.0)], [-0.342555, 0.0335963, 0.060908, 1.0)]])
-0.342555, 0.0335963, 0.060908
float3(-0.137077, 0.900162, -1.57435)
178476.610361416
normal
simd_float4x4([[0.103242, -0.991531, 0.0787905, 0.0)], [0.625288, 0.0030953, -0.780388, 0.0)], [0.773535, 0.129836, 0.620312, 0.0)], [-0.36408, 0.0341489, 0.0699504, 1.0)]])
-0.36408, 0.0341489, 0.0699504
float3(-0.130204, 0.894887, -1.56767)
178476.727015166
normal
simd_float4x4([[0.10682, -0.991807, 0.0700537, 0.0)], [0.634865, 0.0138129, -0.7725, 0.0)], [0.765203, 0.126993, 0.631139, 0.0)], [-0.383987, 0.0339893, 0.0809257, 1.0)]])
-0.383987, 0.0339893, 0.0809257
float3(-0.127337, 0.881115, -1.55687)
178476.843669083
normal
simd_float4x4([[0.108409, -0.991919, 0.0659085, 0.0)], [0.641932, 0.0192261, -0.766521, 0.0)], [0.759059, 0.125406, 0.638829, 0.0)], [-0.386507, 0.0346925, 0.083477, 1.0)]])
-0.386507, 0.0346925, 0.083477
float3(-0.125737, 0.871196, -1.55142)
178476.960322708
normal
simd_float4x4([[0.108127, -0.99221, 0.0618714, 0.0)], [0.650595, 0.0235661, -0.759059, 0.0)], [0.751688, 0.122328, 0.648075, 0.0)], [-0.384454, 0.0352437, 0.085897, 1.0)]])
-0.384454, 0.0352437, 0.085897
float3(-0.122635, 0.859285, -1.54705)
178477.076976541
normal
simd_float4x4([[0.106251, -0.99238, 0.0623843, 0.0)], [0.660788, 0.0235881, -0.750202, 0.0)], [0.743014, 0.120932, 0.658259, 0.0)], [-0.378186, 0.0349966, 0.0832451, 1.0)]])
-0.378186, 0.0349966, 0.0832451
float3(-0.121229, 0.845809, -1.54703)
178477.19363025
normal
simd_float4x4([[0.114533, -0.991288, 0.0650451, 0.0)], [0.680623, 0.030608, -0.731994, 0.0)], [0.723626, 0.128109, 0.678199, 0.0)], [-0.373327, 0.0312371, 0.0733791, 1.0)]])
-0.373327, 0.0312371, 0.0733791
float3(-0.128462, 0.817792, -1.53993)
178477.310284166
normal
simd_float4x4([[0.132729, -0.988553, 0.0717308, 0.0)], [0.704197, 0.0431256, -0.708693, 0.0)], [0.697488, 0.144576, 0.701861, 0.0)], [-0.365334, 0.0261616, 0.0529164, 1.0)]])
-0.365334, 0.0261616, 0.0529164
float3(-0.145085, 0.782273, -1.5272)
178477.426937916
normal
simd_float4x4([[0.13723, -0.98719, 0.0813813, 0.0)], [0.730872, 0.0454594, -0.680999, 0.0)], [0.668576, 0.152933, 0.727748, 0.0)], [-0.345226, 0.0198723, 0.0173846, 1.0)]])
-0.345226, 0.0198723, 0.0173846
float3(-0.153535, 0.743047, -1.52478)
178477.543591625
normal
simd_float4x4([[0.128337, -0.987582, 0.090613, 0.0)], [0.754817, 0.0380061, -0.654833, 0.0)], [0.643258, 0.152435, 0.750322, 0.0)], [-0.322217, 0.0137922, -0.0312795, 1.0)]])
-0.322217, 0.0137922, -0.0312795
float3(-0.153032, 0.708722, -1.53233)
178477.660245333
normal
simd_float4x4([[0.118645, -0.988994, 0.0883953, 0.0)], [0.773143, 0.036156, -0.6332, 0.0)], [0.623035, 0.143468, 0.768924, 0.0)], [-0.296953, 0.00898358, -0.0889184, 1.0)]])
-0.296953, 0.00898358, -0.0889184
float3(-0.143965, 0.680971, -1.53425)
178477.776899041
normal
simd_float4x4([[0.125843, -0.98812, 0.088219, 0.0)], [0.763714, 0.0397381, -0.644331, 0.0)], [0.633171, 0.148459, 0.759641, 0.0)], [-0.276456, 0.00585425, -0.152145, 1.0)]])
-0.276456, 0.00585425, -0.152145
float3(-0.14901, 0.694844, -1.5306)
178477.893552875
normal
simd_float4x4([[0.154277, -0.986064, 0.0622676, 0.0)], [0.731774, 0.0716923, -0.677767, 0.0)], [0.663857, 0.15013, 0.732636, 0.0)], [-0.262043, 0.00780439, -0.209962, 1.0)]])
-0.262043, 0.00780439, -0.209962
float3(-0.1507, 0.736187, -1.49822)
178478.010206791
normal
simd_float4x4([[0.17823, -0.98238, 0.0562449, 0.0)], [0.68467, 0.0827576, -0.724139, 0.0)], [0.706725, 0.167572, 0.687356, 0.0)], [-0.249785, 0.00729683, -0.269269, 1.0)]])
-0.249785, 0.00729683, -0.269269
float3(-0.168367, 0.799291, -1.48675)
178478.126860416
normal
simd_float4x4([[0.204778, -0.978244, 0.0332434, 0.0)], [0.647394, 0.109891, -0.754192, 0.0)], [0.73413, 0.175963, 0.655812, 0.0)], [-0.222063, 0.002246, -0.320174, 1.0)]])
-0.222063, 0.002246, -0.320174
float3(-0.176884, 0.841685, -1.45893)
178478.243514333
normal
simd_float4x4([[0.224015, -0.973845, 0.037995, 0.0)], [0.589074, 0.104242, -0.801327, 0.0)], [0.776407, 0.201891, 0.597019, 0.0)], [-0.231246, 0.00318396, -0.358394, 1.0)]])
-0.231246, 0.00318396, -0.358394
float3(-0.203289, 0.915277, -1.46416)
178478.360168166
normal
simd_float4x4([[0.198328, -0.980067, 0.0115681, 0.0)], [0.549866, 0.101486, -0.829064, 0.0)], [0.811365, 0.170788, 0.559034, 0.0)], [-0.236345, 0.0084881, -0.389948, 1.0)]])
-0.236345, 0.0084881, -0.389948
float3(-0.171629, 0.967488, -1.46761)
178478.476821916
normal
simd_float4x4([[0.16063, -0.987014, -0.00149258, 0.0)], [0.510728, 0.0844115, -0.855589, 0.0)], [0.844604, 0.136671, 0.517654, 0.0)], [-0.24589, 0.00770775, -0.428389, 1.0)]])
-0.24589, 0.00770775, -0.428389
float3(-0.1371, 1.02095, -1.48548)
178478.593475708
normal
simd_float4x4([[0.151354, -0.988475, 0.00310146, 0.0)], [0.487596, 0.0719299, -0.870101, 0.0)], [0.85985, 0.133205, 0.492864, 0.0)], [-0.2693, -0.00111019, -0.478288, 1.0)]])
-0.2693, -0.00111019, -0.478288
float3(-0.133602, 1.05032, -1.49816)
178478.710129458
normal
simd_float4x4([[0.170724, -0.985316, 0.00254332, 0.0)], [0.483185, 0.0814704, -0.871719, 0.0)], [0.858711, 0.150052, 0.489999, 0.0)], [-0.304417, -0.0109304, -0.536976, 1.0)]])
-0.304417, -0.0109304, -0.536976
float3(-0.150621, 1.05226, -1.4883)
178478.826783375
normal
simd_float4x4([[0.158667, -0.987155, -0.0186893, 0.0)], [0.523585, 0.100174, -0.846064, 0.0)], [0.837068, 0.124457, 0.532754, 0.0)], [-0.335902, -0.0120231, -0.598427, 1.0)]])
-0.335902, -0.0120231, -0.598427
float3(-0.12478, 1.004, -1.46966)
178478.943437291
normal
simd_float4x4([[0.14353, -0.989611, -0.00831367, 0.0)], [0.576748, 0.0904703, -0.811897, 0.0)], [0.804215, 0.111737, 0.583741, 0.0)], [-0.365139, -0.00805658, -0.670516, 1.0)]])
-0.365139, -0.00805658, -0.670516
float3(-0.11197, 0.94293, -1.47963)
178479.060090916
normal
simd_float4x4([[0.147758, -0.988975, 0.00977094, 0.0)], [0.623256, 0.0854375, -0.777337, 0.0)], [0.767932, 0.120947, 0.629009, 0.0)], [-0.397105, -0.00969848, -0.74155, 1.0)]])
-0.397105, -0.00969848, -0.74155
float3(-0.121244, 0.88452, -1.48462)
178479.176744708
normal
simd_float4x4([[0.156436, -0.986858, 0.0404819, 0.0)], [0.652853, 0.0725596, -0.754001, 0.0)], [0.741155, 0.144381, 0.655624, 0.0)], [-0.429171, -0.0155881, -0.817532, 1.0)]])
-0.429171, -0.0155881, -0.817532
float3(-0.144888, 0.846556, -1.4974)
178479.29339875
normal
simd_float4x4([[0.146883, -0.987232, 0.0616302, 0.0)], [0.678808, 0.0552838, -0.732232, 0.0)], [0.719475, 0.149388, 0.678261, 0.0)], [-0.454711, -0.029204, -0.898475, 1.0)]])
-0.454711, -0.029204, -0.898475
float3(-0.149949, 0.814876, -1.51486)
178479.410052541
normal
simd_float4x4([[0.144351, -0.98614, 0.0817942, 0.0)], [0.705705, 0.044652, -0.707097, 0.0)], [0.693645, 0.159793, 0.70237, 0.0)], [-0.480462, -0.0452045, -0.992027, 1.0)]])
-0.480462, -0.0452045, -0.992027
float3(-0.160481, 0.779148, -1.52555)
178479.526706375
normal
simd_float4x4([[0.145712, -0.986629, 0.073015, 0.0)], [0.719482, 0.0550224, -0.692328, 0.0)], [0.679053, 0.153413, 0.717879, 0.0)], [-0.507688, -0.0504027, -1.08533, 1.0)]])
-0.507688, -0.0504027, -1.08533
float3(-0.154022, 0.757612, -1.51509)
178479.643360125
normal
simd_float4x4([[0.143103, -0.988383, 0.0511971, 0.0)], [0.726492, 0.0697744, -0.683623, 0.0)], [0.672109, 0.135023, 0.728037, 0.0)], [-0.534086, -0.0441422, -1.17455, 1.0)]])
-0.534086, -0.0441422, -1.17455
float3(-0.135437, 0.745475, -1.50032)
178479.760013958
normal
simd_float4x4([[0.15089, -0.985958, 0.0715477, 0.0)], [0.730026, 0.0623358, -0.680571, 0.0)], [0.666554, 0.154923, 0.729181, 0.0)], [-0.57037, -0.0451083, -1.25882, 1.0)]])
-0.57037, -0.0451083, -1.25882
float3(-0.15555, 0.740558, -1.50766)
178479.876667791
normal
simd_float4x4([[0.20143, -0.974064, 0.103083, 0.0)], [0.708011, 0.0720666, -0.702514, 0.0)], [0.676865, 0.214491, 0.704164, 0.0)], [-0.624028, -0.0549857, -1.33645, 1.0)]])
-0.624028, -0.0549857, -1.33645
float3(-0.216171, 0.765633, -1.49695)
178479.993321708
normal
simd_float4x4([[0.240842, -0.963325, 0.118324, 0.0)], [0.694252, 0.085798, -0.714599, 0.0)], [0.678239, 0.254252, 0.689454, 0.0)], [-0.685898, -0.0724303, -1.40913, 1.0)]])
-0.685898, -0.0724303, -1.40913
float3(-0.257075, 0.777198, -1.48197)
178480.109975458
normal
simd_float4x4([[0.255742, -0.958702, 0.124444, 0.0)], [0.69278, 0.0919613, -0.715262, 0.0)], [0.674279, 0.269135, 0.687688, 0.0)], [-0.75525, -0.0879923, -1.47801, 1.0)]])
-0.75525, -0.0879923, -1.47801
float3(-0.272495, 0.775553, -1.47517)
178480.226629375
normal
simd_float4x4([[0.246484, -0.962549, 0.112892, 0.0)], [0.713911, 0.101556, -0.692833, 0.0)], [0.655421, 0.251367, 0.712206, 0.0)], [-0.822106, -0.0885748, -1.5395, 1.0)]])
-0.822106, -0.0885748, -1.5395
float3(-0.254093, 0.743901, -1.46568)
178480.343283125
normal
simd_float4x4([[0.230836, -0.965342, 0.121779, 0.0)], [0.72164, 0.0859053, -0.686917, 0.0)], [0.652649, 0.246446, 0.71646, 0.0)], [-0.883407, -0.0772226, -1.59626, 1.0)]])
-0.883407, -0.0772226, -1.59626
float3(-0.249011, 0.738824, -1.48204)
178480.459937041
normal
simd_float4x4([[0.235335, -0.961261, 0.143508, 0.0)], [0.719759, 0.0731462, -0.69036, 0.0)], [0.653119, 0.265757, 0.70909, 0.0)], [-0.934084, -0.0675403, -1.64851, 1.0)]])
-0.934084, -0.0675403, -1.64851
float3(-0.268989, 0.744333, -1.49485)
178480.576590875
normal
simd_float4x4([[0.220797, -0.965304, 0.139414, 0.0)], [0.72975, 0.0686718, -0.680256, 0.0)], [0.64708, 0.251936, 0.719594, 0.0)], [-0.968801, -0.0636923, -1.69329, 1.0)]])
-0.968801, -0.0636923, -1.69329
float3(-0.254681, 0.73239, -1.49978)
178480.693244791
normal
simd_float4x4([[0.232742, -0.961581, 0.14558, 0.0)], [0.72699, 0.0725877, -0.6828, 0.0)], [0.646001, 0.264751, 0.715954, 0.0)], [-0.999773, -0.0681817, -1.73602, 1.0)]])
-0.999773, -0.0681817, -1.73602
float3(-0.267946, 0.734081, -1.49545)
178480.80989875
normal
simd_float4x4([[0.228727, -0.960997, 0.155466, 0.0)], [0.722402, 0.060504, -0.688822, 0.0)], [0.652549, 0.269861, 0.708064, 0.0)], [-1.02489, -0.0728567, -1.7868, 1.0)]])
-1.02489, -0.0728567, -1.7868
float3(-0.273249, 0.744619, -1.50792)
178480.926552416
normal
simd_float4x4([[0.232094, -0.961336, 0.14821, 0.0)], [0.704694, 0.0611542, -0.706871, 0.0)], [0.670476, 0.268504, 0.691641, 0.0)], [-1.05002, -0.0748381, -1.83281, 1.0)]])
-1.05002, -0.0748381, -1.83281
float3(-0.271839, 0.769861, -1.50727)
178481.04320625
normal
simd_float4x4([[0.225533, -0.965169, 0.132606, 0.0)], [0.687063, 0.061072, -0.724027, 0.0)], [0.69071, 0.2544, 0.676905, 0.0)], [-1.06783, -0.0690744, -1.87939, 1.0)]])
-1.06783, -0.0690744, -1.87939
float3(-0.257228, 0.795492, -1.5076)
178481.159860166
normal
simd_float4x4([[0.238854, -0.963112, 0.123955, 0.0)], [0.667424, 0.0701067, -0.74137, 0.0)], [0.705332, 0.259809, 0.659549, 0.0)], [-1.08911, -0.0684145, -1.92694, 1.0)]])
-1.08911, -0.0684145, -1.92694
float3(-0.262825, 0.818929, -1.49813)
178481.276514166
normal
simd_float4x4([[0.247962, -0.961931, 0.11491, 0.0)], [0.657657, 0.0800478, -0.749052, 0.0)], [0.711338, 0.261307, 0.65247, 0.0)], [-1.10909, -0.0756879, -1.96438, 1.0)]])
-1.10909, -0.0756879, -1.96438
float3(-0.264376, 0.828536, -1.48777)
178481.393168041
normal
simd_float4x4([[0.256611, -0.956716, 0.137281, 0.0)], [0.65795, 0.0688701, -0.749906, 0.0)], [0.707992, 0.282758, 0.647143, 0.0)], [-1.13491, -0.0816614, -1.99665, 1.0)]])
-1.13491, -0.0816614, -1.99665
float3(-0.286668, 0.830271, -1.49893)
178481.509821875
normal
simd_float4x4([[0.263926, -0.952928, 0.149235, 0.0)], [0.674244, 0.0716309, -0.735027, 0.0)], [0.689738, 0.294613, 0.661411, 0.0)], [-1.17178, -0.0868667, -2.02193, 1.0)]])
-1.17178, -0.0868667, -2.02193
float3(-0.299051, 0.80636, -1.49577)
178481.62647575
normal
simd_float4x4([[0.242339, -0.957789, 0.154634, 0.0)], [0.715367, 0.0687359, -0.69536, 0.0)], [0.655379, 0.279133, 0.701828, 0.0)], [-1.21148, -0.091801, -2.03547, 1.0)]])
-1.21148, -0.091801, -2.03547
float3(-0.282891, 0.751188, -1.49915)
178481.74312975
normal
simd_float4x4([[0.218208, -0.961219, 0.168649, 0.0)], [0.75336, 0.0560626, -0.655214, 0.0)], [0.620349, 0.270026, 0.736378, 0.0)], [-1.25894, -0.0939757, -2.03988, 1.0)]])
-1.25894, -0.0939757, -2.03988
float3(-0.27342, 0.700085, -1.51254)
