ARKit Data
355048.550613625
limited(__ObjC.ARCamera.TrackingState.Reason.insufficientFeatures)
simd_float4x4([[0.348981, -0.863476, 0.364171, 0.0)], [-0.458874, -0.49628, -0.736981, 0.0)], [0.817096, 0.0900839, -0.569419, 0.0)], [-25.4789, 1.06995, -2.75254, 1.0)]])
-25.4789, 1.06995, -2.75254
float3(-0.0902062, 2.17943, -2.09244)
355048.767253041
limited(__ObjC.ARCamera.TrackingState.Reason.insufficientFeatures)
simd_float4x4([[-0.0434442, -0.99655, 0.0707112, 0.0)], [0.866541, -0.0023624, 0.4991, 0.0)], [-0.497211, 0.0829572, 0.863655, 0.0)], [0.280895, -0.125427, -0.176223, 1.0)]])
0.280895, -0.125427, -0.176223
float3(-0.0830526, -0.522364, -1.57317)
355049.505078375
notAvailable
simd_float4x4([[-0.4639, 0.0, 0.885888, 0.0)], [0.0, 1.0, 0.0, 0.0)], [-0.885888, 0.0, -0.4639, 0.0)], [0.270625, -0.197709, -0.180631, 1.0)]])
0.270625, -0.197709, -0.180631
float3(-0.0, -2.05319, 0.0)
355049.721718125
limited(__ObjC.ARCamera.TrackingState.Reason.initializing)
simd_float4x4([[0.00539021, -0.996264, 0.0861757, 0.0)], [0.999934, 0.00624601, 0.00966447, 0.0)], [-0.0101666, 0.0861179, 0.996231, 0.0)], [0.0, 0.0, 0.0, 1.0)]])
0.0, 0.0, 0.0
float3(-0.0862247, -0.0102047, -1.56453)
355049.938357791
limited(__ObjC.ARCamera.TrackingState.Reason.initializing)
simd_float4x4([[-0.0119163, -0.997494, 0.0697166, 0.0)], [0.998973, -0.0088284, 0.0444346, 0.0)], [-0.0437079, 0.0701746, 0.996575, 0.0)], [0.0, 0.0, 0.0, 1.0)]])
0.0, 0.0, 0.0
float3(-0.0702323, -0.04383, -1.57965)
355050.154997458
limited(__ObjC.ARCamera.TrackingState.Reason.initializing)
simd_float4x4([[-0.012636, -0.997832, 0.0645914, 0.0)], [0.9963, -0.00707218, 0.085652, 0.0)], [-0.0850095, 0.0654347, 0.994229, 0.0)], [0.0, 0.0, 0.0, 1.0)]])
0.0, 0.0, 0.0
float3(-0.0654815, -0.0852955, -1.57788)
355050.371637166
normal
simd_float4x4([[-0.0141419, -0.997017, 0.0758707, 0.0)], [0.992633, -0.0048669, 0.121065, 0.0)], [-0.120335, 0.0770239, 0.989741, 0.0)], [0.00156708, 0.000688575, -0.000139513, 1.0)]])
0.00156708, 0.000688575, -0.000139513
float3(-0.0771002, -0.120988, -1.57568)
355050.588276583
normal
simd_float4x4([[-0.0127615, -0.998641, 0.0505309, 0.0)], [0.98307, -0.00329266, 0.1832, 0.0)], [-0.182784, 0.0520134, 0.981776, 0.0)], [-0.0237677, -0.0140876, -5.93383e-05, 1.0)]])
-0.0237677, -0.0140876, -5.93383e-05
float3(-0.0520368, -0.18407, -1.57409)
355050.804916416
normal
simd_float4x4([[-0.0192235, -0.998678, 0.0476686, 0.0)], [0.974406, -0.00803337, 0.224651, 0.0)], [-0.223971, 0.0507672, 0.973273, 0.0)], [-0.0373035, -0.017004, -0.00763736, 1.0)]])
-0.0373035, -0.017004, -0.00763736
float3(-0.050789, -0.226184, -1.57884)
355051.02155625
normal
simd_float4x4([[-0.0229417, -0.998226, 0.0549457, 0.0)], [0.975644, -0.0103619, 0.219114, 0.0)], [-0.218156, 0.0586343, 0.974151, 0.0)], [-0.0400632, -0.0185589, -0.0114499, 1.0)]])
-0.0400632, -0.0185589, -0.0114499
float3(-0.0586679, -0.22031, -1.58118)
355051.238196083
normal
simd_float4x4([[-0.0226455, -0.997961, 0.0596702, 0.0)], [0.978839, -0.0099909, 0.204387, 0.0)], [-0.203374, 0.063036, 0.97707, 0.0)], [-0.0402625, -0.0187655, -0.0113912, 1.0)]])
-0.0402625, -0.0187655, -0.0113912
float3(-0.0630778, -0.205217, -1.58081)
355051.454836041
normal
simd_float4x4([[-0.0207222, -0.997822, 0.0626168, 0.0)], [0.983309, -0.00901735, 0.181718, 0.0)], [-0.180758, 0.0653372, 0.981355, 0.0)], [-0.0411476, -0.0201709, -0.00838366, 1.0)]])
-0.0411476, -0.0201709, -0.00838366
float3(-0.0653838, -0.18215, -1.57983)
355051.688140333
normal
simd_float4x4([[-0.0214358, -0.997388, 0.0689707, 0.0)], [0.986736, -0.0100027, 0.162024, 0.0)], [-0.160911, 0.0715289, 0.984374, 0.0)], [-0.0429212, -0.0217059, -0.0104388, 1.0)]])
-0.0429212, -0.0217059, -0.0104388
float3(-0.0715901, -0.162032, -1.58082)
355051.904780208
normal
simd_float4x4([[-0.01587, -0.99715, 0.0737612, 0.0)], [0.988633, -0.00461827, 0.150275, 0.0)], [-0.149506, 0.0753077, 0.985889, 0.0)], [-0.0490661, -0.0184357, -0.0180276, 1.0)]])
-0.0490661, -0.0184357, -0.0180276
float3(-0.075379, -0.150499, -1.57543)
355052.121420291
normal
simd_float4x4([[-0.014976, -0.99745, 0.0697823, 0.0)], [0.990297, -0.00515332, 0.138867, 0.0)], [-0.138154, 0.0711849, 0.987849, 0.0)], [-0.0488054, -0.0161706, -0.0168533, 1.0)]])
-0.0488054, -0.0161706, -0.0168533
float3(-0.0712452, -0.138952, -1.57596)
355052.3713895
normal
simd_float4x4([[-0.014483, -0.997222, 0.073065, 0.0)], [0.989154, -0.00360741, 0.146836, 0.0)], [-0.146164, 0.0743992, 0.986459, 0.0)], [-0.0464291, -0.0161621, -0.0170481, 1.0)]])
-0.0464291, -0.0161621, -0.0170481
float3(-0.074468, -0.1471, -1.57441)
355052.588029458
normal
simd_float4x4([[-0.0135471, -0.996903, 0.0774603, 0.0)], [0.987464, -0.00115424, 0.157843, 0.0)], [-0.157265, 0.0786276, 0.984421, 0.0)], [-0.044845, -0.016617, -0.0209635, 1.0)]])
-0.044845, -0.016617, -0.0209635
float3(-0.0787088, -0.158415, -1.57195)
355052.804669541
normal
simd_float4x4([[-0.0140842, -0.997392, 0.0707878, 0.0)], [0.986585, -0.00234657, 0.163231, 0.0)], [-0.162639, 0.0721372, 0.984045, 0.0)], [-0.0443972, -0.0156408, -0.0171006, 1.0)]])
-0.0443972, -0.0156408, -0.0171006
float3(-0.0721999, -0.163796, -1.57315)
355053.054638791
normal
simd_float4x4([[-0.0118382, -0.997802, 0.0652024, 0.0)], [0.985015, -0.000416206, 0.172471, 0.0)], [-0.172064, 0.066267, 0.982854, 0.0)], [-0.0443958, -0.0142445, -0.0137893, 1.0)]])
-0.0443958, -0.0142445, -0.0137893
float3(-0.0663156, -0.17331, -1.57121)
355053.271279
normal
simd_float4x4([[-0.00974846, -0.997849, 0.0648244, 0.0)], [0.983008, 0.00232049, 0.183547, 0.0)], [-0.183302, 0.0655122, 0.980871, 0.0)], [-0.0444303, -0.0140543, -0.0130747, 1.0)]])
-0.0444303, -0.0140543, -0.0130747
float3(-0.0655592, -0.184746, -1.56847)
355053.504583833
normal
simd_float4x4([[-0.00617003, -0.997856, 0.0651546, 0.0)], [0.981383, 0.00646523, 0.191952, 0.0)], [-0.191961, 0.065126, 0.979239, 0.0)], [-0.0446579, -0.0126669, -0.00773148, 1.0)]])
-0.0446579, -0.0126669, -0.00773148
float3(-0.0651721, -0.193576, -1.56432)
355053.721223833
normal
simd_float4x4([[-0.00675864, -0.99826, 0.058577, 0.0)], [0.982058, 0.0044138, 0.18853, 0.0)], [-0.18846, 0.0588002, 0.980319, 0.0)], [-0.0449348, -0.0124523, -0.00899054, 1.0)]])
-0.0449348, -0.0124523, -0.00899054
float3(-0.0588341, -0.189927, -1.56637)
355053.954528833
normal
simd_float4x4([[-0.00954633, -0.998387, 0.0559709, 0.0)], [0.982368, 0.00108763, 0.186952, 0.0)], [-0.186712, 0.0567688, 0.980773, 0.0)], [-0.0449747, -0.0131448, -0.00939357, 1.0)]])
-0.0449747, -0.0131448, -0.00939357
float3(-0.0567993, -0.188121, -1.56971)
355054.187833666
normal
simd_float4x4([[-0.00946289, -0.998461, 0.0546385, 0.0)], [0.982833, 0.000781424, 0.184497, 0.0)], [-0.184256, 0.0554464, 0.981313, 0.0)], [-0.045476, -0.0128671, -0.00873063, 1.0)]])
-0.045476, -0.0128671, -0.00873063
float3(-0.0554748, -0.185604, -1.57001)
355054.404473916
normal
simd_float4x4([[-0.0139065, -0.998197, 0.0583968, 0.0)], [0.983804, -0.00322123, 0.179219, 0.0)], [-0.178708, 0.0599433, 0.982074, 0.0)], [-0.0446141, -0.0133033, -0.010412, 1.0)]])
-0.0446141, -0.0133033, -0.010412
float3(-0.0599793, -0.18, -1.57402)
355054.637778958
normal
simd_float4x4([[-0.0356729, -0.997292, 0.0643063, 0.0)], [0.985412, -0.0243876, 0.168427, 0.0)], [-0.166403, 0.0693765, 0.983614, 0.0)], [-0.0417758, -0.0146829, -0.0123764, 1.0)]])
-0.0417758, -0.0146829, -0.0123764
float3(-0.0694323, -0.167588, -1.59525)
355054.871083791
normal
simd_float4x4([[-0.0425782, -0.997122, 0.0627286, 0.0)], [0.986181, -0.0318836, 0.162573, 0.0)], [-0.160105, 0.0687838, 0.984701, 0.0)], [-0.0417503, -0.0149753, -0.0121577, 1.0)]])
-0.0417503, -0.0149753, -0.0121577
float3(-0.0688382, -0.161182, -1.60276)
355055.08772425
normal
simd_float4x4([[-0.0514695, -0.99722, 0.0538757, 0.0)], [0.963297, -0.0353423, 0.2661, 0.0)], [-0.263456, 0.0655943, 0.962439, 0.0)], [-0.0589777, 0.00926707, -0.0205614, 1.0)]])
-0.0589777, 0.00926707, -0.0205614
float3(-0.0656414, -0.267192, -1.60622)
355055.321029208
normal
simd_float4x4([[-0.0530809, -0.99737, 0.0493552, 0.0)], [0.96346, -0.0381566, 0.265122, 0.0)], [-0.262542, 0.0616247, 0.962951, 0.0)], [-0.0583618, 0.00896291, -0.0173446, 1.0)]])
-0.0583618, 0.00896291, -0.0173446
float3(-0.0616638, -0.266173, -1.60903)
355055.554334208
normal
simd_float4x4([[-0.0442341, -0.99769, 0.0515504, 0.0)], [0.962121, -0.0286486, 0.271115, 0.0)], [-0.269012, 0.0615902, 0.961166, 0.0)], [-0.0603049, 0.00881899, -0.016473, 1.0)]])
-0.0603049, 0.00881899, -0.016473
float3(-0.0616292, -0.272898, -1.5995)
355055.770974708
normal
simd_float4x4([[-0.0279888, -0.998078, 0.0552884, 0.0)], [0.9621, -0.0118882, 0.272438, 0.0)], [-0.271257, 0.0608182, 0.960584, 0.0)], [-0.0623563, 0.009542, -0.0179461, 1.0)]])
-0.0623563, 0.009542, -0.0179461
float3(-0.0608557, -0.275222, -1.58271)
355055.987615166
normal
simd_float4x4([[-0.0219626, -0.998198, 0.0558434, 0.0)], [0.960786, -0.00562975, 0.277235, 0.0)], [-0.276421, 0.0597423, 0.959178, 0.0)], [-0.0635404, 0.0093034, -0.0184913, 1.0)]])
-0.0635404, 0.0093034, -0.0184913
float3(-0.0597779, -0.280582, -1.57644)
355056.20425575
normal
simd_float4x4([[-0.020523, -0.998251, 0.0554427, 0.0)], [0.960829, -0.00436325, 0.277106, 0.0)], [-0.27638, 0.058958, 0.959238, 0.0)], [-0.0646327, 0.00892517, -0.019298, 1.0)]])
-0.0646327, 0.00892517, -0.019298
float3(-0.0589922, -0.280526, -1.57517)
355056.454225416
normal
simd_float4x4([[-0.0115202, -0.998388, 0.0555715, 0.0)], [0.96154, 0.0041913, 0.274632, 0.0)], [-0.274422, 0.056598, 0.959942, 0.0)], [-0.0662317, 0.00912205, -0.0198702, 1.0)]])
-0.0662317, 0.00912205, -0.0198702
float3(-0.0566283, -0.278447, -1.5666)
355056.670866166
normal
simd_float4x4([[-0.00156406, -0.99822, 0.0596268, 0.0)], [0.959917, 0.0152136, 0.279872, 0.0)], [-0.280281, 0.0576745, 0.958184, 0.0)], [-0.0663538, 0.00899811, -0.0205811, 1.0)]])
-0.0663538, 0.00899811, -0.0205811
float3(-0.0577065, -0.284574, -1.55556)
355056.92083575
normal
simd_float4x4([[0.00762211, -0.997946, 0.0636125, 0.0)], [0.958334, 0.0254555, 0.284515, 0.0)], [-0.285549, 0.0587934, 0.956559, 0.0)], [-0.06668, 0.00918147, -0.0207996, 1.0)]])
-0.06668, 0.00918147, -0.0207996
float3(-0.0588273, -0.290096, -1.54529)
355057.137476625
normal
simd_float4x4([[0.0142739, -0.997801, 0.0647201, 0.0)], [0.958072, 0.0321729, 0.284715, 0.0)], [-0.286171, 0.0579425, 0.956425, 0.0)], [-0.0673402, 0.00904655, -0.0202019, 1.0)]])
-0.0673402, 0.00904655, -0.0202019
float3(-0.057975, -0.290731, -1.53856)
355057.354117125
normal
simd_float4x4([[0.0210398, -0.997591, 0.0661002, 0.0)], [0.95749, 0.0391312, 0.285802, 0.0)], [-0.2877, 0.0572771, 0.956006, 0.0)], [-0.0682726, 0.0093368, -0.0192602, 1.0)]])
-0.0682726, 0.0093368, -0.0192602
float3(-0.0573084, -0.292318, -1.53159)
355057.604087166
normal
simd_float4x4([[0.0301305, -0.997448, 0.0647307, 0.0)], [0.962766, 0.0463668, 0.266332, 0.0)], [-0.268654, 0.0542958, 0.961705, 0.0)], [-0.057926, 0.0129098, -0.0167949, 1.0)]])
-0.057926, 0.0129098, -0.0167949
float3(-0.0543225, -0.272407, -1.52434)
355057.820727708
normal
simd_float4x4([[0.0330494, -0.99738, 0.0643551, 0.0)], [0.961758, 0.0492542, 0.269437, 0.0)], [-0.271901, 0.0529893, 0.960865, 0.0)], [-0.058559, 0.0123189, -0.0158776, 1.0)]])
-0.058559, 0.0123189, -0.0158776
float3(-0.0530141, -0.275765, -1.52145)
355058.037368291
normal
simd_float4x4([[0.0328058, -0.997419, 0.0638609, 0.0)], [0.961116, 0.0490116, 0.271762, 0.0)], [-0.27419, 0.0524624, 0.960243, 0.0)], [-0.060494, 0.0119205, -0.0137206, 1.0)]])
-0.060494, 0.0119205, -0.0137206
float3(-0.0524865, -0.278141, -1.5217)
355058.254008958
normal
simd_float4x4([[0.0344244, -0.997388, 0.0634923, 0.0)], [0.961303, 0.0504203, 0.270841, 0.0)], [-0.273335, 0.0517118, 0.960528, 0.0)], [-0.0622863, 0.0123335, -0.013518, 1.0)]])
-0.0622863, 0.0123335, -0.013518
float3(-0.0517349, -0.277239, -1.52029)
355058.503979041
normal
simd_float4x4([[0.0354577, -0.997488, 0.0613289, 0.0)], [0.96199, 0.0506942, 0.268338, 0.0)], [-0.270773, 0.0494831, 0.961371, 0.0)], [-0.0615486, 0.0115675, -0.0145382, 1.0)]])
-0.0615486, 0.0115675, -0.0145382
float3(-0.0495033, -0.274541, -1.52002)
355058.720619791
normal
simd_float4x4([[0.0349917, -0.99758, 0.0600889, 0.0)], [0.961996, 0.0499144, 0.268464, 0.0)], [-0.270813, 0.0484113, 0.961414, 0.0)], [-0.0614204, 0.0116597, -0.0137927, 1.0)]])
-0.0614204, 0.0116597, -0.0137927
float3(-0.0484302, -0.274568, -1.5208)
355058.953925375
normal
simd_float4x4([[0.0368356, -0.997477, 0.0606926, 0.0)], [0.961413, 0.051942, 0.270161, 0.0)], [-0.272632, 0.0483991, 0.9609, 0.0)], [-0.0616987, 0.0115825, -0.0136822, 1.0)]])
-0.0616987, 0.0115825, -0.0136822
float3(-0.048418, -0.27646, -1.51877)
355059.187230791
normal
simd_float4x4([[0.0370402, -0.99751, 0.0600146, 0.0)], [0.96216, 0.0518222, 0.26751, 0.0)], [-0.269954, 0.0478351, 0.961684, 0.0)], [-0.0619872, 0.0113136, -0.014135, 1.0)]])
-0.0619872, 0.0113136, -0.014135
float3(-0.0478533, -0.273667, -1.51889)
355059.420536375
normal
simd_float4x4([[0.0356317, -0.997604, 0.0592961, 0.0)], [0.96284, 0.0501633, 0.265372, 0.0)], [-0.267711, 0.047637, 0.962321, 0.0)], [-0.0626677, 0.0110741, -0.0128491, 1.0)]])
-0.0626677, 0.0110741, -0.0128491
float3(-0.047655, -0.271332, -1.52055)
355059.63717725
normal
simd_float4x4([[0.0349025, -0.997754, 0.0571771, 0.0)], [0.962069, 0.0490331, 0.268364, 0.0)], [-0.270565, 0.0456417, 0.961619, 0.0)], [-0.0630906, 0.0108077, -0.0111896, 1.0)]])
-0.0630906, 0.0108077, -0.0111896
float3(-0.0456576, -0.274273, -1.52169)
355059.853817791
normal
simd_float4x4([[0.0270151, -0.998045, 0.056352, 0.0)], [0.969183, 0.0399587, 0.24308, 0.0)], [-0.244857, 0.0480485, 0.968368, 0.0)], [-0.0506301, 0.0114728, -0.0185575, 1.0)]])
-0.0506301, 0.0114728, -0.0185575
float3(-0.048067, -0.247664, -1.53078)
355060.070458875
normal
simd_float4x4([[0.0102775, -0.998395, 0.0556964, 0.0)], [0.972079, 0.0230338, 0.233521, 0.0)], [-0.234429, 0.0517413, 0.970755, 0.0)], [-0.0503706, 0.0109832, -0.0189386, 1.0)]])
-0.0503706, 0.0109832, -0.0189386
float3(-0.0517644, -0.236955, -1.54773)
355060.303764458
normal
simd_float4x4([[-0.00760833, -0.99842, 0.0556676, 0.0)], [0.974904, 0.00498042, 0.22257, 0.0)], [-0.222496, 0.0559639, 0.973326, 0.0)], [-0.0483288, 0.0101207, -0.0205055, 1.0)]])
-0.0483288, 0.0101207, -0.0205055
float3(-0.0559932, -0.224732, -1.56581)
355060.537070083
normal
simd_float4x4([[-0.0151515, -0.99836, 0.0552105, 0.0)], [0.977053, -0.00305036, 0.212975, 0.0)], [-0.212457, 0.0571705, 0.975496, 0.0)], [-0.0477423, 0.0100568, -0.0203565, 1.0)]])
-0.0477423, 0.0100568, -0.0203565
float3(-0.0572017, -0.214445, -1.57385)
355060.770375916
normal
simd_float4x4([[-0.0216188, -0.998372, 0.0527809, 0.0)], [0.978337, -0.0102539, 0.206766, 0.0)], [-0.205888, 0.0561075, 0.976966, 0.0)], [-0.0475517, 0.00992955, -0.0207256, 1.0)]])
-0.0475517, 0.00992955, -0.0207256
float3(-0.056137, -0.207703, -1.58107)
355061.003681583
normal
simd_float4x4([[-0.0230565, -0.998418, 0.0512893, 0.0)], [0.978108, -0.0119149, 0.207756, 0.0)], [-0.206816, 0.0549566, 0.976835, 0.0)], [-0.0477088, 0.0105393, -0.0192218, 1.0)]])
-0.0477088, 0.0105393, -0.0192218
float3(-0.0549843, -0.208639, -1.58273)
355061.236987375
normal
simd_float4x4([[-0.0191665, -0.998448, 0.0522808, 0.0)], [0.977059, -0.00761149, 0.212833, 0.0)], [-0.212105, 0.0551607, 0.975689, 0.0)], [-0.0480914, 0.0105711, -0.0185494, 1.0)]])
-0.0480914, 0.0105711, -0.0185494
float3(-0.0551887, -0.21406, -1.57842)
355061.4536285
normal
simd_float4x4([[-0.0163671, -0.998482, 0.052588, 0.0)], [0.976467, -0.00465019, 0.215615, 0.0)], [-0.215043, 0.0548794, 0.975061, 0.0)], [-0.0485062, 0.0107533, -0.0193366, 1.0)]])
-0.0485062, 0.0107533, -0.0193366
float3(-0.054907, -0.217069, -1.57545)
355061.686934166
normal
simd_float4x4([[-0.015975, -0.998451, 0.0533043, 0.0)], [0.97648, -0.00411507, 0.215567, 0.0)], [-0.215013, 0.0554942, 0.975033, 0.0)], [-0.0482241, 0.0103844, -0.0197982, 1.0)]])
-0.0482241, 0.0103844, -0.0197982
float3(-0.0555228, -0.217045, -1.57492)
355061.920240166
normal
simd_float4x4([[-0.0191692, -0.998268, 0.055621, 0.0)], [0.97739, -0.00699365, 0.211328, 0.0)], [-0.210573, 0.0584144, 0.975831, 0.0)], [-0.0478023, 0.00991954, -0.0197897, 1.0)]])
-0.0478023, 0.00991954, -0.0197897
float3(-0.0584477, -0.21253, -1.5778)
355062.136881333
normal
simd_float4x4([[-0.0297823, -0.998111, 0.053726, 0.0)], [0.976261, -0.0175097, 0.215887, 0.0)], [-0.214538, 0.0588802, 0.974939, 0.0)], [-0.054806, 0.0145994, -0.0112665, 1.0)]])
-0.054806, 0.0145994, -0.0112665
float3(-0.0589143, -0.216601, -1.58834)
355062.370187166
normal
simd_float4x4([[-0.0368098, -0.99806, 0.0502135, 0.0)], [0.976711, -0.0253031, 0.213061, 0.0)], [-0.211377, 0.0568868, 0.975748, 0.0)], [-0.0540291, 0.0141996, -0.0112382, 1.0)]])
-0.0540291, 0.0141996, -0.0112382
float3(-0.0569175, -0.213335, -1.59614)
355062.586828583
normal
simd_float4x4([[-0.0450511, -0.997908, 0.046365, 0.0)], [0.977474, -0.034454, 0.208226, 0.0)], [-0.206193, 0.0547014, 0.976981, 0.0)], [-0.0529705, 0.0134112, -0.0110602, 1.0)]])
-0.0529705, 0.0134112, -0.0110602
float3(-0.0547287, -0.207998, -1.60531)
355062.820134541
normal
simd_float4x4([[-0.0472301, -0.997783, 0.0468783, 0.0)], [0.97871, -0.0368409, 0.201912, 0.0)], [-0.199738, 0.0554166, 0.978281, 0.0)], [-0.0529138, 0.0114291, -0.0128671, 1.0)]])
-0.0529138, 0.0114291, -0.0128671
float3(-0.055445, -0.201404, -1.6077)
355063.036775958
normal
simd_float4x4([[-0.0300647, -0.997681, 0.0610678, 0.0)], [0.97795, -0.0167282, 0.208168, 0.0)], [-0.206664, 0.0659798, 0.976185, 0.0)], [-0.0551464, 0.0127703, -0.0146063, 1.0)]])
-0.0551464, 0.0127703, -0.0146063
float3(-0.0660278, -0.208625, -1.58756)
355063.253417291
normal
simd_float4x4([[-0.0149156, -0.995024, 0.09851, 0.0)], [0.974512, 0.007589, 0.224207, 0.0)], [-0.223839, 0.0993433, 0.96955, 0.0)], [-0.0553609, 0.0129565, -0.0189687, 1.0)]])
-0.0553609, 0.0129565, -0.0189687
float3(-0.0995075, -0.226894, -1.56317)
355063.470058666
normal
simd_float4x4([[-0.0106843, -0.993062, 0.117103, 0.0)], [0.972483, 0.0169368, 0.232356, 0.0)], [-0.232727, 0.116364, 0.965556, 0.0)], [-0.0564175, 0.0137492, -0.0222529, 1.0)]])
-0.0564175, 0.0137492, -0.0222529
float3(-0.116628, -0.236518, -1.55374)
355063.686700083
normal
simd_float4x4([[-0.00752809, -0.990911, 0.134309, 0.0)], [0.971165, 0.0247615, 0.23712, 0.0)], [-0.23829, 0.132222, 0.962151, 0.0)], [-0.0564753, 0.0150274, -0.0248351, 1.0)]])
-0.0564753, 0.0150274, -0.0248351
float3(-0.13261, -0.242779, -1.54581)
355063.936671041
normal
simd_float4x4([[-0.00740737, -0.989027, 0.147548, 0.0)], [0.971074, 0.0281019, 0.237121, 0.0)], [-0.238666, 0.145036, 0.96021, 0.0)], [-0.0569444, 0.0160844, -0.0262454, 1.0)]])
-0.0569444, 0.0160844, -0.0262454
float3(-0.145549, -0.243619, -1.54239)
355064.16997725
normal
simd_float4x4([[-0.00816893, -0.988916, 0.148249, 0.0)], [0.972294, 0.0267809, 0.232223, 0.0)], [-0.233619, 0.146038, 0.961299, 0.0)], [-0.0562111, 0.0164204, -0.0264045, 1.0)]])
-0.0562111, 0.0164204, -0.0264045
float3(-0.146562, -0.238403, -1.54372)
355064.41994825
normal
simd_float4x4([[-0.0142756, -0.988973, 0.147407, 0.0)], [0.96649, 0.0241415, 0.255568, 0.0)], [-0.256309, 0.146116, 0.955487, 0.0)], [-0.0623717, 0.0134834, -0.0209119, 1.0)]])
-0.0623717, 0.0134834, -0.0209119
float3(-0.146641, -0.262079, -1.54639)
355064.636589833
normal
simd_float4x4([[-0.0115546, -0.990296, 0.138492, 0.0)], [0.967782, 0.0237635, 0.250665, 0.0)], [-0.251524, 0.136927, 0.958116, 0.0)], [-0.0624154, 0.0137694, -0.0197607, 1.0)]])
-0.0624154, 0.0137694, -0.0197607
float3(-0.137358, -0.256726, -1.5468)
355064.903225666
normal
simd_float4x4([[-0.00236153, -0.995635, 0.0933043, 0.0)], [0.972676, 0.0193742, 0.231357, 0.0)], [-0.232155, 0.0913012, 0.968384, 0.0)], [-0.0623184, 0.0144533, -0.015776, 1.0)]])
-0.0623184, 0.0144533, -0.015776
float3(-0.0914286, -0.235294, -1.55134)
355065.136532041
normal
simd_float4x4([[-3.09775e-05, -0.997841, 0.0656684, 0.0)], [0.973698, 0.014932, 0.227353, 0.0)], [-0.227843, 0.0639482, 0.971596, 0.0)], [-0.0622045, 0.0124792, -0.0140469, 1.0)]])
-0.0622045, 0.0124792, -0.0140469
float3(-0.0639919, -0.230341, -1.55583)
355065.369838291
normal
simd_float4x4([[-0.00229767, -0.998506, 0.0545933, 0.0)], [0.975905, 0.00967242, 0.21798, 0.0)], [-0.218183, 0.0537788, 0.974425, 0.0)], [-0.0621258, 0.0115364, -0.014021, 1.0)]])
-0.0621258, 0.0115364, -0.014021
float3(-0.0538047, -0.220276, -1.56111)
355065.586480041
normal
simd_float4x4([[-0.00108904, -0.999022, 0.0442131, 0.0)], [0.976909, 0.00838352, 0.213494, 0.0)], [-0.213655, 0.0434246, 0.975943, 0.0)], [-0.0620329, 0.0114123, -0.0136448, 1.0)]])
-0.0620329, 0.0114123, -0.0136448
float3(-0.0434383, -0.215522, -1.5624)
355065.80312175
normal
simd_float4x4([[0.00255715, -0.999667, 0.0256887, 0.0)], [0.978594, 0.00778794, 0.205652, 0.0)], [-0.205784, 0.0246129, 0.978288, 0.0)], [-0.0613895, 0.0105854, -0.0113388, 1.0)]])
-0.0613895, 0.0105854, -0.0113388
float3(-0.0246154, -0.207328, -1.56301)
355066.019763583
normal
simd_float4x4([[0.0013245, -0.9997, 0.0244603, 0.0)], [0.97808, 0.00638831, 0.20813, 0.0)], [-0.208224, 0.0236485, 0.977795, 0.0)], [-0.0604207, 0.00989707, -0.010372, 1.0)]])
-0.0604207, 0.00989707, -0.010372
float3(-0.0236507, -0.209818, -1.56441)
355066.236405291
normal
simd_float4x4([[-0.00093756, -0.999665, 0.0258711, 0.0)], [0.977823, 0.00450179, 0.209386, 0.0)], [-0.209432, 0.0254937, 0.977491, 0.0)], [-0.0594924, 0.00964181, -0.0102584, 1.0)]])
-0.0594924, 0.00964181, -0.0102584
float3(-0.0254964, -0.211064, -1.56629)
355066.503041333
normal
simd_float4x4([[-0.00258371, -0.999429, 0.0336795, 0.0)], [0.978792, 0.00437143, 0.204809, 0.0)], [-0.204839, 0.0334944, 0.978222, 0.0)], [-0.0657129, 0.0110452, 0.00548683, 1.0)]])
-0.0657129, 0.0110452, 0.00548683
float3(-0.0335006, -0.206417, -1.56642)
355066.719683208
normal
simd_float4x4([[-0.0194698, -0.996827, 0.0771772, 0.0)], [0.995811, -0.0124365, 0.0905869, 0.0)], [-0.0893397, 0.0786176, 0.992894, 0.0)], [-0.0601507, 0.0109243, -0.00298017, 1.0)]])
-0.0601507, 0.0109243, -0.00298017
float3(-0.0786988, -0.0897375, -1.58327)
355066.952989958
normal
simd_float4x4([[-0.0202228, -0.993762, 0.109672, 0.0)], [0.999529, -0.0226276, -0.0207276, 0.0)], [0.0230799, 0.109202, 0.993752, 0.0)], [-0.0543744, 0.0121439, -0.00604508, 1.0)]])
-0.0543744, 0.0121439, -0.00604508
float3(-0.10942, 0.0232208, -1.59356)
355067.186296541
normal
simd_float4x4([[-0.015053, -0.992476, 0.121509, 0.0)], [0.997717, -0.0229106, -0.0635311, 0.0)], [0.0658369, 0.120275, 0.990555, 0.0)], [-0.051798, 0.0117798, -0.00597275, 1.0)]])
-0.051798, 0.0117798, -0.00597275
float3(-0.120567, 0.0663671, -1.59388)
355067.436268
normal
simd_float4x4([[-0.00940806, -0.993237, 0.115724, 0.0)], [0.997708, -0.0170786, -0.065471, 0.0)], [0.0670046, 0.114843, 0.991121, 0.0)], [-0.0522006, 0.0120972, -0.00702373, 1.0)]])
-0.0522006, 0.0120972, -0.00702373
float3(-0.115097, 0.0675021, -1.58799)
355067.652909875
normal
simd_float4x4([[-0.00822211, -0.993831, 0.110597, 0.0)], [0.99759, -0.0157729, -0.0675726, 0.0)], [0.0689002, 0.109775, 0.991566, 0.0)], [-0.0530427, 0.0122782, -0.00663443, 1.0)]])
-0.0530427, 0.0122782, -0.00663443
float3(-0.109997, 0.0693748, -1.58667)
355067.902881416
normal
simd_float4x4([[-0.00616705, -0.994059, 0.108669, 0.0)], [0.997572, -0.0136551, -0.0682984, 0.0)], [0.0693765, 0.107984, 0.991729, 0.0)], [-0.0531462, 0.0129148, -0.00698468, 1.0)]])
-0.0531462, 0.0129148, -0.00698468
float3(-0.108195, 0.0698413, -1.58453)
355068.119523291
normal
simd_float4x4([[-0.00599567, -0.994412, 0.105401, 0.0)], [0.998009, -0.0125692, -0.0618135, 0.0)], [0.0627928, 0.104821, 0.992507, 0.0)], [-0.0537175, 0.0141408, -0.00621334, 1.0)]])
-0.0537175, 0.0141408, -0.00621334
float3(-0.105014, 0.0631827, -1.58344)
355068.369494875
normal
simd_float4x4([[-0.0077535, -0.994983, 0.0997386, 0.0)], [0.999011, -0.0120758, -0.0428059, 0.0)], [0.0437956, 0.099308, 0.994093, 0.0)], [-0.0548967, 0.014825, -0.00368969, 1.0)]])
-0.0548967, 0.014825, -0.00368969
float3(-0.0994719, 0.0440274, -1.58293)
355068.586137083
normal
simd_float4x4([[-0.0096741, -0.995185, 0.097531, 0.0)], [0.999906, -0.0105759, -0.00873325, 0.0)], [0.00972268, 0.0974373, 0.995194, 0.0)], [-0.0548608, 0.0131766, -0.00520152, 1.0)]])
-0.0548608, 0.0131766, -0.00520152
float3(-0.0975921, 0.00976932, -1.58142)
355068.8527735
normal
simd_float4x4([[-0.0128751, -0.995706, 0.0916725, 0.0)], [0.998163, -0.00737007, 0.0601381, 0.0)], [-0.0592043, 0.0922784, 0.993972, 0.0)], [-0.0624675, -0.00167676, -0.0234881, 1.0)]])
-0.0624675, -0.00167676, -0.0234881
float3(-0.0924098, -0.059493, -1.5782)
355069.086080291
normal
simd_float4x4([[-0.010577, -0.996515, 0.0827361, 0.0)], [0.994514, -0.00187196, 0.104591, 0.0)], [-0.104072, 0.0833884, 0.991068, 0.0)], [-0.0629203, -0.000567744, -0.016921, 1.0)]])
-0.0629203, -0.000567744, -0.016921
float3(-0.0834854, -0.104627, -1.57267)
355069.302722333
normal
simd_float4x4([[-0.00447992, -0.997735, 0.0671144, 0.0)], [0.986314, 0.00665331, 0.164746, 0.0)], [-0.16482, 0.0669339, 0.98405, 0.0)], [-0.0655566, 0.00151804, -0.0121591, 1.0)]])
-0.0655566, 0.00151804, -0.0121591
float3(-0.0669839, -0.165951, -1.56413)
355069.519364458
normal
simd_float4x4([[-0.00590681, -0.996695, 0.081019, 0.0)], [0.979314, 0.0106217, 0.202067, 0.0)], [-0.202259, 0.0805366, 0.976015, 0.0)], [-0.0669432, 0.00235674, -0.0113184, 1.0)]])
-0.0669432, 0.00235674, -0.0113184
float3(-0.080624, -0.204338, -1.56014)
355069.736006708
normal
simd_float4x4([[-0.0114112, -0.995834, 0.0904671, 0.0)], [0.965173, 0.0126785, 0.261305, 0.0)], [-0.261364, 0.0902982, 0.961007, 0.0)], [-0.0675318, 0.00233296, -0.0113209, 1.0)]])
-0.0675318, 0.00233296, -0.0113209
float3(-0.0904214, -0.265546, -1.55807)
355069.952648958
normal
simd_float4x4([[-0.0135468, -0.996152, 0.0865842, 0.0)], [0.950208, 0.0141353, 0.311295, 0.0)], [-0.311321, 0.08649, 0.946361, 0.0)], [-0.0697056, 0.00273301, -0.00976352, 1.0)]])
-0.0697056, 0.00273301, -0.00976352
float3(-0.0865982, -0.317816, -1.55661)
355070.185955791
normal
simd_float4x4([[-0.0082725, -0.996621, 0.0817178, 0.0)], [0.936751, 0.0208714, 0.349375, 0.0)], [-0.3499, 0.0794393, 0.933413, 0.0)], [-0.0727132, 0.00307132, -0.00875275, 1.0)]])
-0.0727132, 0.00307132, -0.00875275
float3(-0.0795231, -0.358649, -1.54986)
355070.419262875
normal
simd_float4x4([[-0.00726464, -0.996846, 0.0790223, 0.0)], [0.933576, 0.0215545, 0.357729, 0.0)], [-0.358305, 0.0763721, 0.930476, 0.0)], [-0.0754166, 0.00348504, -0.00868835, 1.0)]])
-0.0754166, 0.00348504, -0.00868835
float3(-0.0764465, -0.367576, -1.54918)
355070.652569916
normal
simd_float4x4([[-0.00874935, -0.99705, 0.0762597, 0.0)], [0.935435, 0.0187905, 0.352998, 0.0)], [-0.353389, 0.0744246, 0.932511, 0.0)], [-0.0755213, 0.00279952, -0.0114882, 1.0)]])
-0.0755213, 0.00279952, -0.0114882
float3(-0.0744935, -0.362242, -1.55195)
355070.869212083
normal
simd_float4x4([[-0.00992546, -0.997361, 0.0719154, 0.0)], [0.935905, 0.0160591, 0.351885, 0.0)], [-0.352112, 0.0707986, 0.933276, 0.0)], [-0.0754824, 0.00254447, -0.0137195, 1.0)]])
-0.0754824, 0.00254447, -0.0137195
float3(-0.0708579, -0.360773, -1.5547)
355071.085854333
normal
simd_float4x4([[-0.00455458, -0.997131, 0.0755558, 0.0)], [0.960028, 0.0167858, 0.279399, 0.0)], [-0.279866, 0.0738082, 0.957198, 0.0)], [-0.0476196, 0.00673506, -0.0176768, 1.0)]])
-0.0476196, 0.00673506, -0.0176768
float3(-0.0738754, -0.284452, -1.55396)
355071.3191615
normal
simd_float4x4([[-0.00779686, -0.997153, 0.0750034, 0.0)], [0.97499, 0.00907962, 0.222065, 0.0)], [-0.222114, 0.0748589, 0.972143, 0.0)], [-0.0480686, 0.00636113, -0.0179794, 1.0)]])
-0.0480686, 0.00636113, -0.0179794
float3(-0.074929, -0.224623, -1.56169)
355071.535803666
normal
simd_float4x4([[-0.00935851, -0.997328, 0.0724468, 0.0)], [0.978808, 0.00568505, 0.204703, 0.0)], [-0.204567, 0.0728272, 0.97614, 0.0)], [-0.049031, 0.006529, -0.0176718, 1.0)]])
-0.049031, 0.006529, -0.0176718
float3(-0.0728917, -0.206578, -1.5651)
355071.752446166
normal
simd_float4x4([[-0.0103846, -0.997303, 0.0726628, 0.0)], [0.982199, 0.00345658, 0.187813, 0.0)], [-0.187558, 0.0733197, 0.979513, 0.0)], [-0.0499309, 0.00654919, -0.0171824, 1.0)]])
-0.0499309, 0.00654919, -0.0171824
float3(-0.0733855, -0.189191, -1.56733)
355071.985753208
normal
simd_float4x4([[-0.00974475, -0.996787, 0.079506, 0.0)], [0.984775, 0.00423421, 0.173785, 0.0)], [-0.173564, 0.079989, 0.981569, 0.0)], [-0.0491439, 0.00483075, -0.0230804, 1.0)]])
-0.0491439, 0.00483075, -0.0230804
float3(-0.0800745, -0.175014, -1.56655)
355072.202395541
normal
simd_float4x4([[-0.00724978, -0.997423, 0.0713751, 0.0)], [0.987135, 0.00426256, 0.159833, 0.0)], [-0.159725, 0.0716156, 0.98456, 0.0)], [-0.0460175, 0.0010686, -0.0211718, 1.0)]])
-0.0460175, 0.0010686, -0.0211718
float3(-0.071677, -0.160829, -1.56652)
355072.43570275
normal
simd_float4x4([[-0.00420051, -0.998832, 0.0481307, 0.0)], [0.991023, 0.00227376, 0.133676, 0.0)], [-0.133629, 0.0482601, 0.989856, 0.0)], [-0.0403093, -0.0102561, -0.0204779, 1.0)]])
-0.0403093, -0.0102561, -0.0204779
float3(-0.0482789, -0.134187, -1.56852)
355072.652345125
normal
simd_float4x4([[-0.00474912, -0.997691, 0.067746, 0.0)], [0.993332, 0.00309732, 0.115248, 0.0)], [-0.115192, 0.0678416, 0.991024, 0.0)], [-0.0310013, -0.0317192, -0.0356553, 1.0)]])
-0.0310013, -0.0317192, -0.0356553
float3(-0.0678938, -0.115716, -1.56769)
355072.902317
normal
simd_float4x4([[-0.00965675, -0.995052, 0.0988859, 0.0)], [0.993596, 0.0015848, 0.112977, 0.0)], [-0.112575, 0.0993437, 0.988665, 0.0)], [-0.0231626, -0.0499404, -0.0484654, 1.0)]])
-0.0231626, -0.0499404, -0.0484654
float3(-0.0995078, -0.113377, -1.5692)
355073.118959416
normal
simd_float4x4([[-0.0170756, -0.995567, 0.0924902, 0.0)], [0.981413, 0.000995382, 0.191904, 0.0)], [-0.191145, 0.094048, 0.977046, 0.0)], [-0.00900668, -0.0478855, -0.0451142, 1.0)]])
-0.00900668, -0.0478855, -0.0451142
float3(-0.0941872, -0.193196, -1.5698)
355073.368931291
normal
simd_float4x4([[-0.0187118, -0.996963, 0.0755994, 0.0)], [0.879931, 0.0194813, 0.474702, 0.0)], [-0.474733, 0.0754048, 0.876894, 0.0)], [-0.0190658, -0.0120248, -0.0076446, 1.0)]])
-0.0190658, -0.0120248, -0.0076446
float3(-0.0754764, -0.496201, -1.55126)
355073.585573833
normal
simd_float4x4([[-0.0485504, -0.996406, 0.0694114, 0.0)], [0.718494, 0.013434, 0.695403, 0.0)], [-0.693837, 0.0836337, 0.71526, 0.0)], [0.0304954, -0.0181842, 0.029045, 1.0)]])
0.0304954, -0.0181842, 0.029045
float3(-0.0837315, -0.770196, -1.55731)
355073.802216333
normal
simd_float4x4([[-0.0612782, -0.99602, 0.0647261, 0.0)], [0.545061, 0.0209322, 0.838135, 0.0)], [-0.836154, 0.0866391, 0.541609, 0.0)], [0.0797411, -0.0165185, 0.0868656, 1.0)]])
0.0797411, -0.0165185, 0.0868656
float3(-0.0867479, -0.996013, -1.54978)
355074.018858666
normal
simd_float4x4([[-0.056257, -0.997188, 0.0495028, 0.0)], [0.366891, 0.0254648, 0.929915, 0.0)], [-0.928561, 0.0704764, 0.364427, 0.0)], [0.125965, -0.0132258, 0.166464, 1.0)]])
0.125965, -0.0132258, 0.166464
float3(-0.0705349, -1.1968, -1.54527)
355074.252165916
normal
simd_float4x4([[-0.0272931, -0.998535, 0.0467174, 0.0)], [0.151519, 0.0420624, 0.987559, 0.0)], [-0.988077, 0.0340322, 0.150149, 0.0)], [0.148104, -0.00335274, 0.258497, 1.0)]])
0.148104, -0.00335274, 0.258497
float3(-0.0340387, -1.41999, -1.5287)
355074.468808375
normal
simd_float4x4([[-0.0390485, -0.998978, 0.0227453, 0.0)], [-0.0485855, 0.0246339, 0.998515, 0.0)], [-0.998056, 0.0378854, -0.0494978, 0.0)], [0.151602, 0.00411069, 0.323564, 1.0)]])
0.151602, 0.00411069, 0.323564
float3(-0.0378945, -1.62035, -1.54614)
355074.702115625
normal
simd_float4x4([[-0.0380265, -0.999256, 0.00646305, 0.0)], [-0.285827, 0.0170742, 0.958129, 0.0)], [-0.957526, 0.034587, -0.286264, 0.0)], [0.134184, 0.0111584, 0.368313, 1.0)]])
0.134184, 0.0111584, 0.368313
float3(-0.0345939, -1.8613, -1.55371)
355074.935422833
normal
simd_float4x4([[-0.0341362, -0.999256, -0.0179276, 0.0)], [-0.558962, 0.00421875, 0.829183, 0.0)], [-0.82849, 0.038326, -0.55869, 0.0)], [0.10231, 0.0181477, 0.401062, 1.0)]])
0.10231, 0.0181477, 0.401062
float3(-0.0383353, -2.1641, -1.56657)
355075.135523833
normal
simd_float4x4([[-0.0297166, -0.998615, -0.0434114, 0.0)], [-0.78038, -0.0039601, 0.625293, 0.0)], [-0.624599, 0.052459, -0.779182, 0.0)], [0.0687138, 0.0161249, 0.423373, 1.0)]])
0.0687138, 0.0161249, 0.423373
float3(-0.0524831, -2.46587, -1.57476)
355075.352311666
normal
simd_float4x4([[-0.0449097, -0.996603, -0.0690287, 0.0)], [-0.924418, 0.0152621, 0.381075, 0.0)], [-0.378727, 0.0809254, -0.921964, 0.0)], [0.038942, -0.00928169, 0.428637, 1.0)]])
0.038942, -0.00928169, 0.428637
float3(-0.0810139, -2.75183, -1.55548)
355075.585775583
normal
simd_float4x4([[-0.0411953, -0.990318, -0.132562, 0.0)], [-0.989327, 0.0218701, 0.144063, 0.0)], [-0.139769, 0.137082, -0.980649, 0.0)], [0.00562335, -0.0346982, 0.419303, 1.0)]])
0.00562335, -0.0346982, 0.419303
float3(-0.137515, -3.00002, -1.54872)
355075.785887541
normal
simd_float4x4([[-0.0482539, -0.989253, -0.138024, 0.0)], [-0.998825, 0.047165, 0.0111509, 0.0)], [-0.00452115, 0.1384, -0.990366, 0.0)], [-0.00672493, -0.033478, 0.411421, 1.0)]])
-0.00672493, -0.033478, 0.411421
float3(-0.138845, -3.13703, -1.52315)
355075.985999791
normal
simd_float4x4([[-0.0129031, -0.993112, -0.116458, 0.0)], [-0.998694, 0.0185575, -0.0476002, 0.0)], [0.0494334, 0.115692, -0.992054, 0.0)], [-0.0302977, -0.0271905, 0.399471, 1.0)]])
-0.0302977, -0.0271905, 0.399471
float3(-0.115952, 3.0918, -1.55211)
355076.186111708
normal
simd_float4x4([[0.00235276, -0.994994, -0.0999075, 0.0)], [-0.99728, 0.00502537, -0.0735337, 0.0)], [0.0736677, 0.0998088, -0.992276, 0.0)], [-0.06132, -0.0122973, 0.377572, 1.0)]])
-0.06132, -0.0122973, 0.377572
float3(-0.0999753, 3.06749, -1.56575)
355076.402899708
normal
simd_float4x4([[0.00574422, -0.995207, -0.097625, 0.0)], [-0.992577, 0.00618541, -0.121458, 0.0)], [0.12148, 0.097598, -0.987784, 0.0)], [-0.0918559, -0.00052847, 0.382879, 1.0)]])
-0.0918559, -0.00052847, 0.382879
float3(-0.0977536, 3.01923, -1.56458)
355076.603011916
normal
simd_float4x4([[0.0137756, -0.99403, -0.108238, 0.0)], [-0.981114, 0.00745013, -0.193288, 0.0)], [0.19294, 0.108857, -0.975154, 0.0)], [-0.113446, 0.00427016, 0.44149, 1.0)]])
-0.113446, 0.00427016, 0.44149
float3(-0.109073, 2.94626, -1.5633)
355076.803123833
normal
simd_float4x4([[0.0220285, -0.995613, -0.0909339, 0.0)], [-0.96956, 0.000911251, -0.244851, 0.0)], [0.243859, 0.0935596, -0.965287, 0.0)], [-0.11042, -0.0101029, 0.553676, 1.0)]])
-0.11042, -0.0101029, 0.553676
float3(-0.0936966, 2.89414, -1.56988)
355077.019911875
normal
simd_float4x4([[0.030387, -0.997492, -0.0639219, 0.0)], [-0.957952, -0.0108085, -0.286724, 0.0)], [0.285314, 0.0699468, -0.955878, 0.0)], [-0.093852, -0.00784804, 0.702176, 1.0)]])
-0.093852, -0.00784804, 0.702176
float3(-0.0700039, 2.85153, -1.58163)
355077.236699958
normal
simd_float4x4([[0.0621948, -0.99487, -0.0797805, 0.0)], [-0.95152, -0.0349787, -0.305592, 0.0)], [0.301234, 0.094919, -0.948814, 0.0)], [-0.102181, -0.00545009, 0.85193, 1.0)]])
-0.102181, -0.00545009, 0.85193
float3(-0.0950621, 2.83417, -1.60594)
355077.436812
normal
simd_float4x4([[0.0747297, -0.994383, -0.0749539, 0.0)], [-0.950261, -0.0482204, -0.307698, 0.0)], [0.302355, 0.09422, -0.948527, 0.0)], [-0.139386, -0.0155376, 0.993253, 1.0)]])
-0.139386, -0.0155376, 0.993253
float3(-0.0943599, 2.83301, -1.61925)
355077.63692425
normal
simd_float4x4([[0.058732, -0.99667, -0.0565621, 0.0)], [-0.958011, -0.0403435, -0.283878, 0.0)], [0.280651, 0.0708599, -0.957191, 0.0)], [-0.197957, -0.0187084, 1.14434, 1.0)]])
-0.197957, -0.0187084, 1.14434
float3(-0.0709193, 2.85638, -1.61125)
355077.837036208
normal
simd_float4x4([[0.0303817, -0.995571, -0.0889678, 0.0)], [-0.969, -0.00750282, -0.246946, 0.0)], [0.245185, 0.0937125, -0.964936, 0.0)], [-0.246281, -0.00944098, 1.29843, 1.0)]])
-0.246281, -0.00944098, 1.29843
float3(-0.0938502, 2.89276, -1.57833)
355078.037148291
normal
simd_float4x4([[0.000332023, -0.994555, -0.10421, 0.0)], [-0.973802, 0.0233752, -0.226191, 0.0)], [0.227395, 0.101555, -0.968493, 0.0)], [-0.276673, -0.0127628, 1.44807, 1.0)]])
-0.276673, -0.0127628, 1.44807
float3(-0.10173, 2.91098, -1.5473)
355078.237260333
normal
simd_float4x4([[-0.00117279, -0.996391, -0.0848754, 0.0)], [-0.967436, 0.0226138, -0.252106, 0.0)], [0.253115, 0.0818159, -0.96397, 0.0)], [-0.302029, -0.0290243, 1.61769, 1.0)]])
-0.302029, -0.0290243, 1.61769
float3(-0.0819074, 2.88481, -1.5481)
355078.437372583
normal
simd_float4x4([[0.0126838, -0.997174, -0.0740497, 0.0)], [-0.953962, 0.0101257, -0.299758, 0.0)], [0.299661, 0.0744427, -0.951137, 0.0)], [-0.323755, -0.0254412, 1.78612, 1.0)]])
-0.323755, -0.0254412, 1.78612
float3(-0.0745116, 2.83638, -1.56064)
355078.637484583
normal
simd_float4x4([[0.0438283, -0.993454, -0.105493, 0.0)], [-0.948035, -0.00805, -0.318063, 0.0)], [0.315132, 0.113951, -0.942182, 0.0)], [-0.353373, -0.01734, 1.9379, 1.0)]])
-0.353373, -0.01734, 1.9379
float3(-0.114199, 2.81882, -1.5789)
355078.837596708
normal
simd_float4x4([[0.0270024, -0.996663, -0.0770298, 0.0)], [-0.95244, -0.00225334, -0.304718, 0.0)], [0.303527, 0.0815944, -0.949323, 0.0)], [-0.389581, -0.0218803, 2.09089, 1.0)]])
-0.389581, -0.0218803, 2.09089
float3(-0.0816852, 2.83213, -1.57306)
355079.037708833
normal
simd_float4x4([[0.0277427, -0.999264, -0.0264721, 0.0)], [-0.957588, -0.0189688, -0.287516, 0.0)], [0.286803, 0.0333258, -0.95741, 0.0)], [-0.444622, -0.0145878, 2.24754, 1.0)]])
-0.444622, -0.0145878, 2.24754
float3(-0.033332, 2.85054, -1.58978)
355079.237820875
normal
simd_float4x4([[0.00625183, -0.99856, -0.0532719, 0.0)], [-0.961841, 0.00856756, -0.273475, 0.0)], [0.273537, 0.0529488, -0.960403, 0.0)], [-0.483219, -0.00305367, 2.41115, 1.0)]])
-0.483219, -0.00305367, 2.41115
float3(-0.0529735, 2.86412, -1.56222)
355079.437932916
normal
simd_float4x4([[-0.00708943, -0.998719, -0.0501077, 0.0)], [-0.960233, 0.0207853, -0.278424, 0.0)], [0.279108, 0.0461412, -0.95915, 0.0)], [-0.516807, -0.0092274, 2.57444, 1.0)]])
-0.516807, -0.0092274, 2.57444
float3(-0.0461576, 2.85842, -1.54999)
355079.654721208
normal
simd_float4x4([[0.0070054, -0.999847, -0.0160234, 0.0)], [-0.952303, -0.00178199, -0.30515, 0.0)], [0.305074, 0.0173969, -0.95217, 0.0)], [-0.550471, -0.017223, 2.76687, 1.0)]])
-0.550471, -0.017223, 2.76687
float3(-0.0173977, 2.83153, -1.57258)
355079.854833333
normal
simd_float4x4([[0.0372539, -0.99786, -0.0537314, 0.0)], [-0.940613, -0.0168593, -0.339062, 0.0)], [0.337431, 0.0631718, -0.939228, 0.0)], [-0.590298, -0.00323226, 2.94623, 1.0)]])
-0.590298, -0.00323226, 2.94623
float3(-0.0632139, 2.79669, -1.58769)
355080.0716215
normal
simd_float4x4([[0.0539007, -0.997478, -0.0461723, 0.0)], [-0.938075, -0.0347355, -0.344687, 0.0)], [0.342214, 0.061892, -0.937582, 0.0)], [-0.637867, -0.0113117, 3.13224, 1.0)]])
-0.637867, -0.0113117, 3.13224
float3(-0.0619315, 2.79162, -1.60561)
355080.28840975
normal
simd_float4x4([[0.0258708, -0.999664, 0.00164928, 0.0)], [-0.945211, -0.0249986, -0.325501, 0.0)], [0.325433, 0.00686206, -0.94554, 0.0)], [-0.69383, -0.0134943, 3.31315, 1.0)]])
-0.69383, -0.0134943, 3.31315
float3(-0.00686212, 2.81012, -1.5958)
355080.488521958
normal
simd_float4x4([[0.024068, -0.998244, -0.0541243, 0.0)], [-0.954582, -0.00686496, -0.29787, 0.0)], [0.296975, 0.0588352, -0.953071, 0.0)], [-0.739983, -0.00486142, 3.48337, 1.0)]])
-0.739983, -0.00486142, 3.48337
float3(-0.0588692, 2.83953, -1.57767)
355080.705310166
normal
simd_float4x4([[0.00500499, -0.996376, -0.0849104, 0.0)], [-0.950435, 0.0216582, -0.31017, 0.0)], [0.310885, 0.0822542, -0.946882, 0.0)], [-0.78131, -0.0184578, 3.66691, 1.0)]])
-0.78131, -0.0184578, 3.66691
float3(-0.0823472, 2.82436, -1.54906)
355080.922098333
normal
simd_float4x4([[0.0212522, -0.998526, -0.0499424, 0.0)], [-0.939493, -0.00286246, -0.342556, 0.0)], [0.341908, 0.0542006, -0.938169, 0.0)], [-0.823507, -0.0298505, 3.85411, 1.0)]])
-0.823507, -0.0298505, 3.85411
float3(-0.0542272, 2.79211, -1.57366)
355081.122210541
normal
