ARKit Data
255248.976786208
normal
simd_float4x4([[-0.0328008, -0.967505, -0.250717, 0.0)], [-0.980833, -0.0170465, 0.194102, 0.0)], [-0.192069, 0.252278, -0.948401, 0.0)], [1.09981, 0.5918, -0.611533, 1.0)]])
1.09981, 0.5918, -0.611533
float3(-0.255034, -2.94178, -1.58841)
255249.314221291
limited(__ObjC.ARCamera.TrackingState.Reason.initializing)
simd_float4x4([[-0.0374976, -0.974049, 0.223205, 0.0)], [0.999295, -0.0365509, 0.00837504, 0.0)], [-5.77917e-09, 0.223364, 0.974734, 0.0)], [0.0, 0.0, 0.0, 1.0)]])
0.0, 0.0, 0.0
float3(-0.225264, -5.92897e-09, -1.6083)
255249.4142395
limited(__ObjC.ARCamera.TrackingState.Reason.initializing)
simd_float4x4([[-0.0374976, -0.974049, 0.223205, 0.0)], [0.999295, -0.0365509, 0.00837504, 0.0)], [-5.77917e-09, 0.223364, 0.974734, 0.0)], [0.0, 0.0, 0.0, 1.0)]])
0.0, 0.0, 0.0
float3(-0.225264, -5.92897e-09, -1.6083)
255249.514290875
limited(__ObjC.ARCamera.TrackingState.Reason.initializing)
simd_float4x4([[0.135875, -0.984972, -0.106622, 0.0)], [-0.735969, -0.0283034, -0.676424, 0.0)], [0.663241, 0.170379, -0.728754, 0.0)], [0.0, 0.0, 0.0, 1.0)]])
0.0, 0.0, 0.0
float3(-0.171214, 2.40322, -1.59952)
255249.614342208
limited(__ObjC.ARCamera.TrackingState.Reason.initializing)
simd_float4x4([[0.129652, -0.988973, -0.0715712, 0.0)], [-0.726783, -0.0456815, -0.685346, 0.0)], [0.674519, 0.140873, -0.724692, 0.0)], [0.0, 0.0, 0.0, 1.0)]])
0.0, 0.0, 0.0
float3(-0.141343, 2.39204, -1.61695)
255249.714393791
limited(__ObjC.ARCamera.TrackingState.Reason.initializing)
simd_float4x4([[0.116237, -0.988814, -0.0934533, 0.0)], [-0.719222, -0.0189059, -0.694523, 0.0)], [0.684987, 0.147943, -0.713375, 0.0)], [0.0, 0.0, 0.0, 1.0)]])
0.0, 0.0, 0.0
float3(-0.148488, 2.37649, -1.58991)
255249.814444916
limited(__ObjC.ARCamera.TrackingState.Reason.initializing)
simd_float4x4([[0.0845342, -0.991984, -0.0939107, 0.0)], [-0.710151, 0.00613237, -0.704023, 0.0)], [0.698956, 0.126205, -0.70394, 0.0)], [0.0, 0.0, 0.0, 1.0)]])
0.0, 0.0, 0.0
float3(-0.126542, 2.35975, -1.56461)
255249.914496333
limited(__ObjC.ARCamera.TrackingState.Reason.initializing)
simd_float4x4([[0.0827844, -0.992035, -0.0949224, 0.0)], [-0.695978, 0.0106211, -0.717984, 0.0)], [0.713274, 0.125502, -0.689555, 0.0)], [0.0, 0.0, 0.0, 1.0)]])
0.0, 0.0, 0.0
float3(-0.125834, 2.33929, -1.56009)
255250.014547708
limited(__ObjC.ARCamera.TrackingState.Reason.initializing)
simd_float4x4([[0.0889865, -0.990531, -0.104526, 0.0)], [-0.668674, 0.0183683, -0.743329, 0.0)], [0.73821, 0.13604, -0.660708, 0.0)], [0.0, 0.0, 0.0, 1.0)]])
0.0, 0.0, 0.0
float3(-0.136464, 2.30085, -1.55225)
255250.114599083
limited(__ObjC.ARCamera.TrackingState.Reason.initializing)
simd_float4x4([[0.0933672, -0.990336, -0.102522, 0.0)], [-0.637598, 0.0196121, -0.770119, 0.0)], [0.764688, 0.137271, -0.629605, 0.0)], [0.0, 0.0, 0.0, 1.0)]])
0.0, 0.0, 0.0
float3(-0.137706, 2.25961, -1.551)
255250.214650625
limited(__ObjC.ARCamera.TrackingState.Reason.initializing)
simd_float4x4([[0.0980214, -0.990784, -0.0934459, 0.0)], [-0.602301, 0.015686, -0.798115, 0.0)], [0.792226, 0.134515, -0.595212, 0.0)], [0.0, 0.0, 0.0, 1.0)]])
0.0, 0.0, 0.0
float3(-0.134924, 2.21514, -1.55497)
255250.31470175
limited(__ObjC.ARCamera.TrackingState.Reason.initializing)
simd_float4x4([[0.105185, -0.990896, -0.08398, 0.0)], [-0.566806, 0.0096499, -0.823795, 0.0)], [0.817106, 0.134251, -0.56063, 0.0)], [0.0, 0.0, 0.0, 1.0)]])
0.0, 0.0, 0.0
float3(-0.134658, 2.17214, -1.56106)
255250.414753416
limited(__ObjC.ARCamera.TrackingState.Reason.initializing)
simd_float4x4([[0.108385, -0.991237, -0.0754551, 0.0)], [-0.527947, 0.00691777, -0.849249, 0.0)], [0.84233, 0.131883, -0.52257, 0.0)], [0.0, 0.0, 0.0, 1.0)]])
0.0, 0.0, 0.0
float3(-0.132268, 2.12607, -1.56382)
255250.51480475
limited(__ObjC.ARCamera.TrackingState.Reason.initializing)
simd_float4x4([[0.113179, -0.990917, -0.0725799, 0.0)], [-0.485506, 0.00857632, -0.874191, 0.0)], [0.866873, 0.134178, -0.480125, 0.0)], [0.0, 0.0, 0.0, 1.0)]])
0.0, 0.0, 0.0
float3(-0.134584, 2.0766, -1.56214)
255250.614855916
limited(__ObjC.ARCamera.TrackingState.Reason.initializing)
simd_float4x4([[0.117497, -0.990686, -0.0687665, 0.0)], [-0.440518, 0.0100637, -0.897687, 0.0)], [0.890019, 0.135769, -0.435232, 0.0)], [0.0, 0.0, 0.0, 1.0)]])
0.0, 0.0, 0.0
float3(-0.136189, 2.02562, -1.56064)
255250.714907458
limited(__ObjC.ARCamera.TrackingState.Reason.initializing)
simd_float4x4([[0.117505, -0.991194, -0.0610018, 0.0)], [-0.40004, 0.00897631, -0.916453, 0.0)], [0.908931, 0.132091, -0.395461, 0.0)], [0.0, 0.0, 0.0, 1.0)]])
0.0, 0.0, 0.0
float3(-0.132479, 1.98118, -1.56174)
255250.814958833
limited(__ObjC.ARCamera.TrackingState.Reason.initializing)
simd_float4x4([[0.119235, -0.991421, -0.0534773, 0.0)], [-0.361224, 0.00685176, -0.932453, 0.0)], [0.924822, 0.130499, -0.357307, 0.0)], [0.0, 0.0, 0.0, 1.0)]])
0.0, 0.0, 0.0
float3(-0.130872, 1.93948, -1.56389)
255250.915010333
limited(__ObjC.ARCamera.TrackingState.Reason.initializing)
simd_float4x4([[0.121234, -0.991556, -0.045968, 0.0)], [-0.328969, 0.0035554, -0.944333, 0.0)], [0.936524, 0.129608, -0.325759, 0.0)], [0.0, 0.0, 0.0, 1.0)]])
0.0, 0.0, 0.0
float3(-0.129974, 1.90554, -1.56721)
255251.01506175
limited(__ObjC.ARCamera.TrackingState.Reason.initializing)
simd_float4x4([[0.121685, -0.991707, -0.0412891, 0.0)], [-0.299555, 0.00296485, -0.954074, 0.0)], [0.946285, 0.128465, -0.296709, 0.0)], [0.0, 0.0, 0.0, 1.0)]])
0.0, 0.0, 0.0
float3(-0.128821, 1.87464, -1.56781)
255251.115113041
limited(__ObjC.ARCamera.TrackingState.Reason.initializing)
simd_float4x4([[0.117569, -0.992487, -0.0338007, 0.0)], [-0.274776, 0.000194639, -0.961508, 0.0)], [0.954291, 0.122331, -0.272687, 0.0)], [0.0, 0.0, 0.0, 1.0)]])
0.0, 0.0, 0.0
float3(-0.122638, 1.84913, -1.5706)
255251.215164416
limited(__ObjC.ARCamera.TrackingState.Reason.initializing)
simd_float4x4([[0.113358, -0.99319, -0.0268544, 0.0)], [-0.256107, -0.00309488, -0.966643, 0.0)], [0.959978, 0.116455, -0.254713, 0.0)], [0.0, 0.0, 0.0, 1.0)]])
0.0, 0.0, 0.0
float3(-0.116719, 1.83015, -1.57391)
255251.315215791
limited(__ObjC.ARCamera.TrackingState.Reason.initializing)
simd_float4x4([[0.111568, -0.993512, -0.0219696, 0.0)], [-0.243553, -0.00590426, -0.969869, 0.0)], [0.963448, 0.113557, -0.242631, 0.0)], [0.0, 0.0, 0.0, 1.0)]])
0.0, 0.0, 0.0
float3(-0.113803, 1.8175, -1.57674)
255251.415267458
limited(__ObjC.ARCamera.TrackingState.Reason.initializing)
simd_float4x4([[0.111863, -0.993527, -0.0196697, 0.0)], [-0.232933, -0.00697494, -0.972467, 0.0)], [0.966036, 0.113365, -0.232204, 0.0)], [0.0, 0.0, 0.0, 1.0)]])
0.0, 0.0, 0.0
float3(-0.113609, 1.80669, -1.57782)
255251.515318625
limited(__ObjC.ARCamera.TrackingState.Reason.initializing)
simd_float4x4([[0.109733, -0.993811, -0.0171452, 0.0)], [-0.228421, -0.00842741, -0.973526, 0.0)], [0.967357, 0.110745, -0.227931, 0.0)], [0.0, 0.0, 0.0, 1.0)]])
0.0, 0.0, 0.0
float3(-0.110973, 1.8022, -1.57928)
255251.61537025
limited(__ObjC.ARCamera.TrackingState.Reason.initializing)
simd_float4x4([[0.108016, -0.994067, -0.0126849, 0.0)], [-0.225945, -0.0121222, -0.974064, 0.0)], [0.968132, 0.108081, -0.225913, 0.0)], [0.0, 0.0, 0.0, 1.0)]])
0.0, 0.0, 0.0
float3(-0.108292, 1.80004, -1.58299)
255251.715421541
limited(__ObjC.ARCamera.TrackingState.Reason.initializing)
simd_float4x4([[0.105111, -0.994415, -0.00939424, 0.0)], [-0.224079, -0.01448, -0.974463, 0.0)], [0.968885, 0.104532, -0.22435, 0.0)], [0.0, 0.0, 0.0, 1.0)]])
0.0, 0.0, 0.0
float3(-0.104723, 1.79834, -1.58536)
255251.815472958
limited(__ObjC.ARCamera.TrackingState.Reason.initializing)
simd_float4x4([[0.10341, -0.9946, -0.00869032, 0.0)], [-0.224884, -0.0148691, -0.974272, 0.0)], [0.968882, 0.102704, -0.225206, 0.0)], [0.0, 0.0, 0.0, 1.0)]])
0.0, 0.0, 0.0
float3(-0.102885, 1.79918, -1.58574)
255251.915524541
limited(__ObjC.ARCamera.TrackingState.Reason.initializing)
simd_float4x4([[0.101248, -0.994836, -0.00700519, 0.0)], [-0.230229, -0.0165802, -0.972995, 0.0)], [0.967855, 0.100127, -0.230719, 0.0)], [0.0, 0.0, 0.0, 1.0)]])
0.0, 0.0, 0.0
float3(-0.100295, 1.80481, -1.58746)
255252.015575875
limited(__ObjC.ARCamera.TrackingState.Reason.initializing)
simd_float4x4([[0.0991132, -0.995049, -0.0072085, 0.0)], [-0.240018, -0.0168766, -0.970621, 0.0)], [0.965694, 0.0979319, -0.240501, 0.0)], [0.0, 0.0, 0.0, 1.0)]])
0.0, 0.0, 0.0
float3(-0.0980891, 1.81488, -1.58776)
255252.115627375
limited(__ObjC.ARCamera.TrackingState.Reason.initializing)
simd_float4x4([[0.0994319, -0.995018, -0.00700837, 0.0)], [-0.25382, -0.0185536, -0.967073, 0.0)], [0.962126, 0.0979371, -0.2544, 0.0)], [0.0, 0.0, 0.0, 1.0)]])
0.0, 0.0, 0.0
float3(-0.0980944, 1.82929, -1.58944)
255252.215678833
limited(__ObjC.ARCamera.TrackingState.Reason.initializing)
simd_float4x4([[0.0997399, -0.99498, -0.00783763, 0.0)], [-0.268166, -0.0192959, -0.963179, 0.0)], [0.958194, 0.0981696, -0.268743, 0.0)], [0.0, 0.0, 0.0, 1.0)]])
0.0, 0.0, 0.0
float3(-0.098328, 1.84424, -1.59019)
255252.315730208
limited(__ObjC.ARCamera.TrackingState.Reason.initializing)
simd_float4x4([[0.100262, -0.994898, -0.0110039, 0.0)], [-0.28667, -0.0182962, -0.957854, 0.0)], [0.952767, 0.099191, -0.287041, 0.0)], [0.0, 0.0, 0.0, 1.0)]])
0.0, 0.0, 0.0
float3(-0.0993544, 1.86342, -1.58918)
255252.415781666
limited(__ObjC.ARCamera.TrackingState.Reason.initializing)
simd_float4x4([[0.101805, -0.994708, -0.013657, 0.0)], [-0.312477, -0.0189425, -0.949736, 0.0)], [0.944452, 0.100956, -0.312751, 0.0)], [0.0, 0.0, 0.0, 1.0)]])
0.0, 0.0, 0.0
float3(-0.101128, 1.89058, -1.58984)
255252.515833208
limited(__ObjC.ARCamera.TrackingState.Reason.initializing)
simd_float4x4([[0.102972, -0.994495, -0.01927, 0.0)], [-0.340387, -0.0170291, -0.940131, 0.0)], [0.934628, 0.103367, -0.340266, 0.0)], [0.0, 0.0, 0.0, 1.0)]])
0.0, 0.0, 0.0
float3(-0.103552, 1.91995, -1.58792)
255252.61588475
limited(__ObjC.ARCamera.TrackingState.Reason.initializing)
simd_float4x4([[0.104017, -0.994276, -0.0242974, 0.0)], [-0.3721, -0.0162496, -0.92805, 0.0)], [0.922344, 0.105574, -0.371659, 0.0)], [0.0, 0.0, 0.0, 1.0)]])
0.0, 0.0, 0.0
float3(-0.105771, 1.95384, -1.58714)
255252.715936166
limited(__ObjC.ARCamera.TrackingState.Reason.initializing)
simd_float4x4([[0.10446, -0.994168, -0.0266731, 0.0)], [-0.40642, -0.0181958, -0.913505, 0.0)], [0.907693, 0.106265, -0.405949, 0.0)], [0.0, 0.0, 0.0, 1.0)]])
0.0, 0.0, 0.0
float3(-0.106466, 1.99135, -1.5891)
255252.81598775
limited(__ObjC.ARCamera.TrackingState.Reason.initializing)
simd_float4x4([[0.105097, -0.99391, -0.0330106, 0.0)], [-0.441683, -0.0169128, -0.897012, 0.0)], [0.890992, 0.108853, -0.440769, 0.0)], [0.0, 0.0, 0.0, 1.0)]])
0.0, 0.0, 0.0
float3(-0.10907, 2.03019, -1.58781)
255252.916039125
limited(__ObjC.ARCamera.TrackingState.Reason.initializing)
simd_float4x4([[0.104378, -0.993704, -0.0406244, 0.0)], [-0.474535, -0.0138647, -0.880127, 0.0)], [0.874023, 0.111143, -0.472993, 0.0)], [0.0, 0.0, 0.0, 1.0)]])
0.0, 0.0, 0.0
float3(-0.111374, 2.06683, -1.58475)
255253.016090458
limited(__ObjC.ARCamera.TrackingState.Reason.initializing)
simd_float4x4([[0.106129, -0.99329, -0.0458449, 0.0)], [-0.508983, -0.0146612, -0.860651, 0.0)], [0.854206, 0.114675, -0.507123, 0.0)], [0.0, 0.0, 0.0, 1.0)]])
0.0, 0.0, 0.0
float3(-0.114928, 2.10655, -1.58556)
255253.116142208
limited(__ObjC.ARCamera.TrackingState.Reason.initializing)
simd_float4x4([[0.10495, -0.993025, -0.0536386, 0.0)], [-0.543788, -0.0121464, -0.839135, 0.0)], [0.832631, 0.117235, -0.541268, 0.0)], [0.0, 0.0, 0.0, 1.0)]])
0.0, 0.0, 0.0
float3(-0.117506, 2.14722, -1.58303)
255253.216193583
limited(__ObjC.ARCamera.TrackingState.Reason.initializing)
simd_float4x4([[0.102542, -0.993069, -0.0573392, 0.0)], [-0.577235, -0.0124619, -0.816483, 0.0)], [0.81011, 0.116822, -0.574511, 0.0)], [0.0, 0.0, 0.0, 1.0)]])
0.0, 0.0, 0.0
float3(-0.117089, 2.18765, -1.58334)
255253.316245083
normal
simd_float4x4([[0.0946625, -0.99271, -0.0746035, 0.0)], [-0.610977, 0.00123201, -0.791647, 0.0)], [0.785968, 0.12052, -0.606406, 0.0)], [-0.00033542, 0.000447027, -0.0014485, 1.0)]])
-0.00033542, 0.000447027, -0.0014485
float3(-0.120814, 2.22794, -1.56956)
255253.416296583
normal
simd_float4x4([[0.0904304, -0.992825, -0.0782418, 0.0)], [-0.64387, 0.00165187, -0.765133, 0.0)], [0.759772, 0.119569, -0.6391, 0.0)], [-0.00205125, 0.00110488, -0.00340037, 1.0)]])
-0.00205125, 0.00110488, -0.00340037
float3(-0.119856, 2.27014, -1.56913)
255253.516348166
normal
simd_float4x4([[0.0858365, -0.992826, -0.0832438, 0.0)], [-0.67578, 0.00337623, -0.737096, 0.0)], [0.732088, 0.119524, -0.670642, 0.0)], [-0.0038627, 0.00130611, -0.00494996, 1.0)]])
-0.0038627, 0.00130611, -0.00494996
float3(-0.119811, 2.31242, -1.5674)
255253.616399666
normal
simd_float4x4([[0.081048, -0.992742, -0.0888485, 0.0)], [-0.706446, 0.00566709, -0.707744, 0.0)], [0.703111, 0.120128, -0.70086, 0.0)], [-0.00404662, 0.00163128, -0.0121697, 1.0)]])
-0.00404662, 0.00163128, -0.0121697
float3(-0.120419, 2.35459, -1.56509)
255253.716451041
normal
simd_float4x4([[0.0774956, -0.992601, -0.093471, 0.0)], [-0.735353, 0.00640179, -0.677654, 0.0)], [0.673239, 0.121249, -0.729416, 0.0)], [-0.00538235, 0.00187683, -0.0196196, 1.0)]])
-0.00538235, 0.00187683, -0.0196196
float3(-0.121548, 2.39622, -1.56435)
255253.816502666
normal
simd_float4x4([[0.0760364, -0.992196, -0.0988235, 0.0)], [-0.763509, 0.00580817, -0.645771, 0.0)], [0.641305, 0.124555, -0.757109, 0.0)], [-0.00900014, 0.00240466, -0.0291063, 1.0)]])
-0.00900014, 0.00240466, -0.0291063
float3(-0.124879, 2.43882, -1.56494)
255253.916554
normal
simd_float4x4([[0.0726095, -0.992032, -0.102956, 0.0)], [-0.78973, 0.00586054, -0.613426, 0.0)], [0.609142, 0.125848, -0.783013, 0.0)], [-0.0141842, 0.00195725, -0.0413808, 1.0)]])
-0.0141842, 0.00195725, -0.0413808
float3(-0.126182, 2.48044, -1.56489)
255254.01660575
normal
simd_float4x4([[0.0706494, -0.991484, -0.109403, 0.0)], [-0.814864, 0.00589283, -0.579622, 0.0)], [0.575331, 0.130098, -0.807508, 0.0)], [-0.0220511, 0.00254584, -0.0557451, 1.0)]])
-0.0220511, 0.00254584, -0.0557451
float3(-0.130468, 2.52254, -1.56485)
255254.116657083
normal
simd_float4x4([[0.066815, -0.990965, -0.116296, 0.0)], [-0.840338, 0.00695005, -0.542019, 0.0)], [0.53793, 0.133943, -0.83228, 0.0)], [-0.0301209, 0.00222212, -0.0714321, 1.0)]])
-0.0301209, 0.00222212, -0.0714321
float3(-0.134346, 2.5678, -1.56378)
255254.216708541
normal
simd_float4x4([[0.0611467, -0.990829, -0.120492, 0.0)], [-0.866214, 0.00730098, -0.499621, 0.0)], [0.495919, 0.134922, -0.857823, 0.0)], [-0.0372139, 0.00166043, -0.0909228, 1.0)]])
-0.0372139, 0.00166043, -0.0909228
float3(-0.135334, 2.61742, -1.56343)
255254.316760208
normal
simd_float4x4([[0.0577122, -0.990829, -0.122174, 0.0)], [-0.889991, 0.0043826, -0.455956, 0.0)], [0.45231, 0.135048, -0.881577, 0.0)], [-0.0468163, 0.00130869, -0.113037, 1.0)]])
-0.0468163, 0.00130869, -0.113037
float3(-0.135462, 2.66754, -1.56637)
255254.416811666
normal
simd_float4x4([[0.0538751, -0.99082, -0.123987, 0.0)], [-0.911822, 0.00179882, -0.410582, 0.0)], [0.407036, 0.135174, -0.903355, 0.0)], [-0.0568204, 0.00281262, -0.138003, 1.0)]])
-0.0568204, 0.00281262, -0.138003
float3(-0.135589, 2.71825, -1.56898)
255254.516863333
normal
simd_float4x4([[0.0499434, -0.990547, -0.127758, 0.0)], [-0.92924, 0.000801732, -0.369476, 0.0)], [0.366086, 0.137171, -0.920416, 0.0)], [-0.0686221, 0.00426564, -0.166161, 1.0)]])
-0.0686221, 0.00426564, -0.166161
float3(-0.137604, 2.76304, -1.56999)
255254.61691475
normal
simd_float4x4([[0.0467608, -0.990338, -0.130554, 0.0)], [-0.942502, -0.000445037, -0.334201, 0.0)], [0.330914, 0.138675, -0.933416, 0.0)], [-0.0833617, 0.00521252, -0.198094, 1.0)]])
-0.0833617, 0.00521252, -0.198094
float3(-0.139123, 2.8009, -1.57125)
255254.716966375
normal
simd_float4x4([[0.0441328, -0.990349, -0.131381, 0.0)], [-0.950475, -0.00112497, -0.310798, 0.0)], [0.307651, 0.138591, -0.941352, 0.0)], [-0.101071, 0.00702939, -0.23495, 1.0)]])
-0.101071, 0.00702939, -0.23495
float3(-0.139039, 2.82572, -1.57193)
255254.817017791
normal
simd_float4x4([[0.0424197, -0.990272, -0.132522, 0.0)], [-0.953181, -0.000362302, -0.302401, 0.0)], [0.299411, 0.139145, -0.943924, 0.0)], [-0.124491, 0.00894636, -0.275868, 1.0)]])
-0.124491, 0.00894636, -0.275868
float3(-0.139598, 2.83443, -1.57116)
255254.917069375
normal
simd_float4x4([[0.0440362, -0.990178, -0.132698, 0.0)], [-0.951528, -0.00109973, -0.30756, 0.0)], [0.304393, 0.13981, -0.94223, 0.0)], [-0.153559, 0.0102743, -0.321784, 1.0)]])
-0.153559, 0.0102743, -0.321784
float3(-0.14027, 2.82912, -1.57191)
255255.017120958
normal
simd_float4x4([[0.0475112, -0.989775, -0.134495, 0.0)], [-0.94602, -0.00137, -0.324104, 0.0)], [0.320606, 0.142634, -0.936412, 0.0)], [-0.186767, 0.012486, -0.372256, 1.0)]])
-0.186767, 0.012486, -0.372256
float3(-0.143122, 2.81172, -1.57218)
255255.1171725
normal
simd_float4x4([[0.0534758, -0.989349, -0.135385, 0.0)], [-0.936663, -0.00270292, -0.350221, 0.0)], [0.346125, 0.145539, -0.926831, 0.0)], [-0.224871, 0.0134088, -0.426813, 1.0)]])
-0.224871, 0.0134088, -0.426813
float3(-0.146057, 2.78418, -1.57353)
255255.217224208
normal
simd_float4x4([[0.0608077, -0.988971, -0.135051, 0.0)], [-0.924559, -0.00481777, -0.381008, 0.0)], [0.376156, 0.148031, -0.914655, 0.0)], [-0.267, 0.0144649, -0.485038, 1.0)]])
-0.267, 0.0144649, -0.485038
float3(-0.148577, 2.75142, -1.57567)
255255.317275625
normal
simd_float4x4([[0.0697725, -0.988215, -0.136247, 0.0)], [-0.90959, -0.00694256, -0.41545, 0.0)], [0.409608, 0.152915, -0.899355, 0.0)], [-0.314421, 0.0145665, -0.545166, 1.0)]])
-0.314421, 0.0145665, -0.545166
float3(-0.153518, 2.71422, -1.57782)
255255.417327041
normal
simd_float4x4([[0.0797713, -0.98701, -0.139452, 0.0)], [-0.893387, -0.00873793, -0.449203, 0.0)], [0.442149, 0.160418, -0.882479, 0.0)], [-0.368726, 0.0127929, -0.606248, 1.0)]])
-0.368726, 0.0127929, -0.606248
float3(-0.161114, 2.67712, -1.57965)
255255.517378708
normal
simd_float4x4([[0.0869621, -0.986291, -0.14024, 0.0)], [-0.876095, -0.00870254, -0.48206, 0.0)], [0.474231, 0.164784, -0.864842, 0.0)], [-0.430945, 0.0104275, -0.66652, 1.0)]])
-0.430945, 0.0104275, -0.66652
float3(-0.165539, 2.64002, -1.57962)
255255.617430375
normal
simd_float4x4([[0.0979838, -0.984679, -0.144242, 0.0)], [-0.855603, -0.00932556, -0.517549, 0.0)], [0.508275, 0.174126, -0.843408, 0.0)], [-0.502579, 0.00623595, -0.723127, 1.0)]])
-0.502579, 0.00623595, -0.723127
float3(-0.175018, 2.59923, -1.58027)
255255.717482041
normal
simd_float4x4([[0.107483, -0.982956, -0.149146, 0.0)], [-0.833001, -0.00714395, -0.553226, 0.0)], [0.542731, 0.183702, -0.819571, 0.0)], [-0.579702, -0.00122107, -0.777053, 1.0)]])
-0.579702, -0.00122107, -0.777053
float3(-0.184751, 2.55668, -1.57806)
255255.817533416
normal
simd_float4x4([[0.119176, -0.981022, -0.152948, 0.0)], [-0.808909, -0.00661049, -0.587896, 0.0)], [0.575728, 0.193784, -0.794346, 0.0)], [-0.666602, -0.00842671, -0.820554, 1.0)]])
-0.666602, -0.00842671, -0.820554
float3(-0.195017, 2.51443, -1.57753)
255255.917585166
normal
simd_float4x4([[0.130653, -0.979149, -0.155556, 0.0)], [-0.785731, -0.00657817, -0.618534, 0.0)], [0.604613, 0.203038, -0.770207, 0.0)], [-0.758755, -0.0185628, -0.854486, 1.0)]])
-0.758755, -0.0185628, -0.854486
float3(-0.20446, 2.47606, -1.57751)
255256.017636666
normal
simd_float4x4([[0.141292, -0.977771, -0.154922, 0.0)], [-0.761275, -0.00727421, -0.648389, 0.0)], [0.632849, 0.20955, -0.74538, 0.0)], [-0.845704, -0.0293733, -0.884343, 1.0)]])
-0.845704, -0.0293733, -0.884343
float3(-0.211115, 2.43766, -1.57824)
255256.117688083
normal
simd_float4x4([[0.148855, -0.977225, -0.151237, 0.0)], [-0.738669, -0.00820511, -0.674018, 0.0)], [0.657427, 0.212045, -0.723068, 0.0)], [-0.931219, -0.0395757, -0.907148, 1.0)]])
-0.931219, -0.0395757, -0.907148
float3(-0.213667, 2.40371, -1.57919)
255256.217739833
normal
simd_float4x4([[0.155834, -0.976567, -0.148437, 0.0)], [-0.717391, -0.00859125, -0.696618, 0.0)], [0.679019, 0.215044, -0.701918, 0.0)], [-1.00912, -0.0489816, -0.927991, 1.0)]])
-1.00912, -0.0489816, -0.927991
float3(-0.216737, 2.37278, -1.57959)
255256.317791291
normal
simd_float4x4([[0.158612, -0.977392, -0.139811, 0.0)], [-0.698138, -0.0108909, -0.715881, 0.0)], [0.698173, 0.211155, -0.684082, 0.0)], [-1.0876, -0.0557544, -0.943326, 1.0)]])
-1.0876, -0.0557544, -0.943326
float3(-0.212756, 2.346, -1.58194)
255256.417843083
normal
simd_float4x4([[0.159717, -0.978915, -0.127341, 0.0)], [-0.678553, -0.0151781, -0.734394, 0.0)], [0.716977, 0.203703, -0.66667, 0.0)], [-1.1655, -0.0586307, -0.969255, 1.0)]])
-1.1655, -0.0586307, -0.969255
float3(-0.205139, 2.31985, -1.5863)
255256.517894541
normal
simd_float4x4([[0.159625, -0.979848, -0.120078, 0.0)], [-0.654942, -0.0141047, -0.755547, 0.0)], [0.738628, 0.199248, -0.643995, 0.0)], [-1.24511, -0.061045, -0.997939, 1.0)]])
-1.24511, -0.061045, -0.997939
float3(-0.200591, 2.28786, -1.58519)
255256.61794625
normal
simd_float4x4([[0.158053, -0.98093, -0.113117, 0.0)], [-0.631055, -0.0122352, -0.775642, 0.0)], [0.759467, 0.193975, -0.620954, 0.0)], [-1.32553, -0.0623064, -1.02884, 1.0)]])
-1.32553, -0.0623064, -1.02884
float3(-0.195213, 2.25619, -1.58327)
255256.71799775
normal
simd_float4x4([[0.158542, -0.981653, -0.105934, 0.0)], [-0.605602, -0.0119426, -0.795678, 0.0)], [0.779815, 0.190302, -0.596384, 0.0)], [-1.40686, -0.0640913, -1.07039, 1.0)]])
-1.40686, -0.0640913, -1.07039
float3(-0.19147, 2.22369, -1.58296)
255256.818049166
normal
simd_float4x4([[0.161818, -0.98192, -0.098228, 0.0)], [-0.580667, -0.0142613, -0.814016, 0.0)], [0.797898, 0.188761, -0.572476, 0.0)], [-1.4882, -0.0670109, -1.12572, 1.0)]])
-1.4882, -0.0670109, -1.12572
float3(-0.1899, 2.19316, -1.58532)
255256.918101
normal
simd_float4x4([[0.163331, -0.982091, -0.0939157, 0.0)], [-0.552989, -0.0122997, -0.833098, 0.0)], [0.817023, 0.188005, -0.545095, 0.0)], [-1.56732, -0.0700501, -1.19618, 1.0)]])
-1.56732, -0.0700501, -1.19618
float3(-0.189131, 2.15915, -1.58332)
255257.018152458
normal
simd_float4x4([[0.165252, -0.9819, -0.0925458, 0.0)], [-0.523303, -0.00775811, -0.852112, 0.0)], [0.83597, 0.189243, -0.515113, 0.0)], [-1.64636, -0.0735181, -1.27766, 1.0)]])
-1.64636, -0.0735181, -1.27766
float3(-0.190391, 2.12303, -1.5787)
255257.11820425
normal
simd_float4x4([[0.165363, -0.98252, -0.0854983, 0.0)], [-0.494109, -0.0075091, -0.869368, 0.0)], [0.853529, 0.186007, -0.486713, 0.0)], [-1.72101, -0.0757843, -1.36737, 1.0)]])
-1.72101, -0.0757843, -1.36737
float3(-0.187096, 2.08904, -1.57844)
255257.218255791
normal
simd_float4x4([[0.167032, -0.982722, -0.0797345, 0.0)], [-0.465092, -0.00722676, -0.885233, 0.0)], [0.869361, 0.184946, -0.458264, 0.0)], [-1.79141, -0.0779393, -1.46806, 1.0)]])
-1.79141, -0.0779393, -1.46806
float3(-0.186017, 2.05591, -1.57815)
255257.318307375
normal
simd_float4x4([[0.166204, -0.983345, -0.0735401, 0.0)], [-0.438283, -0.0068601, -0.898811, 0.0)], [0.883337, 0.181618, -0.432123, 0.0)], [-1.86159, -0.0773916, -1.56989, 1.0)]])
-1.86159, -0.0773916, -1.56989
float3(-0.182631, 2.02576, -1.57777)
255257.418359083
normal
simd_float4x4([[0.165414, -0.983798, -0.069129, 0.0)], [-0.411949, -0.00523697, -0.911192, 0.0)], [0.896067, 0.179201, -0.406141, 0.0)], [-1.92217, -0.0740476, -1.69177, 1.0)]])
-1.92217, -0.0740476, -1.69177
float3(-0.180175, 1.99635, -1.57612)
255257.518410583
normal
simd_float4x4([[0.166075, -0.983814, -0.0672969, 0.0)], [-0.384841, -0.0018285, -0.922981, 0.0)], [0.907919, 0.179183, -0.378916, 0.0)], [-1.97458, -0.0729605, -1.82098, 1.0)]])
-1.97458, -0.0729605, -1.82098
float3(-0.180156, 1.96617, -1.57265)
255257.61846225
normal
simd_float4x4([[0.165757, -0.984258, -0.061318, 0.0)], [-0.357252, -0.00197675, -0.934006, 0.0)], [0.919182, 0.176724, -0.351956, 0.0)], [-2.01268, -0.0721056, -1.96276, 1.0)]])
-2.01268, -0.0721056, -1.96276
float3(-0.177657, 1.93648, -1.5728)
255257.718513958
normal
simd_float4x4([[0.16519, -0.984637, -0.0565902, 0.0)], [-0.329027, -0.000927113, -0.94432, 0.0)], [0.92976, 0.174612, -0.324125, 0.0)], [-2.04322, -0.0696118, -2.10593, 1.0)]])
-2.04322, -0.0696118, -2.10593
float3(-0.175512, 1.90623, -1.57174)
255257.818565708
normal
simd_float4x4([[0.16016, -0.985819, -0.0501024, 0.0)], [-0.303343, -0.000853911, -0.952881, 0.0)], [0.939325, 0.167812, -0.299178, 0.0)], [-2.03832, -0.0630622, -2.2544, 1.0)]])
-2.03832, -0.0630622, -2.2544
float3(-0.16861, 1.87914, -1.57166)
255257.91861725
normal
simd_float4x4([[0.158156, -0.986409, -0.0445406, 0.0)], [-0.279115, -0.00139205, -0.960257, 0.0)], [0.947144, 0.164302, -0.275542, 0.0)], [-2.01163, -0.050534, -2.38818, 1.0)]])
-2.01163, -0.050534, -2.38818
float3(-0.16505, 1.8539, -1.57221)
255258.018668791
normal
simd_float4x4([[0.156884, -0.986802, -0.0401226, 0.0)], [-0.261513, -0.00233189, -0.965197, 0.0)], [0.952365, 0.161917, -0.258428, 0.0)], [-1.94906, -0.0374589, -2.50293, 1.0)]])
-1.94906, -0.0374589, -2.50293
float3(-0.162633, 1.83577, -1.57316)
255258.118720458
normal
simd_float4x4([[0.155682, -0.987089, -0.0376509, 0.0)], [-0.249636, -0.00243654, -0.968337, 0.0)], [0.955743, 0.160151, -0.246793, 0.0)], [-1.83949, -0.0204399, -2.5813, 1.0)]])
-1.83949, -0.0204399, -2.5813
float3(-0.160844, 1.8235, -1.57326)
255258.218772083
normal
simd_float4x4([[0.153912, -0.987363, -0.0377477, 0.0)], [-0.244084, -0.000973658, -0.969754, 0.0)], [0.957462, 0.15847, -0.241149, 0.0)], [-1.68718, -0.00194059, -2.60603, 1.0)]])
-1.68718, -0.00194059, -2.60603
float3(-0.159141, 1.81753, -1.57178)
255258.318823708
normal
simd_float4x4([[0.150787, -0.987802, -0.038853, 0.0)], [-0.242817, 0.00108991, -0.970071, 0.0)], [0.958281, 0.155708, -0.239691, 0.0)], [-1.53797, 0.0175681, -2.57826, 1.0)]])
-1.53797, 0.0175681, -2.57826
float3(-0.156344, 1.81589, -1.56969)
255258.418875375
normal
simd_float4x4([[0.138619, -0.985856, -0.0941944, 0.0)], [-0.259274, 0.055669, -0.964198, 0.0)], [0.955804, 0.158079, -0.247891, 0.0)], [-1.58731, 0.0189844, -2.53826, 1.0)]])
-1.58731, 0.0189844, -2.53826
float3(-0.158744, 1.82456, -1.51439)
255258.518927041
normal
simd_float4x4([[0.135922, -0.985095, -0.105417, 0.0)], [-0.26726, 0.0660012, -0.961362, 0.0)], [0.95399, 0.158844, -0.254305, 0.0)], [-1.58935, 0.0160059, -2.55179, 1.0)]])
-1.58935, 0.0160059, -2.55179
float3(-0.15952, 1.83131, -1.5039)
255258.618978708
normal
simd_float4x4([[0.129942, -0.985822, -0.106159, 0.0)], [-0.273358, 0.0672994, -0.959555, 0.0)], [0.953095, 0.153706, -0.260737, 0.0)], [-1.58509, 0.0180132, -2.55239, 1.0)]])
-1.58509, 0.0180132, -2.55239
float3(-0.154318, 1.83783, -1.50263)
255258.719030208
normal
simd_float4x4([[0.124676, -0.98662, -0.105058, 0.0)], [-0.277076, 0.067051, -0.958506, 0.0)], [0.952725, 0.148611, -0.265009, 0.0)], [-1.57147, 0.0202671, -2.54172, 1.0)]])
-1.57147, 0.0202671, -2.54172
float3(-0.149164, 1.8421, -1.50294)
255258.819082041
normal
simd_float4x4([[0.120037, -0.987116, -0.105798, 0.0)], [-0.278057, 0.0688742, -0.958092, 0.0)], [0.953035, 0.144425, -0.266207, 0.0)], [-1.55809, 0.0214146, -2.52715, 1.0)]])
-1.55809, 0.0214146, -2.52715
float3(-0.144931, 1.84318, -1.50114)
255258.919133583
normal
simd_float4x4([[0.117439, -0.987074, -0.109058, 0.0)], [-0.283967, 0.0718541, -0.956138, 0.0)], [0.951615, 0.143257, -0.271858, 0.0)], [-1.54104, 0.0210022, -2.50452, 1.0)]])
-1.54104, 0.0210022, -2.50452
float3(-0.143751, 1.84906, -1.49813)
255259.019185375
normal
simd_float4x4([[0.115463, -0.986911, -0.112579, 0.0)], [-0.301623, 0.0731506, -0.950617, 0.0)], [0.94641, 0.143717, -0.289229, 0.0)], [-1.52127, 0.0206553, -2.47152, 1.0)]])
-1.52127, 0.0206553, -2.47152
float3(-0.144217, 1.86739, -1.49681)
255259.119236916
normal
simd_float4x4([[0.116921, -0.986316, -0.116233, 0.0)], [-0.330845, 0.0716686, -0.94096, 0.0)], [0.936414, 0.148474, -0.317938, 0.0)], [-1.49563, 0.0175802, -2.42276, 1.0)]])
-1.49563, 0.0175802, -2.42276
float3(-0.149025, 1.89811, -1.49826)
255259.219288541
normal
simd_float4x4([[0.116887, -0.98603, -0.118667, 0.0)], [-0.366516, 0.0682242, -0.927907, 0.0)], [0.923041, 0.151954, -0.353421, 0.0)], [-1.46531, 0.0151021, -2.37176, 1.0)]])
-1.46531, 0.0151021, -2.37176
float3(-0.152545, 1.93646, -1.50172)
255259.319340291
normal
simd_float4x4([[0.11892, -0.985284, -0.122773, 0.0)], [-0.406402, 0.0645173, -0.911414, 0.0)], [0.905922, 0.15828, -0.392749, 0.0)], [-1.43038, 0.0119731, -2.32048, 1.0)]])
-1.43038, 0.0119731, -2.32048
float3(-0.158949, 1.97987, -1.50541)
255259.419392041
normal
simd_float4x4([[0.123156, -0.984034, -0.128488, 0.0)], [-0.446208, 0.060739, -0.892866, 0.0)], [0.886415, 0.167294, -0.431604, 0.0)], [-1.39705, 0.00842078, -2.2668, 1.0)]])
-1.39705, 0.00842078, -2.2668
float3(-0.168084, 2.02392, -1.50915)
255259.519443708
normal
simd_float4x4([[0.12294, -0.983768, -0.130712, 0.0)], [-0.48393, 0.055564, -0.873341, 0.0)], [0.866428, 0.170624, -0.469245, 0.0)], [-1.35766, 0.00473925, -2.2106, 1.0)]])
-1.35766, 0.00473925, -2.2106
float3(-0.171463, 2.06716, -1.51438)
255259.619495333
normal
simd_float4x4([[0.123355, -0.98247, -0.139775, 0.0)], [-0.521238, 0.0557108, -0.851591, 0.0)], [0.84445, 0.177904, -0.505228, 0.0)], [-1.31939, -0.000672207, -2.14937, 1.0)]])
-1.31939, -0.000672207, -2.14937
float3(-0.178856, 2.10996, -1.51415)
255259.719546958
normal
simd_float4x4([[0.12782, -0.980602, -0.148599, 0.0)], [-0.559743, 0.0523625, -0.82701, 0.0)], [0.818749, 0.188886, -0.542192, 0.0)], [-1.28447, -0.00844394, -2.08315, 1.0)]])
-1.28447, -0.00844394, -2.08315
float3(-0.190027, 2.15571, -1.51745)
255259.819598708
normal
simd_float4x4([[0.125976, -0.98034, -0.151868, 0.0)], [-0.596391, 0.0474932, -0.801288, 0.0)], [0.792747, 0.191516, -0.578682, 0.0)], [-1.24958, -0.0177741, -2.01264, 1.0)]])
-1.24958, -0.0177741, -2.01264
float3(-0.192706, 2.20135, -1.52239)
255259.919650375
normal
simd_float4x4([[0.126795, -0.977737, -0.167191, 0.0)], [-0.629958, 0.0508234, -0.774964, 0.0)], [0.766209, 0.203585, -0.60949, 0.0)], [-1.21801, -0.0267836, -1.93471, 1.0)]])
-1.21801, -0.0267836, -1.93471
float3(-0.205018, 2.24276, -1.51886)
255260.019702208
normal
simd_float4x4([[0.135118, -0.97526, -0.174959, 0.0)], [-0.654386, 0.0447533, -0.754835, 0.0)], [0.743991, 0.216483, -0.632149, 0.0)], [-1.19277, -0.0350461, -1.85323, 1.0)]])
-1.19277, -0.0350461, -1.85323
float3(-0.218211, 2.2751, -1.52494)
255260.11975375
normal
simd_float4x4([[0.14835, -0.970922, -0.18789, 0.0)], [-0.671119, 0.0407052, -0.740231, 0.0)], [0.726354, 0.235911, -0.645566, 0.0)], [-1.17688, -0.0449701, -1.76439, 1.0)]])
-1.17688, -0.0449701, -1.76439
float3(-0.238155, 2.29737, -1.5289)
255260.219805625
normal
simd_float4x4([[0.167147, -0.963203, -0.210479, 0.0)], [-0.684911, 0.0401239, -0.727521, 0.0)], [0.709196, 0.265762, -0.653002, 0.0)], [-1.16877, -0.0574141, -1.66728, 1.0)]])
-1.16877, -0.0574141, -1.66728
float3(-0.268995, 2.31497, -1.52916)
255260.319857333
normal
simd_float4x4([[0.179341, -0.958766, -0.220466, 0.0)], [-0.697423, 0.0341514, -0.715846, 0.0)], [0.693858, 0.282138, -0.66254, 0.0)], [-1.16336, -0.0689599, -1.56867, 1.0)]])
-1.16336, -0.0689599, -1.56867
float3(-0.286022, 2.33311, -1.53519)
255260.419908916
normal
simd_float4x4([[0.176903, -0.957681, -0.22705, 0.0)], [-0.717925, 0.0322464, -0.695373, 0.0)], [0.673268, 0.286018, -0.681839, 0.0)], [-1.16043, -0.0750388, -1.46675, 1.0)]])
-1.16043, -0.0750388, -1.46675
float3(-0.290069, 2.36252, -1.53714)
255260.51996075
normal
simd_float4x4([[0.175603, -0.953789, -0.243825, 0.0)], [-0.73197, 0.0391244, -0.680213, 0.0)], [0.658319, 0.29792, -0.691274, 0.0)], [-1.16175, -0.075909, -1.35856, 1.0)]])
-1.16175, -0.075909, -1.35856
float3(-0.302513, 2.38061, -1.5298)
255260.620012375
normal
simd_float4x4([[0.172567, -0.951878, -0.253277, 0.0)], [-0.745509, 0.041838, -0.665181, 0.0)], [0.643768, 0.303608, -0.702413, 0.0)], [-1.1556, -0.0733734, -1.25099, 1.0)]])
-1.1556, -0.0733734, -1.25099
float3(-0.308478, 2.39973, -1.52687)
255260.720064041
normal
simd_float4x4([[0.150901, -0.953319, -0.261556, 0.0)], [-0.774386, 0.0504625, -0.630697, 0.0)], [0.614455, 0.297719, -0.730622, 0.0)], [-1.13569, -0.0679443, -1.14186, 1.0)]])
-1.13569, -0.0679443, -1.14186
float3(-0.302302, 2.44235, -1.51791)
255260.820115833
normal
simd_float4x4([[0.126183, -0.95511, -0.268034, 0.0)], [-0.809821, 0.0568761, -0.583914, 0.0)], [0.572947, 0.29074, -0.766291, 0.0)], [-1.10745, -0.065061, -1.02898, 1.0)]])
-1.10745, -0.065061, -1.02898
float3(-0.295, 2.49957, -1.51132)
255260.920167541
normal
simd_float4x4([[0.105382, -0.957418, -0.268785, 0.0)], [-0.814699, 0.0718678, -0.575413, 0.0)], [0.570228, 0.279617, -0.772434, 0.0)], [-1.07492, -0.0646874, -0.906695, 1.0)]])
-1.07492, -0.0646874, -0.906695
float3(-0.283395, 2.50567, -1.49587)
255261.020219291
normal
simd_float4x4([[0.123204, -0.955932, -0.266486, 0.0)], [-0.810489, 0.0580287, -0.582872, 0.0)], [0.57265, 0.287797, -0.767623, 0.0)], [-1.04377, -0.0679463, -0.77513, 1.0)]])
-1.04377, -0.0679463, -0.77513
float3(-0.291925, 2.50065, -1.51017)
255261.120270875
normal
simd_float4x4([[0.11794, -0.959312, -0.256534, 0.0)], [-0.80477, 0.0590077, -0.590647, 0.0)], [0.581752, 0.276112, -0.765066, 0.0)], [-1.00739, -0.0732468, -0.633476, 1.0)]])
-1.00739, -0.0732468, -0.633476
float3(-0.279746, 2.49147, -1.50936)
255261.220322708
normal
simd_float4x4([[0.113881, -0.95899, -0.259554, 0.0)], [-0.796084, 0.0682162, -0.601329, 0.0)], [0.594375, 0.275107, -0.755668, 0.0)], [-0.971072, -0.0794305, -0.474665, 1.0)]])
-0.971072, -0.0794305, -0.474665
float3(-0.278701, 2.4751, -1.49978)
255261.320374416
normal
simd_float4x4([[0.103464, -0.962295, -0.251563, 0.0)], [-0.782102, 0.0775468, -0.618306, 0.0)], [0.6145, 0.26072, -0.74459, 0.0)], [-0.934157, -0.0813319, -0.306461, 1.0)]])
-0.934157, -0.0813319, -0.306461
float3(-0.263768, 2.45162, -1.49038)
255261.420426208
normal
simd_float4x4([[0.103033, -0.967751, -0.229873, 0.0)], [-0.755514, 0.0741777, -0.65092, 0.0)], [0.64698, 0.240738, -0.723507, 0.0)], [-0.899501, -0.077753, -0.136065, 1.0)]])
-0.899501, -0.077753, -0.136065
float3(-0.243126, 2.41198, -1.4943)
255261.520477958
normal
simd_float4x4([[0.116548, -0.974461, -0.191943, 0.0)], [-0.740037, 0.0436878, -0.671145, 0.0)], [0.662391, 0.220266, -0.716046, 0.0)], [-0.869977, -0.0700392, 0.0316865, 1.0)]])
-0.869977, -0.0700392, 0.0316865
float3(-0.222087, 2.3951, -1.52599)
255261.620529583
normal
simd_float4x4([[0.0848702, -0.985103, -0.149562, 0.0)], [-0.751051, 0.0353912, -0.659295, 0.0)], [0.654767, 0.168284, -0.736859, 0.0)], [-0.832792, -0.0619052, 0.198192, 1.0)]])
-0.832792, -0.0619052, 0.198192
float3(-0.169088, 2.41512, -1.53489)
255261.720581291
normal
simd_float4x4([[0.0895607, -0.983995, -0.154057, 0.0)], [-0.740068, 0.0377683, -0.671471, 0.0)], [0.666542, 0.17415, -0.72484, 0.0)], [-0.811046, -0.0618335, 0.37069, 1.0)]])
-0.811046, -0.0618335, 0.37069
float3(-0.175042, 2.39807, -1.53243)
255261.820633125
normal
simd_float4x4([[0.104674, -0.984224, -0.14264, 0.0)], [-0.739064, 0.0189882, -0.673368, 0.0)], [0.665453, 0.175904, -0.725417, 0.0)], [-0.800232, -0.066268, 0.54011, 1.0)]])
-0.800232, -0.066268, 0.54011
float3(-0.176824, 2.39928, -1.55151)
255261.920684916
normal
simd_float4x4([[0.106098, -0.980738, -0.164001, 0.0)], [-0.742426, 0.031585, -0.669183, 0.0)], [0.661473, 0.192757, -0.724775, 0.0)], [-0.791474, -0.0757845, 0.718119, 1.0)]])
-0.791474, -0.0757845, 0.718119
float3(-0.193971, 2.40183, -1.5386)
255262.020736583
normal
simd_float4x4([[0.11271, -0.977687, -0.177268, 0.0)], [-0.747977, 0.0339559, -0.662855, 0.0)], [0.654085, 0.207303, -0.72746, 0.0)], [-0.791563, -0.0927431, 0.894992, 1.0)]])
-0.791563, -0.0927431, 0.894992
float3(-0.208817, 2.40926, -1.53608)
255262.1207885
normal
simd_float4x4([[0.10917, -0.979694, -0.168173, 0.0)], [-0.755981, 0.0280225, -0.653993, 0.0)], [0.645426, 0.198532, -0.737571, 0.0)], [-0.793055, -0.102635, 1.07267, 1.0)]])
-0.793055, -0.102635, 1.07267
float3(-0.19986, 2.42272, -1.5422)
255262.220840125
normal
simd_float4x4([[0.111448, -0.977705, -0.177965, 0.0)], [-0.755852, 0.032869, -0.653917, 0.0)], [0.645188, 0.207393, -0.735337, 0.0)], [-0.798862, -0.0956855, 1.25595, 1.0)]])
-0.798862, -0.0956855, 1.25595
float3(-0.208909, 2.4214, -1.53719)
255262.32089175
normal
simd_float4x4([[0.124331, -0.973544, -0.191714, 0.0)], [-0.760902, 0.0304619, -0.648151, 0.0)], [0.636844, 0.226461, -0.736984, 0.0)], [-0.80416, -0.0828452, 1.441, 1.0)]])
-0.80416, -0.0828452, 1.441
float3(-0.228443, 2.42896, -1.53952)
255262.42094375
normal
simd_float4x4([[0.10974, -0.977118, -0.182202, 0.0)], [-0.765671, 0.0337848, -0.642345, 0.0)], [0.633803, 0.209998, -0.744443, 0.0)], [-0.967153, -0.0718895, 1.57905, 1.0)]])
-0.967153, -0.0718895, 1.57905
float3(-0.211573, 2.4363, -1.53623)
255262.520995458
normal
simd_float4x4([[0.108186, -0.973939, -0.199343, 0.0)], [-0.767387, 0.0456609, -0.639556, 0.0)], [0.631992, 0.222164, -0.742449, 0.0)], [-1.00674, -0.0658265, 1.7585, 1.0)]])
-1.00674, -0.0658265, 1.7585
float3(-0.224034, 2.43639, -1.52395)
255262.621047333
normal
simd_float4x4([[0.0956961, -0.974928, -0.200891, 0.0)], [-0.763855, 0.0574808, -0.642823, 0.0)], [0.638254, 0.214968, -0.739203, 0.0)], [-1.24664, -0.0540192, 1.85186, 1.0)]])
-1.24664, -0.0540192, 1.85186
float3(-0.216659, 2.42935, -1.51191)
255262.721098916
limited(__ObjC.ARCamera.TrackingState.Reason.excessiveMotion)
simd_float4x4([[0.0962369, -0.975558, -0.197547, 0.0)], [-0.754959, 0.0577997, -0.65322, 0.0)], [0.648673, 0.212004, -0.730943, 0.0)], [-1.4853, -0.0569733, 1.92221, 1.0)]])
-1.4853, -0.0569733, 1.92221
float3(-0.213625, 2.41576, -1.51162)
255262.821150791
limited(__ObjC.ARCamera.TrackingState.Reason.excessiveMotion)
simd_float4x4([[0.0875772, -0.979475, -0.181545, 0.0)], [-0.749706, 0.0551983, -0.659465, 0.0)], [0.65595, 0.19386, -0.729485, 0.0)], [-1.74669, -0.0526402, 1.96869, 1.0)]])
-1.74669, -0.0526402, 1.96869
float3(-0.195095, 2.40922, -1.5145)
255262.921202583
limited(__ObjC.ARCamera.TrackingState.Reason.excessiveMotion)
simd_float4x4([[0.0737104, -0.986971, -0.143019, 0.0)], [-0.74343, 0.04121, -0.667543, 0.0)], [0.66474, 0.15553, -0.730706, 0.0)], [-2.22102, -0.0429192, 1.84399, 1.0)]])
-2.22102, -0.0429192, 1.84399
float3(-0.156164, 2.40343, -1.52907)
255263.021254375
limited(__ObjC.ARCamera.TrackingState.Reason.excessiveMotion)
simd_float4x4([[0.0961021, -0.989253, -0.110196, 0.0)], [-0.741136, 0.00278538, -0.671349, 0.0)], [0.664441, 0.146189, -0.732903, 0.0)], [-2.63747, -0.0301529, 1.73382, 1.0)]])
-2.63747, -0.0301529, 1.73382
float3(-0.146714, 2.40515, -1.56798)
255263.121306291
limited(__ObjC.ARCamera.TrackingState.Reason.excessiveMotion)
simd_float4x4([[0.0864553, -0.992229, -0.0894777, 0.0)], [-0.748469, -0.00541427, -0.663148, 0.0)], [0.65751, 0.124304, -0.743121, 0.0)], [-2.86025, -0.122312, 1.70751, 1.0)]])
-2.86025, -0.122312, 1.70751
float3(-0.124626, 2.41724, -1.57625)
255263.221358
limited(__ObjC.ARCamera.TrackingState.Reason.excessiveMotion)
simd_float4x4([[0.114615, -0.984705, -0.131223, 0.0)], [-0.737461, 0.00416492, -0.675377, 0.0)], [0.665593, 0.17418, -0.725704, 0.0)], [-3.41043, -0.107425, 1.30193, 1.0)]])
-3.41043, -0.107425, 1.30193
float3(-0.175073, 2.39937, -1.56657)
255263.321409791
limited(__ObjC.ARCamera.TrackingState.Reason.excessiveMotion)
simd_float4x4([[0.12355, -0.98193, -0.143352, 0.0)], [-0.730145, 0.00787766, -0.683246, 0.0)], [0.672029, 0.189083, -0.715978, 0.0)], [-3.52619, -0.136516, 1.31914, 1.0)]])
-3.52619, -0.136516, 1.31914
float3(-0.190228, 2.38785, -1.56277)
255263.421461625
limited(__ObjC.ARCamera.TrackingState.Reason.insufficientFeatures)
simd_float4x4([[0.129579, -0.981627, -0.140059, 0.0)], [-0.737099, -0.00087938, -0.675784, 0.0)], [0.663245, 0.190805, -0.723671, 0.0)], [-3.5972, -0.184478, 1.29746, 1.0)]])
-3.5972, -0.184478, 1.29746
float3(-0.191982, 2.39974, -1.57169)
255263.52151325
normal
simd_float4x4([[0.127799, -0.983107, -0.131028, 0.0)], [-0.749077, -0.00908888, -0.662421, 0.0)], [0.65004, 0.182807, -0.737584, 0.0)], [-3.59585, -0.20874, 1.23667, 1.0)]])
-3.59585, -0.20874, 1.23667
float3(-0.183841, 2.4192, -1.58004)
255263.621565125
normal
