ARKit Data
93512.418854958
normal
simd_float4x4([[0.913091, -0.0119258, -0.40758, 0.0)], [-0.00322498, 0.99933, -0.0364652, 0.0)], [0.407742, 0.0346105, 0.912441, 0.0)], [0.427312, -0.0421701, -0.196829, 1.0)]])
0.427312, -0.0421701, -0.196829
float3(-0.0346175, 0.420247, -0.0119332)
93512.753307166
notAvailable
simd_float4x4([[1.0, 0.0, 0.0, 0.0)], [0.0, 1.0, 0.0, 0.0)], [0.0, 0.0, 1.0, 0.0)], [0.0, 0.0, 0.0, 1.0)]])
0.0, 0.0, 0.0
float3(-0.0, 0.0, 0.0)
93512.869961208
notAvailable
simd_float4x4([[1.0, 0.0, 0.0, 0.0)], [0.0, 1.0, 0.0, 0.0)], [0.0, 0.0, 1.0, 0.0)], [0.0, 0.0, 0.0, 1.0)]])
0.0, 0.0, 0.0
float3(-0.0, 0.0, 0.0)
93512.969995125
limited(__ObjC.ARCamera.TrackingState.Reason.initializing)
simd_float4x4([[0.999904, -0.0136575, -0.00234853, 0.0)], [0.0135424, 0.998961, -0.0435044, 0.0)], [0.00294025, 0.0434684, 0.99905, 0.0)], [0.0, 0.0, 0.0, 1.0)]])
0.0, 0.0, 0.0
float3(-0.0434821, 0.00294303, -0.0136708)
93513.070051458
limited(__ObjC.ARCamera.TrackingState.Reason.initializing)
simd_float4x4([[0.999755, -0.0215241, -0.00522387, 0.0)], [0.0213018, 0.998996, -0.0394157, 0.0)], [0.00606701, 0.0392947, 0.999209, 0.0)], [0.0, 0.0, 0.0, 1.0)]])
0.0, 0.0, 0.0
float3(-0.0393048, 0.00607173, -0.0215424)
93513.170107625
limited(__ObjC.ARCamera.TrackingState.Reason.initializing)
simd_float4x4([[0.999585, -0.0260471, -0.0123244, 0.0)], [0.0255209, 0.99883, -0.0410813, 0.0)], [0.01338, 0.0407497, 0.99908, 0.0)], [0.0, 0.0, 0.0, 1.0)]])
0.0, 0.0, 0.0
float3(-0.040761, 0.0133915, -0.0260717)
93513.270164
limited(__ObjC.ARCamera.TrackingState.Reason.initializing)
simd_float4x4([[0.998902, -0.032362, -0.0338719, 0.0)], [0.0310385, 0.998761, -0.0388975, 0.0)], [0.0350887, 0.0378034, 0.998669, 0.0)], [0.0, 0.0, 0.0, 1.0)]])
0.0, 0.0, 0.0
float3(-0.0378125, 0.035121, -0.0323908)
93513.370220125
limited(__ObjC.ARCamera.TrackingState.Reason.initializing)
simd_float4x4([[0.997254, -0.0355815, -0.0649554, 0.0)], [0.0330874, 0.998688, -0.0390775, 0.0)], [0.0662606, 0.036821, 0.997123, 0.0)], [0.0, 0.0, 0.0, 1.0)]])
0.0, 0.0, 0.0
float3(-0.0368293, 0.0663542, -0.0356131)
93513.470276458
limited(__ObjC.ARCamera.TrackingState.Reason.initializing)
simd_float4x4([[0.993561, -0.0371983, -0.107017, 0.0)], [0.0332434, 0.998705, -0.0385061, 0.0)], [0.108311, 0.0347006, 0.993511, 0.0)], [0.0, 0.0, 0.0, 1.0)]])
0.0, 0.0, 0.0
float3(-0.0347075, 0.10859, -0.0372293)
93513.57033275
limited(__ObjC.ARCamera.TrackingState.Reason.initializing)
simd_float4x4([[0.988218, -0.0356897, -0.148834, 0.0)], [0.0305935, 0.998869, -0.0363916, 0.0)], [0.149965, 0.0314095, 0.988192, 0.0)], [0.0, 0.0, 0.0, 1.0)]])
0.0, 0.0, 0.0
float3(-0.0314147, 0.150607, -0.0357149)
93513.670388958
limited(__ObjC.ARCamera.TrackingState.Reason.initializing)
simd_float4x4([[0.980363, -0.0340943, -0.194233, 0.0)], [0.0273288, 0.998926, -0.0374062, 0.0)], [0.1953, 0.0313635, 0.980242, 0.0)], [0.0, 0.0, 0.0, 1.0)]])
0.0, 0.0, 0.0
float3(-0.0313686, 0.196661, -0.0341177)
93513.770445166
limited(__ObjC.ARCamera.TrackingState.Reason.initializing)
simd_float4x4([[0.971492, -0.0289005, -0.235304, 0.0)], [0.0203357, 0.999042, -0.0387448, 0.0)], [0.236198, 0.0328552, 0.971149, 0.0)], [0.0, 0.0, 0.0, 1.0)]])
0.0, 0.0, 0.0
float3(-0.0328611, 0.238582, -0.0289201)
93513.870501625
limited(__ObjC.ARCamera.TrackingState.Reason.initializing)
simd_float4x4([[0.960181, -0.0276084, -0.278011, 0.0)], [0.0168458, 0.999016, -0.0410281, 0.0)], [0.27887, 0.0347111, 0.959701, 0.0)], [0.0, 0.0, 0.0, 1.0)]])
0.0, 0.0, 0.0
float3(-0.034718, 0.282793, -0.0276285)
93513.970557916
limited(__ObjC.ARCamera.TrackingState.Reason.initializing)
simd_float4x4([[0.949084, -0.0276791, -0.313804, 0.0)], [0.0158167, 0.999063, -0.0402856, 0.0)], [0.314625, 0.0332711, 0.948633, 0.0)], [0.0, 0.0, 0.0, 1.0)]])
0.0, 0.0, 0.0
float3(-0.0332772, 0.320245, -0.027698)
93514.070614166
limited(__ObjC.ARCamera.TrackingState.Reason.initializing)
simd_float4x4([[0.936625, -0.0290591, -0.349126, 0.0)], [0.0157086, 0.999035, -0.0410108, 0.0)], [0.349981, 0.0329275, 0.936178, 0.0)], [0.0, 0.0, 0.0, 1.0)]])
0.0, 0.0, 0.0
float3(-0.0329334, 0.357753, -0.0290789)
93514.1706705
limited(__ObjC.ARCamera.TrackingState.Reason.initializing)
simd_float4x4([[0.924523, -0.0310468, -0.379858, 0.0)], [0.016012, 0.99896, -0.0426768, 0.0)], [0.380789, 0.0333734, 0.924059, 0.0)], [0.0, 0.0, 0.0, 1.0)]])
0.0, 0.0, 0.0
float3(-0.0333796, 0.390879, -0.0310691)
93514.270726625
limited(__ObjC.ARCamera.TrackingState.Reason.initializing)
simd_float4x4([[0.913461, -0.032578, -0.405621, 0.0)], [0.0157315, 0.998872, -0.0447985, 0.0)], [0.406623, 0.0345406, 0.912943, 0.0)], [0.0, 0.0, 0.0, 1.0)]])
0.0, 0.0, 0.0
float3(-0.0345475, 0.41902, -0.0326032)
93514.370782958
limited(__ObjC.ARCamera.TrackingState.Reason.initializing)
simd_float4x4([[0.905289, -0.032954, -0.423516, 0.0)], [0.0144944, 0.998802, -0.0467347, 0.0)], [0.424549, 0.0361698, 0.904682, 0.0)], [0.0, 0.0, 0.0, 1.0)]])
0.0, 0.0, 0.0
float3(-0.0361777, 0.438771, -0.0329816)
93514.470839125
limited(__ObjC.ARCamera.TrackingState.Reason.initializing)
simd_float4x4([[0.902641, -0.0346318, -0.428998, 0.0)], [0.0154256, 0.99872, -0.0481672, 0.0)], [0.430117, 0.0368601, 0.90202, 0.0)], [0.0, 0.0, 0.0, 1.0)]])
0.0, 0.0, 0.0
float3(-0.0368685, 0.444947, -0.0346623)
93514.570895583
limited(__ObjC.ARCamera.TrackingState.Reason.initializing)
simd_float4x4([[0.906191, -0.0373364, -0.421217, 0.0)], [0.0189321, 0.998677, -0.0477936, 0.0)], [0.422444, 0.0353357, 0.905699, 0.0)], [0.0, 0.0, 0.0, 1.0)]])
0.0, 0.0, 0.0
float3(-0.0353431, 0.436432, -0.0373685)
93514.670951708
limited(__ObjC.ARCamera.TrackingState.Reason.initializing)
simd_float4x4([[0.914175, -0.0387811, -0.403459, 0.0)], [0.0217768, 0.998673, -0.0466517, 0.0)], [0.404733, 0.0338619, 0.913807, 0.0)], [0.0, 0.0, 0.0, 1.0)]])
0.0, 0.0, 0.0
float3(-0.0338684, 0.416941, -0.0388131)
93514.771008041
limited(__ObjC.ARCamera.TrackingState.Reason.initializing)
simd_float4x4([[0.924604, -0.0388276, -0.378945, 0.0)], [0.0232352, 0.998686, -0.0456371, 0.0)], [0.38022, 0.0333915, 0.924291, 0.0)], [0.0, 0.0, 0.0, 1.0)]])
0.0, 0.0, 0.0
float3(-0.0333977, 0.390264, -0.0388592)
93514.871064208
limited(__ObjC.ARCamera.TrackingState.Reason.initializing)
simd_float4x4([[0.934107, -0.0382363, -0.354941, 0.0)], [0.0232861, 0.998654, -0.0463006, 0.0)], [0.356234, 0.0349846, 0.93374, 0.0)], [0.0, 0.0, 0.0, 1.0)]])
0.0, 0.0, 0.0
float3(-0.0349917, 0.364468, -0.0382691)
93514.971120541
limited(__ObjC.ARCamera.TrackingState.Reason.initializing)
simd_float4x4([[0.943062, -0.0378388, -0.330457, 0.0)], [0.0234098, 0.998592, -0.0475395, 0.0)], [0.331791, 0.0370969, 0.94262, 0.0)], [0.0, 0.0, 0.0, 1.0)]])
0.0, 0.0, 0.0
float3(-0.0371054, 0.338445, -0.037874)
93515.071176958
limited(__ObjC.ARCamera.TrackingState.Reason.initializing)
simd_float4x4([[0.953483, -0.037832, -0.299063, 0.0)], [0.0247556, 0.998567, -0.0473968, 0.0)], [0.300429, 0.0377887, 0.953052, 0.0)], [0.0, 0.0, 0.0, 1.0)]])
0.0, 0.0, 0.0
float3(-0.0377977, 0.305368, -0.0378682)
93515.171233041
limited(__ObjC.ARCamera.TrackingState.Reason.initializing)
simd_float4x4([[0.963615, -0.0347322, -0.265028, 0.0)], [0.0231369, 0.998636, -0.0467519, 0.0)], [0.266291, 0.038919, 0.963104, 0.0)], [0.0, 0.0, 0.0, 1.0)]])
0.0, 0.0, 0.0
float3(-0.0389288, 0.269754, -0.0347656)
93515.271289416
limited(__ObjC.ARCamera.TrackingState.Reason.initializing)
simd_float4x4([[0.971159, -0.0348573, -0.235872, 0.0)], [0.0244675, 0.9986, -0.0468364, 0.0)], [0.237175, 0.0397144, 0.970652, 0.0)], [0.0, 0.0, 0.0, 1.0)]])
0.0, 0.0, 0.0
float3(-0.0397249, 0.239651, -0.034892)
93515.371345541
limited(__ObjC.ARCamera.TrackingState.Reason.initializing)
simd_float4x4([[0.978452, -0.0346408, -0.203549, 0.0)], [0.0257664, 0.998603, -0.0460903, 0.0)], [0.204862, 0.0398525, 0.977978, 0.0)], [0.0, 0.0, 0.0, 1.0)]])
0.0, 0.0, 0.0
float3(-0.039863, 0.206489, -0.0346753)
93515.471401958
limited(__ObjC.ARCamera.TrackingState.Reason.initializing)
simd_float4x4([[0.98405, -0.0334767, -0.174714, 0.0)], [0.0262391, 0.998704, -0.0435746, 0.0)], [0.175946, 0.0382953, 0.983653, 0.0)], [0.0, 0.0, 0.0, 1.0)]])
0.0, 0.0, 0.0
float3(-0.0383047, 0.176998, -0.0335076)
93515.571458083
limited(__ObjC.ARCamera.TrackingState.Reason.initializing)
simd_float4x4([[0.988803, -0.0322178, -0.145706, 0.0)], [0.0265306, 0.998812, -0.0408116, 0.0)], [0.146848, 0.036489, 0.988483, 0.0)], [0.0, 0.0, 0.0, 1.0)]])
0.0, 0.0, 0.0
float3(-0.0364971, 0.14748, -0.0322449)
93515.671514416
limited(__ObjC.ARCamera.TrackingState.Reason.initializing)
simd_float4x4([[0.992274, -0.0291639, -0.120588, 0.0)], [0.0244095, 0.99887, -0.0407205, 0.0)], [0.121639, 0.0374624, 0.991865, 0.0)], [0.0, 0.0, 0.0, 1.0)]])
0.0, 0.0, 0.0
float3(-0.0374712, 0.122028, -0.0291886)
93515.77157075
limited(__ObjC.ARCamera.TrackingState.Reason.initializing)
simd_float4x4([[0.994782, -0.0272161, -0.098324, 0.0)], [0.0235211, 0.998978, -0.0385481, 0.0)], [0.0992728, 0.0360343, 0.994405, 0.0)], [0.0, 0.0, 0.0, 1.0)]])
0.0, 0.0, 0.0
float3(-0.0360421, 0.0995016, -0.0272372)
93515.871627041
limited(__ObjC.ARCamera.TrackingState.Reason.initializing)
simd_float4x4([[0.996473, -0.024821, -0.0801528, 0.0)], [0.0219524, 0.999092, -0.036476, 0.0)], [0.0809855, 0.0345879, 0.996114, 0.0)], [0.0, 0.0, 0.0, 1.0)]])
0.0, 0.0, 0.0
float3(-0.0345948, 0.081123, -0.0248384)
93515.971683291
limited(__ObjC.ARCamera.TrackingState.Reason.initializing)
simd_float4x4([[0.997568, -0.0215522, -0.0662859, 0.0)], [0.0191347, 0.999135, -0.036894, 0.0)], [0.0670237, 0.0355359, 0.997117, 0.0)], [0.0, 0.0, 0.0, 1.0)]])
0.0, 0.0, 0.0
float3(-0.0355434, 0.0671166, -0.0215675)
93516.0717395
limited(__ObjC.ARCamera.TrackingState.Reason.initializing)
simd_float4x4([[0.997762, -0.0208003, -0.0635496, 0.0)], [0.0185277, 0.999174, -0.0361452, 0.0)], [0.064249, 0.0348869, 0.997323, 0.0)], [0.0, 0.0, 0.0, 1.0)]])
0.0, 0.0, 0.0
float3(-0.034894, 0.0643326, -0.0208145)
93516.171795916
limited(__ObjC.ARCamera.TrackingState.Reason.initializing)
simd_float4x4([[0.997225, -0.0211266, -0.0713813, 0.0)], [0.0185599, 0.999162, -0.0364322, 0.0)], [0.0720913, 0.0350063, 0.996782, 0.0)], [0.0, 0.0, 0.0, 1.0)]])
0.0, 0.0, 0.0
float3(-0.0350134, 0.0721983, -0.0211411)
93516.271852125
limited(__ObjC.ARCamera.TrackingState.Reason.initializing)
simd_float4x4([[0.9957, -0.0190549, -0.0906543, 0.0)], [0.015732, 0.999182, -0.0372303, 0.0)], [0.0912896, 0.0356441, 0.995185, 0.0)], [0.0, 0.0, 0.0, 1.0)]])
0.0, 0.0, 0.0
float3(-0.0356516, 0.0914753, -0.0190682)
93516.371908541
limited(__ObjC.ARCamera.TrackingState.Reason.initializing)
simd_float4x4([[0.992402, -0.0212074, -0.121192, 0.0)], [0.0168698, 0.999183, -0.0367068, 0.0)], [0.121872, 0.0343834, 0.991949, 0.0)], [0.0, 0.0, 0.0, 1.0)]])
0.0, 0.0, 0.0
float3(-0.0343902, 0.122248, -0.0212216)
93516.471964666
limited(__ObjC.ARCamera.TrackingState.Reason.initializing)
simd_float4x4([[0.987215, -0.0227377, -0.157765, 0.0)], [0.0171968, 0.999188, -0.0363988, 0.0)], [0.158465, 0.0332204, 0.986805, 0.0)], [0.0, 0.0, 0.0, 1.0)]])
0.0, 0.0, 0.0
float3(-0.0332265, 0.159225, -0.0227522)
93516.572021041
limited(__ObjC.ARCamera.TrackingState.Reason.initializing)
simd_float4x4([[0.980794, -0.0209799, -0.193914, 0.0)], [0.0144077, 0.999274, -0.0352414, 0.0)], [0.194513, 0.0317707, 0.980385, 0.0)], [0.0, 0.0, 0.0, 1.0)]])
0.0, 0.0, 0.0
float3(-0.031776, 0.195861, -0.020992)
93516.672077166
normal
simd_float4x4([[0.972526, -0.0200598, -0.231929, 0.0)], [0.0119668, 0.999271, -0.0362488, 0.0)], [0.232487, 0.0324774, 0.972057, 0.0)], [-0.00635313, 0.00095693, 0.00541433, 1.0)]])
-0.00635313, 0.00095693, 0.00541433
float3(-0.0324832, 0.23476, -0.0200718)
93516.772133541
normal
simd_float4x4([[0.962091, -0.0205005, -0.271957, 0.0)], [0.0117934, 0.999365, -0.0336125, 0.0)], [0.272474, 0.029131, 0.961722, 0.0)], [-0.0169754, 0.00162347, 0.0135875, 1.0)]])
-0.0169754, 0.00162347, 0.0135875
float3(-0.0291351, 0.276083, -0.0205107)
93516.872189708
normal
simd_float4x4([[0.950596, -0.0186452, -0.309871, 0.0)], [0.00933912, 0.99946, -0.0314885, 0.0)], [0.310291, 0.0270389, 0.950257, 0.0)], [-0.0237708, 0.00195539, 0.0179242, 1.0)]])
-0.0237708, 0.00195539, 0.0179242
float3(-0.0270422, 0.315618, -0.0186531)
93516.972245875
normal
simd_float4x4([[0.938599, -0.0177971, -0.34455, 0.0)], [0.00689854, 0.999437, -0.0328317, 0.0)], [0.34494, 0.028439, 0.938194, 0.0)], [-0.0292391, 0.00189465, 0.0210749, 1.0)]])
-0.0292391, 0.00189465, 0.0210749
float3(-0.0284428, 0.352323, -0.0178053)
93517.072302333
normal
simd_float4x4([[0.926995, -0.0169994, -0.374687, 0.0)], [0.00581906, 0.999504, -0.0309503, 0.0)], [0.375027, 0.0265105, 0.926635, 0.0)], [-0.033523, 0.0016458, 0.0256576, 1.0)]])
-0.033523, 0.0016458, 0.0256576
float3(-0.0265136, 0.384568, -0.0170062)
93517.172358583
normal
simd_float4x4([[0.915801, -0.0157353, -0.401324, 0.0)], [0.00370517, 0.999521, -0.0307348, 0.0)], [0.401615, 0.02666, 0.91542, 0.0)], [-0.0384973, 0.00219871, 0.0282054, 1.0)]])
-0.0384973, 0.00219871, 0.0282054
float3(-0.0266631, 0.413436, -0.0157416)
93517.272415
normal
simd_float4x4([[0.905563, -0.0143357, -0.423969, 0.0)], [0.00157326, 0.999535, -0.030437, 0.0)], [0.424209, 0.0268956, 0.905165, 0.0)], [-0.0434503, 0.00218495, 0.0320098, 1.0)]])
-0.0434503, 0.00218495, 0.0320098
float3(-0.0268988, 0.438257, -0.0143414)
93517.372471208
normal
simd_float4x4([[0.895754, -0.0138388, -0.444335, 0.0)], [0.000469378, 0.999544, -0.0301845, 0.0)], [0.44455, 0.0268293, 0.895352, 0.0)], [-0.0490994, 0.00164041, 0.0370375, 1.0)]])
-0.0490994, 0.00164041, 0.0370375
float3(-0.0268325, 0.460851, -0.0138442)
93517.4725275
normal
simd_float4x4([[0.88869, -0.0138158, -0.4583, 0.0)], [0.000899658, 0.999597, -0.0283891, 0.0)], [0.458507, 0.0248168, 0.888344, 0.0)], [-0.0549723, 0.00185428, 0.0384212, 1.0)]])
-0.0549723, 0.00185428, 0.0384212
float3(-0.0248194, 0.476474, -0.0138205)
93517.572583666
normal
simd_float4x4([[0.88409, -0.0145034, -0.467092, 0.0)], [0.00251473, 0.999651, -0.0262798, 0.0)], [0.46731, 0.0220591, 0.883818, 0.0)], [-0.0596298, 0.000203283, 0.0426064, 1.0)]])
-0.0596298, 0.000203283, 0.0426064
float3(-0.0220609, 0.486375, -0.0145075)
93517.67264
normal
simd_float4x4([[0.882997, -0.016268, -0.469096, 0.0)], [0.00671301, 0.999735, -0.022034, 0.0)], [0.46933, 0.016307, 0.882872, 0.0)], [-0.0594843, -6.79772e-06, 0.0425129, 1.0)]])
-0.0594843, -6.79772e-06, 0.0425129
float3(-0.0163077, 0.488603, -0.0162709)
93517.772696208
normal
simd_float4x4([[0.883647, -0.0137723, -0.467951, 0.0)], [-0.00373689, 0.999328, -0.0364678, 0.0)], [0.468138, 0.0339734, 0.883002, 0.0)], [-0.0593567, -0.00197731, 0.0397545, 1.0)]])
-0.0593567, -0.00197731, 0.0397545
float3(-0.0339799, 0.487489, -0.0137807)
93517.872752666
normal
simd_float4x4([[0.885265, -0.0139652, -0.464878, 0.0)], [-0.00203172, 0.999423, -0.0338923, 0.0)], [0.465083, 0.0309481, 0.884726, 0.0)], [-0.0563639, -0.00204694, 0.0391439, 1.0)]])
-0.0563639, -0.00204694, 0.0391439
float3(-0.0309531, 0.48398, -0.0139723)
93517.972808875
normal
simd_float4x4([[0.88872, -0.0126773, -0.458275, 0.0)], [-0.00365127, 0.99939, -0.0347271, 0.0)], [0.458436, 0.0325359, 0.888132, 0.0)], [-0.0531996, -0.00284852, 0.0364565, 1.0)]])
-0.0531996, -0.00284852, 0.0364565
float3(-0.0325417, 0.476508, -0.0126844)
93518.072865125
normal
simd_float4x4([[0.89467, -0.0112486, -0.446585, 0.0)], [-0.00571391, 0.999313, -0.0366176, 0.0)], [0.44669, 0.0353125, 0.893991, 0.0)], [-0.0493332, -0.00331757, 0.0333233, 1.0)]])
-0.0493332, -0.00331757, 0.0333233
float3(-0.0353198, 0.463374, -0.0112558)
93518.172921416
normal
simd_float4x4([[0.900842, -0.010879, -0.434011, 0.0)], [-0.00752241, 0.999145, -0.0406585, 0.0)], [0.434082, 0.0398917, 0.89999, 0.0)], [-0.0458236, -0.00337735, 0.028091, 1.0)]])
-0.0458236, -0.00337735, 0.028091
float3(-0.0399023, 0.449403, -0.0108879)
93518.27297775
normal
simd_float4x4([[0.907424, -0.0104556, -0.420085, 0.0)], [-0.00832238, 0.999047, -0.0428427, 0.0)], [0.420133, 0.0423726, 0.906473, 0.0)], [-0.0615763, -0.0346688, 0.00842954, 1.0)]])
-0.0615763, -0.0346688, 0.00842954
float3(-0.0423853, 0.434008, -0.0104652)
93518.373034125
normal
simd_float4x4([[0.9177, -0.00831102, -0.397188, 0.0)], [-0.0094694, 0.999039, -0.0427835, 0.0)], [0.397162, 0.0430236, 0.916739, 0.0)], [-0.0798245, -0.0353829, 0.0152738, 1.0)]])
-0.0798245, -0.0353829, 0.0152738
float3(-0.0430369, 0.408824, -0.00831882)
93518.473090291
normal
simd_float4x4([[0.926222, -0.00840232, -0.376885, 0.0)], [-0.00888835, 0.998987, -0.0441152, 0.0)], [0.376874, 0.0442104, 0.925209, 0.0)], [-0.082387, -0.0425493, 0.0358603, 1.0)]])
-0.082387, -0.0425493, 0.0358603
float3(-0.0442248, 0.386818, -0.00841064)
93518.573146625
normal
simd_float4x4([[0.93034, -0.0106362, -0.366544, 0.0)], [-0.00625884, 0.998973, -0.0448737, 0.0)], [0.366644, 0.0440419, 0.929318, 0.0)], [-0.078697, -0.0477035, 0.0284573, 1.0)]])
-0.078697, -0.0477035, 0.0284573
float3(-0.0440562, 0.375783, -0.0106468)
93518.673202916
normal
simd_float4x4([[0.933595, -0.0118156, -0.358135, 0.0)], [-0.00603577, 0.998796, -0.0486865, 0.0)], [0.358279, 0.0476151, 0.9324, 0.0)], [-0.0710487, -0.0118225, 0.000188049, 1.0)]])
-0.0710487, -0.0118225, 0.000188049
float3(-0.0476331, 0.366859, -0.0118293)
93518.773259166
normal
simd_float4x4([[0.9412, -0.0148093, -0.337524, 0.0)], [-0.00417247, 0.998453, -0.0554437, 0.0)], [0.337823, 0.053592, 0.939683, 0.0)], [-0.0722358, -0.0131586, -0.00261219, 1.0)]])
-0.0722358, -0.0131586, -0.00261219
float3(-0.0536176, 0.345119, -0.0148312)
93518.873315458
normal
simd_float4x4([[0.951114, -0.0170083, -0.308372, 0.0)], [-0.0017546, 0.998169, -0.0604658, 0.0)], [0.308836, 0.058051, 0.949342, 0.0)], [-0.0722265, -0.0148854, -0.00591407, 1.0)]])
-0.0722265, -0.0148854, -0.00591407
float3(-0.0580836, 0.314517, -0.0170378)
93518.97337175
normal
simd_float4x4([[0.962856, -0.0170517, -0.269477, 0.0)], [0.000265331, 0.998063, -0.0622063, 0.0)], [0.270016, 0.0598242, 0.960996, 0.0)], [-0.0702848, -0.0162702, -0.00757102, 1.0)]])
-0.0702848, -0.0162702, -0.00757102
float3(-0.0598599, 0.273912, -0.0170831)
93519.073428
normal
simd_float4x4([[0.973345, -0.0158287, -0.228798, 0.0)], [0.00175449, 0.9981, -0.0615863, 0.0)], [0.229339, 0.0595433, 0.971524, 0.0)], [-0.0666476, -0.0165723, -0.00922131, 1.0)]])
-0.0666476, -0.0165723, -0.00922131
float3(-0.0595786, 0.231817, -0.0158575)
93519.173484416
normal
simd_float4x4([[0.981031, -0.0155034, -0.193227, 0.0)], [0.00370712, 0.998115, -0.0612612, 0.0)], [0.193813, 0.0593828, 0.979239, 0.0)], [-0.0642949, -0.0170673, -0.00961628, 1.0)]])
-0.0642949, -0.0170673, -0.00961628
float3(-0.0594178, 0.195396, -0.0155314)
93519.2735405
normal
simd_float4x4([[0.987239, -0.0129904, -0.158717, 0.0)], [0.0036217, 0.998241, -0.0591749, 0.0)], [0.159206, 0.0578449, 0.985549, 0.0)], [-0.0617536, -0.0174365, -0.00851605, 1.0)]])
-0.0617536, -0.0174365, -0.00851605
float3(-0.0578773, 0.160157, -0.0130125)
93519.373596833
normal
simd_float4x4([[0.991285, -0.0135142, -0.13104, 0.0)], [0.00600373, 0.998325, -0.0575413, 0.0)], [0.131598, 0.0562531, 0.989706, 0.0)], [-0.05836, -0.0175603, -0.00937635, 1.0)]])
-0.05836, -0.0175603, -0.00937635
float3(-0.0562828, 0.132191, -0.0135361)
93519.473653125
normal
simd_float4x4([[0.994756, -0.014689, -0.101218, 0.0)], [0.00883512, 0.998275, -0.0580424, 0.0)], [0.101896, 0.0568437, 0.99317, 0.0)], [-0.0543785, -0.0174508, -0.0126257, 1.0)]])
-0.0543785, -0.0174508, -0.0126257
float3(-0.0568744, 0.102239, -0.0147134)
93519.573709416
normal
simd_float4x4([[0.997576, -0.0140825, -0.0681374, 0.0)], [0.0101772, 0.998303, -0.0573261, 0.0)], [0.0688291, 0.0564937, 0.996027, 0.0)], [-0.0489796, -0.0174249, -0.0153335, 1.0)]])
-0.0489796, -0.0174249, -0.0153335
float3(-0.0565238, 0.0689939, -0.0141055)
93519.673765708
normal
simd_float4x4([[0.999295, -0.011847, -0.0356336, 0.0)], [0.00974972, 0.998242, -0.0584661, 0.0)], [0.0362636, 0.0580774, 0.997653, 0.0)], [-0.0441084, -0.016908, -0.0179925, 1.0)]])
-0.0441084, -0.016908, -0.0179925
float3(-0.0581101, 0.0363329, -0.0118673)
93519.773822083
normal
simd_float4x4([[0.999945, -0.00990677, -0.00352703, 0.0)], [0.009676, 0.998131, -0.0603323, 0.0)], [0.00411812, 0.0602948, 0.998172, 0.0)], [-0.0400108, -0.0166789, -0.0205331, 1.0)]])
-0.0400108, -0.0166789, -0.0205331
float3(-0.0603314, 0.00412564, -0.00992499)
93519.873878333
normal
simd_float4x4([[0.999656, -0.0108569, 0.0238635, 0.0)], [0.0123286, 0.997974, -0.0624127, 0.0)], [-0.0231376, 0.0626855, 0.997765, 0.0)], [-0.0361295, -0.0165676, -0.0246752, 1.0)]])
-0.0361295, -0.0165676, -0.0246752
float3(-0.0627266, -0.0231852, -0.0108785)
93519.973934541
normal
simd_float4x4([[0.998793, -0.0141799, 0.0470177, 0.0)], [0.0172002, 0.997772, -0.0644685, 0.0)], [-0.0459987, 0.0651994, 0.996811, 0.0)], [-0.0320272, -0.0166612, -0.028055, 1.0)]])
-0.0320272, -0.0166612, -0.028055
float3(-0.0652457, -0.0461132, -0.0142106)
93520.073990875
normal
simd_float4x4([[0.997388, -0.0145286, 0.0707503, 0.0)], [0.0191195, 0.997725, -0.0646504, 0.0)], [-0.0696501, 0.0658342, 0.995397, 0.0)], [-0.0288443, -0.0176045, -0.0305352, 1.0)]])
-0.0288443, -0.0176045, -0.0305352
float3(-0.0658819, -0.0698583, -0.0145607)
93520.174047
normal
simd_float4x4([[0.995394, -0.0131897, 0.0949569, 0.0)], [0.0194552, 0.997672, -0.0653622, 0.0)], [-0.0938737, 0.0669086, 0.993333, 0.0)], [-0.0226194, -0.0182328, -0.0356408, 1.0)]])
-0.0226194, -0.0182328, -0.0356408
float3(-0.0669586, -0.0942239, -0.0132197)
93520.274103541
normal
simd_float4x4([[0.99316, -0.0123112, 0.116107, 0.0)], [0.0199291, 0.997707, -0.0646801, 0.0)], [-0.115045, 0.0665516, 0.991128, 0.0)], [-0.024101, -0.017941, -0.0389306, 1.0)]])
-0.024101, -0.017941, -0.0389306
float3(-0.0666009, -0.115558, -0.0123389)
93520.37415975
normal
simd_float4x4([[0.990962, -0.0118846, 0.133613, 0.0)], [0.0204526, 0.997808, -0.0629372, 0.0)], [-0.132572, 0.0651011, 0.989033, 0.0)], [-0.0214064, -0.0183198, -0.0430093, 1.0)]])
-0.0214064, -0.0183198, -0.0430093
float3(-0.0651472, -0.133248, -0.0119102)
