ARKit Data
1533086.01148758
normal
simd_float4x4([[0.650332, -0.038161, 0.758691, 0.0)], [0.0396065, 0.999082, 0.0163025, 0.0)], [-0.758617, 0.019447, 0.651247, 0.0)], [0.496085, 0.445799, -1.29056, 1.0)]])
0.496085, 0.445799, -1.29056
float3(-0.0194482, -0.861407, -0.0381775)
1533086.33214829
notAvailable
simd_float4x4([[1.0, 0.0, 0.0, 0.0)], [0.0, 1.0, 0.0, 0.0)], [0.0, 0.0, 1.0, 0.0)], [0.0, 0.0, 0.0, 1.0)]])
0.0, 0.0, 0.0
float3(-0.0, 0.0, 0.0)
1533086.44881992
notAvailable
simd_float4x4([[1.0, 0.0, 0.0, 0.0)], [0.0, 1.0, 0.0, 0.0)], [0.0, 0.0, 1.0, 0.0)], [0.0, 0.0, 0.0, 1.0)]])
0.0, 0.0, 0.0
float3(-0.0, 0.0, 0.0)
1533086.54887137
limited(__ObjC.ARCamera.TrackingState.Reason.initializing)
simd_float4x4([[0.999839, 0.00745235, -0.0163311, 0.0)], [-0.00792768, 0.999541, -0.0292374, 0.0)], [0.0161057, 0.0293621, 0.999439, 0.0)], [0.0, 0.0, 0.0, 1.0)]])
0.0, 0.0, 0.0
float3(-0.0293663, 0.0161134, 0.00745563)
1533086.64892275
limited(__ObjC.ARCamera.TrackingState.Reason.initializing)
simd_float4x4([[0.99669, 0.0810037, -0.00693548, 0.0)], [-0.081133, 0.996482, -0.0210011, 0.0)], [0.00520992, 0.0214943, 0.999755, 0.0)], [0.0, 0.0, 0.0, 1.0)]])
0.0, 0.0, 0.0
float3(-0.0214959, 0.00521114, 0.0811113)
1533086.74897412
limited(__ObjC.ARCamera.TrackingState.Reason.initializing)
simd_float4x4([[0.999996, 0.00264585, 0.000122041, 0.0)], [-0.00264319, 0.999831, -0.0182012, 0.0)], [-0.000170179, 0.0182008, 0.999834, 0.0)], [0.0, 0.0, 0.0, 1.0)]])
0.0, 0.0, 0.0
float3(-0.0182018, -0.000170207, 0.00264629)
1533086.84902575
limited(__ObjC.ARCamera.TrackingState.Reason.initializing)
simd_float4x4([[0.999452, -0.0104568, 0.0314171, 0.0)], [0.0111181, 0.999719, -0.0209476, 0.0)], [-0.0311892, 0.0212854, 0.999287, 0.0)], [0.0, 0.0, 0.0, 1.0)]])
0.0, 0.0, 0.0
float3(-0.021287, -0.0312014, -0.0104594)
1533086.94907721
limited(__ObjC.ARCamera.TrackingState.Reason.initializing)
simd_float4x4([[0.996413, -0.0126817, 0.0836674, 0.0)], [0.0149859, 0.999524, -0.0269702, 0.0)], [-0.0832855, 0.0281273, 0.996129, 0.0)], [0.0, 0.0, 0.0, 1.0)]])
0.0, 0.0, 0.0
float3(-0.028131, -0.0834152, -0.0126871)
1533087.0491285
limited(__ObjC.ARCamera.TrackingState.Reason.initializing)
simd_float4x4([[0.989194, -0.0259896, 0.144291, 0.0)], [0.030339, 0.999146, -0.0280252, 0.0)], [-0.14344, 0.0321, 0.989138, 0.0)], [0.0, 0.0, 0.0, 1.0)]])
0.0, 0.0, 0.0
float3(-0.0321055, -0.144011, -0.0260059)
1533087.14917992
limited(__ObjC.ARCamera.TrackingState.Reason.initializing)
simd_float4x4([[0.978176, -0.0286918, 0.205785, 0.0)], [0.0357603, 0.998888, -0.0307119, 0.0)], [-0.204675, 0.0374006, 0.978115, 0.0)], [0.0, 0.0, 0.0, 1.0)]])
0.0, 0.0, 0.0
float3(-0.0374093, -0.206279, -0.0287159)
1533087.24923142
limited(__ObjC.ARCamera.TrackingState.Reason.initializing)
simd_float4x4([[0.967892, -0.0394253, 0.248257, 0.0)], [0.0485938, 0.99834, -0.0309107, 0.0)], [-0.246626, 0.041982, 0.9682, 0.0)], [0.0, 0.0, 0.0, 1.0)]])
0.0, 0.0, 0.0
float3(-0.0419943, -0.249422, -0.0394703)
1533087.34928296
limited(__ObjC.ARCamera.TrackingState.Reason.initializing)
simd_float4x4([[0.963618, -0.049912, 0.262583, 0.0)], [0.060571, 0.997628, -0.0326526, 0.0)], [-0.260331, 0.0473696, 0.964355, 0.0)], [0.0, 0.0, 0.0, 1.0)]])
0.0, 0.0, 0.0
float3(-0.0473874, -0.263668, -0.049989)
1533087.44933438
limited(__ObjC.ARCamera.TrackingState.Reason.initializing)
simd_float4x4([[0.966144, -0.0503224, 0.253046, 0.0)], [0.0621219, 0.997311, -0.0388542, 0.0)], [-0.250411, 0.0532585, 0.966672, 0.0)], [0.0, 0.0, 0.0, 1.0)]])
0.0, 0.0, 0.0
float3(-0.0532837, -0.253473, -0.0504153)
1533087.54938575
limited(__ObjC.ARCamera.TrackingState.Reason.initializing)
simd_float4x4([[0.974984, -0.0520806, 0.216088, 0.0)], [0.0624047, 0.997198, -0.0412293, 0.0)], [-0.213336, 0.0536828, 0.975502, 0.0)], [0.0, 0.0, 0.0, 1.0)]])
0.0, 0.0, 0.0
float3(-0.0537087, -0.215303, -0.0521795)
1533087.64943717
limited(__ObjC.ARCamera.TrackingState.Reason.initializing)
simd_float4x4([[0.985703, -0.0502879, 0.160814, 0.0)], [0.0584845, 0.997197, -0.0466469, 0.0)], [-0.158017, 0.0553852, 0.985881, 0.0)], [0.0, 0.0, 0.0, 1.0)]])
0.0, 0.0, 0.0
float3(-0.0554135, -0.158929, -0.0503866)
1533087.74948862
limited(__ObjC.ARCamera.TrackingState.Reason.initializing)
simd_float4x4([[0.99385, -0.0512166, 0.0981762, 0.0)], [0.0568023, 0.99687, -0.05497, 0.0)], [-0.0950537, 0.0602086, 0.993649, 0.0)], [0.0, 0.0, 0.0, 1.0)]])
0.0, 0.0, 0.0
float3(-0.060245, -0.0953711, -0.0513323)
1533087.84954025
limited(__ObjC.ARCamera.TrackingState.Reason.initializing)
simd_float4x4([[0.99806, -0.0531895, 0.0323524, 0.0)], [0.0550459, 0.996709, -0.059488, 0.0)], [-0.0290819, 0.0611535, 0.997703, 0.0)], [0.0, 0.0, 0.0, 1.0)]])
0.0, 0.0, 0.0
float3(-0.0611917, -0.0291406, -0.0533146)
1533087.94959154
limited(__ObjC.ARCamera.TrackingState.Reason.initializing)
simd_float4x4([[0.997969, -0.0558506, -0.0306415, 0.0)], [0.0538964, 0.996663, -0.0612726, 0.0)], [0.0339613, 0.0594967, 0.997649, 0.0)], [0.0, 0.0, 0.0, 1.0)]])
0.0, 0.0, 0.0
float3(-0.0595318, 0.0340282, -0.0559791)
1533088.04964312
limited(__ObjC.ARCamera.TrackingState.Reason.initializing)
simd_float4x4([[0.994455, -0.0552176, -0.0894999, 0.0)], [0.0495133, 0.996671, -0.0647518, 0.0)], [0.0927774, 0.0599614, 0.993878, 0.0)], [0.0, 0.0, 0.0, 1.0)]])
0.0, 0.0, 0.0
float3(-0.0599974, 0.0930791, -0.0553455)
1533088.1496945
limited(__ObjC.ARCamera.TrackingState.Reason.initializing)
simd_float4x4([[0.98675, -0.0550277, -0.152632, 0.0)], [0.0449938, 0.996639, -0.0684356, 0.0)], [0.155885, 0.0606613, 0.985909, 0.0)], [0.0, 0.0, 0.0, 1.0)]])
0.0, 0.0, 0.0
float3(-0.0606986, 0.156815, -0.0551573)
1533088.24974579
limited(__ObjC.ARCamera.TrackingState.Reason.initializing)
simd_float4x4([[0.976422, -0.0546435, -0.208838, 0.0)], [0.0399711, 0.996466, -0.0738479, 0.0)], [0.212136, 0.0637593, 0.975156, 0.0)], [0.0, 0.0, 0.0, 1.0)]])
0.0, 0.0, 0.0
float3(-0.0638025, 0.214203, -0.0547824)
1533088.34979742
limited(__ObjC.ARCamera.TrackingState.Reason.initializing)
simd_float4x4([[0.964831, -0.0545857, -0.257139, 0.0)], [0.035343, 0.996256, -0.078875, 0.0)], [0.260482, 0.0670131, 0.963148, 0.0)], [0.0, 0.0, 0.0, 1.0)]])
0.0, 0.0, 0.0
float3(-0.0670633, 0.26413, -0.0547361)
1533088.44984871
limited(__ObjC.ARCamera.TrackingState.Reason.initializing)
simd_float4x4([[0.951908, -0.0544756, -0.301502, 0.0)], [0.0314555, 0.996241, -0.0806916, 0.0)], [0.304765, 0.0673271, 0.950043, 0.0)], [0.0, 0.0, 0.0, 1.0)]])
0.0, 0.0, 0.0
float3(-0.0673781, 0.31042, -0.0546268)
1533088.54990029
limited(__ObjC.ARCamera.TrackingState.Reason.initializing)
simd_float4x4([[0.940017, -0.0558363, -0.336527, 0.0)], [0.0304568, 0.996309, -0.0802342, 0.0)], [0.339765, 0.065172, 0.938248, 0.0)], [0.0, 0.0, 0.0, 1.0)]])
0.0, 0.0, 0.0
float3(-0.0652183, 0.347438, -0.0559846)
1533088.64995167
limited(__ObjC.ARCamera.TrackingState.Reason.initializing)
simd_float4x4([[0.930338, -0.0580321, -0.362082, 0.0)], [0.0316738, 0.996424, -0.0783186, 0.0)], [0.365333, 0.0613943, 0.928849, 0.0)], [0.0, 0.0, 0.0, 1.0)]])
0.0, 0.0, 0.0
float3(-0.061433, 0.374733, -0.0581747)
1533088.75000313
limited(__ObjC.ARCamera.TrackingState.Reason.initializing)
simd_float4x4([[0.924441, -0.0599829, -0.376578, 0.0)], [0.0348212, 0.996702, -0.0732793, 0.0)], [0.379732, 0.0546295, 0.923481, 0.0)], [0.0, 0.0, 0.0, 1.0)]])
0.0, 0.0, 0.0
float3(-0.0546567, 0.390121, -0.0601089)
1533088.85005458
limited(__ObjC.ARCamera.TrackingState.Reason.initializing)
simd_float4x4([[0.923251, -0.060913, -0.379337, 0.0)], [0.0400636, 0.99723, -0.0626262, 0.0)], [0.382102, 0.0426223, 0.923135, 0.0)], [0.0, 0.0, 0.0, 1.0)]])
0.0, 0.0, 0.0
float3(-0.0426352, 0.392446, -0.0610063)
1533088.95010596
limited(__ObjC.ARCamera.TrackingState.Reason.initializing)
simd_float4x4([[0.92757, -0.0621586, -0.368441, 0.0)], [0.0475859, 0.997686, -0.0485189, 0.0)], [0.370605, 0.0274722, 0.928382, 0.0)], [0.0, 0.0, 0.0, 1.0)]])
0.0, 0.0, 0.0
float3(-0.0274756, 0.379812, -0.0622223)
1533089.05015746
limited(__ObjC.ARCamera.TrackingState.Reason.initializing)
simd_float4x4([[0.935274, -0.0638297, -0.348121, 0.0)], [0.0558994, 0.997895, -0.0327907, 0.0)], [0.349483, 0.0112086, 0.936873, 0.0)], [0.0, 0.0, 0.0, 1.0)]])
0.0, 0.0, 0.0
float3(-0.0112088, 0.357043, -0.0638773)
1533089.15020892
limited(__ObjC.ARCamera.TrackingState.Reason.initializing)
simd_float4x4([[0.944988, -0.0660759, -0.320361, 0.0)], [0.0639496, 0.997803, -0.0171679, 0.0)], [0.320792, -0.0042634, 0.947137, 0.0)], [0.0, 0.0, 0.0, 1.0)]])
0.0, 0.0, 0.0
float3(0.00426341, 0.32657, -0.0661248)
1533089.25026042
limited(__ObjC.ARCamera.TrackingState.Reason.initializing)
simd_float4x4([[0.957103, -0.0682757, -0.281589, 0.0)], [0.0690256, 0.997585, -0.0072705, 0.0)], [0.281406, -0.0124781, 0.959504, 0.0)], [0.0, 0.0, 0.0, 1.0)]])
0.0, 0.0, 0.0
float3(0.0124785, 0.285282, -0.0683344)
1533089.35031183
limited(__ObjC.ARCamera.TrackingState.Reason.initializing)
simd_float4x4([[0.970971, -0.0682547, -0.22925, 0.0)], [0.0692415, 0.99759, -0.00374911, 0.0)], [0.228954, -0.0122333, 0.973357, 0.0)], [0.0, 0.0, 0.0, 1.0)]])
0.0, 0.0, 0.0
float3(0.0122336, 0.231021, -0.0683131)
1533089.45036321
limited(__ObjC.ARCamera.TrackingState.Reason.initializing)
simd_float4x4([[0.982766, -0.0660087, -0.172669, 0.0)], [0.0667457, 0.997765, -0.00154428, 0.0)], [0.172385, -0.0100072, 0.984975, 0.0)], [0.0, 0.0, 0.0, 1.0)]])
0.0, 0.0, 0.0
float3(0.0100074, 0.17326, -0.0660603)
1533089.55041471
limited(__ObjC.ARCamera.TrackingState.Reason.initializing)
simd_float4x4([[0.990736, -0.0625521, -0.120535, 0.0)], [0.0632006, 0.997995, 0.00155729, 0.0)], [0.120196, -0.00916074, 0.992704, 0.0)], [0.0, 0.0, 0.0, 1.0)]])
0.0, 0.0, 0.0
float3(0.00916087, 0.120493, -0.0625958)
1533089.65046625
limited(__ObjC.ARCamera.TrackingState.Reason.initializing)
simd_float4x4([[0.995762, -0.0579759, -0.071385, 0.0)], [0.0585195, 0.998266, 0.00554107, 0.0)], [0.07094, -0.009695, 0.997429, 0.0)], [0.0, 0.0, 0.0, 1.0)]])
0.0, 0.0, 0.0
float3(0.00969515, 0.0710033, -0.0580115)
1533089.75051762
limited(__ObjC.ARCamera.TrackingState.Reason.initializing)
simd_float4x4([[0.998329, -0.0525189, -0.0240919, 0.0)], [0.052712, 0.998577, 0.00745025, 0.0)], [0.0236662, -0.00870773, 0.999677, 0.0)], [0.0, 0.0, 0.0, 1.0)]])
0.0, 0.0, 0.0
float3(0.00870784, 0.0236694, -0.0525453)
1533089.85056913
limited(__ObjC.ARCamera.TrackingState.Reason.initializing)
simd_float4x4([[0.998722, -0.0476376, 0.0168588, 0.0)], [0.0474659, 0.998813, 0.0104353, 0.0)], [-0.0173363, -0.00962172, 0.999798, 0.0)], [0.0, 0.0, 0.0, 1.0)]])
0.0, 0.0, 0.0
float3(0.00962187, -0.017338, -0.0476581)
1533089.95062079
limited(__ObjC.ARCamera.TrackingState.Reason.initializing)
simd_float4x4([[0.99755, -0.044831, 0.0536989, 0.0)], [0.0441514, 0.998924, 0.013769, 0.0)], [-0.054259, -0.0113644, 0.998456, 0.0)], [0.0, 0.0, 0.0, 1.0)]])
0.0, 0.0, 0.0
float3(0.0113646, -0.0542895, -0.0448492)
1533090.05067217
limited(__ObjC.ARCamera.TrackingState.Reason.initializing)
simd_float4x4([[0.995283, -0.0426642, 0.0871242, 0.0)], [0.0413173, 0.998993, 0.0171997, 0.0)], [-0.087771, -0.0135188, 0.996044, 0.0)], [0.0, 0.0, 0.0, 1.0)]])
0.0, 0.0, 0.0
float3(0.0135192, -0.0878926, -0.0426813)
1533090.15072333
limited(__ObjC.ARCamera.TrackingState.Reason.initializing)
simd_float4x4([[0.992106, -0.0411045, 0.118474, 0.0)], [0.0389781, 0.999031, 0.0202055, 0.0)], [-0.11919, -0.0154281, 0.992747, 0.0)], [0.0, 0.0, 0.0, 1.0)]])
0.0, 0.0, 0.0
float3(0.0154287, -0.119489, -0.0411212)
1533090.25077496
limited(__ObjC.ARCamera.TrackingState.Reason.initializing)
simd_float4x4([[0.988255, -0.0394674, 0.147631, 0.0)], [0.0367516, 0.999097, 0.0210745, 0.0)], [-0.148331, -0.0154012, 0.988813, 0.0)], [0.0, 0.0, 0.0, 1.0)]])
0.0, 0.0, 0.0
float3(0.0154018, -0.148899, -0.0394825)
1533090.35082646
limited(__ObjC.ARCamera.TrackingState.Reason.initializing)
simd_float4x4([[0.983981, -0.037527, 0.174277, 0.0)], [0.0341286, 0.99916, 0.0224516, 0.0)], [-0.174974, -0.016144, 0.984435, 0.0)], [0.0, 0.0, 0.0, 1.0)]])
0.0, 0.0, 0.0
float3(0.0161447, -0.175903, -0.0375409)
1533090.45087804
limited(__ObjC.ARCamera.TrackingState.Reason.initializing)
simd_float4x4([[0.979675, -0.0348945, 0.197534, 0.0)], [0.031012, 0.999256, 0.0227097, 0.0)], [-0.198181, -0.016122, 0.980028, 0.0)], [0.0, 0.0, 0.0, 1.0)]])
0.0, 0.0, 0.0
float3(0.0161227, -0.199529, -0.0349062)
1533090.55092942
limited(__ObjC.ARCamera.TrackingState.Reason.initializing)
simd_float4x4([[0.975995, -0.031005, 0.215572, 0.0)], [0.0269816, 0.999399, 0.0215777, 0.0)], [-0.216113, -0.0152431, 0.976245, 0.0)], [0.0, 0.0, 0.0, 1.0)]])
0.0, 0.0, 0.0
float3(0.0152437, -0.217858, -0.0310137)
1533090.65098079
limited(__ObjC.ARCamera.TrackingState.Reason.initializing)
simd_float4x4([[0.972789, -0.026318, 0.230192, 0.0)], [0.0227583, 0.999573, 0.018101, 0.0)], [-0.230571, -0.0123695, 0.972972, 0.0)], [0.0, 0.0, 0.0, 1.0)]])
0.0, 0.0, 0.0
float3(0.0123698, -0.232684, -0.0263232)
1533090.75103238
limited(__ObjC.ARCamera.TrackingState.Reason.initializing)
simd_float4x4([[0.970263, -0.0220933, 0.241041, 0.0)], [0.0191702, 0.999706, 0.0144593, 0.0)], [-0.241291, -0.00940827, 0.970401, 0.0)], [0.0, 0.0, 0.0, 1.0)]])
0.0, 0.0, 0.0
float3(0.00940841, -0.243709, -0.0220962)
1533090.85108371
limited(__ObjC.ARCamera.TrackingState.Reason.initializing)
simd_float4x4([[0.968283, -0.0197115, 0.249077, 0.0)], [0.0180351, 0.99979, 0.00900354, 0.0)], [-0.249204, -0.00422557, 0.968434, 0.0)], [0.0, 0.0, 0.0, 1.0)]])
0.0, 0.0, 0.0
float3(0.00422558, -0.251863, -0.0197131)
1533090.95113521
limited(__ObjC.ARCamera.TrackingState.Reason.initializing)
simd_float4x4([[0.968489, -0.0183101, 0.248383, 0.0)], [0.0176509, 0.999825, 0.00487365, 0.0)], [-0.248431, -0.000335623, 0.968642, 0.0)], [0.0, 0.0, 0.0, 1.0)]])
0.0, 0.0, 0.0
float3(0.000335623, -0.251062, -0.0183113)
1533091.05118662
limited(__ObjC.ARCamera.TrackingState.Reason.initializing)
simd_float4x4([[0.971381, -0.0186561, 0.23679, 0.0)], [0.0184951, 0.999817, 0.00289373, 0.0)], [-0.236803, 0.00156882, 0.971549, 0.0)], [0.0, 0.0, 0.0, 1.0)]])
0.0, 0.0, 0.0
float3(-0.00156882, -0.239076, -0.0186574)
1533091.15123821
limited(__ObjC.ARCamera.TrackingState.Reason.initializing)
simd_float4x4([[0.977074, -0.0195505, 0.211998, 0.0)], [0.0195107, 0.9998, 0.00227225, 0.0)], [-0.212002, 0.00191629, 0.97726, 0.0)], [0.0, 0.0, 0.0, 1.0)]])
0.0, 0.0, 0.0
float3(-0.00191629, -0.213625, -0.019552)
1533091.25128954
limited(__ObjC.ARCamera.TrackingState.Reason.initializing)
simd_float4x4([[0.985103, -0.0209489, 0.170686, 0.0)], [0.0211857, 0.999768, 0.000426648, 0.0)], [-0.170657, 0.00319595, 0.985318, 0.0)], [0.0, 0.0, 0.0, 1.0)]])
0.0, 0.0, 0.0
float3(-0.00319596, -0.171498, -0.0209507)
1533091.35134104
limited(__ObjC.ARCamera.TrackingState.Reason.initializing)
simd_float4x4([[0.992558, -0.0235692, 0.119471, 0.0)], [0.0240135, 0.999702, -0.00228793, 0.0)], [-0.119382, 0.00513989, 0.992828, 0.0)], [0.0, 0.0, 0.0, 1.0)]])
0.0, 0.0, 0.0
float3(-0.00513992, -0.11967, -0.0235719)
1533091.45139258
limited(__ObjC.ARCamera.TrackingState.Reason.initializing)
simd_float4x4([[0.997481, -0.02609, 0.065967, 0.0)], [0.0265451, 0.999622, -0.00604171, 0.0)], [-0.0657853, 0.00777763, 0.997796, 0.0)], [0.0, 0.0, 0.0, 1.0)]])
0.0, 0.0, 0.0
float3(-0.00777771, -0.0658353, -0.0260939)
1533091.55144408
limited(__ObjC.ARCamera.TrackingState.Reason.initializing)
simd_float4x4([[0.999462, -0.0293441, 0.0146719, 0.0)], [0.0294753, 0.999518, -0.00882335, 0.0)], [-0.0144064, 0.00925107, 0.999845, 0.0)], [0.0, 0.0, 0.0, 1.0)]])
0.0, 0.0, 0.0
float3(-0.00925121, -0.0144076, -0.0293498)
1533091.65149563
limited(__ObjC.ARCamera.TrackingState.Reason.initializing)
simd_float4x4([[0.998973, -0.0337856, -0.0301992, 0.0)], [0.0334175, 0.999354, -0.0126169, 0.0)], [0.0306059, 0.0115948, 0.999457, 0.0)], [0.0, 0.0, 0.0, 1.0)]])
0.0, 0.0, 0.0
float3(-0.0115951, 0.0306129, -0.0337946)
1533091.75154696
limited(__ObjC.ARCamera.TrackingState.Reason.initializing)
simd_float4x4([[0.997171, -0.0376552, -0.0650501, 0.0)], [0.036707, 0.999194, -0.0157189, 0.0)], [0.0655897, 0.0132866, 0.99775, 0.0)], [0.0, 0.0, 0.0, 1.0)]])
0.0, 0.0, 0.0
float3(-0.013287, 0.0656431, -0.0376678)
1533091.85159854
limited(__ObjC.ARCamera.TrackingState.Reason.initializing)
simd_float4x4([[0.995282, -0.0385175, -0.0890504, 0.0)], [0.0370289, 0.999139, -0.0183158, 0.0)], [0.0896795, 0.014932, 0.995851, 0.0)], [0.0, 0.0, 0.0, 1.0)]])
0.0, 0.0, 0.0
float3(-0.0149326, 0.0898109, -0.0385316)
1533091.95165008
limited(__ObjC.ARCamera.TrackingState.Reason.initializing)
simd_float4x4([[0.993864, -0.0373816, -0.104105, 0.0)], [0.0355075, 0.999166, -0.0198049, 0.0)], [0.104759, 0.0159869, 0.994361, 0.0)], [0.0, 0.0, 0.0, 1.0)]])
0.0, 0.0, 0.0
float3(-0.0159875, 0.104965, -0.0373954)
1533092.05170133
limited(__ObjC.ARCamera.TrackingState.Reason.initializing)
simd_float4x4([[0.992759, -0.0362972, -0.114509, 0.0)], [0.0340053, 0.999173, -0.0219134, 0.0)], [0.115211, 0.0178608, 0.993172, 0.0)], [0.0, 0.0, 0.0, 1.0)]])
0.0, 0.0, 0.0
float3(-0.0178618, 0.115486, -0.0363113)
1533092.15175292
limited(__ObjC.ARCamera.TrackingState.Reason.initializing)
simd_float4x4([[0.99134, -0.0361068, -0.126259, 0.0)], [0.0330207, 0.999094, -0.0264609, 0.0)], [0.127101, 0.0220626, 0.991634, 0.0)], [0.0, 0.0, 0.0, 1.0)]])
0.0, 0.0, 0.0
float3(-0.0220644, 0.127478, -0.0361238)
1533092.25180433
limited(__ObjC.ARCamera.TrackingState.Reason.initializing)
simd_float4x4([[0.989837, -0.0365957, -0.137417, 0.0)], [0.0318565, 0.998814, -0.0365403, 0.0)], [0.138592, 0.0317914, 0.989829, 0.0)], [0.0, 0.0, 0.0, 1.0)]])
0.0, 0.0, 0.0
float3(-0.0317967, 0.139112, -0.0366228)
1533092.351856
limited(__ObjC.ARCamera.TrackingState.Reason.initializing)
simd_float4x4([[0.988663, -0.0363048, -0.145698, 0.0)], [0.0285345, 0.998065, -0.0550796, 0.0)], [0.147417, 0.0502977, 0.987786, 0.0)], [0.0, 0.0, 0.0, 1.0)]])
0.0, 0.0, 0.0
float3(-0.050319, 0.148146, -0.0363591)
1533092.45190725
limited(__ObjC.ARCamera.TrackingState.Reason.initializing)
simd_float4x4([[0.987861, -0.035599, -0.151205, 0.0)], [0.0232905, 0.996317, -0.0824157, 0.0)], [0.153584, 0.0778936, 0.985052, 0.0)], [0.0, 0.0, 0.0, 1.0)]])
0.0, 0.0, 0.0
float3(-0.0779726, 0.154669, -0.0357154)
1533092.55195867
limited(__ObjC.ARCamera.TrackingState.Reason.initializing)
simd_float4x4([[0.987038, -0.0339841, -0.156845, 0.0)], [0.0162833, 0.993477, -0.112797, 0.0)], [0.159656, 0.108781, 0.981153, 0.0)], [0.0, 0.0, 0.0, 1.0)]])
0.0, 0.0, 0.0
float3(-0.108997, 0.161309, -0.0341939)
1533092.65201029
limited(__ObjC.ARCamera.TrackingState.Reason.initializing)
simd_float4x4([[0.985854, -0.0328289, -0.164359, 0.0)], [0.00910526, 0.989663, -0.143069, 0.0)], [0.167358, 0.139548, 0.975962, 0.0)], [0.0, 0.0, 0.0, 1.0)]])
0.0, 0.0, 0.0
float3(-0.140005, 0.169828, -0.0331597)
1533092.75206167
limited(__ObjC.ARCamera.TrackingState.Reason.initializing)
simd_float4x4([[0.984224, -0.0321984, -0.17397, 0.0)], [0.00148919, 0.984764, -0.173844, 0.0)], [0.176919, 0.170842, 0.969277, 0.0)], [0.0, 0.0, 0.0, 1.0)]])
0.0, 0.0, 0.0
float3(-0.171685, 0.180539, -0.0326849)
1533092.85211333
limited(__ObjC.ARCamera.TrackingState.Reason.initializing)
simd_float4x4([[0.982414, -0.0314089, -0.184056, 0.0)], [-0.00688916, 0.978972, -0.20384, 0.0)], [0.18659, 0.201524, 0.961539, 0.0)], [0.0, 0.0, 0.0, 1.0)]])
0.0, 0.0, 0.0
float3(-0.202913, 0.191671, -0.0320726)
1533092.95216479
limited(__ObjC.ARCamera.TrackingState.Reason.initializing)
simd_float4x4([[0.98112, -0.030727, -0.190944, 0.0)], [-0.0155835, 0.971518, -0.236419, 0.0)], [0.192772, 0.234931, 0.952697, 0.0)], [0.0, 0.0, 0.0, 1.0)]])
0.0, 0.0, 0.0
float3(-0.237147, 0.199648, -0.0316173)
1533093.05221629
limited(__ObjC.ARCamera.TrackingState.Reason.initializing)
simd_float4x4([[0.980342, -0.0296386, -0.195065, 0.0)], [-0.0240417, 0.963331, -0.267206, 0.0)], [0.195834, 0.266644, 0.943682, 0.0)], [0.0, 0.0, 0.0, 1.0)]])
0.0, 0.0, 0.0
float3(-0.269909, 0.204616, -0.0307571)
1533093.15226783
limited(__ObjC.ARCamera.TrackingState.Reason.initializing)
simd_float4x4([[0.979998, -0.0282378, -0.196994, 0.0)], [-0.0314255, 0.955495, -0.293306, 0.0)], [0.196511, 0.29363, 0.935495, 0.0)], [0.0, 0.0, 0.0, 1.0)]])
0.0, 0.0, 0.0
float3(-0.298022, 0.20705, -0.0295445)
1533093.25231917
limited(__ObjC.ARCamera.TrackingState.Reason.initializing)
simd_float4x4([[0.979711, -0.0271792, -0.198563, 0.0)], [-0.0378023, 0.947909, -0.316273, 0.0)], [0.196817, 0.317362, 0.927649, 0.0)], [0.0, 0.0, 0.0, 1.0)]])
0.0, 0.0, 0.0
float3(-0.322947, 0.209067, -0.0286649)
1533093.35237071
limited(__ObjC.ARCamera.TrackingState.Reason.initializing)
simd_float4x4([[0.979679, -0.0263222, -0.198837, 0.0)], [-0.0429105, 0.940884, -0.335983, 0.0)], [0.195928, 0.337688, 0.920635, 0.0)], [0.0, 0.0, 0.0, 1.0)]])
0.0, 0.0, 0.0
float3(-0.344459, 0.20969, -0.0279687)
1533093.45242213
normal
simd_float4x4([[0.977918, -0.00115724, -0.208986, 0.0)], [-0.0759624, 0.929621, -0.360602, 0.0)], [0.194695, 0.368515, 0.909005, 0.0)], [0.000910005, 8.98617e-05, 0.000652036, 1.0)]])
0.000910005, 8.98617e-05, 0.000652036
float3(-0.377411, 0.210997, -0.00124485)
1533093.55247379
normal
simd_float4x4([[0.977563, 5.15431e-05, -0.210645, 0.0)], [-0.0788207, 0.927443, -0.365564, 0.0)], [0.195343, 0.373965, 0.906637, 0.0)], [-0.000815824, -0.00161911, 0.000570552, 1.0)]])
-0.000815824, -0.00161911, 0.000570552
float3(-0.383281, 0.212214, 5.55755e-05)
1533093.65252521
normal
simd_float4x4([[0.977507, 0.00122818, -0.210897, 0.0)], [-0.0773167, 0.932449, -0.352933, 0.0)], [0.196217, 0.3613, 0.91157, 0.0)], [-0.00257415, -0.00221647, 0.0022205, 1.0)]])
-0.00257415, -0.00221647, 0.0022205
float3(-0.369662, 0.212017, 0.00131716)
1533093.75257654
normal
simd_float4x4([[0.977833, 0.00241488, -0.209373, 0.0)], [-0.071872, 0.943052, -0.324787, 0.0)], [0.196665, 0.332635, 0.922321, 0.0)], [-0.00318253, 0.00142353, 0.00542616, 1.0)]])
-0.00318253, 0.00142353, 0.00542616
float3(-0.339096, 0.210082, 0.0025607)
1533093.85262821
normal
simd_float4x4([[0.978152, 0.00355623, -0.207862, 0.0)], [-0.0655263, 0.954163, -0.292027, 0.0)], [0.197296, 0.299267, 0.933549, 0.0)], [-0.00424957, 0.00364776, 0.00909404, 1.0)]])
-0.00424957, 0.00364776, 0.00909404
float3(-0.303925, 0.208275, 0.00372705)
1533093.95267963
normal
simd_float4x4([[0.978609, 0.00374731, -0.205693, 0.0)], [-0.0577129, 0.964686, -0.257002, 0.0)], [0.197466, 0.263375, 0.944267, 0.0)], [-0.00317955, 0.00359974, 0.0126607, 1.0)]])
-0.00317955, 0.00359974, 0.0126607
float3(-0.266519, 0.20615, 0.00388446)
1533094.05273108
normal
simd_float4x4([[0.97902, 0.00360676, -0.203731, 0.0)], [-0.0496084, 0.973978, -0.221149, 0.0)], [0.197631, 0.226616, 0.953723, 0.0)], [-0.00239825, 0.000755146, 0.0154499, 1.0)]])
-0.00239825, 0.000755146, 0.0154499
float3(-0.228602, 0.204329, 0.00370311)
1533094.15278267
normal
simd_float4x4([[0.979221, 0.0034414, -0.202768, 0.0)], [-0.0415208, 0.982077, -0.183848, 0.0)], [0.198501, 0.188446, 0.961814, 0.0)], [-0.000426769, 0.00194647, 0.0221736, 1.0)]])
-0.000426769, 0.00194647, 0.0221736
float3(-0.18958, 0.203524, 0.00350419)
1533094.25283421
normal
simd_float4x4([[0.979085, 0.000489198, -0.203453, 0.0)], [-0.0316099, 0.98822, -0.149741, 0.0)], [0.200983, 0.153041, 0.967566, 0.0)], [0.00188325, 0.00560839, 0.0273257, 1.0)]])
0.00188325, 0.00560839, 0.0273257
float3(-0.153644, 0.204807, 0.000495029)
1533094.35288575
normal
simd_float4x4([[0.979286, -0.00270772, -0.202465, 0.0)], [-0.0222131, 0.992439, -0.120713, 0.0)], [0.201262, 0.12271, 0.971821, 0.0)], [0.0045186, 0.0090375, 0.0308633, 1.0)]])
0.0045186, 0.0090375, 0.0308633
float3(-0.12302, 0.204211, -0.00272835)
1533094.45293712
normal
simd_float4x4([[0.980158, -0.00587322, -0.198133, 0.0)], [-0.0134066, 0.995308, -0.095826, 0.0)], [0.197766, 0.0965809, 0.97548, 0.0)], [0.00678442, 0.0137052, 0.0328484, 1.0)]])
0.00678442, 0.0137052, 0.0328484
float3(-0.0967316, 0.200026, -0.00590084)
1533094.55298858
normal
simd_float4x4([[0.981481, -0.00920587, -0.19134, 0.0)], [-0.00478903, 0.997353, -0.0725506, 0.0)], [0.191502, 0.0721233, 0.978839, 0.0)], [0.0081322, 0.0193163, 0.0330359, 1.0)]])
0.0081322, 0.0193163, 0.0330359
float3(-0.072186, 0.193201, -0.00923004)
1533094.65304
normal
simd_float4x4([[0.98307, -0.0126364, -0.182795, 0.0)], [0.00413022, 0.998894, -0.0468399, 0.0)], [0.183185, 0.0452919, 0.982035, 0.0)], [0.00788295, 0.024008, 0.0302613, 1.0)]])
0.00788295, 0.024008, 0.0302613
float3(-0.0453074, 0.184417, -0.0126497)
1533094.75309167
normal
simd_float4x4([[0.98464, -0.0158944, -0.173874, 0.0)], [0.0119124, 0.999643, -0.0239212, 0.0)], [0.174192, 0.0214825, 0.984477, 0.0)], [0.00575289, 0.0265005, 0.025044, 1.0)]])
0.00575289, 0.0265005, 0.025044
float3(-0.0214842, 0.175126, -0.0158987)
1533094.85314308
normal
simd_float4x4([[0.985987, -0.0188628, -0.165751, 0.0)], [0.0184522, 0.999822, -0.00401654, 0.0)], [0.165797, 0.000901783, 0.986159, 0.0)], [0.00440185, 0.0263891, 0.0199675, 1.0)]])
0.00440185, 0.0263891, 0.0199675
float3(-0.000901784, 0.166566, -0.0188639)
1533094.95319442
normal
simd_float4x4([[0.986634, -0.0214899, -0.161526, 0.0)], [0.0236904, 0.999651, 0.0117095, 0.0)], [0.161218, -0.0153796, 0.986799, 0.0)], [0.00351933, 0.0254503, 0.0153607, 1.0)]])
0.00351933, 0.0254503, 0.0153607
float3(0.0153802, 0.161944, -0.0214941)
1533095.05324604
normal
simd_float4x4([[0.985744, -0.0239052, -0.166542, 0.0)], [0.0280583, 0.99935, 0.0226289, 0.0)], [0.165893, -0.0269792, 0.985775, 0.0)], [0.00276856, 0.0250805, 0.0115188, 1.0)]])
0.00276856, 0.0250805, 0.0115188
float3(0.0269825, 0.166725, -0.0239162)
1533095.15329754
normal
simd_float4x4([[0.981665, -0.0256857, -0.188873, 0.0)], [0.0310497, 0.999193, 0.0254961, 0.0)], [0.188066, -0.0308931, 0.98167, 0.0)], [0.000124991, 0.0249544, 0.00777631, 1.0)]])
0.000124991, 0.0249544, 0.00777631
float3(0.030898, 0.189284, -0.0257008)
1533095.25334908
normal
simd_float4x4([[0.973611, -0.0261217, -0.226712, 0.0)], [0.0325692, 0.999163, 0.0247449, 0.0)], [0.225876, -0.0314758, 0.973647, 0.0)], [-0.00328265, 0.0223654, 0.00957443, 1.0)]])
-0.00328265, 0.0223654, 0.00957443
float3(0.031481, 0.227958, -0.0261376)
1533095.35340067
normal
simd_float4x4([[0.961149, -0.0265569, -0.274751, 0.0)], [0.0333319, 0.999244, 0.0200185, 0.0)], [0.274012, -0.0283987, 0.961307, 0.0)], [-0.0060865, 0.0224212, 0.00930749, 1.0)]])
-0.0060865, 0.0224212, 0.00930749
float3(0.0284025, 0.277677, -0.0265707)
1533095.45345221
normal
simd_float4x4([[0.945453, -0.0285147, -0.324507, 0.0)], [0.0352167, 0.99927, 0.0147975, 0.0)], [0.323848, -0.0254184, 0.945768, 0.0)], [-0.00593602, 0.0217573, 0.0123895, 1.0)]])
-0.00593602, 0.0217573, 0.0123895
float3(0.0254212, 0.329904, -0.0285278)
1533095.55350354
normal
simd_float4x4([[0.928459, -0.0322865, -0.370029, 0.0)], [0.0377497, 0.999259, 0.00753054, 0.0)], [0.369512, -0.0209603, 0.928989, 0.0)], [-0.00388373, 0.0214869, 0.0167034, 1.0)]])
-0.00388373, 0.0214869, 0.0167034
float3(0.0209618, 0.378571, -0.0322992)
1533095.65355492
normal
simd_float4x4([[0.911728, -0.036962, -0.409128, 0.0)], [0.0373401, 0.999278, -0.00706681, 0.0)], [0.409094, -0.00883388, 0.91245, 0.0)], [0.000849724, 0.021534, 0.0196582, 1.0)]])
0.000849724, 0.021534, 0.0196582
float3(0.008834, 0.421478, -0.0369718)
1533095.75360658
normal
simd_float4x4([[0.897755, -0.0413542, -0.43855, 0.0)], [0.0301167, 0.999016, -0.032553, 0.0)], [0.439464, 0.0160169, 0.898117, 0.0)], [0.00730382, 0.0202386, 0.0205001, 1.0)]])
0.00730382, 0.0202386, 0.0205001
float3(-0.0160176, 0.455065, -0.0413713)
1533095.85365796
normal
simd_float4x4([[0.887192, -0.0456722, -0.459135, 0.0)], [0.0173061, 0.997683, -0.0658031, 0.0)], [0.461077, 0.0504341, 0.885926, 0.0)], [0.0120572, 0.0166477, 0.0199506, 1.0)]])
0.0120572, 0.0166477, 0.0199506
float3(-0.0504555, 0.47987, -0.0457463)
1533095.95370954
normal
simd_float4x4([[0.879676, -0.0481696, -0.473127, 0.0)], [0.002583, 0.995327, -0.0965329, 0.0)], [0.475566, 0.0836956, 0.87569, 0.0)], [0.0102769, 0.015235, 0.0215947, 1.0)]])
0.0102769, 0.015235, 0.0215947
float3(-0.0837936, 0.497511, -0.0483581)
1533096.05376113
normal
simd_float4x4([[0.875569, -0.0503427, -0.480462, 0.0)], [-0.00946558, 0.992577, -0.121252, 0.0)], [0.482999, 0.110712, 0.868593, 0.0)], [0.0159141, 0.0125633, 0.0216748, 1.0)]])
0.0159141, 0.0125633, 0.0216748
float3(-0.11094, 0.507492, -0.0506758)
1533096.15381262
normal
simd_float4x4([[0.874633, -0.0494689, -0.482255, 0.0)], [-0.0204933, 0.990118, -0.138732, 0.0)], [0.484352, 0.131222, 0.864976, 0.0)], [0.018486, 0.00966545, 0.0243512, 1.0)]])
0.018486, 0.00966545, 0.0243512
float3(-0.131602, 0.510458, -0.0499211)
1533096.25386417
normal
simd_float4x4([[0.877257, -0.0465914, -0.477755, 0.0)], [-0.0297615, 0.988084, -0.151008, 0.0)], [0.479098, 0.146691, 0.865417, 0.0)], [0.0175496, 0.0089166, 0.0222646, 1.0)]])
0.0175496, 0.0089166, 0.0222646
float3(-0.147223, 0.505605, -0.0471184)
1533096.35391558
normal
simd_float4x4([[0.884538, -0.0438432, -0.464403, 0.0)], [-0.0348077, 0.986594, -0.159439, 0.0)], [0.465168, 0.157195, 0.871154, 0.0)], [0.0185304, 0.00957318, 0.0186152, 1.0)]])
0.0185304, 0.00957318, 0.0186152
float3(-0.15785, 0.490451, -0.0444098)
1533096.45396712
normal
simd_float4x4([[0.896628, -0.0438259, -0.44061, 0.0)], [-0.0307413, 0.986527, -0.160684, 0.0)], [0.441716, 0.157619, 0.883201, 0.0)], [0.025932, 0.0116987, 0.0159731, 1.0)]])
0.025932, 0.0116987, 0.0159731
float3(-0.158279, 0.463752, -0.0443953)
1533096.55401858
normal
simd_float4x4([[0.910051, -0.0430857, -0.412251, 0.0)], [-0.0243033, 0.987325, -0.156838, 0.0)], [0.413784, 0.15275, 0.897469, 0.0)], [0.0322617, 0.0131265, 0.0091549, 1.0)]])
0.0322617, 0.0131265, 0.0091549
float3(-0.15335, 0.43201, -0.0436112)
1533096.65407017
normal
simd_float4x4([[0.92314, -0.0429538, -0.382056, 0.0)], [-0.0153696, 0.988822, -0.148308, 0.0)], [0.384155, 0.142781, 0.912161, 0.0)], [0.0401839, 0.0165021, 0.00511619, 1.0)]])
0.0401839, 0.0165021, 0.00511619
float3(-0.143271, 0.398604, -0.0434121)
1533096.75412171
normal
simd_float4x4([[0.934062, -0.0427407, -0.354544, 0.0)], [-0.0077862, 0.990139, -0.139875, 0.0)], [0.357027, 0.133413, 0.924518, 0.0)], [0.0478796, 0.0169874, -0.000213381, 1.0)]])
0.0478796, 0.0169874, -0.000213381
float3(-0.133812, 0.368533, -0.0431396)
1533096.85417304
normal
simd_float4x4([[0.945271, -0.0420053, -0.323572, 0.0)], [-0.000169469, 0.991615, -0.129224, 0.0)], [0.326287, 0.122207, 0.937338, 0.0)], [0.0572123, 0.01651, -0.00599607, 1.0)]])
0.0572123, 0.01651, -0.00599607
float3(-0.122513, 0.334981, -0.0423351)
1533096.95422475
normal
simd_float4x4([[0.957375, -0.0385609, -0.286262, 0.0)], [0.002602, 0.99216, -0.124946, 0.0)], [0.288836, 0.118876, 0.949969, 0.0)], [0.0684565, 0.0132745, -0.0160994, 1.0)]])
0.0684565, 0.0132745, -0.0160994
float3(-0.119158, 0.295166, -0.038846)
1533097.05427625
normal
simd_float4x4([[0.969861, -0.0321983, -0.241522, 0.0)], [0.0007624, 0.991627, -0.129137, 0.0)], [0.243657, 0.12506, 0.961765, 0.0)], [0.0841246, 0.0096815, -0.0257372, 1.0)]])
0.0841246, 0.0096815, -0.0257372
float3(-0.125389, 0.248124, -0.0324588)
1533097.15432767
normal
simd_float4x4([[0.98135, -0.019145, -0.191275, 0.0)], [-0.0085308, 0.989711, -0.142829, 0.0)], [0.192042, 0.141797, 0.971089, 0.0)], [0.101815, 0.00398478, -0.0379198, 1.0)]])
0.101815, 0.00398478, -0.0379198
float3(-0.142276, 0.19524, -0.0193416)
1533097.25437921
normal
simd_float4x4([[0.990415, -0.00599756, -0.137991, 0.0)], [-0.0174717, 0.985591, -0.168239, 0.0)], [0.137011, 0.169037, 0.97604, 0.0)], [0.12299, -0.00388997, -0.0535227, 1.0)]])
0.12299, -0.00388997, -0.0535227
float3(-0.169853, 0.139463, -0.00608517)
1533097.35443083
normal
simd_float4x4([[0.995752, -0.0076147, -0.0917616, 0.0)], [-0.00990652, 0.98193, -0.188985, 0.0)], [0.0915426, 0.189091, 0.977683, 0.0)], [0.135137, -0.00833783, -0.0730525, 1.0)]])
0.135137, -0.00833783, -0.0730525
float3(-0.190236, 0.09336, -0.00775468)
1533097.45448225
normal
simd_float4x4([[0.99793, -0.0111223, -0.0633458, 0.0)], [-0.00176347, 0.979831, -0.19982, 0.0)], [0.0642906, 0.199518, 0.977783, 0.0)], [0.139119, -0.00989582, -0.0966125, 1.0)]])
0.139119, -0.00989582, -0.0966125
float3(-0.200866, 0.0656569, -0.0113507)
1533097.55453375
normal
simd_float4x4([[0.998528, -0.0105957, -0.0531903, 0.0)], [-0.00152007, 0.974878, -0.222734, 0.0)], [0.0542141, 0.222487, 0.973427, 0.0)], [0.142785, -0.0239986, -0.127068, 1.0)]])
0.142785, -0.0239986, -0.127068
float3(-0.224365, 0.0556366, -0.0108683)
1533097.65458529
normal
simd_float4x4([[0.999352, 0.000467233, -0.0359747, 0.0)], [-0.00922111, 0.969842, -0.24356, 0.0)], [0.034776, 0.243734, 0.969218, 0.0)], [0.12708, -0.03337, -0.171449, 1.0)]])
0.12708, -0.03337, -0.171449
float3(-0.246214, 0.0358651, 0.000481762)
1533097.75463679
normal
simd_float4x4([[0.999919, 0.0119904, -0.00415036, 0.0)], [-0.0126417, 0.969473, -0.244872, 0.0)], [0.0010876, 0.244905, 0.969546, 0.0)], [0.11398, -0.0398326, -0.224376, 1.0)]])
0.11398, -0.0398326, -0.224376
float3(-0.247422, 0.00112176, 0.0123673)
1533097.85468842
normal
simd_float4x4([[0.998523, 0.018663, 0.0510159, 0.0)], [-0.00553097, 0.969179, -0.246296, 0.0)], [-0.0540401, 0.245651, 0.967851, 0.0)], [0.100002, -0.037804, -0.279741, 1.0)]])
0.100002, -0.037804, -0.279741
float3(-0.248191, -0.0557772, 0.0192542)
1533097.95473983
normal
simd_float4x4([[0.989294, 0.0285358, 0.143122, 0.0)], [0.00860168, 0.967591, -0.252377, 0.0)], [-0.145685, 0.250906, 0.956986, 0.0)], [0.10304, -0.0396902, -0.325405, 1.0)]])
0.10304, -0.0396902, -0.325405
float3(-0.253616, -0.151073, 0.0294831)
1533098.05479125
normal
simd_float4x4([[0.966607, 0.0394131, 0.253215, 0.0)], [0.0272021, 0.966739, -0.254313, 0.0)], [-0.254816, 0.252709, 0.933385, 0.0)], [0.119858, -0.0372444, -0.369058, 1.0)]])
0.119858, -0.0372444, -0.369058
float3(-0.255479, -0.266508, 0.0407465)
1533098.15484275
normal
simd_float4x4([[0.919643, 0.0480106, 0.389809, 0.0)], [0.0583358, 0.964794, -0.256455, 0.0)], [-0.388398, 0.258587, 0.884466, 0.0)], [0.152707, -0.0374518, -0.411061, 1.0)]])
0.152707, -0.0374518, -0.411061
float3(-0.261559, -0.413781, 0.0497215)
1533098.25489425
normal
simd_float4x4([[0.847921, 0.0449851, 0.52821, 0.0)], [0.106036, 0.961865, -0.252135, 0.0)], [-0.519409, 0.2698, 0.810816, 0.0)], [0.201732, -0.0394334, -0.445678, 1.0)]])
0.201732, -0.0394334, -0.445678
float3(-0.273185, -0.569739, 0.0467346)
1533098.35494592
normal
simd_float4x4([[0.770239, 0.0279685, 0.637142, 0.0)], [0.151292, 0.962507, -0.225147, 0.0)], [-0.61955, 0.269812, 0.737129, 0.0)], [0.258956, -0.0411118, -0.474196, 1.0)]])
0.258956, -0.0411118, -0.474196
float3(-0.273197, -0.698948, 0.0290498)
1533098.45499746
normal
simd_float4x4([[0.703954, 0.00202107, 0.710242, 0.0)], [0.181475, 0.96629, -0.182618, 0.0)], [-0.686669, 0.257446, 0.679858, 0.0)], [0.321795, -0.0435339, -0.497431, 1.0)]])
0.321795, -0.0435339, -0.497431
float3(-0.260378, -0.790383, 0.00209158)
1533098.555049
normal
simd_float4x4([[0.63456, -0.0136504, 0.772753, 0.0)], [0.178771, 0.975322, -0.129572, 0.0)], [-0.751914, 0.220367, 0.62134, 0.0)], [0.397526, -0.0361965, -0.517064, 1.0)]])
0.397526, -0.0361965, -0.517064
float3(-0.222191, -0.880197, -0.0139949)
1533098.6551005
normal
simd_float4x4([[0.559893, -0.011749, 0.828482, 0.0)], [0.140604, 0.986745, -0.0810278, 0.0)], [-0.816548, 0.161855, 0.554123, 0.0)], [0.473384, -0.0129184, -0.524509, 1.0)]])
0.473384, -0.0129184, -0.524509
float3(-0.16257, -0.974566, -0.0119063)
1533098.75515188
normal
simd_float4x4([[0.49603, -0.0123781, 0.868217, 0.0)], [0.123021, 0.990814, -0.0561585, 0.0)], [-0.859546, 0.134665, 0.492996, 0.0)], [0.538486, -0.0013673, -0.523407, 1.0)]])
0.538486, -0.0013673, -0.523407
float3(-0.135076, -1.05005, -0.0124922)
1533098.85520367
normal
simd_float4x4([[0.426861, -0.0116163, 0.904243, 0.0)], [0.11288, 0.992782, -0.0405328, 0.0)], [-0.897245, 0.119373, 0.42509, 0.0)], [0.595737, 0.00879843, -0.526319, 1.0)]])
0.595737, 0.00879843, -0.526319
float3(-0.119658, -1.12835, -0.0117002)
1533098.95525496
normal
simd_float4x4([[0.345145, -0.00429977, 0.938539, 0.0)], [0.125378, 0.991238, -0.0415662, 0.0)], [-0.930137, 0.132019, 0.34266, 0.0)], [0.656143, 0.00610828, -0.533337, 1.0)]])
0.656143, 0.00610828, -0.533337
float3(-0.132405, -1.21783, -0.00433776)
1533099.05530658
normal
simd_float4x4([[0.275454, 0.000975028, 0.961314, 0.0)], [0.14425, 0.988635, -0.0423359, 0.0)], [-0.95043, 0.150331, 0.272183, 0.0)], [0.71871, -0.00192821, -0.547884, 1.0)]])
0.71871, -0.00192821, -0.547884
float3(-0.150903, -1.29188, 0.000986236)
1533099.15535812
normal
simd_float4x4([[0.229634, 0.00372905, 0.97327, 0.0)], [0.155302, 0.98704, -0.0404239, 0.0)], [-0.960806, 0.160433, 0.226079, 0.0)], [0.785896, -0.0124676, -0.572047, 1.0)]])
0.785896, -0.0124676, -0.572047
float3(-0.161129, -1.3397, 0.003778)
1533099.25540967
normal
simd_float4x4([[0.211991, 0.00616393, 0.977252, 0.0)], [0.142606, 0.989081, -0.0371734, 0.0)], [-0.966811, 0.147242, 0.208797, 0.0)], [0.855024, -0.0180774, -0.609012, 1.0)]])
0.855024, -0.0180774, -0.609012
float3(-0.14778, -1.3581, 0.0062319)
1533099.35546125
normal
simd_float4x4([[0.207636, 0.00188789, 0.978204, 0.0)], [0.099234, 0.994799, -0.0229836, 0.0)], [-0.97316, 0.101843, 0.206369, 0.0)], [0.92148, -0.00093722, -0.65157, 1.0)]])
0.92148, -0.00093722, -0.65157
float3(-0.10202, -1.36183, 0.00189776)
1533099.45551254
normal
simd_float4x4([[0.182936, -0.0108405, 0.983065, 0.0)], [0.105448, 0.994387, -0.00865708, 0.0)], [-0.977453, 0.105246, 0.183052, 0.0)], [0.986874, 0.0116104, -0.680853, 1.0)]])
0.986874, 0.0116104, -0.680853
float3(-0.105441, -1.38567, -0.0109013)
1533099.55556421
normal
simd_float4x4([[0.16196, -0.0219856, 0.986552, 0.0)], [0.110339, 0.993886, 0.00403491, 0.0)], [-0.980609, 0.108202, 0.163395, 0.0)], [1.04648, 0.0238054, -0.703542, 1.0)]])
1.04648, 0.0238054, -0.703542
float3(-0.108414, -1.40569, -0.0221172)
1533099.65561567
normal
simd_float4x4([[0.148987, -0.0234773, 0.98856, 0.0)], [0.128631, 0.991684, 0.00416537, 0.0)], [-0.980437, 0.126539, 0.150768, 0.0)], [1.10864, 0.0203456, -0.719991, 1.0)]])
1.10864, 0.0203456, -0.719991
float3(-0.126879, -1.41822, -0.0236698)
1533099.75566737
normal
simd_float4x4([[0.147976, -0.0278241, 0.988599, 0.0)], [0.147247, 0.989083, 0.00579741, 0.0)], [-0.977968, 0.14471, 0.150458, 0.0)], [1.17383, 0.0101009, -0.727344, 1.0)]])
1.17383, 0.0101009, -0.727344
float3(-0.14522, -1.41815, -0.0281238)
1533099.85571871
normal
simd_float4x4([[0.154607, -0.0325396, 0.98744, 0.0)], [0.149272, 0.988753, 0.00921083, 0.0)], [-0.976634, 0.145973, 0.157725, 0.0)], [1.25101, 0.000434939, -0.72838, 1.0)]])
1.25101, 0.000434939, -0.72838
float3(-0.146497, -1.41068, -0.0328978)
1533099.95577029
normal
simd_float4x4([[0.149153, -0.0305532, 0.988342, 0.0)], [0.0971241, 0.995142, 0.0161062, 0.0)], [-0.984033, 0.0935895, 0.151395, 0.0)], [1.33846, 0.0130864, -0.723403, 1.0)]])
1.33846, 0.0130864, -0.723403
float3(-0.0937267, -1.41814, -0.0306927)
1533100.05582188
normal
simd_float4x4([[0.135008, -0.0240077, 0.990554, 0.0)], [0.0766008, 0.996967, 0.0137228, 0.0)], [-0.987879, 0.0740246, 0.136438, 0.0)], [1.42371, 0.0254587, -0.720509, 1.0)]])
1.42371, 0.0254587, -0.720509
float3(-0.0740923, -1.43355, -0.024076)
1533100.15587325
normal
simd_float4x4([[0.151437, -0.0165404, 0.988328, 0.0)], [0.0807024, 0.996729, 0.00431529, 0.0)], [-0.985167, 0.0791069, 0.152277, 0.0)], [1.50051, 0.0319857, -0.728243, 1.0)]])
1.50051, 0.0319857, -0.728243
float3(-0.0791897, -1.41744, -0.0165931)
1533100.255925
normal
simd_float4x4([[0.17193, 0.00374912, 0.985102, 0.0)], [0.0856377, 0.99615, -0.0187375, 0.0)], [-0.98138, 0.0875835, 0.170947, 0.0)], [1.57156, 0.0286529, -0.740755, 1.0)]])
1.57156, 0.0286529, -0.740755
float3(-0.0876958, -1.39834, 0.00376359)
1533100.35597638
normal
simd_float4x4([[0.179716, 0.0137323, 0.983623, 0.0)], [0.103455, 0.994094, -0.0327806, 0.0)], [-0.978263, 0.107652, 0.177233, 0.0)], [1.65389, 0.0157996, -0.7598, 1.0)]])
1.65389, 0.0157996, -0.7598
float3(-0.107861, -1.39157, 0.013813)
1533100.45602804
normal
