ARKit Data
263529.939949583
normal
simd_float4x4([[-0.236213, -0.374119, -0.896793, 0.0)], [0.209222, 0.881681, -0.422923, 0.0)], [0.94891, -0.287529, -0.129991, 0.0)], [1.16487, -0.177156, 0.0464027, 1.0)]])
1.16487, -0.177156, 0.0464027
float3(0.291645, 1.70694, -0.401298)
263530.315148583
notAvailable
simd_float4x4([[1.0, 0.0, 0.0, 0.0)], [0.0, 1.0, 0.0, 0.0)], [0.0, 0.0, 1.0, 0.0)], [0.0, 0.0, 0.0, 1.0)]])
0.0, 0.0, 0.0
float3(-0.0, 0.0, 0.0)
263530.431802625
limited(__ObjC.ARCamera.TrackingState.Reason.initializing)
simd_float4x4([[0.920461, -0.375444, -0.108597, 0.0)], [0.390834, 0.884215, 0.25576, 0.0)], [1.55727e-08, -0.27786, 0.960622, 0.0)], [0.0, 0.0, 0.0, 1.0)]])
0.0, 0.0, 0.0
float3(0.281566, 1.62111e-08, -0.401538)
263530.565121375
limited(__ObjC.ARCamera.TrackingState.Reason.initializing)
simd_float4x4([[0.920468, -0.37545, -0.108518, 0.0)], [0.390817, 0.883999, 0.256528, 0.0)], [-0.000383708, -0.278536, 0.960425, 0.0)], [0.0, 0.0, 0.0, 1.0)]])
0.0, 0.0, 0.0
float3(0.28227, -0.000399519, -0.401631)
263530.69844
limited(__ObjC.ARCamera.TrackingState.Reason.initializing)
simd_float4x4([[0.920134, -0.375737, -0.110341, 0.0)], [0.391603, 0.883053, 0.25858, 0.0)], [0.000278574, -0.281138, 0.959667, 0.0)], [0.0, 0.0, 0.0, 1.0)]])
0.0, 0.0, 0.0
float3(0.28498, 0.000290282, -0.402292)
263530.831758541
limited(__ObjC.ARCamera.TrackingState.Reason.initializing)
simd_float4x4([[0.920417, -0.374938, -0.1107, 0.0)], [0.390938, 0.883245, 0.258932, 0.0)], [0.000691618, -0.281602, 0.959531, 0.0)], [0.0, 0.0, 0.0, 1.0)]])
0.0, 0.0, 0.0
float3(0.285463, 0.000720788, -0.401448)
263530.965077291
limited(__ObjC.ARCamera.TrackingState.Reason.initializing)
simd_float4x4([[0.92044, -0.374781, -0.11104, 0.0)], [0.390883, 0.883293, 0.258851, 0.0)], [0.00106836, -0.281661, 0.959514, 0.0)], [0.0, 0.0, 0.0, 1.0)]])
0.0, 0.0, 0.0
float3(0.285524, 0.00111344, -0.401278)
263531.098395958
limited(__ObjC.ARCamera.TrackingState.Reason.initializing)
simd_float4x4([[0.920292, -0.375088, -0.11123, 0.0)], [0.391232, 0.882709, 0.260313, 0.0)], [0.000543352, -0.28308, 0.959096, 0.0)], [0.0, 0.0, 0.0, 1.0)]])
0.0, 0.0, 0.0
float3(0.287004, 0.000566525, -0.40181)
263531.231714791
limited(__ObjC.ARCamera.TrackingState.Reason.initializing)
simd_float4x4([[0.92036, -0.374827, -0.111542, 0.0)], [0.391071, 0.882733, 0.260474, 0.0)], [0.000828987, -0.283351, 0.959016, 0.0)], [0.0, 0.0, 0.0, 1.0)]])
0.0, 0.0, 0.0
float3(0.287286, 0.000864414, -0.40155)
263531.3650335
limited(__ObjC.ARCamera.TrackingState.Reason.initializing)
simd_float4x4([[0.920172, -0.375121, -0.112102, 0.0)], [0.391512, 0.882401, 0.260932, 0.0)], [0.00103743, -0.283992, 0.958826, 0.0)], [0.0, 0.0, 0.0, 1.0)]])
0.0, 0.0, 0.0
float3(0.287955, 0.00108198, -0.401968)
263531.498352125
limited(__ObjC.ARCamera.TrackingState.Reason.initializing)
simd_float4x4([[0.920183, -0.375045, -0.112271, 0.0)], [0.391487, 0.882527, 0.260543, 0.0)], [0.00136708, -0.2837, 0.958911, 0.0)], [0.0, 0.0, 0.0, 1.0)]])
0.0, 0.0, 0.0
float3(0.28765, 0.00142566, -0.401843)
263531.631670708
limited(__ObjC.ARCamera.TrackingState.Reason.initializing)
simd_float4x4([[0.920168, -0.375219, -0.111811, 0.0)], [0.391523, 0.882544, 0.260432, 0.0)], [0.000959356, -0.283418, 0.958995, 0.0)], [0.0, 0.0, 0.0, 1.0)]])
0.0, 0.0, 0.0
float3(0.287356, 0.00100038, -0.402003)
263531.764989458
limited(__ObjC.ARCamera.TrackingState.Reason.initializing)
simd_float4x4([[0.920337, -0.375195, -0.110494, 0.0)], [0.391127, 0.882681, 0.260564, 0.0)], [-0.000231282, -0.283023, 0.959113, 0.0)], [0.0, 0.0, 0.0, 1.0)]])
0.0, 0.0, 0.0
float3(0.286945, -0.000241141, -0.401924)
263531.898308125
limited(__ObjC.ARCamera.TrackingState.Reason.initializing)
simd_float4x4([[0.920521, -0.374884, -0.11001, 0.0)], [0.390692, 0.882872, 0.26057, 0.0)], [-0.000559129, -0.28284, 0.959167, 0.0)], [0.0, 0.0, 0.0, 1.0)]])
0.0, 0.0, 0.0
float3(0.286754, -0.000582932, -0.401548)
263532.031626833
limited(__ObjC.ARCamera.TrackingState.Reason.initializing)
simd_float4x4([[0.920754, -0.374544, -0.109216, 0.0)], [0.39014, 0.882803, 0.261631, 0.0)], [-0.0015763, -0.283507, 0.958969, 0.0)], [0.0, 0.0, 0.0, 1.0)]])
0.0, 0.0, 0.0
float3(0.287449, -0.00164374, -0.40125)
263532.164945583
limited(__ObjC.ARCamera.TrackingState.Reason.initializing)
simd_float4x4([[0.920641, -0.374551, -0.110146, 0.0)], [0.39041, 0.882846, 0.26108, 0.0)], [-0.000546212, -0.283363, 0.959013, 0.0)], [0.0, 0.0, 0.0, 1.0)]])
0.0, 0.0, 0.0
float3(0.287299, -0.000569557, -0.401239)
263532.298264333
limited(__ObjC.ARCamera.TrackingState.Reason.initializing)
simd_float4x4([[0.920437, -0.374461, -0.112138, 0.0)], [0.390889, 0.882839, 0.260387, 0.0)], [0.00149483, -0.283503, 0.95897, 0.0)], [0.0, 0.0, 0.0, 1.0)]])
0.0, 0.0, 0.0
float3(0.287445, 0.00155878, -0.401155)
263532.431583125
limited(__ObjC.ARCamera.TrackingState.Reason.initializing)
simd_float4x4([[0.920295, -0.374313, -0.113788, 0.0)], [0.391214, 0.8828, 0.26003, 0.0)], [0.00311948, -0.28382, 0.958873, 0.0)], [0.0, 0.0, 0.0, 1.0)]])
0.0, 0.0, 0.0
float3(0.287775, 0.00325326, -0.401029)
263532.564901625
limited(__ObjC.ARCamera.TrackingState.Reason.initializing)
simd_float4x4([[0.920153, -0.374279, -0.115038, 0.0)], [0.391533, 0.882896, 0.259221, 0.0)], [0.00454575, -0.283565, 0.958942, 0.0)], [0.0, 0.0, 0.0, 1.0)]])
0.0, 0.0, 0.0
float3(0.287509, 0.00474034, -0.400957)
263532.69822025
limited(__ObjC.ARCamera.TrackingState.Reason.initializing)
simd_float4x4([[0.920267, -0.373717, -0.115953, 0.0)], [0.39125, 0.883161, 0.258746, 0.0)], [0.00570739, -0.283482, 0.958961, 0.0)], [0.0, 0.0, 0.0, 1.0)]])
0.0, 0.0, 0.0
float3(0.287424, 0.00595157, -0.40031)
263532.831539
limited(__ObjC.ARCamera.TrackingState.Reason.initializing)
simd_float4x4([[0.920294, -0.373429, -0.116662, 0.0)], [0.391175, 0.883202, 0.258718, 0.0)], [0.00642284, -0.283732, 0.958881, 0.0)], [0.0, 0.0, 0.0, 1.0)]])
0.0, 0.0, 0.0
float3(0.287684, 0.00669816, -0.400017)
263532.964857833
limited(__ObjC.ARCamera.TrackingState.Reason.initializing)
simd_float4x4([[0.920423, -0.373152, -0.11653, 0.0)], [0.390875, 0.883241, 0.259041, 0.0)], [0.00626276, -0.283976, 0.958811, 0.0)], [0.0, 0.0, 0.0, 1.0)]])
0.0, 0.0, 0.0
float3(0.287938, 0.00653171, -0.399735)
263533.098176541
limited(__ObjC.ARCamera.TrackingState.Reason.initializing)
simd_float4x4([[0.920555, -0.37309, -0.115687, 0.0)], [0.39058, 0.883116, 0.25991, 0.0)], [0.00519478, -0.284446, 0.958678, 0.0)], [0.0, 0.0, 0.0, 1.0)]])
0.0, 0.0, 0.0
float3(0.288429, 0.00541864, -0.399725)
263533.231495291
limited(__ObjC.ARCamera.TrackingState.Reason.initializing)
simd_float4x4([[0.920499, -0.373519, -0.114742, 0.0)], [0.390726, 0.882834, 0.260646, 0.0)], [0.00394163, -0.284756, 0.958591, 0.0)], [0.0, 0.0, 0.0, 1.0)]])
0.0, 0.0, 0.0
float3(0.288752, 0.00411188, -0.400253)
263533.364813958
limited(__ObjC.ARCamera.TrackingState.Reason.initializing)
simd_float4x4([[0.920546, -0.373513, -0.114378, 0.0)], [0.390615, 0.882936, 0.260468, 0.0)], [0.0037002, -0.284451, 0.958683, 0.0)], [0.0, 0.0, 0.0, 1.0)]])
0.0, 0.0, 0.0
float3(0.288434, 0.00385965, -0.400205)
263533.498132416
limited(__ObjC.ARCamera.TrackingState.Reason.initializing)
simd_float4x4([[0.920664, -0.373367, -0.113906, 0.0)], [0.390341, 0.883157, 0.260129, 0.0)], [0.00347289, -0.283953, 0.958831, 0.0)], [0.0, 0.0, 0.0, 1.0)]])
0.0, 0.0, 0.0
float3(0.287915, 0.00362199, -0.399976)
263533.63145125
limited(__ObjC.ARCamera.TrackingState.Reason.initializing)
simd_float4x4([[0.920953, -0.37246, -0.11454, 0.0)], [0.389652, 0.883402, 0.260328, 0.0)], [0.00422299, -0.284381, 0.958701, 0.0)], [0.0, 0.0, 0.0, 1.0)]])
0.0, 0.0, 0.0
float3(0.28836, 0.00440488, -0.399005)
263533.764769958
limited(__ObjC.ARCamera.TrackingState.Reason.initializing)
simd_float4x4([[0.920792, -0.372179, -0.116731, 0.0)], [0.390018, 0.882649, 0.26233, 0.0)], [0.00539884, -0.287078, 0.957892, 0.0)], [0.0, 0.0, 0.0, 1.0)]])
0.0, 0.0, 0.0
float3(0.291175, 0.00563611, -0.399039)
263533.898088666
limited(__ObjC.ARCamera.TrackingState.Reason.initializing)
simd_float4x4([[0.919935, -0.373894, -0.117993, 0.0)], [0.392028, 0.881628, 0.262765, 0.0)], [0.00578, -0.287984, 0.957618, 0.0)], [0.0, 0.0, 0.0, 1.0)]])
0.0, 0.0, 0.0
float3(0.29212, 0.00603574, -0.401104)
263534.0314075
limited(__ObjC.ARCamera.TrackingState.Reason.initializing)
simd_float4x4([[0.919809, -0.374895, -0.115782, 0.0)], [0.392347, 0.881761, 0.261838, 0.0)], [0.00392994, -0.286268, 0.958141, 0.0)], [0.0, 0.0, 0.0, 1.0)]])
0.0, 0.0, 0.0
float3(0.290329, 0.00410161, -0.402011)
263534.164726125
limited(__ObjC.ARCamera.TrackingState.Reason.initializing)
simd_float4x4([[0.920119, -0.374699, -0.113934, 0.0)], [0.39163, 0.882108, 0.261743, 0.0)], [0.00242742, -0.285455, 0.958388, 0.0)], [0.0, 0.0, 0.0, 1.0)]])
0.0, 0.0, 0.0
float3(0.289481, 0.00253281, -0.401681)
263534.298044666
normal
simd_float4x4([[0.925321, -0.3641, -0.105889, 0.0)], [0.379175, 0.890552, 0.251284, 0.0)], [0.00280741, -0.272669, 0.962104, 0.0)], [6.55609e-05, 0.000125228, -0.000271228, 1.0)]])
6.55609e-05, 0.000125228, -0.000271228
float3(0.276166, 0.00291798, -0.388111)
263534.4313635
normal
simd_float4x4([[0.925437, -0.363664, -0.10637, 0.0)], [0.37888, 0.891116, 0.249723, 0.0)], [0.00397269, -0.271405, 0.962457, 0.0)], [3.29614e-05, 0.00078531, -0.00103493, 1.0)]])
3.29614e-05, 0.00078531, -0.00103493
float3(0.274852, 0.00412763, -0.387469)
263534.564682208
normal
simd_float4x4([[0.925431, -0.363575, -0.106725, 0.0)], [0.378887, 0.891364, 0.248827, 0.0)], [0.00466372, -0.270709, 0.96265, 0.0)], [-3.08198e-05, 0.00147514, -0.00138148, 1.0)]])
-3.08198e-05, 0.00147514, -0.00138148
float3(0.274129, 0.00484463, -0.387286)
263534.698000833
normal
simd_float4x4([[0.925264, -0.363946, -0.106912, 0.0)], [0.379296, 0.891155, 0.248952, 0.0)], [0.00467022, -0.270898, 0.962597, 0.0)], [2.09585e-05, 0.00133964, -0.00162301, 1.0)]])
2.09585e-05, 0.00133964, -0.00162301
float3(0.274326, 0.00485165, -0.387725)
263534.831319666
normal
simd_float4x4([[0.925247, -0.363987, -0.106919, 0.0)], [0.379331, 0.891472, 0.247763, 0.0)], [0.00513308, -0.2698, 0.962903, 0.0)], [0.000355187, 0.00175329, -0.00292232, 1.0)]])
0.000355187, 0.00175329, -0.00292232
float3(0.273185, 0.00533079, -0.38764)
263534.964638333
normal
simd_float4x4([[0.925081, -0.364181, -0.10769, 0.0)], [0.379718, 0.891684, 0.246401, 0.0)], [0.00629071, -0.268833, 0.963166, 0.0)], [0.000357475, 0.00139024, -0.00193418, 1.0)]])
0.000357475, 0.00139024, -0.00193418
float3(0.272181, 0.00653119, -0.387744)
263535.097957
normal
simd_float4x4([[0.925057, -0.364451, -0.106983, 0.0)], [0.379791, 0.89148, 0.247028, 0.0)], [0.00534365, -0.269146, 0.963085, 0.0)], [0.000342891, 0.000992589, -0.00145408, 1.0)]])
0.000342891, 0.000992589, -0.00145408
float3(0.272506, 0.00554842, -0.388083)
263535.231275625
normal
simd_float4x4([[0.925022, -0.364755, -0.106244, 0.0)], [0.379887, 0.891384, 0.247227, 0.0)], [0.00452725, -0.269051, 0.963115, 0.0)], [0.00027718, 0.000979962, -0.00135116, 1.0)]])
0.00027718, 0.000979962, -0.00135116
float3(0.272408, 0.0047006, -0.388413)
263535.364594375
normal
simd_float4x4([[0.925171, -0.364594, -0.105498, 0.0)], [0.37953, 0.891571, 0.2471, 0.0)], [0.00396746, -0.26865, 0.96323, 0.0)], [0.00013905, 0.000709869, -0.000819975, 1.0)]])
0.00013905, 0.000709869, -0.000819975
float3(0.271991, 0.00411889, -0.388185)
263535.497913083
normal
simd_float4x4([[0.925181, -0.364726, -0.104953, 0.0)], [0.379512, 0.891429, 0.247638, 0.0)], [0.00323787, -0.268941, 0.963151, 0.0)], [0.000214245, 0.000734924, -0.000614128, 1.0)]])
0.000214245, 0.000734924, -0.000614128
float3(0.272293, 0.00336174, -0.388367)
263535.631231875
normal
simd_float4x4([[0.925134, -0.364886, -0.104805, 0.0)], [0.379626, 0.891429, 0.247463, 0.0)], [0.00313044, -0.268724, 0.963212, 0.0)], [0.000111583, 0.000747798, -0.000495171, 1.0)]])
0.000111583, 0.000747798, -0.000495171
float3(0.272068, 0.00324999, -0.388521)
263535.764550625
normal
simd_float4x4([[0.924893, -0.365629, -0.104347, 0.0)], [0.380219, 0.891183, 0.247441, 0.0)], [0.00252056, -0.268531, 0.963268, 0.0)], [-6.05923e-05, 0.000783226, -0.000403249, 1.0)]])
-6.05923e-05, 0.000783226, -0.000403249
float3(0.271868, 0.00261667, -0.389332)
263535.897869291
normal
simd_float4x4([[0.924919, -0.365571, -0.104316, 0.0)], [0.380159, 0.890568, 0.249733, 0.0)], [0.00160543, -0.27064, 0.962679, 0.0)], [-0.000242662, 0.000765192, -7.24098e-05, 1.0)]])
-0.000242662, 0.000765192, -7.24098e-05
float3(0.274057, 0.00166767, -0.389518)
263536.031187833
normal
simd_float4x4([[0.924968, -0.365249, -0.105006, 0.0)], [0.380037, 0.890595, 0.249825, 0.0)], [0.00226984, -0.270987, 0.96258, 0.0)], [-0.000137333, 0.000764819, -8.69711e-05, 1.0)]])
-0.000137333, 0.000764819, -8.69711e-05
float3(0.274418, 0.00235807, -0.389198)
263536.164506541
normal
simd_float4x4([[0.925004, -0.365066, -0.105329, 0.0)], [0.379951, 0.890378, 0.250727, 0.0)], [0.0022511, -0.271943, 0.962311, 0.0)], [-0.000188693, 0.000639449, 7.34003e-05, 1.0)]])
-0.000188693, 0.000639449, 7.34003e-05
float3(0.275412, 0.00233926, -0.389108)
263536.297825333
normal
simd_float4x4([[0.925075, -0.368158, -0.0932524, 0.0)], [0.379662, 0.890234, 0.251676, 0.0)], [-0.00963989, -0.268223, 0.963309, 0.0)], [-0.000162967, 0.000738908, -0.00121693, 1.0)]])
-0.000162967, 0.000738908, -0.00121693
float3(0.271548, -0.0100067, -0.392134)
263536.431144125
normal
simd_float4x4([[0.925318, -0.369687, -0.0843668, 0.0)], [0.378728, 0.890016, 0.253843, 0.0)], [-0.0187548, -0.266838, 0.963559, 0.0)], [-0.000505779, 0.00201008, -0.00182568, 1.0)]])
-0.000505779, 0.00201008, -0.00182568
float3(0.27011, -0.0194616, -0.393687)
263536.564462833
normal
simd_float4x4([[0.924688, -0.373592, -0.0733561, 0.0)], [0.379592, 0.8898, 0.25331, 0.0)], [-0.0293624, -0.262079, 0.9646, 0.0)], [0.000539102, 0.00195549, -0.00194091, 1.0)]])
0.000539102, 0.00195549, -0.00194091
float3(0.265175, -0.0304306, -0.39751)
263536.697781541
normal
simd_float4x4([[0.925204, -0.374221, -0.0628876, 0.0)], [0.377445, 0.890455, 0.254216, 0.0)], [-0.0391343, -0.258938, 0.965101, 0.0)], [0.00141694, 0.00193559, -0.00189759, 1.0)]])
0.00141694, 0.00193559, -0.00189759
float3(0.261923, -0.0405273, -0.397848)
263536.831100208
normal
simd_float4x4([[0.925773, -0.374791, -0.0497626, 0.0)], [0.374552, 0.891219, 0.255811, 0.0)], [-0.0515264, -0.255462, 0.965445, 0.0)], [0.00308171, 0.00102092, -0.00304005, 1.0)]])
0.00308171, 0.00102092, -0.00304005
float3(0.258326, -0.05332, -0.398084)
263536.964418875
normal
simd_float4x4([[0.924976, -0.37694, -0.0483347, 0.0)], [0.376747, 0.892872, 0.246662, 0.0)], [-0.0498201, -0.246366, 0.967895, 0.0)], [0.00617722, -8.23379e-05, -0.00376023, 1.0)]])
0.00617722, -8.23379e-05, -0.00376023
float3(0.248929, -0.0514272, -0.399468)
263537.0977375
normal
simd_float4x4([[0.922045, -0.383768, -0.0505575, 0.0)], [0.384348, 0.892186, 0.237234, 0.0)], [-0.0459359, -0.238172, 0.970136, 0.0)], [0.0111738, -0.00127378, -0.00447852, 1.0)]])
0.0111738, -0.00127378, -0.00447852
float3(0.240483, -0.0473146, -0.406219)
263537.231056375
normal
simd_float4x4([[0.921973, -0.38556, -0.0361734, 0.0)], [0.382535, 0.892219, 0.240024, 0.0)], [-0.0602693, -0.235134, 0.970093, 0.0)], [0.0185671, -0.00155015, -0.00680474, 1.0)]])
0.0185671, -0.00155015, -0.00680474
float3(0.237356, -0.0620476, -0.4079)
263537.364375
normal
simd_float4x4([[0.924103, -0.381939, -0.0124842, 0.0)], [0.372785, 0.893807, 0.249279, 0.0)], [-0.084051, -0.235014, 0.968351, 0.0)], [0.0278806, -0.00176651, -0.00789213, 1.0)]])
0.0278806, -0.00176651, -0.00789213
float3(0.237233, -0.0865811, -0.403831)
263537.497693833
normal
simd_float4x4([[0.927555, -0.373653, 0.00504213, 0.0)], [0.359236, 0.895321, 0.263343, 0.0)], [-0.102913, -0.242454, 0.964689, 0.0)], [0.0346388, -0.00196512, -0.00926317, 1.0)]])
0.0346388, -0.00196512, -0.00926317
float3(0.244894, -0.106278, -0.395364)
263537.631012541
normal
simd_float4x4([[0.930566, -0.366043, 0.00764963, 0.0)], [0.350699, 0.89717, 0.268507, 0.0)], [-0.105148, -0.247181, 0.963247, 0.0)], [0.0391681, -0.00177559, -0.0102542, 1.0)]])
0.0391681, -0.00177559, -0.0102542
float3(0.24977, -0.10873, -0.387382)
263537.764330958
normal
simd_float4x4([[0.932086, -0.362156, -0.00766287, 0.0)], [0.350906, 0.897476, 0.267211, 0.0)], [-0.089895, -0.251753, 0.963607, 0.0)], [0.0410428, -0.00220523, -0.0112251, 1.0)]])
0.0410428, -0.00220523, -0.0112251
float3(0.254491, -0.0930208, -0.383543)
263537.897649833
normal
simd_float4x4([[0.931499, -0.362397, -0.0312592, 0.0)], [0.357715, 0.897097, 0.25934, 0.0)], [-0.0659415, -0.252757, 0.96528, 0.0)], [0.0381464, -0.0018751, -0.00995927, 1.0)]])
0.0381464, -0.0018751, -0.00995927
float3(0.255529, -0.0682073, -0.383921)
263538.030968416
normal
simd_float4x4([[0.930861, -0.362522, -0.0455604, 0.0)], [0.361588, 0.896124, 0.257324, 0.0)], [-0.052458, -0.256007, 0.96525, 0.0)], [0.0361335, -0.000939979, -0.00909527, 1.0)]])
0.0361335, -0.000939979, -0.00909527
float3(0.25889, -0.0542931, -0.384418)
263538.16428725
normal
simd_float4x4([[0.929398, -0.365246, -0.0530529, 0.0)], [0.366229, 0.894811, 0.255322, 0.0)], [-0.0457833, -0.256726, 0.965399, 0.0)], [0.0339884, 0.00149827, -0.0102757, 1.0)]])
0.0339884, 0.00149827, -0.0102757
float3(0.259633, -0.0473887, -0.38754)
263538.297606
normal
simd_float4x4([[0.928582, -0.365902, -0.0620611, 0.0)], [0.36914, 0.893323, 0.256339, 0.0)], [-0.0383542, -0.260941, 0.964592, 0.0)], [0.0331952, 0.00268478, -0.0103558, 1.0)]])
0.0331952, 0.00268478, -0.0103558
float3(0.263997, -0.0397412, -0.388751)
263538.430924708
normal
simd_float4x4([[0.928638, -0.364458, -0.0692945, 0.0)], [0.36949, 0.89185, 0.260923, 0.0)], [-0.0332951, -0.267906, 0.962869, 0.0)], [0.0321658, 0.00377256, -0.00928045, 1.0)]])
0.0321658, 0.00377256, -0.00928045
float3(0.271219, -0.0345653, -0.387945)
263538.564243458
normal
simd_float4x4([[0.928994, -0.361477, -0.0793962, 0.0)], [0.369235, 0.89065, 0.265346, 0.0)], [-0.0252024, -0.275821, 0.960879, 0.0)], [0.0288648, 0.00385106, -0.00612155, 1.0)]])
0.0288648, 0.00385106, -0.00612155
float3(0.279444, -0.0262224, -0.385546)
263538.697561958
normal
simd_float4x4([[0.928841, -0.360167, -0.0867954, 0.0)], [0.370001, 0.889954, 0.266609, 0.0)], [-0.0187798, -0.279752, 0.959889, 0.0)], [0.0252844, 0.00463282, -0.002877, 1.0)]])
0.0252844, 0.00463282, -0.002877
float3(0.283536, -0.019562, -0.384553)
263538.83088075
normal
simd_float4x4([[0.927842, -0.360734, -0.0947603, 0.0)], [0.3728, 0.889256, 0.265034, 0.0)], [-0.0113408, -0.281237, 0.959571, 0.0)], [0.0238409, 0.00492165, -0.00119255, 1.0)]])
0.0238409, 0.00492165, -0.00119255
float3(0.285083, -0.011818, -0.385374)
263538.964199416
normal
simd_float4x4([[0.927004, -0.361295, -0.100644, 0.0)], [0.374996, 0.888264, 0.265266, 0.0)], [-0.00644094, -0.283643, 0.958908, 0.0)], [0.0225665, 0.00560903, 0.00148879, 1.0)]])
0.0225665, 0.00560903, 0.00148879
float3(0.287591, -0.00671685, -0.386306)
263539.097518166
normal
simd_float4x4([[0.926648, -0.360813, -0.105532, 0.0)], [0.375926, 0.888121, 0.264425, 0.0)], [-0.00168265, -0.284702, 0.958615, 0.0)], [0.0206661, 0.00707679, 0.00470586, 1.0)]])
0.0206661, 0.00707679, 0.00470586
float3(0.288695, -0.00175529, -0.385896)
263539.230836833
normal
simd_float4x4([[0.926205, -0.361439, -0.107268, 0.0)], [0.37702, 0.888041, 0.263132, 0.0)], [0.000152565, -0.284156, 0.958778, 0.0)], [0.0210714, 0.00744409, 0.00565117, 1.0)]])
0.0210714, 0.00744409, 0.00565117
float3(0.288126, 0.000159125, -0.386532)
263539.36415575
normal
simd_float4x4([[0.925547, -0.36304, -0.107537, 0.0)], [0.378631, 0.888036, 0.260826, 0.0)], [0.000806379, -0.282124, 0.959378, 0.0)], [0.0229502, 0.00793919, 0.0039019, 1.0)]])
0.0229502, 0.00793919, 0.0039019
float3(0.286007, 0.000840523, -0.38808)
263539.497474291
normal
simd_float4x4([[0.925495, -0.36422, -0.103937, 0.0)], [0.378757, 0.888936, 0.257556, 0.0)], [-0.00141364, -0.277734, 0.960657, 0.0)], [0.022915, 0.00648468, 0.00470131, 1.0)]])
0.022915, 0.00648468, 0.00470131
float3(0.281435, -0.00147154, -0.388862)
263539.630792958
normal
simd_float4x4([[0.925648, -0.364649, -0.101031, 0.0)], [0.378372, 0.889647, 0.255662, 0.0)], [-0.00334542, -0.27488, 0.961473, 0.0)], [0.0226325, 0.00469018, 0.00556461, 1.0)]])
0.0226325, 0.00469018, 0.00556461
float3(0.278465, -0.00347946, -0.388995)
263539.76411175
normal
simd_float4x4([[0.92613, -0.363664, -0.10016, 0.0)], [0.377191, 0.890543, 0.254284, 0.0)], [-0.00327708, -0.273279, 0.961929, 0.0)], [0.0237279, 0.00405743, 0.00622256, 1.0)]])
0.0237279, 0.00405743, 0.00622256
float3(0.2768, -0.00340676, -0.387695)
263539.897430375
normal
simd_float4x4([[0.927361, -0.360648, -0.0996694, 0.0)], [0.374152, 0.891478, 0.255494, 0.0)], [-0.00329017, -0.274227, 0.961659, 0.0)], [0.0232615, 0.00436259, 0.00700363, 1.0)]])
0.0232615, 0.00436259, 0.00700363
float3(0.277785, -0.00342134, -0.384423)
263540.030749166
normal
simd_float4x4([[0.927838, -0.359921, -0.0978473, 0.0)], [0.372948, 0.891612, 0.256782, 0.0)], [-0.00517951, -0.274744, 0.961503, 0.0)], [0.0227715, 0.00441977, 0.00704179, 1.0)]])
0.0227715, 0.00441977, 0.00704179
float3(0.278324, -0.00538684, -0.38367)
263540.164067833
normal
simd_float4x4([[0.927157, -0.36233, -0.0953808, 0.0)], [0.374598, 0.891305, 0.255444, 0.0)], [-0.00754137, -0.272566, 0.962108, 0.0)], [0.0224455, 0.00476827, 0.00468863, 1.0)]])
0.0224455, 0.00476827, 0.00468863
float3(0.276059, -0.00783823, -0.386111)
263540.297386666
normal
simd_float4x4([[0.926656, -0.363943, -0.0940966, 0.0)], [0.375824, 0.891605, 0.252579, 0.0)], [-0.00802708, -0.269417, 0.96299, 0.0)], [0.0208175, 0.00440796, 0.00426223, 1.0)]])
0.0208175, 0.00440796, 0.00426223
float3(0.272788, -0.00833538, -0.387545)
263540.430705291
normal
simd_float4x4([[0.926772, -0.364741, -0.0897659, 0.0)], [0.375405, 0.891229, 0.254524, 0.0)], [-0.0128334, -0.269584, 0.962891, 0.0)], [0.0207327, 0.0042666, 0.00369769, 1.0)]])
0.0207327, 0.0042666, 0.00369769
float3(0.272961, -0.0133272, -0.38846)
263540.564024041
normal
simd_float4x4([[0.927616, -0.364047, -0.0836579, 0.0)], [0.373067, 0.891701, 0.2563, 0.0)], [-0.0187076, -0.268958, 0.96297, 0.0)], [0.0212938, 0.0041849, 0.00254421, 1.0)]])
0.0212938, 0.0041849, 0.00254421
float3(0.272311, -0.0194245, -0.387608)
263540.697342666
normal
simd_float4x4([[0.928343, -0.363712, -0.0767628, 0.0)], [0.370873, 0.892286, 0.257449, 0.0)], [-0.0251429, -0.26747, 0.963238, 0.0)], [0.0204315, 0.00389961, 0.00207969, 1.0)]])
0.0204315, 0.00389961, 0.00207969
float3(0.270767, -0.0260966, -0.387056)
263540.830661458
normal
simd_float4x4([[0.928037, -0.364368, -0.07735, 0.0)], [0.371593, 0.891243, 0.26001, 0.0)], [-0.0258016, -0.270041, 0.962503, 0.0)], [0.0188031, 0.00351904, 0.00262414, 1.0)]])
0.0188031, 0.00351904, 0.00262414
float3(0.273436, -0.0268003, -0.388096)
263540.963980083
normal
simd_float4x4([[0.928773, -0.362853, -0.0756162, 0.0)], [0.369669, 0.892018, 0.260093, 0.0)], [-0.0269243, -0.26952, 0.962618, 0.0)], [0.018866, 0.00107757, 0.00268113, 1.0)]])
0.018866, 0.00107757, 0.00268113
float3(0.272895, -0.0279626, -0.386335)
263541.097298875
normal
simd_float4x4([[0.930012, -0.361702, -0.0651846, 0.0)], [0.36582, 0.89393, 0.258967, 0.0)], [-0.0353987, -0.264689, 0.963684, 0.0)], [0.0189525, 0.000275433, 0.00123683, 1.0)]])
0.0189525, 0.000275433, 0.00123683
float3(0.267881, -0.0367162, -0.384483)
263541.230617583
normal
simd_float4x4([[0.931137, -0.359977, -0.0583097, 0.0)], [0.362354, 0.895336, 0.258985, 0.0)], [-0.041022, -0.26228, 0.96412, 0.0)], [0.0181442, 0.000247627, 0.000914814, 1.0)]])
0.0181442, 0.000247627, 0.000914814
float3(0.265384, -0.042523, -0.382279)
263541.363936291
normal
simd_float4x4([[0.93247, -0.356688, -0.0572094, 0.0)], [0.358821, 0.896198, 0.260913, 0.0)], [-0.0417938, -0.263822, 0.963665, 0.0)], [0.0167353, 0.000330249, 0.00134679, 1.0)]])
0.0167353, 0.000330249, 0.00134679
float3(0.266982, -0.0433424, -0.378782)
263541.497254916
normal
simd_float4x4([[0.933419, -0.354089, -0.0578808, 0.0)], [0.356372, 0.896296, 0.263916, 0.0)], [-0.0415715, -0.266971, 0.962807, 0.0)], [0.0151433, 0.000204988, 0.00259008, 1.0)]])
0.0151433, 0.000204988, 0.00259008
float3(0.270249, -0.0431506, -0.376239)
263541.630573583
normal
simd_float4x4([[0.934941, -0.349967, -0.0583732, 0.0)], [0.352416, 0.896955, 0.266972, 0.0)], [-0.0410731, -0.270175, 0.961935, 0.0)], [0.0137669, -0.000171935, 0.00259254, 1.0)]])
0.0137669, -0.000171935, 0.00259254
float3(0.273574, -0.0426725, -0.372006)
263541.763892416
normal
simd_float4x4([[0.935847, -0.348326, -0.0534677, 0.0)], [0.349306, 0.896797, 0.271553, 0.0)], [-0.0466392, -0.272808, 0.960937, 0.0)], [0.0127696, -0.00124963, 0.00425332, 1.0)]])
0.0127696, -0.00124963, 0.00425332
float3(0.276311, -0.0484971, -0.370477)
263541.897211166
normal
simd_float4x4([[0.936077, -0.347843, -0.0525837, 0.0)], [0.34868, 0.897519, 0.269964, 0.0)], [-0.0467104, -0.271042, 0.961433, 0.0)], [0.00978947, -0.00117632, 0.00434506, 1.0)]])
0.00978947, -0.00117632, 0.00434506
float3(0.274476, -0.048546, -0.369737)
263542.030529916
normal
simd_float4x4([[0.934213, -0.349331, -0.0722077, 0.0)], [0.355615, 0.896164, 0.265383, 0.0)], [-0.0279964, -0.273602, 0.961435, 0.0)], [0.00272074, -0.00199243, 0.00593681, 1.0)]])
0.00272074, -0.00199243, 0.00593681
float3(0.277136, -0.0291111, -0.371688)
263542.163848541
normal
simd_float4x4([[0.930286, -0.354661, -0.093718, 0.0)], [0.366786, 0.895159, 0.253296, 0.0)], [-0.00594174, -0.270013, 0.962838, 0.0)], [-0.00302554, -0.00319331, 0.00694174, 1.0)]])
-0.00302554, -0.00319331, 0.00694174
float3(0.273406, -0.00617099, -0.377225)
263542.297167166
normal
simd_float4x4([[0.924173, -0.362484, -0.120453, 0.0)], [0.381416, 0.892764, 0.239778, 0.0)], [0.0206202, -0.267539, 0.963326, 0.0)], [-0.00890265, -0.00272035, 0.00799957, 1.0)]])
-0.00890265, -0.00272035, 0.00799957
float3(0.270838, 0.021402, -0.385689)
263542.430485958
normal
simd_float4x4([[0.917156, -0.377448, -0.127894, 0.0)], [0.397322, 0.890955, 0.219852, 0.0)], [0.0309654, -0.252454, 0.967113, 0.0)], [-0.00880285, -0.00300569, 0.0070087, 1.0)]])
-0.00880285, -0.00300569, 0.0070087
float3(0.255215, 0.0320074, -0.400722)
263542.563804791
normal
simd_float4x4([[0.919917, -0.378161, -0.10367, 0.0)], [0.39209, 0.889995, 0.232752, 0.0)], [0.00424861, -0.254761, 0.966995, 0.0)], [-0.0145036, -0.00232178, 0.005472, 1.0)]])
-0.0145036, -0.00232178, 0.005472
float3(0.2576, 0.00439359, -0.401787)
263542.6971235
normal
simd_float4x4([[0.923387, -0.373506, -0.0885941, 0.0)], [0.383631, 0.889772, 0.247249, 0.0)], [-0.0135206, -0.262295, 0.964893, 0.0)], [-0.0164874, 0.000620361, 0.00208894, 1.0)]])
-0.0164874, 0.000620361, 0.00208894
float3(0.265399, -0.0140116, -0.397439)
263542.830442208
normal
simd_float4x4([[0.920044, -0.374253, -0.115989, 0.0)], [0.391691, 0.885962, 0.248291, 0.0)], [0.00983797, -0.273871, 0.961716, 0.0)], [-0.0264564, 0.00304757, -2.31517e-05, 1.0)]])
-0.0264564, 0.00304757, -2.31517e-05
float3(0.277416, 0.0102292, -0.399688)
263542.963760833
normal
simd_float4x4([[0.91295, -0.382396, -0.142461, 0.0)], [0.406616, 0.88191, 0.238535, 0.0)], [0.0344226, -0.275698, 0.960628, 0.0)], [-0.0315188, 0.00214847, 0.00153414, 1.0)]])
-0.0315188, 0.00214847, 0.00153414
float3(0.279316, 0.0358182, -0.409132)
263543.097079541
normal
simd_float4x4([[0.907678, -0.39552, -0.140301, 0.0)], [0.418303, 0.879601, 0.226547, 0.0)], [0.033805, -0.26432, 0.963842, 0.0)], [-0.0312031, 0.0015323, -0.000288189, 1.0)]])
-0.0312031, 0.0015323, -0.000288189
float3(0.267499, 0.0350588, -0.42257)
263543.230398125
normal
simd_float4x4([[0.910261, -0.398341, -0.112917, 0.0)], [0.413968, 0.880529, 0.230864, 0.0)], [0.00746447, -0.25689, 0.966412, 0.0)], [-0.0282524, 0.00163852, -0.00315921, 1.0)]])
-0.0282524, 0.00163852, -0.00315921
float3(0.259803, 0.00772374, -0.424838)
263543.363717041
normal
simd_float4x4([[0.909003, -0.404927, -0.0987306, 0.0)], [0.416637, 0.876404, 0.241514, 0.0)], [-0.0112676, -0.260672, 0.965362, 0.0)], [-0.0254534, 0.00175792, -0.00580821, 1.0)]])
-0.0254534, 0.00175792, -0.00580821
float3(0.263718, -0.0116713, -0.432815)
263543.497035791
normal
simd_float4x4([[0.910065, -0.404668, -0.0895888, 0.0)], [0.413865, 0.875624, 0.248994, 0.0)], [-0.0223136, -0.263678, 0.964352, 0.0)], [-0.0223103, 0.00179832, -0.00582294, 1.0)]])
-0.0223103, 0.00179832, -0.00582294
float3(0.266833, -0.0231343, -0.43291)
263543.6303545
normal
simd_float4x4([[0.917525, -0.389866, -0.07844, 0.0)], [0.396529, 0.881907, 0.254961, 0.0)], [-0.0302238, -0.265036, 0.963765, 0.0)], [-0.022739, 0.00141933, -0.00626181, 1.0)]])
-0.022739, 0.00141933, -0.00626181
float3(0.268242, -0.0313499, -0.416241)
263543.763673125
normal
simd_float4x4([[0.920532, -0.382506, -0.0794368, 0.0)], [0.389691, 0.884678, 0.255904, 0.0)], [-0.0276088, -0.266523, 0.963433, 0.0)], [-0.0235616, 0.00071596, -0.00417566, 1.0)]])
-0.0235616, 0.00071596, -0.00417566
float3(0.269784, -0.0286488, -0.408095)
263543.896991916
normal
simd_float4x4([[0.920325, -0.38164, -0.0857439, 0.0)], [0.390637, 0.885494, 0.251602, 0.0)], [-0.0200958, -0.265051, 0.964025, 0.0)], [-0.023892, 0.00103963, -0.00520607, 1.0)]])
-0.023892, 0.00103963, -0.00520607
float3(0.268256, -0.0208427, -0.406934)
263544.030310583
normal
simd_float4x4([[0.917367, -0.385952, -0.0973599, 0.0)], [0.397971, 0.88472, 0.242672, 0.0)], [-0.00752331, -0.261365, 0.965211, 0.0)], [-0.0237839, 0.00131618, -0.00576503, 1.0)]])
-0.0237839, 0.00131618, -0.00576503
float3(0.264436, -0.00779432, -0.411354)
263544.163629291
normal
simd_float4x4([[0.914781, -0.390624, -0.102901, 0.0)], [0.403945, 0.883262, 0.23807, 0.0)], [-0.00210783, -0.259348, 0.965782, 0.0)], [-0.0222913, 0.000977515, -0.00716431, 1.0)]])
-0.0222913, 0.000977515, -0.00716431
float3(0.262347, -0.00218251, -0.416392)
263544.296948041
normal
simd_float4x4([[0.916548, -0.388795, -0.0936872, 0.0)], [0.399769, 0.884193, 0.241635, 0.0)], [-0.0111091, -0.258924, 0.965834, 0.0)], [-0.0196606, 0.000735208, -0.0106083, 1.0)]])
-0.0196606, 0.000735208, -0.0106083
float3(0.261908, -0.0115015, -0.41427)
263544.430266708
normal
simd_float4x4([[0.917451, -0.387021, -0.0921904, 0.0)], [0.397566, 0.883106, 0.249129, 0.0)], [-0.0150043, -0.265216, 0.964072, 0.0)], [-0.0183886, 0.000155862, -0.0131209, 1.0)]])
-0.0183886, 0.000155862, -0.0131209
float3(0.268427, -0.0155622, -0.41304)
263544.563585416
normal
simd_float4x4([[0.92375, -0.373846, -0.0832134, 0.0)], [0.382544, 0.890086, 0.247805, 0.0)], [-0.0185736, -0.260743, 0.96523, 0.0)], [-0.0208232, -0.00358982, -0.0194587, 1.0)]])
-0.0208232, -0.00358982, -0.0194587
float3(0.263791, -0.0192403, -0.397637)
263544.696904125
normal
simd_float4x4([[0.922758, -0.377067, -0.0796138, 0.0)], [0.384944, 0.892, 0.236967, 0.0)], [-0.0183371, -0.24931, 0.96825, 0.0)], [-0.0216109, -0.00556926, -0.02406, 1.0)]])
-0.0216109, -0.00556926, -0.02406
float3(0.251968, -0.0189362, -0.399939)
263544.83022275
normal
simd_float4x4([[0.924065, -0.379788, -0.0431885, 0.0)], [0.378641, 0.894053, 0.239375, 0.0)], [-0.0522991, -0.237551, 0.969966, 0.0)], [-0.0158836, -0.00446572, -0.0299064, 1.0)]])
-0.0158836, -0.00446572, -0.0299064
float3(0.239844, -0.0538663, -0.401696)
263544.963541541
normal
simd_float4x4([[0.927846, -0.372498, -0.0186224, 0.0)], [0.364719, 0.895766, 0.254134, 0.0)], [-0.0779829, -0.242589, 0.96699, 0.0)], [-0.0170184, -0.00535157, -0.0293196, 1.0)]])
-0.0170184, -0.00535157, -0.0293196
float3(0.245034, -0.0804708, -0.394089)
263545.09686025
normal
simd_float4x4([[0.927907, -0.372079, -0.0233654, 0.0)], [0.365341, 0.89504, 0.255791, 0.0)], [-0.0742613, -0.245886, 0.96645, 0.0)], [-0.0198314, -0.00670213, -0.0288248, 1.0)]])
-0.0198314, -0.00670213, -0.0288248
float3(0.248434, -0.0766885, -0.393977)
263545.230178958
normal
simd_float4x4([[0.926992, -0.374253, -0.024918, 0.0)], [0.367801, 0.893966, 0.256021, 0.0)], [-0.0735407, -0.246495, 0.96635, 0.0)], [-0.0233697, -0.00815258, -0.0299325, 1.0)]])
-0.0233697, -0.00815258, -0.0299325
float3(0.249062, -0.0759551, -0.396474)
263545.36349775
normal
simd_float4x4([[0.926923, -0.374606, -0.0219881, 0.0)], [0.367452, 0.894216, 0.255648, 0.0)], [-0.0761049, -0.245045, 0.96652, 0.0)], [-0.0268195, -0.00917485, -0.0294306, 1.0)]])
-0.0268195, -0.00917485, -0.0294306
float3(0.247566, -0.0785791, -0.39671)
263545.4968165
normal
simd_float4x4([[0.927445, -0.372966, -0.0272324, 0.0)], [0.367412, 0.895225, 0.252151, 0.0)], [-0.0696645, -0.243862, 0.967305, 0.0)], [-0.0293795, -0.00924391, -0.0310937, 1.0)]])
-0.0293795, -0.00924391, -0.0310937
float3(0.246346, -0.071895, -0.394748)
263545.630135166
normal
simd_float4x4([[0.9289, -0.367364, -0.046768, 0.0)], [0.367168, 0.897129, 0.245657, 0.0)], [-0.0482886, -0.245362, 0.968228, 0.0)], [-0.034273, -0.00957547, -0.0318423, 1.0)]])
-0.034273, -0.00957547, -0.0318423
float3(0.247894, -0.0498319, -0.38866)
263545.763453708
normal
simd_float4x4([[0.927946, -0.362717, -0.0857461, 0.0)], [0.372602, 0.897149, 0.237258, 0.0)], [-0.00913031, -0.252111, 0.967655, 0.0)], [-0.0367911, -0.00991455, -0.0299727, 1.0)]])
-0.0367911, -0.00991455, -0.0299727
float3(0.254862, -0.00943522, -0.384207)
263545.8967725
normal
simd_float4x4([[0.925605, -0.367962, -0.08865, 0.0)], [0.378454, 0.896542, 0.230184, 0.0)], [-0.0052207, -0.24661, 0.969101, 0.0)], [-0.0377836, -0.0113968, -0.0330795, 1.0)]])
-0.0377836, -0.0113968, -0.0330795
float3(0.24918, -0.00538711, -0.38946)
263546.030091125
normal
simd_float4x4([[0.927285, -0.372268, -0.0394734, 0.0)], [0.37072, 0.898505, 0.235065, 0.0)], [-0.0520401, -0.232606, 0.971178, 0.0)], [-0.0355354, -0.0131376, -0.0396708, 1.0)]])
-0.0355354, -0.0131376, -0.0396708
float3(0.234756, -0.0535333, -0.39279)
263546.163410041
normal
simd_float4x4([[0.930675, -0.360895, 0.0599809, 0.0)], [0.334658, 0.906057, 0.258969, 0.0)], [-0.147807, -0.220943, 0.964022, 0.0)], [-0.0316783, -0.0164016, -0.0475465, 1.0)]])
-0.0316783, -0.0164016, -0.0475465
float3(0.222781, -0.152138, -0.379052)
263546.296728708
normal
simd_float4x4([[0.924288, -0.342982, 0.167494, 0.0)], [0.286943, 0.913743, 0.287642, 0.0)], [-0.251702, -0.217803, 0.942978, 0.0)], [-0.0230537, -0.0173459, -0.052034, 1.0)]])
-0.0230537, -0.0173459, -0.052034
float3(0.219563, -0.260841, -0.359086)
263546.430047458
normal
simd_float4x4([[0.914608, -0.331388, 0.231674, 0.0)], [0.254643, 0.917143, 0.306603, 0.0)], [-0.314083, -0.221427, 0.923213, 0.0)], [-0.0211528, -0.0173473, -0.0544523, 1.0)]])
-0.0211528, -0.0173473, -0.0544523
float3(0.223278, -0.327923, -0.346729)
263546.563366166
normal
simd_float4x4([[0.908172, -0.330401, 0.25702, 0.0)], [0.245682, 0.917841, 0.311783, 0.0)], [-0.338917, -0.220007, 0.914731, 0.0)], [-0.0220172, -0.0160062, -0.0558007, 1.0)]])
-0.0220172, -0.0160062, -0.0558007
float3(0.221822, -0.354828, -0.345535)
263546.696684708
normal
simd_float4x4([[0.903896, -0.325335, 0.27772, 0.0)], [0.235853, 0.920705, 0.310927, 0.0)], [-0.356854, -0.215545, 0.908953, 0.0)], [-0.0229019, -0.0159848, -0.0572585, 1.0)]])
-0.0229019, -0.0159848, -0.0572585
float3(0.21725, -0.37411, -0.33966)
263546.830003458
normal
simd_float4x4([[0.901998, -0.325073, 0.284125, 0.0)], [0.236672, 0.922699, 0.304324, 0.0)], [-0.36109, -0.207255, 0.909208, 0.0)], [-0.0251878, -0.0161521, -0.0605892, 1.0)]])
-0.0251878, -0.0161521, -0.0605892
float3(0.208769, -0.378045, -0.338728)
263546.963322291
normal
simd_float4x4([[0.907305, -0.327932, 0.263168, 0.0)], [0.249864, 0.923891, 0.289816, 0.0)], [-0.338178, -0.197195, 0.92019, 0.0)], [-0.022398, -0.0185061, -0.0634275, 1.0)]])
-0.022398, -0.0185061, -0.0634275
float3(0.198496, -0.352187, -0.341075)
263547.096641041
normal
simd_float4x4([[0.919836, -0.338591, 0.198137, 0.0)], [0.280084, 0.920443, 0.272648, 0.0)], [-0.27469, -0.195296, 0.941491, 0.0)], [-0.0194223, -0.0193959, -0.069607, 1.0)]])
-0.0194223, -0.0193959, -0.069607
float3(0.19656, -0.283881, -0.352493)
263547.229959666
normal
simd_float4x4([[0.929271, -0.350514, 0.116598, 0.0)], [0.314626, 0.916414, 0.247377, 0.0)], [-0.193561, -0.193196, 0.961878, 0.0)], [-0.00692853, -0.0225932, -0.0799072, 1.0)]])
-0.00692853, -0.0225932, -0.0799072
float3(0.194418, -0.19858, -0.365316)
263547.363278458
normal
simd_float4x4([[0.925543, -0.378383, 0.0139858, 0.0)], [0.366553, 0.904643, 0.217392, 0.0)], [-0.0949097, -0.196079, 0.975984, 0.0)], [0.0234804, -0.0281424, -0.0994722, 1.0)]])
0.0234804, -0.0281424, -0.0994722
float3(0.197358, -0.0969403, -0.396155)
263547.496597083
normal
simd_float4x4([[0.915338, -0.396567, -0.069931, 0.0)], [0.40219, 0.891705, 0.20762, 0.0)], [-0.0199776, -0.218169, 0.975707, 0.0)], [0.0823162, -0.0366549, -0.125132, 1.0)]])
0.0823162, -0.0366549, -0.125132
float3(0.219937, -0.0204722, -0.418462)
263547.629915875
normal
simd_float4x4([[0.919793, -0.381125, -0.0934053, 0.0)], [0.392402, 0.892606, 0.221981, 0.0)], [-0.0012284, -0.240829, 0.970567, 0.0)], [0.172568, -0.0427413, -0.159179, 1.0)]])
0.172568, -0.0427413, -0.159179
float3(0.24322, -0.00126565, -0.403546)
263547.763234541
normal
simd_float4x4([[0.916214, -0.3767, -0.136564, 0.0)], [0.397499, 0.897426, 0.191368, 0.0)], [0.0504675, -0.229618, 0.971972, 0.0)], [0.250153, -0.0391385, -0.18622, 1.0)]])
0.250153, -0.0391385, -0.18622
float3(0.231685, 0.0518763, -0.397421)
263547.896553333
normal
simd_float4x4([[0.888514, -0.412218, -0.201539, 0.0)], [0.443287, 0.884567, 0.145044, 0.0)], [0.118485, -0.218213, 0.968682, 0.0)], [0.303888, -0.0271424, -0.202341, 1.0)]])
0.303888, -0.0271424, -0.202341
float3(0.219983, 0.121712, -0.436089)
263548.029871958
normal
simd_float4x4([[0.841022, -0.442922, -0.310649, 0.0)], [0.48833, 0.868652, 0.0835382, 0.0)], [0.232844, -0.221956, 0.946847, 0.0)], [0.33398, -0.0199869, -0.212225, 1.0)]])
0.33398, -0.0199869, -0.212225
float3(0.22382, 0.241131, -0.471533)
263548.163190791
normal
simd_float4x4([[0.797397, -0.456913, -0.394193, 0.0)], [0.500592, 0.865634, 0.00926278, 0.0)], [0.336994, -0.204716, 0.918981, 0.0)], [0.34195, -0.0239598, -0.223358, 1.0)]])
0.34195, -0.0239598, -0.223358
float3(0.206173, 0.351478, -0.485668)
263548.296509458
normal
simd_float4x4([[0.772662, -0.461578, -0.435819, 0.0)], [0.490119, 0.870069, -0.052564, 0.0)], [0.403455, -0.172989, 0.898498, 0.0)], [0.342107, -0.0330498, -0.248258, 1.0)]])
0.342107, -0.0330498, -0.248258
float3(0.173863, 0.42205, -0.487754)
263548.429828125
normal
simd_float4x4([[0.782326, -0.44841, -0.432313, 0.0)], [0.462605, 0.883056, -0.0787936, 0.0)], [0.417088, -0.138348, 0.898274, 0.0)], [0.33911, -0.0487025, -0.290516, 1.0)]])
0.33911, -0.0487025, -0.290516
float3(0.138793, 0.4347, -0.469863)
263548.563146875
normal
simd_float4x4([[0.807831, -0.426803, -0.406508, 0.0)], [0.441927, 0.894947, -0.0614084, 0.0)], [0.390012, -0.130039, 0.911581, 0.0)], [0.276112, -0.0949007, -0.272548, 1.0)]])
0.276112, -0.0949007, -0.272548
float3(0.130409, 0.404275, -0.445)
263548.696465416
normal
simd_float4x4([[0.802961, -0.396933, -0.444632, 0.0)], [0.421435, 0.905619, -0.0473979, 0.0)], [0.421481, -0.149325, 0.894458, 0.0)], [0.267461, -0.0869433, -0.412923, 1.0)]])
0.267461, -0.0869433, -0.412923
float3(0.149886, 0.440355, -0.413082)
263548.829784208
normal
simd_float4x4([[0.806273, -0.384582, -0.449467, 0.0)], [0.429079, 0.903262, -0.00316794, 0.0)], [0.407205, -0.190303, 0.893291, 0.0)], [0.20803, -0.0800386, -0.404856, 1.0)]])
0.20803, -0.0800386, -0.404856
float3(0.19147, 0.427706, -0.402523)
263548.963103041
normal
simd_float4x4([[0.768603, -0.370375, -0.521605, 0.0)], [0.422093, 0.906296, -0.0215629, 0.0)], [0.480714, -0.203593, 0.852915, 0.0)], [0.184463, -0.0754226, -0.479257, 1.0)]])
0.184463, -0.0754226, -0.479257
float3(0.205026, 0.513235, -0.387958)
263549.096421791
normal
simd_float4x4([[0.732096, -0.36327, -0.576255, 0.0)], [0.41974, 0.906831, -0.0384116, 0.0)], [0.53652, -0.213756, 0.816366, 0.0)], [0.156466, -0.0734181, -0.512461, 1.0)]])
0.156466, -0.0734181, -0.512461
float3(0.215418, 0.581424, -0.381017)
263549.229740291
normal
