ARKit Data
1038125.51298575
normal
simd_float4x4([[-0.163972, -0.88975, 0.425978, 0.0)], [0.948782, -0.0240337, 0.315016, 0.0)], [-0.270048, 0.455815, 0.84812, 0.0)], [-0.554071, 0.187838, -0.213075, 1.0)]])
-0.554071, 0.187838, -0.213075
float3(-0.473287, -0.308258, -1.5978)
1038125.71309525
normal
simd_float4x4([[-0.159993, -0.913399, 0.374306, 0.0)], [0.947191, -0.0353018, 0.318721, 0.0)], [-0.277906, 0.405532, 0.870811, 0.0)], [-0.580569, 0.23209, -0.20909, 1.0)]])
-0.580569, 0.23209, -0.20909
float3(-0.417561, -0.308918, -1.60943)
1038126.45062717
notAvailable
simd_float4x4([[0.296444, 0.0, 0.95505, 0.0)], [0.0, 1.0, 0.0, 0.0)], [-0.95505, 0.0, 0.296444, 0.0)], [0.131139, -0.0953307, 0.0668841, 1.0)]])
0.131139, -0.0953307, 0.0668841
float3(-0.0, -1.26983, 0.0)
1038126.65070308
limited(__ObjC.ARCamera.TrackingState.Reason.initializing)
simd_float4x4([[0.00311934, -0.896119, 0.443803, 0.0)], [0.999986, 0.00466533, 0.00239159, 0.0)], [-0.00421364, 0.44379, 0.896121, 0.0)], [0.0, 0.0, 0.0, 1.0)]])
0.0, 0.0, 0.0
float3(-0.459823, -0.00470205, -1.56559)
1038126.85081296
limited(__ObjC.ARCamera.TrackingState.Reason.initializing)
simd_float4x4([[-0.021066, -0.875201, 0.483299, 0.0)], [0.999642, -0.0104685, 0.024615, 0.0)], [-0.0164837, 0.483645, 0.875108, 0.0)], [0.0, 0.0, 0.0, 1.0)]])
0.0, 0.0, 0.0
float3(-0.504814, -0.0188339, -1.58276)
1038127.05092271
limited(__ObjC.ARCamera.TrackingState.Reason.initializing)
simd_float4x4([[-0.0353479, -0.864086, 0.502101, 0.0)], [0.997287, 0.00196421, 0.0735893, 0.0)], [-0.0645738, 0.50334, 0.861672, 0.0)], [0.0, 0.0, 0.0, 1.0)]])
0.0, 0.0, 0.0
float3(-0.52746, -0.0748003, -1.56852)
1038127.25103246
limited(__ObjC.ARCamera.TrackingState.Reason.initializing)
simd_float4x4([[-0.0711975, -0.862748, 0.500595, 0.0)], [0.988574, 0.00581457, 0.150622, 0.0)], [-0.13286, 0.5056, 0.852477, 0.0)], [0.0, 0.0, 0.0, 1.0)]])
0.0, 0.0, 0.0
float3(-0.530077, -0.154608, -1.56406)
1038127.45114233
limited(__ObjC.ARCamera.TrackingState.Reason.initializing)
simd_float4x4([[-0.122111, -0.873778, 0.470742, 0.0)], [0.967141, 0.00180858, 0.254236, 0.0)], [-0.222997, 0.486319, 0.844846, 0.0)], [0.0, 0.0, 0.0, 1.0)]])
0.0, 0.0, 0.0
float3(-0.507872, -0.258065, -1.56873)
1038127.667928
normal
simd_float4x4([[-0.204404, -0.895484, 0.395384, 0.0)], [0.920046, -0.0378216, 0.389981, 0.0)], [-0.334268, 0.443485, 0.831617, 0.0)], [0.0356851, 0.0166701, 0.0301954, 1.0)]])
0.0356851, 0.0166701, 0.0301954
float3(-0.459483, -0.382186, -1.61301)
1038127.88471375
normal
simd_float4x4([[-0.227375, -0.912541, 0.339956, 0.0)], [0.861096, -0.0253783, 0.507809, 0.0)], [-0.454769, 0.408198, 0.791555, 0.0)], [0.0640895, 0.0466712, 0.0820859, 1.0)]])
0.0640895, 0.0466712, 0.0820859
float3(-0.420479, -0.521478, -1.5986)
1038128.10149937
normal
simd_float4x4([[-0.206838, -0.918358, 0.337397, 0.0)], [0.823454, 0.022819, 0.566923, 0.0)], [-0.528338, 0.395092, 0.751506, 0.0)], [0.0488116, 0.036377, 0.0695212, 1.0)]])
0.0488116, 0.036377, 0.0695212
float3(-0.406168, -0.612762, -1.54595)
1038128.31828508
normal
simd_float4x4([[-0.199727, -0.92156, 0.332922, 0.0)], [0.824568, 0.0254734, 0.56519, 0.0)], [-0.529337, 0.3874, 0.754801, 0.0)], [0.037696, 0.0326769, 0.0685077, 1.0)]])
0.037696, 0.0326769, 0.0685077
float3(-0.39781, -0.611593, -1.54316)
1038128.518395
normal
simd_float4x4([[-0.194892, -0.914568, 0.354375, 0.0)], [0.84778, 0.024617, 0.529776, 0.0)], [-0.49324, 0.403681, 0.770555, 0.0)], [0.0275111, 0.0273119, 0.0571446, 1.0)]])
0.0275111, 0.0273119, 0.0571446
float3(-0.415537, -0.569391, -1.54389)
1038128.73518092
normal
simd_float4x4([[-0.177741, -0.896547, 0.405724, 0.0)], [0.88421, 0.0354714, 0.46574, 0.0)], [-0.43195, 0.441526, 0.786431, 0.0)], [0.00422087, 0.0107624, 0.0300252, 1.0)]])
0.00422087, 0.0107624, 0.0300252
float3(-0.457299, -0.502269, -1.53125)
1038128.93529083
normal
simd_float4x4([[-0.158783, -0.887747, 0.432081, 0.0)], [0.915418, 0.03157, 0.401265, 0.0)], [-0.369862, 0.459248, 0.807647, 0.0)], [-0.0213128, 0.00156704, 0.00350484, 1.0)]])
-0.0213128, 0.00156704, 0.00350484
float3(-0.477149, -0.429446, -1.53525)
1038129.18542854
normal
simd_float4x4([[-0.14002, -0.877297, 0.459069, 0.0)], [0.943622, 0.0222216, 0.33028, 0.0)], [-0.299955, 0.479433, 0.824725, 0.0)], [-0.0485045, -0.00608093, -0.0191658, 1.0)]])
-0.0485045, -0.00608093, -0.0191658
float3(-0.500009, -0.348829, -1.54547)
1038129.38553871
normal
simd_float4x4([[-0.135536, -0.865725, 0.48182, 0.0)], [0.957464, 0.0105889, 0.288359, 0.0)], [-0.254742, 0.500408, 0.827465, 0.0)], [-0.0580516, -0.0145686, -0.0287997, 1.0)]])
-0.0580516, -0.0145686, -0.0287997
float3(-0.52407, -0.29865, -1.55857)
1038129.60232471
normal
simd_float4x4([[-0.138422, -0.857405, 0.495678, 0.0)], [0.962932, 0.000484728, 0.269745, 0.0)], [-0.231521, 0.514642, 0.825555, 0.0)], [-0.0496636, -0.0214541, -0.0256185, 1.0)]])
-0.0496636, -0.0214541, -0.0256185
float3(-0.540591, -0.273419, -1.57023)
1038129.80243471
normal
simd_float4x4([[-0.144777, -0.855155, 0.497745, 0.0)], [0.962029, -0.00401665, 0.27292, 0.0)], [-0.231389, 0.518358, 0.823264, 0.0)], [-0.0406566, -0.0223357, -0.0136169, 1.0)]])
-0.0406566, -0.0223357, -0.0136169
float3(-0.544929, -0.273994, -1.57549)
1038130.01922079
normal
simd_float4x4([[-0.147909, -0.854479, 0.497984, 0.0)], [0.959604, -0.0021387, 0.281347, 0.0)], [-0.23934, 0.519481, 0.820278, 0.0)], [-0.0348499, -0.0216613, -0.00374847, 1.0)]])
-0.0348499, -0.0216613, -0.00374847
float3(-0.546244, -0.283898, -1.5733)
1038130.21933104
normal
simd_float4x4([[-0.147416, -0.855643, 0.496128, 0.0)], [0.958507, 0.000154809, 0.285071, 0.0)], [-0.243996, 0.517566, 0.820117, 0.0)], [-0.0329336, -0.0194597, 0.00676546, 1.0)]])
-0.0329336, -0.0194597, 0.00676546
float3(-0.544004, -0.289174, -1.57062)
1038130.41944129
normal
simd_float4x4([[-0.145672, -0.856762, 0.494711, 0.0)], [0.959185, 0.000195593, 0.282779, 0.0)], [-0.242371, 0.515713, 0.821764, 0.0)], [-0.0321333, -0.0186448, 0.015991, 1.0)]])
-0.0321333, -0.0186448, 0.015991
float3(-0.541839, -0.286808, -1.57057)
1038130.61955142
normal
simd_float4x4([[-0.142069, -0.855795, 0.497425, 0.0)], [0.960701, 0.00185707, 0.277579, 0.0)], [-0.238475, 0.517312, 0.821899, 0.0)], [-0.0327022, -0.0155668, 0.0123586, 1.0)]])
-0.0327022, -0.0155668, 0.0123586
float3(-0.543707, -0.282396, -1.56863)
1038130.8530135
normal
simd_float4x4([[-0.138483, -0.861161, 0.489105, 0.0)], [0.96259, -0.000899725, 0.270959, 0.0)], [-0.2329, 0.508331, 0.82907, 0.0)], [-0.0327076, -0.0133175, 0.015077, 1.0)]])
-0.0327076, -0.0133175, 0.015077
float3(-0.533245, -0.273858, -1.57184)
1038131.05312367
normal
simd_float4x4([[-0.126823, -0.888649, 0.440702, 0.0)], [0.961207, -0.000388664, 0.275828, 0.0)], [-0.244943, 0.458587, 0.854225, 0.0)], [-0.0325652, -0.041373, 0.0239038, 1.0)]])
-0.0325652, -0.041373, 0.0239038
float3(-0.476405, -0.279251, -1.57123)
1038131.26990996
normal
simd_float4x4([[-0.099043, -0.92634, 0.363434, 0.0)], [0.953038, 0.0167399, 0.302389, 0.0)], [-0.286199, 0.376316, 0.881179, 0.0)], [-0.0274407, -0.122357, 0.0243786, 1.0)]])
-0.0274407, -0.122357, 0.0243786
float3(-0.385817, -0.314043, -1.55273)
1038131.48669629
normal
simd_float4x4([[-0.0992583, -0.916534, 0.387444, 0.0)], [0.950898, 0.0273441, 0.308293, 0.0)], [-0.293155, 0.399021, 0.868817, 0.0)], [-0.0245601, -0.186077, 0.0179703, 1.0)]])
-0.0245601, -0.186077, 0.0179703
float3(-0.410449, -0.325423, -1.54097)
1038131.6868065
normal
simd_float4x4([[-0.0798001, -0.93145, 0.35501, 0.0)], [0.945504, 0.0420586, 0.322883, 0.0)], [-0.315681, 0.36143, 0.877334, 0.0)], [-0.0232532, -0.174226, 0.0212824, 1.0)]])
-0.0232532, -0.174226, 0.0212824
float3(-0.369801, -0.345395, -1.52567)
1038131.88691696
normal
simd_float4x4([[0.0202154, -0.985128, 0.17063, 0.0)], [0.845351, 0.107966, 0.523187, 0.0)], [-0.533829, 0.133666, 0.834961, 0.0)], [0.0049214, -0.0121707, 0.0645431, 1.0)]])
0.0049214, -0.0121707, 0.0645431
float3(-0.134067, -0.568849, -1.46164)
1038132.08702742
normal
simd_float4x4([[0.057595, -0.99811, 0.0214291, 0.0)], [0.426013, 0.0439837, 0.903647, 0.0)], [-0.902882, -0.0429165, 0.427741, 0.0)], [0.0335876, 0.136736, 0.186594, 1.0)]])
0.0335876, 0.136736, 0.186594
float3(0.0429297, -1.12837, -1.52676)
1038132.287138
normal
simd_float4x4([[0.108, -0.994117, 0.00822152, 0.0)], [-0.045477, 0.00332101, 0.99896, 0.0)], [-0.99311, -0.108261, -0.0448508, 0.0)], [0.0210428, 0.18757, 0.29966, 1.0)]])
0.0210428, 0.18757, 0.29966
float3(0.108474, -1.61593, -1.56746)
1038132.50382367
normal
simd_float4x4([[0.0830778, -0.996492, 0.0100914, 0.0)], [-0.38344, -0.0226174, 0.923289, 0.0)], [-0.919822, -0.0805743, -0.383974, 0.0)], [-0.0183662, 0.18507, 0.36515, 1.0)]])
-0.0183662, 0.18507, 0.36515
float3(0.0806617, -1.96625, -1.59349)
1038132.73712933
normal
simd_float4x4([[0.0601524, -0.997423, 0.0391153, 0.0)], [-0.508357, 0.00311291, 0.861141, 0.0)], [-0.859043, -0.0716842, -0.50686, 0.0)], [-0.0561062, 0.170323, 0.36887, 1.0)]])
-0.0561062, 0.170323, 0.36887
float3(0.0717457, -2.10385, -1.56768)
1038132.95377021
normal
simd_float4x4([[0.0340492, -0.998696, 0.0380464, 0.0)], [-0.494177, 0.0162652, 0.869209, 0.0)], [-0.868694, -0.0483975, -0.492979, 0.0)], [-0.0731151, 0.146764, 0.361062, 1.0)]])
-0.0731151, 0.146764, 0.361062
float3(0.0484164, -2.08697, -1.55451)
1038133.18707588
normal
simd_float4x4([[0.0270268, -0.99883, 0.040108, 0.0)], [-0.442096, 0.0240424, 0.896645, 0.0)], [-0.89656, -0.041965, -0.440929, 0.0)], [-0.0846505, 0.11191, 0.332169, 1.0)]])
-0.0846505, 0.11191, 0.332169
float3(0.0419774, -2.02786, -1.54673)
1038133.4203815
limited(__ObjC.ARCamera.TrackingState.Reason.insufficientFeatures)
simd_float4x4([[0.0222049, -0.99927, 0.0310958, 0.0)], [-0.394183, 0.0198331, 0.918818, 0.0)], [-0.918764, -0.0326597, -0.393454, 0.0)], [-0.114195, 0.0742443, 0.272772, 1.0)]])
-0.114195, 0.0742443, 0.272772
float3(0.0326655, -1.97541, -1.55095)
1038133.63702246
limited(__ObjC.ARCamera.TrackingState.Reason.insufficientFeatures)
simd_float4x4([[0.025075, -0.999434, 0.0224374, 0.0)], [-0.366727, 0.0116834, 0.930255, 0.0)], [-0.929991, -0.0315545, -0.366227, 0.0)], [-0.15339, 0.0365552, 0.212214, 1.0)]])
-0.15339, 0.0365552, 0.212214
float3(0.0315598, -1.94594, -1.55911)
1038133.85366371
limited(__ObjC.ARCamera.TrackingState.Reason.insufficientFeatures)
simd_float4x4([[0.0285808, -0.999528, 0.0113095, 0.0)], [-0.346944, 0.000691378, 0.937886, 0.0)], [-0.93745, -0.0307292, -0.34676, 0.0)], [-0.196505, -0.00625775, 0.14265, 1.0)]])
-0.196505, -0.00625775, 0.14265
float3(0.0307341, -1.92509, -1.5701)
1038134.08696942
limited(__ObjC.ARCamera.TrackingState.Reason.insufficientFeatures)
simd_float4x4([[-0.015854, -0.99977, 0.0144219, 0.0)], [0.999536, -0.0162224, -0.0257916, 0.0)], [0.0260196, 0.0140063, 0.999563, 0.0)], [-0.112242, 0.00688999, 0.0180324, 1.0)]])
-0.112242, 0.00688999, 0.0180324
float3(-0.0140067, 0.0260251, -1.58702)
1038134.33694
limited(__ObjC.ARCamera.TrackingState.Reason.insufficientFeatures)
simd_float4x4([[-0.00675492, -0.999846, 0.0162058, 0.0)], [0.99957, -0.00721394, -0.0284351, 0.0)], [0.0285476, 0.0160067, 0.999464, 0.0)], [-0.111767, 0.0035036, 0.0239644, 1.0)]])
-0.111767, 0.0035036, 0.0239644
float3(-0.0160074, 0.0285552, -1.57801)
1038134.55358125
limited(__ObjC.ARCamera.TrackingState.Reason.insufficientFeatures)
simd_float4x4([[-0.00555498, -0.99975, 0.0216629, 0.0)], [0.999489, -0.0062331, -0.0313625, 0.0)], [0.0314897, 0.0214776, 0.999273, 0.0)], [-0.110435, 0.00194012, 0.0208091, 1.0)]])
-0.110435, 0.00194012, 0.0208091
float3(-0.0214793, 0.0315021, -1.57703)
1038134.77022221
limited(__ObjC.ARCamera.TrackingState.Reason.insufficientFeatures)
simd_float4x4([[-0.00663999, -0.999797, 0.0190191, 0.0)], [0.998979, -0.00748198, -0.0445476, 0.0)], [0.0446809, 0.0187039, 0.998826, 0.0)], [-0.114201, 0.000786212, 0.0221229, 1.0)]])
-0.114201, 0.000786212, 0.0221229
float3(-0.018705, 0.0447036, -1.57828)
1038134.98686354
normal
simd_float4x4([[-0.00184286, -0.999753, 0.022166, 0.0)], [0.99901, -0.00282607, -0.0444073, 0.0)], [0.0444589, 0.0220622, 0.998768, 0.0)], [-0.11428, 0.00408645, 0.011794, 1.0)]])
-0.11428, 0.00408645, 0.011794
float3(-0.022064, 0.0444844, -1.57362)
1038135.2201695
normal
simd_float4x4([[-0.00393963, -0.99966, 0.0257726, 0.0)], [0.998675, -0.00525555, -0.0511924, 0.0)], [0.0513105, 0.0255368, 0.998356, 0.0)], [-0.116889, -0.00285312, 0.0246362, 1.0)]])
-0.116889, -0.00285312, 0.0246362
float3(-0.0255395, 0.0513498, -1.57605)
1038135.45347546
normal
simd_float4x4([[0.000123835, -0.99984, 0.0179042, 0.0)], [0.996946, -0.00127487, -0.078089, 0.0)], [0.0780993, 0.0178592, 0.996786, 0.0)], [-0.116208, 0.00701292, 0.0163439, 1.0)]])
-0.116208, 0.00701292, 0.0163439
float3(-0.0178601, 0.0781914, -1.57207)
1038135.67011679
normal
simd_float4x4([[-0.00535926, -0.999613, 0.0272788, 0.0)], [0.995735, -0.00784703, -0.0919244, 0.0)], [0.0921029, 0.0266699, 0.995392, 0.0)], [-0.117308, -0.00771938, 0.0147019, 1.0)]])
-0.117308, -0.00771938, 0.0147019
float3(-0.026673, 0.0922666, -1.57865)
1038135.88675821
normal
simd_float4x4([[-0.000401251, -0.999685, 0.0250856, 0.0)], [0.994902, -0.00292873, -0.100799, 0.0)], [0.100841, 0.0249172, 0.994591, 0.0)], [-0.120849, 0.00344545, 0.0112081, 1.0)]])
-0.120849, 0.00344545, 0.0112081
float3(-0.0249198, 0.101044, -1.57373)
1038136.136729
normal
simd_float4x4([[0.000827278, -0.999697, 0.0246067, 0.0)], [0.995269, -0.0015676, -0.097148, 0.0)], [0.0971571, 0.0245707, 0.994966, 0.0)], [-0.122743, 0.00257365, 0.00973134, 1.0)]])
-0.122743, 0.00257365, 0.00973134
float3(-0.0245731, 0.0973401, -1.57236)
1038136.35337037
normal
simd_float4x4([[0.00644449, -0.999574, 0.0284793, 0.0)], [0.996755, 0.0041359, -0.0803896, 0.0)], [0.0802375, 0.028905, 0.996357, 0.0)], [-0.121387, 8.82223e-05, 0.0113585, 1.0)]])
-0.121387, 8.82223e-05, 0.0113585
float3(-0.028909, 0.0803575, -1.56666)
1038136.62000612
normal
simd_float4x4([[0.00354643, -0.999459, 0.032698, 0.0)], [0.997666, 0.00130663, -0.0682681, 0.0)], [0.0681885, 0.0328638, 0.997131, 0.0)], [-0.120496, -0.000379422, 0.0101056, 1.0)]])
-0.120496, -0.000379422, 0.0101056
float3(-0.0328697, 0.0682783, -1.56949)
1038136.83664758
normal
simd_float4x4([[-0.000752033, -0.999456, 0.0329685, 0.0)], [0.998029, -0.00281899, -0.0626936, 0.0)], [0.0627524, 0.0328563, 0.997488, 0.0)], [-0.120325, 0.000498384, 0.0119311, 1.0)]])
-0.120325, 0.000498384, 0.0119311
float3(-0.0328622, 0.0628276, -1.57362)
1038137.05328888
normal
simd_float4x4([[-0.0021623, -0.999481, 0.0321488, 0.0)], [0.99753, -0.00441285, -0.0700992, 0.0)], [0.0702046, 0.0319178, 0.997022, 0.0)], [-0.120637, -0.000626644, 0.0110946, 1.0)]])
-0.120637, -0.000626644, 0.0110946
float3(-0.0319232, 0.0702983, -1.57521)
1038137.26993058
normal
simd_float4x4([[0.00570398, -0.998619, 0.0522286, 0.0)], [0.991951, -0.000956352, -0.126618, 0.0)], [0.126493, 0.0525304, 0.990576, 0.0)], [-0.132468, -0.00640047, 0.00937758, 1.0)]])
-0.132468, -0.00640047, 0.00937758
float3(-0.0525546, 0.12701, -1.57175)
