ARKit Data
439664.983892916
normal
simd_float4x4([[0.970717, -0.11184, -0.212604, 0.0)], [-0.216088, -0.0198723, -0.976172, 0.0)], [0.104951, 0.993527, -0.0434578, 0.0)], [-10.4322, -0.149715, -0.71389, 1.0)]])
-10.4322, -0.149715, -0.71389
float3(-1.45696, 1.96338, -1.74665)
439665.184005583
normal
simd_float4x4([[0.986996, -0.0189283, -0.159626, 0.0)], [-0.159982, -0.0190994, -0.986935, 0.0)], [0.0156322, 0.999638, -0.0218793, 0.0)], [-10.4343, -0.180224, -0.681289, 1.0)]])
-10.4343, -0.180224, -0.681289
float3(-1.5439, 2.52122, -2.36069)
439665.942087625
notAvailable
simd_float4x4([[-0.896794, 0.0, 0.442448, 0.0)], [0.0, 1.0, 0.0, 0.0)], [-0.442448, 0.0, -0.896794, 0.0)], [-0.151455, -0.0967514, -0.103405, 1.0)]])
-0.151455, -0.0967514, -0.103405
float3(-0.0, -2.68327, 0.0)
439666.14216675
limited(__ObjC.ARCamera.TrackingState.Reason.initializing)
simd_float4x4([[-0.849844, -0.0577623, 0.52386, 0.0)], [0.527035, -0.092431, 0.844802, 0.0)], [-0.00037678, 0.994042, 0.108995, 0.0)], [0.0, 0.0, 0.0, 1.0)]])
0.0, 0.0, 0.0
float3(-1.46158, -0.00345685, -2.58305)
439666.3422795
limited(__ObjC.ARCamera.TrackingState.Reason.initializing)
simd_float4x4([[-0.746643, 0.00867492, 0.665169, 0.0)], [0.664706, -0.0297522, 0.746512, 0.0)], [0.0262662, 0.99952, 0.016448, 0.0)], [0.0, 0.0, 0.0, 1.0)]])
0.0, 0.0, 0.0
float3(-1.5398, 1.01133, 2.85789)
439666.542392291
limited(__ObjC.ARCamera.TrackingState.Reason.initializing)
simd_float4x4([[-0.637534, 0.0112707, 0.77034, 0.0)], [0.770085, -0.0202416, 0.637619, 0.0)], [0.0227793, 0.999732, 0.00422529, 0.0)], [0.0, 0.0, 0.0, 1.0)]])
0.0, 0.0, 0.0
float3(-1.54763, 1.38739, 2.63354)
439666.742505291
limited(__ObjC.ARCamera.TrackingState.Reason.initializing)
simd_float4x4([[-0.562072, 0.0143531, 0.826964, 0.0)], [0.826862, -0.013639, 0.562239, 0.0)], [0.0193488, 0.999804, -0.00420194, 0.0)], [0.0, 0.0, 0.0, 1.0)]])
0.0, 0.0, 0.0
float3(-1.55099, 1.78464, 2.33069)
439666.959293958
limited(__ObjC.ARCamera.TrackingState.Reason.initializing)
simd_float4x4([[-0.582733, 0.0125311, 0.812567, 0.0)], [0.812594, -0.00404027, 0.582815, 0.0)], [0.0105863, 0.999913, -0.00782831, 0.0)], [0.0, 0.0, 0.0, 1.0)]])
0.0, 0.0, 0.0
float3(-1.55763, 2.20753, 1.88269)
439667.159406916
limited(__ObjC.ARCamera.TrackingState.Reason.initializing)
simd_float4x4([[-0.657667, -0.00695394, 0.753276, 0.0)], [0.753235, 0.00792738, 0.657704, 0.0)], [-0.0105451, 0.999944, 2.43897e-05, 0.0)], [0.0, 0.0, 0.0, 1.0)]])
0.0, 0.0, 0.0
float3(-1.56025, -1.56848, -0.720078)
439667.376195708
limited(__ObjC.ARCamera.TrackingState.Reason.initializing)
simd_float4x4([[-0.746131, -0.0296393, 0.665138, 0.0)], [0.664968, 0.0167229, 0.746685, 0.0)], [-0.0332542, 0.999421, 0.00723173, 0.0)], [0.0, 0.0, 0.0, 1.0)]])
0.0, 0.0, 0.0
float3(-1.53676, -1.35666, -1.05711)
439667.592984625
limited(__ObjC.ARCamera.TrackingState.Reason.initializing)
simd_float4x4([[-0.809704, -0.0520318, 0.584527, 0.0)], [0.585133, 0.00430777, 0.810926, 0.0)], [-0.0447119, 0.998636, 0.0269575, 0.0)], [0.0, 0.0, 0.0, 1.0)]])
0.0, 0.0, 0.0
float3(-1.51856, -1.02824, -1.48819)
439667.793097541
limited(__ObjC.ARCamera.TrackingState.Reason.initializing)
simd_float4x4([[-0.847743, -0.0688874, 0.525915, 0.0)], [0.52733, -0.00281141, 0.849656, 0.0)], [-0.057052, 0.99762, 0.0387098, 0.0)], [0.0, 0.0, 0.0, 1.0)]])
0.0, 0.0, 0.0
float3(-1.5018, -0.974647, -1.61159)
439667.99321025
limited(__ObjC.ARCamera.TrackingState.Reason.initializing)
simd_float4x4([[-0.882934, -0.0768078, 0.463171, 0.0)], [0.464679, -0.00199585, 0.885477, 0.0)], [-0.0670871, 0.997044, 0.0374531, 0.0)], [0.0, 0.0, 0.0, 1.0)]])
0.0, 0.0, 0.0
float3(-1.49389, -1.06162, -1.59678)
439668.193323208
limited(__ObjC.ARCamera.TrackingState.Reason.initializing)
simd_float4x4([[-0.927751, -0.105562, 0.357958, 0.0)], [0.358781, 0.0117422, 0.933348, 0.0)], [-0.10273, 0.994343, 0.0269799, 0.0)], [0.0, 0.0, 0.0, 1.0)]])
0.0, 0.0, 0.0
float3(-1.46438, -1.31397, -1.46002)
439668.410112083
normal
simd_float4x4([[-0.842819, -0.116291, -0.525484, 0.0)], [-0.518399, -0.0869757, 0.850704, 0.0)], [-0.144634, 0.9894, 0.0130195, 0.0)], [-0.0367398, 0.0264407, 0.0795669, 1.0)]])
-0.0367398, 0.0264407, 0.0795669
float3(-1.42506, -1.48102, -2.21296)
439668.610224833
normal
simd_float4x4([[-0.737541, -0.173028, -0.652759, 0.0)], [-0.655057, -0.0516031, 0.753816, 0.0)], [-0.164115, 0.983564, -0.0752836, 0.0)], [-0.114514, 0.103134, 0.029074, 1.0)]])
-0.114514, 0.103134, 0.029074
float3(-1.38924, -2.00088, -1.86063)
439668.82701375
normal
simd_float4x4([[-0.600063, -0.247594, -0.760672, 0.0)], [-0.786148, 0.00662478, 0.618003, 0.0)], [-0.147974, 0.968841, -0.198621, 0.0)], [-0.0735371, 0.0888455, -0.130666, 1.0)]])
-0.0735371, 0.0888455, -0.130666
float3(-1.32051, -2.50129, -1.54405)
439669.027126666
normal
simd_float4x4([[-0.529432, -0.33993, -0.777271, 0.0)], [-0.832066, 0.0294021, 0.553897, 0.0)], [-0.165433, 0.939991, -0.298411, 0.0)], [-0.0431599, 0.0526997, -0.177449, 1.0)]])
-0.0431599, 0.0526997, -0.177449
float3(-1.2226, -2.63539, -1.48452)
439669.260591583
normal
simd_float4x4([[-0.50029, -0.374344, -0.780754, 0.0)], [-0.85484, 0.0701524, 0.514127, 0.0)], [-0.137689, 0.924632, -0.355101, 0.0)], [-0.0225808, 0.0408966, -0.22743, 1.0)]])
-0.0225808, 0.0408966, -0.22743
float3(-1.18007, -2.7717, -1.38554)
439669.460704458
normal
simd_float4x4([[-0.56583, -0.368445, -0.737621, 0.0)], [-0.811064, 0.0877449, 0.578339, 0.0)], [-0.148364, 0.925499, -0.348481, 0.0)], [0.0297586, 0.0172911, -0.273175, 1.0)]])
0.0297586, 0.0172911, -0.273175
float3(-1.18235, -2.73909, -1.337)
439669.660817208
normal
simd_float4x4([[-0.701402, -0.368637, -0.610034, 0.0)], [-0.680633, 0.0923274, 0.726783, 0.0)], [-0.211596, 0.924977, -0.315665, 0.0)], [0.0984712, 0.0189458, -0.332308, 1.0)]])
0.0984712, 0.0189458, -0.332308
float3(-1.18098, -2.55107, -1.32539)
439669.877606208
normal
simd_float4x4([[-0.782334, -0.433134, -0.447603, 0.0)], [-0.517209, 0.0513343, 0.854319, 0.0)], [-0.347057, 0.899867, -0.264181, 0.0)], [0.166966, 0.0353588, -0.402407, 1.0)]])
0.166966, 0.0353588, -0.402407
float3(-1.11946, -2.22143, -1.45283)
439670.077719083
normal
simd_float4x4([[-0.766697, -0.555735, -0.321457, 0.0)], [-0.388141, 0.00239797, 0.921597, 0.0)], [-0.511393, 0.831356, -0.217542, 0.0)], [0.204516, 0.0769346, -0.469039, 1.0)]])
0.204516, 0.0769346, -0.469039
float3(-0.981543, -1.973, -1.56648)
439670.277832
normal
simd_float4x4([[-0.682841, -0.690034, -0.239961, 0.0)], [-0.307349, -0.0266449, 0.951224, 0.0)], [-0.66277, 0.723287, -0.193887, 0.0)], [0.225041, 0.131067, -0.517767, 1.0)]])
0.225041, 0.131067, -0.517767
float3(-0.80855, -1.8554, -1.60939)
439670.47794475
normal
simd_float4x4([[-0.575025, -0.79728, -0.18355, 0.0)], [-0.287696, -0.0129708, 0.957634, 0.0)], [-0.765884, 0.60347, -0.221916, 0.0)], [0.230389, 0.188643, -0.539828, 1.0)]])
0.230389, 0.188643, -0.539828
float3(-0.647846, -1.85282, -1.58706)
439670.678057583
normal
simd_float4x4([[-0.452457, -0.875794, -0.168129, 0.0)], [-0.319856, -0.0166141, 0.947321, 0.0)], [-0.832451, 0.482398, -0.272611, 0.0)], [0.224512, 0.238099, -0.54073, 1.0)]])
0.224512, 0.238099, -0.54073
float3(-0.50339, -1.88727, -1.58976)
439670.894846583
normal
simd_float4x4([[-0.312261, -0.94147, -0.126996, 0.0)], [-0.365876, -0.00418545, 0.930654, 0.0)], [-0.876714, 0.337071, -0.343155, 0.0)], [0.219464, 0.292017, -0.546674, 1.0)]])
0.219464, 0.292017, -0.546674
float3(-0.343804, -1.94388, -1.57524)
439671.094959375
normal
simd_float4x4([[-0.216004, -0.972561, -0.0864119, 0.0)], [-0.406415, 0.00908668, 0.913644, 0.0)], [-0.887789, 0.232469, -0.397226, 0.0)], [0.215719, 0.333236, -0.54076, 1.0)]])
0.215719, 0.333236, -0.54076
float3(-0.234616, -1.99151, -1.56145)
439671.295072166
normal
simd_float4x4([[-0.12961, -0.989335, -0.0664583, 0.0)], [-0.447851, -0.00138979, 0.894107, 0.0)], [-0.884664, 0.145648, -0.442895, 0.0)], [0.101053, 0.34442, -0.498736, 1.0)]])
0.101053, 0.34442, -0.498736
float3(-0.146168, -2.03495, -1.5722)
439671.495106791
normal
simd_float4x4([[-0.097747, -0.99425, -0.0437346, 0.0)], [-0.487823, 0.00956264, 0.872891, 0.0)], [-0.867453, 0.106657, -0.485952, 0.0)], [0.0993373, 0.36459, -0.51617, 1.0)]])
0.0993373, 0.36459, -0.51617
float3(-0.10686, -2.08144, -1.56118)
439671.728415125
normal
simd_float4x4([[-0.0713718, -0.996787, -0.0363486, 0.0)], [-0.522239, 0.00629611, 0.852776, 0.0)], [-0.849807, 0.0798468, -0.521011, 0.0)], [0.0889311, 0.370596, -0.525342, 1.0)]])
0.0889311, 0.370596, -0.525342
float3(-0.0799319, -2.12079, -1.56448)
439671.945058583
normal
simd_float4x4([[-0.0647551, -0.997267, -0.0355728, 0.0)], [-0.555318, 0.00639437, 0.831613, 0.0)], [-0.829113, 0.0736054, -0.554215, 0.0)], [0.0817463, 0.372755, -0.530988, 1.0)]])
0.0817463, 0.372755, -0.530988
float3(-0.073672, -2.16003, -1.56438)
439672.161702
normal
simd_float4x4([[-0.059164, -0.997823, -0.0291485, 0.0)], [-0.585451, 0.0110329, 0.810633, 0.0)], [-0.808546, 0.0650253, -0.584829, 0.0)], [0.0756812, 0.374345, -0.535453, 1.0)]])
0.0756812, 0.374345, -0.535453
float3(-0.0650712, -2.197, -1.55974)
439672.395010166
normal
simd_float4x4([[-0.059478, -0.997865, -0.0269691, 0.0)], [-0.604435, 0.0145, 0.796523, 0.0)], [-0.794431, 0.0636766, -0.604007, 0.0)], [0.074746, 0.375509, -0.53749, 1.0)]])
0.074746, 0.375509, -0.53749
float3(-0.0637197, -2.22086, -1.55627)
439672.611653666
normal
simd_float4x4([[-0.0668079, -0.997383, -0.0276352, 0.0)], [-0.606183, 0.0185734, 0.795109, 0.0)], [-0.792515, 0.0698715, -0.605837, 0.0)], [0.0788477, 0.374519, -0.537763, 1.0)]])
0.0788477, 0.374519, -0.537763
float3(-0.0699285, -2.22348, -1.55218)
439672.828297083
normal
simd_float4x4([[-0.0701249, -0.997015, -0.0323034, 0.0)], [-0.602353, 0.0165092, 0.798059, 0.0)], [-0.795143, 0.0754219, -0.601713, 0.0)], [0.0799041, 0.372073, -0.536027, 1.0)]])
0.0799041, 0.372073, -0.536027
float3(-0.0754936, -2.21859, -1.55424)
439673.061605375
normal
simd_float4x4([[-0.0586788, -0.997704, -0.0338023, 0.0)], [-0.606565, 0.00874018, 0.794986, 0.0)], [-0.792866, 0.0671521, -0.605685, 0.0)], [0.0696183, 0.371935, -0.534875, 1.0)]])
0.0696183, 0.371935, -0.534875
float3(-0.0672027, -2.22315, -1.56204)
439673.294913708
normal
simd_float4x4([[-0.0428829, -0.99847, -0.0349231, 0.0)], [-0.624483, -0.000497392, 0.781038, 0.0)], [-0.77986, 0.055302, -0.623506, 0.0)], [0.0535395, 0.373904, -0.531071, 1.0)]])
0.0535395, 0.373904, -0.531071
float3(-0.0553302, -2.24524, -1.57129)
439673.511557125
normal
simd_float4x4([[-0.0400117, -0.998352, -0.0411354, 0.0)], [-0.630955, -0.00667789, 0.775791, 0.0)], [-0.774787, 0.0569952, -0.629648, 0.0)], [0.0513919, 0.372771, -0.525041, 1.0)]])
0.0513919, 0.372771, -0.525041
float3(-0.0570261, -2.25322, -1.57749)
439673.728200666
normal
simd_float4x4([[-0.0452455, -0.998086, -0.0421611, 0.0)], [-0.632708, -0.00402928, 0.77438, 0.0)], [-0.773068, 0.0617129, -0.631314, 0.0)], [0.0576066, 0.371769, -0.524766, 1.0)]])
0.0576066, 0.371769, -0.524766
float3(-0.0617521, -2.2556, -1.57483)
439673.944843875
normal
simd_float4x4([[-0.0489534, -0.997828, -0.0440686, 0.0)], [-0.625146, -0.00380071, 0.780499, 0.0)], [-0.778971, 0.0657573, -0.623602, 0.0)], [0.0664996, 0.370696, -0.525234, 1.0)]])
0.0664996, 0.370696, -0.525234
float3(-0.0658048, -2.24587, -1.57461)
439674.161487416
normal
simd_float4x4([[-0.0468735, -0.997855, -0.0457012, 0.0)], [-0.615749, -0.00716149, 0.78791, 0.0)], [-0.786547, 0.0650726, -0.614092, 0.0)], [0.0720433, 0.370807, -0.527453, 1.0)]])
0.0720433, 0.370807, -0.527453
float3(-0.0651186, -2.23369, -1.57797)
439674.378130875
normal
simd_float4x4([[-0.0488759, -0.997376, -0.0534135, 0.0)], [-0.608564, -0.0126676, 0.793404, 0.0)], [-0.791998, 0.0712838, -0.606348, 0.0)], [0.0786184, 0.369412, -0.527403, 1.0)]])
0.0786184, 0.369412, -0.527403
float3(-0.0713443, -2.2242, -1.5835)
439674.594774208
normal
simd_float4x4([[-0.0532875, -0.996478, -0.06474, 0.0)], [-0.605438, -0.0193167, 0.795658, 0.0)], [-0.794106, 0.0815947, -0.602277, 0.0)], [0.0854388, 0.367577, -0.525556, 1.0)]])
0.0854388, 0.367577, -0.525556
float3(-0.0816855, -2.21967, -1.59018)
439674.828082625
normal
simd_float4x4([[-0.0611109, -0.995109, -0.0776067, 0.0)], [-0.604392, -0.024985, 0.796295, 0.0)], [-0.79434, 0.0955672, -0.59991, 0.0)], [0.0913519, 0.365996, -0.520005, 1.0)]])
0.0913519, 0.365996, -0.520005
float3(-0.0957133, -2.21764, -1.5959)
439675.044725916
normal
simd_float4x4([[-0.0713139, -0.993189, -0.0921456, 0.0)], [-0.607119, -0.0300763, 0.794041, 0.0)], [-0.791404, 0.11257, -0.600839, 0.0)], [0.0952121, 0.3643, -0.513875, 1.0)]])
0.0952121, 0.3643, -0.513875
float3(-0.112809, -2.22016, -1.60107)
439675.261369416
normal
simd_float4x4([[-0.0714575, -0.99254, -0.098779, 0.0)], [-0.607972, -0.0351676, 0.793179, 0.0)], [-0.790736, 0.116734, -0.600924, 0.0)], [0.0949124, 0.364814, -0.511447, 1.0)]])
0.0949124, 0.364814, -0.511447
float3(-0.117, -2.22064, -1.60621)
439675.494677708
normal
simd_float4x4([[-0.0771513, -0.993235, -0.0867836, 0.0)], [-0.605306, -0.0225036, 0.795675, 0.0)], [-0.792245, 0.113918, -0.599475, 0.0)], [0.0944152, 0.366563, -0.514366, 1.0)]])
0.0944152, 0.366563, -0.514366
float3(-0.114166, -2.21856, -1.59345)
439675.744650833
normal
simd_float4x4([[-0.124956, -0.986517, -0.105692, 0.0)], [-0.603629, -0.00895309, 0.797215, 0.0)], [-0.787412, 0.163416, -0.594371, 0.0)], [0.0981465, 0.362414, -0.515794, 1.0)]])
0.0981465, 0.362414, -0.515794
float3(-0.164152, -2.21739, -1.57987)
439675.994624083
normal
simd_float4x4([[-0.261968, -0.947442, -0.183646, 0.0)], [-0.621375, 0.019989, 0.783258, 0.0)], [-0.738421, 0.319302, -0.593953, 0.0)], [0.118895, 0.331331, -0.509217, 1.0)]])
0.118895, 0.331331, -0.509217
float3(-0.324993, -2.24819, -1.5497)
439676.211301
normal
simd_float4x4([[-0.445434, -0.835728, -0.321166, 0.0)], [-0.618917, 0.0282238, 0.784949, 0.0)], [-0.64694, 0.548418, -0.529818, 0.0)], [0.13524, 0.26214, -0.499545, 1.0)]])
0.13524, 0.26214, -0.499545
float3(-0.580471, -2.25699, -1.53704)
439676.411413708
normal
simd_float4x4([[-0.628377, -0.628255, -0.458735, 0.0)], [-0.587979, -0.00252298, 0.808872, 0.0)], [-0.509335, 0.778003, -0.367815, 0.0)], [0.144954, 0.173872, -0.491953, 1.0)]])
0.144954, 0.173872, -0.491953
float3(-0.891481, -2.19623, -1.57481)
439676.628202708
normal
simd_float4x4([[-0.749249, -0.429997, -0.503714, 0.0)], [-0.555337, -0.00651916, 0.8316, 0.0)], [-0.36087, 0.902807, -0.233909, 0.0)], [0.149379, 0.0927746, -0.500569, 1.0)]])
0.149379, 0.0927746, -0.500569
float3(-1.12625, -2.14589, -1.58596)
439676.828315625
normal
simd_float4x4([[-0.823543, -0.262514, -0.502856, 0.0)], [-0.507046, -0.0567789, 0.860047, 0.0)], [-0.254326, 0.963256, -0.0863469, 0.0)], [0.148426, 0.0376726, -0.511198, 1.0)]])
0.148426, 0.0376726, -0.511198
float3(-1.29887, -1.8981, -1.7838)
439677.028428333
normal
simd_float4x4([[-0.846242, -0.138774, -0.514409, 0.0)], [-0.507337, -0.0850191, 0.857544, 0.0)], [-0.162739, 0.986668, 0.0015417, 0.0)], [0.141066, 0.0020498, -0.523435, 1.0)]])
0.141066, 0.0020498, -0.523435
float3(-1.40732, -1.56132, -2.12046)
439677.228541416
normal
simd_float4x4([[-0.842015, -0.105433, -0.529051, 0.0)], [-0.524268, -0.07113, 0.848578, 0.0)], [-0.1271, 0.991879, 0.00461737, 0.0)], [0.144073, -0.0145078, -0.523645, 1.0)]])
0.144073, -0.0145078, -0.523645
float3(-1.44327, -1.53448, -2.1643)
439677.42865425
normal
simd_float4x4([[-0.826096, -0.101775, -0.554262, 0.0)], [-0.552189, -0.050125, 0.832211, 0.0)], [-0.112481, 0.993544, -0.0147911, 0.0)], [0.142467, -0.0147931, -0.516104, 1.0)]])
0.142467, -0.0147931, -0.516104
float3(-1.4571, -1.70155, -2.02843)
439677.645443125
normal
simd_float4x4([[-0.816409, -0.0962529, -0.569396, 0.0)], [-0.568181, -0.0422913, 0.821816, 0.0)], [-0.103183, 0.994458, -0.0201621, 0.0)], [0.146866, -0.00706142, -0.505611, 1.0)]])
0.146866, -0.00706142, -0.505611
float3(-1.46547, -1.76377, -1.98478)
439677.845556083
normal
simd_float4x4([[-0.812204, -0.0960192, -0.575417, 0.0)], [-0.573891, -0.0456133, 0.817661, 0.0)], [-0.104758, 0.994334, -0.0180572, 0.0)], [0.151656, -0.00397201, -0.500624, 1.0)]])
0.151656, -0.00397201, -0.500624
float3(-1.46429, -1.74149, -2.01428)
439678.062344833
normal
simd_float4x4([[-0.789599, -0.092644, -0.606589, 0.0)], [-0.605082, -0.0468131, 0.794786, 0.0)], [-0.102028, 0.994598, -0.0190936, 0.0)], [0.166728, -0.0102643, -0.483604, 1.0)]])
0.166728, -0.0102643, -0.483604
float3(-1.46681, -1.7558, -2.03868)
439678.27913375
normal
simd_float4x4([[-0.740938, -0.102677, -0.663678, 0.0)], [-0.66259, -0.0493341, 0.747355, 0.0)], [-0.109479, 0.993491, -0.0314795, 0.0)], [0.180229, -0.0243591, -0.442525, 1.0)]])
0.180229, -0.0243591, -0.442525
float3(-1.45663, -1.85078, -2.0187)
439678.479246625
normal
simd_float4x4([[-0.677459, -0.109503, -0.727364, 0.0)], [-0.726871, -0.0518954, 0.684811, 0.0)], [-0.112736, 0.992631, -0.0444379, 0.0)], [0.163246, -0.0271023, -0.38502, 1.0)]])
0.163246, -0.0271023, -0.38502
float3(-1.44932, -1.94627, -2.01336)
439678.679359333
normal
simd_float4x4([[-0.587494, -0.0912411, -0.804068, 0.0)], [-0.802069, -0.066223, 0.593548, 0.0)], [-0.107404, 0.993624, -0.034276, 0.0)], [0.107117, -0.0276937, -0.314503, 1.0)]])
0.107117, -0.0276937, -0.314503
float3(-1.45782, -1.87971, -2.19863)
439678.879472333
normal
simd_float4x4([[-0.426147, -0.093545, -0.899804, 0.0)], [-0.898205, -0.0748045, 0.433166, 0.0)], [-0.10783, 0.992801, -0.0521448, 0.0)], [0.0117985, -0.0258093, -0.250886, 1.0)]])
0.0117985, -0.0258093, -0.250886
float3(-1.45073, -2.02122, -2.24533)
439679.079585208
normal
simd_float4x4([[-0.26228, -0.116593, -0.957922, 0.0)], [-0.95862, -0.0824054, 0.272501, 0.0)], [-0.11071, 0.989755, -0.0901552, 0.0)], [-0.0793171, -0.0197854, -0.199427, 1.0)]])
-0.0793171, -0.0197854, -0.199427
float3(-1.42753, -2.25422, -2.18606)
439679.279698
normal
simd_float4x4([[-0.0869055, -0.139529, -0.986397, 0.0)], [-0.991119, -0.0879271, 0.0997592, 0.0)], [-0.10065, 0.986306, -0.130649, 0.0)], [-0.166814, -0.0126639, -0.159825, 1.0)]])
-0.166814, -0.0126639, -0.159825
float3(-1.40512, -2.48517, -2.1331)
439679.496486916
normal
simd_float4x4([[0.116621, -0.141269, -0.983078, 0.0)], [-0.989491, -0.101726, -0.102764, 0.0)], [-0.0854869, 0.984731, -0.151648, 0.0)], [-0.255439, -0.0179182, -0.13529, 1.0)]])
-0.255439, -0.0179182, -0.13529
float3(-1.39582, -2.62828, -2.19488)
439679.696599833
normal
simd_float4x4([[0.302961, -0.144606, -0.941968, 0.0)], [-0.950983, -0.110198, -0.288944, 0.0)], [-0.0620197, 0.983334, -0.170904, 0.0)], [-0.338289, -0.0254445, -0.131672, 1.0)]])
-0.338289, -0.0254445, -0.131672
float3(-1.38797, -2.79348, -2.22197)
439679.896712625
normal
simd_float4x4([[0.498341, -0.170337, -0.850083, 0.0)], [-0.866727, -0.121648, -0.483722, 0.0)], [-0.0210148, 0.977848, -0.208258, 0.0)], [-0.424381, -0.0212688, -0.15514, 1.0)]])
-0.424381, -0.0212688, -0.15514
float3(-1.35992, -3.04103, -2.19096)
439680.0968255
normal
simd_float4x4([[0.668676, -0.15188, -0.727877, 0.0)], [-0.743502, -0.124918, -0.656963, 0.0)], [0.00885513, 0.980473, -0.196453, 0.0)], [-0.499228, -0.0188867, -0.193233, 1.0)]])
-0.499228, -0.0188867, -0.193233
float3(-1.37285, 3.09655, -2.25909)
439680.313614458
normal
simd_float4x4([[0.828852, -0.127354, -0.54478, 0.0)], [-0.55647, -0.0869913, -0.826301, 0.0)], [0.057842, 0.988035, -0.142972, 0.0)], [-0.572105, -0.022894, -0.233083, 1.0)]])
-0.572105, -0.022894, -0.233083
float3(-1.41595, 2.75715, -2.17007)
439680.51372725
normal
simd_float4x4([[0.944858, -0.0975253, -0.312622, 0.0)], [-0.317751, -0.0420534, -0.947241, 0.0)], [0.0792332, 0.994344, -0.0707232, 0.0)], [-0.632953, -0.0271957, -0.262047, 1.0)]])
-0.632953, -0.0271957, -0.262047
float3(-1.46439, 2.29951, -1.97791)
439680.730516083
normal
simd_float4x4([[0.998005, -0.0537821, -0.0330811, 0.0)], [-0.0357831, -0.0500798, -0.998104, 0.0)], [0.0520234, 0.997296, -0.0519043, 0.0)], [-0.670641, -0.0378809, -0.293457, 1.0)]])
-0.670641, -0.0378809, -0.293457
float3(-1.49724, 2.35505, -2.32056)
439680.930628916
normal
simd_float4x4([[0.986215, -0.0784843, 0.145671, 0.0)], [0.142177, -0.0484318, -0.988656, 0.0)], [0.084649, 0.995738, -0.0366055, 0.0)], [-0.699881, -0.0400799, -0.31356, 1.0)]])
-0.699881, -0.0400799, -0.31356
float3(-1.47844, 1.97895, -2.12369)
439681.130741875
normal
simd_float4x4([[0.950813, -0.108855, 0.290008, 0.0)], [0.284892, -0.060277, -0.956663, 0.0)], [0.121618, 0.992228, -0.0263003, 0.0)], [-0.73762, -0.0341283, -0.351508, 1.0)]])
-0.73762, -0.0341283, -0.351508
float3(-1.44604, 1.78377, -2.0765)
439681.34753075
normal
simd_float4x4([[0.913552, -0.116075, 0.389808, 0.0)], [0.387747, -0.0407739, -0.920864, 0.0)], [0.122783, 0.992403, 0.0077587, 0.0)], [-0.78142, -0.0559312, -0.392184, 1.0)]])
-0.78142, -0.0559312, -0.392184
float3(-1.44746, 1.50769, -1.9086)
439681.5476435
normal
simd_float4x4([[0.917313, -0.0591376, 0.393751, 0.0)], [0.390521, -0.0592411, -0.918686, 0.0)], [0.0776552, 0.99649, -0.0312481, 0.0)], [-0.86878, -0.0865987, -0.452264, 1.0)]])
-0.86878, -0.0865987, -0.452264
float3(-1.48699, 1.95337, -2.35707)
439681.747756375
normal
simd_float4x4([[0.92769, -0.0848176, 0.36359, 0.0)], [0.357639, -0.0776725, -0.930624, 0.0)], [0.107174, 0.993364, -0.0417219, 0.0)], [-0.981804, -0.0606165, -0.543885, 1.0)]])
-0.981804, -0.0606165, -0.543885
float3(-1.45553, 1.94204, -2.31225)
439681.94786925
normal
simd_float4x4([[0.901977, -0.183152, 0.391016, 0.0)], [0.398768, 0.00603123, -0.917032, 0.0)], [0.165598, 0.983066, 0.0784753, 0.0)], [-1.05819, -0.020438, -0.626062, 1.0)]])
-1.05819, -0.020438, -0.626062
float3(-1.3865, 1.12825, -1.53788)
439682.147981916
normal
simd_float4x4([[0.883544, -0.191133, 0.427572, 0.0)], [0.43843, 0.0164794, -0.898614, 0.0)], [0.164709, 0.981426, 0.0983587, 0.0)], [-1.15893, -0.0280345, -0.698125, 1.0)]])
-1.15893, -0.0280345, -0.698125
float3(-1.37776, 1.03246, -1.48479)
439682.348094833
normal
simd_float4x4([[0.886887, -0.135213, 0.441757, 0.0)], [0.447402, 0.0130117, -0.894238, 0.0)], [0.115164, 0.990731, 0.0720343, 0.0)], [-1.30959, -0.0507147, -0.764347, 1.0)]])
-1.30959, -0.0507147, -0.764347
float3(-1.43454, 1.01184, -1.47486)
439682.548207625
normal
simd_float4x4([[0.840883, -0.170083, 0.513797, 0.0)], [0.512908, -0.0525726, -0.856832, 0.0)], [0.172744, 0.984026, 0.0430294, 0.0)], [-1.46039, -0.0349644, -0.83605, 1.0)]])
-1.46039, -0.0349644, -0.83605
float3(-1.39182, 1.32667, -1.87058)
439682.748320541
normal
simd_float4x4([[0.816064, -0.137049, 0.561477, 0.0)], [0.56214, -0.0375388, -0.82619, 0.0)], [0.134305, 0.989853, 0.0464064, 0.0)], [-1.58641, -0.0328389, -0.914993, 1.0)]])
-1.58641, -0.0328389, -0.914993
float3(-1.42822, 1.23811, -1.83815)
439682.948433333
normal
simd_float4x4([[0.821351, -0.138378, 0.553384, 0.0)], [0.554271, -0.0356142, -0.831574, 0.0)], [0.13478, 0.989739, 0.0474469, 0.0)], [-1.71206, -0.0471566, -1.00855, 1.0)]])
-1.71206, -0.0471566, -1.00855
float3(-1.42742, 1.23231, -1.8227)
439683.165222208
normal
simd_float4x4([[0.875827, -0.128525, 0.465197, 0.0)], [0.467009, -0.0175212, -0.884079, 0.0)], [0.121777, 0.991551, 0.0446768, 0.0)], [-1.85799, -0.0360489, -1.10931, 1.0)]])
-1.85799, -0.0360489, -1.10931
float3(-1.44072, 1.21917, -1.70629)
439683.365335
normal
simd_float4x4([[0.884373, -0.168552, 0.435287, 0.0)], [0.442112, 0.00331808, -0.896954, 0.0)], [0.149739, 0.985687, 0.0774534, 0.0)], [-1.96288, -0.0125686, -1.18527, 1.0)]])
-1.96288, -0.0125686, -1.18527
float3(-1.4014, 1.09344, -1.55111)
439683.582124
normal
simd_float4x4([[0.885896, -0.163231, 0.434217, 0.0)], [0.44548, 0.0383122, -0.894472, 0.0)], [0.129369, 0.985844, 0.106657, 0.0)], [-2.08684, -0.019678, -1.26623, 1.0)]])
-2.08684, -0.019678, -1.26623
float3(-1.40233, 0.881333, -1.34026)
439683.798912833
normal
simd_float4x4([[0.856504, -0.168021, 0.488026, 0.0)], [0.499358, 0.0306052, -0.865855, 0.0)], [0.130546, 0.985308, 0.110116, 0.0)], [-2.24167, -0.0274647, -1.35446, 1.0)]])
-2.24167, -0.0274647, -1.35446
float3(-1.39917, 0.870085, -1.39062)
439684.015701791
normal
simd_float4x4([[0.826924, -0.153813, 0.540868, 0.0)], [0.544336, -0.0223115, -0.838571, 0.0)], [0.141051, 0.987848, 0.0652762, 0.0)], [-2.38427, -0.0157074, -1.43373, 1.0)]])
-2.38427, -0.0157074, -1.43373
float3(-1.41474, 1.13736, -1.71485)
439684.232490666
normal
simd_float4x4([[0.823179, -0.114642, 0.556088, 0.0)], [0.556494, -0.0314263, -0.830258, 0.0)], [0.112658, 0.99291, 0.037928, 0.0)], [-2.50702, -0.0321427, -1.51731, 1.0)]])
-2.50702, -0.0321427, -1.51731
float3(-1.45164, 1.24605, -1.83835)
439684.4326035
normal
simd_float4x4([[0.839694, -0.121856, 0.529212, 0.0)], [0.529649, -0.0314659, -0.847633, 0.0)], [0.119941, 0.992049, 0.0381191, 0.0)], [-2.64379, -0.0481136, -1.62626, 1.0)]])
-2.64379, -0.0481136, -1.62626
float3(-1.44461, 1.26308, -1.8235)
439684.632716458
normal
simd_float4x4([[0.854905, -0.140222, 0.499475, 0.0)], [0.498003, -0.0479563, -0.865848, 0.0)], [0.145364, 0.988958, 0.0288328, 0.0)], [-2.77709, -0.0194335, -1.7422, 1.0)]])
-2.77709, -0.0194335, -1.7422
float3(-1.42205, 1.37499, -1.90033)
439684.866181375
normal
simd_float4x4([[0.869641, -0.135464, 0.474736, 0.0)], [0.479713, 0.00471601, -0.877413, 0.0)], [0.116619, 0.990771, 0.0690852, 0.0)], [-2.9159, -0.0108574, -1.85595, 1.0)]])
-2.9159, -0.0108574, -1.85595
float3(-1.43483, 1.03598, -1.536)
439685.066294083
normal
simd_float4x4([[0.855478, -0.147677, 0.496335, 0.0)], [0.503394, 0.0123565, -0.863969, 0.0)], [0.121455, 0.988958, 0.0849104, 0.0)], [-3.05954, -0.0258545, -1.95139, 1.0)]])
-3.05954, -0.0258545, -1.95139
float3(-1.42206, 0.960669, -1.48732)
439685.266407041
normal
simd_float4x4([[0.823795, -0.184972, 0.535861, 0.0)], [0.542509, -0.0169846, -0.839878, 0.0)], [0.164456, 0.982597, 0.0863574, 0.0)], [-3.22258, -0.0105968, -2.04736, 1.0)]])
-3.22258, -0.0105968, -2.04736
float3(-1.38396, 1.08726, -1.66236)
439685.483195958
normal
simd_float4x4([[0.805017, -0.158474, 0.571693, 0.0)], [0.574602, -0.0314391, -0.817829, 0.0)], [0.147578, 0.986862, 0.0657507, 0.0)], [-3.36258, -0.000250354, -2.14821, 1.0)]])
-3.36258, -0.000250354, -2.14821
float3(-1.40852, 1.15167, -1.76664)
439685.683308833
normal
simd_float4x4([[0.825791, -0.133125, 0.548039, 0.0)], [0.547875, -0.0411747, -0.835546, 0.0)], [0.133798, 0.990244, 0.0389344, 0.0)], [-3.4905, -0.0255613, -2.24026, 1.0)]])
-3.4905, -0.0255613, -2.24026
float3(-1.43099, 1.28762, -1.87076)
439685.883421583
normal
simd_float4x4([[0.877566, -0.148066, 0.45602, 0.0)], [0.457282, -0.0274255, -0.888899, 0.0)], [0.144122, 0.988597, 0.0436403, 0.0)], [-3.63113, -0.0172019, -2.34241, 1.0)]])
-3.63113, -0.0172019, -2.34241
float3(-1.41964, 1.27677, -1.75395)
439686.083534375
normal
simd_float4x4([[0.874681, -0.209682, 0.436997, 0.0)], [0.448353, 0.00747156, -0.893825, 0.0)], [0.184154, 0.977741, 0.100547, 0.0)], [-3.73936, 0.0149904, -2.43699, 1.0)]])
-3.73936, 0.0149904, -2.43699
float3(-1.35941, 1.07103, -1.53518)
439686.283647208
normal
simd_float4x4([[0.875838, -0.20865, 0.435171, 0.0)], [0.453049, 0.0447514, -0.890362, 0.0)], [0.1663, 0.976966, 0.133724, 0.0)], [-3.87364, 0.00151353, -2.53773, 1.0)]])
-3.87364, 0.00151353, -2.53773
float3(-1.35575, 0.893553, -1.35952)
439686.483760041
normal
simd_float4x4([[0.845351, -0.209634, 0.491361, 0.0)], [0.503809, 0.00698164, -0.863787, 0.0)], [0.177649, 0.977755, 0.111517, 0.0)], [-4.02988, -0.0203758, -2.64651, 1.0)]])
-4.02988, -0.0203758, -2.64651
float3(-1.35948, 1.01023, -1.5375)
439686.683872833
normal
simd_float4x4([[0.816806, -0.206716, 0.538606, 0.0)], [0.543642, -0.0366684, -0.838516, 0.0)], [0.193084, 0.977714, 0.0824282, 0.0)], [-4.17093, -0.00150241, -2.74455, 1.0)]])
-4.17093, -0.00150241, -2.74455
float3(-1.35928, 1.16732, -1.74636)
439686.883985625
normal
simd_float4x4([[0.803912, -0.193452, 0.562407, 0.0)], [0.563168, -0.0564421, -0.824413, 0.0)], [0.191228, 0.979485, 0.0635714, 0.0)], [-4.28901, -0.0032614, -2.82706, 1.0)]])
-4.28901, -0.0032614, -2.82706
float3(-1.36789, 1.24985, -1.85468)
439687.100774625
normal
simd_float4x4([[0.826971, -0.182052, 0.531955, 0.0)], [0.534184, -0.0407615, -0.844385, 0.0)], [0.175405, 0.982444, 0.0635406, 0.0)], [-4.42999, -0.0286672, -2.93477, 1.0)]])
-4.42999, -0.0286672, -2.93477
float3(-1.38314, 1.22325, -1.79106)
439687.300887458
normal
simd_float4x4([[0.843735, -0.212948, 0.492712, 0.0)], [0.493128, -0.0549958, -0.868217, 0.0)], [0.211982, 0.975515, 0.0586086, 0.0)], [-4.56303, -0.0121488, -3.03826, 1.0)]])
-4.56303, -0.0121488, -3.03826
float3(-1.34905, 1.30106, -1.82353)
439687.501000166
normal
simd_float4x4([[0.856515, -0.198675, 0.47635, 0.0)], [0.483434, -0.0144092, -0.875262, 0.0)], [0.180757, 0.979959, 0.0837046, 0.0)], [-4.67776, -0.00610687, -3.1335, 1.0)]])
-4.67776, -0.00610687, -3.1335
float3(-1.37026, 1.13712, -1.6432)
439687.701112958
normal
simd_float4x4([[0.852417, -0.207532, 0.479913, 0.0)], [0.491335, 0.00402698, -0.870962, 0.0)], [0.178819, 0.97822, 0.1054, 0.0)], [-4.80665, -0.0236395, -3.23177, 1.0)]])
-4.80665, -0.0236395, -3.23177
float3(-1.36171, 1.03819, -1.55139)
439687.901225875
normal
simd_float4x4([[0.834968, -0.207612, 0.509633, 0.0)], [0.51882, -0.011745, -0.854803, 0.0)], [0.183453, 0.978141, 0.0979067, 0.0)], [-4.95276, -0.0295781, -3.33929, 1.0)]])
-4.95276, -0.0295781, -3.33929
float3(-1.36132, 1.08056, -1.62731)
439688.10133875
normal
simd_float4x4([[0.818972, -0.16555, 0.549434, 0.0)], [0.550167, -0.0456111, -0.833808, 0.0)], [0.163098, 0.985146, 0.0537261, 0.0)], [-5.07538, -0.0203988, -3.44898, 1.0)]])
-5.07538, -0.0203988, -3.44898
float3(-1.39822, 1.25258, -1.83964)
439688.334803666
normal
simd_float4x4([[0.827413, -0.162935, 0.537438, 0.0)], [0.532184, -0.0781437, -0.843015, 0.0)], [0.179354, 0.983537, 0.0220541, 0.0)], [-5.22094, -0.044747, -3.58718, 1.0)]])
-5.22094, -0.044747, -3.58718
float3(-1.38909, 1.44845, -2.01799)
439688.551592625
normal
simd_float4x4([[0.870495, -0.153548, 0.467612, 0.0)], [0.465121, -0.0540269, -0.883597, 0.0)], [0.160938, 0.986663, 0.0243883, 0.0)], [-5.34984, -0.0284637, -3.72293, 1.0)]])
-5.34984, -0.0284637, -3.72293
float3(-1.40729, 1.4204, -1.90912)
439688.751705375
normal
simd_float4x4([[0.888464, -0.16736, 0.427344, 0.0)], [0.431977, -0.00954319, -0.901834, 0.0)], [0.155009, 0.98585, 0.0638168, 0.0)], [-5.45523, -0.0143442, -3.81521, 1.0)]])
-5.45523, -0.0143442, -3.81521
float3(-1.40237, 1.18025, -1.62776)
439688.96849425
normal
simd_float4x4([[0.902995, -0.146948, 0.403741, 0.0)], [0.410293, 0.0160298, -0.911813, 0.0)], [0.127517, 0.989014, 0.0747663, 0.0)], [-5.59301, -0.0389007, -3.91092, 1.0)]])
-5.59301, -0.0389007, -3.91092
float3(-1.42243, 1.04049, -1.46214)
439689.201959208
normal
simd_float4x4([[0.88884, -0.149853, 0.433021, 0.0)], [0.436137, -0.0131422, -0.899785, 0.0)], [0.140526, 0.988621, 0.0536749, 0.0)], [-5.78538, -0.043962, -4.03783, 1.0)]])
-5.78538, -0.043962, -4.03783
float3(-1.41979, 1.20594, -1.65827)
439689.402072291
normal
simd_float4x4([[0.862288, -0.173087, 0.47592, 0.0)], [0.47276, -0.0617629, -0.879024, 0.0)], [0.181542, 0.982968, 0.0285712, 0.0)], [-5.9215, -0.0144321, -4.13842, 1.0)]])
-5.9215, -0.0144321, -4.13842
float3(-1.38597, 1.4147, -1.91354)
439689.618861
normal
simd_float4x4([[0.873991, -0.152711, 0.461323, 0.0)], [0.458991, -0.0523393, -0.886898, 0.0)], [0.159585, 0.986884, 0.024349, 0.0)], [-6.06653, -0.0322822, -4.2401, 1.0)]])
-6.06653, -0.0322822, -4.2401
float3(-1.40866, 1.41939, -1.90098)
439689.818973916
normal
simd_float4x4([[0.907137, -0.131163, 0.399874, 0.0)], [0.396642, -0.0510584, -0.916552, 0.0)], [0.140635, 0.990045, 0.00570776, 0.0)], [-6.20051, -0.0487434, -4.33987, 1.0)]])
-6.20051, -0.0487434, -4.33987
float3(-1.42958, 1.53023, -1.94202)
439690.052438958
normal
simd_float4x4([[0.914259, -0.141535, 0.379604, 0.0)], [0.380733, -0.0200837, -0.924467, 0.0)], [0.138468, 0.98973, 0.0355254, 0.0)], [-6.33638, -0.0267416, -4.44321, 1.0)]])
-6.33638, -0.0267416, -4.44321
float3(-1.42735, 1.31965, -1.71175)
439690.26922775
normal
simd_float4x4([[0.916384, -0.12468, 0.380389, 0.0)], [0.385388, 0.017828, -0.922583, 0.0)], [0.108246, 0.992037, 0.0643873, 0.0)], [-6.47493, -0.0481329, -4.5359, 1.0)]])
-6.47493, -0.0481329, -4.5359
float3(-1.44451, 1.03419, -1.42877)
439690.469340791
normal
simd_float4x4([[0.914518, -0.134186, 0.381643, 0.0)], [0.384611, -0.00409004, -0.92307, 0.0)], [0.125424, 0.990948, 0.0478689, 0.0)], [-6.6476, -0.057994, -4.61929, 1.0)]])
-6.6476, -0.057994, -4.61929
float3(-1.43614, 1.2062, -1.60127)
439690.6694535
normal
simd_float4x4([[0.890029, -0.153445, 0.429306, 0.0)], [0.427216, -0.0480557, -0.902872, 0.0)], [0.159172, 0.986988, 0.0227833, 0.0)], [-6.79609, -0.0266889, -4.70986, 1.0)]])
-6.79609, -0.0266889, -4.70986
float3(-1.4093, 1.42863, -1.8743)
439690.902918625
normal
simd_float4x4([[0.879987, -0.112421, 0.461502, 0.0)], [0.456768, -0.0662993, -0.887112, 0.0)], [0.130328, 0.991446, -0.00699205, 0.0)], [-6.95867, -0.0472366, -4.82547, 1.0)]])
-6.95867, -0.0472366, -4.82547
float3(-1.43991, 1.62439, -2.10364)
439691.1030315
normal
simd_float4x4([[0.908396, -0.0667984, 0.412742, 0.0)], [0.408747, -0.065888, -0.910266, 0.0)], [0.0879991, 0.995589, -0.0325488, 0.0)], [-7.11679, -0.0711701, -4.93158, 1.0)]])
-7.11679, -0.0711701, -4.93158
float3(-1.47683, 1.92507, -2.34933)
439691.303144291
normal
simd_float4x4([[0.913197, -0.127862, 0.386941, 0.0)], [0.385949, -0.0334681, -0.921913, 0.0)], [0.130827, 0.991227, 0.018785, 0.0)], [-7.25739, -0.0341392, -5.03727, 1.0)]])
-7.25739, -0.0341392, -5.03727
float3(-1.43824, 1.42818, -1.82681)
439691.503257
normal
simd_float4x4([[0.921462, -0.116025, 0.370736, 0.0)], [0.374719, 0.0138233, -0.927036, 0.0)], [0.102434, 0.99315, 0.0562142, 0.0)], [-7.38548, -0.0365554, -5.12335, 1.0)]])
-7.38548, -0.0365554, -5.12335
float3(-1.45368, 1.06889, -1.45221)
439691.703369958
normal
simd_float4x4([[0.909977, -0.111772, 0.399309, 0.0)], [0.402347, 0.00509314, -0.915473, 0.0)], [0.100291, 0.993721, 0.0496058, 0.0)], [-7.54411, -0.0606471, -5.21077, 1.0)]])
-7.54411, -0.0606471, -5.21077
float3(-1.45867, 1.11146, -1.52526)
439691.920158958
normal
simd_float4x4([[0.875732, -0.156104, 0.456864, 0.0)], [0.454457, -0.0529062, -0.889196, 0.0)], [0.162978, 0.986323, 0.0246109, 0.0)], [-7.71201, -0.0390743, -5.30212, 1.0)]])
-7.71201, -0.0390743, -5.30212
float3(-1.40522, 1.42092, -1.89756)
439692.120271625
normal
simd_float4x4([[0.863766, -0.138328, 0.484534, 0.0)], [0.481848, -0.0545607, -0.874555, 0.0)], [0.147412, 0.988882, 0.0195254, 0.0)], [-7.8296, -0.0265979, -5.37077, 1.0)]])
-7.8296, -0.0265979, -5.37077
float3(-1.42154, 1.43911, -1.94649)
439692.337060583
normal
simd_float4x4([[0.903391, -0.0797634, 0.421333, 0.0)], [0.417967, -0.0558363, -0.906745, 0.0)], [0.0958508, 0.995249, -0.0171036, 0.0)], [-7.96867, -0.0658245, -5.45163, 1.0)]])
-7.96867, -0.0658245, -5.45163
float3(-1.47328, 1.74738, -2.18154)
439692.5371735
normal
simd_float4x4([[0.929895, -0.0995056, 0.354111, 0.0)], [0.349519, -0.0609, -0.934948, 0.0)], [0.114598, 0.993172, -0.0218515, 0.0)], [-8.10409, -0.0543129, -5.54639, 1.0)]])
-8.10409, -0.0543129, -5.54639
float3(-1.45387, 1.75921, -2.12001)
439692.73728625
normal
simd_float4x4([[0.926195, -0.168438, 0.337331, 0.0)], [0.335986, -0.0373039, -0.941128, 0.0)], [0.171105, 0.985006, 0.022042, 0.0)], [-8.20208, -0.0158084, -5.62586, 1.0)]])
-8.20208, -0.0158084, -5.62586
float3(-1.39741, 1.44268, -1.78875)
439692.937399125
normal
simd_float4x4([[0.911767, -0.166594, 0.375404, 0.0)], [0.378073, -0.016625, -0.925627, 0.0)], [0.160445, 0.985886, 0.0478264, 0.0)], [-8.29244, -0.0131859, -5.69842, 1.0)]])
-8.29244, -0.0131859, -5.69842
float3(-1.40258, 1.2811, -1.67026)
439693.137512041
normal
simd_float4x4([[0.89106, -0.142947, 0.430787, 0.0)], [0.434205, -0.00798541, -0.900779, 0.0)], [0.132204, 0.989698, 0.0549528, 0.0)], [-8.40415, -0.0340988, -5.76264, 1.0)]])
-8.40415, -0.0340988, -5.76264
float3(-1.42713, 1.17686, -1.6266)
439693.337624791
normal
simd_float4x4([[0.843481, -0.200276, 0.498427, 0.0)], [0.499121, -0.0507446, -0.865045, 0.0)], [0.198541, 0.978424, 0.05716, 0.0)], [-8.54073, -0.0343979, -5.83169, 1.0)]])
-8.54073, -0.0343979, -5.83169
float3(-1.36269, 1.29048, -1.81895)
439693.554413708
normal
simd_float4x4([[0.765683, -0.423489, 0.484135, 0.0)], [0.509154, -0.0608946, -0.858518, 0.0)], [0.393054, 0.903852, 0.168995, 0.0)], [-8.65486, 0.0570531, -5.8733, 1.0)]])
-8.65486, 0.0570531, -5.8733
float3(-1.12869, 1.16474, -1.71361)
439693.754526583
normal
simd_float4x4([[0.598788, -0.69077, 0.405328, 0.0)], [0.499681, -0.0733055, -0.863102, 0.0)], [0.625918, 0.719349, 0.30127, 0.0)], [-8.68319, 0.174657, -5.8874, 1.0)]])
-8.68319, 0.174657, -5.8874
float3(-0.802865, 1.1222, -1.67652)
439693.954639375
normal
simd_float4x4([[0.39795, -0.882731, 0.249845, 0.0)], [0.514849, -0.0105202, -0.857216, 0.0)], [0.75932, 0.469762, 0.450287, 0.0)], [-8.66985, 0.281389, -5.87449, 1.0)]])
-8.66985, 0.281389, -5.87449
float3(-0.489021, 1.03553, -1.58271)
439694.154752541
normal
simd_float4x4([[0.266531, -0.94778, 0.175139, 0.0)], [0.52391, -0.0100557, -0.851715, 0.0)], [0.808999, 0.318766, 0.493871, 0.0)], [-8.65369, 0.322412, -5.86732, 1.0)]])
-8.65369, 0.322412, -5.86732
float3(-0.324427, 1.02271, -1.58141)
439694.37154125
normal
simd_float4x4([[0.188835, -0.973152, 0.131593, 0.0)], [0.536755, -0.00993038, -0.84368, 0.0)], [0.822336, 0.22995, 0.520469, 0.0)], [-8.64821, 0.33571, -5.86451, 1.0)]])
-8.64821, 0.33571, -5.86451
float3(-0.232026, 1.00653, -1.581)
439694.571654125
normal
simd_float4x4([[0.166404, -0.978025, 0.125607, 0.0)], [0.548532, -0.0140399, -0.836012, 0.0)], [0.819404, 0.208015, 0.534142, 0.0)], [-8.6512, 0.333536, -5.86243, 1.0)]])
-8.6512, 0.333536, -5.86243
float3(-0.209545, 0.99311, -1.58515)
439694.771766958
normal
simd_float4x4([[0.175385, -0.976109, 0.128263, 0.0)], [0.555744, -0.0093797, -0.831301, 0.0)], [0.812643, 0.217079, 0.540822, 0.0)], [-8.65278, 0.333682, -5.85874, 1.0)]])
-8.65278, 0.333682, -5.85874
float3(-0.218821, 0.983595, -1.58041)
439694.988555791
normal
simd_float4x4([[0.174829, -0.976465, 0.126296, 0.0)], [0.558567, -0.00727092, -0.829427, 0.0)], [0.810825, 0.215553, 0.54415, 0.0)], [-8.64901, 0.33514, -5.856, 1.0)]])
-8.64901, 0.33514, -5.856
float3(-0.217258, 0.979726, -1.57824)
439695.205344666
normal
simd_float4x4([[0.173433, -0.977228, 0.122255, 0.0)], [0.563095, -0.00344891, -0.826385, 0.0)], [0.807989, 0.212163, 0.549674, 0.0)], [-8.64523, 0.334762, -5.84784, 1.0)]])
-8.64523, 0.334762, -5.84784
float3(-0.213788, 0.973415, -1.57433)
439695.405457583
normal
simd_float4x4([[0.172569, -0.976585, 0.128458, 0.0)], [0.570878, -0.00711524, -0.821004, 0.0)], [0.802695, 0.215013, 0.556283, 0.0)], [-8.64522, 0.3342, -5.84733, 1.0)]])
-8.64522, 0.3342, -5.84733
float3(-0.216705, 0.964771, -1.57808)
