ARKit Data
1121.862484416
normal
simd_float4x4([[-0.0426572, -0.694793, 0.717943, 0.0)], [0.995214, 0.033687, 0.0917322, 0.0)], [-0.0879203, 0.71842, 0.690031, 0.0)], [0.0667548, 0.103179, 0.0378784, 1.0)]])
0.0667548, 0.103179, 0.0378784
float3(-0.801528, -0.126732, -1.52235)
1121.962539666
normal
simd_float4x4([[-0.0430664, -0.68748, 0.724926, 0.0)], [0.994853, 0.0371071, 0.0942927, 0.0)], [-0.0917242, 0.725255, 0.682343, 0.0)], [0.0681039, 0.104519, 0.0348177, 1.0)]])
0.0681039, 0.104519, 0.0348177
float3(-0.811405, -0.133624, -1.51687)
1122.062595041
normal
simd_float4x4([[-0.0432964, -0.685006, 0.72725, 0.0)], [0.995125, 0.0349936, 0.092205, 0.0)], [-0.0886101, 0.727696, 0.680152, 0.0)], [0.070839, 0.109713, 0.0332576, 1.0)]])
0.070839, 0.109713, 0.0332576
float3(-0.814958, -0.12955, -1.51976)
1122.179326125
normal
simd_float4x4([[-0.040411, -0.684935, 0.727483, 0.0)], [0.995091, 0.0382407, 0.0912805, 0.0)], [-0.0903406, 0.7276, 0.680027, 0.0)], [0.0745345, 0.11943, 0.0288076, 1.0)]])
0.0745345, 0.11943, 0.0288076
float3(-0.814817, -0.132075, -1.51502)
1122.883583583
notAvailable
simd_float4x4([[0.0638416, 0.0, 0.99796, 0.0)], [0.0, 1.0, 0.0, 0.0)], [-0.99796, 0.0, 0.0638416, 0.0)], [-0.00861435, -0.0518234, 0.0830872, 1.0)]])
-0.00861435, -0.0518234, 0.0830872
float3(-0.0, -1.50691, 0.0)
1122.9836055
notAvailable
simd_float4x4([[0.0638416, 0.0, 0.99796, 0.0)], [0.0, 1.0, 0.0, 0.0)], [-0.99796, 0.0, 0.0638416, 0.0)], [-0.00861435, -0.0518234, 0.0830872, 1.0)]])
-0.00861435, -0.0518234, 0.0830872
float3(-0.0, -1.50691, 0.0)
1123.083660666
limited(__ObjC.ARCamera.TrackingState.Reason.initializing)
simd_float4x4([[0.0599059, -0.699126, 0.712484, 0.0)], [0.998197, 0.0392202, -0.0454439, 0.0)], [0.00382725, 0.713922, 0.700215, 0.0)], [0.0, 0.0, 0.0, 1.0)]])
0.0, 0.0, 0.0
float3(-0.795083, 0.00546577, -1.51476)
1123.183716166
limited(__ObjC.ARCamera.TrackingState.Reason.initializing)
simd_float4x4([[0.0631072, -0.706237, 0.705156, 0.0)], [0.997897, 0.0341669, -0.0550864, 0.0)], [0.0148111, 0.70715, 0.706908, 0.0)], [0.0, 0.0, 0.0, 1.0)]])
0.0, 0.0, 0.0
float3(-0.785459, 0.0209489, -1.52246)
1123.283771666
limited(__ObjC.ARCamera.TrackingState.Reason.initializing)
simd_float4x4([[0.0711018, -0.711462, 0.699117, 0.0)], [0.997197, 0.0343346, -0.0664763, 0.0)], [0.0232915, 0.701885, 0.711909, 0.0)], [0.0, 0.0, 0.0, 1.0)]])
0.0, 0.0, 0.0
float3(-0.77804, 0.0327052, -1.52257)
1123.383826916
limited(__ObjC.ARCamera.TrackingState.Reason.initializing)
simd_float4x4([[0.0826114, -0.734303, 0.673775, 0.0)], [0.996015, 0.0380326, -0.0806719, 0.0)], [0.0336123, 0.677754, 0.734519, 0.0)], [0.0, 0.0, 0.0, 1.0)]])
0.0, 0.0, 0.0
float3(-0.744704, 0.045729, -1.51905)
1123.483882458
limited(__ObjC.ARCamera.TrackingState.Reason.initializing)
simd_float4x4([[0.0927798, -0.753158, 0.651263, 0.0)], [0.994932, 0.0446625, -0.0900891, 0.0)], [0.0387644, 0.656321, 0.753485, 0.0)], [0.0, 0.0, 0.0, 1.0)]])
0.0, 0.0, 0.0
float3(-0.715932, 0.0514015, -1.51157)
1123.600613625
limited(__ObjC.ARCamera.TrackingState.Reason.initializing)
simd_float4x4([[0.0976693, -0.789684, 0.605687, 0.0)], [0.993282, 0.0393932, -0.10881, 0.0)], [0.0620659, 0.612246, 0.788226, 0.0)], [0.0, 0.0, 0.0, 1.0)]])
0.0, 0.0, 0.0
float3(-0.658898, 0.078579, -1.52095)
1123.700669041
limited(__ObjC.ARCamera.TrackingState.Reason.initializing)
simd_float4x4([[0.0996592, -0.804692, 0.585267, 0.0)], [0.99243, 0.0379589, -0.116801, 0.0)], [0.0717727, 0.592476, 0.802383, 0.0)], [0.0, 0.0, 0.0, 1.0)]])
0.0, 0.0, 0.0
float3(-0.634129, 0.0892119, -1.52366)
1123.800724416
limited(__ObjC.ARCamera.TrackingState.Reason.initializing)
simd_float4x4([[0.102981, -0.828055, 0.551107, 0.0)], [0.990363, 0.033778, -0.13431, 0.0)], [0.0926009, 0.559627, 0.823554, 0.0)], [0.0, 0.0, 0.0, 1.0)]])
0.0, 0.0, 0.0
float3(-0.593936, 0.11197, -1.53003)
1123.917455791
limited(__ObjC.ARCamera.TrackingState.Reason.initializing)
simd_float4x4([[0.10607, -0.83965, 0.532667, 0.0)], [0.988335, 0.030152, -0.149279, 0.0)], [0.109281, 0.542287, 0.833054, 0.0)], [0.0, 0.0, 0.0, 1.0)]])
0.0, 0.0, 0.0
float3(-0.573157, 0.130437, -1.5349)
1124.017511458
limited(__ObjC.ARCamera.TrackingState.Reason.initializing)
simd_float4x4([[0.114957, -0.854347, 0.506827, 0.0)], [0.981063, 0.0175801, -0.192888, 0.0)], [0.155884, 0.519403, 0.840189, 0.0)], [0.0, 0.0, 0.0, 1.0)]])
0.0, 0.0, 0.0
float3(-0.546153, 0.183448, -1.55022)
1124.134242583
limited(__ObjC.ARCamera.TrackingState.Reason.initializing)
simd_float4x4([[0.130498, -0.869759, 0.475905, 0.0)], [0.967445, 0.00672604, -0.252991, 0.0)], [0.216841, 0.493427, 0.842322, 0.0)], [0.0, 0.0, 0.0, 1.0)]])
0.0, 0.0, 0.0
float3(-0.516025, 0.251961, -1.56306)
1124.234298083
limited(__ObjC.ARCamera.TrackingState.Reason.initializing)
simd_float4x4([[0.139736, -0.876742, 0.46021, 0.0)], [0.958615, 0.00335085, -0.284687, 0.0)], [0.248056, 0.480945, 0.840926, 0.0)], [0.0, 0.0, 0.0, 1.0)]])
0.0, 0.0, 0.0
float3(-0.501732, 0.286844, -1.56697)
1124.351029375
limited(__ObjC.ARCamera.TrackingState.Reason.initializing)
simd_float4x4([[0.152614, -0.885501, 0.438855, 0.0)], [0.943315, -0.00190774, -0.331894, 0.0)], [0.29473, 0.464631, 0.835014, 0.0)], [0.0, 0.0, 0.0, 1.0)]])
0.0, 0.0, 0.0
float3(-0.483217, 0.339313, -1.57295)
1124.451084958
normal
simd_float4x4([[0.171283, -0.903575, 0.392702, 0.0)], [0.915384, -0.00144319, -0.402579, 0.0)], [0.364327, 0.428428, 0.826871, 0.0)], [0.000304602, 0.0110078, 0.0020296, 1.0)]])
0.000304602, 0.0110078, 0.0020296
float3(-0.442752, 0.415017, -1.57239)
1124.567816291
normal
simd_float4x4([[0.196228, -0.907596, 0.371167, 0.0)], [0.882472, -0.00156156, -0.470362, 0.0)], [0.427478, 0.419843, 0.800621, 0.0)], [0.00237309, 0.0300241, 0.0189513, 1.0)]])
0.00237309, 0.0300241, 0.0189513
float3(-0.433272, 0.490424, -1.57252)
1124.684547666
normal
simd_float4x4([[0.214208, -0.91343, 0.346064, 0.0)], [0.841723, -0.00714155, -0.539862, 0.0)], [0.495598, 0.406932, 0.767325, 0.0)], [0.00561249, 0.0698613, 0.0428794, 1.0)]])
0.00561249, 0.0698613, 0.0428794
float3(-0.419093, 0.573472, -1.57861)
1124.784603375
normal
simd_float4x4([[0.224925, -0.923672, 0.310224, 0.0)], [0.802788, -0.00476668, -0.596246, 0.0)], [0.552214, 0.383155, 0.74044, 0.0)], [0.010898, 0.134502, 0.0883694, 1.0)]])
0.010898, 0.134502, 0.0883694
float3(-0.393209, 0.640802, -1.57596)
1124.884658791
normal
simd_float4x4([[0.23003, -0.935518, 0.268127, 0.0)], [0.761337, 0.00137794, -0.648354, 0.0)], [0.606178, 0.353275, 0.712562, 0.0)], [0.0184514, 0.173615, 0.131952, 1.0)]])
0.0184514, 0.173615, 0.131952
float3(-0.36107, 0.704901, -1.56932)
1124.984714375
normal
simd_float4x4([[0.223748, -0.946143, 0.233988, 0.0)], [0.727736, 0.00248173, -0.685853, 0.0)], [0.648334, 0.323739, 0.689098, 0.0)], [0.0263421, 0.15302, 0.124329, 1.0)]])
0.0263421, 0.15302, 0.124329
float3(-0.329679, 0.754929, -1.56817)
1125.084769791
normal
simd_float4x4([[0.212026, -0.956826, 0.198819, 0.0)], [0.694159, 0.00425165, -0.719809, 0.0)], [0.687887, 0.29063, 0.665091, 0.0)], [0.0337735, 0.148328, 0.125806, 1.0)]])
0.0337735, 0.148328, 0.125806
float3(-0.294885, 0.802245, -1.56635)
1125.201501333
normal
simd_float4x4([[0.196431, -0.966583, 0.164718, 0.0)], [0.666218, 0.00831166, -0.745711, 0.0)], [0.719423, 0.256218, 0.645587, 0.0)], [0.0210816, 0.213118, 0.164308, 1.0)]])
0.0210816, 0.213118, 0.164308
float3(-0.259108, 0.839437, -1.5622)
1125.301556666
normal
simd_float4x4([[0.183037, -0.972987, 0.140688, 0.0)], [0.653323, 0.013451, -0.75696, 0.0)], [0.73462, 0.230466, 0.638137, 0.0)], [-0.0183707, 0.295996, 0.216018, 1.0)]])
-0.0183707, 0.295996, 0.216018
float3(-0.232557, 0.855567, -1.55697)
1125.418288416
normal
simd_float4x4([[0.1692, -0.978182, 0.120546, 0.0)], [0.649144, 0.0185727, -0.760439, 0.0)], [0.741609, 0.206918, 0.638123, 0.0)], [-0.061885, 0.350668, 0.251104, 1.0)]])
-0.061885, 0.350668, 0.251104
float3(-0.208423, 0.860262, -1.55181)
1125.535019791
normal
simd_float4x4([[0.151257, -0.981742, 0.115342, 0.0)], [0.661298, 0.0137718, -0.749997, 0.0)], [0.734715, 0.189718, 0.651307, 0.0)], [-0.0834177, 0.35971, 0.235121, 1.0)]])
-0.0834177, 0.35971, 0.235121
float3(-0.190875, 0.845503, -1.55677)
1125.635075291
normal
simd_float4x4([[0.133901, -0.983323, 0.12307, 0.0)], [0.683162, 0.00162917, -0.730265, 0.0)], [0.717886, 0.18186, 0.671987, 0.0)], [-0.0795833, 0.316723, 0.177173, 1.0)]])
-0.0795833, 0.316723, 0.177173
float3(-0.182878, 0.81841, -1.56914)
1125.735131
normal
simd_float4x4([[0.126192, -0.983475, 0.129818, 0.0)], [0.711049, -0.00157769, -0.703141, 0.0)], [0.691726, 0.181038, 0.6991, 0.0)], [-0.0729474, 0.292006, 0.144091, 1.0)]])
-0.0729474, 0.292006, 0.144091
float3(-0.182042, 0.780096, -1.5724)
1125.835186375
normal
simd_float4x4([[0.121012, -0.982915, 0.138688, 0.0)], [0.744361, -0.00257995, -0.667773, 0.0)], [0.656721, 0.184042, 0.731331, 0.0)], [-0.0650013, 0.26172, 0.108906, 1.0)]])
-0.0650013, 0.26172, 0.108906
float3(-0.185097, 0.731698, -1.57342)
1125.935242125
normal
simd_float4x4([[0.12123, -0.981072, 0.150999, 0.0)], [0.779608, -5.46554e-05, -0.626268, 0.0)], [0.614423, 0.193642, 0.764845, 0.0)], [-0.0581035, 0.223127, 0.0725408, 1.0)]])
-0.0581035, 0.223127, 0.0725408
float3(-0.194873, 0.676768, -1.57085)
1126.0519735
normal
simd_float4x4([[0.112913, -0.981896, 0.15209, 0.0)], [0.814966, 0.00395624, -0.579496, 0.0)], [0.568403, 0.18938, 0.800658, 0.0)], [-0.0432809, 0.190652, 0.043373, 1.0)]])
-0.0432809, 0.190652, 0.043373
float3(-0.190531, 0.617352, -1.56677)
1126.152029125
normal
simd_float4x4([[0.10243, -0.982973, 0.15255, 0.0)], [0.841455, 0.00383052, -0.540314, 0.0)], [0.53053, 0.183709, 0.82752, 0.0)], [-0.0280827, 0.169232, 0.0199366, 1.0)]])
-0.0280827, 0.169232, 0.0199366
float3(-0.184758, 0.570099, -1.5669)
1126.252084708
normal
simd_float4x4([[0.0919927, -0.985113, 0.145222, 0.0)], [0.866997, 0.00751145, -0.498257, 0.0)], [0.489749, 0.171743, 0.854781, 0.0)], [-0.0121931, 0.145455, 0.0044992, 1.0)]])
-0.0121931, 0.145455, 0.0044992
float3(-0.172598, 0.520294, -1.56317)
1126.352140458
normal
simd_float4x4([[0.0838052, -0.98619, 0.142848, 0.0)], [0.890881, 0.00992583, -0.454129, 0.0)], [0.44644, 0.165319, 0.879409, 0.0)], [0.00331928, 0.120598, -0.00504383, 1.0)]])
0.00331928, 0.120598, -0.00504383
float3(-0.166082, 0.469756, -1.56073)
1126.452196041
normal
simd_float4x4([[0.079005, -0.986591, 0.142817, 0.0)], [0.9134, 0.0142546, -0.406812, 0.0)], [0.399322, 0.162589, 0.902279, 0.0)], [0.0176639, 0.10077, -0.00596405, 1.0)]])
0.0176639, 0.10077, -0.00596405
float3(-0.163314, 0.416658, -1.55635)
1126.568927708
normal
simd_float4x4([[0.0729406, -0.987804, 0.137557, 0.0)], [0.933763, 0.0191834, -0.357378, 0.0)], [0.350381, 0.154513, 0.923774, 0.0)], [0.0296348, 0.0906207, -0.00411292, 1.0)]])
0.0296348, 0.0906207, -0.00411292
float3(-0.155134, 0.362529, -1.55138)
1126.668983166
normal
simd_float4x4([[0.0675689, -0.988638, 0.134269, 0.0)], [0.947057, 0.0212175, -0.320364, 0.0)], [0.313876, 0.148807, 0.93773, 0.0)], [0.0390496, 0.0838105, 2.0523e-05, 1.0)]])
0.0390496, 0.0838105, 2.0523e-05
float3(-0.149362, 0.322997, -1.54934)
1126.76903875
normal
simd_float4x4([[0.0630222, -0.989564, 0.12958, 0.0)], [0.957095, 0.0231306, -0.288848, 0.0)], [0.282837, 0.142225, 0.948565, 0.0)], [0.0455891, 0.0800352, 0.0026199, 1.0)]])
0.0455891, 0.0800352, 0.0026199
float3(-0.142708, 0.28978, -1.54743)
1126.885770458
normal
simd_float4x4([[0.0588153, -0.99063, 0.123256, 0.0)], [0.966289, 0.025494, -0.256194, 0.0)], [0.250651, 0.134169, 0.958735, 0.0)], [0.0537631, 0.0807056, 0.00629358, 1.0)]])
0.0537631, 0.0807056, 0.00629358
float3(-0.134575, 0.255716, -1.54507)
1126.985826166
normal
simd_float4x4([[0.0529305, -0.991578, 0.1182, 0.0)], [0.972633, 0.0243753, -0.231065, 0.0)], [0.226238, 0.127196, 0.965732, 0.0)], [0.0620594, 0.0822394, 0.0102251, 1.0)]])
0.0620594, 0.0822394, 0.0102251
float3(-0.127541, 0.230116, -1.54622)
1127.085881791
normal
simd_float4x4([[0.0456151, -0.992682, 0.111814, 0.0)], [0.976608, 0.0207694, -0.214022, 0.0)], [0.210133, 0.118961, 0.970408, 0.0)], [0.0747584, 0.0821422, 0.0150537, 1.0)]])
0.0747584, 0.0821422, 0.0150537
float3(-0.119244, 0.213249, -1.54988)
1127.202613416
normal
simd_float4x4([[0.0413532, -0.993152, 0.10926, 0.0)], [0.980543, 0.0193369, -0.195352, 0.0)], [0.191901, 0.115212, 0.974628, 0.0)], [0.0853631, 0.0795336, 0.0228943, 1.0)]])
0.0853631, 0.0795336, 0.0228943
float3(-0.115469, 0.19441, -1.55133)
1127.302669
normal
simd_float4x4([[0.0397685, -0.993258, 0.108889, 0.0)], [0.983511, 0.0196696, -0.179777, 0.0)], [0.176423, 0.114243, 0.977662, 0.0)], [0.0939156, 0.0779941, 0.0268591, 1.0)]])
0.0939156, 0.0779941, 0.0268591
float3(-0.114493, 0.178532, -1.551)
1127.402724833
normal
simd_float4x4([[0.0387079, -0.993432, 0.107673, 0.0)], [0.98576, 0.0203166, -0.166927, 0.0)], [0.163643, 0.112601, 0.980072, 0.0)], [0.0932837, 0.0770022, 0.0278217, 1.0)]])
0.0932837, 0.0770022, 0.0278217
float3(-0.11284, 0.165444, -1.55035)
1127.5027805
normal
simd_float4x4([[0.0372513, -0.99354, 0.107193, 0.0)], [0.987021, 0.0198131, -0.159365, 0.0)], [0.156211, 0.111738, 0.981383, 0.0)], [0.0922279, 0.0769617, 0.0299124, 1.0)]])
0.0922279, 0.0769617, 0.0299124
float3(-0.111972, 0.15785, -1.55086)
1127.602836208
normal
simd_float4x4([[0.0358025, -0.99393, 0.104028, 0.0)], [0.987772, 0.0193898, -0.154696, 0.0)], [0.15174, 0.108294, 0.98247, 0.0)], [0.0924543, 0.0772068, 0.0309966, 1.0)]])
0.0924543, 0.0772068, 0.0309966
float3(-0.108507, 0.153236, -1.55129)
1127.70289175
normal
simd_float4x4([[0.0350582, -0.993991, 0.103698, 0.0)], [0.988139, 0.0189543, -0.152385, 0.0)], [0.149504, 0.10781, 0.982866, 0.0)], [0.0917174, 0.0772383, 0.0318709, 1.0)]])
0.0917174, 0.0772383, 0.0318709
float3(-0.10802, 0.150953, -1.55173)
1127.819623583
normal
simd_float4x4([[0.0346309, -0.993933, 0.10439, 0.0)], [0.988067, 0.0183648, -0.152929, 0.0)], [0.150084, 0.108441, 0.982708, 0.0)], [0.0910553, 0.0772947, 0.0315825, 1.0)]])
0.0910553, 0.0772947, 0.0315825
float3(-0.108654, 0.151553, -1.55232)
1127.919679166
normal
simd_float4x4([[0.0333802, -0.993801, 0.106042, 0.0)], [0.986965, 0.0160643, -0.160129, 0.0)], [0.157433, 0.110005, 0.981384, 0.0)], [0.0904549, 0.0774082, 0.0303754, 1.0)]])
0.0904549, 0.0774082, 0.0303754
float3(-0.110228, 0.159064, -1.55463)
1128.019734958
normal
simd_float4x4([[0.0305655, -0.993757, 0.107297, 0.0)], [0.985935, 0.012329, -0.166674, 0.0)], [0.16431, 0.110882, 0.980157, 0.0)], [0.0905514, 0.0777951, 0.0318826, 1.0)]])
0.0905514, 0.0777951, 0.0318826
float3(-0.111111, 0.166093, -1.55839)
1128.136466666
normal
simd_float4x4([[0.0269139, -0.993945, 0.106528, 0.0)], [0.984451, 0.00784907, -0.175483, 0.0)], [0.173584, 0.109595, 0.978702, 0.0)], [0.0910323, 0.0776021, 0.0322907, 1.0)]])
0.0910323, 0.0776021, 0.0322907
float3(-0.109816, 0.175536, -1.5629)
1128.236522458
normal
simd_float4x4([[0.026274, -0.993824, 0.107813, 0.0)], [0.983142, 0.00616721, -0.182741, 0.0)], [0.180948, 0.110797, 0.977232, 0.0)], [0.0903992, 0.0772003, 0.0304407, 1.0)]])
0.0903992, 0.0772003, 0.0304407
float3(-0.111025, 0.18309, -1.56459)
1128.336577916
normal
simd_float4x4([[0.0261839, -0.993458, 0.111156, 0.0)], [0.981989, 0.00474855, -0.188877, 0.0)], [0.187114, 0.1141, 0.975689, 0.0)], [0.0904671, 0.077156, 0.0285581, 1.0)]])
0.0904671, 0.077156, 0.0285581
float3(-0.114349, 0.189476, -1.56602)
1128.436633916
normal
simd_float4x4([[0.0259259, -0.992896, 0.116124, 0.0)], [0.981063, 0.00296683, -0.193665, 0.0)], [0.191944, 0.118946, 0.974171, 0.0)], [0.0895971, 0.0770812, 0.0292423, 1.0)]])
0.0895971, 0.0770812, 0.0292423
float3(-0.119229, 0.194542, -1.56781)
1128.553365583
normal
simd_float4x4([[0.0271933, -0.992375, 0.120221, 0.0)], [0.97986, 0.00266169, -0.199667, 0.0)], [0.197825, 0.12323, 0.972461, 0.0)], [0.0887359, 0.076299, 0.0288672, 1.0)]])
0.0887359, 0.076299, 0.0288672
float3(-0.123544, 0.200688, -1.56811)
1128.670097125
normal
simd_float4x4([[0.0283534, -0.991976, 0.123209, 0.0)], [0.978748, 0.00250656, -0.205054, 0.0)], [0.203099, 0.126404, 0.970965, 0.0)], [0.0898627, 0.0765922, 0.02932, 1.0)]])
0.0898627, 0.0765922, 0.02932
float3(-0.126743, 0.2062, -1.56827)
1128.770152958
normal
simd_float4x4([[0.0292039, -0.991405, 0.127527, 0.0)], [0.978408, 0.00223609, -0.206673, 0.0)], [0.204612, 0.130809, 0.970063, 0.0)], [0.0899648, 0.0772036, 0.0269415, 1.0)]])
0.0899648, 0.0772036, 0.0269415
float3(-0.131185, 0.207879, -1.56854)
1128.870208583
normal
simd_float4x4([[0.0276351, -0.991096, 0.130253, 0.0)], [0.978033, -0.000124545, -0.208451, 0.0)], [0.206611, 0.133152, 0.96932, 0.0)], [0.0903708, 0.07751, 0.0249834, 1.0)]])
0.0903708, 0.07751, 0.0249834
float3(-0.133549, 0.210008, -1.57092)
1128.9702645
normal
simd_float4x4([[0.027152, -0.990701, 0.133317, 0.0)], [0.977845, -0.00136915, -0.209327, 0.0)], [0.207563, 0.136047, 0.968715, 0.0)], [0.0901859, 0.0773326, 0.0227119, 1.0)]])
0.0901859, 0.0773326, 0.0227119
float3(-0.136471, 0.211075, -1.57218)
1129.086996291
normal
simd_float4x4([[0.0287813, -0.99086, 0.131788, 0.0)], [0.976921, -3.29798e-05, -0.2136, 0.0)], [0.211652, 0.134894, 0.967991, 0.0)], [0.0905068, 0.0773555, 0.0223768, 1.0)]])
0.0905068, 0.0773555, 0.0223768
float3(-0.135306, 0.215263, -1.57083)
1129.187052125
normal
simd_float4x4([[0.0308947, -0.990922, 0.130838, 0.0)], [0.975937, 0.00163735, -0.218047, 0.0)], [0.215853, 0.134426, 0.967128, 0.0)], [0.0904077, 0.0782404, 0.0226667, 1.0)]])
0.0904077, 0.0782404, 0.0226667
float3(-0.134834, 0.219591, -1.56914)
1129.303783791
normal
simd_float4x4([[0.0304737, -0.991101, 0.129578, 0.0)], [0.976913, 0.00210773, -0.213625, 0.0)], [0.211451, 0.133097, 0.968284, 0.0)], [0.0937004, 0.03911, 0.0177268, 1.0)]])
0.0937004, 0.03911, 0.0177268
float3(-0.133493, 0.215002, -1.56867)
1129.420515458
normal
simd_float4x4([[0.0326088, -0.990963, 0.130109, 0.0)], [0.976352, 0.00374789, -0.216155, 0.0)], [0.213714, 0.13408, 0.967651, 0.0)], [0.0932849, 0.0405498, 0.0162042, 1.0)]])
0.0932849, 0.0405498, 0.0162042
float3(-0.134485, 0.217369, -1.56701)
1129.520571416
normal
simd_float4x4([[0.0338219, -0.990994, 0.129566, 0.0)], [0.975751, 0.00469084, -0.218832, 0.0)], [0.216253, 0.133826, 0.967122, 0.0)], [0.0922318, 0.0426662, 0.0168848, 1.0)]])
0.0922318, 0.0426662, 0.0168848
float3(-0.134228, 0.219986, -1.56606)
1129.620627125
normal
simd_float4x4([[0.0336383, -0.991356, 0.126815, 0.0)], [0.975084, 0.00471485, -0.221787, 0.0)], [0.219272, 0.131116, 0.966813, 0.0)], [0.0920763, 0.0444164, 0.0169537, 1.0)]])
0.0920763, 0.0444164, 0.0169537
float3(-0.131495, 0.223026, -1.56604)
1129.720682958
normal
simd_float4x4([[0.0343977, -0.99129, 0.127127, 0.0)], [0.975323, 0.00553853, -0.220713, 0.0)], [0.218086, 0.131582, 0.967018, 0.0)], [0.0923003, 0.0452614, 0.0172252, 1.0)]])
0.0923003, 0.0452614, 0.0172252
float3(-0.131965, 0.221814, -1.56521)
1129.837414666
normal
simd_float4x4([[0.0343766, -0.99132, 0.126896, 0.0)], [0.974925, 0.00533052, -0.222469, 0.0)], [0.219861, 0.131362, 0.966646, 0.0)], [0.09297, 0.0456217, 0.0179511, 1.0)]])
0.09297, 0.0456217, 0.0179511
float3(-0.131742, 0.223643, -1.56542)
1129.954146708
normal
simd_float4x4([[0.0328556, -0.991646, 0.124732, 0.0)], [0.974281, 0.00394083, -0.225304, 0.0)], [0.22293, 0.128926, 0.966271, 0.0)], [0.0932746, 0.0462359, 0.0191449, 1.0)]])
0.0932746, 0.0462359, 0.0191449
float3(-0.129286, 0.226745, -1.56682)
1130.054202291
normal
simd_float4x4([[0.0345535, -0.99118, 0.127942, 0.0)], [0.974076, 0.00476271, -0.226172, 0.0)], [0.223568, 0.13244, 0.965648, 0.0)], [0.0924845, 0.0449302, 0.0184862, 1.0)]])
0.0924845, 0.0449302, 0.0184862
float3(-0.132831, 0.227513, -1.56599)
1130.170934
normal
simd_float4x4([[0.0358392, -0.990041, 0.136137, 0.0)], [0.973577, 0.00384702, -0.228325, 0.0)], [0.225527, 0.140723, 0.96402, 0.0)], [0.0912805, 0.0431773, 0.0171632, 1.0)]])
0.0912805, 0.0431773, 0.0171632
float3(-0.141192, 0.229812, -1.56691)
1130.270990083
normal
simd_float4x4([[0.034639, -0.989606, 0.139574, 0.0)], [0.972733, 0.0013378, -0.231924, 0.0)], [0.229327, 0.143802, 0.962668, 0.0)], [0.0907256, 0.0418273, 0.0148689, 1.0)]])
0.0907256, 0.0418273, 0.0148689
float3(-0.144302, 0.233861, -1.56944)
1130.387721708
normal
simd_float4x4([[0.0413151, -0.988567, 0.145008, 0.0)], [0.971536, 0.00586559, -0.236818, 0.0)], [0.23326, 0.150665, 0.960671, 0.0)], [0.0888138, 0.0398017, 0.0108885, 1.0)]])
0.0888138, 0.0398017, 0.0108885
float3(-0.151241, 0.2382, -1.56486)
1130.48777775
normal
simd_float4x4([[0.0471155, -0.987263, 0.151963, 0.0)], [0.970328, 0.0091164, -0.24162, 0.0)], [0.237157, 0.158838, 0.958398, 0.0)], [0.0872588, 0.0378402, 0.00874787, 1.0)]])
0.0872588, 0.0378402, 0.00874787
float3(-0.159513, 0.242579, -1.56156)
1130.587833458
normal
simd_float4x4([[0.0473213, -0.986179, 0.158779, 0.0)], [0.968476, 0.00637769, -0.249026, 0.0)], [0.244571, 0.165557, 0.955393, 0.0)], [0.087178, 0.0368397, 0.00689925, 1.0)]])
0.087178, 0.0368397, 0.00689925
float3(-0.166323, 0.250609, -1.56433)
1130.687889458
normal
simd_float4x4([[0.0481444, -0.985565, 0.162307, 0.0)], [0.966823, 0.00516913, -0.255396, 0.0)], [0.250871, 0.169218, 0.953115, 0.0)], [0.08769, 0.0365524, 0.00702641, 1.0)]])
0.08769, 0.0365524, 0.00702641
float3(-0.170036, 0.257374, -1.56555)
1130.80462125
normal
simd_float4x4([[0.0498028, -0.984443, 0.168496, 0.0)], [0.965642, 0.00437802, -0.259838, 0.0)], [0.255059, 0.175648, 0.950838, 0.0)], [0.089131, 0.0363323, 0.00741977, 1.0)]])
0.089131, 0.0363323, 0.00741977
float3(-0.176564, 0.262076, -1.56635)
1130.904677125
normal
simd_float4x4([[0.0493657, -0.98441, 0.168822, 0.0)], [0.965149, 0.00352339, -0.261677, 0.0)], [0.257002, 0.175856, 0.950276, 0.0)], [0.0905127, 0.0367328, 0.00903907, 1.0)]])
0.0905127, 0.0367328, 0.00903907
float3(-0.176776, 0.264131, -1.56722)
1131.021408875
normal
simd_float4x4([[0.0495762, -0.985251, 0.163773, 0.0)], [0.965167, 0.00508392, -0.261584, 0.0)], [0.256894, 0.171037, 0.951185, 0.0)], [0.09133, 0.0381738, 0.011798, 1.0)]])
0.09133, 0.0381738, 0.011798
float3(-0.171882, 0.263784, -1.56564)
1131.138140708
normal
simd_float4x4([[0.0503948, -0.9857, 0.160795, 0.0)], [0.965517, 0.00690941, -0.260247, 0.0)], [0.255415, 0.168366, 0.952059, 0.0)], [0.0911857, 0.0377346, 0.0137137, 1.0)]])
0.0911857, 0.0377346, 0.0137137
float3(-0.169171, 0.262104, -1.56379)
1131.254872791
normal
simd_float4x4([[0.0518717, -0.985502, 0.16154, 0.0)], [0.964894, 0.00775491, -0.262525, 0.0)], [0.257466, 0.169487, 0.951307, 0.0)], [0.090455, 0.0363863, 0.0121368, 1.0)]])
0.090455, 0.0363863, 0.0121368
float3(-0.170309, 0.264312, -1.56293)
1131.354928625
normal
simd_float4x4([[0.0531212, -0.984896, 0.164798, 0.0)], [0.96458, 0.00790628, -0.263673, 0.0)], [0.258387, 0.172968, 0.950431, 0.0)], [0.0895808, 0.0365953, 0.010245, 1.0)]])
0.0895808, 0.0365953, 0.010245
float3(-0.173842, 0.265448, -1.56277)
1131.471660583
normal
simd_float4x4([[0.0500062, -0.985508, 0.162091, 0.0)], [0.964376, 0.00543385, -0.26448, 0.0)], [0.259766, 0.169542, 0.950672, 0.0)], [0.0883583, 0.0768497, 0.00644575, 1.0)]])
0.0883583, 0.0768497, 0.00644575
float3(-0.170365, 0.266734, -1.56528)
1131.588392333
normal
simd_float4x4([[0.0474012, -0.986916, 0.154109, 0.0)], [0.964036, 0.0048083, -0.265728, 0.0)], [0.26151, 0.161163, 0.951651, 0.0)], [0.0815735, 0.080484, 0.0206322, 1.0)]])
0.0815735, 0.080484, 0.0206322
float3(-0.161868, 0.268177, -1.56592)
1131.688448166
normal
simd_float4x4([[0.0459174, -0.988763, 0.142261, 0.0)], [0.963981, 0.00651087, -0.26589, 0.0)], [0.261976, 0.149346, 0.953448, 0.0)], [0.0835124, 0.0844264, 0.0252593, 1.0)]])
0.0835124, 0.0844264, 0.0252593
float3(-0.149907, 0.268149, -1.56421)
1131.805180125
normal
simd_float4x4([[0.0418228, -0.991124, 0.126191, 0.0)], [0.964354, 0.007014, -0.264521, 0.0)], [0.261288, 0.132756, 0.956088, 0.0)], [0.0848995, 0.085998, 0.0280127, 1.0)]])
0.0848995, 0.085998, 0.0280127
float3(-0.133149, 0.266775, -1.56372)
1131.905236041
normal
simd_float4x4([[0.0384374, -0.992677, 0.114515, 0.0)], [0.96478, 0.00702161, -0.262964, 0.0)], [0.260234, 0.12059, 0.957985, 0.0)], [0.084901, 0.0863718, 0.0291076, 1.0)]])
0.084901, 0.0863718, 0.0291076
float3(-0.120884, 0.265246, -1.56372)
1132.005292125
normal
simd_float4x4([[0.0380899, -0.993393, 0.108258, 0.0)], [0.965694, 0.00874431, -0.259534, 0.0)], [0.256873, 0.11443, 0.959647, 0.0)], [0.0840664, 0.0878393, 0.0326849, 1.0)]])
0.0840664, 0.0878393, 0.0326849
float3(-0.114681, 0.261543, -1.56199)
1132.105347875
normal
simd_float4x4([[0.038646, -0.993966, 0.102653, 0.0)], [0.96645, 0.0110737, -0.256617, 0.0)], [0.253932, 0.109126, 0.961046, 0.0)], [0.0826593, 0.087302, 0.032415, 1.0)]])
0.0826593, 0.087302, 0.032415
float3(-0.109344, 0.258321, -1.55966)
1132.205403916
normal
simd_float4x4([[0.0375286, -0.994375, 0.0990449, 0.0)], [0.966817, 0.0110664, -0.255229, 0.0)], [0.252698, 0.105337, 0.961794, 0.0)], [0.0816443, 0.0885443, 0.0321253, 1.0)]])
0.0816443, 0.0885443, 0.0321253
float3(-0.105533, 0.256929, -1.55967)
1132.322135666
normal
simd_float4x4([[0.0354154, -0.994655, 0.0969851, 0.0)], [0.968238, 0.0101151, -0.249827, 0.0)], [0.24751, 0.102752, 0.963421, 0.0)], [0.0795197, 0.0886141, 0.0310769, 1.0)]])
0.0795197, 0.0886141, 0.0310769
float3(-0.102934, 0.251469, -1.56063)
1132.422191791
normal
simd_float4x4([[0.0361016, -0.994474, 0.0985825, 0.0)], [0.969715, 0.0110159, -0.243991, 0.0)], [0.241557, 0.104405, 0.964754, 0.0)], [0.0761119, 0.0880145, 0.0293969, 1.0)]])
0.0761119, 0.0880145, 0.0293969
float3(-0.104596, 0.245338, -1.55972)
1132.538923583
normal
simd_float4x4([[0.0310209, -0.995044, 0.0944676, 0.0)], [0.972141, 0.00806666, -0.23426, 0.0)], [0.232337, 0.0991027, 0.967573, 0.0)], [0.0721034, 0.0879659, 0.0287551, 1.0)]])
0.0721034, 0.0879659, 0.0287551
float3(-0.0992657, 0.235661, -1.56269)
1132.63897975
normal
simd_float4x4([[0.0294944, -0.99529, 0.092342, 0.0)], [0.973558, 0.0076681, -0.22831, 0.0)], [0.226526, 0.0966342, 0.9692, 0.0)], [0.0634805, 0.0881335, 0.0258402, 1.0)]])
0.0634805, 0.0881335, 0.0258402
float3(-0.0967852, 0.229603, -1.56309)
1132.739035583
normal
simd_float4x4([[0.0280078, -0.995062, 0.0952168, 0.0)], [0.974508, 0.00596857, -0.224274, 0.0)], [0.222599, 0.099071, 0.969863, 0.0)], [0.0582654, 0.0849513, 0.0226907, 1.0)]])
0.0582654, 0.0849513, 0.0226907
float3(-0.0992338, 0.225608, -1.5648)
1132.8557675
normal
simd_float4x4([[0.0212997, -0.994493, 0.102612, 0.0)], [0.976126, -0.00150466, -0.217202, 0.0)], [0.21616, 0.104789, 0.970718, 0.0)], [0.0588375, 0.0824151, 0.0214387, 1.0)]])
0.0588375, 0.0824151, 0.0214387
float3(-0.104981, 0.219105, -1.57231)
1132.9558235
normal
simd_float4x4([[0.0123267, -0.993729, 0.111136, 0.0)], [0.977902, -0.0112174, -0.208765, 0.0)], [0.208702, 0.111254, 0.971631, 0.0)], [0.0467116, 0.079195, 0.0160159, 1.0)]])
0.0467116, 0.079195, 0.0160159
float3(-0.111485, 0.211581, -1.58208)
1133.072555291
normal
simd_float4x4([[-0.00236395, -0.992619, 0.121249, 0.0)], [0.980838, -0.0259227, -0.193095, 0.0)], [0.194813, 0.118469, 0.973659, 0.0)], [0.0372199, 0.0746602, 0.00956509, 1.0)]])
0.0372199, 0.0746602, 0.00956509
float3(-0.118748, 0.197476, -1.59691)
1133.189287458
normal
simd_float4x4([[-0.014825, -0.990601, 0.135978, 0.0)], [0.982561, -0.0396417, -0.181666, 0.0)], [0.185349, 0.130914, 0.973913, 0.0)], [0.0291292, 0.0681623, -0.00216017, 1.0)]])
0.0291292, 0.0681623, -0.00216017
float3(-0.13129, 0.188064, -1.61079)
1133.3060195
normal
simd_float4x4([[-0.0151524, -0.987214, 0.15868, 0.0)], [0.983362, -0.0434446, -0.176385, 0.0)], [0.181024, 0.153367, 0.971447, 0.0)], [0.0202511, 0.063263, -0.0237284, 1.0)]])
0.0202511, 0.063263, -0.0237284
float3(-0.153975, 0.184231, -1.61478)
1133.40607525
normal
simd_float4x4([[-0.0192581, -0.985568, 0.168181, 0.0)], [0.982968, -0.0494128, -0.177009, 0.0)], [0.182765, 0.161908, 0.969733, 0.0)], [0.0148518, 0.0593539, -0.0467325, 1.0)]])
0.0148518, 0.0593539, -0.0467325
float3(-0.162624, 0.186284, -1.62089)
1133.50613125
normal
simd_float4x4([[-0.0127796, -0.982111, 0.187867, 0.0)], [0.982111, -0.0476286, -0.18218, 0.0)], [0.187869, 0.182178, 0.965151, 0.0)], [0.00967523, 0.050659, -0.0776822, 1.0)]])
0.00967523, 0.050659, -0.0776822
float3(-0.183201, 0.192248, -1.61925)
1133.606187291
normal
simd_float4x4([[-0.00799823, -0.979004, 0.203685, 0.0)], [0.979506, -0.0486656, -0.195446, 0.0)], [0.201255, 0.197948, 0.95933, 0.0)], [0.00748047, 0.0405922, -0.117531, 1.0)]])
0.00748047, 0.0405922, -0.117531
float3(-0.199264, 0.206788, -1.62046)
1133.722919458
normal
simd_float4x4([[0.00615905, -0.977825, 0.209335, 0.0)], [0.974751, -0.0408569, -0.219526, 0.0)], [0.223211, 0.205401, 0.952884, 0.0)], [0.00519761, 0.0316962, -0.176723, 1.0)]])
0.00519761, 0.0316962, -0.176723
float3(-0.206873, 0.230099, -1.61256)
1133.83965125
normal
simd_float4x4([[0.0258849, -0.980755, 0.193519, 0.0)], [0.967412, -0.0242007, -0.25205, 0.0)], [0.251882, 0.193737, 0.948167, 0.0)], [0.00265139, 0.0342778, -0.247546, 1.0)]])
0.00265139, 0.0342778, -0.247546
float3(-0.194969, 0.259654, -1.59547)
1133.939707375
normal
simd_float4x4([[0.0452229, -0.982869, 0.17867, 0.0)], [0.960848, -0.00614606, -0.277008, 0.0)], [0.273361, 0.184202, 0.94411, 0.0)], [0.00247755, 0.0477095, -0.310166, 1.0)]])
0.00247755, 0.0477095, -0.310166
float3(-0.18526, 0.281837, -1.57705)
1134.056439333
normal
simd_float4x4([[0.04835, -0.989413, 0.136838, 0.0)], [0.954153, 0.00523703, -0.299272, 0.0)], [0.295387, 0.145034, 0.944305, 0.0)], [0.00540096, 0.0649291, -0.366948, 1.0)]])
0.00540096, 0.0649291, -0.366948
float3(-0.145548, 0.303166, -1.5655)
1134.173171375
normal
simd_float4x4([[0.0676025, -0.98825, 0.137079, 0.0)], [0.947381, 0.0204959, -0.319452, 0.0)], [0.312889, 0.151462, 0.937635, 0.0)], [-0.000806043, 0.0715233, -0.415074, 1.0)]])
-0.000806043, 0.0715233, -0.415074
float3(-0.152047, 0.322081, -1.55006)
1134.273227375
normal
simd_float4x4([[0.0613439, -0.987837, 0.142883, 0.0)], [0.944965, 0.0113873, -0.326974, 0.0)], [0.32137, 0.155077, 0.934169, 0.0)], [-0.0078876, 0.075872, -0.448801, 1.0)]])
-0.0078876, 0.075872, -0.448801
float3(-0.155706, 0.331334, -1.55927)
1134.373283375
normal
simd_float4x4([[0.0667849, -0.987494, 0.14281, 0.0)], [0.943435, 0.015911, -0.331176, 0.0)], [0.324762, 0.156849, 0.932699, 0.0)], [-0.0183373, 0.0808139, -0.474322, 1.0)]])
-0.0183373, 0.0808139, -0.474322
float3(-0.1575, 0.335067, -1.55469)
1134.4733395
normal
simd_float4x4([[0.0664683, -0.98793, 0.139915, 0.0)], [0.95008, 0.0198234, -0.311375, 0.0)], [0.304843, 0.153627, 0.93993, 0.0)], [-0.0259668, 0.0856117, -0.494109, 1.0)]])
-0.0259668, 0.0856117, -0.494109
float3(-0.154238, 0.313621, -1.55073)
1134.573395166
normal
simd_float4x4([[0.0468886, -0.99161, 0.120464, 0.0)], [0.959032, 0.0109578, -0.283087, 0.0)], [0.279392, 0.128802, 0.951499, 0.0)], [-0.0298613, 0.0899949, -0.501988, 1.0)]])
-0.0298613, 0.0899949, -0.501988
float3(-0.129161, 0.285606, -1.55975)
1134.690127625
normal
simd_float4x4([[0.0172294, -0.992921, 0.117523, 0.0)], [0.965746, -0.0139116, -0.259118, 0.0)], [0.258919, 0.117962, 0.958669, 0.0)], [-0.0378878, 0.092511, -0.507616, 1.0)]])
-0.0378878, 0.092511, -0.507616
float3(-0.118237, 0.263788, -1.58481)
1134.806859708
normal
simd_float4x4([[0.0185203, -0.993813, 0.109506, 0.0)], [0.969697, -0.00883179, -0.244152, 0.0)], [0.243609, 0.11071, 0.963534, 0.0)], [-0.0497154, 0.0918837, -0.50989, 1.0)]])
-0.0497154, 0.0918837, -0.50989
float3(-0.110937, 0.247639, -1.57968)
1134.906915791
normal
simd_float4x4([[0.0162641, -0.994698, 0.101548, 0.0)], [0.970625, -0.00867585, -0.240441, 0.0)], [0.240047, 0.102475, 0.965337, 0.0)], [-0.0557013, 0.0899121, -0.511308, 1.0)]])
-0.0557013, 0.0899121, -0.511308
float3(-0.102655, 0.243723, -1.57952)
1135.00697175
normal
simd_float4x4([[0.0198731, -0.994362, 0.104159, 0.0)], [0.971003, -0.00562917, -0.239003, 0.0)], [0.238241, 0.105888, 0.965416, 0.0)], [-0.0592509, 0.0897729, -0.511371, 1.0)]])
-0.0592509, 0.0897729, -0.511371
float3(-0.106087, 0.241942, -1.57646)
1135.10702775
normal
simd_float4x4([[0.0289213, -0.99479, 0.0977526, 0.0)], [0.969951, 0.00429492, -0.243264, 0.0)], [0.241577, 0.101851, 0.965022, 0.0)], [-0.0615346, 0.0915531, -0.511899, 1.0)]])
-0.0615346, 0.0915531, -0.511899
float3(-0.102028, 0.245292, -1.56648)
1135.207083791
normal
simd_float4x4([[0.0313689, -0.995007, 0.0947525, 0.0)], [0.969173, 0.00710181, -0.246279, 0.0)], [0.244377, 0.0995571, 0.964556, 0.0)], [-0.0571272, 0.0920987, -0.515018, 1.0)]])
-0.0571272, 0.0920987, -0.515018
float3(-0.0997223, 0.248135, -1.56366)
1135.30714
normal
simd_float4x4([[0.0256035, -0.995345, 0.092916, 0.0)], [0.968303, 0.00159125, -0.249775, 0.0)], [0.248464, 0.096366, 0.963836, 0.0)], [-0.0557326, 0.0931342, -0.517067, 1.0)]])
-0.0557326, 0.0931342, -0.517067
float3(-0.0965157, 0.252294, -1.5692)
1135.423872083
normal
simd_float4x4([[0.0253981, -0.995052, 0.0960506, 0.0)], [0.968771, 0.000792401, -0.247958, 0.0)], [0.246655, 0.0993487, 0.963997, 0.0)], [-0.0563623, 0.0938369, -0.520715, 1.0)]])
-0.0563623, 0.0938369, -0.520715
float3(-0.0995128, 0.250493, -1.57)
1135.540604
normal
simd_float4x4([[0.027213, -0.995217, 0.0938181, 0.0)], [0.968365, 0.00295679, -0.24952, 0.0)], [0.248049, 0.0976403, 0.963814, 0.0)], [-0.0552865, 0.0946697, -0.521597, 1.0)]])
-0.0552865, 0.0946697, -0.521597
float3(-0.0977961, 0.251896, -1.56783)
1135.657336166
normal
simd_float4x4([[0.0292988, -0.994748, 0.0980737, 0.0)], [0.967677, 0.00364006, -0.252166, 0.0)], [0.250485, 0.102292, 0.962701, 0.0)], [-0.0551403, 0.0941676, -0.523572, 1.0)]])
-0.0551403, 0.0941676, -0.523572
float3(-0.102471, 0.254546, -1.56714)
1135.757392125
normal
simd_float4x4([[0.025598, -0.994688, 0.0997002, 0.0)], [0.967332, -0.000516475, -0.253514, 0.0)], [0.252219, 0.102933, 0.96218, 0.0)], [-0.0533911, 0.0949291, -0.528989, 1.0)]])
-0.0533911, 0.0949291, -0.528989
float3(-0.103115, 0.256365, -1.57132)
1135.874124375
normal
simd_float4x4([[0.0275611, -0.994448, 0.10156, 0.0)], [0.967544, 0.00100777, -0.252702, 0.0)], [0.251197, 0.105228, 0.962199, 0.0)], [-0.0544165, 0.0956174, -0.530083, 1.0)]])
-0.0544165, 0.0956174, -0.530083
float3(-0.105423, 0.255365, -1.56978)
1135.974180416
normal
simd_float4x4([[0.030806, -0.994131, 0.103698, 0.0)], [0.967567, 0.00363513, -0.252589, 0.0)], [0.25073, 0.108116, 0.962001, 0.0)], [-0.0545965, 0.0956904, -0.533895, 1.0)]])
-0.0545965, 0.0956904, -0.533895
float3(-0.108328, 0.254962, -1.56714)
1136.0742365
normal
simd_float4x4([[0.0312957, -0.994135, 0.103523, 0.0)], [0.967034, 0.00392828, -0.254618, 0.0)], [0.252717, 0.108079, 0.961485, 0.0)], [-0.0546551, 0.0976018, -0.534361, 1.0)]])
-0.0546551, 0.0976018, -0.534361
float3(-0.10829, 0.257027, -1.56684)
1136.190968666
normal
simd_float4x4([[0.0309748, -0.994471, 0.100342, 0.0)], [0.967502, 0.0046252, -0.252822, 0.0)], [0.25096, 0.104912, 0.962296, 0.0)], [-0.0553922, 0.0993141, -0.534199, 1.0)]])
-0.0553922, 0.0993141, -0.534199
float3(-0.105105, 0.25511, -1.56615)
1136.307700666
normal
simd_float4x4([[0.0322548, -0.994267, 0.101941, 0.0)], [0.967656, 0.00553264, -0.252212, 0.0)], [0.250202, 0.106779, 0.962287, 0.0)], [-0.0553202, 0.0993955, -0.533965, 1.0)]])
-0.0553202, 0.0993955, -0.533965
float3(-0.106983, 0.254375, -1.56523)
1136.407756875
normal
simd_float4x4([[0.0336912, -0.99415, 0.102617, 0.0)], [0.967518, 0.00670331, -0.252712, 0.0)], [0.250546, 0.107798, 0.962084, 0.0)], [-0.0553654, 0.0999424, -0.533781, 1.0)]])
-0.0553654, 0.0999424, -0.533781
float3(-0.108008, 0.254762, -1.56405)
1136.507812833
normal
simd_float4x4([[0.0347983, -0.994086, 0.102866, 0.0)], [0.967697, 0.00779831, -0.251996, 0.0)], [0.249704, 0.108312, 0.962245, 0.0)], [-0.0553678, 0.100141, -0.533867, 1.0)]])
-0.0553678, 0.100141, -0.533867
float3(-0.108525, 0.253901, -1.56295)
1136.607869041
normal
simd_float4x4([[0.0364273, -0.994029, 0.102853, 0.0)], [0.967383, 0.00925727, -0.25315, 0.0)], [0.250687, 0.108719, 0.961944, 0.0)], [-0.0550235, 0.10018, -0.53329, 1.0)]])
-0.0550235, 0.10018, -0.53329
float3(-0.108935, 0.254934, -1.56148)
1136.724601166
normal
simd_float4x4([[0.0356419, -0.994186, 0.101606, 0.0)], [0.967066, 0.00867213, -0.254379, 0.0)], [0.252019, 0.107326, 0.961752, 0.0)], [-0.0544673, 0.100415, -0.532575, 1.0)]])
-0.0544673, 0.100415, -0.532575
float3(-0.107533, 0.25628, -1.56207)
1136.824657291
normal
simd_float4x4([[0.036968, -0.994161, 0.101374, 0.0)], [0.96682, 0.00992202, -0.255266, 0.0)], [0.25277, 0.107447, 0.961542, 0.0)], [-0.0538773, 0.100713, -0.532971, 1.0)]])
-0.0538773, 0.100713, -0.532971
float3(-0.107655, 0.257063, -1.56082)
1136.941389375
normal
simd_float4x4([[0.0356262, -0.994084, 0.102606, 0.0)], [0.966275, 0.0080631, -0.257385, 0.0)], [0.255035, 0.108316, 0.960846, 0.0)], [-0.0516186, 0.100464, -0.533603, 1.0)]])
-0.0516186, 0.100464, -0.533603
float3(-0.108529, 0.259445, -1.56269)
1137.0581215
normal
simd_float4x4([[0.0298825, -0.993287, 0.111751, 0.0)], [0.965636, -0.000189329, -0.259896, 0.0)], [0.258173, 0.115677, 0.959148, 0.0)], [-0.0454224, 0.0990384, -0.536536, 1.0)]])
-0.0454224, 0.0990384, -0.536536
float3(-0.115937, 0.262937, -1.57099)
1137.158177791
normal
simd_float4x4([[0.0379103, -0.992385, 0.117193, 0.0)], [0.963954, 0.00540976, -0.266015, 0.0)], [0.263356, 0.123054, 0.956818, 0.0)], [-0.0390798, 0.0968217, -0.539751, 1.0)]])
-0.0390798, 0.0968217, -0.539751
float3(-0.123366, 0.26859, -1.56535)
1137.25823375
normal
simd_float4x4([[0.0511597, -0.990638, 0.126563, 0.0)], [0.960327, 0.0140107, -0.278523, 0.0)], [0.274142, 0.135791, 0.952054, 0.0)], [-0.0313407, 0.0925706, -0.5455, 1.0)]])
-0.0313407, 0.0925706, -0.5455
float3(-0.136212, 0.280364, -1.55665)
1137.374966083
normal
simd_float4x4([[0.0748519, -0.988011, 0.135024, 0.0)], [0.953608, 0.0313267, -0.299415, 0.0)], [0.291596, 0.151172, 0.94452, 0.0)], [-0.020576, 0.0874687, -0.552243, 1.0)]])
-0.020576, 0.0874687, -0.552243
float3(-0.151754, 0.299441, -1.5391)
1137.491698208
normal
simd_float4x4([[0.100538, -0.98417, 0.145949, 0.0)], [0.947022, 0.0496882, -0.317302, 0.0)], [0.305027, 0.170118, 0.937026, 0.0)], [-0.0140692, 0.0784678, -0.562556, 1.0)]])
-0.0140692, 0.0784678, -0.562556
float3(-0.170949, 0.314708, -1.52035)
1137.608430166
normal
simd_float4x4([[0.101989, -0.98097, 0.165217, 0.0)], [0.947626, 0.0452751, -0.316156, 0.0)], [0.302659, 0.188808, 0.93421, 0.0)], [-0.0105629, 0.0753378, -0.583854, 1.0)]])
-0.0105629, 0.0753378, -0.583854
float3(-0.189948, 0.313303, -1.52468)
1137.708486458
normal
simd_float4x4([[0.107435, -0.98185, 0.156296, 0.0)], [0.946975, 0.0531771, -0.316876, 0.0)], [0.302813, 0.182052, 0.9355, 0.0)], [-0.01506, 0.0737256, -0.6026, 1.0)]])
-0.01506, 0.0737256, -0.6026
float3(-0.183073, 0.313048, -1.51669)
1137.825218625
normal
simd_float4x4([[0.100048, -0.982063, 0.159823, 0.0)], [0.953096, 0.0484763, -0.298762, 0.0)], [0.285655, 0.182217, 0.94085, 0.0)], [-0.0250713, 0.065235, -0.636425, 1.0)]])
-0.0250713, 0.065235, -0.636425
float3(-0.183241, 0.294769, -1.52147)
1137.94195075
normal
simd_float4x4([[0.107843, -0.980585, 0.163778, 0.0)], [0.959789, 0.0597439, -0.274291, 0.0)], [0.259181, 0.186773, 0.947597, 0.0)], [-0.0469625, 0.0571075, -0.684376, 1.0)]])
-0.0469625, 0.0571075, -0.684376
float3(-0.187877, 0.266984, -1.50994)
1138.042006958
normal
simd_float4x4([[0.0967159, -0.983796, 0.150968, 0.0)], [0.964411, 0.0551275, -0.258596, 0.0)], [0.246084, 0.170605, 0.954116, 0.0)], [-0.0710439, 0.0572353, -0.730356, 1.0)]])
-0.0710439, 0.0572353, -0.730356
float3(-0.171444, 0.252417, -1.51482)
1138.142063166
normal
simd_float4x4([[0.0622571, -0.988937, 0.134641, 0.0)], [0.973001, 0.0300994, -0.228829, 0.0)], [0.222245, 0.145252, 0.96411, 0.0)], [-0.0940099, 0.0646051, -0.775819, 1.0)]])
-0.0940099, 0.0646051, -0.775819
float3(-0.145768, 0.22656, -1.54037)
1138.242119208
normal
simd_float4x4([[0.0249203, -0.993481, 0.111238, 0.0)], [0.978409, 0.00140168, -0.206672, 0.0)], [0.205168, 0.113987, 0.972066, 0.0)], [-0.116343, 0.0716725, -0.817239, 1.0)]])
-0.116343, 0.0716725, -0.817239
float3(-0.114235, 0.208011, -1.56939)
1138.358851416
normal
