ARKit Data
1035159.2918305
normal
simd_float4x4([[0.0172726, -0.999807, -0.0094063, 0.0)], [0.236183, 0.0132214, -0.971619, 0.0)], [0.971555, 0.0145608, 0.236365, 0.0)], [0.00179239, 0.0444011, 0.000793446, 1.0)]])
0.00179239, 0.0444011, 0.000793446
float3(-0.0145613, 1.33215, -1.55757)
1035159.49194092
normal
simd_float4x4([[0.0198567, -0.999803, -0.000422022, 0.0)], [0.238885, 0.00515428, -0.971034, 0.0)], [0.970845, 0.0191807, 0.23894, 0.0)], [0.000235087, 0.0439717, -0.00051927, 1.0)]])
0.000235087, 0.0439717, -0.00051927
float3(-0.0191819, 1.32948, -1.56564)
1035160.19970483
notAvailable
simd_float4x4([[0.898286, 0.0, 0.439411, 0.0)], [0.0, 1.0, 0.0, 0.0)], [-0.439411, 0.0, 0.898286, 0.0)], [0.141964, -0.0582756, 0.154439, 1.0)]])
0.141964, -0.0582756, 0.154439
float3(-0.0, -0.454943, 0.0)
1035160.39978192
limited(__ObjC.ARCamera.TrackingState.Reason.initializing)
simd_float4x4([[0.00494581, -0.999968, 0.00631003, 0.0)], [0.999988, 0.0049472, 0.000204657, 0.0)], [-0.000235868, 0.00630894, 0.99998, 0.0)], [0.0, 0.0, 0.0, 1.0)]])
0.0, 0.0, 0.0
float3(-0.00630898, -0.000235873, -1.56585)
1035160.59989254
limited(__ObjC.ARCamera.TrackingState.Reason.initializing)
simd_float4x4([[0.00239747, -0.999925, 0.0120011, 0.0)], [0.999997, 0.00240044, 0.00023287, 0.0)], [-0.00026166, 0.0120005, 0.999928, 0.0)], [0.0, 0.0, 0.0, 1.0)]])
0.0, 0.0, 0.0
float3(-0.0120007, -0.000261679, -1.5684)
1035160.80000304
limited(__ObjC.ARCamera.TrackingState.Reason.initializing)
simd_float4x4([[0.0049339, -0.99992, 0.0116411, 0.0)], [0.999988, 0.00493088, -0.000288044, 0.0)], [0.00023062, 0.0116424, 0.999932, 0.0)], [0.0, 0.0, 0.0, 1.0)]])
0.0, 0.0, 0.0
float3(-0.0116427, 0.000230636, -1.56587)
1035161.00011367
limited(__ObjC.ARCamera.TrackingState.Reason.initializing)
simd_float4x4([[0.000874873, -0.999896, 0.0144061, 0.0)], [0.999959, 0.000744204, -0.0090732, 0.0)], [0.00906153, 0.0144135, 0.999855, 0.0)], [0.0, 0.0, 0.0, 1.0)]])
0.0, 0.0, 0.0
float3(-0.014414, 0.0090626, -1.57005)
1035161.20022425
normal
simd_float4x4([[0.00244887, -0.999826, 0.0184892, 0.0)], [0.999614, 0.00193618, -0.0276962, 0.0)], [0.0276556, 0.0185499, 0.999445, 0.0)], [4.95715e-05, 0.00100913, 0.002589, 1.0)]])
4.95715e-05, 0.00100913, 0.002589
float3(-0.018551, 0.0276639, -1.56886)
1035161.40033496
normal
simd_float4x4([[0.000555415, -0.999784, 0.0207952, 0.0)], [0.998931, -0.000406408, -0.0462195, 0.0)], [0.046218, 0.0207986, 0.998715, 0.0)], [0.00519333, 0.00384114, 0.00345247, 1.0)]])
0.00519333, 0.00384114, 0.00345247
float3(-0.0208001, 0.0462444, -1.5712)
1035161.60044571
normal
simd_float4x4([[0.00790906, -0.999633, 0.0259159, 0.0)], [0.998968, 0.00673936, -0.0449152, 0.0)], [0.044724, 0.0262444, 0.998654, 0.0)], [0.00829166, 0.00507885, 0.0031437, 1.0)]])
0.00829166, 0.00507885, 0.0031437
float3(-0.0262475, 0.0447544, -1.56405)
1035161.80055633
normal
simd_float4x4([[0.0129584, -0.99952, 0.028133, 0.0)], [0.999121, 0.0118216, -0.040207, 0.0)], [0.0398551, 0.0286293, 0.998795, 0.0)], [0.0105783, 0.00499308, 0.000685706, 1.0)]])
0.0105783, 0.00499308, 0.000685706
float3(-0.0286332, 0.039882, -1.55897)
1035162.00066708
normal
simd_float4x4([[0.017316, -0.999326, 0.0323572, 0.0)], [0.999097, 0.0160384, -0.0393347, 0.0)], [0.0387893, 0.0330091, 0.998702, 0.0)], [0.0111391, 0.00336791, 0.00417446, 1.0)]])
0.0111391, 0.00336791, 0.00417446
float3(-0.0330151, 0.0388202, -1.55475)
1035162.200778
normal
simd_float4x4([[0.0165659, -0.999384, 0.0309366, 0.0)], [0.999075, 0.0153173, -0.0401704, 0.0)], [0.0396718, 0.0315734, 0.998714, 0.0)], [0.0106724, 0.00442443, 0.00580313, 1.0)]])
0.0106724, 0.00442443, 0.00580313
float3(-0.0315787, 0.039702, -1.55547)
1035162.40088883
normal
simd_float4x4([[0.0166757, -0.999388, 0.0307549, 0.0)], [0.999092, 0.0154492, -0.0396943, 0.0)], [0.0391949, 0.0313889, 0.998738, 0.0)], [0.0115743, 0.00504985, 0.00595656, 1.0)]])
0.0115743, 0.00504985, 0.00595656
float3(-0.031394, 0.0392243, -1.55534)
1035162.61767554
normal
simd_float4x4([[0.0158458, -0.9994, 0.030798, 0.0)], [0.999032, 0.0145606, -0.0415144, 0.0)], [0.0410411, 0.031426, 0.998663, 0.0)], [0.0114556, 0.00426291, 0.00809159, 1.0)]])
0.0114556, 0.00426291, 0.00809159
float3(-0.0314312, 0.0410729, -1.55623)
1035162.81778667
normal
simd_float4x4([[0.0173722, -0.999355, 0.0314272, 0.0)], [0.999028, 0.0160758, -0.041044, 0.0)], [0.0405123, 0.0321097, 0.998663, 0.0)], [0.0139611, 0.00501076, 0.00595622, 1.0)]])
0.0139611, 0.00501076, 0.00595622
float3(-0.0321152, 0.0405443, -1.55471)
1035163.03457325
normal
simd_float4x4([[0.0148287, -0.999453, 0.0295524, 0.0)], [0.999107, 0.0136408, -0.0400011, 0.0)], [0.0395761, 0.0301192, 0.998762, 0.0)], [0.0139598, 0.00404244, 0.00830278, 1.0)]])
0.0139598, 0.00404244, 0.00830278
float3(-0.0301238, 0.0396044, -1.55715)
1035163.25136017
normal
simd_float4x4([[0.0120427, -0.999405, 0.0323326, 0.0)], [0.998888, 0.0105498, -0.0459538, 0.0)], [0.0455853, 0.0328501, 0.99842, 0.0)], [0.0164052, 0.00401675, 0.00718638, 1.0)]])
0.0164052, 0.00401675, 0.00718638
float3(-0.032856, 0.0456258, -1.56024)
1035163.46814704
normal
simd_float4x4([[0.00186652, -0.999282, 0.0378358, 0.0)], [0.998165, -0.000428382, -0.0605557, 0.0)], [0.0605284, 0.0378794, 0.997447, 0.0)], [0.0174527, 0.00282274, 0.00654266, 1.0)]])
0.0174527, 0.00282274, 0.00654266
float3(-0.0378884, 0.060609, -1.57123)
1035163.68493404
normal
simd_float4x4([[-0.000871384, -0.999218, 0.0395328, 0.0)], [0.998007, -0.00336349, -0.0630164, 0.0)], [0.0631001, 0.0393991, 0.997229, 0.0)], [0.0183974, 0.00313516, 0.00793933, 1.0)]])
0.0183974, 0.00313516, 0.00793933
float3(-0.0394093, 0.0631912, -1.57416)
1035163.88504508
normal
simd_float4x4([[-0.00395842, -0.999188, 0.0400907, 0.0)], [0.998014, -0.00646774, -0.0626561, 0.0)], [0.0628646, 0.0397631, 0.99723, 0.0)], [0.0207316, 0.00251972, 0.0089039, 1.0)]])
0.0207316, 0.00251972, 0.0089039
float3(-0.0397736, 0.0629559, -1.57727)
1035164.08515617
normal
simd_float4x4([[-0.00446493, -0.998886, 0.0469854, 0.0)], [0.996332, -0.00845871, -0.0851484, 0.0)], [0.0854509, 0.0464329, 0.99526, 0.0)], [0.0196266, 0.00296917, 0.00907575, 1.0)]])
0.0196266, 0.00296917, 0.00907575
float3(-0.0464496, 0.0856479, -1.57926)
1035164.28526717
normal
simd_float4x4([[-0.0114211, -0.998578, 0.0520709, 0.0)], [0.986637, -0.0197182, -0.161734, 0.0)], [0.162531, 0.0495279, 0.98546, 0.0)], [0.015173, 0.00180676, 0.0136702, 1.0)]])
0.015173, 0.00180676, 0.0136702
float3(-0.0495482, 0.163458, -1.59054)
1035164.48537817
normal
simd_float4x4([[-0.0122007, -0.997826, 0.0647634, 0.0)], [0.960453, -0.0297128, -0.276854, 0.0)], [0.278176, 0.0588244, 0.958727, 0.0)], [0.00266051, -0.00219066, 0.0250037, 1.0)]])
0.00266051, -0.00219066, 0.0250037
float3(-0.0588584, 0.282397, -1.60057)
1035164.68548946
normal
simd_float4x4([[-0.00295031, -0.997657, 0.0683472, 0.0)], [0.920256, -0.0294537, -0.390208, 0.0)], [0.391307, 0.0617457, 0.918187, 0.0)], [-0.00952866, -0.00416294, 0.0399374, 1.0)]])
-0.00952866, -0.00416294, 0.0399374
float3(-0.061785, 0.402864, -1.60031)
1035164.88560067
normal
simd_float4x4([[0.0203872, -0.99706, 0.0738658, 0.0)], [0.861278, -0.0200044, -0.50774, 0.0)], [0.507725, 0.0739704, 0.858338, 0.0)], [-0.0275631, -0.00882224, 0.0562097, 1.0)]])
-0.0275631, -0.00882224, 0.0562097
float3(-0.074038, 0.534162, -1.59086)
1035165.08571192
normal
simd_float4x4([[0.032915, -0.996941, 0.0708881, 0.0)], [0.793222, -0.0170924, -0.608692, 0.0)], [0.608042, 0.0762651, 0.790233, 0.0)], [-0.0454472, -0.00831919, 0.0808123, 1.0)]])
-0.0454472, -0.00831919, 0.0808123
float3(-0.0763392, 0.655831, -1.58794)
1035165.28582313
normal
simd_float4x4([[0.0307763, -0.998157, 0.0522989, 0.0)], [0.726459, -0.0136005, -0.687075, 0.0)], [0.68652, 0.0591387, 0.724702, 0.0)], [-0.0650819, -0.00353698, 0.12477, 1.0)]])
-0.0650819, -0.00353698, 0.12477
float3(-0.0591732, 0.758349, -1.58442)
1035165.48593425
normal
simd_float4x4([[0.0320181, -0.99739, 0.0647184, 0.0)], [0.633564, -0.029827, -0.773115, 0.0)], [0.773027, 0.0657569, 0.630955, 0.0)], [-0.0967209, -0.00518288, 0.184261, 1.0)]])
-0.0967209, -0.00518288, 0.184261
float3(-0.0658044, 0.886247, -1.60069)
1035165.68604546
normal
simd_float4x4([[0.0363985, -0.997312, 0.0635981, 0.0)], [0.496688, -0.0371692, -0.867133, 0.0)], [0.867165, 0.0631507, 0.494, 0.0)], [-0.132042, -0.00336514, 0.25545, 1.0)]])
-0.132042, -0.00336514, 0.25545
float3(-0.0631928, 1.05298, -1.60805)
1035165.88615692
normal
simd_float4x4([[0.0417303, -0.997571, 0.0557689, 0.0)], [0.319199, -0.0395812, -0.946861, 0.0)], [0.946768, 0.0573142, 0.316772, 0.0)], [-0.162197, -0.000714742, 0.325669, 1.0)]])
-0.162197, -0.000714742, 0.325669
float3(-0.0573456, 1.24792, -1.61045)
1035166.08626812
normal
simd_float4x4([[0.0611155, -0.997001, 0.0474779, 0.0)], [0.167606, -0.0366406, -0.985173, 0.0)], [0.983958, 0.068167, 0.164864, 0.0)], [-0.173392, 0.00307618, 0.374232, 1.0)]])
-0.173392, 0.00307618, 0.374232
float3(-0.0682199, 1.40479, -1.60753)
1035166.2863795
normal
simd_float4x4([[0.0621317, -0.997457, 0.0349104, 0.0)], [0.0705499, -0.0305013, -0.997042, 0.0)], [0.995571, 0.0644109, 0.0684754, 0.0)], [-0.166546, 0.00794479, 0.412358, 1.0)]])
-0.166546, 0.00794479, 0.412358
float3(-0.0644555, 1.50212, -1.60137)
1035166.48649088
normal
simd_float4x4([[0.057846, -0.998207, 0.0154106, 0.0)], [0.0160281, -0.0145058, -0.999766, 0.0)], [0.998197, 0.0580795, 0.0151603, 0.0)], [-0.162264, 0.0074161, 0.462528, 1.0)]])
-0.162264, 0.0074161, 0.462528
float3(-0.0581122, 1.55561, -1.58533)
1035166.68660221
normal
simd_float4x4([[0.0786102, -0.996903, -0.00237853, 0.0)], [-0.0777567, -0.00375279, -0.996965, 0.0)], [0.993868, 0.0785566, -0.0778109, 0.0)], [-0.188385, -0.00147171, 0.459582, 1.0)]])
-0.188385, -0.00147171, 0.459582
float3(-0.0786377, 1.64893, -1.57456)
1035166.88671363
normal
simd_float4x4([[0.0923175, -0.995718, -0.00490469, 0.0)], [-0.134385, -0.00757844, -0.9909, 0.0)], [0.98662, 0.0921366, -0.134509, 0.0)], [-0.193127, -0.0077789, 0.459078, 1.0)]])
-0.193127, -0.0077789, 0.459078
float3(-0.0922674, 1.70629, -1.57841)
1035167.08682525
normal
simd_float4x4([[0.110134, -0.993879, -0.00869147, 0.0)], [-0.165807, -0.00974991, -0.98611, 0.0)], [0.979989, 0.110045, -0.165866, 0.0)], [-0.211082, -0.0136836, 0.466675, 1.0)]])
-0.211082, -0.0136836, 0.466675
float3(-0.110268, 1.73846, -1.58061)
1035167.28693667
normal
simd_float4x4([[0.130985, -0.991328, -0.0106129, 0.0)], [-0.196923, -0.0155247, -0.980296, 0.0)], [0.97163, 0.130494, -0.197248, 0.0)], [-0.248086, -0.0219899, 0.479388, 1.0)]])
-0.248086, -0.0219899, 0.479388
float3(-0.130867, 1.77108, -1.58646)
1035167.48704813
normal
simd_float4x4([[0.147034, -0.989094, -0.00863701, 0.0)], [-0.215827, -0.02356, -0.976147, 0.0)], [0.965297, 0.145391, -0.216938, 0.0)], [-0.308737, -0.0256341, 0.485342, 1.0)]])
-0.308737, -0.0256341, 0.485342
float3(-0.145909, 1.79186, -1.59461)
1035167.70383554
normal
simd_float4x4([[0.151766, -0.988223, -0.0195577, 0.0)], [-0.221744, -0.0147585, -0.974993, 0.0)], [0.963222, 0.152308, -0.221373, 0.0)], [-0.417388, -0.0386261, 0.495368, 1.0)]])
-0.417388, -0.0386261, 0.495368
float3(-0.152903, 1.7967, -1.58573)
1035167.920623
normal
simd_float4x4([[0.112272, -0.993586, -0.0134866, 0.0)], [-0.223181, -0.0119884, -0.974703, 0.0)], [0.96829, 0.112442, -0.223096, 0.0)], [-0.563656, -0.0358551, 0.524522, 1.0)]])
-0.563656, -0.0358551, 0.524522
float3(-0.11268, 1.79725, -1.58286)
1035168.1374105
normal
simd_float4x4([[0.126879, -0.991254, -0.0362827, 0.0)], [-0.250456, 0.00337793, -0.968122, 0.0)], [0.959778, 0.131922, -0.247837, 0.0)], [-0.721117, -0.027189, 0.563945, 1.0)]])
-0.721117, -0.027189, 0.563945
float3(-0.132308, 1.8235, -1.56739)
1035168.33752208
normal
simd_float4x4([[0.118657, -0.992146, -0.0395919, 0.0)], [-0.26516, 0.00676368, -0.96418, 0.0)], [0.956875, 0.124905, -0.262275, 0.0)], [-0.875934, -0.0341488, 0.602637, 1.0)]])
-0.875934, -0.0341488, 0.602637
float3(-0.125232, 1.83832, -1.56398)
1035168.53763375
normal
simd_float4x4([[0.0973265, -0.994987, -0.0229692, 0.0)], [-0.242755, -0.00135108, -0.970087, 0.0)], [0.965193, 0.0999911, -0.241669, 0.0)], [-1.05381, -0.0461192, 0.652286, 1.0)]])
-1.05381, -0.0461192, 0.652286
float3(-0.100158, 1.81614, -1.57215)
1035168.73774546
normal
simd_float4x4([[0.0938142, -0.995547, 0.00918896, 0.0)], [-0.230133, -0.0306642, -0.972676, 0.0)], [0.968627, 0.0891362, -0.231985, 0.0)], [-1.22912, -0.0300977, 0.701537, 1.0)]])
-1.22912, -0.0300977, 0.701537
float3(-0.0892546, 1.80587, -1.60159)
1035168.93785717
normal
simd_float4x4([[0.111778, -0.993363, 0.0271162, 0.0)], [-0.230818, -0.0524944, -0.97158, 0.0)], [0.966555, 0.102343, -0.235153, 0.0)], [-1.40489, -0.0338261, 0.739354, 1.0)]])
-1.40489, -0.0338261, 0.739354
float3(-0.102522, 1.80945, -1.62359)
1035169.13796879
normal
simd_float4x4([[0.077611, -0.996896, 0.0132291, 0.0)], [-0.229613, -0.0307853, -0.972795, 0.0)], [0.970183, 0.072462, -0.231289, 0.0)], [-1.59669, -0.0375968, 0.770988, 1.0)]])
-1.59669, -0.0375968, 0.770988
float3(-0.0725256, 1.80483, -1.60167)
1035169.33808037
normal
simd_float4x4([[0.0770547, -0.996941, -0.0130966, 0.0)], [-0.252822, -0.00683129, -0.967489, 0.0)], [0.964439, 0.0778607, -0.252575, 0.0)], [-1.79107, -0.0165713, 0.804561, 1.0)]])
-1.79107, -0.0165713, 0.804561
float3(-0.0779396, 1.82693, -1.57765)
1035169.53819217
normal
simd_float4x4([[0.0823085, -0.995756, -0.0411823, 0.0)], [-0.255116, 0.018894, -0.966726, 0.0)], [0.963401, 0.090076, -0.252478, 0.0)], [-1.98465, -0.0206344, 0.845617, 1.0)]])
-1.98465, -0.0206344, 0.845617
float3(-0.0901983, 1.8271, -1.55182)
1035169.73830387
normal
simd_float4x4([[0.0742655, -0.996915, -0.0253992, 0.0)], [-0.241784, 0.00670957, -0.970307, 0.0)], [0.967484, 0.0782015, -0.240539, 0.0)], [-2.19194, -0.0391229, 0.889613, 1.0)]])
-2.19194, -0.0391229, 0.889613
float3(-0.0782814, 1.81448, -1.56407)
1035169.93841558
normal
simd_float4x4([[0.0886711, -0.996058, 0.00254132, 0.0)], [-0.233719, -0.0232862, -0.972025, 0.0)], [0.968252, 0.0855965, -0.234863, 0.0)], [-2.40106, -0.0311265, 0.928011, 1.0)]])
-2.40106, -0.0311265, 0.928011
float3(-0.0857014, 1.80876, -1.59417)
1035170.13852725
normal
simd_float4x4([[0.0978563, -0.995122, 0.0125162, 0.0)], [-0.220755, -0.0339679, -0.974738, 0.0)], [0.970408, 0.0926212, -0.223002, 0.0)], [-2.60266, -0.0370433, 0.954838, 1.0)]])
-2.60266, -0.0370433, 0.954838
float3(-0.0927542, 1.79668, -1.60492)
1035170.33863908
normal
simd_float4x4([[0.0759123, -0.997085, -0.00760781, 0.0)], [-0.232398, -0.0102727, -0.972567, 0.0)], [0.969654, 0.0755979, -0.2325, 0.0)], [-2.81344, -0.0458181, 0.977334, 1.0)]])
-2.81344, -0.0458181, 0.977334
float3(-0.0756701, 1.80613, -1.5811)
1035170.53875096
normal
simd_float4x4([[0.0951535, -0.995292, -0.0184508, 0.0)], [-0.255883, -0.00654286, -0.966686, 0.0)], [0.962013, 0.0967048, -0.255301, 0.0)], [-3.02084, -0.0258768, 1.00478, 1.0)]])
-3.02084, -0.0258768, 1.00478
float3(-0.0968562, 1.8302, -1.57737)
1035170.73886279
normal
simd_float4x4([[0.0768288, -0.996383, -0.0362971, 0.0)], [-0.251754, 0.0158387, -0.967662, 0.0)], [0.964737, 0.0834822, -0.249627, 0.0)], [-3.21425, -0.035755, 1.03881, 1.0)]])
-3.21425, -0.035755, 1.03881
float3(-0.0835795, 1.82399, -1.5549)
1035170.95565067
normal
simd_float4x4([[0.079383, -0.996543, -0.0244972, 0.0)], [-0.218361, 0.00659415, -0.975846, 0.0)], [0.972634, 0.0828148, -0.217083, 0.0)], [-3.442, -0.0420047, 1.08285, 1.0)]])
-3.442, -0.0420047, 1.08285
float3(-0.0829098, 1.79039, -1.56418)
1035171.20579067
normal
simd_float4x4([[0.095015, -0.99541, 0.0114604, 0.0)], [-0.218647, -0.0320992, -0.975276, 0.0)], [0.971167, 0.0901601, -0.220694, 0.0)], [-3.68657, -0.036569, 1.11194, 1.0)]])
-3.68657, -0.036569, 1.11194
float3(-0.0902827, 1.79425, -1.60303)
1035171.4059025
normal
simd_float4x4([[0.0701589, -0.997535, 0.00127834, 0.0)], [-0.217981, -0.0165816, -0.975812, 0.0)], [0.973428, 0.0681833, -0.218607, 0.0)], [-3.88509, -0.0521871, 1.12895, 1.0)]])
-3.88509, -0.0521871, 1.12895
float3(-0.0682362, 1.79171, -1.58742)
1035171.62269046
normal
simd_float4x4([[0.0797385, -0.996636, -0.0189146, 0.0)], [-0.241078, -0.000869427, -0.970505, 0.0)], [0.967224, 0.0819466, -0.240336, 0.0)], [-4.10538, -0.0360358, 1.15845, 1.0)]])
-4.10538, -0.0360358, 1.15845
float3(-0.0820386, 1.81434, -1.57167)
1035171.83947821
normal
simd_float4x4([[0.0691309, -0.996382, -0.0494415, 0.0)], [-0.250069, 0.0306702, -0.967742, 0.0)], [0.965757, 0.0792647, -0.247044, 0.0)], [-4.32427, -0.048075, 1.21052, 1.0)]])
-4.32427, -0.048075, 1.21052
float3(-0.0793479, 1.82123, -1.54002)
1035172.03959033
normal
simd_float4x4([[0.06556, -0.997484, -0.0269643, 0.0)], [-0.219793, 0.0119233, -0.975474, 0.0)], [0.973341, 0.0698786, -0.218459, 0.0)], [-4.54372, -0.0581173, 1.25988, 1.0)]])
-4.54372, -0.0581173, 1.25988
float3(-0.0699356, 1.79158, -1.55884)
1035172.25637813
normal
simd_float4x4([[0.0948143, -0.995463, -0.00800043, 0.0)], [-0.2077, -0.0119216, -0.97812, 0.0)], [0.973587, 0.0944015, -0.207888, 0.0)], [-4.78371, -0.0476974, 1.30852, 1.0)]])
-4.78371, -0.0476974, 1.30852
float3(-0.0945423, 1.78116, -1.58277)
1035172.45649025
normal
simd_float4x4([[0.0728523, -0.997343, 0.00066499, 0.0)], [-0.208503, -0.0158824, -0.977893, 0.0)], [0.975305, 0.0711031, -0.209106, 0.0)], [-4.99296, -0.0654708, 1.34385, 1.0)]])
-4.99296, -0.0654708, 1.34385
float3(-0.0711631, 1.782, -1.58672)
1035172.6566025
normal
simd_float4x4([[0.0635681, -0.997977, -0.000375038, 0.0)], [-0.247089, -0.0153747, -0.968871, 0.0)], [0.966905, 0.061682, -0.247566, 0.0)], [-5.20523, -0.0553102, 1.37398, 1.0)]])
-5.20523, -0.0553102, 1.37398
float3(-0.0617211, 1.82145, -1.5862)
1035172.85671454
normal
simd_float4x4([[0.0778065, -0.996083, -0.0420159, 0.0)], [-0.249703, 0.0213301, -0.968088, 0.0)], [0.965191, 0.085815, -0.247065, 0.0)], [-5.40845, -0.0520777, 1.42042, 1.0)]])
-5.40845, -0.0520777, 1.42042
float3(-0.0859207, 1.82139, -1.54939)
1035173.07350233
normal
simd_float4x4([[0.0686778, -0.997299, -0.026031, 0.0)], [-0.228518, 0.00967299, -0.973492, 0.0)], [0.971114, 0.0728058, -0.227236, 0.0)], [-5.63932, -0.0768368, 1.46789, 1.0)]])
-5.63932, -0.0768368, 1.46789
float3(-0.0728703, 1.80066, -1.5611)
1035173.27361458
normal
simd_float4x4([[0.0696454, -0.997569, -0.00244001, 0.0)], [-0.207441, -0.01209, -0.978173, 0.0)], [0.975765, 0.0686313, -0.207779, 0.0)], [-5.84635, -0.0684125, 1.51017, 1.0)]])
-5.84635, -0.0684125, 1.51017
float3(-0.0686853, 1.7806, -1.58292)
1035173.47372671
normal
simd_float4x4([[0.0930618, -0.995656, 0.00293023, 0.0)], [-0.198917, -0.0214758, -0.979781, 0.0)], [0.975588, 0.0905974, -0.200051, 0.0)], [-6.05117, -0.0712633, 1.53995, 1.0)]])
-6.05117, -0.0712633, 1.53995
float3(-0.0907218, 1.77305, -1.59236)
1035173.67383883
normal
simd_float4x4([[0.0782617, -0.99691, -0.00675843, 0.0)], [-0.223893, -0.0109697, -0.974552, 0.0)], [0.971467, 0.0777832, -0.224059, 0.0)], [-6.25814, -0.0815627, 1.56574, 1.0)]])
-6.25814, -0.0815627, 1.56574
float3(-0.0778619, 1.79747, -1.5818)
1035173.87395092
normal
simd_float4x4([[0.0830903, -0.996016, -0.0323891, 0.0)], [-0.243489, 0.0112254, -0.969839, 0.0)], [0.966338, 0.0884706, -0.241586, 0.0)], [-6.45238, -0.0652238, 1.60401, 1.0)]])
-6.45238, -0.0652238, 1.60401
float3(-0.0885864, 1.81578, -1.55953)
1035174.09073925
normal
simd_float4x4([[0.076005, -0.996205, -0.0424029, 0.0)], [-0.252894, 0.0218759, -0.967247, 0.0)], [0.964504, 0.0842391, -0.250272, 0.0)], [-6.66791, -0.0789863, 1.6568, 1.0)]])
-6.66791, -0.0789863, 1.6568
float3(-0.084339, 1.82468, -1.54884)
1035174.30752737
normal
simd_float4x4([[0.0694873, -0.997531, -0.0102052, 0.0)], [-0.222082, -0.00549522, -0.975012, 0.0)], [0.972549, 0.0700174, -0.221915, 0.0)], [-6.89083, -0.0833972, 1.71346, 1.0)]])
-6.89083, -0.0833972, 1.71346
float3(-0.0700747, 1.79513, -1.57631)
1035174.50763962
normal
simd_float4x4([[0.0997881, -0.994988, 0.00635778, 0.0)], [-0.208422, -0.0271498, -0.977662, 0.0)], [0.972935, 0.0962339, -0.210087, 0.0)], [-7.09011, -0.0811982, 1.75542, 1.0)]])
-7.09011, -0.0811982, 1.75542
float3(-0.0963831, 1.78346, -1.59808)
1035174.70775179
normal
simd_float4x4([[0.0864335, -0.99625, 0.00380139, 0.0)], [-0.216388, -0.0224979, -0.976048, 0.0)], [0.972474, 0.0835407, -0.217521, 0.0)], [-7.28957, -0.101945, 1.79166, 1.0)]])
-7.28957, -0.101945, 1.79166
float3(-0.0836382, 1.79085, -1.59338)
1035174.90786408
normal
simd_float4x4([[0.0907668, -0.995827, -0.00945733, 0.0)], [-0.2366, -0.0123389, -0.971529, 0.0)], [0.967358, 0.0904202, -0.236733, 0.0)], [-7.48732, -0.0926753, 1.82073, 1.0)]])
-7.48732, -0.0926753, 1.82073
float3(-0.0905439, 1.8108, -1.58319)
1035175.10797621
normal
simd_float4x4([[0.0897061, -0.995321, -0.0359121, 0.0)], [-0.24079, 0.0133142, -0.970486, 0.0)], [0.966423, 0.0957058, -0.238469, 0.0)], [-7.66701, -0.0896114, 1.86611, 1.0)]])
-7.66701, -0.0896114, 1.86611
float3(-0.0958525, 1.81272, -1.55742)
1035175.32476454
normal
simd_float4x4([[0.0690321, -0.997427, -0.0193513, 0.0)], [-0.204602, 0.00483001, -0.978833, 0.0)], [0.976408, 0.0715302, -0.203742, 0.0)], [-7.87911, -0.107099, 1.92046, 1.0)]])
-7.87911, -0.107099, 1.92046
float3(-0.0715914, 1.77651, -1.56595)
1035175.52487692
normal
simd_float4x4([[0.064631, -0.997875, 0.00828824, 0.0)], [-0.178354, -0.0197229, -0.983768, 0.0)], [0.981841, 0.0621037, -0.17925, 0.0)], [-8.06087, -0.0931764, 1.97066, 1.0)]])
-8.06087, -0.0931764, 1.97066
float3(-0.0621437, 1.75137, -1.59056)
1035175.72498921
normal
simd_float4x4([[0.0745988, -0.99672, 0.0313639, 0.0)], [-0.167431, -0.043524, -0.984922, 0.0)], [0.983057, 0.0682228, -0.170129, 0.0)], [-8.24682, -0.0953854, 2.01767, 1.0)]])
-8.24682, -0.0953854, 2.01767
float3(-0.0682758, 1.74216, -1.61444)
1035175.9417775
normal
simd_float4x4([[0.0419514, -0.998632, 0.031216, 0.0)], [-0.207482, -0.03927, -0.97745, 0.0)], [0.977339, 0.0345287, -0.208846, 0.0)], [-8.43955, -0.0998132, 2.06743, 1.0)]])
-8.43955, -0.0998132, 2.06743
float3(-0.0345355, 1.78132, -1.6101)
1035176.14184504
normal
simd_float4x4([[0.0545497, -0.998119, 0.0279807, 0.0)], [-0.228872, -0.0397749, -0.972643, 0.0)], [0.971927, 0.0466535, -0.230611, 0.0)], [-8.60774, -0.0876643, 2.12028, 1.0)]])
-8.60774, -0.0876643, 2.12028
float3(-0.0466704, 1.80376, -1.61063)
1035176.35848796
normal
simd_float4x4([[0.0476531, -0.998564, 0.0244892, 0.0)], [-0.208845, -0.0339356, -0.97736, 0.0)], [0.976787, 0.0414598, -0.210162, 0.0)], [-8.77535, -0.104282, 2.18115, 1.0)]])
-8.77535, -0.104282, 2.18115
float3(-0.0414717, 1.78272, -1.60477)
1035176.575131
normal
simd_float4x4([[0.0312862, -0.997789, 0.0586407, 0.0)], [-0.174206, -0.063215, -0.982678, 0.0)], [0.984212, 0.0205286, -0.175799, 0.0)], [-8.92143, -0.104655, 2.24402, 1.0)]])
-8.92143, -0.104655, 2.24402
float3(-0.0205301, 1.74755, -1.63407)
1035176.79177392
normal
simd_float4x4([[0.0457334, -0.997249, 0.0583296, 0.0)], [-0.280106, -0.06885, -0.957497, 0.0)], [0.958879, 0.0274511, -0.282485, 0.0)], [-9.04728, -0.0973177, 2.32451, 1.0)]])
-9.04728, -0.0973177, 2.32451
float3(-0.0274546, 1.85729, -1.63973)
1035177.00841692
normal
simd_float4x4([[0.0440896, -0.997649, 0.0524617, 0.0)], [-0.526386, -0.0678308, -0.847536, 0.0)], [0.849102, 0.00975242, -0.528139, 0.0)], [-9.17397, -0.103935, 2.43298, 1.0)]])
-9.17397, -0.103935, 2.43298
float3(-0.00975257, 2.12723, -1.63868)
1035177.25838962
normal
simd_float4x4([[0.027061, -0.999544, 0.0134178, 0.0)], [-0.804743, -0.0297458, -0.592878, 0.0)], [0.593007, 0.00524602, -0.80518, 0.0)], [-9.26956, -0.096101, 2.55111, 1.0)]])
-9.26956, -0.096101, 2.55111
float3(-0.00524604, 2.50679, -1.60055)
1035177.45841246
normal
simd_float4x4([[0.0222583, -0.99939, -0.0269125, 0.0)], [-0.925905, -0.010453, -0.377611, 0.0)], [0.377099, 0.0333234, -0.925573, 0.0)], [-9.28604, -0.0950125, 2.62502, 1.0)]])
-9.28604, -0.0950125, 2.62502
float3(-0.0333296, 2.7547, -1.58126)
1035177.65852496
normal
simd_float4x4([[0.0137404, -0.998956, -0.0435674, 0.0)], [-0.975184, -0.00375906, -0.221365, 0.0)], [0.22097, 0.0455279, -0.974217, 0.0)], [-9.26897, -0.10046, 2.6862, 1.0)]])
-9.26897, -0.10046, 2.6862
float3(-0.0455436, 2.91855, -1.57456)
1035177.8586375
normal
simd_float4x4([[0.00482458, -0.999231, -0.0389053, 0.0)], [-0.995159, -0.000978775, -0.0982697, 0.0)], [0.0981561, 0.039191, -0.994399, 0.0)], [-9.22713, -0.105464, 2.73634, 1.0)]])
-9.22713, -0.105464, 2.73634
float3(-0.0392011, 3.0432, -1.57178)
1035178.05875
normal
simd_float4x4([[0.0257827, -0.998192, -0.0542981, 0.0)], [-0.999511, -0.0267006, 0.0162465, 0.0)], [-0.0176669, 0.0538527, -0.998393, 0.0)], [-9.19413, -0.104277, 2.78498, 1.0)]])
-9.19413, -0.104277, 2.78498
float3(-0.0538788, -3.1239, -1.59754)
1035178.25886246
normal
simd_float4x4([[0.0131486, -0.99552, -0.0936337, 0.0)], [-0.994902, -0.0223887, 0.0983287, 0.0)], [-0.0999845, 0.0918635, -0.990739, 0.0)], [-9.16663, -0.100217, 2.847, 1.0)]])
-9.16663, -0.100217, 2.847
float3(-0.0919932, -3.04101, -1.59328)
1035178.45897496
normal
simd_float4x4([[-0.00465116, -0.99364, -0.112511, 0.0)], [-0.987787, -0.0129575, 0.155269, 0.0)], [-0.155739, 0.111859, -0.981444, 0.0)], [-9.15203, -0.103963, 2.93238, 1.0)]])
-9.15203, -0.103963, 2.93238
float3(-0.112094, -2.98422, -1.58384)
1035178.65908742
normal
simd_float4x4([[-0.0182882, -0.992711, -0.119127, 0.0)], [-0.980567, -0.00546914, 0.19611, 0.0)], [-0.195332, 0.120399, -0.973319, 0.0)], [-9.13947, -0.112897, 3.05716, 1.0)]])
-9.13947, -0.112897, 3.05716
float3(-0.120692, -2.94354, -1.57631)
1035178.85919996
normal
simd_float4x4([[-0.0124621, -0.994666, -0.102397, 0.0)], [-0.967984, -0.0136747, 0.250641, 0.0)], [-0.250704, 0.102242, -0.962649, 0.0)], [-9.12348, -0.102655, 3.19711, 1.0)]])
-9.12348, -0.102655, 3.19711
float3(-0.102421, -2.88682, -1.58454)
1035179.05931254
normal
simd_float4x4([[-0.0304464, -0.991575, -0.125905, 0.0)], [-0.960948, -0.00562444, 0.276672, 0.0)], [-0.275049, 0.129412, -0.95268, 0.0)], [-9.08535, -0.102348, 3.33405, 1.0)]])
-9.08535, -0.102348, 3.33405
float3(-0.129776, -2.86052, -1.57647)
1035179.25942529
normal
simd_float4x4([[-0.0384791, -0.993558, -0.106595, 0.0)], [-0.960822, 0.00748588, 0.277065, 0.0)], [-0.274482, 0.11308, -0.95492, 0.0)], [-9.03835, -0.11369, 3.47404, 1.0)]])
-9.03835, -0.11369, 3.47404
float3(-0.113323, -2.8617, -1.56326)
1035179.47621392
normal
simd_float4x4([[-0.00261171, -0.994882, -0.101014, 0.0)], [-0.97073, -0.0217374, 0.239189, 0.0)], [-0.240161, 0.0986818, -0.965704, 0.0)], [-8.99189, -0.105343, 3.6418, 1.0)]])
-8.99189, -0.105343, 3.6418
float3(-0.0988427, -2.89785, -1.59264)
1035179.67632667
normal
simd_float4x4([[0.0123882, -0.991793, -0.127256, 0.0)], [-0.971512, -0.0420601, 0.233228, 0.0)], [-0.236666, 0.120741, -0.964059, 0.0)], [-8.96502, -0.106347, 3.79949, 1.0)]])
-8.96502, -0.106347, 3.79949
float3(-0.121037, -2.90086, -1.61318)
1035179.87643917
normal
simd_float4x4([[0.0100373, -0.994731, -0.102029, 0.0)], [-0.970513, -0.0342658, 0.238598, 0.0)], [-0.240837, 0.0966257, -0.965744, 0.0)], [-8.94785, -0.118818, 3.96572, 1.0)]])
-8.94785, -0.118818, 3.96572
float3(-0.0967767, -2.8972, -1.60523)
1035180.09322767
normal
simd_float4x4([[-0.0232596, -0.994264, -0.104389, 0.0)], [-0.96222, -0.0060692, 0.272205, 0.0)], [-0.271278, 0.106777, -0.95656, 0.0)], [-8.92282, -0.102165, 4.1546, 1.0)]])
-8.92282, -0.102165, 4.1546
float3(-0.106981, -2.86525, -1.5769)
1035180.2933405
normal
simd_float4x4([[-0.0521077, -0.992656, -0.109172, 0.0)], [-0.961217, 0.0202074, 0.275051, 0.0)], [-0.270825, 0.11927, -0.955211, 0.0)], [-8.88623, -0.102625, 4.31551, 1.0)]])
-8.88623, -0.102625, 4.31551
float3(-0.119555, -2.86532, -1.55044)
1035180.49345321
normal
simd_float4x4([[-0.0434112, -0.995041, -0.0894955, 0.0)], [-0.966876, 0.0192909, 0.254516, 0.0)], [-0.251528, 0.09758, -0.962918, 0.0)], [-8.84521, -0.117304, 4.47962, 1.0)]])
-8.84521, -0.117304, 4.47962
float3(-0.0977355, -2.88609, -1.55141)
1035180.69356592
normal
simd_float4x4([[-0.0199775, -0.995154, -0.0962748, 0.0)], [-0.969849, -0.00410408, 0.243671, 0.0)], [-0.242885, 0.09824, -0.965068, 0.0)], [-8.80736, -0.110669, 4.64609, 1.0)]])
-8.80736, -0.110669, 4.64609
float3(-0.0983987, -2.89504, -1.57492)
1035180.89367867
normal
simd_float4x4([[0.00370806, -0.993891, -0.110307, 0.0)], [-0.972165, -0.0294245, 0.232441, 0.0)], [-0.234267, 0.106375, -0.966335, 0.0)], [-8.78315, -0.12167, 4.81744, 1.0)]])
-8.78315, -0.12167, 4.81744
float3(-0.106577, -2.90375, -1.60039)
1035181.09379121
normal
simd_float4x4([[-0.00508602, -0.995414, -0.0955296, 0.0)], [-0.964365, -0.0203882, 0.263787, 0.0)], [-0.264525, 0.093467, -0.959839, 0.0)], [-8.75958, -0.130203, 4.9962, 1.0)]])
-8.75958, -0.130203, 4.9962
float3(-0.0936037, -2.87268, -1.59128)
1035181.29390392
normal
simd_float4x4([[-0.0344683, -0.993403, -0.109372, 0.0)], [-0.95902, 0.00208117, 0.28333, 0.0)], [-0.281233, 0.114656, -0.952765, 0.0)], [-8.72402, -0.110043, 5.16409, 1.0)]])
-8.72402, -0.110043, 5.16409
float3(-0.114908, -2.85457, -1.5687)
1035181.49401667
normal
simd_float4x4([[-0.059277, -0.993012, -0.102043, 0.0)], [-0.959309, 0.0283969, 0.280925, 0.0)], [-0.276064, 0.114543, -0.954289, 0.0)], [-8.68264, -0.126928, 5.33611, 1.0)]])
-8.68264, -0.126928, 5.33611
float3(-0.114795, -2.85999, -1.54221)
1035181.69412942
normal
simd_float4x4([[-0.0326586, -0.994413, -0.100383, 0.0)], [-0.96952, 0.00711824, 0.244908, 0.0)], [-0.242825, 0.105322, -0.964335, 0.0)], [-8.64099, -0.128984, 5.52534, 1.0)]])
-8.64099, -0.128984, 5.52534
float3(-0.105518, -2.89492, -1.56364)
1035181.89424212
normal
simd_float4x4([[-0.000590272, -0.991185, -0.132488, 0.0)], [-0.973857, -0.0295261, 0.225234, 0.0)], [-0.22716, 0.129157, -0.965255, 0.0)], [-8.60915, -0.122033, 5.71883, 1.0)]])
-8.60915, -0.122033, 5.71883
float3(-0.129519, -2.91046, -1.60058)
1035182.09435492
normal
simd_float4x4([[0.0289295, -0.99255, -0.118352, 0.0)], [-0.967, -0.0577731, 0.24814, 0.0)], [-0.253129, 0.107268, -0.961467, 0.0)], [-8.57753, -0.148396, 5.91833, 1.0)]])
-8.57753, -0.148396, 5.91833
float3(-0.107475, -2.88416, -1.62894)
1035182.31114388
normal
simd_float4x4([[-0.0158018, -0.98785, -0.154605, 0.0)], [-0.959307, -0.028619, 0.280911, 0.0)], [-0.281922, 0.152752, -0.947199, 0.0)], [-8.53702, -0.139009, 6.15148, 1.0)]])
-8.53702, -0.139009, 6.15148
float3(-0.153353, -2.8523, -1.59976)
1035182.51125658
normal
simd_float4x4([[-0.0269861, -0.991601, -0.126487, 0.0)], [-0.952309, -0.0129707, 0.304861, 0.0)], [-0.303941, 0.128681, -0.94396, 0.0)], [-8.4992, -0.128989, 6.3318, 1.0)]])
-8.4992, -0.128989, 6.3318
float3(-0.129039, -2.83009, -1.58388)
1035182.71136929
normal
simd_float4x4([[-0.0223711, -0.992833, -0.1174, 0.0)], [-0.960778, -0.0111171, 0.277097, 0.0)], [-0.276416, 0.118994, -0.953643, 0.0)], [-8.46154, -0.151827, 6.52997, 1.0)]])
-8.46154, -0.151827, 6.52997
float3(-0.119277, -2.85947, -1.58199)
1035182.92815837
normal
simd_float4x4([[0.0176755, -0.994561, -0.102646, 0.0)], [-0.971888, -0.0411973, 0.231812, 0.0)], [-0.234779, 0.0956632, -0.96733, 0.0)], [-8.43775, -0.140432, 6.74217, 1.0)]])
-8.43775, -0.140432, 6.74217
float3(-0.0958097, -2.90349, -1.6122)
1035183.12827108
normal
simd_float4x4([[0.0338567, -0.993824, -0.105678, 0.0)], [-0.975424, -0.0558927, 0.213127, 0.0)], [-0.217717, 0.0958652, -0.971292, 0.0)], [-8.41612, -0.14698, 6.94338, 1.0)]])
-8.41612, -0.14698, 6.94338
float3(-0.0960126, -2.92109, -1.62698)
1035183.32838396
normal
simd_float4x4([[0.00964587, -0.9985, -0.0539048, 0.0)], [-0.963016, -0.0237925, 0.268393, 0.0)], [-0.269272, 0.0493223, -0.9618, 0.0)], [-8.38453, -0.143246, 7.14237, 1.0)]])
-8.38453, -0.143246, 7.14237
float3(-0.0493423, -2.86861, -1.59462)
1035183.54517292
normal
simd_float4x4([[-0.0277508, -0.996418, -0.0798814, 0.0)], [-0.954671, 0.00272585, 0.297651, 0.0)], [-0.296367, 0.0845205, -0.951327, 0.0)], [-8.33924, -0.12403, 7.36528, 1.0)]])
-8.33924, -0.12403, 7.36528
float3(-0.0846214, -2.83959, -1.56806)
1035183.74528583
normal
simd_float4x4([[-0.0409519, -0.997016, -0.0654317, 0.0)], [-0.954215, 0.0196054, 0.29848, 0.0)], [-0.296306, 0.0746592, -0.95217, 0.0)], [-8.29725, -0.143835, 7.56734, 1.0)]])
-8.29725, -0.143835, 7.56734
float3(-0.0747287, -2.8399, -1.55113)
1035183.94539871
normal
simd_float4x4([[-0.0143663, -0.998959, -0.043284, 0.0)], [-0.962429, 0.00207601, 0.271525, 0.0)], [-0.271152, 0.0455586, -0.961457, 0.0)], [-8.25628, -0.14637, 7.76537, 1.0)]])
-8.25628, -0.14637, 7.76537
float3(-0.0455744, -2.86671, -1.56872)
1035184.14551179
normal
simd_float4x4([[-0.00882334, -0.995761, -0.0915579, 0.0)], [-0.966351, -0.015048, 0.256785, 0.0)], [-0.257074, 0.0907428, -0.962122, 0.0)], [-8.22226, -0.14081, 7.96363, 1.0)]])
-8.22226, -0.14081, 7.96363
float3(-0.0908678, -2.8805, -1.58591)
1035184.34562454
normal
simd_float4x4([[-0.00696998, -0.996633, -0.0816922, 0.0)], [-0.965936, -0.0144236, 0.25838, 0.0)], [-0.258688, 0.0807103, -0.962583, 0.0)], [-8.19191, -0.16494, 8.16265, 1.0)]])
-8.19191, -0.16494, 8.16265
float3(-0.0807982, -2.87905, -1.58527)
1035184.54573762
normal
simd_float4x4([[-0.0281605, -0.996201, -0.0824092, 0.0)], [-0.95969, 0.00388043, 0.281033, 0.0)], [-0.279645, 0.0870013, -0.956153, 0.0)], [-8.1608, -0.156455, 8.36817, 1.0)]])
-8.1608, -0.156455, 8.36817
float3(-0.0871115, -2.85706, -1.5669)
1035184.76252658
normal
simd_float4x4([[-0.0770211, -0.99133, -0.106459, 0.0)], [-0.956746, 0.0434421, 0.287661, 0.0)], [-0.280542, 0.12401, -0.951797, 0.0)], [-8.10159, -0.15952, 8.57591, 1.0)]])
-8.10159, -0.15952, 8.57591
float3(-0.124331, -2.85496, -1.527)
1035184.9793155
normal
simd_float4x4([[-0.0481891, -0.993079, -0.107102, 0.0)], [-0.962515, 0.0175155, 0.270662, 0.0)], [-0.266913, 0.11613, -0.956698, 0.0)], [-8.03647, -0.17987, 8.79526, 1.0)]])
-8.03647, -0.17987, 8.79526
float3(-0.116393, -2.86952, -1.55316)
1035185.17942863
normal
simd_float4x4([[-0.0020988, -0.995644, -0.0932149, 0.0)], [-0.966276, -0.0219838, 0.256569, 0.0)], [-0.257501, 0.0906098, -0.96202, 0.0)], [-7.97983, -0.16323, 8.98829, 1.0)]])
-7.97983, -0.16323, 8.98829
float3(-0.0907343, -2.88006, -1.59287)
1035185.3795415
normal
simd_float4x4([[0.0192777, -0.994569, -0.102275, 0.0)], [-0.964346, -0.0455009, 0.260703, 0.0)], [-0.263941, 0.0936029, -0.959986, 0.0)], [-7.92991, -0.165544, 9.18599, 1.0)]])
-7.92991, -0.165544, 9.18599
float3(-0.0937401, -2.87328, -1.61651)
1035185.5963305
normal
simd_float4x4([[0.0101984, -0.996997, -0.076766, 0.0)], [-0.959664, -0.0313294, 0.279398, 0.0)], [-0.280964, 0.0708202, -0.957102, 0.0)], [-7.87708, -0.177205, 9.41523, 1.0)]])
-7.87708, -0.177205, 9.41523
float3(-0.0708795, -2.85606, -1.60221)
1035185.79644363
normal
simd_float4x4([[-0.00467842, -0.994159, -0.107825, 0.0)], [-0.960123, -0.0256761, 0.278396, 0.0)], [-0.279539, 0.104828, -0.954395, 0.0)], [-7.83073, -0.162077, 9.62646, 1.0)]])
-7.83073, -0.162077, 9.62646
float3(-0.10502, -2.85667, -1.59662)
1035186.01323258
normal
simd_float4x4([[-0.0339113, -0.995166, -0.0921676, 0.0)], [-0.964875, 0.00856131, 0.262568, 0.0)], [-0.26051, 0.0978342, -0.960501, 0.0)], [-7.7707, -0.176699, 9.84374, 1.0)]])
-7.7707, -0.176699, 9.84374
float3(-0.097991, -2.87674, -1.56219)
1035186.21334554
normal
simd_float4x4([[-0.0229543, -0.994639, -0.100825, 0.0)], [-0.973729, -0.000611076, 0.227711, 0.0)], [-0.226552, 0.103404, -0.968495, 0.0)], [-7.70576, -0.18269, 10.0627, 1.0)]])
-7.70576, -0.18269, 10.0627
float3(-0.103589, -2.9118, -1.57141)
1035186.41345867
normal
simd_float4x4([[-0.00137089, -0.992573, -0.121639, 0.0)], [-0.979678, -0.0230642, 0.199245, 0.0)], [-0.200571, 0.11944, -0.972371, 0.0)], [-7.65897, -0.179317, 10.2825, 1.0)]])
-7.65897, -0.179317, 10.2825
float3(-0.119726, -2.93818, -1.59403)
1035186.61357179
normal
simd_float4x4([[0.0182214, -0.995659, -0.0912703, 0.0)], [-0.974073, -0.0382658, 0.222973, 0.0)], [-0.225498, 0.0848411, -0.970542, 0.0)], [-7.61588, -0.204801, 10.505, 1.0)]])
-7.61588, -0.204801, 10.505
float3(-0.0849432, -2.9133, -1.60921)
1035186.83036087
normal
simd_float4x4([[-0.0233444, -0.994692, -0.100211, 0.0)], [-0.967317, -0.00284247, 0.253554, 0.0)], [-0.252493, 0.102855, -0.962116, 0.0)], [-7.56298, -0.194566, 10.7551, 1.0)]])
-7.56298, -0.194566, 10.7551
float3(-0.103037, -2.88495, -1.57365)
1035187.03047392
normal
simd_float4x4([[-0.0509963, -0.993487, -0.101898, 0.0)], [-0.962275, 0.0215758, 0.271223, 0.0)], [-0.267258, 0.111885, -0.957107, 0.0)], [-7.49402, -0.199113, 10.9646, 1.0)]])
-7.49402, -0.199113, 10.9646
float3(-0.11212, -2.86929, -1.54908)
1035187.230587
normal
simd_float4x4([[-0.0219306, -0.996346, -0.0825429, 0.0)], [-0.969599, 0.00106987, 0.244696, 0.0)], [-0.243713, 0.0853999, -0.96608, 0.0)], [-7.42812, -0.217288, 11.1787, 1.0)]])
-7.42812, -0.217288, 11.1787
float3(-0.085504, -2.89448, -1.56972)
1035187.43070013
normal
simd_float4x4([[-0.018981, -0.992154, -0.123571, 0.0)], [-0.976871, -0.0079251, 0.213681, 0.0)], [-0.212984, 0.124769, -0.969056, 0.0)], [-7.37493, -0.208224, 11.395, 1.0)]])
-7.37493, -0.208224, 11.395
float3(-0.125095, -2.92525, -1.57878)
1035187.63081321
normal
simd_float4x4([[0.000274008, -0.991883, -0.127151, 0.0)], [-0.980202, -0.025442, 0.196356, 0.0)], [-0.197998, 0.12458, -0.972253, 0.0)], [-7.33264, -0.231414, 11.6215, 1.0)]])
-7.33264, -0.231414, 11.6215
float3(-0.124904, -2.94069, -1.59644)
1035187.83092625
normal
simd_float4x4([[-0.0226785, -0.991061, -0.131471, 0.0)], [-0.975803, -0.00666257, 0.218548, 0.0)], [-0.217471, 0.133246, -0.966929, 0.0)], [-7.28718, -0.235663, 11.865, 1.0)]])
-7.28718, -0.235663, 11.865
float3(-0.133644, -2.92037, -1.57752)
1035188.03103929
normal
simd_float4x4([[-0.0521322, -0.990553, -0.126831, 0.0)], [-0.969765, 0.0198953, 0.243226, 0.0)], [-0.238405, 0.135676, -0.961642, 0.0)], [-7.22776, -0.224946, 12.089, 1.0)]])
-7.22776, -0.224946, 12.089
float3(-0.136096, -2.89858, -1.55071)
1035188.23115233
normal
simd_float4x4([[-0.0488366, -0.992014, -0.116292, 0.0)], [-0.970256, 0.0194786, 0.241297, 0.0)], [-0.237105, 0.124617, -0.963458, 0.0)], [-7.16816, -0.248856, 12.3192, 1.0)]])
-7.16816, -0.248856, 12.3192
float3(-0.124942, -2.90029, -1.55116)
1035188.43126558
normal
simd_float4x4([[-0.0299524, -0.991718, -0.124896, 0.0)], [-0.978784, 0.00376181, 0.20486, 0.0)], [-0.202694, 0.128382, -0.97079, 0.0)], [-7.11855, -0.2412, 12.5563, 1.0)]])
-7.11855, -0.2412, 12.5563
float3(-0.128738, -2.93576, -1.567)
1035188.6313785
normal
simd_float4x4([[-0.00632749, -0.988318, -0.152272, 0.0)], [-0.982151, -0.0224841, 0.186745, 0.0)], [-0.187987, 0.150736, -0.970536, 0.0)], [-7.08084, -0.24879, 12.7949, 1.0)]])
-7.08084, -0.24879, 12.7949
float3(-0.151312, -2.95027, -1.59354)
1035188.83149175
normal
simd_float4x4([[-0.0267022, -0.98807, -0.151671, 0.0)], [-0.978006, -0.00557519, 0.208501, 0.0)], [-0.206859, 0.153903, -0.96619, 0.0)], [-7.03562, -0.263967, 13.0452, 1.0)]])
-7.03562, -0.263967, 13.0452
float3(-0.154517, -2.93068, -1.57644)
1035189.03160508
normal
simd_float4x4([[-0.0428088, -0.986522, -0.157927, 0.0)], [-0.974487, 0.00637087, 0.224354, 0.0)], [-0.220324, 0.163502, -0.961626, 0.0)], [-6.98566, -0.240428, 13.2823, 1.0)]])
-6.98566, -0.240428, 13.2823
float3(-0.16424, -2.91636, -1.56434)
1035189.23171817
normal
simd_float4x4([[-0.0525126, -0.988161, -0.144154, 0.0)], [-0.972564, 0.0178467, 0.231949, 0.0)], [-0.22663, 0.152379, -0.961987, 0.0)], [-6.92237, -0.253195, 13.5088, 1.0)]])
-6.92237, -0.253195, 13.5088
float3(-0.152975, -2.91023, -1.55274)
1035189.43183133
normal
simd_float4x4([[-0.0131471, -0.992553, -0.121101, 0.0)], [-0.980379, -0.0110272, 0.196812, 0.0)], [-0.196682, 0.121312, -0.972933, 0.0)], [-6.86735, -0.253948, 13.7318, 1.0)]])
-6.86735, -0.253948, 13.7318
float3(-0.121612, -2.94213, -1.58191)
1035189.63194442
normal
simd_float4x4([[-0.00183084, -0.98749, -0.157671, 0.0)], [-0.97993, -0.0296576, 0.197124, 0.0)], [-0.199334, 0.154867, -0.967617, 0.0)], [-6.82474, -0.247977, 13.9607, 1.0)]])
-6.82474, -0.247977, 13.9607
float3(-0.155493, -2.93843, -1.60082)
1035189.84873371
normal
simd_float4x4([[0.00424431, -0.992154, -0.124949, 0.0)], [-0.973622, -0.032605, 0.225827, 0.0)], [-0.228129, 0.120694, -0.966121, 0.0)], [-6.79109, -0.268416, 14.1956, 1.0)]])
