ARKit Data
350327.787623833
limited(__ObjC.ARCamera.TrackingState.Reason.initializing)
simd_float4x4([[-0.109445, -0.958222, 0.264244, 0.0)], [0.933329, -0.00762159, 0.358938, 0.0)], [-0.341932, 0.285912, 0.89517, 0.0)], [0.0, 0.0, 0.0, 1.0)]])
0.0, 0.0, 0.0
float3(-0.289959, -0.364871, -1.57875)
350328.125019875
notAvailable
simd_float4x4([[1.0, 0.0, 0.0, 0.0)], [0.0, 1.0, 0.0, 0.0)], [0.0, 0.0, 1.0, 0.0)], [0.0, 0.0, 0.0, 1.0)]])
0.0, 0.0, 0.0
float3(-0.0, 0.0, 0.0)
350328.225037708
notAvailable
simd_float4x4([[1.0, 0.0, 0.0, 0.0)], [0.0, 1.0, 0.0, 0.0)], [0.0, 0.0, 1.0, 0.0)], [0.0, 0.0, 0.0, 1.0)]])
0.0, 0.0, 0.0
float3(-0.0, 0.0, 0.0)
350328.325088375
limited(__ObjC.ARCamera.TrackingState.Reason.initializing)
simd_float4x4([[-0.0205506, -0.972119, 0.233585, 0.0)], [0.999777, -0.0210912, 0.000183689, 0.0)], [0.004748, 0.233537, 0.972336, 0.0)], [0.0, 0.0, 0.0, 1.0)]])
0.0, 0.0, 0.0
float3(-0.235713, 0.00488304, -1.59249)
350328.425139125
limited(__ObjC.ARCamera.TrackingState.Reason.initializing)
simd_float4x4([[0.00739422, -0.970864, 0.239511, 0.0)], [0.99995, 0.00557594, -0.0082684, 0.0)], [0.00669202, 0.239561, 0.970857, 0.0)], [0.0, 0.0, 0.0, 1.0)]])
0.0, 0.0, 0.0
float3(-0.241913, 0.00689279, -1.56505)
350328.525190041
limited(__ObjC.ARCamera.TrackingState.Reason.initializing)
simd_float4x4([[0.0197371, -0.975993, 0.216899, 0.0)], [0.99953, 0.014177, -0.0271609, 0.0)], [0.0234339, 0.217333, 0.975815, 0.0)], [0.0, 0.0, 0.0, 1.0)]])
0.0, 0.0, 0.0
float3(-0.219082, 0.0240101, -1.55627)
350328.625240708
limited(__ObjC.ARCamera.TrackingState.Reason.initializing)
simd_float4x4([[0.0176732, -0.976391, 0.215279, 0.0)], [0.998546, 0.00626992, -0.0535386, 0.0)], [0.0509249, 0.215912, 0.975083, 0.0)], [0.0, 0.0, 0.0, 1.0)]])
0.0, 0.0, 0.0
float3(-0.217626, 0.0521789, -1.56437)
350328.725291583
limited(__ObjC.ARCamera.TrackingState.Reason.initializing)
simd_float4x4([[0.0322469, -0.975499, 0.217625, 0.0)], [0.997094, 0.0163612, -0.0744075, 0.0)], [0.069024, 0.219392, 0.973191, 0.0)], [0.0, 0.0, 0.0, 1.0)]])
0.0, 0.0, 0.0
float3(-0.221191, 0.0708068, -1.55403)
350328.825342416
limited(__ObjC.ARCamera.TrackingState.Reason.initializing)
simd_float4x4([[0.0470162, -0.972353, 0.228728, 0.0)], [0.995606, 0.0270539, -0.0896426, 0.0)], [0.0809764, 0.231937, 0.969353, 0.0)], [0.0, 0.0, 0.0, 1.0)]])
0.0, 0.0, 0.0
float3(-0.234069, 0.0833431, -1.54298)
350328.925393125
limited(__ObjC.ARCamera.TrackingState.Reason.initializing)
simd_float4x4([[0.053293, -0.970401, 0.235537, 0.0)], [0.993635, 0.0280918, -0.109085, 0.0)], [0.0992396, 0.239852, 0.965722, 0.0)], [0.0, 0.0, 0.0, 1.0)]])
0.0, 0.0, 0.0
float3(-0.242213, 0.102403, -1.54186)
350329.025443916
limited(__ObjC.ARCamera.TrackingState.Reason.initializing)
simd_float4x4([[0.0568935, -0.971296, 0.230961, 0.0)], [0.990495, 0.0258966, -0.135087, 0.0)], [0.125228, 0.236451, 0.963538, 0.0)], [0.0, 0.0, 0.0, 1.0)]])
0.0, 0.0, 0.0
float3(-0.238712, 0.129243, -1.54414)
350329.125494791
limited(__ObjC.ARCamera.TrackingState.Reason.initializing)
simd_float4x4([[0.0568469, -0.972032, 0.227857, 0.0)], [0.986275, 0.0192395, -0.163986, 0.0)], [0.155016, 0.234052, 0.959784, 0.0)], [0.0, 0.0, 0.0, 1.0)]])
0.0, 0.0, 0.0
float3(-0.236244, 0.160129, -1.55101)
350329.225545625
limited(__ObjC.ARCamera.TrackingState.Reason.initializing)
simd_float4x4([[0.0554736, -0.972884, 0.224537, 0.0)], [0.981772, 0.0122061, -0.189669, 0.0)], [0.181786, 0.230965, 0.955827, 0.0)], [0.0, 0.0, 0.0, 1.0)]])
0.0, 0.0, 0.0
float3(-0.23307, 0.187942, -1.55825)
350329.325596375
limited(__ObjC.ARCamera.TrackingState.Reason.initializing)
simd_float4x4([[0.0578636, -0.974064, 0.218742, 0.0)], [0.97761, 0.010884, -0.210141, 0.0)], [0.20231, 0.226004, 0.952885, 0.0)], [0.0, 0.0, 0.0, 1.0)]])
0.0, 0.0, 0.0
float3(-0.227974, 0.209207, -1.55962)
350329.425647375
limited(__ObjC.ARCamera.TrackingState.Reason.initializing)
simd_float4x4([[0.0592457, -0.975804, 0.210456, 0.0)], [0.975754, 0.0121104, -0.218536, 0.0)], [0.210701, 0.218301, 0.952862, 0.0)], [0.0, 0.0, 0.0, 1.0)]])
0.0, 0.0, 0.0
float3(-0.220073, 0.217622, -1.55839)
350329.525698083
limited(__ObjC.ARCamera.TrackingState.Reason.initializing)
simd_float4x4([[0.0601438, -0.978451, 0.197514, 0.0)], [0.973226, 0.0135054, -0.229451, 0.0)], [0.22184, 0.206026, 0.953066, 0.0)], [0.0, 0.0, 0.0, 1.0)]])
0.0, 0.0, 0.0
float3(-0.207512, 0.228693, -1.55699)
350329.625748916
limited(__ObjC.ARCamera.TrackingState.Reason.initializing)
simd_float4x4([[0.066525, -0.978815, 0.19362, 0.0)], [0.970939, 0.0187956, -0.238587, 0.0)], [0.229894, 0.203865, 0.95162, 0.0)], [0.0, 0.0, 0.0, 1.0)]])
0.0, 0.0, 0.0
float3(-0.205305, 0.23704, -1.5516)
350329.725799791
limited(__ObjC.ARCamera.TrackingState.Reason.initializing)
simd_float4x4([[0.0722842, -0.977806, 0.196629, 0.0)], [0.970311, 0.0233218, -0.240731, 0.0)], [0.230804, 0.208193, 0.950462, 0.0)], [0.0, 0.0, 0.0, 1.0)]])
0.0, 0.0, 0.0
float3(-0.209727, 0.238222, -1.54695)
350329.825850583
limited(__ObjC.ARCamera.TrackingState.Reason.initializing)
simd_float4x4([[0.069801, -0.977665, 0.198221, 0.0)], [0.970774, 0.0208348, -0.239088, 0.0)], [0.229619, 0.209117, 0.950546, 0.0)], [0.0, 0.0, 0.0, 1.0)]])
0.0, 0.0, 0.0
float3(-0.210672, 0.237024, -1.54949)
350329.9259015
limited(__ObjC.ARCamera.TrackingState.Reason.initializing)
simd_float4x4([[0.0740602, -0.975549, 0.206915, 0.0)], [0.975385, 0.0276473, -0.218768, 0.0)], [0.207699, 0.218024, 0.953584, 0.0)], [0.0, 0.0, 0.0, 1.0)]])
0.0, 0.0, 0.0
float3(-0.219789, 0.21446, -1.54246)
350330.025952375
limited(__ObjC.ARCamera.TrackingState.Reason.initializing)
simd_float4x4([[0.0696896, -0.975286, 0.209658, 0.0)], [0.981309, 0.0292322, -0.190204, 0.0)], [0.179375, 0.218995, 0.959094, 0.0)], [0.0, 0.0, 0.0, 1.0)]])
0.0, 0.0, 0.0
float3(-0.220784, 0.184889, -1.54083)
350330.126003375
limited(__ObjC.ARCamera.TrackingState.Reason.initializing)
simd_float4x4([[0.0602448, -0.976753, 0.205719, 0.0)], [0.987823, 0.028723, -0.152908, 0.0)], [0.143445, 0.212426, 0.96659, 0.0)], [0.0, 0.0, 0.0, 1.0)]])
0.0, 0.0, 0.0
float3(-0.214057, 0.147328, -1.5414)
350330.22605425
limited(__ObjC.ARCamera.TrackingState.Reason.initializing)
simd_float4x4([[0.0478759, -0.977662, 0.204649, 0.0)], [0.99338, 0.0251854, -0.112077, 0.0)], [0.10442, 0.20866, 0.972396, 0.0)], [0.0, 0.0, 0.0, 1.0)]])
0.0, 0.0, 0.0
float3(-0.210204, 0.106974, -1.54504)
350330.326105
limited(__ObjC.ARCamera.TrackingState.Reason.initializing)
simd_float4x4([[0.0357045, -0.978312, 0.204023, 0.0)], [0.997343, 0.0219091, -0.0694813, 0.0)], [0.0635048, 0.205962, 0.976494, 0.0)], [0.0, 0.0, 0.0, 1.0)]])
0.0, 0.0, 0.0
float3(-0.207446, 0.064942, -1.54841)
350330.426155916
limited(__ObjC.ARCamera.TrackingState.Reason.initializing)
simd_float4x4([[0.0242084, -0.979456, 0.200187, 0.0)], [0.999581, 0.0205351, -0.0204059, 0.0)], [0.0158759, 0.200597, 0.979542, 0.0)], [0.0, 0.0, 0.0, 1.0)]])
0.0, 0.0, 0.0
float3(-0.201967, 0.0162061, -1.54983)
350330.526206916
limited(__ObjC.ARCamera.TrackingState.Reason.initializing)
simd_float4x4([[0.00711651, -0.980209, 0.197823, 0.0)], [0.999384, 0.0137693, 0.0322753, 0.0)], [-0.0343605, 0.197471, 0.979703, 0.0)], [0.0, 0.0, 0.0, 1.0)]])
0.0, 0.0, 0.0
float3(-0.198778, -0.035058, -1.55675)
350330.62625775
limited(__ObjC.ARCamera.TrackingState.Reason.initializing)
simd_float4x4([[-0.00564632, -0.981041, 0.193702, 0.0)], [0.996931, 0.00960146, 0.0776901, 0.0)], [-0.0780772, 0.193546, 0.977976, 0.0)], [0.0, 0.0, 0.0, 1.0)]])
0.0, 0.0, 0.0
float3(-0.194775, -0.0796665, -1.56101)
350330.726308625
limited(__ObjC.ARCamera.TrackingState.Reason.initializing)
simd_float4x4([[-0.0178494, -0.98221, 0.186919, 0.0)], [0.992903, 0.00457156, 0.118839, 0.0)], [-0.11758, 0.187714, 0.975158, 0.0)], [0.0, 0.0, 0.0, 1.0)]])
0.0, 0.0, 0.0
float3(-0.188834, -0.119996, -1.56614)
350330.826359416
limited(__ObjC.ARCamera.TrackingState.Reason.initializing)
simd_float4x4([[-0.0251885, -0.982483, 0.184627, 0.0)], [0.988515, 0.00304886, 0.151089, 0.0)], [-0.149006, 0.186312, 0.971123, 0.0)], [0.0, 0.0, 0.0, 1.0)]])
0.0, 0.0, 0.0
float3(-0.187407, -0.15225, -1.56769)
350330.926410541
limited(__ObjC.ARCamera.TrackingState.Reason.initializing)
simd_float4x4([[-0.0297199, -0.981988, 0.186576, 0.0)], [0.983771, 0.00430668, 0.179376, 0.0)], [-0.176949, 0.188879, 0.965923, 0.0)], [0.0, 0.0, 0.0, 1.0)]])
0.0, 0.0, 0.0
float3(-0.190021, -0.181182, -1.56641)
350331.026461333
limited(__ObjC.ARCamera.TrackingState.Reason.initializing)
simd_float4x4([[-0.0333833, -0.98219, 0.184883, 0.0)], [0.979286, 0.0048182, 0.202425, 0.0)], [-0.199711, 0.187811, 0.961684, 0.0)], [0.0, 0.0, 0.0, 1.0)]])
0.0, 0.0, 0.0
float3(-0.188933, -0.204758, -1.56589)
350331.126512416
limited(__ObjC.ARCamera.TrackingState.Reason.initializing)
simd_float4x4([[-0.0400791, -0.981634, 0.186497, 0.0)], [0.973582, 0.00362414, 0.228308, 0.0)], [-0.224791, 0.190721, 0.955557, 0.0)], [0.0, 0.0, 0.0, 1.0)]])
0.0, 0.0, 0.0
float3(-0.191896, -0.231045, -1.5671)
350331.226563291
limited(__ObjC.ARCamera.TrackingState.Reason.initializing)
simd_float4x4([[-0.0432575, -0.981416, 0.186933, 0.0)], [0.969129, 0.00423753, 0.246515, 0.0)], [-0.242727, 0.191826, 0.950936, 0.0)], [0.0, 0.0, 0.0, 1.0)]])
0.0, 0.0, 0.0
float3(-0.193022, -0.249915, -1.56648)
350331.326614291
limited(__ObjC.ARCamera.TrackingState.Reason.initializing)
simd_float4x4([[-0.0463076, -0.981651, 0.184956, 0.0)], [0.965512, 0.00350266, 0.260333, 0.0)], [-0.256205, 0.190633, 0.947634, 0.0)], [0.0, 0.0, 0.0, 1.0)]])
0.0, 0.0, 0.0
float3(-0.191807, -0.26405, -1.56723)
350331.426665208
limited(__ObjC.ARCamera.TrackingState.Reason.initializing)
simd_float4x4([[-0.0525796, -0.982437, 0.179007, 0.0)], [0.960939, -0.00100331, 0.276757, 0.0)], [-0.271718, 0.186567, 0.944115, 0.0)], [0.0, 0.0, 0.0, 1.0)]])
0.0, 0.0, 0.0
float3(-0.187667, -0.280229, -1.57182)
350331.526716083
limited(__ObjC.ARCamera.TrackingState.Reason.initializing)
simd_float4x4([[-0.054429, -0.98347, 0.172662, 0.0)], [0.957845, -0.00257774, 0.287273, 0.0)], [-0.282081, 0.18102, 0.942152, 0.0)], [0.0, 0.0, 0.0, 1.0)]])
0.0, 0.0, 0.0
float3(-0.182023, -0.290907, -1.57342)
350331.626767208
limited(__ObjC.ARCamera.TrackingState.Reason.initializing)
simd_float4x4([[-0.056427, -0.983164, 0.173757, 0.0)], [0.956419, -0.00329213, 0.291977, 0.0)], [-0.286491, 0.18266, 0.940503, 0.0)], [0.0, 0.0, 0.0, 1.0)]])
0.0, 0.0, 0.0
float3(-0.183691, -0.295686, -1.57414)
350331.726818041
limited(__ObjC.ARCamera.TrackingState.Reason.initializing)
simd_float4x4([[-0.05813, -0.982885, 0.174772, 0.0)], [0.956922, -0.00497599, 0.290303, 0.0)], [-0.284467, 0.184119, 0.940833, 0.0)], [0.0, 0.0, 0.0, 1.0)]])
0.0, 0.0, 0.0
float3(-0.185175, -0.293617, -1.57586)
350331.826869166
limited(__ObjC.ARCamera.TrackingState.Reason.initializing)
simd_float4x4([[-0.0572979, -0.983035, 0.174196, 0.0)], [0.959894, -0.00628252, 0.280292, 0.0)], [-0.274445, 0.18327, 0.943969, 0.0)], [0.0, 0.0, 0.0, 1.0)]])
0.0, 0.0, 0.0
float3(-0.184312, -0.282936, -1.57719)
350331.926920125
limited(__ObjC.ARCamera.TrackingState.Reason.initializing)
simd_float4x4([[-0.0523423, -0.982772, 0.177214, 0.0)], [0.9647, -0.00389965, 0.26332, 0.0)], [-0.258095, 0.184741, 0.948285, 0.0)], [0.0, 0.0, 0.0, 1.0)]])
0.0, 0.0, 0.0
float3(-0.185808, -0.265734, -1.57476)
350332.026971083
normal
simd_float4x4([[-0.0377744, -0.986588, 0.158799, 0.0)], [0.97084, 0.00141395, 0.239724, 0.0)], [-0.236734, 0.163223, 0.957766, 0.0)], [-0.00837885, 0.000951155, -0.00455872, 1.0)]])
-0.00837885, 0.000951155, -0.00455872
float3(-0.163957, -0.242316, -1.56936)
350332.127022083
normal
simd_float4x4([[-0.0291539, -0.985622, 0.166434, 0.0)], [0.978215, 0.00610507, 0.207506, 0.0)], [-0.205538, 0.168858, 0.963971, 0.0)], [-0.0191416, -0.00236809, -0.0102479, 1.0)]])
-0.0191416, -0.00236809, -0.0102479
float3(-0.169671, -0.210075, -1.5646)
350332.227073083
normal
simd_float4x4([[-0.0178307, -0.983629, 0.179324, 0.0)], [0.986712, 0.0116579, 0.162058, 0.0)], [-0.161496, 0.179831, 0.970351, 0.0)], [-0.0356048, -0.00411445, -0.0177316, 1.0)]])
-0.0356048, -0.00411445, -0.0177316
float3(-0.180814, -0.164919, -1.55894)
350332.327124125
normal
simd_float4x4([[-0.0129066, -0.983251, 0.181797, 0.0)], [0.993759, 0.0075326, 0.111291, 0.0)], [-0.110797, 0.182099, 0.977018, 0.0)], [-0.0501204, -0.00544338, -0.023818, 1.0)]])
-0.0501204, -0.00544338, -0.023818
float3(-0.183121, -0.112921, -1.56314)
350332.427175083
normal
simd_float4x4([[-0.0025841, -0.9827, 0.185186, 0.0)], [0.998545, 0.00743833, 0.0534057, 0.0)], [-0.0538593, 0.185055, 0.981251, 0.0)], [-0.0680499, -0.00618461, -0.0283652, 1.0)]])
-0.0680499, -0.00618461, -0.0283652
float3(-0.186127, -0.0548333, -1.56323)
350332.527226208
normal
simd_float4x4([[0.0080674, -0.982441, 0.186397, 0.0)], [0.999947, 0.00675, -0.00770134, 0.0)], [0.00630794, 0.186449, 0.982444, 0.0)], [-0.0879806, -0.00515771, -0.0328531, 1.0)]])
-0.0879806, -0.00515771, -0.0328531
float3(-0.187547, 0.00642057, -1.56393)
350332.627277166
normal
simd_float4x4([[0.0165598, -0.982597, 0.185009, 0.0)], [0.997357, 0.00314213, -0.0725837, 0.0)], [0.0707392, 0.185722, 0.980053, 0.0)], [-0.107474, -0.0076792, -0.0355084, 1.0)]])
-0.107474, -0.0076792, -0.0355084
float3(-0.186806, 0.0720541, -1.5676)
350332.727328125
normal
simd_float4x4([[0.0282506, -0.982213, 0.185631, 0.0)], [0.990365, 0.00231751, -0.138458, 0.0)], [0.135565, 0.187754, 0.972816, 0.0)], [-0.125513, -0.00929874, -0.0383716, 1.0)]])
-0.125513, -0.00929874, -0.0383716
float3(-0.188875, 0.138462, -1.56844)
350332.827379208
normal
simd_float4x4([[0.0363831, -0.982856, 0.180751, 0.0)], [0.979871, -0.000439993, -0.19963, 0.0)], [0.196287, 0.184376, 0.963056, 0.0)], [-0.140127, -0.0102515, -0.0391228, 1.0)]])
-0.140127, -0.0102515, -0.0391228
float3(-0.185437, 0.201062, -1.57124)
350332.927430083
normal
simd_float4x4([[0.0452338, -0.983666, 0.174226, 0.0)], [0.968443, 0.000389167, -0.249236, 0.0)], [0.245098, 0.180002, 0.952642, 0.0)], [-0.153967, -0.0105177, -0.0376298, 1.0)]])
-0.153967, -0.0105177, -0.0376298
float3(-0.180989, 0.25182, -1.5704)
350333.027481375
normal
simd_float4x4([[0.0532043, -0.984409, 0.167654, 0.0)], [0.957946, 0.00290645, -0.286935, 0.0)], [0.281975, 0.175869, 0.943165, 0.0)], [-0.164445, -0.0102669, -0.0350142, 1.0)]])
-0.164445, -0.0102669, -0.0350142
float3(-0.176789, 0.290508, -1.56784)
350333.127532291
normal
simd_float4x4([[0.0564987, -0.984241, 0.167565, 0.0)], [0.947798, 0.000119679, -0.318871, 0.0)], [0.313826, 0.176833, 0.932868, 0.0)], [-0.174854, -0.0130409, -0.0316039, 1.0)]])
-0.174854, -0.0130409, -0.0316039
float3(-0.177768, 0.324517, -1.57067)
350333.227583375
normal
simd_float4x4([[0.0635731, -0.983635, 0.168584, 0.0)], [0.938102, 0.00126886, -0.346356, 0.0)], [0.340474, 0.180168, 0.922831, 0.0)], [-0.185506, -0.0147742, -0.0279726, 1.0)]])
-0.185506, -0.0147742, -0.0279726
float3(-0.181157, 0.353452, -1.56951)
350333.327634458
normal
simd_float4x4([[0.0726281, -0.983679, 0.164624, 0.0)], [0.931906, 0.00812079, -0.362609, 0.0)], [0.355354, 0.17975, 0.917286, 0.0)], [-0.19599, -0.0157872, -0.0221549, 1.0)]])
-0.19599, -0.0157872, -0.0221549
float3(-0.180732, 0.369595, -1.56254)
350333.427685458
normal
simd_float4x4([[0.079862, -0.983296, 0.16356, 0.0)], [0.932008, 0.0154641, -0.362108, 0.0)], [0.35353, 0.181358, 0.917674, 0.0)], [-0.207738, -0.0170016, -0.0189138, 1.0)]])
-0.207738, -0.0170016, -0.0189138
float3(-0.182367, 0.367723, -1.55507)
350333.5277365
normal
simd_float4x4([[0.082365, -0.982504, 0.167038, 0.0)], [0.936641, 0.0190544, -0.349773, 0.0)], [0.340471, 0.185263, 0.921823, 0.0)], [-0.223342, -0.0191759, -0.0192436, 1.0)]])
-0.223342, -0.0191759, -0.0192436
float3(-0.18634, 0.353804, -1.5514)
350333.627787625
normal
simd_float4x4([[0.0787201, -0.981464, 0.174735, 0.0)], [0.949621, 0.0204894, -0.312729, 0.0)], [0.303352, 0.19055, 0.933632, 0.0)], [-0.198008, -0.0408284, -0.06421, 1.0)]])
-0.198008, -0.0408284, -0.06421
float3(-0.191722, 0.314156, -1.54992)
350333.727838833
normal
simd_float4x4([[0.0804797, -0.980737, 0.177984, 0.0)], [0.95777, 0.0266373, -0.2863, 0.0)], [0.276044, 0.193509, 0.941464, 0.0)], [-0.216952, -0.0420842, -0.0676354, 1.0)]])
-0.216952, -0.0420842, -0.0676354
float3(-0.194737, 0.285213, -1.54364)
350333.82788975
normal
simd_float4x4([[0.0784378, -0.98051, 0.180133, 0.0)], [0.965334, 0.0295798, -0.259338, 0.0)], [0.248955, 0.194231, 0.948839, 0.0)], [-0.233433, -0.0435441, -0.0727958, 1.0)]])
-0.233433, -0.0435441, -0.0727958
float3(-0.195473, 0.256595, -1.54064)
350333.927940708
normal
simd_float4x4([[0.0771897, -0.980726, 0.179495, 0.0)], [0.972417, 0.0343108, -0.230709, 0.0)], [0.220104, 0.192352, 0.956324, 0.0)], [-0.251841, -0.0455994, -0.0792096, 1.0)]])
-0.251841, -0.0455994, -0.0792096
float3(-0.193559, 0.226217, -1.53583)
350334.027992041
normal
simd_float4x4([[0.0776548, -0.98016, 0.182363, 0.0)], [0.977745, 0.0391146, -0.206116, 0.0)], [0.194894, 0.194311, 0.961384, 0.0)], [-0.271087, -0.0478343, -0.0885225, 1.0)]])
-0.271087, -0.0478343, -0.0885225
float3(-0.195555, 0.200012, -1.53091)
350334.128043083
normal
simd_float4x4([[0.077755, -0.978416, 0.191461, 0.0)], [0.980809, 0.0406304, -0.190689, 0.0)], [0.178794, 0.202613, 0.962798, 0.0)], [-0.288629, -0.0512186, -0.0996625, 1.0)]])
-0.288629, -0.0512186, -0.0996625
float3(-0.204026, 0.183611, -1.52929)
350334.228094208
normal
simd_float4x4([[0.0818885, -0.976553, 0.199095, 0.0)], [0.982348, 0.045376, -0.181476, 0.0)], [0.168187, 0.210441, 0.963031, 0.0)], [-0.301771, -0.0545962, -0.11239, 1.0)]])
-0.301771, -0.0545962, -0.11239
float3(-0.212026, 0.172899, -1.52436)
350334.328145166
normal
simd_float4x4([[0.0973825, -0.972356, 0.212229, 0.0)], [0.981027, 0.0578645, -0.185036, 0.0)], [0.16764, 0.226222, 0.959542, 0.0)], [-0.312194, -0.0588874, -0.129854, 1.0)]])
-0.312194, -0.0588874, -0.129854
float3(-0.228197, 0.172963, -1.51136)
350334.428196416
normal
simd_float4x4([[0.0967528, -0.96845, 0.229659, 0.0)], [0.981229, 0.0541361, -0.185094, 0.0)], [0.166821, 0.243257, 0.955509, 0.0)], [-0.312389, -0.064674, -0.153935, 1.0)]])
-0.312389, -0.064674, -0.153935
float3(-0.245722, 0.172847, -1.51495)
350334.5282475
normal
simd_float4x4([[0.0950788, -0.963585, 0.249927, 0.0)], [0.981985, 0.0496028, -0.182331, 0.0)], [0.163295, 0.26276, 0.950943, 0.0)], [-0.305357, -0.0714183, -0.184547, 1.0)]])
-0.305357, -0.0714183, -0.184547
float3(-0.265882, 0.17006, -1.51936)
350334.6282985
normal
simd_float4x4([[0.0910957, -0.956693, 0.276477, 0.0)], [0.983403, 0.0426779, -0.176341, 0.0)], [0.156905, 0.287952, 0.944703, 0.0)], [-0.292529, -0.0776462, -0.220821, 1.0)]])
-0.292529, -0.0776462, -0.220821
float3(-0.292088, 0.164586, -1.52622)
350334.72834975
normal
simd_float4x4([[0.0701452, -0.953278, 0.293839, 0.0)], [0.985266, 0.0201475, -0.169839, 0.0)], [0.155984, 0.301423, 0.940645, 0.0)], [-0.278424, -0.0843229, -0.26224, 1.0)]])
-0.278424, -0.0843229, -0.26224
float3(-0.306185, 0.164331, -1.54966)
350334.828400791
normal
simd_float4x4([[0.0470693, -0.953103, 0.298963, 0.0)], [0.986409, -0.00281714, -0.164283, 0.0)], [0.157421, 0.302633, 0.940017, 0.0)], [-0.265633, -0.0876102, -0.30861, 1.0)]])
-0.265633, -0.0876102, -0.30861
float3(-0.307454, 0.165926, -1.57375)
350334.928452125
normal
simd_float4x4([[0.0316182, -0.954256, 0.297313, 0.0)], [0.988822, -0.0135005, -0.148489, 0.0)], [0.145711, 0.298685, 0.943163, 0.0)], [-0.248626, -0.0825084, -0.361492, 1.0)]])
-0.248626, -0.0825084, -0.361492
float3(-0.303314, 0.15328, -1.58494)
350335.028503208
normal
simd_float4x4([[0.0297517, -0.956021, 0.291787, 0.0)], [0.991257, -0.00932123, -0.131613, 0.0)], [0.128544, 0.293152, 0.947385, 0.0)], [-0.232158, -0.0733452, -0.41277, 1.0)]])
-0.232158, -0.0733452, -0.41277
float3(-0.297522, 0.13486, -1.58055)
350335.12855425
normal
simd_float4x4([[0.0274813, -0.96873, 0.246592, 0.0)], [0.990668, -0.00655075, -0.136139, 0.0)], [0.133497, 0.248032, 0.959509, 0.0)], [-0.220054, -0.0639646, -0.453381, 1.0)]])
-0.220054, -0.0639646, -0.453381
float3(-0.250649, 0.138243, -1.57756)
350335.2286055
normal
simd_float4x4([[0.0273689, -0.970985, 0.23757, 0.0)], [0.990265, -0.00611074, -0.139057, 0.0)], [0.136474, 0.239064, 0.961365, 0.0)], [-0.213634, -0.0624371, -0.49634, 1.0)]])
-0.213634, -0.0624371, -0.49634
float3(-0.241401, 0.141017, -1.57709)
350335.328656583
normal
simd_float4x4([[0.0176917, -0.969936, 0.242715, 0.0)], [0.990162, -0.0167038, -0.138925, 0.0)], [0.138803, 0.242785, 0.960098, 0.0)], [-0.206648, -0.0593097, -0.546799, 1.0)]])
-0.206648, -0.0593097, -0.546799
float3(-0.245236, 0.143577, -1.58802)
350335.428707833
normal
simd_float4x4([[0.023313, -0.96851, 0.247879, 0.0)], [0.993348, -0.00552614, -0.115016, 0.0)], [0.112764, 0.248912, 0.961939, 0.0)], [-0.201092, -0.0596108, -0.59891, 1.0)]])
-0.201092, -0.0596108, -0.59891
float3(-0.251556, 0.116693, -1.5765)
350335.528758875
normal
simd_float4x4([[0.000365049, -0.965497, 0.260414, 0.0)], [0.99853, -0.0137612, -0.0524203, 0.0)], [0.0541952, 0.26005, 0.964073, 0.0)], [-0.186019, -0.0676868, -0.65404, 1.0)]])
-0.186019, -0.0676868, -0.65404
float3(-0.263074, 0.0561558, -1.58505)
350335.628810333
normal
simd_float4x4([[-0.0175813, -0.967945, 0.250545, 0.0)], [0.999379, -0.00935542, 0.0339853, 0.0)], [-0.030552, 0.250987, 0.967508, 0.0)], [-0.170927, -0.0711744, -0.70868, 1.0)]])
-0.170927, -0.0711744, -0.70868
float3(-0.2537, -0.0315675, -1.58046)
350335.728861333
normal
simd_float4x4([[-0.0462801, -0.969885, 0.239125, 0.0)], [0.985152, -0.00469601, 0.171619, 0.0)], [-0.165328, 0.243517, 0.955702, 0.0)], [-0.152465, -0.0680292, -0.755096, 1.0)]])
-0.152465, -0.0680292, -0.755096
float3(-0.24599, -0.171296, -1.57564)
350335.828912416
normal
simd_float4x4([[-0.0821758, -0.973165, 0.214935, 0.0)], [0.956062, -0.01608, 0.292724, 0.0)], [-0.281413, 0.229546, 0.931727, 0.0)], [-0.127597, -0.0599257, -0.791869, 1.0)]])
-0.127597, -0.0599257, -0.791869
float3(-0.231611, -0.293321, -1.58732)
350335.928963625
normal
simd_float4x4([[-0.105308, -0.975061, 0.195364, 0.0)], [0.909413, -0.0149426, 0.415626, 0.0)], [-0.402341, 0.221435, 0.888306, 0.0)], [-0.105946, -0.0540067, -0.817565, 1.0)]])
-0.105946, -0.0540067, -0.817565
float3(-0.223286, -0.425289, -1.58612)
350336.029014916
normal
simd_float4x4([[-0.136931, -0.970962, 0.196169, 0.0)], [0.85514, -0.0159112, 0.518154, 0.0)], [-0.499986, 0.238703, 0.832487, 0.0)], [-0.0765555, -0.0510134, -0.829013, 1.0)]])
-0.0765555, -0.0510134, -0.829013
float3(-0.24103, -0.540856, -1.58718)
350336.129066208
normal
simd_float4x4([[-0.14619, -0.972932, 0.178976, 0.0)], [0.792681, -0.00696761, 0.609597, 0.0)], [-0.591849, 0.230988, 0.772243, 0.0)], [-0.0539167, -0.0424901, -0.820396, 1.0)]])
-0.0539167, -0.0424901, -0.820396
float3(-0.233093, -0.653917, -1.57796)
350336.22911725
normal
simd_float4x4([[-0.150285, -0.975806, 0.158796, 0.0)], [0.731582, -0.00172863, 0.681751, 0.0)], [-0.664983, 0.21863, 0.714142, 0.0)], [-0.0333125, -0.0388347, -0.798051, 1.0)]])
-0.0333125, -0.0388347, -0.798051
float3(-0.22041, -0.749768, -1.57257)
350336.329168583
normal
simd_float4x4([[-0.15909, -0.976725, 0.143868, 0.0)], [0.676283, -0.00164899, 0.73664, 0.0)], [-0.719257, 0.214488, 0.660805, 0.0)], [-0.0138918, -0.0333342, -0.768809, 1.0)]])
-0.0138918, -0.0333342, -0.768809
float3(-0.216167, -0.827727, -1.57248)
350336.429219625
normal
simd_float4x4([[-0.165075, -0.977999, 0.127548, 0.0)], [0.619772, -0.00226184, 0.784779, 0.0)], [-0.767224, 0.208598, 0.60651, 0.0)], [0.0044132, -0.0279002, -0.739572, 1.0)]])
0.0044132, -0.0279002, -0.739572
float3(-0.210141, -0.90186, -1.57311)
350336.529270833
normal
simd_float4x4([[-0.160541, -0.979744, 0.119703, 0.0)], [0.56594, 0.00798983, 0.824408, 0.0)], [-0.808665, 0.200096, 0.553193, 0.0)], [0.0193332, -0.0212258, -0.710528, 1.0)]])
0.0193332, -0.0212258, -0.710528
float3(-0.201456, -0.970833, -1.56264)
350336.629322083
normal
simd_float4x4([[-0.15054, -0.984034, 0.0949434, 0.0)], [0.49985, 0.00709487, 0.866083, 0.0)], [-0.852929, 0.177837, 0.490802, 0.0)], [0.0307699, -0.0149324, -0.676592, 1.0)]])
0.0307699, -0.0149324, -0.676592
float3(-0.178788, -1.04864, -1.56359)
350336.729373375
normal
simd_float4x4([[-0.145921, -0.985722, 0.0840194, 0.0)], [0.422805, 0.0146432, 0.906102, 0.0)], [-0.894395, 0.167743, 0.414632, 0.0)], [0.0376307, -0.00959933, -0.647616, 1.0)]])
0.0376307, -0.00959933, -0.647616
float3(-0.16854, -1.1367, -1.55594)
350336.829424583
normal
simd_float4x4([[-0.146264, -0.986641, 0.0717307, 0.0)], [0.343849, 0.0172835, 0.938866, 0.0)], [-0.927564, 0.161987, 0.336727, 0.0)], [0.0505584, -0.0112337, -0.623338, 1.0)]])
0.0505584, -0.0112337, -0.623338
float3(-0.162704, -1.22257, -1.55328)
350336.929475791
normal
simd_float4x4([[-0.152508, -0.986833, 0.0538701, 0.0)], [0.26235, 0.0121285, 0.964897, 0.0)], [-0.952845, 0.161287, 0.257046, 0.0)], [0.0634454, -0.0127436, -0.60192, 1.0)]])
0.0634454, -0.0127436, -0.60192
float3(-0.161994, -1.3073, -1.55851)
350337.029526916
normal
simd_float4x4([[-0.159562, -0.986139, 0.0455025, 0.0)], [0.191279, 0.0143355, 0.981431, 0.0)], [-0.968479, 0.165302, 0.18634, 0.0)], [0.0862554, -0.0113866, -0.58638, 1.0)]])
0.0862554, -0.0113866, -0.58638
float3(-0.166065, -1.38071, -1.55626)
350337.129578208
normal
simd_float4x4([[-0.176693, -0.983381, 0.0417274, 0.0)], [0.12871, 0.0189454, 0.991501, 0.0)], [-0.975814, 0.180562, 0.123224, 0.0)], [0.116409, -0.00949207, -0.572773, 1.0)]])
0.116409, -0.00949207, -0.572773
float3(-0.181558, -1.44518, -1.55153)
350337.229629333
normal
simd_float4x4([[-0.190349, -0.981017, 0.0370544, 0.0)], [0.0747343, 0.0231548, 0.996935, 0.0)], [-0.978868, 0.192535, 0.0689081, 0.0)], [0.145874, -0.0109701, -0.564178, 1.0)]])
0.145874, -0.0109701, -0.564178
float3(-0.193745, -1.50052, -1.5472)
350337.329680791
normal
simd_float4x4([[-0.203427, -0.978747, 0.0259222, 0.0)], [0.0311715, 0.0199882, 0.999314, 0.0)], [-0.978594, 0.204096, 0.0264428, 0.0)], [0.182331, -0.016424, -0.560378, 1.0)]])
0.182331, -0.016424, -0.560378
float3(-0.20554, -1.54378, -1.55038)
350337.429731916
normal
simd_float4x4([[-0.215838, -0.976253, 0.0185302, 0.0)], [-0.0084883, 0.0208528, 0.999747, 0.0)], [-0.976392, 0.215626, -0.0127876, 0.0)], [0.221482, -0.0215922, -0.564181, 1.0)]])
0.221482, -0.0215922, -0.564181
float3(-0.217333, -1.58389, -1.54944)
350337.52978325
normal
simd_float4x4([[-0.215261, -0.976522, 0.00816843, 0.0)], [-0.0593815, 0.021438, 0.998005, 0.0)], [-0.974749, 0.214347, -0.0626021, 0.0)], [0.260421, -0.0225806, -0.571878, 1.0)]])
0.260421, -0.0225806, -0.571878
float3(-0.216023, -1.63493, -1.54885)
350337.6298345
normal
simd_float4x4([[-0.217178, -0.976054, -0.0123102, 0.0)], [-0.109445, 0.0118167, 0.993923, 0.0)], [-0.969977, 0.217206, -0.109391, 0.0)], [0.298362, -0.0206977, -0.581469, 1.0)]])
0.298362, -0.0206977, -0.581469
float3(-0.218951, -1.6831, -1.55869)
350337.729885583
normal
simd_float4x4([[-0.212944, -0.976606, -0.029933, 0.0)], [-0.154985, 0.0035141, 0.987911, 0.0)], [-0.964694, 0.215008, -0.152107, 0.0)], [0.333371, -0.0207515, -0.589785, 1.0)]])
0.333371, -0.0207515, -0.589785
float3(-0.216701, -1.72718, -1.5672)
350337.829937
normal
simd_float4x4([[-0.20692, -0.977523, -0.040404, 0.0)], [-0.187992, -0.000802415, 0.98217, 0.0)], [-0.960127, 0.210826, -0.183601, 0.0)], [0.364268, -0.0223523, -0.598615, 1.0)]])
0.364268, -0.0223523, -0.598615
float3(-0.21242, -1.75974, -1.57162)
350337.929988166
normal
simd_float4x4([[-0.212695, -0.976122, -0.0441329, 0.0)], [-0.206581, 0.00077617, 0.978429, 0.0)], [-0.955032, 0.217224, -0.201813, 0.0)], [0.394555, -0.0236075, -0.605499, 1.0)]])
0.394555, -0.0236075, -0.605499
float3(-0.218969, -1.77905, -1.57)
350338.030039458
normal
simd_float4x4([[-0.227337, -0.972704, -0.0465241, 0.0)], [-0.214635, 0.00344893, 0.976688, 0.0)], [-0.949868, 0.232023, -0.20956, 0.0)], [0.430252, -0.0238958, -0.609498, 1.0)]])
0.430252, -0.0238958, -0.609498
float3(-0.234157, -1.78794, -1.56725)
350338.130090791
normal
simd_float4x4([[-0.23354, -0.971611, -0.0378377, 0.0)], [-0.21015, 0.0124417, 0.97759, 0.0)], [-0.949366, 0.236258, -0.207089, 0.0)], [0.466237, -0.0277956, -0.607855, 1.0)]])
0.466237, -0.0277956, -0.607855
float3(-0.238513, -1.78557, -1.55799)
350338.230142
normal
simd_float4x4([[-0.268242, -0.962845, -0.0312224, 0.0)], [-0.208278, 0.0263201, 0.977715, 0.0)], [-0.940567, 0.268768, -0.207599, 0.0)], [0.50977, -0.0387814, -0.595828, 1.0)]])
0.50977, -0.0387814, -0.595828
float3(-0.272113, -1.78803, -1.54347)
350338.330193291
normal
simd_float4x4([[-0.284133, -0.95788, -0.0416502, 0.0)], [-0.2099, 0.0197577, 0.977523, 0.0)], [-0.935527, 0.286489, -0.206672, 0.0)], [0.558396, -0.0446283, -0.572893, 1.0)]])
0.558396, -0.0446283, -0.572893
float3(-0.290561, -1.78822, -1.55017)
350338.430244625
normal
simd_float4x4([[-0.264154, -0.963491, -0.0436884, 0.0)], [-0.192664, 0.00832871, 0.981229, 0.0)], [-0.945042, 0.267612, -0.18783, 0.0)], [0.605741, -0.0475905, -0.546443, 1.0)]])
0.605741, -0.0475905, -0.546443
float3(-0.270914, -1.76699, -1.56215)
350338.530296
normal
simd_float4x4([[-0.270601, -0.96183, -0.0407307, 0.0)], [-0.189548, 0.0117508, 0.981801, 0.0)], [-0.943847, 0.273397, -0.185492, 0.0)], [0.663091, -0.0421738, -0.518593, 1.0)]])
0.663091, -0.0421738, -0.518593
float3(-0.276922, -1.76485, -1.55858)
350338.630347125
normal
simd_float4x4([[-0.255385, -0.966457, -0.0271885, 0.0)], [-0.1706, 0.0173654, 0.985187, 0.0)], [-0.951669, 0.25624, -0.169313, 0.0)], [0.720998, -0.0322389, -0.494973, 1.0)]])
0.720998, -0.0322389, -0.494973
float3(-0.259131, -1.74687, -1.55283)
350338.7303985
normal
simd_float4x4([[-0.258782, -0.96593, 0.00328804, 0.0)], [-0.128217, 0.037724, 0.991028, 0.0)], [-0.957388, 0.256039, -0.133611, 0.0)], [0.777791, -0.0291224, -0.485258, 1.0)]])
0.777791, -0.0291224, -0.485258
float3(-0.258922, -1.70946, -1.53176)
350338.83044975
normal
simd_float4x4([[-0.258576, -0.965938, -0.0101034, 0.0)], [-0.0894632, 0.013532, 0.995898, 0.0)], [-0.961839, 0.258419, -0.089915, 0.0)], [0.839239, -0.0251807, -0.476224, 1.0)]])
0.839239, -0.0251807, -0.476224
float3(-0.261386, -1.66401, -1.55679)
350338.930500958
normal
simd_float4x4([[-0.260776, -0.965248, 0.0170865, 0.0)], [-0.0517948, 0.0316622, 0.998156, 0.0)], [-0.964009, 0.259411, -0.0582516, 0.0)], [0.902291, -0.0289793, -0.484669, 1.0)]])
0.902291, -0.0289793, -0.484669
float3(-0.262412, -1.63115, -1.53801)
350339.0305525
normal
simd_float4x4([[-0.276622, -0.96041, 0.0330621, 0.0)], [-0.0377925, 0.0452503, 0.998261, 0.0)], [-0.960235, 0.274891, -0.0488135, 0.0)], [0.971889, -0.0392246, -0.490087, 1.0)]])
0.971889, -0.0392246, -0.490087
float3(-0.278477, -1.62159, -1.52372)
350339.130603708
normal
simd_float4x4([[-0.257861, -0.965578, 0.0341608, 0.0)], [-0.0343279, 0.0444901, 0.99842, 0.0)], [-0.965572, 0.256281, -0.0446185, 0.0)], [1.0406, -0.0445254, -0.498872, 1.0)]])
1.0406, -0.0445254, -0.498872
float3(-0.259172, -1.61697, -1.52475)
350339.230655041
normal
simd_float4x4([[-0.252874, -0.967238, 0.022498, 0.0)], [-0.0453107, 0.0350679, 0.998357, 0.0)], [-0.966438, 0.251439, -0.052694, 0.0)], [1.10294, -0.0496553, -0.512019, 1.0)]])
1.10294, -0.0496553, -0.512019
float3(-0.254167, -1.62527, -1.53456)
350339.330706208
normal
simd_float4x4([[-0.272803, -0.962, 0.0115739, 0.0)], [-0.0701792, 0.0318966, 0.997024, 0.0)], [-0.959507, 0.271179, -0.0762139, 0.0)], [1.16852, -0.0449374, -0.520002, 1.0)]])
1.16852, -0.0449374, -0.520002
float3(-0.274618, -1.65006, -1.53765)
350339.430757708
normal
simd_float4x4([[-0.24926, -0.968437, -0.000354124, 0.0)], [-0.0318606, 0.00783495, 0.999462, 0.0)], [-0.967912, 0.249137, -0.0328079, 0.0)], [1.22529, -0.0416713, -0.518491, 1.0)]])
1.22529, -0.0416713, -0.518491
float3(-0.251789, -1.60468, -1.56271)
350339.530808875
normal
simd_float4x4([[-0.243763, -0.969795, -0.00881123, 0.0)], [-0.0168309, -0.00485373, 0.999846, 0.0)], [-0.969689, 0.243874, -0.0151394, 0.0)], [1.28432, -0.0399727, -0.515168, 1.0)]])
1.28432, -0.0399727, -0.515168
float3(-0.246358, -1.58641, -1.5758)
350339.630860166
normal
simd_float4x4([[-0.260588, -0.965397, 0.0101393, 0.0)], [-0.0199167, 0.0158754, 0.999676, 0.0)], [-0.965245, 0.260302, -0.0233645, 0.0)], [1.34777, -0.0407444, -0.509163, 1.0)]])
1.34777, -0.0407444, -0.509163
float3(-0.263334, -1.595, -1.55435)
350339.730911541
normal
simd_float4x4([[-0.264893, -0.964202, 0.0120715, 0.0)], [-0.00902747, 0.0149978, 0.999847, 0.0)], [-0.964236, 0.264743, -0.0126771, 0.0)], [1.41543, -0.0489491, -0.495074, 1.0)]])
1.41543, -0.0489491, -0.495074
float3(-0.267938, -1.58394, -1.55524)
350339.830962833
normal
simd_float4x4([[-0.25067, -0.968057, 0.00551855, 0.0)], [0.0189669, 0.000788312, 0.99982, 0.0)], [-0.967887, 0.250729, 0.0181634, 0.0)], [1.48362, -0.0431055, -0.476398, 1.0)]])
1.48362, -0.0431055, -0.476398
float3(-0.253433, -1.55203, -1.56998)
350339.931014375
normal
simd_float4x4([[-0.264569, -0.964091, 0.0230629, 0.0)], [0.0263624, 0.0166758, 0.999513, 0.0)], [-0.964006, 0.265048, 0.0210038, 0.0)], [1.55368, -0.0257943, -0.460171, 1.0)]])
1.55368, -0.0257943, -0.460171
float3(-0.268254, -1.54901, -1.5535)
350340.031065583
normal
simd_float4x4([[-0.21185, -0.976826, 0.0305177, 0.0)], [0.0366182, 0.0232707, 0.999058, 0.0)], [-0.976616, 0.212768, 0.0308396, 0.0)], [1.61251, -0.0119893, -0.44928, 1.0)]])
1.61251, -0.0119893, -0.44928
float3(-0.214407, -1.53923, -1.54698)
350340.131116875
normal
simd_float4x4([[-0.23972, -0.970263, 0.0335247, 0.0)], [0.0499296, 0.0221647, 0.998507, 0.0)], [-0.969557, 0.241036, 0.0431315, 0.0)], [1.68951, -0.0158302, -0.441214, 1.0)]])
1.68951, -0.0158302, -0.441214
float3(-0.243433, -1.52634, -1.54796)
350340.231168291
normal
simd_float4x4([[-0.242783, -0.968905, 0.0477407, 0.0)], [0.0684143, 0.0319892, 0.997144, 0.0)], [-0.967665, 0.245356, 0.0585205, 0.0)], [1.76733, -0.0229422, -0.44551, 1.0)]])
1.76733, -0.0229422, -0.44551
float3(-0.247887, -1.51039, -1.53779)
350340.3312195
normal
simd_float4x4([[-0.24619, -0.96668, 0.0701362, 0.0)], [0.0736209, 0.0535031, 0.99585, 0.0)], [-0.966421, 0.250332, 0.057996, 0.0)], [1.84226, -0.0323903, -0.461944, 1.0)]])
1.84226, -0.0323903, -0.461944
float3(-0.253024, -1.51086, -1.51551)
350340.431270916
normal
simd_float4x4([[-0.247445, -0.964887, 0.0881097, 0.0)], [0.0843279, 0.0691456, 0.994036, 0.0)], [-0.965225, 0.253399, 0.0642571, 0.0)], [1.93877, -0.0439196, -0.479214, 1.0)]])
1.93877, -0.0439196, -0.479214
float3(-0.256193, -1.50432, -1.49926)
350340.531322291
normal
simd_float4x4([[-0.253582, -0.963608, 0.0845884, 0.0)], [0.0548913, 0.0729711, 0.995822, 0.0)], [-0.965755, 0.257166, 0.0343896, 0.0)], [2.03702, -0.044769, -0.49691, 1.0)]])
2.03702, -0.044769, -0.49691
float3(-0.260088, -1.5352, -1.49521)
350340.63137375
normal
simd_float4x4([[-0.264246, -0.962058, 0.0679657, 0.0)], [0.0282711, 0.0627137, 0.997631, 0.0)], [-0.964041, 0.265541, 0.0106266, 0.0)], [2.13757, -0.0369691, -0.50545, 1.0)]])
2.13757, -0.0369691, -0.50545
float3(-0.268765, -1.55977, -1.5057)
350340.731425083
normal
simd_float4x4([[-0.266973, -0.963153, 0.0325785, 0.0)], [0.0306394, 0.0253053, 0.99921, 0.0)], [-0.963217, 0.267761, 0.0227546, 0.0)], [2.22748, -0.0381454, -0.505198, 1.0)]])
2.22748, -0.0381454, -0.505198
float3(-0.271068, -1.54718, -1.54453)
350340.831476416
normal
simd_float4x4([[-0.266038, -0.963962, -0.000107166, 0.0)], [0.0276496, -0.00774197, 0.999588, 0.0)], [-0.963566, 0.265926, 0.0287128, 0.0)], [2.31298, -0.0463424, -0.505537, 1.0)]])
2.31298, -0.0463424, -0.505537
float3(-0.269164, -1.54101, -1.57883)
350340.931527791
normal
simd_float4x4([[-0.271868, -0.961886, 0.0293844, 0.0)], [0.0177511, 0.0255168, 0.999517, 0.0)], [-0.962171, 0.272258, 0.0101373, 0.0)], [2.40119, -0.0551682, -0.511767, 1.0)]])
2.40119, -0.0551682, -0.511767
float3(-0.275739, -1.56026, -1.54427)
350341.031579166
normal
simd_float4x4([[-0.238749, -0.970956, 0.0156076, 0.0)], [0.0202065, 0.0111016, 0.999734, 0.0)], [-0.970871, 0.239001, 0.0169692, 0.0)], [2.49313, -0.0664423, -0.506071, 1.0)]])
2.49313, -0.0664423, -0.506071
float3(-0.241337, -1.55332, -1.55936)
350341.131630666
normal
simd_float4x4([[-0.245451, -0.969084, 0.0250893, 0.0)], [0.0310566, 0.0180069, 0.999355, 0.0)], [-0.968911, 0.246072, 0.0256767, 0.0)], [2.59994, -0.0635552, -0.497305, 1.0)]])
2.59994, -0.0635552, -0.497305
float3(-0.248625, -1.5443, -1.55222)
350341.231682
normal
simd_float4x4([[-0.23536, -0.971293, 0.0345809, 0.0)], [0.0482537, 0.0238587, 0.99855, 0.0)], [-0.97071, 0.236687, 0.0412531, 0.0)], [2.69454, -0.0448116, -0.490319, 1.0)]])
2.69454, -0.0448116, -0.490319
float3(-0.238955, -1.52832, -1.54624)
350341.331733375
normal
simd_float4x4([[-0.206949, -0.97815, 0.0198485, 0.0)], [0.0541875, 0.00879669, 0.998492, 0.0)], [-0.97685, 0.207713, 0.051183, 0.0)], [2.77298, -0.0346429, -0.491662, 1.0)]])
2.77298, -0.0346429, -0.491662
float3(-0.209236, -1.51845, -1.5618)
350341.431784833
normal
simd_float4x4([[-0.172514, -0.983898, 0.0467404, 0.0)], [0.0859547, 0.0322337, 0.995777, 0.0)], [-0.98125, 0.175803, 0.0790099, 0.0)], [2.85549, -0.0340092, -0.507795, 1.0)]])
2.85549, -0.0340092, -0.507795
float3(-0.176721, -1.49045, -1.53805)
350341.531836083
normal
simd_float4x4([[-0.155983, -0.98351, 0.091524, 0.0)], [0.0756566, 0.08049, 0.99388, 0.0)], [-0.984858, 0.161953, 0.0618539, 0.0)], [2.94373, -0.0467221, -0.530462, 1.0)]])
2.94373, -0.0467221, -0.530462
float3(-0.16267, -1.50807, -1.48914)
350341.631887583
normal
simd_float4x4([[-0.133265, -0.986619, 0.0939373, 0.0)], [0.0783128, 0.0840035, 0.993383, 0.0)], [-0.987982, 0.139739, 0.0660702, 0.0)], [3.03753, -0.0517506, -0.548291, 1.0)]])
3.03753, -0.0517506, -0.548291
float3(-0.140198, -1.50402, -1.48586)
350341.731938875
normal
simd_float4x4([[-0.103705, -0.991633, 0.0768668, 0.0)], [0.0448867, 0.0725385, 0.996355, 0.0)], [-0.993595, 0.106778, 0.0369886, 0.0)], [3.12961, -0.0492142, -0.562738, 1.0)]])
3.12961, -0.0492142, -0.562738
float3(-0.106982, -1.53359, -1.49778)
350341.831990375
normal
simd_float4x4([[-0.102181, -0.993246, 0.0549757, 0.0)], [0.0289749, 0.0522698, 0.998213, 0.0)], [-0.994344, 0.103591, 0.0234382, 0.0)], [3.2325, -0.03515, -0.571837, 1.0)]])
3.2325, -0.03515, -0.571837
float3(-0.103778, -1.54723, -1.51822)
350341.932041833
normal
simd_float4x4([[-0.116247, -0.992658, 0.0334172, 0.0)], [0.0406315, 0.0288643, 0.998757, 0.0)], [-0.992389, 0.11746, 0.0369778, 0.0)], [3.32818, -0.0312289, -0.574607, 1.0)]])
3.32818, -0.0312289, -0.574607
float3(-0.117732, -1.53355, -1.54173)
350342.032093125
normal
simd_float4x4([[-0.124816, -0.992073, 0.0145418, 0.0)], [0.0284856, 0.0110673, 0.999533, 0.0)], [-0.991771, 0.125172, 0.0268784, 0.0)], [3.42409, -0.0388331, -0.580249, 1.0)]])
3.42409, -0.0388331, -0.580249
float3(-0.125501, -1.5437, -1.55964)
350342.132144666
normal
simd_float4x4([[-0.146793, -0.988594, 0.0336825, 0.0)], [0.0238743, 0.0305006, 0.99925, 0.0)], [-0.988879, 0.147487, 0.0191247, 0.0)], [3.5366, -0.0529874, -0.589643, 1.0)]])
3.5366, -0.0529874, -0.589643
float3(-0.148027, -1.55146, -1.53995)
350342.232195875
normal
simd_float4x4([[-0.13708, -0.989489, 0.0460582, 0.0)], [0.0508255, 0.0394099, 0.99793, 0.0)], [-0.989255, 0.139137, 0.0448889, 0.0)], [3.64022, -0.0599842, -0.593748, 1.0)]])
3.64022, -0.0599842, -0.593748
float3(-0.13959, -1.52545, -1.53099)
350342.332247416
normal
simd_float4x4([[-0.144512, -0.987955, 0.0553228, 0.0)], [0.0526388, 0.0481549, 0.997452, 0.0)], [-0.988102, 0.147055, 0.0450458, 0.0)], [3.74449, -0.0521667, -0.590369, 1.0)]])
3.74449, -0.0521667, -0.590369
float3(-0.147591, -1.52524, -1.52209)
350342.432298833
normal
simd_float4x4([[-0.111374, -0.992845, 0.0430592, 0.0)], [0.0676639, 0.0356521, 0.997071, 0.0)], [-0.991472, 0.113961, 0.063209, 0.0)], [3.83328, -0.0361037, -0.585495, 1.0)]])
3.83328, -0.0361037, -0.585495
float3(-0.114209, -1.50713, -1.5349)
350342.532350375
normal
simd_float4x4([[-0.103383, -0.993787, 0.0412352, 0.0)], [0.0958804, 0.0313071, 0.9949, 0.0)], [-0.99001, 0.106809, 0.0920481, 0.0)], [3.92073, -0.0318333, -0.59274, 1.0)]])
3.92073, -0.0318333, -0.59274
float3(-0.107013, -1.47809, -1.5393)
350342.632401666
normal
