ARKit Data
345128.882170583
limited(__ObjC.ARCamera.TrackingState.Reason.initializing)
simd_float4x4([[0.0829629, -0.952607, -0.292669, 0.0)], [-0.983856, -0.0315664, -0.176148, 0.0)], [0.158561, 0.30256, -0.939848, 0.0)], [0.0, 0.0, 0.0, 1.0)]])
0.0, 0.0, 0.0
float3(-0.307378, 2.97446, -1.60392)
345129.21861475
notAvailable
simd_float4x4([[1.0, 0.0, 0.0, 0.0)], [0.0, 1.0, 0.0, 0.0)], [0.0, 0.0, 1.0, 0.0)], [0.0, 0.0, 0.0, 1.0)]])
0.0, 0.0, 0.0
float3(-0.0, 0.0, 0.0)
345129.335285875
notAvailable
simd_float4x4([[1.0, 0.0, 0.0, 0.0)], [0.0, 1.0, 0.0, 0.0)], [0.0, 0.0, 1.0, 0.0)], [0.0, 0.0, 0.0, 1.0)]])
0.0, 0.0, 0.0
float3(-0.0, 0.0, 0.0)
345129.435336833
limited(__ObjC.ARCamera.TrackingState.Reason.initializing)
simd_float4x4([[-0.0480487, -0.969218, 0.24147, 0.0)], [0.998359, -0.0390568, 0.0418905, 0.0)], [-0.03117, 0.243087, 0.969504, 0.0)], [0.0, 0.0, 0.0, 1.0)]])
0.0, 0.0, 0.0
float3(-0.245547, -0.0321394, -1.61107)
345129.535387958
limited(__ObjC.ARCamera.TrackingState.Reason.initializing)
simd_float4x4([[-0.0755963, -0.968047, 0.239104, 0.0)], [0.995136, -0.0580547, 0.0795845, 0.0)], [-0.0631604, 0.243957, 0.967727, 0.0)], [0.0, 0.0, 0.0, 1.0)]])
0.0, 0.0, 0.0
float3(-0.246445, -0.0651743, -1.6307)
345129.635438916
limited(__ObjC.ARCamera.TrackingState.Reason.initializing)
simd_float4x4([[-0.0729068, -0.97634, 0.203579, 0.0)], [0.991944, -0.0497838, 0.116483, 0.0)], [-0.103592, 0.210432, 0.972104, 0.0)], [0.0, 0.0, 0.0, 1.0)]])
0.0, 0.0, 0.0
float3(-0.212016, -0.106164, -1.62174)
345129.735490083
limited(__ObjC.ARCamera.TrackingState.Reason.initializing)
simd_float4x4([[-0.0552425, -0.978899, 0.196736, 0.0)], [0.986408, -0.0229673, 0.1627, 0.0)], [-0.154749, 0.20305, 0.966862, 0.0)], [0.0, 0.0, 0.0, 1.0)]])
0.0, 0.0, 0.0
float3(-0.204472, -0.158706, -1.59425)
345129.835541125
limited(__ObjC.ARCamera.TrackingState.Reason.initializing)
simd_float4x4([[-0.0537618, -0.980635, 0.18832, 0.0)], [0.977151, -0.0128277, 0.212161, 0.0)], [-0.205636, 0.195423, 0.958918, 0.0)], [0.0, 0.0, 0.0, 1.0)]])
0.0, 0.0, 0.0
float3(-0.196689, -0.211247, -1.58388)
345129.935592041
limited(__ObjC.ARCamera.TrackingState.Reason.initializing)
simd_float4x4([[-0.0548309, -0.982675, 0.177038, 0.0)], [0.96523, -0.00677972, 0.261313, 0.0)], [-0.255586, 0.18521, 0.948879, 0.0)], [0.0, 0.0, 0.0, 1.0)]])
0.0, 0.0, 0.0
float3(-0.186286, -0.263111, -1.5777)
345130.035643208
limited(__ObjC.ARCamera.TrackingState.Reason.initializing)
simd_float4x4([[-0.0636054, -0.983699, 0.16819, 0.0)], [0.95232, -0.00943658, 0.304955, 0.0)], [-0.298397, 0.179567, 0.937397, 0.0)], [0.0, 0.0, 0.0, 1.0)]])
0.0, 0.0, 0.0
float3(-0.180547, -0.308183, -1.58039)
345130.135694208
limited(__ObjC.ARCamera.TrackingState.Reason.initializing)
simd_float4x4([[-0.0708663, -0.985339, 0.155181, 0.0)], [0.940771, -0.0143131, 0.338741, 0.0)], [-0.331555, 0.169996, 0.927992, 0.0)], [0.0, 0.0, 0.0, 1.0)]])
0.0, 0.0, 0.0
float3(-0.170825, -0.343147, -1.58532)
345130.23574525
limited(__ObjC.ARCamera.TrackingState.Reason.initializing)
simd_float4x4([[-0.0728184, -0.987524, 0.139595, 0.0)], [0.93248, -0.0177608, 0.360783, 0.0)], [-0.353804, 0.156442, 0.92214, 0.0)], [0.0, 0.0, 0.0, 1.0)]])
0.0, 0.0, 0.0
float3(-0.157087, -0.366356, -1.58878)
345130.335796291
limited(__ObjC.ARCamera.TrackingState.Reason.initializing)
simd_float4x4([[-0.0721323, -0.989683, 0.123766, 0.0)], [0.928096, -0.0211564, 0.371739, 0.0)], [-0.365286, 0.141681, 0.920047, 0.0)], [0.0, 0.0, 0.0, 1.0)]])
0.0, 0.0, 0.0
float3(-0.14216, -0.377944, -1.59217)
345130.43584725
limited(__ObjC.ARCamera.TrackingState.Reason.initializing)
simd_float4x4([[-0.0695769, -0.991053, 0.113865, 0.0)], [0.925089, -0.0213861, 0.379146, 0.0)], [-0.37332, 0.131716, 0.9183, 0.0)], [0.0, 0.0, 0.0, 1.0)]])
0.0, 0.0, 0.0
float3(-0.132099, -0.386126, -1.59237)
345130.535898416
limited(__ObjC.ARCamera.TrackingState.Reason.initializing)
simd_float4x4([[-0.0648701, -0.992518, 0.103395, 0.0)], [0.924742, -0.0208535, 0.380022, 0.0)], [-0.375024, 0.120266, 0.919176, 0.0)], [0.0, 0.0, 0.0, 1.0)]])
0.0, 0.0, 0.0
float3(-0.120558, -0.387385, -1.5918)
345130.6359495
limited(__ObjC.ARCamera.TrackingState.Reason.initializing)
simd_float4x4([[-0.0566421, -0.994091, 0.0925576, 0.0)], [0.932088, -0.0194328, 0.361708, 0.0)], [-0.357774, 0.10676, 0.927681, 0.0)], [0.0, 0.0, 0.0, 1.0)]])
0.0, 0.0, 0.0
float3(-0.106964, -0.368088, -1.59034)
345130.736000625
limited(__ObjC.ARCamera.TrackingState.Reason.initializing)
simd_float4x4([[-0.0458955, -0.994688, 0.0921003, 0.0)], [0.943291, -0.0128103, 0.33172, 0.0)], [-0.32878, 0.102102, 0.938868, 0.0)], [0.0, 0.0, 0.0, 1.0)]])
0.0, 0.0, 0.0
float3(-0.10228, -0.336842, -1.58367)
345130.836051583
limited(__ObjC.ARCamera.TrackingState.Reason.initializing)
simd_float4x4([[-0.0367082, -0.994769, 0.095294, 0.0)], [0.955924, -0.00715715, 0.293527, 0.0)], [-0.291311, 0.101869, 0.951186, 0.0)], [0.0, 0.0, 0.0, 1.0)]])
0.0, 0.0, 0.0
float3(-0.102046, -0.297191, -1.57799)
345130.936102916
limited(__ObjC.ARCamera.TrackingState.Reason.initializing)
simd_float4x4([[-0.0349183, -0.994595, 0.0977544, 0.0)], [0.967429, -0.00910108, 0.252979, 0.0)], [-0.250723, 0.103404, 0.962517, 0.0)], [0.0, 0.0, 0.0, 1.0)]])
0.0, 0.0, 0.0
float3(-0.103589, -0.254824, -1.57995)
345131.036153833
limited(__ObjC.ARCamera.TrackingState.Reason.initializing)
simd_float4x4([[-0.034544, -0.994277, 0.101061, 0.0)], [0.976461, -0.0120362, 0.215358, 0.0)], [-0.21291, 0.106121, 0.971288, 0.0)], [0.0, 0.0, 0.0, 1.0)]])
0.0, 0.0, 0.0
float3(-0.106321, -0.215791, -1.5829)
345131.136204958
limited(__ObjC.ARCamera.TrackingState.Reason.initializing)
simd_float4x4([[-0.0305668, -0.992547, 0.117939, 0.0)], [0.984691, -0.00964506, 0.174041, 0.0)], [-0.171607, 0.121454, 0.977647, 0.0)], [0.0, 0.0, 0.0, 1.0)]])
0.0, 0.0, 0.0
float3(-0.121754, -0.17376, -1.58051)
345131.236256083
limited(__ObjC.ARCamera.TrackingState.Reason.initializing)
simd_float4x4([[-0.030993, -0.990798, 0.131727, 0.0)], [0.990965, -0.0132551, 0.13346, 0.0)], [-0.130486, 0.134674, 0.982257, 0.0)], [0.0, 0.0, 0.0, 1.0)]])
0.0, 0.0, 0.0
float3(-0.135084, -0.13207, -1.58417)
345131.336307208
limited(__ObjC.ARCamera.TrackingState.Reason.initializing)
simd_float4x4([[-0.019936, -0.98972, 0.141596, 0.0)], [0.996756, -0.00862976, 0.0800197, 0.0)], [-0.0779755, 0.142732, 0.986681, 0.0)], [0.0, 0.0, 0.0, 1.0)]])
0.0, 0.0, 0.0
float3(-0.143221, -0.0788642, -1.57952)
345131.436358375
limited(__ObjC.ARCamera.TrackingState.Reason.initializing)
simd_float4x4([[-0.00859092, -0.990497, 0.137236, 0.0)], [0.999849, -0.00643221, 0.0161658, 0.0)], [-0.0151296, 0.137354, 0.990403, 0.0)], [0.0, 0.0, 0.0, 1.0)]])
0.0, 0.0, 0.0
float3(-0.13779, -0.015275, -1.57729)
345131.5364095
limited(__ObjC.ARCamera.TrackingState.Reason.initializing)
simd_float4x4([[0.0025925, -0.990074, 0.140497, 0.0)], [0.998783, -0.00435454, -0.0491176, 0.0)], [0.0492421, 0.140454, 0.988858, 0.0)], [0.0, 0.0, 0.0, 1.0)]])
0.0, 0.0, 0.0
float3(-0.14092, 0.0497558, -1.57519)
345131.636460708
limited(__ObjC.ARCamera.TrackingState.Reason.initializing)
simd_float4x4([[0.0163784, -0.988946, 0.147344, 0.0)], [0.993517, -0.000483163, -0.113682, 0.0)], [0.112497, 0.148251, 0.982527, 0.0)], [0.0, 0.0, 0.0, 1.0)]])
0.0, 0.0, 0.0
float3(-0.1488, 0.114002, -1.57128)
345131.73651175
limited(__ObjC.ARCamera.TrackingState.Reason.initializing)
simd_float4x4([[0.021569, -0.987867, 0.153772, 0.0)], [0.985784, -0.00461926, -0.167952, 0.0)], [0.166625, 0.155209, 0.973724, 0.0)], [0.0, 0.0, 0.0, 1.0)]])
0.0, 0.0, 0.0
float3(-0.155839, 0.16948, -1.57547)
345131.836562916
limited(__ObjC.ARCamera.TrackingState.Reason.initializing)
simd_float4x4([[0.0289888, -0.987213, 0.15672, 0.0)], [0.975423, -0.00632089, -0.220248, 0.0)], [0.218424, 0.159253, 0.962768, 0.0)], [0.0, 0.0, 0.0, 1.0)]])
0.0, 0.0, 0.0
float3(-0.159934, 0.223094, -1.5772)
345131.936614166
limited(__ObjC.ARCamera.TrackingState.Reason.initializing)
simd_float4x4([[0.0358705, -0.987544, 0.15317, 0.0)], [0.963836, -0.00631171, -0.26642, 0.0)], [0.264069, 0.157188, 0.951604, 0.0)], [0.0, 0.0, 0.0, 1.0)]])
0.0, 0.0, 0.0
float3(-0.157843, 0.270688, -1.57719)
345132.036665041
limited(__ObjC.ARCamera.TrackingState.Reason.initializing)
simd_float4x4([[0.039012, -0.988046, 0.149112, 0.0)], [0.952672, -0.00824447, -0.303886, 0.0)], [0.301484, 0.15391, 0.940963, 0.0)], [0.0, 0.0, 0.0, 1.0)]])
0.0, 0.0, 0.0
float3(-0.154524, 0.310066, -1.57914)
345132.136716375
limited(__ObjC.ARCamera.TrackingState.Reason.initializing)
simd_float4x4([[0.0403437, -0.988743, 0.144057, 0.0)], [0.941824, -0.010515, -0.335941, 0.0)], [0.333676, 0.14923, 0.930797, 0.0)], [0.0, 0.0, 0.0, 1.0)]])
0.0, 0.0, 0.0
float3(-0.149789, 0.344212, -1.58143)
345132.236767583
limited(__ObjC.ARCamera.TrackingState.Reason.initializing)
simd_float4x4([[0.0412151, -0.988822, 0.143263, 0.0)], [0.931031, -0.0140266, -0.36467, 0.0)], [0.362605, 0.148413, 0.920046, 0.0)], [0.0, 0.0, 0.0, 1.0)]])
0.0, 0.0, 0.0
float3(-0.148963, 0.375424, -1.58498)
345132.336818625
limited(__ObjC.ARCamera.TrackingState.Reason.initializing)
simd_float4x4([[0.0430179, -0.987844, 0.149353, 0.0)], [0.922274, -0.0182117, -0.386106, 0.0)], [0.384134, 0.154355, 0.910279, 0.0)], [0.0, 0.0, 0.0, 1.0)]])
0.0, 0.0, 0.0
float3(-0.154974, 0.399323, -1.58923)
345132.436869958
limited(__ObjC.ARCamera.TrackingState.Reason.initializing)
simd_float4x4([[0.0450613, -0.987566, 0.150582, 0.0)], [0.913876, -0.0201283, -0.405493, 0.0)], [0.403484, 0.155886, 0.901606, 0.0)], [0.0, 0.0, 0.0, 1.0)]])
0.0, 0.0, 0.0
float3(-0.156524, 0.420787, -1.59118)
345132.536921083
limited(__ObjC.ARCamera.TrackingState.Reason.initializing)
simd_float4x4([[0.0536302, -0.986923, 0.15199, 0.0)], [0.908105, -0.0150971, -0.418469, 0.0)], [0.415293, 0.160466, 0.895419, 0.0)], [0.0, 0.0, 0.0, 1.0)]])
0.0, 0.0, 0.0
float3(-0.161162, 0.434268, -1.58609)
345132.636972333
limited(__ObjC.ARCamera.TrackingState.Reason.initializing)
simd_float4x4([[0.0595546, -0.987162, 0.148178, 0.0)], [0.904262, -0.00952058, -0.426872, 0.0)], [0.422804, 0.159414, 0.892085, 0.0)], [0.0, 0.0, 0.0, 1.0)]])
0.0, 0.0, 0.0
float3(-0.160097, 0.442592, -1.58044)
345132.737023375
limited(__ObjC.ARCamera.TrackingState.Reason.initializing)
simd_float4x4([[0.0651788, -0.987024, 0.146716, 0.0)], [0.902001, -0.00460486, -0.431708, 0.0)], [0.426785, 0.160476, 0.889996, 0.0)], [0.0, 0.0, 0.0, 1.0)]])
0.0, 0.0, 0.0
float3(-0.161173, 0.447142, -1.57546)
345132.837074791
limited(__ObjC.ARCamera.TrackingState.Reason.initializing)
simd_float4x4([[0.06824, -0.986507, 0.148788, 0.0)], [0.900967, -0.00311336, -0.433876, 0.0)], [0.428487, 0.163661, 0.888597, 0.0)], [0.0, 0.0, 0.0, 1.0)]])
0.0, 0.0, 0.0
float3(-0.164401, 0.449311, -1.57395)
345132.937125958
limited(__ObjC.ARCamera.TrackingState.Reason.initializing)
simd_float4x4([[0.0728525, -0.985517, 0.153098, 0.0)], [0.899782, -0.00126731, -0.436337, 0.0)], [0.430214, 0.169544, 0.886657, 0.0)], [0.0, 0.0, 0.0, 1.0)]])
0.0, 0.0, 0.0
float3(-0.170367, 0.451745, -1.57208)
345133.037177
limited(__ObjC.ARCamera.TrackingState.Reason.initializing)
simd_float4x4([[0.0748922, -0.985404, 0.152845, 0.0)], [0.900336, 0.00092639, -0.435193, 0.0)], [0.428702, 0.170205, 0.887263, 0.0)], [0.0, 0.0, 0.0, 1.0)]])
0.0, 0.0, 0.0
float3(-0.171038, 0.450096, -1.56986)
345133.137228333
limited(__ObjC.ARCamera.TrackingState.Reason.initializing)
simd_float4x4([[0.0759575, -0.985581, 0.151168, 0.0)], [0.899404, 0.00227384, -0.437112, 0.0)], [0.430468, 0.169164, 0.886607, 0.0)], [0.0, 0.0, 0.0, 1.0)]])
0.0, 0.0, 0.0
float3(-0.169981, 0.451999, -1.56849)
345133.2372795
normal
simd_float4x4([[0.0479517, -0.987642, 0.149209, 0.0)], [0.902038, -0.021338, -0.43113, 0.0)], [0.428986, 0.155266, 0.889867, 0.0)], [0.0456087, 0.0105947, -0.0119284, 1.0)]])
0.0456087, 0.0105947, -0.0119284
float3(-0.155896, 0.449208, -1.5924)
345133.33733075
normal
simd_float4x4([[0.0465274, -0.988337, 0.145001, 0.0)], [0.903062, -0.02043, -0.429024, 0.0)], [0.426982, 0.150906, 0.891579, 0.0)], [0.103186, 0.0249796, -0.0264114, 1.0)]])
0.103186, 0.0249796, -0.0264114
float3(-0.151485, 0.44663, -1.59146)
345133.437381875
normal
simd_float4x4([[0.0474975, -0.989147, 0.139042, 0.0)], [0.906268, -0.0158591, -0.422407, 0.0)], [0.420027, 0.146073, 0.895678, 0.0)], [0.164269, 0.0405694, -0.0417616, 1.0)]])
0.164269, 0.0405694, -0.0417616
float3(-0.146597, 0.4385, -1.58683)
345133.537433333
normal
simd_float4x4([[0.0454016, -0.989097, 0.140089, 0.0)], [0.91432, -0.0153498, -0.404701, 0.0)], [0.402439, 0.14646, 0.903655, 0.0)], [0.232447, 0.0553674, -0.0594094, 1.0)]])
0.232447, 0.0553674, -0.0594094
float3(-0.146989, 0.418977, -1.58631)
345133.637484416
normal
simd_float4x4([[0.0350822, -0.988534, 0.146865, 0.0)], [0.927058, -0.0226984, -0.37423, 0.0)], [0.373273, 0.149281, 0.915632, 0.0)], [0.311431, 0.0698172, -0.0805826, 1.0)]])
0.311431, 0.0698172, -0.0805826
float3(-0.149842, 0.387098, -1.59375)
345133.7375355
normal
simd_float4x4([[0.0256923, -0.988311, 0.150271, 0.0)], [0.944495, -0.0252504, -0.327552, 0.0)], [0.327518, 0.150346, 0.932807, 0.0)], [0.40115, 0.0862264, -0.104169, 1.0)]])
0.40115, 0.0862264, -0.104169
float3(-0.150918, 0.337664, -1.59634)
345133.837586916
normal
simd_float4x4([[0.0174219, -0.988417, 0.150759, 0.0)], [0.9607, -0.025231, -0.27644, 0.0)], [0.277042, 0.14965, 0.949132, 0.0)], [0.501098, 0.104185, -0.127938, 1.0)]])
0.501098, 0.104185, -0.127938
float3(-0.150215, 0.284, -1.59632)
345133.937638083
normal
simd_float4x4([[0.0109273, -0.989658, 0.143027, 0.0)], [0.973277, -0.022284, -0.22855, 0.0)], [0.229374, 0.141703, 0.962968, 0.0)], [0.60636, 0.118839, -0.155866, 1.0)]])
0.60636, 0.118839, -0.155866
float3(-0.142181, 0.233837, -1.59331)
345134.037689416
normal
simd_float4x4([[0.0132529, -0.990594, 0.136188, 0.0)], [0.983073, -0.0119819, -0.18282, 0.0)], [0.182732, 0.136305, 0.973668, 0.0)], [0.713687, 0.137474, -0.177727, 1.0)]])
0.713687, 0.137474, -0.177727
float3(-0.136731, 0.185516, -1.58289)
345134.137740625
normal
simd_float4x4([[0.00572841, -0.991225, 0.132064, 0.0)], [0.989924, -0.0130639, -0.140992, 0.0)], [0.14148, 0.131541, 0.981163, 0.0)], [0.827531, 0.155597, -0.201953, 1.0)]])
0.827531, 0.155597, -0.201953
float3(-0.131923, 0.143209, -1.58398)
345134.237791791
normal
simd_float4x4([[-0.0125811, -0.99113, 0.132299, 0.0)], [0.995185, -0.025274, -0.0947039, 0.0)], [0.0972076, 0.130471, 0.986675, 0.0)], [0.942313, 0.176043, -0.222085, 1.0)]])
0.942313, 0.176043, -0.222085
float3(-0.130844, 0.0982034, -1.59629)
345134.337843208
normal
simd_float4x4([[-0.0304278, -0.990324, 0.135394, 0.0)], [0.998568, -0.0360823, -0.0395065, 0.0)], [0.0440096, 0.133998, 0.990004, 0.0)], [1.07342, 0.191856, -0.25186, 1.0)]])
1.07342, 0.191856, -0.25186
float3(-0.134402, 0.0444248, -1.60722)
345134.43789425
normal
simd_float4x4([[-0.0468304, -0.989349, 0.137822, 0.0)], [0.998856, -0.0450456, 0.0160429, 0.0)], [-0.00966372, 0.138416, 0.990327, 0.0)], [1.19377, 0.193815, -0.266041, 1.0)]])
1.19377, 0.193815, -0.266041
float3(-0.138862, -0.0097578, -1.6163)
345134.53794575
normal
simd_float4x4([[-0.060101, -0.988107, 0.141537, 0.0)], [0.99617, -0.050351, 0.0714915, 0.0)], [-0.0635147, 0.145291, 0.987348, 0.0)], [1.3222, 0.194776, -0.293673, 1.0)]])
1.3222, 0.194776, -0.293673
float3(-0.145807, -0.06424, -1.62171)
345134.637996916
normal
simd_float4x4([[-0.0787559, -0.986747, 0.141874, 0.0)], [0.99103, -0.0620826, 0.118343, 0.0)], [-0.107966, 0.149921, 0.982785, 0.0)], [1.45804, 0.18684, -0.302769, 1.0)]])
1.45804, 0.18684, -0.302769
float3(-0.150489, -0.109419, -1.63363)
345134.738048375
normal
simd_float4x4([[-0.0900468, -0.98516, 0.14612, 0.0)], [0.983606, -0.0649528, 0.168229, 0.0)], [-0.156241, 0.158873, 0.974858, 0.0)], [1.59119, 0.171796, -0.306017, 1.0)]])
1.59119, 0.171796, -0.306017
float3(-0.159549, -0.158919, -1.63663)
345134.838099416
normal
simd_float4x4([[-0.104947, -0.983068, 0.150209, 0.0)], [0.974836, -0.0718226, 0.211034, 0.0)], [-0.196672, 0.168577, 0.965868, 0.0)], [1.72381, 0.146281, -0.305372, 1.0)]])
1.72381, 0.146281, -0.305372
float3(-0.169386, -0.200876, -1.64373)
345134.93815075
normal
simd_float4x4([[-0.120531, -0.980875, 0.15283, 0.0)], [0.967759, -0.0818015, 0.238223, 0.0)], [-0.221165, 0.176616, 0.95911, 0.0)], [1.87472, 0.15646, -0.328456, 1.0)]])
1.87472, 0.15646, -0.328456
float3(-0.177548, -0.226632, -1.654)
345135.038202
normal
simd_float4x4([[-0.125077, -0.979187, 0.159837, 0.0)], [0.966392, -0.0837698, 0.24304, 0.0)], [-0.224592, 0.184864, 0.956757, 0.0)], [-0.387316, -0.168708, 0.209, 1.0)]])
-0.387316, -0.168708, 0.209
float3(-0.185934, -0.230569, -1.65614)
345135.138253333
normal
simd_float4x4([[-0.131017, -0.978264, 0.16073, 0.0)], [0.961412, -0.0858136, 0.261385, 0.0)], [-0.241911, 0.188774, 0.951758, 0.0)], [-0.287314, -0.206941, 0.22808, 1.0)]])
-0.287314, -0.206941, 0.22808
float3(-0.189914, -0.248902, -1.65829)
345135.238304666
normal
simd_float4x4([[-0.130022, -0.97888, 0.157758, 0.0)], [0.956332, -0.0818053, 0.2806, 0.0)], [-0.261769, 0.187353, 0.946771, 0.0)], [-0.194337, -0.238942, 0.249407, 1.0)]])
-0.194337, -0.238942, 0.249407
float3(-0.188467, -0.269747, -1.65417)
345135.338355958
normal
simd_float4x4([[-0.136638, -0.977881, 0.158363, 0.0)], [0.952253, -0.0855963, 0.293065, 0.0)], [-0.273028, 0.190846, 0.942886, 0.0)], [-0.113755, -0.269536, 0.275758, 1.0)]])
-0.113755, -0.269536, 0.275758
float3(-0.192024, -0.281857, -1.65811)
345135.438407125
normal
simd_float4x4([[-0.141253, -0.977177, 0.158659, 0.0)], [0.947408, -0.0869428, 0.30799, 0.0)], [-0.287167, 0.19382, 0.938067, 0.0)], [-0.0454508, -0.2964, 0.31681, 1.0)]])
-0.0454508, -0.2964, 0.31681
float3(-0.195054, -0.297068, -1.65954)
345135.538458541
normal
simd_float4x4([[-0.15005, -0.975751, 0.159356, 0.0)], [0.942374, -0.0924034, 0.321547, 0.0)], [-0.299025, 0.198422, 0.933388, 0.0)], [0.0966066, -0.295732, 0.299696, 1.0)]])
0.0966066, -0.295732, 0.299696
float3(-0.199747, -0.310034, -1.66521)
345135.638509916
normal
simd_float4x4([[-0.158532, -0.975396, 0.153201, 0.0)], [0.936456, -0.0993637, 0.336418, 0.0)], [-0.312918, 0.196799, 0.929168, 0.0)], [0.0310069, -0.343937, 0.414785, 1.0)]])
0.0310069, -0.343937, 0.414785
float3(-0.198092, -0.324843, -1.67232)
345135.738561125
normal
simd_float4x4([[-0.163115, -0.97443, 0.154532, 0.0)], [0.931747, -0.100642, 0.348883, 0.0)], [-0.32441, 0.200892, 0.924338, 0.0)], [0.164666, -0.343874, 0.401867, 1.0)]])
0.164666, -0.343874, 0.401867
float3(-0.202269, -0.337534, -1.67371)
345135.838612416
normal
simd_float4x4([[-0.161354, -0.97498, 0.152904, 0.0)], [0.925518, -0.0957056, 0.36641, 0.0)], [-0.342608, 0.200637, 0.917804, 0.0)], [0.0496338, -0.37093, 0.506774, 1.0)]])
0.0496338, -0.37093, 0.506774
float3(-0.202008, -0.357272, -1.66864)
345135.938663875
normal
simd_float4x4([[-0.163074, -0.974623, 0.153351, 0.0)], [0.921733, -0.0950636, 0.375994, 0.0)], [-0.351874, 0.202664, 0.913845, 0.0)], [0.173837, -0.371232, 0.498975, 1.0)]])
0.173837, -0.371232, 0.498975
float3(-0.204077, -0.367551, -1.66803)
345136.03871525
normal
simd_float4x4([[-0.159356, -0.975544, 0.151392, 0.0)], [0.917165, -0.0895581, 0.388314, 0.0)], [-0.365259, 0.200731, 0.909007, 0.0)], [0.16796, -0.379038, 0.540804, 1.0)]])
0.16796, -0.379038, 0.540804
float3(-0.202104, -0.382076, -1.66234)
345136.138766541
normal
simd_float4x4([[-0.158239, -0.975717, 0.151447, 0.0)], [0.919176, -0.0895383, 0.383535, 0.0)], [-0.360661, 0.199897, 0.911024, 0.0)], [0.162289, -0.384371, 0.573262, 1.0)]])
0.162289, -0.384371, 0.573262
float3(-0.201253, -0.376954, -1.66231)
345136.238817916
normal
simd_float4x4([[-0.148494, -0.977193, 0.151802, 0.0)], [0.92767, -0.0844657, 0.363723, 0.0)], [-0.342606, 0.194833, 0.919055, 0.0)], [0.0957625, -0.387994, 0.606601, 1.0)]])
0.0957625, -0.387994, 0.606601
float3(-0.196087, -0.356824, -1.65702)
345136.338869166
normal
simd_float4x4([[-0.133036, -0.979119, 0.15371, 0.0)], [0.942047, -0.076728, 0.326588, 0.0)], [-0.307975, 0.18825, 0.932584, 0.0)], [0.186989, -0.385259, 0.597308, 1.0)]])
0.186989, -0.385259, 0.597308
float3(-0.18938, -0.318962, -1.649)
345136.438920583
normal
simd_float4x4([[-0.10838, -0.982163, 0.153656, 0.0)], [0.959876, -0.0631764, 0.273217, 0.0)], [-0.258636, 0.177102, 0.949601, 0.0)], [0.0499611, -0.382445, 0.608088, 1.0)]])
0.0499611, -0.382445, 0.608088
float3(-0.178041, -0.265913, -1.63503)
345136.538971875
normal
simd_float4x4([[-0.084, -0.984044, 0.156847, 0.0)], [0.977085, -0.0504462, 0.206787, 0.0)], [-0.195575, 0.170623, 0.965732, 0.0)], [0.124699, -0.379519, 0.595142, 1.0)]])
0.124699, -0.379519, 0.595142
float3(-0.171461, -0.199812, -1.62202)
345136.63902325
normal
simd_float4x4([[-0.0616888, -0.983058, 0.172604, 0.0)], [0.989939, -0.0381997, 0.136241, 0.0)], [-0.127339, 0.179272, 0.975524, 0.0)], [-0.0969493, -0.374642, 0.580039, 1.0)]])
-0.0969493, -0.374642, 0.580039
float3(-0.180247, -0.1298, -1.60963)
345136.739074541
normal
simd_float4x4([[-0.0589835, -0.981001, 0.184817, 0.0)], [0.995423, -0.0438526, 0.0849165, 0.0)], [-0.0751985, 0.188979, 0.979098, 0.0)], [-0.0293669, -0.37454, 0.567659, 1.0)]])
-0.0293669, -0.37454, 0.567659
float3(-0.190123, -0.0766534, -1.61547)
345136.839126
normal
simd_float4x4([[-0.0572108, -0.980998, 0.185392, 0.0)], [0.997977, -0.0510375, 0.0379058, 0.0)], [-0.0277235, 0.187186, 0.981933, 0.0)], [-0.21116, -0.368726, 0.552162, 1.0)]])
-0.21116, -0.368726, 0.552162
float3(-0.188296, -0.0282261, -1.62278)
345136.939177541
normal
simd_float4x4([[-0.0603288, -0.981504, 0.181686, 0.0)], [0.998178, -0.0593811, 0.0106562, 0.0)], [0.000329653, 0.181998, 0.983299, 0.0)], [-0.149277, -0.366334, 0.545252, 1.0)]])
-0.149277, -0.366334, 0.545252
float3(-0.183018, 0.000335252, -1.63122)
345137.039228708
normal
simd_float4x4([[-0.0509473, -0.981258, 0.185842, 0.0)], [0.998578, -0.0529703, -0.00593324, 0.0)], [0.0156661, 0.185275, 0.982562, 0.0)], [-0.246247, -0.35668, 0.529972, 1.0)]])
-0.246247, -0.35668, 0.529972
float3(-0.186352, 0.0159428, -1.62473)
345137.139280208
normal
simd_float4x4([[-0.043013, -0.981463, 0.186762, 0.0)], [0.998989, -0.0447, -0.00482905, 0.0)], [0.0130878, 0.186365, 0.982393, 0.0)], [-0.186695, -0.35092, 0.522649, 1.0)]])
-0.186695, -0.35092, 0.522649
float3(-0.187461, 0.0133216, -1.61631)
345137.239331541
normal
simd_float4x4([[-0.037748, -0.982047, 0.184823, 0.0)], [0.999251, -0.0386644, -0.00135544, 0.0)], [0.00847719, 0.184634, 0.982771, 0.0)], [-0.188937, -0.340415, 0.510048, 1.0)]])
-0.188937, -0.340415, 0.510048
float3(-0.185699, 0.00862559, -1.61015)
345137.339382958
normal
simd_float4x4([[-0.032226, -0.983342, 0.178883, 0.0)], [0.999456, -0.0329548, -0.00110328, 0.0)], [0.00697998, 0.17875, 0.98387, 0.0)], [-0.171018, -0.332443, 0.501227, 1.0)]])
-0.171018, -0.332443, 0.501227
float3(-0.179716, 0.0070943, -1.6043)
345137.439434375
normal
simd_float4x4([[-0.0312488, -0.981791, 0.187377, 0.0)], [0.999351, -0.0340559, -0.0117798, 0.0)], [0.0179466, 0.186887, 0.982217, 0.0)], [-0.159941, -0.326675, 0.490093, 1.0)]])
-0.159941, -0.326675, 0.490093
float3(-0.187993, 0.0182695, -1.60547)
345137.539485708
normal
simd_float4x4([[-0.0359487, -0.979867, 0.196391, 0.0)], [0.998896, -0.0411754, -0.0225942, 0.0)], [0.0302258, 0.195362, 0.980265, 0.0)], [-0.144494, -0.322101, 0.480096, 1.0)]])
-0.144494, -0.322101, 0.480096
float3(-0.196626, 0.0308245, -1.61279)
345137.639537166
normal
simd_float4x4([[-0.029835, -0.978294, 0.205063, 0.0)], [0.998421, -0.0389349, -0.0404847, 0.0)], [0.0475901, 0.203531, 0.977911, 0.0)], [-0.224455, -0.308261, 0.458734, 1.0)]])
-0.224455, -0.308261, 0.458734
float3(-0.204963, 0.0486267, -1.61057)
345137.7395885
normal
simd_float4x4([[-0.0249889, -0.975291, 0.219506, 0.0)], [0.99771, -0.0381339, -0.0558525, 0.0)], [0.062843, 0.217608, 0.974011, 0.0)], [-0.334888, -0.308767, 0.413018, 1.0)]])
-0.334888, -0.308767, 0.413018
float3(-0.219363, 0.0644305, -1.60988)
345137.839639958
normal
simd_float4x4([[-0.0234198, -0.971427, 0.23618, 0.0)], [0.997651, -0.0379226, -0.0570505, 0.0)], [0.064377, 0.234289, 0.970033, 0.0)], [-0.381525, -0.292281, 0.436568, 1.0)]])
-0.381525, -0.292281, 0.436568
float3(-0.236488, 0.0662686, -1.60981)
345137.9396915
normal
simd_float4x4([[-0.0164861, -0.967166, 0.25361, 0.0)], [0.997585, -0.0330257, -0.0610981, 0.0)], [0.0674676, 0.25199, 0.965375, 0.0)], [-0.629646, -0.296697, 0.359255, 1.0)]])
-0.629646, -0.296697, 0.359255
float3(-0.254737, 0.069774, -1.60493)
345138.039742708
normal
simd_float4x4([[-0.00992613, -0.965069, 0.261808, 0.0)], [0.998407, -0.0241101, -0.0510205, 0.0)], [0.0555505, 0.260885, 0.96377, 0.0)], [-0.770812, -0.292311, 0.352736, 1.0)]])
-0.770812, -0.292311, 0.352736
float3(-0.263939, 0.057575, -1.59577)
345138.139794375
normal
simd_float4x4([[-0.0063511, -0.963729, 0.266806, 0.0)], [0.999072, -0.0174829, -0.039368, 0.0)], [0.0426047, 0.266308, 0.962946, 0.0)], [-1.04649, -0.314906, 0.325034, 1.0)]])
-1.04649, -0.314906, 0.325034
float3(-0.269561, 0.0442153, -1.58894)
345138.239845583
normal
simd_float4x4([[-0.00303815, -0.962181, 0.272394, 0.0)], [0.999472, -0.0117359, -0.0303073, 0.0)], [0.0323579, 0.272158, 0.961708, 0.0)], [-1.259, -0.336349, 0.33721, 1.0)]])
-1.259, -0.336349, 0.33721
float3(-0.275635, 0.0336336, -1.58299)
345138.339897083
normal
simd_float4x4([[-0.000629751, -0.959653, 0.281184, 0.0)], [0.999496, -0.00952717, -0.0302767, 0.0)], [0.0317341, 0.281024, 0.959176, 0.0)], [-1.33413, -0.35551, 0.370559, 1.0)]])
-1.33413, -0.35551, 0.370559
float3(-0.284861, 0.0330727, -1.58072)
345138.439948458
normal
simd_float4x4([[0.00841774, -0.956403, 0.291927, 0.0)], [0.998698, -0.00664887, -0.0505804, 0.0)], [0.0503162, 0.291973, 0.955102, 0.0)], [-1.29212, -0.35046, 0.343116, 1.0)]])
-1.29212, -0.35046, 0.343116
float3(-0.296289, 0.0526329, -1.57775)
345138.539999833
normal
simd_float4x4([[0.0136368, -0.948567, 0.316283, 0.0)], [0.998242, -0.00533338, -0.0590352, 0.0)], [0.0576857, 0.316532, 0.946826, 0.0)], [-1.28272, -0.35772, 0.325559, 1.0)]])
-1.28272, -0.35772, 0.325559
float3(-0.322071, 0.0608502, -1.57642)
345138.640051375
normal
simd_float4x4([[0.0100652, -0.942008, 0.33544, 0.0)], [0.997893, -0.0120405, -0.0637556, 0.0)], [0.0640972, 0.335375, 0.939902, 0.0)], [-1.28339, -0.364445, 0.309989, 1.0)]])
-1.28339, -0.364445, 0.309989
float3(-0.342003, 0.0680902, -1.58358)
345138.74010275
normal
simd_float4x4([[0.00492916, -0.94063, 0.339398, 0.0)], [0.997493, -0.0193355, -0.0680745, 0.0)], [0.0705954, 0.338883, 0.938176, 0.0)], [-1.28785, -0.369742, 0.288557, 1.0)]])
-1.28785, -0.369742, 0.288557
float3(-0.345729, 0.0751059, -1.59135)
345138.840154416
normal
simd_float4x4([[0.0133103, -0.93645, 0.35055, 0.0)], [0.998161, -0.00829324, -0.0600543, 0.0)], [0.0591451, 0.350704, 0.934617, 0.0)], [-1.297, -0.375722, 0.256611, 1.0)]])
-1.297, -0.375722, 0.256611
float3(-0.358323, 0.0631984, -1.57965)
345138.94020575
normal
simd_float4x4([[0.0337894, -0.936687, 0.348533, 0.0)], [0.998956, 0.0209289, -0.0405997, 0.0)], [0.0307348, 0.349541, 0.936417, 0.0)], [-1.31004, -0.375425, 0.218214, 1.0)]])
-1.31004, -0.375425, 0.218214
float3(-0.357081, 0.0328099, -1.54846)
345139.040257333
normal
simd_float4x4([[0.0508564, -0.940866, 0.334939, 0.0)], [0.998575, 0.0533312, -0.00181038, 0.0)], [-0.0161593, 0.334554, 0.942238, 0.0)], [-1.32366, -0.366198, 0.178632, 1.0)]])
-1.32366, -0.366198, 0.178632
float3(-0.341131, -0.0171483, -1.51417)
345139.140308583
normal
simd_float4x4([[0.0535277, -0.951794, 0.302032, 0.0)], [0.997495, 0.0649748, 0.0279737, 0.0)], [-0.0462497, 0.299778, 0.952887, 0.0)], [-1.34103, -0.349897, 0.138341, 1.0)]])
-1.34103, -0.349897, 0.138341
float3(-0.30446, -0.0484983, -1.50264)
345139.240359958
normal
simd_float4x4([[0.055285, -0.962751, 0.264676, 0.0)], [0.996992, 0.0676475, 0.0378161, 0.0)], [-0.0543121, 0.261789, 0.963596, 0.0)], [-1.37096, -0.331981, 0.10335, 1.0)]])
-1.37096, -0.331981, 0.10335
float3(-0.264876, -0.0563044, -1.50065)
345139.340411583
normal
simd_float4x4([[0.0666723, -0.977525, 0.199997, 0.0)], [0.997751, 0.0667132, -0.00654231, 0.0)], [-0.00694717, 0.199984, 0.979775, 0.0)], [-1.41482, -0.318654, 0.0719259, 1.0)]])
-1.41482, -0.318654, 0.0719259
float3(-0.201341, -0.00709046, -1.50265)
345139.440462958
normal
simd_float4x4([[0.0789889, -0.9787, 0.189494, 0.0)], [0.993566, 0.0618147, -0.0948981, 0.0)], [0.0811633, 0.19577, 0.977285, 0.0)], [-1.46536, -0.309826, 0.0356859, 1.0)]])
-1.46536, -0.309826, 0.0356859
float3(-0.197043, 0.0828596, -1.50772)
345139.540514583
normal
simd_float4x4([[0.075951, -0.983794, 0.162424, 0.0)], [0.974682, 0.0388945, -0.220188, 0.0)], [0.210302, 0.175035, 0.96184, 0.0)], [-1.51946, -0.303687, 0.00698492, 1.0)]])
-1.51946, -0.303687, 0.00698492
float3(-0.175942, 0.215258, -1.53128)
345139.640566083
normal
simd_float4x4([[0.0834082, -0.985722, 0.146271, 0.0)], [0.934176, 0.0262424, -0.355846, 0.0)], [0.346927, 0.166324, 0.923027, 0.0)], [-1.57718, -0.300708, -0.0196545, 1.0)]])
-1.57718, -0.300708, -0.0196545
float3(-0.1671, 0.359523, -1.54418)
345139.740617458
normal
simd_float4x4([[0.0955508, -0.985467, 0.140442, 0.0)], [0.877861, 0.016908, -0.478617, 0.0)], [0.469287, 0.169021, 0.866719, 0.0)], [-1.63251, -0.304139, -0.0492238, 1.0)]])
-1.63251, -0.304139, -0.0492238
float3(-0.169836, 0.496257, -1.55364)
345139.840668958
normal
simd_float4x4([[0.110191, -0.984197, 0.138614, 0.0)], [0.818017, 0.0105887, -0.575096, 0.0)], [0.56454, 0.176759, 0.806257, 0.0)], [-1.68157, -0.312583, -0.0838436, 1.0)]])
-1.68157, -0.312583, -0.0838436
float3(-0.177693, 0.610859, -1.56004)
345139.940720375
normal
simd_float4x4([[0.13179, -0.982487, 0.131725, 0.0)], [0.753619, 0.0129792, -0.657183, 0.0)], [0.643964, 0.18588, 0.742131, 0.0)], [-1.72567, -0.318124, -0.123163, 1.0)]])
-1.72567, -0.318124, -0.123163
float3(-0.186968, 0.714694, -1.55759)
345140.040771958
normal
simd_float4x4([[0.132753, -0.983912, 0.11956, 0.0)], [0.687555, 0.00453333, -0.726118, 0.0)], [0.713894, 0.178598, 0.677095, 0.0)], [-1.76713, -0.31612, -0.163169, 1.0)]])
-1.76713, -0.31612, -0.163169
float3(-0.179561, 0.811847, -1.56619)
345140.140823458
normal
simd_float4x4([[0.150952, -0.982201, 0.111783, 0.0)], [0.616375, 0.00511239, -0.787436, 0.0)], [0.772849, 0.187765, 0.606176, 0.0)], [-1.81198, -0.312038, -0.197781, 1.0)]])
-1.81198, -0.312038, -0.197781
float3(-0.188886, 0.905677, -1.56559)
345140.240875041
normal
simd_float4x4([[0.124498, -0.985891, 0.111886, 0.0)], [0.540453, -0.0271869, -0.840935, 0.0)], [0.832112, 0.165164, 0.529443, 0.0)], [-1.85018, -0.31613, -0.220543, 1.0)]])
-1.85018, -0.31613, -0.220543
float3(-0.165924, 1.00414, -1.59837)
345140.340926416
normal
simd_float4x4([[0.17102, -0.978353, 0.11652, 0.0)], [0.459644, -0.0253808, -0.887741, 0.0)], [0.871481, 0.205379, 0.445353, 0.0)], [-1.90251, -0.318806, -0.233609, 1.0)]])
-1.90251, -0.318806, -0.233609
float3(-0.206851, 1.09836, -1.59673)
345140.440977833
normal
simd_float4x4([[0.205213, -0.974778, 0.0877282, 0.0)], [0.37262, -0.00507071, -0.92797, 0.0)], [0.90501, 0.223121, 0.362181, 0.0)], [-1.95786, -0.325052, -0.235171, 1.0)]])
-1.95786, -0.325052, -0.235171
float3(-0.225015, 1.19012, -1.576)
345140.541029458
normal
simd_float4x4([[0.236659, -0.969153, 0.0688045, 0.0)], [0.305015, 0.00687254, -0.952323, 0.0)], [0.922474, 0.246363, 0.297232, 0.0)], [-2.01924, -0.33716, -0.234466, 1.0)]])
-2.01924, -0.33716, -0.234466
float3(-0.248925, 1.25909, -1.56371)
345140.641081
normal
simd_float4x4([[0.249325, -0.967995, 0.0286736, 0.0)], [0.241406, 0.0334503, -0.969847, 0.0)], [0.937849, 0.24873, 0.24202, 0.0)], [-2.08717, -0.343548, -0.227038, 1.0)]])
-2.08717, -0.343548, -0.227038
float3(-0.251368, 1.31825, -1.53625)
345140.741132416
normal
simd_float4x4([[0.239742, -0.970837, -0.000256193, 0.0)], [0.218355, 0.0541785, -0.974364, 0.0)], [0.945962, 0.23354, 0.224976, 0.0)], [-2.15652, -0.342053, -0.221506, 1.0)]])
-2.15652, -0.342053, -0.221506
float3(-0.235717, 1.33731, -1.51505)
345140.841183916
normal
simd_float4x4([[0.25347, -0.967238, 0.0142473, 0.0)], [0.198386, 0.0375614, -0.979404, 0.0)], [0.946782, 0.251076, 0.201407, 0.0)], [-2.23019, -0.336676, -0.227262, 1.0)]])
-2.23019, -0.336676, -0.227262
float3(-0.253791, 1.36119, -1.53198)
345140.941235458
normal
simd_float4x4([[0.235381, -0.971316, 0.0337638, 0.0)], [0.174616, 0.00808931, -0.984604, 0.0)], [0.956088, 0.237653, 0.171511, 0.0)], [-2.29183, -0.32997, -0.233385, 1.0)]])
-2.29183, -0.32997, -0.233385
float3(-0.239949, 1.3933, -1.56247)
345141.041286916
normal
simd_float4x4([[0.25296, -0.9664, 0.0456406, 0.0)], [0.162774, -0.00399028, -0.986655, 0.0)], [0.953685, 0.257013, 0.156296, 0.0)], [-2.35455, -0.325467, -0.238265, 1.0)]])
-2.35455, -0.325467, -0.238265
float3(-0.25993, 1.40835, -1.57493)
345141.1413385
normal
simd_float4x4([[0.263303, -0.963109, 0.0556209, 0.0)], [0.13034, -0.0216117, -0.991234, 0.0)], [0.955868, 0.268244, 0.119841, 0.0)], [-2.42064, -0.328338, -0.249368, 1.0)]])
-2.42064, -0.328338, -0.249368
float3(-0.27157, 1.44607, -1.59323)
345141.241390166
normal
simd_float4x4([[0.284754, -0.956857, 0.0577967, 0.0)], [0.103148, -0.0293582, -0.994233, 0.0)], [0.953035, 0.289074, 0.0903377, 0.0)], [-2.49395, -0.341253, -0.263308, 1.0)]])
-2.49395, -0.341253, -0.263308
float3(-0.293259, 1.47629, -1.60147)
345141.341441541
normal
simd_float4x4([[0.305093, -0.950619, 0.0569295, 0.0)], [0.0728593, -0.0363044, -0.996681, 0.0)], [0.949531, 0.308229, 0.0581852, 0.0)], [-2.57372, -0.354584, -0.281093, 1.0)]])
-2.57372, -0.354584, -0.281093
float3(-0.313331, 1.5096, -1.60897)
345141.441493041
normal
simd_float4x4([[0.333798, -0.941631, 0.0436957, 0.0)], [0.0327158, -0.0347539, -0.99886, 0.0)], [0.942077, 0.334848, 0.0192055, 0.0)], [-2.65921, -0.356456, -0.299895, 1.0)]])
-2.65921, -0.356456, -0.299895
float3(-0.341443, 1.55041, -1.60769)
345141.541544625
normal
simd_float4x4([[0.32648, -0.944311, 0.0410905, 0.0)], [0.0118269, -0.0393879, -0.999154, 0.0)], [0.94513, 0.326689, -0.00169111, 0.0)], [-2.73753, -0.341901, -0.318563, 1.0)]])
-2.73753, -0.341901, -0.318563
float3(-0.332799, 1.57259, -1.61248)
345141.641595958
normal
simd_float4x4([[0.33323, -0.941773, 0.0449511, 0.0)], [-0.0165617, -0.0535154, -0.99843, 0.0)], [0.9427, 0.331962, -0.0334303, 0.0)], [-2.8056, -0.326441, -0.333896, 1.0)]])
-2.8056, -0.326441, -0.333896
float3(-0.338383, 1.60624, -1.62756)
345141.741647791
normal
simd_float4x4([[0.340524, -0.93999, 0.0215032, 0.0)], [-0.0403271, -0.0374503, -0.998484, 0.0)], [0.939371, 0.33914, -0.0506598, 0.0)], [-2.86703, -0.32298, -0.337393, 1.0)]])
-2.86703, -0.32298, -0.337393
float3(-0.346003, 1.62467, -1.61062)
345141.841699208
normal
simd_float4x4([[0.385188, -0.922623, -0.0199043, 0.0)], [-0.0641712, -0.00526213, -0.997925, 0.0)], [0.920604, 0.385666, -0.0612327, 0.0)], [-2.93472, -0.32863, -0.337715, 1.0)]])
-2.93472, -0.32863, -0.337715
float3(-0.39593, 1.63721, -1.5765)
345141.941750875
normal
simd_float4x4([[0.404348, -0.914016, -0.0328153, 0.0)], [-0.0772919, 0.001602, -0.997007, 0.0)], [0.911333, 0.405674, -0.0699982, 0.0)], [-3.00874, -0.341597, -0.337096, 1.0)]])
-3.00874, -0.341597, -0.337096
float3(-0.417717, 1.64745, -1.56904)
345142.041802333
normal
simd_float4x4([[0.400764, -0.915443, -0.0367811, 0.0)], [-0.0737063, 0.00780071, -0.99725, 0.0)], [0.913212, 0.402373, -0.0643476, 0.0)], [-3.08351, -0.349326, -0.339049, 1.0)]])
-3.08351, -0.349326, -0.339049
float3(-0.414108, 1.64114, -1.56228)
345142.141854041
normal
simd_float4x4([[0.406053, -0.913406, -0.0284588, 0.0)], [-0.031128, 0.0172991, -0.999366, 0.0)], [0.913319, 0.406682, -0.0214082, 0.0)], [-3.16985, -0.345132, -0.340172, 1.0)]])
-3.16985, -0.345132, -0.340172
float3(-0.418819, 1.59423, -1.55186)
345142.241905416
normal
simd_float4x4([[0.41218, -0.910701, -0.0270261, 0.0)], [0.000527058, 0.0299014, -0.999553, 0.0)], [0.911102, 0.411982, 0.0128048, 0.0)], [-3.25695, -0.326749, -0.341397, 1.0)]])
-3.25695, -0.326749, -0.341397
float3(-0.424628, 1.55674, -1.53797)
345142.341956833
normal
simd_float4x4([[0.410172, -0.911936, 0.0114595, 0.0)], [0.0188402, -0.00408983, -0.999814, 0.0)], [0.911814, 0.410312, 0.0155036, 0.0)], [-3.32508, -0.317143, -0.358783, 1.0)]])
-3.32508, -0.317143, -0.358783
float3(-0.422796, 1.55379, -1.57528)
345142.442008583
normal
simd_float4x4([[0.431672, -0.900075, 0.0593616, 0.0)], [0.0711112, -0.0316471, -0.996966, 0.0)], [0.899223, 0.434583, 0.0503443, 0.0)], [-3.39909, -0.323005, -0.376042, 1.0)]])
-3.39909, -0.323005, -0.376042
float3(-0.449576, 1.51487, -1.60594)
345142.542059958
normal
simd_float4x4([[0.431458, -0.898901, 0.0762956, 0.0)], [0.0762273, -0.0479438, -0.995937, 0.0)], [0.898907, 0.435521, 0.0478351, 0.0)], [-3.47445, -0.338838, -0.39186, 1.0)]])
-3.47445, -0.338838, -0.39186
float3(-0.450617, 1.51763, -1.62408)
345142.64211175
normal
simd_float4x4([[0.409743, -0.910352, 0.0580496, 0.0)], [0.0483936, -0.0418538, -0.997951, 0.0)], [0.910916, 0.411713, 0.0269059, 0.0)], [-3.56803, -0.340533, -0.400793, 1.0)]])
-3.56803, -0.340533, -0.400793
float3(-0.424333, 1.54127, -1.61674)
345142.742163166
normal
simd_float4x4([[0.44346, -0.895502, 0.0376825, 0.0)], [0.0145953, -0.0348221, -0.999287, 0.0)], [0.896176, 0.443693, -0.00237208, 0.0)], [-3.65835, -0.332965, -0.412238, 1.0)]])
-3.65835, -0.332965, -0.412238
float3(-0.459716, 1.57344, -1.60966)
345142.842214666
normal
simd_float4x4([[0.413314, -0.908411, 0.0629314, 0.0)], [0.00584551, -0.0664624, -0.997772, 0.0)], [0.91057, 0.412761, -0.0221597, 0.0)], [-3.71946, -0.30732, -0.423838, 1.0)]])
-3.71946, -0.30732, -0.423838
float3(-0.425483, 1.59513, -1.64383)
345142.942266291
normal
simd_float4x4([[0.328346, -0.943117, 0.0521502, 0.0)], [-0.00116764, -0.0556164, -0.998452, 0.0)], [0.944557, 0.327776, -0.0193626, 0.0)], [-3.76552, -0.28172, -0.416943, 1.0)]])
-3.76552, -0.28172, -0.416943
float3(-0.333949, 1.59129, -1.6297)
345143.042317916
normal
simd_float4x4([[0.309584, -0.950855, 0.00566607, 0.0)], [-0.0290778, -0.015423, -0.999458, 0.0)], [0.950427, 0.309251, -0.0324235, 0.0)], [-3.83492, -0.271635, -0.403458, 1.0)]])
-3.83492, -0.271635, -0.403458
float3(-0.314405, 1.6049, -1.58702)
345143.1423695
normal
simd_float4x4([[0.280911, -0.959562, -0.0181552, 0.0)], [-0.0263866, 0.0111879, -0.999589, 0.0)], [0.959371, 0.281275, -0.0221767, 0.0)], [-3.90624, -0.278796, -0.391261, 1.0)]])
-3.90624, -0.278796, -0.391261
float3(-0.285122, 1.59391, -1.55914)
345143.242421
normal
simd_float4x4([[0.274113, -0.961128, -0.0330847, 0.0)], [-0.000869726, 0.0341546, -0.999416, 0.0)], [0.961697, 0.273982, 0.00852634, 0.0)], [-3.99795, -0.283741, -0.382575, 1.0)]])
-3.99795, -0.283741, -0.382575
float3(-0.277531, 1.56193, -1.53528)
345143.34247275
normal
simd_float4x4([[0.293895, -0.955765, -0.0118275, 0.0)], [0.0226519, 0.0193348, -0.999556, 0.0)], [0.955569, 0.293496, 0.0273323, 0.0)], [-4.09783, -0.276956, -0.383629, 1.0)]])
-4.09783, -0.276956, -0.383629
float3(-0.297882, 1.5422, -1.55057)
345143.44252425
normal
simd_float4x4([[0.259819, -0.965202, 0.0296576, 0.0)], [0.0394479, -0.0200779, -0.99902, 0.0)], [0.964851, 0.260734, 0.0328586, 0.0)], [-4.17713, -0.263445, -0.39732, 1.0)]])
-4.17713, -0.263445, -0.39732
float3(-0.263783, 1.53675, -1.5916)
345143.542575791
normal
simd_float4x4([[0.295484, -0.954123, 0.0483671, 0.0)], [0.0652177, -0.030364, -0.997409, 0.0)], [0.953119, 0.297873, 0.0532536, 0.0)], [-4.2663, -0.260453, -0.410728, 1.0)]])
-4.2663, -0.260453, -0.410728
float3(-0.302463, 1.51498, -1.60261)
345143.642627458
normal
simd_float4x4([[0.272956, -0.958811, 0.0785927, 0.0)], [0.0573295, -0.0653381, -0.996215, 0.0)], [0.960317, 0.276428, 0.0371338, 0.0)], [-4.34808, -0.269993, -0.42356, 1.0)]])
-4.34808, -0.269993, -0.42356
float3(-0.280076, 1.53215, -1.63884)
345143.742679
normal
simd_float4x4([[0.27847, -0.958213, 0.0654393, 0.0)], [0.027959, -0.0600179, -0.997806, 0.0)], [0.960038, 0.279688, 0.0100775, 0.0)], [-4.44777, -0.28668, -0.427842, 1.0)]])
-4.44777, -0.28668, -0.427842
float3(-0.283469, 1.5603, -1.63335)
345143.842730583
normal
