ARKit Data
644408.029753875
normal
simd_float4x4([[0.06064771, -0.95254236, 0.29830325, 0.0)], [0.98902684, 0.097680435, 0.11083539, 0.0)], [-0.13471381, 0.28830796, 0.94801414, 0.0)], [0.05233916, 0.051336214, -0.3169337, 0.99999994)]])
0.05233916, 0.051336214, -0.3169337
float3(-0.2924593, -0.14115602, -1.4686065)
100.36262
644408.079746625
normal
simd_float4x4([[0.04481843, -0.96123725, 0.2720552, 0.0)], [0.98993564, 0.079326004, 0.11719592, 0.0)], [-0.13423416, 0.26406458, 0.95511836, 0.0)], [0.056417402, 0.055281054, -0.36770377, 0.9999999)]])
0.056417402, 0.055281054, -0.36770377
float3(-0.26723394, -0.1396274, -1.488458)
100.36262
644408.146403708
normal
simd_float4x4([[0.022617877, -0.9629092, 0.2688758, 0.0)], [0.98880166, 0.061228868, 0.13609727, 0.0)], [-0.14751227, 0.26278654, 0.9535111, 0.0)], [0.07333017, 0.023087949, -0.32130778, 0.99999994)]])
0.07333017, 0.023087949, -0.32130778
float3(-0.2659091, -0.15348753, -1.5072944)
100.36262
644408.213060625
normal
simd_float4x4([[0.0024656735, -0.96445596, 0.26423153, 0.0)], [0.98779964, 0.043492798, 0.14953291, 0.0)], [-0.1557101, 0.26063907, 0.9527967, 0.0)], [0.08930951, 0.011194647, -0.30774122, 0.9999998)]])
0.08930951, 0.011194647, -0.30774122
float3(-0.2636841, -0.16199227, -1.5257312)
100.36262
644408.27971775
normal
simd_float4x4([[-0.016877793, -0.9655188, 0.25978556, 0.0)], [0.9873906, 0.024807202, 0.1563474, 0.0)], [-0.15740089, 0.25914863, 0.95292556, 0.0)], [0.09517145, 0.020103311, -0.35927773, 1.0)]])
0.09517145, 0.020103311, -0.35927773
float3(-0.2621406, -0.16369842, -1.5451088)
100.36262
644408.346374875
normal
simd_float4x4([[-0.041467525, -0.9685813, 0.24521536, 0.0)], [0.986941, -0.0014740494, 0.16107582, 0.0)], [-0.15565358, 0.24869247, 0.95599383, 0.0)], [0.112595454, 0.011497072, -0.38346, 1.0)]])
0.112595454, 0.011497072, -0.38346
float3(-0.25133008, -0.1614023, -1.5723182)
100.36262
644408.413032
normal
simd_float4x4([[-0.055297177, -0.9631264, 0.26330504, 0.0)], [0.9855382, -0.010344161, 0.16913748, 0.0)], [-0.16017713, 0.26884994, 0.94977, 0.0)], [0.105989575, 0.0077755344, -0.36697534, 0.9999999)]])
0.105989575, 0.0077755344, -0.36697534
float3(-0.2721988, -0.16707617, -1.581536)
100.36262
644408.479689
normal
simd_float4x4([[-0.07730514, -0.9659823, 0.2467832, 0.0)], [0.9849022, -0.035535622, 0.16942489, 0.0)], [-0.15489185, 0.2561547, 0.9541453, 0.0)], [0.11747731, 0.014015441, -0.40053222, 0.9999999)]])
0.11747731, 0.014015441, -0.40053222
float3(-0.25904205, -0.16093183, -1.6075668)
100.36262
644409.361286125
notAvailable
simd_float4x4([[-0.0028758051, 0.0, 0.9999959, 0.0)], [0.0, 0.99999994, 0.0, 0.0)], [-0.9999959, 0.0, -0.0028758051, 0.0)], [-0.07226106, -0.071985535, 0.5226045, 0.99999994)]])
-0.07226106, -0.071985535, 0.5226045
float3(-0.0, -1.5736722, 0.0)
100.3628
644409.411278875
notAvailable
simd_float4x4([[-0.0028758051, 0.0, 0.9999959, 0.0)], [0.0, 0.99999994, 0.0, 0.0)], [-0.9999959, 0.0, -0.0028758051, 0.0)], [-0.07226106, -0.071985535, 0.5226045, 0.99999994)]])
-0.07226106, -0.071985535, 0.5226045
float3(-0.0, -1.5736722, 0.0)
100.3628
644409.461271583
notAvailable
simd_float4x4([[-0.0028758051, 0.0, 0.9999959, 0.0)], [0.0, 0.99999994, 0.0, 0.0)], [-0.9999959, 0.0, -0.0028758051, 0.0)], [-0.07226106, -0.071985535, 0.5226045, 0.99999994)]])
-0.07226106, -0.071985535, 0.5226045
float3(-0.0, -1.5736722, 0.0)
100.3628
644409.511264416
limited((extension in ARKit):__C.ARCamera.TrackingState.Reason.initializing)
simd_float4x4([[-0.08285587, -0.98372424, 0.159441, 0.0)], [0.9965615, -0.08178857, 0.013256126, 0.0)], [7.729379e-08, 0.15999113, 0.9871184, 0.0)], [0.0, 0.0, 0.0, 1.0)]])
0.0, 0.0, 0.0
float3(-0.16068166, 7.830245e-08, -1.6537473)
100.3628
644409.561257166
limited((extension in ARKit):__C.ARCamera.TrackingState.Reason.initializing)
simd_float4x4([[-0.103890374, -0.9796434, 0.1717716, 0.0)], [0.9945884, -0.10247885, 0.017089128, 0.0)], [0.00086169865, 0.17261742, 0.9849885, 0.0)], [0.0, 0.0, 0.0, 1.0)]])
0.0, 0.0, 0.0
float3(-0.17348637, 0.00087483093, -1.6750256)
100.3628
644409.611249958
limited((extension in ARKit):__C.ARCamera.TrackingState.Reason.initializing)
simd_float4x4([[-0.107776284, -0.97818583, 0.17758569, 0.0)], [0.994158, -0.104991324, 0.025033707, 0.0)], [-0.0058426666, 0.17924628, 0.9837868, 0.0)], [0.0, 0.0, 0.0, 1.0)]])
0.0, 0.0, 0.0
float3(-0.18022026, -0.005938886, -1.6777197)
100.3628
644409.661243
limited((extension in ARKit):__C.ARCamera.TrackingState.Reason.initializing)
simd_float4x4([[-0.086322375, -0.9824979, 0.16506523, 0.0)], [0.99605143, -0.08166273, 0.034823094, 0.0)], [-0.02073393, 0.16741948, 0.9856678, 0.0)], [0.0, 0.0, 0.0, 1.0)]])
0.0, 0.0, 0.0
float3(-0.16821162, -0.021032311, -1.6537231)
100.3628
644409.711235583
limited((extension in ARKit):__C.ARCamera.TrackingState.Reason.initializing)
simd_float4x4([[-0.07315847, -0.9853291, 0.15418938, 0.0)], [0.9967152, -0.06684991, 0.04571645, 0.0)], [-0.034738205, 0.15702744, 0.9869831, 0.0)], [0.0, 0.0, 0.0, 1.0)]])
0.0, 0.0, 0.0
float3(-0.15768002, -0.035181828, -1.6385378)
100.36296
644409.777892666
limited((extension in ARKit):__C.ARCamera.TrackingState.Reason.initializing)
simd_float4x4([[-0.056704037, -0.9867256, 0.15217581, 0.0)], [0.9955478, -0.044386826, 0.08315351, 0.0)], [-0.075295076, 0.15621342, 0.98484933, 0.0)], [0.0, 0.0, 0.0, 1.0)]])
0.0, 0.0, 0.0
float3(-0.15685584, -0.07630496, -1.61575)
100.36296
644409.827885458
limited((extension in ARKit):__C.ARCamera.TrackingState.Reason.initializing)
simd_float4x4([[-0.050943013, -0.98805296, 0.14545202, 0.0)], [0.9936, -0.035440326, 0.10725225, 0.0)], [-0.100816034, 0.14998487, 0.9835349, 0.0)], [0.0, 0.0, 0.0, 1.0)]])
0.0, 0.0, 0.0
float3(-0.15055297, -0.10214701, -1.6066498)
100.36296
644409.894542583
limited((extension in ARKit):__C.ARCamera.TrackingState.Reason.initializing)
simd_float4x4([[-0.045478888, -0.9887702, 0.14235543, 0.0)], [0.98805565, -0.023520224, 0.15229197, 0.0)], [-0.14723353, 0.14758115, 0.9780296, 0.0)], [0.0, 0.0, 0.0, 1.0)]])
0.0, 0.0, 0.0
float3(-0.14812219, -0.14941898, -1.5945792)
100.36296
644409.961199708
limited((extension in ARKit):__C.ARCamera.TrackingState.Reason.initializing)
simd_float4x4([[-0.044384997, -0.9862177, 0.15938942, 0.0)], [0.9779321, -0.010287583, 0.20866941, 0.0)], [-0.2041537, 0.16513382, 0.96491057, 0.0)], [0.0, 0.0, 0.0, 1.0)]])
0.0, 0.0, 0.0
float3(-0.16589369, -0.20850292, -1.5812273)
100.36296
644410.027856583
limited((extension in ARKit):__C.ARCamera.TrackingState.Reason.initializing)
simd_float4x4([[-0.04810284, -0.9835386, 0.17417738, 0.0)], [0.9633163, 0.00041216612, 0.26836818, 0.0)], [-0.26402226, 0.18069719, 0.94743896, 0.0)], [0.0, 0.0, 0.0, 1.0)]])
0.0, 0.0, 0.0
float3(-0.18169527, -0.2717744, -1.5703772)
100.36296
644410.094513708
limited((extension in ARKit):__C.ARCamera.TrackingState.Reason.initializing)
simd_float4x4([[-0.06549449, -0.9810317, 0.18244837, 0.0)], [0.9450472, -0.002291754, 0.32692587, 0.0)], [-0.32030648, 0.19383416, 0.9272713, 0.0)], [0.0, 0.0, 0.0, 1.0)]])
0.0, 0.0, 0.0
float3(-0.19506893, -0.33259693, -1.5731324)
100.36296
644410.16117075
limited((extension in ARKit):__C.ARCamera.TrackingState.Reason.initializing)
simd_float4x4([[-0.084823675, -0.9757106, 0.20197418, 0.0)], [0.92250854, -0.00030060112, 0.3859766, 0.0)], [-0.37654078, 0.21906286, 0.9001268, 0.0)], [0.0, 0.0, 0.0, 1.0)]])
0.0, 0.0, 0.0
float3(-0.22085391, -0.3961988, -1.5711044)
100.36296
644410.211163541
limited((extension in ARKit):__C.ARCamera.TrackingState.Reason.initializing)
simd_float4x4([[-0.094821215, -0.97264665, 0.21205522, 0.0)], [0.90408653, 0.0050263256, 0.42731994, 0.0)], [-0.4166971, 0.23223527, 0.8788801, 0.0)], [0.0, 0.0, 0.0, 1.0)]])
0.0, 0.0, 0.0
float3(-0.23437515, -0.44273242, -1.5656286)
100.36296
644410.277820791
limited((extension in ARKit):__C.ARCamera.TrackingState.Reason.initializing)
simd_float4x4([[-0.10281522, -0.9739246, 0.20223737, 0.0)], [0.8937279, -0.0011947304, 0.44860786, 0.0)], [-0.4366686, 0.22686891, 0.87054634, 0.0)], [0.0, 0.0, 0.0, 1.0)]])
0.0, 0.0, 0.0
float3(-0.22886156, -0.46492913, -1.572023)
100.36296
644410.344477833
limited((extension in ARKit):__C.ARCamera.TrackingState.Reason.initializing)
simd_float4x4([[-0.09699581, -0.97470194, 0.2013658, 0.0)], [0.8987709, 0.0011339337, 0.43841714, 0.0)], [-0.42755434, 0.22350633, 0.8759238, 0.0)], [0.0, 0.0, 0.0, 1.0)]])
0.0, 0.0, 0.0
float3(-0.22541033, -0.45409706, -1.569633)
100.36296
644410.427798916
limited((extension in ARKit):__C.ARCamera.TrackingState.Reason.initializing)
simd_float4x4([[-0.081918836, -0.9828049, 0.1654811, 0.0)], [0.9305515, -0.015969172, 0.36581272, 0.0)], [-0.35687992, 0.18395562, 0.91585875, 0.0)], [0.0, 0.0, 0.0, 1.0)]])
0.0, 0.0, 0.0
float3(-0.18500926, -0.37156698, -1.5870435)
100.36296
644410.477791916
limited((extension in ARKit):__C.ARCamera.TrackingState.Reason.initializing)
simd_float4x4([[-0.07241386, -0.9872161, 0.14198774, 0.0)], [0.9522613, -0.026102796, 0.30416596, 0.0)], [-0.29657128, 0.15723526, 0.9419779, 0.0)], [0.0, 0.0, 0.0, 1.0)]])
0.0, 0.0, 0.0
float3(-0.15789047, -0.30501425, -1.597231)
100.36296
644410.577777583
limited((extension in ARKit):__C.ARCamera.TrackingState.Reason.initializing)
simd_float4x4([[-0.04714323, -0.9910572, 0.1248322, 0.0)], [0.9788499, -0.020929173, 0.20350632, 0.0)], [-0.19907378, 0.13178593, 0.9710829, 0.0)], [0.0, 0.0, 0.0, 1.0)]])
0.0, 0.0, 0.0
float3(-0.13217041, -0.20220035, -1.5919112)
100.36296
644410.627770291
limited((extension in ARKit):__C.ARCamera.TrackingState.Reason.initializing)
simd_float4x4([[-0.037003808, -0.9907039, 0.13090664, 0.0)], [0.98686904, -0.015617788, 0.16076575, 0.0)], [-0.15722677, 0.13513665, 0.978273, 0.0)], [0.0, 0.0, 0.0, 1.0)]])
0.0, 0.0, 0.0
float3(-0.13555138, -0.15935595, -1.5865594)
100.36296
644410.711091708
limited((extension in ARKit):__C.ARCamera.TrackingState.Reason.initializing)
simd_float4x4([[-0.011274251, -0.9914932, 0.12967019, 0.0)], [0.9971344, -0.0014463924, 0.07563688, 0.0)], [-0.07480588, 0.13015136, 0.98866826, 0.0)], [0.0, 0.0, 0.0, 1.0)]])
0.0, 0.0, 0.0
float3(-0.13052164, -0.07551938, -1.5722551)
100.36296
644410.761084458
limited((extension in ARKit):__C.ARCamera.TrackingState.Reason.initializing)
simd_float4x4([[0.008711689, -0.990434, 0.13771142, 0.0)], [0.99896634, 0.01476437, 0.042991765, 0.0)], [-0.044613726, 0.13719453, 0.98953885, 0.0)], [0.0, 0.0, 0.0, 1.0)]])
0.0, 0.0, 0.0
float3(-0.1376286, -0.04505486, -1.5558904)
100.36391
644410.861070208
limited((extension in ARKit):__C.ARCamera.TrackingState.Reason.initializing)
simd_float4x4([[0.011002762, -0.9833399, 0.18144344, 0.0)], [0.9996727, 0.006625739, -0.024711868, 0.0)], [0.023097964, 0.18165594, 0.9830909, 0.0)], [0.0, 0.0, 0.0, 1.0)]])
0.0, 0.0, 0.0
float3(-0.18267015, 0.023490926, -1.5640584)
100.36391
644410.911062916
limited((extension in ARKit):__C.ARCamera.TrackingState.Reason.initializing)
simd_float4x4([[0.03492737, -0.9831729, 0.17930791, 0.0)], [0.99686235, 0.02152155, -0.0761727, 0.0)], [0.07103195, 0.18140581, 0.9808397, 0.0)], [0.0, 0.0, 0.0, 1.0)]])
0.0, 0.0, 0.0
float3(-0.1824158, 0.07229332, -1.5489099)
100.36391
644411.0110485
limited((extension in ARKit):__C.ARCamera.TrackingState.Reason.initializing)
simd_float4x4([[0.058809392, -0.9806301, 0.18683235, 0.0)], [0.98924094, 0.032133896, -0.14272249, 0.0)], [0.1339543, 0.19321564, 0.9719693, 0.0)], [0.0, 0.0, 0.0, 1.0)]])
0.0, 0.0, 0.0
float3(-0.19443849, 0.13695468, -1.5380394)
100.36391
644411.06104125
limited((extension in ARKit):__C.ARCamera.TrackingState.Reason.excessiveMotion)
simd_float4x4([[0.15568429, -0.9749588, 0.1588009, 0.0)], [0.9738769, 0.12458968, -0.18984488, 0.0)], [0.16530596, 0.1842084, 0.9688865, 0.0)], [0.0, 0.0, 2.9802322e-08, 0.99999994)]])
0.0, 0.0, 2.9802322e-08
float3(-0.1852664, 0.16898721, -1.4436955)
100.36391
644411.144362666
limited((extension in ARKit):__C.ARCamera.TrackingState.Reason.excessiveMotion)
simd_float4x4([[0.16198646, -0.9714744, 0.17319849, 0.0)], [0.9688026, 0.12320253, -0.21504097, 0.0)], [0.1875683, 0.20262888, 0.9611241, 0.0)], [-0.06647578, 0.02212134, -0.031986356, 0.99999994)]])
-0.06647578, 0.02212134, -0.031986356
float3(-0.20404175, 0.19273272, -1.4446496)
100.36391
644411.211019833
limited((extension in ARKit):__C.ARCamera.TrackingState.Reason.excessiveMotion)
simd_float4x4([[0.10725743, -0.9672112, 0.2302136, 0.0)], [0.9556538, 0.03641938, -0.29223192, 0.0)], [0.27426577, 0.25134853, 0.9282252, 0.0)], [-0.021262378, -0.018840075, -0.42570445, 0.99999994)]])
-0.021262378, -0.018840075, -0.42570445
float3(-0.25407326, 0.2872987, -1.5331601)
100.36391
644411.294341083
limited((extension in ARKit):__C.ARCamera.TrackingState.Reason.excessiveMotion)
simd_float4x4([[0.13123623, -0.9639452, 0.23148775, 0.0)], [0.9579445, 0.06320069, -0.27990687, 0.0)], [0.25518474, 0.25848636, 0.93170035, 0.0)], [-0.059480876, 0.006376177, -0.5109328, 0.99999994)]])
-0.059480876, 0.006376177, -0.5109328
float3(-0.26145497, 0.2673353, -1.5053254)
100.36391
644411.344333916
limited((extension in ARKit):__C.ARCamera.TrackingState.Reason.excessiveMotion)
simd_float4x4([[0.11847795, -0.9629482, 0.24226782, 0.0)], [0.96401316, 0.053068902, -0.2605039, 0.0)], [0.23799478, 0.2644133, 0.9345823, 0.0)], [-0.079404354, 0.029050708, -0.5614798, 0.99999994)]])
-0.079404354, 0.029050708, -0.5614798
float3(-0.26759553, 0.24935374, -1.5157411)
100.36391
644411.4443195
limited((extension in ARKit):__C.ARCamera.TrackingState.Reason.excessiveMotion)
simd_float4x4([[0.08501439, -0.9737067, 0.21134706, 0.0)], [0.9777838, 0.040739983, -0.20561868, 0.0)], [0.19160202, 0.22413227, 0.9555383, 0.0)], [-0.1072993, 0.07492748, -0.6535102, 0.99999994)]])
-0.1072993, 0.07492748, -0.6535102
float3(-0.22605257, 0.19789298, -1.5289806)
100.36391
644411.494312333
limited((extension in ARKit):__C.ARCamera.TrackingState.Reason.excessiveMotion)
simd_float4x4([[0.0932866, -0.9668809, 0.2375686, 0.0)], [0.97168267, 0.0363846, -0.23347113, 0.0)], [0.21709494, 0.25262105, 0.9428957, 0.0)], [-0.14398783, 0.08864057, -0.6988065, 0.99999994)]])
-0.14398783, 0.08864057, -0.6988065
float3(-0.25538823, 0.22629897, -1.5331832)
100.36391
644411.594297958
limited((extension in ARKit):__C.ARCamera.TrackingState.Reason.excessiveMotion)
simd_float4x4([[0.065582685, -0.95823175, 0.27837163, 0.0)], [0.9874508, 0.022157647, -0.15636472, 0.0)], [0.1436656, 0.28513315, 0.94765985, 0.0)], [-0.16815197, 0.12575135, -0.79926753, 0.99999994)]])
-0.16815197, 0.12575135, -0.79926753
float3(-0.28914535, 0.15045474, -1.5476769)
100.36391
644411.64429075
limited((extension in ARKit):__C.ARCamera.TrackingState.Reason.excessiveMotion)
simd_float4x4([[0.046049226, -0.95810276, 0.28269857, 0.0)], [0.9893701, 0.0046666437, -0.14534426, 0.0)], [0.13793544, 0.2863865, 0.9481332, 0.0)], [-0.1975716, 0.13581035, -0.845873, 0.99999994)]])
-0.1975716, 0.13581035, -0.845873
float3(-0.29045323, 0.14446758, -1.5659256)
100.36391
644411.744276291
limited((extension in ARKit):__C.ARCamera.TrackingState.Reason.excessiveMotion)
simd_float4x4([[0.048835315, -0.95343554, 0.29761657, 0.0)], [0.9964262, 0.02594577, -0.080382526, 0.0)], [0.068917684, 0.30047852, 0.9512953, 0.0)], [-0.22705722, 0.16551718, -0.9548099, 0.99999994)]])
-0.22705722, 0.16551718, -0.9548099
float3(-0.30519432, 0.072319806, -1.5435901)
100.36391
644411.794269083
limited((extension in ARKit):__C.ARCamera.TrackingState.Reason.excessiveMotion)
simd_float4x4([[0.057291016, -0.95779574, 0.2816823, 0.0)], [0.9955022, 0.033482574, -0.08862422, 0.0)], [0.07545244, 0.28549272, 0.955406, 0.0)], [-0.15839583, 0.071207225, -1.0287062, 0.99999994)]])
-0.15839583, 0.071207225, -1.0287062
float3(-0.2895205, 0.07881064, -1.5358526)
100.36451
644411.877590416
limited((extension in ARKit):__C.ARCamera.TrackingState.Reason.excessiveMotion)
simd_float4x4([[0.044234317, -0.95627975, 0.2890887, 0.0)], [0.9974501, 0.026053155, -0.06644126, 0.0)], [0.0560048, 0.29129052, 0.9549938, 0.0)], [-0.18009001, 0.09614357, -1.1284916, 0.99999994)]])
-0.18009001, 0.09614357, -1.1284916
float3(-0.2955756, 0.05857706, -1.5435588)
100.36451
644411.927583208
limited((extension in ARKit):__C.ARCamera.TrackingState.Reason.excessiveMotion)
simd_float4x4([[0.035522413, -0.9618724, 0.2711817, 0.0)], [0.99584126, 0.01128994, -0.09040143, 0.0)], [0.08389298, 0.2732652, 0.9582735, 0.0)], [-0.14842804, 0.050487805, -1.1728406, 0.9999999)]])
-0.14842804, 0.050487805, -1.1728406
float3(-0.27678582, 0.08732333, -1.5590594)
100.36451
644412.027569083
limited((extension in ARKit):__C.ARCamera.TrackingState.Reason.excessiveMotion)
simd_float4x4([[0.045713693, -0.96915436, 0.2421772, 0.0)], [0.99469584, 0.021799799, -0.10052086, 0.0)], [0.092140794, 0.2454879, 0.96501064, 0.0)], [-0.18768424, 0.09177721, -1.2862382, 0.9999998)]])
-0.18768424, 0.09177721, -1.2862382
float3(-0.24802296, 0.09519305, -1.5483065)
100.36451
644412.077561875
normal
simd_float4x4([[0.043977533, -0.9698449, 0.23972219, 0.0)], [0.9942942, 0.019147728, -0.10493927, 0.0)], [0.09718468, 0.24296938, 0.96515334, 0.0)], [-0.2031162, 0.068515524, -1.3354, 0.9999999)]])
-0.2031162, 0.068515524, -1.3354
float3(-0.24542579, 0.10035525, -1.5510558)
100.36451
644412.160883083
normal
simd_float4x4([[0.034669332, -0.96710724, 0.25199494, 0.0)], [0.98941326, -0.0023408306, -0.14510654, 0.0)], [0.1409235, 0.25435784, 0.9567877, 0.0)], [-0.24440129, 0.09271608, -1.436824, 0.9999999)]])
-0.24440129, 0.09271608, -1.436824
float3(-0.25718364, 0.14623673, -1.5732168)
100.36451
644412.227540208
normal
simd_float4x4([[0.060397, -0.96605945, 0.25115988, 0.0)], [0.97809255, 0.007059462, -0.20805065, 0.0)], [0.19921629, 0.25822324, 0.9453219, 0.0)], [-0.28093734, 0.06036227, -1.5214632, 0.9999999)]])
-0.28093734, 0.06036227, -1.5214632
float3(-0.2611826, 0.20769997, -1.563489)
100.36451
644412.310861458
normal
simd_float4x4([[0.08432368, -0.96126795, 0.26239896, 0.0)], [0.9643607, 0.012449219, -0.2642976, 0.0)], [0.25079414, 0.27533376, 0.9280589, 0.0)], [-0.3270395, 0.029626733, -1.6421634, 0.9999998)]])
-0.3270395, 0.029626733, -1.6421634
float3(-0.27893686, 0.26393098, -1.5578462)
100.36451
644412.377518791
normal
simd_float4x4([[0.09422486, -0.9576599, 0.27204612, 0.0)], [0.9557256, 0.010496387, -0.29407197, 0.0)], [0.27876556, 0.2877103, 0.9162492, 0.0)], [-0.36795622, 0.028374493, -1.7353622, 0.99999994)]])
-0.36795622, 0.028374493, -1.7353622
float3(-0.2918352, 0.29534805, -1.5598363)
100.36451
644412.460840041
normal
simd_float4x4([[0.111494236, -0.95366544, 0.27944773, 0.0)], [0.9501971, 0.019955086, -0.31100985, 0.0)], [0.29102305, 0.30020624, 0.9083952, 0.0)], [-0.39521584, -0.009060395, -1.8316609, 0.9999999)]])
-0.39521584, -0.009060395, -1.8316609
float3(-0.30490887, 0.310039, -1.5498748)
100.36451
644412.52749725
normal
simd_float4x4([[0.11438413, -0.95090634, 0.2875646, 0.0)], [0.95391876, 0.024301643, -0.29907918, 0.0)], [0.27740803, 0.30852315, 0.90986717, 0.0)], [-0.43239686, 0.0025181645, -1.9266247, 0.9999999)]])
-0.43239686, 0.0025181645, -1.9266247
float3(-0.31364006, 0.2959356, -1.5452456)
100.36451
644412.610818416
normal
simd_float4x4([[0.09650388, -0.9581825, 0.26939398, 0.0)], [0.96115834, 0.019398548, -0.27531484, 0.0)], [0.258576, 0.28549924, 0.9228372, 0.0)], [-0.396894, -0.034705054, -2.0062048, 0.9999999)]])
-0.396894, -0.034705054, -2.0062048
float3(-0.28952733, 0.27319115, -1.5505539)
100.36451
644412.677475583
normal
simd_float4x4([[0.09068793, -0.9594116, 0.2670298, 0.0)], [0.9688516, 0.022951633, -0.24657586, 0.0)], [0.23043899, 0.2810737, 0.93160903, 0.0)], [-0.41700357, -0.021971732, -2.0938947, 0.99999994)]])
-0.41700357, -0.021971732, -2.0938947
float3(-0.2849127, 0.24248855, -1.5468782)
100.36451
644412.777461083
normal
simd_float4x4([[0.06453113, -0.9526806, 0.29704425, 0.0)], [0.9817445, 0.0072373487, -0.19006655, 0.0)], [0.1789229, 0.30388674, 0.93575597, 0.0)], [-0.37832323, -0.07499701, -2.1889687, 0.9999999)]])
-0.37832323, -0.07499701, -2.1889687
float3(-0.3087697, 0.18892644, -1.5631996)
100.36475
644412.827454125
normal
simd_float4x4([[0.039265297, -0.95664096, 0.28861082, 0.0)], [0.9840408, -0.013147291, -0.17745654, 0.0)], [0.17355669, 0.2909727, 0.9408575, 0.0)], [-0.39453667, -0.11489476, -2.2157843, 0.99999994)]])
-0.39453667, -0.11489476, -2.2157843
float3(-0.29524338, 0.18241586, -1.5845387)
100.36475
644412.910775416
normal
simd_float4x4([[0.021280456, -0.96313876, 0.2681618, 0.0)], [0.9870888, -0.022350516, -0.15860695, 0.0)], [0.15875407, 0.26807475, 0.9502279, 0.0)], [-0.41309354, -0.12555593, -2.3188503, 0.9999999)]])
-0.41309354, -0.12555593, -2.3188503
float3(-0.27139407, 0.16554056, -1.5939981)
100.36475
644412.9774325
normal
simd_float4x4([[0.024909224, -0.9637454, 0.26565817, 0.0)], [0.98696035, -0.018564498, -0.15988916, 0.0)], [0.15902425, 0.2661768, 0.9507161, 0.0)], [-0.3930143, -0.16705304, -2.3648796, 0.99999994)]])
-0.3930143, -0.16705304, -2.3648796
float3(-0.26942456, 0.16573358, -1.5900568)
100.36475
644413.077418166
normal
simd_float4x4([[0.022314323, -0.96075755, 0.27649018, 0.0)], [0.9839718, -0.027836192, -0.17613827, 0.0)], [0.1769226, 0.2759889, 0.9447373, 0.0)], [-0.37073457, -0.21336591, -2.4475458, 0.99999994)]])
-0.37073457, -0.21336591, -2.4475458
float3(-0.2796184, 0.18512744, -1.5997614)
100.36475
644413.127411166
normal
simd_float4x4([[0.034223065, -0.95302325, 0.3009572, 0.0)], [0.98034537, -0.0265321, -0.19549672, 0.0)], [0.19429795, 0.30173245, 0.93338406, 0.0)], [-0.38916862, -0.20960426, -2.5137804, 0.99999994)]])
-0.38916862, -0.20960426, -2.5137804
float3(-0.3065093, 0.20523411, -1.5986291)
100.36475
644413.227396791
normal
simd_float4x4([[0.07772108, -0.954977, 0.28631842, 0.0)], [0.95915514, -0.006727207, -0.28280023, 0.0)], [0.27199388, 0.29660332, 0.9154484, 0.0)], [-0.42255893, -0.222679, -2.5888326, 0.9999999)]])
-0.42255893, -0.222679, -2.5888326
float3(-0.30113396, 0.28880832, -1.5778406)
100.36475
644413.2773895
normal
simd_float4x4([[0.09170141, -0.95661896, 0.27653378, 0.0)], [0.94896543, -0.00020046964, -0.31538013, 0.0)], [0.301754, 0.29134178, 0.90778005, 0.0)], [-0.43357572, -0.22295903, -2.6280808, 1.0)]])
-0.43357572, -0.22295903, -2.6280808
float3(-0.29562917, 0.32091817, -1.571006)
100.36475
644413.377375125
normal
simd_float4x4([[0.16196008, -0.951187, 0.26270118, 0.0)], [0.9080823, 0.039472703, -0.4169269, 0.0)], [0.38620594, 0.30607986, 0.8701494, 0.0)], [-0.49699733, -0.22603802, -2.7323725, 0.9999998)]])
-0.49699733, -0.22603802, -2.7323725
float3(-0.31107253, 0.41771838, -1.5293218)
100.36475
644413.427368
normal
simd_float4x4([[0.18940403, -0.94824475, 0.25486824, 0.0)], [0.89535326, 0.06023687, -0.44126406, 0.0)], [0.403074, 0.31177428, 0.8604232, 0.0)], [-0.5129991, -0.23979172, -2.7721984, 0.99999994)]])
-0.5129991, -0.23979172, -2.7721984
float3(-0.31705981, 0.4380989, -1.507357)
100.36475
644413.510689166
normal
simd_float4x4([[0.20221978, -0.9493869, 0.24035726, 0.0)], [0.8812121, 0.06931274, -0.46761188, 0.0)], [0.42728487, 0.30636612, 0.8506276, 0.0)], [-0.5552407, -0.25676507, -2.8627164, 0.99999994)]])
-0.5552407, -0.25676507, -2.8627164
float3(-0.31137323, 0.46549964, -1.4979178)
100.36475
644413.5773465
normal
simd_float4x4([[0.19682944, -0.95050794, 0.24040134, 0.0)], [0.87689316, 0.06099379, -0.47679985, 0.0)], [0.43853903, 0.30465454, 0.8454993, 0.0)], [-0.58923674, -0.2705833, -2.928699, 0.99999994)]])
-0.58923674, -0.2705833, -2.928699
float3(-0.3095757, 0.47847545, -1.5067145)
100.36475
644413.660667916
normal
simd_float4x4([[0.17266178, -0.95103246, 0.2563689, 0.0)], [0.89171386, 0.040371932, -0.45079517, 0.0)], [0.4183708, 0.30644283, 0.8550196, 0.0)], [-0.6218033, -0.27706057, -3.014746, 0.9999999)]])
-0.6218033, -0.27706057, -3.014746
float3(-0.31145382, 0.45506018, -1.5283712)
100.36475
644413.727325041
normal
simd_float4x4([[0.12992653, -0.95605475, 0.26282734, 0.0)], [0.905949, 0.006739418, -0.42333323, 0.0)], [0.40295848, 0.29311034, 0.8670125, 0.0)], [-0.6325435, -0.27183747, -3.100727, 0.99999994)]])
-0.6325435, -0.27183747, -3.100727
float3(-0.29747844, 0.43506578, -1.5637473)
100.36475
644413.827310625
normal
simd_float4x4([[0.082855396, -0.96793723, 0.23713374, 0.0)], [0.93238217, -0.008719414, -0.36136883, 0.0)], [0.35185, 0.2510406, 0.901765, 0.0)], [-0.65329677, -0.26497546, -3.2033715, 1.0)]])
-0.65329677, -0.26497546, -3.2033715
float3(-0.25375515, 0.37201166, -1.5798043)
100.36489
644413.877303416
normal
simd_float4x4([[0.093645334, -0.9626152, 0.2541697, 0.0)], [0.9395034, 0.0009529677, -0.34253794, 0.0)], [0.32949007, 0.2708704, 0.90446967, 0.0)], [-0.66550213, -0.26505774, -3.2533216, 0.99999994)]])
-0.66550213, -0.26505774, -3.2533216
float3(-0.27429712, 0.34934896, -1.5698063)
100.36489
644413.960624791
normal
simd_float4x4([[0.07558595, -0.9587652, 0.2739636, 0.0)], [0.95367926, -0.010720168, -0.30063432, 0.0)], [0.29117474, 0.2839971, 0.91354436, 0.0)], [-0.670597, -0.26989087, -3.3596554, 1.0)]])
-0.670597, -0.26989087, -3.3596554
float3(-0.2879603, 0.30855122, -1.5819771)
100.36489
644414.027282
normal
simd_float4x4([[0.058009673, -0.9644764, 0.25772086, 0.0)], [0.95879817, -0.018089904, -0.28351158, 0.0)], [0.2781024, 0.26354867, 0.9236889, 0.0)], [-0.6769349, -0.27777237, -3.4258509, 0.99999994)]])
-0.6769349, -0.27777237, -3.4258509
float3(-0.2666991, 0.29244548, -1.5895504)
100.36489
644414.11060325
normal
simd_float4x4([[0.052400663, -0.96961564, 0.23895484, 0.0)], [0.9622263, -0.014991179, -0.2718379, 0.0)], [0.2671605, 0.24417311, 0.9322042, 0.0)], [-0.6830037, -0.2899007, -3.5290487, 0.9999999)]])
-0.6830037, -0.2899007, -3.5290487
float3(-0.2466669, 0.2791092, -1.586256)
100.36489
644414.160596208
normal
simd_float4x4([[0.044092644, -0.9726899, 0.2278818, 0.0)], [0.96590054, -0.016746335, -0.25837117, 0.0)], [0.2551312, 0.23150344, 0.9387833, 0.0)], [-0.6970591, -0.2972959, -3.578054, 0.9999999)]])
-0.6970591, -0.2972959, -3.578054
float3(-0.23362282, 0.26535892, -1.5880111)
100.36489
644414.260581833
normal
simd_float4x4([[0.03778445, -0.96909547, 0.243775, 0.0)], [0.97539043, -0.017262517, -0.21980764, 0.0)], [0.2172228, 0.24608111, 0.94459426, 0.0)], [-0.69172764, -0.29417956, -3.6976926, 0.99999994)]])
-0.69172764, -0.29417956, -3.6976926
float3(-0.24863495, 0.22603431, -1.5886074)
100.36489
644414.310574541
normal
simd_float4x4([[0.017958371, -0.97640663, 0.21519148, 0.0)], [0.98237205, -0.022822866, -0.18553793, 0.0)], [0.18607183, 0.21473005, 0.9587848, 0.0)], [-0.7049442, -0.2873925, -3.7374275, 0.99999994)]])
-0.7049442, -0.2873925, -3.7374275
float3(-0.21641544, 0.19168766, -1.5941664)
100.36489
644414.410560166
normal
simd_float4x4([[0.007895622, -0.9819584, 0.18893139, 0.0)], [0.99379647, -0.013254329, -0.110420235, 0.0)], [0.11093223, 0.18863119, 0.9757623, 0.0)], [-0.70648444, -0.26926398, -3.8243072, 0.99999994)]])
-0.70648444, -0.26926398, -3.8243072
float3(-0.18976814, 0.11320172, -1.5842934)
100.36489
644414.460553166
normal
simd_float4x4([[0.01276659, -0.98486364, 0.17285976, 0.0)], [0.99741757, 0.00032402598, -0.07181837, 0.0)], [0.07067528, 0.17333026, 0.98232454, 0.0)], [-0.72147065, -0.2609694, -3.8558257, 0.99999994)]])
-0.72147065, -0.2609694, -3.8558257
float3(-0.17421012, 0.071823224, -1.5704674)
100.36489
644414.560538833
normal
simd_float4x4([[0.0005454049, -0.9889745, 0.14808415, 0.0)], [0.9979261, 0.010070042, 0.06357696, 0.0)], [-0.06436719, 0.14774238, 0.98692906, 0.0)], [-0.721557, -0.25714368, -3.9287784, 0.99999994)]])
-0.721557, -0.25714368, -3.9287784
float3(-0.14828521, -0.06512743, -1.5606143)
100.36489
644414.610531625
normal
simd_float4x4([[-0.015648087, -0.9910501, 0.13256925, 0.0)], [0.9890497, 0.004117389, 0.14752498, 0.0)], [-0.1467505, 0.13342606, 0.9801335, 0.0)], [-0.72834796, -0.2608385, -3.952854, 0.99999994)]])
-0.72834796, -0.2608385, -3.952854
float3(-0.13382515, -0.14862101, -1.5666418)
100.36489
644414.693853
normal
simd_float4x4([[-0.046016756, -0.99061435, 0.12870742, 0.0)], [0.9522629, -0.0045757527, 0.30524454, 0.0)], [-0.3017907, 0.13660967, 0.94353586, 0.0)], [-0.72168744, -0.2720534, -4.0059347, 0.9999999)]])
-0.72168744, -0.2720534, -4.0059347
float3(-0.13703819, -0.3095676, -1.5754154)
100.36497
644414.760510125
normal
simd_float4x4([[-0.078959204, -0.98949593, 0.121091664, 0.0)], [0.9035995, -0.01973687, 0.42792326, 0.0)], [-0.4210384, 0.14320682, 0.8956664, 0.0)], [-0.72307366, -0.28280893, -4.039529, 0.99999994)]])
-0.72307366, -0.28280893, -4.039529
float3(-0.14370088, -0.43942964, -1.5907401)
100.36497
644414.843831458
normal
simd_float4x4([[-0.12465234, -0.98414046, 0.12621137, 0.0)], [0.8240196, -0.031827167, 0.5656667, 0.0)], [-0.55267847, 0.17451231, 0.8149184, 0.0)], [-0.7220576, -0.2940862, -4.0728784, 0.9999999)]])
-0.7220576, -0.2940862, -4.0728784
float3(-0.17541046, -0.5959454, -1.6031251)
100.36497
644414.89382425
normal
simd_float4x4([[-0.15813963, -0.97854704, 0.13205093, 0.0)], [0.7658222, -0.03712938, 0.6419795, 0.0)], [-0.6233042, 0.20264994, 0.7552647, 0.0)], [-0.7199501, -0.30212694, -4.089775, 0.99999994)]])
-0.7199501, -0.30212694, -4.089775
float3(-0.20406325, -0.6899661, -1.6087215)
100.36497
644414.943817166
normal
simd_float4x4([[-0.19057642, -0.97333246, 0.1276883, 0.0)], [0.70536107, -0.04530687, 0.70739865, 0.0)], [-0.68274903, 0.22487988, 0.69518536, 0.0)], [-0.722041, -0.30765787, -4.0974536, 0.99999994)]])
-0.722041, -0.30765787, -4.0974536
float3(-0.22681975, -0.776373, -1.617311)
100.36497
644414.993810041
normal
simd_float4x4([[-0.21520083, -0.9696166, 0.11632737, 0.0)], [0.635123, -0.048476484, 0.7708881, 0.0)], [-0.74182683, 0.23977797, 0.626258, 0.0)], [-0.72415817, -0.3160562, -4.1025686, 0.9999998)]])
-0.72415817, -0.3160562, -4.1025686
float3(-0.24213713, -0.86967295, -1.6207503)
100.36497
644415.043802708
normal
simd_float4x4([[-0.23458408, -0.96642584, 0.104839385, 0.0)], [0.5589044, -0.045846123, 0.8279637, 0.0)], [-0.795359, 0.25282228, 0.55089456, 0.0)], [-0.7307616, -0.32290202, -4.101938, 0.99999994)]])
-0.7307616, -0.32290202, -4.101938
float3(-0.2555962, -0.96502954, -1.6181996)
100.36497
644415.1437885
normal
simd_float4x4([[-0.25972706, -0.9609565, 0.095416255, 0.0)], [0.39488697, -0.015519557, 0.9185985, 0.0)], [-0.88125247, 0.27626354, 0.38350016, 0.0)], [-0.7435138, -0.33105415, -4.0854793, 0.9999999)]])
-0.7435138, -0.33105415, -4.0854793
float3(-0.27990416, -1.1603379, -1.586945)
100.36497
644415.193781333
normal
simd_float4x4([[-0.26810887, -0.9593125, 0.08852719, 0.0)], [0.30482605, 0.0026968291, 0.9524042, 0.0)], [-0.91389203, 0.2823334, 0.2917003, 0.0)], [-0.75600207, -0.33072186, -4.0649114, 0.99999994)]])
-0.75600207, -0.33072186, -4.0649114
float3(-0.28622562, -1.2618332, -1.5679852)
100.36497
644415.243774166
normal
simd_float4x4([[-0.26878497, -0.9606218, 0.07042972, 0.0)], [0.21356481, 0.011863918, 0.9768568, 0.0)], [-0.9392256, 0.2776057, 0.2019662, 0.0)], [-0.7735722, -0.3306183, -4.0432205, 0.99999994)]])
-0.7735722, -0.3306183, -4.0432205
float3(-0.28130096, -1.3589869, -1.5584468)
100.36497
644415.293767041
normal
simd_float4x4([[-0.26628432, -0.9627392, 0.047177147, 0.0)], [0.12189866, 0.0149161145, 0.9924304, 0.0)], [-0.9561555, 0.2700195, 0.113384664, 0.0)], [-0.79718196, -0.32916808, -4.0165133, 0.99999994)]])
-0.79718196, -0.32916808, -4.0165133
float3(-0.27341327, -1.4527636, -1.5553042)
100.36497
644415.343759791
normal
simd_float4x4([[-0.26885107, -0.96278423, 0.027667113, 0.0)], [0.035087325, 0.018915817, 0.9992052, 0.0)], [-0.9625424, 0.26960814, 0.028696008, 0.0)], [-0.82401407, -0.3303033, -3.993591, 0.99999994)]])
-0.82401407, -0.3303033, -3.993591
float3(-0.27298608, -1.5409924, -1.5511519)
100.36497
644415.427081125
normal
simd_float4x4([[-0.28210634, -0.95938206, 0.0013358933, 0.0)], [-0.09596096, 0.029602736, 0.99494463, 0.0)], [-0.9545718, 0.280552, -0.100414366, 0.0)], [-0.87317294, -0.33289114, -3.9576268, 0.9999998)]])
-0.87317294, -0.33289114, -3.9576268
float3(-0.28436917, -1.675604, -1.53995)
100.36497
644415.477074083
normal
simd_float4x4([[-0.29139337, -0.95652187, -0.012474684, 0.0)], [-0.16727318, 0.038109504, 0.9851737, 0.0)], [-0.9418649, 0.28915977, -0.17110534, 0.0)], [-0.9064846, -0.33398846, -3.9367936, 0.99999994)]])
-0.9064846, -0.33398846, -3.9367936
float3(-0.293349, -1.7505031, -1.5309756)
100.36497
644415.57705975
normal
simd_float4x4([[-0.30038154, -0.95258635, -0.04847686, 0.0)], [-0.29118663, 0.04318579, 0.9556909, 0.0)], [-0.9082847, 0.30118772, -0.29035267, 0.0)], [-0.9801483, -0.33495638, -3.8945305, 0.9999999)]])
-0.9801483, -0.33495638, -3.8945305
float3(-0.30593798, -1.8802012, -1.5254921)
100.36497
644415.627052541
normal
simd_float4x4([[-0.30087945, -0.95091766, -0.07229809, 0.0)], [-0.36463454, 0.04466013, 0.93007904, 0.0)], [-0.8811998, 0.30620408, -0.36017478, 0.0)], [-1.0209421, -0.3343933, -3.8750083, 0.9999999)]])
-1.0209421, -0.3343933, -3.8750083
float3(-0.311203, -1.9588078, -1.5238655)
100.36497
644415.677045375
normal
simd_float4x4([[-0.27807012, -0.95628417, -0.090539806, 0.0)], [-0.4244366, 0.037765473, 0.90466964, 0.0)], [-0.8617021, 0.28999, -0.4163835, 0.0)], [-1.0637671, -0.33450472, -3.8610332, 0.9999999)]])
-1.0637671, -0.33450472, -3.8610332
float3(-0.2942164, -2.0209224, -1.531325)
100.36509
644415.72703825
normal
simd_float4x4([[-0.2506762, -0.9628823, -0.100095324, 0.0)], [-0.4779306, 0.033176508, 0.87777084, 0.0)], [-0.8418692, 0.26787487, -0.4685075, 0.0)], [-1.1054654, -0.33515784, -3.8519762, 0.99999994)]])
-1.1054654, -0.33515784, -3.8519762
float3(-0.27118662, -2.0786228, -1.5363545)
100.36509
644415.777031083
normal
simd_float4x4([[-0.23871724, -0.9650667, -0.10798269, 0.0)], [-0.5275172, 0.035512105, 0.84880173, 0.0)], [-0.81531566, 0.2595863, -0.5175667, 0.0)], [-1.1436437, -0.33619446, -3.8467548, 0.9999999)]])
-1.1436437, -0.33619446, -3.8467548
float3(-0.2625938, -2.1364155, -1.5340153)
100.36509
644415.827023916
normal
simd_float4x4([[-0.2299954, -0.9668349, -0.11105038, 0.0)], [-0.57128316, 0.041750204, 0.81969047, 0.0)], [-0.7878691, 0.25196624, -0.56193894, 0.0)], [-1.1788872, -0.33699402, -3.844878, 0.99999994)]])
-1.1788872, -0.33699402, -3.844878
float3(-0.2547115, -2.1903524, -1.5276408)
100.36509
644415.9103455
normal
simd_float4x4([[-0.2267261, -0.966098, -0.12349004, 0.0)], [-0.63138425, 0.049251515, 0.77390444, 0.0)], [-0.7415855, 0.253434, -0.62114567, 0.0)], [-1.2302486, -0.33861554, -3.8460076, 0.99999994)]])
-1.2302486, -0.33861554, -3.8460076
float3(-0.2562285, -2.2680423, -1.5198606)
100.36509
644415.96033825
normal
simd_float4x4([[-0.22496147, -0.965221, -0.133194, 0.0)], [-0.66008896, 0.05042011, 0.7494933, 0.0)], [-0.71671116, 0.256527, -0.6484743, 0.0)], [-1.2570378, -0.34046587, -3.8494022, 0.99999994)]])
-1.2570378, -0.34046587, -3.8494022
float3(-0.25942725, -2.3062525, -1.5186069)
100.36509
644416.026995208
normal
simd_float4x4([[-0.22339839, -0.96345955, -0.14777921, 0.0)], [-0.6916828, 0.049871597, 0.7204773, 0.0)], [-0.68678075, 0.2631698, -0.6775497, 0.0)], [-1.2880578, -0.34469032, -3.8568366, 0.99999994)]])
-1.2880578, -0.34469032, -3.8568366
float3(-0.26630634, -2.3494287, -1.5190794)
100.36509
644416.076987958
normal
simd_float4x4([[-0.22274294, -0.9613125, -0.1620611, 0.0)], [-0.7118396, 0.046798397, 0.70078117, 0.0)], [-0.6660855, 0.27145556, -0.6947243, 0.0)], [-1.3080832, -0.34919614, -3.863887, 0.99999994)]])
-1.3080832, -0.34919614, -3.863887
float3(-0.27490506, -2.3772368, -1.5221529)
100.36509
644416.1603095
normal
simd_float4x4([[-0.20836748, -0.9606556, -0.18363962, 0.0)], [-0.7460492, 0.03469989, 0.66498595, 0.0)], [-0.6324503, 0.27556565, -0.72392684, 0.0)], [-1.3371981, -0.35889035, -3.877566, 0.99999994)]])
-1.3371981, -0.35889035, -3.877566
float3(-0.27917808, -2.4235344, -1.534691)
100.36509
644416.2103025
normal
simd_float4x4([[-0.1991148, -0.96119463, -0.19093943, 0.0)], [-0.7644324, 0.030428428, 0.64398515, 0.0)], [-0.61318517, 0.27418727, -0.7408272, 0.0)], [-1.3513104, -0.3666297, -3.8718214, 0.9999998)]])
-1.3513104, -0.3666297, -3.8718214
float3(-0.27774447, -2.4501863, -1.53915)
100.36509
644416.293623708
normal
simd_float4x4([[-0.18478948, -0.964104, -0.19067287, 0.0)], [-0.79454666, 0.032373477, 0.60633945, 0.0)], [-0.57840157, 0.26354364, -0.77200794, 0.0)], [-1.3709394, -0.3727594, -3.8856409, 0.99999994)]])
-1.3709394, -0.3727594, -3.8856409
float3(-0.26669386, -2.4985929, -1.5372301)
100.36509
644416.360280833
normal
simd_float4x4([[-0.16650921, -0.9690529, -0.18223897, 0.0)], [-0.82436293, 0.035403114, 0.5649534, 0.0)], [-0.54101795, 0.24430098, -0.8047462, 0.0)], [-1.3838667, -0.37296185, -3.897095, 0.99999994)]])
-1.3838667, -0.37296185, -3.897095
float3(-0.24679875, -2.5497112, -1.5342789)
100.36509
644416.410273583
normal
simd_float4x4([[-0.1524855, -0.97237885, -0.1767123, 0.0)], [-0.8445313, 0.03533033, 0.53433925, 0.0)], [-0.51333696, 0.23071806, -0.82659185, 0.0)], [-1.3916253, -0.3707468, -3.9046957, 0.99999994)]])
-1.3916253, -0.3707468, -3.9046957
float3(-0.2328156, -2.5858545, -1.5344784)
100.36509
644416.460266416
normal
simd_float4x4([[-0.14802878, -0.9707194, -0.18918583, 0.0)], [-0.86118484, 0.032465484, 0.50725394, 0.0)], [-0.48625928, 0.23801215, -0.84077466, 0.0)], [-1.3986934, -0.36811206, -3.9097369, 0.99999994)]])
-1.3986934, -0.36811206, -3.9097369
float3(-0.24031867, -2.6172469, -1.537364)
100.36509
644416.526923625
normal
simd_float4x4([[-0.12593049, -0.9719853, -0.19845885, 0.0)], [-0.87934905, 0.016763363, 0.47588262, 0.0)], [-0.45922405, 0.23444271, -0.85682535, 0.0)], [-1.4118048, -0.3652972, -3.9189675, 0.99999994)]])
-1.4118048, -0.3652972, -3.9189675
float3(-0.23664527, -2.6495926, -1.5535516)
100.36509
644416.576916458
normal
simd_float4x4([[-0.11048434, -0.97408336, -0.19736955, 0.0)], [-0.89277524, 0.010003421, 0.45039126, 0.0)], [-0.43674427, 0.22596782, -0.87074274, 0.0)], [-1.4248419, -0.36420602, -3.9286697, 0.99999994)]])
-1.4248419, -0.36420602, -3.9286697
float3(-0.22793645, -2.6766844, -1.5605271)
100.36509
644416.660237791
normal
simd_float4x4([[-0.12125756, -0.96720666, -0.22317618, 0.0)], [-0.9163352, 0.022635376, 0.39977148, 0.0)], [-0.38161007, 0.25297955, -0.8890304, 0.0)], [-1.4501725, -0.36450583, -3.9456747, 0.99999994)]])
-1.4501725, -0.36450583, -3.9456747
float3(-0.25575873, -2.7361336, -1.5473977)
100.36509
644416.71023075
normal
simd_float4x4([[-0.11983324, -0.9638838, -0.23783988, 0.0)], [-0.926163, 0.022249935, 0.37646648, 0.0)], [-0.35757807, 0.26539168, -0.8953799, 0.0)], [-1.4687946, -0.36706352, -3.9563086, 0.99999994)]])
-1.4687946, -0.36706352, -3.9563086
float3(-0.26861015, -2.7616389, -1.5477169)
100.36509
644416.776887916
normal
simd_float4x4([[-0.097490445, -0.96412575, -0.24689479, 0.0)], [-0.9420762, 0.009405158, 0.33526698, 0.0)], [-0.32091746, 0.26527902, -0.9091969, 0.0)], [-1.4970995, -0.37400576, -3.972026, 1.0)]])
-1.4970995, -0.37400576, -3.972026
float3(-0.2684933, -2.8022761, -1.5610415)
100.36509
644416.82688075
normal
simd_float4x4([[-0.08537341, -0.9639781, -0.25190768, 0.0)], [-0.9494679, 0.00207083, 0.31385744, 0.0)], [-0.3020301, 0.2659733, -0.91544306, 0.0)], [-1.5178436, -0.38153145, -3.9822905, 1.0)]])
-1.5178436, -0.38153145, -3.9822905
float3(-0.26921344, -2.8229103, -1.5686481)
100.36509
644416.910202125
normal
simd_float4x4([[-0.07908279, -0.96139544, -0.2635612, 0.0)], [-0.95582914, -0.0019505974, 0.29391629, 0.0)], [-0.2830839, 0.27516317, -0.9187757, 0.0)], [-1.5511947, -0.3939908, -3.994726, 0.99999994)]])
-1.5511947, -0.3939908, -3.994726
float3(-0.27875942, -2.8427124, -1.5728252)
100.36509
644416.960194958
normal
simd_float4x4([[-0.070017606, -0.96367806, -0.25772485, 0.0)], [-0.95751905, -0.007524966, 0.28827187, 0.0)], [-0.27974066, 0.26696053, -0.9222132, 0.0)], [-1.5723317, -0.3989091, -4.002346, 0.99999994)]])
-1.5723317, -0.3989091, -4.002346
float3(-0.2702377, -2.8470778, -1.5786047)
100.36509
644417.043516458
normal
