ARKit Data
259950.516579708
normal
simd_float4x4([[0.000154745, -0.894982, 0.446103, 0.0)], [0.999996, 0.00143344, 0.00252891, 0.0)], [-0.0029028, 0.4461, 0.894978, 0.0)], [-0.0649914, -0.148372, -0.0523526, 1.0)]])
-0.0649914, -0.148372, -0.0523526
float3(-0.462403, -0.00324341, -1.56919)
259950.854367125
notAvailable
simd_float4x4([[1.0, 0.0, 0.0, 0.0)], [0.0, 1.0, 0.0, 0.0)], [0.0, 0.0, 1.0, 0.0)], [0.0, 0.0, 0.0, 1.0)]])
0.0, 0.0, 0.0
float3(-0.0, 0.0, 0.0)
259950.921035708
notAvailable
simd_float4x4([[1.0, 0.0, 0.0, 0.0)], [0.0, 1.0, 0.0, 0.0)], [0.0, 0.0, 1.0, 0.0)], [0.0, 0.0, 0.0, 1.0)]])
0.0, 0.0, 0.0
float3(-0.0, 0.0, 0.0)
259950.987737166
limited(__ObjC.ARCamera.TrackingState.Reason.initializing)
simd_float4x4([[-0.0687405, -0.879726, 0.470485, 0.0)], [0.997635, -0.0606162, 0.0324181, 0.0)], [-3.36636e-08, 0.471601, 0.881812, 0.0)], [0.0, 0.0, 0.0, 1.0)]])
0.0, 0.0, 0.0
float3(-0.491105, -3.81754e-08, -1.63959)
259951.054438875
limited(__ObjC.ARCamera.TrackingState.Reason.initializing)
simd_float4x4([[-0.0799471, -0.874035, 0.479239, 0.0)], [0.996792, -0.068239, 0.0418315, 0.0)], [-0.00385944, 0.481046, 0.876687, 0.0)], [0.0, 0.0, 0.0, 1.0)]])
0.0, 0.0, 0.0
float3(-0.501847, -0.00440228, -1.64871)
259951.121140208
limited(__ObjC.ARCamera.TrackingState.Reason.initializing)
simd_float4x4([[-0.0880175, -0.863422, 0.496745, 0.0)], [0.995961, -0.0674031, 0.0593155, 0.0)], [-0.0177322, 0.499959, 0.865867, 0.0)], [0.0, 0.0, 0.0, 1.0)]])
0.0, 0.0, 0.0
float3(-0.523552, -0.0204762, -1.6487)
259951.187841916
limited(__ObjC.ARCamera.TrackingState.Reason.initializing)
simd_float4x4([[-0.0887067, -0.845769, 0.526123, 0.0)], [0.995772, -0.0626422, 0.0671911, 0.0)], [-0.0238707, 0.529858, 0.84775, 0.0)], [0.0, 0.0, 0.0, 1.0)]])
0.0, 0.0, 0.0
float3(-0.558434, -0.0281503, -1.64473)
259951.254543458
limited(__ObjC.ARCamera.TrackingState.Reason.initializing)
simd_float4x4([[-0.0835593, -0.839693, 0.536593, 0.0)], [0.996028, -0.0537647, 0.0709692, 0.0)], [-0.0307427, 0.540392, 0.840851, 0.0)], [0.0, 0.0, 0.0, 1.0)]])
0.0, 0.0, 0.0
float3(-0.570903, -0.0365451, -1.63474)
259951.321245166
limited(__ObjC.ARCamera.TrackingState.Reason.initializing)
simd_float4x4([[-0.0811901, -0.821155, 0.5649, 0.0)], [0.996468, -0.0546785, 0.0637348, 0.0)], [-0.0214483, 0.568079, 0.822694, 0.0)], [0.0, 0.0, 0.0, 1.0)]])
0.0, 0.0, 0.0
float3(-0.60417, -0.0260649, -1.63729)
259951.38794675
limited(__ObjC.ARCamera.TrackingState.Reason.initializing)
simd_float4x4([[-0.0689754, -0.806966, 0.586556, 0.0)], [0.997618, -0.0565421, 0.0395247, 0.0)], [0.00127002, 0.587885, 0.808943, 0.0)], [0.0, 0.0, 0.0, 1.0)]])
0.0, 0.0, 0.0
float3(-0.628442, 0.00156997, -1.64075)
259951.454648333
limited(__ObjC.ARCamera.TrackingState.Reason.initializing)
simd_float4x4([[-0.0423169, -0.781435, 0.62255, 0.0)], [0.998285, -0.0582924, -0.00531265, 0.0)], [0.0404414, 0.621258, 0.782562, 0.0)], [0.0, 0.0, 0.0, 1.0)]])
0.0, 0.0, 0.0
float3(-0.670347, 0.0516323, -1.64526)
259951.521349833
limited(__ObjC.ARCamera.TrackingState.Reason.initializing)
simd_float4x4([[-0.00447614, -0.755959, 0.654603, 0.0)], [0.996026, -0.0616003, -0.0643274, 0.0)], [0.0889527, 0.651714, 0.75323, 0.0)], [0.0, 0.0, 0.0, 1.0)]])
0.0, 0.0, 0.0
float3(-0.709842, 0.11755, -1.6521)
259951.588051458
limited(__ObjC.ARCamera.TrackingState.Reason.initializing)
simd_float4x4([[0.0299288, -0.744628, 0.666808, 0.0)], [0.992915, -0.0546012, -0.105539, 0.0)], [0.114996, 0.665242, 0.737718, 0.0)], [0.0, 0.0, 0.0, 1.0)]])
0.0, 0.0, 0.0
float3(-0.727818, 0.154636, -1.64399)
259951.654753166
limited(__ObjC.ARCamera.TrackingState.Reason.initializing)
simd_float4x4([[0.0657159, -0.729767, 0.68053, 0.0)], [0.986526, -0.054887, -0.154123, 0.0)], [0.149826, 0.681489, 0.716327, 0.0)], [0.0, 0.0, 0.0, 1.0)]])
0.0, 0.0, 0.0
float3(-0.749795, 0.206186, -1.64587)
259951.721454708
limited(__ObjC.ARCamera.TrackingState.Reason.initializing)
simd_float4x4([[0.111518, -0.723135, 0.681645, 0.0)], [0.975482, -0.0513041, -0.214017, 0.0)], [0.189734, 0.688799, 0.699683, 0.0)], [0.0, 0.0, 0.0, 1.0)]])
0.0, 0.0, 0.0
float3(-0.759831, 0.264803, -1.64162)
259951.788156333
limited(__ObjC.ARCamera.TrackingState.Reason.initializing)
simd_float4x4([[0.154628, -0.715061, 0.681746, 0.0)], [0.960716, -0.0521418, -0.272591, 0.0)], [0.230467, 0.697114, 0.678908, 0.0)], [0.0, 0.0, 0.0, 1.0)]])
0.0, 0.0, 0.0
float3(-0.771365, 0.327261, -1.64359)
259951.854857916
limited(__ObjC.ARCamera.TrackingState.Reason.initializing)
simd_float4x4([[0.201411, -0.715243, 0.669223, 0.0)], [0.942017, -0.0457698, -0.332429, 0.0)], [0.268398, 0.697375, 0.664553, 0.0)], [0.0, 0.0, 0.0, 1.0)]])
0.0, 0.0, 0.0
float3(-0.771728, 0.383845, -1.6347)
259951.921559458
limited(__ObjC.ARCamera.TrackingState.Reason.initializing)
simd_float4x4([[0.241123, -0.713733, 0.657604, 0.0)], [0.921705, -0.0437259, -0.385419, 0.0)], [0.303841, 0.699051, 0.647308, 0.0)], [0.0, 0.0, 0.0, 1.0)]])
0.0, 0.0, 0.0
float3(-0.774069, 0.438862, -1.63198)
259951.988261125
limited(__ObjC.ARCamera.TrackingState.Reason.initializing)
simd_float4x4([[0.274899, -0.719883, 0.637336, 0.0)], [0.899482, -0.0416118, -0.434971, 0.0)], [0.33965, 0.692846, 0.636083, 0.0)], [0.0, 0.0, 0.0, 1.0)]])
0.0, 0.0, 0.0
float3(-0.765428, 0.490454, -1.62854)
259952.054962708
limited(__ObjC.ARCamera.TrackingState.Reason.initializing)
simd_float4x4([[0.295931, -0.732905, 0.612596, 0.0)], [0.880038, -0.0401829, -0.4732, 0.0)], [0.371427, 0.679143, 0.633093, 0.0)], [0.0, 0.0, 0.0, 1.0)]])
0.0, 0.0, 0.0
float3(-0.746594, 0.530573, -1.62557)
259952.12166425
limited(__ObjC.ARCamera.TrackingState.Reason.initializing)
simd_float4x4([[0.308029, -0.753535, 0.580777, 0.0)], [0.857354, -0.0447478, -0.512778, 0.0)], [0.412385, 0.655882, 0.632263, 0.0)], [0.0, 0.0, 0.0, 1.0)]])
0.0, 0.0, 0.0
float3(-0.715351, 0.577946, -1.63011)
259952.188366
limited(__ObjC.ARCamera.TrackingState.Reason.initializing)
simd_float4x4([[0.312007, -0.774344, 0.550492, 0.0)], [0.840775, -0.0447833, -0.539528, 0.0)], [0.442434, 0.631178, 0.637076, 0.0)], [0.0, 0.0, 0.0, 1.0)]])
0.0, 0.0, 0.0
float3(-0.683071, 0.607009, -1.62857)
259952.255067583
limited(__ObjC.ARCamera.TrackingState.Reason.initializing)
simd_float4x4([[0.316791, -0.789392, 0.525835, 0.0)], [0.828243, -0.0399445, -0.558943, 0.0)], [0.46223, 0.612588, 0.641154, 0.0)], [0.0, 0.0, 0.0, 1.0)]])
0.0, 0.0, 0.0
float3(-0.659331, 0.624639, -1.62135)
259952.321769041
limited(__ObjC.ARCamera.TrackingState.Reason.initializing)
simd_float4x4([[0.321406, -0.79621, 0.512587, 0.0)], [0.82718, -0.0274259, -0.561266, 0.0)], [0.460945, 0.604397, 0.649794, 0.0)], [0.0, 0.0, 0.0, 1.0)]])
0.0, 0.0, 0.0
float3(-0.649009, 0.616987, -1.60523)
259952.388470625
limited(__ObjC.ARCamera.TrackingState.Reason.initializing)
simd_float4x4([[0.318214, -0.80028, 0.508222, 0.0)], [0.834888, -0.0173964, -0.550144, 0.0)], [0.449112, 0.599373, 0.662609, 0.0)], [0.0, 0.0, 0.0, 1.0)]])
0.0, 0.0, 0.0
float3(-0.642717, 0.595666, -1.59253)
259952.455172333
limited(__ObjC.ARCamera.TrackingState.Reason.initializing)
simd_float4x4([[0.30783, -0.802696, 0.510802, 0.0)], [0.850348, -0.00871369, -0.526149, 0.0)], [0.426789, 0.596324, 0.679888, 0.0)], [0.0, 0.0, 0.0, 1.0)]])
0.0, 0.0, 0.0
float3(-0.638914, 0.560563, -1.58165)
259952.521873875
limited(__ObjC.ARCamera.TrackingState.Reason.initializing)
simd_float4x4([[0.292113, -0.806373, 0.514228, 0.0)], [0.868014, -0.00219797, -0.496534, 0.0)], [0.401523, 0.591402, 0.699301, 0.0)], [0.0, 0.0, 0.0, 1.0)]])
0.0, 0.0, 0.0
float3(-0.632796, 0.521216, -1.57352)
259952.588575458
limited(__ObjC.ARCamera.TrackingState.Reason.initializing)
simd_float4x4([[0.27531, -0.8084, 0.52028, 0.0)], [0.886786, 0.00456503, -0.462156, 0.0)], [0.371233, 0.588614, 0.718135, 0.0)], [0.0, 0.0, 0.0, 1.0)]])
0.0, 0.0, 0.0
float3(-0.629343, 0.477108, -1.56515)
259952.655277
limited(__ObjC.ARCamera.TrackingState.Reason.initializing)
simd_float4x4([[0.254579, -0.81062, 0.527335, 0.0)], [0.904613, 0.00685579, -0.426178, 0.0)], [0.341854, 0.58553, 0.735043, 0.0)], [0.0, 0.0, 0.0, 1.0)]])
0.0, 0.0, 0.0
float3(-0.625534, 0.435324, -1.56234)
259952.721978583
limited(__ObjC.ARCamera.TrackingState.Reason.initializing)
simd_float4x4([[0.233688, -0.812252, 0.534448, 0.0)], [0.920465, 0.00771548, -0.390749, 0.0)], [0.313264, 0.583254, 0.749452, 0.0)], [0.0, 0.0, 0.0, 1.0)]])
0.0, 0.0, 0.0
float3(-0.622729, 0.395919, -1.5613)
259952.78868025
limited(__ObjC.ARCamera.TrackingState.Reason.initializing)
simd_float4x4([[0.211545, -0.814458, 0.540282, 0.0)], [0.93404, 0.00570269, -0.357124, 0.0)], [0.287782, 0.580193, 0.761942, 0.0)], [0.0, 0.0, 0.0, 1.0)]])
0.0, 0.0, 0.0
float3(-0.618966, 0.361131, -1.56379)
259952.855381916
limited(__ObjC.ARCamera.TrackingState.Reason.initializing)
simd_float4x4([[0.187709, -0.814885, 0.548384, 0.0)], [0.948073, 0.00437249, -0.318023, 0.0)], [0.256755, 0.579604, 0.773391, 0.0)], [0.0, 0.0, 0.0, 1.0)]])
0.0, 0.0, 0.0
float3(-0.618243, 0.320538, -1.56543)
259952.922083416
limited(__ObjC.ARCamera.TrackingState.Reason.initializing)
simd_float4x4([[0.164659, -0.816603, 0.553213, 0.0)], [0.959644, 0.00300114, -0.2812, 0.0)], [0.227969, 0.57719, 0.784143, 0.0)], [0.0, 0.0, 0.0, 1.0)]])
0.0, 0.0, 0.0
float3(-0.615283, 0.282925, -1.56712)
259952.988785
limited(__ObjC.ARCamera.TrackingState.Reason.initializing)
simd_float4x4([[0.14385, -0.816085, 0.559742, 0.0)], [0.969288, 0.00218227, -0.245919, 0.0)], [0.19947, 0.577926, 0.791335, 0.0)], [0.0, 0.0, 0.0, 1.0)]])
0.0, 0.0, 0.0
float3(-0.616185, 0.246924, -1.56812)
259953.055486708
limited(__ObjC.ARCamera.TrackingState.Reason.initializing)
simd_float4x4([[0.121913, -0.814984, 0.566513, 0.0)], [0.978219, 0.00204956, -0.207565, 0.0)], [0.168001, 0.579478, 0.797483, 0.0)], [0.0, 0.0, 0.0, 1.0)]])
0.0, 0.0, 0.0
float3(-0.618089, 0.207628, -1.56828)
259953.122188208
limited(__ObjC.ARCamera.TrackingState.Reason.initializing)
simd_float4x4([[0.101071, -0.814378, 0.571464, 0.0)], [0.985801, 0.00456058, -0.167853, 0.0)], [0.13409, 0.580316, 0.803276, 0.0)], [0.0, 0.0, 0.0, 1.0)]])
0.0, 0.0, 0.0
float3(-0.619116, 0.165403, -1.5652)
259953.188889875
limited(__ObjC.ARCamera.TrackingState.Reason.initializing)
simd_float4x4([[0.0819008, -0.814201, 0.574775, 0.0)], [0.990971, 0.0051031, -0.133977, 0.0)], [0.106151, 0.580559, 0.807268, 0.0)], [0.0, 0.0, 0.0, 1.0)]])
0.0, 0.0, 0.0
float3(-0.619415, 0.130744, -1.56453)
259953.255591458
limited(__ObjC.ARCamera.TrackingState.Reason.initializing)
simd_float4x4([[0.0614714, -0.812014, 0.58039, 0.0)], [0.995254, 0.00591873, -0.0971306, 0.0)], [0.0754364, 0.583606, 0.808524, 0.0)], [0.0, 0.0, 0.0, 1.0)]])
0.0, 0.0, 0.0
float3(-0.623163, 0.093032, -1.56351)
259953.322293125
limited(__ObjC.ARCamera.TrackingState.Reason.initializing)
simd_float4x4([[0.0443643, -0.811407, 0.582795, 0.0)], [0.997891, 0.00831651, -0.064384, 0.0)], [0.047395, 0.584422, 0.810064, 0.0)], [0.0, 0.0, 0.0, 1.0)]])
0.0, 0.0, 0.0
float3(-0.624167, 0.058441, -1.56055)
259953.388994666
limited(__ObjC.ARCamera.TrackingState.Reason.initializing)
simd_float4x4([[0.0277653, -0.81065, 0.584871, 0.0)], [0.999383, 0.00992044, -0.0336932, 0.0)], [0.0215113, 0.585445, 0.810425, 0.0)], [0.0, 0.0, 0.0, 1.0)]])
0.0, 0.0, 0.0
float3(-0.625429, 0.026537, -1.55856)
259953.455696291
limited(__ObjC.ARCamera.TrackingState.Reason.initializing)
simd_float4x4([[0.0111943, -0.809078, 0.587594, 0.0)], [0.999927, 0.0117009, -0.00293838, 0.0)], [-0.00449792, 0.587584, 0.80915, 0.0)], [0.0, 0.0, 0.0, 1.0)]])
0.0, 0.0, 0.0
float3(-0.62807, -0.00555877, -1.55634)
259953.522397791
limited(__ObjC.ARCamera.TrackingState.Reason.initializing)
simd_float4x4([[-0.004035, -0.810716, 0.585424, 0.0)], [0.999687, 0.0111727, 0.0223627, 0.0)], [-0.0246705, 0.585331, 0.810418, 0.0)], [0.0, 0.0, 0.0, 1.0)]])
0.0, 0.0, 0.0
float3(-0.625288, -0.0304324, -1.55702)
259953.589099291
limited(__ObjC.ARCamera.TrackingState.Reason.initializing)
simd_float4x4([[-0.0189635, -0.811629, 0.583864, 0.0)], [0.998677, 0.0125432, 0.0498727, 0.0)], [-0.0478017, 0.584037, 0.810317, 0.0)], [0.0, 0.0, 0.0, 1.0)]])
0.0, 0.0, 0.0
float3(-0.623694, -0.058923, -1.55534)
259953.655800958
limited(__ObjC.ARCamera.TrackingState.Reason.initializing)
simd_float4x4([[-0.033645, -0.812669, 0.581753, 0.0)], [0.996921, 0.0139643, 0.077163, 0.0)], [-0.0708317, 0.582558, 0.809696, 0.0)], [0.0, 0.0, 0.0, 1.0)]])
0.0, 0.0, 0.0
float3(-0.621872, -0.0872573, -1.55361)
259953.722502583
limited(__ObjC.ARCamera.TrackingState.Reason.initializing)
simd_float4x4([[-0.0490893, -0.812983, 0.580212, 0.0)], [0.993994, 0.0171185, 0.108084, 0.0)], [-0.0978029, 0.582034, 0.807261, 0.0)], [0.0, 0.0, 0.0, 1.0)]])
0.0, 0.0, 0.0
float3(-0.621227, -0.120566, -1.54974)
259953.789204125
limited(__ObjC.ARCamera.TrackingState.Reason.initializing)
simd_float4x4([[-0.0634919, -0.814708, 0.576384, 0.0)], [0.990417, 0.0195401, 0.13672, 0.0)], [-0.12265, 0.579541, 0.80566, 0.0)], [0.0, 0.0, 0.0, 1.0)]])
0.0, 0.0, 0.0
float3(-0.618165, -0.151075, -1.54682)
259953.855905708
limited(__ObjC.ARCamera.TrackingState.Reason.initializing)
simd_float4x4([[-0.0800524, -0.815753, 0.572832, 0.0)], [0.985965, 0.0196654, 0.165792, 0.0)], [-0.146511, 0.578064, 0.802729, 0.0)], [0.0, 0.0, 0.0, 1.0)]])
0.0, 0.0, 0.0
float3(-0.616354, -0.180529, -1.54669)
259953.922607333
limited(__ObjC.ARCamera.TrackingState.Reason.initializing)
simd_float4x4([[-0.0968536, -0.81557, 0.570493, 0.0)], [0.981216, 0.0178382, 0.192084, 0.0)], [-0.166835, 0.578381, 0.798523, 0.0)], [0.0, 0.0, 0.0, 1.0)]])
0.0, 0.0, 0.0
float3(-0.616743, -0.205967, -1.54893)
259953.989308916
limited(__ObjC.ARCamera.TrackingState.Reason.initializing)
simd_float4x4([[-0.114592, -0.816203, 0.566285, 0.0)], [0.974845, 0.0173048, 0.222209, 0.0)], [-0.191168, 0.577504, 0.793689, 0.0)], [0.0, 0.0, 0.0, 1.0)]])
0.0, 0.0, 0.0
float3(-0.615667, -0.236358, -1.5496)
259954.056010541
limited(__ObjC.ARCamera.TrackingState.Reason.initializing)
simd_float4x4([[-0.133661, -0.816912, 0.561059, 0.0)], [0.966358, 0.018096, 0.256563, 0.0)], [-0.219743, 0.576476, 0.787011, 0.0)], [0.0, 0.0, 0.0, 1.0)]])
0.0, 0.0, 0.0
float3(-0.61441, -0.272278, -1.54865)
259954.122712208
limited(__ObjC.ARCamera.TrackingState.Reason.initializing)
simd_float4x4([[-0.150532, -0.817392, 0.556065, 0.0)], [0.957349, 0.019791, 0.288256, 0.0)], [-0.246623, 0.57574, 0.77955, 0.0)], [0.0, 0.0, 0.0, 1.0)]])
0.0, 0.0, 0.0
float3(-0.613509, -0.306403, -1.54659)
259954.189413791
limited(__ObjC.ARCamera.TrackingState.Reason.initializing)
simd_float4x4([[-0.167836, -0.817839, 0.550425, 0.0)], [0.946167, 0.0231142, 0.322851, 0.0)], [-0.276764, 0.57498, 0.769933, 0.0)], [0.0, 0.0, 0.0, 1.0)]])
0.0, 0.0, 0.0
float3(-0.61258, -0.345081, -1.54254)
259954.256115291
limited(__ObjC.ARCamera.TrackingState.Reason.initializing)
simd_float4x4([[-0.184175, -0.819686, 0.542394, 0.0)], [0.933893, 0.0261266, 0.356597, 0.0)], [-0.30647, 0.572214, 0.760687, 0.0)], [0.0, 0.0, 0.0, 1.0)]])
0.0, 0.0, 0.0
float3(-0.609203, -0.382991, -1.53893)
259954.322817
limited(__ObjC.ARCamera.TrackingState.Reason.initializing)
simd_float4x4([[-0.201955, -0.822189, 0.53218, 0.0)], [0.920314, 0.0265575, 0.390277, 0.0)], [-0.335016, 0.568592, 0.751309, 0.0)], [0.0, 0.0, 0.0, 1.0)]])
0.0, 0.0, 0.0
float3(-0.604793, -0.419447, -1.53851)
259954.389518541
limited(__ObjC.ARCamera.TrackingState.Reason.initializing)
simd_float4x4([[-0.218675, -0.822851, 0.524494, 0.0)], [0.9047, 0.0304469, 0.42496, 0.0)], [-0.365649, 0.567438, 0.737775, 0.0)], [0.0, 0.0, 0.0, 1.0)]])
0.0, 0.0, 0.0
float3(-0.603392, -0.46013, -1.53381)
259954.456220166
limited(__ObjC.ARCamera.TrackingState.Reason.initializing)
simd_float4x4([[-0.235299, -0.825837, 0.512468, 0.0)], [0.887978, 0.0316947, 0.458792, 0.0)], [-0.395131, 0.563014, 0.725867, 0.0)], [0.0, 0.0, 0.0, 1.0)]])
0.0, 0.0, 0.0
float3(-0.598029, -0.498501, -1.53244)
259954.522921791
limited(__ObjC.ARCamera.TrackingState.Reason.initializing)
simd_float4x4([[-0.247976, -0.828292, 0.502431, 0.0)], [0.87605, 0.0296776, 0.481304, 0.0)], [-0.413573, 0.559508, 0.718266, 0.0)], [0.0, 0.0, 0.0, 1.0)]])
0.0, 0.0, 0.0
float3(-0.593792, -0.52243, -1.53498)
259954.589623416
limited(__ObjC.ARCamera.TrackingState.Reason.initializing)
simd_float4x4([[-0.261973, -0.826962, 0.497494, 0.0)], [0.860654, 0.0330317, 0.508117, 0.0)], [-0.436627, 0.561284, 0.703075, 0.0)], [0.0, 0.0, 0.0, 1.0)]])
0.0, 0.0, 0.0
float3(-0.595937, -0.555736, -1.53087)
259954.656325125
limited(__ObjC.ARCamera.TrackingState.Reason.initializing)
simd_float4x4([[-0.273299, -0.825685, 0.493506, 0.0)], [0.851717, 0.0307372, 0.523099, 0.0)], [-0.447086, 0.563291, 0.694849, 0.0)], [0.0, 0.0, 0.0, 1.0)]])
0.0, 0.0, 0.0
float3(-0.598363, -0.571742, -1.53359)
259954.723026625
normal
simd_float4x4([[-0.293885, -0.823976, 0.484454, 0.0)], [0.842324, 0.0163122, 0.538725, 0.0)], [-0.451799, 0.56639, 0.689261, 0.0)], [0.00191288, 0.000919342, 0.00425009, 1.0)]])
0.00191288, 0.000919342, 0.00425009
float3(-0.602118, -0.58022, -1.551)
259954.789728041
normal
simd_float4x4([[-0.305014, -0.813366, 0.49538, 0.0)], [0.838333, 0.0174811, 0.544878, 0.0)], [-0.451845, 0.581489, 0.67654, 0.0)], [0.000978247, -0.00746519, -0.00316496, 1.0)]])
0.000978247, -0.00746519, -0.00316496
float3(-0.620558, -0.58884, -1.54931)
259954.856429666
normal
simd_float4x4([[-0.319299, -0.79525, 0.515389, 0.0)], [0.831586, 0.0256702, 0.554802, 0.0)], [-0.454436, 0.605738, 0.653123, 0.0)], [0.00522575, -0.0104845, -0.000390723, 1.0)]])
0.00522575, -0.0104845, -0.000390723
float3(-0.650693, -0.607895, -1.53853)
259954.923131333
normal
simd_float4x4([[-0.3294, -0.776326, 0.537415, 0.0)], [0.829658, 0.0337314, 0.557252, 0.0)], [-0.450737, 0.629429, 0.632973, 0.0)], [0.00382558, -0.0193928, -0.00771111, 1.0)]])
0.00382558, -0.0193928, -0.00771111
float3(-0.680818, -0.618797, -1.52737)
259954.989832916
normal
simd_float4x4([[-0.336156, -0.760873, 0.555042, 0.0)], [0.832156, 0.0360243, 0.553371, 0.0)], [-0.44104, 0.6479, 0.621055, 0.0)], [0.00394084, -0.0257925, -0.010096, 1.0)]])
0.00394084, -0.0257925, -0.010096
float3(-0.704825, -0.617503, -1.52349)
259955.056534458
normal
simd_float4x4([[-0.337746, -0.749424, 0.569465, 0.0)], [0.836604, 0.0382135, 0.546473, 0.0)], [-0.431302, 0.660986, 0.614065, 0.0)], [0.00431262, -0.0292807, -0.00968026, 1.0)]])
0.00431262, -0.0292807, -0.00968026
float3(-0.722132, -0.612316, -1.51985)
259955.123236125
normal
simd_float4x4([[-0.332495, -0.738561, 0.586494, 0.0)], [0.847081, 0.0395194, 0.529993, 0.0)], [-0.41461, 0.673028, 0.612481, 0.0)], [-0.00219825, -0.0387166, -0.0156286, 1.0)]])
-0.00219825, -0.0387166, -0.0156286
float3(-0.738295, -0.595078, -1.51734)
259955.189937708
normal
simd_float4x4([[-0.320427, -0.730345, 0.60326, 0.0)], [0.862004, 0.0392507, 0.50538, 0.0)], [-0.39278, 0.68195, 0.616983, 0.0)], [-0.00862269, -0.0459246, -0.0224584, 1.0)]])
-0.00862269, -0.0459246, -0.0224584
float3(-0.750426, -0.566907, -1.51711)
259955.256639416
normal
simd_float4x4([[-0.3017, -0.726578, 0.617301, 0.0)], [0.880675, 0.0356459, 0.472378, 0.0)], [-0.365224, 0.686158, 0.629125, 0.0)], [-0.0149728, -0.0469476, -0.0251975, 1.0)]])
-0.0149728, -0.0469476, -0.0251975
float3(-0.756195, -0.525978, -1.52178)
259955.323340916
normal
simd_float4x4([[-0.282818, -0.723254, 0.630014, 0.0)], [0.89731, 0.0325694, 0.440199, 0.0)], [-0.338895, 0.689813, 0.639772, 0.0)], [-0.0276812, -0.0511758, -0.0341127, 1.0)]])
-0.0276812, -0.0511758, -0.0341127
float3(-0.761231, -0.487134, -1.52579)
259955.390042625
normal
simd_float4x4([[-0.262788, -0.723501, 0.638349, 0.0)], [0.913012, 0.0274813, 0.407006, 0.0)], [-0.312012, 0.689776, 0.653343, 0.0)], [-0.0411678, -0.0495469, -0.0428703, 1.0)]])
-0.0411678, -0.0495469, -0.0428703
float3(-0.76118, -0.445536, -1.53283)
259955.45674425
normal
simd_float4x4([[-0.241765, -0.723093, 0.64706, 0.0)], [0.927435, 0.023891, 0.373221, 0.0)], [-0.285333, 0.690337, 0.664846, 0.0)], [-0.0506332, -0.0477107, -0.0449581, 1.0)]])
-0.0506332, -0.0477107, -0.0449581
float3(-0.761955, -0.405398, -1.53777)
259955.523445833
normal
simd_float4x4([[-0.218175, -0.72258, 0.655955, 0.0)], [0.940908, 0.0226516, 0.337905, 0.0)], [-0.259022, 0.690916, 0.674939, 0.0)], [-0.0637402, -0.0465182, -0.0566966, 1.0)]])
-0.0637402, -0.0465182, -0.0566966
float3(-0.762755, -0.366438, -1.53946)
259955.5901475
normal
simd_float4x4([[-0.193542, -0.720686, 0.665698, 0.0)], [0.952999, 0.0231125, 0.302092, 0.0)], [-0.233099, 0.692877, 0.682339, 0.0)], [-0.0790156, -0.0437337, -0.066743, 1.0)]])
-0.0790156, -0.0437337, -0.066743
float3(-0.765471, -0.329188, -1.53874)
259955.656849083
normal
simd_float4x4([[-0.17078, -0.71889, 0.673818, 0.0)], [0.963099, 0.0225877, 0.268197, 0.0)], [-0.208024, 0.694757, 0.688505, 0.0)], [-0.0883915, -0.0415859, -0.0689644, 1.0)]])
-0.0883915, -0.0415859, -0.0689644
float3(-0.768082, -0.293418, -1.53939)
259955.723550625
normal
simd_float4x4([[-0.148391, -0.719631, 0.678315, 0.0)], [0.971591, 0.0217858, 0.235662, 0.0)], [-0.184367, 0.694015, 0.695954, 0.0)], [-0.0948819, -0.0434697, -0.0742893, 1.0)]])
-0.0948819, -0.0434697, -0.0742893
float3(-0.767051, -0.258964, -1.54053)
259955.790252166
normal
simd_float4x4([[-0.126454, -0.720616, 0.681705, 0.0)], [0.97875, 0.0211937, 0.203958, 0.0)], [-0.161424, 0.69301, 0.702623, 0.0)], [-0.101065, -0.046579, -0.077897, 1.0)]])
-0.101065, -0.046579, -0.077897
float3(-0.765656, -0.225825, -1.54139)
259955.856953916
normal
simd_float4x4([[-0.105038, -0.721451, 0.684452, 0.0)], [0.984695, 0.0208029, 0.173042, 0.0)], [-0.13908, 0.692152, 0.708224, 0.0)], [-0.107463, -0.0439987, -0.0788094, 1.0)]])
-0.107463, -0.0439987, -0.0788094
float3(-0.764467, -0.193911, -1.54197)
259955.9236555
normal
simd_float4x4([[-0.0837986, -0.72256, 0.68621, 0.0)], [0.989558, 0.0207026, 0.142642, 0.0)], [-0.117274, 0.690998, 0.71328, 0.0)], [-0.116457, -0.0437472, -0.0810041, 1.0)]])
-0.116457, -0.0437472, -0.0810041
float3(-0.762869, -0.162957, -1.54215)
259955.990357125
normal
simd_float4x4([[-0.0639948, -0.72551, 0.68523, 0.0)], [0.993256, 0.0202184, 0.114169, 0.0)], [-0.0966846, 0.687915, 0.719323, 0.0)], [-0.126705, -0.0423576, -0.0824648, 1.0)]])
-0.126705, -0.0423576, -0.0824648
float3(-0.758612, -0.13361, -1.54294)
259956.057058583
normal
simd_float4x4([[-0.047547, -0.727663, 0.684285, 0.0)], [0.995797, 0.0191523, 0.0895586, 0.0)], [-0.0782741, 0.685667, 0.723694, 0.0)], [-0.131073, -0.0386131, -0.0824385, 1.0)]])
-0.131073, -0.0386131, -0.0824385
float3(-0.75552, -0.10774, -1.54448)
259956.12376025
normal
simd_float4x4([[-0.0320967, -0.729194, 0.683554, 0.0)], [0.997621, 0.0183736, 0.0664443, 0.0)], [-0.0610101, 0.684061, 0.726869, 0.0)], [-0.141322, -0.0382162, -0.083968, 1.0)]])
-0.141322, -0.0382162, -0.083968
float3(-0.753315, -0.0837392, -1.5456)
259956.190461875
normal
simd_float4x4([[-0.0201777, -0.731424, 0.681624, 0.0)], [0.998708, 0.0170579, 0.0478683, 0.0)], [-0.0466391, 0.68171, 0.730135, 0.0)], [-0.150931, -0.0366599, -0.0846586, 1.0)]])
-0.150931, -0.0366599, -0.0846586
float3(-0.750097, -0.0637908, -1.54748)
259956.257163458
normal
simd_float4x4([[-0.0114444, -0.732277, 0.680911, 0.0)], [0.999291, 0.0160452, 0.0340512, 0.0)], [-0.0358602, 0.680818, 0.731574, 0.0)], [-0.152181, -0.0328622, -0.084729, 1.0)]])
-0.152181, -0.0328622, -0.084729
float3(-0.748879, -0.0489787, -1.54889)
259956.323865083
normal
simd_float4x4([[-0.0226269, -0.733886, 0.678895, 0.0)], [0.998547, 0.0166335, 0.0512614, 0.0)], [-0.0489124, 0.679069, 0.732443, 0.0)], [-0.289734, -0.0535778, -0.254233, 1.0)]])
-0.289734, -0.0535778, -0.254233
float3(-0.746493, -0.0666808, -1.54814)
259956.39056675
normal
simd_float4x4([[-0.0189255, -0.735871, 0.676857, 0.0)], [0.998784, 0.0169099, 0.0463112, 0.0)], [-0.0455247, 0.67691, 0.734657, 0.0)], [-0.298934, -0.0536141, -0.256845, 1.0)]])
-0.298934, -0.0536141, -0.256845
float3(-0.743557, -0.0618881, -1.54782)
259956.457268333
normal
simd_float4x4([[-0.0160396, -0.73524, 0.677618, 0.0)], [0.998966, 0.0170464, 0.0421421, 0.0)], [-0.0425355, 0.677593, 0.734206, 0.0)], [-0.298029, -0.0505503, -0.25624, 1.0)]])
-0.298029, -0.0505503, -0.25624
float3(-0.744485, -0.0578693, -1.54762)
259956.523970041
normal
simd_float4x4([[-0.0146332, -0.734428, 0.678529, 0.0)], [0.999073, 0.0167302, 0.0396546, 0.0)], [-0.0404754, 0.678481, 0.733502, 0.0)], [-0.301687, -0.0521541, -0.259812, 1.0)]])
-0.301687, -0.0521541, -0.259812
float3(-0.745692, -0.0551251, -1.54802)
259956.590671416
normal
simd_float4x4([[-0.0132964, -0.733991, 0.679029, 0.0)], [0.999124, 0.0171879, 0.0381435, 0.0)], [-0.0396681, 0.678942, 0.73312, 0.0)], [-0.304157, -0.0523095, -0.262374, 1.0)]])
-0.304157, -0.0523095, -0.262374
float3(-0.74632, -0.054056, -1.54738)
259956.657373125
normal
simd_float4x4([[-0.0120958, -0.733824, 0.679232, 0.0)], [0.999121, 0.0183946, 0.0376655, 0.0)], [-0.040134, 0.679091, 0.732956, 0.0)], [-0.302009, -0.0492916, -0.261363, 1.0)]])
-0.302009, -0.0492916, -0.261363
float3(-0.746523, -0.0547017, -1.54573)
259956.72407475
normal
simd_float4x4([[-0.0105059, -0.73401, 0.679058, 0.0)], [0.999134, 0.0196331, 0.0366798, 0.0)], [-0.0402553, 0.678855, 0.733168, 0.0)], [-0.302651, -0.0498838, -0.264976, 1.0)]])
-0.302651, -0.0498838, -0.264976
float3(-0.746202, -0.0548509, -1.54405)
259956.790776458
normal
simd_float4x4([[-0.0104509, -0.733361, 0.679759, 0.0)], [0.999119, 0.0199803, 0.0369168, 0.0)], [-0.0406551, 0.679545, 0.732506, 0.0)], [-0.302559, -0.0493236, -0.26667, 1.0)]])
-0.302559, -0.0493236, -0.26667
float3(-0.747143, -0.0554445, -1.54356)
259956.857478083
normal
simd_float4x4([[-0.0114451, -0.732929, 0.680209, 0.0)], [0.999069, 0.019912, 0.0382654, 0.0)], [-0.0415901, 0.680014, 0.732019, 0.0)], [-0.299917, -0.0466765, -0.265494, 1.0)]])
-0.299917, -0.0466765, -0.265494
float3(-0.747781, -0.0567546, -1.54364)
259956.924179583
normal
simd_float4x4([[-0.0117935, -0.73237, 0.680804, 0.0)], [0.999033, 0.0202089, 0.0390456, 0.0)], [-0.0423541, 0.680607, 0.731424, 0.0)], [-0.300716, -0.0458694, -0.266863, 1.0)]])
-0.300716, -0.0458694, -0.266863
float3(-0.74859, -0.0578418, -1.54321)
259956.990881291
normal
simd_float4x4([[-0.0102893, -0.729565, 0.683834, 0.0)], [0.999121, 0.020291, 0.0366812, 0.0)], [-0.0406369, 0.68361, 0.728715, 0.0)], [-0.300614, -0.0482468, -0.267643, 1.0)]])
-0.300614, -0.0482468, -0.267643
float3(-0.752698, -0.0557075, -1.54299)
259957.057582916
normal
simd_float4x4([[-0.0112087, -0.725527, 0.688102, 0.0)], [0.999289, 0.0166441, 0.0338271, 0.0)], [-0.0359954, 0.687992, 0.724825, 0.0)], [-0.298531, -0.0484573, -0.268423, 1.0)]])
-0.298531, -0.0484573, -0.268423
float3(-0.758719, -0.04962, -1.54786)
259957.124284583
normal
simd_float4x4([[-0.0106526, -0.718706, 0.695232, 0.0)], [0.999477, 0.0135869, 0.02936, 0.0)], [-0.0305472, 0.695181, 0.718185, 0.0)], [-0.297231, -0.0537855, -0.271282, 1.0)]])
-0.297231, -0.0537855, -0.271282
float3(-0.768672, -0.0425083, -1.55189)
259957.190986166
normal
simd_float4x4([[-0.00836772, -0.709073, 0.705086, 0.0)], [0.9997, 0.0103051, 0.0222275, 0.0)], [-0.0230269, 0.70506, 0.708774, 0.0)], [-0.296681, -0.0595788, -0.273983, 1.0)]])
-0.296681, -0.0595788, -0.273983
float3(-0.782508, -0.0324769, -1.55626)
259957.257687583
normal
simd_float4x4([[-0.00799128, -0.694294, 0.719647, 0.0)], [0.999791, 0.00798267, 0.0188036, 0.0)], [-0.0187999, 0.719647, 0.694085, 0.0)], [-0.295035, -0.0650031, -0.277276, 1.0)]])
-0.295035, -0.0650031, -0.277276
float3(-0.803294, -0.0270792, -1.5593)
259957.32438925
normal
simd_float4x4([[-0.00639398, -0.679635, 0.733522, 0.0)], [0.999869, 0.00656027, 0.014794, 0.0)], [-0.0148666, 0.733521, 0.679504, 0.0)], [-0.294587, -0.0725753, -0.280638, 1.0)]])
-0.294587, -0.0725753, -0.280638
float3(-0.823488, -0.0218751, -1.56114)
259957.391090833
normal
simd_float4x4([[-0.00370931, -0.664529, 0.747254, 0.0)], [0.999911, 0.00713463, 0.0113083, 0.0)], [-0.012846, 0.747229, 0.664443, 0.0)], [-0.297639, -0.078683, -0.281529, 1.0)]])
-0.297639, -0.078683, -0.281529
float3(-0.843882, -0.0193312, -1.56006)
259957.457792541
normal
simd_float4x4([[-0.0027425, -0.650204, 0.759754, 0.0)], [0.99993, 0.00694794, 0.00955558, 0.0)], [-0.0114918, 0.759728, 0.65014, 0.0)], [-0.296053, -0.0835367, -0.283107, 1.0)]])
-0.296053, -0.0835367, -0.283107
float3(-0.862894, -0.017674, -1.56011)
259957.524494166
normal
simd_float4x4([[-0.000569957, -0.63532, 0.772249, 0.0)], [0.99995, 0.00737266, 0.00680341, 0.0)], [-0.0100159, 0.772214, 0.635283, 0.0)], [-0.296073, -0.0881242, -0.283898, 1.0)]])
-0.296073, -0.0881242, -0.283898
float3(-0.882318, -0.0157646, -1.55919)
259957.591195708
normal
simd_float4x4([[0.00195658, -0.620931, 0.783862, 0.0)], [0.999963, 0.00779558, 0.00367925, 0.0)], [-0.00839522, 0.783826, 0.620923, 0.0)], [-0.296666, -0.0919505, -0.286146, 1.0)]])
-0.296666, -0.0919505, -0.286146
float3(-0.900804, -0.0135197, -1.55824)
259957.657897375
normal
simd_float4x4([[0.00216985, -0.607999, 0.793935, 0.0)], [0.99996, 0.00817258, 0.00352569, 0.0)], [-0.0086321, 0.793896, 0.607993, 0.0)], [-0.295035, -0.0949574, -0.286613, 1.0)]])
-0.295035, -0.0949574, -0.286613
float3(-0.917189, -0.0141967, -1.55736)
259957.724599
normal
simd_float4x4([[0.00337832, -0.596687, 0.802467, 0.0)], [0.999964, 0.00829423, 0.00195755, 0.0)], [-0.00782389, 0.802431, 0.596693, 0.0)], [-0.295702, -0.098141, -0.287324, 1.0)]])
-0.295702, -0.098141, -0.287324
float3(-0.931359, -0.0131113, -1.5569)
259957.791300625
normal
simd_float4x4([[0.00450561, -0.586172, 0.810174, 0.0)], [0.999965, 0.00830359, 0.000446676, 0.0)], [-0.00698918, 0.810144, 0.58619, 0.0)], [-0.296983, -0.100369, -0.287413, 1.0)]])
-0.296983, -0.100369, -0.287413
float3(-0.944397, -0.0119225, -1.55663)
259957.85800225
normal
simd_float4x4([[0.00355125, -0.576587, 0.817028, 0.0)], [0.999961, 0.00869769, 0.00179171, 0.0)], [-0.00813933, 0.816989, 0.576595, 0.0)], [-0.295479, -0.101541, -0.28651, 1.0)]])
-0.295479, -0.101541, -0.28651
float3(-0.95617, -0.0141152, -1.55571)
259957.924703833
normal
simd_float4x4([[0.00388626, -0.571382, 0.820675, 0.0)], [0.999963, 0.00850093, 0.00118339, 0.0)], [-0.00765266, 0.82064, 0.571394, 0.0)], [-0.295067, -0.103202, -0.285737, 1.0)]])
-0.295067, -0.103202, -0.285737
float3(-0.962531, -0.0133922, -1.55592)
259957.991405583
normal
simd_float4x4([[0.00329388, -0.567288, 0.823513, 0.0)], [0.999949, 0.00973327, 0.00270532, 0.0)], [-0.00955016, 0.823462, 0.567291, 0.0)], [-0.294846, -0.105727, -0.285503, 1.0)]])
-0.294846, -0.105727, -0.285503
float3(-0.967486, -0.0168331, -1.55364)
259958.058107208
normal
simd_float4x4([[-0.000694815, -0.569803, 0.821781, 0.0)], [0.99996, 0.00697246, 0.00568002, 0.0)], [-0.00896632, 0.821752, 0.569775, 0.0)], [-0.292079, -0.101934, -0.283421, 1.0)]])
-0.292079, -0.101934, -0.283421
float3(-0.964478, -0.0157353, -1.55856)
259958.124808833
normal
simd_float4x4([[-0.00594766, -0.579544, 0.814919, 0.0)], [0.999903, 0.00681244, 0.0121425, 0.0)], [-0.0125887, 0.814912, 0.579448, 0.0)], [-0.290375, -0.101385, -0.280598, 1.0)]])
-0.290375, -0.101385, -0.280598
float3(-0.952578, -0.021722, -1.55904)
259958.191510333
normal
simd_float4x4([[-0.0132777, -0.597648, 0.801649, 0.0)], [0.999804, 0.00384755, 0.0194282, 0.0)], [-0.0146956, 0.801749, 0.59748, 0.0)], [-0.287128, -0.100208, -0.276291, 1.0)]])
-0.287128, -0.100208, -0.276291
float3(-0.930216, -0.024591, -1.56436)
259958.258212041
normal
simd_float4x4([[-0.0217084, -0.623866, 0.78123, 0.0)], [0.99963, -0.00073907, 0.0271871, 0.0)], [-0.0163837, 0.781531, 0.623652, 0.0)], [-0.282104, -0.0876552, -0.27056, 1.0)]])
-0.282104, -0.0876552, -0.27056
float3(-0.897116, -0.0262646, -1.57198)
259958.324913625
normal
simd_float4x4([[-0.0368091, -0.662745, 0.74794, 0.0)], [0.998911, -0.00294071, 0.0465546, 0.0)], [-0.0286543, 0.74884, 0.662131, 0.0)], [-0.305457, -0.154967, -0.282766, 1.0)]])
-0.305457, -0.154967, -0.282766
float3(-0.84631, -0.0432489, -1.57523)
259958.391615208
normal
simd_float4x4([[-0.041678, -0.699752, 0.713169, 0.0)], [0.998624, -0.0064331, 0.052048, 0.0)], [-0.0318328, 0.714357, 0.699057, 0.0)], [-0.301899, -0.147412, -0.276476, 1.0)]])
-0.301899, -0.147412, -0.276476
float3(-0.795705, -0.0455053, -1.57999)
259958.458316958
normal
simd_float4x4([[-0.046803, -0.735787, 0.675594, 0.0)], [0.997899, -0.00410389, 0.0646618, 0.0)], [-0.0448047, 0.6772, 0.734433, 0.0)], [-0.297791, -0.129906, -0.267034, 1.0)]])
-0.297791, -0.129906, -0.267034
float3(-0.743951, -0.0609304, -1.57637)
259958.525018333
normal
simd_float4x4([[-0.0507611, -0.76493, 0.64211, 0.0)], [0.997301, -0.0046756, 0.0732704, 0.0)], [-0.0530445, 0.644096, 0.763103, 0.0)], [-0.296976, -0.120266, -0.26101, 1.0)]])
-0.296976, -0.120266, -0.26101
float3(-0.699841, -0.0693999, -1.57691)
259958.59172
normal
simd_float4x4([[-0.0553099, -0.786977, 0.614498, 0.0)], [0.996475, -0.0046289, 0.0837628, 0.0)], [-0.063075, 0.616965, 0.784459, 0.0)], [-0.295946, -0.109462, -0.256451, 1.0)]])
-0.295946, -0.109462, -0.256451
float3(-0.66488, -0.0802331, -1.57668)
259958.658421541
normal
simd_float4x4([[-0.0595475, -0.806097, 0.58878, 0.0)], [0.995578, -0.00502976, 0.0938036, 0.0)], [-0.0726533, 0.591762, 0.802832, 0.0)], [-0.293944, -0.0986341, -0.248977, 1.0)]])
-0.293944, -0.0986341, -0.248977
float3(-0.633243, -0.0902505, -1.57704)
259958.725123333
normal
simd_float4x4([[-0.0635977, -0.823249, 0.564107, 0.0)], [0.994648, -0.0061691, 0.103134, 0.0)], [-0.0814248, 0.567647, 0.819235, 0.0)], [-0.293176, -0.0901267, -0.243902, 1.0)]])
-0.293176, -0.0901267, -0.243902
float3(-0.603645, -0.0990659, -1.57829)
259958.791824875
normal
simd_float4x4([[-0.0659326, -0.837252, 0.542828, 0.0)], [0.993972, -0.00735631, 0.109383, 0.0)], [-0.0875879, 0.546768, 0.83269, 0.0)], [-0.293194, -0.0812998, -0.241413, 1.0)]])
-0.293194, -0.0812998, -0.241413
float3(-0.578499, -0.104801, -1.57958)
259958.8585265
normal
simd_float4x4([[-0.0673011, -0.848801, 0.524412, 0.0)], [0.993156, -0.00670546, 0.116605, 0.0)], [-0.0954576, 0.528671, 0.843443, 0.0)], [-0.292511, -0.0737911, -0.236933, 1.0)]])
-0.292511, -0.0737911, -0.236933
float3(-0.557034, -0.112697, -1.5787)
259958.925228208
normal
simd_float4x4([[-0.0691927, -0.861434, 0.503133, 0.0)], [0.992437, -0.00817503, 0.122487, 0.0)], [-0.101401, 0.507803, 0.855485, 0.0)], [-0.293499, -0.0674069, -0.235298, 1.0)]])
-0.293499, -0.0674069, -0.235298
float3(-0.532633, -0.11798, -1.58029)
259958.991929916
normal
simd_float4x4([[-0.0706242, -0.875301, 0.478393, 0.0)], [0.991852, -0.0106452, 0.126948, 0.0)], [-0.106025, 0.483461, 0.868921, 0.0)], [-0.294576, -0.0608625, -0.231495, 1.0)]])
-0.294576, -0.0608625, -0.231495
float3(-0.504604, -0.121419, -1.58296)
259959.0586315
normal
simd_float4x4([[-0.0714954, -0.888057, 0.454139, 0.0)], [0.991016, -0.011651, 0.133233, 0.0)], [-0.113027, 0.459585, 0.880912, 0.0)], [-0.294265, -0.0533152, -0.22673, 1.0)]])
-0.294265, -0.0533152, -0.22673
float3(-0.477528, -0.12761, -1.58392)
259959.125333166
normal
simd_float4x4([[-0.0735833, -0.899727, 0.430205, 0.0)], [0.989944, -0.0136361, 0.140804, 0.0)], [-0.120819, 0.436239, 0.891683, 0.0)], [-0.294365, -0.0478818, -0.22336, 1.0)]])
-0.294365, -0.0478818, -0.22336
float3(-0.451415, -0.134675, -1.58595)
259959.19203475
normal
simd_float4x4([[-0.073691, -0.9087, 0.410894, 0.0)], [0.989362, -0.0147932, 0.14472, 0.0)], [-0.125429, 0.417187, 0.900124, 0.0)], [-0.295466, -0.0451677, -0.222659, 1.0)]])
-0.295466, -0.0451677, -0.222659
float3(-0.430348, -0.138455, -1.58707)
259959.258736375
normal
simd_float4x4([[-0.0710149, -0.916175, 0.394437, 0.0)], [0.990006, -0.0164354, 0.140067, 0.0)], [-0.121843, 0.400442, 0.908185, 0.0)], [-0.295305, -0.0408324, -0.220332, 1.0)]])
-0.295305, -0.0408324, -0.220332
float3(-0.411999, -0.133364, -1.58873)
259959.325438041
normal
simd_float4x4([[-0.0665207, -0.923941, 0.376708, 0.0)], [0.991338, -0.0183512, 0.130045, 0.0)], [-0.113241, 0.382096, 0.917158, 0.0)], [-0.296085, -0.0373801, -0.219055, 1.0)]])
-0.296085, -0.0373801, -0.219055
float3(-0.392063, -0.122848, -1.59066)
259959.392139708
normal
simd_float4x4([[-0.0619078, -0.928398, 0.366395, 0.0)], [0.992451, -0.0183197, 0.121269, 0.0)], [-0.105874, 0.371136, 0.922523, 0.0)], [-0.294904, -0.0355209, -0.21925, 1.0)]])
-0.294904, -0.0355209, -0.21925
float3(-0.380233, -0.114265, -1.59053)
259959.45884125
normal
simd_float4x4([[-0.0569896, -0.931379, 0.359563, 0.0)], [0.993469, -0.0172432, 0.112796, 0.0)], [-0.098856, 0.363643, 0.926278, 0.0)], [-0.296198, -0.0338494, -0.219342, 1.0)]])
-0.296198, -0.0338494, -0.219342
float3(-0.372176, -0.106321, -1.58931)
259959.525542916
normal
simd_float4x4([[-0.0513018, -0.9333, 0.355415, 0.0)], [0.994809, -0.016439, 0.100426, 0.0)], [-0.087885, 0.358722, 0.929298, 0.0)], [-0.298985, -0.0358032, -0.220944, 1.0)]])
-0.298985, -0.0358032, -0.220944
float3(-0.366899, -0.094291, -1.58841)
259959.592244625
normal
simd_float4x4([[-0.0438196, -0.934316, 0.353741, 0.0)], [0.996456, -0.0154269, 0.0826897, 0.0)], [-0.0718012, 0.356111, 0.931681, 0.0)], [-0.303586, -0.0330514, -0.220991, 1.0)]])
-0.303586, -0.0330514, -0.220991
float3(-0.364102, -0.0769143, -1.58731)
259959.658946208
normal
simd_float4x4([[-0.0338931, -0.935446, 0.35184, 0.0)], [0.998211, -0.014332, 0.0580539, 0.0)], [-0.0492637, 0.353178, 0.934258, 0.0)], [-0.308409, -0.032845, -0.222376, 1.0)]])
-0.308409, -0.032845, -0.222376
float3(-0.360966, -0.0526815, -1.58612)
259959.725647708
normal
simd_float4x4([[-0.0240993, -0.934927, 0.354021, 0.0)], [0.999416, -0.0139475, 0.0311996, 0.0)], [-0.0242317, 0.354566, 0.934717, 0.0)], [-0.313308, -0.0317785, -0.224013, 1.0)]])
-0.313308, -0.0317785, -0.224013
float3(-0.36245, -0.0259183, -1.58571)
259959.79234925
normal
simd_float4x4([[-0.0143073, -0.93485, 0.354754, 0.0)], [0.999892, -0.0145211, 0.00205966, 0.0)], [0.00322596, 0.354745, 0.934957, 0.0)], [-0.317866, -0.0335199, -0.225263, 1.0)]])
-0.317866, -0.0335199, -0.225263
float3(-0.362642, 0.00345037, -1.58633)
259959.859051
normal
simd_float4x4([[-0.00314995, -0.933679, 0.358098, 0.0)], [0.999493, -0.0142822, -0.0284466, 0.0)], [0.0316744, 0.357827, 0.933251, 0.0)], [-0.322215, -0.034754, -0.226849, 1.0)]])
-0.322215, -0.034754, -0.226849
float3(-0.365939, 0.0339268, -1.58609)
259959.925752625
normal
simd_float4x4([[0.00732509, -0.933296, 0.359032, 0.0)], [0.998116, -0.0150504, -0.059487, 0.0)], [0.0609226, 0.358792, 0.931427, 0.0)], [-0.32492, -0.0341813, -0.225649, 1.0)]])
-0.32492, -0.0341813, -0.225649
float3(-0.366973, 0.0653148, -1.58692)
259959.992454166
normal
simd_float4x4([[0.0178818, -0.931468, 0.363385, 0.0)], [0.995896, -0.0156573, -0.0891416, 0.0)], [0.0887221, 0.363487, 0.927365, 0.0)], [-0.328291, -0.0336374, -0.224603, 1.0)]])
-0.328291, -0.0336374, -0.224603
float3(-0.372009, 0.0953809, -1.5876)
259960.059155833
normal
simd_float4x4([[0.0273088, -0.930785, 0.364545, 0.0)], [0.99318, -0.0160857, -0.115473, 0.0)], [0.113344, 0.365212, 0.923998, 0.0)], [-0.330944, -0.0345083, -0.224897, 1.0)]])
-0.330944, -0.0345083, -0.224897
float3(-0.373861, 0.122057, -1.58808)
259960.125857583
normal
simd_float4x4([[0.0358877, -0.930664, 0.36411, 0.0)], [0.989866, -0.0169886, -0.140987, 0.0)], [0.137397, 0.365479, 0.920623, 0.0)], [-0.336576, -0.0343317, -0.223151, 1.0)]])
-0.336576, -0.0343317, -0.223151
float3(-0.374148, 0.14815, -1.58905)
259960.192559125
normal
simd_float4x4([[0.0440952, -0.929185, 0.366974, 0.0)], [0.986587, -0.0172874, -0.162319, 0.0)], [0.157169, 0.369209, 0.91596, 0.0)], [-0.341084, -0.0346665, -0.221765, 1.0)]])
-0.341084, -0.0346665, -0.221765
float3(-0.378158, 0.169934, -1.5894)
259960.259260791
normal
simd_float4x4([[0.0503698, -0.927621, 0.370111, 0.0)], [0.983431, -0.0185497, -0.18033, 0.0)], [0.174144, 0.373062, 0.911317, 0.0)], [-0.341789, -0.0361628, -0.221393, 1.0)]])
-0.341789, -0.0361628, -0.221393
float3(-0.382307, 0.188814, -1.59079)
259960.325962375
normal
simd_float4x4([[0.0561867, -0.92621, 0.372798, 0.0)], [0.98133, -0.0175591, -0.191528, 0.0)], [0.183941, 0.376599, 0.907931, 0.0)], [-0.347772, -0.0377975, -0.220454, 1.0)]])
-0.347772, -0.0377975, -0.220454
float3(-0.386123, 0.199888, -1.58975)
259960.392664041
normal
