ARKit Data
1197532.50391308
normal
simd_float4x4([[-0.038512, -0.967539, 0.249772, 0.0)], [0.995953, -0.016852, 0.0882852, 0.0)], [-0.0812102, 0.252161, 0.964272, 0.0)], [-0.0414671, -0.159915, 0.0988451, 1.0)]])
-0.0414671, -0.159915, 0.0988451
float3(-0.254912, -0.0840209, -1.58821)
1197532.825365
notAvailable
simd_float4x4([[1.0, 0.0, 0.0, 0.0)], [0.0, 1.0, 0.0, 0.0)], [0.0, 0.0, 1.0, 0.0)], [0.0, 0.0, 0.0, 1.0)]])
0.0, 0.0, 0.0
float3(-0.0, 0.0, 0.0)
1197532.89203304
notAvailable
simd_float4x4([[1.0, 0.0, 0.0, 0.0)], [0.0, 1.0, 0.0, 0.0)], [0.0, 0.0, 1.0, 0.0)], [0.0, 0.0, 0.0, 1.0)]])
0.0, 0.0, 0.0
float3(-0.0, 0.0, 0.0)
1197532.94205871
notAvailable
simd_float4x4([[1.0, 0.0, 0.0, 0.0)], [0.0, 1.0, 0.0, 0.0)], [0.0, 0.0, 1.0, 0.0)], [0.0, 0.0, 0.0, 1.0)]])
0.0, 0.0, 0.0
float3(-0.0, 0.0, 0.0)
1197532.9920845
limited(__ObjC.ARCamera.TrackingState.Reason.initializing)
simd_float4x4([[-0.00492, -0.968152, 0.250313, 0.0)], [0.999988, -0.00455139, 0.00205142, 0.0)], [-0.000846817, 0.25032, 0.968162, 0.0)], [0.0, 0.0, 0.0, 1.0)]])
0.0, 0.0, 0.0
float3(-0.253011, -0.000874664, -1.5755)
1197533.04211042
limited(__ObjC.ARCamera.TrackingState.Reason.initializing)
simd_float4x4([[-0.00342026, -0.968154, 0.250333, 0.0)], [0.999994, -0.00322474, 0.00119123, 0.0)], [-0.000346035, 0.250335, 0.968159, 0.0)], [0.0, 0.0, 0.0, 1.0)]])
0.0, 0.0, 0.0
float3(-0.253027, -0.000357415, -1.57413)
1197533.09213608
limited(__ObjC.ARCamera.TrackingState.Reason.initializing)
simd_float4x4([[-0.00413961, -0.96852, 0.248902, 0.0)], [0.99999, -0.00365749, 0.00239942, 0.0)], [-0.00141353, 0.248909, 0.968526, 0.0)], [0.0, 0.0, 0.0, 1.0)]])
0.0, 0.0, 0.0
float3(-0.251554, -0.00145947, -1.57457)
1197533.14216188
limited(__ObjC.ARCamera.TrackingState.Reason.initializing)
simd_float4x4([[0.0210487, -0.956395, 0.291316, 0.0)], [0.9997, 0.0237932, 0.00588143, 0.0)], [-0.0125563, 0.291105, 0.956609, 0.0)], [0.0, 0.0, 0.0, 1.0)]])
0.0, 0.0, 0.0
float3(-0.295382, -0.0131251, -1.54592)
1197533.19218758
limited(__ObjC.ARCamera.TrackingState.Reason.initializing)
simd_float4x4([[0.0218594, -0.958867, 0.283012, 0.0)], [0.999543, 0.0268722, 0.0138421, 0.0)], [-0.0208779, 0.28258, 0.959016, 0.0)], [0.0, 0.0, 0.0, 1.0)]])
0.0, 0.0, 0.0
float3(-0.286483, -0.0217667, -1.54278)
1197533.2422135
limited(__ObjC.ARCamera.TrackingState.Reason.initializing)
simd_float4x4([[0.0256898, -0.960829, 0.275947, 0.0)], [0.999204, 0.0331075, 0.0222554, 0.0)], [-0.0305196, 0.275156, 0.960915, 0.0)], [0.0, 0.0, 0.0, 1.0)]])
0.0, 0.0, 0.0
float3(-0.278752, -0.0317503, -1.53635)
1197533.29223929
limited(__ObjC.ARCamera.TrackingState.Reason.initializing)
simd_float4x4([[0.0260183, -0.960935, 0.275547, 0.0)], [0.998728, 0.0368947, 0.0343618, 0.0)], [-0.0431857, 0.274302, 0.960673, 0.0)], [0.0, 0.0, 0.0, 1.0)]])
0.0, 0.0, 0.0
float3(-0.277864, -0.0449234, -1.53242)
1197533.342265
limited(__ObjC.ARCamera.TrackingState.Reason.initializing)
simd_float4x4([[0.0194626, -0.961206, 0.275143, 0.0)], [0.998392, 0.0333404, 0.0458515, 0.0)], [-0.0532461, 0.273808, 0.960309, 0.0)], [0.0, 0.0, 0.0, 1.0)]])
0.0, 0.0, 0.0
float3(-0.27735, -0.0553901, -1.53612)
1197533.39229092
limited(__ObjC.ARCamera.TrackingState.Reason.initializing)
simd_float4x4([[0.0112095, -0.959658, 0.280944, 0.0)], [0.997847, 0.0288928, 0.0588799, 0.0)], [-0.0646219, 0.279679, 0.957916, 0.0)], [0.0, 0.0, 0.0, 1.0)]])
0.0, 0.0, 0.0
float3(-0.283459, -0.0673589, -1.5407)
1197533.44231654
limited(__ObjC.ARCamera.TrackingState.Reason.initializing)
simd_float4x4([[-0.000321648, -0.958724, 0.284335, 0.0)], [0.9973, 0.020571, 0.0704897, 0.0)], [-0.0734293, 0.28359, 0.95613, 0.0)], [0.0, 0.0, 0.0, 1.0)]])
0.0, 0.0, 0.0
float3(-0.287536, -0.076648, -1.54934)
1197533.49234233
limited(__ObjC.ARCamera.TrackingState.Reason.initializing)
simd_float4x4([[-0.0101523, -0.956801, 0.290563, 0.0)], [0.996541, 0.0142861, 0.0818623, 0.0)], [-0.0824771, 0.290389, 0.953347, 0.0)], [0.0, 0.0, 0.0, 1.0)]])
0.0, 0.0, 0.0
float3(-0.294633, -0.0862983, -1.55587)
1197533.54236829
limited(__ObjC.ARCamera.TrackingState.Reason.initializing)
simd_float4x4([[-0.0223596, -0.954412, 0.297651, 0.0)], [0.995675, 0.00559515, 0.0927363, 0.0)], [-0.0901741, 0.298437, 0.950159, 0.0)], [0.0, 0.0, 0.0, 1.0)]])
0.0, 0.0, 0.0
float3(-0.303055, -0.0946208, -1.56493)
1197533.59239404
limited(__ObjC.ARCamera.TrackingState.Reason.initializing)
simd_float4x4([[-0.0305537, -0.952308, 0.303602, 0.0)], [0.99502, -0.000147779, 0.0996728, 0.0)], [-0.0948744, 0.305136, 0.947571, 0.0)], [0.0, 0.0, 0.0, 1.0)]])
0.0, 0.0, 0.0
float3(-0.310081, -0.0997913, -1.57095)
1197533.64241983
limited(__ObjC.ARCamera.TrackingState.Reason.initializing)
simd_float4x4([[-0.0367506, -0.951285, 0.306113, 0.0)], [0.994513, -0.0047924, 0.104504, 0.0)], [-0.0979463, 0.308274, 0.946241, 0.0)], [0.0, 0.0, 0.0, 1.0)]])
0.0, 0.0, 0.0
float3(-0.313378, -0.103144, -1.57583)
1197533.69244554
limited(__ObjC.ARCamera.TrackingState.Reason.initializing)
simd_float4x4([[-0.0404595, -0.950966, 0.306635, 0.0)], [0.994415, -0.00838499, 0.105206, 0.0)], [-0.0974762, 0.309179, 0.945994, 0.0)], [0.0, 0.0, 0.0, 1.0)]])
0.0, 0.0, 0.0
float3(-0.314329, -0.102679, -1.57961)
1197533.74247133
limited(__ObjC.ARCamera.TrackingState.Reason.initializing)
simd_float4x4([[-0.0443347, -0.949884, 0.309439, 0.0)], [0.994477, -0.0124681, 0.10421, 0.0)], [-0.0951293, 0.31235, 0.945191, 0.0)], [0.0, 0.0, 0.0, 1.0)]])
0.0, 0.0, 0.0
float3(-0.317666, -0.100308, -1.58392)
1197533.79249729
limited(__ObjC.ARCamera.TrackingState.Reason.initializing)
simd_float4x4([[-0.0466891, -0.949144, 0.311357, 0.0)], [0.995272, -0.0176255, 0.0955151, 0.0)], [-0.0851699, 0.314345, 0.945479, 0.0)], [0.0, 0.0, 0.0, 1.0)]])
0.0, 0.0, 0.0
float3(-0.319766, -0.0898388, -1.58936)
1197533.84252292
limited(__ObjC.ARCamera.TrackingState.Reason.initializing)
simd_float4x4([[-0.0464516, -0.947578, 0.316124, 0.0)], [0.996026, -0.019862, 0.0868213, 0.0)], [-0.0759913, 0.318901, 0.944735, 0.0)], [0.0, 0.0, 0.0, 1.0)]])
0.0, 0.0, 0.0
float3(-0.32457, -0.0802639, -1.59175)
1197533.89254879
limited(__ObjC.ARCamera.TrackingState.Reason.initializing)
simd_float4x4([[-0.0457745, -0.946573, 0.319219, 0.0)], [0.996848, -0.0225564, 0.0760574, 0.0)], [-0.0647937, 0.321695, 0.944622, 0.0)], [0.0, 0.0, 0.0, 1.0)]])
0.0, 0.0, 0.0
float3(-0.327519, -0.0684849, -1.59462)
1197533.94257446
limited(__ObjC.ARCamera.TrackingState.Reason.initializing)
simd_float4x4([[-0.0444317, -0.94568, 0.322044, 0.0)], [0.997781, -0.0260085, 0.0612878, 0.0)], [-0.0495829, 0.324053, 0.944737, 0.0)], [0.0, 0.0, 0.0, 1.0)]])
0.0, 0.0, 0.0
float3(-0.33001, -0.0524352, -1.59829)
1197533.99260042
limited(__ObjC.ARCamera.TrackingState.Reason.initializing)
simd_float4x4([[-0.0401078, -0.943525, 0.328859, 0.0)], [0.998614, -0.0266271, 0.0453961, 0.0)], [-0.034076, 0.330224, 0.943286, 0.0)], [0.0, 0.0, 0.0, 1.0)]])
0.0, 0.0, 0.0
float3(-0.336541, -0.036109, -1.59901)
1197534.04262621
limited(__ObjC.ARCamera.TrackingState.Reason.initializing)
simd_float4x4([[-0.0350538, -0.942609, 0.332049, 0.0)], [0.99925, -0.0275859, 0.0271792, 0.0)], [-0.0164595, 0.332753, 0.942869, 0.0)], [0.0, 0.0, 0.0, 1.0)]])
0.0, 0.0, 0.0
float3(-0.339221, -0.0174551, -1.60005)
1197534.09265196
limited(__ObjC.ARCamera.TrackingState.Reason.initializing)
simd_float4x4([[-0.0298099, -0.941824, 0.334777, 0.0)], [0.999556, -0.0281165, 0.0099044, 0.0)], [8.45006e-05, 0.334924, 0.942243, 0.0)], [0.0, 0.0, 0.0, 1.0)]])
0.0, 0.0, 0.0
float3(-0.341524, 8.96803e-05, -1.60064)
1197534.14267775
limited(__ObjC.ARCamera.TrackingState.Reason.initializing)
simd_float4x4([[-0.0230858, -0.940575, 0.338795, 0.0)], [0.999546, -0.0282832, -0.0104112, 0.0)], [0.0193747, 0.338401, 0.940801, 0.0)], [0.0, 0.0, 0.0, 1.0)]])
0.0, 0.0, 0.0
float3(-0.345217, 0.0205909, -1.60086)
1197534.19270354
limited(__ObjC.ARCamera.TrackingState.Reason.initializing)
simd_float4x4([[-0.016721, -0.939858, 0.34115, 0.0)], [0.999216, -0.0279522, -0.0280328, 0.0)], [0.0358827, 0.340413, 0.939589, 0.0)], [0.0, 0.0, 0.0, 1.0)]])
0.0, 0.0, 0.0
float3(-0.347356, 0.0381713, -1.60053)
1197534.24272942
limited(__ObjC.ARCamera.TrackingState.Reason.initializing)
simd_float4x4([[-0.0101183, -0.939001, 0.343758, 0.0)], [0.998538, -0.0277401, -0.0463836, 0.0)], [0.0530902, 0.342786, 0.93791, 0.0)], [0.0, 0.0, 0.0, 1.0)]])
0.0, 0.0, 0.0
float3(-0.349882, 0.0565445, -1.60033)
1197534.29275521
limited(__ObjC.ARCamera.TrackingState.Reason.initializing)
simd_float4x4([[-0.00323436, -0.937769, 0.347238, 0.0)], [0.997492, -0.0275765, -0.0651841, 0.0)], [0.0707034, 0.346156, 0.935506, 0.0)], [0.0, 0.0, 0.0, 1.0)]])
0.0, 0.0, 0.0
float3(-0.353471, 0.0754343, -1.60019)
1197534.34278083
limited(__ObjC.ARCamera.TrackingState.Reason.initializing)
simd_float4x4([[0.00227431, -0.936953, 0.349443, 0.0)], [0.996282, -0.0279704, -0.0814814, 0.0)], [0.0861184, 0.348329, 0.933406, 0.0)], [0.0, 0.0, 0.0, 1.0)]])
0.0, 0.0, 0.0
float3(-0.355788, 0.0920021, -1.60064)
1197534.39280667
limited(__ObjC.ARCamera.TrackingState.Reason.initializing)
simd_float4x4([[0.00678506, -0.936965, 0.34935, 0.0)], [0.99457, -0.0299593, -0.0996688, 0.0)], [0.103853, 0.34813, 0.931673, 0.0)], [0.0, 0.0, 0.0, 1.0)]])
0.0, 0.0, 0.0
float3(-0.355575, 0.111011, -1.60276)
1197534.4428325
limited(__ObjC.ARCamera.TrackingState.Reason.initializing)
simd_float4x4([[0.0121791, -0.936122, 0.351458, 0.0)], [0.99282, -0.030506, -0.115659, 0.0)], [0.118993, 0.350343, 0.929029, 0.0)], [0.0, 0.0, 0.0, 1.0)]])
0.0, 0.0, 0.0
float3(-0.357937, 0.12739, -1.60337)
1197534.49285837
limited(__ObjC.ARCamera.TrackingState.Reason.initializing)
simd_float4x4([[0.0167151, -0.936217, 0.351018, 0.0)], [0.990666, -0.0319932, -0.132506, 0.0)], [0.135285, 0.349957, 0.926943, 0.0)], [0.0, 0.0, 0.0, 1.0)]])
0.0, 0.0, 0.0
float3(-0.357525, 0.144925, -1.60496)
1197534.54288417
limited(__ObjC.ARCamera.TrackingState.Reason.initializing)
simd_float4x4([[0.0226822, -0.936244, 0.35061, 0.0)], [0.988461, -0.0315356, -0.148159, 0.0)], [0.14977, 0.349925, 0.924725, 0.0)], [0.0, 0.0, 0.0, 1.0)]])
0.0, 0.0, 0.0
float3(-0.357491, 0.160567, -1.60447)
1197534.59290992
limited(__ObjC.ARCamera.TrackingState.Reason.initializing)
simd_float4x4([[0.026937, -0.93666, 0.349197, 0.0)], [0.986239, -0.0320984, -0.162178, 0.0)], [0.163115, 0.34876, 0.922906, 0.0)], [0.0, 0.0, 0.0, 1.0)]])
0.0, 0.0, 0.0
float3(-0.356248, 0.174934, -1.60505)
1197534.64293571
limited(__ObjC.ARCamera.TrackingState.Reason.initializing)
simd_float4x4([[0.0325201, -0.937408, 0.346705, 0.0)], [0.984045, -0.0306808, -0.175256, 0.0)], [0.174924, 0.346872, 0.921454, 0.0)], [0.0, 0.0, 0.0, 1.0)]])
0.0, 0.0, 0.0
float3(-0.354234, 0.187602, -1.60351)
1197534.69296133
limited(__ObjC.ARCamera.TrackingState.Reason.initializing)
simd_float4x4([[0.0362319, -0.939117, 0.341676, 0.0)], [0.981977, -0.0300043, -0.186601, 0.0)], [0.185492, 0.342279, 0.921105, 0.0)], [0.0, 0.0, 0.0, 1.0)]])
0.0, 0.0, 0.0
float3(-0.349341, 0.198722, -1.60273)
1197534.74298725
limited(__ObjC.ARCamera.TrackingState.Reason.initializing)
simd_float4x4([[0.039616, -0.940351, 0.337887, 0.0)], [0.97995, -0.0295168, -0.197043, 0.0)], [0.195263, 0.338919, 0.920328, 0.0)], [0.0, 0.0, 0.0, 1.0)]])
0.0, 0.0, 0.0
float3(-0.345767, 0.209067, -1.60218)
1197534.79301308
limited(__ObjC.ARCamera.TrackingState.Reason.initializing)
simd_float4x4([[0.0429265, -0.94103, 0.335585, 0.0)], [0.977866, -0.0292743, -0.207175, 0.0)], [0.204782, 0.33705, 0.918944, 0.0)], [0.0, 0.0, 0.0, 1.0)]])
0.0, 0.0, 0.0
float3(-0.343782, 0.219262, -1.6019)
1197534.84303875
limited(__ObjC.ARCamera.TrackingState.Reason.initializing)
simd_float4x4([[0.0456016, -0.941879, 0.332838, 0.0)], [0.975916, -0.0291466, -0.21619, 0.0)], [0.213327, 0.33468, 0.917866, 0.0)], [0.0, 0.0, 0.0, 1.0)]])
0.0, 0.0, 0.0
float3(-0.341266, 0.228362, -1.60173)
1197534.89306458
limited(__ObjC.ARCamera.TrackingState.Reason.initializing)
simd_float4x4([[0.0487279, -0.942549, 0.33049, 0.0)], [0.97388, -0.0286325, -0.22525, 0.0)], [0.221773, 0.332834, 0.916534, 0.0)], [0.0, 0.0, 0.0, 1.0)]])
0.0, 0.0, 0.0
float3(-0.339307, 0.237406, -1.60116)
1197534.94309033
limited(__ObjC.ARCamera.TrackingState.Reason.initializing)
simd_float4x4([[0.0503889, -0.943216, 0.32833, 0.0)], [0.97217, -0.0289883, -0.232478, 0.0)], [0.228795, 0.330906, 0.915505, 0.0)], [0.0, 0.0, 0.0, 1.0)]])
0.0, 0.0, 0.0
float3(-0.337264, 0.244895, -1.60152)
1197534.99311629
limited(__ObjC.ARCamera.TrackingState.Reason.initializing)
simd_float4x4([[0.0533171, -0.943203, 0.327903, 0.0)], [0.970791, -0.0279645, -0.238291, 0.0)], [0.233928, 0.331031, 0.914162, 0.0)], [0.0, 0.0, 0.0, 1.0)]])
0.0, 0.0, 0.0
float3(-0.337396, 0.250517, -1.60044)
1197535.04314196
limited(__ObjC.ARCamera.TrackingState.Reason.initializing)
simd_float4x4([[0.055394, -0.9437, 0.326123, 0.0)], [0.96923, -0.0276351, -0.244599, 0.0)], [0.239842, 0.329638, 0.913132, 0.0)], [0.0, 0.0, 0.0, 1.0)]])
0.0, 0.0, 0.0
float3(-0.33592, 0.256857, -1.60007)
1197535.09316783
limited(__ObjC.ARCamera.TrackingState.Reason.initializing)
simd_float4x4([[0.0565209, -0.943197, 0.327382, 0.0)], [0.967541, -0.0291508, -0.251028, 0.0)], [0.246313, 0.330944, 0.910934, 0.0)], [0.0, 0.0, 0.0, 1.0)]])
0.0, 0.0, 0.0
float3(-0.337304, 0.264081, -1.60169)
1197535.14319354
limited(__ObjC.ARCamera.TrackingState.Reason.initializing)
simd_float4x4([[0.0560744, -0.943862, 0.325536, 0.0)], [0.966343, -0.0306828, -0.255419, 0.0)], [0.25107, 0.328902, 0.910374, 0.0)], [0.0, 0.0, 0.0, 1.0)]])
0.0, 0.0, 0.0
float3(-0.335141, 0.269098, -1.60329)
1197535.19321954
limited(__ObjC.ARCamera.TrackingState.Reason.initializing)
simd_float4x4([[0.056863, -0.943167, 0.327409, 0.0)], [0.963973, -0.0334855, -0.263883, 0.0)], [0.25985, 0.330619, 0.907283, 0.0)], [0.0, 0.0, 0.0, 1.0)]])
0.0, 0.0, 0.0
float3(-0.336959, 0.278938, -1.60628)
1197535.24324538
limited(__ObjC.ARCamera.TrackingState.Reason.initializing)
simd_float4x4([[0.0597451, -0.943271, 0.326594, 0.0)], [0.962147, -0.0327355, -0.270559, 0.0)], [0.265903, 0.330396, 0.905609, 0.0)], [0.0, 0.0, 0.0, 1.0)]])
0.0, 0.0, 0.0
float3(-0.336724, 0.285591, -1.60549)
1197535.29327113
limited(__ObjC.ARCamera.TrackingState.Reason.initializing)
simd_float4x4([[0.0625036, -0.943224, 0.326213, 0.0)], [0.959312, -0.0333934, -0.280366, 0.0)], [0.275343, 0.330464, 0.902759, 0.0)], [0.0, 0.0, 0.0, 1.0)]])
0.0, 0.0, 0.0
float3(-0.336795, 0.296039, -1.60618)
1197535.34329692
limited(__ObjC.ARCamera.TrackingState.Reason.initializing)
simd_float4x4([[0.0651811, -0.943094, 0.326066, 0.0)], [0.956971, -0.0335156, -0.288242, 0.0)], [0.282769, 0.330823, 0.900328, 0.0)], [0.0, 0.0, 0.0, 1.0)]])
0.0, 0.0, 0.0
float3(-0.337176, 0.304318, -1.60632)
1197535.39332254
limited(__ObjC.ARCamera.TrackingState.Reason.initializing)
simd_float4x4([[0.0685361, -0.943045, 0.325516, 0.0)], [0.953777, -0.0337559, -0.298612, 0.0)], [0.292594, 0.330935, 0.897142, 0.0)], [0.0, 0.0, 0.0, 1.0)]])
0.0, 0.0, 0.0
float3(-0.337295, 0.315263, -1.60658)
1197535.44334846
limited(__ObjC.ARCamera.TrackingState.Reason.initializing)
simd_float4x4([[0.0718578, -0.942487, 0.326416, 0.0)], [0.951265, -0.0336343, -0.306533, 0.0)], [0.299883, 0.332535, 0.894138, 0.0)], [0.0, 0.0, 0.0, 1.0)]])
0.0, 0.0, 0.0
float3(-0.33899, 0.323599, -1.60647)
1197535.49337425
limited(__ObjC.ARCamera.TrackingState.Reason.initializing)
simd_float4x4([[0.0737977, -0.942906, 0.324766, 0.0)], [0.948818, -0.0338887, -0.313999, 0.0)], [0.307079, 0.331316, 0.892145, 0.0)], [0.0, 0.0, 0.0, 1.0)]])
0.0, 0.0, 0.0
float3(-0.337698, 0.331501, -1.60672)
1197535.54340004
limited(__ObjC.ARCamera.TrackingState.Reason.initializing)
simd_float4x4([[0.0771388, -0.941959, 0.326731, 0.0)], [0.946413, -0.0338977, -0.321173, 0.0)], [0.313609, 0.333998, 0.888868, 0.0)], [0.0, 0.0, 0.0, 1.0)]])
0.0, 0.0, 0.0
float3(-0.340542, 0.339184, -1.60677)
1197535.59342588
limited(__ObjC.ARCamera.TrackingState.Reason.initializing)
simd_float4x4([[0.0789117, -0.942188, 0.325646, 0.0)], [0.94494, -0.0333706, -0.325537, 0.0)], [0.317586, 0.333405, 0.887677, 0.0)], [0.0, 0.0, 0.0, 1.0)]])
0.0, 0.0, 0.0
float3(-0.339913, 0.343582, -1.6062)
1197535.64345167
limited(__ObjC.ARCamera.TrackingState.Reason.initializing)
simd_float4x4([[0.078564, -0.94306, 0.323198, 0.0)], [0.94418, -0.0336496, -0.327706, 0.0)], [0.319923, 0.330903, 0.887774, 0.0)], [0.0, 0.0, 0.0, 1.0)]])
0.0, 0.0, 0.0
float3(-0.33726, 0.345879, -1.60646)
1197535.69347754
limited(__ObjC.ARCamera.TrackingState.Reason.initializing)
simd_float4x4([[0.0773472, -0.944109, 0.320417, 0.0)], [0.944814, -0.0332052, -0.325918, 0.0)], [0.318343, 0.327944, 0.889439, 0.0)], [0.0, 0.0, 0.0, 1.0)]])
0.0, 0.0, 0.0
float3(-0.334126, 0.343708, -1.60595)
1197535.74350333
limited(__ObjC.ARCamera.TrackingState.Reason.initializing)
simd_float4x4([[0.0747111, -0.945145, 0.317978, 0.0)], [0.946157, -0.0335274, -0.321967, 0.0)], [0.314969, 0.324912, 0.89175, 0.0)], [0.0, 0.0, 0.0, 1.0)]])
0.0, 0.0, 0.0
float3(-0.330918, 0.339526, -1.60625)
1197535.79352896
limited(__ObjC.ARCamera.TrackingState.Reason.initializing)
simd_float4x4([[0.0740416, -0.944763, 0.319265, 0.0)], [0.947539, -0.0331719, -0.317913, 0.0)], [0.310945, 0.326055, 0.892744, 0.0)], [0.0, 0.0, 0.0, 1.0)]])
0.0, 0.0, 0.0
float3(-0.332128, 0.335162, -1.60589)
1197535.84355475
limited(__ObjC.ARCamera.TrackingState.Reason.initializing)
simd_float4x4([[0.0713685, -0.945357, 0.318115, 0.0)], [0.949997, -0.0327748, -0.310534, 0.0)], [0.303993, 0.324371, 0.895746, 0.0)], [0.0, 0.0, 0.0, 1.0)]])
0.0, 0.0, 0.0
float3(-0.330347, 0.327178, -1.60545)
1197535.89358054
limited(__ObjC.ARCamera.TrackingState.Reason.initializing)
simd_float4x4([[0.0684567, -0.945586, 0.318073, 0.0)], [0.952805, -0.0325486, -0.301833, 0.0)], [0.295764, 0.323725, 0.89873, 0.0)], [0.0, 0.0, 0.0, 1.0)]])
0.0, 0.0, 0.0
float3(-0.329663, 0.317928, -1.6052)
1197535.94360654
limited(__ObjC.ARCamera.TrackingState.Reason.initializing)
simd_float4x4([[0.0654542, -0.946144, 0.317044, 0.0)], [0.955713, -0.0319171, -0.292563, 0.0)], [0.286928, 0.322153, 0.902153, 0.0)], [0.0, 0.0, 0.0, 1.0)]])
0.0, 0.0, 0.0
float3(-0.328002, 0.307932, -1.60452)
1197535.99363238
limited(__ObjC.ARCamera.TrackingState.Reason.initializing)
simd_float4x4([[0.0621411, -0.946471, 0.316734, 0.0)], [0.959093, -0.0311873, -0.281368, 0.0)], [0.276186, 0.321262, 0.905815, 0.0)], [0.0, 0.0, 0.0, 1.0)]])
0.0, 0.0, 0.0
float3(-0.327062, 0.295949, -1.60374)
1197536.043658
limited(__ObjC.ARCamera.TrackingState.Reason.initializing)
simd_float4x4([[0.0588071, -0.947065, 0.315593, 0.0)], [0.962228, -0.0304032, -0.270542, 0.0)], [0.265818, 0.319582, 0.909504, 0.0)], [0.0, 0.0, 0.0, 1.0)]])
0.0, 0.0, 0.0
float3(-0.325289, 0.284347, -1.60289)
1197536.09368392
limited(__ObjC.ARCamera.TrackingState.Reason.initializing)
simd_float4x4([[0.0520072, -0.949166, 0.310433, 0.0)], [0.965711, -0.031373, -0.257716, 0.0)], [0.254357, 0.313192, 0.914988, 0.0)], [0.0, 0.0, 0.0, 1.0)]])
0.0, 0.0, 0.0
float3(-0.318552, 0.271143, -1.60384)
1197536.14370958
limited(__ObjC.ARCamera.TrackingState.Reason.initializing)
simd_float4x4([[0.0456959, -0.951545, 0.30408, 0.0)], [0.968784, -0.0320318, -0.245826, 0.0)], [0.243656, 0.305821, 0.920378, 0.0)], [0.0, 0.0, 0.0, 1.0)]])
0.0, 0.0, 0.0
float3(-0.310801, 0.258798, -1.60445)
1197536.19373554
limited(__ObjC.ARCamera.TrackingState.Reason.initializing)
simd_float4x4([[0.0403019, -0.9538, 0.297708, 0.0)], [0.971828, -0.0318267, -0.233532, 0.0)], [0.232219, 0.298733, 0.925647, 0.0)], [0.0, 0.0, 0.0, 1.0)]])
0.0, 0.0, 0.0
float3(-0.303365, 0.2458, -1.60415)
1197536.24376125
limited(__ObjC.ARCamera.TrackingState.Reason.initializing)
simd_float4x4([[0.0341317, -0.957237, 0.287265, 0.0)], [0.974744, -0.0315884, -0.221081, 0.0)], [0.220702, 0.287556, 0.931982, 0.0)], [0.0, 0.0, 0.0, 1.0)]])
0.0, 0.0, 0.0
float3(-0.291674, 0.232526, -1.60378)
1197536.293787
limited(__ObjC.ARCamera.TrackingState.Reason.initializing)
simd_float4x4([[0.0266461, -0.961597, 0.273147, 0.0)], [0.977579, -0.032027, -0.20812, 0.0)], [0.208877, 0.272568, 0.939183, 0.0)], [0.0, 0.0, 0.0, 1.0)]])
0.0, 0.0, 0.0
float3(-0.276061, 0.218841, -1.60409)
1197536.34381287
limited(__ObjC.ARCamera.TrackingState.Reason.initializing)
simd_float4x4([[0.0189793, -0.966387, 0.256369, 0.0)], [0.98024, -0.0325096, -0.195119, 0.0)], [0.196896, 0.255007, 0.946674, 0.0)], [0.0, 0.0, 0.0, 1.0)]])
0.0, 0.0, 0.0
float3(-0.257855, 0.205064, -1.60442)
1197536.39383871
limited(__ObjC.ARCamera.TrackingState.Reason.initializing)
simd_float4x4([[0.0132942, -0.971103, 0.238264, 0.0)], [0.982417, -0.0316918, -0.183989, 0.0)], [0.186224, 0.23652, 0.953607, 0.0)], [0.0, 0.0, 0.0, 1.0)]])
0.0, 0.0, 0.0
float3(-0.238783, 0.192857, -1.60342)
1197536.44386454
limited(__ObjC.ARCamera.TrackingState.Reason.initializing)
simd_float4x4([[0.00647187, -0.975799, 0.218544, 0.0)], [0.984604, -0.0319566, -0.17185, 0.0)], [0.174676, 0.216292, 0.960569, 0.0)], [0.0, 0.0, 0.0, 1.0)]])
0.0, 0.0, 0.0
float3(-0.218015, 0.179881, -1.60353)
1197536.49389033
limited(__ObjC.ARCamera.TrackingState.Reason.initializing)
simd_float4x4([[0.00487532, -0.979769, 0.200042, 0.0)], [0.98666, -0.0278375, -0.160396, 0.0)], [0.16272, 0.198156, 0.966563, 0.0)], [0.0, 0.0, 0.0, 1.0)]])
0.0, 0.0, 0.0
float3(-0.199476, 0.166786, -1.5992)
1197536.54391608
limited(__ObjC.ARCamera.TrackingState.Reason.initializing)
simd_float4x4([[0.00328897, -0.982561, 0.185878, 0.0)], [0.988758, -0.0245908, -0.14749, 0.0)], [0.149489, 0.184274, 0.971433, 0.0)], [0.0, 0.0, 0.0, 1.0)]])
0.0, 0.0, 0.0
float3(-0.185333, 0.152688, -1.59582)
1197536.59394171
limited(__ObjC.ARCamera.TrackingState.Reason.initializing)
simd_float4x4([[0.00187887, -0.984492, 0.175379, 0.0)], [0.991308, -0.0212355, -0.129832, 0.0)], [0.131544, 0.174098, 0.975896, 0.0)], [0.0, 0.0, 0.0, 1.0)]])
0.0, 0.0, 0.0
float3(-0.17499, 0.133986, -1.59236)
1197536.64396775
limited(__ObjC.ARCamera.TrackingState.Reason.initializing)
simd_float4x4([[-0.000747746, -0.986376, 0.164461, 0.0)], [0.993418, -0.0195693, -0.112859, 0.0)], [0.11454, 0.163294, 0.979899, 0.0)], [0.0, 0.0, 0.0, 1.0)]])
0.0, 0.0, 0.0
float3(-0.164028, 0.116362, -1.59063)
1197536.69399358
normal
simd_float4x4([[0.00553921, -0.987703, 0.156244, 0.0)], [0.995296, -0.00966619, -0.0963907, 0.0)], [0.0967156, 0.156043, 0.983004, 0.0)], [0.00129765, 0.00310066, -0.000568466, 1.0)]])
0.00129765, 0.00310066, -0.000568466
float3(-0.156684, 0.0980722, -1.58058)
1197536.74401937
normal
simd_float4x4([[0.0019552, -0.989634, 0.143596, 0.0)], [0.997001, -0.00918016, -0.0768427, 0.0)], [0.0773644, 0.143316, 0.986648, 0.0)], [0.0033963, 0.00723919, -0.000970148, 1.0)]])
0.0033963, 0.00723919, -0.000970148
float3(-0.143811, 0.0782512, -1.58007)
1197536.79404508
normal
simd_float4x4([[-0.00119462, -0.991099, 0.133124, 0.0)], [0.99839, -0.00873219, -0.0560511, 0.0)], [0.0567146, 0.132843, 0.989513, 0.0)], [0.00732868, 0.0110986, -0.0035205, 1.0)]])
0.00732868, 0.0110986, -0.0035205
float3(-0.133237, 0.057253, -1.57961)
1197536.84407079
normal
simd_float4x4([[-0.00247808, -0.991859, 0.127321, 0.0)], [0.999478, -0.00655659, -0.0316243, 0.0)], [0.0322016, 0.127176, 0.991357, 0.0)], [0.00871649, 0.0146822, -0.00518759, 1.0)]])
0.00871649, 0.0146822, -0.00518759
float3(-0.127521, 0.0324709, -1.57741)
1197536.89409675
normal
simd_float4x4([[-0.00172759, -0.992713, 0.120492, 0.0)], [0.999929, -0.00312981, -0.0114492, 0.0)], [0.0117428, 0.120464, 0.992648, 0.0)], [0.0118585, 0.018593, -0.0100707, 1.0)]])
0.0118585, 0.018593, -0.0100707
float3(-0.120757, 0.0118293, -1.57395)
1197536.94412242
normal
simd_float4x4([[-0.000837019, -0.99361, 0.112866, 0.0)], [0.999947, 0.000319992, 0.0102326, 0.0)], [-0.0102034, 0.112869, 0.993557, 0.0)], [0.0122255, 0.0223849, -0.0127163, 1.0)]])
0.0122255, 0.0223849, -0.0127163
float3(-0.11311, -0.0102692, -1.57047)
1197536.99414838
normal
simd_float4x4([[0.000483986, -0.994654, 0.10326, 0.0)], [0.999555, 0.00356129, 0.0296193, 0.0)], [-0.0298287, 0.103199, 0.994213, 0.0)], [0.0166774, 0.0266968, -0.01532, 1.0)]])
0.0166774, 0.0266968, -0.01532
float3(-0.103384, -0.0299933, -1.56722)
1197537.04417408
normal
simd_float4x4([[0.00113716, -0.995509, 0.0946589, 0.0)], [0.998578, 0.00617494, 0.0529445, 0.0)], [-0.0532912, 0.0944641, 0.994101, 0.0)], [0.0167706, 0.0300053, -0.01731, 1.0)]])
0.0167706, 0.0300053, -0.01731
float3(-0.0946052, -0.0535562, -1.56459)
1197537.09419983
normal
simd_float4x4([[0.000925196, -0.996131, 0.0878738, 0.0)], [0.997157, 0.00753989, 0.0749729, 0.0)], [-0.0753454, 0.0875546, 0.993306, 0.0)], [0.0234968, 0.0327892, -0.0163794, 1.0)]])
0.0234968, 0.0327892, -0.0163794
float3(-0.0876669, -0.0757081, -1.56323)
1197537.14422583
normal
simd_float4x4([[-0.000474766, -0.996528, 0.0832615, 0.0)], [0.995058, 0.00779673, 0.0989903, 0.0)], [-0.0992957, 0.082897, 0.991599, 0.0)], [0.0239146, 0.0345301, -0.0184055, 1.0)]])
0.0239146, 0.0345301, -0.0184055
float3(-0.0829922, -0.0998043, -1.56297)
1197537.1942515
normal
simd_float4x4([[-0.00174139, -0.996753, 0.0804986, 0.0)], [0.992403, 0.00818021, 0.122758, 0.0)], [-0.123018, 0.0801008, 0.989167, 0.0)], [0.0326489, 0.0379423, -0.0173976, 1.0)]])
0.0326489, 0.0379423, -0.0173976
float3(-0.0801867, -0.12373, -1.56259)
1197537.24427738
normal
simd_float4x4([[-0.00437143, -0.996908, 0.0784564, 0.0)], [0.989229, 0.00716798, 0.146198, 0.0)], [-0.146308, 0.0782505, 0.986139, 0.0)], [0.0331665, 0.0389114, -0.0196062, 1.0)]])
0.0331665, 0.0389114, -0.0196062
float3(-0.0783305, -0.14729, -1.56361)
1197537.29430308
normal
simd_float4x4([[-0.00714109, -0.997226, 0.0740911, 0.0)], [0.98581, 0.00540627, 0.16778, 0.0)], [-0.167715, 0.0742379, 0.983036, 0.0)], [0.0431209, 0.0420644, -0.0178246, 1.0)]])
0.0431209, 0.0420644, -0.0178246
float3(-0.0743062, -0.168982, -1.56538)
1197537.34432908
normal
simd_float4x4([[-0.00951839, -0.997464, 0.0705272, 0.0)], [0.98184, 0.00404125, 0.189665, 0.0)], [-0.189469, 0.0710518, 0.979313, 0.0)], [0.0432942, 0.0421486, -0.0195012, 1.0)]])
0.0432942, 0.0421486, -0.0195012
float3(-0.0711117, -0.19111, -1.56674)
1197537.39435471
normal
simd_float4x4([[-0.00966898, -0.997506, 0.0699225, 0.0)], [0.977658, 0.00525348, 0.210137, 0.0)], [-0.209981, 0.0703921, 0.975168, 0.0)], [0.0507244, 0.0452791, -0.0183706, 1.0)]])
0.0507244, 0.0452791, -0.0183706
float3(-0.0704503, -0.212089, -1.56553)
1197537.44438054
normal
simd_float4x4([[-0.00876389, -0.997373, 0.0718991, 0.0)], [0.973139, 0.00803511, 0.230079, 0.0)], [-0.230053, 0.0719842, 0.970512, 0.0)], [0.0491368, 0.0447394, -0.0217216, 1.0)]])
0.0491368, 0.0447394, -0.0217216
float3(-0.0720465, -0.232747, -1.56274)
1197537.49440625
normal
simd_float4x4([[-0.0113049, -0.997099, 0.0752753, 0.0)], [0.968716, 0.0077434, 0.248051, 0.0)], [-0.247914, 0.0757246, 0.965818, 0.0)], [0.0544419, 0.0459302, -0.0228914, 1.0)]])
0.0544419, 0.0459302, -0.0228914
float3(-0.0757972, -0.251264, -1.56303)
1197537.54443213
normal
simd_float4x4([[-0.0171953, -0.996447, 0.0824494, 0.0)], [0.963889, 0.0053969, 0.26625, 0.0)], [-0.265749, 0.0840503, 0.960371, 0.0)], [0.0531446, 0.0432149, -0.0279091, 1.0)]])
0.0531446, 0.0432149, -0.0279091
float3(-0.0841496, -0.269959, -1.56538)
1197537.59445808
normal
simd_float4x4([[-0.0247536, -0.995608, 0.0902839, 0.0)], [0.95977, 0.00159928, 0.280781, 0.0)], [-0.279692, 0.0936021, 0.955516, 0.0)], [0.0579024, 0.0429395, -0.0306173, 1.0)]])
0.0579024, 0.0429395, -0.0306173
float3(-0.0937394, -0.284759, -1.56919)
1197537.64448388
normal
simd_float4x4([[-0.0289963, -0.994537, 0.100277, 0.0)], [0.956664, 0.00146807, 0.291192, 0.0)], [-0.289748, 0.104375, 0.951395, 0.0)], [0.0553274, 0.0395486, -0.0377252, 1.0)]])
0.0553274, 0.0395486, -0.0377252
float3(-0.104565, -0.295626, -1.56932)
1197537.69450954
normal
simd_float4x4([[-0.033904, -0.993112, 0.112155, 0.0)], [0.953349, 0.00154408, 0.301867, 0.0)], [-0.299961, 0.117157, 0.94673, 0.0)], [0.0550507, 0.0396032, -0.0436017, 1.0)]])
0.0550507, 0.0396032, -0.0436017
float3(-0.117427, -0.306833, -1.56924)
1197537.74453542
normal
simd_float4x4([[-0.0391318, -0.991659, 0.122803, 0.0)], [0.951207, 0.000674367, 0.308552, 0.0)], [-0.306062, 0.128885, 0.943247, 0.0)], [0.0510307, 0.036061, -0.0517371, 1.0)]])
0.0510307, 0.036061, -0.0517371
float3(-0.129245, -0.313759, -1.57012)
1197537.79456104
normal
simd_float4x4([[-0.0455881, -0.989785, 0.135083, 0.0)], [0.948998, -0.000680788, 0.315282, 0.0)], [-0.311969, 0.142566, 0.939335, 0.0)], [0.052744, 0.0357023, -0.0568209, 1.0)]])
0.052744, 0.0357023, -0.0568209
float3(-0.143054, -0.320656, -1.57148)
1197537.84458712
normal
simd_float4x4([[-0.0517547, -0.987252, 0.150514, 0.0)], [0.947512, -0.000927818, 0.31972, 0.0)], [-0.315504, 0.159161, 0.935481, 0.0)], [0.047319, 0.0314076, -0.0661222, 1.0)]])
0.047319, 0.0314076, -0.0661222
float3(-0.15984, -0.325284, -1.57174)
1197537.89461292
normal
simd_float4x4([[-0.0582954, -0.984735, 0.164006, 0.0)], [0.947006, -0.00256585, 0.321204, 0.0)], [-0.31588, 0.17404, 0.9327, 0.0)], [0.0464257, 0.0345979, -0.0779769, 1.0)]])
0.0464257, 0.0345979, -0.0779769
float3(-0.17493, -0.326548, -1.5734)
1197537.94463867
normal
simd_float4x4([[-0.0622704, -0.982236, 0.177014, 0.0)], [0.947625, -0.00251966, 0.319376, 0.0)], [-0.313257, 0.187631, 0.930948, 0.0)], [0.0392551, 0.0307509, -0.0881464, 1.0)]])
0.0392551, 0.0307509, -0.0881464
float3(-0.188749, -0.324591, -1.57336)
1197537.99466433
normal
simd_float4x4([[-0.0657288, -0.979275, 0.191574, 0.0)], [0.948687, -0.00181598, 0.316211, 0.0)], [-0.309309, 0.202528, 0.929145, 0.0)], [0.0364045, 0.0300349, -0.098337, 1.0)]])
0.0364045, 0.0300349, -0.098337
float3(-0.203939, -0.321357, -1.57265)
1197538.04469021
normal
simd_float4x4([[-0.0679482, -0.976742, 0.203368, 0.0)], [0.950717, -0.00158045, 0.310057, 0.0)], [-0.302524, 0.214413, 0.928712, 0.0)], [0.0272764, 0.0267653, -0.109209, 1.0)]])
0.0272764, 0.0267653, -0.109209
float3(-0.216091, -0.314906, -1.57241)
1197538.094716
normal
simd_float4x4([[-0.0707522, -0.97401, 0.21517, 0.0)], [0.952398, -0.00183714, 0.304852, 0.0)], [-0.296533, 0.226496, 0.927776, 0.0)], [0.0237498, 0.0262221, -0.12002, 1.0)]])
0.0237498, 0.0262221, -0.12002
float3(-0.228479, -0.309356, -1.57268)
1197538.14474175
normal
simd_float4x4([[-0.0713942, -0.971168, 0.227456, 0.0)], [0.954705, -0.000494303, 0.297553, 0.0)], [-0.288861, 0.238397, 0.927214, 0.0)], [0.0132986, 0.0232376, -0.131253, 1.0)]])
0.0132986, 0.0232376, -0.131253
float3(-0.240715, -0.302007, -1.57131)
1197538.19476758
normal
simd_float4x4([[-0.0718761, -0.968273, 0.239334, 0.0)], [0.957072, 0.000598959, 0.289849, 0.0)], [-0.280796, 0.249893, 0.926664, 0.0)], [0.0077918, 0.0237611, -0.143172, 1.0)]])
0.0077918, 0.0237611, -0.143172
float3(-0.25257, -0.294223, -1.57018)
1197538.24479333
normal
simd_float4x4([[-0.0723037, -0.96548, 0.250239, 0.0)], [0.95979, 0.000880205, 0.280716, 0.0)], [-0.271246, 0.260474, 0.926595, 0.0)], [-0.00356818, 0.0209963, -0.155015, 1.0)]])
-0.00356818, 0.0209963, -0.155015
float3(-0.263513, -0.284778, -1.56988)
1197538.29481929
normal
simd_float4x4([[-0.0719606, -0.96216, 0.262811, 0.0)], [0.963093, 0.0014908, 0.269164, 0.0)], [-0.259371, 0.27248, 0.926543, 0.0)], [-0.0130294, 0.0202753, -0.169034, 1.0)]])
-0.0130294, 0.0202753, -0.169034
float3(-0.27597, -0.272947, -1.56925)
1197538.34484508
normal
simd_float4x4([[-0.0711386, -0.958868, 0.274794, 0.0)], [0.966077, 0.00233473, 0.258245, 0.0)], [-0.248264, 0.283843, 0.926174, 0.0)], [-0.025209, 0.0179721, -0.182109, 1.0)]])
-0.025209, 0.0179721, -0.182109
float3(-0.2878, -0.261897, -1.56836)
1197538.39487079
normal
simd_float4x4([[-0.0701537, -0.955592, 0.286221, 0.0)], [0.969497, 0.00223549, 0.245091, 0.0)], [-0.234847, 0.294684, 0.926287, 0.0)], [-0.0376047, 0.0139585, -0.194095, 1.0)]])
-0.0376047, 0.0139585, -0.194095
float3(-0.299125, -0.248303, -1.56846)
1197538.44489662
normal
simd_float4x4([[-0.0699586, -0.952041, 0.297865, 0.0)], [0.972347, 0.00161573, 0.233537, 0.0)], [-0.222818, 0.305966, 0.925601, 0.0)], [-0.0503109, 0.0117152, -0.207445, 1.0)]])
-0.0503109, 0.0117152, -0.207445
float3(-0.310952, -0.236233, -1.5691)
1197538.49492246
normal
simd_float4x4([[-0.0693839, -0.948589, 0.308812, 0.0)], [0.975182, 0.000747582, 0.221401, 0.0)], [-0.210249, 0.316509, 0.924996, 0.0)], [-0.0639637, 0.00656351, -0.219617, 1.0)]])
-0.0639637, 0.00656351, -0.219617
float3(-0.322047, -0.2235, -1.57001)
1197538.54494829
normal
simd_float4x4([[-0.071357, -0.945329, 0.318216, 0.0)], [0.977735, -0.00317394, 0.209819, 0.0)], [-0.197338, 0.326103, 0.924508, 0.0)], [-0.0767403, 0.00414093, -0.23288, 1.0)]])
-0.0767403, 0.00414093, -0.23288
float3(-0.332178, -0.210296, -1.57415)
1197538.59497413
normal
simd_float4x4([[-0.0717579, -0.941696, 0.328723, 0.0)], [0.980313, -0.00580475, 0.197366, 0.0)], [-0.183951, 0.336414, 0.923573, 0.0)], [-0.0909096, -0.00306642, -0.243935, 1.0)]])
-0.0909096, -0.00306642, -0.243935
float3(-0.343106, -0.1966, -1.57696)
1197538.64499987
normal
simd_float4x4([[-0.0691177, -0.938622, 0.337952, 0.0)], [0.982724, -0.00576112, 0.184985, 0.0)], [-0.171684, 0.344899, 0.922805, 0.0)], [-0.105236, -0.00487197, -0.257784, 1.0)]])
-0.105236, -0.00487197, -0.257784
float3(-0.352131, -0.183943, -1.57693)
1197538.69502567
normal
simd_float4x4([[-0.0671012, -0.93548, 0.346949, 0.0)], [0.985031, -0.00677457, 0.172242, 0.0)], [-0.158779, 0.353314, 0.921932, 0.0)], [-0.121895, -0.015184, -0.265886, 1.0)]])
-0.121895, -0.015184, -0.265886
float3(-0.361111, -0.170551, -1.57804)
1197538.74505142
normal
simd_float4x4([[-0.0666877, -0.93223, 0.355669, 0.0)], [0.987067, -0.00955731, 0.160024, 0.0)], [-0.14578, 0.361741, 0.92081, 0.0)], [-0.136472, -0.0172575, -0.279908, 1.0)]])
-0.136472, -0.0172575, -0.279908
float3(-0.370134, -0.157014, -1.58105)
1197538.79507733
normal
simd_float4x4([[-0.0663195, -0.928954, 0.364206, 0.0)], [0.988936, -0.0126548, 0.147801, 0.0)], [-0.132691, 0.369979, 0.919515, 0.0)], [-0.152952, -0.0312096, -0.286749, 1.0)]])
-0.152952, -0.0312096, -0.286749
float3(-0.378986, -0.143316, -1.58442)
1197538.84510317
normal
simd_float4x4([[-0.0652023, -0.925878, 0.372155, 0.0)], [0.990514, -0.0148436, 0.136611, 0.0)], [-0.120961, 0.377532, 0.918062, 0.0)], [-0.168236, -0.0337998, -0.300928, 1.0)]])
-0.168236, -0.0337998, -0.300928
float3(-0.387129, -0.131002, -1.58683)
1197538.89512904
normal
simd_float4x4([[-0.060527, -0.922285, 0.381741, 0.0)], [0.992872, -0.016292, 0.118064, 0.0)], [-0.102669, 0.386166, 0.916698, 0.0)], [0.0140345, -0.138345, -0.0338875, 1.0)]])
0.0140345, -0.138345, -0.0338875
float3(-0.396471, -0.111534, -1.58846)
1197538.94515471
normal
simd_float4x4([[-0.0587959, -0.918073, 0.392027, 0.0)], [0.994142, -0.0181745, 0.106539, 0.0)], [-0.0906853, 0.395994, 0.913764, 0.0)], [-0.00224548, -0.141786, -0.0489476, 1.0)]])
-0.00224548, -0.141786, -0.0489476
float3(-0.407151, -0.0989198, -1.59059)
1197538.99518042
normal
simd_float4x4([[-0.0573032, -0.91446, 0.400598, 0.0)], [0.995425, -0.0216061, 0.0930685, 0.0)], [-0.0764521, 0.404099, 0.911515, 0.0)], [-0.0185525, -0.162427, -0.0470328, 1.0)]])
-0.0185525, -0.162427, -0.0470328
float3(-0.415994, -0.0836778, -1.59442)
1197539.04520642
normal
simd_float4x4([[-0.0559451, -0.90956, 0.411789, 0.0)], [0.996242, -0.0235407, 0.0833515, 0.0)], [-0.0661195, 0.414905, 0.907459, 0.0)], [-0.0352002, -0.166633, -0.0620069, 1.0)]])
-0.0352002, -0.166633, -0.0620069
float3(-0.427838, -0.0727337, -1.59667)
1197539.09523225
normal
simd_float4x4([[-0.0528583, -0.904854, 0.422428, 0.0)], [0.997077, -0.0244506, 0.07239, 0.0)], [-0.0551737, 0.42502, 0.903501, 0.0)], [-0.0533271, -0.187963, -0.0561266, 1.0)]])
-0.0533271, -0.187963, -0.0561266
float3(-0.438984, -0.0609908, -1.59781)
1197539.145258
normal
simd_float4x4([[-0.0521523, -0.900169, 0.432408, 0.0)], [0.997546, -0.0267053, 0.0647191, 0.0)], [-0.0467105, 0.434722, 0.899353, 0.0)], [-0.0702061, -0.192554, -0.0708597, 1.0)]])
-0.0702061, -0.192554, -0.0708597
float3(-0.449729, -0.0518913, -1.60045)
1197539.19528375
normal
simd_float4x4([[-0.0561515, -0.896434, 0.439606, 0.0)], [0.997363, -0.030086, 0.0660439, 0.0)], [-0.045978, 0.442155, 0.895759, 0.0)], [-0.0284199, -0.118736, -0.0195402, 1.0)]])
-0.0284199, -0.118736, -0.0195402
float3(-0.458, -0.0512835, -1.60435)
1197539.24530971
normal
simd_float4x4([[-0.0550033, -0.891509, 0.449651, 0.0)], [0.997771, -0.0320398, 0.0585275, 0.0)], [-0.0377711, 0.451868, 0.891285, 0.0)], [-0.0454348, -0.123713, -0.0342555, 1.0)]])
-0.0454348, -0.123713, -0.0342555
float3(-0.468859, -0.0423529, -1.60672)
1197539.2953355
normal
simd_float4x4([[-0.0514402, -0.887737, 0.457468, 0.0)], [0.998251, -0.0323385, 0.0494945, 0.0)], [-0.0291442, 0.459214, 0.887848, 0.0)], [-0.0601878, -0.145361, -0.0220636, 1.0)]])
-0.0601878, -0.145361, -0.0220636
float3(-0.47711, -0.0328139, -1.60721)
1197539.34536133
normal
simd_float4x4([[-0.04894, -0.883769, 0.465356, 0.0)], [0.998559, -0.0330311, 0.0422851, 0.0)], [-0.021999, 0.466755, 0.884113, 0.0)], [-0.0778453, -0.14987, -0.035905, 1.0)]])
-0.0778453, -0.14987, -0.035905
float3(-0.485618, -0.0248775, -1.60815)
1197539.39538696
normal
simd_float4x4([[-0.0464788, -0.881701, 0.469514, 0.0)], [0.998807, -0.0339728, 0.0350778, 0.0)], [-0.0149774, 0.470584, 0.882228, 0.0)], [-0.0947475, -0.166825, -0.0200348, 1.0)]])
-0.0947475, -0.166825, -0.0200348
float3(-0.489953, -0.0169752, -1.60931)
1197539.44541287
normal
simd_float4x4([[-0.0444813, -0.87945, 0.473908, 0.0)], [0.99898, -0.0354637, 0.0279535, 0.0)], [-0.00777717, 0.474668, 0.88013, 0.0)], [-0.112935, -0.17081, -0.032456, 1.0)]])
-0.112935, -0.17081, -0.032456
float3(-0.494587, -0.00883615, -1.6111)
1197539.49543875
normal
simd_float4x4([[-0.039451, -0.877535, 0.477886, 0.0)], [0.999221, -0.0349935, 0.0182309, 0.0)], [0.000724696, 0.478233, 0.878232, 0.0)], [-0.127022, -0.185926, -0.021055, 1.0)]])
-0.127022, -0.185926, -0.021055
float3(-0.498642, 0.000825176, -1.61065)
1197539.54546442
normal
simd_float4x4([[-0.0335003, -0.876845, 0.479605, 0.0)], [0.999407, -0.0331969, 0.00911576, 0.0)], [0.00792828, 0.479626, 0.877437, 0.0)], [-0.146738, -0.189218, -0.0328799, 1.0)]])
-0.146738, -0.189218, -0.0328799
float3(-0.500228, 0.00903547, -1.60864)
1197539.59549033
normal
simd_float4x4([[-0.0276724, -0.876284, 0.480999, 0.0)], [0.999453, -0.0329736, -0.0025717, 0.0)], [0.0181138, 0.480665, 0.876717, 0.0)], [-0.16051, -0.20311, -0.019041, 1.0)]])
-0.16051, -0.20311, -0.019041
float3(-0.501412, 0.020658, -1.60841)
1197539.64551604
normal
simd_float4x4([[-0.0217945, -0.874586, 0.484379, 0.0)], [0.999372, -0.0326005, -0.0138964, 0.0)], [0.0279447, 0.483772, 0.874748, 0.0)], [-0.180767, -0.206755, -0.0303641, 1.0)]])
-0.180767, -0.206755, -0.0303641
float3(-0.50496, 0.0319351, -1.60805)
1197539.69554183
normal
simd_float4x4([[-0.0164461, -0.874107, 0.485456, 0.0)], [0.999116, -0.0331472, -0.0258368, 0.0)], [0.0386756, 0.484602, 0.873879, 0.0)], [-0.191537, -0.217807, -0.0220617, 1.0)]])
-0.191537, -0.217807, -0.0220617
float3(-0.505908, 0.0442285, -1.6087)
1197539.74556775
normal
simd_float4x4([[-0.0104459, -0.872053, 0.4893, 0.0)], [0.998652, -0.033976, -0.0392337, 0.0)], [0.0508383, 0.48823, 0.871233, 0.0)], [-0.212199, -0.221621, -0.0329665, 1.0)]])
-0.212199, -0.221621, -0.0329665
float3(-0.510061, 0.0582861, -1.60974)
1197539.79559362
normal
simd_float4x4([[-0.00437488, -0.870901, 0.491439, 0.0)], [0.998167, -0.0334677, -0.0504238, 0.0)], [0.0603615, 0.490318, 0.869451, 0.0)], [-0.221102, -0.231854, -0.0306821, 1.0)]])
-0.221102, -0.231854, -0.0306821
float3(-0.512454, 0.0693136, -1.60921)
1197539.84561921
normal
simd_float4x4([[0.00175183, -0.869817, 0.493371, 0.0)], [0.997452, -0.0336656, -0.0628945, 0.0)], [0.0713164, 0.492224, 0.867542, 0.0)], [-0.241986, -0.235496, -0.0409784, 1.0)]])
-0.241986, -0.235496, -0.0409784
float3(-0.514643, 0.0820206, -1.60948)
1197539.89564504
normal
simd_float4x4([[0.00748827, -0.869718, 0.493492, 0.0)], [0.996603, -0.0339841, -0.0750152, 0.0)], [0.082013, 0.492378, 0.866509, 0.0)], [-0.248216, -0.243984, -0.0402438, 1.0)]])
-0.248216, -0.243984, -0.0402438
float3(-0.514819, 0.0943664, -1.60985)
1197539.94567092
normal
