ARKit Data
262061.065678166
normal
simd_float4x4([[-0.16325, -0.954462, -0.249702, 0.0)], [-0.955354, 0.0897578, 0.281502, 0.0)], [-0.24627, 0.284509, -0.926502, 0.0)], [-1.91455, -0.135872, -8.98497, 1.0)]])
-1.91455, -0.135872, -8.98497
float3(-0.288494, -2.88179, -1.47703)
262061.4190325
notAvailable
simd_float4x4([[1.0, 0.0, 0.0, 0.0)], [0.0, 1.0, 0.0, 0.0)], [0.0, 0.0, 1.0, 0.0)], [0.0, 0.0, 0.0, 1.0)]])
0.0, 0.0, 0.0
float3(-0.0, 0.0, 0.0)
262061.535686333
notAvailable
simd_float4x4([[1.0, 0.0, 0.0, 0.0)], [0.0, 1.0, 0.0, 0.0)], [0.0, 0.0, 1.0, 0.0)], [0.0, 0.0, 0.0, 1.0)]])
0.0, 0.0, 0.0
float3(-0.0, 0.0, 0.0)
262061.652340125
limited(__ObjC.ARCamera.TrackingState.Reason.initializing)
simd_float4x4([[0.0873746, -0.9451, 0.314882, 0.0)], [0.996175, 0.0826224, -0.0284356, 0.0)], [0.000858206, 0.316163, 0.948704, 0.0)], [0.0, 0.0, 0.0, 1.0)]])
0.0, 0.0, 0.0
float3(-0.321682, 0.000904608, -1.4836)
262061.76899375
limited(__ObjC.ARCamera.TrackingState.Reason.initializing)
simd_float4x4([[0.0836974, -0.946909, 0.310416, 0.0)], [0.996483, 0.0782675, -0.0299302, 0.0)], [0.00404565, 0.31183, 0.950129, 0.0)], [0.0, 0.0, 0.0, 1.0)]])
0.0, 0.0, 0.0
float3(-0.317118, 0.00425797, -1.48833)
262061.885647791
limited(__ObjC.ARCamera.TrackingState.Reason.initializing)
simd_float4x4([[0.0802743, -0.948894, 0.305212, 0.0)], [0.996685, 0.0723405, -0.0372351, 0.0)], [0.013253, 0.30719, 0.951555, 0.0)], [0.0, 0.0, 0.0, 1.0)]])
0.0, 0.0, 0.0
float3(-0.312238, 0.0139268, -1.49471)
262062.002301375
limited(__ObjC.ARCamera.TrackingState.Reason.initializing)
simd_float4x4([[0.073439, -0.951386, 0.299117, 0.0)], [0.997044, 0.0632475, -0.0436255, 0.0)], [0.0225864, 0.301436, 0.953218, 0.0)], [0.0, 0.0, 0.0, 1.0)]])
0.0, 0.0, 0.0
float3(-0.306199, 0.0236905, -1.50441)
262062.102335041
limited(__ObjC.ARCamera.TrackingState.Reason.initializing)
simd_float4x4([[0.064989, -0.954985, 0.289446, 0.0)], [0.99717, 0.0511681, -0.0550718, 0.0)], [0.0377824, 0.292206, 0.955608, 0.0)], [0.0, 0.0, 0.0, 1.0)]])
0.0, 0.0, 0.0
float3(-0.296532, 0.039517, -1.51727)
262062.202391416
limited(__ObjC.ARCamera.TrackingState.Reason.initializing)
simd_float4x4([[0.0584743, -0.957544, 0.282291, 0.0)], [0.996621, 0.0396535, -0.0719355, 0.0)], [0.0576877, 0.285543, 0.956627, 0.0)], [0.0, 0.0, 0.0, 1.0)]])
0.0, 0.0, 0.0
float3(-0.289573, 0.0602304, -1.52941)
262062.302447375
limited(__ObjC.ARCamera.TrackingState.Reason.initializing)
simd_float4x4([[0.0566702, -0.961654, 0.268344, 0.0)], [0.995187, 0.0328893, -0.0923047, 0.0)], [0.0799396, 0.272283, 0.95889, 0.0)], [0.0, 0.0, 0.0, 1.0)]])
0.0, 0.0, 0.0
float3(-0.275765, 0.0831745, -1.53661)
262062.402503541
limited(__ObjC.ARCamera.TrackingState.Reason.initializing)
simd_float4x4([[0.0506648, -0.966056, 0.253316, 0.0)], [0.99124, 0.0176659, -0.130883, 0.0)], [0.121966, 0.257728, 0.958489, 0.0)], [0.0, 0.0, 0.0, 1.0)]])
0.0, 0.0, 0.0
float3(-0.26067, 0.126568, -1.55251)
262062.502559583
limited(__ObjC.ARCamera.TrackingState.Reason.initializing)
simd_float4x4([[0.0506331, -0.968991, 0.24185, 0.0)], [0.983, 0.00556056, -0.183519, 0.0)], [0.176484, 0.247031, 0.9528, 0.0)], [0.0, 0.0, 0.0, 1.0)]])
0.0, 0.0, 0.0
float3(-0.249615, 0.183151, -1.56506)
262062.602615708
limited(__ObjC.ARCamera.TrackingState.Reason.initializing)
simd_float4x4([[0.05447, -0.970377, 0.23537, 0.0)], [0.968559, -0.0059584, -0.248712, 0.0)], [0.242747, 0.241518, 0.939543, 0.0)], [0.0, 0.0, 0.0, 1.0)]])
0.0, 0.0, 0.0
float3(-0.243929, 0.252838, -1.57694)
262062.702671833
limited(__ObjC.ARCamera.TrackingState.Reason.initializing)
simd_float4x4([[0.0664723, -0.969907, 0.234221, 0.0)], [0.950438, -0.00990601, -0.310757, 0.0)], [0.303726, 0.24327, 0.921178, 0.0)], [0.0, 0.0, 0.0, 1.0)]])
0.0, 0.0, 0.0
float3(-0.245735, 0.318491, -1.58101)
262062.802728083
limited(__ObjC.ARCamera.TrackingState.Reason.initializing)
simd_float4x4([[0.083313, -0.970747, 0.225186, 0.0)], [0.923866, -0.00946267, -0.3826, 0.0)], [0.373539, 0.239917, 0.896051, 0.0)], [0.0, 0.0, 0.0, 1.0)]])
0.0, 0.0, 0.0
float3(-0.24228, 0.394966, -1.58054)
262062.902784041
limited(__ObjC.ARCamera.TrackingState.Reason.initializing)
simd_float4x4([[0.0990934, -0.972058, 0.212801, 0.0)], [0.894589, -0.00662582, -0.446842, 0.0)], [0.435766, 0.234649, 0.868935, 0.0)], [0.0, 0.0, 0.0, 1.0)]])
0.0, 0.0, 0.0
float3(-0.236857, 0.464842, -1.57761)
262063.002840208
limited(__ObjC.ARCamera.TrackingState.Reason.initializing)
simd_float4x4([[0.109069, -0.974813, 0.194533, 0.0)], [0.855659, -0.00753124, -0.517485, 0.0)], [0.505916, 0.222896, 0.833286, 0.0)], [0.0, 0.0, 0.0, 1.0)]])
0.0, 0.0, 0.0
float3(-0.224784, 0.545648, -1.57852)
262063.10289625
limited(__ObjC.ARCamera.TrackingState.Reason.initializing)
simd_float4x4([[0.117738, -0.976263, 0.181792, 0.0)], [0.810774, -0.011201, -0.585253, 0.0)], [0.573397, 0.216299, 0.79021, 0.0)], [0.0, 0.0, 0.0, 1.0)]])
0.0, 0.0, 0.0
float3(-0.218022, 0.627719, -1.58227)
262063.2029525
limited(__ObjC.ARCamera.TrackingState.Reason.initializing)
simd_float4x4([[0.124797, -0.978269, 0.165576, 0.0)], [0.760351, -0.0129136, -0.649384, 0.0)], [0.63741, 0.206938, 0.742216, 0.0)], [0.0, 0.0, 0.0, 1.0)]])
0.0, 0.0, 0.0
float3(-0.208444, 0.709577, -1.584)
262063.303008625
limited(__ObjC.ARCamera.TrackingState.Reason.initializing)
simd_float4x4([[0.128967, -0.980979, 0.145081, 0.0)], [0.703666, -0.0125577, -0.71042, 0.0)], [0.698729, 0.193709, 0.688662, 0.0)], [0.0, 0.0, 0.0, 1.0)]])
0.0, 0.0, 0.0
float3(-0.194941, 0.792654, -1.5836)
262063.403064666
limited(__ObjC.ARCamera.TrackingState.Reason.initializing)
simd_float4x4([[0.137253, -0.982201, 0.128226, 0.0)], [0.641496, -0.0104959, -0.767054, 0.0)], [0.754748, 0.187537, 0.628638, 0.0)], [0.0, 0.0, 0.0, 1.0)]])
0.0, 0.0, 0.0
float3(-0.188654, 0.876307, -1.58148)
262063.503120958
limited(__ObjC.ARCamera.TrackingState.Reason.initializing)
simd_float4x4([[0.14413, -0.983365, 0.110544, 0.0)], [0.573396, -0.00805148, -0.819239, 0.0)], [0.806501, 0.181463, 0.562697, 0.0)], [0.0, 0.0, 0.0, 1.0)]])
0.0, 0.0, 0.0
float3(-0.182474, 0.961614, -1.57898)
262063.603176958
limited(__ObjC.ARCamera.TrackingState.Reason.initializing)
simd_float4x4([[0.149924, -0.984279, 0.0933612, 0.0)], [0.501529, -0.00566632, -0.865122, 0.0)], [0.852051, 0.176526, 0.492795, 0.0)], [0.0, 0.0, 0.0, 1.0)]])
0.0, 0.0, 0.0
float3(-0.177456, 1.04644, -1.57655)
262063.703233208
limited(__ObjC.ARCamera.TrackingState.Reason.initializing)
simd_float4x4([[0.154526, -0.985105, 0.075429, 0.0)], [0.435163, -0.000678867, -0.900351, 0.0)], [0.886992, 0.171951, 0.428576, 0.0)], [0.0, 0.0, 0.0, 1.0)]])
0.0, 0.0, 0.0
float3(-0.17281, 1.1207, -1.57149)
262063.80328925
limited(__ObjC.ARCamera.TrackingState.Reason.initializing)
simd_float4x4([[0.161432, -0.98525, 0.0567497, 0.0)], [0.374628, 0.00798008, -0.927141, 0.0)], [0.913013, 0.170931, 0.37039, 0.0)], [0.0, 0.0, 0.0, 1.0)]])
0.0, 0.0, 0.0
float3(-0.171774, 1.1854, -1.5627)
262063.903345333
limited(__ObjC.ARCamera.TrackingState.Reason.initializing)
simd_float4x4([[0.169424, -0.984863, 0.0366089, 0.0)], [0.328438, 0.0214006, -0.944283, 0.0)], [0.929206, 0.172008, 0.327092, 0.0)], [0.0, 0.0, 0.0, 1.0)]])
0.0, 0.0, 0.0
float3(-0.172868, 1.23233, -1.54907)
262064.003401375
limited(__ObjC.ARCamera.TrackingState.Reason.initializing)
simd_float4x4([[0.170997, -0.984999, 0.0231575, 0.0)], [0.305521, 0.0306649, -0.951691, 0.0)], [0.936705, 0.169812, 0.306181, 0.0)], [0.0, 0.0, 0.0, 1.0)]])
0.0, 0.0, 0.0
float3(-0.170639, 1.25487, -1.53967)
262064.103457625
limited(__ObjC.ARCamera.TrackingState.Reason.initializing)
simd_float4x4([[0.165073, -0.986127, 0.0173743, 0.0)], [0.309552, 0.0350763, -0.950235, 0.0)], [0.936444, 0.162237, 0.311047, 0.0)], [0.0, 0.0, 0.0, 1.0)]])
0.0, 0.0, 0.0
float3(-0.162957, 1.2501, -1.53524)
262064.20351375
limited(__ObjC.ARCamera.TrackingState.Reason.initializing)
simd_float4x4([[0.168498, -0.985629, 0.0118734, 0.0)], [0.342914, 0.0473218, -0.938173, 0.0)], [0.92413, 0.162152, 0.345959, 0.0)], [0.0, 0.0, 0.0, 1.0)]])
0.0, 0.0, 0.0
float3(-0.162872, 1.21259, -1.52282)
262064.30357
limited(__ObjC.ARCamera.TrackingState.Reason.initializing)
simd_float4x4([[0.164636, -0.986192, 0.0178334, 0.0)], [0.387331, 0.0480136, -0.920689, 0.0)], [0.907121, 0.158487, 0.389886, 0.0)], [0.0, 0.0, 0.0, 1.0)]])
0.0, 0.0, 0.0
float3(-0.159158, 1.16486, -1.52215)
262064.403626125
limited(__ObjC.ARCamera.TrackingState.Reason.initializing)
simd_float4x4([[0.154369, -0.98776, 0.0223314, 0.0)], [0.437835, 0.0481296, -0.897765, 0.0)], [0.885703, 0.148365, 0.439905, 0.0)], [0.0, 0.0, 0.0, 1.0)]])
0.0, 0.0, 0.0
float3(-0.148915, 1.10981, -1.52211)
262064.50368225
limited(__ObjC.ARCamera.TrackingState.Reason.initializing)
simd_float4x4([[0.148319, -0.988596, 0.0259942, 0.0)], [0.490162, 0.0506602, -0.870157, 0.0)], [0.858919, 0.141803, 0.492086, 0.0)], [0.0, 0.0, 0.0, 1.0)]])
0.0, 0.0, 0.0
float3(-0.142283, 1.05053, -1.5196)
262064.603738333
limited(__ObjC.ARCamera.TrackingState.Reason.initializing)
simd_float4x4([[0.143756, -0.989062, 0.0329834, 0.0)], [0.549763, 0.052105, -0.833693, 0.0)], [0.822857, 0.137983, 0.551239, 0.0)], [0.0, 0.0, 0.0, 1.0)]])
0.0, 0.0, 0.0
float3(-0.138424, 0.980553, -1.51816)
262064.703794541
limited(__ObjC.ARCamera.TrackingState.Reason.initializing)
simd_float4x4([[0.140382, -0.988955, 0.0475372, 0.0)], [0.616273, 0.0497007, -0.785963, 0.0)], [0.774919, 0.139631, 0.616442, 0.0)], [0.0, 0.0, 0.0, 1.0)]])
0.0, 0.0, 0.0
float3(-0.140089, 0.89881, -1.52058)
262064.803850666
limited(__ObjC.ARCamera.TrackingState.Reason.initializing)
simd_float4x4([[0.126969, -0.989871, 0.0635101, 0.0)], [0.680794, 0.0404004, -0.73136, 0.0)], [0.721386, 0.136097, 0.679027, 0.0)], [0.0, 0.0, 0.0, 1.0)]])
0.0, 0.0, 0.0
float3(-0.136521, 0.815637, -1.53001)
262064.903906708
limited(__ObjC.ARCamera.TrackingState.Reason.initializing)
simd_float4x4([[0.115045, -0.990315, 0.0777161, 0.0)], [0.742666, 0.0337899, -0.668809, 0.0)], [0.659706, 0.13466, 0.73936, 0.0)], [0.0, 0.0, 0.0, 1.0)]])
0.0, 0.0, 0.0
float3(-0.13507, 0.728526, -1.53669)
262065.003963
limited(__ObjC.ARCamera.TrackingState.Reason.initializing)
simd_float4x4([[0.0995305, -0.99097, 0.0898383, 0.0)], [0.800059, 0.0260202, -0.599357, 0.0)], [0.591608, 0.13153, 0.795424, 0.0)], [0.0, 0.0, 0.0, 1.0)]])
0.0, 0.0, 0.0
float3(-0.131913, 0.639498, -1.54455)
262065.104019083
limited(__ObjC.ARCamera.TrackingState.Reason.initializing)
simd_float4x4([[0.0841037, -0.991502, 0.0992525, 0.0)], [0.853063, 0.020165, -0.521419, 0.0)], [0.514986, 0.128522, 0.847509, 0.0)], [0.0, 0.0, 0.0, 1.0)]])
0.0, 0.0, 0.0
float3(-0.128878, 0.546023, -1.55046)
262065.204075333
limited(__ObjC.ARCamera.TrackingState.Reason.initializing)
simd_float4x4([[0.0737216, -0.991256, 0.109432, 0.0)], [0.900556, 0.019028, -0.434322, 0.0)], [0.428443, 0.130569, 0.894085, 0.0)], [0.0, 0.0, 0.0, 1.0)]])
0.0, 0.0, 0.0
float3(-0.130943, 0.446867, -1.5516)
262065.304131291
normal
simd_float4x4([[0.0600109, -0.99336, 0.098154, 0.0)], [0.938886, 0.0227813, -0.343474, 0.0)], [0.338957, 0.112768, 0.934019, 0.0)], [0.0119655, -0.000408836, 0.00540208, 1.0)]])
0.0119655, -0.000408836, 0.00540208
float3(-0.113008, 0.348122, -1.54787)
262065.404187541
normal
simd_float4x4([[0.049788, -0.993279, 0.104488, 0.0)], [0.968191, 0.0223144, -0.249215, 0.0)], [0.245208, 0.113572, 0.962795, 0.0)], [0.0428475, 0.00127456, 0.00955636, 1.0)]])
0.0428475, 0.00127456, 0.00955636
float3(-0.113818, 0.249382, -1.54833)
262065.50424375
normal
simd_float4x4([[0.0384538, -0.992836, 0.113126, 0.0)], [0.987105, 0.0201376, -0.158801, 0.0)], [0.155386, 0.117774, 0.980808, 0.0)], [0.0701365, 0.00215781, 0.0151309, 1.0)]])
0.0701365, 0.00215781, 0.0151309
float3(-0.118048, 0.15712, -1.55052)
262065.604299833
normal
simd_float4x4([[0.0293727, -0.99303, 0.114145, 0.0)], [0.996634, 0.0203512, -0.0794122, 0.0)], [0.0765358, 0.116093, 0.990285, 0.0)], [0.0930037, 0.00309741, 0.0240987, 1.0)]])
0.0930037, 0.00309741, 0.0240987
float3(-0.116356, 0.0771333, -1.55031)
262065.704356125
normal
simd_float4x4([[0.0222531, -0.992823, 0.117506, 0.0)], [0.999694, 0.020829, -0.0133339, 0.0)], [0.0107906, 0.117766, 0.992983, 0.0)], [0.112668, 0.00331318, 0.0334014, 1.0)]])
0.112668, 0.00331318, 0.0334014
float3(-0.11804, 0.0108665, -1.54982)
262065.804412041
normal
simd_float4x4([[0.0172505, -0.992808, 0.11847, 0.0)], [0.999284, 0.0211095, 0.0313957, 0.0)], [-0.0336707, 0.117844, 0.992461, 0.0)], [0.129359, 0.00436631, 0.0425913, 1.0)]])
0.129359, 0.00436631, 0.0425913
float3(-0.118119, -0.0339135, -1.54954)
262065.904468333
normal
simd_float4x4([[0.0192645, -0.992934, 0.117089, 0.0)], [0.998716, 0.0245982, 0.0442796, 0.0)], [-0.0468469, 0.116086, 0.992134, 0.0)], [0.138933, 0.00521819, 0.0523057, 1.0)]])
0.138933, 0.00521819, 0.0523057
float3(-0.116348, -0.0471833, -1.54603)
262066.004524333
normal
simd_float4x4([[0.023922, -0.99318, 0.114113, 0.0)], [0.99931, 0.0270008, 0.0255112, 0.0)], [-0.0284184, 0.113424, 0.99314, 0.0)], [0.147788, 0.00383001, 0.0628116, 1.0)]])
0.147788, 0.00383001, 0.0628116
float3(-0.113669, -0.0286069, -1.54362)
262066.104580666
normal
simd_float4x4([[0.0319257, -0.99309, 0.112931, 0.0)], [0.999364, 0.0299205, -0.019407, 0.0)], [0.015894, 0.113478, 0.993413, 0.0)], [0.147944, 0.000734635, 0.075092, 1.0)]])
0.147944, 0.000734635, 0.075092
float3(-0.113723, 0.015998, -1.54068)
262066.204636791
normal
simd_float4x4([[0.0447525, -0.992413, 0.114515, 0.0)], [0.996109, 0.0356177, -0.0806092, 0.0)], [0.0759188, 0.117677, 0.990146, 0.0)], [0.139945, -0.00291421, 0.0855973, 1.0)]])
0.139945, -0.00291421, 0.0855973
float3(-0.11795, 0.0765247, -1.53492)
262066.304692958
normal
simd_float4x4([[0.0554475, -0.992472, 0.109197, 0.0)], [0.987349, 0.0382304, -0.153882, 0.0)], [0.148549, 0.116348, 0.982037, 0.0)], [0.128563, -0.00589872, 0.0983301, 1.0)]])
0.128563, -0.00589872, 0.0983301
float3(-0.116612, 0.150128, -1.53229)
262066.404749125
normal
simd_float4x4([[0.0639535, -0.992478, 0.104387, 0.0)], [0.971849, 0.0381711, -0.232491, 0.0)], [0.226758, 0.116317, 0.966981, 0.0)], [0.113213, -0.00704338, 0.110047, 1.0)]])
0.113213, -0.00704338, 0.110047
float3(-0.116581, 0.230339, -1.53235)
262066.504805291
normal
simd_float4x4([[0.0660951, -0.993205, 0.0957882, 0.0)], [0.949371, 0.0330476, -0.312415, 0.0)], [0.307127, 0.111588, 0.945104, 0.0)], [0.0919819, -0.0067321, 0.12228, 1.0)]])
0.0919819, -0.0067321, 0.12228
float3(-0.111821, 0.314201, -1.53753)
262066.604861583
normal
simd_float4x4([[0.0668346, -0.99437, 0.0822239, 0.0)], [0.921661, 0.0299602, -0.386837, 0.0)], [0.382196, 0.101637, 0.918475, 0.0)], [0.0669599, -0.00663245, 0.139329, 1.0)]])
0.0669599, -0.00663245, 0.139329
float3(-0.101812, 0.394325, -1.54068)
262066.704917666
normal
simd_float4x4([[0.0712783, -0.994635, 0.0749671, 0.0)], [0.890317, 0.0295552, -0.454381, 0.0)], [0.449727, 0.099132, 0.887648, 0.0)], [0.0386524, -0.00633762, 0.156733, 1.0)]])
0.0386524, -0.00633762, 0.156733
float3(-0.0992951, 0.468954, -1.54109)
262066.804973916
normal
simd_float4x4([[0.0742843, -0.995023, 0.0664203, 0.0)], [0.858083, 0.0298407, -0.512643, 0.0)], [0.50811, 0.0950755, 0.856029, 0.0)], [0.0133417, -0.00453237, 0.174683, 1.0)]])
0.0133417, -0.00453237, 0.174683
float3(-0.0952193, 0.535675, -1.54082)
262066.905029875
normal
simd_float4x4([[0.0729158, -0.995535, 0.0599435, 0.0)], [0.846346, 0.0299684, -0.53179, 0.0)], [0.527619, 0.0895088, 0.844752, 0.0)], [0.0311112, 0.00681411, -0.0652327, 1.0)]])
0.0311112, 0.00681411, -0.0652327
float3(-0.0896287, 0.558301, -1.5407)
262067.005086125
normal
simd_float4x4([[0.0789089, -0.995414, 0.0540745, 0.0)], [0.818703, 0.0337609, -0.573224, 0.0)], [0.56877, 0.0895035, 0.817612, 0.0)], [0.00604624, 0.0104352, -0.0519401, 1.0)]])
0.00604624, 0.0104352, -0.0519401
float3(-0.0896234, 0.607799, -1.53689)
262067.105142208
normal
simd_float4x4([[0.0839875, -0.995257, 0.0490918, 0.0)], [0.793832, 0.0370486, -0.607007, 0.0)], [0.602309, 0.0899517, 0.793179, 0.0)], [-0.0161912, 0.0135123, -0.0386432, 1.0)]])
-0.0161912, 0.0135123, -0.0386432
float3(-0.0900734, 0.649465, -1.53359)
262067.205198458
normal
simd_float4x4([[0.0858631, -0.99522, 0.0465125, 0.0)], [0.773037, 0.0370974, -0.633276, 0.0)], [0.628523, 0.0903309, 0.772528, 0.0)], [-0.0350017, 0.0163487, -0.0283989, 1.0)]])
-0.0350017, 0.0163487, -0.0283989
float3(-0.0904542, 0.682975, -1.53354)
262067.305254541
normal
simd_float4x4([[0.0836472, -0.995534, 0.0437562, 0.0)], [0.757927, 0.0350524, -0.651397, 0.0)], [0.646954, 0.0876516, 0.757474, 0.0)], [-0.0479341, 0.0194672, -0.025408, 1.0)]])
-0.0479341, 0.0194672, -0.025408
float3(-0.0877642, 0.706866, -1.5356)
262067.405310791
normal
simd_float4x4([[0.0797358, -0.995785, 0.0453329, 0.0)], [0.746717, 0.0295415, -0.664486, 0.0)], [0.660345, 0.0868342, 0.745925, 0.0)], [-0.054019, 0.0211691, -0.0306206, 1.0)]])
-0.054019, 0.0211691, -0.0306206
float3(-0.0869437, 0.724618, -1.54114)
262067.505366958
normal
simd_float4x4([[0.0748954, -0.99586, 0.0515167, 0.0)], [0.746655, 0.0217599, -0.664856, 0.0)], [0.660982, 0.0882598, 0.745193, 0.0)], [-0.0317827, 0.024858, -0.0693093, 1.0)]])
-0.0317827, 0.024858, -0.0693093
float3(-0.0883748, 0.725583, -1.54895)
262067.60542325
normal
simd_float4x4([[0.0734518, -0.995956, 0.0517269, 0.0)], [0.751606, 0.0211904, -0.659272, 0.0)], [0.65551, 0.0873029, 0.750124, 0.0)], [-0.0372145, 0.0240373, -0.072251, 1.0)]])
-0.0372145, 0.0240373, -0.072251
float3(-0.0874142, 0.718189, -1.54952)
262067.705479541
normal
simd_float4x4([[0.0754336, -0.995633, 0.0549936, 0.0)], [0.761559, 0.0219222, -0.647724, 0.0)], [0.64369, 0.090741, 0.759887, 0.0)], [-0.0385717, 0.023578, -0.0759385, 1.0)]])
-0.0385717, 0.023578, -0.0759385
float3(-0.090866, 0.7028, -1.54878)
262067.805535583
normal
simd_float4x4([[0.0763137, -0.995522, 0.0557903, 0.0)], [0.772951, 0.0237207, -0.634022, 0.0)], [0.629859, 0.0915078, 0.7713, 0.0)], [-0.0385213, 0.0243072, -0.0768167, 1.0)]])
-0.0385213, 0.0243072, -0.0768167
float3(-0.091636, 0.684793, -1.54697)
262067.905591791
normal
simd_float4x4([[0.0772323, -0.995426, 0.0562279, 0.0)], [0.785415, 0.0260057, -0.618423, 0.0)], [0.614132, 0.0919245, 0.783831, 0.0)], [-0.0356249, 0.0232187, -0.0746026, 1.0)]])
-0.0356249, 0.0232187, -0.0746026
float3(-0.0920544, 0.664599, -1.54468)
262068.005647916
normal
simd_float4x4([[0.0757513, -0.99559, 0.0553307, 0.0)], [0.796912, 0.0270952, -0.603488, 0.0)], [0.599328, 0.0898087, 0.79545, 0.0)], [-0.0315062, 0.0228094, -0.072366, 1.0)]])
-0.0315062, 0.0228094, -0.072366
float3(-0.0899298, 0.645702, -1.54359)
262068.105704
normal
simd_float4x4([[0.0772538, -0.995481, 0.0552128, 0.0)], [0.805444, 0.0296756, -0.591929, 0.0)], [0.587616, 0.0901996, 0.804097, 0.0)], [-0.0294788, 0.0228112, -0.0703236, 1.0)]])
-0.0294788, 0.0228112, -0.0703236
float3(-0.0903223, 0.631085, -1.54099)
262068.20576025
normal
simd_float4x4([[0.0774785, -0.995477, 0.0549795, 0.0)], [0.813005, 0.031165, -0.581422, 0.0)], [0.577079, 0.0897463, 0.811742, 0.0)], [-0.0279561, 0.0229494, -0.066861, 1.0)]])
-0.0279561, 0.0229494, -0.066861
float3(-0.0898672, 0.618013, -1.5395)
262068.305816416
normal
simd_float4x4([[0.0798085, -0.99505, 0.0592158, 0.0)], [0.820098, 0.0317757, -0.57134, 0.0)], [0.56663, 0.0941605, 0.818574, 0.0)], [-0.0276696, 0.0232099, -0.0643066, 1.0)]])
-0.0276696, 0.0232099, -0.0643066
float3(-0.0943002, 0.605483, -1.53887)
262068.405872666
normal
simd_float4x4([[0.0805206, -0.994942, 0.0600621, 0.0)], [0.824677, 0.0326539, -0.564661, 0.0)], [0.559844, 0.0949986, 0.823135, 0.0)], [-0.0271018, 0.0229525, -0.0644187, 1.0)]])
-0.0271018, 0.0229525, -0.0644187
float3(-0.0951421, 0.59727, -1.53799)
262068.50592875
normal
simd_float4x4([[0.0791664, -0.995136, 0.0586188, 0.0)], [0.82899, 0.0330629, -0.558286, 0.0)], [0.553632, 0.0927918, 0.827576, 0.0)], [-0.0258599, 0.0234918, -0.0639356, 1.0)]])
-0.0258599, 0.0234918, -0.0639356
float3(-0.0929255, 0.589603, -1.53758)
262068.605985041
normal
simd_float4x4([[0.0776329, -0.995185, 0.0598229, 0.0)], [0.833342, 0.0318353, -0.55184, 0.0)], [0.547279, 0.0926939, 0.831801, 0.0)], [-0.0237469, 0.0228244, -0.0630366, 1.0)]])
-0.0237469, 0.0228244, -0.0630366
float3(-0.0928272, 0.58194, -1.53882)
262068.706041208
normal
simd_float4x4([[0.0768785, -0.99517, 0.0610432, 0.0)], [0.839139, 0.0315174, -0.543003, 0.0)], [0.538456, 0.092969, 0.837509, 0.0)], [-0.0235158, 0.0229431, -0.0632264, 1.0)]])
-0.0235158, 0.0229431, -0.0632264
float3(-0.0931034, 0.571386, -1.53914)
262068.806097416
normal
simd_float4x4([[0.0775721, -0.995049, 0.0621304, 0.0)], [0.847609, 0.0330104, -0.529594, 0.0)], [0.52492, 0.093744, 0.845973, 0.0)], [-0.0221551, 0.0229244, -0.0625986, 1.0)]])
-0.0221551, 0.0229244, -0.0625986
float3(-0.0938818, 0.555352, -1.53763)
262068.9061535
normal
simd_float4x4([[0.0762812, -0.994918, 0.0657208, 0.0)], [0.858675, 0.0320464, -0.511517, 0.0)], [0.506811, 0.0954519, 0.856756, 0.0)], [-0.018267, 0.0226235, -0.0619442, 1.0)]])
-0.018267, 0.0226235, -0.0619442
float3(-0.0955974, 0.534181, -1.5386)
262069.00620975
normal
simd_float4x4([[0.0737417, -0.994661, 0.0721973, 0.0)], [0.872238, 0.0292292, -0.488207, 0.0)], [0.48349, 0.0989745, 0.869736, 0.0)], [-0.0137775, 0.0219414, -0.0622319, 1.0)]])
-0.0137775, 0.0219414, -0.0622319
float3(-0.0991368, 0.507365, -1.54142)
262069.106266
normal
simd_float4x4([[0.0658829, -0.994987, 0.0752278, 0.0)], [0.889324, 0.0243622, -0.456628, 0.0)], [0.452507, 0.0969859, 0.886471, 0.0)], [-0.00643818, 0.0211297, -0.0614428, 1.0)]])
-0.00643818, 0.0211297, -0.0614428
float3(-0.0971386, 0.471979, -1.54632)
262069.206322208
normal
simd_float4x4([[0.0591794, -0.994788, 0.0830274, 0.0)], [0.907714, 0.0190153, -0.419159, 0.0)], [0.415396, 0.100171, 0.904108, 0.0)], [0.00236431, 0.0198844, -0.0606455, 1.0)]])
0.00236431, 0.0198844, -0.0606455
float3(-0.100339, 0.430688, -1.55168)
262069.306378291
normal
simd_float4x4([[0.057866, -0.994073, 0.0920369, 0.0)], [0.926007, 0.0189964, -0.377027, 0.0)], [0.373044, 0.107044, 0.921618, 0.0)], [0.00843256, 0.0196139, -0.0616365, 1.0)]])
0.00843256, 0.0196139, -0.0616365
float3(-0.107249, 0.384613, -1.55169)
262069.406434541
normal
simd_float4x4([[0.0547624, -0.994026, 0.0944076, 0.0)], [0.942934, 0.0203821, -0.332356, 0.0)], [0.328447, 0.107221, 0.938417, 0.0)], [0.0156112, 0.0188048, -0.0604468, 1.0)]])
0.0156112, 0.0188048, -0.0604468
float3(-0.107427, 0.336675, -1.55029)
262069.50649075
normal
simd_float4x4([[0.0513405, -0.993918, 0.0974222, 0.0)], [0.959385, 0.0219897, -0.281243, 0.0)], [0.27739, 0.107904, 0.954679, 0.0)], [0.0248666, 0.0174554, -0.06059, 1.0)]])
0.0248666, 0.0174554, -0.06059
float3(-0.108115, 0.282773, -1.54868)
262069.606546916
normal
simd_float4x4([[0.0459359, -0.993663, 0.102589, 0.0)], [0.973375, 0.0214366, -0.228212, 0.0)], [0.224567, 0.110341, 0.968191, 0.0)], [0.0360728, 0.0164928, -0.0615603, 1.0)]])
0.0360728, 0.0164928, -0.0615603
float3(-0.110566, 0.227915, -1.54923)
262069.706603083
normal
simd_float4x4([[0.0365255, -0.993586, 0.107016, 0.0)], [0.984427, 0.0173472, -0.174933, 0.0)], [0.171955, 0.111739, 0.978747, 0.0)], [0.0480909, 0.0157972, -0.0632227, 1.0)]])
0.0480909, 0.0157972, -0.0632227
float3(-0.111973, 0.173914, -1.55334)
262069.806659416
normal
simd_float4x4([[0.0274032, -0.993818, 0.107586, 0.0)], [0.992479, 0.014204, -0.121586, 0.0)], [0.119306, 0.110109, 0.986733, 0.0)], [0.0584472, 0.0151419, -0.065384, 1.0)]])
0.0584472, 0.0151419, -0.065384
float3(-0.110333, 0.120326, -1.5565)
262069.906715625
normal
simd_float4x4([[0.0212889, -0.99315, 0.114893, 0.0)], [0.997758, 0.0138121, -0.0654835, 0.0)], [0.063448, 0.11603, 0.991217, 0.0)], [0.0659497, 0.0141582, -0.0703617, 1.0)]])
0.0659497, 0.0141582, -0.0703617
float3(-0.116292, 0.063923, -1.55689)
262070.006771875
normal
simd_float4x4([[0.0111506, -0.992982, 0.117737, 0.0)], [0.999906, 0.0101337, -0.00923227, 0.0)], [0.00797437, 0.117829, 0.993002, 0.0)], [0.0714386, 0.0126926, -0.0747259, 1.0)]])
0.0714386, 0.0126926, -0.0747259
float3(-0.118104, 0.00803039, -1.56059)
262070.106828083
normal
simd_float4x4([[0.00106405, -0.992427, 0.122828, 0.0)], [0.998971, 0.00662334, 0.0448613, 0.0)], [-0.0453351, 0.122654, 0.991414, 0.0)], [0.072571, 0.010348, -0.0840983, 1.0)]])
0.072571, 0.010348, -0.0840983
float3(-0.122964, -0.0456959, -1.56412)
262070.206884208
normal
simd_float4x4([[-0.00764704, -0.991244, 0.131824, 0.0)], [0.995368, 0.00508869, 0.0960047, 0.0)], [-0.0958349, 0.131948, 0.986613, 0.0)], [0.0730744, 0.00823127, -0.0982106, 1.0)]])
0.0730744, 0.00823127, -0.0982106
float3(-0.132334, -0.0968314, -1.56566)
262070.306940416
normal
simd_float4x4([[-0.0144612, -0.990407, 0.137418, 0.0)], [0.989961, 0.00514324, 0.141247, 0.0)], [-0.140599, 0.138081, 0.98039, 0.0)], [0.0720696, 0.0056235, -0.114968, 1.0)]])
0.0720696, 0.0056235, -0.114968
float3(-0.138524, -0.14244, -1.5656)
262070.406996541
normal
simd_float4x4([[-0.0193177, -0.98974, 0.141568, 0.0)], [0.98411, 0.00617453, 0.177455, 0.0)], [-0.176508, 0.142746, 0.973893, 0.0)], [0.0716015, 0.00242781, -0.132346, 1.0)]])
0.0716015, 0.00242781, -0.132346
float3(-0.143236, -0.179294, -1.56456)
262070.50705275
normal
simd_float4x4([[-0.0240666, -0.989166, 0.144812, 0.0)], [0.979557, 0.00560595, 0.201088, 0.0)], [-0.199721, 0.146691, 0.96881, 0.0)], [0.0724172, -0.00187816, -0.152603, 1.0)]])
0.0724172, -0.00187816, -0.152603
float3(-0.147222, -0.203303, -1.56513)
262070.607109
normal
simd_float4x4([[-0.0254049, -0.987552, 0.15523, 0.0)], [0.976447, 0.00876707, 0.21558, 0.0)], [-0.214257, 0.157051, 0.964069, 0.0)], [0.0754092, -0.00645547, -0.1785, 1.0)]])
0.0754092, -0.00645547, -0.1785
float3(-0.157704, -0.218688, -1.56192)
262070.707165208
normal
simd_float4x4([[-0.0241623, -0.985732, 0.166577, 0.0)], [0.975077, 0.0135224, 0.221456, 0.0)], [-0.220549, 0.167777, 0.960838, 0.0)], [0.0813182, -0.010896, -0.209937, 1.0)]])
0.0813182, -0.010896, -0.209937
float3(-0.168574, -0.225629, -1.55708)
262070.807221375
normal
simd_float4x4([[-0.0221659, -0.984291, 0.175154, 0.0)], [0.972486, 0.0194112, 0.232153, 0.0)], [-0.231906, 0.17548, 0.956779, 0.0)], [0.0934584, -0.0181671, -0.24843, 1.0)]])
0.0934584, -0.0181671, -0.24843
float3(-0.176393, -0.237796, -1.55108)
262070.907277583
normal
simd_float4x4([[-0.0330858, -0.981244, 0.189909, 0.0)], [0.967868, 0.0159348, 0.250955, 0.0)], [-0.249274, 0.19211, 0.949187, 0.0)], [0.120225, -0.026704, -0.294003, 1.0)]])
0.120225, -0.026704, -0.294003
float3(-0.193311, -0.256819, -1.55456)
262071.007334041
normal
simd_float4x4([[-0.0396978, -0.98144, 0.187617, 0.0)], [0.961459, 0.0136067, 0.274613, 0.0)], [-0.272069, 0.191287, 0.943074, 0.0)], [0.154529, -0.0341486, -0.342872, 1.0)]])
0.154529, -0.0341486, -0.342872
float3(-0.192473, -0.280865, -1.55693)
262071.107390208
normal
simd_float4x4([[-0.0437941, -0.982842, 0.179174, 0.0)], [0.956545, 0.0104998, 0.291397, 0.0)], [-0.288278, 0.184149, 0.939673, 0.0)], [0.194846, -0.0402183, -0.396221, 1.0)]])
0.194846, -0.0402183, -0.396221
float3(-0.185206, -0.297671, -1.56011)
262071.207446375
normal
simd_float4x4([[-0.0473292, -0.986162, 0.158888, 0.0)], [0.957231, 0.000674422, 0.289325, 0.0)], [-0.285428, 0.165786, 0.943952, 0.0)], [0.241536, -0.0394596, -0.456675, 1.0)]])
0.241536, -0.0394596, -0.456675
float3(-0.166555, -0.293635, -1.57011)
262071.307502583
normal
simd_float4x4([[-0.0430306, -0.987662, 0.150573, 0.0)], [0.963123, -0.000942228, 0.26906, 0.0)], [-0.265598, 0.156598, 0.951281, 0.0)], [0.283642, -0.0351086, -0.525055, 1.0)]])
0.283642, -0.0351086, -0.525055
float3(-0.157245, -0.272267, -1.57175)
262071.407558791
normal
simd_float4x4([[-0.024387, -0.987253, 0.157278, 0.0)], [0.970095, 0.0146346, 0.242283, 0.0)], [-0.241497, 0.158483, 0.957373, 0.0)], [0.316949, -0.0279582, -0.597302, 1.0)]])
0.316949, -0.0279582, -0.597302
float3(-0.159154, -0.247095, -1.55597)
262071.507614833
normal
simd_float4x4([[-0.0279612, -0.987642, 0.154215, 0.0)], [0.976754, 0.00580669, 0.214286, 0.0)], [-0.212533, 0.156622, 0.96452, 0.0)], [0.347421, -0.0269457, -0.669598, 1.0)]])
0.347421, -0.0269457, -0.669598
float3(-0.157269, -0.216885, -1.56492)
262071.60767125
normal
simd_float4x4([[-0.028384, -0.984237, 0.174561, 0.0)], [0.981387, 0.00574243, 0.191954, 0.0)], [-0.189931, 0.17676, 0.965755, 0.0)], [0.375289, -0.0309235, -0.753156, 1.0)]])
0.375289, -0.0309235, -0.753156
float3(-0.177694, -0.194187, -1.56496)
262071.707727291
normal
simd_float4x4([[-0.0171384, -0.984762, 0.173063, 0.0)], [0.983972, 0.0141155, 0.177763, 0.0)], [-0.177497, 0.173336, 0.968736, 0.0)], [0.400996, -0.0384814, -0.838966, 1.0)]])
0.400996, -0.0384814, -0.838966
float3(-0.174216, -0.181215, -1.55646)
262071.807783666
normal
simd_float4x4([[-0.00815972, -0.987046, 0.160227, 0.0)], [0.983826, 0.0207492, 0.177924, 0.0)], [-0.178944, 0.159087, 0.970912, 0.0)], [0.429444, -0.0483525, -0.929879, 1.0)]])
0.429444, -0.0483525, -0.929879
float3(-0.159766, -0.182259, -1.54978)
262071.907839666
normal
simd_float4x4([[0.00392074, -0.989994, 0.141055, 0.0)], [0.978741, 0.0327249, 0.202475, 0.0)], [-0.205065, 0.137262, 0.969076, 0.0)], [0.455004, -0.0500904, -1.01875, 1.0)]])
0.455004, -0.0500904, -1.01875
float3(-0.137697, -0.208533, -1.53775)
262072.007896125
normal
simd_float4x4([[-0.0144306, -0.988051, 0.153452, 0.0)], [0.974558, 0.0204318, 0.223204, 0.0)], [-0.223672, 0.152769, 0.962617, 0.0)], [0.484614, -0.0451437, -1.10871, 1.0)]])
0.484614, -0.0451437, -1.10871
float3(-0.15337, -0.228307, -1.55012)
262072.107952333
normal
simd_float4x4([[-0.0143718, -0.990303, 0.138176, 0.0)], [0.97106, 0.0191248, 0.238068, 0.0)], [-0.238402, 0.137599, 0.96137, 0.0)], [0.510156, -0.0403314, -1.18801, 1.0)]])
0.510156, -0.0403314, -1.18801
float3(-0.138037, -0.243078, -1.55149)
262072.208008458
normal
simd_float4x4([[-0.0474992, -0.986123, 0.159075, 0.0)], [0.967055, -0.00552554, 0.254506, 0.0)], [-0.250095, 0.165923, 0.953898, 0.0)], [0.543975, -0.0418762, -1.27555, 1.0)]])
0.543975, -0.0418762, -1.27555
float3(-0.166694, -0.256411, -1.5764)
262072.308064791
normal
simd_float4x4([[-0.0620483, -0.986779, 0.14972, 0.0)], [0.962892, -0.0197065, 0.269167, 0.0)], [-0.262658, 0.160866, 0.951385, 0.0)], [0.578947, -0.049644, -1.35792, 1.0)]])
0.578947, -0.049644, -1.35792
float3(-0.161568, -0.26937, -1.59076)
262072.408120916
normal
simd_float4x4([[-0.0562745, -0.990263, 0.127327, 0.0)], [0.959463, -0.0183632, 0.281237, 0.0)], [-0.27616, 0.137991, 0.951154, 0.0)], [0.617728, -0.0600902, -1.43587, 1.0)]])
0.617728, -0.0600902, -1.43587
float3(-0.138433, -0.282573, -1.58934)
262072.508177208
normal
simd_float4x4([[-0.049769, -0.99284, 0.108591, 0.0)], [0.960593, -0.0178138, 0.277386, 0.0)], [-0.273466, 0.118117, 0.954602, 0.0)], [0.663161, -0.0618616, -1.51821, 1.0)]])
0.663161, -0.0618616, -1.51821
float3(-0.118393, -0.278999, -1.58874)
262072.608233375
normal
simd_float4x4([[-0.039546, -0.992206, 0.118169, 0.0)], [0.962407, -0.00601799, 0.271546, 0.0)], [-0.268718, 0.124465, 0.955143, 0.0)], [0.707605, -0.0473411, -1.60281, 1.0)]])
0.707605, -0.0473411, -1.60281
float3(-0.124788, -0.274249, -1.57686)
262072.708289708
normal
simd_float4x4([[-0.0230944, -0.994997, 0.0971939, 0.0)], [0.961584, 0.00449258, 0.274475, 0.0)], [-0.273538, 0.0997989, 0.95667, 0.0)], [0.74203, -0.0340341, -1.67845, 1.0)]])
0.74203, -0.0340341, -1.67845
float3(-0.0999653, -0.278497, -1.56628)
262072.808345875
normal
simd_float4x4([[-0.0118261, -0.992688, 0.12013, 0.0)], [0.962659, 0.0211921, 0.269887, 0.0)], [-0.270459, 0.118836, 0.955369, 0.0)], [0.774514, -0.0305013, -1.7651, 1.0)]])
0.774514, -0.0305013, -1.7651
float3(-0.119118, -0.275875, -1.54945)
262072.908402125
normal
simd_float4x4([[-0.0070931, -0.990415, 0.137939, 0.0)], [0.960215, 0.0317645, 0.277449, 0.0)], [-0.279171, 0.134419, 0.950787, 0.0)], [0.809075, -0.0373514, -1.85182, 1.0)]])
0.809075, -0.0373514, -1.85182
float3(-0.134827, -0.285594, -1.53874)
262073.008458291
normal
simd_float4x4([[-0.00512035, -0.993068, 0.11743, 0.0)], [0.955204, 0.0298918, 0.294436, 0.0)], [-0.295905, 0.113677, 0.948429, 0.0)], [0.844262, -0.0492415, -1.93604, 1.0)]])
0.844262, -0.0492415, -1.93604
float3(-0.113923, -0.302425, -1.5407)
262073.108514541
normal
simd_float4x4([[-0.0100613, -0.995915, 0.0897296, 0.0)], [0.951921, 0.0179367, 0.305819, 0.0)], [-0.306179, 0.0884924, 0.947852, 0.0)], [0.873367, -0.0560853, -2.02252, 1.0)]])
0.873367, -0.0560853, -2.02252
float3(-0.0886083, -0.312444, -1.55279)
262073.208570958
normal
simd_float4x4([[-0.0356279, -0.993468, 0.108411, 0.0)], [0.95653, -0.00248014, 0.291625, 0.0)], [-0.289451, 0.114088, 0.95037, 0.0)], [0.901155, -0.0476472, -2.12438, 1.0)]])
0.901155, -0.0476472, -2.12438
float3(-0.114337, -0.295641, -1.57329)
262073.308627166
normal
simd_float4x4([[-0.0287025, -0.99572, 0.0878514, 0.0)], [0.964889, -0.00464344, 0.262616, 0.0)], [-0.261084, 0.0923046, 0.960893, 0.0)], [0.92194, -0.041054, -2.21293, 1.0)]])
0.92194, -0.041054, -2.21293
float3(-0.0924362, -0.265305, -1.57546)
262073.408683416
normal
simd_float4x4([[-0.04218, -0.994721, 0.0935415, 0.0)], [0.97011, -0.018382, 0.241971, 0.0)], [-0.238974, 0.100952, 0.965764, 0.0)], [0.953822, -0.0394528, -2.31229, 1.0)]])
0.953822, -0.0394528, -2.31229
float3(-0.101124, -0.242573, -1.58927)
262073.5087395
normal
simd_float4x4([[-0.0447784, -0.995127, 0.0878437, 0.0)], [0.973043, -0.0235327, 0.229421, 0.0)], [-0.226236, 0.0957488, 0.969355, 0.0)], [0.988697, -0.0463954, -2.40726, 1.0)]])
0.988697, -0.0463954, -2.40726
float3(-0.0958957, -0.229284, -1.59444)
262073.608795958
normal
simd_float4x4([[-0.0222404, -0.997123, 0.0724694, 0.0)], [0.977962, -0.00664683, 0.208676, 0.0)], [-0.207594, 0.0755134, 0.975296, 0.0)], [1.02107, -0.0506349, -2.49624, 1.0)]])
1.02107, -0.0506349, -2.49624
float3(-0.0755854, -0.209722, -1.57746)
262073.708852083
normal
simd_float4x4([[-0.00697517, -0.998851, 0.0474228, 0.0)], [0.987897, 0.000465625, 0.155112, 0.0)], [-0.154956, 0.0479308, 0.986758, 0.0)], [1.05954, -0.0482605, -2.58539, 1.0)]])
1.05954, -0.0482605, -2.58539
float3(-0.0479491, -0.155763, -1.57033)
262073.808908333
normal
simd_float4x4([[0.00620264, -0.999524, 0.0302081, 0.0)], [0.990211, 0.0103516, 0.139192, 0.0)], [-0.139438, 0.029049, 0.989805, 0.0)], [1.0961, -0.0353774, -2.67349, 1.0)]])
1.0961, -0.0353774, -2.67349
float3(-0.0290531, -0.139954, -1.56044)
262073.908964625
normal
simd_float4x4([[-0.00574217, -0.997737, 0.0669905, 0.0)], [0.990993, 0.00328517, 0.133873, 0.0)], [-0.13379, 0.0671558, 0.988732, 0.0)], [1.135, -0.0297886, -2.77367, 1.0)]])
1.135, -0.0297886, -2.77367
float3(-0.0672064, -0.134498, -1.5675)
262074.009020791
normal
simd_float4x4([[0.0171055, -0.995376, 0.0945229, 0.0)], [0.990383, 0.0298487, 0.135097, 0.0)], [-0.137294, 0.0913029, 0.986313, 0.0)], [1.16344, -0.0336148, -2.87196, 1.0)]])
1.16344, -0.0336148, -2.87196
float3(-0.0914303, -0.13831, -1.54082)
262074.109077
normal
simd_float4x4([[0.0187837, -0.995743, 0.090233, 0.0)], [0.988571, 0.0319983, 0.14732, 0.0)], [-0.14958, 0.0864345, 0.984964, 0.0)], [1.19236, -0.0460834, -2.96466, 1.0)]])
1.19236, -0.0460834, -2.96466
float3(-0.0865425, -0.150712, -1.53867)
262074.209133375
normal
simd_float4x4([[0.00470692, -0.997644, 0.0684475, 0.0)], [0.98483, 0.0164976, 0.172735, 0.0)], [-0.173457, 0.0665961, 0.982587, 0.0)], [1.21601, -0.0525235, -3.05056, 1.0)]])
1.21601, -0.0525235, -3.05056
float3(-0.0666454, -0.174731, -1.55426)
262074.309189666
normal
simd_float4x4([[-0.0111355, -0.998583, 0.0520287, 0.0)], [0.979938, -0.000543471, 0.199301, 0.0)], [-0.19899, 0.0532042, 0.978556, 0.0)], [1.23988, -0.0519844, -3.13977, 1.0)]])
1.23988, -0.0519844, -3.13977
float3(-0.0532293, -0.200615, -1.57134)
262074.409245833
normal
simd_float4x4([[-0.0166036, -0.99784, 0.0635592, 0.0)], [0.978281, -0.00307646, 0.207259, 0.0)], [-0.206616, 0.06562, 0.976219, 0.0)], [1.26136, -0.0450264, -3.22957, 1.0)]])
1.26136, -0.0450264, -3.22957
float3(-0.0656672, -0.208571, -1.57388)
262074.509302083
normal
simd_float4x4([[-0.0296423, -0.995014, 0.095229, 0.0)], [0.974143, -0.00740887, 0.225813, 0.0)], [-0.223981, 0.0994602, 0.969505, 0.0)], [1.28742, -0.0446346, -3.32031, 1.0)]])
1.28742, -0.0446346, -3.32031
float3(-0.099625, -0.227043, -1.57824)
262074.609358416
normal
simd_float4x4([[-0.0485024, -0.994424, 0.0936382, 0.0)], [0.97046, -0.0247353, 0.23999, 0.0)], [-0.236336, 0.102512, 0.966249, 0.0)], [1.31751, -0.0557424, -3.40607, 1.0)]])
1.31751, -0.0557424, -3.40607
float3(-0.102693, -0.239881, -1.59567)
262074.709414625
normal
simd_float4x4([[-0.0508923, -0.994532, 0.0911921, 0.0)], [0.968176, -0.0267265, 0.248841, 0.0)], [-0.245043, 0.100954, 0.964242, 0.0)], [1.34958, -0.0698053, -3.4944, 1.0)]])
1.34958, -0.0698053, -3.4944
float3(-0.101126, -0.248862, -1.59766)
262074.809470791
normal
simd_float4x4([[-0.0473571, -0.996707, 0.0658197, 0.0)], [0.971906, -0.030769, 0.233349, 0.0)], [-0.230555, 0.0750213, 0.970163, 0.0)], [1.38279, -0.0727936, -3.57476, 1.0)]])
1.38279, -0.0727936, -3.57476
float3(-0.0750919, -0.233318, -1.60166)
262074.909527125
normal
simd_float4x4([[-0.0533028, -0.993358, 0.101976, 0.0)], [0.975415, -0.029926, 0.218337, 0.0)], [-0.213835, 0.111107, 0.970531, 0.0)], [1.41895, -0.0635713, -3.67204, 1.0)]])
1.41895, -0.0635713, -3.67204
float3(-0.111337, -0.216863, -1.60091)
262075.009583416
normal
simd_float4x4([[-0.0368197, -0.993757, 0.105311, 0.0)], [0.976556, -0.0134147, 0.214846, 0.0)], [-0.212092, 0.110752, 0.970954, 0.0)], [1.44315, -0.0521224, -3.76234, 1.0)]])
1.44315, -0.0521224, -3.76234
float3(-0.11098, -0.215059, -1.58429)
262075.109639583
normal
simd_float4x4([[-0.0141806, -0.991962, 0.125741, 0.0)], [0.978796, 0.0119288, 0.20449, 0.0)], [-0.204346, 0.125975, 0.970759, 0.0)], [1.46304, -0.0531676, -3.85635, 1.0)]])
1.46304, -0.0531676, -3.85635
float3(-0.126311, -0.207472, -1.55877)
262075.209695833
normal
simd_float4x4([[-0.00518033, -0.990941, 0.134197, 0.0)], [0.977823, 0.0230778, 0.208158, 0.0)], [-0.209369, 0.132299, 0.968845, 0.0)], [1.48844, -0.0616126, -3.95025, 1.0)]])
1.48844, -0.0616126, -3.95025
float3(-0.132688, -0.212829, -1.54751)
262075.309752208
normal
simd_float4x4([[-0.00626018, -0.994059, 0.108665, 0.0)], [0.973254, 0.0188989, 0.228954, 0.0)], [-0.229648, 0.107192, 0.967353, 0.0)], [1.5136, -0.0702029, -4.03737, 1.0)]])
1.5136, -0.0702029, -4.03737
float3(-0.107398, -0.233083, -1.55179)
262075.4098085
normal
simd_float4x4([[-0.00525859, -0.996647, 0.0816567, 0.0)], [0.966877, 0.015771, 0.254756, 0.0)], [-0.25519, 0.0802916, 0.963552, 0.0)], [1.53381, -0.0713442, -4.12228, 1.0)]])
1.53381, -0.0713442, -4.12228
float3(-0.0803781, -0.258899, -1.55497)
262075.509864708
normal
simd_float4x4([[-0.0216242, -0.992615, 0.119365, 0.0)], [0.965719, 0.0101544, 0.259392, 0.0)], [-0.258689, 0.120882, 0.958367, 0.0)], [1.55893, -0.064379, -4.21396, 1.0)]])
1.55893, -0.064379, -4.21396
float3(-0.121178, -0.263643, -1.56057)
262075.609921125
normal
simd_float4x4([[-0.0289698, -0.991193, 0.129219, 0.0)], [0.964835, 0.00605926, 0.262785, 0.0)], [-0.261254, 0.132288, 0.956162, 0.0)], [1.58458, -0.0622768, -4.29363, 1.0)]])
1.58458, -0.0622768, -4.29363
float3(-0.132677, -0.266721, -1.56468)
262075.709977208
normal
simd_float4x4([[-0.0520154, -0.991253, 0.121294, 0.0)], [0.96416, -0.0182042, 0.264697, 0.0)], [-0.260174, 0.130715, 0.956673, 0.0)], [1.61838, -0.0695135, -4.37363, 1.0)]])
1.61838, -0.0695135, -4.37363
float3(-0.13109, -0.265535, -1.58916)
262075.810033458
normal
simd_float4x4([[-0.0539333, -0.993153, 0.103621, 0.0)], [0.966468, -0.0258282, 0.255484, 0.0)], [-0.251059, 0.113925, 0.961244, 0.0)], [1.65199, -0.0813361, -4.45767, 1.0)]])
1.65199, -0.0813361, -4.45767
float3(-0.114173, -0.255474, -1.5968)
262075.910089666
normal
simd_float4x4([[-0.0471411, -0.995536, 0.0817638, 0.0)], [0.972467, -0.0270382, 0.231467, 0.0)], [-0.228223, 0.0904242, 0.969401, 0.0)], [1.69172, -0.0852354, -4.54114, 1.0)]])
1.69172, -0.0852354, -4.54114
float3(-0.0905479, -0.231217, -1.59795)
262076.010146083
normal
simd_float4x4([[-0.0425409, -0.991386, 0.123871, 0.0)], [0.978048, -0.016009, 0.207764, 0.0)], [-0.203991, 0.12999, 0.970304, 0.0)], [1.73257, -0.0765947, -4.64421, 1.0)]])
