ARKit Data
260887.679180833
normal
simd_float4x4([[0.264338, -0.810608, 0.522533, 0.0)], [0.945425, 0.11077, -0.306433, 0.0)], [0.190517, 0.575018, 0.795649, 0.0)], [-3.30399, 0.153789, 0.935361, 1.0)]])
-3.30399, 0.153789, 0.935361
float3(-0.612626, 0.235023, -1.43499)
260888.017769166
notAvailable
simd_float4x4([[1.0, 0.0, 0.0, 0.0)], [0.0, 1.0, 0.0, 0.0)], [0.0, 0.0, 1.0, 0.0)], [0.0, 0.0, 0.0, 1.0)]])
0.0, 0.0, 0.0
float3(-0.0, 0.0, 0.0)
260888.134421833
notAvailable
simd_float4x4([[1.0, 0.0, 0.0, 0.0)], [0.0, 1.0, 0.0, 0.0)], [0.0, 0.0, 1.0, 0.0)], [0.0, 0.0, 0.0, 1.0)]])
0.0, 0.0, 0.0
float3(-0.0, 0.0, 0.0)
260888.251074291
limited(__ObjC.ARCamera.TrackingState.Reason.initializing)
simd_float4x4([[0.0293071, -0.802409, 0.596054, 0.0)], [0.999567, 0.0220594, -0.0194509, 0.0)], [0.00245903, 0.596366, 0.802708, 0.0)], [0.0, 0.0, 0.0, 1.0)]])
0.0, 0.0, 0.0
float3(-0.638967, 0.0030634, -1.54331)
260888.36772675
limited(__ObjC.ARCamera.TrackingState.Reason.initializing)
simd_float4x4([[0.0341089, -0.799546, 0.599636, 0.0)], [0.999396, 0.0233185, -0.0257558, 0.0)], [0.0066103, 0.600152, 0.799858, 0.0)], [0.0, 0.0, 0.0, 1.0)]])
0.0, 0.0, 0.0
float3(-0.643692, 0.00826415, -1.54164)
260888.484379083
limited(__ObjC.ARCamera.TrackingState.Reason.initializing)
simd_float4x4([[0.0294622, -0.811814, 0.583172, 0.0)], [0.999335, 0.0113717, -0.0346569, 0.0)], [0.0215033, 0.583805, 0.811609, 0.0)], [0.0, 0.0, 0.0, 1.0)]])
0.0, 0.0, 0.0
float3(-0.623407, 0.0264885, -1.55679)
260888.584434125
limited(__ObjC.ARCamera.TrackingState.Reason.initializing)
simd_float4x4([[0.0266279, -0.829045, 0.558547, 0.0)], [0.998857, -0.000115902, -0.047791, 0.0)], [0.0396857, 0.559181, 0.828094, 0.0)], [0.0, 0.0, 0.0, 1.0)]])
0.0, 0.0, 0.0
float3(-0.593398, 0.0478874, -1.57094)
260888.684489041
limited(__ObjC.ARCamera.TrackingState.Reason.initializing)
simd_float4x4([[0.0267484, -0.86229, 0.505707, 0.0)], [0.998132, -0.00475513, -0.0609024, 0.0)], [0.0549202, 0.506392, 0.860552, 0.0)], [0.0, 0.0, 0.0, 1.0)]])
0.0, 0.0, 0.0
float3(-0.530995, 0.0637333, -1.57631)
260888.784544166
limited(__ObjC.ARCamera.TrackingState.Reason.initializing)
simd_float4x4([[0.0205951, -0.891672, 0.452212, 0.0)], [0.997522, -0.0121069, -0.0693026, 0.0)], [0.0672701, 0.452519, 0.889213, 0.0)], [0.0, 0.0, 0.0, 1.0)]])
0.0, 0.0, 0.0
float3(-0.469588, 0.0755074, -1.58437)
260888.884599166
limited(__ObjC.ARCamera.TrackingState.Reason.initializing)
simd_float4x4([[0.0134351, -0.912052, 0.409853, 0.0)], [0.996507, -0.0215729, -0.0806726, 0.0)], [0.0824193, 0.409505, 0.908576, 0.0)], [0.0, 0.0, 0.0, 1.0)]])
0.0, 0.0, 0.0
float3(-0.421912, 0.090465, -1.59445)
260888.984653958
limited(__ObjC.ARCamera.TrackingState.Reason.initializing)
simd_float4x4([[0.00713101, -0.931663, 0.363252, 0.0)], [0.9948, -0.0302982, -0.0972375, 0.0)], [0.101598, 0.362057, 0.926602, 0.0)], [0.0, 0.0, 0.0, 1.0)]])
0.0, 0.0, 0.0
float3(-0.370473, 0.10921, -1.60331)
260889.084709
limited(__ObjC.ARCamera.TrackingState.Reason.initializing)
simd_float4x4([[0.0074597, -0.950473, 0.310713, 0.0)], [0.992826, -0.0300401, -0.11573, 0.0)], [0.119332, 0.309347, 0.943431, 0.0)], [0.0, 0.0, 0.0, 1.0)]])
0.0, 0.0, 0.0
float3(-0.314506, 0.125819, -1.60239)
260889.184764
limited(__ObjC.ARCamera.TrackingState.Reason.initializing)
simd_float4x4([[0.00607648, -0.966124, 0.258002, 0.0)], [0.990158, -0.0302627, -0.136644, 0.0)], [0.139823, 0.256293, 0.956431, 0.0)], [0.0, 0.0, 0.0, 1.0)]])
0.0, 0.0, 0.0
float3(-0.259185, 0.145164, -1.60211)
260889.284819
limited(__ObjC.ARCamera.TrackingState.Reason.initializing)
simd_float4x4([[0.0040109, -0.977993, 0.208589, 0.0)], [0.985085, -0.0320183, -0.169066, 0.0)], [0.172024, 0.206156, 0.963277, 0.0)], [0.0, 0.0, 0.0, 1.0)]])
0.0, 0.0, 0.0
float3(-0.207645, 0.176719, -1.60352)
260889.384873916
limited(__ObjC.ARCamera.TrackingState.Reason.initializing)
simd_float4x4([[0.003126, -0.986105, 0.166081, 0.0)], [0.978316, -0.0313787, -0.204729, 0.0)], [0.207096, 0.163119, 0.964624, 0.0)], [0.0, 0.0, 0.0, 1.0)]])
0.0, 0.0, 0.0
float3(-0.163852, 0.211481, -1.60261)
260889.484928916
limited(__ObjC.ARCamera.TrackingState.Reason.initializing)
simd_float4x4([[0.00595119, -0.989206, 0.14639, 0.0)], [0.975145, -0.0266833, -0.219955, 0.0)], [0.221488, 0.14406, 0.96446, 0.0)], [0.0, 0.0, 0.0, 1.0)]])
0.0, 0.0, 0.0
float3(-0.144563, 0.225736, -1.59776)
260889.584983916
limited(__ObjC.ARCamera.TrackingState.Reason.initializing)
simd_float4x4([[0.0196414, -0.99043, 0.136583, 0.0)], [0.978482, -0.0090214, -0.206135, 0.0)], [0.205395, 0.137693, 0.968941, 0.0)], [0.0, 0.0, 0.0, 1.0)]])
0.0, 0.0, 0.0
float3(-0.138132, 0.208887, -1.5799)
260889.685039
limited(__ObjC.ARCamera.TrackingState.Reason.initializing)
simd_float4x4([[0.0219958, -0.991084, 0.131376, 0.0)], [0.981979, -0.00325391, -0.188962, 0.0)], [0.187705, 0.133165, 0.973152, 0.0)], [0.0, 0.0, 0.0, 1.0)]])
0.0, 0.0, 0.0
float3(-0.133562, 0.190544, -1.57408)
260889.785093875
limited(__ObjC.ARCamera.TrackingState.Reason.initializing)
simd_float4x4([[0.0210348, -0.991288, 0.129992, 0.0)], [0.985609, -0.00125135, -0.169035, 0.0)], [0.167725, 0.131677, 0.976996, 0.0)], [0.0, 0.0, 0.0, 1.0)]])
0.0, 0.0, 0.0
float3(-0.13206, 0.170017, -1.57206)
260889.885149041
limited(__ObjC.ARCamera.TrackingState.Reason.initializing)
simd_float4x4([[0.0209719, -0.990078, 0.138912, 0.0)], [0.989457, 0.000639975, -0.144823, 0.0)], [0.143298, 0.140485, 0.979653, 0.0)], [0.0, 0.0, 0.0, 1.0)]])
0.0, 0.0, 0.0
float3(-0.140951, 0.145244, -1.57015)
260889.985204
limited(__ObjC.ARCamera.TrackingState.Reason.initializing)
simd_float4x4([[0.0171506, -0.990673, 0.135142, 0.0)], [0.993059, 0.00114901, -0.117608, 0.0)], [0.116356, 0.136221, 0.983817, 0.0)], [0.0, 0.0, 0.0, 1.0)]])
0.0, 0.0, 0.0
float3(-0.136646, 0.117723, -1.56964)
260890.085259
limited(__ObjC.ARCamera.TrackingState.Reason.initializing)
simd_float4x4([[0.00935228, -0.990384, 0.137994, 0.0)], [0.996453, -0.00231092, -0.0841206, 0.0)], [0.083631, 0.138291, 0.98685, 0.0)], [0.0, 0.0, 0.0, 1.0)]])
0.0, 0.0, 0.0
float3(-0.138736, 0.0845434, -1.57313)
260890.185314125
limited(__ObjC.ARCamera.TrackingState.Reason.initializing)
simd_float4x4([[0.00107796, -0.989508, 0.14444, 0.0)], [0.999016, -0.0053373, -0.0440208, 0.0)], [0.04433, 0.144345, 0.988529, 0.0)], [0.0, 0.0, 0.0, 1.0)]])
0.0, 0.0, 0.0
float3(-0.144851, 0.0448144, -1.57619)
260890.285368958
limited(__ObjC.ARCamera.TrackingState.Reason.initializing)
simd_float4x4([[-0.00833387, -0.989028, 0.147459, 0.0)], [0.999965, -0.00835857, 0.000452758, 0.0)], [0.000784614, 0.147458, 0.989063, 0.0)], [0.0, 0.0, 0.0, 1.0)]])
0.0, 0.0, 0.0
float3(-0.147998, 0.00079329, -1.57925)
260890.385424125
limited(__ObjC.ARCamera.TrackingState.Reason.initializing)
simd_float4x4([[-0.0157716, -0.988818, 0.148258, 0.0)], [0.998789, -0.00867054, 0.0484232, 0.0)], [-0.0465967, 0.148843, 0.987758, 0.0)], [0.0, 0.0, 0.0, 1.0)]])
0.0, 0.0, 0.0
float3(-0.149398, -0.0471393, -1.57956)
260890.485479041
limited(__ObjC.ARCamera.TrackingState.Reason.initializing)
simd_float4x4([[-0.0238211, -0.988478, 0.149453, 0.0)], [0.995214, -0.00927529, 0.0972824, 0.0)], [-0.0947758, 0.151055, 0.983967, 0.0)], [0.0, 0.0, 0.0, 1.0)]])
0.0, 0.0, 0.0
float3(-0.151635, -0.0960239, -1.58018)
260890.585534208
limited(__ObjC.ARCamera.TrackingState.Reason.initializing)
simd_float4x4([[-0.0326334, -0.988192, 0.149673, 0.0)], [0.987999, -0.00927576, 0.154178, 0.0)], [-0.15097, 0.152908, 0.976636, 0.0)], [0.0, 0.0, 0.0, 1.0)]])
0.0, 0.0, 0.0
float3(-0.15351, -0.153368, -1.58018)
260890.685589208
limited(__ObjC.ARCamera.TrackingState.Reason.initializing)
simd_float4x4([[-0.0424137, -0.987961, 0.148743, 0.0)], [0.979579, -0.0118369, 0.200709, 0.0)], [-0.196534, 0.154219, 0.968288, 0.0)], [0.0, 0.0, 0.0, 1.0)]])
0.0, 0.0, 0.0
float3(-0.154837, -0.20025, -1.58278)
260890.785644333
limited(__ObjC.ARCamera.TrackingState.Reason.initializing)
simd_float4x4([[-0.0518051, -0.987307, 0.150103, 0.0)], [0.969152, -0.0134389, 0.246096, 0.0)], [-0.240957, 0.158222, 0.957547, 0.0)], [0.0, 0.0, 0.0, 1.0)]])
0.0, 0.0, 0.0
float3(-0.15889, -0.246521, -1.58441)
260890.885699333
limited(__ObjC.ARCamera.TrackingState.Reason.initializing)
simd_float4x4([[-0.0634258, -0.986919, 0.148184, 0.0)], [0.956652, -0.0178359, 0.290687, 0.0)], [-0.284243, 0.160198, 0.945269, 0.0)], [0.0, 0.0, 0.0, 1.0)]])
0.0, 0.0, 0.0
float3(-0.160891, -0.292099, -1.58887)
260890.985754375
limited(__ObjC.ARCamera.TrackingState.Reason.initializing)
simd_float4x4([[-0.0710131, -0.986983, 0.144271, 0.0)], [0.943252, -0.0194098, 0.33151, 0.0)], [-0.324396, 0.159626, 0.932351, 0.0)], [0.0, 0.0, 0.0, 1.0)]])
0.0, 0.0, 0.0
float3(-0.160312, -0.334833, -1.59046)
260891.085809583
limited(__ObjC.ARCamera.TrackingState.Reason.initializing)
simd_float4x4([[-0.0787607, -0.986895, 0.14081, 0.0)], [0.928296, -0.0211168, 0.371242, 0.0)], [-0.363405, 0.159953, 0.917793, 0.0)], [0.0, 0.0, 0.0, 1.0)]])
0.0, 0.0, 0.0
float3(-0.160643, -0.377015, -1.59219)
260891.185864541
limited(__ObjC.ARCamera.TrackingState.Reason.initializing)
simd_float4x4([[-0.0881426, -0.986607, 0.137219, 0.0)], [0.911858, -0.0244738, 0.409775, 0.0)], [-0.40093, 0.161243, 0.901803, 0.0)], [0.0, 0.0, 0.0, 1.0)]])
0.0, 0.0, 0.0
float3(-0.161951, -0.418344, -1.5956)
260891.285919666
limited(__ObjC.ARCamera.TrackingState.Reason.initializing)
simd_float4x4([[-0.0969301, -0.986563, 0.131496, 0.0)], [0.895664, -0.0288485, 0.443795, 0.0)], [-0.43404, 0.160794, 0.886424, 0.0)], [0.0, 0.0, 0.0, 1.0)]])
0.0, 0.0, 0.0
float3(-0.161495, -0.455335, -1.60003)
260891.385974666
limited(__ObjC.ARCamera.TrackingState.Reason.initializing)
simd_float4x4([[-0.103677, -0.98683, 0.124137, 0.0)], [0.882241, -0.0336181, 0.469595, 0.0)], [-0.45924, 0.158206, 0.874106, 0.0)], [0.0, 0.0, 0.0, 1.0)]])
0.0, 0.0, 0.0
float3(-0.158873, -0.483746, -1.60485)
260891.486029875
limited(__ObjC.ARCamera.TrackingState.Reason.initializing)
simd_float4x4([[-0.110771, -0.986806, 0.118046, 0.0)], [0.87391, -0.0401514, 0.484425, 0.0)], [-0.473296, 0.156822, 0.866827, 0.0)], [0.0, 0.0, 0.0, 1.0)]])
0.0, 0.0, 0.0
float3(-0.157472, -0.499775, -1.61146)
260891.586084875
limited(__ObjC.ARCamera.TrackingState.Reason.initializing)
simd_float4x4([[-0.113291, -0.986622, 0.117196, 0.0)], [0.875921, -0.0435066, 0.480487, 0.0)], [-0.468963, 0.15709, 0.869131, 0.0)], [0.0, 0.0, 0.0, 1.0)]])
0.0, 0.0, 0.0
float3(-0.157743, -0.494805, -1.61486)
260891.686139875
limited(__ObjC.ARCamera.TrackingState.Reason.initializing)
simd_float4x4([[-0.111183, -0.986963, 0.116342, 0.0)], [0.88754, -0.0459452, 0.458432, 0.0)], [-0.447112, 0.154229, 0.881078, 0.0)], [0.0, 0.0, 0.0, 1.0)]])
0.0, 0.0, 0.0
float3(-0.154847, -0.469598, -1.61731)
260891.786195
limited(__ObjC.ARCamera.TrackingState.Reason.initializing)
simd_float4x4([[-0.105182, -0.987408, 0.118135, 0.0)], [0.905949, -0.0461533, 0.420863, 0.0)], [-0.410113, 0.151292, 0.899395, 0.0)], [0.0, 0.0, 0.0, 1.0)]])
0.0, 0.0, 0.0
float3(-0.151875, -0.427822, -1.6175)
260891.88625025
limited(__ObjC.ARCamera.TrackingState.Reason.initializing)
simd_float4x4([[-0.0980249, -0.98771, 0.121708, 0.0)], [0.928305, -0.0466766, 0.368876, 0.0)], [-0.358663, 0.149142, 0.921472, 0.0)], [0.0, 0.0, 0.0, 1.0)]])
0.0, 0.0, 0.0
float3(-0.1497, -0.371186, -1.61802)
260891.986305083
normal
simd_float4x4([[-0.089471, -0.989531, 0.113243, 0.0)], [0.949851, -0.0505681, 0.308587, 0.0)], [-0.29963, 0.135174, 0.944431, 0.0)], [-0.00542419, 0.00086105, -0.00269857, 1.0)]])
-0.00542419, 0.00086105, -0.00269857
float3(-0.135589, -0.307215, -1.62186)
260892.086360458
normal
simd_float4x4([[-0.0802323, -0.989327, 0.121633, 0.0)], [0.970204, -0.049522, 0.237174, 0.0)], [-0.228619, 0.137038, 0.963822, 0.0)], [-0.0212527, 0.000213623, -0.0193127, 1.0)]])
-0.0212527, 0.000213623, -0.0193127
float3(-0.13747, -0.232896, -1.62081)
260892.186415416
normal
simd_float4x4([[-0.0678925, -0.98924, 0.129596, 0.0)], [0.986647, -0.0472963, 0.155858, 0.0)], [-0.148052, 0.138447, 0.979241, 0.0)], [-0.0417452, 0.000315295, -0.0350829, 1.0)]])
-0.0417452, 0.000315295, -0.0350829
float3(-0.138893, -0.150054, -1.61857)
260892.286470458
normal
simd_float4x4([[-0.0571233, -0.988907, 0.137115, 0.0)], [0.996394, -0.0478388, 0.0700815, 0.0)], [-0.0627447, 0.140624, 0.988073, 0.0)], [-0.0624334, -0.000335159, -0.0487321, 1.0)]])
-0.0624334, -0.000335159, -0.0487321
float3(-0.141092, -0.0634169, -1.61913)
260892.386525791
normal
simd_float4x4([[-0.0465398, -0.989268, 0.138503, 0.0)], [0.998701, -0.0489589, -0.014109, 0.0)], [0.0207385, 0.137667, 0.990261, 0.0)], [-0.0866896, 0.00121278, -0.0608502, 1.0)]])
-0.0866896, 0.00121278, -0.0608502
float3(-0.138105, 0.0209394, -1.62025)
260892.48658075
normal
simd_float4x4([[-0.0329682, -0.989729, 0.139104, 0.0)], [0.994041, -0.0469393, -0.0983823, 0.0)], [0.103901, 0.135031, 0.985379, 0.0)], [-0.108764, 0.00287706, -0.0693885, 1.0)]])
-0.108764, 0.00287706, -0.0693885
float3(-0.135445, 0.105055, -1.61819)
260892.586635916
normal
simd_float4x4([[-0.0171062, -0.989799, 0.14144, 0.0)], [0.982532, -0.0428583, -0.181093, 0.0)], [0.185307, 0.135871, 0.973242, 0.0)], [-0.130912, 0.00370544, -0.0765595, 1.0)]])
-0.130912, 0.00370544, -0.0765595
float3(-0.136293, 0.18815, -1.61407)
260892.686690958
normal
simd_float4x4([[-0.00535979, -0.989806, 0.142324, 0.0)], [0.963797, -0.0430555, -0.263138, 0.0)], [0.266584, 0.135761, 0.954202, 0.0)], [-0.150423, 0.00358519, -0.0826013, 1.0)]])
-0.150423, 0.00358519, -0.0826013
float3(-0.136181, 0.272432, -1.61427)
260892.786746291
normal
simd_float4x4([[0.0107287, -0.98918, 0.146314, 0.0)], [0.9399, -0.039964, -0.339102, 0.0)], [0.34128, 0.141159, 0.929302, 0.0)], [-0.168958, 0.00374293, -0.0875348, 1.0)]])
-0.168958, 0.00374293, -0.0875348
float3(-0.141632, 0.351953, -1.61118)
260892.88680125
normal
simd_float4x4([[0.0222715, -0.98918, 0.145005, 0.0)], [0.912421, -0.0391741, -0.407373, 0.0)], [0.408646, 0.141379, 0.901677, 0.0)], [-0.18438, 0.00537673, -0.0918116, 1.0)]])
-0.18438, 0.00537673, -0.0918116
float3(-0.141854, 0.425518, -1.61038)
260892.986856541
normal
simd_float4x4([[0.0288142, -0.990409, 0.135132, 0.0)], [0.883213, -0.0380799, -0.467423, 0.0)], [0.468085, 0.132819, 0.873645, 0.0)], [-0.198845, 0.00732499, -0.0924313, 1.0)]])
-0.198845, 0.00732499, -0.0924313
float3(-0.133212, 0.491864, -1.60923)
260893.0869115
normal
simd_float4x4([[0.0384719, -0.991828, 0.121642, 0.0)], [0.852747, -0.0308711, -0.521411, 0.0)], [0.520905, 0.12379, 0.844591, 0.0)], [-0.215722, 0.00934921, -0.0906841, 1.0)]])
-0.215722, 0.00934921, -0.0906841
float3(-0.124108, 0.552648, -1.60191)
260893.186966833
normal
simd_float4x4([[0.0495998, -0.992516, 0.111586, 0.0)], [0.820357, -0.0232426, -0.571379, 0.0)], [0.569697, 0.119881, 0.813064, 0.0)], [-0.235248, 0.00844556, -0.0865969, 1.0)]])
-0.235248, 0.00844556, -0.0865969
float3(-0.12017, 0.611181, -1.59421)
260893.287021958
normal
simd_float4x4([[0.0611498, -0.992391, 0.10687, 0.0)], [0.79165, -0.0169897, -0.610738, 0.0)], [0.607907, 0.12195, 0.784587, 0.0)], [-0.256499, 0.00765467, -0.0838328, 1.0)]])
-0.256499, 0.00765467, -0.0838328
float3(-0.122255, 0.659192, -1.58791)
260893.387077125
normal
simd_float4x4([[0.0679289, -0.992598, 0.100671, 0.0)], [0.770595, -0.0118916, -0.637215, 0.0)], [0.633695, 0.120862, 0.764083, 0.0)], [-0.276662, 0.00619206, -0.0816946, 1.0)]])
-0.276662, 0.00619206, -0.0816946
float3(-0.121158, 0.692385, -1.58278)
260893.487132375
normal
simd_float4x4([[0.0755483, -0.991571, 0.105262, 0.0)], [0.757364, -0.0116045, -0.65289, 0.0)], [0.648608, 0.129046, 0.750103, 0.0)], [-0.296173, 0.00403899, -0.0831226, 1.0)]])
-0.296173, 0.00403899, -0.0831226
float3(-0.129407, 0.712962, -1.5825)
260893.587187375
normal
simd_float4x4([[0.0750527, -0.991044, 0.110453, 0.0)], [0.750551, -0.0167845, -0.660599, 0.0)], [0.656537, 0.13248, 0.742569, 0.0)], [-0.303208, 0.00253063, -0.0869216, 1.0)]])
-0.303208, 0.00253063, -0.0869216
float3(-0.132871, 0.723985, -1.58773)
260893.687242666
normal
simd_float4x4([[0.0715047, -0.991161, 0.111749, 0.0)], [0.75463, -0.0195047, -0.65586, 0.0)], [0.652242, 0.131226, 0.746565, 0.0)], [-0.30039, 0.000754565, -0.0901158, 1.0)]])
-0.30039, 0.000754565, -0.0901158
float3(-0.131606, 0.718069, -1.59047)
260893.78729775
normal
simd_float4x4([[0.0797273, -0.98987, 0.117477, 0.0)], [0.762656, -0.0153141, -0.646622, 0.0)], [0.641871, 0.141148, 0.75371, 0.0)], [-0.285016, -0.00162706, -0.0962831, 1.0)]])
-0.285016, -0.00162706, -0.0962831
float3(-0.141621, 0.705431, -1.58627)
260893.887353
normal
simd_float4x4([[0.0868414, -0.988284, 0.125513, 0.0)], [0.767075, -0.0140555, -0.641403, 0.0)], [0.635652, 0.151979, 0.756868, 0.0)], [-0.260874, -0.00385019, -0.101693, 1.0)]])
-0.260874, -0.00385019, -0.101693
float3(-0.15257, 0.69857, -1.58502)
260893.987408041
normal
simd_float4x4([[0.0858575, -0.987771, 0.130142, 0.0)], [0.769803, -0.0171537, -0.638051, 0.0)], [0.632481, 0.154965, 0.758916, 0.0)], [-0.231696, -0.00513075, -0.105591, 1.0)]])
-0.231696, -0.00513075, -0.105591
float3(-0.155592, 0.694778, -1.58816)
260894.087463291
normal
simd_float4x4([[0.0832676, -0.987469, 0.134055, 0.0)], [0.773241, -0.020835, -0.633769, 0.0)], [0.628621, 0.156429, 0.761817, 0.0)], [-0.196759, -0.0413744, -0.108052, 1.0)]])
-0.196759, -0.0413744, -0.108052
float3(-0.157074, 0.689895, -1.59189)
260894.187518291
normal
simd_float4x4([[0.0757477, -0.988257, 0.132701, 0.0)], [0.771608, -0.0261993, -0.635558, 0.0)], [0.631572, 0.150535, 0.760563, 0.0)], [-0.162201, -0.0395214, -0.11563, 1.0)]])
-0.162201, -0.0395214, -0.11563
float3(-0.15111, 0.693005, -1.5973)
260894.287573666
normal
simd_float4x4([[0.0643213, -0.990059, 0.125085, 0.0)], [0.768742, -0.030766, -0.638819, 0.0)], [0.636317, 0.137248, 0.75912, 0.0)], [-0.138093, -0.0406221, -0.092109, 1.0)]])
-0.138093, -0.0406221, -0.092109
float3(-0.137682, 0.697621, -1.60186)
260894.387628958
normal
simd_float4x4([[0.0686886, -0.989883, 0.124155, 0.0)], [0.765994, -0.0274026, -0.642264, 0.0)], [0.639168, 0.139218, 0.756362, 0.0)], [-0.141434, -0.0440281, -0.103978, 1.0)]])
-0.141434, -0.0440281, -0.103978
float3(-0.139672, 0.701617, -1.59847)
260894.487684083
normal
simd_float4x4([[0.0699961, -0.989854, 0.12365, 0.0)], [0.763741, -0.0265619, -0.644976, 0.0)], [0.641717, 0.139582, 0.754133, 0.0)], [-0.117498, -0.0405279, -0.0969823, 1.0)]])
-0.117498, -0.0405279, -0.0969823
float3(-0.14004, 0.705036, -1.59762)
260894.587739333
normal
simd_float4x4([[0.0652079, -0.988608, 0.135656, 0.0)], [0.768574, -0.0369464, -0.638693, 0.0)], [0.636429, 0.14591, 0.757409, 0.0)], [-0.113667, -0.0464164, -0.0877304, 1.0)]])
-0.113667, -0.0464164, -0.0877304
float3(-0.146432, 0.698819, -1.60815)
260894.687794416
normal
simd_float4x4([[0.0717268, -0.986492, 0.14727, 0.0)], [0.759328, -0.0417321, -0.649368, 0.0)], [0.646743, 0.158403, 0.746078, 0.0)], [-0.0833691, -0.0500715, -0.120654, 1.0)]])
-0.0833691, -0.0500715, -0.120654
float3(-0.159073, 0.714199, -1.61307)
260894.787849791
normal
simd_float4x4([[0.0538973, -0.986505, 0.154606, 0.0)], [0.791585, -0.0521683, -0.608828, 0.0)], [0.608677, 0.155198, 0.778091, 0.0)], [-0.13897, -0.0543845, -0.0668905, 1.0)]])
-0.13897, -0.0543845, -0.0668905
float3(-0.155828, 0.663836, -1.62363)
260894.887904958
normal
simd_float4x4([[0.0450213, -0.985425, 0.164044, 0.0)], [0.787904, -0.065926, -0.612258, 0.0)], [0.61415, 0.156816, 0.773453, 0.0)], [-0.138081, -0.0579232, -0.0765283, 1.0)]])
-0.138081, -0.0579232, -0.0765283
float3(-0.157466, 0.671094, -1.6376)
260894.987960125
normal
simd_float4x4([[0.0501852, -0.984086, 0.170457, 0.0)], [0.77979, -0.0680296, -0.622333, 0.0)], [0.624026, 0.164152, 0.763967, 0.0)], [-0.146911, -0.0619736, -0.0921735, 1.0)]])
-0.146911, -0.0619736, -0.0921735
float3(-0.164899, 0.684915, -1.63982)
260895.088015416
normal
simd_float4x4([[0.0567621, -0.982229, 0.178899, 0.0)], [0.794947, -0.063943, -0.6033, 0.0)], [0.604018, 0.17646, 0.77719, 0.0)], [-0.214514, -0.0317331, -0.0891426, 1.0)]])
-0.214514, -0.0317331, -0.0891426
float3(-0.177388, 0.660672, -1.6358)
260895.188070708
normal
simd_float4x4([[0.0682166, -0.979394, 0.190087, 0.0)], [0.791948, -0.0627191, -0.607358, 0.0)], [0.606766, 0.191971, 0.771351, 0.0)], [-0.232845, -0.0372537, -0.119721, 1.0)]])
-0.232845, -0.0372537, -0.119721
float3(-0.19317, 0.666533, -1.63475)
260895.288125666
normal
simd_float4x4([[0.0893018, -0.977717, 0.189986, 0.0)], [0.795049, -0.0449203, -0.604879, 0.0)], [0.599935, 0.205065, 0.773321, 0.0)], [-0.257455, -0.0418385, -0.152094, 1.0)]])
-0.257455, -0.0418385, -0.152094
float3(-0.20653, 0.659804, -1.61671)
260895.388181083
normal
simd_float4x4([[0.0954635, -0.978009, 0.185433, 0.0)], [0.794376, -0.0374119, -0.606273, 0.0)], [0.599878, 0.205181, 0.773335, 0.0)], [-0.284122, -0.041945, -0.189472, 1.0)]])
-0.284122, -0.041945, -0.189472
float3(-0.206648, 0.659748, -1.60903)
260895.488236416
normal
simd_float4x4([[0.101274, -0.979803, 0.172424, 0.0)], [0.792096, -0.0254506, -0.609866, 0.0)], [0.601936, 0.19834, 0.77352, 0.0)], [-0.31432, -0.0386534, -0.228124, 1.0)]])
-0.31432, -0.0386534, -0.228124
float3(-0.199664, 0.661292, -1.59677)
260895.588291625
normal
simd_float4x4([[0.0980988, -0.983126, 0.154404, 0.0)], [0.788084, -0.017999, -0.615304, 0.0)], [0.6077, 0.182044, 0.77302, 0.0)], [-0.341991, -0.0330956, -0.264391, 1.0)]])
-0.341991, -0.0330956, -0.264391
float3(-0.183065, 0.666231, -1.5891)
260895.688346916
normal
simd_float4x4([[0.0955699, -0.985912, 0.137273, 0.0)], [0.781578, -0.0110791, -0.623709, 0.0)], [0.616443, 0.166897, 0.769508, 0.0)], [-0.368604, -0.0272834, -0.299504, 1.0)]])
-0.368604, -0.0272834, -0.299504
float3(-0.167682, 0.675403, -1.58203)
260895.788402041
normal
simd_float4x4([[0.0835919, -0.989576, 0.117264, 0.0)], [0.773032, -0.00986281, -0.63429, 0.0)], [0.628835, 0.14367, 0.76415, 0.0)], [-0.390336, -0.0237658, -0.331681, 1.0)]])
-0.390336, -0.0237658, -0.331681
float3(-0.144169, 0.688561, -1.58076)
260895.888457333
normal
simd_float4x4([[0.0880939, -0.988757, 0.120825, 0.0)], [0.757913, -0.0121765, -0.652241, 0.0)], [0.64638, 0.149033, 0.74832, 0.0)], [-0.412458, -0.0222656, -0.36917, 1.0)]])
-0.412458, -0.0222656, -0.36917
float3(-0.149591, 0.712437, -1.58311)
260895.988512583
normal
simd_float4x4([[0.0907427, -0.987954, 0.125351, 0.0)], [0.739272, -0.0175112, -0.67318, 0.0)], [0.667265, 0.153755, 0.728777, 0.0)], [-0.428621, -0.0221009, -0.410832, 1.0)]])
-0.428621, -0.0221009, -0.410832
float3(-0.154367, 0.741365, -1.58852)
260896.088567833
normal
simd_float4x4([[0.0802404, -0.98796, 0.132272, 0.0)], [0.723667, -0.0335159, -0.689335, 0.0)], [0.685469, 0.151033, 0.712265, 0.0)], [-0.436667, -0.0276183, -0.458265, 1.0)]])
-0.436667, -0.0276183, -0.458265
float3(-0.151614, 0.76623, -1.60471)
260896.188623125
normal
simd_float4x4([[0.0821242, -0.985667, 0.147361, 0.0)], [0.708585, -0.0462285, -0.704109, 0.0)], [0.70083, 0.162242, 0.694633, 0.0)], [-0.442566, -0.036022, -0.514681, 1.0)]])
-0.442566, -0.036022, -0.514681
float3(-0.162962, 0.789839, -1.61766)
260896.288678416
normal
simd_float4x4([[0.0800852, -0.986474, 0.143023, 0.0)], [0.696937, -0.0471682, -0.715579, 0.0)], [0.712646, 0.156986, 0.683733, 0.0)], [-0.440611, -0.04257, -0.572532, 1.0)]])
-0.440611, -0.04257, -0.572532
float3(-0.157638, 0.806101, -1.61857)
260896.388733541
normal
simd_float4x4([[0.0654439, -0.990501, 0.120936, 0.0)], [0.693423, -0.0420085, -0.719305, 0.0)], [0.717553, 0.130934, 0.684087, 0.0)], [-0.429206, -0.0438906, -0.631903, 1.0)]])
-0.429206, -0.0438906, -0.631903
float3(-0.131311, 0.80927, -1.61318)
260896.488788958
normal
simd_float4x4([[0.0674534, -0.988508, 0.135282, 0.0)], [0.69599, -0.0505326, -0.716271, 0.0)], [0.714876, 0.14247, 0.684583, 0.0)], [-0.415437, -0.0361678, -0.70517, 1.0)]])
-0.415437, -0.0361678, -0.70517
float3(-0.142957, 0.807041, -1.62187)
260896.588844333
normal
simd_float4x4([[0.0756046, -0.991058, 0.109945, 0.0)], [0.717194, -0.022556, -0.696508, 0.0)], [0.69276, 0.131511, 0.709075, 0.0)], [-0.398337, -0.027953, -0.766863, 1.0)]])
-0.398337, -0.027953, -0.766863
float3(-0.131893, 0.77376, -1.59355)
260896.688899541
normal
simd_float4x4([[0.0630815, -0.992463, 0.105065, 0.0)], [0.754162, -0.0215466, -0.656335, 0.0)], [0.653652, 0.120639, 0.747118, 0.0)], [-0.379792, -0.0235486, -0.828281, 1.0)]])
-0.379792, -0.0235486, -0.828281
float3(-0.120933, 0.718772, -1.5925)
260896.788954791
normal
simd_float4x4([[0.070454, -0.987226, 0.142903, 0.0)], [0.781235, -0.0344682, -0.623284, 0.0)], [0.620248, 0.155553, 0.768827, 0.0)], [-0.373413, -0.0227634, -0.892348, 1.0)]])
-0.373413, -0.0227634, -0.892348
float3(-0.156188, 0.678841, -1.6057)
260896.889010083
normal
simd_float4x4([[0.0733467, -0.988828, 0.12977, 0.0)], [0.807958, -0.0173655, -0.588985, 0.0)], [0.584658, 0.148049, 0.797657, 0.0)], [-0.371683, -0.0231784, -0.948165, 1.0)]])
-0.371683, -0.0231784, -0.948165
float3(-0.148595, 0.632512, -1.58836)
260896.989065541
normal
simd_float4x4([[0.0658685, -0.988934, 0.132931, 0.0)], [0.834418, -0.0184636, -0.550823, 0.0)], [0.547182, 0.147202, 0.823968, 0.0)], [-0.377037, -0.0292687, -1.01237, 1.0)]])
-0.377037, -0.0292687, -1.01237
float3(-0.147738, 0.586211, -1.58946)
260897.089120625
normal
simd_float4x4([[0.0592925, -0.987567, 0.145589, 0.0)], [0.85803, -0.0241172, -0.513033, 0.0)], [0.510166, 0.155339, 0.845932, 0.0)], [-0.387804, -0.0369188, -1.08472, 1.0)]])
-0.387804, -0.0369188, -1.08472
float3(-0.155971, 0.542682, -1.59521)
260897.189176083
normal
simd_float4x4([[0.0543178, -0.988876, 0.138472, 0.0)], [0.885794, -0.0162888, -0.463792, 0.0)], [0.460888, 0.14785, 0.875056, 0.0)], [-0.4045, -0.0399225, -1.16187, 1.0)]])
-0.4045, -0.0399225, -1.16187
float3(-0.148394, 0.484775, -1.58727)
260897.289231375
normal
simd_float4x4([[0.038251, -0.993254, 0.109472, 0.0)], [0.911207, -0.0102976, -0.411819, 0.0)], [0.410168, 0.115504, 0.904666, 0.0)], [-0.425142, -0.0393018, -1.23675, 1.0)]])
-0.425142, -0.0393018, -1.23675
float3(-0.115763, 0.425671, -1.58116)
260897.389286583
normal
simd_float4x4([[0.0518581, -0.990291, 0.128973, 0.0)], [0.934944, 0.00275368, -0.354784, 0.0)], [0.350984, 0.138981, 0.92601, 0.0)], [-0.452042, -0.0404522, -1.32501, 1.0)]])
-0.452042, -0.0404522, -1.32501
float3(-0.139432, 0.362298, -1.56802)
260897.489341791
normal
simd_float4x4([[0.0439389, -0.989562, 0.137247, 0.0)], [0.953554, 0.000562271, -0.301221, 0.0)], [0.298, 0.144108, 0.943625, 0.0)], [-0.468594, -0.0400527, -1.40479, 1.0)]])
-0.468594, -0.0400527, -1.40479
float3(-0.144611, 0.305891, -1.57023)
260897.589397375
normal
simd_float4x4([[0.00838939, -0.988512, 0.150907, 0.0)], [0.962343, -0.0330239, -0.269823, 0.0)], [0.271707, 0.147488, 0.951011, 0.0)], [-0.476007, -0.0373834, -1.4875, 1.0)]])
-0.476007, -0.0373834, -1.4875
float3(-0.148028, 0.278289, -1.60419)
260897.689452666
normal
simd_float4x4([[-0.0188134, -0.988057, 0.152937, 0.0)], [0.965711, -0.0575729, -0.253157, 0.0)], [0.258938, 0.14293, 0.95526, 0.0)], [-0.479206, -0.0446403, -1.57095, 1.0)]])
-0.479206, -0.0446403, -1.57095
float3(-0.143421, 0.264705, -1.629)
260897.789507875
normal
simd_float4x4([[-0.0243592, -0.987347, 0.156695, 0.0)], [0.968897, -0.0619278, -0.23959, 0.0)], [0.246262, 0.145985, 0.958146, 0.0)], [-0.477676, -0.0544772, -1.65817, 1.0)]])
-0.477676, -0.0544772, -1.65817
float3(-0.146509, 0.251574, -1.63344)
260897.889563375
normal
simd_float4x4([[-0.030533, -0.989557, 0.140871, 0.0)], [0.970442, -0.0631036, -0.232937, 0.0)], [0.239394, 0.129595, 0.962235, 0.0)], [-0.4733, -0.0578171, -1.74386, 1.0)]])
-0.4733, -0.0578171, -1.74386
float3(-0.129961, 0.243839, -1.63448)
260897.989618583
normal
simd_float4x4([[-0.00463305, -0.986407, 0.164253, 0.0)], [0.974251, -0.0414792, -0.221619, 0.0)], [0.22542, 0.158997, 0.9612, 0.0)], [-0.474943, -0.0503014, -1.83556, 1.0)]])
-0.474943, -0.0503014, -1.83556
float3(-0.159674, 0.230356, -1.61282)
260898.089674041
normal
simd_float4x4([[0.0370086, -0.986723, 0.158139, 0.0)], [0.984394, 0.00875216, -0.175763, 0.0)], [0.172046, 0.162176, 0.971648, 0.0)], [-0.478106, -0.0363059, -1.91747, 1.0)]])
-0.478106, -0.0363059, -1.91747
float3(-0.162896, 0.175249, -1.56193)
260898.189729291
normal
simd_float4x4([[0.0389984, -0.989426, 0.1397, 0.0)], [0.984369, 0.0140113, -0.175559, 0.0)], [0.171745, 0.144363, 0.974506, 0.0)], [-0.482678, -0.0316668, -1.996, 1.0)]])
-0.482678, -0.0316668, -1.996
float3(-0.144869, 0.174447, -1.55664)
260898.289784708
normal
simd_float4x4([[0.063303, -0.985908, 0.15485, 0.0)], [0.984117, 0.0358811, -0.173859, 0.0)], [0.165853, 0.163396, 0.97252, 0.0)], [-0.494971, -0.0354149, -2.07961, 1.0)]])
-0.494971, -0.0354149, -2.07961
float3(-0.164132, 0.168915, -1.53442)
260898.389839916
normal
simd_float4x4([[0.0655151, -0.99026, 0.122852, 0.0)], [0.980504, 0.0410289, -0.19217, 0.0)], [0.185257, 0.133047, 0.973642, 0.0)], [-0.506112, -0.0431055, -2.15859, 1.0)]])
-0.506112, -0.0431055, -2.15859
float3(-0.133443, 0.188025, -1.52939)
260898.489895333
normal
simd_float4x4([[0.0692504, -0.991921, 0.106288, 0.0)], [0.981084, 0.0484095, -0.187434, 0.0)], [0.180774, 0.117257, 0.97651, 0.0)], [-0.519445, -0.0501379, -2.24982, 1.0)]])
-0.519445, -0.0501379, -2.24982
float3(-0.117528, 0.18305, -1.52203)
260898.589950625
normal
simd_float4x4([[0.066458, -0.995481, 0.0678229, 0.0)], [0.983052, 0.0536857, -0.175289, 0.0)], [0.170856, 0.0783228, 0.982178, 0.0)], [-0.534425, -0.052503, -2.34807, 1.0)]])
-0.534425, -0.052503, -2.34807
float3(-0.0784031, 0.172232, -1.51692)
260898.690006
normal
simd_float4x4([[0.0523652, -0.994583, 0.0897886, 0.0)], [0.990782, 0.0404949, -0.12927, 0.0)], [0.124934, 0.0957302, 0.987536, 0.0)], [-0.544568, -0.0497124, -2.46267, 1.0)]])
-0.544568, -0.0497124, -2.46267
float3(-0.095877, 0.125842, -1.5301)
260898.7900615
normal
simd_float4x4([[0.0434097, -0.992938, 0.110406, 0.0)], [0.99416, 0.0320035, -0.103063, 0.0)], [0.0988014, 0.114235, 0.988528, 0.0)], [-0.557108, -0.0479171, -2.56894, 1.0)]])
-0.557108, -0.0479171, -2.56894
float3(-0.114485, 0.0996171, -1.53858)
260898.890116791
normal
simd_float4x4([[0.0452235, -0.987506, 0.150951, 0.0)], [0.996059, 0.033032, -0.0823181, 0.0)], [0.0763034, 0.154078, 0.985108, 0.0)], [-0.570871, -0.0532251, -2.67739, 1.0)]])
-0.570871, -0.0532251, -2.67739
float3(-0.154695, 0.0773025, -1.53736)
260898.990172166
normal
simd_float4x4([[0.0290092, -0.98798, 0.151834, 0.0)], [0.996766, 0.017204, -0.0784947, 0.0)], [0.0749391, 0.15362, 0.985284, 0.0)], [-0.577477, -0.0687465, -2.77799, 1.0)]])
-0.577477, -0.0687465, -2.77799
float3(-0.15423, 0.0759122, -1.55338)
260899.090227375
normal
simd_float4x4([[0.0242373, -0.990634, 0.134379, 0.0)], [0.995948, 0.0122833, -0.0890826, 0.0)], [0.0865976, 0.135994, 0.986918, 0.0)], [-0.580957, -0.0774611, -2.87922, 1.0)]])
-0.580957, -0.0774611, -2.87922
float3(-0.136417, 0.0875214, -1.5584)
260899.190282875
normal
simd_float4x4([[0.0231383, -0.993343, 0.112845, 0.0)], [0.991767, 0.00858698, -0.127767, 0.0)], [0.125948, 0.114873, 0.985363, 0.0)], [-0.584373, -0.0784204, -2.97688, 1.0)]])
-0.584373, -0.0784204, -2.97688
float3(-0.115127, 0.127129, -1.56215)
260899.290338166
normal
simd_float4x4([[0.0370209, -0.991789, 0.122409, 0.0)], [0.987536, 0.017558, -0.156408, 0.0)], [0.152974, 0.126674, 0.980078, 0.0)], [-0.591079, -0.0634685, -3.07311, 1.0)]])
-0.591079, -0.0634685, -3.07311
float3(-0.127015, 0.154834, -1.55309)
260899.390393458
normal
simd_float4x4([[0.0384987, -0.989299, 0.14073, 0.0)], [0.98563, 0.0144144, -0.168304, 0.0)], [0.164475, 0.145187, 0.975638, 0.0)], [-0.60103, -0.0528032, -3.16641, 1.0)]])
-0.60103, -0.0528032, -3.16641
float3(-0.145702, 0.167011, -1.55623)
260899.490448916
normal
simd_float4x4([[0.0449344, -0.985943, 0.160928, 0.0)], [0.9787, 0.0111446, -0.204995, 0.0)], [0.200319, 0.166712, 0.965443, 0.0)], [-0.61665, -0.0498385, -3.25814, 1.0)]])
-0.61665, -0.0498385, -3.25814
float3(-0.167494, 0.204587, -1.55949)
260899.59050425
normal
simd_float4x4([[0.0670348, -0.983302, 0.169182, 0.0)], [0.974183, 0.0278676, -0.224031, 0.0)], [0.215575, 0.179832, 0.959785, 0.0)], [-0.63788, -0.058504, -3.35573, 1.0)]])
-0.63788, -0.058504, -3.35573
float3(-0.180815, 0.220941, -1.54246)
260899.690559625
normal
simd_float4x4([[0.0706115, -0.985335, 0.155333, 0.0)], [0.9775, 0.0373219, -0.207606, 0.0)], [0.198764, 0.166498, 0.965801, 0.0)], [-0.658603, -0.071922, -3.4493, 1.0)]])
-0.658603, -0.071922, -3.4493
float3(-0.167277, 0.202969, -1.53294)
260899.790615041
normal
simd_float4x4([[0.0834143, -0.985624, 0.146927, 0.0)], [0.98151, 0.0557707, -0.183105, 0.0)], [0.172279, 0.159484, 0.972052, 0.0)], [-0.683576, -0.079766, -3.53113, 1.0)]])
-0.683576, -0.079766, -3.53113
float3(-0.160168, 0.17541, -1.51427)
260899.8906705
normal
simd_float4x4([[0.108144, -0.977231, 0.182551, 0.0)], [0.976755, 0.0702595, -0.202519, 0.0)], [0.185082, 0.200208, 0.962113, 0.0)], [-0.711162, -0.079606, -3.62801, 1.0)]])
-0.711162, -0.079606, -3.62801
float3(-0.201571, 0.190049, -1.49902)
260899.990725916
normal
simd_float4x4([[0.15376, -0.955022, 0.253555, 0.0)], [0.973317, 0.102154, -0.20547, 0.0)], [0.170326, 0.278383, 0.945247, 0.0)], [-0.73676, -0.0879563, -3.7427, 1.0)]])
-0.73676, -0.0879563, -3.7427
float3(-0.28211, 0.178279, -1.46424)
260900.090781375
normal
simd_float4x4([[0.141359, -0.946541, 0.289962, 0.0)], [0.975224, 0.0828016, -0.205137, 0.0)], [0.170161, 0.311776, 0.934794, 0.0)], [-0.746417, -0.099763, -3.85192, 1.0)]])
-0.746417, -0.099763, -3.85192
float3(-0.317062, 0.180059, -1.48354)
260900.190836625
normal
simd_float4x4([[0.138121, -0.950289, 0.279058, 0.0)], [0.970428, 0.0735313, -0.229917, 0.0)], [0.197968, 0.302562, 0.932344, 0.0)], [-0.754513, -0.112875, -3.95897, 1.0)]])
-0.754513, -0.112875, -3.95897
float3(-0.307379, 0.209226, -1.49357)
260900.29089225
normal
simd_float4x4([[0.135562, -0.957313, 0.255294, 0.0)], [0.958283, 0.0612474, -0.279183, 0.0)], [0.251629, 0.28249, 0.925679, 0.0)], [-0.749694, -0.114868, -4.04809, 1.0)]])
-0.749694, -0.114868, -4.04809
float3(-0.286389, 0.265419, -1.5069)
260900.390947458
normal
simd_float4x4([[0.158821, -0.956659, 0.24409, 0.0)], [0.941592, 0.0724057, -0.328881, 0.0)], [0.296953, 0.282066, 0.912281, 0.0)], [-0.749854, -0.104665, -4.13666, 1.0)]])
-0.749854, -0.104665, -4.13666
float3(-0.285947, 0.31469, -1.49525)
260900.491002958
normal
simd_float4x4([[0.136922, -0.954868, 0.26359, 0.0)], [0.940312, 0.0415959, -0.337763, 0.0)], [0.311554, 0.294104, 0.903569, 0.0)], [-0.745242, -0.0912312, -4.23607, 1.0)]])
-0.745242, -0.0912312, -4.23607
float3(-0.298518, 0.332039, -1.52726)
260900.591058291
normal
simd_float4x4([[0.128446, -0.950605, 0.28258, 0.0)], [0.929174, 0.0157697, -0.369306, 0.0)], [0.346608, 0.310002, 0.885303, 0.0)], [-0.753458, -0.0870952, -4.33644, 1.0)]])
-0.753458, -0.0870952, -4.33644
float3(-0.315195, 0.373169, -1.55421)
260900.69111375
normal
simd_float4x4([[0.107246, -0.961069, 0.254646, 0.0)], [0.929473, 0.00599159, -0.368842, 0.0)], [0.352957, 0.276244, 0.89393, 0.0)], [-0.762253, -0.0921678, -4.43557, 1.0)]])
-0.762253, -0.0921678, -4.43557
float3(-0.279883, 0.376048, -1.56456)
260900.791169125
normal
simd_float4x4([[0.0807616, -0.970572, 0.226866, 0.0)], [0.939875, -0.00162006, -0.341516, 0.0)], [0.331833, 0.240807, 0.912085, 0.0)], [-0.775082, -0.103478, -4.53134, 1.0)]])
-0.775082, -0.103478, -4.53134
float3(-0.243197, 0.348931, -1.57247)
260900.891224541
normal
simd_float4x4([[0.0479073, -0.969729, 0.239439, 0.0)], [0.943331, -0.0348815, -0.330014, 0.0)], [0.328376, 0.24168, 0.913105, 0.0)], [-0.796104, -0.110858, -4.63078, 1.0)]])
-0.796104, -0.110858, -4.63078
float3(-0.244097, 0.345224, -1.60675)
260900.991280041
normal
simd_float4x4([[0.0860951, -0.940387, 0.329028, 0.0)], [0.964454, -0.0041477, -0.264218, 0.0)], [0.249832, 0.340081, 0.906603, 0.0)], [-0.821301, -0.109218, -4.7312, 1.0)]])
-0.821301, -0.109218, -4.7312
float3(-0.347003, 0.268895, -1.57521)
260901.091335458
normal
simd_float4x4([[0.137137, -0.90403, 0.404874, 0.0)], [0.975424, 0.0520855, -0.214092, 0.0)], [0.172457, 0.424284, 0.888956, 0.0)], [-0.837763, -0.116164, -4.82718, 1.0)]])
-0.837763, -0.116164, -4.82718
float3(-0.43817, 0.19162, -1.51325)
260901.191390916
normal
simd_float4x4([[0.0584332, -0.929322, 0.364617, 0.0)], [0.97842, -0.0191973, -0.20573, 0.0)], [0.198189, 0.36877, 0.908146, 0.0)], [-0.829305, -0.116126, -4.90383, 1.0)]])
-0.829305, -0.116126, -4.90383
float3(-0.377686, 0.214866, -1.59145)
260901.291446333
normal
simd_float4x4([[0.0499045, -0.95446, 0.294134, 0.0)], [0.970275, -0.0234948, -0.240863, 0.0)], [0.236805, 0.297411, 0.924916, 0.0)], [-0.840134, -0.119431, -4.97983, 1.0)]])
-0.840134, -0.119431, -4.97983
float3(-0.30198, 0.250644, -1.59541)
260901.391501791
normal
simd_float4x4([[0.0670604, -0.958064, 0.278598, 0.0)], [0.956633, -0.0175916, -0.290764, 0.0)], [0.283471, 0.286015, 0.915336, 0.0)], [-0.850998, -0.114714, -5.06206, 1.0)]])
-0.850998, -0.114714, -5.06206
float3(-0.290065, 0.300323, -1.58916)
260901.491557083
normal
simd_float4x4([[0.088126, -0.965167, 0.246346, 0.0)], [0.943386, 0.00147699, -0.331693, 0.0)], [0.319776, 0.26163, 0.910655, 0.0)], [-0.856298, -0.0918669, -5.15407, 1.0)]])
-0.856298, -0.0918669, -5.15407
float3(-0.264711, 0.337698, -1.56927)
260901.591612625
normal
simd_float4x4([[0.129562, -0.954951, 0.266988, 0.0)], [0.924826, 0.01926, -0.379903, 0.0)], [0.357647, 0.296138, 0.885659, 0.0)], [-0.865691, -0.0738893, -5.25636, 1.0)]])
-0.865691, -0.0738893, -5.25636
float3(-0.300647, 0.383795, -1.55063)
260901.691668
normal
simd_float4x4([[0.150977, -0.946418, 0.28548, 0.0)], [0.911742, 0.021715, -0.410189, 0.0)], [0.382012, 0.322213, 0.866167, 0.0)], [-0.871354, -0.0654771, -5.35218, 1.0)]])
-0.871354, -0.0654771, -5.35218
float3(-0.328067, 0.415375, -1.54786)
260901.791723583
normal
simd_float4x4([[0.148276, -0.949068, 0.278, 0.0)], [0.915748, 0.0256289, -0.400936, 0.0)], [0.373391, 0.314027, 0.872907, 0.0)], [-0.877257, -0.0678379, -5.43965, 1.0)]])
-0.877257, -0.0678379, -5.43965
float3(-0.319431, 0.404202, -1.5438)
260901.891778958
normal
simd_float4x4([[0.143287, -0.936965, 0.318692, 0.0)], [0.922724, 0.0100461, -0.38533, 0.0)], [0.357839, 0.349278, 0.866, 0.0)], [-0.882594, -0.0781545, -5.53422, 1.0)]])
-0.882594, -0.0781545, -5.53422
float3(-0.356801, 0.391841, -1.56007)
260901.9918345
normal
simd_float4x4([[0.104076, -0.92169, 0.373706, 0.0)], [0.932534, -0.0401929, -0.358837, 0.0)], [0.345757, 0.38584, 0.855324, 0.0)], [-0.88595, -0.0868912, -5.6327, 1.0)]])
-0.88595, -0.0868912, -5.6327
float3(-0.396119, 0.384157, -1.61438)
260902.091889958
normal
simd_float4x4([[0.0664623, -0.898118, 0.434704, 0.0)], [0.94146, -0.087865, -0.325474, 0.0)], [0.330509, 0.430888, 0.839702, 0.0)], [-0.88874, -0.0850134, -5.73984, 1.0)]])
-0.88874, -0.0850134, -5.73984
float3(-0.445476, 0.374979, -1.66832)
260902.191945375
normal
simd_float4x4([[0.040409, -0.899793, 0.434442, 0.0)], [0.952457, -0.0967204, -0.288914, 0.0)], [0.301982, 0.425462, 0.853105, 0.0)], [-0.882523, -0.0792088, -5.83404, 1.0)]])
-0.882523, -0.0792088, -5.83404
float3(-0.439472, 0.340216, -1.67788)
260902.292000875
normal
simd_float4x4([[-0.00354013, -0.883106, 0.469161, 0.0)], [0.968316, -0.12018, -0.218909, 0.0)], [0.249703, 0.453521, 0.855551, 0.0)], [-0.870544, -0.086981, -5.93132, 1.0)]])
-0.870544, -0.086981, -5.93132
float3(-0.470712, 0.283975, -1.70605)
260902.392056125
normal
simd_float4x4([[-0.0977289, -0.854805, 0.509665, 0.0)], [0.967452, -0.201714, -0.152802, 0.0)], [0.233422, 0.478143, 0.846695, 0.0)], [-0.859686, -0.0984039, -6.03403, 1.0)]])
-0.859686, -0.0984039, -6.03403
float3(-0.498539, 0.269004, -1.80253)
260902.492111708
normal
simd_float4x4([[-0.0474362, -0.854793, 0.516796, 0.0)], [0.972901, -0.156756, -0.169976, 0.0)], [0.226305, 0.494729, 0.839065, 0.0)], [-0.876973, -0.0955341, -6.14453, 1.0)]])
-0.876973, -0.0955341, -6.14453
float3(-0.517523, 0.263443, -1.75217)
260902.592167041
normal
simd_float4x4([[-0.00221725, -0.875051, 0.484026, 0.0)], [0.974671, -0.110135, -0.194644, 0.0)], [0.223631, 0.471334, 0.853131, 0.0)], [-0.89883, -0.0737076, -6.25113, 1.0)]])
-0.89883, -0.0737076, -6.25113
