ARKit Data
1034123.94099208
normal
simd_float4x4([[0.0308294, -0.99951, -0.00538937, 0.0)], [0.997719, 0.0310972, -0.0599086, 0.0)], [0.0600469, -0.00353013, 0.998189, 0.0)], [0.0365262, -0.00935751, 0.219314, 1.0)]])
0.0365262, -0.00935751, 0.219314
float3(0.00353014, 0.0600834, -1.53969)
1034124.15763583
normal
simd_float4x4([[0.0383246, -0.999168, -0.0139531, 0.0)], [0.997132, 0.0391511, -0.0647769, 0.0)], [0.0652693, -0.0114305, 0.997802, 0.0)], [0.0306959, -0.00865056, 0.227377, 1.0)]])
0.0306959, -0.00865056, 0.227377
float3(0.0114307, 0.06532, -1.53163)
1034124.93212383
notAvailable
simd_float4x4([[-0.0165741, 0.0, 0.999863, 0.0)], [0.0, 1.0, 0.0, 0.0)], [-0.999863, 0.0, -0.0165741, 0.0)], [-0.00359277, -0.0811298, 0.0140505, 1.0)]])
-0.00359277, -0.0811298, 0.0140505
float3(-0.0, -1.58737, 0.0)
1034125.14876746
limited(__ObjC.ARCamera.TrackingState.Reason.initializing)
simd_float4x4([[-0.00954282, -0.996104, 0.0876668, 0.0)], [0.999952, -0.00970987, -0.00147927, 0.0)], [0.00232473, 0.0876485, 0.996148, 0.0)], [0.0, 0.0, 0.0, 1.0)]])
0.0, 0.0, 0.0
float3(-0.0877611, 0.00233372, -1.58054)
1034125.36541117
limited(__ObjC.ARCamera.TrackingState.Reason.initializing)
simd_float4x4([[-0.00508679, -0.993345, 0.115047, 0.0)], [0.999625, -0.00814587, -0.0261358, 0.0)], [0.0268991, 0.114871, 0.993015, 0.0)], [0.0, 0.0, 0.0, 1.0)]])
0.0, 0.0, 0.0
float3(-0.115125, 0.0270817, -1.579)
1034125.582055
limited(__ObjC.ARCamera.TrackingState.Reason.initializing)
simd_float4x4([[0.0079966, -0.993598, 0.112675, 0.0)], [0.998078, 0.00100567, -0.0619664, 0.0)], [0.0614565, 0.112954, 0.991696, 0.0)], [0.0, 0.0, 0.0, 1.0)]])
0.0, 0.0, 0.0
float3(-0.113196, 0.0618919, -1.56978)
1034125.79869875
normal
simd_float4x4([[0.00759334, -0.996024, 0.0887615, 0.0)], [0.996535, 0.000184752, -0.0831781, 0.0)], [0.082831, 0.0890855, 0.992574, 0.0)], [0.00142925, 0.000603609, 0.000683716, 1.0)]])
0.00142925, 0.000603609, 0.000683716
float3(-0.0892038, 0.0832578, -1.57061)
1034126.0153425
normal
simd_float4x4([[0.0266583, -0.994362, 0.102632, 0.0)], [0.993078, 0.0145944, -0.116549, 0.0)], [0.114394, 0.105028, 0.987868, 0.0)], [-0.0188962, -0.00543457, -0.00822713, 1.0)]])
-0.0188962, -0.00543457, -0.00822713
float3(-0.105222, 0.115285, -1.55612)
1034126.28198117
normal
simd_float4x4([[0.0310531, -0.994301, 0.101987, 0.0)], [0.988156, 0.0151989, -0.152696, 0.0)], [0.150275, 0.105521, 0.982997, 0.0)], [-0.0259366, -0.00576632, -0.0107069, 1.0)]])
-0.0259366, -0.00576632, -0.0107069
float3(-0.105718, 0.1517, -1.55551)
1034126.49862479
normal
simd_float4x4([[0.0274449, -0.994288, 0.103141, 0.0)], [0.987318, 0.0108227, -0.158386, 0.0)], [0.156365, 0.10618, 0.981975, 0.0)], [-0.0272794, -0.00416287, -0.0129325, 1.0)]])
-0.0272794, -0.00416287, -0.0129325
float3(-0.10638, 0.157909, -1.55991)
1034126.71526871
normal
simd_float4x4([[0.0272383, -0.993525, 0.110297, 0.0)], [0.988969, 0.0107125, -0.147735, 0.0)], [0.145597, 0.113104, 0.982857, 0.0)], [-0.0225553, -0.00244348, -0.0176879, 1.0)]])
-0.0225553, -0.00244348, -0.0176879
float3(-0.113346, 0.147067, -1.56001)
1034126.94857729
normal
simd_float4x4([[0.0284451, -0.993403, 0.111087, 0.0)], [0.991397, 0.0138332, -0.130154, 0.0)], [0.127759, 0.113834, 0.985251, 0.0)], [-0.0158538, -0.00190873, -0.016253, 1.0)]])
-0.0158538, -0.00190873, -0.016253
float3(-0.114081, 0.128952, -1.55687)
1034127.16522096
normal
simd_float4x4([[0.0302739, -0.993072, 0.113543, 0.0)], [0.99306, 0.0169673, -0.116379, 0.0)], [0.113646, 0.116278, 0.986693, 0.0)], [-0.0131352, -0.00286367, -0.017603, 1.0)]])
-0.0131352, -0.00286367, -0.017603
float3(-0.116542, 0.114674, -1.55371)
1034127.39852958
normal
simd_float4x4([[0.0255533, -0.993145, 0.114059, 0.0)], [0.994512, 0.0136759, -0.103726, 0.0)], [0.101455, 0.116084, 0.988044, 0.0)], [-0.0101821, -0.0028085, -0.0184026, 1.0)]])
-0.0101821, -0.0028085, -0.0184026
float3(-0.116346, 0.102324, -1.55703)
1034127.6151735
normal
simd_float4x4([[0.0285105, -0.993549, 0.10976, 0.0)], [0.994605, 0.0172407, -0.102289, 0.0)], [0.0997367, 0.112084, 0.988681, 0.0)], [-0.0087514, -0.00290471, -0.0178718, 1.0)]])
-0.0087514, -0.00290471, -0.0178718
float3(-0.11232, 0.100538, -1.55345)
1034127.84848229
normal
simd_float4x4([[0.0300745, -0.994077, 0.104431, 0.0)], [0.993727, 0.0184775, -0.110291, 0.0)], [0.107708, 0.107093, 0.988398, 0.0)], [-0.00912489, -0.0019672, -0.0200919, 1.0)]])
-0.00912489, -0.0019672, -0.0200919
float3(-0.107299, 0.108544, -1.55221)
1034128.09845575
normal
simd_float4x4([[0.0301935, -0.994227, 0.10296, 0.0)], [0.991781, 0.0169867, -0.126813, 0.0)], [0.124332, 0.105943, 0.986569, 0.0)], [-0.0107378, -0.00191865, -0.0216204, 1.0)]])
-0.0107378, -0.00191865, -0.0216204
float3(-0.106142, 0.125364, -1.55371)
1034128.33176437
normal
simd_float4x4([[0.0277594, -0.994533, 0.100665, 0.0)], [0.988805, 0.0125499, -0.148684, 0.0)], [0.146608, 0.103666, 0.983748, 0.0)], [-0.0112367, -0.000961617, -0.0183654, 1.0)]])
-0.0112367, -0.000961617, -0.0183654
float3(-0.103852, 0.147941, -1.55818)
1034128.54840825
normal
simd_float4x4([[0.0262045, -0.994585, 0.100564, 0.0)], [0.986475, 0.00944488, -0.16364, 0.0)], [0.161804, 0.103492, 0.981381, 0.0)], [-0.0108135, -9.49576e-05, -0.0190591, 1.0)]])
-0.0108135, -9.49576e-05, -0.0190591
float3(-0.103678, 0.163404, -1.5613)
1034128.79838183
normal
simd_float4x4([[0.027967, -0.994696, 0.0989806, 0.0)], [0.984156, 0.0100556, -0.177021, 0.0)], [0.175087, 0.102363, 0.979217, 0.0)], [-0.0117759, -0.000537763, -0.0184402, 1.0)]])
-0.0117759, -0.000537763, -0.0184402
float3(-0.102543, 0.176933, -1.56069)
1034129.03169046
normal
simd_float4x4([[0.0293221, -0.995014, 0.0953277, 0.0)], [0.982482, 0.0111309, -0.186022, 0.0)], [0.184033, 0.0991123, 0.97791, 0.0)], [-0.00993792, 0.000660442, -0.0159091, 1.0)]])
-0.00993792, 0.000660442, -0.0159091
float3(-0.0992753, 0.186015, -1.55961)
1034129.24833429
normal
simd_float4x4([[0.0314964, -0.994989, 0.0948894, 0.0)], [0.982723, 0.0135044, -0.184589, 0.0)], [0.182383, 0.0990639, 0.978224, 0.0)], [-0.00812128, 0.000548452, -0.0159987, 1.0)]])
-0.00812128, 0.000548452, -0.0159987
float3(-0.0992266, 0.184326, -1.55722)
1034129.48164283
normal
simd_float4x4([[0.0337855, -0.995001, 0.093973, 0.0)], [0.98383, 0.0165628, -0.17834, 0.0)], [0.175892, 0.0984787, 0.979471, 0.0)], [-0.00403524, -0.000407703, -0.0163394, 1.0)]])
-0.00403524, -0.000407703, -0.0163394
float3(-0.0986386, 0.177685, -1.55415)
1034129.69828675
normal
simd_float4x4([[0.0376052, -0.994825, 0.0943865, 0.0)], [0.984557, 0.020724, -0.173835, 0.0)], [0.17098, 0.0994659, 0.980241, 0.0)], [-0.00226038, -0.000443103, -0.0171379, 1.0)]])
-0.00226038, -0.000443103, -0.0171379
float3(-0.0996307, 0.172689, -1.54997)
1034129.9149305
normal
simd_float4x4([[0.0355279, -0.99519, 0.091292, 0.0)], [0.985226, 0.0195648, -0.170138, 0.0)], [0.167534, 0.0959879, 0.981182, 0.0)], [-0.000139283, -0.0003528, -0.0160752, 1.0)]])
-0.000139283, -0.0003528, -0.0160752
float3(-0.0961359, 0.169116, -1.55114)
1034130.13157437
normal
simd_float4x4([[0.0344329, -0.995404, 0.089365, 0.0)], [0.986769, 0.019686, -0.160934, 0.0)], [0.158435, 0.0937241, 0.982911, 0.0)], [0.000962477, 2.39362e-05, -0.0154477, 1.0)]])
0.000962477, 2.39362e-05, -0.0154477
float3(-0.0938618, 0.159815, -1.55102)
1034130.36488279
normal
simd_float4x4([[0.0354661, -0.995283, 0.090296, 0.0)], [0.988271, 0.0214995, -0.151192, 0.0)], [0.148538, 0.0945991, 0.984372, 0.0)], [0.00193985, -0.000358209, -0.0155136, 1.0)]])
0.00193985, -0.000358209, -0.0155136
float3(-0.0947408, 0.149766, -1.5492)
1034130.59819171
normal
simd_float4x4([[0.036006, -0.994997, 0.0931944, 0.0)], [0.990065, 0.022832, -0.138748, 0.0)], [0.135926, 0.0972642, 0.985933, 0.0)], [-0.00355815, 0.0124477, -0.0160109, 1.0)]])
-0.00355815, 0.0124477, -0.0160109
float3(-0.0974182, 0.137001, -1.54785)
1034130.83150025
normal
simd_float4x4([[0.0351373, -0.994779, 0.0958086, 0.0)], [0.99001, 0.021549, -0.139338, 0.0)], [0.136546, 0.0997475, 0.985599, 0.0)], [-0.00205615, 0.0123527, -0.0156052, 1.0)]])
-0.00205615, 0.0123527, -0.0156052
float3(-0.0999137, 0.137665, -1.54914)
1034131.06480904
normal
simd_float4x4([[0.0346524, -0.994976, 0.0939218, 0.0)], [0.98948, 0.0209487, -0.143145, 0.0)], [0.140458, 0.097894, 0.985235, 0.0)], [-0.00197556, 0.012973, -0.015093, 1.0)]])
-0.00197556, 0.012973, -0.015093
float3(-0.0980511, 0.141609, -1.54974)
1034131.29811758
normal
simd_float4x4([[0.0322427, -0.994985, 0.0946878, 0.0)], [0.987489, 0.0170816, -0.156762, 0.0)], [0.154358, 0.0985575, 0.983087, 0.0)], [-0.000505965, 0.0122986, -0.0161379, 1.0)]])
-0.000505965, 0.0122986, -0.0161379
float3(-0.0987178, 0.155742, -1.55363)
1034131.53142638
normal
simd_float4x4([[0.0224751, -0.994545, 0.101858, 0.0)], [0.984829, 0.00448934, -0.173469, 0.0)], [0.172065, 0.104212, 0.979558, 0.0)], [0.00309703, 0.0113352, -0.0187974, 1.0)]])
0.00309703, 0.0113352, -0.0187974
float3(-0.104401, 0.173882, -1.56628)
1034131.76473508
normal
simd_float4x4([[0.0338508, -0.994629, 0.0978149, 0.0)], [0.989205, 0.0193818, -0.145251, 0.0)], [0.142575, 0.101676, 0.984548, 0.0)], [0.00270436, 0.0100228, -0.022743, 1.0)]])
0.00270436, 0.0100228, -0.022743
float3(-0.101852, 0.143813, -1.55131)
1034131.99804375
normal
simd_float4x4([[0.0231426, -0.995093, 0.0961967, 0.0)], [0.991488, 0.0105135, -0.129773, 0.0)], [0.128124, 0.0983812, 0.986866, 0.0)], [0.0174267, 0.0104843, -0.0231191, 1.0)]])
0.0174267, 0.0104843, -0.0231191
float3(-0.0985406, 0.129107, -1.56023)
1034132.21468738
normal
simd_float4x4([[0.0154076, -0.995959, 0.0884776, 0.0)], [0.996752, 0.00830369, -0.0801045, 0.0)], [0.0790461, 0.0894244, 0.992852, 0.0)], [0.0489305, 0.00989954, -0.0210622, 1.0)]])
0.0489305, 0.00989954, -0.0210622
float3(-0.089544, 0.0794477, -1.56246)
1034132.44799608
normal
simd_float4x4([[0.00332399, -0.995881, 0.0906135, 0.0)], [0.999886, 0.00197727, -0.0149479, 0.0)], [0.0147071, 0.0906529, 0.995774, 0.0)], [0.0808374, 0.0091452, -0.0201256, 1.0)]])
0.0808374, 0.0091452, -0.0201256
float3(-0.0907775, 0.0147685, -1.56881)
1034132.66463996
normal
simd_float4x4([[-0.00274154, -0.996085, 0.0883553, 0.0)], [0.997694, 0.003268, 0.0677993, 0.0)], [-0.0678226, 0.0883374, 0.993779, 0.0)], [0.109024, 0.00875805, -0.0177326, 1.0)]])
0.109024, 0.00875805, -0.0177326
float3(-0.0884527, -0.0681415, -1.56752)
1034132.88128367
normal
simd_float4x4([[-0.0135769, -0.995951, 0.0888703, 0.0)], [0.967913, 0.00921297, 0.251118, 0.0)], [-0.25092, 0.0894281, 0.963868, 0.0)], [0.0400601, -0.0138705, -0.0108016, 1.0)]])
0.0400601, -0.0138705, -0.0108016
float3(-0.0895477, -0.254673, -1.56155)
1034133.08130729
normal
simd_float4x4([[-0.0137522, -0.996049, 0.0877346, 0.0)], [0.944632, 0.0158268, 0.327751, 0.0)], [-0.327844, 0.0873842, 0.940682, 0.0)], [0.0668025, -0.0140853, -0.00260758, 1.0)]])
0.0668025, -0.0140853, -0.00260758
float3(-0.0874958, -0.335354, -1.55491)
1034133.28142054
normal
simd_float4x4([[-0.0134393, -0.996187, 0.0862064, 0.0)], [0.921161, 0.0212011, 0.388603, 0.0)], [-0.388949, 0.0846326, 0.917364, 0.0)], [0.0980772, -0.0136386, 0.00631887, 1.0)]])
0.0980772, -0.0136386, 0.00631887
float3(-0.0847339, -0.401011, -1.54952)
1034133.48153371
normal
simd_float4x4([[-0.016727, -0.99646, 0.0823833, 0.0)], [0.890022, 0.0227064, 0.455352, 0.0)], [-0.455611, 0.0809396, 0.886492, 0.0)], [0.133799, -0.013848, 0.0223397, 1.0)]])
0.133799, -0.013848, 0.0223397
float3(-0.0810282, -0.474744, -1.54801)
1034133.69832292
normal
simd_float4x4([[-0.0163441, -0.996811, 0.0781041, 0.0)], [0.845102, 0.0279744, 0.533872, 0.0)], [-0.534355, 0.0747316, 0.84195, 0.0)], [0.170238, -0.0149239, 0.0401302, 1.0)]])
0.170238, -0.0149239, 0.0401302
float3(-0.0748013, -0.565518, -1.54274)
1034133.89843604
normal
simd_float4x4([[-0.0144494, -0.997014, 0.0758615, 0.0)], [0.789276, 0.0352058, 0.613028, 0.0)], [-0.613868, 0.0687336, 0.786411, 0.0)], [0.197845, -0.0181803, 0.0552148, 1.0)]])
0.197845, -0.0181803, 0.0552148
float3(-0.0687879, -0.662796, -1.5355)
1034134.09854925
normal
simd_float4x4([[-0.0261998, -0.997118, 0.0712007, 0.0)], [0.728114, 0.0297683, 0.68481, 0.0)], [-0.684955, 0.0697841, 0.725235, 0.0)], [0.219088, -0.0208511, 0.0629151, 1.0)]])
0.219088, -0.0208511, 0.0629151
float3(-0.0698408, -0.756843, -1.54095)
1034134.29866246
normal
simd_float4x4([[-0.0280154, -0.996767, 0.0753067, 0.0)], [0.652293, 0.0388563, 0.75697, 0.0)], [-0.757449, 0.0703289, 0.649096, 0.0)], [0.249701, -0.0225175, 0.0652981, 1.0)]])
0.249701, -0.0225175, 0.0652981
float3(-0.070387, -0.862281, -1.53183)
1034134.49877563
normal
simd_float4x4([[-0.0363072, -0.997125, 0.0665043, 0.0)], [0.541565, 0.0362969, 0.839875, 0.0)], [-0.839875, 0.0665099, 0.53869, 0.0)], [0.269867, -0.0257774, 0.0570423, 1.0)]])
0.269867, -0.0257774, 0.0570423
float3(-0.0665591, -1.0005, -1.53441)
1034134.69888867
normal
simd_float4x4([[-0.0529377, -0.99655, 0.063924, 0.0)], [0.419915, 0.0358641, 0.906855, 0.0)], [-0.906018, 0.0748495, 0.416568, 0.0)], [0.276725, -0.0278486, 0.0316916, 1.0)]])
0.276725, -0.0278486, 0.0316916
float3(-0.0749195, -1.13984, -1.53482)
1034134.915678
normal
simd_float4x4([[-0.0653967, -0.996785, 0.0462937, 0.0)], [0.289268, 0.0254636, 0.956909, 0.0)], [-0.955011, 0.07597, 0.286673, 0.0)], [0.269521, -0.0322968, 0.00664751, 1.0)]])
0.269521, -0.0322968, 0.00664751
float3(-0.0760433, -1.27918, -1.54526)
1034135.115791
normal
simd_float4x4([[-0.0662225, -0.9971, 0.0375029, 0.0)], [0.182027, 0.0248824, 0.982979, 0.0)], [-0.981061, 0.0719218, 0.179852, 0.0)], [0.252582, -0.0353999, -0.0176591, 1.0)]])
0.252582, -0.0353999, -0.0176591
float3(-0.071984, -1.38949, -1.54585)
1034135.31590421
normal
simd_float4x4([[-0.071523, -0.996847, 0.034348, 0.0)], [0.0809196, 0.0285237, 0.996312, 0.0)], [-0.994151, 0.0740387, 0.0786244, 0.0)], [0.232534, -0.0408619, -0.0382439, 1.0)]])
0.232534, -0.0408619, -0.0382439
float3(-0.0741065, -1.49187, -1.54219)
1034135.51601742
normal
simd_float4x4([[-0.0705078, -0.99701, 0.031624, 0.0)], [-0.0241603, 0.0334005, 0.99915, 0.0)], [-0.997219, 0.0696839, -0.0264431, 0.0)], [0.204955, -0.0435165, -0.0555795, 1.0)]])
0.204955, -0.0435165, -0.0555795
float3(-0.0697404, -1.59731, -1.53731)
1034135.71613054
normal
simd_float4x4([[-0.0723256, -0.997078, 0.0245904, 0.0)], [-0.116762, 0.0329499, 0.992613, 0.0)], [-0.990523, 0.0689201, -0.118804, 0.0)], [0.173544, -0.0454701, -0.0773194, 1.0)]])
0.173544, -0.0454701, -0.0773194
float3(-0.0689748, -1.69017, -1.53776)
1034135.91624362
normal
simd_float4x4([[-0.0758442, -0.996884, 0.0216648, 0.0)], [-0.20073, 0.0365472, 0.978965, 0.0)], [-0.976706, 0.0699, -0.202876, 0.0)], [0.139866, -0.0477761, -0.109065, 1.0)]])
0.139866, -0.0477761, -0.109065
float3(-0.069957, -1.7756, -1.53415)
1034136.11635675
normal
simd_float4x4([[-0.0768401, -0.996754, 0.0240237, 0.0)], [-0.278635, 0.0446025, 0.959361, 0.0)], [-0.957318, 0.0670236, -0.281158, 0.0)], [0.100846, -0.0476991, -0.145652, 1.0)]])
0.100846, -0.0476991, -0.145652
float3(-0.0670738, -1.85646, -1.52608)
1034136.31647008
normal
simd_float4x4([[-0.0820272, -0.996414, 0.0207466, 0.0)], [-0.332058, 0.0469513, 0.94209, 0.0)], [-0.939686, 0.0703879, -0.334718, 0.0)], [0.0601113, -0.0496448, -0.188032, 1.0)]])
0.0601113, -0.0496448, -0.188032
float3(-0.0704462, -1.91299, -1.52371)
1034136.53325921
normal
simd_float4x4([[-0.0877255, -0.996075, 0.0118097, 0.0)], [-0.376225, 0.0441073, 0.925478, 0.0)], [-0.922366, 0.0767449, -0.378618, 0.0)], [0.0183199, -0.0607642, -0.263039, 1.0)]])
0.0183199, -0.0607642, -0.263039
float3(-0.0768204, -1.96031, -1.52654)
1034136.73337254
normal
simd_float4x4([[-0.0940257, -0.995552, 0.00602485, 0.0)], [-0.412788, 0.0444916, 0.90974, 0.0)], [-0.905961, 0.083052, -0.415135, 0.0)], [0.0218177, -0.0827549, -0.383809, 1.0)]])
0.0218177, -0.0827549, -0.383809
float3(-0.0831478, -2.00047, -1.52614)
1034136.93348567
normal
simd_float4x4([[-0.0988381, -0.995101, 0.00209343, 0.0)], [-0.449119, 0.0464857, 0.892262, 0.0)], [-0.887988, 0.0872492, -0.451514, 0.0)], [0.133546, -0.098725, -0.601794, 1.0)]])
0.133546, -0.098725, -0.601794
float3(-0.0873603, -2.0412, -1.52412)
1034137.13359871
normal
simd_float4x4([[-0.100658, -0.994898, -0.00672447, 0.0)], [-0.492955, 0.0440013, 0.868941, 0.0)], [-0.864212, 0.0907808, -0.49487, 0.0)], [0.35279, -0.132674, -0.854855, 1.0)]])
0.35279, -0.132674, -0.854855
float3(-0.090906, -2.09084, -1.5266)
1034137.33371196
normal
simd_float4x4([[-0.101968, -0.994756, -0.0078791, 0.0)], [-0.540895, 0.0487941, 0.839673, 0.0)], [-0.834886, 0.0898818, -0.543034, 0.0)], [0.494614, -0.136802, -1.04569, 1.0)]])
0.494614, -0.136802, -1.04569
float3(-0.0900033, -2.14747, -1.52178)
1034137.55050108
normal
simd_float4x4([[-0.0942122, -0.995552, -0.000929688, 0.0)], [-0.599232, 0.0559615, 0.798617, 0.0)], [-0.795012, 0.0757966, -0.601839, 0.0)], [0.623751, -0.138169, -1.26689, 1.0)]])
0.623751, -0.138169, -1.26689
float3(-0.0758693, -2.21877, -1.51464)
1034137.75061433
normal
simd_float4x4([[-0.100199, -0.994955, -0.00490253, 0.0)], [-0.652581, 0.0619985, 0.755178, 0.0)], [-0.751065, 0.0788675, -0.655501, 0.0)], [0.64671, -0.132068, -1.49802, 1.0)]])
0.64671, -0.132068, -1.49802
float3(-0.0789495, -2.28836, -1.50856)
1034137.96740363
normal
simd_float4x4([[-0.0861256, -0.996061, -0.0210885, 0.0)], [-0.703623, 0.0458267, 0.709094, 0.0)], [-0.705335, 0.0759095, -0.704798, 0.0)], [0.659791, -0.121217, -1.78518, 1.0)]])
0.659791, -0.121217, -1.78518
float3(-0.0759826, -2.35581, -1.52482)
1034138.16751663
normal
simd_float4x4([[-0.0732465, -0.996572, -0.0384542, 0.0)], [-0.747589, 0.029344, 0.663513, 0.0)], [-0.66011, 0.077348, -0.747176, 0.0)], [0.86387, -0.119176, -2.08083, 1.0)]])
0.86387, -0.119176, -2.08083
float3(-0.0774253, -2.41798, -1.54136)
1034138.38430583
normal
simd_float4x4([[-0.0735165, -0.996343, -0.0435502, 0.0)], [-0.802338, 0.0331527, 0.595948, 0.0)], [-0.592325, 0.0787541, -0.801841, 0.0)], [1.29518, -0.119036, -2.42944, 1.0)]])
1.29518, -0.119036, -2.42944
float3(-0.0788357, -2.50536, -1.53753)
1034138.58441904
normal
simd_float4x4([[-0.0378592, -0.994726, -0.0953278, 0.0)], [-0.84786, -0.0185122, 0.529896, 0.0)], [-0.528866, 0.100886, -0.842688, 0.0)], [1.3671, -0.112409, -2.37098, 1.0)]])
1.3671, -0.112409, -2.37098
float3(-0.101058, -2.58113, -1.5894)
1034138.78453221
normal
simd_float4x4([[-0.02241, -0.993069, -0.115375, 0.0)], [-0.895893, -0.0312702, 0.443167, 0.0)], [-0.443703, 0.113295, -0.888983, 0.0)], [1.40605, -0.115411, -2.44934, 1.0)]])
1.40605, -0.115411, -2.44934
float3(-0.113539, -2.67865, -1.60227)
1034139.0013215
normal
simd_float4x4([[-0.0110253, -0.992442, -0.122216, 0.0)], [-0.938292, -0.0319834, 0.344361, 0.0)], [-0.345668, 0.118471, -0.930848, 0.0)], [1.4117, -0.11433, -2.45286, 1.0)]])
1.4117, -0.11433, -2.45286
float3(-0.11875, -2.78603, -1.60301)
1034139.20143458
normal
simd_float4x4([[0.00117921, -0.992591, -0.121498, 0.0)], [-0.963824, -0.0335117, 0.264424, 0.0)], [-0.266536, 0.116791, -0.956723, 0.0)], [1.41137, -0.116185, -2.44679, 1.0)]])
1.41137, -0.116185, -2.44679
float3(-0.117058, -2.86989, -1.60455)
1034139.41822379
normal
simd_float4x4([[-0.00459943, -0.993608, -0.112793, 0.0)], [-0.978365, -0.0188588, 0.206024, 0.0)], [-0.206834, 0.111301, -0.972025, 0.0)], [1.40911, -0.120973, -2.44399, 1.0)]])
1.40911, -0.120973, -2.44399
float3(-0.111532, -2.93193, -1.58977)
1034139.61833687
normal
simd_float4x4([[-0.00596363, -0.993955, -0.109631, 0.0)], [-0.985675, -0.012636, 0.168181, 0.0)], [-0.16855, 0.109063, -0.979641, 0.0)], [1.40839, -0.121667, -2.42217, 1.0)]])
1.40839, -0.121667, -2.42217
float3(-0.10928, -2.97121, -1.58351)
1034139.81845021
normal
simd_float4x4([[-0.0092086, -0.994644, -0.102949, 0.0)], [-0.9906, -0.00497752, 0.136698, 0.0)], [-0.136478, 0.10324, -0.985249, 0.0)], [1.40358, -0.119877, -2.41548, 1.0)]])
1.40358, -0.119877, -2.41548
float3(-0.103425, -3.00395, -1.5758)
1034140.01856333
normal
simd_float4x4([[-0.0109601, -0.995144, -0.0978198, 0.0)], [-0.991345, -0.00198507, 0.131269, 0.0)], [-0.130826, 0.0984119, -0.986509, 0.0)], [1.39348, -0.122197, -2.40341, 1.0)]])
1.39348, -0.122197, -2.40341
float3(-0.0985714, -3.00975, -1.57279)
1034140.21867642
normal
simd_float4x4([[0.000172156, -0.99468, -0.103015, 0.0)], [-0.991561, -0.0135247, 0.128933, 0.0)], [-0.12964, 0.102124, -0.986288, 0.0)], [1.38569, -0.130658, -2.36259, 1.0)]])
1.38569, -0.130658, -2.36259
float3(-0.102302, -3.0109, -1.58439)
1034140.41878958
normal
simd_float4x4([[-0.0209455, -0.993426, -0.112546, 0.0)], [-0.992082, 0.0067096, 0.125409, 0.0)], [-0.123829, 0.114281, -0.985701, 0.0)], [1.40011, -0.136843, -2.30615, 1.0)]])
1.40011, -0.136843, -2.30615
float3(-0.114532, -3.01662, -1.56404)
1034140.61890267
normal
simd_float4x4([[-0.0196202, -0.992401, -0.121471, 0.0)], [-0.992254, 0.00442129, 0.124149, 0.0)], [-0.122668, 0.122966, -0.9848, 0.0)], [1.40406, -0.147721, -2.20905, 1.0)]])
1.40406, -0.147721, -2.20905
float3(-0.123278, -3.01767, -1.56634)
1034140.81901587
normal
simd_float4x4([[-0.016067, -0.992873, -0.118091, 0.0)], [-0.993839, 0.0029052, 0.110792, 0.0)], [-0.10966, 0.119143, -0.986803, 0.0)], [1.41304, -0.152146, -2.06678, 1.0)]])
1.41304, -0.152146, -2.06678
float3(-0.119427, -3.03092, -1.56787)
1034141.01912883
normal
simd_float4x4([[-0.0215647, -0.996581, -0.0797537, 0.0)], [-0.991176, 0.0108755, 0.132107, 0.0)], [-0.130788, 0.0818988, -0.988022, 0.0)], [1.42603, -0.145679, -1.9065, 1.0)]])
1.42603, -0.145679, -1.9065
float3(-0.0819906, -3.00998, -1.55988)
1034141.23591808
normal
simd_float4x4([[-0.042046, -0.992822, -0.111968, 0.0)], [-0.989243, 0.0256526, 0.144016, 0.0)], [-0.14011, 0.116819, -0.98322, 0.0)], [1.43685, -0.147452, -1.73716, 1.0)]])
1.43685, -0.147452, -1.73716
float3(-0.117086, -3.00004, -1.54496)
1034141.43603137
normal
simd_float4x4([[-0.0533752, -0.991514, -0.11854, 0.0)], [-0.989, 0.0360906, 0.143443, 0.0)], [-0.137947, 0.124893, -0.982534, 0.0)], [1.48896, -0.157268, -1.58273, 1.0)]])
1.48896, -0.157268, -1.58273
float3(-0.12522, -3.00211, -1.53441)
1034141.63614446
normal
simd_float4x4([[-0.0346234, -0.993933, -0.104399, 0.0)], [-0.99228, 0.0217413, 0.122096, 0.0)], [-0.119085, 0.10782, -0.987012, 0.0)], [1.55469, -0.172463, -1.41185, 1.0)]])
1.55469, -0.172463, -1.41185
float3(-0.10803, -3.02152, -1.54893)
1034141.83625767
normal
simd_float4x4([[0.0076137, -0.997085, -0.0759171, 0.0)], [-0.994194, -0.0156969, 0.106454, 0.0)], [-0.107335, 0.0746658, -0.991415, 0.0)], [1.61924, -0.167058, -1.24377, 1.0)]])
1.61924, -0.167058, -1.24377
float3(-0.0747353, -3.03375, -1.58654)
1034142.053047
normal
simd_float4x4([[0.0226586, -0.993621, -0.110472, 0.0)], [-0.99202, -0.0360542, 0.120813, 0.0)], [-0.124025, 0.106853, -0.986509, 0.0)], [1.66842, -0.167943, -1.06445, 1.0)]])
1.66842, -0.167943, -1.06445
float3(-0.107057, -3.01653, -1.60707)
1034142.25315996
normal
simd_float4x4([[0.0220433, -0.994985, -0.0975655, 0.0)], [-0.98846, -0.0363195, 0.147065, 0.0)], [-0.149871, 0.0931978, -0.984303, 0.0)], [1.70899, -0.183009, -0.89097, 1.0)]])
1.70899, -0.183009, -0.89097
float3(-0.0933332, -2.99049, -1.60728)
1034142.45327325
normal
simd_float4x4([[0.00787275, -0.997794, -0.0659171, 0.0)], [-0.987176, -0.0182656, 0.158585, 0.0)], [-0.159439, 0.0638233, -0.985142, 0.0)], [1.7337, -0.17542, -0.710736, 1.0)]])
1.7337, -0.17542, -0.710736
float3(-0.0638667, -2.98114, -1.5891)
1034142.65338625
normal
simd_float4x4([[-0.00358507, -0.996983, -0.0775344, 0.0)], [-0.988031, -0.00842529, 0.154022, 0.0)], [-0.154211, 0.0771587, -0.985021, 0.0)], [1.75881, -0.167456, -0.548121, 1.0)]])
1.75881, -0.167456, -0.548121
float3(-0.0772354, -2.9863, -1.57925)
1034142.87017558
normal
simd_float4x4([[-0.0376234, -0.996757, -0.0711295, 0.0)], [-0.991252, 0.028215, 0.128931, 0.0)], [-0.126507, 0.0753581, -0.989099, 0.0)], [1.80458, -0.176304, -0.358453, 1.0)]])
1.80458, -0.176304, -0.358453
float3(-0.0754296, -3.01438, -1.5425)
1034143.07028871
normal
simd_float4x4([[-0.0254999, -0.999061, -0.0350295, 0.0)], [-0.995723, 0.0222709, 0.0896645, 0.0)], [-0.0888001, 0.0371661, -0.995356, 0.0)], [1.85105, -0.187861, -0.188789, 1.0)]])
1.85105, -0.187861, -0.188789
float3(-0.0371747, -3.05261, -1.54851)
1034143.27040183
normal
simd_float4x4([[-0.0208521, -0.997546, -0.0668319, 0.0)], [-0.996744, 0.0155347, 0.0791188, 0.0)], [-0.0778865, 0.0682641, -0.994622, 0.0)], [1.89566, -0.180852, -0.0179973, 1.0)]])
1.89566, -0.180852, -0.0179973
float3(-0.0683172, -3.06344, -1.55522)
1034143.48719117
normal
simd_float4x4([[0.0228981, -0.996554, -0.079726, 0.0)], [-0.996051, -0.029583, 0.0837037, 0.0)], [-0.0857738, 0.0774946, -0.993296, 0.0)], [1.9234, -0.182014, 0.162545, 1.0)]])
1.9234, -0.182014, 0.162545
float3(-0.0775723, -3.05545, -1.60047)
1034143.68730429
normal
simd_float4x4([[0.0155509, -0.997535, -0.0684282, 0.0)], [-0.996647, -0.0209625, 0.0790911, 0.0)], [-0.0803306, 0.0669688, -0.994516, 0.0)], [1.94987, -0.196498, 0.350025, 1.0)]])
1.94987, -0.196498, 0.350025
float3(-0.067019, -3.06099, -1.59181)
1034143.88741758
normal
simd_float4x4([[-0.0160806, -0.995988, -0.088026, 0.0)], [-0.99449, 0.00681068, 0.104613, 0.0)], [-0.103594, 0.0892232, -0.99061, 0.0)], [1.97333, -0.193722, 0.558764, 1.0)]])
1.97333, -0.193722, 0.558764
float3(-0.089342, -3.0374, -1.56396)
1034144.10420658
normal
simd_float4x4([[-0.0428344, -0.993433, -0.106092, 0.0)], [-0.994173, 0.0318692, 0.102977, 0.0)], [-0.0989193, 0.109884, -0.98901, 0.0)], [2.00271, -0.188751, 0.758865, 1.0)]])
2.00271, -0.188751, 0.758865
float3(-0.110107, -3.04191, -1.53873)
1034144.30431979
normal
simd_float4x4([[-0.033977, -0.994155, -0.102473, 0.0)], [-0.99511, 0.024137, 0.0957806, 0.0)], [-0.0927474, 0.105226, -0.990114, 0.0)], [2.03363, -0.205219, 0.951152, 1.0)]])
2.03363, -0.205219, 0.951152
float3(-0.105421, -3.04819, -1.54652)
1034144.521109
normal
simd_float4x4([[-0.0189937, -0.997279, -0.0712259, 0.0)], [-0.996437, 0.0130263, 0.0833278, 0.0)], [-0.0821733, 0.0725548, -0.993973, 0.0)], [2.08394, -0.214386, 1.15451, 1.0)]])
2.08394, -0.214386, 1.15451
float3(-0.0726187, -3.05911, -1.55774)
1034144.72122212
normal
simd_float4x4([[0.00513034, -0.994049, -0.108812, 0.0)], [-0.997397, -0.012913, 0.0709403, 0.0)], [-0.0719232, 0.108165, -0.991528, 0.0)], [2.11894, -0.210225, 1.33408, 1.0)]])
2.11894, -0.210225, 1.33408
float3(-0.108377, -3.06918, -1.58379)
1034144.9213355
normal
simd_float4x4([[0.0200878, -0.995201, -0.0957653, 0.0)], [-0.995356, -0.0289259, 0.0918134, 0.0)], [-0.0941429, 0.0934762, -0.991161, 0.0)], [2.14862, -0.217809, 1.50565, 1.0)]])
2.14862, -0.217809, 1.50565
float3(-0.0936129, -3.04689, -1.59985)
1034145.12144862
normal
simd_float4x4([[0.00382395, -0.99684, -0.079348, 0.0)], [-0.994105, -0.0123872, 0.107711, 0.0)], [-0.108354, 0.0784683, -0.991011, 0.0)], [2.1681, -0.227321, 1.68416, 1.0)]])
2.1681, -0.227321, 1.68416
float3(-0.0785491, -3.03269, -1.58322)
1034145.33823775
normal
simd_float4x4([[-0.0153536, -0.996779, -0.0787109, 0.0)], [-0.991951, 0.00528947, 0.126508, 0.0)], [-0.125685, 0.0800198, -0.988838, 0.0)], [2.18748, -0.214145, 1.86499, 1.0)]])
2.18748, -0.214145, 1.86499
float3(-0.0801054, -3.01517, -1.56549)
1034145.53835096
normal
simd_float4x4([[-0.0597833, -0.994057, -0.0909792, 0.0)], [-0.990471, 0.0477451, 0.129176, 0.0)], [-0.124065, 0.0978349, -0.987439, 0.0)], [2.21956, -0.219264, 2.04236, 1.0)]])
2.21956, -0.219264, 2.04236
float3(-0.0979916, -3.0166, -1.5228)
1034145.73846417
normal
simd_float4x4([[-0.0459089, -0.99481, -0.0908044, 0.0)], [-0.993449, 0.0359446, 0.108476, 0.0)], [-0.10465, 0.0951896, -0.989943, 0.0)], [2.25399, -0.239655, 2.22005, 1.0)]])
2.25399, -0.239655, 2.22005
float3(-0.0953339, -3.03627, -1.53468)
1034145.95525325
normal
simd_float4x4([[-0.0250874, -0.995726, -0.0888786, 0.0)], [-0.995551, 0.0168077, 0.0927095, 0.0)], [-0.0908195, 0.0908091, -0.991718, 0.0)], [2.29206, -0.234332, 2.39047, 1.0)]])
2.29206, -0.234332, 2.39047
float3(-0.0909343, -3.05027, -1.55392)
1034146.15536675
normal
simd_float4x4([[-0.00639029, -0.993875, -0.110329, 0.0)], [-0.996118, -0.00335996, 0.087963, 0.0)], [-0.0877949, 0.110463, -0.989995, 0.0)], [2.3175, -0.236345, 2.55373, 1.0)]])
2.3175, -0.236345, 2.55373
float3(-0.110689, -3.05314, -1.57418)
1034146.35547987
normal
simd_float4x4([[-0.0154572, -0.994144, -0.106948, 0.0)], [-0.994971, 0.004707, 0.100049, 0.0)], [-0.0989596, 0.107956, -0.989218, 0.0)], [2.34165, -0.25149, 2.7337, 1.0)]])
2.34165, -0.25149, 2.7337
float3(-0.108167, -3.04189, -1.56606)
1034146.55559287
normal
simd_float4x4([[-0.0307013, -0.997014, -0.0708538, 0.0)], [-0.992407, 0.0219592, 0.121018, 0.0)], [-0.119101, 0.0740312, -0.990118, 0.0)], [2.3603, -0.236745, 2.9017, 1.0)]])
2.3603, -0.236745, 2.9017
float3(-0.074099, -3.02188, -1.54877)
1034146.75570613
normal
simd_float4x4([[-0.0642524, -0.993317, -0.0958789, 0.0)], [-0.989747, 0.0511489, 0.133361, 0.0)], [-0.127566, 0.103465, -0.986419, 0.0)], [2.39373, -0.231658, 3.06735, 1.0)]])
2.39373, -0.231658, 3.06735
float3(-0.10365, -3.01298, -1.51935)
1034146.95581937
normal
simd_float4x4([[-0.0552276, -0.99335, -0.101025, 0.0)], [-0.992357, 0.0434253, 0.115506, 0.0)], [-0.110351, 0.106632, -0.988156, 0.0)], [2.43194, -0.254757, 3.24462, 1.0)]])
2.43194, -0.254757, 3.24462
float3(-0.106835, -3.03038, -1.52711)
1034147.15593237
normal
simd_float4x4([[-0.017495, -0.997149, -0.0734063, 0.0)], [-0.996835, 0.0117008, 0.0786334, 0.0)], [-0.0775503, 0.0745496, -0.994197, 0.0)], [2.46385, -0.248698, 3.41043, 1.0)]])
2.46385, -0.248698, 3.41043
float3(-0.0746189, -3.06375, -1.55906)
1034147.35604563
normal
simd_float4x4([[0.0194241, -0.99464, -0.101561, 0.0)], [-0.997194, -0.0266189, 0.0699736, 0.0)], [-0.0723019, 0.099917, -0.992365, 0.0)], [2.48323, -0.245451, 3.57928, 1.0)]])
2.48323, -0.245451, 3.57928
float3(-0.100084, -3.06886, -1.59755)
1034147.55615879
normal
simd_float4x4([[0.0154732, -0.995057, -0.0980934, 0.0)], [-0.995097, -0.0249098, 0.0957181, 0.0)], [-0.0976884, 0.0961313, -0.990563, 0.0)], [2.50195, -0.26234, 3.75617, 1.0)]])
2.50195, -0.26234, 3.75617
float3(-0.09628, -3.04329, -1.59582)
1034147.756272
normal
simd_float4x4([[0.00616174, -0.997011, -0.0770199, 0.0)], [-0.990823, -0.0164871, 0.134154, 0.0)], [-0.135023, 0.0754865, -0.987963, 0.0)], [2.50612, -0.255542, 3.93659, 1.0)]])
2.50612, -0.255542, 3.93659
float3(-0.0755584, -3.00577, -1.58733)
1034147.95638508
normal
simd_float4x4([[-0.0177358, -0.996047, -0.0870334, 0.0)], [-0.987004, 0.0035367, 0.160657, 0.0)], [-0.159714, 0.0887517, -0.983166, 0.0)], [2.52293, -0.246859, 4.09772, 1.0)]])
2.52293, -0.246859, 4.09772
float3(-0.0888687, -2.98055, -1.56725)
1034148.17317433
normal
simd_float4x4([[-0.0434967, -0.995226, -0.087372, 0.0)], [-0.986041, 0.0286968, 0.164008, 0.0)], [-0.160718, 0.0932863, -0.982582, 0.0)], [2.55585, -0.261414, 4.26834, 1.0)]])
2.55585, -0.261414, 4.26834
float3(-0.0934221, -2.97946, -1.54197)
1034148.3732875
normal
simd_float4x4([[-0.0327267, -0.996932, -0.0711071, 0.0)], [-0.991026, 0.0231429, 0.131649, 0.0)], [-0.129599, 0.0747774, -0.988743, 0.0)], [2.59376, -0.267945, 4.43292, 1.0)]])
2.59376, -0.267945, 4.43292
float3(-0.0748473, -3.01126, -1.54759)
1034148.57340063
normal
simd_float4x4([[-0.000534769, -0.995919, -0.0902552, 0.0)], [-0.995924, -0.00761056, 0.0898795, 0.0)], [-0.0901995, 0.0899353, -0.991855, 0.0)], [2.61979, -0.258398, 4.58964, 1.0)]])
2.61979, -0.258398, 4.58964
float3(-0.090057, -3.0509, -1.57844)
1034148.77351379
normal
simd_float4x4([[0.0139368, -0.994202, -0.106618, 0.0)], [-0.995306, -0.0240065, 0.0937542, 0.0)], [-0.0957702, 0.104811, -0.98987, 0.0)], [2.64876, -0.271627, 4.75495, 1.0)]])
2.64876, -0.271627, 4.75495
float3(-0.105003, -3.04514, -1.59494)
1034148.97362725
normal
simd_float4x4([[-0.0131852, -0.992912, -0.118118, 0.0)], [-0.991565, -0.00224933, 0.129593, 0.0)], [-0.128941, 0.118831, -0.984507, 0.0)], [2.67061, -0.285493, 4.94142, 1.0)]])
2.67061, -0.285493, 4.94142
float3(-0.119112, -3.01136, -1.57306)
1034149.17374037
normal
simd_float4x4([[-0.0415098, -0.989803, -0.136261, 0.0)], [-0.990704, 0.0230919, 0.134063, 0.0)], [-0.129549, 0.140559, -0.98156, 0.0)], [2.69168, -0.274175, 5.10543, 1.0)]])
2.69168, -0.274175, 5.10543
float3(-0.141026, -3.01037, -1.54747)
1034149.39052963
normal
simd_float4x4([[-0.0853597, -0.987311, -0.133903, 0.0)], [-0.98855, 0.06714, 0.13513, 0.0)], [-0.124425, 0.143904, -0.981738, 0.0)], [2.72758, -0.280856, 5.26397, 1.0)]])
2.72758, -0.280856, 5.26397
float3(-0.144406, -3.01553, -1.5029)
1034149.59064283
normal
simd_float4x4([[-0.0678069, -0.991852, -0.107855, 0.0)], [-0.991184, 0.054636, 0.120702, 0.0)], [-0.113826, 0.115088, -0.986812, 0.0)], [2.7682, -0.292711, 5.42081, 1.0)]])
2.7682, -0.292711, 5.42081
float3(-0.115344, -3.02675, -1.51577)
1034149.80743204
normal
simd_float4x4([[-0.0370552, -0.992514, -0.116371, 0.0)], [-0.99443, 0.0251258, 0.102355, 0.0)], [-0.0986648, 0.119516, -0.987917, 0.0)], [2.80575, -0.283003, 5.59069, 1.0)]])
2.80575, -0.283003, 5.59069
float3(-0.119802, -3.04205, -1.54549)
1034150.00754533
normal
simd_float4x4([[-0.0111437, -0.992468, -0.121995, 0.0)], [-0.99487, -0.00126344, 0.101156, 0.0)], [-0.100548, 0.122496, -0.987363, 0.0)], [2.8269, -0.280033, 5.73383, 1.0)]])
2.8269, -0.280033, 5.73383
float3(-0.122805, -3.04011, -1.57207)
1034150.20765854
normal
simd_float4x4([[-0.0181442, -0.992037, -0.124634, 0.0)], [-0.991648, 0.00193531, 0.128959, 0.0)], [-0.127691, 0.125933, -0.983786, 0.0)], [2.84756, -0.297516, 5.89745, 1.0)]])
2.84756, -0.297516, 5.89745
float3(-0.126268, -3.01252, -1.56885)
1034150.40777158
normal
simd_float4x4([[-0.0439009, -0.993126, -0.108503, 0.0)], [-0.985591, 0.0252955, 0.167246, 0.0)], [-0.163352, 0.114282, -0.979926, 0.0)], [2.85568, -0.288125, 6.05927, 1.0)]])
2.85568, -0.288125, 6.05927
float3(-0.114532, -2.97641, -1.54533)
1034150.62456083
normal
simd_float4x4([[-0.0778633, -0.988565, -0.12914, 0.0)], [-0.98491, 0.0561919, 0.163692, 0.0)], [-0.154563, 0.139937, -0.978022, 0.0)], [2.86986, -0.278041, 6.20552, 1.0)]])
2.86986, -0.278041, 6.20552
float3(-0.140397, -2.98485, -1.51402)
1034150.82467417
normal
simd_float4x4([[-0.0684916, -0.991327, -0.112161, 0.0)], [-0.987327, 0.0512211, 0.150203, 0.0)], [-0.143155, 0.121027, -0.982272, 0.0)], [2.89371, -0.284959, 6.32834, 1.0)]])
2.89371, -0.284959, 6.32834
float3(-0.121324, -2.99687, -1.51917)
1034151.02478733
normal
simd_float4x4([[-0.0436961, -0.994524, -0.0949396, 0.0)], [-0.992354, 0.0322271, 0.119143, 0.0)], [-0.11543, 0.0994197, -0.988328, 0.0)], [2.93672, -0.295714, 6.46112, 1.0)]])
2.93672, -0.295714, 6.46112
float3(-0.0995842, -3.02533, -1.5384)
1034151.22490054
normal
simd_float4x4([[-0.0307585, -0.993621, -0.108497, 0.0)], [-0.991676, 0.0167582, 0.127664, 0.0)], [-0.125032, 0.11152, -0.985865, 0.0)], [2.97735, -0.289757, 6.59243, 1.0)]])
2.97735, -0.289757, 6.59243
float3(-0.111753, -3.01544, -1.55393)
1034151.44168983
normal
simd_float4x4([[-0.015425, -0.993273, -0.114767, 0.0)], [-0.986642, -0.00349608, 0.162864, 0.0)], [-0.16217, 0.115746, -0.979951, 0.0)], [3.00672, -0.292806, 6.71795, 1.0)]])
3.00672, -0.292806, 6.71795
float3(-0.116006, -2.97759, -1.57432)
1034151.64180287
normal
simd_float4x4([[-0.0233108, -0.99229, -0.121727, 0.0)], [-0.982984, 0.000558272, 0.183691, 0.0)], [-0.182207, 0.123938, -0.975418, 0.0)], [3.02119, -0.305396, 6.86024, 1.0)]])
3.02119, -0.305396, 6.86024
float3(-0.124257, -2.95692, -1.57023)
1034151.84191604
normal
simd_float4x4([[-0.0606027, -0.993436, -0.097021, 0.0)], [-0.974153, 0.0376746, 0.222726, 0.0)], [-0.217608, 0.108011, -0.970041, 0.0)], [3.02605, -0.294603, 7.0084, 1.0)]])
3.02605, -0.294603, 7.0084
float3(-0.108222, -2.92092, -1.53289)
1034152.04202933
normal
simd_float4x4([[-0.0752302, -0.992148, -0.0999119, 0.0)], [-0.965884, 0.0476037, 0.254561, 0.0)], [-0.247806, 0.115654, -0.961882, 0.0)], [3.03868, -0.28875, 7.12964, 1.0)]])
3.03868, -0.28875, 7.12964
float3(-0.115913, -2.88945, -1.52285)
1034152.25881858
normal
simd_float4x4([[-0.0909728, -0.992197, -0.0852617, 0.0)], [-0.959559, 0.0644318, 0.274035, 0.0)], [-0.266404, 0.106743, -0.957933, 0.0)], [3.07041, -0.292352, 7.24456, 1.0)]])
3.07041, -0.292352, 7.24456
float3(-0.106947, -2.87034, -1.50595)
1034152.45893175
normal
simd_float4x4([[-0.0843298, -0.991804, -0.095984, 0.0)], [-0.968398, 0.0588851, 0.242357, 0.0)], [-0.234718, 0.113389, -0.965427, 0.0)], [3.11492, -0.307494, 7.36823, 1.0)]])
3.11492, -0.307494, 7.36823
float3(-0.113633, -2.9031, -1.51149)
1034152.65904504
normal
simd_float4x4([[-0.0427691, -0.995207, -0.0879461, 0.0)], [-0.992113, 0.0319247, 0.121212, 0.0)], [-0.117823, 0.0924366, -0.988723, 0.0)], [3.13385, -0.30193, 7.48, 1.0)]])
3.13385, -0.30193, 7.48
float3(-0.0925687, -3.02298, -1.53873)
1034152.85915833
normal
simd_float4x4([[-0.0151723, -0.992602, -0.120464, 0.0)], [-0.998458, 0.0214743, -0.0511901, 0.0)], [0.0533982, 0.119501, -0.991397, 0.0)], [3.10662, -0.299469, 7.57249, 1.0)]])
3.10662, -0.299469, 7.57249
float3(-0.119788, 3.08778, -1.54917)
1034153.05927133
normal
simd_float4x4([[-0.00995307, -0.992157, -0.124601, 0.0)], [-0.966224, 0.0416316, -0.254317, 0.0)], [0.25751, 0.117861, -0.959061, 0.0)], [3.04236, -0.299627, 7.64385, 1.0)]])
3.04236, -0.299627, 7.64385
float3(-0.118136, 2.87928, -1.52886)
1034153.27606079
normal
simd_float4x4([[0.00378149, -0.996046, -0.0887542, 0.0)], [-0.888935, 0.0373033, -0.456511, 0.0)], [0.458017, 0.080623, -0.88528, 0.0)], [2.96131, -0.28933, 7.69781, 1.0)]])
2.96131, -0.28933, 7.69781
float3(-0.0807106, 2.66415, -1.53336)
1034153.47617392
normal
simd_float4x4([[0.0265123, -0.995908, -0.0863977, 0.0)], [-0.743384, 0.0381415, -0.667776, 0.0)], [0.668339, 0.081931, -0.739331, 0.0)], [2.89929, -0.283229, 7.72395, 1.0)]])
2.89929, -0.283229, 7.72395
float3(-0.082023, 2.40658, -1.53252)
1034153.67628704
normal
simd_float4x4([[0.064456, -0.995065, -0.0754344, 0.0)], [-0.535169, 0.0293343, -0.844235, 0.0)], [0.842282, 0.0947862, -0.530637, 0.0)], [2.85643, -0.28284, 7.73429, 1.0)]])
2.85643, -0.28284, 7.73429
float3(-0.0949287, 2.13298, -1.54133)
1034153.87640025
normal
simd_float4x4([[0.0898788, -0.994946, -0.0447657, 0.0)], [-0.331167, 0.0125344, -0.943489, 0.0)], [0.939282, 0.0996246, -0.328367, 0.0)], [2.84187, -0.281634, 7.74192, 1.0)]])
2.84187, -0.281634, 7.74192
float3(-0.0997901, 1.90711, -1.5582)
1034154.09318958
normal
simd_float4x4([[0.0794303, -0.996688, -0.0174385, 0.0)], [-0.187026, 0.00228277, -0.982352, 0.0)], [0.979138, 0.08129, -0.186226, 0.0)], [2.84915, -0.277407, 7.77191, 1.0)]])
2.84915, -0.277407, 7.77191
float3(-0.0813798, 1.75874, -1.56851)
1034154.29330275
normal
simd_float4x4([[0.077379, -0.996925, -0.0123949, 0.0)], [-0.127622, 0.0024257, -0.99182, 0.0)], [0.9888, 0.0783279, -0.127042, 0.0)], [2.84358, -0.280862, 7.79167, 1.0)]])
2.84358, -0.280862, 7.79167
float3(-0.0784082, 1.69858, -1.56836)
1034154.49341592
normal
simd_float4x4([[0.070044, -0.99752, -0.00694822, 0.0)], [-0.0972131, 0.000106383, -0.995264, 0.0)], [0.992796, 0.0703877, -0.0969646, 0.0)], [2.85002, -0.282159, 7.80198, 1.0)]])
2.85002, -0.282159, 7.80198
float3(-0.0704459, 1.66816, -1.57069)
1034154.71020521
normal
simd_float4x4([[0.0655446, -0.997773, -0.0123901, 0.0)], [-0.0881888, 0.00657594, -0.996082, 0.0)], [0.993945, 0.0663804, -0.0875614, 0.0)], [2.85297, -0.283392, 7.80669, 1.0)]])
2.85297, -0.283392, 7.80669
float3(-0.0664293, 1.65866, -1.56421)
1034154.91031837
normal
simd_float4x4([[0.061856, -0.997978, -0.0146197, 0.0)], [-0.0884782, 0.00910722, -0.996036, 0.0)], [0.994156, 0.0629043, -0.0877359, 0.0)], [2.85184, -0.284548, 7.80868, 1.0)]])
2.85184, -0.284548, 7.80868
float3(-0.0629459, 1.65882, -1.56167)
1034155.12710771
normal
simd_float4x4([[0.0625386, -0.997964, -0.0124813, 0.0)], [-0.106552, 0.00575814, -0.99429, 0.0)], [0.992338, 0.0635115, -0.105975, 0.0)], [2.84598, -0.286634, 7.80954, 1.0)]])
2.84598, -0.286634, 7.80954
float3(-0.0635542, 1.67719, -1.56503)
1034155.34389692
normal
simd_float4x4([[0.0789419, -0.996716, -0.0180164, 0.0)], [-0.134105, 0.0072906, -0.99094, 0.0)], [0.987818, 0.0806428, -0.133089, 0.0)], [2.82534, -0.288732, 7.81628, 1.0)]])
2.82534, -0.288732, 7.81628
