ARKit Data
644671.373844583
normal
simd_float4x4([[-0.62503403, -0.76741594, 0.14284727, 0.0)], [0.18088366, 0.035626423, 0.9828591, 0.0)], [-0.7593508, 0.640159, 0.116545275, 0.0)], [4.9774895, 4.9911304, -17.418314, 1.0)]])
4.9774895, 4.9911304, -17.418314
float3(-0.69470525, -1.4185046, -1.5244057)
100.36119
644671.473830458
normal
simd_float4x4([[-0.6266732, -0.76321447, 0.15743072, 0.0)], [0.14843093, 0.08141955, 0.98556554, 0.0)], [-0.7650157, 0.64099497, 0.062261183, 0.0)], [5.099906, 4.999502, -17.425076, 1.0)]])
5.099906, 4.999502, -17.425076
float3(-0.69579387, -1.4895898, -1.4645185)
100.36119
644671.540487875
normal
simd_float4x4([[-0.6462737, -0.75228447, 0.12805605, 0.0)], [0.09870237, 0.08399383, 0.9915658, 0.0)], [-0.75669557, 0.65346223, 0.019969264, 0.0)], [5.1787944, 5.0036397, -17.420523, 0.9999999)]])
5.1787944, 5.0036397, -17.420523
float3(-0.7121493, -1.5444124, -1.4596051)
100.36119
644671.607145083
normal
simd_float4x4([[-0.6462045, -0.75846475, 0.08456274, 0.0)], [0.022768684, 0.091595575, 0.995536, 0.0)], [-0.76282454, 0.64524513, -0.04192023, 0.0)], [5.2518196, 5.0025415, -17.405079, 0.9999999)]])
5.2518196, 5.0025415, -17.405079
float3(-0.70134413, -1.6256951, -1.4506139)
100.36119
644671.673802375
normal
simd_float4x4([[-0.6512053, -0.7578737, 0.0394837, 0.0)], [-0.016218403, 0.06591353, 0.9976935, 0.0)], [-0.75872827, 0.6490628, -0.055214744, 0.0)], [5.3239884, 4.9915953, -17.388374, 0.9999999)]])
5.3239884, 4.9915953, -17.388374
float3(-0.7063518, -1.643441, -1.484043)
100.36119
644671.740459666
normal
simd_float4x4([[-0.634967, -0.7723305, 0.017959746, 0.0)], [-0.023609504, 0.042636734, 0.9988118, 0.0)], [-0.7721786, 0.63378835, -0.045307256, 0.0)], [5.397308, 4.9798656, -17.367538, 1.0)]])
5.397308, 4.9798656, -17.367538
float3(-0.68644106, -1.6294037, -1.515647)
100.36119
644671.807117
normal
simd_float4x4([[-0.6212089, -0.7836138, 0.007006631, 0.0)], [-0.026055586, 0.02958999, 0.9992225, 0.0)], [-0.7832119, 0.6205432, -0.038799077, 0.0)], [5.4591026, 4.9685607, -17.353138, 1.0)]])
5.4591026, 4.9685607, -17.353138
float3(-0.6694352, -1.6202943, -1.5330533)
100.36119
644671.873774291
normal
simd_float4x4([[-0.60682476, -0.7948142, 0.005848977, 0.0)], [-0.011136958, 0.015860386, 0.99981225, 0.0)], [-0.7947578, 0.6066456, -0.01847629, 0.0)], [5.531205, 4.9689345, -17.335312, 1.0)]])
5.531205, 4.9689345, -17.335312
float3(-0.65183425, -1.5940398, -1.5508442)
100.36119
644671.940431708
normal
simd_float4x4([[-0.6079322, -0.79388726, 0.012711458, 0.0)], [-0.00988679, 0.023577401, 0.99967325, 0.0)], [-0.79392755, 0.6076077, -0.022182465, 0.0)], [5.5785475, 4.9703145, -17.329588, 1.0)]])
5.5785475, 4.9703145, -17.329588
float3(-0.65304506, -1.5987293, -1.5411063)
100.36119
644673.000396833
notAvailable
simd_float4x4([[0.08306325, 0.0, 0.99654436, 0.0)], [0.0, 1.0, 0.0, 0.0)], [-0.99654436, 0.0, 0.08306325, 0.0)], [-0.004560061, -0.056458108, 0.062459193, 1.0)]])
-0.004560061, -0.056458108, 0.062459193
float3(-0.0, -1.4876373, 0.0)
100.36074
644673.067054125
notAvailable
simd_float4x4([[0.08306325, 0.0, 0.99654436, 0.0)], [0.0, 1.0, 0.0, 0.0)], [-0.99654436, 0.0, 0.08306325, 0.0)], [-0.004560061, -0.056458108, 0.062459193, 1.0)]])
-0.004560061, -0.056458108, 0.062459193
float3(-0.0, -1.4876373, 0.0)
100.36074
644673.133711291
limited((extension in ARKit):__C.ARCamera.TrackingState.Reason.initializing)
simd_float4x4([[-0.13174377, -0.84783536, 0.5136329, 0.0)], [0.9912839, -0.11267917, 0.0682629, 0.0)], [3.306505e-08, 0.5181492, 0.8552903, 0.0)], [0.0, 0.0, 0.0, 1.0)]])
0.0, 0.0, 0.0
float3(-0.5446856, 3.8659447e-08, -1.7029243)
100.36074
644673.200368708
limited((extension in ARKit):__C.ARCamera.TrackingState.Reason.initializing)
simd_float4x4([[-0.12337969, -0.8474184, 0.51639086, 0.0)], [0.9923465, -0.10803133, 0.059814494, 0.0)], [0.005098486, 0.51981854, 0.8542616, 0.0)], [0.0, 0.0, 0.0, 1.0)]])
0.0, 0.0, 0.0
float3(-0.54663855, 0.005968225, -1.6975952)
100.36074
644673.267026208
limited((extension in ARKit):__C.ARCamera.TrackingState.Reason.initializing)
simd_float4x4([[-0.096858844, -0.84752595, 0.52184117, 0.0)], [0.9952355, -0.08835784, 0.04122287, 0.0)], [0.011171309, 0.52334756, 0.8520461, 0.0)], [0.0, 0.0, 0.0, 1.0)]])
0.0, 0.0, 0.0
float3(-0.55077475, 0.013110405, -1.6746749)
100.36074
644673.333683416
limited((extension in ARKit):__C.ARCamera.TrackingState.Reason.initializing)
simd_float4x4([[-0.07473701, -0.85702974, 0.50981814, 0.0)], [0.99719876, -0.06268318, 0.040811244, 0.0)], [-0.0030194363, 0.51144004, 0.85931385, 0.0)], [0.0, 0.0, 0.0, 1.0)]])
0.0, 0.0, 0.0
float3(-0.53685975, -0.0035137613, -1.6438063)
100.36074
644673.400340666
limited((extension in ARKit):__C.ARCamera.TrackingState.Reason.initializing)
simd_float4x4([[-0.03921958, -0.9370685, 0.34693593, 0.0)], [0.9990587, -0.03033311, 0.031009927, 0.0)], [-0.018534781, 0.34782556, 0.9373761, 0.0)], [0.0, 0.0, 0.0, 1.0)]])
0.0, 0.0, 0.0
float3(-0.35525084, -0.019770471, -1.6031553)
100.36074
644673.466998041
limited((extension in ARKit):__C.ARCamera.TrackingState.Reason.initializing)
simd_float4x4([[-0.04120121, -0.95558107, 0.29183435, 0.0)], [0.99802595, -0.025503827, 0.057391807, 0.0)], [-0.047399633, 0.29362285, 0.95474553, 0.0)], [0.0, 0.0, 0.0, 1.0)]])
0.0, 0.0, 0.0
float3(-0.29801455, -0.049605623, -1.5974793)
100.36074
644673.533655375
limited((extension in ARKit):__C.ARCamera.TrackingState.Reason.initializing)
simd_float4x4([[-0.07169378, -0.96192306, 0.26374996, 0.0)], [0.99634105, -0.05673188, 0.063923195, 0.0)], [-0.046526168, 0.26736778, 0.96247065, 0.0)], [0.0, 0.0, 0.0, 1.0)]])
0.0, 0.0, 0.0
float3(-0.2706603, -0.048302747, -1.6297057)
100.36074
644673.600312625
limited((extension in ARKit):__C.ARCamera.TrackingState.Reason.initializing)
simd_float4x4([[-0.09755656, -0.9613859, 0.25733244, 0.0)], [0.9923712, -0.07438399, 0.09831872, 0.0)], [-0.07538082, 0.2649609, 0.9613083, 0.0)], [0.0, 0.0, 0.0, 1.0)]])
0.0, 0.0, 0.0
float3(-0.26816338, -0.07825469, -1.6480141)
100.360306
644673.666970041
limited((extension in ARKit):__C.ARCamera.TrackingState.Reason.initializing)
simd_float4x4([[-0.10968036, -0.95838106, 0.26358283, 0.0)], [0.98963225, -0.08055351, 0.1189086, 0.0)], [-0.09272724, 0.273892, 0.95728, 0.0)], [0.0, 0.0, 0.0, 1.0)]])
0.0, 0.0, 0.0
float3(-0.27743745, -0.09656406, -1.6546509)
100.360306
644673.733627083
limited((extension in ARKit):__C.ARCamera.TrackingState.Reason.initializing)
simd_float4x4([[-0.0772464, -0.9566897, 0.28067416, 0.0)], [0.9865906, -0.03275059, 0.15989508, 0.0)], [-0.14377771, 0.2892618, 0.946391, 0.0)], [0.0, 0.0, 0.0, 1.0)]])
0.0, 0.0, 0.0
float3(-0.29345557, -0.15076923, -1.6050162)
100.360306
644673.8002845
limited((extension in ARKit):__C.ARCamera.TrackingState.Reason.initializing)
simd_float4x4([[-0.08367048, -0.96147305, 0.2618568, 0.0)], [0.98247844, -0.035677534, 0.1829299, 0.0)], [-0.16653976, 0.27257445, 0.9476117, 0.0)], [0.0, 0.0, 0.0, 1.0)]])
0.0, 0.0, 0.0
float3(-0.2760678, -0.17397022, -1.6078864)
100.360306
644673.866941875
limited((extension in ARKit):__C.ARCamera.TrackingState.Reason.initializing)
simd_float4x4([[-0.09154122, -0.9652958, 0.24458958, 0.0)], [0.9797369, -0.04336467, 0.19553812, 0.0)], [-0.1781456, 0.2575332, 0.94970554, 0.0)], [0.0, 0.0, 0.0, 1.0)]])
0.0, 0.0, 0.0
float3(-0.26046842, -0.18542507, -1.6156899)
100.360306
644673.933599208
limited((extension in ARKit):__C.ARCamera.TrackingState.Reason.initializing)
simd_float4x4([[-0.09184319, -0.9643692, 0.24810669, 0.0)], [0.98084533, -0.0446316, 0.1896064, 0.0)], [-0.17177716, 0.26076832, 0.9499961, 0.0)], [0.0, 0.0, 0.0, 1.0)]])
0.0, 0.0, 0.0
float3(-0.26381797, -0.17888594, -1.617044)
100.360306
644674.000256541
limited((extension in ARKit):__C.ARCamera.TrackingState.Reason.initializing)
simd_float4x4([[-0.08334149, -0.9619137, 0.26033863, 0.0)], [0.9825333, -0.03569961, 0.18263078, 0.0)], [-0.16638106, 0.27101207, 0.94808745, 0.0)], [0.0, 0.0, 0.0, 1.0)]])
0.0, 0.0, 0.0
float3(-0.27444428, -0.1737223, -1.6078924)
100.360306
644674.066913791
limited((extension in ARKit):__C.ARCamera.TrackingState.Reason.initializing)
simd_float4x4([[-0.06840783, -0.95237446, 0.29715887, 0.0)], [0.9865632, -0.020279951, 0.16211711, 0.0)], [-0.14836982, 0.30425602, 0.9409649, 0.0)], [0.0, 0.0, 0.0, 1.0)]])
0.0, 0.0, 0.0
float3(-0.3091573, -0.15639079, -1.5920871)
100.360306
644674.166899708
limited((extension in ARKit):__C.ARCamera.TrackingState.Reason.initializing)
simd_float4x4([[-0.05584679, -0.9534147, 0.2964486, 0.0)], [0.9858169, -0.0055913404, 0.16773175, 0.0)], [-0.15826035, 0.3016113, 0.9402045, 0.0)], [0.0, 0.0, 0.0, 1.0)]])
0.0, 0.0, 0.0
float3(-0.3063822, -0.16676219, -1.5766608)
100.360306
644674.266885708
limited((extension in ARKit):__C.ARCamera.TrackingState.Reason.initializing)
simd_float4x4([[-0.06007298, -0.959167, 0.27638748, 0.0)], [0.98713565, -0.015983876, 0.15908453, 0.0)], [-0.14817087, 0.2823886, 0.9477881, 0.0)], [0.0, 0.0, 0.0, 1.0)]])
0.0, 0.0, 0.0
float3(-0.28628314, -0.15507808, -1.5874591)
100.360306
644674.333542958
limited((extension in ARKit):__C.ARCamera.TrackingState.Reason.initializing)
simd_float4x4([[-0.042120397, -0.95748276, 0.2853989, 0.0)], [0.98774517, 0.0030611306, 0.15604548, 0.0)], [-0.1502845, 0.28847405, 0.94562006, 0.0)], [0.0, 0.0, 0.0, 1.0)]])
0.0, 0.0, 0.0
float3(-0.29263276, -0.1576088, -1.5675993)
100.360306
644674.400200333
limited((extension in ARKit):__C.ARCamera.TrackingState.Reason.initializing)
simd_float4x4([[-0.02454462, -0.9575712, 0.28714967, 0.0)], [0.9854482, 0.025151003, 0.16810516, 0.0)], [-0.16819477, 0.28709716, 0.94301957, 0.0)], [0.0, 0.0, 0.0, 1.0)]])
0.0, 0.0, 0.0
float3(-0.29119503, -0.17650169, -1.544537)
100.360306
644674.533515
limited((extension in ARKit):__C.ARCamera.TrackingState.Reason.initializing)
simd_float4x4([[-0.008241234, -0.97354585, 0.22834292, 0.0)], [0.9813326, 0.03600321, 0.1889184, 0.0)], [-0.19214182, 0.22563724, 0.9550756, 0.0)], [0.0, 0.0, 0.0, 1.0)]])
0.0, 0.0, 0.0
float3(-0.2275971, -0.19852962, -1.5338316)
100.36014
644674.633500833
limited((extension in ARKit):__C.ARCamera.TrackingState.Reason.initializing)
simd_float4x4([[-0.04925226, -0.97328717, 0.22424595, 0.0)], [0.97761834, -0.000998795, 0.21038416, 0.0)], [-0.20454022, 0.2295888, 0.9515526, 0.0)], [0.0, 0.0, 0.0, 1.0)]])
0.0, 0.0, 0.0
float3(-0.23165518, -0.21173237, -1.5718225)
100.36014
644674.766815541
limited((extension in ARKit):__C.ARCamera.TrackingState.Reason.initializing)
simd_float4x4([[-0.06136606, -0.9708856, 0.23154992, 0.0)], [0.9677202, -0.0010596737, 0.25202498, 0.0)], [-0.24444203, 0.2395413, 0.93961066, 0.0)], [0.0, 0.0, 0.0, 1.0)]])
0.0, 0.0, 0.0
float3(-0.24189338, -0.25451085, -1.5718877)
100.36014
644674.866801541
limited((extension in ARKit):__C.ARCamera.TrackingState.Reason.initializing)
simd_float4x4([[-0.074412346, -0.9712006, 0.22634542, 0.0)], [0.95977443, -0.0081282705, 0.28065458, 0.0)], [-0.27073207, 0.23812471, 0.9327383, 0.0)], [0.0, 0.0, 0.0, 1.0)]])
0.0, 0.0, 0.0
float3(-0.24043457, -0.28249273, -1.5791655)
100.36014
644674.93345875
limited((extension in ARKit):__C.ARCamera.TrackingState.Reason.initializing)
simd_float4x4([[-0.07470009, -0.96979177, 0.23221533, 0.0)], [0.9540882, -0.001770623, 0.2995208, 0.0)], [-0.29006162, 0.2439281, 0.92539924, 0.0)], [0.0, 0.0, 0.0, 1.0)]])
0.0, 0.0, 0.0
float3(-0.24641426, -0.30374542, -1.5726221)
100.36014
644675.066773541
normal
simd_float4x4([[-0.03901752, -0.9612884, 0.2727676, 0.0)], [0.9640508, 0.03558898, 0.26332358, 0.0)], [-0.26283747, 0.27323613, 0.92534244, 0.0)], [1.7433655e-08, 6.8026664e-09, -2.4974137e-08, 0.99999994)]])
1.7433655e-08, 6.8026664e-09, -2.4974137e-08
float3(-0.27675557, -0.27675426, -1.5337911)
100.36014
644675.166759291
normal
simd_float4x4([[-0.062388923, -0.93575764, 0.3470809, 0.0)], [0.96950334, 0.025759293, 0.2437205, 0.0)], [-0.2370039, 0.35170156, 0.9056131, 0.0)], [0.08613923, -0.047550447, -0.22749403, 1.0)]])
0.08613923, -0.047550447, -0.22749403
float3(-0.35938817, -0.25596485, -1.5432756)
100.36014
644675.2334165
normal
simd_float4x4([[-0.09689673, -0.9252853, 0.3666855, 0.0)], [0.97050303, -0.006120615, 0.24101107, 0.0)], [-0.22075965, 0.37922257, 0.89858526, 0.0)], [0.104810745, -0.098709695, -0.31438288, 1.0)]])
0.104810745, -0.098709695, -0.31438288
float3(-0.38895598, -0.24090365, -1.577411)
100.36014
644675.333402666
normal
simd_float4x4([[-0.0922339, -0.9205518, 0.37957504, 0.0)], [0.9740692, -0.0043222453, 0.22620916, 0.0)], [-0.20659664, 0.3905965, 0.89707977, 0.0)], [0.14457585, -0.09519793, -0.41993666, 0.99999994)]])
0.14457585, -0.09519793, -0.41993666
float3(-0.40127948, -0.22635242, -1.5754915)
100.36014
644675.433388541
normal
simd_float4x4([[-0.04242919, -0.9048498, 0.42361134, 0.0)], [0.9771253, 0.050853617, 0.20649475, 0.0)], [-0.20838891, 0.4226828, 0.88199395, 0.0)], [0.23719761, -0.12593266, -0.5620285, 1.0)]])
0.23719761, -0.12593266, -0.5620285
float3(-0.4364035, -0.23201537, -1.5146542)
100.36014
644675.533374333
normal
simd_float4x4([[-0.036700886, -0.89571315, 0.44311506, 0.0)], [0.9698382, 0.07499679, 0.23192514, 0.0)], [-0.24097063, 0.4382618, 0.86594445, 0.0)], [0.29311508, -0.14309986, -0.649814, 0.9999999)]])
0.29311508, -0.14309986, -0.649814
float3(-0.45366395, -0.27140832, -1.4872626)
100.359474
644675.600031708
normal
simd_float4x4([[-0.04767162, -0.90313345, 0.4267054, 0.0)], [0.9630988, 0.07172912, 0.25941423, 0.0)], [-0.26489288, 0.42332616, 0.86638737, 0.0)], [0.34753242, -0.14814985, -0.7017082, 1.0)]])
0.34753242, -0.14814985, -0.7017082
float3(-0.43711355, -0.2967183, -1.4915402)
100.359474
644675.66668925
normal
simd_float4x4([[-0.060955834, -0.9108928, 0.40811586, 0.0)], [0.95645595, 0.0636227, 0.2848579, 0.0)], [-0.28544044, 0.40770864, 0.8673507, 0.0)], [0.3833431, -0.14707668, -0.77751243, 0.9999999)]])
0.3833431, -0.14707668, -0.77751243
float3(-0.41994327, -0.31793088, -1.5010631)
100.359474
644675.766675041
normal
simd_float4x4([[-0.08580935, -0.93021935, 0.35683134, 0.0)], [0.9510898, 0.03019725, 0.30743507, 0.0)], [-0.29675737, 0.36575946, 0.882131, 0.0)], [0.44557154, -0.13590412, -0.8598027, 0.99999994)]])
0.44557154, -0.13590412, -0.8598027
float3(-0.3744487, -0.32451668, -1.5383452)
100.359474
644675.833332333
normal
simd_float4x4([[-0.10905068, -0.943343, 0.31338796, 0.0)], [0.95130044, -0.007592843, 0.30817175, 0.0)], [-0.28833213, 0.33173242, 0.8982306, 0.0)], [0.48022717, -0.11855609, -0.9119325, 1.0000001)]])
0.48022717, -0.11855609, -0.9119325
float3(-0.33813938, -0.3106099, -1.578845)
100.359474
644675.899989666
normal
simd_float4x4([[-0.11163885, -0.94739723, 0.29995877, 0.0)], [0.94622004, -0.009108709, 0.3233956, 0.0)], [-0.30365187, 0.3199305, 0.8974631, 0.0)], [0.51467603, -0.106194094, -0.97428215, 0.99999994)]])
0.51467603, -0.106194094, -0.97428215
float3(-0.32565612, -0.32625398, -1.5804105)
100.359474
644675.966647
normal
simd_float4x4([[-0.11524309, -0.95563495, 0.2710736, 0.0)], [0.93969226, -0.016415272, 0.3416269, 0.0)], [-0.3220209, 0.2940959, 0.8998946, 0.0)], [0.5522766, -0.10083737, -1.0385962, 1.0)]])
0.5522766, -0.10083737, -1.0385962
float3(-0.29850945, -0.34364465, -1.5879719)
100.359474
644676.066632875
normal
simd_float4x4([[-0.100839704, -0.96302915, 0.24981195, 0.0)], [0.9408646, -0.010681545, 0.3386142, 0.0)], [-0.32342696, 0.269185, 0.9071572, 0.0)], [0.5979549, -0.105176814, -1.1197709, 0.9999999)]])
0.5979549, -0.105176814, -1.1197709
float3(-0.2725467, -0.34247854, -1.5818875)
100.359474
644676.133290083
normal
simd_float4x4([[-0.08228161, -0.96822286, 0.23616572, 0.0)], [0.9471416, -0.0022396524, 0.320808, 0.0)], [-0.31008473, 0.25007898, 0.9172284, 0.0)], [0.6328653, -0.11082887, -1.1828266, 1.0)]])
0.6328653, -0.11082887, -1.1828266
float3(-0.2527618, -0.32600486, -1.5731095)
100.359474
644676.199947541
normal
simd_float4x4([[-0.060109872, -0.9681096, 0.2432088, 0.0)], [0.9492042, 0.019954046, 0.31402752, 0.0)], [-0.30886605, 0.24973096, 0.9177343, 0.0)], [0.66440225, -0.10675783, -1.2252775, 1.0000001)]])
0.66440225, -0.10675783, -1.2252775
float3(-0.2524024, -0.32464525, -1.550188)
100.359474
644676.266604916
normal
simd_float4x4([[-0.055353522, -0.95913774, 0.2774721, 0.0)], [0.9588024, 0.026488427, 0.28283614, 0.0)], [-0.27862862, 0.28169692, 0.91815734, 0.0)], [0.7021047, -0.09954365, -1.2908171, 1.0)]])
0.7021047, -0.09954365, -1.2908171
float3(-0.2855622, -0.29463264, -1.5431864)
100.359474
644676.333262166
normal
simd_float4x4([[-0.051106583, -0.9633361, 0.26338506, 0.0)], [0.9596219, 0.025677549, 0.2801188, 0.0)], [-0.27661166, 0.26706594, 0.92312616, 0.0)], [0.73172855, -0.09219166, -1.3388582, 1.0)]])
0.73172855, -0.09219166, -1.3388582
float3(-0.2703471, -0.29113257, -1.5441478)
100.359474
644676.433248041
normal
simd_float4x4([[-0.055025153, -0.96519345, 0.2556832, 0.0)], [0.9562543, 0.022743935, 0.29165128, 0.0)], [-0.28731513, 0.26054633, 0.92171884, 0.0)], [0.76700115, -0.0876356, -1.4154478, 1.0)]])
0.76700115, -0.0876356, -1.4154478
float3(-0.26358804, -0.30217108, -1.5472366)
100.359436
644676.499905375
normal
simd_float4x4([[-0.03793376, -0.9655841, 0.25730973, 0.0)], [0.96032095, 0.035972945, 0.27656746, 0.0)], [-0.27630538, 0.25759113, 0.9259061, 0.0)], [0.7919097, -0.09060993, -1.4758406, 1.0)]])
0.7919097, -0.09060993, -1.4758406
float3(-0.2605284, -0.29000312, -1.5335585)
100.359436
644676.56656275
normal
simd_float4x4([[-0.021355238, -0.9665223, 0.2556925, 0.0)], [0.9614754, 0.050252955, 0.27025875, 0.0)], [-0.2740604, 0.2516135, 0.92821413, 0.0)], [0.8157329, -0.10384317, -1.5392383, 0.99999994)]])
0.8157329, -0.10384317, -1.5392383
float3(-0.25434703, -0.28709844, -1.5188495)
100.359436
644676.699877375
normal
simd_float4x4([[-0.012374663, -0.967844, 0.2512467, 0.0)], [0.96168905, 0.05729808, 0.26808783, 0.0)], [-0.27386314, 0.2449387, 0.9300559, 0.0)], [0.8679596, -0.12781379, -1.6831025, 1.0)]])
0.8679596, -0.12781379, -1.6831025
float3(-0.24745646, -0.2863654, -1.5116636)
100.359436
644676.766534458
normal
simd_float4x4([[-0.026024308, -0.9670728, 0.25316593, 0.0)], [0.95617974, 0.049797814, 0.28851444, 0.0)], [-0.29162157, 0.24958049, 0.9233994, 0.0)], [0.901147, -0.13175645, -1.7657632, 1.0)]])
0.901147, -0.13175645, -1.7657632
float3(-0.252247, -0.3059003, -1.5193484)
100.359436
644676.833191958
normal
simd_float4x4([[-0.052455645, -0.9607471, 0.27242097, 0.0)], [0.96093017, 0.02568013, 0.27559674, 0.0)], [-0.27177462, 0.27623415, 0.9218639, 0.0)], [0.9318725, -0.12852569, -1.8399729, 1.0)]])
0.9318725, -0.12852569, -1.8399729
float3(-0.27987358, -0.28668848, -1.5440733)
100.359436
644676.899849166
normal
simd_float4x4([[-0.07943299, -0.9614183, 0.2633725, 0.0)], [0.95541734, 0.0019446515, 0.29525203, 0.0)], [-0.2843729, 0.27508342, 0.9184013, 0.0)], [0.96734506, -0.12321777, -1.9110874, 0.9999999)]])
0.96734506, -0.12321777, -1.9110874
float3(-0.27867648, -0.3002763, -1.5687736)
100.359436
644676.999835208
normal
simd_float4x4([[-0.09201293, -0.95860434, 0.26946488, 0.0)], [0.9433433, 0.0027232978, 0.33180708, 0.0)], [-0.31880552, 0.2847284, 0.9040424, 0.0)], [1.0195556, -0.1167688, -2.012577, 1.0)]])
1.0195556, -0.1167688, -2.012577
float3(-0.2887231, -0.3390287, -1.5679555)
100.359436
644677.066492291
normal
simd_float4x4([[-0.101314366, -0.9617793, 0.25439325, 0.0)], [0.93779504, -0.00697385, 0.34711927, 0.0)], [-0.33207804, 0.27373692, 0.9026584, 0.0)], [1.0548966, -0.120086625, -2.076298, 0.99999994)]])
1.0548966, -0.120086625, -2.076298
float3(-0.27727622, -0.35252178, -1.5780472)
100.359436
644677.166478375
normal
simd_float4x4([[-0.1108203, -0.9682943, 0.2238863, 0.0)], [0.9345492, -0.024884671, 0.35496297, 0.0)], [-0.33813727, 0.24856985, 0.9076764, 0.0)], [1.1173853, -0.14311484, -2.185134, 1.0)]])
1.1173853, -0.14311484, -2.185134
float3(-0.25120348, -0.35660398, -1.5964901)
100.359436
644677.233135708
normal
simd_float4x4([[-0.10300491, -0.9705017, 0.21798253, 0.0)], [0.93946683, -0.022923732, 0.34187227, 0.0)], [-0.32679066, 0.24000186, 0.91411537, 0.0)], [1.1596354, -0.15643843, -2.2626688, 0.99999994)]])
1.1596354, -0.15643843, -2.2626688
float3(-0.24236776, -0.3433352, -1.5944124)
100.359436
644677.299793125
normal
simd_float4x4([[-0.09858251, -0.9675285, 0.23274416, 0.0)], [0.9436853, -0.016667819, 0.3304241, 0.0)], [-0.31581545, 0.2522113, 0.91468567, 0.0)], [1.1964586, -0.15686901, -2.3336296, 1.0)]])
1.1964586, -0.15686901, -2.3336296
float3(-0.25496477, -0.33245668, -1.5880219)
100.359436
644677.399778958
normal
simd_float4x4([[-0.0836754, -0.95733, 0.27661848, 0.0)], [0.95055175, 0.0066340445, 0.3104954, 0.0)], [-0.29908165, 0.288921, 0.9094365, 0.0)], [1.2542799, -0.15095547, -2.445897, 1.0)]])
1.2542799, -0.15095547, -2.445897
float3(-0.29309958, -0.31772348, -1.5638667)
100.359436
644677.466436208
normal
simd_float4x4([[-0.0907238, -0.9588292, 0.26910153, 0.0)], [0.9505757, -0.0028045785, 0.31048027, 0.0)], [-0.29694286, 0.28396934, 0.9116942, 0.0)], [1.2860769, -0.15036151, -2.513654, 1.0)]])
1.2860769, -0.15036151, -2.513654
float3(-0.28793135, -0.3148689, -1.5737213)
100.359436
644677.533093541
normal
simd_float4x4([[-0.08631158, -0.95936674, 0.2686369, 0.0)], [0.9494114, 0.0025157058, 0.31402493, 0.0)], [-0.3019409, 0.28215095, 0.91061664, 0.0)], [1.3106751, -0.15102974, -2.5793116, 1.0)]])
1.3106751, -0.15102974, -2.5793116
float3(-0.28603542, -0.32017034, -1.5681741)
100.359436
644677.633079375
normal
simd_float4x4([[-0.056199465, -0.95696354, 0.28471467, 0.0)], [0.9582618, 0.028363027, 0.28448194, 0.0)], [-0.2803142, 0.28881896, 0.91542757, 0.0)], [1.3512701, -0.16720624, -2.6913445, 0.99999994)]])
1.3512701, -0.16720624, -2.6913445
float3(-0.29299298, -0.2971454, -1.5411664)
100.359436
644677.699736708
normal
simd_float4x4([[-0.033593647, -0.9595307, 0.27959305, 0.0)], [0.9571996, 0.049576752, 0.285151, 0.0)], [-0.28747243, 0.27720565, 0.91679686, 0.0)], [1.3825244, -0.17866668, -2.770002, 1.0)]])
1.3825244, -0.17866668, -2.770002
float3(-0.28088456, -0.30385184, -1.5191746)
100.359436
644677.766394166
normal
simd_float4x4([[-0.02929949, -0.9699476, 0.24154358, 0.0)], [0.96007115, 0.039951645, 0.2768883, 0.0)], [-0.2782172, 0.24001172, 0.9300482, 0.0)], [1.4080122, -0.18399367, -2.8458762, 1.0)]])
1.4080122, -0.18399367, -2.8458762
float3(-0.24237792, -0.29067016, -1.5296301)
100.359436
644677.866380041
normal
simd_float4x4([[-0.047617156, -0.97582847, 0.21328719, 0.0)], [0.95315224, 0.019467907, 0.30186406, 0.0)], [-0.29871976, 0.21766907, 0.92918605, 0.0)], [1.4625744, -0.18631062, -2.966722, 1.0)]])
1.4625744, -0.18631062, -2.966722
float3(-0.21942563, -0.3110498, -1.5508488)
100.359436
644677.966365958
normal
simd_float4x4([[-0.07411909, -0.97362196, 0.21579297, 0.0)], [0.9444497, 0.00094449654, 0.32865453, 0.0)], [-0.3201891, 0.2281652, 0.91946703, 0.0)], [1.5175511, -0.17733313, -3.0842648, 0.99999994)]])
1.5175511, -0.17733313, -3.0842648
float3(-0.23019275, -0.33510008, -1.5698262)
100.359436
644678.03302325
normal
simd_float4x4([[-0.09082273, -0.9671867, 0.23727861, 0.0)], [0.94476825, -0.008339759, 0.32763308, 0.0)], [-0.31490353, 0.25392982, 0.9145247, 0.0)], [1.5553998, -0.17411873, -3.1630452, 1.0)]])
1.5553998, -0.17411873, -3.1630452
float3(-0.2567411, -0.33161983, -1.5794188)
100.359436
644678.099680541
normal
simd_float4x4([[-0.097796716, -0.96943057, 0.22503395, 0.0)], [0.93352306, -0.010990818, 0.35834888, 0.0)], [-0.34492102, 0.24511975, 0.90606064, 0.0)], [1.5888445, -0.17290995, -3.233038, 1.0)]])
1.5888445, -0.17290995, -3.233038
float3(-0.2476432, -0.36374286, -1.5821333)
100.359436
644678.166337791
normal
simd_float4x4([[-0.10737109, -0.9735131, 0.20185037, 0.0)], [0.9312363, -0.027362755, 0.36338726, 0.0)], [-0.34823912, 0.22698766, 0.9095088, 0.0)], [1.6198096, -0.18408677, -3.3034542, 1.0)]])
1.6198096, -0.18408677, -3.3034542
float3(-0.22898349, -0.3656673, -1.5988961)
100.359436
644678.232995291
normal
simd_float4x4([[-0.1045003, -0.9774164, 0.18367599, 0.0)], [0.9331599, -0.03249523, 0.35798976, 0.0)], [-0.34393647, 0.2088091, 0.9154815, 0.0)], [1.65378, -0.1970752, -3.3771977, 0.99999994)]])
1.65378, -0.1970752, -3.3771977
float3(-0.21035706, -0.35937473, -1.6040301)
100.359436
644678.366309833
normal
simd_float4x4([[-0.06775273, -0.97728825, 0.2007916, 0.0)], [0.9590289, -0.0083039105, 0.2831867, 0.0)], [-0.27508768, 0.21175161, 0.93781024, 0.0)], [1.7157496, -0.21158698, -3.5342638, 1.0)]])
1.7157496, -0.21158698, -3.5342638
float3(-0.21336687, -0.28532615, -1.579293)
100.359634
644678.466295666
normal
simd_float4x4([[-0.03319646, -0.9735674, 0.22597411, 0.0)], [0.97754014, 0.015453073, 0.21018107, 0.0)], [-0.20811747, 0.22787608, 0.95118845, 0.0)], [1.7555537, -0.2042796, -3.6491642, 0.9999999)]])
1.7555537, -0.2042796, -3.6491642
float3(-0.22989582, -0.21540284, -1.5549251)
100.359634
644678.532953041
normal
simd_float4x4([[-0.014770963, -0.97187597, 0.23502946, 0.0)], [0.98027956, 0.032250162, 0.19496635, 0.0)], [-0.19706285, 0.23327443, 0.95223385, 0.0)], [1.7783257, -0.19781038, -3.7162406, 1.0)]])
1.7783257, -0.19781038, -3.7162406
float3(-0.23544367, -0.20406727, -1.5376251)
100.359634
644678.599610333
normal
simd_float4x4([[-0.020906132, -0.96897393, 0.24627724, 0.0)], [0.9858212, 0.02104203, 0.16647454, 0.0)], [-0.16649166, 0.2462657, 0.9547951, 0.0)], [1.7982274, -0.19795004, -3.785805, 1.0)]])
1.7982274, -0.19795004, -3.785805
float3(-0.24882539, -0.17263842, -1.549084)
100.359634
644678.66626775
normal
simd_float4x4([[-0.009099412, -0.9673661, 0.2532194, 0.0)], [0.989371, 0.028042829, 0.14268407, 0.0)], [-0.14512871, 0.25182626, 0.9568287, 0.0)], [1.8144876, -0.20274201, -3.8473155, 1.0)]])
1.8144876, -0.20274201, -3.8473155
float3(-0.25456688, -0.15052944, -1.5418156)
100.359634
644678.732924875
normal
simd_float4x4([[0.004467557, -0.9714442, 0.237226, 0.0)], [0.9917532, 0.034689657, 0.12337748, 0.0)], [-0.12808363, 0.23471847, 0.963588, 0.0)], [1.8316411, -0.21118519, -3.9133542, 1.0)]])
1.8316411, -0.21118519, -3.9133542
float3(-0.23692894, -0.13214898, -1.5351021)
100.359634
644678.799582291
normal
simd_float4x4([[0.02773233, -0.97367024, 0.2262677, 0.0)], [0.9930083, 0.05281598, 0.10556928, 0.0)], [-0.11474023, 0.22175802, 0.9683274, 0.0)], [1.844936, -0.22015718, -3.9759052, 1.0)]])
1.844936, -0.22015718, -3.9759052
float3(-0.22361702, -0.11794327, -1.5166053)
100.359634
644678.932896875
normal
simd_float4x4([[0.037632305, -0.98321193, 0.1785443, 0.0)], [0.9948018, 0.053778417, 0.086470954, 0.0)], [-0.094621114, 0.1743621, 0.9801249, 0.0)], [1.8732158, -0.22882745, -4.114809, 1.0)]])
1.8732158, -0.22882745, -4.114809
float3(-0.1752579, -0.09624161, -1.516154)
100.359634
644678.999554041
normal
simd_float4x4([[0.04167998, -0.98541933, 0.16495925, 0.0)], [0.9972318, 0.051205054, 0.05391547, 0.0)], [-0.06157608, 0.1622554, 0.9848256, 0.0)], [1.8805462, -0.22521076, -4.179397, 1.0)]])
1.8805462, -0.22521076, -4.179397
float3(-0.16297592, -0.06244357, -1.5188804)
100.359634
644679.066211416
normal
simd_float4x4([[0.042594776, -0.98614675, 0.16031283, 0.0)], [0.99832803, 0.04828641, 0.031774893, 0.0)], [-0.039075643, 0.15869136, 0.9865546, 0.0)], [1.8939296, -0.22174338, -4.241297, 1.0)]])
1.8939296, -0.22174338, -4.241297
float3(-0.15936507, -0.039587498, -1.5218707)
100.359634
644679.13286875
normal
simd_float4x4([[0.04674891, -0.98230034, 0.18138511, 0.0)], [0.99867195, 0.042024776, -0.029803213, 0.0)], [0.021653015, 0.18253751, 0.98296034, 0.0)], [1.9004427, -0.2158536, -4.2961473, 1.0)]])
1.9004427, -0.2158536, -4.2961473
float3(-0.1835667, 0.022024808, -1.5280404)
100.359634
644679.199525916
normal
simd_float4x4([[0.06258846, -0.9795968, 0.19097851, 0.0)], [0.99636024, 0.05023317, -0.068868496, 0.0)], [0.057869907, 0.19459379, 0.97917527, 0.0)], [1.9067765, -0.21241352, -4.3464518, 1.0)]])
1.9067765, -0.21241352, -4.3464518
float3(-0.19584331, 0.059031997, -1.5195618)
100.359634
644679.299511833
normal
simd_float4x4([[0.051731545, -0.98373497, 0.17201516, 0.0)], [0.9778926, 0.014953514, -0.2085723, 0.0)], [0.20260763, 0.17900214, 0.96276087, 0.0)], [1.9074899, -0.21712086, -4.4094005, 1.0)]])
1.9074899, -0.21712086, -4.4094005
float3(-0.17997211, 0.20741779, -1.5555967)
100.359665
644679.399497958
normal
simd_float4x4([[0.06628847, -0.9843347, 0.16337399, 0.0)], [0.9060795, -0.009189821, -0.42300785, 0.0)], [0.41788268, 0.17607036, 0.89127624, 0.0)], [1.9048194, -0.22896752, -4.4607058, 1.0)]])
1.9048194, -0.22896752, -4.4607058
float3(-0.17699301, 0.43842575, -1.5801321)
100.359665
644679.466155166
normal
simd_float4x4([[0.08877064, -0.98395264, 0.15478013, 0.0)], [0.8185823, -0.016465625, -0.5741531, 0.0)], [0.567488, 0.17766823, 0.8039846, 0.0)], [1.9029753, -0.2371658, -4.4890957, 0.9999999)]])
1.9029753, -0.2371658, -4.4890957
float3(-0.17861648, 0.6146376, -1.587529)
100.359665
644679.532812583
normal
simd_float4x4([[0.14584687, -0.977641, 0.151482, 0.0)], [0.67935854, -0.012336243, -0.73370266, 0.0)], [0.7191666, 0.20991886, 0.66236967, 0.0)], [1.9015468, -0.24277303, -4.5158687, 1.0)]])
1.9015468, -0.24277303, -4.5158687
float3(-0.21149197, 0.8264864, -1.5834141)
100.359665
644679.599469708
normal
simd_float4x4([[0.21650197, -0.9691062, 0.11815234, 0.0)], [0.5146377, 0.010445593, -0.857344, 0.0)], [0.82962316, 0.24642234, 0.50100017, 0.0)], [1.8952118, -0.23989233, -4.525842, 1.0)]])
1.8952118, -0.23989233, -4.525842
float3(-0.248987, 1.0275223, -1.5600182)
100.359665
644679.666127041
normal
simd_float4x4([[0.24535495, -0.9675213, 0.06085644, 0.0)], [0.3332245, 0.025219565, -0.9425101, 0.0)], [0.9103639, 0.25152835, 0.32858956, 0.0)], [1.9017197, -0.23348126, -4.527695, 1.0)]])
1.9017197, -0.23348126, -4.527695
float3(-0.25425905, 1.2244061, -1.544736)
100.359665
644679.732784458
normal
simd_float4x4([[0.23736858, -0.9714087, 0.0046034236, 0.0)], [0.14308932, 0.030276638, -0.9892465, 0.0)], [0.96082336, 0.23547477, 0.14618494, 0.0)], [1.9129974, -0.2229974, -4.5141816, 0.99999994)]])
1.9129974, -0.2229974, -4.5141816
float3(-0.23770703, 1.4198087, -1.5396386)
100.359665
644679.832770375
normal
simd_float4x4([[0.20603293, -0.9770983, -0.053191278, 0.0)], [-0.13470082, 0.025520679, -0.9905576, 0.0)], [0.9692296, 0.21125239, -0.1263579, 0.0)], [1.9467009, -0.2081388, -4.486315, 1.0)]])
1.9467009, -0.2081388, -4.486315
float3(-0.21285608, 1.7004346, -1.5446835)
100.359665
644679.8994275
normal
simd_float4x4([[0.18023606, -0.98077893, -0.074751504, 0.0)], [-0.29912263, 0.017745044, -0.9540498, 0.0)], [0.9370384, 0.19431403, -0.29017487, 0.0)], [1.984701, -0.19915718, -4.4703565, 1.0000001)]])
1.984701, -0.19915718, -4.4703565
float3(-0.1955581, 1.871103, -1.5527055)
100.359665
644679.966085041
normal
simd_float4x4([[0.14989255, -0.9833805, -0.102444544, 0.0)], [-0.4200138, 0.030467246, -0.907006, 0.0)], [0.8950533, 0.1789816, -0.4084665, 0.0)], [2.0304143, -0.19150576, -4.4514093, 0.9999999)]])
2.0304143, -0.19150576, -4.4514093
float3(-0.17995124, 1.9989266, -1.5398241)
100.359665
644680.032742333
normal
simd_float4x4([[0.11998287, -0.98594224, -0.11628399, 0.0)], [-0.49514052, 0.042093746, -0.86779255, 0.0)], [0.8604882, 0.16169715, -0.4831295, 0.0)], [2.0838714, -0.18600003, -4.4438634, 0.99999994)]])
2.0838714, -0.18600003, -4.4438634
float3(-0.1624102, 2.0823953, -1.5281283)
100.359665
644680.099399666
normal
simd_float4x4([[0.09943548, -0.9890921, -0.10867154, 0.0)], [-0.5797449, 0.031173369, -0.8142016, 0.0)], [0.80870795, 0.1439623, -0.5703213, 0.0)], [2.136627, -0.18380022, -4.4397154, 1.0)]])
2.136627, -0.18380022, -4.4397154
float3(-0.14446427, 2.1850207, -1.5392896)
100.359665
644680.199385375
normal
simd_float4x4([[0.074452005, -0.9864522, -0.14618148, 0.0)], [-0.67082924, 0.058920898, -0.7392675, 0.0)], [0.7378652, 0.15310276, -0.6573541, 0.0)], [2.2247348, -0.1816478, -4.438531, 1.0)]])
2.2247348, -0.1816478, -4.438531
float3(-0.15370728, 2.2985535, -1.5111371)
100.359665
644680.299371583
normal
simd_float4x4([[0.060614143, -0.9830734, -0.17289501, 0.0)], [-0.71440774, 0.07824223, -0.69534135, 0.0)], [0.6970993, 0.16566505, -0.69757265, 0.0)], [2.3123322, -0.18031684, -4.4463654, 1.0)]])
2.3123322, -0.18031684, -4.4463654
float3(-0.16643234, 2.3565338, -1.4913744)
100.35978
644680.36602875
normal
simd_float4x4([[0.06152632, -0.9842198, -0.16590922, 0.0)], [-0.73960406, 0.06666163, -0.6697327, 0.0)], [0.67022395, 0.16391334, -0.7238316, 0.0)], [2.3706763, -0.18256302, -4.4577513, 0.99999994)]])
2.3706763, -0.18256302, -4.4577513
float3(-0.16465636, 2.39463, -1.5031692)
100.35978
644680.432686208
normal
simd_float4x4([[0.061298728, -0.98477316, -0.16267851, 0.0)], [-0.7450899, 0.06330175, -0.6639532, 0.0)], [0.6641411, 0.16190961, -0.7298642, 0.0)], [2.4290078, -0.18423644, -4.4624934, 1.0)]])
2.4290078, -0.18423644, -4.4624934
float3(-0.16262549, 2.4033065, -1.5066041)
100.35978
644680.499343375
normal
simd_float4x4([[0.078052685, -0.98544276, -0.1510305, 0.0)], [-0.753768, 0.040817194, -0.6558716, 0.0)], [0.6524887, 0.1650345, -0.7396094, 0.0)], [2.479221, -0.18855883, -4.482603, 0.99999994)]])
2.479221, -0.18855883, -4.482603
float3(-0.16579299, 2.4186952, -1.5293999)
100.35978
644680.566000875
normal
simd_float4x4([[0.0847256, -0.9855559, -0.14663282, 0.0)], [-0.7616028, 0.030835021, -0.6473101, 0.0)], [0.6424816, 0.16651972, -0.74798965, 0.0)], [2.5402372, -0.18681023, -4.4737215, 1.0)]])
2.5402372, -0.18681023, -4.4737215
float3(-0.16729905, 2.4319286, -1.5395195)
100.35978
644680.632658166
normal
simd_float4x4([[0.06949833, -0.98857206, -0.13377312, 0.0)], [-0.7539105, 0.035768766, -0.65600264, 0.0)], [0.65329087, 0.14644405, -0.742809, 0.0)], [2.5932286, -0.18674727, -4.501484, 0.99999994)]])
2.5932286, -0.18674727, -4.501484
float3(-0.14697261, 2.420227, -1.5346298)
100.35978
644680.732644083
normal
simd_float4x4([[0.04510059, -0.9934975, -0.10454024, 0.0)], [-0.77606094, 0.031050267, -0.629893, 0.0)], [0.6290431, 0.10953815, -0.7696143, 0.0)], [2.6963396, -0.18612674, -4.4889383, 1.0)]])
2.6963396, -0.18612674, -4.4889383
float3(-0.10975839, 2.4563625, -1.539553)
100.35978
644680.799301333
normal
simd_float4x4([[0.03880606, -0.99445975, -0.097692534, 0.0)], [-0.79223067, 0.02896403, -0.6095339, 0.0)], [0.6089865, 0.10104865, -0.78671765, 0.0)], [2.7544088, -0.18362966, -4.482274, 1.0)]])
2.7544088, -0.18362966, -4.482274
float3(-0.101221405, 2.4828544, -1.5416791)
100.35978
644680.865958666
normal
simd_float4x4([[0.032930974, -0.99558693, -0.0878757, 0.0)], [-0.79932153, 0.026547985, -0.6003168, 0.0)], [0.60000056, 0.09000997, -0.79491985, 0.0)], [2.808531, -0.1869916, -4.51296, 1.0)]])
2.808531, -0.1869916, -4.51296
float3(-0.09013196, 2.4950306, -1.544137)
100.35978
644680.932616125
normal
simd_float4x4([[0.03557301, -0.99646616, -0.07609046, 0.0)], [-0.8079592, 0.016134089, -0.5890175, 0.0)], [0.5881636, 0.08243112, -0.80453, 0.0)], [2.8605556, -0.18733203, -4.5128517, 1.0)]])
2.8605556, -0.18733203, -4.5128517
float3(-0.08252476, 2.5103207, -1.5546064)
100.35978
644680.999273291
normal
simd_float4x4([[0.04284755, -0.99632764, -0.0741301, 0.0)], [-0.8178489, 0.007638367, -0.57538223, 0.0)], [0.57383543, 0.08528095, -0.8145182, 0.0)], [2.9128342, -0.19329098, -4.5491514, 1.0)]])
2.9128342, -0.19329098, -4.5491514
float3(-0.08538466, 2.5278468, -1.5631299)
100.35978
644681.099259166
normal
simd_float4x4([[0.04969459, -0.9944128, -0.09313274, 0.0)], [-0.8095468, 0.014508331, -0.586876, 0.0)], [0.5849482, 0.10455988, -0.80430263, 0.0)], [2.9769537, -0.19487025, -4.571791, 0.99999994)]])
2.9769537, -0.19487025, -4.571791
float3(-0.10475135, 2.5127957, -1.5562075)
100.35978
644681.165916583
normal
simd_float4x4([[0.046813753, -0.99408805, -0.09796614, 0.0)], [-0.8088967, 0.019816197, -0.5876166, 0.0)], [0.58608407, 0.106753044, -0.8031869, 0.0)], [3.001116, -0.19429876, -4.5759735, 0.99999994)]])
3.001116, -0.19429876, -4.5759735
float3(-0.106956854, 2.5112119, -1.5508649)
100.35978
644681.232573958
normal
simd_float4x4([[0.04372355, -0.9933426, -0.10657782, 0.0)], [-0.79694563, 0.029652942, -0.6033227, 0.0)], [0.6024664, 0.11131615, -0.79034346, 0.0)], [3.0575116, -0.19568273, -4.6200485, 1.0)]])
3.0575116, -0.19568273, -4.6200485
float3(-0.111547336, 2.4902759, -1.5409535)
100.35978
644681.299231125
normal
simd_float4x4([[0.037675932, -0.98953557, -0.13928334, 0.0)], [-0.78746456, 0.056410212, -0.61377305, 0.0)], [0.61520725, 0.13280518, -0.7770989, 0.0)], [3.0760834, -0.18834707, -4.6274652, 1.0)]])
3.0760834, -0.18834707, -4.6274652
float3(-0.1331987, 2.4719505, -1.5138512)
100.35978
644681.399217166
normal
simd_float4x4([[0.008060661, -0.9853155, -0.17055306, 0.0)], [-0.7746314, 0.10170546, -0.6241811, 0.0)], [0.63236153, 0.13714707, -0.76243657, 0.0)], [3.1697907, -0.1853229, -4.6913567, 0.9999999)]])
3.1697907, -0.1853229, -4.6913567
float3(-0.1375807, 2.4491827, -1.4679394)
100.35978
644681.465874458
normal
simd_float4x4([[0.0009169912, -0.9835585, -0.18058777, 0.0)], [-0.7653924, 0.11552942, -0.63310933, 0.0)], [0.6435631, 0.13880107, -0.7527022, 0.0)], [3.1939466, -0.17748494, -4.684053, 0.99999994)]])
3.1939466, -0.17748494, -4.684053
float3(-0.13925067, 2.434201, -1.4538715)
100.35978
644681.532531875
normal
simd_float4x4([[0.015002552, -0.985406, -0.16955799, 0.0)], [-0.7523356, 0.10057285, -0.65105766, 0.0)], [0.65860915, 0.13733204, -0.73984724, 0.0)], [3.2527618, -0.18134035, -4.7275805, 0.9999999)]])
3.2527618, -0.18134035, -4.7275805
float3(-0.13776742, 2.4142206, -1.4690862)
100.35978
644681.599189083
normal
simd_float4x4([[0.041140024, -0.9897944, -0.13643508, 0.0)], [-0.7529012, 0.05905859, -0.6554783, 0.0)], [0.65684646, 0.12968853, -0.74278766, 0.0)], [3.2866025, -0.17683168, -4.703226, 0.99999994)]])
3.2866025, -0.17683168, -4.703226
float3(-0.13005485, 2.41752, -1.5111995)
100.35978
644681.73250375
normal
simd_float4x4([[0.05583468, -0.9914893, -0.11760684, 0.0)], [-0.7370049, 0.038537197, -0.67478764, 0.0)], [0.67357713, 0.124353394, -0.7285807, 0.0)], [3.4205034, -0.17078078, -4.6897507, 0.9999999)]])
3.4205034, -0.17078078, -4.6897507
float3(-0.12467614, 2.3954022, -1.5319479)
100.35978
644681.799161041
normal
simd_float4x4([[0.053284965, -0.99159443, -0.11790373, 0.0)], [-0.7264464, 0.042519666, -0.68590647, 0.0)], [0.6851542, 0.12219925, -0.7180745, 0.0)], [3.4987345, -0.16018459, -4.6413226, 1.0)]])
3.4987345, -0.16018459, -4.6413226
float3(-0.12250544, 2.3796506, -1.5279425)
100.35978
644681.899147041
normal
simd_float4x4([[0.050300263, -0.99186385, -0.11694392, 0.0)], [-0.71230495, 0.04644828, -0.7003313, 0.0)], [0.7000652, 0.1185266, -0.7041732, 0.0)], [3.5721393, -0.15806705, -4.686437, 0.9999999)]])
3.5721393, -0.15806705, -4.686437
float3(-0.11880589, 2.35912, -1.5240012)
100.35978
644682.032461708
normal
simd_float4x4([[0.05368673, -0.9947235, -0.08742297, 0.0)], [-0.6696586, 0.029078197, -0.7420995, 0.0)], [0.74072605, 0.09838444, -0.664564, 0.0)], [3.670559, -0.14819406, -4.6788645, 0.99999994)]])
3.670559, -0.14819406, -4.6788645
float3(-0.09854385, 2.3020508, -1.5415722)
100.35978
644682.16577625
normal
simd_float4x4([[0.06878806, -0.995564, -0.06419189, 0.0)], [-0.63405603, 0.0060485983, -0.77326345, 0.0)], [0.77022153, 0.09389255, -0.63082725, 0.0)], [3.7502232, -0.14021051, -4.6517725, 1.0)]])
3.7502232, -0.14021051, -4.6517725
float3(-0.09403106, 2.257028, -1.5647209)
100.35956
644682.232433583
normal
simd_float4x4([[0.08328215, -0.99468243, -0.060589142, 0.0)], [-0.6138597, -0.0033116105, -0.7894082, 0.0)], [0.7850098, 0.10293685, -0.6108713, 0.0)], [3.7771325, -0.128833, -4.596296, 1.0)]])
3.7771325, -0.128833, -4.596296
float3(-0.10311951, 2.232084, -1.5741256)
100.35956
644682.299090875
normal
simd_float4x4([[0.09130221, -0.9943277, -0.054555677, 0.0)], [-0.5986355, -0.011023128, -0.80094576, 0.0)], [0.7958011, 0.10578707, -0.5962464, 0.0)], [3.8142273, -0.13288894, -4.6109505, 1.0000001)]])
3.8142273, -0.13288894, -4.6109505
float3(-0.10598538, 2.2138112, -1.5818819)
100.35956
644682.36574825
normal
