ARKit Data
1196731.17273713
normal
simd_float4x4([[0.0301888, -0.844429, 0.534816, 0.0)], [0.995333, -0.0236684, -0.093554, 0.0)], [0.091658, 0.535144, 0.839773, 0.0)], [-0.14921, 0.109346, -0.0318579, 1.0)]])
-0.14921, 0.109346, -0.0318579
float3(-0.564678, 0.108716, -1.59882)
1196731.50758338
notAvailable
simd_float4x4([[1.0, 0.0, 0.0, 0.0)], [0.0, 1.0, 0.0, 0.0)], [0.0, 0.0, 1.0, 0.0)], [0.0, 0.0, 0.0, 1.0)]])
0.0, 0.0, 0.0
float3(-0.0, 0.0, 0.0)
1196731.70765175
limited(__ObjC.ARCamera.TrackingState.Reason.initializing)
simd_float4x4([[0.028088, -0.875584, 0.482249, 0.0)], [0.999509, 0.0179019, -0.025712, 0.0)], [0.0138798, 0.482735, 0.875656, 0.0)], [0.0, 0.0, 0.0, 1.0)]])
0.0, 0.0, 0.0
float3(-0.503775, 0.0158495, -1.55035)
1196731.90775275
limited(__ObjC.ARCamera.TrackingState.Reason.initializing)
simd_float4x4([[0.0652456, -0.886514, 0.458077, 0.0)], [0.989833, -0.000643451, -0.142231, 0.0)], [0.126385, 0.4627, 0.877459, 0.0)], [0.0, 0.0, 0.0, 1.0)]])
0.0, 0.0, 0.0
float3(-0.481038, 0.143051, -1.57152)
1196732.10785408
limited(__ObjC.ARCamera.TrackingState.Reason.initializing)
simd_float4x4([[0.0933022, -0.9156, 0.391115, 0.0)], [0.94726, -0.0393295, -0.318043, 0.0)], [0.306583, 0.400162, 0.863642, 0.0)], [0.0, 0.0, 0.0, 1.0)]])
0.0, 0.0, 0.0
float3(-0.411694, 0.341112, -1.61372)
1196732.30795546
limited(__ObjC.ARCamera.TrackingState.Reason.initializing)
simd_float4x4([[0.124531, -0.932294, 0.339587, 0.0)], [0.898631, -0.0391264, -0.436957, 0.0)], [0.420659, 0.359579, 0.832916, 0.0)], [0.0, 0.0, 0.0, 1.0)]])
0.0, 0.0, 0.0
float3(-0.367816, 0.467675, -1.61274)
1196732.50805688
limited(__ObjC.ARCamera.TrackingState.Reason.initializing)
simd_float4x4([[0.135695, -0.949813, 0.281854, 0.0)], [0.858864, -0.0290483, -0.511379, 0.0)], [0.493901, 0.311466, 0.811819, 0.0)], [0.0, 0.0, 0.0, 1.0)]])
0.0, 0.0, 0.0
float3(-0.316736, 0.546565, -1.60137)
1196732.70815825
limited(__ObjC.ARCamera.TrackingState.Reason.initializing)
simd_float4x4([[0.106158, -0.972569, 0.206975, 0.0)], [0.863796, -0.0129034, -0.503677, 0.0)], [0.492532, 0.232254, 0.838731, 0.0)], [0.0, 0.0, 0.0, 1.0)]])
0.0, 0.0, 0.0
float3(-0.234394, 0.53098, -1.58406)
1196732.90825958
limited(__ObjC.ARCamera.TrackingState.Reason.initializing)
simd_float4x4([[0.0681293, -0.982431, 0.173742, 0.0)], [0.905574, -0.0121861, -0.424012, 0.0)], [0.41868, 0.186224, 0.888834, 0.0)], [0.0, 0.0, 0.0, 1.0)]])
0.0, 0.0, 0.0
float3(-0.187317, 0.440216, -1.5832)
1196733.10836075
limited(__ObjC.ARCamera.TrackingState.Reason.initializing)
simd_float4x4([[0.0407587, -0.982522, 0.181619, 0.0)], [0.95394, -0.0158039, -0.299581, 0.0)], [0.297215, 0.185465, 0.936623, 0.0)], [0.0, 0.0, 0.0, 1.0)]])
0.0, 0.0, 0.0
float3(-0.186545, 0.307276, -1.58688)
1196733.30846217
limited(__ObjC.ARCamera.TrackingState.Reason.initializing)
simd_float4x4([[0.00921025, -0.982759, 0.184654, 0.0)], [0.98927, -0.017971, -0.144989, 0.0)], [0.145808, 0.184008, 0.972048, 0.0)], [0.0, 0.0, 0.0, 1.0)]])
0.0, 0.0, 0.0
float3(-0.185063, 0.14889, -1.58908)
1196733.50856358
limited(__ObjC.ARCamera.TrackingState.Reason.initializing)
simd_float4x4([[-0.0213894, -0.984281, 0.175303, 0.0)], [0.999764, -0.0204098, 0.00738903, 0.0)], [-0.00369501, 0.17542, 0.984486, 0.0)], [0.0, 0.0, 0.0, 1.0)]])
0.0, 0.0, 0.0
float3(-0.176332, -0.00375322, -1.59153)
1196733.70866496
limited(__ObjC.ARCamera.TrackingState.Reason.initializing)
simd_float4x4([[-0.0458179, -0.985857, 0.161197, 0.0)], [0.988459, -0.021418, 0.149967, 0.0)], [-0.144394, 0.166208, 0.97546, 0.0)], [0.0, 0.0, 0.0, 1.0)]])
0.0, 0.0, 0.0
float3(-0.166983, -0.146959, -1.59252)
1196733.90876646
limited(__ObjC.ARCamera.TrackingState.Reason.initializing)
simd_float4x4([[-0.0704481, -0.987024, 0.144292, 0.0)], [0.959388, -0.027433, 0.280752, 0.0)], [-0.273151, 0.15821, 0.948872, 0.0)], [0.0, 0.0, 0.0, 1.0)]])
0.0, 0.0, 0.0
float3(-0.158878, -0.280291, -1.59858)
1196734.10886771
limited(__ObjC.ARCamera.TrackingState.Reason.initializing)
simd_float4x4([[-0.0944188, -0.987365, 0.12726, 0.0)], [0.923627, -0.0391804, 0.381285, 0.0)], [-0.371481, 0.153542, 0.915656, 0.0)], [0.0, 0.0, 0.0, 1.0)]])
0.0, 0.0, 0.0
float3(-0.154151, -0.38541, -1.61046)
1196734.30896908
limited(__ObjC.ARCamera.TrackingState.Reason.initializing)
simd_float4x4([[-0.105739, -0.98602, 0.128772, 0.0)], [0.906881, -0.0425009, 0.419238, 0.0)], [-0.407904, 0.161111, 0.898697, 0.0)], [0.0, 0.0, 0.0, 1.0)]])
0.0, 0.0, 0.0
float3(-0.161816, -0.426079, -1.61387)
1196734.50907058
limited(__ObjC.ARCamera.TrackingState.Reason.initializing)
simd_float4x4([[-0.102999, -0.98428, 0.14347, 0.0)], [0.929256, -0.0437707, 0.366834, 0.0)], [-0.354788, 0.171104, 0.919156, 0.0)], [0.0, 0.0, 0.0, 1.0)]])
0.0, 0.0, 0.0
float3(-0.17195, -0.368374, -1.61524)
1196734.70917204
limited(__ObjC.ARCamera.TrackingState.Reason.initializing)
simd_float4x4([[-0.0867304, -0.983662, 0.157757, 0.0)], [0.966756, -0.0448676, 0.251733, 0.0)], [-0.240542, 0.174345, 0.954852, 0.0)], [0.0, 0.0, 0.0, 1.0)]])
0.0, 0.0, 0.0
float3(-0.175241, -0.246781, -1.61638)
1196734.90927354
limited(__ObjC.ARCamera.TrackingState.Reason.initializing)
simd_float4x4([[-0.0549327, -0.983881, 0.170171, 0.0)], [0.992677, -0.0354503, 0.115481, 0.0)], [-0.107588, 0.175269, 0.978624, 0.0)], [0.0, 0.0, 0.0, 1.0)]])
0.0, 0.0, 0.0
float3(-0.176179, -0.109498, -1.60681)
1196735.109375
limited(__ObjC.ARCamera.TrackingState.Reason.initializing)
simd_float4x4([[-0.0303267, -0.983309, 0.179395, 0.0)], [0.998832, -0.0365652, -0.0315706, 0.0)], [0.0376033, 0.178228, 0.98327, 0.0)], [0.0, 0.0, 0.0, 1.0)]])
0.0, 0.0, 0.0
float3(-0.179185, 0.0382245, -1.60796)
1196735.30947646
limited(__ObjC.ARCamera.TrackingState.Reason.initializing)
simd_float4x4([[-0.00394185, -0.983008, 0.183515, 0.0)], [0.984531, -0.0359606, -0.171479, 0.0)], [0.175164, 0.180001, 0.967943, 0.0)], [0.0, 0.0, 0.0, 1.0)]])
0.0, 0.0, 0.0
float3(-0.180987, 0.179028, -1.60736)
1196735.50957779
normal
simd_float4x4([[0.0576295, -0.983556, 0.171159, 0.0)], [0.954303, 0.00391538, -0.298815, 0.0)], [0.293232, 0.180558, 0.938836, 0.0)], [-0.149597, 0.0010148, -0.00954638, 1.0)]])
-0.149597, 0.0010148, -0.00954638
float3(-0.181554, 0.302735, -1.56682)
1196735.70967933
normal
simd_float4x4([[0.0741887, -0.982595, 0.170304, 0.0)], [0.923972, 0.00347713, -0.382444, 0.0)], [0.375196, 0.185729, 0.908148, 0.0)], [-0.333039, -0.00679454, 0.00257687, 1.0)]])
-0.333039, -0.00679454, 0.00257687
float3(-0.186813, 0.391786, -1.56726)
1196735.90978088
normal
simd_float4x4([[0.0782966, -0.982557, 0.168675, 0.0)], [0.911194, 0.00188667, -0.411972, 0.0)], [0.404468, 0.185952, 0.895448, 0.0)], [-0.490005, -0.0163036, 0.0231287, 1.0)]])
-0.490005, -0.0163036, 0.0231287
float3(-0.187041, 0.424261, -1.56888)
1196736.10988246
normal
simd_float4x4([[0.0184887, -0.983001, 0.182667, 0.0)], [0.949381, -0.0400403, -0.311564, 0.0)], [0.313582, 0.179181, 0.932502, 0.0)], [-0.338884, -0.0118657, 0.0374544, 1.0)]])
-0.338884, -0.0118657, 0.0374544
float3(-0.180154, 0.3244, -1.61151)
1196736.30998404
normal
simd_float4x4([[-0.0197519, -0.980415, 0.195949, 0.0)], [0.980984, -0.0568531, -0.185575, 0.0)], [0.193081, 0.188558, 0.962894, 0.0)], [-0.371464, -0.0121547, 0.0104252, 1.0)]])
-0.371464, -0.0121547, 0.0104252
float3(-0.189693, 0.197897, -1.62872)
1196736.51008554
normal
simd_float4x4([[-0.0576857, -0.972844, 0.224158, 0.0)], [0.995194, -0.0738317, -0.0643218, 0.0)], [0.0791251, 0.21937, 0.972428, 0.0)], [-0.365822, -0.0137094, -0.0204978, 1.0)]])
-0.365822, -0.0137094, -0.0204978
float3(-0.221169, 0.0811898, -1.64654)
1196736.71018692
normal
simd_float4x4([[-0.0881012, -0.967395, 0.237455, 0.0)], [0.996111, -0.0853546, 0.0218437, 0.0)], [-0.000863694, 0.238456, 0.971153, 0.0)], [-0.333434, -0.0223751, -0.0524902, 1.0)]])
-0.333434, -0.0223751, -0.0524902
float3(-0.240775, -0.000889349, -1.6588)
1196736.9102885
normal
simd_float4x4([[-0.109927, -0.960178, 0.256856, 0.0)], [0.993344, -0.0971848, 0.0618282, 0.0)], [-0.0344035, 0.261943, 0.96447, 0.0)], [-0.283825, -0.0372275, -0.111218, 1.0)]])
-0.283825, -0.0372275, -0.111218
float3(-0.265035, -0.0356558, -1.67167)
1196737.11039017
normal
simd_float4x4([[-0.10419, -0.952346, 0.286673, 0.0)], [0.994303, -0.0932195, 0.0516924, 0.0)], [-0.0225055, 0.290426, 0.956633, 0.0)], [-0.225755, -0.054314, -0.20093, 1.0)]])
-0.225755, -0.054314, -0.20093
float3(-0.294672, -0.0235214, -1.66837)
1196737.31049162
normal
simd_float4x4([[-0.0986049, -0.948798, 0.300099, 0.0)], [0.995111, -0.0956748, 0.0244811, 0.0)], [0.00548428, 0.301046, 0.953594, 0.0)], [-0.132089, -0.0841838, -0.341926, 1.0)]])
-0.132089, -0.0841838, -0.341926
float3(-0.305789, 0.0057511, -1.67129)
1196737.51059337
normal
simd_float4x4([[-0.107188, -0.93938, 0.325694, 0.0)], [0.994235, -0.102155, 0.0325691, 0.0)], [0.00267647, 0.327307, 0.944914, 0.0)], [0.0167814, -0.101402, -0.537222, 1.0)]])
0.0167814, -0.101402, -0.537222
float3(-0.333452, 0.00283249, -1.67912)
1196737.71069504
normal
simd_float4x4([[-0.087988, -0.943485, 0.31952, 0.0)], [0.996077, -0.0863687, 0.0192639, 0.0)], [0.00942133, 0.319962, 0.947383, 0.0)], [0.176521, -0.0803914, -0.737816, 1.0)]])
0.176521, -0.0803914, -0.737816
float3(-0.325689, 0.00994425, -1.66208)
1196737.91079654
normal
simd_float4x4([[-0.0709868, -0.936224, 0.344159, 0.0)], [0.99744, -0.0636567, 0.0325667, 0.0)], [-0.00858171, 0.34559, 0.938346, 0.0)], [0.329658, -0.084685, -0.949772, 1.0)]])
0.329658, -0.084685, -0.949772
float3(-0.352868, -0.00914531, -1.63868)
1196738.110898
normal
simd_float4x4([[-0.0908375, -0.949553, 0.300163, 0.0)], [0.995713, -0.0813183, 0.044083, 0.0)], [-0.0174504, 0.30288, 0.952869, 0.0)], [0.501199, -0.0870611, -1.19202, 1.0)]])
0.501199, -0.0870611, -1.19202
float3(-0.307713, -0.0183115, -1.65623)
1196738.31099962
normal
simd_float4x4([[-0.131855, -0.943534, 0.303903, 0.0)], [0.990709, -0.11513, 0.0723958, 0.0)], [-0.0333197, 0.310625, 0.949948, 0.0)], [0.70899, -0.0702808, -1.4465, 1.0)]])
0.70899, -0.0702808, -1.4465
float3(-0.315851, -0.0350609, -1.69222)
1196738.51110125
normal
simd_float4x4([[-0.137143, -0.93782, 0.318881, 0.0)], [0.989661, -0.116079, 0.0842445, 0.0)], [-0.0419907, 0.327137, 0.944043, 0.0)], [0.937337, -0.0831487, -1.70195, 1.0)]])
0.937337, -0.0831487, -1.70195
float3(-0.333273, -0.0444504, -1.69395)
1196738.711203
normal
simd_float4x4([[-0.132829, -0.952579, 0.27377, 0.0)], [0.991075, -0.124515, 0.0476033, 0.0)], [-0.0112575, 0.277649, 0.960616, 0.0)], [1.20807, -0.0866628, -1.96443, 1.0)]])
1.20807, -0.0866628, -1.96443
float3(-0.281346, -0.0117185, -1.70077)
1196738.91130471
normal
simd_float4x4([[-0.108751, -0.961113, 0.253838, 0.0)], [0.993856, -0.099835, 0.0477878, 0.0)], [-0.0205876, 0.257476, 0.966065, 0.0)], [1.49539, -0.0533421, -2.21274, 1.0)]])
1.49539, -0.0533421, -2.21274
float3(-0.260409, -0.0213075, -1.6743)
1196739.11140646
normal
simd_float4x4([[-0.05136, -0.966042, 0.25323, 0.0)], [0.998578, -0.046047, 0.0268673, 0.0)], [-0.0142945, 0.25425, 0.967033, 0.0)], [1.78893, -0.0492823, -2.47229, 1.0)]])
1.78893, -0.0492823, -2.47229
float3(-0.257072, -0.0147807, -1.61843)
1196739.31150788
normal
simd_float4x4([[-0.0825794, -0.96914, 0.232268, 0.0)], [0.995882, -0.0715036, 0.0557216, 0.0)], [-0.0373941, 0.235913, 0.971054, 0.0)], [2.113, -0.0559005, -2.75381, 1.0)]])
2.113, -0.0559005, -2.75381
float3(-0.238158, -0.0384897, -1.64444)
1196739.51160967
normal
simd_float4x4([[-0.0909333, -0.965338, 0.244648, 0.0)], [0.993952, -0.0727913, 0.0822205, 0.0)], [-0.0615623, 0.250645, 0.966119, 0.0)], [2.46595, -0.027228, -3.02568, 1.0)]])
2.46595, -0.027228, -3.02568
float3(-0.253347, -0.0636351, -1.64606)
1196739.71171142
normal
simd_float4x4([[-0.118723, -0.964617, 0.235411, 0.0)], [0.990472, -0.0983898, 0.0963558, 0.0)], [-0.0697844, 0.244608, 0.967107, 0.0)], [2.55384, 0.0303896, -3.45731, 1.0)]])
2.55384, 0.0303896, -3.45731
float3(-0.247115, -0.072033, -1.67244)
1196739.91181304
normal
simd_float4x4([[-0.103696, -0.974606, 0.198469, 0.0)], [0.991991, -0.0868747, 0.0916872, 0.0)], [-0.072117, 0.206387, 0.975809, 0.0)], [2.24735, 0.0828356, -4.12771, 1.0)]])
2.24735, 0.0828356, -4.12771
float3(-0.207881, -0.0737707, -1.6597)
1196740.11191471
limited(__ObjC.ARCamera.TrackingState.Reason.excessiveMotion)
simd_float4x4([[-0.0771618, -0.968799, 0.235528, 0.0)], [0.993952, -0.0562352, 0.0943178, 0.0)], [-0.0781301, 0.241382, 0.96728, 0.0)], [1.39166, 0.0860604, -4.85498, 1.0)]])
1.39166, 0.0860604, -4.85498
float3(-0.243789, -0.080598, -1.62878)
1196740.31201646
limited(__ObjC.ARCamera.TrackingState.Reason.excessiveMotion)
simd_float4x4([[-0.030885, -0.967927, 0.249327, 0.0)], [0.996876, -0.0116884, 0.0781106, 0.0)], [-0.0726911, 0.25096, 0.965264, 0.0)], [0.894296, 0.0154105, -5.34923, 1.0)]])
0.894296, 0.0154105, -5.34923
float3(-0.253672, -0.0751651, -1.58287)
1196740.51211817
limited(__ObjC.ARCamera.TrackingState.Reason.excessiveMotion)
simd_float4x4([[-0.0661495, -0.971435, 0.2279, 0.0)], [0.992835, -0.0413014, 0.112128, 0.0)], [-0.099512, 0.233685, 0.967207, 0.0)], [0.689842, -0.136035, -5.50162, 1.0)]])
0.689842, -0.136035, -5.50162
float3(-0.235865, -0.102525, -1.61329)
1196740.71221996
limited(__ObjC.ARCamera.TrackingState.Reason.excessiveMotion)
simd_float4x4([[-0.0667898, -0.959637, 0.273196, 0.0)], [0.986868, -0.0231769, 0.159854, 0.0)], [-0.14707, 0.280285, 0.948583, 0.0)], [0.540797, -0.168233, -5.40089, 1.0)]])
0.540797, -0.168233, -5.40089
float3(-0.284091, -0.153817, -1.59494)
1196740.91232163
normal
simd_float4x4([[-0.0686219, -0.965354, 0.251759, 0.0)], [0.987297, -0.0294631, 0.156132, 0.0)], [-0.143305, 0.259275, 0.955112, 0.0)], [0.470974, -0.188605, -5.27349, 1.0)]])
0.470974, -0.188605, -5.27349
float3(-0.262272, -0.148929, -1.60131)
1196741.11242342
normal
simd_float4x4([[-0.0589654, -0.973549, 0.220738, 0.0)], [0.989524, -0.0278125, 0.141665, 0.0)], [-0.131779, 0.226778, 0.96499, 0.0)], [0.401112, -0.178448, -5.1068, 1.0)]])
0.401112, -0.178448, -5.1068
float3(-0.228769, -0.13572, -1.59936)
1196741.31252521
normal
simd_float4x4([[-0.032338, -0.970239, 0.23998, 0.0)], [0.991388, -0.00065148, 0.130958, 0.0)], [-0.126905, 0.242148, 0.961904, 0.0)], [0.361724, -0.175252, -5.07869, 1.0)]])
0.361724, -0.175252, -5.07869
float3(-0.244579, -0.131173, -1.57147)
1196741.512627
normal
simd_float4x4([[-0.0211284, -0.974747, 0.22231, 0.0)], [0.992097, 0.00706627, 0.125272, 0.0)], [-0.12368, 0.2232, 0.966895, 0.0)], [0.381332, -0.19909, -5.19438, 1.0)]])
0.381332, -0.19909, -5.19438
float3(-0.225096, -0.127224, -1.56355)
1196741.71272862
normal
simd_float4x4([[-0.0639782, -0.981488, 0.18052, 0.0)], [0.981095, -0.0287535, 0.191377, 0.0)], [-0.182644, 0.189351, 0.964773, 0.0)], [0.399167, -0.191324, -5.30109, 1.0)]])
0.399167, -0.191324, -5.30109
float3(-0.190502, -0.187099, -1.60008)
1196741.91283042
normal
simd_float4x4([[-0.0891472, -0.973662, 0.209845, 0.0)], [0.977153, -0.0446841, 0.207788, 0.0)], [-0.192939, 0.223574, 0.9554, 0.0)], [0.419811, -0.1949, -5.42533, 1.0)]])
0.419811, -0.1949, -5.42533
float3(-0.22548, -0.199266, -1.61666)
1196742.11293233
normal
simd_float4x4([[-0.0584221, -0.977451, 0.202919, 0.0)], [0.981996, -0.0196915, 0.187872, 0.0)], [-0.17964, 0.210241, 0.961004, 0.0)], [0.450204, -0.214411, -5.55483, 1.0)]])
0.450204, -0.214411, -5.55483
float3(-0.211822, -0.184797, -1.59094)
1196742.313034
normal
simd_float4x4([[-0.0526048, -0.979004, 0.196938, 0.0)], [0.986286, -0.0200407, 0.163825, 0.0)], [-0.156438, 0.202856, 0.966631, 0.0)], [0.467682, -0.190976, -5.63477, 1.0)]])
0.467682, -0.190976, -5.63477
float3(-0.204273, -0.160448, -1.59126)
1196742.51313588
normal
simd_float4x4([[-0.0203164, -0.974583, 0.223102, 0.0)], [0.989464, 0.0123943, 0.144247, 0.0)], [-0.143346, 0.223682, 0.964063, 0.0)], [0.462784, -0.20719, -5.70643, 1.0)]])
0.462784, -0.20719, -5.70643
float3(-0.22559, -0.147607, -1.55808)
1196742.71323783
normal
simd_float4x4([[-0.0287463, -0.980902, 0.192367, 0.0)], [0.983676, 0.00643925, 0.17983, 0.0)], [-0.177634, 0.194396, 0.964705, 0.0)], [0.464372, -0.222281, -5.80886, 1.0)]])
0.464372, -0.222281, -5.80886
float3(-0.195642, -0.182094, -1.56423)
1196742.91333938
normal
simd_float4x4([[-0.0645228, -0.975248, 0.211489, 0.0)], [0.978454, -0.0201759, 0.205477, 0.0)], [-0.196124, 0.22019, 0.955537, 0.0)], [0.500945, -0.21111, -5.9376, 1.0)]])
0.500945, -0.21111, -5.9376
float3(-0.22201, -0.202438, -1.59148)
1196743.11344133
normal
simd_float4x4([[-0.0785164, -0.974764, 0.208974, 0.0)], [0.978576, -0.0353404, 0.202828, 0.0)], [-0.190324, 0.220423, 0.956656, 0.0)], [0.531353, -0.239824, -6.11164, 1.0)]])
0.531353, -0.239824, -6.11164
float3(-0.222248, -0.196383, -1.60704)
1196743.31354321
normal
simd_float4x4([[-0.0521472, -0.981449, 0.184494, 0.0)], [0.986334, -0.0217051, 0.163323, 0.0)], [-0.156288, 0.19049, 0.969168, 0.0)], [0.574436, -0.231703, -6.28581, 1.0)]])
0.574436, -0.231703, -6.28581
float3(-0.191661, -0.159884, -1.59291)
1196743.51364504
normal
simd_float4x4([[-0.0587465, -0.98398, 0.168323, 0.0)], [0.9842, -0.0288771, 0.174688, 0.0)], [-0.167028, 0.175925, 0.97013, 0.0)], [0.594787, -0.223392, -6.45495, 1.0)]])
0.594787, -0.223392, -6.45495
float3(-0.176846, -0.1705, -1.60014)
1196743.71374696
normal
simd_float4x4([[-0.023131, -0.982397, 0.185368, 0.0)], [0.986615, 0.0075058, 0.162893, 0.0)], [-0.161417, 0.186655, 0.969074, 0.0)], [0.607467, -0.25474, -6.6494, 1.0)]])
0.607467, -0.25474, -6.6494
float3(-0.187756, -0.165052, -1.56316)
1196743.91384883
normal
simd_float4x4([[-0.0611117, -0.990258, 0.125116, 0.0)], [0.974063, -0.0318067, 0.22403, 0.0)], [-0.217868, 0.135562, 0.966518, 0.0)], [0.630232, -0.245463, -6.83657, 1.0)]])
0.630232, -0.245463, -6.83657
float3(-0.13598, -0.22171, -1.6029)
1196744.11395079
normal
simd_float4x4([[-0.0701016, -0.981949, 0.175677, 0.0)], [0.968235, -0.0246056, 0.248828, 0.0)], [-0.240013, 0.18754, 0.952482, 0.0)], [0.656435, -0.248446, -7.03277, 1.0)]])
0.656435, -0.248446, -7.03277
float3(-0.188657, -0.246848, -1.59585)
1196744.3140525
normal
simd_float4x4([[-0.0667105, -0.983932, 0.165615, 0.0)], [0.970658, -0.0255653, 0.239101, 0.0)], [-0.231025, 0.176706, 0.956766, 0.0)], [0.704341, -0.276787, -7.22388, 1.0)]])
0.704341, -0.276787, -7.22388
float3(-0.177638, -0.236929, -1.59677)
1196744.51415446
normal
simd_float4x4([[-0.0558462, -0.988433, 0.140999, 0.0)], [0.971373, -0.0211288, 0.236619, 0.0)], [-0.230903, 0.150177, 0.961317, 0.0)], [0.742481, -0.251734, -7.39101, 1.0)]])
0.742481, -0.251734, -7.39101
float3(-0.150748, -0.235728, -1.59217)
1196744.71425621
normal
simd_float4x4([[-0.0212116, -0.986091, 0.164845, 0.0)], [0.975354, 0.0158101, 0.220079, 0.0)], [-0.219625, 0.165451, 0.961452, 0.0)], [0.759642, -0.266654, -7.56348, 1.0)]])
0.759642, -0.266654, -7.56348
float3(-0.166215, -0.224577, -1.55476)
1196744.91435829
normal
simd_float4x4([[-0.0335907, -0.989531, 0.140359, 0.0)], [0.967437, 0.00305908, 0.253093, 0.0)], [-0.250873, 0.14429, 0.957206, 0.0)], [0.789136, -0.287942, -7.75971, 1.0)]])
0.789136, -0.287942, -7.75971
float3(-0.144796, -0.256324, -1.5677)
1196745.11446013
normal
simd_float4x4([[-0.0577429, -0.986736, 0.151715, 0.0)], [0.961484, -0.0140597, 0.2745, 0.0)], [-0.268726, 0.161722, 0.949543, 0.0)], [0.82878, -0.280356, -7.96349, 1.0)]])
0.82878, -0.280356, -7.96349
float3(-0.162435, -0.275794, -1.58504)
1196745.31456212
normal
simd_float4x4([[-0.0701501, -0.97945, 0.189094, 0.0)], [0.964383, -0.0181245, 0.263887, 0.0)], [-0.255037, 0.20087, 0.945837, 0.0)], [0.883929, -0.313755, -8.16356, 1.0)]])
0.883929, -0.313755, -8.16356
float3(-0.202246, -0.263378, -1.5893)
1196745.51466388
normal
simd_float4x4([[-0.0366686, -0.976603, 0.211901, 0.0)], [0.977904, 0.00860418, 0.208877, 0.0)], [-0.205814, 0.214878, 0.954708, 0.0)], [0.953919, -0.323062, -8.36963, 1.0)]])
0.953919, -0.323062, -8.36963
float3(-0.216567, -0.212328, -1.56199)
1196745.71476583
normal
simd_float4x4([[-0.0269352, -0.97508, 0.220213, 0.0)], [0.983362, 0.0137432, 0.181133, 0.0)], [-0.179645, 0.221428, 0.958487, 0.0)], [1.00692, -0.312111, -8.54649, 1.0)]])
1.00692, -0.312111, -8.54649
float3(-0.223278, -0.185277, -1.5567)
1196745.91486787
normal
simd_float4x4([[0.0198129, -0.975638, 0.218491, 0.0)], [0.986332, 0.054827, 0.15538, 0.0)], [-0.163574, 0.212426, 0.963389, 0.0)], [1.03655, -0.334851, -8.73412, 1.0)]])
1.03655, -0.334851, -8.73412
float3(-0.214057, -0.168186, -1.51466)
1196746.11496967
normal
simd_float4x4([[-0.00293764, -0.978231, 0.207497, 0.0)], [0.982154, 0.036199, 0.184562, 0.0)], [-0.188056, 0.204336, 0.960667, 0.0)], [1.08086, -0.338917, -8.92896, 1.0)]])
1.08086, -0.338917, -8.92896
float3(-0.205786, -0.193311, -1.53381)
1196746.31507179
normal
simd_float4x4([[-0.0492611, -0.976954, 0.207689, 0.0)], [0.968223, 0.00433703, 0.25005, 0.0)], [-0.245188, 0.213407, 0.945695, 0.0)], [1.15418, -0.337034, -9.09899, 1.0)]])
1.15418, -0.337034, -9.09899
float3(-0.215061, -0.253682, -1.56636)
1196746.51517379
normal
simd_float4x4([[-0.0812584, -0.977325, 0.195534, 0.0)], [0.944834, -0.0130763, 0.327287, 0.0)], [-0.317309, 0.211342, 0.924472, 0.0)], [1.26396, -0.378045, -9.28183, 1.0)]])
1.26396, -0.378045, -9.28183
float3(-0.212948, -0.330633, -1.58418)
1196746.71527554
normal
simd_float4x4([[-0.112252, -0.983573, 0.141362, 0.0)], [0.87263, -0.0295271, 0.487489, 0.0)], [-0.475307, 0.178078, 0.861609, 0.0)], [1.42532, -0.373204, -9.42633, 1.0)]])
1.42532, -0.373204, -9.42633
float3(-0.179033, -0.504109, -1.60081)
1196746.91537758
normal
simd_float4x4([[-0.13685, -0.98332, 0.119805, 0.0)], [0.726094, -0.0173035, 0.687378, 0.0)], [-0.67384, 0.181057, 0.71635, 0.0)], [1.56744, -0.361228, -9.53687, 1.0)]])
1.56744, -0.361228, -9.53687
float3(-0.182061, -0.754829, -1.58839)
1196747.1154795
normal
simd_float4x4([[-0.168265, -0.97878, 0.116946, 0.0)], [0.532885, 0.009488, 0.846134, 0.0)], [-0.829289, 0.204693, 0.519981, 0.0)], [1.71801, -0.378181, -9.65415, 1.0)]])
1.71801, -0.378181, -9.65415
float3(-0.206151, -1.01075, -1.5611)
1196747.3155815
normal
simd_float4x4([[-0.150772, -0.987489, 0.0461806, 0.0)], [0.364987, -0.0121916, 0.930933, 0.0)], [-0.918723, 0.157214, 0.362259, 0.0)], [1.85879, -0.370583, -9.75518, 1.0)]])
1.85879, -0.370583, -9.75518
float3(-0.157869, -1.19521, -1.58314)
1196747.5156835
normal
simd_float4x4([[-0.149884, -0.98823, 0.0305945, 0.0)], [0.235458, -0.00562384, 0.971868, 0.0)], [-0.960257, 0.152872, 0.23353, 0.0)], [1.99806, -0.360167, -9.82571, 1.0)]])
1.99806, -0.360167, -9.82571
float3(-0.153473, -1.33223, -1.57649)
1196747.7157855
normal
simd_float4x4([[-0.087522, -0.996105, 0.0107133, 0.0)], [0.199494, -0.0069897, 0.979874, 0.0)], [-0.975982, 0.0878978, 0.199329, 0.0)], [2.13326, -0.373532, -9.87184, 1.0)]])
2.13326, -0.373532, -9.87184
float3(-0.0880114, -1.36933, -1.57781)
1196747.91588737
normal
simd_float4x4([[-0.160155, -0.985204, 0.0610213, 0.0)], [0.189454, 0.0299899, 0.981431, 0.0)], [-0.96874, 0.168742, 0.181847, 0.0)], [2.28646, -0.364076, -9.90707, 1.0)]])
2.28646, -0.364076, -9.90707
float3(-0.169554, -1.38524, -1.54037)
1196748.1159895
normal
simd_float4x4([[-0.160152, -0.98408, 0.077056, 0.0)], [0.151662, 0.0526051, 0.987032, 0.0)], [-0.975372, 0.169762, 0.140823, 0.0)], [2.38934, -0.361866, -9.94771, 1.0)]])
2.38934, -0.361866, -9.94771
float3(-0.170588, -1.42741, -1.51739)
1196748.31609154
normal
simd_float4x4([[-0.174419, -0.980723, 0.088088, 0.0)], [0.0831766, 0.0744651, 0.993749, 0.0)], [-0.981152, 0.180656, 0.0685851, 0.0)], [2.49719, -0.398127, -9.98912, 1.0)]])
2.49719, -0.398127, -9.98912
float3(-0.181653, -1.50101, -1.49501)
1196748.51619354
normal
simd_float4x4([[-0.192446, -0.979783, 0.0546701, 0.0)], [-0.0368014, 0.0628782, 0.997342, 0.0)], [-0.980617, 0.189923, -0.0481581, 0.0)], [2.58387, -0.394533, -9.90564, 1.0)]])
2.58387, -0.394533, -9.90564
float3(-0.191084, -1.61987, -1.50671)
1196748.7162955
limited(__ObjC.ARCamera.TrackingState.Reason.insufficientFeatures)
simd_float4x4([[-0.191363, -0.981473, 0.00948738, 0.0)], [-0.141187, 0.037091, 0.989288, 0.0)], [-0.971311, 0.187974, -0.145669, 0.0)], [2.64392, -0.375948, -9.85, 1.0)]])
2.64392, -0.375948, -9.85
float3(-0.189099, -1.71966, -1.53302)
1196748.91639763
limited(__ObjC.ARCamera.TrackingState.Reason.insufficientFeatures)
simd_float4x4([[-0.187154, -0.98224, -0.0133453, 0.0)], [-0.186489, 0.0221883, 0.982206, 0.0)], [-0.964466, 0.186313, -0.187329, 0.0)], [2.71856, -0.398065, -9.72156, 1.0)]])
2.71856, -0.398065, -9.72156
float3(-0.187408, -1.76264, -1.54821)
1196749.1164995
limited(__ObjC.ARCamera.TrackingState.Reason.insufficientFeatures)
simd_float4x4([[-0.181453, -0.98327, -0.0159473, 0.0)], [-0.184315, 0.0180755, 0.982701, 0.0)], [-0.965972, 0.181253, -0.184511, 0.0)], [2.80518, -0.367743, -9.64255, 1.0)]])
2.80518, -0.367743, -9.64255
float3(-0.182261, -1.75953, -1.55242)
1196749.31660154
limited(__ObjC.ARCamera.TrackingState.Reason.insufficientFeatures)
simd_float4x4([[-0.211453, -0.977333, 0.0103531, 0.0)], [-0.17815, 0.0489549, 0.982785, 0.0)], [-0.961015, 0.205968, -0.184464, 0.0)], [2.93022, -0.364977, -9.62162, 1.0)]])
2.93022, -0.364977, -9.62162
float3(-0.207453, -1.76044, -1.52075)
1196749.51670358
limited(__ObjC.ARCamera.TrackingState.Reason.insufficientFeatures)
simd_float4x4([[-0.170119, -0.985055, 0.02693, 0.0)], [-0.166993, 0.0557513, 0.98438, 0.0)], [-0.971171, 0.162964, -0.173982, 0.0)], [3.11324, -0.387847, -9.6153, 1.0)]])
3.11324, -0.387847, -9.6153
float3(-0.163694, -1.74806, -1.51426)
1196749.71680567
limited(__ObjC.ARCamera.TrackingState.Reason.insufficientFeatures)
simd_float4x4([[-0.180357, -0.983241, -0.02662, 0.0)], [-0.198455, 0.00986893, 0.98006, 0.0)], [-0.963373, 0.182044, -0.196909, 0.0)], [3.30165, -0.369931, -9.58259, 1.0)]])
3.30165, -0.369931, -9.58259
float3(-0.183065, -1.77241, -1.56076)
1196749.91690767
normal
simd_float4x4([[-0.184814, -0.981526, -0.0495054, 0.0)], [-0.224249, -0.00692698, 0.974507, 0.0)], [-0.956847, 0.191204, -0.218826, 0.0)], [3.44712, -0.403103, -9.53734, 1.0)]])
3.44712, -0.403103, -9.53734
float3(-0.192388, -1.79563, -1.57785)
1196750.11700983
normal
simd_float4x4([[-0.194493, -0.980366, -0.0324697, 0.0)], [-0.203475, 0.00794092, 0.979048, 0.0)], [-0.959568, 0.197024, -0.201025, 0.0)], [3.64163, -0.406889, -9.45184, 1.0)]])
3.64163, -0.406889, -9.45184
float3(-0.198322, -1.7773, -1.5627)
1196750.31711171
normal
simd_float4x4([[-0.174326, -0.983884, -0.0397919, 0.0)], [-0.208722, -0.00257104, 0.977972, 0.0)], [-0.962312, 0.178792, -0.20491, 0.0)], [3.7949, -0.388124, -9.39027, 1.0)]])
3.7949, -0.388124, -9.39027
float3(-0.179758, -1.7806, -1.57341)
1196750.51721371
normal
simd_float4x4([[-0.193192, -0.981161, 4.871e-05, 0.0)], [-0.205825, 0.0405758, 0.977747, 0.0)], [-0.959329, 0.188882, -0.209787, 0.0)], [3.96705, -0.420065, -9.36722, 1.0)]])
3.96705, -0.420065, -9.36722
float3(-0.190024, -1.78609, -1.52947)
1196750.71731579
normal
simd_float4x4([[-0.194195, -0.980605, -0.0265124, 0.0)], [-0.240374, 0.0213651, 0.970445, 0.0)], [-0.951056, 0.194829, -0.239861, 0.0)], [4.15074, -0.408644, -9.3337, 1.0)]])
4.15074, -0.408644, -9.3337
float3(-0.196083, -1.81785, -1.54901)
1196750.91741804
normal
simd_float4x4([[-0.206423, -0.976571, -0.0608073, 0.0)], [-0.253922, -0.00655097, 0.967202, 0.0)], [-0.944941, 0.215093, -0.246621, 0.0)], [4.3097, -0.408801, -9.29373, 1.0)]])
4.3097, -0.408801, -9.29373
float3(-0.216788, -1.82609, -1.5775)
1196751.11752004
normal
simd_float4x4([[-0.163554, -0.985307, -0.0491849, 0.0)], [-0.24243, -0.00818564, 0.970134, 0.0)], [-0.956283, 0.170594, -0.23753, 0.0)], [4.46166, -0.429999, -9.24116, 1.0)]])
4.46166, -0.429999, -9.24116
float3(-0.171432, -1.81426, -1.5791)
1196751.31762217
normal
simd_float4x4([[-0.125752, -0.991502, -0.0333082, 0.0)], [-0.235305, -0.00280658, 0.971918, 0.0)], [-0.963752, 0.130059, -0.232952, 0.0)], [4.59468, -0.405047, -9.18735, 1.0)]])
4.59468, -0.405047, -9.18735
float3(-0.130428, -1.80796, -1.57363)
1196751.51772429
normal
simd_float4x4([[-0.163933, -0.986439, -0.00801679, 0.0)], [-0.229988, 0.0303156, 0.972721, 0.0)], [-0.959287, 0.161305, -0.231838, 0.0)], [4.74479, -0.423982, -9.15886, 1.0)]])
4.74479, -0.423982, -9.15886
float3(-0.162013, -1.80793, -1.54007)
1196751.71782625
normal
simd_float4x4([[-0.158307, -0.987338, -0.0101024, 0.0)], [-0.223054, 0.0257931, 0.974465, 0.0)], [-0.961866, 0.156518, -0.224313, 0.0)], [4.91842, -0.452889, -9.14434, 1.0)]])
4.91842, -0.452889, -9.14434
float3(-0.157164, -1.79991, -1.54468)
1196751.91792833
normal
simd_float4x4([[-0.151598, -0.986871, -0.0557014, 0.0)], [-0.2572, -0.0150273, 0.966241, 0.0)], [-0.954393, 0.160807, -0.251545, 0.0)], [5.09201, -0.445233, -9.11975, 1.0)]])
5.09201, -0.445233, -9.11975
float3(-0.161508, -1.8285, -1.58602)
1196752.11803058
normal
simd_float4x4([[-0.183956, -0.978914, -0.0888086, 0.0)], [-0.278134, -0.0348181, 0.959911, 0.0)], [-0.942763, 0.201282, -0.265865, 0.0)], [5.26891, -0.462733, -9.07296, 1.0)]])
5.26891, -0.462733, -9.07296
float3(-0.202666, -1.84566, -1.60635)
1196752.31813262
normal
simd_float4x4([[-0.195732, -0.97814, -0.0702261, 0.0)], [-0.26371, -0.016474, 0.964461, 0.0)], [-0.944535, 0.207295, -0.25472, 0.0)], [5.46296, -0.481719, -9.01996, 1.0)]])
5.46296, -0.481719, -9.01996
float3(-0.20881, -1.83421, -1.58764)
1196752.51823483
normal
simd_float4x4([[-0.18387, -0.980445, -0.0701338, 0.0)], [-0.26095, -0.0201013, 0.965143, 0.0)], [-0.94768, 0.195762, -0.252151, 0.0)], [5.63756, -0.453851, -8.96964, 1.0)]])
5.63756, -0.453851, -8.96964
float3(-0.197035, -1.83084, -1.5913)
1196752.71833692
normal
simd_float4x4([[-0.20328, -0.97894, -0.0187981, 0.0)], [-0.231844, 0.0294725, 0.972306, 0.0)], [-0.951276, 0.202008, -0.232953, 0.0)], [5.83026, -0.474827, -8.95016, 1.0)]])
5.83026, -0.474827, -8.95016
float3(-0.203408, -1.81095, -1.5407)
1196752.91843892
normal
simd_float4x4([[-0.180876, -0.9827, -0.0398132, 0.0)], [-0.249914, 0.00677166, 0.968244, 0.0)], [-0.951224, 0.185082, -0.246815, 0.0)], [6.03731, -0.489101, -8.92598, 1.0)]])
6.03731, -0.489101, -8.92598
float3(-0.186155, -1.82467, -1.56391)
1196753.11854104
normal
simd_float4x4([[-0.190064, -0.979228, -0.0706292, 0.0)], [-0.269369, -0.0171669, 0.962884, 0.0)], [-0.944095, 0.202035, -0.260511, 0.0)], [6.24421, -0.480336, -8.8807, 1.0)]])
6.24421, -0.480336, -8.8807
float3(-0.203436, -1.84003, -1.58833)
1196753.31864325
normal
simd_float4x4([[-0.19763, -0.975015, -0.101428, 0.0)], [-0.272737, -0.0446935, 0.96105, 0.0)], [-0.941571, 0.217595, -0.25709, 0.0)], [6.45508, -0.518546, -8.82546, 1.0)]])
6.45508, -0.518546, -8.82546
float3(-0.21935, -1.83734, -1.6166)
1196753.5187455
normal
simd_float4x4([[-0.212634, -0.974176, -0.0759436, 0.0)], [-0.230715, -0.0254692, 0.972688, 0.0)], [-0.949504, 0.224348, -0.219341, 0.0)], [6.65694, -0.519569, -8.75818, 1.0)]])
6.65694, -0.519569, -8.75818
float3(-0.226274, -1.79782, -1.59693)
1196753.71884758
normal
simd_float4x4([[-0.206957, -0.977037, -0.0506713, 0.0)], [-0.20355, -0.00765866, 0.979034, 0.0)], [-0.956941, 0.212932, -0.197291, 0.0)], [6.83279, -0.508848, -8.72533, 1.0)]])
6.83279, -0.508848, -8.72533
float3(-0.214575, -1.77412, -1.57863)
1196753.91894983
normal
simd_float4x4([[-0.201337, -0.979236, -0.0236566, 0.0)], [-0.200847, 0.0176334, 0.979464, 0.0)], [-0.958709, 0.201954, -0.200227, 0.0)], [7.02382, -0.539896, -8.70117, 1.0)]])
7.02382, -0.539896, -8.70117
float3(-0.203353, -1.77669, -1.55279)
1196754.11905183
normal
simd_float4x4([[-0.168651, -0.984429, -0.0495644, 0.0)], [-0.24073, -0.00762461, 0.970562, 0.0)], [-0.955827, 0.175618, -0.235696, 0.0)], [7.22679, -0.534905, -8.67182, 1.0)]])
7.22679, -0.534905, -8.67182
float3(-0.176534, -1.81256, -1.57854)
1196754.31915408
normal
simd_float4x4([[-0.19182, -0.978526, -0.0754512, 0.0)], [-0.256425, -0.0242385, 0.96626, 0.0)], [-0.947339, 0.204695, -0.246269, 0.0)], [7.4194, -0.530671, -8.6351, 1.0)]])
7.4194, -0.530671, -8.6351
float3(-0.206153, -1.82513, -1.59556)
1196754.51925638
normal
simd_float4x4([[-0.176129, -0.980083, -0.0917402, 0.0)], [-0.23222, -0.0491975, 0.971418, 0.0)], [-0.956584, 0.192399, -0.218929, 0.0)], [7.61674, -0.562697, -8.58279, 1.0)]])
7.61674, -0.562697, -8.58279
float3(-0.193606, -1.79579, -1.62095)
1196754.7193585
normal
simd_float4x4([[-0.180403, -0.98056, -0.0771819, 0.0)], [-0.222446, -0.0357627, 0.974289, 0.0)], [-0.958109, 0.192933, -0.21167, 0.0)], [7.7942, -0.538831, -8.52975, 1.0)]])
7.7942, -0.538831, -8.52975
float3(-0.194151, -1.78823, -1.60725)
1196754.91946067
normal
simd_float4x4([[-0.186648, -0.982061, -0.0267957, 0.0)], [-0.210186, 0.0132742, 0.977571, 0.0)], [-0.959679, 0.188093, -0.208893, 0.0)], [7.96649, -0.541599, -8.50456, 1.0)]])
7.96649, -0.541599, -8.50456
float3(-0.189221, -1.78512, -1.55728)
1196755.11956296
normal
simd_float4x4([[-0.148365, -0.98888, -0.0101653, 0.0)], [-0.206285, 0.0208935, 0.978269, 0.0)], [-0.967178, 0.147238, -0.207092, 0.0)], [8.16336, -0.566063, -8.48071, 1.0)]])
8.16336, -0.566063, -8.48071
float3(-0.147775, -1.78173, -1.54967)
1196755.31966496
normal
simd_float4x4([[-0.152823, -0.985943, -0.0675338, 0.0)], [-0.234001, -0.0302919, 0.971764, 0.0)], [-0.96015, 0.164311, -0.226083, 0.0)], [8.36741, -0.566233, -8.44348, 1.0)]])
8.36741, -0.566233, -8.44348
float3(-0.16506, -1.80205, -1.60151)
1196755.51976717
normal
simd_float4x4([[-0.18462, -0.97826, -0.0944613, 0.0)], [-0.258274, -0.0444435, 0.965049, 0.0)], [-0.948267, 0.202564, -0.244454, 0.0)], [8.56657, -0.585071, -8.39702, 1.0)]])
8.56657, -0.585071, -8.39702
float3(-0.203976, -1.82309, -1.6162)
1196755.71986946
normal
simd_float4x4([[-0.196183, -0.977957, -0.0715037, 0.0)], [-0.213714, -0.0285237, 0.97648, 0.0)], [-0.956994, 0.20685, -0.203408, 0.0)], [8.79574, -0.610906, -8.33836, 1.0)]])
8.79574, -0.610906, -8.33836
float3(-0.208354, -1.78023, -1.59995)
1196755.91997171
normal
simd_float4x4([[-0.173405, -0.983761, -0.0463144, 0.0)], [-0.211297, -0.00876942, 0.977383, 0.0)], [-0.961917, 0.179269, -0.206345, 0.0)], [8.98691, -0.57928, -8.29307, 1.0)]])
8.98691, -0.57928, -8.29307
float3(-0.180243, -1.78211, -1.57971)
1196756.12007404
normal
simd_float4x4([[-0.151016, -0.988525, 0.00356583, 0.0)], [-0.194475, 0.0332461, 0.980344, 0.0)], [-0.969213, 0.147354, -0.197264, 0.0)], [9.19384, -0.589163, -8.266, 1.0)]])
9.19384, -0.589163, -8.266
float3(-0.147893, -1.77158, -1.53718)
1196756.32017625
normal
simd_float4x4([[-0.0984599, -0.994845, -0.0242609, 0.0)], [-0.216506, -0.0023805, 0.976278, 0.0)], [-0.971303, 0.101377, -0.215156, 0.0)], [9.41436, -0.603068, -8.23927, 1.0)]])
9.41436, -0.603068, -8.23927
float3(-0.101551, -1.78879, -1.57319)
1196756.52027821
normal
simd_float4x4([[-0.107837, -0.992855, -0.0510885, 0.0)], [-0.220768, -0.0261901, 0.974975, 0.0)], [-0.969346, 0.116417, -0.216366, 0.0)], [9.62679, -0.591653, -8.19894, 1.0)]])
9.62679, -0.591653, -8.19894
float3(-0.116682, -1.7904, -1.59717)
1196756.72038058
normal
simd_float4x4([[-0.0944534, -0.99316, -0.0686394, 0.0)], [-0.204216, -0.048152, 0.977741, 0.0)], [-0.974358, 0.106368, -0.198271, 0.0)], [9.84759, -0.616911, -8.14863, 1.0)]])
9.84759, -0.616911, -8.14863
float3(-0.10657, -1.77154, -1.61924)
1196756.92048288
normal
simd_float4x4([[-0.0957043, -0.994562, -0.0410697, 0.0)], [-0.171682, -0.0241484, 0.984856, 0.0)], [-0.980493, 0.101306, -0.168437, 0.0)], [10.0695, -0.612543, -8.0873, 1.0)]])
10.0695, -0.612543, -8.0873
float3(-0.10148, -1.74092, -1.59507)
1196757.12058517
normal
simd_float4x4([[-0.105969, -0.994105, -0.0229374, 0.0)], [-0.167055, -0.0049413, 0.985935, 0.0)], [-0.980236, 0.10831, -0.165546, 0.0)], [10.2804, -0.606953, -8.04175, 1.0)]])
10.2804, -0.606953, -8.04175
float3(-0.108523, -1.7381, -1.57577)
1196757.32068733
normal
simd_float4x4([[-0.0962908, -0.995303, -0.0100074, 0.0)], [-0.176117, 0.00714125, 0.984343, 0.0)], [-0.979648, 0.0965457, -0.175977, 0.0)], [10.5, -0.634844, -8.00501, 1.0)]])
10.5, -0.634844, -8.00501
float3(-0.0966964, -1.74853, -1.56362)
1196757.52078971
normal
simd_float4x4([[-0.0896222, -0.995039, -0.0431786, 0.0)], [-0.232792, -0.0212243, 0.972295, 0.0)], [-0.968388, 0.0971908, -0.229735, 0.0)], [10.7225, -0.64009, -7.96596, 1.0)]])
10.7225, -0.64009, -7.96596
float3(-0.0973445, -1.80372, -1.59212)
1196757.72089196
normal
simd_float4x4([[-0.12765, -0.98933, -0.0702201, 0.0)], [-0.238206, -0.0381461, 0.970465, 0.0)], [-0.962789, 0.140607, -0.230795, 0.0)], [10.9431, -0.644151, -7.92154, 1.0)]])
10.9431, -0.644151, -7.92154
float3(-0.141074, -1.80607, -1.60933)
1196757.92099408
normal
simd_float4x4([[-0.120581, -0.991932, -0.0391174, 0.0)], [-0.217782, -0.0120122, 0.975923, 0.0)], [-0.96852, 0.126197, -0.214576, 0.0)], [11.1648, -0.676287, -7.87019, 1.0)]])
11.1648, -0.676287, -7.87019
float3(-0.126534, -1.78883, -1.58291)
1196758.12109637
normal
simd_float4x4([[-0.138064, -0.990311, -0.0149077, 0.0)], [-0.195154, 0.0124443, 0.980694, 0.0)], [-0.971006, 0.138308, -0.194981, 0.0)], [11.3762, -0.661107, -7.81592, 1.0)]])
11.3762, -0.661107, -7.81592
float3(-0.138752, -1.76896, -1.55823)
1196758.32119879
normal
simd_float4x4([[-0.15021, -0.988455, 0.0198225, 0.0)], [-0.171307, 0.0457689, 0.984154, 0.0)], [-0.973699, 0.144434, -0.176204, 0.0)], [11.5824, -0.670373, -7.78161, 1.0)]])
11.5824, -0.670373, -7.78161
float3(-0.144941, -1.74982, -1.52453)
1196758.52130104
normal
simd_float4x4([[-0.114407, -0.993433, 0.00152416, 0.0)], [-0.202484, 0.0248207, 0.978971, 0.0)], [-0.97258, 0.111692, -0.203994, 0.0)], [11.7905, -0.692027, -7.74822, 1.0)]])
11.7905, -0.692027, -7.74822
float3(-0.111926, -1.77754, -1.54582)
1196758.72140338
normal
simd_float4x4([[-0.150459, -0.987589, -0.0450477, 0.0)], [-0.204963, -0.0134152, 0.978678, 0.0)], [-0.967136, 0.156484, -0.200401, 0.0)], [11.9913, -0.683589, -7.70437, 1.0)]])
11.9913, -0.683589, -7.70437
float3(-0.15713, -1.77512, -1.58438)
1196758.92150575
normal
simd_float4x4([[-0.145495, -0.986665, -0.0729585, 0.0)], [-0.226405, -0.038582, 0.973269, 0.0)], [-0.963105, 0.158124, -0.217772, 0.0)], [12.179, -0.707357, -7.66409, 1.0)]])
12.179, -0.707357, -7.66409
float3(-0.15879, -1.79317, -1.60988)
1196759.12160796
normal
simd_float4x4([[-0.125168, -0.990595, -0.0552634, 0.0)], [-0.194922, -0.0300627, 0.980358, 0.0)], [-0.972799, 0.133481, -0.189326, 0.0)], [12.3759, -0.714169, -7.61082, 1.0)]])
12.3759, -0.714169, -7.61082
float3(-0.133881, -1.76301, -1.60114)
1196759.32171025
normal
simd_float4x4([[-0.117724, -0.99214, -0.042421, 0.0)], [-0.184086, -0.0201743, 0.982703, 0.0)], [-0.975834, 0.123497, -0.180264, 0.0)], [12.5474, -0.702898, -7.57819, 1.0)]])
12.5474, -0.702898, -7.57819
float3(-0.123813, -1.75347, -1.59113)
1196759.52181258
normal
simd_float4x4([[-0.132948, -0.991067, 0.0105386, 0.0)], [-0.167277, 0.0329175, 0.98536, 0.0)], [-0.976905, 0.129239, -0.170159, 0.0)], [12.7525, -0.730278, -7.54988, 1.0)]])
12.7525, -0.730278, -7.54988
float3(-0.129601, -1.74325, -1.53759)
1196759.72191492
normal
simd_float4x4([[-0.112373, -0.993645, -0.00649696, 0.0)], [-0.195674, 0.0157178, 0.980543, 0.0)], [-0.974209, 0.111458, -0.196196, 0.0)], [12.9624, -0.721299, -7.52449, 1.0)]])
12.9624, -0.721299, -7.52449
float3(-0.11169, -1.76953, -1.55498)
1196759.92201717
normal
simd_float4x4([[-0.142697, -0.989601, -0.0180679, 0.0)], [-0.222108, 0.0142273, 0.974918, 0.0)], [-0.964523, 0.143131, -0.221828, 0.0)], [13.1546, -0.71634, -7.48791, 1.0)]])
13.1546, -0.71634, -7.48791
float3(-0.143624, -1.79685, -1.55642)
1196760.12211954
normal
simd_float4x4([[-0.1086, -0.993, -0.0464526, 0.0)], [-0.185755, -0.025635, 0.982261, 0.0)], [-0.976576, 0.115303, -0.181671, 0.0)], [13.3388, -0.754472, -7.43208, 1.0)]])
13.3388, -0.754472, -7.43208
float3(-0.11556, -1.75472, -1.59661)
1196760.32222175
normal
simd_float4x4([[-0.0913975, -0.995501, -0.0249906, 0.0)], [-0.171102, -0.00902333, 0.985212, 0.0)], [-0.981005, 0.0943218, -0.169507, 0.0)], [13.5085, -0.727589, -7.37776, 1.0)]])
13.5085, -0.727589, -7.37776
float3(-0.0944623, -1.7419, -1.57986)
1196760.52232413
normal
simd_float4x4([[-0.125194, -0.992132, -0.000836443, 0.0)], [-0.188641, 0.0229763, 0.981777, 0.0)], [-0.974033, 0.123071, -0.190033, 0.0)], [13.6886, -0.736685, -7.34269, 1.0)]])
