ARKit Data
513396.799685208
normal
simd_float4x4([[-0.0484769, -0.998816, -0.00396247, 0.0)], [0.958009, -0.0476181, 0.282757, 0.0)], [-0.282611, 0.00991109, 0.959183, 0.0)], [-0.0241682, 1.16982, 0.446312, 1.0)]])
-0.0241682, 1.16982, 0.446312
float3(-0.00991125, -0.286529, -1.61843)
513397.154166958
notAvailable
simd_float4x4([[1.0, 0.0, 0.0, 0.0)], [0.0, 1.0, 0.0, 0.0)], [0.0, 0.0, 1.0, 0.0)], [0.0, 0.0, 0.0, 1.0)]])
0.0, 0.0, 0.0
float3(-0.0, 0.0, 0.0)
513397.270820833
limited(__ObjC.ARCamera.TrackingState.Reason.initializing)
simd_float4x4([[-0.068087, -0.997469, 0.0204968, 0.0)], [0.997679, -0.0680726, 0.00139886, 0.0)], [-4.34507e-08, 0.0205445, 0.999789, 0.0)], [0.0, 0.0, 0.0, 1.0)]])
0.0, 0.0, 0.0
float3(-0.020546, -4.34599e-08, -1.63894)
513397.404139208
limited(__ObjC.ARCamera.TrackingState.Reason.initializing)
simd_float4x4([[-0.0691436, -0.997417, 0.0194475, 0.0)], [0.997605, -0.0691691, -0.000641117, 0.0)], [0.00198462, 0.0193565, 0.999811, 0.0)], [0.0, 0.0, 0.0, 1.0)]])
0.0, 0.0, 0.0
float3(-0.0193577, 0.00198499, -1.64003)
513397.537457541
limited(__ObjC.ARCamera.TrackingState.Reason.initializing)
simd_float4x4([[-0.0684244, -0.997484, 0.0185345, 0.0)], [0.997652, -0.0684658, -0.00160679, 0.0)], [0.00287173, 0.0183811, 0.999827, 0.0)], [0.0, 0.0, 0.0, 1.0)]])
0.0, 0.0, 0.0
float3(-0.0183821, 0.00287222, -1.63933)
513397.670776125
limited(__ObjC.ARCamera.TrackingState.Reason.initializing)
simd_float4x4([[-0.0657691, -0.997595, 0.0218551, 0.0)], [0.997835, -0.0657667, 0.000824727, 0.0)], [0.000614598, 0.021862, 0.999761, 0.0)], [0.0, 0.0, 0.0, 1.0)]])
0.0, 0.0, 0.0
float3(-0.0218637, 0.000614745, -1.63663)
513397.804094541
limited(__ObjC.ARCamera.TrackingState.Reason.initializing)
simd_float4x4([[-0.0665557, -0.997562, 0.0209866, 0.0)], [0.997779, -0.0664821, 0.00418434, 0.0)], [-0.00277891, 0.0212185, 0.999771, 0.0)], [0.0, 0.0, 0.0, 1.0)]])
0.0, 0.0, 0.0
float3(-0.02122, -0.00277954, -1.63734)
513397.937413083
limited(__ObjC.ARCamera.TrackingState.Reason.initializing)
simd_float4x4([[-0.0696123, -0.997338, 0.0217226, 0.0)], [0.997573, -0.0695707, 0.0026643, 0.0)], [-0.00114594, 0.0218554, 0.999761, 0.0)], [0.0, 0.0, 0.0, 1.0)]])
0.0, 0.0, 0.0
float3(-0.0218571, -0.00114622, -1.64044)
513398.070731458
limited(__ObjC.ARCamera.TrackingState.Reason.initializing)
simd_float4x4([[-0.0685206, -0.997383, 0.0230617, 0.0)], [0.99765, -0.0684896, 0.00213172, 0.0)], [-0.000546649, 0.0231536, 0.999732, 0.0)], [0.0, 0.0, 0.0, 1.0)]])
0.0, 0.0, 0.0
float3(-0.0231557, -0.000546796, -1.63936)
513398.204049833
limited(__ObjC.ARCamera.TrackingState.Reason.initializing)
simd_float4x4([[-0.0686705, -0.997412, 0.0212967, 0.0)], [0.997636, -0.0685989, 0.00407322, 0.0)], [-0.00260176, 0.021526, 0.999765, 0.0)], [0.0, 0.0, 0.0, 1.0)]])
0.0, 0.0, 0.0
float3(-0.0215277, -0.00260236, -1.63947)
513398.337368083
limited(__ObjC.ARCamera.TrackingState.Reason.initializing)
simd_float4x4([[-0.0691212, -0.997393, 0.0207397, 0.0)], [0.997603, -0.0690383, 0.00469031, 0.0)], [-0.00324625, 0.0210142, 0.999774, 0.0)], [0.0, 0.0, 0.0, 1.0)]])
0.0, 0.0, 0.0
float3(-0.0210157, -0.00324698, -1.6399)
513398.4706865
limited(__ObjC.ARCamera.TrackingState.Reason.initializing)
simd_float4x4([[-0.0691292, -0.997387, 0.0209622, 0.0)], [0.997593, -0.0689986, 0.00688829, 0.0)], [-0.00542394, 0.0213879, 0.999756, 0.0)], [0.0, 0.0, 0.0, 1.0)]])
0.0, 0.0, 0.0
float3(-0.0213895, -0.00542521, -1.63987)
513398.604005083
limited(__ObjC.ARCamera.TrackingState.Reason.initializing)
simd_float4x4([[-0.0701264, -0.997261, 0.0234789, 0.0)], [0.997499, -0.0698953, 0.0105213, 0.0)], [-0.00885149, 0.024158, 0.999669, 0.0)], [0.0, 0.0, 0.0, 1.0)]])
0.0, 0.0, 0.0
float3(-0.0241603, -0.00885419, -1.64077)
513398.737323416
limited(__ObjC.ARCamera.TrackingState.Reason.initializing)
simd_float4x4([[-0.0714159, -0.997167, 0.023632, 0.0)], [0.997388, -0.0711346, 0.0125394, 0.0)], [-0.0108228, 0.0244658, 0.999642, 0.0)], [0.0, 0.0, 0.0, 1.0)]])
0.0, 0.0, 0.0
float3(-0.0244682, -0.0108263, -1.64201)
513398.870641958
limited(__ObjC.ARCamera.TrackingState.Reason.initializing)
simd_float4x4([[-0.0719329, -0.997136, 0.0233343, 0.0)], [0.997348, -0.0716499, 0.0127452, 0.0)], [-0.0110368, 0.0241892, 0.999646, 0.0)], [0.0, 0.0, 0.0, 1.0)]])
0.0, 0.0, 0.0
float3(-0.0241915, -0.0110402, -1.64253)
513399.003960541
limited(__ObjC.ARCamera.TrackingState.Reason.initializing)
simd_float4x4([[-0.073542, -0.99706, 0.0215075, 0.0)], [0.997229, -0.0732768, 0.0128699, 0.0)], [-0.011256, 0.0223944, 0.999686, 0.0)], [0.0, 0.0, 0.0, 1.0)]])
0.0, 0.0, 0.0
float3(-0.0223962, -0.0112591, -1.64416)
513399.137278666
limited(__ObjC.ARCamera.TrackingState.Reason.initializing)
simd_float4x4([[-0.0732854, -0.997084, 0.0212604, 0.0)], [0.997245, -0.0730181, 0.0130875, 0.0)], [-0.011497, 0.022161, 0.999688, 0.0)], [0.0, 0.0, 0.0, 1.0)]])
0.0, 0.0, 0.0
float3(-0.0221628, -0.0115001, -1.6439)
513399.270597208
limited(__ObjC.ARCamera.TrackingState.Reason.initializing)
simd_float4x4([[-0.0740357, -0.997021, 0.0215805, 0.0)], [0.99718, -0.0737462, 0.0139164, 0.0)], [-0.0122836, 0.0225499, 0.99967, 0.0)], [0.0, 0.0, 0.0, 1.0)]])
0.0, 0.0, 0.0
float3(-0.0225518, -0.012287, -1.64463)
513399.40391575
limited(__ObjC.ARCamera.TrackingState.Reason.initializing)
simd_float4x4([[-0.0736234, -0.997003, 0.023763, 0.0)], [0.997211, -0.0733046, 0.0140224, 0.0)], [-0.0122384, 0.0247291, 0.999619, 0.0)], [0.0, 0.0, 0.0, 1.0)]])
0.0, 0.0, 0.0
float3(-0.0247316, -0.0122425, -1.64419)
513399.537234041
limited(__ObjC.ARCamera.TrackingState.Reason.initializing)
simd_float4x4([[-0.0738802, -0.996996, 0.0232526, 0.0)], [0.997194, -0.0735716, 0.013863, 0.0)], [-0.0121106, 0.0242115, 0.999634, 0.0)], [0.0, 0.0, 0.0, 1.0)]])
0.0, 0.0, 0.0
float3(-0.0242139, -0.0121145, -1.64446)
513399.6705525
limited(__ObjC.ARCamera.TrackingState.Reason.initializing)
simd_float4x4([[-0.075005, -0.996921, 0.0228849, 0.0)], [0.997116, -0.0747133, 0.0133462, 0.0)], [-0.0115953, 0.0238199, 0.999649, 0.0)], [0.0, 0.0, 0.0, 1.0)]])
0.0, 0.0, 0.0
float3(-0.0238222, -0.0115988, -1.6456)
513399.803871
limited(__ObjC.ARCamera.TrackingState.Reason.initializing)
simd_float4x4([[-0.0751067, -0.996952, 0.0210798, 0.0)], [0.997126, -0.0748765, 0.0115052, 0.0)], [-0.00989173, 0.0218834, 0.999711, 0.0)], [0.0, 0.0, 0.0, 1.0)]])
0.0, 0.0, 0.0
float3(-0.0218851, -0.00989426, -1.64576)
513399.937189416
limited(__ObjC.ARCamera.TrackingState.Reason.initializing)
simd_float4x4([[-0.0739869, -0.997061, 0.0198664, 0.0)], [0.997212, -0.0737742, 0.0112373, 0.0)], [-0.00973868, 0.0206424, 0.999739, 0.0)], [0.0, 0.0, 0.0, 1.0)]])
0.0, 0.0, 0.0
float3(-0.0206439, -0.00974092, -1.64465)
513400.070507791
limited(__ObjC.ARCamera.TrackingState.Reason.initializing)
simd_float4x4([[-0.0710773, -0.997322, 0.0172381, 0.0)], [0.997412, -0.0708756, 0.0120447, 0.0)], [-0.0107906, 0.0180496, 0.999779, 0.0)], [0.0, 0.0, 0.0, 1.0)]])
0.0, 0.0, 0.0
float3(-0.0180506, -0.0107926, -1.64174)
513400.203826333
limited(__ObjC.ARCamera.TrackingState.Reason.initializing)
simd_float4x4([[-0.0716541, -0.997299, 0.016127, 0.0)], [0.997361, -0.0714502, 0.0128866, 0.0)], [-0.0116995, 0.0170078, 0.999787, 0.0)], [0.0, 0.0, 0.0, 1.0)]])
0.0, 0.0, 0.0
float3(-0.0170086, -0.0117015, -1.64232)
513400.33714475
limited(__ObjC.ARCamera.TrackingState.Reason.initializing)
simd_float4x4([[-0.0715111, -0.997313, 0.0159208, 0.0)], [0.99737, -0.0713087, 0.0129397, 0.0)], [-0.0117697, 0.0168043, 0.999789, 0.0)], [0.0, 0.0, 0.0, 1.0)]])
0.0, 0.0, 0.0
float3(-0.0168051, -0.0117716, -1.64218)
513400.470463208
limited(__ObjC.ARCamera.TrackingState.Reason.initializing)
simd_float4x4([[-0.0735159, -0.997193, 0.0141842, 0.0)], [0.997227, -0.0733389, 0.012617, 0.0)], [-0.0115413, 0.0150724, 0.99982, 0.0)], [0.0, 0.0, 0.0, 1.0)]])
0.0, 0.0, 0.0
float3(-0.015073, -0.0115429, -1.64421)
513400.603781541
limited(__ObjC.ARCamera.TrackingState.Reason.initializing)
simd_float4x4([[-0.0736364, -0.997235, 0.0100314, 0.0)], [0.997219, -0.0735116, 0.0122874, 0.0)], [-0.011516, 0.0109083, 0.999874, 0.0)], [0.0, 0.0, 0.0, 1.0)]])
0.0, 0.0, 0.0
float3(-0.0109085, -0.0115169, -1.64438)
513400.737100083
limited(__ObjC.ARCamera.TrackingState.Reason.initializing)
simd_float4x4([[-0.0724001, -0.99735, 0.00711667, 0.0)], [0.997316, -0.0723158, 0.0114549, 0.0)], [-0.0109099, 0.0079269, 0.999909, 0.0)], [0.0, 0.0, 0.0, 1.0)]])
0.0, 0.0, 0.0
float3(-0.00792699, -0.0109105, -1.64318)
513400.870418416
limited(__ObjC.ARCamera.TrackingState.Reason.initializing)
simd_float4x4([[-0.072264, -0.997358, 0.00731011, 0.0)], [0.997342, -0.0721907, 0.00983299, 0.0)], [-0.00927932, 0.00800126, 0.999924, 0.0)], [0.0, 0.0, 0.0, 1.0)]])
0.0, 0.0, 0.0
float3(-0.00800134, -0.00927976, -1.64305)
513401.003736875
limited(__ObjC.ARCamera.TrackingState.Reason.initializing)
simd_float4x4([[-0.0717847, -0.997409, 0.00464889, 0.0)], [0.997391, -0.0717465, 0.00791987, 0.0)], [-0.00756581, 0.00520528, 0.999958, 0.0)], [0.0, 0.0, 0.0, 1.0)]])
0.0, 0.0, 0.0
float3(-0.00520531, -0.00756599, -1.64261)
513401.137055458
normal
simd_float4x4([[-0.0630245, -0.998008, -0.00288473, 0.0)], [0.997999, -0.0630382, 0.00494642, 0.0)], [-0.00511841, -0.00256721, 0.999983, 0.0)], [0.000190876, -0.000168584, 0.000359731, 1.0)]])
0.000190876, -0.000168584, 0.000359731
float3(0.00256722, -0.00511845, -1.63388)
513401.270373875
normal
simd_float4x4([[-0.0638413, -0.99795, -0.00436932, 0.0)], [0.99796, -0.0638423, 9.28125e-05, 0.0)], [-0.00037157, -0.00435448, 0.99999, 0.0)], [0.000605981, -0.000551257, 0.00179382, 1.0)]])
0.000605981, -0.000551257, 0.00179382
float3(0.0043545, -0.000371574, -1.63468)
513401.403692291
normal
simd_float4x4([[-0.0628632, -0.998008, -0.00536833, 0.0)], [0.998018, -0.0628463, -0.00325214, 0.0)], [0.00290827, -0.00556212, 0.99998, 0.0)], [0.000767682, -0.00152248, 0.00471432, 1.0)]])
0.000767682, -0.00152248, 0.00471432
float3(0.00556215, 0.00290832, -1.63369)
513401.537010791
normal
simd_float4x4([[-0.0619952, -0.998067, -0.00431303, 0.0)], [0.99807, -0.0619787, -0.00386488, 0.0)], [0.00359009, -0.00454431, 0.999983, 0.0)], [0.0015523, -0.00174165, 0.00547585, 1.0)]])
0.0015523, -0.00174165, 0.00547585
float3(0.00454433, 0.00359014, -1.63282)
513401.670329291
normal
simd_float4x4([[-0.061388, -0.998105, -0.00428634, 0.0)], [0.99811, -0.0613757, -0.00296498, 0.0)], [0.00269628, -0.00446025, 0.999986, 0.0)], [0.00254523, -0.00175262, 0.00627897, 1.0)]])
0.00254523, -0.00175262, 0.00627897
float3(0.00446027, 0.00269631, -1.63221)
513401.8036475
normal
simd_float4x4([[-0.0631835, -0.997991, -0.00461543, 0.0)], [0.998002, -0.0631824, -0.000377051, 0.0)], [8.4676e-05, -0.00463003, 0.999989, 0.0)], [0.00312979, -0.00147307, 0.00677135, 1.0)]])
0.00312979, -0.00147307, 0.00677135
float3(0.00463004, 8.46769e-05, -1.63402)
513401.936966125
normal
simd_float4x4([[-0.0637522, -0.997956, -0.00450125, 0.0)], [0.997961, -0.0637647, 0.0026917, 0.0)], [-0.00297322, -0.00432047, 0.999986, 0.0)], [0.00442784, -0.00169271, 0.00766236, 1.0)]])
0.00442784, -0.00169271, 0.00766236
float3(0.00432049, -0.00297326, -1.6346)
513402.070284416
normal
simd_float4x4([[-0.0655901, -0.997838, -0.0040544, 0.0)], [0.997827, -0.0656139, 0.00606355, 0.0)], [-0.00631646, -0.00364788, 0.999973, 0.0)], [0.00514142, -0.00191104, 0.00976252, 1.0)]])
0.00514142, -0.00191104, 0.00976252
float3(0.00364788, -0.00631655, -1.63646)
513402.203602958
normal
simd_float4x4([[-0.0655087, -0.997845, -0.00359175, 0.0)], [0.997816, -0.0655366, 0.0082928, 0.0)], [-0.00851032, -0.00304065, 0.999959, 0.0)], [0.00495572, -0.00237551, 0.0112388, 1.0)]])
0.00495572, -0.00237551, 0.0112388
float3(0.00304065, -0.00851046, -1.63638)
513402.3369215
normal
simd_float4x4([[-0.0674167, -0.99771, -0.00537426, 0.0)], [0.99766, -0.0674725, 0.0110006, 0.0)], [-0.011338, -0.00462006, 0.999925, 0.0)], [0.00578017, -0.00364804, 0.0146766, 1.0)]])
0.00578017, -0.00364804, 0.0146766
float3(0.00462008, -0.0113384, -1.63832)
513402.470239875
normal
simd_float4x4([[-0.0660669, -0.997783, -0.00806828, 0.0)], [0.997667, -0.0661943, 0.0167003, 0.0)], [-0.0171974, -0.00694612, 0.999828, 0.0)], [0.00516828, -0.00448562, 0.0186054, 1.0)]])
0.00516828, -0.00448562, 0.0186054
float3(0.00694618, -0.0171986, -1.63704)
513402.603558416
normal
simd_float4x4([[-0.0629526, -0.997978, -0.00871833, 0.0)], [0.997681, -0.0631555, 0.0253791, 0.0)], [-0.0258784, -0.00710043, 0.99964, 0.0)], [0.0053599, -0.00570592, 0.0228959, 1.0)]])
0.0053599, -0.00570592, 0.0228959
float3(0.00710049, -0.0258819, -1.634)
513402.736876708
normal
simd_float4x4([[-0.0624816, -0.997961, -0.0130437, 0.0)], [0.997441, -0.0628935, 0.0340106, 0.0)], [-0.0347616, -0.0108853, 0.999336, 0.0)], [0.00618657, -0.0065363, 0.0273735, 1.0)]])
0.00618657, -0.0065363, 0.0273735
float3(0.0108855, -0.0347707, -1.63374)
513402.870195291
normal
simd_float4x4([[-0.0654114, -0.997708, -0.017305, 0.0)], [0.996982, -0.0660708, 0.0407609, 0.0)], [-0.0418109, -0.0145865, 0.999019, 0.0)], [0.00703976, -0.00748411, 0.0307088, 1.0)]])
0.00703976, -0.00748411, 0.0307088
float3(0.0145871, -0.0418275, -1.63692)
513403.003513708
normal
simd_float4x4([[-0.0686662, -0.997498, -0.0167894, 0.0)], [0.996509, -0.0693797, 0.0464375, 0.0)], [-0.0474862, -0.0135421, 0.99878, 0.0)], [0.00844643, -0.00940808, 0.0343687, 1.0)]])
0.00844643, -0.00940808, 0.0343687
float3(0.0135425, -0.0475084, -1.64024)
513403.136832166
normal
simd_float4x4([[-0.0693296, -0.997456, -0.0165418, 0.0)], [0.996257, -0.0700853, 0.0505954, 0.0)], [-0.0516261, -0.0129721, 0.998582, 0.0)], [0.00904349, -0.0116696, 0.0362451, 1.0)]])
0.00904349, -0.0116696, 0.0362451
float3(0.0129725, -0.0516534, -1.64095)
513403.270150666
normal
simd_float4x4([[-0.0683728, -0.99751, -0.017267, 0.0)], [0.996062, -0.0692323, 0.0553904, 0.0)], [-0.0564479, -0.0134118, 0.998315, 0.0)], [0.00914082, -0.0148512, 0.0394738, 1.0)]])
0.00914082, -0.0148512, 0.0394738
float3(0.0134122, -0.056483, -1.64009)
513403.403469125
normal
simd_float4x4([[-0.0635181, -0.997862, -0.0153724, 0.0)], [0.996069, -0.0643419, 0.0608835, 0.0)], [-0.0617425, -0.0114448, 0.998026, 0.0)], [0.00937699, -0.0146939, 0.0391734, 1.0)]])
0.00937699, -0.0146939, 0.0391734
float3(0.011445, -0.0617858, -1.63519)
513403.536787416
normal
simd_float4x4([[-0.0567003, -0.998222, -0.0183769, 0.0)], [0.996225, -0.0577796, 0.0647891, 0.0)], [-0.0657357, -0.014634, 0.99773, 0.0)], [0.00771586, -0.0145981, 0.039935, 1.0)]])
0.00771586, -0.0145981, 0.039935
float3(0.0146345, -0.0657902, -1.62861)
513403.670105916
normal
simd_float4x4([[-0.0521878, -0.998424, -0.020642, 0.0)], [0.996208, -0.0534906, 0.0686147, 0.0)], [-0.0696107, -0.0169829, 0.99743, 0.0)], [0.00731178, -0.0135142, 0.0401622, 1.0)]])
0.00731178, -0.0135142, 0.0401622
float3(0.0169837, -0.0696771, -1.62432)
513403.803424416
normal
simd_float4x4([[-0.0518214, -0.998348, -0.0248146, 0.0)], [0.995978, -0.0534851, 0.0718835, 0.0)], [-0.073092, -0.0209897, 0.997104, 0.0)], [0.00852827, -0.0119612, 0.0367008, 1.0)]])
0.00852827, -0.0119612, 0.0367008
float3(0.0209912, -0.0731734, -1.62432)
513403.936742875
normal
simd_float4x4([[-0.0544526, -0.998135, -0.0275773, 0.0)], [0.995682, -0.0563566, 0.0737584, 0.0)], [-0.075175, -0.0234419, 0.996895, 0.0)], [0.00851039, -0.011742, 0.0365402, 1.0)]])
0.00851039, -0.011742, 0.0365402
float3(0.023444, -0.0752667, -1.6272)
513404.070061375
normal
simd_float4x4([[-0.0541907, -0.99812, -0.0286478, 0.0)], [0.995604, -0.0562047, 0.074926, 0.0)], [-0.0763953, -0.0244616, 0.996777, 0.0)], [0.00685643, -0.0123707, 0.0373236, 1.0)]])
0.00685643, -0.0123707, 0.0373236
float3(0.024464, -0.0764927, -1.62705)
513404.203379916
normal
simd_float4x4([[-0.052591, -0.998257, -0.026762, 0.0)], [0.99589, -0.0544074, 0.0724077, 0.0)], [-0.0737376, -0.022844, 0.997016, 0.0)], [0.00490739, -0.0136579, 0.039056, 1.0)]])
0.00490739, -0.0136579, 0.039056
float3(0.022846, -0.0738239, -1.62524)
513404.3366985
normal
simd_float4x4([[-0.047981, -0.998518, -0.0256731, 0.0)], [0.996464, -0.0496255, 0.0677995, 0.0)], [-0.0689731, -0.0223292, 0.997369, 0.0)], [0.00133152, -0.014995, 0.0402387, 1.0)]])
0.00133152, -0.014995, 0.0402387
float3(0.0223311, -0.0690452, -1.62045)
513404.47001675
normal
simd_float4x4([[-0.0452204, -0.998707, -0.023232, 0.0)], [0.996838, -0.0466324, 0.0643357, 0.0)], [-0.0653358, -0.0202493, 0.997658, 0.0)], [-0.000364101, -0.0164032, 0.0415861, 1.0)]])
-0.000364101, -0.0164032, 0.0415861
float3(0.0202506, -0.0653958, -1.61746)
513404.60333525
normal
simd_float4x4([[-0.0451591, -0.998755, -0.02121, 0.0)], [0.996971, -0.046404, 0.0624165, 0.0)], [-0.063323, -0.0183271, 0.997825, 0.0)], [-0.000631577, -0.0163, 0.0408476, 1.0)]])
-0.000631577, -0.0163, 0.0408476
float3(0.0183281, -0.063376, -1.61722)
513404.736653708
normal
simd_float4x4([[-0.0455908, -0.998788, -0.0185407, 0.0)], [0.996754, -0.046715, 0.0655669, 0.0)], [-0.0663536, -0.0154913, 0.997676, 0.0)], [-0.000398913, -0.0175783, 0.0395161, 1.0)]])
-0.000398913, -0.0175783, 0.0395161
float3(0.0154919, -0.0664104, -1.61753)
513404.86997225
normal
simd_float4x4([[-0.0493566, -0.998695, -0.0131302, 0.0)], [0.996348, -0.0501491, 0.0691007, 0.0)], [-0.069669, -0.00967166, 0.997523, 0.0)], [0.00127211, -0.0204588, 0.0401584, 1.0)]])
0.00127211, -0.0204588, 0.0401584
float3(0.00967181, -0.0697287, -1.62097)
513405.003290708
normal
simd_float4x4([[-0.0482356, -0.998832, -0.00278276, 0.0)], [0.996503, -0.048313, 0.0681718, 0.0)], [-0.0682267, 0.000515279, 0.99767, 0.0)], [-0.000367398, -0.0233428, 0.0347525, 1.0)]])
-0.000367398, -0.0233428, 0.0347525
float3(-0.000515279, -0.0682797, -1.61913)
513405.136609166
normal
simd_float4x4([[-0.0499772, -0.99875, 0.000355716, 0.0)], [0.996382, -0.0498342, 0.0688394, 0.0)], [-0.0687357, 0.00379483, 0.997628, 0.0)], [2.30403e-05, -0.0247601, 0.0320221, 1.0)]])
2.30403e-05, -0.0247601, 0.0320221
float3(-0.00379484, -0.0687904, -1.62065)
513405.269927541
normal
simd_float4x4([[-0.0520135, -0.998642, 0.00286058, 0.0)], [0.996208, -0.0516863, 0.0699797, 0.0)], [-0.0697368, 0.00648963, 0.997544, 0.0)], [-0.000735193, -0.0249634, 0.0330268, 1.0)]])
-0.000735193, -0.0249634, 0.0330268
float3(-0.00648967, -0.069795, -1.62251)
513405.403246083
normal
simd_float4x4([[-0.0487756, -0.99876, 0.0099196, 0.0)], [0.996554, -0.047996, 0.0676462, 0.0)], [-0.0670862, 0.0131849, 0.99766, 0.0)], [-0.00258095, -0.0276658, 0.0305519, 1.0)]])
-0.00258095, -0.0276658, 0.0305519
float3(-0.0131853, -0.0671425, -1.61881)
513405.536564541
normal
simd_float4x4([[-0.0527886, -0.99859, 0.00559405, 0.0)], [0.996092, -0.0522577, 0.0712012, 0.0)], [-0.0708085, 0.0093308, 0.997446, 0.0)], [0.000569835, -0.0273031, 0.0300906, 1.0)]])
0.000569835, -0.0273031, 0.0300906
float3(-0.00933093, -0.0708709, -1.62308)
513405.669883041
normal
simd_float4x4([[-0.0516452, -0.998663, -0.00214376, 0.0)], [0.995553, -0.0516534, 0.0787798, 0.0)], [-0.0787852, 0.00193437, 0.99689, 0.0)], [0.00259705, -0.0254269, 0.03024, 1.0)]])
0.00259705, -0.0254269, 0.03024
float3(-0.00193437, -0.0788671, -1.62247)
513405.803201541
normal
simd_float4x4([[-0.0549632, -0.998464, 0.00696257, 0.0)], [0.995247, -0.0542221, 0.0808863, 0.0)], [-0.0803845, 0.0113752, 0.996699, 0.0)], [0.00242623, -0.0287788, 0.0275324, 1.0)]])
0.00242623, -0.0287788, 0.0275324
float3(-0.0113755, -0.0804765, -1.62505)
513405.936520041
normal
simd_float4x4([[-0.0482312, -0.998744, 0.0135605, 0.0)], [0.996008, -0.0470692, 0.0758498, 0.0)], [-0.0751163, 0.0171647, 0.997027, 0.0)], [-0.000893086, -0.0297455, 0.0236274, 1.0)]])
-0.000893086, -0.0297455, 0.0236274
float3(-0.0171656, -0.0751982, -1.61789)
513406.0698385
normal
simd_float4x4([[-0.0476049, -0.998749, 0.0152659, 0.0)], [0.995759, -0.0462468, 0.0795292, 0.0)], [-0.0787237, 0.0189871, 0.996716, 0.0)], [-0.000406128, -0.0309617, 0.0213313, 1.0)]])
-0.000406128, -0.0309617, 0.0213313
float3(-0.0189883, -0.0788195, -1.61707)
513406.203156791
normal
simd_float4x4([[-0.0476525, -0.998784, 0.0126213, 0.0)], [0.995593, -0.0464708, 0.081458, 0.0)], [-0.0807725, 0.0164474, 0.996597, 0.0)], [0.00036313, -0.0311059, 0.0207618, 1.0)]])
0.00036313, -0.0311059, 0.0207618
float3(-0.0164481, -0.0808715, -1.61729)
513406.336475416
normal
simd_float4x4([[-0.0486045, -0.998794, 0.00699123, 0.0)], [0.994933, -0.0477975, 0.0884532, 0.0)], [-0.0880123, 0.011255, 0.996056, 0.0)], [0.00291883, -0.0311302, 0.0184762, 1.0)]])
0.00291883, -0.0311302, 0.0184762
float3(-0.0112553, -0.0881319, -1.61862)
513406.469793833
normal
simd_float4x4([[-0.0496963, -0.99874, 0.00695918, 0.0)], [0.994076, -0.0487874, 0.0971261, 0.0)], [-0.0966642, 0.0117448, 0.995248, 0.0)], [0.00638367, -0.0310395, 0.0166762, 1.0)]])
0.00638367, -0.0310395, 0.0166762
float3(-0.011745, -0.0968221, -1.61961)
513406.603112416
normal
simd_float4x4([[-0.0471697, -0.998868, 0.00607862, 0.0)], [0.993526, -0.0462861, 0.103751, 0.0)], [-0.103352, 0.0109332, 0.994585, 0.0)], [0.00834817, -0.0310033, 0.0163254, 1.0)]])
0.00834817, -0.0310033, 0.0163254
float3(-0.0109334, -0.103543, -1.6171)
513406.736430916
normal
simd_float4x4([[-0.0426672, -0.999073, 0.0057226, 0.0)], [0.993478, -0.0418206, 0.106082, 0.0)], [-0.105744, 0.0102115, 0.994341, 0.0)], [0.00621214, -0.0315935, 0.0195518, 1.0)]])
0.00621214, -0.0315935, 0.0195518
float3(-0.0102117, -0.105948, -1.61263)
513406.869749333
normal
simd_float4x4([[-0.0417663, -0.99912, 0.00389853, 0.0)], [0.99346, -0.0411141, 0.106522, 0.0)], [-0.106268, 0.00832207, 0.994303, 0.0)], [0.00522705, -0.0308775, 0.0197349, 1.0)]])
0.00522705, -0.0308775, 0.0197349
float3(-0.00832217, -0.106473, -1.61192)
513407.003067958
normal
simd_float4x4([[-0.0426245, -0.99908, 0.00470198, 0.0)], [0.993206, -0.0418629, 0.108578, 0.0)], [-0.108281, 0.00929813, 0.994077, 0.0)], [0.00540142, -0.0308467, 0.0183234, 1.0)]])
0.00540142, -0.0308467, 0.0183234
float3(-0.00929826, -0.108499, -1.61267)
513407.13638625
normal
simd_float4x4([[-0.0423578, -0.999097, 0.0033047, 0.0)], [0.992992, -0.0417332, 0.110572, 0.0)], [-0.110334, 0.00796511, 0.993863, 0.0)], [0.0049605, -0.0306926, 0.0201337, 1.0)]])
0.0049605, -0.0306926, 0.0201337
float3(-0.0079652, -0.110563, -1.61254)
513407.269704708
normal
simd_float4x4([[-0.0413363, -0.999133, 0.00487226, 0.0)], [0.992376, -0.0404891, 0.116407, 0.0)], [-0.116109, 0.00964694, 0.99319, 0.0)], [0.00525648, -0.0313241, 0.0216651, 1.0)]])
0.00525648, -0.0313241, 0.0216651
float3(-0.00964709, -0.116376, -1.6113)
513407.403023208
normal
simd_float4x4([[-0.0410046, -0.999121, 0.00868316, 0.0)], [0.991641, -0.0396305, 0.122789, 0.0)], [-0.122337, 0.0136455, 0.992395, 0.0)], [0.0060897, -0.032776, 0.021773, 1.0)]])
0.0060897, -0.032776, 0.021773
float3(-0.0136459, -0.122656, -1.61044)
513407.536341666
normal
simd_float4x4([[-0.0415166, -0.999084, 0.010336, 0.0)], [0.990691, -0.0398211, 0.130174, 0.0)], [-0.129643, 0.0156442, 0.991437, 0.0)], [0.00667518, -0.0334695, 0.0235283, 1.0)]])
0.00667518, -0.0334695, 0.0235283
float3(-0.0156448, -0.130025, -1.61063)
513407.669660208
normal
simd_float4x4([[-0.0401836, -0.999119, 0.0120974, 0.0)], [0.990051, -0.0381791, 0.135432, 0.0)], [-0.134851, 0.0174192, 0.990713, 0.0)], [0.00671872, -0.0331613, 0.0241255, 1.0)]])
0.00671872, -0.0331613, 0.0241255
float3(-0.0174201, -0.135284, -1.60899)
513407.802978833
normal
simd_float4x4([[-0.0387304, -0.999103, 0.0171149, 0.0)], [0.989464, -0.0359544, 0.140242, 0.0)], [-0.1395, 0.0223662, 0.989969, 0.0)], [0.00645911, -0.0341289, 0.024531, 1.0)]])
0.00645911, -0.0341289, 0.024531
float3(-0.0223681, -0.139992, -1.60677)
513407.936297041
normal
simd_float4x4([[-0.0423817, -0.998887, 0.0206758, 0.0)], [0.988741, -0.0389607, 0.144477, 0.0)], [-0.14351, 0.0265662, 0.989292, 0.0)], [0.00742899, -0.0344592, 0.0221325, 1.0)]])
0.00742899, -0.0344592, 0.0221325
float3(-0.0265693, -0.144059, -1.60978)
513408.069615666
normal
simd_float4x4([[-0.0457565, -0.99849, 0.0303856, 0.0)], [0.988135, -0.0407759, 0.148073, 0.0)], [-0.14661, 0.0368003, 0.988509, 0.0)], [0.00730001, -0.0371982, 0.0179258, 1.0)]])
0.00730001, -0.0371982, 0.0179258
float3(-0.0368087, -0.147241, -1.61161)
513408.202934125
normal
simd_float4x4([[-0.0464808, -0.997903, 0.045042, 0.0)], [0.987186, -0.0389973, 0.154735, 0.0)], [-0.152654, 0.0516571, 0.986929, 0.0)], [0.00893773, -0.0418978, 0.0124221, 1.0)]])
0.00893773, -0.0418978, 0.0124221
float3(-0.0516801, -0.15346, -1.60986)
513408.3362525
normal
simd_float4x4([[-0.0491816, -0.997429, 0.0521262, 0.0)], [0.98532, -0.0399099, 0.165988, 0.0)], [-0.163481, 0.0595246, 0.984749, 0.0)], [0.0112523, -0.0447239, 0.00766312, 1.0)]])
0.0112523, -0.0447239, 0.00766312
float3(-0.0595598, -0.164513, -1.61079)
513408.469571083
normal
simd_float4x4([[-0.0475488, -0.997231, 0.0571782, 0.0)], [0.983556, -0.0367583, 0.176822, 0.0)], [-0.17423, 0.0646456, 0.98258, 0.0)], [0.0119938, -0.0457908, 0.00403092, 1.0)]])
0.0119938, -0.0457908, 0.00403092
float3(-0.0646907, -0.175495, -1.60764)
513408.602889666
normal
simd_float4x4([[-0.0507238, -0.997216, 0.0546611, 0.0)], [0.98192, -0.0398016, 0.185066, 0.0)], [-0.182375, 0.0630601, 0.981205, 0.0)], [0.0139752, -0.0462802, -0.00189354, 1.0)]])
0.0139752, -0.0462802, -0.00189354
float3(-0.0631019, -0.183772, -1.61069)
513408.736208166
normal
simd_float4x4([[-0.0533561, -0.997177, 0.0528394, 0.0)], [0.981646, -0.0426756, 0.185877, 0.0)], [-0.183097, 0.0617872, 0.981151, 0.0)], [0.0134055, -0.0460303, -0.00726801, 1.0)]])
0.0134055, -0.0460303, -0.00726801
float3(-0.0618266, -0.184492, -1.61357)
513408.869526458
normal
simd_float4x4([[-0.0521319, -0.997482, 0.0480825, 0.0)], [0.982841, -0.042717, 0.179439, 0.0)], [-0.176934, 0.056612, 0.982593, 0.0)], [0.0117525, -0.0460544, -0.00571573, 1.0)]])
0.0117525, -0.0460544, -0.00571573
float3(-0.0566422, -0.178159, -1.6136)
513409.002844958
normal
simd_float4x4([[-0.0512569, -0.997538, 0.0478614, 0.0)], [0.983188, -0.0419936, 0.1777, 0.0)], [-0.175252, 0.0561651, 0.98292, 0.0)], [0.0132259, -0.047158, -0.00358037, 1.0)]])
0.0132259, -0.047158, -0.00358037
float3(-0.0561946, -0.176444, -1.61287)
513409.136163541
normal
simd_float4x4([[-0.0510104, -0.997527, 0.0483537, 0.0)], [0.982262, -0.0413643, 0.182893, 0.0)], [-0.180441, 0.0568255, 0.981943, 0.0)], [0.0142683, -0.0480583, -0.00186892, 1.0)]])
0.0142683, -0.0480583, -0.00186892
float3(-0.0568562, -0.181732, -1.61224)
513409.269481958
normal
simd_float4x4([[-0.0548256, -0.997356, 0.0476883, 0.0)], [0.980489, -0.044746, 0.191413, 0.0)], [-0.188773, 0.0572522, 0.98035, 0.0)], [0.0171271, -0.0475077, -0.00122048, 1.0)]])
0.0171271, -0.0475077, -0.00122048
float3(-0.0572835, -0.190228, -1.61563)
513409.402800541
normal
simd_float4x4([[-0.0581979, -0.997017, 0.0506902, 0.0)], [0.97924, -0.047137, 0.197146, 0.0)], [-0.194168, 0.0611113, 0.979063, 0.0)], [0.0177155, -0.0486557, -0.00117184, 1.0)]])
0.0177155, -0.0486557, -0.00117184
float3(-0.0611494, -0.19578, -1.61804)
513409.536119083
normal
simd_float4x4([[-0.05751, -0.996761, 0.0562078, 0.0)], [0.978966, -0.0452649, 0.19894, 0.0)], [-0.195752, 0.0664666, 0.978398, 0.0)], [0.0173667, -0.04945, 0.000540233, 1.0)]])
0.0173667, -0.04945, 0.000540233
float3(-0.0665156, -0.197467, -1.61618)
513409.669437375
normal
simd_float4x4([[-0.0582204, -0.996834, 0.0541575, 0.0)], [0.978182, -0.0461259, 0.202564, 0.0)], [-0.199425, 0.0647693, 0.97777, 0.0)], [0.0186717, -0.0477802, 0.00334409, 1.0)]])
0.0186717, -0.0477802, 0.00334409
float3(-0.0648146, -0.201199, -1.61704)
513409.802756
normal
simd_float4x4([[-0.0557724, -0.997154, 0.0507191, 0.0)], [0.977867, -0.0442928, 0.204484, 0.0)], [-0.201656, 0.0610011, 0.977555, 0.0)], [0.0202332, -0.0466747, 0.00286946, 1.0)]])
0.0202332, -0.0466747, 0.00286946
float3(-0.061039, -0.203432, -1.61519)
513409.936074375
normal
simd_float4x4([[-0.0552423, -0.997397, 0.0463432, 0.0)], [0.977627, -0.044596, 0.205563, 0.0)], [-0.202961, 0.0566621, 0.977546, 0.0)], [0.0210967, -0.0455199, 0.0053097, 1.0)]])
0.0210967, -0.0455199, 0.0053097
float3(-0.0566925, -0.204715, -1.61548)
513410.069392916
normal
simd_float4x4([[-0.0530372, -0.997225, 0.0522406, 0.0)], [0.978521, -0.041464, 0.201932, 0.0)], [-0.199206, 0.0618284, 0.978005, 0.0)], [0.0196348, -0.0479753, 0.00550967, 1.0)]])
0.0196348, -0.0479753, 0.00550967
float3(-0.0618679, -0.200937, -1.61235)
513410.2027115
normal
simd_float4x4([[-0.0507591, -0.996671, 0.0637992, 0.0)], [0.979381, -0.0371675, 0.198572, 0.0)], [-0.19554, 0.072563, 0.978008, 0.0)], [0.0202088, -0.0520425, 0.00567124, 1.0)]])
0.0202088, -0.0520425, 0.00567124
float3(-0.0726269, -0.197335, -1.60807)
513410.336029958
normal
simd_float4x4([[-0.0441456, -0.998411, 0.0350153, 0.0)], [0.971413, -0.0347156, 0.234845, 0.0)], [-0.233256, 0.0443816, 0.971402, 0.0)], [0.0309725, -0.0494498, -0.00580975, 1.0)]])
0.0309725, -0.0494498, -0.00580975
float3(-0.0443962, -0.235661, -1.60555)
513410.469348625
normal
simd_float4x4([[-0.0370275, -0.999114, -0.0199899, 0.0)], [0.959386, -0.0411389, 0.279082, 0.0)], [-0.279658, -0.00884426, 0.960059, 0.0)], [0.0676306, -0.0100586, -0.0773365, 1.0)]])
0.0676306, -0.0100586, -0.0773365
float3(0.00884437, -0.283449, -1.61195)
513410.602666833
normal
simd_float4x4([[-0.0610576, -0.998133, 0.0015415, 0.0)], [0.955, -0.0579698, 0.290887, 0.0)], [-0.290255, 0.019233, 0.956756, 0.0)], [0.106115, 0.0313044, -0.147494, 1.0)]])
0.106115, 0.0313044, -0.147494
float3(-0.0192342, -0.294549, -1.62881)
513410.735985333
normal
simd_float4x4([[-0.101428, -0.994764, -0.0125516, 0.0)], [0.945967, -0.100343, 0.308345, 0.0)], [-0.30799, 0.0194013, 0.951192, 0.0)], [0.132283, 0.0549076, -0.167789, 1.0)]])
0.132283, 0.0549076, -0.167789
float3(-0.0194025, -0.31314, -1.67133)
513410.869303875
normal
simd_float4x4([[-0.0993707, -0.995039, -0.00477944, 0.0)], [0.941869, -0.095608, 0.322089, 0.0)], [-0.320948, 0.0275046, 0.946697, 0.0)], [0.138204, 0.0513572, -0.166994, 1.0)]])
0.138204, 0.0513572, -0.166994
float3(-0.027508, -0.326858, -1.66659)
513411.002622583
normal
simd_float4x4([[-0.0399654, -0.999092, -0.0147581, 0.0)], [0.950585, -0.0425678, 0.307531, 0.0)], [-0.30788, -0.00173825, 0.951424, 0.0)], [0.117644, 0.0227133, -0.109218, 1.0)]])
0.117644, 0.0227133, -0.109218
float3(0.00173825, -0.312964, -1.61338)
513411.135941
normal
simd_float4x4([[-0.0752282, -0.995114, 0.0639432, 0.0)], [0.962618, -0.0557392, 0.265066, 0.0)], [-0.260207, 0.0814933, 0.962108, 0.0)], [0.114013, -0.0308073, -0.0810632, 1.0)]])
0.114013, -0.0308073, -0.0810632
float3(-0.0815838, -0.264136, -1.62675)
513411.2692595
normal
simd_float4x4([[-0.0900718, -0.99324, 0.0732247, 0.0)], [0.963662, -0.0683521, 0.25823, 0.0)], [-0.251479, 0.0938231, 0.963304, 0.0)], [0.123667, -0.056977, -0.0846375, 1.0)]])
0.123667, -0.056977, -0.0846375
float3(-0.0939613, -0.25536, -1.63951)
513411.402578041
normal
simd_float4x4([[-0.0904742, -0.991862, 0.0895714, 0.0)], [0.959098, -0.0625544, 0.276074, 0.0)], [-0.268224, 0.110885, 0.956953, 0.0)], [0.150793, -0.0729634, -0.125464, 1.0)]])
0.150793, -0.0729634, -0.125464
float3(-0.111114, -0.273277, -1.63378)
513411.535896416
normal
simd_float4x4([[-0.0510089, -0.994784, 0.088334, 0.0)], [0.957833, -0.0236873, 0.286348, 0.0)], [-0.282762, 0.0992155, 0.954045, 0.0)], [0.185204, -0.0840687, -0.181031, 1.0)]])
0.185204, -0.0840687, -0.181031
float3(-0.099379, -0.288135, -1.5946)
513411.669214833
normal
simd_float4x4([[0.00609313, -0.995544, 0.0941037, 0.0)], [0.962861, 0.0312433, 0.268185, 0.0)], [-0.26993, 0.0889746, 0.95876, 0.0)], [0.198216, -0.103623, -0.269241, 1.0)]])
0.198216, -0.103623, -0.269241
float3(-0.0890924, -0.274437, -1.53942)
513411.802533416
normal
simd_float4x4([[-0.00355572, -0.993118, 0.117066, 0.0)], [0.971468, 0.0243314, 0.235921, 0.0)], [-0.237145, 0.114565, 0.964695, 0.0)], [0.244752, -0.114852, -0.333641, 1.0)]])
0.244752, -0.114852, -0.333641
float3(-0.114817, -0.241045, -1.5463)
513411.935851958
normal
simd_float4x4([[-0.00646883, -0.995951, 0.0896586, 0.0)], [0.975488, 0.0134368, 0.219641, 0.0)], [-0.219956, 0.0888817, 0.971452, 0.0)], [0.263083, -0.12231, -0.433705, 1.0)]])
0.263083, -0.12231, -0.433705
float3(-0.0889992, -0.222666, -1.55731)
513412.0691705
normal
simd_float4x4([[0.00350772, -0.99807, 0.0620011, 0.0)], [0.978202, 0.0162977, 0.207013, 0.0)], [-0.207624, 0.0599234, 0.976372, 0.0)], [0.284275, -0.129488, -0.535114, 1.0)]])
0.284275, -0.129488, -0.535114
float3(-0.0599594, -0.209527, -1.55447)
513412.202489
normal
simd_float4x4([[0.0314401, -0.998245, 0.0501917, 0.0)], [0.972439, 0.0421573, 0.229316, 0.0)], [-0.231029, 0.0415986, 0.972057, 0.0)], [0.312683, -0.118357, -0.654312, 1.0)]])
0.312683, -0.118357, -0.654312
float3(-0.0416106, -0.233341, -1.52859)
513412.335807375
normal
simd_float4x4([[0.0414017, -0.996642, 0.07065, 0.0)], [0.957557, 0.059767, 0.281978, 0.0)], [-0.285254, 0.0559771, 0.956816, 0.0)], [0.349341, -0.0981251, -0.759176, 1.0)]])
0.349341, -0.0981251, -0.759176
float3(-0.0560064, -0.289739, -1.5109)
513412.469125916
normal
simd_float4x4([[0.0289431, -0.996698, 0.0758676, 0.0)], [0.944369, 0.0521415, 0.324728, 0.0)], [-0.327612, 0.0622484, 0.94276, 0.0)], [0.387472, -0.0956384, -0.854425, 1.0)]])
0.387472, -0.0956384, -0.854425
float3(-0.0622887, -0.334449, -1.51853)
513412.602444333
normal
simd_float4x4([[0.032819, -0.998292, 0.0483326, 0.0)], [0.936018, 0.0476547, 0.348711, 0.0)], [-0.350419, 0.0337958, 0.935983, 0.0)], [0.427224, -0.121913, -0.954181, 1.0)]])
0.427224, -0.121913, -0.954181
float3(-0.0338022, -0.358232, -1.5231)
513412.735762875
normal
simd_float4x4([[0.0108913, -0.999858, 0.0128624, 0.0)], [0.927483, 0.0149086, 0.373568, 0.0)], [-0.373706, 0.00786096, 0.927514, 0.0)], [0.492113, -0.133451, -1.07062, 1.0)]])
0.492113, -0.133451, -1.07062
float3(-0.00786104, -0.383014, -1.55589)
513412.869081416
normal
simd_float4x4([[0.0405265, -0.998796, 0.0276295, 0.0)], [0.914985, 0.0482075, 0.400598, 0.0)], [-0.401448, 0.00904577, 0.915837, 0.0)], [0.546847, -0.117393, -1.19975, 1.0)]])
0.546847, -0.117393, -1.19975
float3(-0.00904589, -0.413115, -1.52257)
513413.0024
normal
simd_float4x4([[0.0279975, -0.997116, 0.0705446, 0.0)], [0.91797, 0.0535805, 0.393015, 0.0)], [-0.395661, 0.0537544, 0.916822, 0.0)], [0.586117, -0.108453, -1.30347, 1.0)]])
0.586117, -0.108453, -1.30347
float3(-0.0537803, -0.407412, -1.51711)
513413.135718458
normal
simd_float4x4([[0.0517083, -0.996389, 0.0673376, 0.0)], [0.929493, 0.0726748, 0.361609, 0.0)], [-0.365197, 0.0438916, 0.929895, 0.0)], [0.616925, -0.128051, -1.42087, 1.0)]])
0.616925, -0.128051, -1.42087
float3(-0.0439057, -0.374223, -1.49799)
513413.269036875
normal
simd_float4x4([[0.0262191, -0.998835, 0.0405057, 0.0)], [0.932793, 0.0390154, 0.358295, 0.0)], [-0.359458, 0.0283892, 0.932729, 0.0)], [0.663048, -0.154817, -1.55727, 1.0)]])
0.663048, -0.154817, -1.55727
float3(-0.028393, -0.367843, -1.53176)
513413.402355416
normal
simd_float4x4([[0.0374167, -0.998739, 0.0334568, 0.0)], [0.92148, 0.0474368, 0.385517, 0.0)], [-0.386618, 0.016405, 0.922094, 0.0)], [0.716487, -0.1428, -1.71663, 1.0)]])
0.716487, -0.1428, -1.71663
float3(-0.0164058, -0.397019, -1.52334)
513413.535673958
normal
simd_float4x4([[0.0170181, -0.998232, 0.0569417, 0.0)], [0.911871, 0.0388553, 0.408633, 0.0)], [-0.410123, 0.0449693, 0.910921, 0.0)], [0.770065, -0.126289, -1.85025, 1.0)]])
0.770065, -0.126289, -1.85025
float3(-0.0449845, -0.423044, -1.53189)
513413.668992375
normal
simd_float4x4([[-0.0228967, -0.999294, 0.0297713, 0.0)], [0.901938, -0.0078018, 0.431795, 0.0)], [-0.431258, 0.0367385, 0.90148, 0.0)], [0.829195, -0.138336, -1.9731, 1.0)]])
0.829195, -0.138336, -1.9731
float3(-0.0367468, -0.44621, -1.5786)
513413.802310958
normal
simd_float4x4([[-0.00585405, -0.999647, -0.0259039, 0.0)], [0.915795, -0.0157629, 0.401337, 0.0)], [-0.401604, -0.0213732, 0.915564, 0.0)], [0.878859, -0.158811, -2.10444, 1.0)]])
0.878859, -0.158811, -2.10444
float3(0.0213749, -0.413368, -1.58656)
513413.935629583
normal
simd_float4x4([[0.00496724, -0.999294, -0.0372353, 0.0)], [0.928777, -0.00918961, 0.370525, 0.0)], [-0.370605, -0.0364238, 0.928076, 0.0)], [0.942882, -0.155384, -2.25905, 1.0)]])
0.942882, -0.155384, -2.25905
float3(0.0364318, -0.379926, -1.57999)
513414.068947916
normal
simd_float4x4([[-0.0230704, -0.999716, -0.00588785, 0.0)], [0.926119, -0.0235894, 0.376494, 0.0)], [-0.376526, 0.00323302, 0.9264, 0.0)], [1.00232, -0.134826, -2.39438, 1.0)]])
1.00232, -0.134826, -2.39438
float3(-0.00323302, -0.386045, -1.59439)
513414.202266375
normal
simd_float4x4([[0.0514184, -0.998567, 0.0148428, 0.0)], [0.934349, 0.0533489, 0.352343, 0.0)], [-0.35263, -0.00424858, 0.935753, 0.0)], [1.02836, -0.132761, -2.52115, 1.0)]])
1.02836, -0.132761, -2.52115
float3(0.0042486, -0.360383, -1.51742)
513414.335585
normal
simd_float4x4([[0.0358759, -0.999225, -0.0161933, 0.0)], [0.930314, 0.0274747, 0.365735, 0.0)], [-0.365006, -0.0281859, 0.930578, 0.0)], [1.07611, -0.155879, -2.65503, 1.0)]])
1.07611, -0.155879, -2.65503
float3(0.0281896, -0.373795, -1.54331)
513414.468903416
normal
simd_float4x4([[0.041374, -0.998804, -0.0260502, 0.0)], [0.923868, 0.0283156, 0.381663, 0.0)], [-0.380469, -0.0398579, 0.923934, 0.0)], [1.11513, -0.161335, -2.80966, 1.0)]])
1.11513, -0.161335, -2.80966
float3(0.0398684, -0.39063, -1.54245)
513414.602222125
normal
simd_float4x4([[-0.0127488, -0.999509, 0.0286288, 0.0)], [0.920103, -0.000517193, 0.391677, 0.0)], [-0.39147, 0.0313349, 0.919657, 0.0)], [1.16241, -0.145216, -2.94879, 1.0)]])
1.16241, -0.145216, -2.94879
float3(-0.03134, -0.402438, -1.57131)
513414.735540583
normal
simd_float4x4([[0.0208931, -0.99953, 0.0224193, 0.0)], [0.925342, 0.0278233, 0.378111, 0.0)], [-0.378557, 0.0128456, 0.925489, 0.0)], [1.18966, -0.135112, -3.07419, 1.0)]])
1.18966, -0.135112, -3.07419
float3(-0.012846, -0.388271, -1.54297)
513414.868859041
normal
simd_float4x4([[0.027898, -0.99937, -0.0219251, 0.0)], [0.943335, 0.0190655, 0.331294, 0.0)], [-0.330667, -0.0299252, 0.943273, 0.0)], [1.2237, -0.155539, -3.20748, 1.0)]])
1.2237, -0.155539, -3.20748
float3(0.0299297, -0.337167, -1.55172)
513415.0021775
normal
simd_float4x4([[0.0264511, -0.998167, -0.0544404, 0.0)], [0.962492, 0.0107199, 0.271098, 0.0)], [-0.270018, -0.0595693, 0.961011, 0.0)], [1.26787, -0.165706, -3.35743, 1.0)]])
1.26787, -0.165706, -3.35743
float3(0.0596046, -0.27391, -1.56006)
513415.135496
normal
simd_float4x4([[0.0295282, -0.999219, -0.02624, 0.0)], [0.957551, 0.0207465, 0.287517, 0.0)], [-0.286748, -0.033616, 0.957416, 0.0)], [1.31929, -0.153502, -3.4955, 1.0)]])
1.31929, -0.153502, -3.4955
float3(0.0336223, -0.291, -1.55004)
513415.268814583
normal
simd_float4x4([[0.016332, -0.999845, 0.00663933, 0.0)], [0.954458, 0.0175683, 0.297827, 0.0)], [-0.297898, 0.00147284, 0.954597, 0.0)], [1.36024, -0.142573, -3.62067, 1.0)]])
1.36024, -0.142573, -3.62067
float3(-0.00147284, -0.30249, -1.55323)
513415.402133166
normal
simd_float4x4([[0.0307304, -0.999102, -0.0291736, 0.0)], [0.948929, 0.0199934, 0.314855, 0.0)], [-0.313989, -0.0373593, 0.948691, 0.0)], [1.4018, -0.159416, -3.75081, 1.0)]])
1.4018, -0.159416, -3.75081
float3(0.037368, -0.319623, -1.55079)
513415.535451708
normal
simd_float4x4([[-0.000712697, -0.999383, -0.0351204, 0.0)], [0.940343, -0.0126187, 0.339994, 0.0)], [-0.340227, -0.0327829, 0.939772, 0.0)], [1.44208, -0.178088, -3.89655, 1.0)]])
1.44208, -0.178088, -3.89655
float3(0.0327888, -0.347353, -1.58342)
513415.668770125
normal
simd_float4x4([[0.0116875, -0.99991, -0.00660513, 0.0)], [0.931293, 0.00847982, 0.364171, 0.0)], [-0.364082, -0.0104075, 0.931309, 0.0)], [1.46584, -0.157904, -4.04387, 1.0)]])
1.46584, -0.157904, -4.04387
float3(0.0104077, -0.372669, -1.56232)
513415.802088708
normal
simd_float4x4([[0.00563672, -0.999462, 0.0323028, 0.0)], [0.925408, 0.0174545, 0.37857, 0.0)], [-0.378931, 0.0277593, 0.925008, 0.0)], [1.49732, -0.139311, -4.17972, 1.0)]])
1.49732, -0.139311, -4.17972
float3(-0.0277629, -0.388798, -1.55333)
513415.935407041
normal
simd_float4x4([[0.00538258, -0.999983, 0.00237871, 0.0)], [0.930892, 0.00587952, 0.365248, 0.0)], [-0.365255, 0.000248352, 0.930907, 0.0)], [1.52374, -0.155552, -4.31037, 1.0)]])
1.52374, -0.155552, -4.31037
