ARKit Data
133748.800280541
normal
simd_float4x4([[0.40038607, -0.88260996, -0.24635467, 0.0)], [-0.52520394, -0.000727821, -0.85097617, 0.0)], [0.7509008, 0.47010535, -0.46384162, 0.0)], [-0.51717716, 0.5533167, 0.47960937, 1.0)]])
-0.51717716, 0.5533167, 0.47960937
float3(-0.48941013, 2.1241388, -1.571621)
100.65943
133748.850274583
normal
simd_float4x4([[0.38859853, -0.8855996, -0.2543709, 0.0)], [-0.54610026, 0.0009910126, -0.8377193, 0.0)], [0.742136, 0.46444845, -0.48324105, 0.0)], [-0.5505314, 0.55773336, 0.5205745, 1.0000001)]])
-0.5505314, 0.55773336, 0.5205745
float3(-0.48301172, 2.1479788, -1.5696774)
100.65998
133748.916933041
normal
simd_float4x4([[0.39074606, -0.882244, -0.26260796, 0.0)], [-0.5538675, 0.0025232548, -0.8326011, 0.0)], [0.7352199, 0.47078553, -0.48766035, 0.0)], [-0.5585473, 0.56792367, 0.51158285, 0.99999994)]])
-0.5585473, 0.56792367, 0.51158285
float3(-0.49018094, 2.156454, -1.5679363)
100.65998
133748.983591583
normal
simd_float4x4([[0.39679742, -0.87562716, -0.2753707, 0.0)], [-0.5729762, -0.0019071574, -0.8195699, 0.0)], [0.7171125, 0.48298398, -0.5024702, 0.0)], [-0.60503685, 0.56705517, 0.55408126, 1.0)]])
-0.60503685, 0.56705517, 0.55408126
float3(-0.5040593, 2.181982, -1.5729743)
100.65998
133749.050250333
normal
simd_float4x4([[0.40399924, -0.8690799, -0.28545552, 0.0)], [-0.58414096, -0.0049549355, -0.8116371, 0.0)], [0.70396304, 0.49464703, -0.50966704, 0.0)], [-0.66886765, 0.54767513, 0.59696025, 1.0)]])
-0.66886765, 0.54767513, 0.59696025
float3(-0.51742864, 2.1974466, -1.5764977)
100.65998
133749.116908875
normal
simd_float4x4([[0.4068066, -0.86813605, -0.28433815, 0.0)], [-0.59842294, -0.018078046, -0.8009764, 0.0)], [0.6902163, 0.49599692, -0.5268668, 0.0)], [-0.68628067, 0.55836654, 0.59248704, 1.0)]])
-0.68628067, 0.55836654, 0.59248704
float3(-0.5189825, 2.2227778, -1.5916173)
100.65998
133749.183567541
normal
simd_float4x4([[0.4199998, -0.8588128, -0.29332697, 0.0)], [-0.5840374, -0.008391783, -0.8116834, 0.0)], [0.69462264, 0.5122208, -0.50510335, 0.0)], [-0.7601023, 0.5262223, 0.63241607, 1.0)]])
-0.7601023, 0.5262223, 0.63241607
float3(-0.5377686, 2.1995203, -1.5805674)
100.65998
133749.250226125
normal
simd_float4x4([[0.41651917, -0.86608756, -0.2764128, 0.0)], [-0.5803301, -0.019254507, -0.81415373, 0.0)], [0.69980633, 0.49952126, -0.5106365, 0.0)], [-0.8327997, 0.48302522, 0.671656, 1.0)]])
-0.8327997, 0.48302522, 0.671656
float3(-0.5230461, 2.201167, -1.5930243)
100.65998
133750.132254125
notAvailable
simd_float4x4([[0.070718475, 0.0, 0.99749637, 0.0)], [0.0, 1.0, 0.0, 0.0)], [-0.99749637, 0.0, 0.070718475, 0.0)], [0.0023443408, -0.047152437, 0.0043519344, 1.0)]])
0.0023443408, -0.047152437, 0.0043519344
float3(-0.0, -1.5000188, 0.0)
100.65998
133750.182248208
notAvailable
simd_float4x4([[0.070718475, 0.0, 0.99749637, 0.0)], [0.0, 1.0, 0.0, 0.0)], [-0.99749637, 0.0, 0.070718475, 0.0)], [0.0023443408, -0.047152437, 0.0043519344, 1.0)]])
0.0023443408, -0.047152437, 0.0043519344
float3(-0.0, -1.5000188, 0.0)
100.65998
133750.232242166
notAvailable
simd_float4x4([[0.070718475, 0.0, 0.99749637, 0.0)], [0.0, 1.0, 0.0, 0.0)], [-0.99749637, 0.0, 0.070718475, 0.0)], [0.0023443408, -0.047152437, 0.0043519344, 1.0)]])
0.0023443408, -0.047152437, 0.0043519344
float3(-0.0, -1.5000188, 0.0)
100.65998
133750.282235958
notAvailable
simd_float4x4([[0.070718475, 0.0, 0.99749637, 0.0)], [0.0, 1.0, 0.0, 0.0)], [-0.99749637, 0.0, 0.070718475, 0.0)], [0.0023443408, -0.047152437, 0.0043519344, 1.0)]])
0.0023443408, -0.047152437, 0.0043519344
float3(-0.0, -1.5000188, 0.0)
100.65998
133750.332230083
limited((extension in ARKit):__C.ARCamera.TrackingState.Reason.initializing)
simd_float4x4([[0.041254394, -0.8595418, 0.5093978, 0.0)], [0.999108, 0.04008906, -0.013269351, 0.0)], [-0.009015712, 0.5094908, 0.860429, 0.0)], [0.0, 0.0, 0.0, 1.0)]])
0.0, 0.0, 0.0
float3(-0.5345929, -0.010477776, -1.5241901)
100.65998
133750.382224083
limited((extension in ARKit):__C.ARCamera.TrackingState.Reason.initializing)
simd_float4x4([[0.020081177, -0.8658402, 0.49991736, 0.0)], [0.99917996, 0.03496395, 0.020420358, 0.0)], [-0.035159856, 0.49909732, 0.8658323, 0.0)], [0.0, 0.0, 0.0, 1.0)]])
0.0, 0.0, 0.0
float3(-0.5225568, -0.04058586, -1.5304368)
100.65998
133750.432218125
limited((extension in ARKit):__C.ARCamera.TrackingState.Reason.initializing)
simd_float4x4([[0.0038961822, -0.8705076, 0.49213973, 0.0)], [0.9981763, 0.033033103, 0.050527282, 0.0)], [-0.06024128, 0.49104533, 0.8690488, 0.0)], [0.0, 0.0, 0.0, 1.0)]])
0.0, 0.0, 0.0
float3(-0.51328933, -0.06920793, -1.5328676)
100.65998
133750.482212
limited((extension in ARKit):__C.ARCamera.TrackingState.Reason.initializing)
simd_float4x4([[-0.010731644, -0.8742387, 0.48537755, 0.0)], [0.9965584, 0.030549672, 0.07705841, 0.0)], [-0.082195565, 0.48453405, 0.87090224, 0.0)], [0.0, 0.0, 0.0, 1.0)]])
0.0, 0.0, 0.0
float3(-0.50583047, -0.09410104, -1.5358663)
100.65998
133750.548870625
limited((extension in ARKit):__C.ARCamera.TrackingState.Reason.initializing)
simd_float4x4([[-0.035254426, -0.87955195, 0.47449496, 0.0)], [0.9920106, 0.026747841, 0.12328662, 0.0)], [-0.12112872, 0.47505042, 0.87158185, 0.0)], [0.0, 0.0, 0.0, 1.0)]])
0.0, 0.0, 0.0
float3(-0.49502134, -0.13809122, -1.5403949)
100.65998
133750.598864625
limited((extension in ARKit):__C.ARCamera.TrackingState.Reason.initializing)
simd_float4x4([[-0.049957156, -0.8841422, 0.46453917, 0.0)], [0.98823047, 0.023574963, 0.15114509, 0.0)], [-0.14458527, 0.4666225, 0.8725586, 0.0)], [0.0, 0.0, 0.0, 1.0)]])
0.0, 0.0, 0.0
float3(-0.48546818, -0.16421057, -1.5441384)
100.65998
133750.665523208
limited((extension in ARKit):__C.ARCamera.TrackingState.Reason.initializing)
simd_float4x4([[-0.06886098, -0.88781726, 0.45501477, 0.0)], [0.9820787, 0.019882329, 0.18741985, 0.0)], [-0.17544135, 0.45976618, 0.87053734, 0.0)], [0.0, 0.0, 0.0, 1.0)]])
0.0, 0.0, 0.0
float3(-0.47773188, -0.19886845, -1.5484054)
100.65998
133750.732182041
limited((extension in ARKit):__C.ARCamera.TrackingState.Reason.initializing)
simd_float4x4([[-0.08501557, -0.8932356, 0.4414775, 0.0)], [0.97422004, 0.018406577, 0.22484791, 0.0)], [-0.20896827, 0.44921178, 0.8686432, 0.0)], [0.0, 0.0, 0.0, 1.0)]])
0.0, 0.0, 0.0
float3(-0.4658829, -0.23608252, -1.5501926)
100.65932
133750.798840583
limited((extension in ARKit):__C.ARCamera.TrackingState.Reason.initializing)
simd_float4x4([[-0.0972355, -0.8966119, 0.4320097, 0.0)], [0.96633554, 0.018836811, 0.25659472, 0.0)], [-0.23820357, 0.4424164, 0.86459637, 0.0)], [0.0, 0.0, 0.0, 1.0)]])
0.0, 0.0, 0.0
float3(-0.45829132, -0.26883882, -1.5497905)
100.65932
133750.848834583
limited((extension in ARKit):__C.ARCamera.TrackingState.Reason.initializing)
simd_float4x4([[-0.10675162, -0.8981146, 0.42660788, 0.0)], [0.959529, 0.019396693, 0.28094122, 0.0)], [-0.26059222, 0.43933353, 0.8596963, 0.0)], [0.0, 0.0, 0.0, 1.0)]])
0.0, 0.0, 0.0
float3(-0.45485663, -0.29431784, -1.5492026)
100.65932
133750.91549325
limited((extension in ARKit):__C.ARCamera.TrackingState.Reason.initializing)
simd_float4x4([[-0.11640277, -0.90127635, 0.41731432, 0.0)], [0.9519767, 0.018553466, 0.30560791, 0.0)], [-0.28317982, 0.43284708, 0.8558344, 0.0)], [0.0, 0.0, 0.0, 1.0)]])
0.0, 0.0, 0.0
float3(-0.44764867, -0.31954232, -1.5502135)
100.65932
133750.965487291
limited((extension in ARKit):__C.ARCamera.TrackingState.Reason.initializing)
simd_float4x4([[-0.12204872, -0.9040789, 0.40956745, 0.0)], [0.94679284, 0.01776494, 0.32135302, 0.0)], [-0.29780442, 0.42699623, 0.85380715, 0.0)], [0.0, 0.0, 0.0, 1.0)]])
0.0, 0.0, 0.0
float3(-0.44116834, -0.3356017, -1.5511491)
100.65932
133751.048810666
limited((extension in ARKit):__C.ARCamera.TrackingState.Reason.initializing)
simd_float4x4([[-0.13003138, -0.90778613, 0.39876834, 0.0)], [0.93917716, 0.016166762, 0.34305242, 0.0)], [-0.317865, 0.41912165, 0.8504698, 0.0)], [0.0, 0.0, 0.0, 1.0)]])
0.0, 0.0, 0.0
float3(-0.43247768, -0.3576763, -1.5529892)
100.65932
133751.098804541
limited((extension in ARKit):__C.ARCamera.TrackingState.Reason.initializing)
simd_float4x4([[-0.13405675, -0.910024, 0.39228192, 0.0)], [0.93560565, 0.0142380595, 0.35275963, 0.0)], [-0.32660505, 0.414311, 0.84951496, 0.0)], [0.0, 0.0, 0.0, 1.0)]])
0.0, 0.0, 0.0
float3(-0.42718562, -0.367039, -1.5551518)
100.65932
133751.182127958
limited((extension in ARKit):__C.ARCamera.TrackingState.Reason.initializing)
simd_float4x4([[-0.13458352, -0.9166072, 0.3764552, 0.0)], [0.9317875, 0.012191147, 0.3627995, 0.0)], [-0.33713403, 0.39960304, 0.8524424, 0.0)], [0.0, 0.0, 0.0, 1.0)]])
0.0, 0.0, 0.0
float3(-0.41108376, -0.37661403, -1.5574968)
100.65932
133751.232121958
limited((extension in ARKit):__C.ARCamera.TrackingState.Reason.initializing)
simd_float4x4([[-0.13103284, -0.9243011, 0.358466, 0.0)], [0.9295586, 0.0111373365, 0.36850628, 0.0)], [-0.34460312, 0.38150153, 0.85773265, 0.0)], [0.0, 0.0, 0.0, 1.0)]])
0.0, 0.0, 0.0
float3(-0.39142013, -0.38202316, -1.5587474)
100.65932
133751.332109916
limited((extension in ARKit):__C.ARCamera.TrackingState.Reason.initializing)
simd_float4x4([[-0.11819355, -0.9385238, 0.32435033, 0.0)], [0.9347665, 0.0050447434, 0.35522708, 0.0)], [-0.3350254, 0.34517735, 0.8767043, 0.0)], [0.0, 0.0, 0.0, 1.0)]])
0.0, 0.0, 0.0
float3(-0.35242775, -0.36501727, -1.5654212)
100.65932
133751.382103833
limited((extension in ARKit):__C.ARCamera.TrackingState.Reason.initializing)
simd_float4x4([[-0.114228405, -0.9413762, 0.3174314, 0.0)], [0.9383888, 0.0026604682, 0.34557122, 0.0)], [-0.326157, 0.33734807, 0.883073, 0.0)], [0.0, 0.0, 0.0, 1.0)]])
0.0, 0.0, 0.0
float3(-0.34409842, -0.35380208, -1.5679702)
100.65932
133751.465427291
limited((extension in ARKit):__C.ARCamera.TrackingState.Reason.initializing)
simd_float4x4([[-0.10459323, -0.9463715, 0.30568135, 0.0)], [0.9470519, -0.0009587705, 0.3210791, 0.0)], [-0.30356708, 0.32307878, 0.8963632, 0.0)], [0.0, 0.0, 0.0, 1.0)]])
0.0, 0.0, 0.0
float3(-0.32898092, -0.3265416, -1.5718094)
100.65932
133751.515421333
limited((extension in ARKit):__C.ARCamera.TrackingState.Reason.initializing)
simd_float4x4([[-0.09933167, -0.94801354, 0.30233017, 0.0)], [0.95296854, -0.0032046884, 0.30305234, 0.0)], [-0.28632885, 0.31821382, 0.9037455, 0.0)], [0.0, 0.0, 0.0, 1.0)]])
0.0, 0.0, 0.0
float3(-0.32384476, -0.30681992, -1.5741768)
100.65932
133751.615409375
limited((extension in ARKit):__C.ARCamera.TrackingState.Reason.initializing)
simd_float4x4([[-0.08587665, -0.95048296, 0.2986761, 0.0)], [0.9666483, -0.0068879575, 0.25601518, 0.0)], [-0.24128076, 0.31070045, 0.9193742, 0.0)], [0.0, 0.0, 0.0, 1.0)]])
0.0, 0.0, 0.0
float3(-0.31592986, -0.25665238, -1.578043)
100.65932
133751.665403416
normal
simd_float4x4([[-0.06992592, -0.95744985, 0.2800003, 0.0)], [0.97337234, -0.0040624337, 0.229194, 0.0)], [-0.21830422, 0.28857118, 0.9322392, 0.0)], [0.0, 0.0, 0.0, 1.0)]])
0.0, 0.0, 0.0
float3(-0.2927342, -0.23002705, -1.5750393)
100.65828
133751.748726708
normal
simd_float4x4([[-0.05643356, -0.9582542, 0.28029293, 0.0)], [0.9839953, -0.0058551664, 0.17809804, 0.0)], [-0.16902202, 0.28585768, 0.943248, 0.0)], [-0.010492992, 0.0022795051, 0.0006131213, 1.0)]])
-0.010492992, 0.0022795051, 0.0006131213
float3(-0.28990135, -0.1773097, -1.5769064)
100.65828
133751.798720708
normal
simd_float4x4([[-0.08118805, -0.95251006, 0.2934844, 0.0)], [0.987118, -0.036113326, 0.15586483, 0.0)], [-0.1378641, 0.3023581, 0.9431718, 0.0)], [-0.008978412, -0.0042588487, -0.0077197216, 1.0)]])
-0.008978412, -0.0042588487, -0.0077197216
float3(-0.30716556, -0.14514284, -1.608692)
100.65828
133751.882044041
normal
simd_float4x4([[-0.06765515, -0.953104, 0.2949837, 0.0)], [0.9950367, -0.042833608, 0.08981677, 0.0)], [-0.072969496, 0.29959622, 0.9512715, 0.0)], [-0.01692732, -0.0028016642, -0.007212016, 1.0)]])
-0.01692732, -0.0028016642, -0.007212016
float3(-0.3042694, -0.07655741, -1.6157073)
100.65828
133751.948702625
normal
simd_float4x4([[-0.053013425, -0.95513743, 0.29137948, 0.0)], [0.99662393, -0.032287892, 0.075486034, 0.0)], [-0.062691495, 0.29439753, 0.95362455, 0.0)], [-0.030244086, -0.0018962994, -0.0071851304, 1.0)]])
-0.030244086, -0.0018962994, -0.0071851304
float3(-0.29882506, -0.06564577, -1.6045879)
100.65828
133752.032026
normal
simd_float4x4([[-0.030719673, -0.95653456, 0.28999665, 0.0)], [0.99919814, -0.021935668, 0.03349279, 0.0)], [-0.025675759, 0.290793, 0.95644134, 0.0)], [-0.04676874, -0.0015619248, -0.009123506, 1.0)]])
-0.04676874, -0.0015619248, -0.009123506
float3(-0.29505554, -0.026838649, -1.5937247)
100.65828
133752.098684708
normal
simd_float4x4([[-0.016125536, -0.9561237, 0.29251903, 0.0)], [0.9996775, -0.02115633, -0.014042612, 0.0)], [0.019615091, 0.2921983, 0.95615655, 0.0)], [-0.05357714, -0.00085270405, -0.008560668, 1.0)]])
-0.05357714, -0.00085270405, -0.008560668
float3(-0.29652464, 0.020511642, -1.59292)
100.65828
133752.182008083
normal
simd_float4x4([[0.0054992284, -0.9538556, 0.3002156, 0.0)], [0.9991301, -0.0071700327, -0.041082535, 0.0)], [0.041339397, 0.30018032, 0.9529862, 0.0)], [-0.07607556, -0.002233073, -0.010761304, 1.0)]])
-0.07607556, -0.002233073, -0.010761304
float3(-0.3048817, 0.043351624, -1.5783131)
100.65828
133752.232002041
normal
simd_float4x4([[0.018736962, -0.9502155, 0.31102958, 0.0)], [0.9969194, -0.0059412224, -0.07820696, 0.0)], [0.076161385, 0.3115368, 0.94717693, 0.0)], [-0.08067736, -0.0026793187, -0.0115303835, 1.0000001)]])
-0.08067736, -0.0026793187, -0.0115303835
float3(-0.3168099, 0.0802362, -1.5770488)
100.65828
133752.331990041
normal
simd_float4x4([[0.039365206, -0.94125736, 0.3353877, 0.0)], [0.9936063, 0.0013290343, -0.11289188, 0.0)], [0.10581459, 0.33768737, 0.9352916, 0.0)], [-0.11263309, -0.00092062703, -0.011043803, 0.99999994)]])
-0.11263309, -0.00092062703, -0.011043803
float3(-0.34445885, 0.112656385, -1.5693843)
100.65828
133752.381984125
normal
simd_float4x4([[0.057610728, -0.93350106, 0.35391623, 0.0)], [0.9883993, 0.0034327076, -0.1518381, 0.0)], [0.14052609, 0.35855812, 0.9228697, 0.0)], [-0.12103336, -0.0055655725, -0.012625226, 1.0)]])
-0.12103336, -0.0055655725, -0.012625226
float3(-0.36672285, 0.15111002, -1.5671191)
100.65828
133752.465307458
normal
simd_float4x4([[0.07716336, -0.92225003, 0.3788149, 0.0)], [0.983121, 0.007164423, -0.18281627, 0.0)], [0.16588828, 0.38652763, 0.9072362, 0.0)], [-0.12626474, -0.00876357, -0.014678324, 1.0000001)]])
-0.12626474, -0.00876357, -0.014678324
float3(-0.3968636, 0.18085226, -1.5630281)
100.65828
133752.531966083
normal
simd_float4x4([[0.09109055, -0.91778135, 0.38649705, 0.0)], [0.97913206, 0.011740406, -0.20288523, 0.0)], [0.18166669, 0.39691263, 0.8996985, 0.0)], [-0.13392387, -0.014720198, -0.01899888, 0.99999994)]])
-0.13392387, -0.014720198, -0.01899888
float3(-0.40815073, 0.19924057, -1.5580049)
100.65828
133752.615289416
normal
simd_float4x4([[0.1092799, -0.9081717, 0.4040816, 0.0)], [0.97357345, 0.01577986, -0.22782822, 0.0)], [0.20053081, 0.41830018, 0.88589627, 0.0)], [-0.14539409, -0.019850507, -0.021595454, 1.0)]])
-0.14539409, -0.019850507, -0.021595454
float3(-0.4315731, 0.22260782, -1.5534227)
100.65717
133752.681948208
normal
simd_float4x4([[0.1223278, -0.9010011, 0.41621268, 0.0)], [0.9679884, 0.015704013, -0.2505031, 0.0)], [0.21916734, 0.43353254, 0.8740795, 0.0)], [-0.14623243, -0.022874422, -0.023692764, 1.0)]])
-0.14623243, -0.022874422, -0.023692764
float3(-0.44840917, 0.2456757, -1.5533686)
100.65717
133752.765271541
normal
simd_float4x4([[0.14258765, -0.8908107, 0.4314219, 0.0)], [0.9552683, 0.009755204, -0.29557937, 0.0)], [0.25909668, 0.45426968, 0.85235435, 0.0)], [-0.15186974, -0.028602857, -0.02678955, 1.0)]])
-0.15186974, -0.028602857, -0.02678955
float3(-0.47155225, 0.295102, -1.5598458)
100.65717
133752.815265541
normal
simd_float4x4([[0.15656857, -0.88333976, 0.44181123, 0.0)], [0.94826865, 0.009360757, -0.3173309, 0.0)], [0.27617526, 0.46863985, 0.839109, 0.0)], [-0.1520913, -0.031231608, -0.028624855, 1.0)]])
-0.1520913, -0.031231608, -0.028624855
float3(-0.48775044, 0.31796205, -1.5601997)
100.65717
133752.865259583
normal
simd_float4x4([[0.17057419, -0.8759873, 0.45116577, 0.0)], [0.93970746, 0.006885838, -0.34190965, 0.0)], [0.29640183, 0.48228487, 0.8243464, 0.0)], [-0.15590917, -0.034843557, -0.030197632, 0.9999999)]])
-0.15590917, -0.034843557, -0.030197632
float3(-0.5032611, 0.34516582, -1.5629358)
100.65717
133752.915253541
normal
simd_float4x4([[0.179228, -0.87061346, 0.45815876, 0.0)], [0.9357907, 0.0071519, -0.35248333, 0.0)], [0.30360004, 0.49191564, 0.81599385, 0.0)], [-0.15458927, -0.037209485, -0.03162749, 1.0)]])
-0.15458927, -0.037209485, -0.03162749
float3(-0.51428866, 0.3561921, -1.5625818)
100.65717
133752.965247583
normal
simd_float4x4([[0.1882714, -0.86636853, 0.46255744, 0.0)], [0.9315263, 0.008314847, -0.36357868, 0.0)], [0.31114703, 0.499336, 0.8086105, 0.0)], [-0.15489447, -0.041451387, -0.03159724, 0.99999994)]])
-0.15489447, -0.041451387, -0.03159724
float3(-0.5228322, 0.36732787, -1.5611993)
100.65717
133753.065235583
normal
simd_float4x4([[0.19385397, -0.86096144, 0.47028297, 0.0)], [0.92877835, 0.006704509, -0.37057483, 0.0)], [0.3158976, 0.5086261, 0.800942, 0.0)], [-0.14702354, -0.045419097, -0.03324771, 0.99999994)]])
-0.14702354, -0.045419097, -0.03324771
float3(-0.5335883, 0.37567607, -1.5630093)
100.65717
133753.115229541
normal
simd_float4x4([[0.19518599, -0.86047727, 0.47061813, 0.0)], [0.92735964, 0.005737081, -0.37412706, 0.0)], [0.31922787, 0.50945663, 0.7990917, 0.0)], [-0.14360198, -0.048059024, -0.03134534, 1.0)]])
-0.14360198, -0.048059024, -0.03134534
float3(-0.53455323, 0.38006526, -1.5641291)
100.65717
133753.198553083
normal
simd_float4x4([[0.18677388, -0.8620163, 0.47121486, 0.0)], [0.93252045, 0.004664629, -0.3610868, 0.0)], [0.3090647, 0.5068591, 0.8047191, 0.0)], [-0.13009602, -0.048319787, -0.031078557, 1.0)]])
-0.13009602, -0.048319787, -0.031078557
float3(-0.5315373, 0.36669454, -1.5653851)
100.65717
133753.265211791
normal
simd_float4x4([[0.17779423, -0.86570734, 0.4679102, 0.0)], [0.9370394, 0.0037011346, -0.34920394, 0.0)], [0.30057663, 0.5005368, 0.8118599, 0.0)], [-0.11762289, -0.0490882, -0.029935194, 1.0)]])
-0.11762289, -0.0490882, -0.029935194
float3(-0.52421874, 0.35458407, -1.566521)
100.65717
133753.348535041
normal
simd_float4x4([[0.16235338, -0.8717696, 0.4622327, 0.0)], [0.9481517, 0.008118851, -0.31771407, 0.0)], [0.27322072, 0.48984876, 0.827888, 0.0)], [-0.09749062, -0.04615935, -0.0261162, 1.0)]])
-0.09749062, -0.04615935, -0.0261162
float3(-0.5119163, 0.3187668, -1.5614835)
100.65717
133753.41519375
normal
simd_float4x4([[0.14454831, -0.88015234, 0.45214784, 0.0)], [0.9590502, 0.0121364435, -0.28297636, 0.0)], [0.24357486, 0.47453624, 0.84586453, 0.0)], [-0.080840684, -0.043157257, -0.024899473, 1.0)]])
-0.080840684, -0.043157257, -0.024899473
float3(-0.4944371, 0.28037432, -1.5570081)
100.65717
133753.498517125
normal
simd_float4x4([[0.121582255, -0.89401007, 0.4312352, 0.0)], [0.9686582, 0.012058208, -0.24810462, 0.0)], [0.21660815, 0.4478847, 0.86745614, 0.0)], [-0.057086803, -0.038605217, -0.019151257, 1.0)]])
-0.057086803, -0.038605217, -0.019151257
float3(-0.4643981, 0.24470101, -1.5573094)
100.65557
133753.548511083
normal
simd_float4x4([[0.10993836, -0.89905703, 0.42380413, 0.0)], [0.9738132, 0.012060919, -0.2270294, 0.0)], [0.19900095, 0.4376653, 0.8768396, 0.0)], [-0.04510235, -0.03679333, -0.018115196, 0.99999994)]])
-0.04510235, -0.03679333, -0.018115196
float3(-0.45300046, 0.2231721, -1.5573821)
100.65557
133753.615169958
normal
simd_float4x4([[0.09725213, -0.90544534, 0.41317168, 0.0)], [0.9786013, 0.01135806, -0.20545192, 0.0)], [0.18133274, 0.424311, 0.8871744, 0.0)], [-0.026267007, -0.031955335, -0.013632582, 1.0)]])
-0.026267007, -0.031955335, -0.013632582
float3(-0.43820086, 0.20161654, -1.5582528)
100.65557
133753.665163916
normal
simd_float4x4([[0.08798354, -0.91195065, 0.4007554, 0.0)], [0.98110247, 0.009734533, -0.19324367, 0.0)], [0.17232755, 0.41018444, 0.8955735, 0.0)], [-0.015840348, -0.03047536, -0.0120679205, 1.0)]])
-0.015840348, -0.03047536, -0.0120679205
float3(-0.4226563, 0.19009799, -1.5601224)
100.65557
133753.731822625
normal
simd_float4x4([[0.0787354, -0.9143829, 0.39712024, 0.0)], [0.9834517, 0.0060438113, -0.1810689, 0.0)], [0.16316615, 0.40480515, 0.89972734, 0.0)], [-0.002917602, -0.026983056, -0.008929815, 0.9999999)]])
-0.002917602, -0.026983056, -0.008929815
float3(-0.41676575, 0.1794009, -1.5641867)
100.65557
133753.815146041
normal
simd_float4x4([[0.06915967, -0.9176908, 0.39122933, 0.0)], [0.98624194, 0.003871103, -0.1652629, 0.0)], [0.1501457, 0.39727634, 0.90533286, 0.0)], [0.008202478, -0.023871861, -0.007509916, 0.99999994)]])
0.008202478, -0.023871861, -0.007509916
float3(-0.408547, 0.16434994, -1.566578)
100.65557
133753.86514
normal
simd_float4x4([[0.06526236, -0.9210676, 0.383895, 0.0)], [0.98743683, 0.0041281176, -0.15796028, 0.0)], [0.14390732, 0.38938096, 0.9097654, 0.0)], [0.014634636, -0.022050355, -0.006049704, 1.0)]])
0.014634636, -0.022050355, -0.006049704
float3(-0.39995942, 0.15688087, -1.5663145)
100.65557
133753.915134125
normal
simd_float4x4([[0.06302926, -0.92377526, 0.37771234, 0.0)], [0.98826677, 0.005012069, -0.1526551, 0.0)], [0.13912585, 0.38290232, 0.91325223, 0.0)], [0.0166369, -0.020471577, -0.005594762, 0.99999994)]])
0.0166369, -0.020471577, -0.005594762
float3(-0.39293602, 0.15117875, -1.5653708)
100.65557
133753.965128
normal
simd_float4x4([[0.061959643, -0.92537993, 0.3739426, 0.0)], [0.9892404, 0.0071878317, -0.14612263, 0.0)], [0.13253112, 0.3789729, 0.91586846, 0.0)], [0.02081686, -0.019048091, -0.0046563167, 1.0000001)]])
0.02081686, -0.019048091, -0.0046563167
float3(-0.38868615, 0.14370789, -1.563029)
100.65557
133754.015122
normal
simd_float4x4([[0.06219627, -0.92586064, 0.3727112, 0.0)], [0.990674, 0.01191065, -0.13573149, 0.0)], [0.12122919, 0.37767732, 0.9179669, 0.0)], [0.023211766, -0.017506067, -0.0047313627, 1.0)]])
0.023211766, -0.017506067, -0.0047313627
float3(-0.38728654, 0.1313029, -1.5579326)
100.65557
133754.065116041
normal
simd_float4x4([[0.06182954, -0.9263715, 0.37150058, 0.0)], [0.992271, 0.016930478, -0.122927845, 0.0)], [0.10758715, 0.37622988, 0.92025846, 0.0)], [0.026026465, -0.016544085, -0.0039527263, 0.9999998)]])
0.026026465, -0.016544085, -0.0039527263
float3(-0.38572383, 0.1163814, -1.5525222)
100.65557
133754.11511025
normal
simd_float4x4([[0.05816327, -0.92773587, 0.36867756, 0.0)], [0.99432826, 0.020897226, -0.1042816, 0.0)], [0.089041404, 0.37265188, 0.92368954, 0.0)], [0.027205918, -0.014846005, -0.0036232874, 1.0000001)]])
0.027205918, -0.014846005, -0.0036232874
float3(-0.3818651, 0.096100606, -1.5482751)
100.65557
133754.181768708
normal
simd_float4x4([[0.05128495, -0.9325944, 0.35726377, 0.0)], [0.99643445, 0.023785235, -0.080948934, 0.0)], [0.06699494, 0.3601414, 0.930489, 0.0)], [0.030874632, -0.0125007145, -0.0015395023, 1.0)]])
0.030874632, -0.0125007145, -0.0015395023
float3(-0.36841947, 0.071875684, -1.5452975)
100.65557
133754.26509225
normal
simd_float4x4([[0.039067883, -0.9437312, 0.32839757, 0.0)], [0.99827534, 0.022451904, -0.054238982, 0.0)], [0.04381387, 0.32995027, 0.9429808, 0.0)], [0.035274696, -0.0073388065, 0.0019830049, 0.9999998)]])
0.035274696, -0.0073388065, 0.0019830049
float3(-0.3362509, 0.04642977, -1.5470102)
100.65557
133754.315086291
normal
simd_float4x4([[0.0347704, -0.9508509, 0.30769068, 0.0)], [0.99847317, 0.01982846, -0.051556386, 0.0)], [0.042921387, 0.30901355, 0.9500886, 0.0)], [0.03728282, -0.0043162145, 0.0045496766, 1.0)]])
0.03728282, -0.0043162145, 0.0045496766
float3(-0.31415564, 0.045145497, -1.549946)
100.65557
133754.381745083
normal
simd_float4x4([[0.030579483, -0.9611632, 0.27428117, 0.0)], [0.9985474, 0.017197745, -0.051061545, 0.0)], [0.04436146, 0.2754442, 0.9602929, 0.0)], [0.03995657, -0.00029224157, 0.0081220195, 1.0)]])
0.03995657, -0.00029224157, 0.0081220195
float3(-0.27905175, 0.046162944, -1.5529056)
100.65557
133754.431738958
normal
simd_float4x4([[0.027576441, -0.9678299, 0.2500896, 0.0)], [0.998504, 0.01485315, -0.052620627, 0.0)], [0.047213174, 0.25116658, 0.9667917, 0.0)], [0.0405557, 0.0013726617, 0.010765956, 0.99999994)]])
0.0405557, 0.0013726617, 0.010765956
float3(-0.25388527, 0.048796132, -1.5554507)
100.65557
133754.49839775
normal
simd_float4x4([[0.02448485, -0.9756217, 0.21808894, 0.0)], [0.9987641, 0.01443473, -0.047557473, 0.0)], [0.043250035, 0.21898387, 0.9747694, 0.0)], [0.04316683, 0.0028734768, 0.01464684, 0.99999994)]])
0.04316683, 0.0028734768, 0.01464684
float3(-0.22077295, 0.044340424, -1.556002)
100.65469
133754.581721208
normal
simd_float4x4([[0.019442894, -0.98172694, 0.18929896, 0.0)], [0.9988868, 0.010934951, -0.045885652, 0.0)], [0.04297718, 0.18998039, 0.9808468, 0.0)], [0.044483796, 0.0022179484, 0.01788294, 1.0)]])
0.044483796, 0.0022179484, 0.01788294
float3(-0.19114217, 0.043788396, -1.5596583)
100.65469
133754.631715291
normal
simd_float4x4([[0.018214688, -0.9834124, 0.1804671, 0.0)], [0.9990606, 0.010803313, -0.041965876, 0.0)], [0.03932013, 0.18106198, 0.9826852, 0.0)], [0.04422501, 0.0016707967, 0.01913909, 0.99999994)]])
0.04422501, 0.0016707967, 0.01913909
float3(-0.18206617, 0.039991613, -1.5598112)
100.65469
133754.681709083
normal
simd_float4x4([[0.016830303, -0.9845754, 0.17414932, 0.0)], [0.99912953, 0.009912178, -0.040519044, 0.0)], [0.038167886, 0.1746797, 0.98388517, 0.0)], [0.044647276, 0.00011444092, 0.01941881, 1.0)]])
0.044647276, 0.00011444092, 0.01941881
float3(-0.17558046, 0.03877359, -1.5607291)
100.65469
133754.748367791
normal
simd_float4x4([[0.0145689845, -0.98635, 0.16401622, 0.0)], [0.9990176, 0.0074933986, -0.043675855, 0.0)], [0.041850667, 0.16449142, 0.9854902, 0.0)], [0.04280646, -0.0012297034, 0.020449832, 1.0)]])
0.04280646, -0.0012297034, 0.020449832
float3(-0.16524237, 0.042441353, -1.5631994)
100.65469
133754.798361916
normal
simd_float4x4([[0.013641197, -0.98750794, 0.15697739, 0.0)], [0.9986389, 0.0055510504, -0.05186042, 0.0)], [0.050341215, 0.1574712, 0.9862396, 0.0)], [0.04302527, -0.0023098066, 0.020039607, 1.0)]])
0.04302527, -0.0023098066, 0.020039607
float3(-0.15812938, 0.050999332, -1.565175)
100.65469
133754.865020625
normal
simd_float4x4([[0.013525609, -0.98853, 0.15041794, 0.0)], [0.9981661, 0.0044716354, -0.060368147, 0.0)], [0.059003107, 0.15095863, 0.9867776, 0.0)], [0.039406933, -0.0036383308, 0.01978992, 1.0)]])
0.039406933, -0.0036383308, 0.01978992
float3(-0.15153794, 0.059722617, -1.5662729)
100.65469
133754.91501475
normal
simd_float4x4([[0.013956823, -0.9887607, 0.1488536, 0.0)], [0.9976141, 0.0037036743, -0.06893671, 0.0)], [0.06761059, 0.1494606, 0.9864534, 0.0)], [0.037657246, -0.004003816, 0.019594943, 1.0000001)]])
0.037657246, -0.004003816, 0.019594943
float3(-0.15002272, 0.06843204, -1.5670506)
100.65469
133754.96500875
normal
simd_float4x4([[0.014799078, -0.9891175, 0.14638165, 0.0)], [0.99669534, 0.0028986984, -0.08117836, 0.0)], [0.07987058, 0.14709929, 0.9858917, 0.0)], [0.033849634, -0.005052563, 0.018843547, 1.0)]])
0.033849634, -0.005052563, 0.018843547
float3(-0.14763501, 0.080837004, -1.5678657)
100.65469
133755.015002833
normal
simd_float4x4([[0.017071826, -0.9889391, 0.14733563, 0.0)], [0.99534523, 0.0028307491, -0.096330576, 0.0)], [0.09484801, 0.14829437, 0.98438424, 0.0)], [0.030553846, -0.0057559083, 0.0172725, 0.9999999)]])
0.030553846, -0.0057559083, 0.0172725
float3(-0.14884335, 0.0960561, -1.5679339)
100.65469
133755.06499675
normal
simd_float4x4([[0.018238254, -0.9884562, 0.15040456, 0.0)], [0.9931389, 0.00053116883, -0.1169384, 0.0)], [0.11550864, 0.15150541, 0.981684, 0.0)], [0.025933865, -0.0073926225, 0.015744727, 1.0)]])
0.025933865, -0.0073926225, 0.015744727
float3(-0.15209109, 0.11712522, -1.570259)
100.65469
133755.114990833
normal
simd_float4x4([[0.018662272, -0.9875864, 0.15596424, 0.0)], [0.9903191, -0.003201702, -0.13877256, 0.0)], [0.13754925, 0.15704417, 0.97796595, 0.0)], [0.023358842, -0.007844772, 0.014008343, 1.0)]])
0.023358842, -0.007844772, 0.014008343
float3(-0.15769698, 0.13973172, -1.5740383)
100.65469
133755.181649541
normal
simd_float4x4([[0.02422768, -0.9865557, 0.16161934, 0.0)], [0.9860483, -0.0030498437, -0.16643122, 0.0)], [0.16468658, 0.16339673, 0.9727177, 0.0)], [0.016739687, -0.00984668, 0.012061132, 1.0)]])
0.016739687, -0.00984668, 0.012061132
float3(-0.16413268, 0.1677152, -1.5738877)
100.65469
133755.231643583
normal
simd_float4x4([[0.03000349, -0.9852649, 0.1683828, 0.0)], [0.981589, -0.002748087, -0.19098559, 0.0)], [0.1886341, 0.17101295, 0.96704274, 0.0)], [0.013927247, -0.010063533, 0.010132179, 1.0)]])
0.013927247, -0.010063533, 0.010132179
float3(-0.17185767, 0.1926438, -1.5735855)
100.65469
133755.281637625
normal
simd_float4x4([[0.035343766, -0.984301, 0.17292273, 0.0)], [0.9765869, -0.0027231867, -0.21510586, 0.0)], [0.21219988, 0.17647673, 0.9611593, 0.0)], [0.008797789, -0.011574931, 0.008686569, 1.0)]])
0.008797789, -0.011574931, 0.008686569
float3(-0.17740585, 0.21728934, -1.573563)
100.65469
133755.364961041
normal
simd_float4x4([[0.04359931, -0.9829394, 0.17868736, 0.0)], [0.96908826, -0.0018636722, -0.24670714, 0.0)], [0.24283119, 0.18392012, 0.95247376, 0.0)], [-0.0018572845, -0.014268134, 0.0055367816, 1.0)]])
-0.0018572845, -0.014268134, 0.0055367816
float3(-0.18497312, 0.24963006, -1.5726924)
100.65469
133755.431619916
normal
simd_float4x4([[0.05218834, -0.9817897, 0.18266201, 0.0)], [0.9633116, 0.0012735444, -0.2683824, 0.0)], [0.26326242, 0.18996689, 0.94583577, 0.0)], [-0.009712023, -0.01686233, 0.003951, 1.0000001)]])
-0.009712023, -0.01686233, 0.003951
float3(-0.19112842, 0.27146724, -1.5694991)
100.65453
133755.481613875
normal
simd_float4x4([[0.05819639, -0.98040235, 0.18821357, 0.0)], [0.9577291, 0.0016253763, -0.28766713, 0.0)], [0.28172353, 0.1969988, 0.9390545, 0.0)], [-0.014869382, -0.01826562, 0.0022956522, 1.0000001)]])
-0.014869382, -0.01826562, 0.0022956522
float3(-0.19829579, 0.2914638, -1.5691384)
100.65453
133755.548272666
normal
simd_float4x4([[0.06725789, -0.97763073, 0.1992848, 0.0)], [0.9504351, 0.0020082628, -0.3109164, 0.0)], [0.30356127, 0.2103189, 0.9293097, 0.0)], [-0.023642495, -0.022060312, 0.0002558492, 1.0)]])
-0.023642495, -0.022060312, 0.0002558492
float3(-0.21190114, 0.3157257, -1.5687422)
100.65453
133755.598266583
normal
simd_float4x4([[0.076311745, -0.9748124, 0.20956467, 0.0)], [0.94409424, 0.0030365707, -0.3296614, 0.0)], [0.32072175, 0.22300586, 0.9205465, 0.0)], [-0.029395815, -0.024842303, -0.001529308, 1.0)]])
-0.029395815, -0.024842303, -0.001529308
float3(-0.22489691, 0.33525196, -1.5676813)
100.65453
133755.648260708
normal
simd_float4x4([[0.089374796, -0.9705061, 0.22389741, 0.0)], [0.93755406, 0.006105444, -0.34778583, 0.0)], [0.33616123, 0.24099924, 0.9104476, 0.0)], [-0.036619786, -0.027810123, -0.0034059556, 0.99999994)]])
-0.036619786, -0.027810123, -0.0034059556
float3(-0.2433953, 0.35369924, -1.5645055)
100.65453
133755.698254708
normal
simd_float4x4([[0.10456266, -0.9659028, 0.23685107, 0.0)], [0.9296403, 0.0103196725, -0.36832374, 0.0)], [0.35332075, 0.25869924, 0.89902115, 0.0)], [-0.036707196, -0.02863656, -0.0033048028, 1.0)]])
-0.036707196, -0.02863656, -0.0033048028
float3(-0.26167536, 0.3744626, -1.5601127)
100.65453
133755.764913458
normal
simd_float4x4([[0.12332195, -0.96008396, 0.2510586, 0.0)], [0.9180106, 0.014287094, -0.39629808, 0.0)], [0.37689263, 0.27934676, 0.88312924, 0.0)], [-0.04549408, -0.032104865, -0.0049863206, 0.99999994)]])
-0.04549408, -0.032104865, -0.0049863206
float3(-0.28311372, 0.40336847, -1.5559163)
100.65453
133755.814907666
normal
simd_float4x4([[0.13565265, -0.95666397, 0.25766736, 0.0)], [0.90804213, 0.016020175, -0.4185722, 0.0)], [0.39630505, 0.2907533, 0.8708643, 0.0)], [-0.048347734, -0.033880588, -0.004878873, 1.0)]])
-0.048347734, -0.033880588, -0.004878873
float3(-0.29501405, 0.42706296, -1.554052)
100.65453
133755.8649015
normal
simd_float4x4([[0.1492729, -0.9527898, 0.26440355, 0.0)], [0.89639604, 0.017528947, -0.4429072, 0.0)], [0.41736272, 0.30312434, 0.8566936, 0.0)], [-0.054613307, -0.036279168, -0.0056936136, 0.99999994)]])
-0.054613307, -0.036279168, -0.0056936136
float3(-0.30796954, 0.4533379, -1.552401)
100.65453
133755.914895541
normal
simd_float4x4([[0.1613653, -0.9495878, 0.2687828, 0.0)], [0.8842888, 0.018200947, -0.4665855, 0.0)], [0.43817183, 0.31297237, 0.84264684, 0.0)], [-0.058499143, -0.038303122, -0.0060524745, 1.0)]])
-0.058499143, -0.038303122, -0.0060524745
float3(-0.31832102, 0.47951508, -1.5516315)
100.65453
133755.981554375
normal
simd_float4x4([[0.17594573, -0.9459729, 0.27235714, 0.0)], [0.86969185, 0.019759832, -0.4931992, 0.0)], [0.46117136, 0.32364312, 0.8261816, 0.0)], [-0.06640523, -0.04123285, -0.0061270855, 0.99999994)]])
-0.06640523, -0.04123285, -0.0061270855
float3(-0.3295773, 0.509114, -1.549911)
100.65453
133756.031548458
normal
simd_float4x4([[0.18763277, -0.9429498, 0.27502656, 0.0)], [0.85676503, 0.020184308, -0.5153118, 0.0)], [0.48036188, 0.33232254, 0.81167364, 0.0)], [-0.07136038, -0.043685257, -0.005840523, 1.0000001)]])
-0.07136038, -0.043685257, -0.005840523
float3(-0.338765, 0.5343805, -1.5493941)
100.65453
133756.081542375
normal
simd_float4x4([[0.20021455, -0.9393877, 0.2783253, 0.0)], [0.8429622, 0.020385072, -0.5375862, 0.0)], [0.49932817, 0.34225035, 0.79594964, 0.0)], [-0.07745224, -0.046228945, -0.0057969354, 1.0)]])
-0.07745224, -0.046228945, -0.0057969354
float3(-0.34931085, 0.56027764, -1.5490993)
100.65453
133756.181530583
normal
simd_float4x4([[0.22780606, -0.931125, 0.2847993, 0.0)], [0.81295675, 0.020897092, -0.5819489, 0.0)], [0.5359157, 0.36410108, 0.7617248, 0.0)], [-0.089007325, -0.0518857, -0.0058934037, 1.0)]])
-0.089007325, -0.0518857, -0.0058934037
float3(-0.37266746, 0.6131082, -1.5483572)
100.65453
133756.231524666
normal
simd_float4x4([[0.24393125, -0.92643017, 0.28674832, 0.0)], [0.7959476, 0.022329915, -0.6049534, 0.0)], [0.55404407, 0.37580374, 0.74283683, 0.0)], [-0.09530151, -0.05482968, -0.0056506116, 1.0)]])
-0.09530151, -0.05482968, -0.0056506116
float3(-0.38526395, 0.64083916, -1.5466979)
100.65453
133756.298183291
normal
simd_float4x4([[0.26700082, -0.91782796, 0.2937727, 0.0)], [0.77526975, 0.02350164, -0.63119274, 0.0)], [0.57242227, 0.39628214, 0.7178392, 0.0)], [-0.10344579, -0.05903192, -0.0052291956, 1.0)]])
-0.10344579, -0.05903192, -0.0052291956
float3(-0.4074639, 0.6731683, -1.5451962)
100.65453
133756.364842125
normal
simd_float4x4([[0.28798503, -0.91066873, 0.2962214, 0.0)], [0.7594918, 0.028785458, -0.6498795, 0.0)], [0.5832981, 0.4121334, 0.6999352, 0.0)], [-0.111156024, -0.062415056, -0.0034708604, 0.99999994)]])
-0.111156024, -0.062415056, -0.0034708604
float3(-0.42479432, 0.69475406, -1.5391977)
100.65453
133756.414836291
normal
simd_float4x4([[0.30748677, -0.9034854, 0.2986066, 0.0)], [0.75762576, 0.042588346, -0.6512982, 0.0)], [0.5757212, 0.42649764, 0.69759923, 0.0)], [-0.116369985, -0.06485353, -0.0017956393, 1.0)]])
-0.116369985, -0.06485353, -0.0017956393
float3(-0.44061702, 0.68997216, -1.5236933)
100.65453
133756.464830125
normal
simd_float4x4([[0.3261768, -0.8914453, 0.3145376, 0.0)], [0.7636671, 0.05237698, -0.64348197, 0.0)], [0.5571544, 0.45009097, 0.69785166, 0.0)], [-0.12334112, -0.06866545, -0.00020579332, 0.99999994)]])
-0.12334112, -0.06866545, -0.00020579332
float3(-0.4668672, 0.6737555, -1.5121087)
100.65453
133756.531489041
normal
simd_float4x4([[0.34192583, -0.8790978, 0.33207473, 0.0)], [0.7564012, 0.047776874, -0.65236074, 0.0)], [0.5576235, 0.47424075, 0.68128675, 0.0)], [-0.12676051, -0.07228145, 0.0008280836, 1.0)]])
-0.12676051, -0.07228145, 0.0008280836
float3(-0.49410143, 0.68591154, -1.5165021)
100.65453
133756.581483125
normal
simd_float4x4([[0.3482416, -0.8734522, 0.34030727, 0.0)], [0.7524077, 0.04391634, -0.65723205, 0.0)], [0.55911565, 0.4849254, 0.67248565, 0.0)], [-0.13043886, -0.07534591, 0.0012424476, 1.0)]])
-0.13043886, -0.07534591, 0.0012424476
float3(-0.50627786, 0.69360596, -1.5205595)
100.65453
133756.648141833
normal
simd_float4x4([[0.34874877, -0.8671808, 0.3554881, 0.0)], [0.7523329, 0.03283836, -0.657964, 0.0)], [0.55890006, 0.49690962, 0.663861, 0.0)], [-0.1300287, -0.0788434, -0.00020661205, 1.0)]])
-0.1300287, -0.0788434, -0.00020661205
float3(-0.52003396, 0.6997688, -1.5329465)
100.65453
133756.698135791
normal
simd_float4x4([[0.34826094, -0.8599374, 0.37312442, 0.0)], [0.7587597, 0.024863765, -0.6508957, 0.0)], [0.55045235, 0.50979346, 0.661145, 0.0)], [-0.13023578, -0.08281001, -0.0019569872, 0.99999994)]])
-0.13023578, -0.08281001, -0.0019569872
float3(-0.5349447, 0.69429016, -1.541891)
100.65453
133756.764794416
normal
simd_float4x4([[0.34008205, -0.85270303, 0.39653718, 0.0)], [0.77780074, 0.018049555, -0.6282517, 0.0)], [0.52855474, 0.52208406, 0.66937137, 0.0)], [-0.12477384, -0.08622247, -0.006309931, 1.0)]])
-0.12477384, -0.08622247, -0.006309931
float3(-0.5492926, 0.6683848, -1.5496321)
100.65453
133756.814788708
normal
simd_float4x4([[0.3265264, -0.8504827, 0.41238302, 0.0)], [0.79724604, 0.0134593705, -0.6035043, 0.0)], [0.5077196, 0.52583086, 0.68243873, 0.0)], [-0.120611615, -0.0900701, -0.0094812745, 1.0)]])
-0.120611615, -0.0900701, -0.0094812745
float3(-0.5536916, 0.63963604, -1.554972)
100.65453
133756.881447333
normal
simd_float4x4([[0.30363005, -0.8477312, 0.43492585, 0.0)], [0.8232723, 0.0036464345, -0.5676347, 0.0)], [0.4796158, 0.53041345, 0.6990208, 0.0)], [-0.109666936, -0.09256754, -0.015219043, 0.9999999)]])
-0.109666936, -0.09256754, -0.015219043
float3(-0.5590882, 0.6013532, -1.566495)
100.65453
133756.931441416
normal
simd_float4x4([[0.28642678, -0.8446784, 0.4521925, 0.0)], [0.8432363, -0.0018302032, -0.5375397, 0.0)], [0.4548758, 0.53527105, 0.7117393, 0.0)], [-0.10146292, -0.09569618, -0.020730903, 1.0)]])
-0.10146292, -0.09569618, -0.020730903
float3(-0.5648286, 0.56867766, -1.5729631)
100.65453
133757.014764916
normal
simd_float4x4([[0.2551942, -0.8414749, 0.4762309, 0.0)], [0.8742506, -0.009566066, -0.48538062, 0.0)], [0.4129913, 0.54021144, 0.73321867, 0.0)], [-0.086137764, -0.09674166, -0.027384384, 1.0)]])
-0.086137764, -0.09674166, -0.027384384
float3(-0.57068837, 0.5129651, -1.582164)
100.65453
133757.081423708
normal
simd_float4x4([[0.2301991, -0.84077024, 0.49001393, 0.0)], [0.89754087, -0.01115654, -0.4407899, 0.0)], [0.37606987, 0.54127705, 0.7520574, 0.0)], [-0.07300068, -0.09691187, -0.033387408, 0.9999999)]])
-0.07300068, -0.09691187, -0.033387408
float3(-0.57195514, 0.4636914, -1.584065)
100.65453
133757.131417708
normal
simd_float4x4([[0.21187037, -0.84212667, 0.49591684, 0.0)], [0.9138896, -0.009080854, -0.40586108, 0.0)], [0.3462898, 0.5392033, 0.76768684, 0.0)], [-0.06324929, -0.09589056, -0.035782505, 0.99999994)]])
-0.06324929, -0.09589056, -0.035782505
float3(-0.5694908, 0.42375347, -1.5815792)
100.65453
133757.1980765
normal
simd_float4x4([[0.18635558, -0.84461737, 0.5018896, 0.0)], [0.9332849, -0.0074418015, -0.35905966, 0.0)], [0.307003, 0.53531873, 0.7868818, 0.0)], [-0.04970435, -0.09467152, -0.039774686, 1.0)]])
-0.04970435, -0.09467152, -0.039774686
float3(-0.5648851, 0.37198743, -1.579607)
100.65453
133757.248070583
normal
simd_float4x4([[0.1669551, -0.8453372, 0.5074751, 0.0)], [0.94564193, -0.00840014, -0.32510102, 0.0)], [0.27908292, 0.534167, 0.79798394, 0.0)], [-0.040016294, -0.09343964, -0.041350342, 1.0)]])
-0.040016294, -0.09343964, -0.041350342
float3(-0.56352204, 0.33643872, -1.5807331)
100.65488
133757.298064708
normal
simd_float4x4([[0.14825076, -0.84623724, 0.5117658, 0.0)], [0.95656395, -0.008643223, -0.29139414, 0.0)], [0.2510119, 0.5327362, 0.80819875, 0.0)], [-0.029190501, -0.09273378, -0.0453101, 0.99999994)]])
-0.029190501, -0.09273378, -0.0453101
float3(-0.56183046, 0.30113646, -1.5810096)
100.65488
133757.364723333
normal
simd_float4x4([[0.12279435, -0.8475813, 0.51626295, 0.0)], [0.96840644, -0.011436848, -0.24911444, 0.0)], [0.21704915, 0.5305422, 0.8193988, 0.0)], [-0.017070886, -0.091033384, -0.04637114, 1.0)]])
-0.017070886, -0.091033384, -0.04637114
