ARKit Data
1034307.95123812
normal
simd_float4x4([[0.0274604, -0.982591, 0.183741, 0.0)], [0.988337, -0.00085445, -0.152278, 0.0)], [0.149784, 0.185779, 0.971108, 0.0)], [0.00390925, -0.0615993, -0.351323, 1.0)]])
0.00390925, -0.0615993, -0.351323
float3(-0.186865, 0.153035, -1.57167)
1034308.151351
normal
simd_float4x4([[0.0154586, -0.982455, 0.185855, 0.0)], [0.999671, 0.0113832, -0.0229748, 0.0)], [0.0204561, 0.186149, 0.982309, 0.0)], [-0.0519652, -0.0665633, -0.357047, 1.0)]])
-0.0519652, -0.0665633, -0.357047
float3(-0.187241, 0.0208215, -1.55921)
1034308.35146396
normal
simd_float4x4([[0.016088, -0.983225, 0.181684, 0.0)], [0.999802, 0.0136959, -0.0144133, 0.0)], [0.0116832, 0.18188, 0.983251, 0.0)], [-0.0509845, -0.0666334, -0.357243, 1.0)]])
-0.0509845, -0.0666334, -0.357243
float3(-0.182897, 0.0118816, -1.55687)
1034309.171225
notAvailable
simd_float4x4([[0.00996151, 0.0, 0.99995, 0.0)], [0.0, 1.0, 0.0, 0.0)], [-0.99995, 0.0, 0.00996151, 0.0)], [-0.00434108, -0.0784341, 0.00633252, 1.0)]])
-0.00434108, -0.0784341, 0.00633252
float3(-0.0, -1.56083, 0.0)
1034309.38786833
limited(__ObjC.ARCamera.TrackingState.Reason.initializing)
simd_float4x4([[-0.0121271, -0.988562, 0.150325, 0.0)], [0.999925, -0.0117487, 0.00340529, 0.0)], [-0.00160022, 0.150355, 0.988631, 0.0)], [0.0, 0.0, 0.0, 1.0)]])
0.0, 0.0, 0.0
float3(-0.150928, -0.00161862, -1.58268)
1034309.58791429
limited(__ObjC.ARCamera.TrackingState.Reason.initializing)
simd_float4x4([[0.0111066, -0.98528, 0.170584, 0.0)], [0.999147, 0.017723, 0.037313, 0.0)], [-0.039787, 0.170024, 0.984636, 0.0)], [0.0, 0.0, 0.0, 1.0)]])
0.0, 0.0, 0.0
float3(-0.170854, -0.0403859, -1.55281)
1034309.78802721
limited(__ObjC.ARCamera.TrackingState.Reason.initializing)
simd_float4x4([[-0.0110748, -0.988753, 0.14913, 0.0)], [0.998046, -0.00175954, 0.062453, 0.0)], [-0.0614884, 0.14953, 0.986841, 0.0)], [0.0, 0.0, 0.0, 1.0)]])
0.0, 0.0, 0.0
float3(-0.150093, -0.0622279, -1.57258)
1034309.98814017
limited(__ObjC.ARCamera.TrackingState.Reason.initializing)
simd_float4x4([[-0.0164931, -0.986852, 0.160762, 0.0)], [0.998006, -0.00644989, 0.0627964, 0.0)], [-0.0609341, 0.161477, 0.98499, 0.0)], [0.0, 0.0, 0.0, 1.0)]])
0.0, 0.0, 0.0
float3(-0.162187, -0.0617839, -1.57733)
1034310.20492917
normal
simd_float4x4([[0.0599141, -0.976145, 0.208688, 0.0)], [0.996127, 0.0719472, 0.0505484, 0.0)], [-0.0643571, 0.204851, 0.976675, 0.0)], [0.0703446, -0.0143041, 0.123949, 1.0)]])
0.0703446, -0.0143041, 0.123949
float3(-0.206312, -0.065799, -1.49722)
1034310.42171796
normal
simd_float4x4([[-0.0099682, -0.992231, 0.124009, 0.0)], [0.997418, -0.00104553, 0.07181, 0.0)], [-0.0711224, 0.124404, 0.989679, 0.0)], [0.0867874, -0.0430749, 0.209118, 1.0)]])
0.0867874, -0.0430749, 0.209118
float3(-0.124727, -0.0717408, -1.57185)
1034310.62183104
normal
simd_float4x4([[-0.0237779, -0.994202, 0.104868, 0.0)], [0.998073, -0.0175948, 0.0594967, 0.0)], [-0.0573066, 0.106081, 0.992705, 0.0)], [0.0803492, -0.0499943, 0.208353, 1.0)]])
0.0803492, -0.0499943, 0.208353
float3(-0.106281, -0.0576637, -1.58849)
1034310.83862004
normal
simd_float4x4([[-0.0301364, -0.99438, 0.10149, 0.0)], [0.998837, -0.0261364, 0.0405142, 0.0)], [-0.0376339, 0.102593, 0.994011, 0.0)], [0.0744338, -0.0573722, 0.215959, 1.0)]])
0.0744338, -0.0573722, 0.215959
float3(-0.102774, -0.0378425, -1.59707)
1034311.03873296
normal
simd_float4x4([[-0.0149596, -0.994767, 0.101064, 0.0)], [0.999467, -0.0119452, 0.0303657, 0.0)], [-0.0289996, 0.101465, 0.994416, 0.0)], [0.0657598, -0.0609407, 0.221886, 1.0)]])
0.0657598, -0.0609407, 0.221886
float3(-0.10164, -0.0291542, -1.5828)
1034311.25552187
normal
simd_float4x4([[-0.00749277, -0.995942, 0.089683, 0.0)], [0.999679, -0.00528985, 0.024776, 0.0)], [-0.0242011, 0.0898398, 0.995662, 0.0)], [0.0566867, -0.0636417, 0.229351, 1.0)]])
0.0566867, -0.0636417, 0.229351
float3(-0.0899611, -0.0243017, -1.57611)
1034311.45563492
normal
simd_float4x4([[-0.00359926, -0.995982, 0.0894802, 0.0)], [0.999635, -0.0011873, 0.0269939, 0.0)], [-0.0267792, 0.0895447, 0.995623, 0.0)], [0.0489158, -0.0673736, 0.233498, 1.0)]])
0.0489158, -0.0673736, 0.233498
float3(-0.0896648, -0.0268904, -1.57199)
1034311.65574804
normal
simd_float4x4([[-0.00332791, -0.996186, 0.0871912, 0.0)], [0.998911, 0.000746621, 0.0466568, 0.0)], [-0.0465439, 0.0872515, 0.995098, 0.0)], [0.0417962, -0.0760501, 0.243081, 1.0)]])
0.0417962, -0.0760501, 0.243081
float3(-0.0873626, -0.0467391, -1.57005)
1034311.855861
normal
simd_float4x4([[-0.0117724, -0.994735, 0.101802, 0.0)], [0.996994, -0.00387924, 0.0773875, 0.0)], [-0.0765851, 0.102407, 0.99179, 0.0)], [0.0417629, -0.084112, 0.248475, 1.0)]])
0.0417629, -0.084112, 0.248475
float3(-0.102587, -0.0770661, -1.5747)
1034312.08932588
normal
simd_float4x4([[-0.00369085, -0.995037, 0.0994372, 0.0)], [0.994478, 0.0067772, 0.10473, 0.0)], [-0.104884, 0.0992746, 0.989517, 0.0)], [0.0425132, -0.0836604, 0.258421, 1.0)]])
0.0425132, -0.0836604, 0.258421
float3(-0.0994384, -0.105601, -1.56399)
1034312.30611512
normal
simd_float4x4([[0.00376124, -0.995077, 0.0990305, 0.0)], [0.990954, 0.0169938, 0.13312, 0.0)], [-0.134148, 0.097634, 0.98614, 0.0)], [0.0452225, -0.0826854, 0.264744, 1.0)]])
0.0452225, -0.0826854, 0.264744
float3(-0.0977897, -0.135203, -1.55372)
1034312.50622792
normal
simd_float4x4([[0.000849496, -0.995116, 0.0987121, 0.0)], [0.988592, 0.0157034, 0.149798, 0.0)], [-0.150616, 0.0974587, 0.983777, 0.0)], [0.0476108, -0.0834489, 0.270104, 1.0)]])
0.0476108, -0.0834489, 0.270104
float3(-0.0976136, -0.151921, -1.55502)
1034312.70634092
normal
simd_float4x4([[-0.0035454, -0.994806, 0.101724, 0.0)], [0.98829, 0.0120322, 0.152113, 0.0)], [-0.152547, 0.101072, 0.983114, 0.0)], [0.0475577, -0.0845353, 0.271014, 1.0)]])
0.0475577, -0.0845353, 0.271014
float3(-0.101245, -0.15394, -1.5587)
1034312.92312996
normal
simd_float4x4([[-0.00480237, -0.994442, 0.105179, 0.0)], [0.986333, 0.0126126, 0.164284, 0.0)], [-0.164697, 0.104531, 0.98079, 0.0)], [0.0501659, -0.0846774, 0.272352, 1.0)]])
0.0501659, -0.0846774, 0.272352
float3(-0.104722, -0.166371, -1.55811)
1034313.13991896
normal
simd_float4x4([[-0.00737345, -0.994009, 0.109044, 0.0)], [0.977832, 0.0156531, 0.208808, 0.0)], [-0.209264, 0.108167, 0.971858, 0.0)], [0.0685924, -0.0833164, 0.270861, 1.0)]])
0.0685924, -0.0833164, 0.270861
float3(-0.108379, -0.212085, -1.55505)
1034313.34003183
normal
simd_float4x4([[-0.0202106, -0.994548, 0.1023, 0.0)], [0.961583, 0.00868196, 0.274378, 0.0)], [-0.27377, 0.103915, 0.956165, 0.0)], [0.102714, -0.0816567, 0.277439, 1.0)]])
0.102714, -0.0816567, 0.277439
float3(-0.104103, -0.27886, -1.56207)
1034313.556821
normal
simd_float4x4([[-0.0336416, -0.994181, 0.102336, 0.0)], [0.937599, 0.00406286, 0.347694, 0.0)], [-0.346086, 0.107647, 0.932007, 0.0)], [0.154952, -0.0782295, 0.286472, 1.0)]])
0.154952, -0.0782295, 0.286472
float3(-0.107856, -0.355553, -1.56671)
1034313.77361012
normal
simd_float4x4([[-0.0512831, -0.993473, 0.101893, 0.0)], [0.896805, -0.000916918, 0.442425, 0.0)], [-0.439444, 0.114067, 0.890998, 0.0)], [0.223109, -0.0757012, 0.304653, 1.0)]])
0.223109, -0.0757012, 0.304653
float3(-0.114316, -0.458196, -1.57172)
1034313.97372308
normal
simd_float4x4([[-0.0677682, -0.992639, 0.100376, 0.0)], [0.843264, -0.003219, 0.53749, 0.0)], [-0.533211, 0.121068, 0.837275, 0.0)], [0.288566, -0.0771117, 0.325836, 1.0)]])
0.288566, -0.0771117, 0.325836
float3(-0.121366, -0.567069, -1.57404)
1034314.173836
normal
simd_float4x4([[-0.0798569, -0.993072, 0.086202, 0.0)], [0.779684, -0.00834827, 0.626118, 0.0)], [-0.621061, 0.11721, 0.774949, 0.0)], [0.347667, -0.0785211, 0.352339, 1.0)]])
0.347667, -0.0785211, 0.352339
float3(-0.11748, -0.675607, -1.5792)
1034314.390625
normal
simd_float4x4([[-0.0825303, -0.993273, 0.0812257, 0.0)], [0.710309, -0.00145796, 0.703889, 0.0)], [-0.699036, 0.115787, 0.705651, 0.0)], [0.401274, -0.0778432, 0.377718, 1.0)]])
0.401274, -0.0778432, 0.377718
float3(-0.116048, -0.780689, -1.57226)
1034314.59063725
normal
simd_float4x4([[-0.0901406, -0.99253, 0.0822058, 0.0)], [0.636085, 0.00613825, 0.771594, 0.0)], [-0.766335, 0.121842, 0.630781, 0.0)], [0.443654, -0.0790053, 0.403691, 1.0)]])
0.443654, -0.0790053, 0.403691
float3(-0.122145, -0.88212, -1.56461)
1034314.80728071
normal
simd_float4x4([[-0.0935431, -0.992513, 0.0785357, 0.0)], [0.540948, 0.0155562, 0.840913, 0.0)], [-0.835838, 0.121145, 0.535442, 0.0)], [0.483391, -0.0807195, 0.438843, 1.0)]])
0.483391, -0.0807195, 0.438843
float3(-0.121444, -1.00105, -1.55512)
1034315.02392429
normal
simd_float4x4([[-0.0922363, -0.993775, 0.0624834, 0.0)], [0.436178, 0.016086, 0.899717, 0.0)], [-0.895121, 0.11024, 0.431979, 0.0)], [0.512019, -0.0826013, 0.478067, 1.0)]])
0.512019, -0.0826013, 0.478067
float3(-0.110465, -1.12117, -1.55461)
1034315.24056771
normal
simd_float4x4([[-0.110824, -0.992841, 0.0445532, 0.0)], [0.315953, 0.00730666, 0.948747, 0.0)], [-0.94228, 0.119221, 0.312882, 0.0)], [0.531946, -0.0863925, 0.507013, 1.0)]])
0.531946, -0.0863925, 0.507013
float3(-0.119505, -1.2502, -1.56344)
1034315.45721142
normal
simd_float4x4([[-0.135686, -0.99005, 0.0372937, 0.0)], [0.204288, 0.00887497, 0.978871, 0.0)], [-0.969462, 0.140438, 0.201051, 0.0)], [0.557761, -0.0919713, 0.508156, 1.0)]])
0.557761, -0.0919713, 0.508156
float3(-0.140904, -1.36631, -1.56183)
1034315.65721242
normal
simd_float4x4([[-0.15259, -0.987016, 0.0501583, 0.0)], [0.114245, 0.032796, 0.992911, 0.0)], [-0.981664, 0.157239, 0.107757, 0.0)], [0.607459, -0.099898, 0.496582, 1.0)]])
0.607459, -0.099898, 0.496582
float3(-0.157894, -1.46146, -1.53758)
1034315.87400133
normal
simd_float4x4([[-0.138, -0.989364, 0.0459915, 0.0)], [0.0131044, 0.0446078, 0.998919, 0.0)], [-0.990345, 0.138454, 0.00680916, 0.0)], [0.683764, -0.102246, 0.457172, 1.0)]])
0.683764, -0.102246, 0.457172
float3(-0.1389, -1.56392, -1.52574)
1034316.07411433
normal
simd_float4x4([[-0.132085, -0.990102, 0.0474536, 0.0)], [-0.0489018, 0.0543236, 0.997325, 0.0)], [-0.990031, 0.129412, -0.0555931, 0.0)], [0.7577, -0.0960204, 0.410783, 1.0)]])
0.7577, -0.0960204, 0.410783
float3(-0.129776, -1.62689, -1.51598)
1034316.29090333
normal
simd_float4x4([[-0.159278, -0.987185, 0.00982849, 0.0)], [-0.104333, 0.0267318, 0.994183, 0.0)], [-0.981705, 0.157326, -0.107253, 0.0)], [0.841744, -0.104613, 0.390792, 1.0)]])
0.841744, -0.104613, 0.390792
float3(-0.157983, -1.67962, -1.54372)
1034316.49101629
normal
simd_float4x4([[-0.165144, -0.98622, -0.00989049, 0.0)], [-0.129207, 0.011692, 0.991549, 0.0)], [-0.977769, 0.165026, -0.129358, 0.0)], [0.944431, -0.123963, 0.397169, 1.0)]])
0.944431, -0.123963, 0.397169
float3(-0.165785, -1.70233, -1.55894)
1034316.69112946
normal
simd_float4x4([[-0.158074, -0.987385, 0.00915777, 0.0)], [-0.106454, 0.0262615, 0.993971, 0.0)], [-0.981672, 0.156146, -0.109263, 0.0)], [1.10836, -0.12645, 0.497728, 1.0)]])
1.10836, -0.12645, 0.497728
float3(-0.156788, -1.68164, -1.54421)
1034316.90791833
normal
simd_float4x4([[-0.146229, -0.988884, 0.0269527, 0.0)], [-0.0734235, 0.0380197, 0.996576, 0.0)], [-0.986522, 0.143749, -0.0781669, 0.0)], [1.25358, -0.119111, 0.500863, 1.0)]])
1.25358, -0.119111, 0.500863
float3(-0.144249, -1.64987, -1.53237)
1034317.12470742
normal
simd_float4x4([[-0.164358, -0.985623, 0.0391577, 0.0)], [-0.0695868, 0.0511843, 0.996262, 0.0)], [-0.983943, 0.161019, -0.0769989, 0.0)], [1.36838, -0.110679, 0.618841, 1.0)]])
1.36838, -0.110679, 0.618841
float3(-0.161723, -1.64889, -1.51891)
1034317.32482029
normal
simd_float4x4([[-0.157698, -0.986914, 0.0336328, 0.0)], [-0.0839262, 0.0473307, 0.995347, 0.0)], [-0.983914, 0.154142, -0.090292, 0.0)], [1.48106, -0.119436, 0.696859, 1.0)]])
1.48106, -0.119436, 0.696859
float3(-0.154759, -1.66231, -1.52287)
1034317.52493329
normal
simd_float4x4([[-0.123282, -0.99234, -0.00791155, 0.0)], [-0.123501, 0.00743155, 0.992317, 0.0)], [-0.984657, 0.123312, -0.123471, 0.0)], [1.62962, -0.114581, 0.734457, 1.0)]])
1.62962, -0.114581, 0.734457
float3(-0.123626, -1.69554, -1.56331)
1034317.74172225
normal
simd_float4x4([[-0.119285, -0.992636, -0.0211053, 0.0)], [-0.162359, -0.0014691, 0.986731, 0.0)], [-0.979495, 0.121129, -0.160988, 0.0)], [1.77544, -0.103221, 0.75999, 1.0)]])
1.77544, -0.103221, 0.75999
float3(-0.121427, -1.7337, -1.57228)
1034317.95851138
normal
simd_float4x4([[-0.111271, -0.993233, -0.0332602, 0.0)], [-0.158362, -0.015319, 0.987262, 0.0)], [-0.981091, 0.115121, -0.155586, 0.0)], [1.90782, -0.111483, 0.802792, 1.0)]])
1.90782, -0.111483, 0.802792
float3(-0.115377, -1.72807, -1.58622)
1034318.15862438
normal
simd_float4x4([[-0.108142, -0.993499, -0.0355755, 0.0)], [-0.115003, -0.0230431, 0.993098, 0.0)], [-0.987461, 0.111487, -0.111764, 0.0)], [2.05491, -0.116811, 0.864699, 1.0)]])
2.05491, -0.116811, 0.864699
float3(-0.111719, -1.6835, -1.59399)
1034318.37541346
normal
simd_float4x4([[-0.125157, -0.991849, -0.0238991, 0.0)], [-0.0901173, -0.0126241, 0.995851, 0.0)], [-0.988036, 0.126792, -0.0878028, 0.0)], [2.19435, -0.106798, 0.928442, 1.0)]])
2.19435, -0.106798, 0.928442
float3(-0.127134, -1.65943, -1.58352)
1034318.57552629
normal
simd_float4x4([[-0.14066, -0.989851, 0.0202371, 0.0)], [-0.0998206, 0.034515, 0.994407, 0.0)], [-0.985013, 0.137853, -0.103662, 0.0)], [2.31621, -0.10152, 0.970114, 1.0)]])
2.31621, -0.10152, 0.970114
float3(-0.138294, -1.67565, -1.53594)
1034318.79231533
normal
simd_float4x4([[-0.159447, -0.987036, 0.0183461, 0.0)], [-0.146322, 0.0420075, 0.988345, 0.0)], [-0.976303, 0.154904, -0.151123, 0.0)], [2.45769, -0.117601, 1.0242, 1.0)]])
2.45769, -0.117601, 1.0242
float3(-0.155531, -1.72437, -1.52826)
1034318.99242829
normal
simd_float4x4([[-0.141964, -0.989871, -0.00165303, 0.0)], [-0.242134, 0.0331066, 0.969678, 0.0)], [-0.959801, 0.138059, -0.244381, 0.0)], [2.58775, -0.116843, 1.08496, 1.0)]])
2.58775, -0.116843, 1.08496
float3(-0.138502, -1.82011, -1.53736)
1034319.20921742
normal
simd_float4x4([[-0.142798, -0.988864, -0.0419211, 0.0)], [-0.397879, 0.018571, 0.91725, 0.0)], [-0.906257, 0.147661, -0.3961, 0.0)], [2.6921, -0.108205, 1.1735, 1.0)]])
2.6921, -0.108205, 1.1735
float3(-0.148203, -1.98285, -1.55202)
1034319.40933038
normal
simd_float4x4([[-0.105256, -0.991144, -0.0809548, 0.0)], [-0.572172, -0.00622217, 0.82011, 0.0)], [-0.813351, 0.132642, -0.56645, 0.0)], [2.74612, -0.111856, 1.28867, 1.0)]])
2.74612, -0.111856, 1.28867
float3(-0.133034, -2.17913, -1.57707)
1034319.62611942
normal
simd_float4x4([[-0.0566016, -0.995549, -0.0753611, 0.0)], [-0.745159, -0.00811245, 0.666837, 0.0)], [-0.66448, 0.0939001, -0.741383, 0.0)], [2.76916, -0.111949, 1.43803, 1.0)]])
2.76916, -0.111949, 1.43803
float3(-0.0940386, -2.41084, -1.57894)
1034319.82623233
normal
simd_float4x4([[-0.0470785, -0.995217, -0.0855901, 0.0)], [-0.858585, -0.00347426, 0.51266, 0.0)], [-0.510505, 0.0976216, -0.854315, 0.0)], [2.76836, -0.107927, 1.57359, 1.0)]])
2.76836, -0.107927, 1.57359
float3(-0.0977773, -2.60297, -1.57429)
1034320.04302142
normal
simd_float4x4([[-0.0759078, -0.991362, -0.106951, 0.0)], [-0.953175, 0.0406543, 0.299674, 0.0)], [-0.292738, 0.12469, -0.948028, 0.0)], [2.75532, -0.102975, 1.7034, 1.0)]])
2.75532, -0.102975, 1.7034
float3(-0.125016, -2.84209, -1.52981)
1034320.24313425
normal
simd_float4x4([[-0.0657496, -0.990485, -0.120895, 0.0)], [-0.986364, 0.046196, 0.15796, 0.0)], [-0.150872, 0.129633, -0.980017, 0.0)], [2.75434, -0.119799, 1.82627, 1.0)]])
2.75434, -0.119799, 1.82627
float3(-0.129999, -2.98884, -1.52419)
1034320.44324733
normal
simd_float4x4([[-0.0243549, -0.995011, -0.0967467, 0.0)], [-0.998548, 0.0195603, 0.0502019, 0.0)], [-0.0480591, 0.0978288, -0.994042, 0.0)], [2.76359, -0.127099, 1.96482, 1.0)]])
2.76359, -0.127099, 1.96482
float3(-0.0979855, -3.09328, -1.55114)
1034320.64336033
normal
simd_float4x4([[-0.00910218, -0.991701, -0.128245, 0.0)], [-0.999341, 0.0135293, -0.0336921, 0.0)], [0.0351475, 0.127854, -0.99117, 0.0)], [2.76873, -0.119545, 2.10134, 1.0)]])
2.76873, -0.119545, 2.10134
float3(-0.128205, 3.10615, -1.55715)
1034320.86014938
normal
simd_float4x4([[0.00230063, -0.99173, -0.128321, 0.0)], [-0.997328, 0.00709381, -0.0727052, 0.0)], [0.0730142, 0.128146, -0.989064, 0.0)], [2.75733, -0.122323, 2.23505, 1.0)]])
2.75733, -0.122323, 2.23505
float3(-0.128499, 3.0679, -1.56364)
1034321.06026229
normal
simd_float4x4([[0.00837434, -0.996123, -0.0875703, 0.0)], [-0.998929, -0.00434841, -0.0460638, 0.0)], [0.0455044, 0.0878622, -0.995093, 0.0)], [2.72524, -0.123748, 2.3579, 1.0)]])
2.72524, -0.123748, 2.3579
float3(-0.0879757, 3.0959, -1.57516)
1034321.26037525
normal
simd_float4x4([[-0.00714486, -0.996484, -0.0834803, 0.0)], [-0.999437, 0.00985211, -0.0320631, 0.0)], [0.0327728, 0.0832042, -0.995993, 0.0)], [2.69569, -0.106027, 2.46801, 1.0)]])
2.69569, -0.106027, 2.46801
float3(-0.0833005, 3.1087, -1.56091)
1034321.46048825
normal
simd_float4x4([[-0.0391016, -0.99231, -0.117436, 0.0)], [-0.998053, 0.0444997, -0.0437009, 0.0)], [0.0485907, 0.115498, -0.992118, 0.0)], [2.68271, -0.111159, 2.60625, 1.0)]])
2.68271, -0.111159, 2.60625
float3(-0.115757, 3.09265, -1.52598)
1034321.66060117
normal
simd_float4x4([[-0.0397122, -0.99155, -0.123495, 0.0)], [-0.996275, 0.0487603, -0.071129, 0.0)], [0.0765497, 0.120211, -0.989793, 0.0)], [2.67262, -0.130755, 2.78516, 1.0)]])
2.67262, -0.130755, 2.78516
float3(-0.120502, 3.06441, -1.52166)
1034321.87739029
normal
simd_float4x4([[0.014904, -0.994963, -0.09913, 0.0)], [-0.99275, -0.00289913, -0.120159, 0.0)], [0.119267, 0.100202, -0.987793, 0.0)], [2.65765, -0.124559, 2.97273, 1.0)]])
2.65765, -0.124559, 2.97273
float3(-0.100371, 3.02143, -1.57371)
1034322.09417929
normal
simd_float4x4([[0.0355955, -0.987346, -0.154536, 0.0)], [-0.988277, -0.0118048, -0.152216, 0.0)], [0.148466, 0.158142, -0.976191, 0.0)], [2.63894, -0.12971, 3.15035, 1.0)]])
2.63894, -0.12971, 3.15035
float3(-0.158809, 2.99066, -1.58275)
1034322.29429213
normal
simd_float4x4([[0.0243891, -0.989529, -0.14226, 0.0)], [-0.991361, -0.00559531, -0.13104, 0.0)], [0.128872, 0.144226, -0.981117, 0.0)], [2.61386, -0.143737, 3.32529, 1.0)]])
2.61386, -0.143737, 3.32529
float3(-0.144731, 3.01099, -1.57645)
1034322.51108125
normal
simd_float4x4([[0.0412792, -0.985499, -0.164585, 0.0)], [-0.994463, -0.0245916, -0.10217, 0.0)], [0.0966409, 0.167891, -0.981057, 0.0)], [2.5772, -0.135026, 3.52127, 1.0)]])
2.5772, -0.135026, 3.52127
float3(-0.16869, 3.0434, -1.59574)
1034322.71119413
normal
simd_float4x4([[-0.00634066, -0.9808, -0.194913, 0.0)], [-0.995603, 0.0244094, -0.0904403, 0.0)], [0.0934616, 0.193482, -0.976642, 0.0)], [2.57027, -0.139385, 3.68048, 1.0)]])
2.57027, -0.139385, 3.68048
float3(-0.19471, 3.04619, -1.54591)
1034322.91130704
normal
simd_float4x4([[-0.0293856, -0.985233, -0.168676, 0.0)], [-0.995889, 0.0433229, -0.079551, 0.0)], [0.0856838, 0.165645, -0.982456, 0.0)], [2.57108, -0.153058, 3.88456, 1.0)]])
2.57108, -0.153058, 3.88456
float3(-0.166412, 3.0546, -1.52685)
1034323.11142008
normal
simd_float4x4([[0.019317, -0.988439, -0.150381, 0.0)], [-0.995147, -0.00449346, -0.0982953, 0.0)], [0.0964833, 0.15155, -0.983729, 0.0)], [2.5534, -0.144487, 4.10545, 1.0)]])
2.5534, -0.144487, 4.10545
float3(-0.152136, 3.04383, -1.57534)
1034323.32820917
normal
simd_float4x4([[0.036082, -0.979342, -0.198967, 0.0)], [-0.994813, -0.0162515, -0.100413, 0.0)], [0.0951055, 0.201559, -0.974848, 0.0)], [2.53942, -0.151991, 4.33113, 1.0)]])
2.53942, -0.151991, 4.33113
float3(-0.202949, 3.04434, -1.58739)
1034323.52832208
normal
simd_float4x4([[-0.00272703, -0.985655, -0.168752, 0.0)], [-0.998336, 0.0124034, -0.0563135, 0.0)], [0.0575988, 0.168318, -0.984049, 0.0)], [2.51953, -0.163746, 4.53343, 1.0)]])
2.51953, -0.163746, 4.53343
float3(-0.169123, 3.08313, -1.55821)
1034323.74511108
normal
simd_float4x4([[-0.00192087, -0.981632, -0.190774, 0.0)], [-0.999283, 0.00909902, -0.0367577, 0.0)], [0.0378184, 0.190566, -0.980946, 0.0)], [2.48745, -0.144323, 4.73443, 1.0)]])
2.48745, -0.144323, 4.73443
float3(-0.191739, 3.10306, -1.56153)
1034323.94522408
normal
simd_float4x4([[-0.0430282, -0.982082, -0.183475, 0.0)], [-0.997807, 0.0514902, -0.0416066, 0.0)], [0.0503083, 0.181283, -0.982144, 0.0)], [2.47787, -0.14869, 4.89989, 1.0)]])
2.47787, -0.14869, 4.89989
float3(-0.182291, 3.09041, -1.51841)
1034324.14533696
normal
simd_float4x4([[-0.0350853, -0.984951, -0.169237, 0.0)], [-0.995076, 0.0501371, -0.0855018, 0.0)], [0.0927001, 0.165403, -0.98186, 0.0)], [2.46768, -0.152669, 5.08421, 1.0)]])
2.46768, -0.152669, 5.08421
float3(-0.166167, 3.04746, -1.51994)
1034324.36212604
normal
simd_float4x4([[0.0157519, -0.965499, -0.259928, 0.0)], [-0.995233, 0.00988221, -0.0970198, 0.0)], [0.0962412, 0.260217, -0.960742, 0.0)], [2.44591, -0.153511, 5.31339, 1.0)]])
2.44591, -0.153511, 5.31339
float3(-0.263247, 3.04175, -1.56056)
1034324.57891504
normal
simd_float4x4([[0.022028, -0.969597, -0.243713, 0.0)], [-0.99387, 0.00517965, -0.110438, 0.0)], [0.108342, 0.244651, -0.963539, 0.0)], [2.42393, -0.169596, 5.51775, 1.0)]])
2.42393, -0.169596, 5.51775
float3(-0.24716, 3.02962, -1.56545)
1034324.77902812
normal
simd_float4x4([[0.0258002, -0.972915, -0.229721, 0.0)], [-0.996911, -0.00798701, -0.0781377, 0.0)], [0.0741865, 0.231027, -0.970115, 0.0)], [2.38942, -0.168772, 5.71, 1.0)]])
2.38942, -0.168772, 5.71
float3(-0.233133, 3.06527, -1.57901)
1034324.99581704
normal
simd_float4x4([[0.0101427, -0.978651, -0.205278, 0.0)], [-0.99806, 0.00270375, -0.062204, 0.0)], [0.061431, 0.20551, -0.976725, 0.0)], [2.36847, -0.149353, 5.88936, 1.0)]])
2.36847, -0.149353, 5.88936
float3(-0.206985, 3.07878, -1.56803)
1034325.21260617
normal
simd_float4x4([[-0.0215506, -0.981749, -0.188953, 0.0)], [-0.997905, 0.0326532, -0.0558436, 0.0)], [0.0609944, 0.187354, -0.980397, 0.0)], [2.36689, -0.162746, 6.08529, 1.0)]])
2.36689, -0.162746, 6.08529
float3(-0.188468, 3.07946, -1.53755)
1034325.42939521
normal
simd_float4x4([[0.0227803, -0.98249, -0.184916, 0.0)], [-0.99649, -0.00741083, -0.083385, 0.0)], [0.0805546, 0.186167, -0.97921, 0.0)], [2.35906, -0.158847, 6.30809, 1.0)]])
2.35906, -0.158847, 6.30809
float3(-0.187259, 3.05951, -1.57834)
1034325.64618421
normal
simd_float4x4([[0.0163836, -0.953025, -0.302449, 0.0)], [-0.997914, 0.00330533, -0.0644721, 0.0)], [0.0624432, 0.302875, -0.950983, 0.0)], [2.3455, -0.168676, 6.54548, 1.0)]])
2.3455, -0.168676, 6.54548
float3(-0.307707, 3.07603, -1.56733)
1034325.84629717
normal
simd_float4x4([[0.0259667, -0.963659, -0.26587, 0.0)], [-0.996787, -0.00479851, -0.0799604, 0.0)], [0.0757787, 0.267092, -0.960687, 0.0)], [2.31741, -0.183484, 6.7447, 1.0)]])
2.31741, -0.183484, 6.7447
float3(-0.270374, 3.06288, -1.57578)
1034326.04641025
normal
simd_float4x4([[0.00713569, -0.957719, -0.287618, 0.0)], [-0.997272, 0.0143158, -0.0724113, 0.0)], [0.0734671, 0.28735, -0.955004, 0.0)], [2.29555, -0.156402, 6.94456, 1.0)]])
2.29555, -0.156402, 6.94456
float3(-0.291459, 3.06482, -1.55585)
1034326.24652317
normal
simd_float4x4([[-0.0318062, -0.936944, -0.34803, 0.0)], [-0.995339, 0.0614089, -0.0743577, 0.0)], [0.0910412, 0.344043, -0.93453, 0.0)], [2.29382, -0.161706, 7.15958, 1.0)]])
2.29382, -0.161706, 7.15958
float3(-0.351219, 3.04448, -1.50535)
1034326.44663617
normal
simd_float4x4([[-0.0322868, -0.954582, -0.296195, 0.0)], [-0.992695, 0.0650954, -0.101582, 0.0)], [0.116249, 0.290751, -0.94971, 0.0)], [2.29237, -0.175694, 7.37905, 1.0)]])
2.29237, -0.175694, 7.37905
float3(-0.295012, 3.01979, -1.50271)
1034326.66342517
normal
simd_float4x4([[-0.0142821, -0.941622, -0.33637, 0.0)], [-0.989812, 0.0609742, -0.128662, 0.0)], [0.141661, 0.331105, -0.9329, 0.0)], [2.28097, -0.166486, 7.6279, 1.0)]])
2.28097, -0.166486, 7.6279
float3(-0.337474, 2.99089, -1.50613)
1034326.86353817
normal
simd_float4x4([[0.00350843, -0.951949, -0.306236, 0.0)], [-0.988823, 0.0423433, -0.142955, 0.0)], [0.149053, 0.303315, -0.941161, 0.0)], [2.25405, -0.183604, 7.84258, 1.0)]])
2.25405, -0.183604, 7.84258
float3(-0.308169, 2.98453, -1.52635)
1034327.06365108
normal
simd_float4x4([[0.00830234, -0.960766, -0.277237, 0.0)], [-0.993656, 0.0231683, -0.110047, 0.0)], [0.112152, 0.276391, -0.954479, 0.0)], [2.22223, -0.185439, 8.04861, 1.0)]])
2.22223, -0.185439, 8.04861
float3(-0.280037, 3.02463, -1.54669)
1034327.26376396
normal
simd_float4x4([[-0.00265153, -0.956603, -0.291381, 0.0)], [-0.994533, 0.0329388, -0.099088, 0.0)], [0.104386, 0.289525, -0.951461, 0.0)], [2.20372, -0.177135, 8.24838, 1.0)]])
2.20372, -0.177135, 8.24838
float3(-0.293731, 3.03232, -1.53638)
1034327.48055308
normal
simd_float4x4([[-0.0373353, -0.966096, -0.255467, 0.0)], [-0.992293, 0.0660684, -0.104831, 0.0)], [0.118155, 0.249585, -0.961118, 0.0)], [2.19762, -0.196985, 8.47534, 1.0)]])
2.19762, -0.196985, 8.47534
float3(-0.252251, 3.01927, -1.50252)
1034327.68066604
normal
simd_float4x4([[-0.0134741, -0.969227, -0.245801, 0.0)], [-0.993259, 0.0412781, -0.108317, 0.0)], [0.11513, 0.242685, -0.963249, 0.0)], [2.19153, -0.193921, 8.69671, 1.0)]])
2.19153, -0.193921, 8.69671
float3(-0.245132, 3.02263, -1.52823)
1034327.89745504
normal
simd_float4x4([[0.00522533, -0.94675, -0.321926, 0.0)], [-0.99432, 0.0293046, -0.102321, 0.0)], [0.106306, 0.320632, -0.941219, 0.0)], [2.16958, -0.204793, 8.94122, 1.0)]])
2.16958, -0.204793, 8.94122
float3(-0.326397, 3.02912, -1.53985)
1034328.097568
normal
simd_float4x4([[-0.0245773, -0.954809, -0.296202, 0.0)], [-0.994945, 0.05222, -0.0857763, 0.0)], [0.0973677, 0.292597, -0.951266, 0.0)], [2.14412, -0.218787, 9.15876, 1.0)]])
2.14412, -0.218787, 9.15876
float3(-0.296941, 3.03959, -1.51616)
1034328.29768092
normal
simd_float4x4([[-0.00953417, -0.950146, -0.311659, 0.0)], [-0.996285, 0.0357007, -0.0783618, 0.0)], [0.0855816, 0.309754, -0.946957, 0.0)], [2.11682, -0.201937, 9.36768, 1.0)]])
2.11682, -0.201937, 9.36768
float3(-0.314935, 3.05146, -1.53324)
1034328.51447
normal
simd_float4x4([[-0.0344322, -0.947373, -0.318274, 0.0)], [-0.997608, 0.0516802, -0.0459058, 0.0)], [0.0599384, 0.315932, -0.946887, 0.0)], [2.11089, -0.220095, 9.61123, 1.0)]])
2.11089, -0.220095, 9.61123
float3(-0.321439, 3.07838, -1.5163)
1034328.71458288
normal
simd_float4x4([[0.0106893, -0.961535, -0.274473, 0.0)], [-0.998787, 0.00293041, -0.0491635, 0.0)], [0.0480768, 0.274666, -0.960337, 0.0)], [2.10765, -0.22266, 9.8444, 1.0)]])
2.10765, -0.22266, 9.8444
float3(-0.278242, 3.09157, -1.56775)
1034328.91469596
normal
simd_float4x4([[0.0108618, -0.941398, -0.337123, 0.0)], [-0.99736, 0.0140102, -0.0712566, 0.0)], [0.071804, 0.337007, -0.93876, 0.0)], [2.09347, -0.217709, 10.0784, 1.0)]])
2.09347, -0.217709, 10.0784
float3(-0.343736, 3.06525, -1.55592)
1034329.11480879
normal
simd_float4x4([[0.0146626, -0.963322, -0.267949, 0.0)], [-0.998783, -0.00148958, -0.0492996, 0.0)], [0.0470922, 0.268346, -0.962171, 0.0)], [2.06872, -0.241087, 10.2986, 1.0)]])
2.06872, -0.241087, 10.2986
float3(-0.271675, 3.09269, -1.57234)
1034329.31492171
normal
simd_float4x4([[-0.00696695, -0.967314, -0.253484, 0.0)], [-0.99953, 0.0143035, -0.0271114, 0.0)], [0.029851, 0.253176, -0.96696, 0.0)], [2.04267, -0.227327, 10.5208, 1.0)]])
2.04267, -0.227327, 10.5208
float3(-0.255962, 3.11073, -1.55601)
1034329.53171087
normal
simd_float4x4([[-0.038863, -0.969448, -0.2422, 0.0)], [-0.998776, 0.0451083, -0.0202918, 0.0)], [0.030597, 0.241115, -0.970014, 0.0)], [2.02822, -0.22179, 10.7509, 1.0)]])
2.02822, -0.22179, 10.7509
float3(-0.243514, 3.11006, -1.5243)
1034329.73182371
normal
simd_float4x4([[-0.0362128, -0.982089, -0.184905, 0.0)], [-0.998421, 0.043507, -0.0355437, 0.0)], [0.0429517, 0.183326, -0.982113, 0.0)], [2.01495, -0.232807, 10.9693, 1.0)]])
2.01495, -0.232807, 10.9693
float3(-0.184368, 3.09789, -1.52652)
1034329.94861271
normal
simd_float4x4([[-0.0103855, -0.982623, -0.185323, 0.0)], [-0.997746, 0.0224709, -0.0632319, 0.0)], [0.0662975, 0.184248, -0.980641, 0.0)], [1.9987, -0.223176, 11.2131, 1.0)]])
1.9987, -0.223176, 11.2131
float3(-0.185307, 3.07409, -1.54793)
1034330.14872575
normal
simd_float4x4([[0.00651922, -0.978259, -0.207284, 0.0)], [-0.997126, 0.00928678, -0.0751885, 0.0)], [0.0754788, 0.207178, -0.975387, 0.0)], [1.97702, -0.240024, 11.4349, 1.0)]])
1.97702, -0.240024, 11.4349
float3(-0.20869, 3.06436, -1.5613)
1034330.36551483
normal
simd_float4x4([[-0.0083412, -0.975057, -0.221797, 0.0)], [-0.999419, 0.0154611, -0.030384, 0.0)], [0.0330554, 0.221415, -0.974619, 0.0)], [1.94719, -0.260857, 11.6855, 1.0)]])
1.94719, -0.260857, 11.6855
float3(-0.223265, 3.10769, -1.55494)
1034330.56562771
normal
simd_float4x4([[0.00954173, -0.968029, -0.250655, 0.0)], [-0.999872, -0.00601638, -0.0148271, 0.0)], [0.012845, 0.250764, -0.967963, 0.0)], [1.91966, -0.252141, 11.9009, 1.0)]])
1.91966, -0.252141, 11.9009
float3(-0.25347, 3.12832, -1.57701)
1034330.78241683
normal
simd_float4x4([[-0.0150808, -0.970813, -0.239361, 0.0)], [-0.999825, 0.0173014, -0.00717876, 0.0)], [0.0111105, 0.239211, -0.970904, 0.0)], [1.90373, -0.274184, 12.1374, 1.0)]])
1.90373, -0.274184, 12.1374
float3(-0.241553, 3.13015, -1.55298)
1034330.98252979
normal
simd_float4x4([[0.0102888, -0.976055, -0.21728, 0.0)], [-0.999665, -0.00487783, -0.0254247, 0.0)], [0.0237561, 0.217469, -0.975778, 0.0)], [1.89183, -0.265128, 12.3651, 1.0)]])
1.89183, -0.265128, 12.3651
float3(-0.21922, 3.11725, -1.57579)
1034331.18264275
normal
simd_float4x4([[0.0208933, -0.974207, -0.224685, 0.0)], [-0.999775, -0.0195224, -0.00832135, 0.0)], [0.00372033, 0.224808, -0.974396, 0.0)], [1.86985, -0.253153, 12.5955, 1.0)]])
1.86985, -0.253153, 12.5955
float3(-0.226746, 3.13777, -1.59083)
1034331.39943167
normal
simd_float4x4([[-0.00889674, -0.980618, -0.195724, 0.0)], [-0.999085, 0.00052843, 0.0427663, 0.0)], [-0.041834, 0.195926, -0.979726, 0.0)], [1.83677, -0.268819, 12.842, 1.0)]])
1.83677, -0.268819, 12.842
float3(-0.197202, -3.09892, -1.57026)
1034331.59954471
normal
simd_float4x4([[0.00314861, -0.979169, -0.203022, 0.0)], [-0.997136, -0.0184151, 0.0733511, 0.0)], [-0.0755618, 0.20221, -0.976423, 0.0)], [1.79822, -0.249509, 13.0623, 1.0)]])
1.79822, -0.249509, 13.0623
float3(-0.203614, -3.06436, -1.5896)
1034331.79965767
normal
simd_float4x4([[-0.0466105, -0.979032, -0.198305, 0.0)], [-0.996739, 0.032493, 0.0738606, 0.0)], [-0.0658684, 0.201101, -0.977354, 0.0)], [1.78525, -0.254675, 13.2704, 1.0)]])
1.78525, -0.254675, 13.2704
float3(-0.202481, -3.0743, -1.53762)
1034331.99977063
normal
simd_float4x4([[-0.0334231, -0.983247, -0.179186, 0.0)], [-0.999196, 0.0289044, 0.0277701, 0.0)], [-0.0221256, 0.17997, -0.983423, 0.0)], [1.76854, -0.275464, 13.4989, 1.0)]])
1.76854, -0.275464, 13.4989
float3(-0.180956, -3.1191, -1.54141)
1034332.19988358
normal
simd_float4x4([[0.024098, -0.978323, -0.205675, 0.0)], [-0.999702, -0.0227718, -0.00881308, 0.0)], [0.00393844, 0.205826, -0.978581, 0.0)], [1.7508, -0.267325, 13.7049, 1.0)]])
1.7508, -0.267325, 13.7049
float3(-0.207308, 3.13757, -1.59407)
1034332.39999642
normal
simd_float4x4([[0.038498, -0.974016, -0.223183, 0.0)], [-0.999218, -0.0355073, -0.0173993, 0.0)], [0.00902258, 0.223678, -0.974622, 0.0)], [1.73779, -0.285965, 13.8999, 1.0)]])
1.73779, -0.285965, 13.8999
float3(-0.225586, 3.13234, -1.60723)
1034332.6167855
normal
simd_float4x4([[0.0367043, -0.976335, -0.213127, 0.0)], [-0.999005, -0.0412522, 0.0169297, 0.0)], [-0.025321, 0.212294, -0.976878, 0.0)], [1.71439, -0.293466, 14.1268, 1.0)]])
1.71439, -0.293466, 14.1268
float3(-0.213921, -3.11568, -1.61302)
1034332.83357454
normal
simd_float4x4([[0.0208598, -0.974111, -0.225108, 0.0)], [-0.998184, -0.0330189, 0.0503857, 0.0)], [-0.0565141, 0.223648, -0.97303, 0.0)], [1.70411, -0.283148, 14.3524, 1.0)]])
1.70411, -0.283148, 14.3524
float3(-0.225555, -3.08358, -1.60468)
1034333.05036358
normal
simd_float4x4([[-0.000734, -0.974947, -0.222434, 0.0)], [-0.999651, -0.00516238, 0.0259259, 0.0)], [-0.0264246, 0.222375, -0.974603, 0.0)], [1.68611, -0.314472, 14.5987, 1.0)]])
1.68611, -0.314472, 14.5987
float3(-0.22425, -3.11449, -1.57609)
1034333.25047658
normal
simd_float4x4([[0.0321947, -0.978286, -0.204744, 0.0)], [-0.999472, -0.0306019, -0.0109416, 0.0)], [0.00443843, 0.204988, -0.978754, 0.0)], [1.67024, -0.310211, 14.8309, 1.0)]])
1.67024, -0.310211, 14.8309
float3(-0.206451, 3.13706, -1.60207)
1034333.46726563
normal
simd_float4x4([[0.0278707, -0.977959, -0.206929, 0.0)], [-0.999528, -0.029943, 0.00688905, 0.0)], [-0.0129333, 0.206639, -0.978332, 0.0)], [1.64936, -0.297492, 15.0653, 1.0)]])
1.64936, -0.297492, 15.0653
float3(-0.208139, -3.12837, -1.6014)
1034333.66737858
normal
simd_float4x4([[0.00510445, -0.98554, -0.169366, 0.0)], [-0.998805, -0.0132572, 0.0470407, 0.0)], [-0.0486058, 0.168924, -0.98443, 0.0)], [1.61726, -0.309988, 15.2781, 1.0)]])
1.61726, -0.309988, 15.2781
float3(-0.169738, -3.09226, -1.58425)
1034333.86749154
normal
simd_float4x4([[0.00308115, -0.984831, -0.173489, 0.0)], [-0.998437, -0.0127123, 0.0544308, 0.0)], [-0.0558106, 0.17305, -0.983331, 0.0)], [1.58262, -0.286673, 15.4747, 1.0)]])
1.58262, -0.286673, 15.4747
float3(-0.173925, -3.0849, -1.5837)
1034334.0676045
normal
simd_float4x4([[-0.0401216, -0.986901, -0.156259, 0.0)], [-0.998334, 0.0331032, 0.0472627, 0.0)], [-0.0414709, 0.157895, -0.986585, 0.0)], [1.56614, -0.293319, 15.6625, 1.0)]])
1.56614, -0.293319, 15.6625
float3(-0.158558, -3.09958, -1.53727)
1034334.26771729
normal
simd_float4x4([[-0.0123929, -0.993094, -0.116662, 0.0)], [-0.999913, 0.0117771, 0.00596629, 0.0)], [-0.00455115, 0.116726, -0.993154, 0.0)], [1.54844, -0.306745, 15.8788, 1.0)]])
1.54844, -0.306745, 15.8788
float3(-0.116993, -3.13701, -1.55894)
1034334.46783017
normal
simd_float4x4([[-0.0123604, -0.988107, -0.153268, 0.0)], [-0.999836, 0.01424, -0.011172, 0.0)], [0.0132217, 0.153104, -0.988122, 0.0)], [1.53116, -0.292806, 16.097, 1.0)]])
1.53116, -0.292806, 16.097
float3(-0.153709, 3.12821, -1.55639)
1034334.66794321
normal
simd_float4x4([[0.00635681, -0.990041, -0.140632, 0.0)], [-0.99998, -0.00638056, -0.000282062, 0.0)], [-0.000618052, 0.140631, -0.990062, 0.0)], [1.50154, -0.312588, 16.3126, 1.0)]])
1.50154, -0.312588, 16.3126
float3(-0.141099, -3.14097, -1.57724)
1034334.88473221
normal
simd_float4x4([[-0.0196137, -0.986189, -0.164455, 0.0)], [-0.998393, 0.0105712, 0.0556809, 0.0)], [-0.0531734, 0.165283, -0.984812, 0.0)], [1.46077, -0.315226, 16.5518, 1.0)]])
1.46077, -0.315226, 16.5518
float3(-0.166044, -3.08765, -1.56008)
1034335.10152129
normal
simd_float4x4([[-0.049916, -0.98408, -0.170572, 0.0)], [-0.996092, 0.0365918, 0.0803864, 0.0)], [-0.0728651, 0.173918, -0.982061, 0.0)], [1.43745, -0.30208, 16.7618, 1.0)]])
1.43745, -0.30208, 16.7618
float3(-0.174807, -3.06753, -1.53363)
1034335.30163425
normal
simd_float4x4([[-0.0682608, -0.987472, -0.142265, 0.0)], [-0.995928, 0.0590272, 0.0681483, 0.0)], [-0.058897, 0.146337, -0.98748, 0.0)], [1.42066, -0.321202, 16.9678, 1.0)]])
1.42066, -0.321202, 16.9678
float3(-0.146865, -3.08202, -1.51109)
1034335.51842325
normal
simd_float4x4([[-0.0457371, -0.989693, -0.135706, 0.0)], [-0.998679, 0.0421145, 0.0294475, 0.0)], [-0.0234288, 0.136874, -0.990312, 0.0)], [1.39106, -0.314024, 17.2058, 1.0)]])
1.39106, -0.314024, 17.2058
float3(-0.137305, -3.11794, -1.52827)
1034335.73521233
normal
simd_float4x4([[0.00564818, -0.987059, -0.160256, 0.0)], [-0.999636, -0.0013476, -0.0269317, 0.0)], [0.0263672, 0.16035, -0.986708, 0.0)], [1.32627, -0.311072, 17.4254, 1.0)]])
1.32627, -0.311072, 17.4254
float3(-0.161045, 3.11488, -1.57216)
1034335.93532533
normal
simd_float4x4([[0.00690383, -0.988649, -0.150082, 0.0)], [-0.997411, 0.00393563, -0.0718069, 0.0)], [0.0715825, 0.150189, -0.986063, 0.0)], [1.24675, -0.330102, 17.624, 1.0)]])
1.24675, -0.330102, 17.624
float3(-0.150759, 3.06913, -1.56682)
1034336.15211429
normal
simd_float4x4([[0.019849, -0.982391, -0.185776, 0.0)], [-0.987646, 0.00962273, -0.156409, 0.0)], [0.155442, 0.186586, -0.970064, 0.0)], [1.13981, -0.309507, 17.8107, 1.0)]])
1.13981, -0.309507, 17.8107
float3(-0.187686, 2.9827, -1.561)
1034336.35222738
normal
simd_float4x4([[-0.0194573, -0.943045, -0.332096, 0.0)], [-0.966689, 0.102532, -0.23452, 0.0)], [0.255213, 0.31647, -0.913626, 0.0)], [1.07683, -0.302668, 17.9696, 1.0)]])
1.07683, -0.302668, 17.9696
float3(-0.322006, 2.8692, -1.4625)
