ARKit Data
644576.302651041
normal
simd_float4x4([[0.13234474, -0.8918513, 0.43253458, 0.0)], [0.9837579, 0.17157082, 0.052759863, 0.0)], [-0.12126427, 0.41852692, 0.9000723, 0.0)], [-0.029324044, 0.011932193, 0.025099952, 0.99999994)]])
-0.029324044, 0.011932193, 0.025099952
float3(-0.43182275, -0.13392086, -1.3807421)
100.47151
644576.352644125
normal
simd_float4x4([[0.1398364, -0.89554656, 0.42242402, 0.0)], [0.9826223, 0.178098, 0.05229023, 0.0)], [-0.122061215, 0.4077713, 0.9048887, 0.0)], [-0.029320477, 0.012331928, 0.026624033, 0.99999994)]])
-0.029320477, 0.012331928, 0.026624033
float3(-0.42001188, -0.13408154, -1.3744868)
100.47151
644576.402637125
normal
simd_float4x4([[0.13804923, -0.90497553, 0.40244457, 0.0)], [0.98737633, 0.15760936, 0.015719071, 0.0)], [-0.077654414, 0.39519435, 0.91530925, 0.0)], [-0.026684128, 0.012850568, 0.028146561, 1.0)]])
-0.026684128, 0.012850568, 0.028146561
float3(-0.4062794, -0.08463686, -1.398367)
100.47151
644576.469294625
normal
simd_float4x4([[0.13592818, -0.9012334, 0.41146284, 0.0)], [0.98836386, 0.15197398, 0.0063614454, 0.0)], [-0.068264805, 0.4058104, 0.9114041, 0.0)], [-0.02526918, 0.012775497, 0.028196635, 0.9999999)]])
-0.02526918, 0.012775497, 0.028196635
float3(-0.41786534, -0.07476111, -1.4037391)
100.47151
644576.5526165
normal
simd_float4x4([[0.13186601, -0.91322327, 0.38553149, 0.0)], [0.98923165, 0.14614765, 0.007831708, 0.0)], [-0.06349662, 0.38034734, 0.92266124, 0.0)], [-0.022650054, 0.015622049, 0.028928544, 0.99999994)]])
-0.022650054, 0.015622049, 0.028928544
float3(-0.39017183, -0.06871066, -1.412107)
100.47151
644576.619273958
normal
simd_float4x4([[0.1279462, -0.92039275, 0.36946845, 0.0)], [0.99035543, 0.13853297, 0.0021449935, 0.0)], [-0.053157795, 0.36563072, 0.9292407, 0.0)], [-0.020688087, 0.018691622, 0.029056374, 1.0)]])
-0.020688087, 0.018691622, 0.029056374
float3(-0.37431034, -0.057143345, -1.4214027)
100.471565
644576.702595708
normal
simd_float4x4([[0.12340503, -0.92696404, 0.35427225, 0.0)], [0.9913934, 0.13088416, -0.0028737078, 0.0)], [-0.043704797, 0.35157788, 0.9351378, 0.0)], [-0.020284696, 0.022839762, 0.031949736, 1.0)]])
-0.020284696, 0.022839762, 0.031949736
float3(-0.35925606, -0.046702225, -1.430527)
100.471565
644576.785917708
normal
simd_float4x4([[0.11901489, -0.9386472, 0.3236925, 0.0)], [0.99241394, 0.122577496, -0.009438059, 0.0)], [-0.030818408, 0.32236028, 0.94611514, 0.0)], [-0.01958041, 0.026053026, 0.0377834, 1.0)]])
-0.01958041, 0.026053026, 0.0377834
float3(-0.32822183, -0.03256212, -1.4409417)
100.471565
644577.77450375
notAvailable
simd_float4x4([[-0.048259728, 0.0, 0.9988347, 0.0)], [0.0, 1.0, 0.0, 0.0)], [-0.9988347, 0.0, -0.048259728, 0.0)], [-0.0046144635, -0.04053121, 0.014509127, 1.0)]])
-0.0046144635, -0.04053121, 0.014509127
float3(-0.0, -1.6190748, 0.0)
100.47212
644577.824496708
notAvailable
simd_float4x4([[-0.048259728, 0.0, 0.9988347, 0.0)], [0.0, 1.0, 0.0, 0.0)], [-0.9988347, 0.0, -0.048259728, 0.0)], [-0.0046144635, -0.04053121, 0.014509127, 1.0)]])
-0.0046144635, -0.04053121, 0.014509127
float3(-0.0, -1.6190748, 0.0)
100.47212
644577.874489791
notAvailable
simd_float4x4([[-0.048259728, 0.0, 0.9988347, 0.0)], [0.0, 1.0, 0.0, 0.0)], [-0.9988347, 0.0, -0.048259728, 0.0)], [-0.0046144635, -0.04053121, 0.014509127, 1.0)]])
-0.0046144635, -0.04053121, 0.014509127
float3(-0.0, -1.6190748, 0.0)
100.47212
644577.924482958
limited((extension in ARKit):__C.ARCamera.TrackingState.Reason.initializing)
simd_float4x4([[-0.0059657525, -0.9707418, 0.2400514, 0.0)], [0.99998224, -0.005791284, 0.0014322123, 0.0)], [-1.0237165e-07, 0.24005568, 0.97075903, 0.0)], [0.0, 0.0, 0.0, 1.0)]])
0.0, 0.0, 0.0
float3(-0.2424232, -1.05455264e-07, -1.5767621)
100.47212
644577.974476083
limited((extension in ARKit):__C.ARCamera.TrackingState.Reason.initializing)
simd_float4x4([[-0.0031572955, -0.9613771, 0.27521616, 0.0)], [0.9999948, -0.0028658896, 0.0014609541, 0.0)], [-0.000615789, 0.27521935, 0.9613812, 0.0)], [0.0, 0.0, 0.0, 1.0)]])
0.0, 0.0, 0.0
float3(-0.27881786, -0.0006405252, -1.5737773)
100.47212
644578.024469166
limited((extension in ARKit):__C.ARCamera.TrackingState.Reason.initializing)
simd_float4x4([[0.0038877307, -0.9672383, 0.25384063, 0.0)], [0.9999925, 0.003752938, -0.0010152673, 0.0)], [2.935709e-05, 0.25384268, 0.9672456, 0.0)], [0.0, 0.0, 0.0, 1.0)]])
0.0, 0.0, 0.0
float3(-0.256651, 3.0351228e-05, -1.5669163)
100.47212
644578.074462333
limited((extension in ARKit):__C.ARCamera.TrackingState.Reason.initializing)
simd_float4x4([[0.00534254, -0.9703593, 0.24160726, 0.0)], [0.9999754, 0.004083854, -0.0057101017, 0.0)], [0.0045541627, 0.24163182, 0.9703572, 0.0)], [0.0, 0.0, 0.0, 1.0)]])
0.0, 0.0, 0.0
float3(-0.24404715, 0.0046932506, -1.5665878)
100.47212
644578.141119583
limited((extension in ARKit):__C.ARCamera.TrackingState.Reason.initializing)
simd_float4x4([[0.01523249, -0.9721125, 0.23401983, 0.0)], [0.99971145, 0.010459312, -0.021624096, 0.0)], [0.018573368, 0.23428169, 0.97199136, 0.0)], [0.0, 0.0, 0.0, 1.0)]])
0.0, 0.0, 0.0
float3(-0.23647963, 0.019106248, -1.5600374)
100.47212
644578.224441416
limited((extension in ARKit):__C.ARCamera.TrackingState.Reason.initializing)
simd_float4x4([[0.020924475, -0.9711231, 0.23765963, 0.0)], [0.99939793, 0.0137363225, -0.031861603, 0.0)], [0.027676972, 0.23818322, 0.9708258, 0.0)], [0.0, 0.0, 0.0, 1.0)]])
0.0, 0.0, 0.0
float3(-0.2404948, 0.02850097, -1.5566525)
100.47212
644578.291099041
limited((extension in ARKit):__C.ARCamera.TrackingState.Reason.initializing)
simd_float4x4([[0.026050482, -0.9721523, 0.23289746, 0.0)], [0.9993026, 0.019089669, -0.032092445, 0.0)], [0.02675281, 0.23357104, 0.9719716, 0.0)], [0.0, 0.0, 0.0, 1.0)]])
0.0, 0.0, 0.0
float3(-0.2357487, 0.027517326, -1.5511624)
100.47212
644578.357756375
limited((extension in ARKit):__C.ARCamera.TrackingState.Reason.initializing)
simd_float4x4([[0.028752835, -0.9716252, 0.23477177, 0.0)], [0.99941224, 0.023557745, -0.024903493, 0.0)], [0.018666165, 0.23534983, 0.97173154, 0.0)], [0.0, 0.0, 0.0, 1.0)]])
0.0, 0.0, 0.0
float3(-0.2375785, 0.019206816, -1.5465554)
100.47212
644578.441078291
limited((extension in ARKit):__C.ARCamera.TrackingState.Reason.initializing)
simd_float4x4([[0.038127266, -0.9703377, 0.23872797, 0.0)], [0.99906945, 0.032195173, -0.02870043, 0.0)], [0.020163223, 0.23960009, 0.97066224, 0.0)], [0.0, 0.0, 0.0, 1.0)]])
0.0, 0.0, 0.0
float3(-0.24195392, 0.02076966, -1.5376291)
100.47212
644578.507735708
limited((extension in ARKit):__C.ARCamera.TrackingState.Reason.initializing)
simd_float4x4([[0.045148186, -0.9664504, 0.25285417, 0.0)], [0.9984137, 0.035129204, -0.044001378, 0.0)], [0.033642586, 0.25443962, 0.9665033, 0.0)], [0.0, 0.0, 0.0, 1.0)]])
0.0, 0.0, 0.0
float3(-0.25726822, 0.03479451, -1.5344636)
100.4722
644578.574393208
limited((extension in ARKit):__C.ARCamera.TrackingState.Reason.initializing)
simd_float4x4([[0.044717863, -0.9658998, 0.2550248, 0.0)], [0.99753976, 0.029376946, -0.0636513, 0.0)], [0.053988945, 0.2572437, 0.9648372, 0.0)], [0.0, 0.0, 0.0, 1.0)]])
0.0, 0.0, 0.0
float3(-0.26016882, 0.05589824, -1.5403917)
100.4722
644578.657715
limited((extension in ARKit):__C.ARCamera.TrackingState.Reason.initializing)
simd_float4x4([[0.042190257, -0.96828616, 0.24625584, 0.0)], [0.99509114, 0.018640313, -0.09719153, 0.0)], [0.08951893, 0.24914755, 0.96431947, 0.0)], [0.0, 0.0, 0.0, 1.0)]])
0.0, 0.0, 0.0
float3(-0.25179994, 0.0925659, -1.5515479)
100.4722
644578.707708125
limited((extension in ARKit):__C.ARCamera.TrackingState.Reason.initializing)
simd_float4x4([[0.04433999, -0.972921, 0.22684477, 0.0)], [0.9909823, 0.014094811, -0.13324979, 0.0)], [0.1264442, 0.23070742, 0.9647724, 0.0)], [0.0, 0.0, 0.0, 1.0)]])
0.0, 0.0, 0.0
float3(-0.23280466, 0.1303184, -1.5563102)
100.4722
644578.757701375
normal
simd_float4x4([[0.066926315, -0.93223995, 0.35559723, 0.0)], [0.98685527, 0.009305796, -0.161338, 0.0)], [0.14709662, 0.36172077, 0.9206088, 0.0)], [-9.313226e-10, 0.0, -1.4901161e-08, 0.99999994)]])
-9.313226e-10, 0.0, -1.4901161e-08
float3(-0.370113, 0.15844259, -1.5608145)
100.4722
644578.857687458
normal
simd_float4x4([[0.07275071, -0.9472807, 0.31203616, 0.0)], [0.97780496, 0.00610898, -0.20942795, 0.0)], [0.19648084, 0.3203465, 0.9267003, 0.0)], [-0.021405606, 0.006938424, -0.09096412, 0.99999994)]])
-0.021405606, 0.006938424, -0.09096412
float3(-0.32609525, 0.20892799, -1.5643475)
100.4722
644578.957673583
normal
simd_float4x4([[-0.022768319, -0.97414184, 0.22478698, 0.0)], [0.96685004, -0.07865458, -0.2429285, 0.0)], [0.25432736, 0.21180426, 0.94364005, 0.0)], [0.086708136, 0.10214695, 0.25242513, 0.99999994)]])
0.086708136, 0.10214695, 0.25242513
float3(-0.21342073, 0.2632619, -1.651364)
100.4722
644579.024331125
normal
simd_float4x4([[-0.005492564, -0.99328727, 0.11554298, 0.0)], [0.98565775, -0.024866495, -0.16691442, 0.0)], [0.16866712, 0.11296903, 0.979178, 0.0)], [0.09841822, 0.07022673, 0.28417462, 1.0)]])
0.09841822, 0.07022673, 0.28417462
float3(-0.11321071, 0.17057982, -1.5958257)
100.4722
644579.12431725
normal
simd_float4x4([[0.03599628, -0.9950706, 0.092403896, 0.0)], [0.9832622, 0.018739847, -0.18122947, 0.0)], [0.17860451, 0.09738085, 0.97909, 0.0)], [0.10075077, 0.058967527, 0.28875098, 0.9999998)]])
0.10075077, 0.058967527, 0.28875098
float3(-0.09753542, 0.18043493, -1.5519658)
100.4722
644579.190974708
normal
simd_float4x4([[0.05362916, -0.99500406, 0.08420613, 0.0)], [0.9835247, 0.038054556, -0.17672299, 0.0)], [0.17263569, 0.0922963, 0.9806519, 0.0)], [0.09509576, 0.06441585, 0.28613555, 0.9999999)]])
0.09509576, 0.06441585, 0.28613555
float3(-0.09242785, 0.1742563, -1.5325693)
100.4722
644579.290960833
normal
simd_float4x4([[0.062080346, -0.99728173, 0.03968591, 0.0)], [0.9710744, 0.05116778, -0.23322986, 0.0)], [0.23056526, 0.053016964, 0.97161144, 0.0)], [0.10053176, 0.050089028, 0.2875163, 0.99999994)]])
0.10053176, 0.050089028, 0.2875163
float3(-0.05304183, 0.23299229, -1.519534)
100.4722
644579.357618375
normal
simd_float4x4([[0.06736477, -0.99726033, 0.030556941, 0.0)], [0.95563936, 0.05569111, -0.2892264, 0.0)], [0.28673232, 0.04868508, 0.95677286, 0.0)], [0.10059738, 0.040143233, 0.28710324, 0.99999994)]])
0.10059738, 0.040143233, 0.28710324
float3(-0.048704334, 0.29116952, -1.5150101)
100.4722
644579.457604625
normal
simd_float4x4([[0.060914114, -0.99810183, 0.009059333, 0.0)], [0.94224614, 0.054505836, -0.330456, 0.0)], [0.32933497, 0.028665554, 0.94377786, 0.0)], [0.096973084, 0.03549442, 0.2894181, 0.99999994)]])
0.096973084, 0.03549442, 0.2894181
float3(-0.02866948, 0.3357426, -1.5162411)
100.4722
644579.507597666
normal
simd_float4x4([[0.057351954, -0.9983443, 0.004396413, 0.0)], [0.9372987, 0.05232765, -0.34457633, 0.0)], [0.3437758, 0.023882877, 0.93874806, 0.0)], [0.09417802, 0.034376804, 0.29032975, 1.0)]])
0.09417802, 0.034376804, 0.29032975
float3(-0.023885148, 0.35103926, -1.5184298)
100.4722
644579.574255291
normal
simd_float4x4([[0.050107285, -0.9987382, -0.003330209, 0.0)], [0.93112445, 0.04792058, -0.36153948, 0.0)], [0.36124292, 0.015014923, 0.9323508, 0.0)], [0.09081706, 0.030770928, 0.29122087, 0.9999999)]])
0.09081706, 0.030770928, 0.29122087
float3(-0.015015488, 0.36964417, -1.522852)
100.4722
644579.624248333
normal
simd_float4x4([[0.051516157, -0.99867177, 0.0007843742, 0.0)], [0.9265071, 0.047500387, -0.37326688, 0.0)], [0.37273386, 0.019956002, 0.92772365, 0.0)], [0.086020455, 0.029561844, 0.29316214, 0.99999994)]])
0.086020455, 0.029561844, 0.29316214
float3(-0.019957326, 0.38203347, -1.5232686)
100.4722
644579.674241416
normal
simd_float4x4([[0.050288588, -0.99872273, 0.004883945, 0.0)], [0.91973317, 0.044403937, -0.39002445, 0.0)], [0.38930947, 0.024105705, 0.92079157, 0.0)], [0.0814331, 0.027279649, 0.29449472, 0.99999994)]])
0.0814331, 0.027279649, 0.29449472
float3(-0.024108041, 0.40000466, -1.5263649)
100.4722
644579.724234416
normal
simd_float4x4([[0.055323977, -0.9983852, 0.012889138, 0.0)], [0.9113443, 0.045218565, -0.40915373, 0.0)], [0.40791023, 0.03438245, 0.9123744, 0.0)], [0.07432315, 0.025780428, 0.297117, 0.99999994)]])
0.07432315, 0.025780428, 0.297117
float3(-0.034389228, 0.4204284, -1.5255356)
100.4722
644579.790892
normal
simd_float4x4([[0.060870335, -0.99793726, 0.020394508, 0.0)], [0.8996782, 0.04600488, -0.43412298, 0.0)], [0.43228924, 0.0447737, 0.9006227, 0.0)], [0.063882306, 0.024211168, 0.3018113, 0.9999999)]])
0.063882306, 0.024211168, 0.3018113
float3(-0.044788674, 0.44751126, -1.524729)
100.4722
644579.840884875
normal
simd_float4x4([[0.06847437, -0.99734795, 0.024662111, 0.0)], [0.8857547, 0.049400516, -0.4615171, 0.0)], [0.45907483, 0.053446665, 0.88678837, 0.0)], [0.053887747, 0.022660833, 0.30612582, 0.99999994)]])
0.053887747, 0.022660833, 0.30612582
float3(-0.053472143, 0.47769335, -1.5213048)
100.4722
644579.890878
normal
simd_float4x4([[0.07821662, -0.99655193, 0.027683027, 0.0)], [0.86547863, 0.05409472, -0.4980166, 0.0)], [0.4948019, 0.062912226, 0.86672556, 0.0)], [0.043453887, 0.021269586, 0.31113562, 0.99999994)]])
0.043453887, 0.021269586, 0.31113562
float3(-0.0629538, 0.5187374, -1.5165677)
100.4722
644579.957535625
normal
simd_float4x4([[0.084128, -0.9959132, 0.032851655, 0.0)], [0.83144915, 0.051988285, -0.55316323, 0.0)], [0.5491947, 0.07385099, 0.83242494, 0.0)], [0.027457781, 0.017538372, 0.31830564, 0.99999994)]])
0.027457781, 0.017538372, 0.31830564
float3(-0.07391828, 0.5832008, -1.5186421)
100.4722
644580.007528708
normal
simd_float4x4([[0.090578064, -0.9949837, 0.042461477, 0.0)], [0.79968065, 0.047254685, -0.5985631, 0.0)], [0.5935541, 0.0881723, 0.79994947, 0.0)], [0.015743855, 0.014116481, 0.32220563, 0.9999999)]])
0.015743855, 0.014116481, 0.32220563
float3(-0.08828695, 0.63835466, -1.523339)
100.4722
644580.057521791
normal
simd_float4x4([[0.09207731, -0.99435925, 0.052643623, 0.0)], [0.7618392, 0.03630572, -0.646748, 0.0)], [0.6411887, 0.0996568, 0.76088476, 0.0)], [0.0023700707, 0.009554036, 0.32806763, 0.9999999)]])
0.0023700707, 0.009554036, 0.32806763
float3(-0.0998225, 0.7002339, -1.5343008)
100.4722
644580.107514875
normal
simd_float4x4([[0.09666728, -0.9933585, 0.06240282, 0.0)], [0.7132718, 0.02541019, -0.7004268, 0.0)], [0.69418925, 0.11221852, 0.7109909, 0.0)], [-0.011163052, 0.0051186336, 0.33201334, 0.9999998)]])
-0.011163052, 0.0051186336, 0.33201334
float3(-0.1124554, 0.7734418, -1.5452218)
100.4722
644580.174172291
normal
simd_float4x4([[0.10647967, -0.99219954, 0.064822786, 0.0)], [0.65114385, 0.020312106, -0.7586825, 0.0)], [0.75144774, 0.12299322, 0.64822745, 0.0)], [-0.031019645, -0.00043922663, 0.34342414, 0.99999994)]])
-0.031019645, -0.00043922663, 0.34342414
float3(-0.12330545, 0.8590108, -1.5503274)
100.4722
644580.274158583
normal
simd_float4x4([[0.13418932, -0.98885614, 0.06447119, 0.0)], [0.5584663, 0.021719985, -0.8292428, 0.0)], [0.8186016, 0.14728051, 0.5551575, 0.0)], [-0.05821365, -0.0074348524, 0.36200297, 0.99999994)]])
-0.05821365, -0.0074348524, 0.36200297
float3(-0.14781824, 0.97486675, -1.5488352)
100.4722
644580.324151708
normal
simd_float4x4([[0.14624907, -0.9875022, 0.05874145, 0.0)], [0.51331097, 0.024992917, -0.85783863, 0.0)], [0.8456495, 0.15561074, 0.5105509, 0.0)], [-0.06929672, -0.00995215, 0.3709497, 0.99999994)]])
-0.06929672, -0.00995215, 0.3709497
float3(-0.1562457, 1.0276327, -1.5454925)
100.4722
644580.390809083
normal
simd_float4x4([[0.15476176, -0.98635167, 0.056206144, 0.0)], [0.45481128, 0.020625828, -0.8903489, 0.0)], [0.8770378, 0.16335513, 0.45179603, 0.0)], [-0.082010284, -0.013655014, 0.38407037, 0.9999999)]])
-0.082010284, -0.013655014, 0.38407037
float3(-0.16409051, 1.0951114, -1.5498881)
100.4722
644580.440802166
normal
simd_float4x4([[0.158428, -0.98573726, 0.056767687, 0.0)], [0.4097232, 0.013323142, -0.91211253, 0.0)], [0.8983471, 0.1677632, 0.4059902, 0.0)], [-0.091950044, -0.016665272, 0.39278543, 0.99999994)]])
-0.091950044, -0.016665272, 0.39278543
float3(-0.16856028, 1.1463383, -1.5572813)
100.471886
644580.50745975
normal
simd_float4x4([[0.16807112, -0.9839966, 0.059182864, 0.0)], [0.35996613, 0.0053712204, -0.93294984, 0.0)], [0.9177017, 0.17810576, 0.3551082, 0.0)], [-0.099648416, -0.019588538, 0.40415168, 0.99999994)]])
-0.099648416, -0.019588538, 0.40415168
float3(-0.1790611, 1.201587, -1.5653378)
100.471886
644580.574117208
normal
simd_float4x4([[0.17087977, -0.9836722, 0.056470077, 0.0)], [0.3177602, 0.00076805864, -0.94817066, 0.0)], [0.9326458, 0.17996714, 0.3127032, 0.0)], [-0.106802575, -0.021994822, 0.41570723, 0.9999998)]])
-0.106802575, -0.021994822, 0.41570723
float3(-0.18095304, 1.2472893, -1.5700155)
100.471886
644580.624110333
normal
simd_float4x4([[0.16702662, -0.9843712, 0.0558156, 0.0)], [0.29703695, -0.0037414127, -0.95485866, 0.0)], [0.94014424, 0.1760661, 0.29176968, 0.0)], [-0.10663194, -0.023306679, 0.42292896, 0.99999994)]])
-0.10663194, -0.023306679, 0.42292896
float3(-0.17698868, 1.2698753, -1.5745971)
100.471886
644580.69076775
normal
simd_float4x4([[0.16511203, -0.98476833, 0.054489855, 0.0)], [0.27033487, -0.007944691, -0.9627335, 0.0)], [0.94850254, 0.17368938, 0.26490548, 0.0)], [-0.11477226, -0.026781363, 0.4362153, 0.99999994)]])
-0.11477226, -0.026781363, 0.4362153
float3(-0.17457476, 1.2984478, -1.5788637)
100.471886
644580.757425291
normal
simd_float4x4([[0.16489092, -0.9851198, 0.04847393, 0.0)], [0.23746023, -0.008050597, -0.9713639, 0.0)], [0.9573001, 0.17167969, 0.23259932, 0.0)], [-0.11428306, -0.028705996, 0.44645447, 0.9999999)]])
-0.11428306, -0.028705996, 0.44645447
float3(-0.17253442, 1.332441, -1.5789683)
100.471886
644580.807418375
normal
simd_float4x4([[0.16199045, -0.9859521, 0.04071196, 0.0)], [0.2150024, -0.0050012544, -0.97660065, 0.0)], [0.9630851, 0.16695315, 0.21117191, 0.0)], [-0.12837519, -0.03224674, 0.46259475, 0.99999994)]])
-0.12837519, -0.03224674, 0.46259475
float3(-0.16773863, 1.3549461, -1.5758688)
100.471886
644580.874075791
normal
simd_float4x4([[0.16200304, -0.986119, 0.03639028, 0.0)], [0.19078371, -0.0048816428, -0.98161995, 0.0)], [0.9681718, 0.16596808, 0.18734461, 0.0)], [-0.12810783, -0.03475962, 0.47375733, 0.99999994)]])
-0.12810783, -0.03475962, 0.47375733
float3(-0.16673963, 1.3796551, -1.5757467)
100.471886
644580.940733333
normal
simd_float4x4([[0.16887027, -0.9851616, 0.030649222, 0.0)], [0.16219747, -0.0028958877, -0.98675406, 0.0)], [0.97220105, 0.17160465, 0.15930168, 0.0)], [-0.141321, -0.039949477, 0.49121356, 0.99999994)]])
-0.141321, -0.039949477, 0.49121356
float3(-0.17245825, 1.4083829, -1.5737358)
100.471886
644580.990726375
normal
simd_float4x4([[0.17995265, -0.9832755, 0.028041502, 0.0)], [0.14121553, -0.002388249, -0.9899759, 0.0)], [0.9734861, 0.18210872, 0.13842396, 0.0)], [-0.14333978, -0.042652495, 0.49929237, 0.9999999)]])
-0.14333978, -0.042652495, 0.49929237
float3(-0.1831306, 1.4295491, -1.5732251)
100.471886
644581.057383791
normal
simd_float4x4([[0.19058698, -0.9814142, 0.022420324, 0.0)], [0.11170094, -0.0010100285, -0.9937414, 0.0)], [0.97529453, 0.19189852, 0.1094324, 0.0)], [-0.1551965, -0.047789328, 0.5148139, 0.99999994)]])
-0.1551965, -0.047789328, 0.5148139
float3(-0.19309627, 1.4590592, -1.5718255)
100.471886
644581.157370208
normal
simd_float4x4([[0.19944675, -0.9798728, 0.008369681, 0.0)], [0.070845135, 0.0059000794, -0.99746984, 0.0)], [0.9773444, 0.19953507, 0.070595965, 0.0)], [-0.1632945, -0.05320099, 0.53565454, 0.99999994)]])
-0.1632945, -0.05320099, 0.53565454
float3(-0.20088343, 1.4986892, -1.5647751)
100.471886
644581.224027583
normal
simd_float4x4([[0.1940014, -0.9810009, -0.0007443362, 0.0)], [0.046762835, 0.010005639, -0.9988559, 0.0)], [0.97988605, 0.19374464, 0.047815498, 0.0)], [-0.16148096, -0.054075252, 0.5483857, 0.99999994)]])
-0.16148096, -0.054075252, 0.5483857
float3(-0.19497769, 1.522038, -1.5605973)
100.471886
644581.290685125
normal
simd_float4x4([[0.18802842, -0.98205703, -0.0144617045, 0.0)], [0.016667722, 0.017912786, -0.9997006, 0.0)], [0.9820221, 0.1877311, 0.019736769, 0.0)], [-0.1643136, -0.055502266, 0.5648025, 0.9999999)]])
-0.1643136, -0.055502266, 0.5648025
float3(-0.18885167, 1.5507009, -1.5525583)
100.471886
644581.357342541
normal
simd_float4x4([[0.18241264, -0.98285997, -0.026678361, 0.0)], [-0.008170767, 0.025617342, -0.99963844, 0.0)], [0.98318815, 0.18256466, -0.0033578079, 0.0)], [-0.16103509, -0.05399227, 0.58038294, 0.99999994)]])
-0.16103509, -0.05399227, 0.58038294
float3(-0.18359432, 1.5742115, -1.5447382)
100.47164
644581.424000125
normal
simd_float4x4([[0.17015268, -0.98456395, -0.041009348, 0.0)], [-0.044688415, 0.0338637, -0.99842685, 0.0)], [0.98440385, 0.17171764, -0.03823659, 0.0)], [-0.15919478, -0.05466259, 0.5986384, 0.99999994)]])
-0.15919478, -0.05466259, 0.5986384
float3(-0.17257294, 1.6096191, -1.5364152)
100.47164
644581.490657541
normal
simd_float4x4([[0.15984243, -0.9855583, -0.05590377, 0.0)], [-0.07326216, 0.044631843, -0.9963135, 0.0)], [0.98442006, 0.1633488, -0.065070055, 0.0)], [-0.15384223, -0.052104574, 0.6168575, 0.99999994)]])
-0.15384223, -0.052104574, 0.6168575
float3(-0.16408409, 1.6368002, -1.5255414)
100.47164
644581.557314958
normal
simd_float4x4([[0.14956552, -0.98627526, -0.06993675, 0.0)], [-0.117206454, 0.052548584, -0.9917163, 0.0)], [0.9817804, 0.15652362, -0.10773837, 0.0)], [-0.1525447, -0.05282328, 0.6354344, 0.9999999)]])
-0.1525447, -0.05282328, 0.6354344
float3(-0.1571699, 1.6800967, -1.5175668)
100.47164
644581.6239725
normal
simd_float4x4([[0.14254124, -0.98653466, -0.08019497, 0.0)], [-0.15053955, 0.058471512, -0.9868733, 0.0)], [0.9782739, 0.15274265, -0.14017788, 0.0)], [-0.14698844, -0.051056184, 0.6525588, 0.99999994)]])
-0.14698844, -0.051056184, 0.6525588
float3(-0.1533429, 1.7131186, -1.511596)
100.47164
644581.690629958
normal
simd_float4x4([[0.12979943, -0.98789144, -0.0849847, 0.0)], [-0.19722532, 0.058274, -0.9786247, 0.0)], [0.97172743, 0.14378606, -0.1872733, 0.0)], [-0.14415853, -0.05148135, 0.6678698, 0.99999994)]])
-0.14415853, -0.05148135, 0.6678698
float3(-0.14428617, 1.7611842, -1.5118763)
100.47164
644581.7572875
normal
simd_float4x4([[0.11684444, -0.98912513, -0.089323096, 0.0)], [-0.2284099, 0.06076466, -0.9716669, 0.0)], [0.96652794, 0.13393615, -0.218826, 0.0)], [-0.1368958, -0.0506913, 0.6832531, 0.9999999)]])
-0.1368958, -0.0506913, 0.6832531
float3(-0.13433987, 1.7934469, -1.5094407)
100.47164
644581.823944833
normal
simd_float4x4([[0.10887008, -0.9895122, -0.09493551, 0.0)], [-0.2662192, 0.06299123, -0.9618521, 0.0)], [0.95774454, 0.12999056, -0.2565693, 0.0)], [-0.13598256, -0.052351817, 0.6980697, 0.99999994)]])
-0.13598256, -0.052351817, 0.6980697
float3(-0.13035946, 1.8325396, -1.5072232)
100.47164
644581.890602416
normal
simd_float4x4([[0.10374575, -0.98991066, -0.096507035, 0.0)], [-0.29705298, 0.06176298, -0.9528614, 0.0)], [0.94920826, 0.12752302, -0.2876483, 0.0)], [-0.12884161, -0.052823532, 0.71276635, 0.99999994)]])
-0.12884161, -0.052823532, 0.71276635
float3(-0.1278712, 1.86504, -1.5084846)
100.47164
644581.957259833
normal
simd_float4x4([[0.09872405, -0.99001217, -0.10064363, 0.0)], [-0.33210206, 0.06256076, -0.9411664, 0.0)], [0.93806267, 0.12633972, -0.32260892, 0.0)], [-0.12506925, -0.055268675, 0.7283562, 0.9999998)]])
-0.12506925, -0.055268675, 0.7283562
float3(-0.12667826, 1.9020352, -1.5076883)
100.47164
644582.023917375
normal
simd_float4x4([[0.09274288, -0.9901839, -0.10456789, 0.0)], [-0.36207023, 0.06429258, -0.92993104, 0.0)], [0.9275257, 0.12410539, -0.35255343, 0.0)], [-0.11699845, -0.056082997, 0.7434102, 0.99999994)]])
-0.11699845, -0.056082997, 0.7434102
float3(-0.12442619, 1.9340316, -1.5059574)
100.47164
644582.0739105
normal
simd_float4x4([[0.089149214, -0.9901832, -0.10765503, 0.0)], [-0.38337675, 0.06564455, -0.92125624, 0.0)], [0.9192794, 0.123401694, -0.37376106, 0.0)], [-0.11757226, -0.05780104, 0.75408906, 0.99999994)]])
-0.11757226, -0.05780104, 0.75408906
float3(-0.123717055, 1.9569626, -1.5045978)
100.47164
644582.140568041
normal
simd_float4x4([[0.08612467, -0.9897653, -0.11378451, 0.0)], [-0.40655643, 0.06935175, -0.9109895, 0.0)], [0.90955716, 0.12471852, -0.3964226, 0.0)], [-0.1099774, -0.05879634, 0.767802, 0.9999998)]])
-0.1099774, -0.05879634, 0.767802
float3(-0.12504412, 1.9818137, -1.5008417)
100.47164
644582.207225375
normal
simd_float4x4([[0.085265175, -0.99021375, -0.11048266, 0.0)], [-0.42495456, 0.06415303, -0.9029385, 0.0)], [0.9011899, 0.12393932, -0.41532582, 0.0)], [-0.10948719, -0.06120117, 0.7775896, 0.9999999)]])
-0.10948719, -0.06120117, 0.7775896
float3(-0.12425884, 2.0026479, -1.5060997)
100.47164
644582.273883
normal
simd_float4x4([[0.08756208, -0.99042845, -0.10669742, 0.0)], [-0.43892232, 0.057791993, -0.8966645, 0.0)], [0.8942483, 0.12534569, -0.42966077, 0.0)], [-0.10353785, -0.06398455, 0.7864385, 0.99999994)]])
-0.10353785, -0.06398455, 0.7864385
float3(-0.12567626, 2.0186994, -1.512512)
100.47164
644582.340540291
normal
simd_float4x4([[0.09666186, -0.98960954, -0.106439315, 0.0)], [-0.4447622, 0.052723188, -0.89409554, 0.0)], [0.89041734, 0.13376512, -0.43504462, 0.0)], [-0.10798654, -0.0671574, 0.79262537, 0.99999994)]])
-0.10798654, -0.0671574, 0.79262537
float3(-0.13416727, 2.0252705, -1.5175699)
100.47155
644582.407197958
normal
simd_float4x4([[0.106507145, -0.989366, -0.09905088, 0.0)], [-0.44093576, 0.04229014, -0.8965418, 0.0)], [0.89119685, 0.13916317, -0.43174267, 0.0)], [-0.10469579, -0.071018584, 0.796233, 0.99999994)]])
-0.10469579, -0.071018584, 0.796233
float3(-0.13961631, 2.0219288, -1.5280776)
100.47155
644582.490519708
normal
simd_float4x4([[0.119706474, -0.9884901, -0.09250723, 0.0)], [-0.43429056, 0.031653456, -0.9002165, 0.0)], [0.8927832, 0.14793675, -0.4255028, 0.0)], [-0.10792738, -0.07427678, 0.79434186, 0.99999994)]])
-0.10792738, -0.07427678, 0.79434186
float3(-0.14848174, 2.0155513, -1.5387852)
100.47155
644582.557177333
normal
simd_float4x4([[0.12501359, -0.9878703, -0.09210768, 0.0)], [-0.417019, 0.031918947, -0.9083371, 0.0)], [0.90025926, 0.15196513, -0.4079704, 0.0)], [-0.10583606, -0.07736022, 0.7946022, 0.99999994)]])
-0.10583606, -0.07736022, 0.7946022
float3(-0.15255618, 1.9962832, -1.5384967)
100.47155
644582.607170458
normal
simd_float4x4([[0.12854011, -0.98748267, -0.091407366, 0.0)], [-0.4032953, 0.03215535, -0.9145047, 0.0)], [0.90599686, 0.1544147, -0.3941139, 0.0)], [-0.10947508, -0.077468365, 0.79020697, 0.99999994)]])
-0.10947508, -0.077468365, 0.79020697
float3(-0.15503502, 1.9811114, -1.5382448)
100.47155
644582.67382775
normal
simd_float4x4([[0.13676642, -0.987075, -0.08353281, 0.0)], [-0.37799773, 0.025942761, -0.925443, 0.0)], [0.91564876, 0.15814471, -0.36956403, 0.0)], [-0.10945715, -0.081867896, 0.7857232, 0.9999999)]])
-0.10945715, -0.081867896, 0.7857232
float3(-0.15881144, 1.95441, -1.5445199)
100.47155
644582.740485375
normal
simd_float4x4([[0.14227366, -0.98710275, -0.07338986, 0.0)], [-0.34749854, 0.019614259, -0.9374754, 0.0)], [0.9268241, 0.15888089, -0.3402262, 0.0)], [-0.11455827, -0.08619504, 0.78009415, 0.99999994)]])
-0.11455827, -0.08619504, 0.78009415
float3(-0.15955704, 1.9226127, -1.5509284)
100.47155
644582.807142708
normal
simd_float4x4([[0.14554985, -0.98697144, -0.068574704, 0.0)], [-0.31111914, 0.020135771, -0.95015764, 0.0)], [0.9391592, 0.15963016, -0.30413496, 0.0)], [-0.11773069, -0.09216868, 0.7742495, 0.99999994)]])
-0.11773069, -0.09216868, 0.7742495
float3(-0.160316, 1.8839765, -1.5503976)
100.47155
644582.873800291
normal
simd_float4x4([[0.15995756, -0.98471254, -0.06895386, 0.0)], [-0.28340766, 0.021100061, -0.95876735, 0.0)], [0.94556516, 0.17290413, -0.2757, 0.0)], [-0.12941766, -0.09788481, 0.7711538, 0.9999999)]])
-0.12941766, -0.09788481, 0.7711538
float3(-0.17377745, 1.8545029, -1.549372)
100.47155
644582.940457708
normal
simd_float4x4([[0.17442021, -0.9821444, -0.07049561, 0.0)], [-0.26289037, 0.022546588, -0.9645621, 0.0)], [0.94892883, 0.18677175, -0.25426376, 0.0)], [-0.13928965, -0.10544215, 0.76703835, 0.99999994)]])
-0.13928965, -0.10544215, 0.76703835
float3(-0.18787505, 1.8325948, -1.5478438)
100.47155
644583.00711525
normal
simd_float4x4([[0.19542927, -0.97735757, -0.08111462, 0.0)], [-0.2491655, 0.030514028, -0.9679801, 0.0)], [0.9485378, 0.2093826, -0.23756044, 0.0)], [-0.1553102, -0.11209683, 0.7663693, 0.99999994)]])
-0.1553102, -0.11209683, 0.7663693
float3(-0.21094352, 1.8161976, -1.5395855)
100.47155
644583.073772875
normal
simd_float4x4([[0.21625513, -0.9713048, -0.09899829, 0.0)], [-0.24081497, 0.045200173, -0.9695179, 0.0)], [0.94617224, 0.23350349, -0.22412997, 0.0)], [-0.17069745, -0.11918521, 0.7676915, 0.99999994)]])
-0.17069745, -0.11918521, 0.7676915
float3(-0.23567922, 1.8033898, -1.5242944)
100.47155
644583.140430208
normal
simd_float4x4([[0.22548841, -0.96862876, -0.104465656, 0.0)], [-0.22871004, 0.0516011, -0.97212607, 0.0)], [0.9470199, 0.2430955, -0.20989966, 0.0)], [-0.18871938, -0.12738878, 0.7774347, 0.99999994)]])
-0.18871938, -0.12738878, 0.7774347
float3(-0.24555582, 1.7889125, -1.5175743)
100.47155
644583.207087833
normal
simd_float4x4([[0.23014273, -0.9680665, -0.09940496, 0.0)], [-0.22261031, 0.04706854, -0.9737707, 0.0)], [0.9473536, 0.24623479, -0.2046691, 0.0)], [-0.20593163, -0.1348682, 0.7840201, 0.99999994)]])
-0.20593163, -0.1348682, 0.7840201
float3(-0.2487935, 1.7835692, -1.5222135)
100.47155
644583.273745125
normal
simd_float4x4([[0.22622398, -0.96969694, -0.09225218, 0.0)], [-0.2230403, 0.040624123, -0.97396237, 0.0)], [0.948196, 0.24090958, -0.20709135, 0.0)], [-0.22455849, -0.14722559, 0.7946527, 0.99999994)]])
-0.22455849, -0.14722559, 0.7946527
float3(-0.24330293, 1.7858254, -1.5289272)
100.471275
644583.323738208
normal
simd_float4x4([[0.22107041, -0.9715898, -0.084504604, 0.0)], [-0.23050722, 0.03213883, -0.9725397, 0.0)], [0.9476256, 0.23447867, -0.21685351, 0.0)], [-0.23746894, -0.15478408, 0.80495775, 0.99999994)]])
-0.23746894, -0.15478408, 0.80495775
float3(-0.23668225, 1.7957616, -1.5377297)
100.471275
644583.407060041
normal
simd_float4x4([[0.20976989, -0.97429544, -0.082126535, 0.0)], [-0.25888154, 0.025652617, -0.96556836, 0.0)], [0.94285566, 0.2238082, -0.24684598, 0.0)], [-0.25088555, -0.1658477, 0.82750833, 0.99999994)]])
-0.25088555, -0.1658477, 0.82750833
float3(-0.22572005, 1.826856, -1.544473)
100.471275
644583.457053416
normal
simd_float4x4([[0.20401672, -0.9760779, -0.0751595, 0.0)], [-0.2661851, 0.018572524, -0.963743, 0.0)], [0.94208413, 0.216626, -0.2560283, 0.0)], [-0.2532756, -0.16977069, 0.8440232, 0.99999994)]])
-0.2532756, -0.16977069, 0.8440232
float3(-0.21835707, 1.8361553, -1.5517709)
100.471275
644583.523710791
normal
simd_float4x4([[0.20328425, -0.9760423, -0.07756777, 0.0)], [-0.30612797, 0.01189191, -0.951916, 0.0)], [0.93003273, 0.2172552, -0.2963764, 0.0)], [-0.2491754, -0.17625166, 0.8675497, 0.9999998)]])
-0.2491754, -0.17625166, 0.8675497
float3(-0.21900162, 1.8792951, -1.5586132)
100.471275
644583.59036825
normal
simd_float4x4([[0.2136932, -0.97192574, -0.09846595, 0.0)], [-0.34050313, 0.020368863, -0.9400227, 0.0)], [0.91563785, 0.23440443, -0.32659107, 0.0)], [-0.240802, -0.17796028, 0.89390934, 0.99999994)]])
-0.240802, -0.17796028, 0.89390934
float3(-0.23660588, 1.913411, -1.5498421)
100.471275
644583.657025708
normal
simd_float4x4([[0.20676707, -0.9723859, -0.10822612, 0.0)], [-0.38348386, 0.021219704, -0.9233037, 0.0)], [0.9001041, 0.23241176, -0.3685068, 0.0)], [-0.22360343, -0.17988709, 0.9162471, 0.99999994)]])
-0.22360343, -0.17988709, 0.9162471
float3(-0.2345566, 1.9593837, -1.5489775)
100.471275
644583.723683375
normal
simd_float4x4([[0.1966878, -0.9736813, -0.11514569, 0.0)], [-0.42441675, 0.021315109, -0.905216, 0.0)], [0.8838462, 0.2269147, -0.40905425, 0.0)], [-0.20233789, -0.17897901, 0.93736047, 0.9999999)]])
-0.20233789, -0.17897901, 0.93736047
float3(-0.22890857, 2.0042531, -1.5489086)
100.471275
644583.790340541
normal
simd_float4x4([[0.18952097, -0.97532666, -0.11322399, 0.0)], [-0.4743404, 0.01001906, -0.88028437, 0.0)], [0.85969925, 0.22053906, -0.4607381, 0.0)], [-0.17898105, -0.17910676, 0.9526323, 0.9999999)]])
-0.17898105, -0.17910676, 0.9526323
float3(-0.22236711, 2.0627725, -1.5605242)
100.471275
644583.856998208
normal
simd_float4x4([[0.18251786, -0.9771444, -0.10897698, 0.0)], [-0.519964, -0.0018585509, -0.8541862, 0.0)], [0.83446074, 0.21256831, -0.5084191, 0.0)], [-0.15135181, -0.17674753, 0.967627, 0.99999994)]])
-0.15135181, -0.17674753, 0.967627
float3(-0.2142026, 2.1180105, -1.5726984)
100.471275
644583.923655625
normal
simd_float4x4([[0.17367777, -0.97981983, -0.09893878, 0.0)], [-0.5698407, -0.018049072, -0.82155687, 0.0)], [0.8031921, 0.1990655, -0.5614761, 0.0)], [-0.12390465, -0.17457263, 0.9766261, 0.99999994)]])
-0.12390465, -0.17457263, 0.9766261
float3(-0.20040426, 2.1808884, -1.589215)
100.471275
644583.990313166
normal
simd_float4x4([[0.16378003, -0.98174334, -0.09672663, 0.0)], [-0.6170297, -0.025443401, -0.7865284, 0.0)], [0.7697081, 0.18850084, -0.60993195, 0.0)], [-0.090841934, -0.17132717, 0.9866695, 0.99999994)]])
-0.090841934, -0.17132717, 0.9866695
float3(-0.1896354, 2.2408981, -1.5967071)
100.471275
644584.056970791
normal
simd_float4x4([[0.15094951, -0.98302126, -0.10432292, 0.0)], [-0.6576888, -0.021081124, -0.7529947, 0.0)], [0.7380107, 0.18227617, -0.6497043, 0.0)], [-0.0614356, -0.16726717, 0.993861, 0.9999999)]])
-0.0614356, -0.16726717, 0.993861
float3(-0.18330091, 2.2926457, -1.5922383)
100.471275
644584.123628041
normal
simd_float4x4([[0.12940803, -0.98536235, -0.11097093, 0.0)], [-0.69456655, -0.010204217, -0.71935606, 0.0)], [0.7076941, 0.17016715, -0.6857202, 0.0)], [-0.025979286, -0.16273063, 1.0035849, 0.99999994)]])
-0.025979286, -0.16273063, 1.0035849
float3(-0.17099929, 2.340426, -1.5811517)
100.471275
644584.190285666
normal
simd_float4x4([[0.107676126, -0.9876679, -0.11365642, 0.0)], [-0.7232453, 0.0006215038, -0.69059086, 0.0)], [0.6821452, 0.15656161, -0.71425927, 0.0)], [-5.923018e-05, -0.15729664, 1.0109992, 0.9999999)]])
-5.923018e-05, -0.15729664, 1.0109992
float3(-0.15720837, 2.379188, -1.5701671)
100.471275
644584.256943041
normal
simd_float4x4([[0.08849846, -0.9897677, -0.11192777, 0.0)], [-0.7521164, 0.007272576, -0.6589902, 0.0)], [0.6530612, 0.1425023, -0.7437769, 0.0)], [0.034154147, -0.15408106, 1.0201766, 0.9999999)]])
0.034154147, -0.15408106, 1.0201766
float3(-0.14298905, 2.421047, -1.5634487)
100.4712
644584.323600583
normal
simd_float4x4([[0.07485998, -0.99090916, -0.11178041, 0.0)], [-0.7751449, 0.0126948245, -0.6316558, 0.0)], [0.6273326, 0.13393174, -0.767148, 0.0)], [0.061416753, -0.1527694, 1.0298215, 0.99999994)]])
0.061416753, -0.1527694, 1.0298215
float3(-0.13433541, 2.4561238, -1.5579858)
100.4712
644584.390258041
normal
simd_float4x4([[0.058706056, -0.9921114, -0.11076304, 0.0)], [-0.79722315, 0.020185964, -0.60334706, 0.0)], [0.60082346, 0.12372299, -0.7897492, 0.0)], [0.09530522, -0.15053971, 1.042728, 0.99999994)]])
0.09530522, -0.15053971, 1.042728
float3(-0.124040835, 2.4912295, -1.5504527)
100.4712
644584.456915541
normal
simd_float4x4([[0.048259523, -0.9922263, -0.11470776, 0.0)], [-0.81761533, 0.02672354, -0.57514435, 0.0)], [0.5737388, 0.12154301, -0.8099698, 0.0)], [0.12288754, -0.1501089, 1.0575459, 0.99999994)]])
0.12288754, -0.1501089, 1.0575459
float3(-0.12184427, 2.5252874, -1.54387)
100.4712
644584.50690875
normal
simd_float4x4([[0.044151455, -0.9922389, -0.116243385, 0.0)], [-0.83007646, 0.028310118, -0.5569305, 0.0)], [0.5558991, 0.12108018, -0.82238424, 0.0)], [0.14751509, -0.14985788, 1.0690458, 0.9999999)]])
0.14751509, -0.14985788, 1.0690458
float3(-0.121378, 2.5471835, -1.5422726)
100.4712
644584.573566166
normal
simd_float4x4([[0.051366575, -0.9915801, -0.118870564, 0.0)], [-0.8404112, 0.021382647, -0.54152733, 0.0)], [0.5395095, 0.12771654, -0.83223677, 0.0)], [0.16746761, -0.15211394, 1.0843847, 0.99999994)]])
0.16746761, -0.15211394, 1.0843847
float3(-0.12806632, 2.5664384, -1.5492355)
100.4712
644584.640223541
normal
simd_float4x4([[0.063381106, -0.99012154, -0.12506846, 0.0)], [-0.8369716, 0.015520845, -0.5470261, 0.0)], [0.54356354, 0.13934986, -0.8277199, 0.0)], [0.19362338, -0.1530056, 1.0958836, 0.99999994)]])
0.19362338, -0.1530056, 1.0958836
float3(-0.13980484, 2.5605218, -1.5551219)
100.4712
644584.706881166
normal
simd_float4x4([[0.07205362, -0.98923624, -0.12735716, 0.0)], [-0.8083186, 0.016889568, -0.58850294, 0.0)], [0.5843194, 0.14534892, -0.7984011, 0.0)], [0.2107523, -0.15047994, 1.1031504, 0.9999999)]])
0.2107523, -0.15047994, 1.1031504
float3(-0.14586563, 2.5098014, -1.5537246)
100.4712
644584.756874333
normal
simd_float4x4([[0.070303276, -0.9903907, -0.119094886, 0.0)], [-0.7840676, 0.018944373, -0.62038636, 0.0)], [0.6166811, 0.13699362, -0.7752014, 0.0)], [0.22771718, -0.14637129, 1.105008, 0.99999994)]])
0.22771718, -0.14637129, 1.105008
float3(-0.13742578, 2.469595, -1.5516704)
100.4712
644584.823531666
normal
simd_float4x4([[0.057972163, -0.9935067, -0.097895004, 0.0)], [-0.73792505, 0.023400739, -0.67447686, 0.0)], [0.67238814, 0.11134005, -0.73177695, 0.0)], [0.24286716, -0.13796517, 1.1070609, 0.9999999)]])
0.24286716, -0.13796517, 1.1070609
float3(-0.11157139, 2.398464, -1.547247)
100.4712
644584.890189291
normal
simd_float4x4([[0.050013755, -0.9948707, -0.087925114, 0.0)], [-0.6831849, 0.030138146, -0.72962314, 0.0)], [0.72853065, 0.096560314, -0.67817336, 0.0)], [0.26651198, -0.1300032, 1.108578, 0.9999999)]])
0.26651198, -0.1300032, 1.108578
float3(-0.096711, 2.3204117, -1.5405121)
100.4712
644584.940182375
normal
simd_float4x4([[0.04912744, -0.9953124, -0.08330319, 0.0)], [-0.63428354, 0.033337366, -0.77238125, 0.0)], [0.7715379, 0.09078297, -0.6296726, 0.0)], [0.28090107, -0.12581572, 1.1126963, 0.9999998)]])
0.28090107, -0.12581572, 1.1126963
float3(-0.09090813, 2.2552934, -1.5373144)
100.4712
644585.006839833
normal
simd_float4x4([[0.052418567, -0.9957367, -0.075898044, 0.0)], [-0.5750233, 0.032042053, -0.8175093, 0.0)], [0.816456, 0.08649582, -0.5708923, 0.0)], [0.3078862, -0.120812, 1.1194098, 0.9999999)]])
0.3078862, -0.120812, 1.1194098
float3(-0.08660404, 2.1810067, -1.5386282)
100.4712
644585.07349725
normal
simd_float4x4([[0.058950834, -0.99578637, -0.07024272, 0.0)], [-0.51236004, 0.030208293, -0.85823923, 0.0)], [0.85674506, 0.08658348, -0.5084204, 0.0)], [0.33897138, -0.11824039, 1.1294435, 0.9999999)]])
0.33897138, -0.11824039, 1.1294435
float3(-0.08669203, 2.1063728, -1.5404695)
100.4712
644585.123490375
normal
simd_float4x4([[0.06543419, -0.99538976, -0.070124, 0.0)], [-0.46517736, 0.03174291, -0.8846482, 0.0)], [0.88279575, 0.09050633, -0.4609557, 0.0)], [0.3634377, -0.116640694, 1.1403173, 0.99999994)]])
0.3634377, -0.116640694, 1.1403173
float3(-0.09063035, 2.05201, -1.5389172)
100.4712
644585.190148
normal
simd_float4x4([[0.06486738, -0.9954859, -0.06928121, 0.0)], [-0.41149914, 0.036564942, -0.9106763, 0.0)], [0.90909874, 0.08758234, -0.40726975, 0.0)], [0.3992146, -0.115455486, 1.1569124, 0.99999994)]])
0.3992146, -0.115455486, 1.1569124
float3(-0.0876947, 1.9919798, -1.534082)
100.47118
644585.2568055
normal
simd_float4x4([[0.059454665, -0.99620366, -0.06358632, 0.0)], [-0.36735874, 0.03739326, -0.9293273, 0.0)], [0.92817706, 0.078611836, -0.36374095, 0.0)], [0.4359174, -0.11475387, 1.1763322, 0.99999994)]])
0.4359174, -0.11475387, 1.1763322
float3(-0.07869303, 1.9442897, -1.5332782)
100.47118
644585.306798625
normal
simd_float4x4([[0.0587469, -0.9965471, -0.058673684, 0.0)], [-0.33319956, 0.035830162, -0.94217527, 0.0)], [0.9410244, 0.07489992, -0.32994413, 0.0)], [0.4709976, -0.11315629, 1.1879457, 0.99999994)]])
0.4709976, -0.11315629, 1.1879457
float3(-0.074970126, 1.9080254, -1.5348575)
100.47118
644585.373455916
normal
simd_float4x4([[0.05798536, -0.9970136, -0.051003594, 0.0)], [-0.2952765, 0.031675525, -0.95488656, 0.0)], [0.95365053, 0.0704296, -0.29255798, 0.0)], [0.5105769, -0.11365078, 1.2103019, 0.9999999)]])
0.5105769, -0.11365078, 1.2103019
float3(-0.07048795, 1.8684589, -1.5390366)
100.47118
644585.423449
normal
