ARKit Data
96057.587450041
normal
simd_float4x4([[0.00710242, 0.999361, -0.0350376, 0.0)], [0.0477757, 0.0346593, 0.998257, 0.0)], [0.998833, -0.00876398, -0.047499, 0.0)], [-349515.0, -2.75055e+06, -2.41740e+06, 1.0)]])
-349515.0, -2.75055e+06, -2.41740e+06
float3(0.00876409, 1.61832, 1.53613)
96057.939246416
notAvailable
simd_float4x4([[1.0, 0.0, 0.0, 0.0)], [0.0, 1.0, 0.0, 0.0)], [0.0, 0.0, 1.0, 0.0)], [0.0, 0.0, 0.0, 1.0)]])
0.0, 0.0, 0.0
float3(-0.0, 0.0, 0.0)
96058.05589625
limited(__ObjC.ARCamera.TrackingState.Reason.initializing)
simd_float4x4([[0.123477, -0.961216, -0.24661, 0.0)], [0.992347, 0.119604, 0.0306857, 0.0)], [-6.07542e-09, -0.248512, 0.968629, 0.0)], [0.0, 0.0, 0.0, 1.0)]])
0.0, 0.0, 0.0
float3(0.251144, -6.27219e-09, -1.447)
96058.189210208
limited(__ObjC.ARCamera.TrackingState.Reason.initializing)
simd_float4x4([[0.123672, -0.961363, -0.24594, 0.0)], [0.992323, 0.119886, 0.0303681, 0.0)], [0.000290121, -0.247808, 0.968809, 0.0)], [0.0, 0.0, 0.0, 1.0)]])
0.0, 0.0, 0.0
float3(0.250417, 0.000299462, -1.44673)
96058.322524
limited(__ObjC.ARCamera.TrackingState.Reason.initializing)
simd_float4x4([[0.121713, -0.960313, -0.250965, 0.0)], [0.992565, 0.117769, 0.0307342, 0.0)], [4.14048e-05, -0.25284, 0.967508, 0.0)], [0.0, 0.0, 0.0, 1.0)]])
0.0, 0.0, 0.0
float3(0.255615, 4.27953e-05, -1.44877)
96058.455838166
limited(__ObjC.ARCamera.TrackingState.Reason.initializing)
simd_float4x4([[0.119455, -0.960908, -0.249773, 0.0)], [0.992839, 0.115833, 0.0292061, 0.0)], [0.000867551, -0.251473, 0.967864, 0.0)], [0.0, 0.0, 0.0, 1.0)]])
0.0, 0.0, 0.0
float3(0.254202, 0.000896356, -1.45083)
96058.589151916
limited(__ObjC.ARCamera.TrackingState.Reason.initializing)
simd_float4x4([[0.119386, -0.960592, -0.251017, 0.0)], [0.992845, 0.116073, 0.028021, 0.0)], [0.00221944, -0.252566, 0.967577, 0.0)], [0.0, 0.0, 0.0, 1.0)]])
0.0, 0.0, 0.0
float3(0.255332, 0.0022938, -1.45054)
96058.722465875
limited(__ObjC.ARCamera.TrackingState.Reason.initializing)
simd_float4x4([[0.121969, -0.96055, -0.249934, 0.0)], [0.992522, 0.119282, 0.025926, 0.0)], [0.00490948, -0.251227, 0.967915, 0.0)], [0.0, 0.0, 0.0, 1.0)]])
0.0, 0.0, 0.0
float3(0.253948, 0.00507217, -1.44725)
96058.855779875
limited(__ObjC.ARCamera.TrackingState.Reason.initializing)
simd_float4x4([[0.121551, -0.959936, -0.252482, 0.0)], [0.992558, 0.119418, 0.0238159, 0.0)], [0.00728915, -0.253498, 0.967308, 0.0)], [0.0, 0.0, 0.0, 1.0)]])
0.0, 0.0, 0.0
float3(0.256295, 0.00753535, -1.44703)
96058.989093875
limited(__ObjC.ARCamera.TrackingState.Reason.initializing)
simd_float4x4([[0.122457, -0.959714, -0.252888, 0.0)], [0.992439, 0.120535, 0.0231409, 0.0)], [0.00827339, -0.25381, 0.967218, 0.0)], [0.0, 0.0, 0.0, 1.0)]])
0.0, 0.0, 0.0
float3(0.256617, 0.00855358, -1.44586)
96059.122407833
limited(__ObjC.ARCamera.TrackingState.Reason.initializing)
simd_float4x4([[0.12234, -0.960456, -0.250115, 0.0)], [0.992461, 0.120267, 0.023615, 0.0)], [0.00739958, -0.251119, 0.967928, 0.0)], [0.0, 0.0, 0.0, 1.0)]])
0.0, 0.0, 0.0
float3(0.253836, 0.00764462, -1.44623)
96059.255721791
limited(__ObjC.ARCamera.TrackingState.Reason.initializing)
simd_float4x4([[0.120975, -0.9626, -0.242416, 0.0)], [0.992637, 0.118814, 0.0235696, 0.0)], [0.00611443, -0.243482, 0.969886, 0.0)], [0.0, 0.0, 0.0, 1.0)]])
0.0, 0.0, 0.0
float3(0.245955, 0.00630419, -1.44799)
96059.389035833
limited(__ObjC.ARCamera.TrackingState.Reason.initializing)
simd_float4x4([[0.120423, -0.963186, -0.240357, 0.0)], [0.992668, 0.119367, 0.0190044, 0.0)], [0.0103858, -0.240883, 0.970499, 0.0)], [0.0, 0.0, 0.0, 1.0)]])
0.0, 0.0, 0.0
float3(0.243276, 0.0107011, -1.4475)
96059.52234975
limited(__ObjC.ARCamera.TrackingState.Reason.initializing)
simd_float4x4([[0.120345, -0.964394, -0.235501, 0.0)], [0.992602, 0.120735, 0.0128195, 0.0)], [0.0160703, -0.235302, 0.971789, 0.0)], [0.0, 0.0, 0.0, 1.0)]])
0.0, 0.0, 0.0
float3(0.237529, 0.0165353, -1.44625)
96059.655663625
limited(__ObjC.ARCamera.TrackingState.Reason.initializing)
simd_float4x4([[0.118337, -0.961478, -0.248102, 0.0)], [0.992814, 0.11905, 0.0121819, 0.0)], [0.0178241, -0.247761, 0.968657, 0.0)], [0.0, 0.0, 0.0, 1.0)]])
0.0, 0.0, 0.0
float3(0.250368, 0.0183988, -1.4476)
96059.788977541
limited(__ObjC.ARCamera.TrackingState.Reason.initializing)
simd_float4x4([[0.113156, -0.969766, -0.216217, 0.0)], [0.993238, 0.116089, -0.00087302, 0.0)], [0.0259472, -0.214656, 0.976345, 0.0)], [0.0, 0.0, 0.0, 1.0)]])
0.0, 0.0, 0.0
float3(0.21634, 0.0265696, -1.45165)
96059.9222915
limited(__ObjC.ARCamera.TrackingState.Reason.initializing)
simd_float4x4([[0.111486, -0.969061, -0.220204, 0.0)], [0.993009, 0.117278, -0.013363, 0.0)], [0.0387746, -0.217175, 0.975362, 0.0)], [0.0, 0.0, 0.0, 1.0)]])
0.0, 0.0, 0.0
float3(0.218919, 0.0397332, -1.45036)
96060.055605541
limited(__ObjC.ARCamera.TrackingState.Reason.initializing)
simd_float4x4([[0.112405, -0.965887, -0.233293, 0.0)], [0.992229, 0.121713, -0.0258452, 0.0)], [0.0533585, -0.228575, 0.972062, 0.0)], [0.0, 0.0, 0.0, 1.0)]])
0.0, 0.0, 0.0
float3(0.230614, 0.054837, -1.44545)
96060.188919583
limited(__ObjC.ARCamera.TrackingState.Reason.initializing)
simd_float4x4([[0.115017, -0.962291, -0.246505, 0.0)], [0.992027, 0.124138, -0.0217317, 0.0)], [0.0515131, -0.24204, 0.968897, 0.0)], [0.0, 0.0, 0.0, 1.0)]])
0.0, 0.0, 0.0
float3(0.244468, 0.0531167, -1.4425)
96060.322233416
limited(__ObjC.ARCamera.TrackingState.Reason.initializing)
simd_float4x4([[0.113515, -0.963061, -0.244184, 0.0)], [0.992164, 0.122792, -0.02306, 0.0)], [0.0521922, -0.239653, 0.969454, 0.0)], [0.0, 0.0, 0.0, 1.0)]])
0.0, 0.0, 0.0
float3(0.242008, 0.0537848, -1.44398)
96060.455547375
limited(__ObjC.ARCamera.TrackingState.Reason.initializing)
simd_float4x4([[0.110697, -0.964007, -0.241731, 0.0)], [0.992787, 0.118528, -0.0180504, 0.0)], [0.0460529, -0.237989, 0.970174, 0.0)], [0.0, 0.0, 0.0, 1.0)]])
0.0, 0.0, 0.0
float3(0.240295, 0.0474331, -1.44846)
96060.5888615
limited(__ObjC.ARCamera.TrackingState.Reason.initializing)
simd_float4x4([[0.107335, -0.964849, -0.23988, 0.0)], [0.993645, 0.112325, -0.00718713, 0.0)], [0.0338793, -0.237584, 0.970774, 0.0)], [0.0, 0.0, 0.0, 1.0)]])
0.0, 0.0, 0.0
float3(0.239878, 0.0348852, -1.4549)
96060.722175375
limited(__ObjC.ARCamera.TrackingState.Reason.initializing)
simd_float4x4([[0.103571, -0.9645, -0.242917, 0.0)], [0.994127, 0.108086, -0.00529209, 0.0)], [0.0313604, -0.240943, 0.970031, 0.0)], [0.0, 0.0, 0.0, 1.0)]])
0.0, 0.0, 0.0
float3(0.243337, 0.032318, -1.4592)
96060.855489416
limited(__ObjC.ARCamera.TrackingState.Reason.initializing)
simd_float4x4([[0.101824, -0.963403, -0.247958, 0.0)], [0.994278, 0.106647, -0.00606197, 0.0)], [0.0322844, -0.245922, 0.96875, 0.0)], [0.0, 0.0, 0.0, 1.0)]])
0.0, 0.0, 0.0
float3(0.24847, 0.0333135, -1.46055)
96060.988803333
limited(__ObjC.ARCamera.TrackingState.Reason.initializing)
simd_float4x4([[0.0997643, -0.961031, -0.257797, 0.0)], [0.994041, 0.1077, -0.0168084, 0.0)], [0.0439186, -0.254584, 0.96605, 0.0)], [0.0, 0.0, 0.0, 1.0)]])
0.0, 0.0, 0.0
float3(0.257418, 0.0454308, -1.4592)
96061.12211725
limited(__ObjC.ARCamera.TrackingState.Reason.initializing)
simd_float4x4([[0.0978621, -0.960623, -0.260037, 0.0)], [0.993883, 0.107775, -0.024103, 0.0)], [0.0511798, -0.256087, 0.965294, 0.0)], [0.0, 0.0, 0.0, 1.0)]])
0.0, 0.0, 0.0
float3(0.258972, 0.0529703, -1.45907)
96061.25543125
limited(__ObjC.ARCamera.TrackingState.Reason.initializing)
simd_float4x4([[0.0951762, -0.962822, -0.252802, 0.0)], [0.994176, 0.104831, -0.0249689, 0.0)], [0.0505427, -0.248954, 0.967192, 0.0)], [0.0, 0.0, 0.0, 1.0)]])
0.0, 0.0, 0.0
float3(0.2516, 0.0522097, -1.46234)
96061.388745375
limited(__ObjC.ARCamera.TrackingState.Reason.initializing)
simd_float4x4([[0.092995, -0.966799, -0.238003, 0.0)], [0.993909, 0.104335, -0.0354714, 0.0)], [0.0591262, -0.233255, 0.970613, 0.0)], [0.0, 0.0, 0.0, 1.0)]])
0.0, 0.0, 0.0
float3(0.235423, 0.0608412, -1.46329)
96061.52205925
limited(__ObjC.ARCamera.TrackingState.Reason.initializing)
simd_float4x4([[0.0976444, -0.965411, -0.241744, 0.0)], [0.992841, 0.111285, -0.0433954, 0.0)], [0.0687975, -0.235776, 0.969365, 0.0)], [0.0, 0.0, 0.0, 1.0)]])
0.0, 0.0, 0.0
float3(0.238017, 0.0708529, -1.45603)
96061.655373208
limited(__ObjC.ARCamera.TrackingState.Reason.initializing)
simd_float4x4([[0.106462, -0.963366, -0.246135, 0.0)], [0.991947, 0.119984, -0.0405647, 0.0)], [0.0686119, -0.239834, 0.968381, 0.0)], [0.0, 0.0, 0.0, 1.0)]])
0.0, 0.0, 0.0
float3(0.242195, 0.070734, -1.44689)
96061.788687125
limited(__ObjC.ARCamera.TrackingState.Reason.initializing)
simd_float4x4([[0.117963, -0.971089, -0.207515, 0.0)], [0.990448, 0.130086, -0.0457276, 0.0)], [0.0714012, -0.200138, 0.977158, 0.0)], [0.0, 0.0, 0.0, 1.0)]])
0.0, 0.0, 0.0
float3(0.201499, 0.0729406, -1.43763)
96061.922001166
normal
simd_float4x4([[0.134909, -0.968912, -0.207386, 0.0)], [0.987696, 0.148208, -0.0499155, 0.0)], [0.0791, -0.1981, 0.976985, 0.0)], [-0.00117685, -0.000119581, -0.0106243, 1.0)]])
-0.00117685, -0.000119581, -0.0106243
float3(0.19942, 0.0807872, -1.41901)
96062.055315166
normal
simd_float4x4([[0.137199, -0.967541, -0.212226, 0.0)], [0.987058, 0.151499, -0.0525773, 0.0)], [0.0830228, -0.202266, 0.975805, 0.0)], [-0.00181182, -4.99934e-05, -0.0523148, 1.0)]])
-0.00181182, -4.99934e-05, -0.0523148
float3(0.203671, 0.0848769, -1.41548)
96062.188629083
normal
simd_float4x4([[0.133494, -0.969417, -0.205939, 0.0)], [0.987629, 0.14738, -0.0535626, 0.0)], [0.0822758, -0.196241, 0.977098, 0.0)], [0.00464733, -0.000441127, -0.0859931, 1.0)]])
0.00464733, -0.000441127, -0.0859931
float3(0.197523, 0.0840061, -1.41992)
96062.321942958
normal
simd_float4x4([[0.124895, -0.969125, -0.212596, 0.0)], [0.988412, 0.140164, -0.0582716, 0.0)], [0.0862708, -0.202855, 0.975401, 0.0)], [0.0153974, -0.00139671, -0.118722, 1.0)]])
0.0153974, -0.00139671, -0.118722
float3(0.204272, 0.0882169, -1.42716)
96062.455257083
normal
simd_float4x4([[0.109908, -0.971537, -0.209847, 0.0)], [0.990624, 0.124307, -0.0566669, 0.0)], [0.0811395, -0.201651, 0.976091, 0.0)], [0.0344259, -0.00446986, -0.149483, 1.0)]])
0.0344259, -0.00446986, -0.149483
float3(0.203043, 0.0829363, -1.44354)
96062.588571208
normal
simd_float4x4([[0.0933757, -0.972914, -0.211469, 0.0)], [0.993223, 0.105788, -0.0481363, 0.0)], [0.0692034, -0.205541, 0.976199, 0.0)], [0.0541446, -0.00993342, -0.170814, 1.0)]])
0.0541446, -0.00993342, -0.170814
float3(0.207017, 0.0707723, -1.46249)
96062.721885041
normal
simd_float4x4([[0.0819454, -0.974996, -0.206561, 0.0)], [0.995121, 0.0914721, -0.0369837, 0.0)], [0.0549535, -0.202522, 0.977735, 0.0)], [0.0662676, -0.0125689, -0.185748, 1.0)]])
0.0662676, -0.0125689, -0.185748
float3(0.203933, 0.0561459, -1.47725)
96062.855199166
normal
simd_float4x4([[0.0774665, -0.977435, -0.196518, 0.0)], [0.99626, 0.0834562, -0.0223707, 0.0)], [0.0382666, -0.19405, 0.980245, 0.0)], [0.072695, -0.0137579, -0.201481, 1.0)]])
0.072695, -0.0137579, -0.201481
float3(0.195289, 0.039018, -1.48562)
96062.988513125
normal
simd_float4x4([[0.0777091, -0.978206, -0.192548, 0.0)], [0.996928, 0.0781406, 0.00536401, 0.0)], [0.00979872, -0.192373, 0.981273, 0.0)], [0.0700675, -0.0152876, -0.209573, 1.0)]])
0.0700675, -0.0152876, -0.209573
float3(0.19358, 0.00998539, -1.49108)
96063.121827
normal
simd_float4x4([[0.080493, -0.978848, -0.188088, 0.0)], [0.996338, 0.0735535, 0.0435992, 0.0)], [-0.0288424, -0.190909, 0.981184, 0.0)], [0.0671067, -0.0163463, -0.219313, 1.0)]])
0.0671067, -0.0163463, -0.219313
float3(0.192088, -0.0293871, -1.49579)
96063.255140875
normal
simd_float4x4([[0.0845282, -0.978542, -0.187911, 0.0)], [0.993411, 0.0681143, 0.0921638, 0.0)], [-0.0773867, -0.194463, 0.977852, 0.0)], [0.0634895, -0.0185285, -0.228845, 1.0)]])
0.0634895, -0.0185285, -0.228845
float3(0.19571, -0.0789749, -1.5013)
96063.388454875
normal
simd_float4x4([[0.0879793, -0.979793, -0.179627, 0.0)], [0.985799, 0.0597463, 0.156941, 0.0)], [-0.143038, -0.190884, 0.971135, 0.0)], [0.0580407, -0.0216079, -0.240814, 1.0)]])
0.0580407, -0.0216079, -0.240814
float3(0.192063, -0.146238, -1.50989)
96063.521768791
normal
simd_float4x4([[0.093663, -0.979279, -0.179555, 0.0)], [0.969529, 0.0487101, 0.240084, 0.0)], [-0.226363, -0.19657, 0.954002, 0.0)], [0.0533575, -0.0248261, -0.254582, 1.0)]])
0.0533575, -0.0248261, -0.254582
float3(0.197859, -0.232969, -1.5211)
96063.655083
normal
simd_float4x4([[0.100145, -0.976858, -0.188995, 0.0)], [0.945519, 0.0342946, 0.323754, 0.0)], [-0.309781, -0.211121, 0.927073, 0.0)], [0.0530344, -0.0289812, -0.269709, 1.0)]])
0.0530344, -0.0289812, -0.269709
float3(0.212722, -0.322485, -1.5357)
96063.788397166
normal
simd_float4x4([[0.0903585, -0.981123, -0.170978, 0.0)], [0.9201, 0.0165418, 0.391333, 0.0)], [-0.381118, -0.192677, 0.904226, 0.0)], [0.0659351, -0.0315626, -0.292058, 1.0)]])
0.0659351, -0.0315626, -0.292058
float3(0.19389, -0.39889, -1.55394)
96063.921711041
normal
simd_float4x4([[0.0743866, -0.985479, -0.152636, 0.0)], [0.897792, -0.000446617, 0.440419, 0.0)], [-0.434092, -0.169797, 0.884722, 0.0)], [0.0830517, -0.0337711, -0.323864, 1.0)]])
0.0830517, -0.0337711, -0.323864
float3(0.170623, -0.456142, -1.57125)
96064.055025083
normal
simd_float4x4([[0.060422, -0.988671, -0.137398, 0.0)], [0.873583, -0.0142173, 0.486468, 0.0)], [-0.48291, -0.149422, 0.862827, 0.0)], [0.103807, -0.0371101, -0.357088, 1.0)]])
0.103807, -0.0371101, -0.357088
float3(0.149984, -0.510247, -1.58518)
96064.188339083
normal
simd_float4x4([[0.0697862, -0.984954, -0.1581, 0.0)], [0.844944, -0.0258856, 0.534227, 0.0)], [-0.530282, -0.170868, 0.830425, 0.0)], [0.126184, -0.0433075, -0.381382, 1.0)]])
0.126184, -0.0433075, -0.381382
float3(0.17171, -0.568296, -1.59707)
96064.321652958
normal
simd_float4x4([[0.0629576, -0.986039, -0.154157, 0.0)], [0.808811, -0.0400828, 0.586701, 0.0)], [-0.584689, -0.161621, 0.794996, 0.0)], [0.154579, -0.0476321, -0.417197, 1.0)]])
0.154579, -0.0476321, -0.417197
float3(0.162333, -0.634131, -1.61142)
96064.454966958
normal
simd_float4x4([[0.0512835, -0.986857, -0.153245, 0.0)], [0.76667, -0.0594305, 0.639285, 0.0)], [-0.63999, -0.150273, 0.753546, 0.0)], [0.187588, -0.0508841, -0.447566, 1.0)]])
0.187588, -0.0508841, -0.447566
float3(0.150844, -0.70409, -1.63095)
96064.588281
normal
simd_float4x4([[0.0457194, -0.986279, -0.158627, 0.0)], [0.718451, -0.0778652, 0.691206, 0.0)], [-0.694074, -0.145567, 0.705033, 0.0)], [0.218849, -0.0559674, -0.469836, 1.0)]])
0.218849, -0.0559674, -0.469836
float3(0.146086, -0.777565, -1.64958)
96064.721594958
normal
simd_float4x4([[0.056003, -0.98359, -0.171504, 0.0)], [0.652409, -0.0939797, 0.752018, 0.0)], [-0.755795, -0.154006, 0.63644, 0.0)], [0.244357, -0.0605126, -0.493005, 1.0)]])
0.244357, -0.0605126, -0.493005
float3(0.154622, -0.870919, -1.66605)
96064.854909166
normal
simd_float4x4([[0.0561723, -0.983573, -0.171547, 0.0)], [0.561391, -0.11097, 0.820077, 0.0)], [-0.825642, -0.14237, 0.545936, 0.0)], [0.266725, -0.0632267, -0.517991, 1.0)]])
0.266725, -0.0632267, -0.517991
float3(0.142856, -0.986569, -1.68314)
96064.988223166
normal
simd_float4x4([[0.0790821, -0.980502, -0.179895, 0.0)], [0.488389, -0.119211, 0.864445, 0.0)], [-0.869035, -0.156221, 0.469439, 0.0)], [0.287841, -0.0667484, -0.544647, 1.0)]])
0.287841, -0.0667484, -0.544647
float3(0.156864, -1.07552, -1.69178)
96065.121537208
normal
simd_float4x4([[0.0891964, -0.98127, -0.170744, 0.0)], [0.414953, -0.119232, 0.901996, 0.0)], [-0.90546, -0.151306, 0.396546, 0.0)], [0.318859, -0.0681252, -0.571986, 1.0)]])
0.318859, -0.0681252, -0.571986
float3(0.151889, -1.15801, -1.69171)
96065.254851166
normal
simd_float4x4([[0.0893783, -0.982283, -0.164716, 0.0)], [0.335442, -0.126029, 0.933593, 0.0)], [-0.937811, -0.138696, 0.318235, 0.0)], [0.357313, -0.0706756, -0.58967, 1.0)]])
0.357313, -0.0706756, -0.58967
float3(0.139144, -1.24365, -1.6984)
96065.388165125
normal
simd_float4x4([[0.115862, -0.978405, -0.171168, 0.0)], [0.245878, -0.138713, 0.959324, 0.0)], [-0.962351, -0.153236, 0.224497, 0.0)], [0.395664, -0.0739481, -0.591294, 1.0)]])
0.395664, -0.0739481, -0.591294
float3(0.153842, -1.34162, -1.71163)
96065.521479166
normal
simd_float4x4([[0.114811, -0.979293, -0.166742, 0.0)], [0.164445, -0.1468, 0.975401, 0.0)], [-0.979682, -0.139406, 0.144186, 0.0)], [0.445024, -0.0744901, -0.599635, 1.0)]])
0.445024, -0.0744901, -0.599635
float3(0.139862, -1.42467, -1.71959)
96065.654793208
normal
simd_float4x4([[0.114549, -0.980782, -0.15794, 0.0)], [0.105759, -0.146043, 0.983609, 0.0)], [-0.987772, -0.129375, 0.0869974, 0.0)], [0.492263, -0.0742706, -0.61185, 1.0)]])
0.492263, -0.0742706, -0.61185
float3(0.129739, -1.48295, -1.71862)
96065.788107166
normal
simd_float4x4([[0.104654, -0.983531, -0.147355, 0.0)], [0.039025, -0.143993, 0.988809, 0.0)], [-0.993743, -0.109233, 0.0233128, 0.0)], [0.544433, -0.0712701, -0.62345, 1.0)]])
0.544433, -0.0712701, -0.62345
float3(0.109451, -1.54734, -1.71617)
96065.921421125
normal
simd_float4x4([[0.124757, -0.983438, -0.131476, 0.0)], [-0.0215799, -0.135169, 0.990588, 0.0)], [-0.991953, -0.120745, -0.0380858, 0.0)], [0.585434, -0.0692613, -0.637807, 1.0)]])
0.585434, -0.0692613, -0.637807
float3(0.121041, -1.60917, -1.70739)
96066.054735291
normal
simd_float4x4([[0.142475, -0.983668, -0.109995, 0.0)], [-0.075141, -0.121558, 0.989736, 0.0)], [-0.986942, -0.132747, -0.0912326, 0.0)], [0.629353, -0.0673261, -0.654657, 1.0)]])
0.629353, -0.0673261, -0.654657
float3(0.13314, -1.66297, -1.69375)
96066.188049208
normal
simd_float4x4([[0.147198, -0.985579, -0.0834704, 0.0)], [-0.120552, -0.101637, 0.98749, 0.0)], [-0.981733, -0.135294, -0.133774, 0.0)], [0.675249, -0.0615285, -0.672971, 1.0)]])
0.675249, -0.0615285, -0.672971
float3(0.135711, -1.70623, -1.67356)
96066.321363458
normal
simd_float4x4([[0.132728, -0.989657, -0.0544302, 0.0)], [-0.141217, -0.073238, 0.987266, 0.0)], [-0.981041, -0.123352, -0.149477, 0.0)], [0.729057, -0.0536235, -0.691049, 1.0)]])
0.729057, -0.0536235, -0.691049
float3(0.123667, -1.722, -1.64467)
96066.454677166
normal
simd_float4x4([[0.132673, -0.99074, -0.0288634, 0.0)], [-0.143763, -0.0480483, 0.988445, 0.0)], [-0.980678, -0.12699, -0.148807, 0.0)], [0.780336, -0.0470714, -0.701645, 1.0)]])
0.780336, -0.0470714, -0.701645
float3(0.127334, -1.72139, -1.61926)
96066.587991333
normal
simd_float4x4([[0.142766, -0.989725, -0.00790247, 0.0)], [-0.150577, -0.0296104, 0.988155, 0.0)], [-0.978235, -0.139885, -0.153257, 0.0)], [0.830421, -0.0476979, -0.693699, 1.0)]])
0.830421, -0.0476979, -0.693699
float3(0.140345, -1.7262, -1.60071)
96066.721305333
normal
simd_float4x4([[0.144493, -0.989432, 0.0120642, 0.0)], [-0.135269, -0.00767352, 0.990779, 0.0)], [-0.980216, -0.144793, -0.134948, 0.0)], [0.88866, -0.0455155, -0.684247, 1.0)]])
0.88866, -0.0455155, -0.684247
float3(0.145303, -1.70761, -1.57855)
96066.85461925
normal
simd_float4x4([[0.142789, -0.989306, 0.0297398, 0.0)], [-0.105531, 0.0146586, 0.994308, 0.0)], [-0.984111, -0.145114, -0.10231, 0.0)], [0.95494, -0.0422653, -0.670415, 1.0)]])
0.95494, -0.0422653, -0.670415
float3(0.145629, -1.67439, -1.55598)
96066.987933333
normal
simd_float4x4([[0.128856, -0.990933, 0.0380451, 0.0)], [-0.0711828, 0.0290233, 0.997041, 0.0)], [-0.989105, -0.131182, -0.0667976, 0.0)], [1.01938, -0.0450236, -0.641955, 1.0)]])
1.01938, -0.0450236, -0.641955
float3(0.131562, -1.63823, -1.54152)
96067.121247625
normal
simd_float4x4([[0.111529, -0.993011, 0.0386007, 0.0)], [-0.0722209, 0.0306412, 0.996918, 0.0)], [-0.991134, -0.113973, -0.0682988, 0.0)], [1.0753, -0.0470591, -0.623485, 1.0)]])
1.0753, -0.0470591, -0.623485
float3(0.114221, -1.6396, -1.53995)
96067.2545615
normal
simd_float4x4([[0.108984, -0.993198, 0.0409864, 0.0)], [-0.076091, 0.0327757, 0.996562, 0.0)], [-0.991127, -0.111728, -0.0720014, 0.0)], [1.12437, -0.0478408, -0.611807, 1.0)]])
1.12437, -0.0478408, -0.611807
float3(0.111962, -1.64331, -1.53781)
96067.387875583
normal
simd_float4x4([[0.106704, -0.993042, 0.0498163, 0.0)], [-0.0799029, 0.0413762, 0.995944, 0.0)], [-0.991075, -0.110252, -0.0749319, 0.0)], [1.17371, -0.0468993, -0.609865, 1.0)]])
1.17371, -0.0468993, -0.609865
float3(0.110476, -1.64626, -1.52915)
96067.521189541
normal
simd_float4x4([[0.0947924, -0.993293, 0.066208, 0.0)], [-0.0618829, 0.0604993, 0.996248, 0.0)], [-0.993572, -0.0985339, -0.055733, 0.0)], [1.22702, -0.0434646, -0.615185, 1.0)]])
1.22702, -0.0434646, -0.615185
float3(0.0986941, -1.62683, -1.50996)
96067.654503708
normal
simd_float4x4([[0.0805031, -0.993069, 0.0856294, 0.0)], [-0.0321245, 0.0832787, 0.996008, 0.0)], [-0.996237, -0.0829325, -0.0251977, 0.0)], [1.28712, -0.0401536, -0.623582, 1.0)]])
1.28712, -0.0401536, -0.623582
float3(0.0830279, -1.59608, -1.48713)
96067.78781775
normal
simd_float4x4([[0.07023, -0.993026, 0.0946967, 0.0)], [-0.0148843, 0.0938773, 0.995473, 0.0)], [-0.99742, -0.0713215, -0.00818746, 0.0)], [1.3383, -0.0365945, -0.618346, 1.0)]])
1.3383, -0.0365945, -0.618346
float3(0.0713821, -1.579, -1.47654)
96067.921131791
normal
simd_float4x4([[0.0808956, -0.992327, 0.0935007, 0.0)], [-0.00958114, 0.0930296, 0.995617, 0.0)], [-0.996677, -0.0814369, -0.00198195, 0.0)], [1.38279, -0.0361578, -0.605043, 1.0)]])
1.38279, -0.0361578, -0.605043
float3(0.0815272, -1.57278, -1.47732)
96068.054445708
normal
simd_float4x4([[0.0882041, -0.992152, 0.0886251, 0.0)], [-0.013522, 0.087771, 0.996049, 0.0)], [-0.996011, -0.089054, -0.00567415, 0.0)], [1.43165, -0.0393765, -0.583415, 1.0)]])
1.43165, -0.0393765, -0.583415
float3(0.0891721, -1.57649, -1.48256)
96068.18775975
normal
simd_float4x4([[0.107338, -0.990343, 0.0877491, 0.0)], [-0.0114007, 0.0870271, 0.996141, 0.0)], [-0.994157, -0.107925, -0.00194926, 0.0)], [1.49114, -0.0399417, -0.564281, 1.0)]])
1.49114, -0.0399417, -0.564281
float3(0.108135, -1.57276, -1.48315)
96068.321073958
normal
simd_float4x4([[0.103605, -0.990677, 0.0884555, 0.0)], [-0.00789533, 0.0881121, 0.996079, 0.0)], [-0.994587, -0.103897, 0.00130713, 0.0)], [1.55005, -0.0402204, -0.553511, 1.0)]])
1.55005, -0.0402204, -0.553511
float3(0.104085, -1.56948, -1.48209)
96068.454387958
normal
simd_float4x4([[0.0971635, -0.991326, 0.0885033, 0.0)], [-0.0127541, 0.0876765, 0.996067, 0.0)], [-0.995187, -0.0979102, -0.00412456, 0.0)], [1.60946, -0.0401922, -0.54491, 1.0)]])
1.60946, -0.0401922, -0.54491
float3(0.0980673, -1.57494, -1.48258)
96068.587702041
normal
simd_float4x4([[0.102802, -0.990386, 0.0925623, 0.0)], [-0.0195777, 0.0910227, 0.995656, 0.0)], [-0.994509, -0.104168, -0.0100322, 0.0)], [1.67337, -0.0423988, -0.542506, 1.0)]])
1.67337, -0.0423988, -0.542506
float3(0.104357, -1.58088, -1.47915)
96068.721015958
normal
simd_float4x4([[0.100504, -0.989523, 0.103653, 0.0)], [-0.0249413, 0.101642, 0.994508, 0.0)], [-0.994624, -0.102537, -0.0144646, 0.0)], [1.74296, -0.0419347, -0.544764, 1.0)]])
1.74296, -0.0419347, -0.544764
float3(0.102718, -1.58534, -1.46844)
96068.854329958
normal
simd_float4x4([[0.0838842, -0.989589, 0.116949, 0.0)], [-0.0106823, 0.116463, 0.993138, 0.0)], [-0.996418, -0.0845579, -0.000801673, 0.0)], [1.8194, -0.0382524, -0.547913, 1.0)]])
1.8194, -0.0382524, -0.547913
float3(0.084659, -1.5716, -1.45365)
96068.987644166
normal
simd_float4x4([[0.0929666, -0.987754, 0.125299, 0.0)], [0.00853446, 0.12663, 0.991913, 0.0)], [-0.995633, -0.0911455, 0.0202022, 0.0)], [1.90091, -0.0391305, -0.535852, 1.0)]])
1.90091, -0.0391305, -0.535852
float3(0.0912722, -1.55051, -1.44329)
96069.120958083
normal
simd_float4x4([[0.0897812, -0.988267, 0.123566, 0.0)], [0.0125272, 0.125177, 0.992055, 0.0)], [-0.995883, -0.0875199, 0.0236188, 0.0)], [1.97446, -0.0404924, -0.518106, 1.0)]])
1.97446, -0.0404924, -0.518106
float3(0.0876321, -1.54708, -1.4448)
96069.254272208
normal
simd_float4x4([[0.0961252, -0.988051, 0.120482, 0.0)], [0.0196905, 0.122907, 0.992223, 0.0)], [-0.995175, -0.0930052, 0.0312696, 0.0)], [2.05411, -0.0419839, -0.50127, 1.0)]])
2.05411, -0.0419839, -0.50127
float3(0.0931398, -1.53939, -1.44704)
96069.387586333
normal
simd_float4x4([[0.0954482, -0.988383, 0.118269, 0.0)], [0.0288273, 0.121506, 0.992172, 0.0)], [-0.995017, -0.0912917, 0.04009, 0.0)], [2.15208, -0.0429428, -0.485985, 1.0)]])
2.15208, -0.0429428, -0.485985
float3(0.0914189, -1.53053, -1.44848)
96069.520900458
normal
simd_float4x4([[0.0747574, -0.991106, 0.110091, 0.0)], [0.0345973, 0.112912, 0.993003, 0.0)], [-0.996601, -0.0704254, 0.0427306, 0.0)], [2.23558, -0.045057, -0.467364, 1.0)]])
2.23558, -0.045057, -0.467364
float3(0.0704838, -1.52795, -1.45736)
96069.654214416
normal
simd_float4x4([[0.0823948, -0.991255, 0.103072, 0.0)], [0.0259151, 0.10552, 0.99408, 0.0)], [-0.996263, -0.0792359, 0.0343828, 0.0)], [2.30874, -0.0484387, -0.458184, 1.0)]])
2.30874, -0.0484387, -0.458184
float3(0.079319, -1.5363, -1.46475)
96069.787528708
normal
simd_float4x4([[0.0873897, -0.990627, 0.104984, 0.0)], [0.0167639, 0.106834, 0.994136, 0.0)], [-0.996033, -0.0851173, 0.025943, 0.0)], [2.38174, -0.0486936, -0.460535, 1.0)]])
2.38174, -0.0486936, -0.460535
float3(0.0852204, -1.54476, -1.46337)
96069.920842583
normal
simd_float4x4([[0.0967667, -0.98862, 0.115178, 0.0)], [0.00507242, 0.116209, 0.993212, 0.0)], [-0.995294, -0.0955256, 0.0162598, 0.0)], [2.45595, -0.047561, -0.466111, 1.0)]])
2.45595, -0.047561, -0.466111
float3(0.0956715, -1.55446, -1.45379)
96070.054156666
normal
simd_float4x4([[0.0792338, -0.988235, 0.130816, 0.0)], [0.010263, 0.13203, 0.991193, 0.0)], [-0.996803, -0.0771933, 0.0206036, 0.0)], [2.54767, -0.0441569, -0.474463, 1.0)]])
2.54767, -0.0441569, -0.474463
float3(0.0772702, -1.55013, -1.43798)
96070.187470916
normal
simd_float4x4([[0.0798255, -0.986201, 0.145037, 0.0)], [0.0274894, 0.147624, 0.988661, 0.0)], [-0.99643, -0.0749334, 0.0388942, 0.0)], [2.64862, -0.0435561, -0.473926, 1.0)]])
2.64862, -0.0435561, -0.473926
float3(0.0750037, -1.53178, -1.42221)
96070.320784916
normal
simd_float4x4([[0.0861357, -0.984695, 0.151515, 0.0)], [0.0327378, 0.154795, 0.987404, 0.0)], [-0.995745, -0.0800905, 0.0455702, 0.0)], [2.73328, -0.0429808, -0.468526, 1.0)]])
2.73328, -0.0429808, -0.468526
float3(0.0801763, -1.52506, -1.41487)
96070.454098958
normal
simd_float4x4([[0.0887644, -0.9846, 0.150614, 0.0)], [0.0336838, 0.154091, 0.987482, 0.0)], [-0.995483, -0.08258, 0.0468429, 0.0)], [2.81434, -0.0450296, -0.454397, 1.0)]])
2.81434, -0.0450296, -0.454397
float3(0.0826742, -1.52378, -1.41555)
96070.587413
normal
simd_float4x4([[0.104198, -0.982884, 0.15193, 0.0)], [0.0434076, 0.157111, 0.986627, 0.0)], [-0.993609, -0.0962093, 0.0590352, 0.0)], [2.89441, -0.0477657, -0.442625, 1.0)]])
2.89441, -0.0477657, -0.442625
float3(0.0963583, -1.51145, -1.41229)
96070.720727208
normal
simd_float4x4([[0.0733524, -0.987575, 0.138977, 0.0)], [0.0366556, 0.141928, 0.989198, 0.0)], [-0.996632, -0.0674658, 0.0466109, 0.0)], [2.97468, -0.0477084, -0.415586, 1.0)]])
2.97468, -0.0477084, -0.415586
float3(0.0675171, -1.52406, -1.42806)
96070.85404125
normal
simd_float4x4([[0.0807885, -0.98948, 0.12001, 0.0)], [0.0139882, 0.121517, 0.992491, 0.0)], [-0.996633, -0.0785031, 0.0236582, 0.0)], [3.04112, -0.0498201, -0.391924, 1.0)]])
3.04112, -0.0498201, -0.391924
float3(0.078584, -1.54706, -1.4486)
96070.987355333
normal
simd_float4x4([[0.0866243, -0.989468, 0.115969, 0.0)], [-0.00888474, 0.115635, 0.993252, 0.0)], [-0.996202, -0.0870701, 0.00122561, 0.0)], [3.11353, -0.0523112, -0.383659, 1.0)]])
3.11353, -0.0523112, -0.383659
float3(0.0871805, -1.56957, -1.45446)
96071.120669541
normal
simd_float4x4([[0.0925219, -0.98854, 0.119286, 0.0)], [-0.0335389, 0.116638, 0.992608, 0.0)], [-0.995146, -0.0958387, -0.022363, 0.0)], [3.18819, -0.0532824, -0.381535, 1.0)]])
3.18819, -0.0532824, -0.381535
float3(0.095986, -1.59326, -1.45335)
96071.2539835
normal
simd_float4x4([[0.0928928, -0.987649, 0.126178, 0.0)], [-0.0618694, 0.120756, 0.990752, 0.0)], [-0.993752, -0.0998403, -0.0498879, 0.0)], [3.26869, -0.0558359, -0.379709, 1.0)]])
3.26869, -0.0558359, -0.379709
float3(0.100007, -1.62096, -1.44913)
96071.387297541
normal
simd_float4x4([[0.0880879, -0.98739, 0.131537, 0.0)], [-0.0775975, 0.124847, 0.989137, 0.0)], [-0.993086, -0.0973379, -0.0656215, 0.0)], [3.35191, -0.0585831, -0.374148, 1.0)]])
3.35191, -0.0585831, -0.374148
float3(0.0974923, -1.63678, -1.44502)
96071.520611666
normal
simd_float4x4([[0.0820703, -0.988317, 0.128426, 0.0)], [-0.102237, 0.119832, 0.987516, 0.0)], [-0.991369, -0.0941755, -0.0912075, 0.0)], [3.4296, -0.0604264, -0.358311, 1.0)]])
3.4296, -0.0604264, -0.358311
float3(0.0943153, -1.66254, -1.45014)
96071.653925625
normal
simd_float4x4([[0.0945153, -0.98802, 0.121998, 0.0)], [-0.144165, 0.107671, 0.983679, 0.0)], [-0.98503, -0.11056, -0.132262, 0.0)], [3.49867, -0.0652991, -0.333132, 1.0)]])
3.49867, -0.0652991, -0.333132
float3(0.110787, -1.70427, -1.46225)
96071.787240041
normal
simd_float4x4([[0.105431, -0.988125, 0.11177, 0.0)], [-0.207776, 0.0880263, 0.974208, 0.0)], [-0.972478, -0.125935, -0.196029, 0.0)], [3.57102, -0.0670196, -0.300604, 1.0)]])
3.57102, -0.0670196, -0.300604
float3(0.12627, -1.76971, -1.48195)
96071.920554041
normal
simd_float4x4([[0.110637, -0.988997, 0.0982039, 0.0)], [-0.281379, 0.0635977, 0.957487, 0.0)], [-0.953197, -0.133566, -0.271247, 0.0)], [3.63822, -0.0707368, -0.263986, 1.0)]])
3.63822, -0.0707368, -0.263986
float3(0.133967, -1.84803, -1.50658)
96072.053868
normal
simd_float4x4([[0.114826, -0.989727, 0.0851827, 0.0)], [-0.368586, 0.0371808, 0.92885, 0.0)], [-0.922475, -0.138053, -0.36053, 0.0)], [3.69917, -0.0765468, -0.226564, 1.0)]])
3.69917, -0.0765468, -0.226564
float3(0.138495, -1.94337, -1.53325)
96072.187182125
normal
simd_float4x4([[0.116106, -0.990526, 0.0733392, 0.0)], [-0.455183, 0.0125643, 0.890309, 0.0)], [-0.882796, -0.136753, -0.449412, 0.0)], [3.76141, -0.0817771, -0.189122, 1.0)]])
3.76141, -0.0817771, -0.189122
float3(0.137182, -2.04168, -1.55811)
96072.320496125
normal
simd_float4x4([[0.116896, -0.991146, 0.0629703, 0.0)], [-0.544662, -0.0109604, 0.838584, 0.0)], [-0.830469, -0.132325, -0.541121, 0.0)], [3.81223, -0.0868176, -0.150874, 1.0)]])
3.81223, -0.0868176, -0.150874
float3(0.132714, -2.14829, -1.58185)
96072.45381025
normal
simd_float4x4([[0.118371, -0.991122, 0.0605483, 0.0)], [-0.62718, -0.0273523, 0.778394, 0.0)], [-0.769827, -0.130114, -0.624849, 0.0)], [3.85979, -0.0896278, -0.114266, 1.0)]])
3.85979, -0.0896278, -0.114266
float3(0.130484, -2.25262, -1.59839)
96072.587124375
normal
simd_float4x4([[0.122109, -0.990396, 0.0648482, 0.0)], [-0.700938, -0.039794, 0.712112, 0.0)], [-0.702692, -0.13241, -0.699065, 0.0)], [3.89505, -0.0954128, -0.0802127, 1.0)]])
3.89505, -0.0954128, -0.0802127
float3(0.1328, -2.35361, -1.61095)
96072.720438416
normal
simd_float4x4([[0.119748, -0.991044, 0.0590935, 0.0)], [-0.761793, -0.0535516, 0.645604, 0.0)], [-0.636658, -0.122327, -0.761383, 0.0)], [3.93052, -0.0963228, -0.0375119, 1.0)]])
3.93052, -0.0963228, -0.0375119
float3(0.122634, -2.44517, -1.62478)
96072.853752416
normal
simd_float4x4([[0.121883, -0.991062, 0.05422, 0.0)], [-0.816659, -0.0690881, 0.57297, 0.0)], [-0.564103, -0.114115, -0.817781, 0.0)], [3.95725, -0.0980388, 0.00484067, 1.0)]])
3.95725, -0.0980388, 0.00484067
float3(0.114364, -2.53775, -1.64039)
96072.987066666
normal
simd_float4x4([[0.131421, -0.988955, 0.068532, 0.0)], [-0.861494, -0.0797327, 0.501468, 0.0)], [-0.490465, -0.124944, -0.862458, 0.0)], [3.98661, -0.102166, 0.0499406, 1.0)]])
3.98661, -0.102166, 0.0499406
float3(0.125271, -2.62452, -1.65125)
96073.120380708
normal
simd_float4x4([[0.132007, -0.988706, 0.0709578, 0.0)], [-0.896156, -0.088443, 0.434836, 0.0)], [-0.423649, -0.120991, -0.89771, 0.0)], [4.01346, -0.103839, 0.10109, 1.0)]])
4.01346, -0.103839, 0.10109
float3(0.121288, -2.70066, -1.66001)
96073.253694791
normal
simd_float4x4([[0.133089, -0.98892, 0.0657666, 0.0)], [-0.932162, -0.102355, 0.34727, 0.0)], [-0.336691, -0.107523, -0.935456, 0.0)], [4.0358, -0.106152, 0.156542, 1.0)]])
4.0358, -0.106152, 0.156542
float3(0.107731, -2.79611, -1.67393)
96073.387008875
normal
simd_float4x4([[0.13888, -0.986994, 0.0809691, 0.0)], [-0.959825, -0.114024, 0.256387, 0.0)], [-0.24382, -0.113323, -0.963177, 0.0)], [4.05036, -0.107752, 0.205409, 1.0)]])
4.05036, -0.107752, 0.205409
float3(0.113567, -2.89366, -1.68581)
96073.52032275
normal
simd_float4x4([[0.140155, -0.984988, 0.100771, 0.0)], [-0.981539, -0.12484, 0.1449, 0.0)], [-0.130145, -0.119219, -0.984301, 0.0)], [4.06206, -0.109265, 0.25687, 1.0)]])
4.06206, -0.109265, 0.25687
float3(0.119504, -3.01013, -1.69687)
96073.653636875
normal
simd_float4x4([[0.134849, -0.984263, 0.114199, 0.0)], [-0.990409, -0.13039, 0.0456896, 0.0)], [-0.0300802, -0.119265, -0.992407, 0.0)], [4.07077, -0.109874, 0.312592, 1.0)]])
4.07077, -0.109874, 0.312592
float3(0.11955, -3.11129, -1.7025)
96073.786951
normal
simd_float4x4([[0.124776, -0.984297, 0.124863, 0.0)], [-0.99067, -0.130546, -0.0391211, 0.0)], [0.0548072, -0.118817, -0.991403, 0.0)], [4.07601, -0.109748, 0.363531, 1.0)]])
4.07601, -0.109748, 0.363531
float3(0.119098, 3.08637, -1.70266)
96073.920264958
normal
simd_float4x4([[0.11275, -0.983593, 0.140829, 0.0)], [-0.984731, -0.129532, -0.116299, 0.0)], [0.132633, -0.125566, -0.983179, 0.0)], [4.08192, -0.110844, 0.414815, 1.0)]])
4.08192, -0.110844, 0.414815
float3(0.125899, 3.0075, -1.70174)
96074.053579083
normal
simd_float4x4([[0.0930341, -0.984441, 0.149063, 0.0)], [-0.975003, -0.120417, -0.186732, 0.0)], [0.201777, -0.127964, -0.971036, 0.0)], [4.08981, -0.110871, 0.469631, 1.0)]])
4.08981, -0.110871, 0.469631
float3(0.128316, 2.93671, -1.69251)
96074.186893291
normal
simd_float4x4([[0.0652574, -0.986529, 0.150009, 0.0)], [-0.968817, -0.0986474, -0.227293, 0.0)], [0.239029, -0.130498, -0.962203, 0.0)], [4.0987, -0.1073, 0.545716, 1.0)]])
4.0987, -0.1073, 0.545716
float3(0.130872, 2.8981, -1.67046)
96074.320207208
normal
simd_float4x4([[0.0390051, -0.991253, 0.126081, 0.0)], [-0.970787, -0.0674867, -0.230256, 0.0)], [0.236751, -0.113416, -0.964928, 0.0)], [4.09905, -0.0973701, 0.629929, 1.0)]])
4.09905, -0.0973701, 0.629929
float3(0.113661, 2.90099, -1.63877)
96074.453521333
normal
simd_float4x4([[0.0121579, -0.991356, 0.130632, 0.0)], [-0.974157, -0.0412106, -0.222079, 0.0)], [0.225543, -0.124556, -0.966238, 0.0)], [4.09754, -0.0949393, 0.708353, 1.0)]])
4.09754, -0.0949393, 0.708353
float3(0.124881, 2.91228, -1.61234)
96074.586835375
normal
simd_float4x4([[-0.0180371, -0.991637, 0.127794, 0.0)], [-0.975696, -0.0104603, -0.218881, 0.0)], [0.218387, -0.128636, -0.967347, 0.0)], [4.09416, -0.092745, 0.797661, 1.0)]])
4.09416, -0.092745, 0.797661
float3(0.128993, 2.91956, -1.58134)
96074.720149375
normal
simd_float4x4([[-0.0473658, -0.991409, 0.121921, 0.0)], [-0.982872, 0.0244956, -0.182654, 0.0)], [0.178098, -0.128484, -0.975589, 0.0)], [4.09059, -0.0872232, 0.883202, 1.0)]])
4.09059, -0.0872232, 0.883202
float3(0.128841, 2.96103, -1.54609)
96074.8534635
normal
simd_float4x4([[-0.0662942, -0.992715, 0.100604, 0.0)], [-0.987983, 0.0511986, -0.145838, 0.0)], [0.139625, -0.109063, -0.98418, 0.0)], [4.08182, -0.0834489, 0.968071, 1.0)]])
4.08182, -0.0834489, 0.968071
float3(0.10928, 3.00066, -1.51927)
96074.986777541
normal
simd_float4x4([[-0.0726893, -0.99342, 0.0885024, 0.0)], [-0.989307, 0.0605683, -0.132678, 0.0)], [0.126444, -0.0972003, -0.9872, 0.0)], [4.06008, -0.086324, 1.06324, 1.0)]])
4.06008, -0.086324, 1.06324
float3(0.097354, 3.0142, -1.5099)
96075.1200915
normal
simd_float4x4([[-0.0791697, -0.992275, 0.0955097, 0.0)], [-0.989946, 0.0669929, -0.124577, 0.0)], [0.117216, -0.104412, -0.987602, 0.0)], [4.04281, -0.0854744, 1.15455, 1.0)]])
4.04281, -0.0854744, 1.15455
float3(0.104603, 3.02346, -1.50338)
96075.253405625
normal
simd_float4x4([[-0.0857273, -0.992932, 0.0820832, 0.0)], [-0.991324, 0.076768, -0.106697, 0.0)], [0.0996419, -0.0905178, -0.990898, 0.0)], [4.02796, -0.086199, 1.25915, 1.0)]])
4.02796, -0.086199, 1.25915
float3(0.0906419, 3.04137, -1.49364)
96075.386719833
normal
simd_float4x4([[-0.094322, -0.993242, 0.0676318, 0.0)], [-0.993258, 0.0892895, -0.0739302, 0.0)], [0.0673918, -0.0741491, -0.994968, 0.0)], [4.01318, -0.0819526, 1.39132, 1.0)]])
4.01318, -0.0819526, 1.39132
float3(0.0742172, 3.07396, -1.48114)
96075.520033875
normal
simd_float4x4([[-0.106128, -0.992095, 0.0669643, 0.0)], [-0.993681, 0.103341, -0.0437992, 0.0)], [0.0365328, -0.0711895, -0.996794, 0.0)], [4.00779, -0.0812642, 1.50445, 1.0)]])
4.00779, -0.0812642, 1.50445
float3(0.0712498, 3.10496, -1.46701)
96075.653347833
normal
simd_float4x4([[-0.115056, -0.991287, 0.0641239, 0.0)], [-0.993172, 0.113544, -0.0267681, 0.0)], [0.019254, -0.0667659, -0.997583, 0.0)], [4.00209, -0.080394, 1.62499, 1.0)]])
4.00209, -0.080394, 1.62499
float3(0.0668156, 3.12229, -1.45675)
96075.786661791
normal
simd_float4x4([[-0.121643, -0.9898, 0.0741561, 0.0)], [-0.992507, 0.120425, -0.0206999, 0.0)], [0.0115585, -0.0761185, -0.997032, 0.0)], [3.99185, -0.0808691, 1.77231, 1.0)]])
3.99185, -0.0808691, 1.77231
float3(0.0761922, 3.13, -1.44973)
96075.919975833
normal
simd_float4x4([[-0.127632, -0.989451, 0.0685393, 0.0)], [-0.991652, 0.126025, -0.0272969, 0.0)], [0.0183713, -0.071451, -0.997275, 0.0)], [3.98489, -0.0833322, 1.87994, 1.0)]])
3.98489, -0.0833322, 1.87994
float3(0.071512, 3.12317, -1.44411)
96076.053289916
normal
simd_float4x4([[-0.13674, -0.98883, 0.0593053, 0.0)], [-0.990607, 0.136454, -0.0088653, 0.0)], [0.000673815, -0.0599605, -0.998201, 0.0)], [3.97541, -0.0819546, 1.98042, 1.0)]])
3.97541, -0.0819546, 1.98042
float3(0.0599964, 3.14092, -1.43367)
96076.186603916
normal
simd_float4x4([[-0.137558, -0.988788, 0.0580978, 0.0)], [-0.990439, 0.13793, 0.00242639, 0.0)], [-0.0104126, -0.0572085, -0.998308, 0.0)], [3.95882, -0.0856998, 2.07367, 1.0)]])
3.95882, -0.0856998, 2.07367
float3(0.0572398, -3.13116, -1.4322)
96076.319918
normal
simd_float4x4([[-0.136377, -0.987342, 0.0809787, 0.0)], [-0.99058, 0.13693, 0.00128219, 0.0)], [-0.0123544, -0.080041, -0.996715, 0.0)], [3.9424, -0.0895569, 2.15085, 1.0)]])
3.9424, -0.0895569, 2.15085
float3(0.0801267, -3.1292, -1.43299)
96076.453232
normal
simd_float4x4([[-0.13351, -0.987724, 0.081099, 0.0)], [-0.990837, 0.134719, 0.00959674, 0.0)], [-0.0204045, -0.0790747, -0.99666, 0.0)], [3.9242, -0.0903432, 2.23983, 1.0)]])
3.9242, -0.0903432, 2.23983
float3(0.0791573, -3.12112, -1.43524)
96076.586546208
normal
simd_float4x4([[-0.130842, -0.987873, 0.0835942, 0.0)], [-0.990975, 0.132797, 0.018247, 0.0)], [-0.0291268, -0.0804523, -0.996333, 0.0)], [3.9096, -0.0897961, 2.33549, 1.0)]])
3.9096, -0.0897961, 2.33549
float3(0.0805393, -3.11237, -1.43717)
96076.719860291
normal
simd_float4x4([[-0.129086, -0.989021, 0.0719307, 0.0)], [-0.990965, 0.131322, 0.0272589, 0.0)], [-0.0364057, -0.0677621, -0.997037, 0.0)], [3.89751, -0.0874775, 2.42673, 1.0)]])
3.89751, -0.0874775, 2.42673
float3(0.067814, -3.10509, -1.43879)
96076.853174166
normal
simd_float4x4([[-0.128799, -0.989693, 0.0626047, 0.0)], [-0.990992, 0.130791, 0.0288046, 0.0)], [-0.0366958, -0.0583307, -0.997623, 0.0)], [3.88968, -0.0897439, 2.51888, 1.0)]])
3.88968, -0.0897439, 2.51888
float3(0.0583638, -3.10483, -1.4394)
96076.986488416
normal
simd_float4x4([[-0.13011, -0.988677, 0.0747636, 0.0)], [-0.990738, 0.132595, 0.0292787, 0.0)], [-0.0388605, -0.0702617, -0.996771, 0.0)], [3.88209, -0.0908527, 2.60257, 1.0)]])
3.88209, -0.0908527, 2.60257
float3(0.0703196, -3.10263, -1.43748)
96077.119802291
normal
simd_float4x4([[-0.128549, -0.989106, 0.0717315, 0.0)], [-0.991333, 0.130142, 0.017977, 0.0)], [-0.0271165, -0.0687989, -0.997262, 0.0)], [3.87233, -0.0921422, 2.6942, 1.0)]])
3.87233, -0.0921422, 2.6942
float3(0.0688532, -3.11441, -1.43997)
96077.253116458
normal
simd_float4x4([[-0.130575, -0.989804, 0.0569094, 0.0)], [-0.991257, 0.131433, 0.0115946, 0.0)], [-0.0189561, -0.0548979, -0.998312, 0.0)], [3.86424, -0.0913578, 2.7859, 1.0)]])
3.86424, -0.0913578, 2.7859
float3(0.0549255, -3.12261, -1.43878)
96077.386430458
normal
simd_float4x4([[-0.133232, -0.98973, 0.0518019, 0.0)], [-0.990745, 0.134373, 0.0192029, 0.0)], [-0.0259665, -0.048764, -0.998473, 0.0)], [3.85318, -0.091946, 2.88221, 1.0)]])
