ARKit Data
767.982434
normal
simd_float4x4([[-0.0436017, -0.892854, -0.448231, 0.0)], [-0.998111, 0.0194964, 0.0582557, 0.0)], [-0.0432749, 0.449924, -0.892018, 0.0)], [-1.29001, -0.0346364, -2.19723, 1.0)]])
-1.29001, -0.0346364, -2.19723
float3(-0.466681, -3.09312, -1.54896)
768.319731291
limited(__ObjC.ARCamera.TrackingState.Reason.initializing)
simd_float4x4([[0.0455821, -0.880193, 0.472337, 0.0)], [0.998911, 0.0401399, -0.0215684, 0.0)], [-1.33609e-08, 0.472879, 0.881108, 0.0)], [0.0, 0.0, 0.0, 1.0)]])
0.0, 0.0, 0.0
float3(-0.492555, -1.51637e-08, -1.52522)
768.386388625
limited(__ObjC.ARCamera.TrackingState.Reason.initializing)
simd_float4x4([[0.0455821, -0.880193, 0.472337, 0.0)], [0.998911, 0.0401399, -0.0215684, 0.0)], [-1.33609e-08, 0.472879, 0.881108, 0.0)], [0.0, 0.0, 0.0, 1.0)]])
0.0, 0.0, 0.0
float3(-0.492555, -1.51637e-08, -1.52522)
768.453045708
limited(__ObjC.ARCamera.TrackingState.Reason.initializing)
simd_float4x4([[0.0455821, -0.880193, 0.472337, 0.0)], [0.998911, 0.0401399, -0.0215684, 0.0)], [-1.33609e-08, 0.472879, 0.881108, 0.0)], [0.0, 0.0, 0.0, 1.0)]])
0.0, 0.0, 0.0
float3(-0.492555, -1.51637e-08, -1.52522)
768.519702916
limited(__ObjC.ARCamera.TrackingState.Reason.initializing)
simd_float4x4([[0.384144, -0.878976, -0.282549, 0.0)], [-0.547951, 0.02926, -0.835999, 0.0)], [0.74309, 0.475967, -0.470396, 0.0)], [0.0, 0.0, 0.0, 1.0)]])
0.0, 0.0, 0.0
float3(-0.496063, 2.13515, -1.53752)
768.586360041
limited(__ObjC.ARCamera.TrackingState.Reason.initializing)
simd_float4x4([[0.384475, -0.879099, -0.281715, 0.0)], [-0.547705, 0.028424, -0.836189, 0.0)], [0.7431, 0.475791, -0.470559, 0.0)], [0.0, 0.0, 0.0, 1.0)]])
0.0, 0.0, 0.0
float3(-0.495863, 2.1353, -1.53847)
768.653017291
limited(__ObjC.ARCamera.TrackingState.Reason.initializing)
simd_float4x4([[0.387243, -0.879045, -0.27807, 0.0)], [-0.546627, 0.0239758, -0.837033, 0.0)], [0.742456, 0.476136, -0.471225, 0.0)], [0.0, 0.0, 0.0, 1.0)]])
0.0, 0.0, 0.0
float3(-0.496255, 2.13633, -1.54353)
768.719674375
limited(__ObjC.ARCamera.TrackingState.Reason.initializing)
simd_float4x4([[0.386486, -0.879925, -0.276333, 0.0)], [-0.547122, 0.0224648, -0.836752, 0.0)], [0.742487, 0.474581, -0.472744, 0.0)], [0.0, 0.0, 0.0, 1.0)]])
0.0, 0.0, 0.0
float3(-0.494487, 2.13777, -1.54527)
768.786331541
limited(__ObjC.ARCamera.TrackingState.Reason.initializing)
simd_float4x4([[0.386817, -0.880479, -0.274098, 0.0)], [-0.546522, 0.0205221, -0.837193, 0.0)], [0.742756, 0.473641, -0.473262, 0.0)], [0.0, 0.0, 0.0, 1.0)]])
0.0, 0.0, 0.0
float3(-0.49342, 2.1381, -1.54749)
768.852988875
limited(__ObjC.ARCamera.TrackingState.Reason.initializing)
simd_float4x4([[0.385949, -0.881029, -0.273553, 0.0)], [-0.54481, 0.021617, -0.838281, 0.0)], [0.744463, 0.472568, -0.47165, 0.0)], [0.0, 0.0, 0.0, 1.0)]])
0.0, 0.0, 0.0
float3(-0.492203, 2.13552, -1.54627)
768.919645875
limited(__ObjC.ARCamera.TrackingState.Reason.initializing)
simd_float4x4([[0.384579, -0.881549, -0.273804, 0.0)], [-0.541227, 0.0249437, -0.840507, 0.0)], [0.747778, 0.471431, -0.467525, 0.0)], [0.0, 0.0, 0.0, 1.0)]])
0.0, 0.0, 0.0
float3(-0.490913, 2.12955, -1.54251)
768.986303166
limited(__ObjC.ARCamera.TrackingState.Reason.initializing)
simd_float4x4([[0.385194, -0.881303, -0.273734, 0.0)], [-0.539346, 0.0256977, -0.841692, 0.0)], [0.74882, 0.471852, -0.465428, 0.0)], [0.0, 0.0, 0.0, 1.0)]])
0.0, 0.0, 0.0
float3(-0.49139, 2.12691, -1.54165)
769.05296025
limited(__ObjC.ARCamera.TrackingState.Reason.initializing)
simd_float4x4([[0.383342, -0.883001, -0.270847, 0.0)], [-0.536829, 0.0256135, -0.843302, 0.0)], [0.751574, 0.468671, -0.464201, 0.0)], [0.0, 0.0, 0.0, 1.0)]])
0.0, 0.0, 0.0
float3(-0.487786, 2.12408, -1.5418)
769.119617375
limited(__ObjC.ARCamera.TrackingState.Reason.initializing)
simd_float4x4([[0.385412, -0.882612, -0.269172, 0.0)], [-0.53482, 0.0240458, -0.844624, 0.0)], [0.751947, 0.469487, -0.462771, 0.0)], [0.0, 0.0, 0.0, 1.0)]])
0.0, 0.0, 0.0
float3(-0.488709, 2.12248, -1.54356)
769.186274666
limited(__ObjC.ARCamera.TrackingState.Reason.initializing)
simd_float4x4([[0.385311, -0.882933, -0.268261, 0.0)], [-0.532636, 0.0245937, -0.845987, 0.0)], [0.753547, 0.468854, -0.460806, 0.0)], [0.0, 0.0, 0.0, 1.0)]])
0.0, 0.0, 0.0
float3(-0.487993, 2.11964, -1.54295)
769.252931916
limited(__ObjC.ARCamera.TrackingState.Reason.initializing)
simd_float4x4([[0.385959, -0.883876, -0.264193, 0.0)], [-0.528973, 0.0225862, -0.848338, 0.0)], [0.755793, 0.467174, -0.458829, 0.0)], [0.0, 0.0, 0.0, 1.0)]])
0.0, 0.0, 0.0
float3(-0.486092, 2.11641, -1.54525)
769.319588875
limited(__ObjC.ARCamera.TrackingState.Reason.initializing)
simd_float4x4([[0.386941, -0.884011, -0.262301, 0.0)], [-0.526114, 0.0219632, -0.850131, 0.0)], [0.757285, 0.46695, -0.456591, 0.0)], [0.0, 0.0, 0.0, 1.0)]])
0.0, 0.0, 0.0
float3(-0.485839, 2.11337, -1.54596)
769.386246166
limited(__ObjC.ARCamera.TrackingState.Reason.initializing)
simd_float4x4([[0.3863, -0.885435, -0.258414, 0.0)], [-0.52168, 0.0213115, -0.852875, 0.0)], [0.760672, 0.464275, -0.453681, 0.0)], [0.0, 0.0, 0.0, 1.0)]])
0.0, 0.0, 0.0
float3(-0.482815, 2.10858, -1.54673)
769.452903541
limited(__ObjC.ARCamera.TrackingState.Reason.initializing)
simd_float4x4([[0.38713, -0.885367, -0.257403, 0.0)], [-0.518878, 0.0215697, -0.854576, 0.0)], [0.762166, 0.464392, -0.451047, 0.0)], [0.0, 0.0, 0.0, 1.0)]])
0.0, 0.0, 0.0
float3(-0.482948, 2.10516, -1.54644)
769.519560458
limited(__ObjC.ARCamera.TrackingState.Reason.initializing)
simd_float4x4([[0.387394, -0.885871, -0.255263, 0.0)], [-0.516426, 0.0208432, -0.856078, 0.0)], [0.763695, 0.463464, -0.449412, 0.0)], [0.0, 0.0, 0.0, 1.0)]])
0.0, 0.0, 0.0
float3(-0.4819, 2.10269, -1.54727)
769.586217875
limited(__ObjC.ARCamera.TrackingState.Reason.initializing)
simd_float4x4([[0.386767, -0.886373, -0.25447, 0.0)], [-0.5157, 0.0208739, -0.856515, 0.0)], [0.764503, 0.462502, -0.449029, 0.0)], [0.0, 0.0, 0.0, 1.0)]])
0.0, 0.0, 0.0
float3(-0.480815, 2.10186, -1.54725)
769.652874875
limited(__ObjC.ARCamera.TrackingState.Reason.initializing)
simd_float4x4([[0.383755, -0.887891, -0.253735, 0.0)], [-0.51549, 0.0219968, -0.856613, 0.0)], [0.76616, 0.459527, -0.449258, 0.0)], [0.0, 0.0, 0.0, 1.0)]])
0.0, 0.0, 0.0
float3(-0.477463, 2.10114, -1.54603)
769.719532166
limited(__ObjC.ARCamera.TrackingState.Reason.initializing)
simd_float4x4([[0.378825, -0.889792, -0.254483, 0.0)], [-0.515896, 0.0252575, -0.856279, 0.0)], [0.768337, 0.455666, -0.449472, 0.0)], [0.0, 0.0, 0.0, 1.0)]])
0.0, 0.0, 0.0
float3(-0.473121, 2.10011, -1.54242)
769.78618925
limited(__ObjC.ARCamera.TrackingState.Reason.initializing)
simd_float4x4([[0.371245, -0.892237, -0.257078, 0.0)], [-0.52068, 0.0291988, -0.853252, 0.0)], [0.768809, 0.450621, -0.45373, 0.0)], [0.0, 0.0, 0.0, 1.0)]])
0.0, 0.0, 0.0
float3(-0.467461, 2.10396, -1.53808)
769.8528465
limited(__ObjC.ARCamera.TrackingState.Reason.initializing)
simd_float4x4([[0.35534, -0.896559, -0.264413, 0.0)], [-0.520314, 0.0452805, -0.852774, 0.0)], [0.776535, 0.440602, -0.450402, 0.0)], [0.0, 0.0, 0.0, 1.0)]])
0.0, 0.0, 0.0
float3(-0.456269, 2.09639, -1.52033)
769.919503541
limited(__ObjC.ARCamera.TrackingState.Reason.initializing)
simd_float4x4([[0.350023, -0.898584, -0.26463, 0.0)], [-0.520206, 0.0484716, -0.852664, 0.0)], [0.779017, 0.436114, -0.450483, 0.0)], [0.0, 0.0, 0.0, 1.0)]])
0.0, 0.0, 0.0
float3(-0.451276, 2.09509, -1.51691)
769.986160791
limited(__ObjC.ARCamera.TrackingState.Reason.initializing)
simd_float4x4([[0.349484, -0.897874, -0.267733, 0.0)], [-0.52715, 0.0478032, -0.848427, 0.0)], [0.774579, 0.437647, -0.456608, 0.0)], [0.0, 0.0, 0.0, 1.0)]])
0.0, 0.0, 0.0
float3(-0.45298, 2.10345, -1.51761)
770.052818166
limited(__ObjC.ARCamera.TrackingState.Reason.initializing)
simd_float4x4([[0.344169, -0.900349, -0.266305, 0.0)], [-0.532744, 0.0462889, -0.84501, 0.0)], [0.773131, 0.432698, -0.463724, 0.0)], [0.0, 0.0, 0.0, 1.0)]])
0.0, 0.0, 0.0
float3(-0.447484, 2.11107, -1.51943)
770.11947525
limited(__ObjC.ARCamera.TrackingState.Reason.initializing)
simd_float4x4([[0.337026, -0.903059, -0.266263, 0.0)], [-0.553976, 0.0384598, -0.831644, 0.0)], [0.761264, 0.427789, -0.487312, 0.0)], [0.0, 0.0, 0.0, 1.0)]])
0.0, 0.0, 0.0
float3(-0.442045, 2.14021, -1.52823)
770.186132458
limited(__ObjC.ARCamera.TrackingState.Reason.initializing)
simd_float4x4([[0.331234, -0.905042, -0.2668, 0.0)], [-0.567606, 0.0347498, -0.822567, 0.0)], [0.753728, 0.423899, -0.502197, 0.0)], [0.0, 0.0, 0.0, 1.0)]])
0.0, 0.0, 0.0
float3(-0.437746, 2.15853, -1.53242)
770.252789541
limited(__ObjC.ARCamera.TrackingState.Reason.initializing)
simd_float4x4([[0.323815, -0.907576, -0.267299, 0.0)], [-0.587842, 0.0283764, -0.808478, 0.0)], [0.74134, 0.418927, -0.524322, 0.0)], [0.0, 0.0, 0.0, 1.0)]])
0.0, 0.0, 0.0
float3(-0.432263, 2.18638, -1.53954)
770.319446833
limited(__ObjC.ARCamera.TrackingState.Reason.initializing)
simd_float4x4([[0.320722, -0.909211, -0.265463, 0.0)], [-0.590794, 0.0270352, -0.806369, 0.0)], [0.740337, 0.415455, -0.528486, 0.0)], [0.0, 0.0, 0.0, 1.0)]])
0.0, 0.0, 0.0
float3(-0.428442, 2.19075, -1.54107)
770.386103916
limited(__ObjC.ARCamera.TrackingState.Reason.initializing)
simd_float4x4([[0.311585, -0.914806, -0.256991, 0.0)], [-0.58589, 0.0279676, -0.809908, 0.0)], [0.748096, 0.402924, -0.527261, 0.0)], [0.0, 0.0, 0.0, 1.0)]])
0.0, 0.0, 0.0
float3(-0.414709, 2.18474, -1.54023)
770.452761208
limited(__ObjC.ARCamera.TrackingState.Reason.initializing)
simd_float4x4([[0.30422, -0.919264, -0.249803, 0.0)], [-0.580294, 0.0291254, -0.813886, 0.0)], [0.755452, 0.39256, -0.524583, 0.0)], [0.0, 0.0, 0.0, 1.0)]])
0.0, 0.0, 0.0
float3(-0.403413, 2.17775, -1.53912)
770.51941825
limited(__ObjC.ARCamera.TrackingState.Reason.initializing)
simd_float4x4([[0.297836, -0.925239, -0.235001, 0.0)], [-0.570678, 0.0247724, -0.8208, 0.0)], [0.765257, 0.378574, -0.520636, 0.0)], [0.0, 0.0, 0.0, 1.0)]])
0.0, 0.0, 0.0
float3(-0.388255, 2.16821, -1.54403)
770.5860755
limited(__ObjC.ARCamera.TrackingState.Reason.initializing)
simd_float4x4([[0.297286, -0.928255, -0.223522, 0.0)], [-0.567506, 0.0164751, -0.823205, 0.0)], [0.767826, 0.371577, -0.521892, 0.0)], [0.0, 0.0, 0.0, 1.0)]])
0.0, 0.0, 0.0
float3(-0.380707, 2.16777, -1.55305)
770.652732833
limited(__ObjC.ARCamera.TrackingState.Reason.initializing)
simd_float4x4([[0.301433, -0.929755, -0.211407, 0.0)], [-0.571129, 0.00148231, -0.820859, 0.0)], [0.763511, 0.368175, -0.530563, 0.0)], [0.0, 0.0, 0.0, 1.0)]])
0.0, 0.0, 0.0
float3(-0.377046, 2.17809, -1.5692)
770.719389958
limited(__ObjC.ARCamera.TrackingState.Reason.initializing)
simd_float4x4([[0.295913, -0.933914, -0.200597, 0.0)], [-0.575288, -0.00659804, -0.817924, 0.0)], [0.762547, 0.357436, -0.539222, 0.0)], [0.0, 0.0, 0.0, 1.0)]])
0.0, 0.0, 0.0
float3(-0.365521, 2.18629, -1.57786)
770.786047166
limited(__ObjC.ARCamera.TrackingState.Reason.initializing)
simd_float4x4([[0.288459, -0.9364, -0.199867, 0.0)], [-0.590684, -0.00974569, -0.806844, 0.0)], [0.753581, 0.3508, -0.555927, 0.0)], [0.0, 0.0, 0.0, 1.0)]])
0.0, 0.0, 0.0
float3(-0.358425, 2.20639, -1.5812)
770.852704208
limited(__ObjC.ARCamera.TrackingState.Reason.initializing)
simd_float4x4([[0.276607, -0.941601, -0.192029, 0.0)], [-0.614495, -0.0196744, -0.788675, 0.0)], [0.73884, 0.336154, -0.584051, 0.0)], [0.0, 0.0, 0.0, 1.0)]])
0.0, 0.0, 0.0
float3(-0.34283, 2.23972, -1.59169)
770.919361541
limited(__ObjC.ARCamera.TrackingState.Reason.initializing)
simd_float4x4([[0.253505, -0.949904, -0.182803, 0.0)], [-0.650755, -0.0276462, -0.758785, 0.0)], [0.715718, 0.311315, -0.625163, 0.0)], [0.0, 0.0, 0.0, 1.0)]])
0.0, 0.0, 0.0
float3(-0.316577, 2.28876, -1.59989)
770.98601875
limited(__ObjC.ARCamera.TrackingState.Reason.initializing)
simd_float4x4([[0.22867, -0.957958, -0.173274, 0.0)], [-0.690022, -0.0339376, -0.722992, 0.0)], [0.686716, 0.28489, -0.668773, 0.0)], [0.0, 0.0, 0.0, 1.0)]])
0.0, 0.0, 0.0
float3(-0.288891, 2.34296, -1.60621)
771.052676
limited(__ObjC.ARCamera.TrackingState.Reason.initializing)
simd_float4x4([[0.197766, -0.966853, -0.161498, 0.0)], [-0.731778, -0.0360001, -0.680591, 0.0)], [0.652218, 0.252779, -0.714642, 0.0)], [0.0, 0.0, 0.0, 1.0)]])
0.0, 0.0, 0.0
float3(-0.255551, 2.40183, -1.60801)
771.119333041
limited(__ObjC.ARCamera.TrackingState.Reason.initializing)
simd_float4x4([[0.169073, -0.975249, -0.142487, 0.0)], [-0.758626, -0.0364769, -0.650505, 0.0)], [0.629206, 0.218077, -0.746016, 0.0)], [0.0, 0.0, 0.0, 1.0)]])
0.0, 0.0, 0.0
float3(-0.219844, 2.44093, -1.60818)
771.185990375
limited(__ObjC.ARCamera.TrackingState.Reason.initializing)
simd_float4x4([[0.149916, -0.980612, -0.126189, 0.0)], [-0.781991, -0.0395044, -0.622037, 0.0)], [0.604991, 0.191932, -0.772752, 0.0)], [0.0, 0.0, 0.0, 1.0)]])
0.0, 0.0, 0.0
float3(-0.193131, 2.47736, -1.61106)
771.2526475
limited(__ObjC.ARCamera.TrackingState.Reason.initializing)
simd_float4x4([[0.140425, -0.982811, -0.119839, 0.0)], [-0.796514, -0.040246, -0.603279, 0.0)], [0.588086, 0.180169, -0.788475, 0.0)], [0.0, 0.0, 0.0, 1.0)]])
0.0, 0.0, 0.0
float3(-0.181158, 2.50075, -1.61172)
771.319304625
limited(__ObjC.ARCamera.TrackingState.Reason.initializing)
simd_float4x4([[0.137073, -0.983118, -0.12119, 0.0)], [-0.813847, -0.0420293, -0.579557, 0.0)], [0.564679, 0.178072, -0.80587, 0.0)], [0.0, 0.0, 0.0, 1.0)]])
0.0, 0.0, 0.0
float3(-0.179027, 2.53039, -1.61352)
771.385961916
limited(__ObjC.ARCamera.TrackingState.Reason.initializing)
simd_float4x4([[0.131157, -0.984795, -0.113899, 0.0)], [-0.828909, -0.0459168, -0.557495, 0.0)], [0.543788, 0.167532, -0.822329, 0.0)], [0.0, 0.0, 0.0, 1.0)]])
0.0, 0.0, 0.0
float3(-0.168326, 2.55733, -1.61739)
771.452619125
limited(__ObjC.ARCamera.TrackingState.Reason.initializing)
simd_float4x4([[0.131103, -0.984552, -0.116043, 0.0)], [-0.840132, -0.048197, -0.540235, 0.0)], [0.526296, 0.168318, -0.833473, 0.0)], [0.0, 0.0, 0.0, 1.0)]])
0.0, 0.0, 0.0
float3(-0.169123, 2.57837, -1.61971)
771.519276375
limited(__ObjC.ARCamera.TrackingState.Reason.initializing)
simd_float4x4([[0.135558, -0.983572, -0.119192, 0.0)], [-0.859552, -0.0569192, -0.507869, 0.0)], [0.492741, 0.171298, -0.853147, 0.0)], [0.0, 0.0, 0.0, 1.0)]])
0.0, 0.0, 0.0
float3(-0.172147, 2.61784, -1.6286)
771.585933375
limited(__ObjC.ARCamera.TrackingState.Reason.initializing)
simd_float4x4([[0.135918, -0.982754, -0.125372, 0.0)], [-0.866173, -0.0564484, -0.496545, 0.0)], [0.480905, 0.176084, -0.858908, 0.0)], [0.0, 0.0, 0.0, 1.0)]])
0.0, 0.0, 0.0
float3(-0.177007, 2.63118, -1.62817)
771.65259075
limited(__ObjC.ARCamera.TrackingState.Reason.initializing)
simd_float4x4([[0.145571, -0.981755, -0.122328, 0.0)], [-0.871372, -0.0686733, -0.485792, 0.0)], [0.468528, 0.17731, -0.865471, 0.0)], [0.0, 0.0, 0.0, 1.0)]])
0.0, 0.0, 0.0
float3(-0.178253, 2.64541, -1.64063)
771.719248125
limited(__ObjC.ARCamera.TrackingState.Reason.initializing)
simd_float4x4([[0.161016, -0.978596, -0.128151, 0.0)], [-0.861253, -0.0759074, -0.502474, 0.0)], [0.481991, 0.191277, -0.855041, 0.0)], [0.0, 0.0, 0.0, 1.0)]])
0.0, 0.0, 0.0
float3(-0.192463, 2.62829, -1.64821)
771.78590525
limited(__ObjC.ARCamera.TrackingState.Reason.initializing)
simd_float4x4([[0.173831, -0.97321, -0.15048, 0.0)], [-0.85518, -0.073411, -0.513107, 0.0)], [0.488313, 0.217882, -0.845031, 0.0)], [0.0, 0.0, 0.0, 1.0)]])
0.0, 0.0, 0.0
float3(-0.219644, 2.61761, -1.64609)
771.852562333
limited(__ObjC.ARCamera.TrackingState.Reason.initializing)
simd_float4x4([[0.150377, -0.980146, -0.129225, 0.0)], [-0.839989, -0.0577422, -0.539522, 0.0)], [0.521348, 0.189679, -0.831996, 0.0)], [0.0, 0.0, 0.0, 1.0)]])
0.0, 0.0, 0.0
float3(-0.190835, 2.58183, -1.62964)
771.919219583
limited(__ObjC.ARCamera.TrackingState.Reason.initializing)
simd_float4x4([[0.151912, -0.980646, -0.123513, 0.0)], [-0.815568, -0.0537721, -0.576157, 0.0)], [0.558364, 0.188258, -0.807952, 0.0)], [0.0, 0.0, 0.0, 1.0)]])
0.0, 0.0, 0.0
float3(-0.189388, 2.53687, -1.62557)
771.985876916
limited(__ObjC.ARCamera.TrackingState.Reason.initializing)
simd_float4x4([[0.153142, -0.981716, -0.113047, 0.0)], [-0.791179, -0.0532615, -0.60926, 0.0)], [0.592099, 0.182744, -0.78487, 0.0)], [0.0, 0.0, 0.0, 1.0)]])
0.0, 0.0, 0.0
float3(-0.183776, 2.49529, -1.625)
772.052534
limited(__ObjC.ARCamera.TrackingState.Reason.initializing)
simd_float4x4([[0.159462, -0.981356, -0.107293, 0.0)], [-0.762168, -0.0533069, -0.645181, 0.0)], [0.627433, 0.184657, -0.756458, 0.0)], [0.0, 0.0, 0.0, 1.0)]])
0.0, 0.0, 0.0
float3(-0.185723, 2.44916, -1.62506)
772.119191208
limited(__ObjC.ARCamera.TrackingState.Reason.initializing)
simd_float4x4([[0.161199, -0.98235, -0.0948808, 0.0)], [-0.729685, -0.0538997, -0.681655, 0.0)], [0.66451, 0.179115, -0.725495, 0.0)], [0.0, 0.0, 0.0, 1.0)]])
0.0, 0.0, 0.0
float3(-0.180087, 2.40004, -1.62561)
772.185848333
limited(__ObjC.ARCamera.TrackingState.Reason.initializing)
simd_float4x4([[0.164444, -0.982457, -0.0879465, 0.0)], [-0.698094, -0.0529278, -0.714048, 0.0)], [0.696866, 0.178816, -0.694551, 0.0)], [0.0, 0.0, 0.0, 1.0)]])
0.0, 0.0, 0.0
float3(-0.179783, 2.35453, -1.62462)
772.252505666
normal
simd_float4x4([[0.180218, -0.98136, -0.0667395, 0.0)], [-0.659965, -0.0703273, -0.747998, 0.0)], [0.729361, 0.178848, -0.660337, 0.0)], [0.0, 0.0, 0.0, 1.0)]])
0.0, 0.0, 0.0
float3(-0.179816, 2.30657, -1.64234)
772.319162958
normal
simd_float4x4([[0.180841, -0.98171, -0.0595219, 0.0)], [-0.624897, -0.0679573, -0.777744, 0.0)], [0.759473, 0.177843, -0.625757, 0.0)], [-0.01757, 0.0059745, -0.0339692, 1.0)]])
-0.01757, 0.0059745, -0.0339692
float3(-0.178794, 2.25996, -1.63991)
772.38582
normal
simd_float4x4([[0.177824, -0.982779, -0.0502386, 0.0)], [-0.588926, -0.0653819, -0.805538, 0.0)], [0.788381, 0.172831, -0.59041, 0.0)], [-0.0482465, -0.00137512, -0.0363462, 1.0)]])
-0.0482465, -0.00137512, -0.0363462
float3(-0.173703, 2.21359, -1.63723)
772.452477375
normal
simd_float4x4([[0.177128, -0.983486, -0.0371544, 0.0)], [-0.552633, -0.0681506, -0.830634, 0.0)], [0.814385, 0.167662, -0.555578, 0.0)], [-0.0756986, -0.00906639, -0.0369883, 1.0)]])
-0.0756986, -0.00906639, -0.0369883
float3(-0.168457, 2.16948, -1.63998)
772.519134541
normal
simd_float4x4([[0.177907, -0.983762, -0.0236831, 0.0)], [-0.513083, -0.0721974, -0.855297, 0.0)], [0.839699, 0.164315, -0.517596, 0.0)], [-0.094394, -0.00546539, -0.0689402, 1.0)]])
-0.094394, -0.00546539, -0.0689402
float3(-0.165064, 2.12319, -1.64405)
772.585791833
normal
simd_float4x4([[0.180714, -0.983445, -0.0134062, 0.0)], [-0.47502, -0.0753359, -0.876744, 0.0)], [0.861219, 0.164808, -0.48077, 0.0)], [-0.113084, -0.0118938, -0.0720086, 1.0)]])
-0.113084, -0.0118938, -0.0720086
float3(-0.165563, 2.07995, -1.64725)
772.652448958
normal
simd_float4x4([[0.17859, -0.983915, -0.004195, 0.0)], [-0.441285, -0.0762855, -0.894119, 0.0)], [0.879416, 0.161532, -0.447811, 0.0)], [-0.126028, -0.0178087, -0.0759573, 1.0)]])
-0.126028, -0.0178087, -0.0759573
float3(-0.162243, 2.04179, -1.64817)
772.719106208
normal
simd_float4x4([[0.178953, -0.983852, 0.00327992, 0.0)], [-0.415291, -0.0785587, -0.90629, 0.0)], [0.891913, 0.160821, -0.422643, 0.0)], [-0.142101, -0.0160088, -0.100996, 1.0)]])
-0.142101, -0.0160088, -0.100996
float3(-0.161523, 2.01331, -1.65048)
772.78576325
normal
simd_float4x4([[0.17807, -0.983984, 0.00812239, 0.0)], [-0.398752, -0.0797027, -0.913589, 0.0)], [0.899604, 0.159444, -0.406558, 0.0)], [-0.14584, -0.0178177, -0.104545, 1.0)]])
-0.14584, -0.0178177, -0.104545
float3(-0.160127, 1.99525, -1.65162)
772.852420583
normal
simd_float4x4([[0.176799, -0.98419, 0.0105949, 0.0)], [-0.392948, -0.0804501, -0.916035, 0.0)], [0.902405, 0.157791, -0.400959, 0.0)], [-0.149594, -0.0244164, -0.097156, 1.0)]])
-0.149594, -0.0244164, -0.097156
float3(-0.158453, 1.98892, -1.65236)
772.919077875
normal
simd_float4x4([[0.174378, -0.984658, 0.00644634, 0.0)], [-0.401354, -0.0770529, -0.912676, 0.0)], [0.89917, 0.156563, -0.408633, 0.0)], [-0.159916, -0.0232145, -0.110217, 1.0)]])
-0.159916, -0.0232145, -0.110217
float3(-0.15721, 1.99735, -1.64889)
772.985735
normal
simd_float4x4([[0.171997, -0.985095, -0.00235275, 0.0)], [-0.419111, -0.0710145, -0.905154, 0.0)], [0.891495, 0.156669, -0.425078, 0.0)], [-0.158649, -0.0263965, -0.0938351, 1.0)]])
-0.158649, -0.0263965, -0.0938351
float3(-0.157318, 2.01572, -1.64276)
773.052392208
normal
simd_float4x4([[0.16998, -0.985416, -0.00795853, 0.0)], [-0.45038, -0.0705002, -0.890049, 0.0)], [0.876507, 0.154875, -0.455795, 0.0)], [-0.155776, -0.0292995, -0.0799899, 1.0)]])
-0.155776, -0.0292995, -0.0799899
float3(-0.1555, 2.05033, -1.64222)
773.119049416
normal
simd_float4x4([[0.164702, -0.986232, -0.0148665, 0.0)], [-0.488507, -0.0684688, -0.86987, 0.0)], [0.856875, 0.150532, -0.493058, 0.0)], [-0.162151, -0.0289102, -0.0845967, 1.0)]])
-0.162151, -0.0289102, -0.0845967
float3(-0.151106, 2.09294, -1.64011)
773.185706625
normal
simd_float4x4([[0.162819, -0.986465, -0.0194242, 0.0)], [-0.530688, -0.0709612, -0.844592, 0.0)], [0.831781, 0.147824, -0.535059, 0.0)], [-0.152026, -0.0324435, -0.0665188, 1.0)]])
-0.152026, -0.0324435, -0.0665188
float3(-0.148368, 2.14242, -1.64261)
773.252363916
normal
simd_float4x4([[0.163144, -0.986201, -0.0281399, 0.0)], [-0.568527, -0.0706628, -0.819624, 0.0)], [0.806326, 0.149715, -0.57221, 0.0)], [-0.139426, -0.0361057, -0.0471896, 1.0)]])
-0.139426, -0.0361057, -0.0471896
float3(-0.15028, 2.18797, -1.64233)
773.319021208
normal
simd_float4x4([[0.159936, -0.986609, -0.0319866, 0.0)], [-0.612156, -0.0737099, -0.787294, 0.0)], [0.774394, 0.145497, -0.615747, 0.0)], [-0.143588, -0.0368636, -0.0502137, 1.0)]])
-0.143588, -0.0368636, -0.0502137
float3(-0.146016, 2.24256, -1.64537)
773.385678291
normal
simd_float4x4([[0.16261, -0.985912, -0.0391815, 0.0)], [-0.650255, -0.0772128, -0.755782, 0.0)], [0.742109, 0.148375, -0.65365, 0.0)], [-0.135123, -0.0405056, -0.0382984, 1.0)]])
-0.135123, -0.0405056, -0.0382984
float3(-0.148925, 2.2929, -1.64895)
773.452335625
normal
simd_float4x4([[0.165515, -0.985056, -0.0476386, 0.0)], [-0.684303, -0.0799284, -0.724804, 0.0)], [0.710165, 0.152565, -0.687306, 0.0)], [-0.129982, -0.0407761, -0.0337042, 1.0)]])
-0.129982, -0.0407761, -0.0337042
float3(-0.153163, 2.33984, -1.65176)
773.518992875
normal
simd_float4x4([[0.164311, -0.984797, -0.0563573, 0.0)], [-0.716633, -0.079918, -0.692856, 0.0)], [0.677819, 0.154231, -0.71887, 0.0)], [-0.133791, -0.0420571, -0.0390613, 1.0)]])
-0.133791, -0.0420571, -0.0390613
float3(-0.154849, 2.38558, -1.65177)
773.585650041
normal
simd_float4x4([[0.162557, -0.984547, -0.0651391, 0.0)], [-0.745004, -0.0791847, -0.662344, 0.0)], [0.646951, 0.156198, -0.746363, 0.0)], [-0.137357, -0.0377178, -0.0462644, 1.0)]])
-0.137357, -0.0377178, -0.0462644
float3(-0.15684, 2.42742, -1.65105)
773.652307375
normal
simd_float4x4([[0.162845, -0.984291, -0.0682175, 0.0)], [-0.768353, -0.0831375, -0.634603, 0.0)], [0.618963, 0.155757, -0.769821, 0.0)], [-0.148618, -0.0322523, -0.0644042, 1.0)]])
-0.148618, -0.0322523, -0.0644042
float3(-0.156394, 2.4644, -1.65506)
773.718964416
normal
simd_float4x4([[0.16285, -0.984439, -0.0660241, 0.0)], [-0.784295, -0.0885598, -0.614035, 0.0)], [0.598633, 0.151778, -0.786513, 0.0)], [-0.158505, -0.032168, -0.079688, 1.0)]])
-0.158505, -0.032168, -0.079688
float3(-0.152367, 2.49101, -1.66051)
773.785621666
normal
simd_float4x4([[0.165739, -0.983956, -0.0660425, 0.0)], [-0.793565, -0.0933116, -0.601288, 0.0)], [0.585478, 0.152066, -0.796298, 0.0)], [-0.177682, -0.0251651, -0.102009, 1.0)]])
-0.177682, -0.0251651, -0.102009
float3(-0.152658, 2.5076, -1.66535)
773.852278958
normal
simd_float4x4([[0.162017, -0.984864, -0.0615876, 0.0)], [-0.79651, -0.0936784, -0.597324, 0.0)], [0.582514, 0.145832, -0.799632, 0.0)], [-0.193987, -0.0199005, -0.120338, 1.0)]])
-0.193987, -0.0199005, -0.120338
float3(-0.146354, 2.51201, -1.66563)
773.918936083
normal
simd_float4x4([[0.159719, -0.985243, -0.0615411, 0.0)], [-0.792275, -0.0907479, -0.603378, 0.0)], [0.588889, 0.145128, -0.795077, 0.0)], [-0.214491, -0.019054, -0.142933, 1.0)]])
-0.214491, -0.019054, -0.142933
float3(-0.145643, 2.50409, -1.66264)
773.985593291
normal
simd_float4x4([[0.156328, -0.985973, -0.0584646, 0.0)], [-0.782634, -0.0875444, -0.616295, 0.0)], [0.602532, 0.142101, -0.785342, 0.0)], [-0.24072, -0.0136066, -0.171167, 1.0)]])
-0.24072, -0.0136066, -0.171167
float3(-0.142583, 2.48716, -1.65935)
774.052250541
normal
simd_float4x4([[0.156117, -0.986246, -0.0542762, 0.0)], [-0.76652, -0.0863126, -0.636394, 0.0)], [0.622956, 0.140955, -0.769452, 0.0)], [-0.272051, -0.00963258, -0.201087, 1.0)]])
-0.272051, -0.00963258, -0.201087
float3(-0.141426, 2.46102, -1.65809)
774.118907833
normal
simd_float4x4([[0.155496, -0.98615, -0.0576952, 0.0)], [-0.746863, -0.0791365, -0.660252, 0.0)], [0.646542, 0.145757, -0.748825, 0.0)], [-0.301393, -0.0103653, -0.227764, 1.0)]])
-0.301393, -0.0103653, -0.227764
float3(-0.146278, 2.42937, -1.65087)
774.185565041
normal
simd_float4x4([[0.156441, -0.985863, -0.0600066, 0.0)], [-0.723808, -0.0730948, -0.686119, 0.0)], [0.672033, 0.15077, -0.72501, 0.0)], [-0.328809, -0.0087368, -0.250463, 1.0)]])
-0.328809, -0.0087368, -0.250463
float3(-0.151347, 2.3941, -1.6448)
774.252222416
normal
simd_float4x4([[0.157765, -0.985659, -0.059889, 0.0)], [-0.700073, -0.0688686, -0.710743, 0.0)], [0.696426, 0.154057, -0.700898, 0.0)], [-0.355901, -0.0105637, -0.269846, 1.0)]])
-0.355901, -0.0105637, -0.269846
float3(-0.154673, 2.35939, -1.64055)
774.318879375
normal
simd_float4x4([[0.161228, -0.984767, -0.0651098, 0.0)], [-0.676273, -0.0621897, -0.734022, 0.0)], [0.718791, 0.162377, -0.675998, 0.0)], [-0.388141, -0.0129926, -0.297337, 1.0)]])
-0.388141, -0.0129926, -0.297337
float3(-0.163099, 2.32552, -1.63386)
774.38553675
normal
simd_float4x4([[0.165465, -0.983734, -0.0699228, 0.0)], [-0.6595, -0.0576553, -0.74949, 0.0)], [0.733267, 0.170128, -0.658313, 0.0)], [-0.4037, -0.0184912, -0.308079, 1.0)]])
-0.4037, -0.0184912, -0.308079
float3(-0.17096, 2.30238, -1.62934)
774.452194041
normal
simd_float4x4([[0.173, -0.9822, -0.0731698, 0.0)], [-0.645915, -0.0570567, -0.761274, 0.0)], [0.743549, 0.178962, -0.644289, 0.0)], [-0.409683, -0.0287784, -0.305402, 1.0)]])
-0.409683, -0.0287784, -0.305402
float3(-0.179931, 2.28479, -1.62882)
774.518851208
normal
simd_float4x4([[0.178009, -0.981277, -0.073545, 0.0)], [-0.638171, -0.0582311, -0.767689, 0.0)], [0.749033, 0.18359, -0.636588, 0.0)], [-0.434949, -0.0321821, -0.329311, 1.0)]])
-0.434949, -0.0321821, -0.329311
float3(-0.184638, 2.27522, -1.63007)
774.585508458
normal
simd_float4x4([[0.181001, -0.980326, -0.0787389, 0.0)], [-0.635924, -0.0555873, -0.769748, 0.0)], [0.750227, 0.189397, -0.633474, 0.0)], [-0.414844, -0.0465442, -0.294251, 1.0)]])
-0.414844, -0.0465442, -0.294251
float3(-0.190548, 2.27202, -1.62744)
774.652165708
normal
simd_float4x4([[0.182164, -0.979627, -0.0845448, 0.0)], [-0.640933, -0.0530956, -0.765758, 0.0)], [0.745668, 0.193681, -0.637547, 0.0)], [-0.379865, -0.0573934, -0.253389, 1.0)]])
-0.379865, -0.0573934, -0.253389
float3(-0.194913, 2.27819, -1.62494)
774.718823083
normal
simd_float4x4([[0.180464, -0.980606, -0.0764575, 0.0)], [-0.653802, -0.0615198, -0.75416, 0.0)], [0.73483, 0.186087, -0.652224, 0.0)], [-0.392381, -0.0595414, -0.270323, 1.0)]])
-0.392381, -0.0595414, -0.270323
float3(-0.187178, 2.29671, -1.63345)
774.785480125
normal
simd_float4x4([[0.172843, -0.982495, -0.0694965, 0.0)], [-0.672591, -0.0661892, -0.737049, 0.0)], [0.719546, 0.174137, -0.672257, 0.0)], [-0.344608, -0.0634904, -0.230553, 1.0)]])
-0.344608, -0.0634904, -0.230553
float3(-0.175029, 2.32223, -1.63806)
774.852137416
normal
simd_float4x4([[0.166053, -0.983681, -0.0692642, 0.0)], [-0.696247, -0.0672108, -0.714649, 0.0)], [0.698332, 0.166894, -0.696045, 0.0)], [-0.298414, -0.0658028, -0.195165, 1.0)]])
-0.298414, -0.0658028, -0.195165
float3(-0.167679, 2.35455, -1.63902)
774.91879475
normal
simd_float4x4([[0.164834, -0.983694, -0.0719497, 0.0)], [-0.721055, -0.0704084, -0.689291, 0.0)], [0.672986, 0.165499, -0.720903, 0.0)], [-0.30006, -0.0675291, -0.201804, 1.0)]])
-0.30006, -0.0675291, -0.201804
float3(-0.166264, 2.39056, -1.64225)
774.985451916
normal
simd_float4x4([[0.168213, -0.982972, -0.0739684, 0.0)], [-0.742749, -0.077054, -0.665122, 0.0)], [0.648096, 0.166822, -0.743062, 0.0)], [-0.262737, -0.0690819, -0.174612, 1.0)]])
-0.262737, -0.0690819, -0.174612
float3(-0.167606, 2.42435, -1.64903)
775.052109166
normal
simd_float4x4([[0.169971, -0.982966, -0.0699124, 0.0)], [-0.765047, -0.0869064, -0.638083, 0.0)], [0.621138, 0.161942, -0.766787, 0.0)], [-0.228306, -0.0722104, -0.154568, 1.0)]])
-0.228306, -0.0722104, -0.154568
float3(-0.162658, 2.46075, -1.65898)
775.118766416
normal
simd_float4x4([[0.175028, -0.981737, -0.0745491, 0.0)], [-0.786276, -0.0938054, -0.610714, 0.0)], [0.592567, 0.165508, -0.788334, 0.0)], [-0.229955, -0.0757636, -0.158519, 1.0)]])
-0.229955, -0.0757636, -0.158519
float3(-0.166273, 2.49702, -1.66606)
775.185423583
normal
simd_float4x4([[0.180597, -0.980354, -0.0793162, 0.0)], [-0.802234, -0.100168, -0.588547, 0.0)], [0.569039, 0.16992, -0.804563, 0.0)], [-0.199985, -0.078964, -0.141933, 1.0)]])
-0.199985, -0.078964, -0.141933
float3(-0.170749, 2.52601, -1.67262)
775.252080875
normal
simd_float4x4([[0.184673, -0.979199, -0.0840502, 0.0)], [-0.81705, -0.105437, -0.566844, 0.0)], [0.546191, 0.173354, -0.819527, 0.0)], [-0.179011, -0.0815607, -0.131138, 1.0)]])
-0.179011, -0.0815607, -0.131138
float3(-0.174234, 2.55373, -1.67806)
775.318738208
normal
simd_float4x4([[0.185442, -0.978663, -0.0884831, 0.0)], [-0.828716, -0.107369, -0.549274, 0.0)], [0.528054, 0.175186, -0.830945, 0.0)], [-0.181925, -0.0846992, -0.133388, 1.0)]])
-0.181925, -0.0846992, -0.133388
float3(-0.176095, 2.57549, -1.68007)
775.385395458
normal
simd_float4x4([[0.186014, -0.977922, -0.0952274, 0.0)], [-0.835138, -0.106303, -0.539671, 0.0)], [0.517633, 0.179914, -0.836473, 0.0)], [-0.172966, -0.0855705, -0.135231, 1.0)]])
-0.172966, -0.0855705, -0.135231
float3(-0.180899, 2.58744, -1.67907)
775.452052666
normal
simd_float4x4([[0.184885, -0.978106, -0.0955275, 0.0)], [-0.83668, -0.105667, -0.537402, 0.0)], [0.515542, 0.179284, -0.837898, 0.0)], [-0.172172, -0.0860939, -0.139796, 1.0)]])
-0.172172, -0.0860939, -0.139796
float3(-0.180258, 2.59001, -1.67841)
775.518709875
normal
simd_float4x4([[0.186242, -0.977275, -0.101232, 0.0)], [-0.836743, -0.103765, -0.537674, 0.0)], [0.514951, 0.184843, -0.837054, 0.0)], [-0.180688, -0.0879522, -0.144079, 1.0)]])
-0.180688, -0.0879522, -0.144079
float3(-0.185912, 2.59008, -1.67658)
775.585367208
normal
simd_float4x4([[0.18505, -0.978036, -0.0959284, 0.0)], [-0.833457, -0.104473, -0.542619, 0.0)], [0.520679, 0.180364, -0.834483, 0.0)], [-0.187165, -0.0860148, -0.152285, 1.0)]])
-0.187165, -0.0860148, -0.152285
float3(-0.181356, 2.58375, -1.67721)
775.652024208
normal
simd_float4x4([[0.184694, -0.978149, -0.0954636, 0.0)], [-0.829259, -0.102972, -0.549296, 0.0)], [0.527464, 0.180616, -0.830157, 0.0)], [-0.195034, -0.0855277, -0.15675, 1.0)]])
-0.195034, -0.0855277, -0.15675
float3(-0.181613, 2.57557, -1.67568)
775.718681708
normal
simd_float4x4([[0.185432, -0.978285, -0.0925882, 0.0)], [-0.825647, -0.104019, -0.554516, 0.0)], [0.532844, 0.17927, -0.827007, 0.0)], [-0.206489, -0.0872459, -0.163914, 1.0)]])
-0.206489, -0.0872459, -0.163914
float3(-0.180245, 2.56923, -1.67673)
775.785338833
normal
simd_float4x4([[0.184923, -0.97857, -0.090573, 0.0)], [-0.822078, -0.10353, -0.559884, 0.0)], [0.538509, 0.177994, -0.823606, 0.0)], [-0.216864, -0.0898156, -0.169219, 1.0)]])
-0.216864, -0.0898156, -0.169219
float3(-0.178947, 2.56252, -1.6762)
775.851996041
normal
simd_float4x4([[0.18404, -0.979016, -0.0875088, 0.0)], [-0.818449, -0.103335, -0.565211, 0.0)], [0.544307, 0.175643, -0.820292, 0.0)], [-0.227775, -0.0904072, -0.176151, 1.0)]])
-0.227775, -0.0904072, -0.176151
float3(-0.176559, 2.55575, -1.67596)
775.918653458
normal
simd_float4x4([[0.183018, -0.979636, -0.0825723, 0.0)], [-0.814734, -0.104132, -0.570409, 0.0)], [0.550194, 0.171669, -0.8172, 0.0)], [-0.239857, -0.0918305, -0.184428, 1.0)]])
-0.239857, -0.0918305, -0.184428
float3(-0.172524, 2.54903, -1.67669)
775.985310708
normal
simd_float4x4([[0.183287, -0.979752, -0.0805794, 0.0)], [-0.811298, -0.104465, -0.575224, 0.0)], [0.555159, 0.170805, -0.814017, 0.0)], [-0.251318, -0.0941635, -0.186825, 1.0)]])
-0.251318, -0.0941635, -0.186825
float3(-0.171647, 2.54305, -1.67702)
776.051967875
normal
simd_float4x4([[0.183352, -0.979998, -0.0773754, 0.0)], [-0.807509, -0.105256, -0.580388, 0.0)], [0.560635, 0.168897, -0.810656, 0.0)], [-0.265186, -0.0934895, -0.191165, 1.0)]])
-0.265186, -0.0934895, -0.191165
float3(-0.16971, 2.53654, -1.67779)
776.118625083
normal
simd_float4x4([[0.182591, -0.980152, -0.0772137, 0.0)], [-0.80432, -0.103745, -0.58507, 0.0)], [0.565447, 0.168933, -0.807299, 0.0)], [-0.277984, -0.0954539, -0.198418, 1.0)]])
-0.277984, -0.0954539, -0.198418
float3(-0.169747, 2.53059, -1.67625)
776.185282416
normal
simd_float4x4([[0.181789, -0.980532, -0.0742245, 0.0)], [-0.80106, -0.103891, -0.5895, 0.0)], [0.570312, 0.166623, -0.804351, 0.0)], [-0.29358, -0.0935598, -0.200044, 1.0)]])
-0.29358, -0.0935598, -0.200044
float3(-0.167404, 2.52483, -1.67636)
776.2519395
normal
simd_float4x4([[0.180426, -0.98092, -0.0724045, 0.0)], [-0.797849, -0.102908, -0.594009, 0.0)], [0.575224, 0.164943, -0.801194, 0.0)], [-0.308297, -0.0917615, -0.203025, 1.0)]])
-0.308297, -0.0917615, -0.203025
float3(-0.1657, 2.51892, -1.67532)
776.318596875
normal
simd_float4x4([[0.180775, -0.980745, -0.0738896, 0.0)], [-0.795793, -0.101708, -0.596966, 0.0)], [0.577956, 0.166717, -0.798857, 0.0)], [-0.323285, -0.0941155, -0.209141, 1.0)]])
-0.323285, -0.0941155, -0.209141
float3(-0.1675, 2.51528, -1.67413)
776.385254
normal
simd_float4x4([[0.171185, -0.981753, -0.0828031, 0.0)], [-0.808657, -0.0919962, -0.581043, 0.0)], [0.562824, 0.166425, -0.80965, 0.0)], [-0.301114, -0.0819099, -0.198565, 1.0)]])
-0.301114, -0.0819099, -0.198565
float3(-0.167203, 2.53413, -1.66423)
776.451911333
normal
simd_float4x4([[0.16865, -0.981986, -0.0852099, 0.0)], [-0.807006, -0.0879266, -0.583961, 0.0)], [0.565949, 0.16725, -0.807298, 0.0)], [-0.305929, -0.0807607, -0.198985, 1.0)]])
-0.305929, -0.0807607, -0.198985
float3(-0.16804, 2.53017, -1.6601)
776.518568791
normal
simd_float4x4([[0.169602, -0.982027, -0.0828128, 0.0)], [-0.803563, -0.0891526, -0.588505, 0.0)], [0.570545, 0.166357, -0.804241, 0.0)], [-0.310244, -0.0819516, -0.200673, 1.0)]])
-0.310244, -0.0819516, -0.200673
float3(-0.167134, 2.52457, -1.66133)
776.585225833
normal
simd_float4x4([[0.169334, -0.981947, -0.0842986, 0.0)], [-0.800625, -0.0871755, -0.592791, 0.0)], [0.57474, 0.167871, -0.800933, 0.0)], [-0.310682, -0.0767154, -0.197485, 1.0)]])
-0.310682, -0.0767154, -0.197485
float3(-0.16867, 2.51916, -1.65934)
776.651883166
normal
simd_float4x4([[0.1691, -0.982052, -0.0835402, 0.0)], [-0.79792, -0.0866513, -0.596502, 0.0)], [0.578558, 0.167527, -0.798252, 0.0)], [-0.304854, -0.0749656, -0.195075, 1.0)]])
-0.304854, -0.0749656, -0.195075
float3(-0.168321, 2.51443, -1.6588)
776.718540291
normal
simd_float4x4([[0.17119, -0.981572, -0.0849188, 0.0)], [-0.795056, -0.0867267, -0.600304, 0.0)], [0.581876, 0.170281, -0.795251, 0.0)], [-0.306521, -0.0752906, -0.194287, 1.0)]])
-0.306521, -0.0752906, -0.194287
float3(-0.171115, 2.50991, -1.65892)
776.785197625
normal
simd_float4x4([[0.173274, -0.981338, -0.0833832, 0.0)], [-0.790698, -0.0881365, -0.60583, 0.0)], [0.587174, 0.170906, -0.791213, 0.0)], [-0.310092, -0.0762125, -0.191274, 1.0)]])
-0.310092, -0.0762125, -0.191274
float3(-0.171749, 2.50315, -1.66037)
776.851854875
normal
simd_float4x4([[0.175916, -0.980906, -0.0829294, 0.0)], [-0.786996, -0.0895328, -0.610427, 0.0)], [0.591346, 0.172649, -0.787719, 0.0)], [-0.311231, -0.0782977, -0.190244, 1.0)]])
-0.311231, -0.0782977, -0.190244
float3(-0.173519, 2.49764, -1.66182)
776.918512208
normal
simd_float4x4([[0.177507, -0.980693, -0.0820503, 0.0)], [-0.783661, -0.0904251, -0.614572, 0.0)], [0.595287, 0.17339, -0.784582, 0.0)], [-0.311712, -0.0786377, -0.188979, 1.0)]])
-0.311712, -0.0786377, -0.188979
float3(-0.174271, 2.49253, -1.66274)
776.985169291
normal
simd_float4x4([[0.180196, -0.980142, -0.082774, 0.0)], [-0.781126, -0.0914468, -0.61764, 0.0)], [0.597806, 0.175953, -0.782093, 0.0)], [-0.311282, -0.0799669, -0.189311, 1.0)]])
-0.311282, -0.0799669, -0.189311
float3(-0.176874, 2.48896, -1.66383)
777.051826666
normal
simd_float4x4([[0.180404, -0.980157, -0.0821329, 0.0)], [-0.779134, -0.0914384, -0.620153, 0.0)], [0.600337, 0.175871, -0.78017, 0.0)], [-0.311241, -0.080961, -0.189128, 1.0)]])
-0.311241, -0.080961, -0.189128
float3(-0.17679, 2.48573, -1.66382)
777.118483958
normal
simd_float4x4([[0.182025, -0.979905, -0.0815689, 0.0)], [-0.776926, -0.0924802, -0.622763, 0.0)], [0.602705, 0.176732, -0.778147, 0.0)], [-0.310947, -0.0812182, -0.187849, 1.0)]])
-0.310947, -0.0812182, -0.187849
float3(-0.177665, 2.48257, -1.66489)
777.185141166
normal
simd_float4x4([[0.184437, -0.979564, -0.0802352, 0.0)], [-0.775318, -0.0948357, -0.624411, 0.0)], [0.604041, 0.177372, -0.776964, 0.0)], [-0.310458, -0.0819091, -0.188708, 1.0)]])
-0.310458, -0.0819091, -0.188708
float3(-0.178316, 2.48076, -1.66731)
777.2517985
normal
simd_float4x4([[0.185983, -0.979238, -0.0806453, 0.0)], [-0.774216, -0.0955168, -0.625673, 0.0)], [0.604979, 0.178802, -0.775906, 0.0)], [-0.311034, -0.081331, -0.18796, 1.0)]])
-0.311034, -0.081331, -0.18796
float3(-0.179768, 2.47935, -1.66803)
777.318455666
normal
simd_float4x4([[0.187266, -0.979069, -0.0797175, 0.0)], [-0.772864, -0.0967612, -0.627151, 0.0)], [0.606311, 0.179055, -0.774808, 0.0)], [-0.310719, -0.0814698, -0.187, 1.0)]])
-0.310719, -0.0814698, -0.187
float3(-0.180025, 2.4776, -1.66931)
777.385112958
normal
simd_float4x4([[0.189755, -0.978598, -0.0796221, 0.0)], [-0.771415, -0.0984303, -0.628673, 0.0)], [0.607381, 0.180716, -0.773583, 0.0)], [-0.312034, -0.0815846, -0.187329, 1.0)]])
-0.312034, -0.0815846, -0.187329
float3(-0.181714, 2.47597, -1.67104)
777.451770166
normal
simd_float4x4([[0.189394, -0.978626, -0.0801285, 0.0)], [-0.768537, -0.0969543, -0.632417, 0.0)], [0.611131, 0.181358, -0.770473, 0.0)], [-0.312396, -0.0809114, -0.187007, 1.0)]])
-0.312396, -0.0809114, -0.187007
float3(-0.182367, 2.47102, -1.66955)
777.5184275
normal
simd_float4x4([[0.190902, -0.978276, -0.0808275, 0.0)], [-0.766166, -0.0970226, -0.635277, 0.0)], [0.613634, 0.183203, -0.768043, 0.0)], [-0.313114, -0.0813208, -0.186419, 1.0)]])
-0.313114, -0.0813208, -0.186419
float3(-0.184244, 2.46749, -1.66965)
777.585084916
normal
simd_float4x4([[0.192381, -0.977917, -0.0816628, 0.0)], [-0.762838, -0.0966817, -0.639321, 0.0)], [0.617307, 0.185289, -0.764592, 0.0)], [-0.314331, -0.0824047, -0.185951, 1.0)]])
-0.314331, -0.0824047, -0.185951
float3(-0.186365, 2.46238, -1.66934)
777.651742125
normal
simd_float4x4([[0.193173, -0.977341, -0.0865371, 0.0)], [-0.760019, -0.0932703, -0.643173, 0.0)], [0.620528, 0.190014, -0.760815, 0.0)], [-0.315358, -0.0834457, -0.184165, 1.0)]])
-0.315358, -0.0834457, -0.184165
float3(-0.191176, 2.45741, -1.66594)
777.718399291
normal
simd_float4x4([[0.189677, -0.977774, -0.0893316, 0.0)], [-0.754406, -0.0869032, -0.65063, 0.0)], [0.628406, 0.190802, -0.754122, 0.0)], [-0.31499, -0.0847301, -0.18278, 1.0)]])
-0.31499, -0.0847301, -0.18278
float3(-0.191979, 2.44688, -1.65944)
777.785056541
normal
simd_float4x4([[0.190289, -0.977324, -0.0928878, 0.0)], [-0.748339, -0.0831585, -0.658083, 0.0)], [0.635435, 0.194737, -0.747194, 0.0)], [-0.317504, -0.0859362, -0.181701, 1.0)]])
-0.317504, -0.0859362, -0.181701
float3(-0.19599, 2.43685, -1.65568)
777.851713833
normal
simd_float4x4([[0.195071, -0.976071, -0.096089, 0.0)], [-0.743487, -0.083266, -0.663546, 0.0)], [0.639667, 0.20088, -0.741939, 0.0)], [-0.321403, -0.0869901, -0.180256, 1.0)]])
-0.321403, -0.0869901, -0.180256
float3(-0.202256, 2.43008, -1.6559)
777.918371125
normal
