ARKit Data
1532821.10232842
normal
simd_float4x4([[0.111327, -0.126968, -0.98564, 0.0)], [0.00377619, 0.991852, -0.127342, 0.0)], [0.993777, 0.0104547, 0.1109, 0.0)], [-2.81789, -0.000567086, 0.949338, 1.0)]])
-2.81789, -0.000567086, 0.949338
float3(-0.0104549, 1.45966, -0.127319)
1532821.43643946
notAvailable
simd_float4x4([[1.0, 0.0, 0.0, 0.0)], [0.0, 1.0, 0.0, 0.0)], [0.0, 0.0, 1.0, 0.0)], [0.0, 0.0, 0.0, 1.0)]])
0.0, 0.0, 0.0
float3(-0.0, 0.0, 0.0)
1532821.55309992
notAvailable
simd_float4x4([[1.0, 0.0, 0.0, 0.0)], [0.0, 1.0, 0.0, 0.0)], [0.0, 0.0, 1.0, 0.0)], [0.0, 0.0, 0.0, 1.0)]])
0.0, 0.0, 0.0
float3(-0.0, 0.0, 0.0)
1532821.653151
limited(__ObjC.ARCamera.TrackingState.Reason.initializing)
simd_float4x4([[0.999666, -0.0256572, -0.00319749, 0.0)], [0.0256662, 0.999666, 0.0028137, 0.0)], [0.00312424, -0.00289483, 0.99999, 0.0)], [0.0, 0.0, 0.0, 1.0)]])
0.0, 0.0, 0.0
float3(0.00289483, 0.00312426, -0.0256601)
1532821.75320221
limited(__ObjC.ARCamera.TrackingState.Reason.initializing)
simd_float4x4([[0.99487, -0.0967767, -0.0294746, 0.0)], [0.0966395, 0.995301, -0.0060493, 0.0)], [0.0299215, 0.00316986, 0.999547, 0.0)], [0.0, 0.0, 0.0, 1.0)]])
0.0, 0.0, 0.0
float3(-0.00316986, 0.0299261, -0.096929)
1532821.85325346
limited(__ObjC.ARCamera.TrackingState.Reason.initializing)
simd_float4x4([[0.989838, -0.120868, -0.0749162, 0.0)], [0.120189, 0.992658, -0.0135184, 0.0)], [0.076, 0.00437687, 0.997097, 0.0)], [0.0, 0.0, 0.0, 1.0)]])
0.0, 0.0, 0.0
float3(-0.00437689, 0.0760742, -0.121165)
1532821.95330463
limited(__ObjC.ARCamera.TrackingState.Reason.initializing)
simd_float4x4([[0.977927, -0.155817, -0.139212, 0.0)], [0.154358, 0.987785, -0.021285, 0.0)], [0.140828, -0.000673315, 0.990033, 0.0)], [0.0, 0.0, 0.0, 1.0)]])
0.0, 0.0, 0.0
float3(0.000673315, 0.141298, -0.156455)
1532822.053356
limited(__ObjC.ARCamera.TrackingState.Reason.initializing)
simd_float4x4([[0.967661, -0.155891, -0.19832, 0.0)], [0.151326, 0.987749, -0.0380663, 0.0)], [0.201825, 0.00682433, 0.979397, 0.0)], [0.0, 0.0, 0.0, 1.0)]])
0.0, 0.0, 0.0
float3(-0.00682438, 0.203226, -0.156533)
1532822.15340721
limited(__ObjC.ARCamera.TrackingState.Reason.initializing)
simd_float4x4([[0.955212, -0.153077, -0.253252, 0.0)], [0.148147, 0.988213, -0.038545, 0.0)], [0.256167, -0.000699695, 0.966631, 0.0)], [0.0, 0.0, 0.0, 1.0)]])
0.0, 0.0, 0.0
float3(0.000699695, 0.259055, -0.153681)
1532822.25345821
limited(__ObjC.ARCamera.TrackingState.Reason.initializing)
simd_float4x4([[0.941314, -0.146686, -0.303991, 0.0)], [0.141746, 0.989158, -0.0383853, 0.0)], [0.306326, -0.00695676, 0.9519, 0.0)], [0.0, 0.0, 0.0, 1.0)]])
0.0, 0.0, 0.0
float3(0.00695681, 0.311339, -0.147221)
1532822.35350971
limited(__ObjC.ARCamera.TrackingState.Reason.initializing)
simd_float4x4([[0.926148, -0.14297, -0.349012, 0.0)], [0.138563, 0.989635, -0.0377036, 0.0)], [0.350786, -0.013441, 0.936358, 0.0)], [0.0, 0.0, 0.0, 1.0)]])
0.0, 0.0, 0.0
float3(0.0134414, 0.358444, -0.143475)
1532822.45356071
limited(__ObjC.ARCamera.TrackingState.Reason.initializing)
simd_float4x4([[0.910734, -0.138805, -0.388969, 0.0)], [0.133922, 0.990192, -0.0397899, 0.0)], [0.390678, -0.0158534, 0.92039, 0.0)], [0.0, 0.0, 0.0, 1.0)]])
0.0, 0.0, 0.0
float3(0.015854, 0.401421, -0.139272)
1532822.553612
limited(__ObjC.ARCamera.TrackingState.Reason.initializing)
simd_float4x4([[0.896556, -0.134602, -0.421982, 0.0)], [0.130265, 0.990701, -0.0392454, 0.0)], [0.423341, -0.0197837, 0.905753, 0.0)], [0.0, 0.0, 0.0, 1.0)]])
0.0, 0.0, 0.0
float3(0.019785, 0.437222, -0.135038)
1532822.65366312
limited(__ObjC.ARCamera.TrackingState.Reason.initializing)
simd_float4x4([[0.883645, -0.13253, -0.449007, 0.0)], [0.129897, 0.990842, -0.0368244, 0.0)], [0.449776, -0.0257849, 0.892767, 0.0)], [0.0, 0.0, 0.0, 1.0)]])
0.0, 0.0, 0.0
float3(0.0257878, 0.466683, -0.132966)
1532822.75371463
limited(__ObjC.ARCamera.TrackingState.Reason.initializing)
simd_float4x4([[0.876217, -0.126517, -0.465013, 0.0)], [0.125327, 0.991545, -0.033622, 0.0)], [0.465335, -0.0288182, 0.884665, 0.0)], [0.0, 0.0, 0.0, 1.0)]])
0.0, 0.0, 0.0
float3(0.0288222, 0.484232, -0.12691)
1532822.85376579
limited(__ObjC.ARCamera.TrackingState.Reason.initializing)
simd_float4x4([[0.873862, -0.118731, -0.471453, 0.0)], [0.11901, 0.992457, -0.0293536, 0.0)], [0.471383, -0.0304564, 0.8814, 0.0)], [0.0, 0.0, 0.0, 1.0)]])
0.0, 0.0, 0.0
float3(0.0304611, 0.491108, -0.119068)
1532822.95381696
limited(__ObjC.ARCamera.TrackingState.Reason.initializing)
simd_float4x4([[0.879423, -0.113464, -0.462321, 0.0)], [0.114728, 0.993069, -0.0254872, 0.0)], [0.462009, -0.0306271, 0.886346, 0.0)], [0.0, 0.0, 0.0, 1.0)]])
0.0, 0.0, 0.0
float3(0.0306319, 0.480503, -0.113763)
1532823.05386825
limited(__ObjC.ARCamera.TrackingState.Reason.initializing)
simd_float4x4([[0.891762, -0.108206, -0.439377, 0.0)], [0.110827, 0.993643, -0.0197706, 0.0)], [0.438723, -0.0310644, 0.898085, 0.0)], [0.0, 0.0, 0.0, 1.0)]])
0.0, 0.0, 0.0
float3(0.0310694, 0.454414, -0.108471)
1532823.15391946
limited(__ObjC.ARCamera.TrackingState.Reason.initializing)
simd_float4x4([[0.908836, -0.103746, -0.404047, 0.0)], [0.106566, 0.994184, -0.0155727, 0.0)], [0.403313, -0.0289046, 0.914605, 0.0)], [0.0, 0.0, 0.0, 1.0)]])
0.0, 0.0, 0.0
float3(0.0289087, 0.415319, -0.103977)
1532823.25397071
limited(__ObjC.ARCamera.TrackingState.Reason.initializing)
simd_float4x4([[0.927649, -0.0981698, -0.360321, 0.0)], [0.101292, 0.994803, -0.0102602, 0.0)], [0.359456, -0.0269796, 0.932772, 0.0)], [0.0, 0.0, 0.0, 1.0)]])
0.0, 0.0, 0.0
float3(0.0269829, 0.367825, -0.0983642)
1532823.35402179
limited(__ObjC.ARCamera.TrackingState.Reason.initializing)
simd_float4x4([[0.94397, -0.0962544, -0.315684, 0.0)], [0.0993547, 0.995031, -0.0062999, 0.0)], [0.314722, -0.0254177, 0.948842, 0.0)], [0.0, 0.0, 0.0, 1.0)]])
0.0, 0.0, 0.0
float3(0.0254205, 0.320271, -0.096435)
1532823.45407329
limited(__ObjC.ARCamera.TrackingState.Reason.initializing)
simd_float4x4([[0.958723, -0.0946587, -0.268124, 0.0)], [0.0979457, 0.99519, -0.00112299, 0.0)], [0.266941, -0.025185, 0.963383, 0.0)], [0.0, 0.0, 0.0, 1.0)]])
0.0, 0.0, 0.0
float3(0.0251876, 0.270306, -0.094831)
1532823.55412442
limited(__ObjC.ARCamera.TrackingState.Reason.initializing)
simd_float4x4([[0.970635, -0.09241, -0.2221, 0.0)], [0.0956581, 0.995406, 0.00388724, 0.0)], [0.220721, -0.0250188, 0.975015, 0.0)], [0.0, 0.0, 0.0, 1.0)]])
0.0, 0.0, 0.0
float3(0.0250214, 0.222625, -0.0925712)
1532823.65417567
limited(__ObjC.ARCamera.TrackingState.Reason.initializing)
simd_float4x4([[0.980394, -0.0897035, -0.175444, 0.0)], [0.0925935, 0.995669, 0.00833967, 0.0)], [0.173936, -0.0244212, 0.984454, 0.0)], [0.0, 0.0, 0.0, 1.0)]])
0.0, 0.0, 0.0
float3(0.0244236, 0.174878, -0.0898511)
1532823.75422692
limited(__ObjC.ARCamera.TrackingState.Reason.initializing)
simd_float4x4([[0.987247, -0.0890856, -0.131935, 0.0)], [0.0913971, 0.995747, 0.0115568, 0.0)], [0.130344, -0.0234678, 0.991191, 0.0)], [0.0, 0.0, 0.0, 1.0)]])
0.0, 0.0, 0.0
float3(0.02347, 0.130752, -0.0892285)
1532823.85427813
limited(__ObjC.ARCamera.TrackingState.Reason.initializing)
simd_float4x4([[0.992005, -0.0877937, -0.0906494, 0.0)], [0.0893749, 0.995906, 0.0135258, 0.0)], [0.0890908, -0.0215194, 0.995791, 0.0)], [0.0, 0.0, 0.0, 1.0)]])
0.0, 0.0, 0.0
float3(0.0215211, 0.0892298, -0.0879273)
1532823.95432946
limited(__ObjC.ARCamera.TrackingState.Reason.initializing)
simd_float4x4([[0.994829, -0.0858181, -0.0543179, 0.0)], [0.0868779, 0.996066, 0.0174561, 0.0)], [0.0526062, -0.0220848, 0.998371, 0.0)], [0.0, 0.0, 0.0, 1.0)]])
0.0, 0.0, 0.0
float3(0.0220866, 0.0526433, -0.0859448)
1532824.05438054
limited(__ObjC.ARCamera.TrackingState.Reason.initializing)
simd_float4x4([[0.996032, -0.0847712, -0.027092, 0.0)], [0.0852904, 0.996182, 0.0186187, 0.0)], [0.0254102, -0.0208555, 0.99946, 0.0)], [0.0, 0.0, 0.0, 1.0)]])
0.0, 0.0, 0.0
float3(0.020857, 0.0254185, -0.0848915)
1532824.15443179
limited(__ObjC.ARCamera.TrackingState.Reason.initializing)
simd_float4x4([[0.996724, -0.0808334, -0.00283798, 0.0)], [0.0808667, 0.996615, 0.0147903, 0.0)], [0.00163281, -0.0149714, 0.999886, 0.0)], [0.0, 0.0, 0.0, 1.0)]])
0.0, 0.0, 0.0
float3(0.0149719, 0.001633, -0.0809308)
1532824.25448308
limited(__ObjC.ARCamera.TrackingState.Reason.initializing)
simd_float4x4([[0.997691, -0.0621045, 0.0274794, 0.0)], [0.062412, 0.997996, -0.0104767, 0.0)], [-0.0267736, 0.0121675, 0.999568, 0.0)], [0.0, 0.0, 0.0, 1.0)]])
0.0, 0.0, 0.0
float3(-0.0121678, -0.0267788, -0.0621491)
1532824.35453433
limited(__ObjC.ARCamera.TrackingState.Reason.initializing)
simd_float4x4([[0.997641, -0.0515799, 0.0452932, 0.0)], [0.0530194, 0.998107, -0.0311768, 0.0)], [-0.0435994, 0.0335047, 0.998487, 0.0)], [0.0, 0.0, 0.0, 1.0)]])
0.0, 0.0, 0.0
float3(-0.033511, -0.0436377, -0.0516318)
1532824.45458563
limited(__ObjC.ARCamera.TrackingState.Reason.initializing)
simd_float4x4([[0.997212, -0.0465555, 0.0583135, 0.0)], [0.0490603, 0.9979, -0.0422844, 0.0)], [-0.0562225, 0.0450273, 0.997402, 0.0)], [0.0, 0.0, 0.0, 1.0)]])
0.0, 0.0, 0.0
float3(-0.0450426, -0.0563093, -0.0466196)
1532824.55463696
limited(__ObjC.ARCamera.TrackingState.Reason.initializing)
simd_float4x4([[0.996562, -0.0394545, 0.0728506, 0.0)], [0.0435332, 0.997522, -0.0552752, 0.0)], [-0.0704892, 0.0582566, 0.99581, 0.0)], [0.0, 0.0, 0.0, 1.0)]])
0.0, 0.0, 0.0
float3(-0.0582896, -0.0706679, -0.0395319)
1532824.65468817
limited(__ObjC.ARCamera.TrackingState.Reason.initializing)
simd_float4x4([[0.995646, -0.027255, 0.0891426, 0.0)], [0.0333762, 0.997133, -0.0679132, 0.0)], [-0.087036, 0.0705927, 0.993701, 0.0)], [0.0, 0.0, 0.0, 1.0)]])
0.0, 0.0, 0.0
float3(-0.0706515, -0.0873648, -0.0273266)
1532824.75473938
limited(__ObjC.ARCamera.TrackingState.Reason.initializing)
simd_float4x4([[0.994334, -0.0140392, 0.105371, 0.0)], [0.0222671, 0.996758, -0.0773188, 0.0)], [-0.103944, 0.079227, 0.991423, 0.0)], [0.0, 0.0, 0.0, 1.0)]])
0.0, 0.0, 0.0
float3(-0.0793101, -0.104462, -0.014084)
1532824.85479054
limited(__ObjC.ARCamera.TrackingState.Reason.initializing)
simd_float4x4([[0.99297, -0.00600871, 0.118211, 0.0)], [0.0157614, 0.996529, -0.0817421, 0.0)], [-0.117309, 0.0830306, 0.989618, 0.0)], [0.0, 0.0, 0.0, 1.0)]])
0.0, 0.0, 0.0
float3(-0.0831263, -0.11799, -0.00602957)
1532824.95484188
limited(__ObjC.ARCamera.TrackingState.Reason.initializing)
simd_float4x4([[0.991063, -0.00197613, 0.133382, 0.0)], [0.0131487, 0.996467, -0.082936, 0.0)], [-0.132747, 0.0839486, 0.987588, 0.0)], [0.0, 0.0, 0.0, 1.0)]])
0.0, 0.0, 0.0
float3(-0.0840475, -0.133614, -0.00198314)
1532825.05489313
limited(__ObjC.ARCamera.TrackingState.Reason.initializing)
simd_float4x4([[0.988848, -0.00168622, 0.148921, 0.0)], [0.0135548, 0.996804, -0.0787187, 0.0)], [-0.148313, 0.0798595, 0.98571, 0.0)], [0.0, 0.0, 0.0, 1.0)]])
0.0, 0.0, 0.0
float3(-0.0799446, -0.149342, -0.00169162)
1532825.15494442
limited(__ObjC.ARCamera.TrackingState.Reason.initializing)
simd_float4x4([[0.985952, -0.000544913, 0.167029, 0.0)], [0.0124751, 0.997442, -0.0703854, 0.0)], [-0.166563, 0.0714803, 0.983437, 0.0)], [0.0, 0.0, 0.0, 1.0)]])
0.0, 0.0, 0.0
float3(-0.0715413, -0.167776, -0.000546311)
1532825.25499575
limited(__ObjC.ARCamera.TrackingState.Reason.initializing)
simd_float4x4([[0.981633, 0.00180791, 0.19077, 0.0)], [0.00977215, 0.998166, -0.0597435, 0.0)], [-0.190528, 0.0605105, 0.979815, 0.0)], [0.0, 0.0, 0.0, 1.0)]])
0.0, 0.0, 0.0
float3(-0.0605475, -0.192056, 0.00181123)
1532825.35504675
normal
simd_float4x4([[0.975729, -0.00341775, 0.218953, 0.0)], [0.0173789, 0.997933, -0.061869, 0.0)], [-0.218289, 0.0641726, 0.973772, 0.0)], [1.86265e-09, 9.31323e-10, -7.45058e-09, 1.0)]])
1.86265e-09, 9.31323e-10, -7.45058e-09
float3(-0.0642167, -0.220523, -0.00342481)
1532825.45509825
normal
simd_float4x4([[0.968788, -0.00743248, 0.247779, 0.0)], [0.0210515, 0.998406, -0.0523603, 0.0)], [-0.246995, 0.0559421, 0.967401, 0.0)], [0.012156, 0.00316629, -0.000944316, 1.0)]])
0.012156, 0.00316629, -0.000944316
float3(-0.0559713, -0.249978, -0.00744421)
1532825.55514942
normal
simd_float4x4([[0.960433, -0.00937113, 0.278353, 0.0)], [0.0231791, 0.998656, -0.0463563, 0.0)], [-0.277544, 0.0509741, 0.95936, 0.0)], [0.0236151, 0.00572376, -0.00437834, 1.0)]])
0.0236151, 0.00572376, -0.00437834
float3(-0.0509962, -0.281613, -0.00938347)
1532825.65520079
normal
simd_float4x4([[0.951717, -0.0143434, 0.306641, 0.0)], [0.0272085, 0.998918, -0.0377214, 0.0)], [-0.305768, 0.0442434, 0.951077, 0.0)], [0.0327494, 0.00867482, -0.00723775, 1.0)]])
0.0327494, 0.00867482, -0.00723775
float3(-0.0442578, -0.31106, -0.0143579)
1532825.75525204
normal
simd_float4x4([[0.942748, -0.0180848, 0.333016, 0.0)], [0.0300053, 0.999079, -0.0306871, 0.0)], [-0.332154, 0.0389225, 0.942422, 0.0)], [0.0394709, 0.0115187, -0.00881032, 1.0)]])
0.0394709, 0.0115187, -0.00881032
float3(-0.0389323, -0.338854, -0.0180995)
1532825.85530321
normal
simd_float4x4([[0.935912, -0.0229412, 0.351487, 0.0)], [0.0337721, 0.999124, -0.024714, 0.0)], [-0.350612, 0.0350006, 0.935867, 0.0)], [0.0481697, 0.0127568, -0.00656148, 1.0)]])
0.0481697, 0.0127568, -0.00656148
float3(-0.0350077, -0.358454, -0.0229572)
1532825.9553545
normal
simd_float4x4([[0.933288, -0.0264938, 0.35815, 0.0)], [0.0368346, 0.999077, -0.0220799, 0.0)], [-0.357235, 0.0337992, 0.933403, 0.0)], [0.0489578, 0.0138565, -0.00744674, 1.0)]])
0.0489578, 0.0138565, -0.00744674
float3(-0.0338057, -0.365525, -0.026512)
1532826.05540562
normal
simd_float4x4([[0.933808, -0.0315604, 0.35638, 0.0)], [0.0402158, 0.999048, -0.0169016, 0.0)], [-0.355508, 0.030115, 0.934188, 0.0)], [0.0551462, 0.017954, -0.00448883, 1.0)]])
0.0551462, 0.017954, -0.00448883
float3(-0.0301195, -0.36363, -0.03158)
1532826.15545717
normal
simd_float4x4([[0.938511, -0.03845, 0.343101, 0.0)], [0.044223, 0.998981, -0.00901476, 0.0)], [-0.342404, 0.0236334, 0.939255, 0.0)], [0.0569336, 0.0222246, -0.00137348, 1.0)]])
0.0569336, 0.0222246, -0.00137348
float3(-0.0236356, -0.349577, -0.0384702)
1532826.25550813
normal
simd_float4x4([[0.945198, -0.0488652, 0.322821, 0.0)], [0.0499131, 0.998741, 0.00503668, 0.0)], [-0.322661, 0.0113523, 0.946447, 0.0)], [0.0581604, 0.0277814, 0.00241098, 1.0)]])
0.0581604, 0.0277814, 0.00241098
float3(-0.0113526, -0.328561, -0.0488878)
1532826.35555958
normal
simd_float4x4([[0.95238, -0.0622971, 0.298482, 0.0)], [0.0582187, 0.998049, 0.022545, 0.0)], [-0.299304, -0.00409418, 0.954149, 0.0)], [0.053946, 0.0344316, 0.00568183, 1.0)]])
0.053946, 0.0344316, 0.00568183
float3(0.00409419, -0.303966, -0.062338)
1532826.45561083
normal
simd_float4x4([[0.958334, -0.0722607, 0.276359, 0.0)], [0.0634573, 0.997155, 0.0406785, 0.0)], [-0.278512, -0.0214466, 0.960193, 0.0)], [0.0476082, 0.0406164, 0.00880381, 1.0)]])
0.0476082, 0.0406164, 0.00880381
float3(0.0214483, -0.282312, -0.0723404)
1532826.55566217
normal
simd_float4x4([[0.964232, -0.0835943, 0.251533, 0.0)], [0.0705237, 0.99567, 0.0605534, 0.0)], [-0.255506, -0.0406485, 0.965953, 0.0)], [0.0406706, 0.0469828, 0.012935, 1.0)]])
0.0406706, 0.0469828, 0.012935
float3(0.0406597, -0.258589, -0.0837614)
1532826.65571346
normal
simd_float4x4([[0.969456, -0.0935296, 0.22673, 0.0)], [0.0774804, 0.993883, 0.0786997, 0.0)], [-0.232704, -0.0587288, 0.970773, 0.0)], [0.0329454, 0.0535215, 0.015556, 1.0)]])
0.0329454, 0.0535215, 0.015556
float3(0.0587626, -0.235271, -0.0938289)
1532826.75576454
normal
simd_float4x4([[0.974156, -0.103331, 0.200854, 0.0)], [0.085015, 0.991569, 0.0977897, 0.0)], [-0.209266, -0.0781868, 0.974728, 0.0)], [0.0247945, 0.0614901, 0.0181287, 1.0)]])
0.0247945, 0.0614901, 0.0181287
float3(0.0782667, -0.211481, -0.103834)
1532826.85581592
normal
simd_float4x4([[0.978208, -0.113213, 0.174049, 0.0)], [0.0933208, 0.988555, 0.11853, 0.0)], [-0.185476, -0.099705, 0.977577, 0.0)], [0.0159145, 0.0704639, 0.0227108, 1.0)]])
0.0159145, 0.0704639, 0.0227108
float3(0.0998709, -0.187502, -0.114027)
1532826.95586717
normal
simd_float4x4([[0.981642, -0.123312, 0.145509, 0.0)], [0.103128, 0.984916, 0.138942, 0.0)], [-0.160448, -0.121386, 0.979552, 0.0)], [0.00942894, 0.0783605, 0.0267553, 1.0)]])
0.00942894, 0.0783605, 0.0267553
float3(0.121686, -0.162355, -0.124552)
1532827.05591842
normal
simd_float4x4([[0.98418, -0.132194, 0.11796, 0.0)], [0.113174, 0.981332, 0.155497, 0.0)], [-0.136313, -0.139687, 0.980768, 0.0)], [-0.00685615, 0.0733481, 0.0546205, 1.0)]])
-0.00685615, 0.0733481, 0.0546205
float3(0.140145, -0.138102, -0.133903)
1532827.15596971
normal
simd_float4x4([[0.986722, -0.139408, 0.0833325, 0.0)], [0.12438, 0.978543, 0.164267, 0.0)], [-0.104445, -0.151721, 0.98289, 0.0)], [-0.0152674, 0.0784399, 0.0593994, 1.0)]])
-0.0152674, 0.0784399, 0.0593994
float3(0.152309, -0.105866, -0.141513)
1532827.25602092
normal
simd_float4x4([[0.988768, -0.141081, 0.0493305, 0.0)], [0.131281, 0.977602, 0.164497, 0.0)], [-0.0714331, -0.156173, 0.985143, 0.0)], [-0.0261614, 0.0815594, 0.0649416, 1.0)]])
-0.0261614, 0.0815594, 0.0649416
float3(0.156815, -0.0723837, -0.143324)
1532827.35607238
normal
simd_float4x4([[0.98973, -0.142588, 0.0101879, 0.0)], [0.139178, 0.977421, 0.158992, 0.0)], [-0.0326282, -0.155941, 0.987227, 0.0)], [-0.0387846, 0.0838337, 0.0716832, 1.0)]])
-0.0387846, 0.0838337, 0.0716832
float3(0.15658, -0.0330383, -0.14486)
1532827.45612358
normal
simd_float4x4([[0.989355, -0.142298, -0.0304484, 0.0)], [0.145296, 0.977562, 0.15252, 0.0)], [0.00806185, -0.155321, 0.987831, 0.0)], [-0.0514656, 0.0853962, 0.0804648, 1.0)]])
-0.0514656, 0.0853962, 0.0804648
float3(0.155952, 0.00816098, -0.144549)
1532827.55617488
normal
simd_float4x4([[0.987544, -0.141051, -0.069721, 0.0)], [0.149923, 0.978014, 0.144951, 0.0)], [0.0477427, -0.153598, 0.986979, 0.0)], [-0.0635647, 0.084571, 0.0895835, 1.0)]])
-0.0635647, 0.084571, 0.0895835
float3(0.154209, 0.0483349, -0.143234)
1532827.65622613
normal
simd_float4x4([[0.984158, -0.142161, -0.10594, 0.0)], [0.156019, 0.978255, 0.136655, 0.0)], [0.0842092, -0.151019, 0.984938, 0.0)], [-0.0750614, 0.0840054, 0.0976143, 1.0)]])
-0.0750614, 0.0840054, 0.0976143
float3(0.151599, 0.0852896, -0.144311)
1532827.75627754
normal
simd_float4x4([[0.980012, -0.141677, -0.13966, 0.0)], [0.159687, 0.978898, 0.127511, 0.0)], [0.118648, -0.147264, 0.981955, 0.0)], [-0.0841969, 0.0826517, 0.105694, 1.0)]])
-0.0841969, 0.0826517, 0.105694
float3(0.147802, 0.120245, -0.143733)
1532827.85632871
normal
simd_float4x4([[0.975715, -0.139169, -0.169152, 0.0)], [0.160286, 0.979953, 0.118321, 0.0)], [0.149294, -0.14256, 0.978462, 0.0)], [-0.0925859, 0.080765, 0.112766, 1.0)]])
-0.0925859, 0.080765, 0.112766
float3(0.143048, 0.151413, -0.141072)
1532827.95637996
normal
simd_float4x4([[0.97094, -0.135244, -0.197446, 0.0)], [0.158683, 0.981393, 0.108104, 0.0)], [0.179152, -0.136294, 0.974335, 0.0)], [-0.102206, 0.0781693, 0.119391, 1.0)]])
-0.102206, 0.0781693, 0.119391
float3(0.13672, 0.18184, -0.136945)
1532828.05643133
normal
simd_float4x4([[0.964918, -0.132682, -0.226559, 0.0)], [0.157815, 0.982731, 0.0966092, 0.0)], [0.209829, -0.128974, 0.969194, 0.0)], [-0.110517, 0.0746472, 0.126849, 1.0)]])
-0.110517, 0.0746472, 0.126849
float3(0.129335, 0.213207, -0.134202)
1532828.15648254
normal
simd_float4x4([[0.959643, -0.129932, -0.249404, 0.0)], [0.155208, 0.984267, 0.0844275, 0.0)], [0.234511, -0.11973, 0.964712, 0.0)], [-0.118075, 0.070649, 0.132845, 1.0)]])
-0.118075, 0.070649, 0.132845
float3(0.120018, 0.238464, -0.13125)
1532828.25653392
normal
simd_float4x4([[0.956341, -0.123065, -0.265079, 0.0)], [0.146433, 0.986727, 0.0701983, 0.0)], [0.252922, -0.10595, 0.961668, 0.0)], [-0.125927, 0.0638862, 0.139004, 1.0)]])
-0.125927, 0.0638862, 0.139004
float3(0.106149, 0.257179, -0.12408)
1532828.35658508
normal
simd_float4x4([[0.954287, -0.111824, -0.277187, 0.0)], [0.131025, 0.990031, 0.0516813, 0.0)], [0.268644, -0.0856371, 0.959425, 0.0)], [-0.135242, 0.0555806, 0.143265, 1.0)]])
-0.135242, 0.0555806, 0.143265
float3(0.0857421, 0.273014, -0.112474)
1532828.45663629
normal
simd_float4x4([[0.952811, -0.10249, -0.285739, 0.0)], [0.117398, 0.99245, 0.0354946, 0.0)], [0.279944, -0.0673649, 0.95765, 0.0)], [-0.144747, 0.047673, 0.147254, 1.0)]])
-0.144747, 0.047673, 0.147254
float3(0.067416, 0.2844, -0.102905)
1532828.55668771
normal
simd_float4x4([[0.952385, -0.0930625, -0.290348, 0.0)], [0.103885, 0.994345, 0.0220519, 0.0)], [0.286654, -0.0511648, 0.956667, 0.0)], [-0.155764, 0.0399133, 0.149547, 1.0)]])
-0.155764, 0.0399133, 0.149547
float3(0.0511872, 0.291125, -0.09332)
1532828.65673892
normal
simd_float4x4([[0.952304, -0.0855953, -0.2929, 0.0)], [0.0922927, 0.99569, 0.00909627, 0.0)], [0.290859, -0.0356949, 0.9561, 0.0)], [-0.166396, 0.0325487, 0.150871, 1.0)]])
-0.166396, 0.0325487, 0.150871
float3(0.0357025, 0.295318, -0.0857549)
1532828.75679029
normal
simd_float4x4([[0.95308, -0.0800288, -0.291948, 0.0)], [0.0827235, 0.996568, -0.00312382, 0.0)], [0.291196, -0.0211737, 0.956429, 0.0)], [-0.175968, 0.0253798, 0.150542, 1.0)]])
-0.175968, 0.0253798, 0.150542
float3(0.0211753, 0.295545, -0.0801325)
1532828.85684162
normal
simd_float4x4([[0.955385, -0.0770012, -0.285151, 0.0)], [0.0766836, 0.99698, -0.0122963, 0.0)], [0.285236, -0.0101187, 0.958404, 0.0)], [-0.185584, 0.0204166, 0.146671, 1.0)]])
-0.185584, 0.0204166, 0.146671
float3(0.0101189, 0.289268, -0.0770815)
1532828.95689296
normal
simd_float4x4([[0.959284, -0.0765497, -0.271872, 0.0)], [0.0750507, 0.997053, -0.0159236, 0.0)], [0.272289, -0.00512894, 0.962202, 0.0)], [-0.194163, 0.0172372, 0.140732, 1.0)]])
-0.194163, 0.0172372, 0.140732
float3(0.00512896, 0.275775, -0.0766257)
1532829.05694417
normal
simd_float4x4([[0.964927, -0.0763235, -0.25118, 0.0)], [0.0741163, 0.997083, -0.01825, 0.0)], [0.25184, -0.00100662, 0.967768, 0.0)], [-0.202889, 0.0154736, 0.135436, 1.0)]])
-0.202889, 0.0154736, 0.135436
float3(0.00100662, 0.254581, -0.0763978)
1532829.15699542
normal
simd_float4x4([[0.970312, -0.0808104, -0.227957, 0.0)], [0.0784738, 0.996729, -0.019311, 0.0)], [0.228772, 0.000849037, 0.97348, 0.0)], [-0.213244, 0.014946, 0.124284, 1.0)]])
-0.213244, 0.014946, 0.124284
float3(-0.000849037, 0.230816, -0.0808987)
1532829.25704671
normal
simd_float4x4([[0.977322, -0.0881053, -0.192562, 0.0)], [0.0864342, 0.996111, -0.0170784, 0.0)], [0.193318, 4.71347e-05, 0.981136, 0.0)], [-0.227608, -0.0252527, 0.130494, 1.0)]])
-0.227608, -0.0252527, 0.130494
float3(-4.71347e-05, 0.194542, -0.0882197)
1532829.35709812
normal
simd_float4x4([[0.981266, -0.0927722, -0.168847, 0.0)], [0.0921487, 0.995678, -0.0115423, 0.0)], [0.169188, -0.00423295, 0.985575, 0.0)], [-0.233174, -0.027043, 0.112172, 1.0)]])
-0.233174, -0.027043, 0.112172
float3(0.00423296, 0.170008, -0.0929067)
1532829.45714954
normal
simd_float4x4([[0.98377, -0.0902063, -0.155113, 0.0)], [0.0898968, 0.99591, -0.00902336, 0.0)], [0.155293, -0.00506725, 0.987856, 0.0)], [-0.241298, -0.0390564, 0.0730872, 1.0)]])
-0.241298, -0.0390564, 0.0730872
float3(0.00506727, 0.155926, -0.0903303)
1532829.55720071
normal
simd_float4x4([[0.986627, -0.0856373, -0.138685, 0.0)], [0.0844106, 0.996322, -0.0147134, 0.0)], [0.139435, 0.00281015, 0.990227, 0.0)], [-0.216948, -0.0303701, 0.0633498, 1.0)]])
-0.216948, -0.0303701, 0.0633498
float3(-0.00281015, 0.139891, -0.0857427)
1532829.65725192
normal
simd_float4x4([[0.990392, -0.0838787, -0.109943, 0.0)], [0.0825765, 0.996451, -0.0163527, 0.0)], [0.110925, 0.0071168, 0.993803, 0.0)], [-0.230215, -0.036335, 0.0338176, 1.0)]])
-0.230215, -0.036335, 0.0338176
float3(-0.00711686, 0.111156, -0.0839795)
1532829.75730342
normal
simd_float4x4([[0.992938, -0.0834962, -0.0842787, 0.0)], [0.0821652, 0.996435, -0.0191456, 0.0)], [0.0855769, 0.0120857, 0.996258, 0.0)], [-0.231765, -0.0416394, -0.0153407, 1.0)]])
-0.231765, -0.0416394, -0.0153407
float3(-0.012086, 0.0856879, -0.0835996)
1532829.85735454
normal
simd_float4x4([[0.995559, -0.0752702, -0.0565388, 0.0)], [0.0738181, 0.996897, -0.0273499, 0.0)], [0.058422, 0.0230549, 0.998026, 0.0)], [-0.241822, -0.0455973, -0.0873524, 1.0)]])
-0.241822, -0.0455973, -0.0873524
float3(-0.0230569, 0.0584709, -0.0753615)
1532829.95740587
normal
simd_float4x4([[0.997152, -0.0647472, -0.0386781, 0.0)], [0.0631604, 0.997164, -0.0409301, 0.0)], [0.0412186, 0.0383706, 0.998413, 0.0)], [-0.225671, -0.0561045, -0.158828, 1.0)]])
-0.225671, -0.0561045, -0.158828
float3(-0.03838, 0.0412606, -0.0648403)
1532830.05745717
normal
simd_float4x4([[0.998191, -0.0586008, -0.0134176, 0.0)], [0.0577669, 0.996768, -0.0558187, 0.0)], [0.0166453, 0.0549426, 0.998351, 0.0)], [-0.253729, -0.0566585, -0.250313, 1.0)]])
-0.253729, -0.0566585, -0.250313
float3(-0.0549703, 0.0166712, -0.0587232)
1532830.15750867
normal
simd_float4x4([[0.998448, -0.0550738, 0.00823999, 0.0)], [0.0554274, 0.997124, -0.0516939, 0.0)], [-0.00536928, 0.0520704, 0.998629, 0.0)], [-0.251717, -0.0539366, -0.328863, 1.0)]])
-0.251717, -0.0539366, -0.328863
float3(-0.052094, -0.0053766, -0.0551766)
1532830.25755992
normal
simd_float4x4([[0.998592, -0.0514221, -0.0129863, 0.0)], [0.0510163, 0.998251, -0.0298554, 0.0)], [0.0144988, 0.0291509, 0.99947, 0.0)], [-0.254806, -0.047702, -0.389179, 1.0)]])
-0.254806, -0.047702, -0.389179
float3(-0.029155, 0.0145055, -0.0514667)
1532830.35761108
normal
simd_float4x4([[0.999044, -0.0430121, -0.00782314, 0.0)], [0.0427394, 0.998567, -0.0322027, 0.0)], [0.00919704, 0.0318375, 0.999451, 0.0)], [-0.263069, -0.0518132, -0.45574, 1.0)]])
-0.263069, -0.0518132, -0.45574
float3(-0.0318429, 0.00920184, -0.0430472)
1532830.45766246
normal
simd_float4x4([[0.999799, -0.015051, -0.0132835, 0.0)], [0.0146506, 0.99945, -0.0297455, 0.0)], [0.0137238, 0.0295449, 0.999469, 0.0)], [-0.27432, -0.0639263, -0.526266, 1.0)]])
-0.27432, -0.0639263, -0.526266
float3(-0.0295492, 0.0137303, -0.0150581)
1532830.55771363
normal
simd_float4x4([[0.998478, 0.035692, -0.0420436, 0.0)], [-0.0350619, 0.999263, 0.0156298, 0.0)], [0.0425705, -0.0141319, 0.998994, 0.0)], [-0.296217, -0.0795865, -0.595439, 1.0)]])
-0.296217, -0.0795865, -0.595439
float3(0.0141324, 0.0425876, 0.0357031)
1532830.65776508
normal
simd_float4x4([[0.998775, 0.0425541, -0.0252353, 0.0)], [-0.041847, 0.998734, 0.0279157, 0.0)], [0.0263913, -0.0268255, 0.999292, 0.0)], [-0.31517, -0.0859559, -0.678679, 1.0)]])
-0.31517, -0.0859559, -0.678679
float3(0.0268287, 0.0264039, 0.0425822)
1532830.75781633
normal
simd_float4x4([[0.999342, 0.0152714, -0.0328992, 0.0)], [-0.0147052, 0.999741, 0.0173862, 0.0)], [0.0331562, -0.0168909, 0.999308, 0.0)], [-0.333667, -0.0810746, -0.763606, 1.0)]])
-0.333667, -0.0810746, -0.763606
float3(0.0168917, 0.033167, 0.0152742)
1532830.85786787
normal
simd_float4x4([[0.999496, -0.0251743, -0.0193391, 0.0)], [0.025026, 0.999656, -0.00786923, 0.0)], [0.0195306, 0.00738128, 0.999782, 0.0)], [-0.352717, -0.0737357, -0.860798, 1.0)]])
-0.352717, -0.0737357, -0.860798
float3(-0.00738135, 0.0195323, -0.0251776)
1532830.95791904
normal
simd_float4x4([[0.998487, -0.0364033, -0.0412043, 0.0)], [0.0347307, 0.998571, -0.0406045, 0.0)], [0.0426236, 0.039112, 0.998325, 0.0)], [-0.369933, -0.071936, -0.954362, 1.0)]])
-0.369933, -0.071936, -0.954362
float3(-0.039122, 0.0426692, -0.0364392)
1532831.05797033
normal
simd_float4x4([[0.997918, -0.0229322, -0.0602756, 0.0)], [0.0199111, 0.998538, -0.0502531, 0.0)], [0.0613399, 0.0489484, 0.996916, 0.0)], [-0.388974, -0.0765662, -1.04196, 1.0)]])
-0.388974, -0.0765662, -1.04196
float3(-0.0489679, 0.0614522, -0.0229618)
1532831.15802175
normal
simd_float4x4([[0.997528, -0.010703, -0.069443, 0.0)], [0.00583866, 0.997539, -0.0698763, 0.0)], [0.0700199, 0.0692981, 0.995136, 0.0)], [-0.402939, -0.0859256, -1.13761, 1.0)]])
-0.402939, -0.0859256, -1.13761
float3(-0.0693537, 0.0702464, -0.010729)
1532831.25807304
normal
simd_float4x4([[0.996771, -0.0174931, -0.0783749, 0.0)], [0.0126398, 0.997996, -0.0619978, 0.0)], [0.0793024, 0.0608069, 0.994994, 0.0)], [-0.409171, -0.0910145, -1.23746, 1.0)]])
-0.409171, -0.0910145, -1.23746
float3(-0.0608445, 0.0795333, -0.0175265)
1532831.35812433
normal
simd_float4x4([[0.994469, -0.00888289, -0.104651, 0.0)], [0.0039716, 0.998885, -0.0470456, 0.0)], [0.104952, 0.0463697, 0.993396, 0.0)], [-0.414818, -0.0918692, -1.33262, 1.0)]])
-0.414818, -0.0918692, -1.33262
float3(-0.0463864, 0.105259, -0.00889257)
1532831.45817571
normal
simd_float4x4([[0.995683, 0.00782181, -0.0924901, 0.0)], [-0.0133335, 0.998161, -0.0591257, 0.0)], [0.0918575, 0.0601037, 0.993957, 0.0)], [-0.41455, -0.084783, -1.4344, 1.0)]])
-0.41455, -0.084783, -1.4344
float3(-0.06014, 0.0921543, 0.00783605)
1532831.55822683
normal
simd_float4x4([[0.995368, -0.00692301, -0.0958845, 0.0)], [0.00336162, 0.9993, -0.0372544, 0.0)], [0.0960753, 0.0367596, 0.994695, 0.0)], [-0.416312, -0.0724434, -1.52389, 1.0)]])
-0.416312, -0.0724434, -1.52389
float3(-0.0367678, 0.096289, -0.00692775)
1532831.65827829
normal
simd_float4x4([[0.994813, 0.0318867, -0.096591, 0.0)], [-0.0337089, 0.999282, -0.0172927, 0.0)], [0.0959703, 0.020459, 0.995174, 0.0)], [-0.423419, -0.0719687, -1.60817, 1.0)]])
-0.423419, -0.0719687, -1.60817
float3(-0.0204604, 0.0961384, 0.0318987)
1532831.7583295
normal
simd_float4x4([[0.995415, 0.0322379, -0.090053, 0.0)], [-0.0326028, 0.999465, -0.00258404, 0.0)], [0.0899215, 0.00550817, 0.995934, 0.0)], [-0.432799, -0.0764714, -1.6999, 1.0)]])
-0.432799, -0.0764714, -1.6999
float3(-0.00550819, 0.0900445, 0.032244)
1532831.85838104
normal
simd_float4x4([[0.996287, 0.0371029, -0.0776914, 0.0)], [-0.0368561, 0.99931, 0.00460841, 0.0)], [0.0778088, -0.00172789, 0.996967, 0.0)], [-0.452314, -0.0827238, -1.80737, 1.0)]])
-0.452314, -0.0827238, -1.80737
float3(0.00172789, 0.0778877, 0.0371115)
1532831.95843229
normal
simd_float4x4([[0.997943, 0.025559, -0.0587876, 0.0)], [-0.0240115, 0.99935, 0.0268806, 0.0)], [0.0594365, -0.0254137, 0.997909, 0.0)], [-0.474101, -0.0851047, -1.91017, 1.0)]])
-0.474101, -0.0851047, -1.91017
float3(0.0254165, 0.0594908, 0.02557)
1532832.05848371
normal
simd_float4x4([[0.999605, 0.00692529, -0.0272227, 0.0)], [-0.00661198, 0.999911, 0.0115823, 0.0)], [0.0273004, -0.0113978, 0.999562, 0.0)], [-0.493787, -0.0803262, -2.00969, 1.0)]])
-0.493787, -0.0803262, -2.00969
float3(0.011398, 0.0273056, 0.00692579)
1532832.15853496
normal
simd_float4x4([[0.999095, -0.0272899, -0.0326382, 0.0)], [0.0272111, 0.999626, -0.00285717, 0.0)], [0.032704, 0.00196646, 0.999463, 0.0)], [-0.508412, -0.0720269, -2.10447, 1.0)]])
-0.508412, -0.0720269, -2.10447
float3(-0.00196646, 0.0327099, -0.0272934)
1532832.25858617
normal
simd_float4x4([[0.998917, -0.040858, -0.0222665, 0.0)], [0.0406575, 0.999129, -0.00938206, 0.0)], [0.0226304, 0.00846659, 0.999708, 0.0)], [-0.522752, -0.0724396, -2.19781, 1.0)]])
-0.522752, -0.0724396, -2.19781
float3(-0.00846669, 0.0226331, -0.0408708)
1532832.35863758
normal
simd_float4x4([[0.999374, -0.0267686, -0.0231426, 0.0)], [0.0266465, 0.999629, -0.00556829, 0.0)], [0.0232831, 0.00494814, 0.999717, 0.0)], [-0.5349, -0.0813432, -2.29674, 1.0)]])
-0.5349, -0.0813432, -2.29674
float3(-0.00494816, 0.0232855, -0.0267721)
1532832.45868887
normal
simd_float4x4([[0.999559, -0.0114113, -0.0274149, 0.0)], [0.0115071, 0.999928, 0.00334213, 0.0)], [0.0273748, -0.00365612, 0.999619, 0.0)], [-0.540914, -0.0896942, -2.39152, 1.0)]])
-0.540914, -0.0896942, -2.39152
float3(0.00365613, 0.0273785, -0.0114116)
1532832.55874042
normal
simd_float4x4([[0.999189, -0.00203828, -0.0402195, 0.0)], [0.00199407, 0.999997, -0.00113914, 0.0)], [0.0402218, 0.00105801, 0.99919, 0.0)], [-0.548308, -0.0863899, -2.49406, 1.0)]])
-0.548308, -0.0863899, -2.49406
float3(-0.00105801, 0.0402327, -0.00203828)
1532832.65879167
normal
simd_float4x4([[0.999126, -0.018724, -0.0373868, 0.0)], [0.0188394, 0.999819, 0.00273449, 0.0)], [0.0373288, -0.00343644, 0.999297, 0.0)], [-0.548146, -0.0694806, -2.58927, 1.0)]])
-0.548146, -0.0694806, -2.58927
float3(0.00343644, 0.0373377, -0.0187252)
1532832.75884308
normal
simd_float4x4([[0.999264, -0.0199972, -0.0327423, 0.0)], [0.0201639, 0.999785, 0.00476824, 0.0)], [0.0326399, -0.00542495, 0.999452, 0.0)], [-0.553711, -0.0641905, -2.67796, 1.0)]])
-0.553711, -0.0641905, -2.67796
float3(0.00542497, 0.0326461, -0.0199989)
1532832.85889437
normal
simd_float4x4([[0.999247, 0.00765152, -0.0380296, 0.0)], [-0.00719957, 0.999902, 0.012007, 0.0)], [0.0381178, -0.0117241, 0.999204, 0.0)], [-0.566624, -0.0684496, -2.76598, 1.0)]])
-0.566624, -0.0684496, -2.76598
float3(0.0117244, 0.0381297, 0.00765212)
1532832.9589455
normal
simd_float4x4([[0.999182, 0.0214896, -0.0342588, 0.0)], [-0.020622, 0.999463, 0.0254803, 0.0)], [0.0347879, -0.0247529, 0.999088, 0.0)], [-0.581904, -0.0784875, -2.86245, 1.0)]])
-0.581904, -0.0784875, -2.86245
float3(0.0247555, 0.0348056, 0.0214978)
1532833.058997
normal
simd_float4x4([[0.999315, 0.0203941, -0.0308847, 0.0)], [-0.0190713, 0.998913, 0.0425353, 0.0)], [0.0317186, -0.0419172, 0.998618, 0.0)], [-0.605967, -0.0829927, -2.9728, 1.0)]])
-0.605967, -0.0829927, -2.9728
float3(0.0419294, 0.0317518, 0.0204135)
1532833.15904821
normal
simd_float4x4([[0.999932, -0.0081124, -0.0084028, 0.0)], [0.00856155, 0.998457, 0.0548723, 0.0)], [0.00794469, -0.0549405, 0.998458, 0.0)], [-0.626194, -0.0768011, -3.0771, 1.0)]])
-0.626194, -0.0768011, -3.0771
float3(0.0549681, 0.00795679, -0.00812476)
1532833.25909971
normal
simd_float4x4([[0.999118, -0.0396263, 0.0139173, 0.0)], [0.038679, 0.997278, 0.0627736, 0.0)], [-0.016367, -0.0621799, 0.997931, 0.0)], [-0.640107, -0.066563, -3.17852, 1.0)]])
-0.640107, -0.066563, -3.17852
float3(0.06222, -0.0163994, -0.0397136)
1532833.35915104
normal
simd_float4x4([[0.999315, -0.0342233, 0.0140937, 0.0)], [0.0334543, 0.998108, 0.0515936, 0.0)], [-0.0158328, -0.0510868, 0.998569, 0.0)], [-0.66131, -0.0638118, -3.27613, 1.0)]])
-0.66131, -0.0638118, -3.27613
float3(0.051109, -0.0158541, -0.0342747)
1532833.45920233
normal
simd_float4x4([[0.999115, -0.0415598, 0.0064135, 0.0)], [0.0411856, 0.997884, 0.0503082, 0.0)], [-0.00849073, -0.0499996, 0.998713, 0.0)], [-0.676806, -0.0690129, -3.37855, 1.0)]])
-0.676806, -0.0690129, -3.37855
float3(0.0500204, -0.00850147, -0.0416238)
1532833.55925379
normal
simd_float4x4([[0.99977, -0.0187358, 0.0104103, 0.0)], [0.0182404, 0.998784, 0.0457977, 0.0)], [-0.0112557, -0.0455973, 0.998897, 0.0)], [-0.692969, -0.0863872, -3.48983, 1.0)]])
-0.692969, -0.0863872, -3.48983
float3(0.0456131, -0.0112676, -0.0187564)
1532833.65930492
normal
simd_float4x4([[0.999693, -0.0237777, 0.00698808, 0.0)], [0.0233925, 0.998434, 0.0508161, 0.0)], [-0.00818541, -0.0506371, 0.998684, 0.0)], [-0.700328, -0.0906601, -3.59584, 1.0)]])
-0.700328, -0.0906601, -3.59584
float3(0.0506587, -0.00819602, -0.0238105)
1532833.7593565
normal
simd_float4x4([[0.999649, -0.0260281, 0.00488805, 0.0)], [0.0258179, 0.998905, 0.0390191, 0.0)], [-0.00589824, -0.0388792, 0.999227, 0.0)], [-0.707118, -0.0865122, -3.70249, 1.0)]])
-0.707118, -0.0865122, -3.70249
float3(0.038889, -0.00590274, -0.0260507)
1532833.85940779
normal
simd_float4x4([[0.999505, -0.0309241, 0.00581527, 0.0)], [0.0306481, 0.998617, 0.0427183, 0.0)], [-0.00712823, -0.0425189, 0.99907, 0.0)], [-0.712465, -0.0766481, -3.79906, 1.0)]])
-0.712465, -0.0766481, -3.79906
float3(0.0425317, -0.00713474, -0.030957)
1532833.95945917
normal
simd_float4x4([[0.999555, -0.0238703, 0.0178956, 0.0)], [0.023014, 0.998648, 0.0466169, 0.0)], [-0.0189841, -0.0461843, 0.998753, 0.0)], [-0.719886, -0.0730427, -3.89431, 1.0)]])
-0.719886, -0.0730427, -3.89431
float3(0.0462007, -0.0190055, -0.023898)
1532834.0595105
normal
simd_float4x4([[0.999546, -0.00264836, 0.030025, 0.0)], [0.000917909, 0.998345, 0.0575013, 0.0)], [-0.0301277, -0.0574476, 0.997894, 0.0)], [-0.732374, -0.0800338, -3.996, 1.0)]])
-0.732374, -0.0800338, -3.996
float3(0.0574792, -0.0301821, -0.00265274)
1532834.15956183
normal
simd_float4x4([[0.999283, 0.00178485, 0.037814, 0.0)], [-0.00440466, 0.997585, 0.0693118, 0.0)], [-0.037599, -0.0694287, 0.996878, 0.0)], [-0.748291, -0.0881119, -4.10845, 1.0)]])
-0.748291, -0.0881119, -4.10845
float3(0.0694846, -0.0376989, 0.00178917)
1532834.25961312
normal
simd_float4x4([[0.998717, -0.00254042, 0.0505761, 0.0)], [-0.00215571, 0.995703, 0.0925821, 0.0)], [-0.050594, -0.0925723, 0.99442, 0.0)], [-0.774219, -0.0863041, -4.22078, 1.0)]])
-0.774219, -0.0863041, -4.22078
float3(0.0927051, -0.0508341, -0.00255138)
1532834.35966442
normal
simd_float4x4([[0.997033, -0.0280536, 0.0716772, 0.0)], [0.0216604, 0.995844, 0.0884639, 0.0)], [-0.073861, -0.0866489, 0.993497, 0.0)], [-0.794688, -0.0793444, -4.33426, 1.0)]])
-0.794688, -0.0793444, -4.33426
float3(0.0867577, -0.0742079, -0.0281632)
1532834.45971592
normal
simd_float4x4([[0.996906, -0.0445087, 0.0647929, 0.0)], [0.0390958, 0.995821, 0.0825384, 0.0)], [-0.0681958, -0.0797498, 0.994479, 0.0)], [-0.814231, -0.071391, -4.44539, 1.0)]])
-0.814231, -0.071391, -4.44539
float3(0.0798346, -0.0684672, -0.0446658)
1532834.55976725
normal
simd_float4x4([[0.996775, -0.0429276, 0.0678026, 0.0)], [0.03878, 0.997363, 0.0613467, 0.0)], [-0.0702573, -0.0585194, 0.995811, 0.0)], [-0.831866, -0.0722452, -4.55594, 1.0)]])
-0.831866, -0.0722452, -4.55594
float3(0.0585529, -0.0704361, -0.0430146)
1532834.65981858
normal
simd_float4x4([[0.997855, -0.0344918, 0.0556379, 0.0)], [0.0313695, 0.997935, 0.0560474, 0.0)], [-0.0574562, -0.0541819, 0.996877, 0.0)], [-0.848024, -0.080446, -4.66511, 1.0)]])
-0.848024, -0.080446, -4.66511
float3(0.0542084, -0.0575725, -0.0345494)
1532834.75986992
normal
simd_float4x4([[0.999026, -0.0355457, 0.0261476, 0.0)], [0.0339508, 0.997675, 0.0590986, 0.0)], [-0.0281874, -0.0581533, 0.99791, 0.0)], [-0.860863, -0.0929571, -4.7754, 1.0)]])
-0.860863, -0.0929571, -4.7754
float3(0.0581861, -0.028239, -0.0356135)
1532834.85992129
normal
simd_float4x4([[0.999468, -0.0324992, 0.00265999, 0.0)], [0.0323228, 0.998192, 0.0506816, 0.0)], [-0.00430225, -0.0505687, 0.998711, 0.0)], [-0.867539, -0.094404, -4.87875, 1.0)]])
-0.867539, -0.094404, -4.87875
float3(0.0505902, -0.00430777, -0.0325466)
1532834.95997271
normal
simd_float4x4([[0.999336, -0.0349085, -0.0104417, 0.0)], [0.0353474, 0.998348, 0.0453035, 0.0)], [0.00884301, -0.0456425, 0.998919, 0.0)], [-0.873877, -0.0810289, -4.98248, 1.0)]])
-0.873877, -0.0810289, -4.98248
float3(0.0456583, 0.00885236, -0.0349521)
1532835.06002404
normal
simd_float4x4([[0.999561, -0.0263741, -0.0135375, 0.0)], [0.0269933, 0.998492, 0.0478033, 0.0)], [0.0122563, -0.0481477, 0.998765, 0.0)], [-0.884514, -0.0745954, -5.06999, 1.0)]])
-0.884514, -0.0745954, -5.06999
float3(0.0481663, 0.0122708, -0.0264077)
1532835.16007546
normal
simd_float4x4([[0.999807, 0.0116111, -0.0158747, 0.0)], [-0.0108243, 0.998751, 0.0487815, 0.0)], [0.0164213, -0.0486002, 0.998683, 0.0)], [-0.900809, -0.0809975, -5.16455, 1.0)]])
-0.900809, -0.0809975, -5.16455
float3(0.0486194, 0.0164414, 0.0116251)
1532835.26012667
normal
simd_float4x4([[0.999827, 0.0133252, -0.0130149, 0.0)], [-0.0125358, 0.998182, 0.0589563, 0.0)], [0.0137768, -0.0587829, 0.998176, 0.0)], [-0.916823, -0.088417, -5.25544, 1.0)]])
-0.916823, -0.088417, -5.25544
float3(0.0588168, 0.0138011, 0.0133487)
1532835.360178
normal
simd_float4x4([[0.999853, 0.0148392, 0.00855453, 0.0)], [-0.0153789, 0.99764, 0.0669201, 0.0)], [-0.00754132, -0.0670419, 0.997722, 0.0)], [-0.940467, -0.094987, -5.35904, 1.0)]])
-0.940467, -0.094987, -5.35904
float3(0.0670922, -0.0075584, 0.0148732)
1532835.46022954
normal
simd_float4x4([[0.999727, -0.00661978, 0.0223957, 0.0)], [0.00507656, 0.997654, 0.0682753, 0.0)], [-0.0227952, -0.0681429, 0.997415, 0.0)], [-0.965141, -0.0919566, -5.45704, 1.0)]])
-0.965141, -0.0919566, -5.45704
float3(0.0681958, -0.0228503, -0.00663525)
1532835.56028075
normal
simd_float4x4([[0.999011, -0.0269692, 0.0353623, 0.0)], [0.0247056, 0.99771, 0.0629582, 0.0)], [-0.0369793, -0.0620222, 0.997389, 0.0)], [-0.988557, -0.084896, -5.55559, 1.0)]])
-0.988557, -0.084896, -5.55559
float3(0.0620621, -0.0370591, -0.0270246)
1532835.66033225
normal
simd_float4x4([[0.998454, -0.0331357, 0.0446308, 0.0)], [0.0314112, 0.998753, 0.0388029, 0.0)], [-0.0458609, -0.037341, 0.99825, 0.0)], [-1.00817, -0.0798457, -5.6473, 1.0)]])
-1.00817, -0.0798457, -5.6473
