ARKit Data
259471.179332708
limited(__ObjC.ARCamera.TrackingState.Reason.initializing)
simd_float4x4([[0.0673936, -0.931737, 0.356819, 0.0)], [0.994614, 0.0909672, 0.0496814, 0.0)], [-0.0787488, 0.351549, 0.932849, 0.0)], [0.0, 0.0, 0.0, 1.0)]])
0.0, 0.0, 0.0
float3(-0.359225, -0.0842178, -1.47347)
259471.516064375
notAvailable
simd_float4x4([[1.0, 0.0, 0.0, 0.0)], [0.0, 1.0, 0.0, 0.0)], [0.0, 0.0, 1.0, 0.0)], [0.0, 0.0, 0.0, 1.0)]])
0.0, 0.0, 0.0
float3(-0.0, 0.0, 0.0)
259471.616081916
notAvailable
simd_float4x4([[1.0, 0.0, 0.0, 0.0)], [0.0, 1.0, 0.0, 0.0)], [0.0, 0.0, 1.0, 0.0)], [0.0, 0.0, 0.0, 1.0)]])
0.0, 0.0, 0.0
float3(-0.0, 0.0, 0.0)
259471.716132625
limited(__ObjC.ARCamera.TrackingState.Reason.initializing)
simd_float4x4([[0.0354971, -0.944185, 0.327499, 0.0)], [0.999366, 0.0343973, -0.00915206, 0.0)], [-0.00262383, 0.327616, 0.944807, 0.0)], [0.0, 0.0, 0.0, 1.0)]])
0.0, 0.0, 0.0
float3(-0.333779, -0.00277709, -1.53438)
259471.816183416
limited(__ObjC.ARCamera.TrackingState.Reason.initializing)
simd_float4x4([[0.0328796, -0.949841, 0.310999, 0.0)], [0.999456, 0.0304458, -0.0126788, 0.0)], [0.0025742, 0.311246, 0.950326, 0.0)], [0.0, 0.0, 0.0, 1.0)]])
0.0, 0.0, 0.0
float3(-0.316504, 0.00270875, -1.53875)
259471.916234166
limited(__ObjC.ARCamera.TrackingState.Reason.initializing)
simd_float4x4([[0.0348903, -0.958514, 0.282901, 0.0)], [0.999391, 0.033753, -0.00889478, 0.0)], [-0.00102296, 0.283039, 0.959108, 0.0)], [0.0, 0.0, 0.0, 1.0)]])
0.0, 0.0, 0.0
float3(-0.286961, -0.00106658, -1.5356)
259472.01628475
limited(__ObjC.ARCamera.TrackingState.Reason.initializing)
simd_float4x4([[0.0349587, -0.960241, 0.276975, 0.0)], [0.999388, 0.0340282, -0.00816697, 0.0)], [-0.0015827, 0.277091, 0.960842, 0.0)], [0.0, 0.0, 0.0, 1.0)]])
0.0, 0.0, 0.0
float3(-0.280765, -0.00164719, -1.53537)
259472.116335375
limited(__ObjC.ARCamera.TrackingState.Reason.initializing)
simd_float4x4([[0.0336708, -0.960978, 0.274569, 0.0)], [0.999432, 0.0327599, -0.00790348, 0.0)], [-0.00139978, 0.274679, 0.961535, 0.0)], [0.0, 0.0, 0.0, 1.0)]])
0.0, 0.0, 0.0
float3(-0.278256, -0.00145578, -1.53672)
259472.21638625
limited(__ObjC.ARCamera.TrackingState.Reason.initializing)
simd_float4x4([[0.0338603, -0.960953, 0.27463, 0.0)], [0.999426, 0.0328616, -0.0082381, 0.0)], [-0.00110835, 0.274751, 0.961514, 0.0)], [0.0, 0.0, 0.0, 1.0)]])
0.0, 0.0, 0.0
float3(-0.278331, -0.00115271, -1.53661)
259472.316436916
limited(__ObjC.ARCamera.TrackingState.Reason.initializing)
simd_float4x4([[0.0342149, -0.962461, 0.269253, 0.0)], [0.999412, 0.0335424, -0.0070996, 0.0)], [-0.0021983, 0.269338, 0.963043, 0.0)], [0.0, 0.0, 0.0, 1.0)]])
0.0, 0.0, 0.0
float3(-0.272706, -0.00228265, -1.53596)
259472.41648775
limited(__ObjC.ARCamera.TrackingState.Reason.initializing)
simd_float4x4([[0.0341691, -0.963568, 0.26527, 0.0)], [0.999397, 0.0345994, -0.00305198, 0.0)], [-0.00623738, 0.265214, 0.964169, 0.0)], [0.0, 0.0, 0.0, 1.0)]])
0.0, 0.0, 0.0
float3(-0.268426, -0.00646909, -1.5349)
259472.516538375
limited(__ObjC.ARCamera.TrackingState.Reason.initializing)
simd_float4x4([[0.0339565, -0.963935, 0.263962, 0.0)], [0.999385, 0.0350574, -0.00054032, 0.0)], [-0.00873297, 0.263818, 0.964533, 0.0)], [0.0, 0.0, 0.0, 1.0)]])
0.0, 0.0, 0.0
float3(-0.266978, -0.00905384, -1.53444)
259472.616589291
limited(__ObjC.ARCamera.TrackingState.Reason.initializing)
simd_float4x4([[0.0329832, -0.964035, 0.263719, 0.0)], [0.999395, 0.0347299, 0.00196281, 0.0)], [-0.0110512, 0.263495, 0.964597, 0.0)], [0.0, 0.0, 0.0, 1.0)]])
0.0, 0.0, 0.0
float3(-0.266644, -0.0114563, -1.53479)
259472.716639958
limited(__ObjC.ARCamera.TrackingState.Reason.initializing)
simd_float4x4([[0.0322761, -0.964352, 0.262646, 0.0)], [0.999395, 0.0345454, 0.00402586, 0.0)], [-0.0129555, 0.262357, 0.964884, 0.0)], [0.0, 0.0, 0.0, 1.0)]])
0.0, 0.0, 0.0
float3(-0.265464, -0.0134262, -1.53499)
259472.81669075
limited(__ObjC.ARCamera.TrackingState.Reason.initializing)
simd_float4x4([[0.0301987, -0.964697, 0.261627, 0.0)], [0.999396, 0.0336412, 0.00868835, 0.0)], [-0.0171831, 0.261206, 0.96513, 0.0)], [0.0, 0.0, 0.0, 1.0)]])
0.0, 0.0, 0.0
float3(-0.264272, -0.017802, -1.53594)
259472.916741541
limited(__ObjC.ARCamera.TrackingState.Reason.initializing)
simd_float4x4([[0.0271052, -0.964916, 0.261154, 0.0)], [0.999413, 0.0316335, 0.0131506, 0.0)], [-0.0209504, 0.260644, 0.965207, 0.0)], [0.0, 0.0, 0.0, 1.0)]])
0.0, 0.0, 0.0
float3(-0.26369, -0.0217022, -1.53802)
259473.01679225
limited(__ObjC.ARCamera.TrackingState.Reason.initializing)
simd_float4x4([[0.0246004, -0.965723, 0.258406, 0.0)], [0.999442, 0.0295986, 0.0154693, 0.0)], [-0.0225875, 0.257881, 0.965913, 0.0)], [0.0, 0.0, 0.0, 1.0)]])
0.0, 0.0, 0.0
float3(-0.260828, -0.0233804, -1.54016)
259473.116843041
limited(__ObjC.ARCamera.TrackingState.Reason.initializing)
simd_float4x4([[0.0209675, -0.96639, 0.256223, 0.0)], [0.999444, 0.0269085, 0.0197025, 0.0)], [-0.0259349, 0.255667, 0.966417, 0.0)], [0.0, 0.0, 0.0, 1.0)]])
0.0, 0.0, 0.0
float3(-0.258538, -0.0268297, -1.54296)
259473.216893833
limited(__ObjC.ARCamera.TrackingState.Reason.initializing)
simd_float4x4([[0.0185717, -0.966638, 0.255474, 0.0)], [0.99944, 0.0250628, 0.0221759, 0.0)], [-0.0278389, 0.254919, 0.966562, 0.0)], [0.0, 0.0, 0.0, 1.0)]])
0.0, 0.0, 0.0
float3(-0.257764, -0.0287941, -1.54487)
259473.316944458
limited(__ObjC.ARCamera.TrackingState.Reason.initializing)
simd_float4x4([[0.0174465, -0.966633, 0.255572, 0.0)], [0.99944, 0.0241583, 0.0231462, 0.0)], [-0.028548, 0.255025, 0.966513, 0.0)], [0.0, 0.0, 0.0, 1.0)]])
0.0, 0.0, 0.0
float3(-0.257874, -0.0295286, -1.54581)
259473.416995458
limited(__ObjC.ARCamera.TrackingState.Reason.initializing)
simd_float4x4([[0.0152502, -0.966518, 0.256147, 0.0)], [0.999441, 0.0223611, 0.0248714, 0.0)], [-0.0297663, 0.255625, 0.966318, 0.0)], [0.0, 0.0, 0.0, 1.0)]])
0.0, 0.0, 0.0
float3(-0.258494, -0.0307942, -1.54766)
259473.517046208
limited(__ObjC.ARCamera.TrackingState.Reason.initializing)
simd_float4x4([[0.015193, -0.966287, 0.257019, 0.0)], [0.999455, 0.0222101, 0.0244208, 0.0)], [-0.0293059, 0.256508, 0.966097, 0.0)], [0.0, 0.0, 0.0, 1.0)]])
0.0, 0.0, 0.0
float3(-0.259408, -0.030325, -1.54782)
259473.617097083
limited(__ObjC.ARCamera.TrackingState.Reason.initializing)
simd_float4x4([[0.0142499, -0.966332, 0.256901, 0.0)], [0.999443, 0.0215188, 0.0255054, 0.0)], [-0.0301749, 0.256395, 0.966101, 0.0)], [0.0, 0.0, 0.0, 1.0)]])
0.0, 0.0, 0.0
float3(-0.259291, -0.0312235, -1.54853)
259473.717147833
limited(__ObjC.ARCamera.TrackingState.Reason.initializing)
simd_float4x4([[0.0163261, -0.965994, 0.258048, 0.0)], [0.999366, 0.0239345, 0.0263706, 0.0)], [-0.0316501, 0.257454, 0.965772, 0.0)], [0.0, 0.0, 0.0, 1.0)]])
0.0, 0.0, 0.0
float3(-0.260387, -0.0327601, -1.54602)
259473.817198708
limited(__ObjC.ARCamera.TrackingState.Reason.initializing)
simd_float4x4([[0.0155489, -0.966079, 0.257776, 0.0)], [0.999379, 0.0231721, 0.0265611, 0.0)], [-0.0316334, 0.257203, 0.96584, 0.0)], [0.0, 0.0, 0.0, 1.0)]])
0.0, 0.0, 0.0
float3(-0.260126, -0.0327405, -1.54682)
259473.9172495
limited(__ObjC.ARCamera.TrackingState.Reason.initializing)
simd_float4x4([[0.0167555, -0.966156, 0.257412, 0.0)], [0.999325, 0.0246012, 0.0272885, 0.0)], [-0.0326976, 0.256781, 0.965916, 0.0)], [0.0, 0.0, 0.0, 1.0)]])
0.0, 0.0, 0.0
float3(-0.25969, -0.0338385, -1.54534)
259474.017300208
limited(__ObjC.ARCamera.TrackingState.Reason.initializing)
simd_float4x4([[0.0183883, -0.966093, 0.25754, 0.0)], [0.999349, 0.0257517, 0.0252472, 0.0)], [-0.0310232, 0.256908, 0.965938, 0.0)], [0.0, 0.0, 0.0, 1.0)]])
0.0, 0.0, 0.0
float3(-0.259822, -0.0321062, -1.54415)
259474.11735125
limited(__ObjC.ARCamera.TrackingState.Reason.initializing)
simd_float4x4([[0.0215288, -0.96648, 0.255838, 0.0)], [0.999449, 0.0272738, 0.0189287, 0.0)], [-0.0252719, 0.255289, 0.966535, 0.0)], [0.0, 0.0, 0.0, 1.0)]])
0.0, 0.0, 0.0
float3(-0.258147, -0.026141, -1.54258)
259474.217401958
limited(__ObjC.ARCamera.TrackingState.Reason.initializing)
simd_float4x4([[0.0272924, -0.966253, 0.256145, 0.0)], [0.999546, 0.0296424, 0.00531731, 0.0)], [-0.0127306, 0.255884, 0.966623, 0.0)], [0.0, 0.0, 0.0, 1.0)]])
0.0, 0.0, 0.0
float3(-0.258762, -0.0131694, -1.54013)
259474.317453
limited(__ObjC.ARCamera.TrackingState.Reason.initializing)
simd_float4x4([[0.0333781, -0.966217, 0.255559, 0.0)], [0.999347, 0.0287192, -0.0219413, 0.0)], [0.0138606, 0.256124, 0.966544, 0.0)], [0.0, 0.0, 0.0, 1.0)]])
0.0, 0.0, 0.0
float3(-0.259011, 0.0143394, -1.54108)
259474.417503833
limited(__ObjC.ARCamera.TrackingState.Reason.initializing)
simd_float4x4([[0.0408626, -0.96642, 0.253697, 0.0)], [0.997964, 0.0270319, -0.0577667, 0.0)], [0.048969, 0.255541, 0.965557, 0.0)], [0.0, 0.0, 0.0, 1.0)]])
0.0, 0.0, 0.0
float3(-0.258408, 0.0506724, -1.54283)
259474.517554541
limited(__ObjC.ARCamera.TrackingState.Reason.initializing)
simd_float4x4([[0.048931, -0.967045, 0.24986, 0.0)], [0.995096, 0.0256697, -0.0955228, 0.0)], [0.085961, 0.253308, 0.963559, 0.0)], [0.0, 0.0, 0.0, 1.0)]])
0.0, 0.0, 0.0
float3(-0.256099, 0.0889765, -1.54426)
259474.617605541
limited(__ObjC.ARCamera.TrackingState.Reason.initializing)
simd_float4x4([[0.0562066, -0.967518, 0.246475, 0.0)], [0.990903, 0.0238236, -0.13245, 0.0)], [0.122276, 0.251678, 0.960056, 0.0)], [0.0, 0.0, 0.0, 1.0)]])
0.0, 0.0, 0.0
float3(-0.254413, 0.126681, -1.54618)
259474.717656333
limited(__ObjC.ARCamera.TrackingState.Reason.initializing)
simd_float4x4([[0.0652719, -0.968362, 0.24086, 0.0)], [0.985268, 0.0243057, -0.169284, 0.0)], [0.158074, 0.248361, 0.955682, 0.0)], [0.0, 0.0, 0.0, 1.0)]])
0.0, 0.0, 0.0
float3(-0.250988, 0.16392, -1.5457)
259474.817707375
limited(__ObjC.ARCamera.TrackingState.Reason.initializing)
simd_float4x4([[0.0726338, -0.969037, 0.235989, 0.0)], [0.979548, 0.0247947, -0.199676, 0.0)], [0.187642, 0.245666, 0.951019, 0.0)], [0.0, 0.0, 0.0, 1.0)]])
0.0, 0.0, 0.0
float3(-0.248206, 0.194804, -1.54521)
259474.91775825
limited(__ObjC.ARCamera.TrackingState.Reason.initializing)
simd_float4x4([[0.0791648, -0.969796, 0.230713, 0.0)], [0.974334, 0.0263509, -0.223559, 0.0)], [0.210727, 0.242489, 0.946991, 0.0)], [0.0, 0.0, 0.0, 1.0)]])
0.0, 0.0, 0.0
float3(-0.244931, 0.218955, -1.54363)
259475.01780925
limited(__ObjC.ARCamera.TrackingState.Reason.initializing)
simd_float4x4([[0.082936, -0.970377, 0.226913, 0.0)], [0.969042, 0.0253935, -0.245588, 0.0)], [0.232551, 0.240256, 0.942442, 0.0)], [0.0, 0.0, 0.0, 1.0)]])
0.0, 0.0, 0.0
float3(-0.24263, 0.241921, -1.54463)
259475.11786
limited(__ObjC.ARCamera.TrackingState.Reason.initializing)
simd_float4x4([[0.0865628, -0.97046, 0.2252, 0.0)], [0.963644, 0.0242068, -0.266092, 0.0)], [0.25278, 0.240047, 0.937273, 0.0)], [0.0, 0.0, 0.0, 1.0)]])
0.0, 0.0, 0.0
float3(-0.242414, 0.26343, -1.54586)
259475.217910958
limited(__ObjC.ARCamera.TrackingState.Reason.initializing)
simd_float4x4([[0.0901211, -0.970912, 0.221826, 0.0)], [0.959173, 0.0246616, -0.281742, 0.0)], [0.268076, 0.238161, 0.933495, 0.0)], [0.0, 0.0, 0.0, 1.0)]])
0.0, 0.0, 0.0
float3(-0.240471, 0.279649, -1.5454)
259475.317961958
limited(__ObjC.ARCamera.TrackingState.Reason.initializing)
simd_float4x4([[0.090875, -0.971319, 0.219727, 0.0)], [0.956835, 0.0239993, -0.289639, 0.0)], [0.276059, 0.236564, 0.931572, 0.0)], [0.0, 0.0, 0.0, 1.0)]])
0.0, 0.0, 0.0
float3(-0.238827, 0.288092, -1.54609)
259475.41801275
normal
simd_float4x4([[0.0893664, -0.974322, 0.206664, 0.0)], [0.956642, 0.0262151, -0.290083, 0.0)], [0.277217, 0.223627, 0.934421, 0.0)], [0.00375513, -0.000433104, 0.0024862, 1.0)]])
0.00375513, -0.000433104, 0.0024862
float3(-0.225534, 0.288401, -1.5439)
259475.518063875
normal
simd_float4x4([[0.0889055, -0.974606, 0.205519, 0.0)], [0.959338, 0.0282915, -0.280838, 0.0)], [0.267892, 0.22213, 0.937493, 0.0)], [0.00459735, 0.000192669, 0.00383754, 1.0)]])
0.00459735, 0.000192669, 0.00383754
float3(-0.223998, 0.278336, -1.54178)
259475.618114583
normal
simd_float4x4([[0.0849939, -0.97481, 0.206205, 0.0)], [0.965255, 0.0292318, -0.25967, 0.0)], [0.247102, 0.221111, 0.943425, 0.0)], [0.00785773, -0.000101308, 0.00660562, 1.0)]])
0.00785773, -0.000101308, 0.00660562
float3(-0.222953, 0.256166, -1.54082)
259475.718165708
normal
simd_float4x4([[0.0803463, -0.974889, 0.20769, 0.0)], [0.972472, 0.0309447, -0.230954, 0.0)], [0.218728, 0.220529, 0.950539, 0.0)], [0.0105621, 0.000474667, 0.00655628, 1.0)]])
0.0105621, 0.000474667, 0.00655628
float3(-0.222357, 0.226172, -1.53907)
259475.818216625
normal
simd_float4x4([[0.0749089, -0.975332, 0.207646, 0.0)], [0.979565, 0.0329942, -0.198404, 0.0)], [0.186659, 0.218265, 0.957872, 0.0)], [0.0148287, 0.00125246, 0.00691438, 1.0)]])
0.0148287, 0.00125246, 0.00691438
float3(-0.220036, 0.192456, -1.53698)
259475.918267458
normal
simd_float4x4([[0.0680951, -0.97556, 0.208915, 0.0)], [0.98577, 0.0335326, -0.164723, 0.0)], [0.153691, 0.217159, 0.963961, 0.0)], [0.0215459, 0.00249223, 0.00487038, 1.0)]])
0.0215459, 0.00249223, 0.00487038
float3(-0.218903, 0.158107, -1.53644)
259476.018318541
normal
simd_float4x4([[0.0589278, -0.975206, 0.213311, 0.0)], [0.990959, 0.031345, -0.130454, 0.0)], [0.120533, 0.21907, 0.968236, 0.0)], [0.0291682, 0.0024865, 0.00243591, 1.0)]])
0.0291682, 0.0024865, 0.00243591
float3(-0.220861, 0.12385, -1.53867)
259476.1183695
normal
simd_float4x4([[0.0513444, -0.975401, 0.214375, 0.0)], [0.994742, 0.0309032, -0.0976394, 0.0)], [0.0886127, 0.218261, 0.971859, 0.0)], [0.0347421, 0.00283325, 0.00293898, 1.0)]])
0.0347421, 0.00283325, 0.00293898
float3(-0.220032, 0.0909271, -1.53912)
259476.218420583
normal
simd_float4x4([[0.0434776, -0.975609, 0.215165, 0.0)], [0.997213, 0.0293106, -0.0686021, 0.0)], [0.0606222, 0.217548, 0.974165, 0.0)], [0.0415849, 0.00357581, 0.00122691, 1.0)]])
0.0415849, 0.00357581, 0.00122691
float3(-0.219302, 0.0621497, -1.54076)
259476.3184715
normal
simd_float4x4([[0.036402, -0.97528, 0.217954, 0.0)], [0.998657, 0.0274544, -0.0439424, 0.0)], [0.0368724, 0.21926, 0.974969, 0.0)], [0.048212, 0.00351063, -0.00143401, 1.0)]])
0.048212, 0.00351063, -0.00143401
float3(-0.221056, 0.037801, -1.54265)
259476.418522375
normal
simd_float4x4([[0.0296027, -0.975483, 0.218072, 0.0)], [0.999453, 0.0256721, -0.0208363, 0.0)], [0.0147271, 0.21857, 0.97571, 0.0)], [0.0539942, 0.00482721, -0.00545786, 1.0)]])
0.0539942, 0.00482721, -0.00545786
float3(-0.220349, 0.0150926, -1.54449)
259476.518573416
normal
simd_float4x4([[0.0241196, -0.975597, 0.218241, 0.0)], [0.999701, 0.0244258, -0.0012955, 0.0)], [-0.00406682, 0.218207, 0.975894, 0.0)], [0.0582668, 0.00562838, -0.0079498, 1.0)]])
0.0582668, 0.00562838, -0.0079498
float3(-0.219977, -0.00416725, -1.54576)
259476.618624375
normal
simd_float4x4([[0.0182727, -0.975518, 0.21916, 0.0)], [0.999623, 0.0223194, 0.0160026, 0.0)], [-0.0205023, 0.218785, 0.975558, 0.0)], [0.0632129, 0.00569632, -0.0115226, 1.0)]])
0.0632129, 0.00569632, -0.0115226
float3(-0.220569, -0.0210129, -1.54792)
259476.718675416
normal
simd_float4x4([[0.0125365, -0.975361, 0.220257, 0.0)], [0.999331, 0.0197882, 0.030748, 0.0)], [-0.0343489, 0.219725, 0.974957, 0.0)], [0.0670703, 0.00494613, -0.0153941, 1.0)]])
0.0670703, 0.00494613, -0.0153941
float3(-0.221532, -0.0352166, -1.55051)
259476.818726458
normal
simd_float4x4([[0.0077595, -0.975425, 0.220194, 0.0)], [0.998961, 0.0174526, 0.0421094, 0.0)], [-0.0449176, 0.219638, 0.974547, 0.0)], [0.069966, 0.00485075, -0.0191304, 1.0)]])
0.069966, 0.00485075, -0.0191304
float3(-0.221444, -0.0460582, -1.55291)
259476.918777541
normal
simd_float4x4([[0.00841418, -0.974635, 0.223643, 0.0)], [0.998625, 0.0197631, 0.048556, 0.0)], [-0.0517443, 0.222927, 0.973461, 0.0)], [0.0677715, 0.00407359, -0.0232107, 1.0)]])
0.0677715, 0.00407359, -0.0232107
float3(-0.224816, -0.053105, -1.55052)
259477.018828541
normal
simd_float4x4([[0.0112048, -0.972928, 0.230837, 0.0)], [0.998536, 0.0231057, 0.048917, 0.0)], [-0.0529264, 0.22995, 0.971762, 0.0)], [0.0629677, 0.00378857, -0.0256467, 1.0)]])
0.0629677, 0.00378857, -0.0256467
float3(-0.232027, -0.0544106, -1.54705)
259477.118879333
normal
simd_float4x4([[0.0163287, -0.969591, 0.244186, 0.0)], [0.99881, 0.0270435, 0.0405916, 0.0)], [-0.045961, 0.243233, 0.968879, 0.0)], [0.0546994, 0.00300027, -0.0297681, 1.0)]])
0.0546994, 0.00300027, -0.0297681
float3(-0.245697, -0.0474017, -1.54291)
259477.218930625
normal
simd_float4x4([[0.0181824, -0.966031, 0.257786, 0.0)], [0.999288, 0.0260803, 0.0272508, 0.0)], [-0.0330483, 0.257107, 0.965818, 0.0)], [0.0405354, -0.000208972, -0.0391291, 1.0)]])
0.0405354, -0.000208972, -0.0391291
float3(-0.260028, -0.0342046, -1.54381)
259477.318981416
normal
simd_float4x4([[0.014714, -0.963115, 0.268687, 0.0)], [0.999711, 0.0192876, 0.0143904, 0.0)], [-0.019042, 0.268398, 0.96312, 0.0)], [0.0219592, -0.00376439, -0.0475588, 1.0)]])
0.0219592, -0.00376439, -0.0475588
float3(-0.271729, -0.0197685, -1.55077)
259477.419032666
normal
simd_float4x4([[0.0044062, -0.959282, 0.282414, 0.0)], [0.999978, 0.00564168, 0.00356165, 0.0)], [-0.00500993, 0.282392, 0.959286, 0.0)], [0.00243592, -0.0116006, -0.0589176, 1.0)]])
0.00243592, -0.0116006, -0.0589176
float3(-0.286287, -0.00522251, -1.56492)
259477.519083583
normal
simd_float4x4([[-0.00414453, -0.954812, 0.29718, 0.0)], [0.999979, -0.00545148, -0.00356923, 0.0)], [0.005028, 0.297159, 0.954815, 0.0)], [-0.0164281, -0.0202358, -0.0728146, 1.0)]])
-0.0164281, -0.0202358, -0.0728146
float3(-0.301716, 0.0052659, -1.57651)
259477.619134625
normal
simd_float4x4([[-0.00133625, -0.951924, 0.30633, 0.0)], [0.999974, -0.0034647, -0.00640458, 0.0)], [0.00715801, 0.306314, 0.951904, 0.0)], [-0.0297269, -0.0262254, -0.089191, 1.0)]])
-0.0297269, -0.0262254, -0.089191
float3(-0.311318, 0.00751953, -1.57444)
259477.719185791
normal
simd_float4x4([[0.0122873, -0.946734, 0.32178, 0.0)], [0.999911, 0.00995927, -0.00888009, 0.0)], [0.00520238, 0.321861, 0.946773, 0.0)], [-0.0382346, -0.0276687, -0.111248, 1.0)]])
-0.0382346, -0.0276687, -0.111248
float3(-0.327694, 0.0054948, -1.56028)
259477.819236666
normal
simd_float4x4([[0.0261792, -0.946301, 0.322227, 0.0)], [0.999582, 0.0208265, -0.0200485, 0.0)], [0.012261, 0.322617, 0.94645, 0.0)], [-0.0429527, -0.0301815, -0.139361, 1.0)]])
-0.0429527, -0.0301815, -0.139361
float3(-0.328493, 0.012954, -1.54879)
259477.919287875
normal
simd_float4x4([[0.0395637, -0.945639, 0.322804, 0.0)], [0.99854, 0.0255217, -0.0476192, 0.0)], [0.036792, 0.324216, 0.945267, 0.0)], [-0.0424513, -0.0362801, -0.17496, 1.0)]])
-0.0424513, -0.0362801, -0.17496
float3(-0.330183, 0.0389027, -1.54381)
259478.019338958
normal
simd_float4x4([[0.045612, -0.942355, 0.331492, 0.0)], [0.996594, 0.0201039, -0.0799766, 0.0)], [0.068702, 0.334011, 0.940062, 0.0)], [-0.0359093, -0.0445849, -0.22104, 1.0)]])
-0.0359093, -0.0445849, -0.22104
float3(-0.340556, 0.0729527, -1.54947)
259478.119390083
normal
simd_float4x4([[0.0440469, -0.945321, 0.323154, 0.0)], [0.993945, 0.00887326, -0.109521, 0.0)], [0.100665, 0.326021, 0.939988, 0.0)], [-0.0234453, -0.0475681, -0.270646, 1.0)]])
-0.0234453, -0.0475681, -0.270646
float3(-0.332092, 0.106685, -1.56141)
259478.219441208
normal
simd_float4x4([[0.0527642, -0.946054, 0.319685, 0.0)], [0.992048, 0.0130291, -0.125181, 0.0)], [0.114262, 0.323748, 0.939218, 0.0)], [-0.00864785, -0.0412113, -0.329405, 1.0)]])
-0.00864785, -0.0412113, -0.329405
float3(-0.329688, 0.121062, -1.55703)
259478.319492041
normal
simd_float4x4([[0.0507508, -0.950346, 0.307028, 0.0)], [0.990526, 0.00861829, -0.137055, 0.0)], [0.127603, 0.311075, 0.94178, 0.0)], [0.0108316, -0.034224, -0.383887, 1.0)]])
0.0108316, -0.034224, -0.383887
float3(-0.316324, 0.134671, -1.56173)
259478.419543291
normal
simd_float4x4([[0.0596615, -0.954927, 0.290783, 0.0)], [0.990161, 0.0196761, -0.138541, 0.0)], [0.126575, 0.296187, 0.946706, 0.0)], [0.0229477, -0.029652, -0.425728, 1.0)]])
0.0229477, -0.029652, -0.425728
float3(-0.300698, 0.132912, -1.55019)
259478.51959425
normal
simd_float4x4([[0.0402939, -0.95275, 0.30107, 0.0)], [0.992665, 0.00379762, -0.120836, 0.0)], [0.113984, 0.30373, 0.945915, 0.0)], [0.0436927, -0.028985, -0.471344, 1.0)]])
0.0436927, -0.028985, -0.471344
float3(-0.308606, 0.119923, -1.56681)
259478.619645583
normal
simd_float4x4([[0.0438749, -0.957576, 0.284823, 0.0)], [0.996032, 0.0198312, -0.0867589, 0.0)], [0.0774298, 0.287499, 0.954646, 0.0)], [0.056021, -0.0249854, -0.51178, 1.0)]])
0.056021, -0.0249854, -0.51178
float3(-0.291614, 0.0809312, -1.55009)
259478.719696541
normal
simd_float4x4([[0.0344643, -0.95433, 0.296758, 0.0)], [0.999164, 0.026364, -0.031256, 0.0)], [0.0220048, 0.297587, 0.954441, 0.0)], [0.0738974, -0.0294077, -0.559331, 1.0)]])
0.0738974, -0.0294077, -0.559331
float3(-0.302165, 0.0230511, -1.54318)
259478.819747791
normal
simd_float4x4([[0.00586339, -0.953414, 0.301608, 0.0)], [0.998972, 0.0191446, 0.0410975, 0.0)], [-0.0449571, 0.301057, 0.952546, 0.0)], [0.0975805, -0.0339429, -0.609105, 1.0)]])
0.0975805, -0.0339429, -0.609105
float3(-0.305801, -0.0471618, -1.55072)
259478.919798791
normal
simd_float4x4([[-0.0103033, -0.954204, 0.29898, 0.0)], [0.990065, 0.0321965, 0.136875, 0.0)], [-0.140233, 0.29742, 0.944392, 0.0)], [0.115846, -0.0361614, -0.661324, 1.0)]])
0.115846, -0.0361614, -0.661324
float3(-0.301989, -0.147413, -1.53707)
259479.019849958
normal
simd_float4x4([[-0.0468422, -0.957195, 0.285628, 0.0)], [0.965381, 0.0300746, 0.259105, 0.0)], [-0.256605, 0.287877, 0.922649, 0.0)], [0.143385, -0.0382805, -0.71492, 1.0)]])
0.143385, -0.0382805, -0.71492
float3(-0.292009, -0.271262, -1.53939)
259479.119901041
normal
simd_float4x4([[-0.0978211, -0.957208, 0.272367, 0.0)], [0.920441, 0.0170531, 0.39051, 0.0)], [-0.378444, 0.288898, 0.879385, 0.0)], [0.174014, -0.0372637, -0.76109, 1.0)]])
0.174014, -0.0372637, -0.76109
float3(-0.293075, -0.406394, -1.55298)
259479.219952125
normal
simd_float4x4([[-0.152422, -0.956096, 0.250296, 0.0)], [0.860048, -0.00354492, 0.510201, 0.0)], [-0.486914, 0.293032, 0.822829, 0.0)], [0.202025, -0.0329348, -0.797942, 1.0)]])
0.202025, -0.0329348, -0.797942
float3(-0.297397, -0.534335, -1.5745)
259479.320003416
normal
simd_float4x4([[-0.18333, -0.961445, 0.204971, 0.0)], [0.788376, -0.01924, 0.614893, 0.0)], [-0.587243, 0.274322, 0.761508, 0.0)], [0.222082, -0.0269681, -0.815868, 1.0)]])
0.222082, -0.0269681, -0.815868
float3(-0.277885, -0.656905, -1.59081)
259479.420054375
normal
simd_float4x4([[-0.209861, -0.961609, 0.176823, 0.0)], [0.70691, -0.0242916, 0.706886, 0.0)], [-0.675453, 0.273345, 0.684869, 0.0)], [0.245718, -0.0249858, -0.822771, 1.0)]])
0.245718, -0.0249858, -0.822771
float3(-0.276869, -0.778476, -1.59605)
259479.520105625
normal
simd_float4x4([[-0.228833, -0.961402, 0.152778, 0.0)], [0.610291, -0.0194128, 0.791939, 0.0)], [-0.758406, 0.274461, 0.591178, 0.0)], [0.268263, -0.0232638, -0.81827, 1.0)]])
0.268263, -0.0232638, -0.81827
float3(-0.278029, -0.908681, -1.59099)
259479.620156666
normal
simd_float4x4([[-0.239423, -0.962055, 0.130866, 0.0)], [0.517287, -0.0123332, 0.855723, 0.0)], [-0.821639, 0.272575, 0.500612, 0.0)], [0.289783, -0.022727, -0.808012, 1.0)]])
0.289783, -0.022727, -0.808012
float3(-0.276068, -1.02358, -1.58362)
259479.720207875
normal
simd_float4x4([[-0.252887, -0.960382, 0.117109, 0.0)], [0.433774, -0.00435158, 0.901011, 0.0)], [-0.864806, 0.278653, 0.417689, 0.0)], [0.313976, -0.0242285, -0.797096, 1.0)]])
0.313976, -0.0242285, -0.797096
float3(-0.282391, -1.12085, -1.57533)
259479.820259041
normal
simd_float4x4([[-0.267221, -0.958843, 0.0959808, 0.0)], [0.375582, -0.0119068, 0.926713, 0.0)], [-0.887429, 0.283685, 0.363306, 0.0)], [0.343975, -0.0300312, -0.787712, 1.0)]])
0.343975, -0.0300312, -0.787712
float3(-0.287635, -1.18222, -1.58321)
259479.920310208
normal
simd_float4x4([[-0.272874, -0.95805, 0.0876297, 0.0)], [0.344601, -0.0122931, 0.938669, 0.0)], [-0.898215, 0.286336, 0.333499, 0.0)], [0.383969, -0.0355403, -0.788647, 1.0)]])
0.383969, -0.0355403, -0.788647
float3(-0.2904, -1.21528, -1.58363)
259480.020361458
normal
simd_float4x4([[-0.278804, -0.957134, 0.0785065, 0.0)], [0.319807, -0.015452, 0.947357, 0.0)], [-0.905534, 0.289233, 0.310406, 0.0)], [0.432865, -0.0359522, -0.787577, 1.0)]])
0.432865, -0.0359522, -0.787577
float3(-0.293426, -1.24056, -1.58694)
259480.120412666
normal
simd_float4x4([[-0.292005, -0.953123, 0.0793042, 0.0)], [0.275758, -0.00450536, 0.961216, 0.0)], [-0.915801, 0.302548, 0.264147, 0.0)], [0.485308, -0.0296018, -0.777878, 1.0)]])
0.485308, -0.0296018, -0.777878
float3(-0.307365, -1.28998, -1.57552)
259480.22046375
normal
simd_float4x4([[-0.263219, -0.962625, 0.0637904, 0.0)], [0.245361, -0.00285023, 0.969427, 0.0)], [-0.933013, 0.270824, 0.236941, 0.0)], [0.525551, -0.0186201, -0.757863, 1.0)]])
0.525551, -0.0186201, -0.757863
float3(-0.274249, -1.3221, -1.57376)
259480.320514958
normal
simd_float4x4([[-0.254306, -0.964613, 0.069649, 0.0)], [0.192534, 0.0200796, 0.981085, 0.0)], [-0.947765, 0.262906, 0.180614, 0.0)], [0.563414, -0.0116876, -0.741006, 1.0)]])
0.563414, -0.0116876, -0.741006
float3(-0.266032, -1.38249, -1.54998)
259480.420566125
normal
simd_float4x4([[-0.252187, -0.966503, 0.0476814, 0.0)], [0.139275, 0.0125087, 0.990175, 0.0)], [-0.957603, 0.25635, 0.131455, 0.0)], [0.611808, -0.00940389, -0.721814, 1.0)]])
0.611808, -0.00940389, -0.721814
float3(-0.259244, -1.43437, -1.55785)
259480.520617333
normal
simd_float4x4([[-0.240067, -0.969556, 0.0482544, 0.0)], [0.0891807, 0.0274708, 0.995637, 0.0)], [-0.966651, 0.243323, 0.0798709, 0.0)], [0.662931, -0.0111803, -0.714958, 1.0)]])
0.662931, -0.0111803, -0.714958
float3(-0.24579, -1.48836, -1.54247)
259480.620668541
normal
simd_float4x4([[-0.252125, -0.966606, 0.0458916, 0.0)], [0.0488215, 0.0346575, 0.998206, 0.0)], [-0.966462, 0.253914, 0.0384531, 0.0)], [0.733174, -0.0232069, -0.712068, 1.0)]])
0.733174, -0.0232069, -0.712068
float3(-0.256724, -1.53103, -1.53496)
259480.720719625
normal
simd_float4x4([[-0.256301, -0.965487, 0.0463154, 0.0)], [0.0200374, 0.0425987, 0.998891, 0.0)], [-0.966389, 0.256945, 0.00842776, 0.0)], [0.818846, -0.0330685, -0.716167, 1.0)]])
0.818846, -0.0330685, -0.716167
float3(-0.25986, -1.56208, -1.5267)
259480.820770916
normal
simd_float4x4([[-0.252782, -0.96638, 0.0470204, 0.0)], [-0.0128348, 0.0519438, 0.998568, 0.0)], [-0.967438, 0.251816, -0.0255338, 0.0)], [0.912284, -0.0362911, -0.724334, 1.0)]])
0.912284, -0.0362911, -0.724334
float3(-0.254557, -1.59718, -1.5171)
259480.920822083
normal
simd_float4x4([[-0.236948, -0.971284, 0.0215296, 0.0)], [-0.0471025, 0.0336198, 0.998324, 0.0)], [-0.97038, 0.235537, -0.053716, 0.0)], [1.00107, -0.0296, -0.728822, 1.0)]])
1.00107, -0.0296, -0.728822
float3(-0.237771, -1.6261, -1.5362)
259481.02087325
normal
simd_float4x4([[-0.201589, -0.979462, -0.00402091, 0.0)], [-0.0627244, 0.00881271, 0.997992, 0.0)], [-0.97746, 0.201436, -0.0632127, 0.0)], [1.07531, -0.0219945, -0.729442, 1.0)]])
1.07531, -0.0219945, -0.729442
float3(-0.202824, -1.63538, -1.5618)
259481.120924458
normal
simd_float4x4([[-0.248218, -0.968693, 0.00459216, 0.0)], [-0.0816748, 0.0256515, 0.996329, 0.0)], [-0.965255, 0.246932, -0.085485, 0.0)], [1.15306, -0.0141082, -0.728866, 1.0)]])
1.15306, -0.0141082, -0.728866
float3(-0.249513, -1.65913, -1.54432)
259481.22097575
normal
simd_float4x4([[-0.225701, -0.973878, -0.0249111, 0.0)], [-0.0857651, -0.00560814, 0.9963, 0.0)], [-0.970414, 0.227002, -0.082259, 0.0)], [1.21691, -0.00923315, -0.72, 1.0)]])
1.21691, -0.00923315, -0.72
float3(-0.228999, -1.65536, -1.57655)
259481.321026875
normal
simd_float4x4([[-0.217854, -0.975826, -0.0174185, 0.0)], [-0.0784619, -0.000278299, 0.996917, 0.0)], [-0.972822, 0.218549, -0.0765045, 0.0)], [1.29111, -0.0126987, -0.716237, 1.0)]])
1.29111, -0.0126987, -0.716237
float3(-0.220327, -1.64928, -1.57108)
259481.421078083
normal
simd_float4x4([[-0.217249, -0.976065, -0.00998155, 0.0)], [-0.0601363, 0.00317715, 0.998185, 0.0)], [-0.974262, 0.217455, -0.0593872, 0.0)], [1.36857, -0.0197829, -0.703885, 1.0)]])
1.36857, -0.0197829, -0.703885
float3(-0.219206, -1.63168, -1.56754)
259481.521129458
normal
simd_float4x4([[-0.206183, -0.978484, -0.0076312, 0.0)], [-0.0370175, 6.53823e-06, 0.999315, 0.0)], [-0.977813, 0.206324, -0.0362223, 0.0)], [1.44531, -0.0193398, -0.687667, 1.0)]])
1.44531, -0.0193398, -0.687667
float3(-0.207817, -1.60782, -1.57079)
259481.621180416
normal
simd_float4x4([[-0.196554, -0.980478, -0.00534253, 0.0)], [-0.0390634, 0.00238622, 0.999234, 0.0)], [-0.979715, 0.196613, -0.0387698, 0.0)], [1.52026, -0.00418115, -0.663584, 1.0)]])
1.52026, -0.00418115, -0.663584
float3(-0.197902, -1.61035, -1.56836)
259481.72123175
normal
simd_float4x4([[-0.168303, -0.985679, 0.0105002, 0.0)], [-0.0461107, 0.0185129, 0.998765, 0.0)], [-0.984656, 0.167611, -0.0485661, 0.0)], [1.58548, 0.00450763, -0.650356, 1.0)]])
1.58548, 0.00450763, -0.650356
float3(-0.168406, -1.62008, -1.55202)
259481.821283041
normal
simd_float4x4([[-0.193214, -0.981059, 0.0138546, 0.0)], [-0.0633256, 0.0265603, 0.997639, 0.0)], [-0.979111, 0.191881, -0.067258, 0.0)], [1.65499, 0.00794382, -0.635858, 1.0)]])
1.65499, 0.00794382, -0.635858
float3(-0.193078, -1.63938, -1.54373)
259481.921334291
normal
simd_float4x4([[-0.172624, -0.984903, 0.0129122, 0.0)], [-0.0566347, 0.0230119, 0.99813, 0.0)], [-0.983358, 0.171569, -0.059752, 0.0)], [1.72359, 0.00574837, -0.628334, 1.0)]])
1.72359, 0.00574837, -0.628334
float3(-0.172423, -1.63148, -1.54744)
259482.021385541
normal
simd_float4x4([[-0.167622, -0.985292, 0.0331898, 0.0)], [-0.0593603, 0.0436922, 0.99728, 0.0)], [-0.984063, 0.165196, -0.065811, 0.0)], [1.79948, -0.00534493, -0.636181, 1.0)]])
1.79948, -0.00534493, -0.636181
float3(-0.165956, -1.63757, -1.52648)
259482.121436708
normal
simd_float4x4([[-0.148615, -0.988167, 0.0379504, 0.0)], [-0.0630601, 0.0477684, 0.996866, 0.0)], [-0.986883, 0.145756, -0.069413, 0.0)], [1.89345, -0.0139759, -0.637627, 1.0)]])
1.89345, -0.0139759, -0.637627
float3(-0.146277, -1.64102, -1.52249)
259482.221488
normal
simd_float4x4([[-0.131901, -0.990685, 0.0338404, 0.0)], [-0.082225, 0.0449558, 0.995599, 0.0)], [-0.987847, 0.128538, -0.0873888, 0.0)], [1.99217, -0.0138988, -0.643018, 1.0)]])
1.99217, -0.0138988, -0.643018
float3(-0.128895, -1.65903, -1.52545)
259482.321539208
normal
simd_float4x4([[-0.153551, -0.988066, 0.0121646, 0.0)], [-0.108429, 0.0290841, 0.993679, 0.0)], [-0.982174, 0.151261, -0.111601, 0.0)], [2.09583, -0.00646296, -0.64382, 1.0)]])
2.09583, -0.00646296, -0.64382
float3(-0.151844, -1.68394, -1.54137)
259482.421590541
normal
simd_float4x4([[-0.161168, -0.986913, 0.0053014, 0.0)], [-0.105823, 0.0226215, 0.994128, 0.0)], [-0.981237, 0.15966, -0.108084, 0.0)], [2.19018, -0.00321711, -0.640217, 1.0)]])
2.19018, -0.00321711, -0.640217
float3(-0.160347, -1.6805, -1.54788)
259482.521641833
normal
simd_float4x4([[-0.174143, -0.984662, -0.0107165, 0.0)], [-0.115696, 0.00965177, 0.993238, 0.0)], [-0.9779, 0.174205, -0.115603, 0.0)], [2.28307, -0.00297163, -0.633968, 1.0)]])
2.28307, -0.00297163, -0.633968
float3(-0.175099, -1.68847, -1.56099)
259482.621692958
normal
simd_float4x4([[-0.186477, -0.982263, -0.0196324, 0.0)], [-0.109799, 0.000978764, 0.993953, 0.0)], [-0.976305, 0.187505, -0.108034, 0.0)], [2.37169, -0.0186176, -0.625137, 1.0)]])
2.37169, -0.0186176, -0.625137
float3(-0.188622, -1.681, -1.5698)
259482.721744333
normal
simd_float4x4([[-0.189577, -0.981523, -0.0259274, 0.0)], [-0.0894456, -0.00903241, 0.995951, 0.0)], [-0.977783, 0.191129, -0.0860806, 0.0)], [2.46938, -0.0373361, -0.611586, 1.0)]])
2.46938, -0.0373361, -0.611586
float3(-0.192312, -1.65861, -1.58)
259482.821795541
normal
simd_float4x4([[-0.179995, -0.983293, -0.027148, 0.0)], [-0.0785282, -0.0131468, 0.996825, 0.0)], [-0.980528, 0.181555, -0.0748499, 0.0)], [2.56486, -0.0372472, -0.595571, 1.0)]])
2.56486, -0.0372472, -0.595571
float3(-0.182568, -1.64698, -1.58417)
259482.921846958
normal
simd_float4x4([[-0.174641, -0.984567, -0.0113337, 0.0)], [-0.0696304, 0.000867512, 0.997572, 0.0)], [-0.982167, 0.175006, -0.0687073, 0.0)], [2.65649, -0.0218767, -0.583413, 1.0)]])
2.65649, -0.0218767, -0.583413
float3(-0.175912, -1.64064, -1.56992)
259483.021898166
normal
simd_float4x4([[-0.163465, -0.986549, -0.000223832, 0.0)], [-0.0646703, 0.010489, 0.997852, 0.0)], [-0.984427, 0.163128, -0.0655149, 0.0)], [2.73614, -0.0143023, -0.581938, 1.0)]])
2.73614, -0.0143023, -0.581938
float3(-0.16386, -1.63725, -1.56016)
259483.121949541
normal
simd_float4x4([[-0.170927, -0.98456, 0.0377606, 0.0)], [-0.0384972, 0.0449689, 0.998246, 0.0)], [-0.984531, 0.169174, -0.0455892, 0.0)], [2.82334, -0.00457986, -0.584308, 1.0)]])
2.82334, -0.00457986, -0.584308
float3(-0.169991, -1.61707, -1.52515)
259483.22200075
normal
simd_float4x4([[-0.166548, -0.98372, 0.0674981, 0.0)], [-0.0309728, 0.0736397, 0.996804, 0.0)], [-0.985547, 0.163925, -0.0427331, 0.0)], [2.90783, -0.0200586, -0.593147, 1.0)]])
2.90783, -0.0200586, -0.593147
float3(-0.164668, -1.61413, -1.49608)
259483.322051958
normal
simd_float4x4([[-0.177859, -0.982056, 0.0627004, 0.0)], [-0.0271949, 0.0685972, 0.997274, 0.0)], [-0.98368, 0.175669, -0.0389076, 0.0)], [3.00663, -0.0368253, -0.595966, 1.0)]])
3.00663, -0.0368253, -0.595966
float3(-0.176585, -1.61033, -1.50106)
259483.422103333
normal
simd_float4x4([[-0.167755, -0.984403, 0.0530028, 0.0)], [-0.0464755, 0.0616021, 0.997018, 0.0)], [-0.984733, 0.164791, -0.0560847, 0.0)], [3.11322, -0.03857, -0.597923, 1.0)]])
3.11322, -0.03857, -0.597923
float3(-0.165546, -1.62769, -1.5083)
259483.5221545
normal
simd_float4x4([[-0.188886, -0.981302, 0.0369862, 0.0)], [-0.068058, 0.0506552, 0.996395, 0.0)], [-0.979638, 0.185688, -0.0763535, 0.0)], [3.22239, -0.028235, -0.597512, 1.0)]])
3.22239, -0.028235, -0.597512
float3(-0.186772, -1.64858, -1.51922)
259483.622206041
normal
simd_float4x4([[-0.188751, -0.981607, 0.0286616, 0.0)], [-0.0644891, 0.0415131, 0.997054, 0.0)], [-0.979905, 0.186346, -0.0711386, 0.0)], [3.31236, -0.0205298, -0.596199, 1.0)]])
3.31236, -0.0205298, -0.596199
float3(-0.187442, -1.64327, -1.52853)
259483.722257291
normal
simd_float4x4([[-0.208042, -0.977906, 0.0204483, 0.0)], [-0.0893993, 0.0398289, 0.995199, 0.0)], [-0.974026, 0.205215, -0.0957102, 0.0)], [3.40957, -0.0209507, -0.592109, 1.0)]])
3.40957, -0.0209507, -0.592109
float3(-0.206683, -1.66874, -1.53009)
259483.8223085
normal
simd_float4x4([[-0.200677, -0.979635, 0.00662536, 0.0)], [-0.0852801, 0.024206, 0.996063, 0.0)], [-0.975939, 0.199322, -0.088401, 0.0)], [3.50231, -0.0316833, -0.579008, 1.0)]])
3.50231, -0.0316833, -0.579008
float3(-0.200666, -1.66113, -1.54609)
259483.92236
normal
simd_float4x4([[-0.16712, -0.985814, 0.0155675, 0.0)], [-0.075408, 0.0285236, 0.996745, 0.0)], [-0.983049, 0.165402, -0.0791051, 0.0)], [3.59626, -0.0373412, -0.568983, 1.0)]])
3.59626, -0.0373412, -0.568983
float3(-0.166166, -1.65109, -1.54187)
259484.022411125
normal
simd_float4x4([[-0.176149, -0.984174, 0.0193148, 0.0)], [-0.0752906, 0.0330346, 0.996614, 0.0)], [-0.98148, 0.174098, -0.079918, 0.0)], [3.69902, -0.041667, -0.555799, 1.0)]])
3.69902, -0.041667, -0.555799
float3(-0.17499, -1.65204, -1.53724)
259484.122462625
normal
simd_float4x4([[-0.186057, -0.982354, 0.019058, 0.0)], [-0.0615716, 0.0310158, 0.997621, 0.0)], [-0.980608, 0.184441, -0.0662558, 0.0)], [3.79796, -0.0272889, -0.544446, 1.0)]])
3.79796, -0.0272889, -0.544446
float3(-0.185503, -1.63826, -1.53923)
259484.222513791
normal
simd_float4x4([[-0.179835, -0.98365, 0.00958348, 0.0)], [-0.0644588, 0.0215048, 0.997689, 0.0)], [-0.981583, 0.178801, -0.0672722, 0.0)], [3.87541, -0.015412, -0.539, 1.0)]])
3.87541, -0.015412, -0.539
float3(-0.179768, -1.63922, -1.54894)
259484.32256525
normal
simd_float4x4([[-0.157578, -0.986332, 0.0481436, 0.0)], [-0.05508, 0.0574556, 0.996827, 0.0)], [-0.985969, 0.154427, -0.0633809, 0.0)], [3.95955, -0.0127684, -0.540382, 1.0)]])
3.95955, -0.0127684, -0.540382
float3(-0.155047, -1.63499, -1.51261)
259484.4226165
normal
simd_float4x4([[-0.15317, -0.986736, 0.0537707, 0.0)], [-0.0529859, 0.0625351, 0.996635, 0.0)], [-0.986778, 0.149805, -0.0618616, 0.0)], [4.05732, -0.0327344, -0.536554, 1.0)]])
4.05732, -0.0327344, -0.536554
float3(-0.150372, -1.6334, -1.50751)
259484.522667708
normal
simd_float4x4([[-0.148043, -0.987576, 0.0526945, 0.0)], [-0.0563518, 0.0616185, 0.996508, 0.0)], [-0.987374, 0.144556, -0.0647738, 0.0)], [4.1619, -0.0409224, -0.536659, 1.0)]])
4.1619, -0.0409224, -0.536659
float3(-0.145065, -1.6363, -1.50848)
259484.62271925
normal
simd_float4x4([[-0.143194, -0.989305, 0.0277506, 0.0)], [-0.0655173, 0.0374537, 0.997148, 0.0)], [-0.987524, 0.140968, -0.0701798, 0.0)], [4.27216, -0.0378478, -0.535683, 1.0)]])
4.27216, -0.0378478, -0.535683
float3(-0.141439, -1.64174, -1.53296)
259484.722770625
normal
simd_float4x4([[-0.134123, -0.990898, 0.0114583, 0.0)], [-0.072771, 0.0213802, 0.997119, 0.0)], [-0.988289, 0.132903, -0.0749763, 0.0)], [4.38007, -0.0259716, -0.532202, 1.0)]])
4.38007, -0.0259716, -0.532202
float3(-0.133298, -1.64652, -1.54922)
259484.822821958
normal
simd_float4x4([[-0.175546, -0.984294, 0.0186733, 0.0)], [-0.0845788, 0.0339767, 0.995837, 0.0)], [-0.980831, 0.173236, -0.0892149, 0.0)], [4.48826, -0.0148192, -0.52435, 1.0)]])
4.48826, -0.0148192, -0.52435
float3(-0.174115, -1.66151, -1.53629)
259484.922873375
normal
simd_float4x4([[-0.172099, -0.985077, 0.00238264, 0.0)], [-0.0931093, 0.0186745, 0.995481, 0.0)], [-0.98067, 0.171099, -0.0949336, 0.0)], [4.58525, -0.0193941, -0.512075, 1.0)]])
4.58525, -0.0193941, -0.512075
float3(-0.171945, -1.6673, -1.55184)
259485.02292475
normal
simd_float4x4([[-0.180177, -0.983617, 0.00587009, 0.0)], [-0.0782727, 0.0202862, 0.996726, 0.0)], [-0.980515, 0.179128, -0.0806454, 0.0)], [4.69823, -0.0364506, -0.498051, 1.0)]])
4.69823, -0.0364506, -0.498051
float3(-0.1801, -1.65286, -1.55018)
259485.122976041
normal
simd_float4x4([[-0.172896, -0.984745, 0.0196136, 0.0)], [-0.0555184, 0.0296255, 0.998018, 0.0)], [-0.983374, 0.171464, -0.0597935, 0.0)], [4.80103, -0.0429101, -0.481679, 1.0)]])
4.80103, -0.0429101, -0.481679
float3(-0.172316, -1.63153, -1.54072)
259485.223027333
normal
simd_float4x4([[-0.174628, -0.984211, 0.0288834, 0.0)], [-0.0320986, 0.0350089, 0.998871, 0.0)], [-0.984111, 0.173504, -0.0377053, 0.0)], [4.90238, -0.0311784, -0.461745, 1.0)]])
4.90238, -0.0311784, -0.461745
float3(-0.174386, -1.60909, -1.53524)
259485.323078875
normal
simd_float4x4([[-0.174966, -0.984074, 0.0313731, 0.0)], [-0.0281015, 0.036843, 0.998926, 0.0)], [-0.984173, 0.173897, -0.0341003, 0.0)], [4.98763, -0.017611, -0.450942, 1.0)]])
4.98763, -0.017611, -0.450942
float3(-0.174785, -1.60543, -1.53337)
259485.423130291
normal
simd_float4x4([[-0.170688, -0.984014, 0.05081, 0.0)], [-0.0110902, 0.0534821, 0.998507, 0.0)], [-0.985263, 0.169869, -0.0200416, 0.0)], [5.072, -0.00537956, -0.446418, 1.0)]])
5.072, -0.00537956, -0.446418
float3(-0.170697, -1.59113, -1.5165)
259485.523181625
normal
simd_float4x4([[-0.157906, -0.984304, 0.0788113, 0.0)], [-0.0190874, 0.0828402, 0.99638, 0.0)], [-0.98727, 0.15583, -0.0318687, 0.0)], [5.15409, -0.00645968, -0.444598, 1.0)]])
5.15409, -0.00645968, -0.444598
float3(-0.156468, -1.60306, -1.48683)
259485.623232916
normal
simd_float4x4([[-0.131543, -0.989005, 0.0675671, 0.0)], [-0.0316183, 0.0723106, 0.996881, 0.0)], [-0.990806, 0.128997, -0.0407827, 0.0)], [5.24486, -0.0223791, -0.440824, 1.0)]])
5.24486, -0.0223791, -0.440824
float3(-0.129357, -1.61193, -1.49781)
259485.72328425
normal
simd_float4x4([[-0.145144, -0.985319, 0.0898878, 0.0)], [-0.0549209, 0.0987332, 0.993597, 0.0)], [-0.987885, 0.139278, -0.0684452, 0.0)], [5.35218, -0.0315856, -0.447213, 1.0)]])
5.35218, -0.0315856, -0.447213
float3(-0.139732, -1.63997, -1.47093)
259485.823335833
normal
simd_float4x4([[-0.169734, -0.983685, 0.0596196, 0.0)], [-0.0801652, 0.0740788, 0.994025, 0.0)], [-0.982224, 0.163941, -0.091431, 0.0)], [5.45849, -0.0300317, -0.439838, 1.0)]])
5.45849, -0.0300317, -0.439838
float3(-0.164684, -1.66361, -1.49563)
259485.923387041
normal
