ARKit Data
1034244.30719258
normal
simd_float4x4([[-0.0149055, -0.996909, -0.0771316, 0.0)], [-0.999297, 0.012199, 0.0354422, 0.0)], [-0.0343918, 0.0776057, -0.996391, 0.0)], [-6.42726, -0.249076, 28.3212, 1.0)]])
-6.42726, -0.249076, 28.3212
float3(-0.0776838, -3.10709, -1.55856)
1034244.50730537
normal
simd_float4x4([[-0.0375076, -0.997842, -0.05389, 0.0)], [-0.997346, 0.0340121, 0.0643794, 0.0)], [-0.0624076, 0.0561617, -0.996469, 0.0)], [-6.42556, -0.24417, 28.3185, 1.0)]])
-6.42556, -0.24417, 28.3185
float3(-0.0561913, -3.07905, -1.53672)
1034244.7240945
normal
simd_float4x4([[-0.0346511, -0.999039, -0.0268233, 0.0)], [-0.996173, 0.0323719, 0.0811881, 0.0)], [-0.0802418, 0.0295339, -0.996338, 0.0)], [-6.43321, -0.242125, 28.3116, 1.0)]])
-6.43321, -0.242125, 28.3116
float3(-0.0295382, -3.06123, -1.5384)
1034245.45451108
notAvailable
simd_float4x4([[-0.0242649, 0.0, 0.999706, 0.0)], [0.0, 1.0, 0.0, 0.0)], [-0.999706, 0.0, -0.0242649, 0.0)], [-0.00665483, -0.0828989, 0.00895083, 1.0)]])
-0.00665483, -0.0828989, 0.00895083
float3(-0.0, -1.59506, 0.0)
1034245.67115467
limited(__ObjC.ARCamera.TrackingState.Reason.initializing)
simd_float4x4([[0.00724739, -0.998678, 0.0508985, 0.0)], [0.999873, 0.00796064, 0.0138244, 0.0)], [-0.0142113, 0.0507918, 0.998608, 0.0)], [0.0, 0.0, 0.0, 1.0)]])
0.0, 0.0, 0.0
float3(-0.0508137, -0.0142301, -1.56283)
1034245.88779813
limited(__ObjC.ARCamera.TrackingState.Reason.initializing)
simd_float4x4([[-0.0211202, -0.998556, 0.0493781, 0.0)], [0.999222, -0.0194367, 0.0343305, 0.0)], [-0.0333213, 0.0500647, 0.998189, 0.0)], [0.0, 0.0, 0.0, 1.0)]])
0.0, 0.0, 0.0
float3(-0.0500856, -0.0333693, -1.59026)
1034246.1044415
limited(__ObjC.ARCamera.TrackingState.Reason.initializing)
simd_float4x4([[-0.0261808, -0.99826, 0.0528256, 0.0)], [0.999332, -0.0247889, 0.0268348, 0.0)], [-0.0254786, 0.0534929, 0.998243, 0.0)], [0.0, 0.0, 0.0, 1.0)]])
0.0, 0.0, 0.0
float3(-0.0535184, -0.0255179, -1.59562)
1034246.30448746
limited(__ObjC.ARCamera.TrackingState.Reason.initializing)
simd_float4x4([[-0.02415, -0.998346, 0.0521387, 0.0)], [0.9997, -0.0239058, 0.00530275, 0.0)], [-0.00404763, 0.0522511, 0.998624, 0.0)], [0.0, 0.0, 0.0, 1.0)]])
0.0, 0.0, 0.0
float3(-0.0522749, -0.00405318, -1.59474)
1034246.50460025
normal
simd_float4x4([[-0.00857781, -0.997727, 0.0668337, 0.0)], [0.999873, -0.00945754, -0.0128576, 0.0)], [0.0134605, 0.0667149, 0.997681, 0.0)], [0.00285506, 0.00366118, -0.00528689, 1.0)]])
0.00285506, 0.00366118, -0.00528689
float3(-0.0667645, 0.013491, -1.58028)
1034246.72138933
normal
simd_float4x4([[-0.00137849, -0.99751, 0.0705169, 0.0)], [0.999635, -0.00327593, -0.0267989, 0.0)], [0.0269632, 0.0704543, 0.997151, 0.0)], [0.00469445, 0.0110998, -0.00414733, 1.0)]])
0.00469445, 0.0110998, -0.00414733
float3(-0.0705127, 0.0270336, -1.57408)
1034246.92150229
normal
simd_float4x4([[0.0050392, -0.997589, 0.0692205, 0.0)], [0.998976, 0.00191011, -0.0451967, 0.0)], [0.0449555, 0.0693774, 0.996577, 0.0)], [0.0062157, 0.0109058, -0.00509277, 1.0)]])
0.0062157, 0.0109058, -0.00509277
float3(-0.0694332, 0.0450793, -1.56888)
1034247.12161517
normal
simd_float4x4([[0.0116712, -0.997213, 0.0736963, 0.0)], [0.997054, 0.00601837, -0.0764651, 0.0)], [0.0758084, 0.0743717, 0.994345, 0.0)], [0.00583345, 0.0122293, -0.00759238, 1.0)]])
0.00583345, 0.0122293, -0.00759238
float3(-0.0744404, 0.0760924, -1.56476)
1034247.321728
normal
simd_float4x4([[0.0172715, -0.996836, 0.0775862, 0.0)], [0.995405, 0.0098334, -0.0952472, 0.0)], [0.0941829, 0.0788748, 0.992426, 0.0)], [0.00774735, 0.0138821, -0.0125636, 1.0)]])
0.00774735, 0.0138821, -0.0125636
float3(-0.0789568, 0.0946183, -1.56093)
1034247.521841
normal
simd_float4x4([[0.0222176, -0.996765, 0.0772408, 0.0)], [0.994768, 0.0143349, -0.10115, 0.0)], [0.0997154, 0.079084, 0.991868, 0.0)], [0.0101634, 0.0126656, -0.0129884, 1.0)]])
0.0101634, 0.0126656, -0.0129884
float3(-0.0791667, 0.100196, -1.55642)
1034247.72195396
normal
simd_float4x4([[0.0188856, -0.996823, 0.0773736, 0.0)], [0.994667, 0.0108839, -0.102561, 0.0)], [0.101394, 0.0788979, 0.991713, 0.0)], [0.0129386, 0.013163, -0.0118976, 1.0)]])
0.0129386, 0.013163, -0.0118976
float3(-0.07898, 0.101887, -1.55988)
1034247.93874304
normal
simd_float4x4([[0.0199559, -0.997291, 0.0707992, 0.0)], [0.995072, 0.0129326, -0.0983066, 0.0)], [0.0971246, 0.0724121, 0.992635, 0.0)], [0.0170173, 0.0164542, -0.0121519, 1.0)]])
0.0170173, 0.0164542, -0.0121519
float3(-0.0724755, 0.0975348, -1.55783)
1034248.13885583
normal
simd_float4x4([[0.0191488, -0.997303, 0.0708583, 0.0)], [0.995712, 0.0126072, -0.0916405, 0.0)], [0.0905, 0.0723093, 0.993268, 0.0)], [0.0198846, 0.0154854, -0.0155795, 1.0)]])
0.0198846, 0.0154854, -0.0155795
float3(-0.0723725, 0.0908625, -1.55816)
1034248.37232096
normal
simd_float4x4([[0.0189837, -0.997372, 0.0699213, 0.0)], [0.996506, 0.0131852, -0.082475, 0.0)], [0.0813363, 0.0712427, 0.994137, 0.0)], [0.025525, 0.0166956, -0.017736, 1.0)]])
0.025525, 0.0166956, -0.017736
float3(-0.0713031, 0.0816342, -1.55758)
1034248.57243404
normal
simd_float4x4([[0.0203859, -0.997231, 0.0715246, 0.0)], [0.997271, 0.0152047, -0.0722502, 0.0)], [0.0709626, 0.0728023, 0.994819, 0.0)], [0.0296651, 0.0150883, -0.0210921, 1.0)]])
0.0296651, 0.0150883, -0.0210921
float3(-0.0728667, 0.0712116, -1.55555)
1034248.77254683
normal
simd_float4x4([[0.0184242, -0.99728, 0.0713713, 0.0)], [0.997899, 0.0139069, -0.0632807, 0.0)], [0.062116, 0.0723872, 0.99544, 0.0)], [0.0331999, 0.0130612, -0.0224464, 1.0)]])
0.0331999, 0.0130612, -0.0224464
float3(-0.0724506, 0.0623197, -1.55685)
1034248.98933596
normal
simd_float4x4([[0.0178094, -0.997393, 0.0699281, 0.0)], [0.99846, 0.0140661, -0.0536627, 0.0)], [0.0525392, 0.0707761, 0.996108, 0.0)], [0.0355197, 0.0116551, -0.0235684, 1.0)]])
0.0355197, 0.0116551, -0.0235684
float3(-0.0708353, 0.0526957, -1.55669)
1034249.18944888
normal
simd_float4x4([[0.0156105, -0.997516, 0.0686945, 0.0)], [0.998791, 0.0123546, -0.0475701, 0.0)], [0.0466033, 0.0693541, 0.996503, 0.0)], [0.0379104, 0.0106937, -0.0225245, 1.0)]])
0.0379104, 0.0106937, -0.0225245
float3(-0.0694098, 0.0467328, -1.55841)
1034249.38956171
normal
simd_float4x4([[0.0120794, -0.99755, 0.0689029, 0.0)], [0.999699, 0.0105761, -0.0221399, 0.0)], [0.021357, 0.0691496, 0.997378, 0.0)], [0.0448024, 0.0105682, -0.021794, 1.0)]])
0.0448024, 0.0105682, -0.021794
float3(-0.0692048, 0.0214099, -1.56019)
1034249.60635092
normal
simd_float4x4([[0.0130904, -0.99767, 0.0669562, 0.0)], [0.999854, 0.0137931, 0.010043, 0.0)], [-0.0109431, 0.066815, 0.997705, 0.0)], [0.0531903, 0.0094654, -0.0201003, 1.0)]])
0.0531903, 0.0094654, -0.0201003
float3(-0.0668648, -0.0109678, -1.55697)
1034249.82313958
normal
simd_float4x4([[0.0101193, -0.997649, 0.0677881, 0.0)], [0.99882, 0.0133045, 0.0467013, 0.0)], [-0.0474933, 0.0672356, 0.996606, 0.0)], [0.0641717, 0.00845981, -0.0216046, 1.0)]])
0.0641717, 0.00845981, -0.0216046
float3(-0.0672863, -0.047619, -1.55746)
1034250.02325271
normal
simd_float4x4([[0.0084782, -0.997732, 0.0667764, 0.0)], [0.996795, 0.0137448, 0.0788095, 0.0)], [-0.0795486, 0.0658943, 0.994651, 0.0)], [0.0847349, 0.00668707, -0.0201237, 1.0)]])
0.0847349, 0.00668707, -0.0201237
float3(-0.065942, -0.0798066, -1.55702)
1034250.22336567
normal
simd_float4x4([[0.00649414, -0.997532, 0.069916, 0.0)], [0.993451, 0.0144117, 0.113343, 0.0)], [-0.114071, 0.0687221, 0.991093, 0.0)], [0.106125, 0.00358618, -0.0193721, 1.0)]])
0.106125, 0.00358618, -0.0193721
float3(-0.0687763, -0.114592, -1.55635)
1034250.44015475
normal
simd_float4x4([[0.0038767, -0.99752, 0.0702723, 0.0)], [0.989026, 0.0142037, 0.14706, 0.0)], [-0.147694, 0.068931, 0.986628, 0.0)], [0.131749, 0.000145979, -0.0182285, 1.0)]])
0.131749, 0.000145979, -0.0182285
float3(-0.0689857, -0.148592, -1.55656)
1034250.64026775
normal
simd_float4x4([[-0.00283228, -0.99758, 0.0694701, 0.0)], [0.982548, 0.0101445, 0.185732, 0.0)], [-0.185987, 0.0687838, 0.980142, 0.0)], [0.158112, -0.00242727, -0.0181199, 1.0)]])
0.158112, -0.00242727, -0.0181199
float3(-0.0688381, -0.187526, -1.56063)
1034250.84038058
normal
simd_float4x4([[-0.00719655, -0.997133, 0.075333, 0.0)], [0.968378, 0.0118385, 0.249207, 0.0)], [-0.249384, 0.0747443, 0.965516, 0.0)], [0.184526, -0.00786899, -0.0164744, 1.0)]])
0.184526, -0.00786899, -0.0164744
float3(-0.0748141, -0.252767, -1.55892)
1034251.04049362
normal
simd_float4x4([[-0.0130387, -0.996756, 0.0794179, 0.0)], [0.943088, 0.0141352, 0.332242, 0.0)], [-0.332287, 0.0792301, 0.939845, 0.0)], [0.202504, -0.0112148, -0.0132395, 1.0)]])
0.202504, -0.0112148, -0.0132395
float3(-0.0793132, -0.339839, -1.55662)
1034251.25728271
normal
simd_float4x4([[-0.0333097, -0.996436, 0.077503, 0.0)], [0.899791, 0.00385677, 0.436303, 0.0)], [-0.435047, 0.0842697, 0.896456, 0.0)], [0.215629, -0.0170828, -0.00470102, 1.0)]])
0.215629, -0.0170828, -0.00470102
float3(-0.0843697, -0.451816, -1.56693)
1034251.45739554
normal
simd_float4x4([[-0.0480796, -0.994112, 0.0971036, 0.0)], [0.844307, 0.0114957, 0.535737, 0.0)], [-0.533699, 0.107743, 0.838783, 0.0)], [0.235684, -0.0283204, 0.00256963, 1.0)]])
0.235684, -0.0283204, 0.00256963
float3(-0.107953, -0.566668, -1.55923)
1034251.67418471
normal
simd_float4x4([[-0.049099, -0.993596, 0.101771, 0.0)], [0.800319, 0.0218238, 0.599177, 0.0)], [-0.59756, 0.110868, 0.794122, 0.0)], [0.270427, -0.0388817, 0.0128196, 1.0)]])
0.270427, -0.0388817, 0.0128196
float3(-0.111097, -0.645086, -1.54884)
1034251.87429767
normal
simd_float4x4([[-0.0508019, -0.995433, 0.0808272, 0.0)], [0.773059, 0.0120442, 0.634219, 0.0)], [-0.632296, 0.0947038, 0.768917, 0.0)], [0.302025, -0.0372944, 0.0336479, 1.0)]])
0.302025, -0.0372944, 0.0336479
float3(-0.0948459, -0.688204, -1.5587)
1034252.07441083
normal
simd_float4x4([[-0.047358, -0.997974, 0.042492, 0.0)], [0.704005, -0.00316939, 0.710188, 0.0)], [-0.708614, 0.0635477, 0.702728, 0.0)], [0.332017, -0.0319686, 0.0754286, 1.0)]])
0.332017, -0.0319686, 0.0754286
float3(-0.0635905, -0.789569, -1.57397)
1034252.27452371
normal
simd_float4x4([[-0.0414082, -0.997989, 0.0479926, 0.0)], [0.592509, 0.0141488, 0.805439, 0.0)], [-0.804499, 0.0617879, 0.590732, 0.0)], [0.36803, -0.0318057, 0.111461, 1.0)]])
0.36803, -0.0318057, 0.111461
float3(-0.0618272, -0.937428, -1.55662)
1034252.47463671
normal
simd_float4x4([[-0.0469868, -0.998151, 0.0385507, 0.0)], [0.480161, 0.0112727, 0.877108, 0.0)], [-0.875921, 0.0597231, 0.478743, 0.0)], [0.39709, -0.0343731, 0.149625, 1.0)]])
0.39709, -0.0343731, 0.149625
float3(-0.0597586, -1.0706, -1.5595)
1034252.67474967
normal
simd_float4x4([[-0.0443708, -0.999011, 0.00286904, 0.0)], [0.281228, -0.00973486, 0.959592, 0.0)], [-0.958615, 0.0433847, 0.281382, 0.0)], [0.415253, -0.0352548, 0.210636, 1.0)]])
0.415253, -0.0352548, 0.210636
float3(-0.0433984, -1.28529, -1.58054)
1034252.87486267
normal
simd_float4x4([[-0.0481498, -0.998836, -0.00277885, 0.0)], [0.0291797, -0.00418751, 0.999565, 0.0)], [-0.998414, 0.0480478, 0.0293474, 0.0)], [0.417528, -0.0408356, 0.264271, 1.0)]])
0.417528, -0.0408356, 0.264271
float3(-0.0480663, -1.54141, -1.57499)
1034253.07497567
normal
simd_float4x4([[-0.0693876, -0.997585, 0.00311416, 0.0)], [-0.159916, 0.0142043, 0.987028, 0.0)], [-0.984689, 0.0679896, -0.160516, 0.0)], [0.411002, -0.0442339, 0.291991, 1.0)]])
0.411002, -0.0442339, 0.291991
float3(-0.068042, -1.73239, -1.55656)
1034253.27508875
normal
simd_float4x4([[-0.0803787, -0.996765, -2.51998e-05, 0.0)], [-0.283882, 0.0228679, 0.958587, 0.0)], [-0.955484, 0.0770571, -0.284802, 0.0)], [0.405424, -0.0510531, 0.319242, 1.0)]])
0.405424, -0.0510531, 0.319242
float3(-0.0771336, -1.86048, -1.54786)
1034253.47520175
normal
simd_float4x4([[-0.0874017, -0.996144, -0.00762215, 0.0)], [-0.380684, 0.0263286, 0.92433, 0.0)], [-0.920565, 0.0836897, -0.381518, 0.0)], [0.406656, -0.0595189, 0.323755, 1.0)]])
0.406656, -0.0595189, 0.323755
float3(-0.0837877, -1.96369, -1.54437)
1034253.67531487
normal
simd_float4x4([[-0.0885933, -0.995973, -0.0137638, 0.0)], [-0.473605, 0.0299637, 0.880228, 0.0)], [-0.87627, 0.0845009, -0.474352, 0.0)], [0.409815, -0.0616339, 0.308128, 1.0)]])
0.409815, -0.0616339, 0.308128
float3(-0.0846018, -2.06696, -1.54072)
1034253.87542792
normal
simd_float4x4([[-0.0814559, -0.996231, -0.0298208, 0.0)], [-0.561926, 0.0211928, 0.826916, 0.0)], [-0.823167, 0.0841142, -0.561535, 0.0)], [0.425609, -0.0642732, 0.307493, 1.0)]])
0.425609, -0.0642732, 0.307493
float3(-0.0842137, -2.16945, -1.54953)
1034254.07554096
normal
simd_float4x4([[-0.0753249, -0.996517, -0.0357872, 0.0)], [-0.63628, 0.0204001, 0.771188, 0.0)], [-0.767772, 0.0808604, -0.6356, 0.0)], [0.45326, -0.0634506, 0.302416, 1.0)]])
0.45326, -0.0634506, 0.302416
float3(-0.0809487, -2.26229, -1.55033)
1034254.27565404
normal
simd_float4x4([[-0.076361, -0.995747, -0.051549, 0.0)], [-0.702171, 0.0169979, 0.711806, 0.0)], [-0.707902, 0.0905504, -0.700482, 0.0)], [0.474377, -0.0693574, 0.29607, 1.0)]])
0.474377, -0.0693574, 0.29607
float3(-0.0906746, -2.35093, -1.55373)
1034254.475767
normal
simd_float4x4([[-0.0793915, -0.995153, -0.0580296, 0.0)], [-0.761886, 0.0230363, 0.647301, 0.0)], [-0.642827, 0.0956022, -0.760022, 0.0)], [0.481223, -0.0722142, 0.304889, 1.0)]])
0.481223, -0.0722142, 0.304889
float3(-0.0957485, -2.43954, -1.54765)
1034254.69255612
normal
simd_float4x4([[-0.0781692, -0.994997, -0.0622124, 0.0)], [-0.812033, 0.0273448, 0.582971, 0.0)], [-0.578353, 0.0960888, -0.810108, 0.0)], [0.463037, -0.0707738, 0.313175, 1.0)]])
0.463037, -0.0707738, 0.313175
float3(-0.0962373, -2.52158, -1.54332)
1034254.89266917
normal
simd_float4x4([[-0.0708024, -0.99554, -0.0623549, 0.0)], [-0.851639, 0.027786, 0.523392, 0.0)], [-0.519324, 0.0901612, -0.849808, 0.0)], [0.437558, -0.0686895, 0.317725, 1.0)]])
0.437558, -0.0686895, 0.317725
float3(-0.0902838, -2.59305, -1.54289)
1034255.09278208
normal
simd_float4x4([[-0.06574, -0.995524, -0.0679007, 0.0)], [-0.877644, 0.0253094, 0.478644, 0.0)], [-0.474783, 0.0910587, -0.87538, 0.0)], [0.416699, -0.0703532, 0.331349, 1.0)]])
0.416699, -0.0703532, 0.331349
float3(-0.091185, -2.64462, -1.54538)
1034255.30957125
normal
simd_float4x4([[-0.0621144, -0.995155, -0.0762197, 0.0)], [-0.908888, 0.0248454, 0.416299, 0.0)], [-0.412388, 0.0951333, -0.906028, 0.0)], [0.385439, -0.0700845, 0.355162, 1.0)]])
0.385439, -0.0700845, 0.355162
float3(-0.0952774, -2.71446, -1.54584)
1034255.50968425
normal
simd_float4x4([[-0.0512071, -0.99488, -0.0871356, 0.0)], [-0.933702, 0.0167329, 0.35766, 0.0)], [-0.35437, 0.0996735, -0.929778, 0.0)], [0.352278, -0.0700798, 0.380612, 1.0)]])
0.352278, -0.0700798, 0.380612
float3(-0.0998392, -2.77745, -1.55398)
1034255.70979733
normal
simd_float4x4([[-0.048055, -0.993757, -0.100684, 0.0)], [-0.957064, 0.0169618, 0.289378, 0.0)], [-0.285864, 0.110267, -0.951905, 0.0)], [0.318818, -0.0709713, 0.40991, 1.0)]])
0.318818, -0.0709713, 0.40991
float3(-0.110492, -2.84985, -1.55373)
1034255.90991029
normal
simd_float4x4([[-0.0367053, -0.99396, -0.103423, 0.0)], [-0.973034, 0.0119643, 0.230351, 0.0)], [-0.227722, 0.109089, -0.967596, 0.0)], [0.279913, -0.0711757, 0.433143, 1.0)]])
0.279913, -0.0711757, 0.433143
float3(-0.109306, -2.91045, -1.55876)
1034256.11002338
normal
simd_float4x4([[-0.0212704, -0.993664, -0.110362, 0.0)], [-0.981115, -0.000480951, 0.193424, 0.0)], [-0.192251, 0.112392, -0.974888, 0.0)], [0.241355, -0.075375, 0.457238, 1.0)]])
0.241355, -0.075375, 0.457238
float3(-0.11263, -2.94689, -1.57128)
1034256.3268125
normal
simd_float4x4([[-0.00980959, -0.993035, -0.117411, 0.0)], [-0.987704, -0.00869885, 0.156095, 0.0)], [-0.156029, 0.117499, -0.980739, 0.0)], [0.199231, -0.0818321, 0.480972, 1.0)]])
0.199231, -0.0818321, 0.480972
float3(-0.117771, -2.98382, -1.57956)
1034256.52692542
normal
simd_float4x4([[-0.0121593, -0.992764, -0.119461, 0.0)], [-0.989722, -0.00507564, 0.142918, 0.0)], [-0.142491, 0.119971, -0.982499, 0.0)], [0.167518, -0.0858282, 0.493491, 1.0)]])
0.167518, -0.0858282, 0.493491
float3(-0.120261, -2.99757, -1.57591)
1034256.72703842
normal
simd_float4x4([[-0.012018, -0.993279, -0.115124, 0.0)], [-0.98954, -0.0047385, 0.144183, 0.0)], [-0.143759, 0.115653, -0.982831, 0.0)], [0.140828, -0.0855346, 0.501858, 1.0)]])
0.140828, -0.0855346, 0.501858
float3(-0.115912, -2.99635, -1.57557)
1034256.9271515
normal
simd_float4x4([[-0.0126787, -0.993069, -0.116852, 0.0)], [-0.989217, -0.00459497, 0.146382, 0.0)], [-0.145905, 0.117448, -0.982302, 0.0)], [0.139266, -0.0835989, 0.498884, 1.0)]])
0.139266, -0.0835989, 0.498884
float3(-0.11772, -2.99414, -1.57542)
1034257.1272645
normal
simd_float4x4([[-0.00729419, -0.99353, -0.113335, 0.0)], [-0.989619, -0.00909582, 0.143428, 0.0)], [-0.143531, 0.113205, -0.98315, 0.0)], [0.130726, -0.0816987, 0.499148, 1.0)]])
0.130726, -0.0816987, 0.499148
float3(-0.113448, -2.99663, -1.57995)
1034257.32737742
normal
simd_float4x4([[-0.00869491, -0.994766, -0.101808, 0.0)], [-0.990009, -0.00576519, 0.140884, 0.0)], [-0.140734, 0.102015, -0.984778, 0.0)], [0.124244, -0.0820189, 0.501273, 1.0)]])
0.124244, -0.0820189, 0.501273
float3(-0.102193, -2.99964, -1.57659)
1034257.52749054
normal
simd_float4x4([[-0.0156123, -0.992759, -0.119102, 0.0)], [-0.990544, -0.000881997, 0.137195, 0.0)], [-0.136307, 0.120118, -0.983358, 0.0)], [0.122822, -0.08361, 0.527556, 1.0)]])
0.122822, -0.08361, 0.527556
float3(-0.120409, -3.00386, -1.57168)
1034257.72760367
normal
simd_float4x4([[-0.0318696, -0.99082, -0.131375, 0.0)], [-0.989355, 0.0125998, 0.144975, 0.0)], [-0.141989, 0.134597, -0.980675, 0.0)], [0.129392, -0.0913997, 0.587233, 1.0)]])
0.129392, -0.0913997, 0.587233
float3(-0.135007, -2.9978, -1.55808)
1034257.92771667
normal
simd_float4x4([[-0.0422343, -0.988441, -0.145602, 0.0)], [-0.9882, 0.019852, 0.151875, 0.0)], [-0.147229, 0.150299, -0.977616, 0.0)], [0.143816, -0.103729, 0.688102, 1.0)]])
0.143816, -0.103729, 0.688102
float3(-0.15087, -2.99212, -1.55071)
1034258.14450567
normal
simd_float4x4([[-0.0294715, -0.994168, -0.103733, 0.0)], [-0.991748, 0.0161288, 0.127187, 0.0)], [-0.124772, 0.106626, -0.986439, 0.0)], [0.31455, -0.1045, 0.824935, 1.0)]])
0.31455, -0.1045, 0.824935
float3(-0.106829, -3.01577, -1.55457)
1034258.36129471
normal
simd_float4x4([[-0.0112409, -0.993297, -0.115041, 0.0)], [-0.993991, -0.00142763, 0.109452, 0.0)], [-0.108882, 0.11558, -0.987312, 0.0)], [0.342701, -0.101289, 0.953969, 1.0)]])
0.342701, -0.101289, 0.953969
float3(-0.115839, -3.03176, -1.57223)
1034258.56140758
normal
simd_float4x4([[0.01142, -0.991508, -0.129541, 0.0)], [-0.993999, -0.0253518, 0.106414, 0.0)], [-0.108795, 0.127549, -0.985847, 0.0)], [0.353415, -0.107901, 1.08387, 1.0)]])
0.353415, -0.107901, 1.08387
float3(-0.127897, -3.03168, -1.59636)
1034258.77819683
normal
simd_float4x4([[-0.00256379, -0.991532, -0.12984, 0.0)], [-0.994841, -0.010639, 0.10089, 0.0)], [-0.101417, 0.129428, -0.986389, 0.0)], [0.363342, -0.128675, 1.26149, 1.0)]])
0.363342, -0.128675, 1.26149
float3(-0.129792, -3.03914, -1.58153)
1034258.97830979
normal
simd_float4x4([[-0.00741432, -0.995309, -0.0964652, 0.0)], [-0.993943, -0.0032422, 0.109847, 0.0)], [-0.109644, 0.0966954, -0.989256, 0.0)], [0.365353, -0.115595, 1.43074, 1.0)]])
0.365353, -0.115595, 1.43074
float3(-0.0968467, -3.03121, -1.57405)
1034259.19509896
normal
simd_float4x4([[-0.0315101, -0.992556, -0.117643, 0.0)], [-0.994374, 0.0192215, 0.104166, 0.0)], [-0.10113, 0.120264, -0.987578, 0.0)], [0.383523, -0.110316, 1.60337, 1.0)]])
0.383523, -0.110316, 1.60337
float3(-0.120556, -3.03955, -1.55143)
1034259.41188792
normal
simd_float4x4([[-0.0327755, -0.993999, -0.104366, 0.0)], [-0.993811, 0.0213233, 0.109014, 0.0)], [-0.106134, 0.107293, -0.988546, 0.0)], [0.42015, -0.128382, 1.77758, 1.0)]])
0.42015, -0.128382, 1.77758
float3(-0.1075, -3.03464, -1.54935)
1034259.612001
normal
simd_float4x4([[-0.03071, -0.996507, -0.0776624, 0.0)], [-0.99321, 0.021701, 0.114293, 0.0)], [-0.112208, 0.080645, -0.990407, 0.0)], [0.467642, -0.128457, 1.94878, 1.0)]])
0.467642, -0.128457, 1.94878
float3(-0.0807327, -3.02878, -1.54902)
1034259.82879008
normal
simd_float4x4([[-0.00459702, -0.993024, -0.117823, 0.0)], [-0.994638, -0.00763249, 0.103135, 0.0)], [-0.103315, 0.117665, -0.987664, 0.0)], [0.495129, -0.124068, 2.13548, 1.0)]])
0.495129, -0.124068, 2.13548
float3(-0.117938, -3.03737, -1.57848)
1034260.04557913
normal
simd_float4x4([[0.00793824, -0.994133, -0.107873, 0.0)], [-0.993816, -0.0197919, 0.109264, 0.0)], [-0.110758, 0.106338, -0.988142, 0.0)], [0.510055, -0.1428, 2.32502, 1.0)]])
0.510055, -0.1428, 2.32502
float3(-0.10654, -3.02997, -1.5907)
1034260.24569208
normal
simd_float4x4([[-0.00199558, -0.995818, -0.0913358, 0.0)], [-0.991001, -0.010255, 0.13346, 0.0)], [-0.133839, 0.0907802, -0.986836, 0.0)], [0.516647, -0.14503, 2.51706, 1.0)]])
0.516647, -0.14503, 2.51706
float3(-0.0909054, -3.00679, -1.58109)
1034260.46248113
normal
simd_float4x4([[-0.0198671, -0.995041, -0.0974585, 0.0)], [-0.989989, 0.00595434, 0.141018, 0.0)], [-0.139739, 0.0992845, -0.985198, 0.0)], [0.531165, -0.138167, 2.70628, 1.0)]])
0.531165, -0.138167, 2.70628
float3(-0.0994484, -3.00069, -1.56481)
1034260.66259433
normal
simd_float4x4([[-0.0421354, -0.995052, -0.0899805, 0.0)], [-0.990841, 0.0300528, 0.131643, 0.0)], [-0.128288, 0.0947033, -0.987205, 0.0)], [0.558839, -0.152363, 2.87144, 1.0)]])
0.558839, -0.152363, 2.87144
float3(-0.0948454, -3.01237, -1.5406)
1034260.86270729
normal
simd_float4x4([[-0.0413683, -0.996492, -0.0727474, 0.0)], [-0.992812, 0.0328128, 0.115101, 0.0)], [-0.11231, 0.076986, -0.990686, 0.0)], [0.59971, -0.160381, 3.03975, 1.0)]])
0.59971, -0.160381, 3.03975
float3(-0.0770622, -3.02871, -1.53788)
1034261.06282017
normal
simd_float4x4([[-0.0174896, -0.993291, -0.114315, 0.0)], [-0.995382, 0.00650412, 0.0957741, 0.0)], [-0.094388, 0.115462, -0.988817, 0.0)], [0.624484, -0.158731, 3.20578, 1.0)]])
0.624484, -0.158731, 3.20578
float3(-0.11572, -3.04643, -1.56425)
1034261.26293308
normal
simd_float4x4([[0.00178275, -0.994873, -0.101118, 0.0)], [-0.994739, -0.0121214, 0.101721, 0.0)], [-0.102425, 0.100405, -0.989661, 0.0)], [0.644034, -0.168869, 3.36196, 1.0)]])
0.644034, -0.168869, 3.36196
float3(-0.100574, -3.03846, -1.58298)
1034261.47972229
normal
simd_float4x4([[-0.00502615, -0.994214, -0.107304, 0.0)], [-0.992903, -0.00778832, 0.11867, 0.0)], [-0.118819, 0.107139, -0.987119, 0.0)], [0.660581, -0.178573, 3.56099, 1.0)]])
0.660581, -0.178573, 3.56099
float3(-0.107345, -3.0218, -1.57863)
1034261.67983521
normal
simd_float4x4([[-0.0138229, -0.992785, -0.119108, 0.0)], [-0.991694, -0.00162206, 0.12861, 0.0)], [-0.127875, 0.119896, -0.984517, 0.0)], [0.681192, -0.168737, 3.72903, 1.0)]])
0.681192, -0.168737, 3.72903
float3(-0.120185, -3.01243, -1.57243)
1034261.89662433
normal
simd_float4x4([[-0.052856, -0.992022, -0.114448, 0.0)], [-0.990962, 0.0379559, 0.128663, 0.0)], [-0.123292, 0.120215, -0.985062, 0.0)], [0.719631, -0.177858, 3.90687, 1.0)]])
0.719631, -0.177858, 3.90687
float3(-0.120506, -3.01708, -1.53255)
1034262.09673725
normal
simd_float4x4([[-0.0432536, -0.994547, -0.0948981, 0.0)], [-0.994311, 0.033599, 0.101074, 0.0)], [-0.0973339, 0.09873, -0.990343, 0.0)], [0.759878, -0.182158, 4.08376, 1.0)]])
0.759878, -0.182158, 4.08376
float3(-0.0988911, -3.04362, -1.53703)
1034262.2967385
normal
simd_float4x4([[-0.00468102, -0.993328, -0.115232, 0.0)], [-0.997, -0.00426755, 0.0772879, 0.0)], [-0.077264, 0.115248, -0.990327, 0.0)], [0.781654, -0.172586, 4.25604, 1.0)]])
0.781654, -0.172586, 4.25604
float3(-0.115505, -3.06373, -1.57509)
1034262.51338208
normal
simd_float4x4([[0.0117515, -0.993282, -0.115123, 0.0)], [-0.996489, -0.0211771, 0.0809965, 0.0)], [-0.0828903, 0.113767, -0.990044, 0.0)], [0.799507, -0.187314, 4.43994, 1.0)]])
0.799507, -0.187314, 4.43994
float3(-0.114014, -3.05806, -1.59211)
1034262.7300255
normal
simd_float4x4([[0.00578225, -0.994077, -0.108526, 0.0)], [-0.993811, -0.0177525, 0.10966, 0.0)], [-0.110937, 0.10722, -0.988027, 0.0)], [0.81183, -0.191713, 4.64779, 1.0)]])
0.81183, -0.191713, 4.64779
float3(-0.107426, -3.02978, -1.58865)
1034262.94666912
normal
simd_float4x4([[-0.0125746, -0.993432, -0.113733, 0.0)], [-0.99228, -0.00163692, 0.124007, 0.0)], [-0.123379, 0.114414, -0.985742, 0.0)], [0.8314, -0.182494, 4.82503, 1.0)]])
0.8314, -0.182494, 4.82503
float3(-0.114665, -3.01708, -1.57244)
1034263.17997758
normal
simd_float4x4([[-0.0480262, -0.99374, -0.100868, 0.0)], [-0.9916, 0.0352919, 0.124438, 0.0)], [-0.120099, 0.105997, -0.987087, 0.0)], [0.869832, -0.198925, 5.01306, 1.0)]])
0.869832, -0.198925, 5.01306
float3(-0.106197, -3.02052, -1.5353)
1034263.39662129
normal
simd_float4x4([[-0.0332045, -0.994797, -0.0963139, 0.0)], [-0.992884, 0.0218058, 0.117074, 0.0)], [-0.114365, 0.0995159, -0.988442, 0.0)], [0.915867, -0.200469, 5.20473, 1.0)]])
0.915867, -0.200469, 5.20473
float3(-0.0996809, -3.0264, -1.54888)
1034263.61326475
normal
simd_float4x4([[0.00779007, -0.991004, -0.13361, 0.0)], [-0.995907, -0.0197201, 0.0882008, 0.0)], [-0.0900421, 0.132376, -0.987101, 0.0)], [0.939017, -0.197093, 5.38758, 1.0)]])
0.939017, -0.197093, 5.38758
float3(-0.132766, -3.05063, -1.59069)
1034263.82990833
normal
simd_float4x4([[0.00741506, -0.993329, -0.11508, 0.0)], [-0.995938, -0.0176635, 0.0882928, 0.0)], [-0.0897365, 0.113958, -0.989424, 0.0)], [0.965319, -0.216035, 5.57245, 1.0)]])
0.965319, -0.216035, 5.57245
float3(-0.114206, -3.05114, -1.58858)
1034264.04655183
normal
simd_float4x4([[-0.0189821, -0.995409, -0.093811, 0.0)], [-0.99317, 0.00796891, 0.116405, 0.0)], [-0.115123, 0.0953798, -0.988761, 0.0)], [0.981544, -0.204833, 5.7669, 1.0)]])
0.981544, -0.204833, 5.7669
float3(-0.095525, -3.02568, -1.56279)
1034264.26319533
normal
simd_float4x4([[-0.0583496, -0.990593, -0.12378, 0.0)], [-0.989982, 0.0414479, 0.134974, 0.0)], [-0.128574, 0.130416, -0.983087, 0.0)], [1.01077, -0.20043, 5.93827, 1.0)]])
1.01077, -0.20043, 5.93827
float3(-0.130788, -3.01155, -1.52898)
1034264.479839
normal
simd_float4x4([[-0.0470028, -0.992805, -0.110132, 0.0)], [-0.991981, 0.0334436, 0.12188, 0.0)], [-0.11732, 0.114978, -0.986416, 0.0)], [1.04589, -0.217042, 6.11272, 1.0)]])
1.04589, -0.217042, 6.11272
float3(-0.115232, -3.02321, -1.53712)
1034264.71314729
normal
simd_float4x4([[-0.0144558, -0.994629, -0.102491, 0.0)], [-0.995226, 0.00441826, 0.0974947, 0.0)], [-0.0965183, 0.103411, -0.989945, 0.0)], [1.09015, -0.210382, 6.29643, 1.0)]])
1.09015, -0.210382, 6.29643
float3(-0.103596, -3.0444, -1.56635)
1034264.92979092
normal
simd_float4x4([[0.00537992, -0.990036, -0.140715, 0.0)], [-0.995825, -0.0181268, 0.0894627, 0.0)], [-0.091122, 0.139646, -0.986, 0.0)], [1.11761, -0.210783, 6.46261, 1.0)]])
1.11761, -0.210783, 6.46261
float3(-0.140104, -3.04944, -1.5891)
1034265.16309954
normal
simd_float4x4([[0.00781549, -0.990277, -0.138891, 0.0)], [-0.994319, -0.0224404, 0.104047, 0.0)], [-0.106152, 0.137289, -0.984827, 0.0)], [1.14295, -0.232956, 6.65986, 1.0)]])
1.14295, -0.232956, 6.65986
float3(-0.137724, -3.03422, -1.59345)
1034265.37974313
normal
simd_float4x4([[-0.0145963, -0.993042, -0.116849, 0.0)], [-0.988991, -0.00287216, 0.147949, 0.0)], [-0.147255, 0.117722, -0.982068, 0.0)], [1.16308, -0.21679, 6.84683, 1.0)]])
1.16308, -0.21679, 6.84683
float3(-0.117996, -2.99276, -1.57369)
1034265.6130515
normal
simd_float4x4([[-0.0494299, -0.989494, -0.135863, 0.0)], [-0.987772, 0.0282925, 0.153317, 0.0)], [-0.147862, 0.14178, -0.978793, 0.0)], [1.19635, -0.214949, 7.03009, 1.0)]])
1.19635, -0.214949, 7.03009
float3(-0.14226, -2.99166, -1.54221)
1034265.84636004
normal
simd_float4x4([[-0.0246539, -0.992321, -0.121206, 0.0)], [-0.992423, 0.00969549, 0.122486, 0.0)], [-0.120371, 0.123307, -0.985041, 0.0)], [1.23495, -0.232342, 7.2124, 1.0)]])
1.23495, -0.232342, 7.2124
float3(-0.123622, -3.02, -1.56103)
1034266.06300367
normal
simd_float4x4([[0.0063918, -0.99147, -0.130178, 0.0)], [-0.993483, -0.0211116, 0.112011, 0.0)], [-0.113804, 0.128614, -0.985143, 0.0)], [1.27087, -0.224511, 7.37713, 1.0)]])
1.27087, -0.224511, 7.37713
float3(-0.128971, -3.02658, -1.59209)
1034266.29631187
normal
simd_float4x4([[0.0204573, -0.989471, -0.143277, 0.0)], [-0.992897, -0.0369067, 0.113111, 0.0)], [-0.117208, 0.139945, -0.983198, 0.0)], [1.29837, -0.225311, 7.54249, 1.0)]])
1.29837, -0.225311, 7.54249
float3(-0.140406, -3.02294, -1.60808)
