ARKit Data
862.509110166
normal
simd_float4x4([[0.18672, -0.880796, -0.435125, 0.0)], [-0.934728, -0.0229646, -0.354622, 0.0)], [0.302357, 0.472939, -0.827592, 0.0)], [-1.49689, -0.0800617, 0.170852, 1.0)]])
-1.49689, -0.0800617, 0.170852
float3(-0.492623, 2.79131, -1.59686)
862.846552458
notAvailable
simd_float4x4([[1.0, 0.0, 0.0, 0.0)], [0.0, 1.0, 0.0, 0.0)], [0.0, 0.0, 1.0, 0.0)], [0.0, 0.0, 0.0, 1.0)]])
0.0, 0.0, 0.0
float3(-0.0, 0.0, 0.0)
862.913210041
notAvailable
simd_float4x4([[1.0, 0.0, 0.0, 0.0)], [0.0, 1.0, 0.0, 0.0)], [0.0, 0.0, 1.0, 0.0)], [0.0, 0.0, 0.0, 1.0)]])
0.0, 0.0, 0.0
float3(-0.0, 0.0, 0.0)
862.97986725
notAvailable
simd_float4x4([[1.0, 0.0, 0.0, 0.0)], [0.0, 1.0, 0.0, 0.0)], [0.0, 0.0, 1.0, 0.0)], [0.0, 0.0, 0.0, 1.0)]])
0.0, 0.0, 0.0
float3(-0.0, 0.0, 0.0)
863.046524875
limited(__ObjC.ARCamera.TrackingState.Reason.initializing)
simd_float4x4([[-0.0129894, -0.87244, 0.488549, 0.0)], [0.999914, -0.0104269, 0.00796527, 0.0)], [-0.00185517, 0.488611, 0.8725, 0.0)], [0.0, 0.0, 0.0, 1.0)]])
0.0, 0.0, 0.0
float3(-0.510497, -0.00212627, -1.58275)
863.113182166
limited(__ObjC.ARCamera.TrackingState.Reason.initializing)
simd_float4x4([[-0.0119861, -0.872108, 0.489167, 0.0)], [0.999926, -0.00949904, 0.00756596, 0.0)], [-0.00195172, 0.489222, 0.872157, 0.0)], [0.0, 0.0, 0.0, 1.0)]])
0.0, 0.0, 0.0
float3(-0.511197, -0.0022378, -1.58169)
863.179839583
limited(__ObjC.ARCamera.TrackingState.Reason.initializing)
simd_float4x4([[-0.014322, -0.882682, 0.469752, 0.0)], [0.999896, -0.0117318, 0.00844075, 0.0)], [-0.00193944, 0.469824, 0.882758, 0.0)], [0.0, 0.0, 0.0, 1.0)]])
0.0, 0.0, 0.0
float3(-0.489091, -0.00219702, -1.58409)
863.246496875
limited(__ObjC.ARCamera.TrackingState.Reason.initializing)
simd_float4x4([[-0.00983914, -0.87271, 0.488139, 0.0)], [0.999935, -0.00573975, 0.0098934, 0.0)], [-0.00583228, 0.488204, 0.87271, 0.0)], [0.0, 0.0, 0.0, 1.0)]])
0.0, 0.0, 0.0
float3(-0.510031, -0.00668286, -1.57737)
863.313154375
limited(__ObjC.ARCamera.TrackingState.Reason.initializing)
simd_float4x4([[-0.00893584, -0.872818, 0.487964, 0.0)], [0.999927, -0.00381026, 0.0114958, 0.0)], [-0.00817445, 0.488031, 0.872788, 0.0)], [0.0, 0.0, 0.0, 1.0)]])
0.0, 0.0, 0.0
float3(-0.509833, -0.00936563, -1.57516)
863.379811875
limited(__ObjC.ARCamera.TrackingState.Reason.initializing)
simd_float4x4([[-0.00965621, -0.871887, 0.489612, 0.0)], [0.999913, -0.00403107, 0.012542, 0.0)], [-0.00896158, 0.489691, 0.87185, 0.0)], [0.0, 0.0, 0.0, 1.0)]])
0.0, 0.0, 0.0
float3(-0.511735, -0.0102784, -1.57542)
863.446469208
limited(__ObjC.ARCamera.TrackingState.Reason.initializing)
simd_float4x4([[-0.00858714, -0.870802, 0.491559, 0.0)], [0.999889, -0.00147948, 0.0148463, 0.0)], [-0.012201, 0.491632, 0.870718, 0.0)], [0.0, 0.0, 0.0, 1.0)]])
0.0, 0.0, 0.0
float3(-0.513963, -0.0140116, -1.5725)
863.513126708
limited(__ObjC.ARCamera.TrackingState.Reason.initializing)
simd_float4x4([[-0.00897461, -0.869882, 0.493178, 0.0)], [0.999879, -0.00153968, 0.0154796, 0.0)], [-0.0127061, 0.493257, 0.869791, 0.0)], [0.0, 0.0, 0.0, 1.0)]])
0.0, 0.0, 0.0
float3(-0.51583, -0.0146071, -1.57257)
863.579784
limited(__ObjC.ARCamera.TrackingState.Reason.initializing)
simd_float4x4([[-0.00924054, -0.870061, 0.492856, 0.0)], [0.999862, -0.00121915, 0.0165941, 0.0)], [-0.0138371, 0.492941, 0.869952, 0.0)], [0.0, 0.0, 0.0, 1.0)]])
0.0, 0.0, 0.0
float3(-0.515467, -0.0159042, -1.5722)
863.6464415
limited(__ObjC.ARCamera.TrackingState.Reason.initializing)
simd_float4x4([[-0.00956598, -0.869174, 0.494413, 0.0)], [0.999875, -0.0020849, 0.0156805, 0.0)], [-0.0125983, 0.494501, 0.869085, 0.0)], [0.0, 0.0, 0.0, 1.0)]])
0.0, 0.0, 0.0
float3(-0.517261, -0.014495, -1.57319)
863.713098666
limited(__ObjC.ARCamera.TrackingState.Reason.initializing)
simd_float4x4([[-0.00933646, -0.869289, 0.494216, 0.0)], [0.999879, -0.00197907, 0.0154082, 0.0)], [-0.0124161, 0.4943, 0.869202, 0.0)], [0.0, 0.0, 0.0, 1.0)]])
0.0, 0.0, 0.0
float3(-0.517029, -0.0142834, -1.57307)
863.779756291
limited(__ObjC.ARCamera.TrackingState.Reason.initializing)
simd_float4x4([[-0.0054079, -0.869481, 0.493937, 0.0)], [0.999916, 0.00113179, 0.0129399, 0.0)], [-0.0118101, 0.493965, 0.869401, 0.0)], [0.0, 0.0, 0.0, 1.0)]])
0.0, 0.0, 0.0
float3(-0.516645, -0.0135833, -1.56949)
863.846413458
limited(__ObjC.ARCamera.TrackingState.Reason.initializing)
simd_float4x4([[-0.00142728, -0.869753, 0.493485, 0.0)], [0.999932, 0.00449245, 0.0108099, 0.0)], [-0.0116189, 0.493466, 0.869687, 0.0)], [0.0, 0.0, 0.0, 1.0)]])
0.0, 0.0, 0.0
float3(-0.51607, -0.0133591, -1.56563)
863.913071
limited(__ObjC.ARCamera.TrackingState.Reason.initializing)
simd_float4x4([[0.00457706, -0.870682, 0.491824, 0.0)], [0.999932, 0.00924079, 0.00705343, 0.0)], [-0.0106861, 0.491758, 0.870666, 0.0)], [0.0, 0.0, 0.0, 1.0)]])
0.0, 0.0, 0.0
float3(-0.514108, -0.0122729, -1.56018)
863.9797285
limited(__ObjC.ARCamera.TrackingState.Reason.initializing)
simd_float4x4([[0.0116188, -0.870813, 0.491475, 0.0)], [0.999895, 0.0143772, 0.00183602, 0.0)], [-0.00866486, 0.491402, 0.870889, 0.0)], [0.0, 0.0, 0.0, 1.0)]])
0.0, 0.0, 0.0
float3(-0.513699, -0.00994912, -1.55429)
864.046385833
limited(__ObjC.ARCamera.TrackingState.Reason.initializing)
simd_float4x4([[0.0265612, -0.870928, 0.490691, 0.0)], [0.999646, 0.023758, -0.0119429, 0.0)], [-0.00125643, 0.490835, 0.871251, 0.0)], [0.0, 0.0, 0.0, 1.0)]])
0.0, 0.0, 0.0
float3(-0.513048, -0.00144209, -1.54352)
864.11304325
limited(__ObjC.ARCamera.TrackingState.Reason.initializing)
simd_float4x4([[0.0477377, -0.873044, 0.485298, 0.0)], [0.998856, 0.0431351, -0.0206557, 0.0)], [-0.00290001, 0.485729, 0.874104, 0.0)], [0.0, 0.0, 0.0, 1.0)]])
0.0, 0.0, 0.0
float3(-0.507197, -0.00331768, -1.52143)
864.179700541
limited(__ObjC.ARCamera.TrackingState.Reason.initializing)
simd_float4x4([[0.0626163, -0.86861, 0.491522, 0.0)], [0.998037, 0.0548471, -0.0302177, 0.0)], [-0.000711076, 0.49245, 0.87034, 0.0)], [0.0, 0.0, 0.0, 1.0)]])
0.0, 0.0, 0.0
float3(-0.514902, -0.00081701, -1.50774)
864.246358041
limited(__ObjC.ARCamera.TrackingState.Reason.initializing)
simd_float4x4([[0.0698456, -0.863116, 0.50015, 0.0)], [0.997389, 0.0512104, -0.0509102, 0.0)], [0.0183287, 0.5024, 0.86444, 0.0)], [0.0, 0.0, 0.0, 1.0)]])
0.0, 0.0, 0.0
float3(-0.526373, 0.0211998, -1.51153)
864.313015333
limited(__ObjC.ARCamera.TrackingState.Reason.initializing)
simd_float4x4([[0.0797451, -0.861824, 0.500898, 0.0)], [0.996259, 0.0521289, -0.068918, 0.0)], [0.0332841, 0.50452, 0.862758, 0.0)], [0.0, 0.0, 0.0, 1.0)]])
0.0, 0.0, 0.0
float3(-0.528826, 0.0385596, -1.51038)
864.379672833
limited(__ObjC.ARCamera.TrackingState.Reason.initializing)
simd_float4x4([[0.0842597, -0.865055, 0.49455, 0.0)], [0.995199, 0.0482548, -0.0851523, 0.0)], [0.0497971, 0.49935, 0.864968, 0.0)], [0.0, 0.0, 0.0, 1.0)]])
0.0, 0.0, 0.0
float3(-0.522849, 0.0575076, -1.51507)
864.446330333
limited(__ObjC.ARCamera.TrackingState.Reason.initializing)
simd_float4x4([[0.0915394, -0.863086, 0.496691, 0.0)], [0.993861, 0.0480624, -0.0996504, 0.0)], [0.0621348, 0.502764, 0.862187, 0.0)], [0.0, 0.0, 0.0, 1.0)]])
0.0, 0.0, 0.0
float3(-0.526794, 0.0719422, -1.51517)
864.512987666
limited(__ObjC.ARCamera.TrackingState.Reason.initializing)
simd_float4x4([[0.097321, -0.864679, 0.492807, 0.0)], [0.992182, 0.0454214, -0.116243, 0.0)], [0.0781289, 0.500266, 0.862339, 0.0)], [0.0, 0.0, 0.0, 1.0)]])
0.0, 0.0, 0.0
float3(-0.523907, 0.0903544, -1.51831)
864.579645125
limited(__ObjC.ARCamera.TrackingState.Reason.initializing)
simd_float4x4([[0.105881, -0.871778, 0.478321, 0.0)], [0.990051, 0.0475904, -0.13242, 0.0)], [0.0926773, 0.487583, 0.868143, 0.0)], [0.0, 0.0, 0.0, 1.0)]])
0.0, 0.0, 0.0
float3(-0.509319, 0.106351, -1.51626)
864.646302458
limited(__ObjC.ARCamera.TrackingState.Reason.initializing)
simd_float4x4([[0.112681, -0.87475, 0.47129, 0.0)], [0.98828, 0.0495042, -0.144404, 0.0)], [0.102987, 0.482038, 0.870075, 0.0)], [0.0, 0.0, 0.0, 1.0)]])
0.0, 0.0, 0.0
float3(-0.502979, 0.117817, -1.51426)
864.712959958
limited(__ObjC.ARCamera.TrackingState.Reason.initializing)
simd_float4x4([[0.116175, -0.874403, 0.471085, 0.0)], [0.986405, 0.0460727, -0.157741, 0.0)], [0.116225, 0.483006, 0.867868, 0.0)], [0.0, 0.0, 0.0, 1.0)]])
0.0, 0.0, 0.0
float3(-0.504085, 0.133128, -1.51815)
864.779617125
limited(__ObjC.ARCamera.TrackingState.Reason.initializing)
simd_float4x4([[0.121821, -0.874152, 0.470122, 0.0)], [0.983403, 0.042136, -0.176477, 0.0)], [0.134459, 0.483818, 0.864777, 0.0)], [0.0, 0.0, 0.0, 1.0)]])
0.0, 0.0, 0.0
float3(-0.505012, 0.154249, -1.52263)
864.846274666
limited(__ObjC.ARCamera.TrackingState.Reason.initializing)
simd_float4x4([[0.116174, -0.883813, 0.453184, 0.0)], [0.979257, 0.0256612, -0.200989, 0.0)], [0.166008, 0.467133, 0.868462, 0.0)], [0.0, 0.0, 0.0, 1.0)]])
0.0, 0.0, 0.0
float3(-0.486046, 0.188873, -1.54177)
864.912932
limited(__ObjC.ARCamera.TrackingState.Reason.initializing)
simd_float4x4([[0.111317, -0.897331, 0.427086, 0.0)], [0.97574, 0.0171631, -0.218261, 0.0)], [0.188522, 0.441021, 0.877472, 0.0)], [0.0, 0.0, 0.0, 1.0)]])
0.0, 0.0, 0.0
float3(-0.456736, 0.21163, -1.55167)
864.979589416
limited(__ObjC.ARCamera.TrackingState.Reason.initializing)
simd_float4x4([[0.0977726, -0.91411, 0.393497, 0.0)], [0.973146, 0.00502133, -0.230134, 0.0)], [0.208393, 0.405431, 0.890053, 0.0)], [0.0, 0.0, 0.0, 1.0)]])
0.0, 0.0, 0.0
float3(-0.417451, 0.229992, -1.5653)
865.046247
limited(__ObjC.ARCamera.TrackingState.Reason.initializing)
simd_float4x4([[0.0809286, -0.930991, 0.355953, 0.0)], [0.97106, -0.00686608, -0.238737, 0.0)], [0.224707, 0.364972, 0.903493, 0.0)], [0.0, 0.0, 0.0, 1.0)]])
0.0, 0.0, 0.0
float3(-0.373603, 0.243763, -1.57817)
865.112904125
limited(__ObjC.ARCamera.TrackingState.Reason.initializing)
simd_float4x4([[0.0651788, -0.942882, 0.326684, 0.0)], [0.970331, -0.0164988, -0.241218, 0.0)], [0.23283, 0.332714, 0.913831, 0.0)], [0.0, 0.0, 0.0, 1.0)]])
0.0, 0.0, 0.0
float3(-0.33918, 0.249477, -1.58829)
865.179561666
limited(__ObjC.ARCamera.TrackingState.Reason.initializing)
simd_float4x4([[0.0499262, -0.952767, 0.299563, 0.0)], [0.969172, -0.0262391, -0.244982, 0.0)], [0.241272, 0.302559, 0.922086, 0.0)], [0.0, 0.0, 0.0, 1.0)]])
0.0, 0.0, 0.0
float3(-0.307376, 0.255921, -1.59833)
865.246219
limited(__ObjC.ARCamera.TrackingState.Reason.initializing)
simd_float4x4([[0.0327386, -0.962004, 0.271056, 0.0)], [0.971304, -0.0332989, -0.235499, 0.0)], [0.235577, 0.270988, 0.933308, 0.0)], [0.0, 0.0, 0.0, 1.0)]])
0.0, 0.0, 0.0
float3(-0.274419, 0.247247, -1.6054)
865.312876541
limited(__ObjC.ARCamera.TrackingState.Reason.initializing)
simd_float4x4([[0.014739, -0.968173, 0.249839, 0.0)], [0.97281, -0.0438739, -0.227412, 0.0)], [0.231136, 0.246398, 0.941201, 0.0)], [0.0, 0.0, 0.0, 1.0)]])
0.0, 0.0, 0.0
float3(-0.248961, 0.240811, -1.61608)
865.37953375
limited(__ObjC.ARCamera.TrackingState.Reason.initializing)
simd_float4x4([[-0.00615621, -0.972785, 0.231618, 0.0)], [0.974982, -0.0573054, -0.214769, 0.0)], [0.222198, 0.224501, 0.9488, 0.0)], [0.0, 0.0, 0.0, 1.0)]])
0.0, 0.0, 0.0
float3(-0.226431, 0.230043, -1.62964)
865.446191333
limited(__ObjC.ARCamera.TrackingState.Reason.initializing)
simd_float4x4([[-0.015784, -0.975355, 0.220063, 0.0)], [0.97578, -0.063051, -0.209468, 0.0)], [0.218182, 0.211427, 0.952728, 0.0)], [0.0, 0.0, 0.0, 1.0)]])
0.0, 0.0, 0.0
float3(-0.213035, 0.225125, -1.63535)
865.512848666
limited(__ObjC.ARCamera.TrackingState.Reason.initializing)
simd_float4x4([[-0.0230508, -0.977673, 0.208851, 0.0)], [0.976602, -0.0666993, -0.204449, 0.0)], [0.213815, 0.199252, 0.956335, 0.0)], [0.0, 0.0, 0.0, 1.0)]])
0.0, 0.0, 0.0
float3(-0.200595, 0.21996, -1.63891)
865.579506166
limited(__ObjC.ARCamera.TrackingState.Reason.initializing)
simd_float4x4([[-0.0207105, -0.981484, 0.190409, 0.0)], [0.975412, -0.0616317, -0.211597, 0.0)], [0.219414, 0.181345, 0.958627, 0.0)], [0.0, 0.0, 0.0, 1.0)]])
0.0, 0.0, 0.0
float3(-0.182354, 0.225008, -1.63351)
865.6461635
limited(__ObjC.ARCamera.TrackingState.Reason.initializing)
simd_float4x4([[-0.0234188, -0.983789, 0.17778, 0.0)], [0.972643, -0.0635317, -0.223448, 0.0)], [0.231121, 0.167684, 0.958363, 0.0)], [0.0, 0.0, 0.0, 1.0)]])
0.0, 0.0, 0.0
float3(-0.16848, 0.236643, -1.63529)
865.712821
limited(__ObjC.ARCamera.TrackingState.Reason.initializing)
simd_float4x4([[-0.0251652, -0.985669, 0.166786, 0.0)], [0.966961, -0.0663365, -0.246142, 0.0)], [0.253679, 0.155081, 0.954773, 0.0)], [0.0, 0.0, 0.0, 1.0)]])
0.0, 0.0, 0.0
float3(-0.15571, 0.259696, -1.638)
865.779478375
limited(__ObjC.ARCamera.TrackingState.Reason.initializing)
simd_float4x4([[-0.0238126, -0.986812, 0.160086, 0.0)], [0.95889, -0.0678386, -0.27555, 0.0)], [0.282777, 0.146943, 0.94786, 0.0)], [0.0, 0.0, 0.0, 1.0)]])
0.0, 0.0, 0.0
float3(-0.147477, 0.289926, -1.63943)
865.846135708
limited(__ObjC.ARCamera.TrackingState.Reason.initializing)
simd_float4x4([[-0.0219447, -0.987189, 0.158016, 0.0)], [0.946478, -0.0714217, -0.314766, 0.0)], [0.32202, 0.142651, 0.93592, 0.0)], [0.0, 0.0, 0.0, 1.0)]])
0.0, 0.0, 0.0
float3(-0.143139, 0.33138, -1.64302)
865.912793166
limited(__ObjC.ARCamera.TrackingState.Reason.initializing)
simd_float4x4([[-0.0210468, -0.987468, 0.156387, 0.0)], [0.933545, -0.075396, -0.350442, 0.0)], [0.357842, 0.138619, 0.923432, 0.0)], [0.0, 0.0, 0.0, 1.0)]])
0.0, 0.0, 0.0
float3(-0.139067, 0.369695, -1.647)
865.979450541
limited(__ObjC.ARCamera.TrackingState.Reason.initializing)
simd_float4x4([[-0.0192706, -0.987097, 0.158938, 0.0)], [0.918927, -0.0801226, -0.386202, 0.0)], [0.393955, 0.13861, 0.908614, 0.0)], [0.0, 0.0, 0.0, 1.0)]])
0.0, 0.0, 0.0
float3(-0.139058, 0.409114, -1.65179)
866.046108
limited(__ObjC.ARCamera.TrackingState.Reason.initializing)
simd_float4x4([[-0.0157338, -0.98642, 0.163465, 0.0)], [0.901751, -0.0846268, -0.423891, 0.0)], [0.43197, 0.140736, 0.890836, 0.0)], [0.0, 0.0, 0.0, 1.0)]])
0.0, 0.0, 0.0
float3(-0.141204, 0.451498, -1.65638)
866.112765375
limited(__ObjC.ARCamera.TrackingState.Reason.initializing)
simd_float4x4([[-0.00724362, -0.986256, 0.165047, 0.0)], [0.887366, -0.0824303, -0.453636, 0.0)], [0.461008, 0.143172, 0.875766, 0.0)], [0.0, 0.0, 0.0, 1.0)]])
0.0, 0.0, 0.0
float3(-0.143666, 0.484548, -1.65418)
866.179422875
limited(__ObjC.ARCamera.TrackingState.Reason.initializing)
simd_float4x4([[-5.93343e-05, -0.985814, 0.167822, 0.0)], [0.874749, -0.0813718, -0.477693, 0.0)], [0.484575, 0.146774, 0.862345, 0.0)], [0.0, 0.0, 0.0, 1.0)]])
0.0, 0.0, 0.0
float3(-0.147306, 0.511954, -1.65315)
866.246080208
limited(__ObjC.ARCamera.TrackingState.Reason.initializing)
simd_float4x4([[0.00549866, -0.986313, 0.164775, 0.0)], [0.865913, -0.0777189, -0.494119, 0.0)], [0.500163, 0.145398, 0.853634, 0.0)], [0.0, 0.0, 0.0, 1.0)]])
0.0, 0.0, 0.0
float3(-0.145915, 0.530004, -1.64943)
866.312737666
limited(__ObjC.ARCamera.TrackingState.Reason.initializing)
simd_float4x4([[0.00835328, -0.986143, 0.16567, 0.0)], [0.862794, -0.0766402, -0.499711, 0.0)], [0.505485, 0.147114, 0.850198, 0.0)], [0.0, 0.0, 0.0, 1.0)]])
0.0, 0.0, 0.0
float3(-0.147649, 0.536403, -1.64836)
866.379395166
limited(__ObjC.ARCamera.TrackingState.Reason.initializing)
simd_float4x4([[0.00555823, -0.986689, 0.162503, 0.0)], [0.864631, -0.0768966, -0.496487, 0.0)], [0.502376, 0.143265, 0.852694, 0.0)], [0.0, 0.0, 0.0, 1.0)]])
0.0, 0.0, 0.0
float3(-0.14376, 0.532413, -1.64857)
866.4460525
limited(__ObjC.ARCamera.TrackingState.Reason.initializing)
simd_float4x4([[0.00596984, -0.986964, 0.160811, 0.0)], [0.874509, -0.0728374, -0.479508, 0.0)], [0.484972, 0.143494, 0.862674, 0.0)], [0.0, 0.0, 0.0, 1.0)]])
0.0, 0.0, 0.0
float3(-0.143991, 0.512141, -1.64446)
866.512709875
limited(__ObjC.ARCamera.TrackingState.Reason.initializing)
simd_float4x4([[0.00474386, -0.987404, 0.158133, 0.0)], [0.887254, -0.0687843, -0.456124, 0.0)], [0.461256, 0.142468, 0.875751, 0.0)], [0.0, 0.0, 0.0, 1.0)]])
0.0, 0.0, 0.0
float3(-0.142955, 0.484777, -1.64035)
866.579367166
limited(__ObjC.ARCamera.TrackingState.Reason.initializing)
simd_float4x4([[-0.00139687, -0.987911, 0.155005, 0.0)], [0.902929, -0.0678642, -0.424397, 0.0)], [0.429787, 0.139365, 0.892108, 0.0)], [0.0, 0.0, 0.0, 1.0)]])
0.0, 0.0, 0.0
float3(-0.139821, 0.448954, -1.63938)
866.646024708
limited(__ObjC.ARCamera.TrackingState.Reason.initializing)
simd_float4x4([[-0.00924893, -0.988566, 0.150489, 0.0)], [0.92194, -0.0667072, -0.381546, 0.0)], [0.387223, 0.135213, 0.912015, 0.0)], [0.0, 0.0, 0.0, 1.0)]])
0.0, 0.0, 0.0
float3(-0.135629, 0.401514, -1.63817)
866.712681958
limited(__ObjC.ARCamera.TrackingState.Reason.initializing)
simd_float4x4([[-0.0164172, -0.989019, 0.146859, 0.0)], [0.938911, -0.0657474, -0.337821, 0.0)], [0.343768, 0.132342, 0.92968, 0.0)], [0.0, 0.0, 0.0, 1.0)]])
0.0, 0.0, 0.0
float3(-0.132731, 0.354177, -1.63718)
866.779339458
normal
simd_float4x4([[-0.0242361, -0.993268, 0.113278, 0.0)], [0.953635, -0.0569722, -0.295524, 0.0)], [0.299989, 0.100863, 0.948595, 0.0)], [1.34696e-08, 1.07947e-08, -9.46689e-09, 1.0)]])
1.34696e-08, 1.07947e-08, -9.46689e-09
float3(-0.101035, 0.306293, -1.62809)
866.845996958
normal
simd_float4x4([[-0.0270461, -0.99369, 0.108847, 0.0)], [0.966903, -0.0536403, -0.249442, 0.0)], [0.253707, 0.0984976, 0.962253, 0.0)], [0.0100652, -0.00077016, -0.00370363, 1.0)]])
0.0100652, -0.00077016, -0.00370363
float3(-0.0986576, 0.257792, -1.62472)
866.912654333
normal
simd_float4x4([[-0.0327439, -0.993828, 0.105988, 0.0)], [0.978174, -0.0536367, -0.200743, 0.0)], [0.205189, 0.0971018, 0.973893, 0.0)], [0.017458, -0.000434279, -0.00880614, 1.0)]])
0.017458, -0.000434279, -0.00880614
float3(-0.0972551, 0.207652, -1.62471)
866.979311833
normal
simd_float4x4([[-0.0372995, -0.994238, 0.100497, 0.0)], [0.985655, -0.0531684, -0.16018, 0.0)], [0.1646, 0.0930808, 0.981959, 0.0)], [0.0246562, -0.00169775, -0.0107285, 1.0)]])
0.0246562, -0.00169775, -0.0107285
float3(-0.0932157, 0.166081, -1.62422)
867.045969
normal
simd_float4x4([[-0.0363482, -0.994515, 0.0980742, 0.0)], [0.990814, -0.0486558, -0.126176, 0.0)], [0.130256, 0.092587, 0.987148, 0.0)], [0.0301987, -0.00336788, -0.0115885, 1.0)]])
0.0301987, -0.00336788, -0.0115885
float3(-0.0927198, 0.131193, -1.61968)
867.112626666
normal
simd_float4x4([[-0.0393492, -0.994674, 0.0952609, 0.0)], [0.994008, -0.0486952, -0.0978617, 0.0)], [0.101979, 0.0908393, 0.99063, 0.0)], [0.0354137, -0.00458811, -0.0133159, 1.0)]])
0.0354137, -0.00458811, -0.0133159
float3(-0.0909647, 0.102583, -1.61971)
867.179283833
normal
simd_float4x4([[-0.0402525, -0.994633, 0.0953153, 0.0)], [0.995261, -0.0483618, -0.0843568, 0.0)], [0.0885137, 0.0914681, 0.991866, 0.0)], [0.0380668, -0.00523571, -0.0149429, 1.0)]])
0.0380668, -0.00523571, -0.0149429
float3(-0.0915961, 0.0890038, -1.61938)
867.245941291
normal
simd_float4x4([[-0.0416493, -0.994584, 0.0952257, 0.0)], [0.99601, -0.0488593, -0.0746818, 0.0)], [0.07893, 0.0917353, 0.99265, 0.0)], [0.0386488, -0.00742065, -0.0134963, 1.0)]])
0.0386488, -0.00742065, -0.0134963
float3(-0.0918645, 0.0793475, -1.61988)
867.312598916
normal
simd_float4x4([[-0.0445674, -0.99442, 0.0956192, 0.0)], [0.995759, -0.0519295, -0.0759403, 0.0)], [0.0804821, 0.0918292, 0.992517, 0.0)], [0.0374795, -0.00736767, -0.013235, 1.0)]])
0.0374795, -0.00736767, -0.013235
float3(-0.0919588, 0.0809118, -1.62297)
867.379256166
normal
simd_float4x4([[-0.0497077, -0.994185, 0.0955214, 0.0)], [0.994815, -0.0577801, -0.0836889, 0.0)], [0.0887215, 0.0908662, 0.991903, 0.0)], [0.036392, -0.00601484, -0.013613, 1.0)]])
0.036392, -0.00601484, -0.013613
float3(-0.0909917, 0.0892084, -1.62885)
867.445913625
normal
simd_float4x4([[-0.0499143, -0.994015, 0.09717, 0.0)], [0.993614, -0.0592793, -0.0960073, 0.0)], [0.101193, 0.0917573, 0.990626, 0.0)], [0.0323875, -0.00773505, -0.0112785, 1.0)]])
0.0323875, -0.00773505, -0.0112785
float3(-0.0918865, 0.101797, -1.63036)
867.512570958
normal
simd_float4x4([[-0.049323, -0.994229, 0.0952659, 0.0)], [0.991661, -0.0601182, -0.113993, 0.0)], [0.119062, 0.0888491, 0.988903, 0.0)], [0.0266618, -0.00686085, -0.00573248, 1.0)]])
0.0266618, -0.00686085, -0.00573248
float3(-0.0889664, 0.119821, -1.63119)
867.579228541
normal
simd_float4x4([[-0.0477623, -0.994232, 0.0960241, 0.0)], [0.988609, -0.0607901, -0.137687, 0.0)], [0.14273, 0.088354, 0.98581, 0.0)], [0.020983, -0.004733, 0.000139058, 1.0)]])
0.020983, -0.004733, 0.000139058
float3(-0.0884694, 0.143786, -1.63186)
867.645885791
normal
simd_float4x4([[-0.0439885, -0.994241, 0.0977233, 0.0)], [0.984979, -0.059511, -0.162096, 0.0)], [0.166978, 0.089125, 0.981924, 0.0)], [0.0138246, -0.00599995, 0.00419883, 1.0)]])
0.0138246, -0.00599995, 0.00419883
float3(-0.0892434, 0.168441, -1.63058)
867.712543291
normal
simd_float4x4([[-0.0401509, -0.994114, 0.100622, 0.0)], [0.979682, -0.0589705, -0.191691, 0.0)], [0.196497, 0.0908807, 0.976284, 0.0)], [0.00749424, -0.00505813, 0.00886017, 1.0)]])
0.00749424, -0.00505813, 0.00886017
float3(-0.0910062, 0.198617, -1.63005)
867.779200625
normal
simd_float4x4([[-0.0347932, -0.994098, 0.102752, 0.0)], [0.973842, -0.0568245, -0.220007, 0.0)], [0.224548, 0.092409, 0.970072, 0.0)], [0.000700593, -0.00315458, 0.0143577, 1.0)]])
0.000700593, -0.00315458, 0.0143577
float3(-0.0925411, 0.227469, -1.6279)
867.845858083
normal
simd_float4x4([[-0.0304748, -0.994051, 0.104569, 0.0)], [0.966682, -0.0559135, -0.2498, 0.0)], [0.254161, 0.0934725, 0.962634, 0.0)], [-0.00587864, -0.00377767, 0.0191772, 1.0)]])
-0.00587864, -0.00377767, 0.0191772
float3(-0.0936091, 0.258136, -1.62699)
867.912515583
normal
simd_float4x4([[-0.0283239, -0.993994, 0.105707, 0.0)], [0.958774, -0.0569279, -0.278409, 0.0)], [0.282754, 0.0934633, 0.954628, 0.0)], [-0.0117804, -0.00364143, 0.0229565, 1.0)]])
-0.0117804, -0.00364143, 0.0229565
float3(-0.0935999, 0.287961, -1.62801)
867.979172833
normal
simd_float4x4([[-0.0261397, -0.99406, 0.105643, 0.0)], [0.950296, -0.0575076, -0.30599, 0.0)], [0.310248, 0.0923933, 0.946155, 0.0)], [-0.0177363, -0.00215569, 0.0289599, 1.0)]])
-0.0177363, -0.00215569, 0.0289599
float3(-0.0925253, 0.316856, -1.62858)
868.045830458
normal
simd_float4x4([[-0.0216887, -0.994382, 0.103603, 0.0)], [0.941644, -0.0551355, -0.332063, 0.0)], [0.33591, 0.0903553, 0.93755, 0.0)], [-0.0226127, -0.00247139, 0.0344308, 1.0)]])
-0.0226127, -0.00247139, 0.0344308
float3(-0.0904787, 0.344036, -1.62619)
868.11248775
normal
simd_float4x4([[-0.0158438, -0.994837, 0.100244, 0.0)], [0.931346, -0.0511604, -0.360524, 0.0)], [0.363791, 0.0876493, 0.927348, 0.0)], [-0.0292848, -0.000851442, 0.036052, 1.0)]])
-0.0292848, -0.000851442, 0.036052
float3(-0.0877619, 0.373844, -1.62218)
868.179145208
normal
simd_float4x4([[-0.00885007, -0.995205, 0.0974072, 0.0)], [0.918854, -0.0465236, -0.391846, 0.0)], [0.394499, 0.0860351, 0.91486, 0.0)], [-0.0359141, 0.000411615, 0.0368156, 1.0)]])
-0.0359141, 0.000411615, 0.0368156
float3(-0.0861416, 0.407121, -1.61751)
868.2458025
normal
simd_float4x4([[-0.000754061, -0.995663, 0.093029, 0.0)], [0.903115, -0.0406246, -0.427474, 0.0)], [0.429399, 0.0836935, 0.899228, 0.0)], [-0.0417711, -0.000330895, 0.0403341, 1.0)]])
-0.0417711, -0.000330895, 0.0403341
float3(-0.0837915, 0.445502, -1.61158)
868.31246
normal
simd_float4x4([[0.00782739, -0.995959, 0.0894647, 0.0)], [0.88382, -0.0349602, -0.466519, 0.0)], [0.467762, 0.0827223, 0.879975, 0.0)], [-0.048835, 0.00147533, 0.0404049, 1.0)]])
-0.048835, 0.00147533, 0.0404049
float3(-0.0828169, 0.488578, -1.60588)
868.379117291
normal
simd_float4x4([[0.0167399, -0.996314, 0.0841343, 0.0)], [0.857624, -0.02895, -0.513462, 0.0)], [0.514005, 0.0807508, 0.853978, 0.0)], [-0.0566575, 0.00177254, 0.0401264, 1.0)]])
-0.0566575, 0.00177254, 0.0401264
float3(-0.0808388, 0.541812, -1.59985)
868.445774875
normal
simd_float4x4([[0.0282746, -0.996414, 0.0797462, 0.0)], [0.825835, -0.0216641, -0.563495, 0.0)], [0.563202, 0.0817899, 0.822261, 0.0)], [-0.0653183, -0.000536957, 0.0419073, 1.0)]])
-0.0653183, -0.000536957, 0.0419073
float3(-0.0818813, 0.600549, -1.59254)
868.512432375
normal
simd_float4x4([[0.044349, -0.995984, 0.077768, 0.0)], [0.789116, -0.012813, -0.61411, 0.0)], [0.61264, 0.0886032, 0.785379, 0.0)], [-0.0759263, -0.00208647, 0.0396775, 1.0)]])
-0.0759263, -0.00208647, 0.0396775
float3(-0.0887195, 0.662462, -1.58366)
868.579089666
normal
simd_float4x4([[0.0630323, -0.995269, 0.0739374, 0.0)], [0.749511, -0.0017105, -0.66199, 0.0)], [0.658984, 0.0971436, 0.745857, 0.0)], [-0.0884338, -0.00470746, 0.037313, 1.0)]])
-0.0884338, -0.00470746, 0.037313
float3(-0.097297, 0.723638, -1.57252)
868.645747083
normal
simd_float4x4([[0.079633, -0.994226, 0.071922, 0.0)], [0.701366, 0.00461351, -0.712786, 0.0)], [0.708339, 0.107205, 0.697684, 0.0)], [-0.10305, -0.0107992, 0.0393071, 1.0)]])
-0.10305, -0.0107992, 0.0393071
float3(-0.107411, 0.792977, -1.56616)
868.712404458
normal
simd_float4x4([[0.104395, -0.991127, 0.082275, 0.0)], [0.657475, 0.00670666, -0.753447, 0.0)], [0.746209, 0.13275, 0.652341, 0.0)], [-0.121849, -0.0169217, 0.037841, 1.0)]])
-0.121849, -0.0169217, 0.037841
float3(-0.133143, 0.852416, -1.56403)
868.779061958
normal
simd_float4x4([[0.128645, -0.987145, 0.0948395, 0.0)], [0.61398, 0.00418151, -0.78931, 0.0)], [0.778768, 0.159771, 0.606625, 0.0)], [-0.141711, -0.0226647, 0.0361724, 1.0)]])
-0.141711, -0.0226647, 0.0361724
float3(-0.160458, 0.90902, -1.56656)
868.845719166
normal
simd_float4x4([[0.145095, -0.984267, 0.100827, 0.0)], [0.577403, 0.00148009, -0.816458, 0.0)], [0.803464, 0.176681, 0.568533, 0.0)], [-0.162423, -0.0288363, 0.0390059, 1.0)]])
-0.162423, -0.0288363, 0.0390059
float3(-0.177614, 0.954986, -1.56929)
868.912376666
normal
simd_float4x4([[0.153136, -0.983727, 0.0939725, 0.0)], [0.552286, 0.00633959, -0.833631, 0.0)], [0.819469, 0.179559, 0.544269, 0.0)], [-0.182816, -0.0328539, 0.0437438, 1.0)]])
-0.182816, -0.0328539, 0.0437438
float3(-0.180538, 0.984522, -1.56435)
868.979034
normal
simd_float4x4([[0.160123, -0.983013, 0.0896968, 0.0)], [0.530346, 0.00903529, -0.847733, 0.0)], [0.832522, 0.183312, 0.522784, 0.0)], [-0.206349, -0.0366814, 0.0466813, 1.0)]])
-0.206349, -0.0366814, 0.0466813
float3(-0.184355, 1.01008, -1.56161)
869.045691625
normal
simd_float4x4([[0.164288, -0.983364, 0.0774937, 0.0)], [0.520178, 0.0196186, -0.853833, 0.0)], [0.838108, 0.180585, 0.514747, 0.0)], [-0.233406, -0.0392832, 0.05779, 1.0)]])
-0.233406, -0.0392832, 0.05779
float3(-0.181581, 1.02002, -1.55085)
869.112349083
normal
simd_float4x4([[0.158502, -0.985371, 0.062622, 0.0)], [0.510556, 0.0275088, -0.859404, 0.0)], [0.845109, 0.168189, 0.507447, 0.0)], [-0.260288, -0.0378339, 0.068026, 1.0)]])
-0.260288, -0.0378339, 0.068026
float3(-0.168992, 1.03004, -1.54289)
869.179006375
normal
simd_float4x4([[0.148808, -0.987409, 0.0536578, 0.0)], [0.495865, 0.0275627, -0.867962, 0.0)], [0.855555, 0.155767, 0.493723, 0.0)], [-0.288194, -0.032309, 0.0803484, 1.0)]])
-0.288194, -0.032309, 0.0803484
float3(-0.156403, 1.0474, -1.54289)
869.245663875
normal
simd_float4x4([[0.135922, -0.989757, 0.043653, 0.0)], [0.479132, 0.0271045, -0.877324, 0.0)], [0.867155, 0.140163, 0.477909, 0.0)], [-0.317442, -0.028557, 0.101225, 1.0)]])
-0.317442, -0.028557, 0.101225
float3(-0.140626, 1.06709, -1.54342)
869.31232125
normal
simd_float4x4([[0.144142, -0.988731, 0.0404294, 0.0)], [0.457416, 0.030344, -0.888735, 0.0)], [0.877493, 0.146597, 0.456635, 0.0)], [-0.349479, -0.0247772, 0.116515, 1.0)]])
-0.349479, -0.0247772, 0.116515
float3(-0.147128, 1.09097, -1.54012)
869.37897875
normal
simd_float4x4([[0.137521, -0.989208, 0.0505508, 0.0)], [0.424772, 0.0127941, -0.90521, 0.0)], [0.894794, 0.145958, 0.421947, 0.0)], [-0.37581, -0.0246752, 0.132794, 1.0)]])
-0.37581, -0.0246752, 0.132794
float3(-0.146481, 1.13016, -1.55786)
869.445635916
normal
simd_float4x4([[0.143086, -0.988361, 0.0516626, 0.0)], [0.381366, 0.00689159, -0.924398, 0.0)], [0.913283, 0.151971, 0.377914, 0.0)], [-0.404049, -0.025846, 0.155417, 1.0)]])
-0.404049, -0.025846, 0.155417
float3(-0.152562, 1.17845, -1.56382)
869.512293458
normal
simd_float4x4([[0.154345, -0.987025, 0.0442526, 0.0)], [0.331657, 0.00956804, -0.943352, 0.0)], [0.930689, 0.160279, 0.32883, 0.0)], [-0.431607, -0.0218761, 0.174523, 1.0)]])
-0.431607, -0.0218761, 0.174523
float3(-0.160973, 1.23117, -1.5611)
869.578950875
normal
simd_float4x4([[0.155493, -0.986748, 0.0463804, 0.0)], [0.267576, -0.0031242, -0.963532, 0.0)], [0.950908, 0.162233, 0.263544, 0.0)], [-0.456319, -0.0210416, 0.191361, 1.0)]])
-0.456319, -0.0210416, 0.191361
float3(-0.162953, 1.30043, -1.57396)
869.645608291
normal
simd_float4x4([[0.163507, -0.985544, 0.044355, 0.0)], [0.203091, -0.0103713, -0.979105, 0.0)], [0.965412, 0.169099, 0.198459, 0.0)], [-0.481259, -0.02381, 0.213957, 1.0)]])
-0.481259, -0.02381, 0.213957
float3(-0.169915, 1.36805, -1.58132)
869.712265708
normal
simd_float4x4([[0.177175, -0.983298, 0.0416535, 0.0)], [0.139887, -0.0167331, -0.990026, 0.0)], [0.974187, 0.181234, 0.134586, 0.0)], [-0.507133, -0.0278934, 0.233809, 1.0)]])
-0.507133, -0.0278934, 0.233809
float3(-0.182241, 1.43351, -1.58781)
869.778923166
normal
simd_float4x4([[0.195, -0.98021, 0.034112, 0.0)], [0.0724121, -0.0202967, -0.997168, 0.0)], [0.978127, 0.196918, 0.0670212, 0.0)], [-0.537146, -0.0311058, 0.252104, 1.0)]])
-0.537146, -0.0311058, 0.252104
float3(-0.198213, 1.50238, -1.5915)
869.845580583
normal
simd_float4x4([[0.203951, -0.978804, 0.0185934, 0.0)], [0.0105833, -0.0167871, -0.999803, 0.0)], [0.978924, 0.204108, 0.00693529, 0.0)], [-0.567238, -0.03601, 0.272955, 1.0)]])
-0.567238, -0.03601, 0.272955
float3(-0.205552, 1.56371, -1.58795)
869.912237958
normal
simd_float4x4([[0.206113, -0.978527, -0.00171617, 0.0)], [-0.0472464, -0.00819996, -0.99885, 0.0)], [0.977387, 0.205957, -0.0479219, 0.0)], [-0.601198, -0.0361281, 0.28865, 1.0)]])
-0.601198, -0.0361281, 0.28865
float3(-0.207441, 1.61979, -1.57918)
869.978895416
normal
simd_float4x4([[0.200978, -0.979395, -0.0198252, 0.0)], [-0.10122, -0.000632615, -0.994864, 0.0)], [0.974352, 0.201952, -0.0992615, 0.0)], [-0.637133, -0.0343944, 0.301006, 1.0)]])
-0.637133, -0.0343944, 0.301006
float3(-0.203351, 1.67232, -1.57144)
870.045552791
normal
simd_float4x4([[0.197866, -0.979803, -0.0288997, 0.0)], [-0.156617, -0.00249649, -0.987656, 0.0)], [0.967636, 0.199949, -0.153948, 0.0)], [-0.673165, -0.0317465, 0.313372, 1.0)]])
-0.673165, -0.0317465, 0.313372
float3(-0.201306, 1.72857, -1.57334)
870.112210291
normal
simd_float4x4([[0.18986, -0.980796, -0.044631, 0.0)], [-0.191265, 0.00763872, -0.981508, 0.0)], [0.963001, 0.194886, -0.186142, 0.0)], [-0.707403, -0.0247224, 0.322428, 1.0)]])
-0.707403, -0.0247224, 0.322428
float3(-0.196141, 1.76174, -1.56301)
870.178867583
normal
simd_float4x4([[0.205404, -0.97635, -0.0674576, 0.0)], [-0.239895, 0.0165953, -0.970657, 0.0)], [0.94882, 0.215559, -0.230813, 0.0)], [-0.746141, -0.0196433, 0.331225, 1.0)]])
-0.746141, -0.0196433, 0.331225
float3(-0.217264, 1.80942, -1.5538)
870.245525083
normal
simd_float4x4([[0.192092, -0.978657, -0.073015, 0.0)], [-0.273798, 0.0180025, -0.961619, 0.0)], [0.942409, 0.20471, -0.264496, 0.0)], [-0.773534, -0.0178735, 0.345061, 1.0)]])
-0.773534, -0.0178735, 0.345061
float3(-0.206168, 1.84442, -1.5524)
870.3121825
normal
simd_float4x4([[0.215789, -0.972523, -0.0873773, 0.0)], [-0.329429, 0.0117287, -0.944107, 0.0)], [0.919191, 0.232513, -0.317846, 0.0)], [-0.804223, -0.0183903, 0.354341, 1.0)]])
-0.804223, -0.0183903, 0.354341
float3(-0.23466, 1.90372, -1.55874)
870.378839875
normal
simd_float4x4([[0.227377, -0.967215, -0.113116, 0.0)], [-0.37412, 0.0204809, -0.927154, 0.0)], [0.899074, 0.253133, -0.357198, 0.0)], [-0.829446, -0.0175209, 0.371421, 1.0)]])
-0.829446, -0.0175209, 0.371421
float3(-0.255917, 1.94897, -1.54962)
870.445497291
normal
simd_float4x4([[0.223321, -0.966242, -0.128467, 0.0)], [-0.421805, 0.0230211, -0.906394, 0.0)], [0.878754, 0.256605, -0.402425, 0.0)], [-0.848919, -0.0176624, 0.394231, 1.0)]])
-0.848919, -0.0176624, 0.394231
float3(-0.259508, 2.00024, -1.54698)
870.512154666
normal
simd_float4x4([[0.218086, -0.96609, -0.138231, 0.0)], [-0.456497, 0.0242073, -0.889395, 0.0)], [0.862582, 0.257067, -0.435738, 0.0)], [-0.867452, -0.0189286, 0.414717, 1.0)]])
-0.867452, -0.0189286, 0.414717
float3(-0.259986, 2.03856, -1.54574)
870.578812125
normal
simd_float4x4([[0.220146, -0.965044, -0.142216, 0.0)], [-0.484883, 0.0182449, -0.874389, 0.0)], [0.846418, 0.261451, -0.463917, 0.0)], [-0.890689, -0.0217238, 0.439183, 1.0)]])
-0.890689, -0.0217238, 0.439183
float3(-0.264525, 2.07218, -1.55189)
870.645469458
normal
simd_float4x4([[0.212896, -0.966476, -0.143526, 0.0)], [-0.515612, 0.0136465, -0.856713, 0.0)], [0.829952, 0.256394, -0.495421, 0.0)], [-0.907192, -0.0239237, 0.469218, 1.0)]])
-0.907192, -0.0239237, 0.469218
float3(-0.25929, 2.10895, -1.55668)
870.712126958
normal
simd_float4x4([[0.199575, -0.96891, -0.146226, 0.0)], [-0.534155, 0.0175322, -0.845205, 0.0)], [0.821492, 0.24679, -0.514049, 0.0)], [-0.925018, -0.0196567, 0.501524, 1.0)]])
-0.925018, -0.0196567, 0.501524
float3(-0.249366, 2.12994, -1.5527)
870.778784333
normal
simd_float4x4([[0.179028, -0.975503, -0.12784, 0.0)], [-0.540686, 0.0110046, -0.841153, 0.0)], [0.821954, 0.219711, -0.52547, 0.0)], [-0.941407, -0.0110573, 0.532013, 1.0)]])
-0.941407, -0.0110573, 0.532013
float3(-0.221519, 2.13961, -1.55952)
870.845441791
normal
simd_float4x4([[0.163433, -0.978378, -0.126751, 0.0)], [-0.550858, 0.0160863, -0.834444, 0.0)], [0.818441, 0.206198, -0.536319, 0.0)], [-0.953761, 0.00200768, 0.565423, 1.0)]])
-0.953761, 0.00200768, 0.565423
float3(-0.207687, 2.15088, -1.55436)
870.912099041
normal
simd_float4x4([[0.147411, -0.982208, -0.11635, 0.0)], [-0.563131, 0.0133613, -0.82626, 0.0)], [0.813113, 0.18732, -0.551142, 0.0)], [-0.971494, 0.0132236, 0.595849, 1.0)]])
-0.971494, 0.0132236, 0.595849
float3(-0.188433, 2.16648, -1.55719)
870.978756666
normal
simd_float4x4([[0.132139, -0.986098, -0.100745, 0.0)], [-0.570446, 0.00746738, -0.821301, 0.0)], [0.810636, 0.165995, -0.56153, 0.0)], [-0.990383, 0.0204265, 0.622028, 1.0)]])
-0.990383, 0.0204265, 0.622028
float3(-0.166767, 2.17661, -1.56322)
871.045414125
normal
simd_float4x4([[0.132013, -0.98593, -0.102545, 0.0)], [-0.57304, 0.00850455, -0.819483, 0.0)], [0.808825, 0.166944, -0.563855, 0.0)], [-1.00682, 0.028118, 0.64599, 1.0)]])
-1.00682, 0.028118, 0.64599
float3(-0.16773, 2.17959, -1.56217)
871.112071458
normal
simd_float4x4([[0.145538, -0.985239, -0.0901275, 0.0)], [-0.58978, -0.0132574, -0.807455, 0.0)], [0.794341, 0.170671, -0.583004, 0.0)], [-1.03595, 0.0281859, 0.669223, 1.0)]])
-1.03595, 0.0281859, 0.669223
float3(-0.171511, 2.20394, -1.58425)
871.178728958
normal
simd_float4x4([[0.148087, -0.985495, -0.0828878, 0.0)], [-0.603475, -0.0236456, -0.797032, 0.0)], [0.78351, 0.168051, -0.598223, 0.0)], [-1.06063, 0.0239695, 0.695624, 1.0)]])
-1.06063, 0.0239695, 0.695624
float3(-0.168852, 2.22289, -1.59479)
871.245386083
normal
simd_float4x4([[0.147817, -0.984965, -0.0894069, 0.0)], [-0.617627, -0.0213261, -0.786182, 0.0)], [0.772455, 0.171431, -0.611493, 0.0)], [-1.07977, 0.0193606, 0.723214, 1.0)]])
-1.07977, 0.0193606, 0.723214
float3(-0.172282, 2.24041, -1.59244)
871.312043708
normal
simd_float4x4([[0.146985, -0.983491, -0.105545, 0.0)], [-0.639957, -0.0131917, -0.768298, 0.0)], [0.754222, 0.180473, -0.631331, 0.0)], [-1.11074, 0.0115457, 0.76089, 1.0)]])
-1.11074, 0.0115457, 0.76089
float3(-0.181467, 2.26773, -1.58421)
871.378700958
normal
simd_float4x4([[0.146328, -0.982724, -0.113321, 0.0)], [-0.66548, -0.0130321, -0.746302, 0.0)], [0.731932, 0.184618, -0.65589, 0.0)], [-1.14416, 0.00528152, 0.796699, 1.0)]])
-1.14416, 0.00528152, 0.796699
float3(-0.185683, 2.30146, -1.58406)
871.445358416
normal
simd_float4x4([[0.138666, -0.983655, -0.114867, 0.0)], [-0.689317, -0.0125862, -0.724351, 0.0)], [0.711066, 0.179623, -0.679795, 0.0)], [-1.17272, 0.00167956, 0.827773, 1.0)]])
-1.17272, 0.00167956, 0.827773
float3(-0.180603, 2.33372, -1.58359)
871.51201575
normal
simd_float4x4([[0.13179, -0.982647, -0.130521, 0.0)], [-0.698587, 0.00134722, -0.715524, 0.0)], [0.703284, 0.185479, -0.686287, 0.0)], [-1.20962, 0.00466408, 0.864646, 1.0)]])
-1.20962, 0.00466408, 0.864646
float3(-0.186559, 2.34396, -1.56943)
871.578673375
normal
simd_float4x4([[0.134743, -0.98161, -0.135227, 0.0)], [-0.704924, 0.000947656, -0.709282, 0.0)], [0.696366, 0.190896, -0.691833, 0.0)], [-1.24792, 0.0109757, 0.899509, 1.0)]])
-1.24792, 0.0109757, 0.899509
float3(-0.192075, 2.35293, -1.56983)
871.645330833
normal
simd_float4x4([[0.11853, -0.985341, -0.122692, 0.0)], [-0.711199, 0.00198134, -0.702988, 0.0)], [0.692926, 0.170584, -0.700539, 0.0)], [-1.2768, 0.0198155, 0.924651, 1.0)]])
-1.2768, 0.0198155, 0.924651
float3(-0.171422, 2.36166, -1.56879)
871.711988166
normal
simd_float4x4([[0.107699, -0.987067, -0.118738, 0.0)], [-0.707695, 0.00776751, -0.706475, 0.0)], [0.698261, 0.160117, -0.697707, 0.0)], [-1.30271, 0.0215622, 0.954688, 1.0)]])
-1.30271, 0.0215622, 0.954688
float3(-0.160809, 2.3558, -1.56293)
871.778645666
normal
simd_float4x4([[0.127632, -0.983098, -0.131258, 0.0)], [-0.710433, 0.00172962, -0.703762, 0.0)], [0.692094, 0.183073, -0.698205, 0.0)], [-1.33301, 0.0208958, 0.986776, 1.0)]])
-1.33301, 0.0208958, 0.986776
float3(-0.184111, 2.36059, -1.56904)
871.845302875
normal
simd_float4x4([[0.128357, -0.982597, -0.134268, 0.0)], [-0.707552, 0.00413317, -0.706649, 0.0)], [0.694906, 0.185705, -0.694708, 0.0)], [-1.3568, 0.0221604, 1.01309, 1.0)]])
-1.3568, 0.0221604, 1.01309
float3(-0.186789, 2.35605, -1.56659)
871.911960375
normal
simd_float4x4([[0.119638, -0.983186, -0.137952, 0.0)], [-0.699462, 0.0151405, -0.71451, 0.0)], [0.704585, 0.181975, -0.68589, 0.0)], [-1.37663, 0.019811, 1.04639, 1.0)]])
-1.37663, 0.019811, 1.04639
float3(-0.182995, 2.34275, -1.5554)
871.97861775
normal
simd_float4x4([[0.116102, -0.983519, -0.138603, 0.0)], [-0.693089, 0.0197308, -0.720582, 0.0)], [0.711441, 0.179725, -0.679376, 0.0)], [-1.39816, 0.0151707, 1.08132, 1.0)]])
-1.39816, 0.0151707, 1.08132
float3(-0.180707, 2.33314, -1.55074)
872.045275208
normal
simd_float4x4([[0.122431, -0.983177, -0.135548, 0.0)], [-0.686036, 0.0148575, -0.727416, 0.0)], [0.717193, 0.182049, -0.672676, 0.0)], [-1.42039, 0.00943413, 1.11662, 1.0)]])
-1.42039, 0.00943413, 1.11662
float3(-0.18307, 2.32418, -1.55569)
872.111932541
normal
simd_float4x4([[0.121639, -0.983443, -0.134325, 0.0)], [-0.685767, 0.0145702, -0.727675, 0.0)], [0.717584, 0.180629, -0.672641, 0.0)], [-1.44193, 0.00733348, 1.15985, 1.0)]])
-1.44193, 0.00733348, 1.15985
float3(-0.181626, 2.32388, -1.55598)
872.17859
normal
simd_float4x4([[0.116009, -0.985634, -0.122748, 0.0)], [-0.682606, 0.0106579, -0.730709, 0.0)], [0.72152, 0.168557, -0.671563, 0.0)], [-1.46114, 0.00805607, 1.20465, 1.0)]])
-1.46114, 0.00805607, 1.20465
float3(-0.169366, 2.32035, -1.55998)
872.2452475
normal
simd_float4x4([[0.114024, -0.987829, -0.105793, 0.0)], [-0.679303, 0.000182501, -0.733858, 0.0)], [0.724945, 0.155544, -0.671014, 0.0)], [-1.47525, 0.0120652, 1.2479, 1.0)]])
-1.47525, 0.0120652, 1.2479
float3(-0.156178, 2.31758, -1.57061)
872.311904791
normal
simd_float4x4([[0.123373, -0.986213, -0.110284, 0.0)], [-0.688665, -0.00506976, -0.725062, 0.0)], [0.714506, 0.165401, -0.679796, 0.0)], [-1.49349, 0.0171068, 1.29836, 1.0)]])
-1.49349, 0.0171068, 1.29836
float3(-0.166165, 2.33131, -1.57594)
872.378562416
normal
simd_float4x4([[0.120738, -0.987426, -0.102036, 0.0)], [-0.702041, -0.0122646, -0.712031, 0.0)], [0.701827, 0.157603, -0.694694, 0.0)], [-1.50741, 0.0211242, 1.34422, 1.0)]])
-1.50741, 0.0211242, 1.34422
float3(-0.158263, 2.35109, -1.58322)
872.445219625
normal
simd_float4x4([[0.118406, -0.985733, -0.119626, 0.0)], [-0.72512, -0.0035333, -0.688614, 0.0)], [0.678367, 0.168279, -0.715193, 0.0)], [-1.51749, 0.0253931, 1.38964, 1.0)]])
-1.51749, 0.0253931, 1.38964
float3(-0.169084, 2.38261, -1.57438)
872.511877166
normal
simd_float4x4([[0.116944, -0.984335, -0.131945, 0.0)], [-0.758474, -0.00275364, -0.651697, 0.0)], [0.641125, 0.176289, -0.746914, 0.0)], [-1.53262, 0.0301408, 1.43538, 1.0)]])
-1.53262, 0.0301408, 1.43538
float3(-0.177215, 2.43226, -1.57359)
872.578534541
normal
