ARKit Data
369191.83950025
normal
simd_float4x4([[0.0446666, -0.996109, 0.0759737, 0.0)], [0.965112, 0.0233861, -0.26079, 0.0)], [0.257998, 0.0849718, 0.962401, 0.0)], [-0.0484132, 0.000413276, 0.0298495, 1.0)]])
-0.0484132, 0.000413276, 0.0298495
float3(-0.0850744, 0.261919, -1.54732)
369192.056142083
normal
simd_float4x4([[0.0447917, -0.996132, 0.0756022, 0.0)], [0.966023, 0.0239062, -0.257348, 0.0)], [0.254545, 0.0845605, 0.963357, 0.0)], [-0.0493386, 0.00141433, 0.0308495, 1.0)]])
-0.0493386, 0.00141433, 0.0308495
float3(-0.0846616, 0.258324, -1.5468)
369192.760883333
notAvailable
simd_float4x4([[-0.0651663, 0.0, 0.997874, 0.0)], [0.0, 1.0, 0.0, 0.0)], [-0.997874, 0.0, -0.0651663, 0.0)], [-0.021399, -0.0913553, 0.013957, 1.0)]])
-0.021399, -0.0913553, 0.013957
float3(-0.0, -1.63601, 0.0)
369192.977525083
limited(__ObjC.ARCamera.TrackingState.Reason.initializing)
simd_float4x4([[0.020477, -0.994016, 0.107298, 0.0)], [0.999787, 0.0200915, -0.00467297, 0.0)], [0.00248924, 0.107371, 0.994215, 0.0)], [0.0, 0.0, 0.0, 1.0)]])
0.0, 0.0, 0.0
float3(-0.107578, 0.00250371, -1.55059)
369193.194166958
limited(__ObjC.ARCamera.TrackingState.Reason.initializing)
simd_float4x4([[0.0193563, -0.990305, 0.137552, 0.0)], [0.999812, 0.0193635, -0.00128601, 0.0)], [-0.00138996, 0.137551, 0.990493, 0.0)], [0.0, 0.0, 0.0, 1.0)]])
0.0, 0.0, 0.0
float3(-0.137989, -0.0014033, -1.55125)
369193.410808958
limited(__ObjC.ARCamera.TrackingState.Reason.initializing)
simd_float4x4([[0.0217646, -0.976534, 0.214258, 0.0)], [0.999763, 0.0212887, -0.00452899, 0.0)], [-0.000138538, 0.214306, 0.976766, 0.0)], [0.0, 0.0, 0.0, 1.0)]])
0.0, 0.0, 0.0
float3(-0.215981, -0.000141833, -1.549)
369193.644115875
normal
simd_float4x4([[0.0130937, -0.970429, 0.241031, 0.0)], [0.999914, 0.0126282, -0.00347597, 0.0)], [0.000329392, 0.241056, 0.970511, 0.0)], [0.00149197, 0.00190243, 0.00117176, 1.0)]])
0.00149197, 0.00190243, 0.00117176
float3(-0.243454, 0.000339401, -1.55778)
369193.860757833
normal
simd_float4x4([[0.0107308, -0.980275, 0.197345, 0.0)], [0.999937, 0.0111627, 0.00107644, 0.0)], [-0.00325813, 0.197321, 0.980333, 0.0)], [0.00396475, 0.0203109, 0.0133695, 1.0)]])
0.00396475, 0.0203109, 0.0133695
float3(-0.198625, -0.00332348, -1.55941)
369194.07739975
normal
simd_float4x4([[-0.00603314, -0.99121, 0.132159, 0.0)], [0.997465, 0.00340631, 0.0710826, 0.0)], [-0.070908, 0.132253, 0.988676, 0.0)], [0.0093169, 0.0331009, 0.0307523, 1.0)]])
0.0093169, 0.0331009, 0.0307523
float3(-0.132642, -0.0715975, -1.56736)
369194.310706708
normal
simd_float4x4([[0.00473851, -0.99513, 0.0984531, 0.0)], [0.99185, 0.0172129, 0.126245, 0.0)], [-0.127325, 0.0970524, 0.987101, 0.0)], [0.0173485, 0.0409711, 0.0441565, 1.0)]])
0.0173485, 0.0409711, 0.0441565
float3(-0.0972055, -0.12828, -1.5535)
369194.527349041
normal
simd_float4x4([[0.0043214, -0.997486, 0.0707383, 0.0)], [0.992095, 0.0131482, 0.124796, 0.0)], [-0.125412, 0.0696398, 0.989658, 0.0)], [0.0234529, 0.048411, 0.055723, 1.0)]])
0.0234529, 0.048411, 0.055723
float3(-0.0696962, -0.126051, -1.55762)
369194.743991083
normal
simd_float4x4([[0.00904692, -0.998321, 0.0572136, 0.0)], [0.994781, 0.0148003, 0.100951, 0.0)], [-0.101628, 0.0560018, 0.993245, 0.0)], [0.0218292, 0.0516132, 0.06497, 1.0)]])
0.0218292, 0.0516132, 0.06497
float3(-0.0560311, -0.101965, -1.55597)
369194.960633333
normal
simd_float4x4([[0.0145406, -0.99798, 0.0618359, 0.0)], [0.998341, 0.0179354, 0.0547054, 0.0)], [-0.055704, 0.0609379, 0.996586, 0.0)], [0.0154885, 0.050768, 0.067065, 1.0)]])
0.0154885, 0.050768, 0.067065
float3(-0.0609757, -0.0558367, -1.55283)
369195.193940208
normal
simd_float4x4([[0.019176, -0.997104, 0.073592, 0.0)], [0.999813, 0.0189595, -0.00363966, 0.0)], [0.00223385, 0.0736481, 0.997282, 0.0)], [0.00658969, 0.0477214, 0.0658294, 1.0)]])
0.00658969, 0.0477214, 0.0658294
float3(-0.0737148, 0.00223994, -1.55178)
369195.410582583
normal
simd_float4x4([[0.0257395, -0.99576, 0.0883196, 0.0)], [0.996283, 0.0182871, -0.0841747, 0.0)], [0.0822026, 0.0901579, 0.992529, 0.0)], [-0.00518235, 0.0456697, 0.0613318, 1.0)]])
-0.00518235, 0.0456697, 0.0613318
float3(-0.0902805, 0.0826328, -1.55243)
369195.643889458
normal
simd_float4x4([[0.0278436, -0.99536, 0.0921064, 0.0)], [0.990619, 0.0151433, -0.135814, 0.0)], [0.133789, 0.0950238, 0.986444, 0.0)], [-0.0207473, 0.0434112, 0.0569461, 1.0)]])
-0.0207473, 0.0434112, 0.0569461
float3(-0.0951674, 0.134805, -1.55558)
369195.860531958
normal
simd_float4x4([[0.0293604, -0.99458, 0.0997411, 0.0)], [0.984793, 0.0116883, -0.173338, 0.0)], [0.171233, 0.103314, 0.979799, 0.0)], [-0.0279078, 0.0417912, 0.0509869, 1.0)]])
-0.0279078, 0.0417912, 0.0509869
float3(-0.103498, 0.173016, -1.55904)
369196.077174291
normal
simd_float4x4([[0.0280442, -0.994203, 0.103794, 0.0)], [0.981788, 0.00787725, -0.189817, 0.0)], [0.187899, 0.107227, 0.976318, 0.0)], [-0.0309211, 0.0392978, 0.0433284, 1.0)]])
-0.0309211, 0.0392978, 0.0433284
float3(-0.107433, 0.190132, -1.56287)
369196.310481583
normal
simd_float4x4([[0.047822, -0.983888, 0.172269, 0.0)], [0.983939, 0.0167078, -0.177718, 0.0)], [0.171977, 0.178001, 0.968886, 0.0)], [-0.0342544, 0.0259692, 0.0232415, 1.0)]])
-0.0342544, 0.0259692, 0.0232415
float3(-0.178955, 0.17567, -1.55382)
369196.54379975
normal
simd_float4x4([[0.103105, -0.93146, 0.34893, 0.0)], [0.984797, 0.0462896, -0.167427, 0.0)], [0.1398, 0.360888, 0.922071, 0.0)], [-0.040028, -0.0173149, -0.0161036, 1.0)]])
-0.040028, -0.0173149, -0.0161036
float3(-0.36922, 0.150469, -1.52114)
369196.760587791
normal
simd_float4x4([[0.142414, -0.84928, 0.508371, 0.0)], [0.982906, 0.0607993, -0.173779, 0.0)], [0.116678, 0.52443, 0.843421, 0.0)], [-0.047924, -0.0711763, -0.0514125, 1.0)]])
-0.047924, -0.0711763, -0.0514125
float3(-0.552045, 0.137467, -1.49933)
369196.960699666
normal
simd_float4x4([[0.130331, -0.736839, 0.663387, 0.0)], [0.990808, 0.0723371, -0.11431, 0.0)], [0.0362408, 0.672188, 0.739493, 0.0)], [-0.0582614, -0.122357, -0.0687876, 1.0)]])
-0.0582614, -0.122357, -0.0687876
float3(-0.737159, 0.0489685, -1.47294)
369197.160811625
normal
simd_float4x4([[0.128757, -0.618425, 0.775224, 0.0)], [0.990216, 0.0377766, -0.134329, 0.0)], [0.053787, 0.784936, 0.617238, 0.0)], [-0.0703924, -0.161122, -0.0718935, 1.0)]])
-0.0703924, -0.161122, -0.0718935
float3(-0.902592, 0.0869218, -1.50979)
369197.377599666
normal
simd_float4x4([[0.128488, -0.474652, 0.870745, 0.0)], [0.990298, 0.0145559, -0.138195, 0.0)], [0.0529202, 0.880053, 0.471917, 0.0)], [-0.0832921, -0.199676, -0.0732406, 1.0)]])
-0.0832921, -0.199676, -0.0732406
float3(-1.07597, 0.111672, -1.54014)
369197.627739875
normal
simd_float4x4([[0.104241, -0.376505, 0.920531, 0.0)], [0.993937, 0.00689847, -0.109732, 0.0)], [0.0349645, 0.926389, 0.374941, 0.0)], [-0.0959874, -0.202647, -0.0708571, 1.0)]])
-0.0959874, -0.202647, -0.0708571
float3(-1.18471, 0.0929845, -1.55248)
369197.844527708
normal
simd_float4x4([[0.0707116, -0.337382, 0.938708, 0.0)], [0.996253, -0.0231008, -0.0833491, 0.0)], [0.0498054, 0.941084, 0.334484, 0.0)], [-0.0987051, -0.183931, -0.0670552, 1.0)]])
-0.0987051, -0.183931, -0.0670552
float3(-1.22582, 0.147816, -1.63916)
369198.061315916
normal
simd_float4x4([[0.0402115, -0.283866, 0.95802, 0.0)], [0.999101, -0.0014398, -0.0423624, 0.0)], [0.0134046, 0.958863, 0.283553, 0.0)], [-0.110105, -0.146999, -0.0665233, 1.0)]])
-0.110105, -0.146999, -0.0665233
float3(-1.28297, 0.0472386, -1.57587)
369198.278103958
normal
simd_float4x4([[0.0317522, -0.224859, 0.973874, 0.0)], [0.999473, 0.000552989, -0.0324591, 0.0)], [0.00676018, 0.974391, 0.224758, 0.0)], [-0.116063, -0.106789, -0.0768524, 1.0)]])
-0.116063, -0.106789, -0.0768524
float3(-1.344, 0.0300686, -1.56834)
369198.478216041
normal
simd_float4x4([[0.0196018, -0.193945, 0.980816, 0.0)], [0.999799, -0.000333317, -0.020047, 0.0)], [0.00421495, 0.981012, 0.1939, 0.0)], [-0.117034, -0.0489009, -0.0927167, 1.0)]])
-0.117034, -0.0489009, -0.0927167
float3(-1.37561, 0.0217344, -1.57251)
369198.67832825
normal
simd_float4x4([[0.00203064, -0.179084, 0.983832, 0.0)], [0.999975, 0.00700633, -0.000788616, 0.0)], [-0.00675182, 0.983809, 0.179094, 0.0)], [-0.117883, 0.0313118, -0.116103, 1.0)]])
-0.117883, 0.0313118, -0.116103
float3(-1.3906, -0.0376821, -1.53169)
369198.878440458
normal
simd_float4x4([[-0.00477168, -0.163888, 0.986467, 0.0)], [0.999967, 0.00570897, 0.00578545, 0.0)], [-0.00657988, 0.986462, 0.163856, 0.0)], [-0.117843, 0.111962, -0.14736, 1.0)]])
-0.117843, 0.111962, -0.14736
float3(-1.40606, -0.040135, -1.53598)
369199.0785525
normal
simd_float4x4([[0.0018402, -0.150613, 0.988591, 0.0)], [0.999967, 0.0080659, -0.000632527, 0.0)], [-0.00787861, 0.98856, 0.150623, 0.0)], [-0.118849, 0.205714, -0.190586, 1.0)]])
-0.118849, 0.205714, -0.190586
float3(-1.41939, -0.0522592, -1.51729)
369199.278664833
normal
simd_float4x4([[-0.0066079, -0.132703, 0.991134, 0.0)], [0.999963, 0.0046531, 0.00728976, 0.0)], [-0.00557922, 0.991145, 0.132667, 0.0)], [-0.11408, 0.307324, -0.243955, 1.0)]])
-0.11408, 0.307324, -0.243955
float3(-1.43762, -0.0420295, -1.53575)
369199.478777166
normal
simd_float4x4([[-0.0292186, -0.108477, 0.993669, 0.0)], [0.999487, 0.00986338, 0.0304664, 0.0)], [-0.0131058, 0.99405, 0.108133, 0.0)], [-0.101821, 0.410484, -0.312016, 1.0)]])
-0.101821, 0.410484, -0.312016
float3(-1.46166, -0.120613, -1.48012)
369199.695565291
normal
simd_float4x4([[-0.0473685, -0.100624, 0.993796, 0.0)], [0.998835, 0.00444405, 0.0480586, 0.0)], [-0.00925233, 0.994915, 0.100296, 0.0)], [-0.0813475, 0.518912, -0.389334, 1.0)]])
-0.0813475, 0.518912, -0.389334
float3(-1.4699, -0.0919895, -1.52666)
369199.912353541
normal
simd_float4x4([[-0.0682524, -0.0977169, 0.992871, 0.0)], [0.997666, -0.00868251, 0.0677275, 0.0)], [0.00200249, 0.995176, 0.0980814, 0.0)], [-0.044119, 0.621025, -0.472385, 1.0)]])
-0.044119, 0.621025, -0.472385
float3(-1.47254, 0.0204138, -1.65942)
369200.112465916
normal
simd_float4x4([[-0.126869, -0.0970033, 0.987165, 0.0)], [0.991915, -0.0152622, 0.12598, 0.0)], [0.00284579, 0.995167, 0.0981553, 0.0)], [0.031573, 0.700502, -0.542312, 1.0)]])
0.031573, 0.700502, -0.542312
float3(-1.47244, 0.0289846, -1.72685)
369200.312578291
normal
simd_float4x4([[-0.239155, -0.0906207, 0.966743, 0.0)], [0.970613, 0.00509237, 0.24059, 0.0)], [-0.0267255, 0.995872, 0.0867398, 0.0)], [0.186904, 0.637313, -0.562255, 1.0)]])
0.186904, 0.637313, -0.562255
float3(-1.47991, -0.298881, -1.51466)
369200.512690541
normal
simd_float4x4([[-0.397176, -0.0893489, 0.913383, 0.0)], [0.917324, -0.00858895, 0.39805, 0.0)], [-0.0277203, 0.995963, 0.0853732, 0.0)], [0.306652, 0.268884, -0.386266, 1.0)]])
0.306652, 0.268884, -0.386266
float3(-1.48092, -0.313956, -1.66663)
369200.712803
normal
simd_float4x4([[-0.477481, -0.0958197, 0.873402, 0.0)], [0.878642, -0.0522406, 0.474614, 0.0)], [0.000149606, 0.994027, 0.109135, 0.0)], [0.378926, -0.233393, -0.192434, 1.0)]])
0.378926, -0.233393, -0.192434
float3(-1.46144, 0.00137083, -2.06994)
369200.912915375
normal
simd_float4x4([[-0.547083, -0.0910999, 0.832106, 0.0)], [0.836602, -0.0930311, 0.539854, 0.0)], [0.0282311, 0.991487, 0.12711, 0.0)], [0.427122, -0.379123, -0.149404, 1.0)]])
0.427122, -0.379123, -0.149404
float3(-1.44022, 0.218552, -2.36668)
369201.11302775
normal
simd_float4x4([[-0.60974, -0.103157, 0.78586, 0.0)], [0.792052, -0.116192, 0.599293, 0.0)], [0.0294898, 0.987855, 0.152552, 0.0)], [0.521395, -0.413957, -0.138053, 1.0)]])
0.521395, -0.413957, -0.138053
float3(-1.41479, 0.190954, -2.41555)
369201.313140166
normal
simd_float4x4([[-0.704644, -0.12146, 0.699088, 0.0)], [0.70935, -0.0965692, 0.69821, 0.0)], [-0.0172939, 0.987888, 0.154204, 0.0)], [0.637081, -0.412701, -0.113373, 1.0)]])
0.637081, -0.412701, -0.113373
float3(-1.415, -0.111683, -2.24253)
369201.529928708
normal
simd_float4x4([[-0.804012, -0.129244, 0.580397, 0.0)], [0.592362, -0.0892362, 0.800715, 0.0)], [-0.0516952, 0.987589, 0.148306, 0.0)], [0.716224, -0.404571, -0.0724766, 1.0)]])
0.716224, -0.404571, -0.0724766
float3(-1.41309, -0.335401, -2.17508)
369201.746717083
normal
simd_float4x4([[-0.893612, -0.127716, 0.430285, 0.0)], [0.441319, -0.0752555, 0.894189, 0.0)], [-0.081821, 0.988952, 0.123613, 0.0)], [0.752265, -0.395938, -0.0196601, 1.0)]])
0.752265, -0.395938, -0.0196601
float3(-1.42201, -0.584705, -2.10327)
369201.946829583
normal
simd_float4x4([[-0.967462, -0.149865, 0.203858, 0.0)], [0.215686, -0.0672693, 0.974143, 0.0)], [-0.132276, 0.986415, 0.0974042, 0.0)], [0.776873, -0.387666, 0.0359811, 1.0)]])
0.776873, -0.387666, 0.0359811
float3(-1.40578, -0.936076, -1.99271)
369202.146942125
normal
simd_float4x4([[-0.98906, -0.116678, -0.0902576, 0.0)], [-0.0865298, -0.0366395, 0.995575, 0.0)], [-0.119469, 0.992494, 0.0261425, 0.0)], [0.843971, -0.396865, 0.0970384, 1.0)]])
0.843971, -0.396865, 0.0970384
float3(-1.44819, -1.35537, -1.87507)
369202.347054666
normal
simd_float4x4([[-0.925408, -0.123043, -0.358441, 0.0)], [-0.357422, -0.0310248, 0.933427, 0.0)], [-0.125973, 0.991916, -0.0152678, 0.0)], [0.905135, -0.396645, 0.160843, 1.0)]])
0.905135, -0.396645, 0.160843
float3(-1.44356, -1.69141, -1.81779)
369202.547167083
normal
simd_float4x4([[-0.815413, -0.131533, -0.563738, 0.0)], [-0.56625, -0.0210762, 0.823964, 0.0)], [-0.12026, 0.991088, -0.057295, 0.0)], [0.925759, -0.386924, 0.225023, 1.0)]])
0.925759, -0.386924, 0.225023
float3(-1.43719, -2.01541, -1.72968)
369202.747279666
normal
simd_float4x4([[-0.68772, -0.12591, -0.714974, 0.0)], [-0.718741, -0.0206048, 0.694972, 0.0)], [-0.102236, 0.991828, -0.076326, 0.0)], [0.898887, -0.37947, 0.289132, 1.0)]])
0.898887, -0.37947, 0.289132
float3(-1.44286, -2.2121, -1.73301)
369202.947392166
normal
simd_float4x4([[-0.585218, -0.117987, -0.802246, 0.0)], [-0.806511, -0.0178265, 0.590951, 0.0)], [-0.0840259, 0.992855, -0.0847257, 0.0)], [0.873362, -0.381435, 0.355181, 1.0)]])
0.873362, -0.381435, 0.355181
float3(-1.45118, -2.36034, -1.72075)
369203.147504708
normal
simd_float4x4([[-0.515039, -0.111368, -0.849901, 0.0)], [-0.852153, -0.0405593, 0.521719, 0.0)], [-0.0925744, 0.992951, -0.0740134, 0.0)], [0.854899, -0.391284, 0.448006, 1.0)]])
0.854899, -0.391284, 0.448006
float3(-1.45199, -2.24523, -1.92006)
369203.347617291
normal
simd_float4x4([[-0.425232, -0.0837056, -0.901205, 0.0)], [-0.899704, -0.0693103, 0.430962, 0.0)], [-0.0985367, 0.994077, -0.0458373, 0.0)], [0.819594, -0.413234, 0.563872, 1.0)]])
0.819594, -0.413234, 0.563872
float3(-1.4619, -2.0062, -2.26239)
369203.547729833
normal
simd_float4x4([[-0.377024, -0.121521, -0.918197, 0.0)], [-0.921716, -0.0482433, 0.384854, 0.0)], [-0.0910648, 0.991416, -0.0938193, 0.0)], [0.802246, -0.407627, 0.673285, 1.0)]])
0.802246, -0.407627, 0.673285
float3(-1.43967, -2.37109, -1.94871)
369203.747842708
normal
simd_float4x4([[-0.311213, -0.141499, -0.939747, 0.0)], [-0.948274, -0.0189386, 0.316889, 0.0)], [-0.0626368, 0.989757, -0.128286, 0.0)], [0.792009, -0.395724, 0.771016, 1.0)]])
0.792009, -0.395724, 0.771016
float3(-1.42755, -2.68738, -1.70385)
369203.964631375
normal
simd_float4x4([[-0.249356, -0.1442, -0.957616, 0.0)], [-0.967963, 0.00702166, 0.250993, 0.0)], [-0.0294692, 0.989524, -0.141331, 0.0)], [0.802539, -0.397964, 0.889985, 1.0)]])
0.802539, -0.397964, 0.889985
float3(-1.42592, -2.93603, -1.52214)
369204.164743958
normal
simd_float4x4([[-0.169489, -0.165804, -0.971485, 0.0)], [-0.985498, 0.020325, 0.168465, 0.0)], [-0.00818672, 0.985949, -0.166844, 0.0)], [0.827847, -0.395921, 1.00989, 1.0)]])
0.827847, -0.395921, 1.00989
float3(-1.40296, -3.09256, -1.44882)
369204.364856875
normal
simd_float4x4([[-0.112636, -0.166448, -0.979596, 0.0)], [-0.99353, 0.0044762, 0.113478, 0.0)], [-0.0145034, 0.98604, -0.165876, 0.0)], [0.861907, -0.386177, 1.12229, 1.0)]])
0.861907, -0.386177, 1.12229
float3(-1.40351, -3.05438, -1.54391)
369204.564969541
normal
simd_float4x4([[-0.0749519, -0.162949, -0.983783, 0.0)], [-0.996924, -0.0103994, 0.0776756, 0.0)], [-0.0228879, 0.98658, -0.161668, 0.0)], [0.878971, -0.372781, 1.23252, 1.0)]])
0.878971, -0.372781, 1.23252
float3(-1.40678, -3.00095, -1.63453)
369204.765082291
normal
simd_float4x4([[-0.0539397, -0.176228, -0.98287, 0.0)], [-0.998141, -0.0184504, 0.0580859, 0.0)], [-0.0283707, 0.984176, -0.174905, 0.0)], [0.878804, -0.372858, 1.34859, 1.0)]])
0.878804, -0.372858, 1.34859
float3(-1.39266, -2.98079, -1.67511)
369204.965194916
normal
simd_float4x4([[-0.0530637, -0.205975, -0.977117, 0.0)], [-0.997467, -0.0354791, 0.0616478, 0.0)], [-0.0473651, 0.977914, -0.203571, 0.0)], [0.865926, -0.38405, 1.49173, 1.0)]])
0.865926, -0.38405, 1.49173
float3(-1.36024, -2.91299, -1.74137)
369205.165307583
normal
simd_float4x4([[-0.0971516, -0.170658, -0.980529, 0.0)], [-0.992907, -0.0512273, 0.107294, 0.0)], [-0.0685404, 0.983998, -0.16447, 0.0)], [0.85358, -0.384685, 1.63144, 1.0)]])
0.85358, -0.384685, 1.63144
float3(-1.39166, -2.74674, -1.86241)
369205.365420416
normal
simd_float4x4([[-0.114167, -0.16646, -0.979417, 0.0)], [-0.992304, -0.0284687, 0.120507, 0.0)], [-0.0479424, 0.985637, -0.161929, 0.0)], [0.836739, -0.372135, 1.74884, 1.0)]])
0.836739, -0.372135, 1.74884
float3(-1.40111, -2.85374, -1.74018)
369205.565533125
normal
simd_float4x4([[-0.0793859, -0.136151, -0.987502, 0.0)], [-0.99658, -0.0119338, 0.0817611, 0.0)], [-0.0229165, 0.990616, -0.134738, 0.0)], [0.821243, -0.380259, 1.86421, 1.0)]])
0.821243, -0.380259, 1.86421
float3(-1.43369, -2.97312, -1.65822)
369205.765645833
normal
simd_float4x4([[-0.0480022, -0.144961, -0.988272, 0.0)], [-0.998763, -0.00589219, 0.049376, 0.0)], [-0.0129807, 0.98942, -0.144499, 0.0)], [0.825467, -0.38493, 2.0015, 1.0)]])
0.825467, -0.38493, 2.0015
float3(-1.4252, -3.052, -1.61142)
369205.96575875
normal
simd_float4x4([[-0.0316222, -0.135449, -0.99028, 0.0)], [-0.999467, -0.00374184, 0.0324274, 0.0)], [-0.00809772, 0.990777, -0.135258, 0.0)], [0.846869, -0.377801, 2.15752, 1.0)]])
0.846869, -0.377801, 2.15752
float3(-1.43488, -3.0818, -1.59841)
369206.165871416
normal
simd_float4x4([[-0.00673339, -0.14262, -0.989754, 0.0)], [-0.999856, -0.0144316, 0.00888165, 0.0)], [-0.0155505, 0.989672, -0.142502, 0.0)], [0.861394, -0.351844, 2.29914, 1.0)]])
0.861394, -0.351844, 2.29914
float3(-1.42695, -3.0329, -1.67164)
369206.382660375
normal
simd_float4x4([[-0.00335877, -0.130371, -0.991459, 0.0)], [-0.999932, -0.0106535, 0.00478834, 0.0)], [-0.0111867, 0.991408, -0.130326, 0.0)], [0.86663, -0.345893, 2.4471, 1.0)]])
0.86663, -0.345893, 2.4471
float3(-1.43961, -3.05597, -1.65233)
369206.582773291
normal
simd_float4x4([[-0.0299075, -0.131505, -0.990864, 0.0)], [-0.999446, -0.0105572, 0.0315676, 0.0)], [-0.0146121, 0.991259, -0.131116, 0.0)], [0.868653, -0.344186, 2.60863, 1.0)]])
0.868653, -0.344186, 2.60863
float3(-1.43848, -3.03061, -1.6509)
369206.782886125
normal
simd_float4x4([[-0.0780534, -0.119609, -0.989748, 0.0)], [-0.996148, -0.030433, 0.0822359, 0.0)], [-0.0399571, 0.992355, -0.116773, 0.0)], [0.87248, -0.326968, 2.77311, 1.0)]])
0.87248, -0.326968, 2.77311
float3(-1.44706, -2.8119, -1.81995)
369206.999675125
normal
simd_float4x4([[-0.0940627, -0.121306, -0.988148, 0.0)], [-0.995517, 0.00158928, 0.0945691, 0.0)], [-0.00990138, 0.992614, -0.120912, 0.0)], [0.870656, -0.299489, 2.92901, 1.0)]])
0.870656, -0.299489, 2.92901
float3(-1.44918, -3.05989, -1.5577)
369207.199787916
normal
simd_float4x4([[-0.0739172, -0.0945524, -0.992772, 0.0)], [-0.997142, 0.0225638, 0.0720936, 0.0)], [0.0155841, 0.995264, -0.0959501, 0.0)], [0.872099, -0.309422, 3.08896, 1.0)]])
0.872099, -0.309422, 3.08896
float3(-1.47344, 2.98058, -1.33654)
369207.416576875
normal
simd_float4x4([[-0.0217769, -0.105619, -0.994168, 0.0)], [-0.999689, 0.0143963, 0.0203684, 0.0)], [0.0121611, 0.994303, -0.105899, 0.0)], [0.883895, -0.308567, 3.27602, 1.0)]])
0.883895, -0.308567, 3.27602
float3(-1.464, 3.02726, -1.43533)
369207.616689916
normal
simd_float4x4([[-0.0133628, -0.0988782, -0.99501, 0.0)], [-0.999861, -0.00854825, 0.0142774, 0.0)], [-0.00991732, 0.995063, -0.0987503, 0.0)], [0.899848, -0.299163, 3.42752, 1.0)]])
0.899848, -0.299163, 3.42752
float3(-1.47139, -3.0415, -1.65703)
369207.816802708
normal
simd_float4x4([[-0.00164422, -0.10697, -0.994261, 0.0)], [-0.999858, -0.0165116, 0.0034299, 0.0)], [-0.0167837, 0.994125, -0.106927, 0.0)], [0.907283, -0.29624, 3.55469, 1.0)]])
0.907283, -0.29624, 3.55469
float3(-1.46235, -2.9859, -1.72395)
369208.016915791
normal
simd_float4x4([[-0.0287775, -0.110905, -0.993414, 0.0)], [-0.999416, -0.0151263, 0.03064, 0.0)], [-0.0184248, 0.993716, -0.110404, 0.0)], [0.905447, -0.312109, 3.6975, 1.0)]])
0.905447, -0.312109, 3.6975
float3(-1.45863, -2.97623, -1.70635)
369208.217028833
normal
simd_float4x4([[-0.0803349, -0.0893323, -0.992757, 0.0)], [-0.996558, -0.0132428, 0.0818342, 0.0)], [-0.0204573, 0.995914, -0.087961, 0.0)], [0.89304, -0.32122, 3.84179, 1.0)]])
0.89304, -0.32122, 3.84179
float3(-1.48036, -2.91308, -1.71797)
369208.417141833
normal
simd_float4x4([[-0.106881, -0.124354, -0.986465, 0.0)], [-0.994141, -0.0027282, 0.108056, 0.0)], [-0.0161285, 0.992234, -0.123333, 0.0)], [0.882104, -0.304618, 3.97001, 1.0)]])
0.882104, -0.304618, 3.97001
float3(-1.44609, -3.01156, -1.59273)
369208.617254708
normal
simd_float4x4([[-0.115338, -0.104668, -0.987796, 0.0)], [-0.992971, 0.0387293, 0.111838, 0.0)], [0.0265508, 0.993753, -0.108399, 0.0)], [0.883628, -0.31097, 4.108, 1.0)]])
0.883628, -0.31097, 4.108
float3(-1.45896, 2.90139, -1.2164)
369208.817367666
normal
simd_float4x4([[-0.0668858, -0.126939, -0.989653, 0.0)], [-0.99738, 0.0358914, 0.0628044, 0.0)], [0.0275477, 0.991261, -0.129007, 0.0)], [0.901992, -0.31675, 4.25925, 1.0)]])
0.901992, -0.31675, 4.25925
float3(-1.4385, 2.93122, -1.29524)
369209.034156833
normal
simd_float4x4([[-0.0205908, -0.112265, -0.993465, 0.0)], [-0.999762, -0.00488362, 0.0212731, 0.0)], [-0.00723992, 0.993666, -0.112137, 0.0)], [0.931696, -0.309859, 4.43748, 1.0)]])
0.931696, -0.309859, 4.43748
float3(-1.45819, -3.07712, -1.61427)
369209.234269791
normal
simd_float4x4([[-0.00762266, -0.115945, -0.993226, 0.0)], [-0.999625, -0.0252435, 0.0106186, 0.0)], [-0.0263036, 0.992935, -0.115709, 0.0)], [0.950365, -0.30135, 4.57717, 1.0)]])
0.950365, -0.30135, 4.57717
float3(-1.45185, -2.91807, -1.78517)
369209.434382833
normal
simd_float4x4([[-0.0261472, -0.123419, -0.99201, 0.0)], [-0.999426, -0.0181324, 0.0285986, 0.0)], [-0.0215171, 0.992189, -0.122874, 0.0)], [0.95622, -0.306401, 4.72983, 1.0)]])
0.95622, -0.306401, 4.72983
float3(-1.44573, -2.96824, -1.71667)
369209.634495791
normal
simd_float4x4([[-0.0666068, -0.111349, -0.991547, 0.0)], [-0.996997, -0.031913, 0.0705568, 0.0)], [-0.0394997, 0.993269, -0.108889, 0.0)], [0.95207, -0.306864, 4.89349, 1.0)]])
0.95207, -0.306864, 4.89349
float3(-1.4547, -2.7936, -1.84992)
369209.834608958
normal
simd_float4x4([[-0.0864944, -0.132291, -0.98743, 0.0)], [-0.995917, -0.0142364, 0.0891451, 0.0)], [-0.0258505, 0.991109, -0.13052, 0.0)], [0.943125, -0.282044, 5.0449, 1.0)]])
0.943125, -0.282044, 5.0449
float3(-1.43735, -2.94606, -1.678)
369210.034721833
normal
simd_float4x4([[-0.0916204, -0.12993, -0.987281, 0.0)], [-0.995731, 0.0231369, 0.0893596, 0.0)], [0.0112321, 0.991253, -0.131495, 0.0)], [0.940948, -0.270233, 5.19113, 1.0)]])
0.940948, -0.270233, 5.19113
float3(-1.43844, 3.05638, -1.39457)
369210.251510958
normal
simd_float4x4([[-0.0403976, -0.14327, -0.988859, 0.0)], [-0.998998, 0.0248548, 0.0372108, 0.0)], [0.0192467, 0.989372, -0.14413, 0.0)], [0.952462, -0.273446, 5.3671, 1.0)]])
0.952462, -0.273446, 5.3671
float3(-1.42487, 3.00884, -1.39902)
369210.451624083
normal
simd_float4x4([[0.0165733, -0.151409, -0.988332, 0.0)], [-0.999715, 0.0144889, -0.0189839, 0.0)], [0.0171941, 0.988365, -0.151126, 0.0)], [0.97293, -0.263175, 5.52474, 1.0)]])
0.97293, -0.263175, 5.52474
float3(-1.4181, 3.02831, -1.47539)
369210.651737208
normal
simd_float4x4([[0.0131006, -0.130807, -0.991321, 0.0)], [-0.999835, -0.0141918, -0.0113405, 0.0)], [-0.0125852, 0.991306, -0.130971, 0.0)], [0.99955, -0.249252, 5.66321, 1.0)]])
0.99955, -0.249252, 5.66321
float3(-1.43884, -3.0458, -1.67887)
369210.851850333
normal
simd_float4x4([[-0.0251133, -0.130878, -0.99108, 0.0)], [-0.999574, -0.0114747, 0.0268439, 0.0)], [-0.0148857, 0.991332, -0.130534, 0.0)], [1.0194, -0.257134, 5.81839, 1.0)]])
1.0194, -0.257134, 5.81839
float3(-1.43903, -3.02805, -1.65825)
369211.051963333
normal
simd_float4x4([[-0.0625157, -0.122176, -0.990538, 0.0)], [-0.99753, -0.0242091, 0.065943, 0.0)], [-0.0320367, 0.992213, -0.120361, 0.0)], [1.02192, -0.273567, 5.98587, 1.0)]])
1.02192, -0.273567, 5.98587
float3(-1.44592, -2.88145, -1.76641)
369211.2520765
normal
simd_float4x4([[-0.0864055, -0.122132, -0.988745, 0.0)], [-0.996023, -0.0110717, 0.0884091, 0.0)], [-0.0217447, 0.992452, -0.12069, 0.0)], [1.01963, -0.263153, 6.13833, 1.0)]])
1.01963, -0.263153, 6.13833
float3(-1.44785, -2.96334, -1.6612)
369211.452189708
normal
simd_float4x4([[-0.0943443, -0.133024, -0.986612, 0.0)], [-0.995459, 0.0251826, 0.091795, 0.0)], [0.0126345, 0.990793, -0.134796, 0.0)], [1.02258, -0.254608, 6.28734, 1.0)]])
1.02258, -0.254608, 6.28734
float3(-1.43499, 3.04814, -1.3837)
369211.668978875
normal
simd_float4x4([[-0.0595765, -0.157942, -0.98565, 0.0)], [-0.997957, 0.0322671, 0.0551499, 0.0)], [0.0230936, 0.986921, -0.159541, 0.0)], [1.03772, -0.257183, 6.47181, 1.0)]])
1.03772, -0.257183, 6.47181
float3(-1.40889, 2.99784, -1.36927)
369211.869092166
normal
simd_float4x4([[-0.0256033, -0.141756, -0.98957, 0.0)], [-0.999669, 0.00616592, 0.0249813, 0.0)], [0.00256038, 0.989882, -0.141866, 0.0)], [1.05858, -0.244398, 6.6437, 1.0)]])
1.05858, -0.244398, 6.6437
float3(-1.42843, 3.12355, -1.52733)
369212.085881333
normal
simd_float4x4([[-0.0163624, -0.137613, -0.990351, 0.0)], [-0.999697, -0.0159392, 0.0187316, 0.0)], [-0.0183631, 0.990358, -0.137311, 0.0)], [1.07804, -0.222852, 6.80461, 1.0)]])
1.07804, -0.222852, 6.80461
float3(-1.43182, -3.00865, -1.68611)
369212.2859945
normal
simd_float4x4([[-0.038954, -0.161051, -0.986177, 0.0)], [-0.998973, -0.0165651, 0.0421647, 0.0)], [-0.0231268, 0.986807, -0.16024, 0.0)], [1.08552, -0.218273, 6.96658, 1.0)]])
1.08552, -0.218273, 6.96658
float3(-1.40818, -2.99826, -1.67329)
369212.486107875
normal
simd_float4x4([[-0.0735264, -0.167884, -0.983061, 0.0)], [-0.996255, -0.0326007, 0.0800807, 0.0)], [-0.0454927, 0.985268, -0.164858, 0.0)], [1.07709, -0.212038, 7.13397, 1.0)]])
1.07709, -0.212038, 7.13397
float3(-1.39893, -2.87234, -1.7626)
369212.686220958
normal
simd_float4x4([[-0.109952, -0.179849, -0.97753, 0.0)], [-0.993834, 0.00572865, 0.110732, 0.0)], [-0.014315, 0.983678, -0.17937, 0.0)], [1.07265, -0.193507, 7.28694, 1.0)]])
1.07265, -0.193507, 7.28694
float3(-1.38987, -3.06195, -1.53895)
369212.903010083
normal
simd_float4x4([[-0.109781, -0.159356, -0.981098, 0.0)], [-0.99381, 0.0344977, 0.105601, 0.0)], [0.0170176, 0.986618, -0.162157, 0.0)], [1.07869, -0.197953, 7.45945, 1.0)]])
1.07869, -0.197953, 7.45945
float3(-1.40702, 3.03703, -1.3576)
369213.119799458
normal
simd_float4x4([[-0.0581122, -0.16829, -0.984023, 0.0)], [-0.998167, 0.0264591, 0.0544224, 0.0)], [0.0168776, 0.985382, -0.16952, 0.0)], [1.10443, -0.218356, 7.64014, 1.0)]])
1.10443, -0.218356, 7.64014
float3(-1.3996, 3.04236, -1.41485)
369213.369941041
normal
simd_float4x4([[-0.0375536, -0.120429, -0.992011, 0.0)], [-0.999294, 0.00566356, 0.0371418, 0.0)], [0.00114539, 0.992706, -0.120556, 0.0)], [1.13785, -0.220355, 7.81965, 1.0)]])
1.13785, -0.220355, 7.81965
float3(-1.44994, 3.13209, -1.5238)
369213.5867305
normal
simd_float4x4([[-0.0367981, -0.120282, -0.992058, 0.0)], [-0.99931, -0.000516576, 0.0371298, 0.0)], [-0.00497851, 0.99274, -0.12018, 0.0)], [1.15367, -0.224933, 7.96644, 1.0)]])
1.15367, -0.224933, 7.96644
float3(-1.45022, -3.10019, -1.57509)
369213.820195875
normal
simd_float4x4([[-0.0798181, -0.137057, -0.987342, 0.0)], [-0.996384, -0.0179765, 0.0830444, 0.0)], [-0.0291307, 0.9904, -0.135126, 0.0)], [1.16222, -0.240176, 8.15878, 1.0)]])
1.16222, -0.240176, 8.15878
float3(-1.43212, -2.92926, -1.70121)
369214.03698525
normal
simd_float4x4([[-0.123405, -0.138702, -0.982615, 0.0)], [-0.992012, -0.00885751, 0.125835, 0.0)], [-0.0261571, 0.990295, -0.136501, 0.0)], [1.15918, -0.230005, 8.32188, 1.0)]])
1.15918, -0.230005, 8.32188
float3(-1.43136, -2.95226, -1.63457)
369214.253774458
normal
simd_float4x4([[-0.140671, -0.130148, -0.981465, 0.0)], [-0.990051, 0.0216337, 0.139032, 0.0)], [0.00313802, 0.991259, -0.131896, 0.0)], [1.15893, -0.225699, 8.48011, 1.0)]])
1.15893, -0.225699, 8.48011
float3(-1.43848, 3.11781, -1.40608)
369214.470564041
normal
simd_float4x4([[-0.10276, -0.138339, -0.985039, 0.0)], [-0.99468, 0.021403, 0.10076, 0.0)], [0.00714368, 0.990154, -0.139803, 0.0)], [1.17403, -0.242727, 8.66047, 1.0)]])
1.17403, -0.242727, 8.66047
float3(-1.43035, 3.09054, -1.4173)
369214.687353416
normal
simd_float4x4([[-0.0571588, -0.13707, -0.988911, 0.0)], [-0.998359, 0.00432995, 0.0571048, 0.0)], [-0.00354542, 0.990552, -0.137093, 0.0)], [1.2002, -0.244907, 8.83796, 1.0)]])
1.2002, -0.244907, 8.83796
float3(-1.43322, -3.11574, -1.53922)
369214.937495041
normal
simd_float4x4([[-0.064735, -0.135153, -0.988708, 0.0)], [-0.997797, -0.0056526, 0.0661028, 0.0)], [-0.0145227, 0.990809, -0.134489, 0.0)], [1.23369, -0.223381, 8.99969, 1.0)]])
1.23369, -0.223381, 8.99969
float3(-1.43511, -3.03402, -1.6126)
369215.170960583
normal
simd_float4x4([[-0.12928, -0.13045, -0.98299, 0.0)], [-0.991182, -0.0120625, 0.131958, 0.0)], [-0.0290712, 0.991382, -0.12774, 0.0)], [1.25856, -0.242906, 9.17764, 1.0)]])
1.25856, -0.242906, 9.17764
float3(-1.43941, -2.91782, -1.663)
369215.387749833
normal
simd_float4x4([[-0.168948, -0.101279, -0.980407, 0.0)], [-0.985236, -0.0105796, 0.170873, 0.0)], [-0.0276783, 0.994802, -0.0979967, 0.0)], [1.26114, -0.248826, 9.36292, 1.0)]])
1.26114, -0.248826, 9.36292
float3(-1.46879, -2.86632, -1.67488)
369215.621215416
normal
simd_float4x4([[-0.178949, -0.124234, -0.975983, 0.0)], [-0.98383, 0.015058, 0.178471, 0.0)], [-0.00747582, 0.992139, -0.12492, 0.0)], [1.26204, -0.228793, 9.53264, 1.0)]])
1.26204, -0.228793, 9.53264
float3(-1.44532, -3.08182, -1.45018)
369215.821328875
normal
simd_float4x4([[-0.147384, -0.0997084, -0.984041, 0.0)], [-0.988943, 0.031382, 0.144939, 0.0)], [0.0164296, 0.994522, -0.103231, 0.0)], [1.26979, -0.249224, 9.67939, 1.0)]])
1.26979, -0.249224, 9.67939
float3(-1.46607, 2.98376, -1.26587)
369216.021442125
normal
simd_float4x4([[-0.0913447, -0.0900795, -0.991737, 0.0)], [-0.995669, 0.0255797, 0.0893834, 0.0)], [0.0173167, 0.995606, -0.0920259, 0.0)], [1.29666, -0.268652, 9.83821, 1.0)]])
1.29666, -0.268652, 9.83821
float3(-1.47702, 2.9556, -1.29411)
369216.221555541
normal
simd_float4x4([[-0.075174, -0.12524, -0.989274, 0.0)], [-0.996639, -0.0229499, 0.0786391, 0.0)], [-0.0325525, 0.991861, -0.123094, 0.0)], [1.33994, -0.237756, 9.98458, 1.0)]])
1.33994, -0.237756, 9.98458
float3(-1.44312, -2.88306, -1.75203)
369216.421668833
normal
simd_float4x4([[-0.105057, -0.180299, -0.977985, 0.0)], [-0.992445, -0.0436592, 0.11466, 0.0)], [-0.0633711, 0.982642, -0.17435, 0.0)], [1.38279, -0.201689, 10.1076, 1.0)]])
1.38279, -0.201689, 10.1076
float3(-1.38421, -2.79297, -1.80837)
369216.621782291
normal
simd_float4x4([[-0.174956, -0.179529, -0.96807, 0.0)], [-0.98239, -0.033656, 0.183786, 0.0)], [-0.0655762, 0.983177, -0.170479, 0.0)], [1.41061, -0.201501, 10.2207, 1.0)]])
1.41061, -0.201501, 10.2207
float3(-1.38711, -2.77438, -1.75611)
369216.82189575
normal
simd_float4x4([[-0.26589, -0.199473, -0.94314, 0.0)], [-0.959703, -0.0375376, 0.278499, 0.0)], [-0.0909562, 0.979184, -0.181454, 0.0)], [1.42795, -0.205399, 10.3452, 1.0)]])
1.42795, -0.205399, 10.3452
float3(-1.3664, -2.67693, -1.7568)
369217.022009125
normal
simd_float4x4([[-0.314302, -0.206776, -0.92653, 0.0)], [-0.945965, -0.013796, 0.323974, 0.0)], [-0.0797725, 0.978291, -0.191267, 0.0)], [1.42603, -0.19203, 10.4478, 1.0)]])
1.42603, -0.19203, 10.4478
float3(-1.36205, -2.74645, -1.63742)
369217.2221225
normal
simd_float4x4([[-0.287556, -0.214116, -0.933523, 0.0)], [-0.955609, -0.00120685, 0.294635, 0.0)], [-0.0642127, 0.976808, -0.204264, 0.0)], [1.4185, -0.181113, 10.5269, 1.0)]])
1.4185, -0.181113, 10.5269
float3(-1.35501, -2.83701, -1.57643)
369217.438912041
normal
simd_float4x4([[-0.205835, -0.19593, -0.958772, 0.0)], [-0.977711, -0.000274811, 0.209957, 0.0)], [-0.0414003, 0.980618, -0.191506, 0.0)], [1.40497, -0.179578, 10.5827, 1.0)]])
1.40497, -0.179578, 10.5827
float3(-1.37359, -2.92869, -1.5722)
369217.639025458
normal
simd_float4x4([[-0.164706, -0.150796, -0.974747, 0.0)], [-0.985148, -0.0234799, 0.170096, 0.0)], [-0.0485367, 0.988286, -0.144689, 0.0)], [1.40255, -0.196324, 10.6069, 1.0)]])
1.40255, -0.196324, 10.6069
float3(-1.41758, -2.81793, -1.72526)
369217.83913875
normal
simd_float4x4([[-0.158622, -0.106518, -0.981577, 0.0)], [-0.986249, -0.0296161, 0.162591, 0.0)], [-0.0463894, 0.99387, -0.100356, 0.0)], [1.41172, -0.22083, 10.6158, 1.0)]])
1.41172, -0.22083, 10.6158
float3(-1.46001, -2.7086, -1.84198)
369218.039252125
normal
simd_float4x4([[-0.149179, -0.103241, -0.983406, 0.0)], [-0.987601, -0.0336185, 0.153345, 0.0)], [-0.0488921, 0.994088, -0.0969461, 0.0)], [1.41769, -0.232669, 10.6203, 1.0)]])
1.41769, -0.232669, 10.6203
float3(-1.462, -2.67449, -1.8856)
369218.256041625
normal
simd_float4x4([[-0.13434, -0.101664, -0.985706, 0.0)], [-0.990178, -0.025097, 0.137538, 0.0)], [-0.0387209, 0.994502, -0.0972935, 0.0)], [1.42177, -0.23864, 10.6246, 1.0)]])
1.42177, -0.23864, 10.6246
float3(-1.46589, -2.76283, -1.81282)
