ARKit Data
1980.231328833
limited(__ObjC.ARCamera.TrackingState.Reason.insufficientFeatures)
simd_float4x4([[0.927964, -0.109349, -0.356267, 0.0)], [-0.36086, -0.502419, -0.785719, 0.0)], [-0.0930778, 0.857682, -0.505686, 0.0)], [-31.4691, -0.301911, -8.59706, 1.0)]])
-31.4691, -0.301911, -8.59706
float3(-1.03074, -2.95957, -2.92729)
1980.348060333
limited(__ObjC.ARCamera.TrackingState.Reason.insufficientFeatures)
simd_float4x4([[0.931187, -0.141378, -0.33601, 0.0)], [-0.360415, -0.495338, -0.790406, 0.0)], [-0.0546922, 0.857119, -0.512207, 0.0)], [-33.3643, -0.443616, -8.94283, 1.0)]])
-33.3643, -0.443616, -8.94283
float3(-1.02965, -3.03522, -2.86357)
1980.44811575
limited(__ObjC.ARCamera.TrackingState.Reason.insufficientFeatures)
simd_float4x4([[0.922769, -0.168834, -0.3464, 0.0)], [-0.384277, -0.470332, -0.79443, 0.0)], [-0.0287966, 0.866189, -0.498887, 0.0)], [-35.0424, -0.573257, -9.24077, 1.0)]])
-35.0424, -0.573257, -9.24077
float3(-1.04752, -3.08394, -2.79695)
1980.564847125
limited(__ObjC.ARCamera.TrackingState.Reason.insufficientFeatures)
simd_float4x4([[0.918734, -0.187285, -0.347637, 0.0)], [-0.394837, -0.448105, -0.802064, 0.0)], [-0.00556293, 0.874143, -0.485636, 0.0)], [-36.481, -0.692211, -9.49739, 1.0)]])
-36.481, -0.692211, -9.49739
float3(-1.06367, -3.13014, -2.74571)
1981.222165625
notAvailable
simd_float4x4([[-0.972493, 0.0, 0.232933, 0.0)], [0.0, 1.0, 0.0, 0.0)], [-0.232933, 0.0, -0.972493, 0.0)], [-0.237555, -0.0702942, -0.00436125, 1.0)]])
-0.237555, -0.0702942, -0.00436125
float3(-0.0, -2.9065, 0.0)
1981.322187541
notAvailable
simd_float4x4([[-0.972493, 0.0, 0.232933, 0.0)], [0.0, 1.0, 0.0, 0.0)], [-0.232933, 0.0, -0.972493, 0.0)], [-0.237555, -0.0702942, -0.00436125, 1.0)]])
-0.237555, -0.0702942, -0.00436125
float3(-0.0, -2.9065, 0.0)
1981.422243166
limited(__ObjC.ARCamera.TrackingState.Reason.initializing)
simd_float4x4([[0.121959, -0.594487, 0.794802, 0.0)], [0.992533, 0.0746275, -0.0964811, 0.0)], [-0.00195735, 0.800635, 0.59915, 0.0)], [0.0, 0.0, 0.0, 1.0)]])
0.0, 0.0, 0.0
float3(-0.928353, -0.00326687, -1.44592)
1981.522298583
limited(__ObjC.ARCamera.TrackingState.Reason.initializing)
simd_float4x4([[0.108544, -0.621525, 0.775838, 0.0)], [0.993654, 0.0446827, -0.103222, 0.0)], [0.0294882, 0.782119, 0.622431, 0.0)], [0.0, 0.0, 0.0, 1.0)]])
0.0, 0.0, 0.0
float3(-0.898059, 0.0473405, -1.49903)
1981.622354125
limited(__ObjC.ARCamera.TrackingState.Reason.initializing)
simd_float4x4([[0.102199, -0.637684, 0.763488, 0.0)], [0.994002, 0.035426, -0.103467, 0.0)], [0.0389318, 0.769483, 0.63748, 0.0)], [0.0, 0.0, 0.0, 1.0)]])
0.0, 0.0, 0.0
float3(-0.878031, 0.0609957, -1.5153)
1981.722409583
limited(__ObjC.ARCamera.TrackingState.Reason.initializing)
simd_float4x4([[0.0972339, -0.685916, 0.721155, 0.0)], [0.994344, 0.0358376, -0.0999817, 0.0)], [0.0427346, 0.726797, 0.685521, 0.0)], [0.0, 0.0, 0.0, 1.0)]])
0.0, 0.0, 0.0
float3(-0.813647, 0.0622583, -1.5186)
1981.82246525
limited(__ObjC.ARCamera.TrackingState.Reason.initializing)
simd_float4x4([[0.0866364, -0.780783, 0.618767, 0.0)], [0.994829, 0.0347601, -0.0954291, 0.0)], [0.053001, 0.623835, 0.779757, 0.0)], [0.0, 0.0, 0.0, 1.0)]])
0.0, 0.0, 0.0
float3(-0.673639, 0.0678667, -1.52631)
1981.922520583
limited(__ObjC.ARCamera.TrackingState.Reason.initializing)
simd_float4x4([[0.0506088, -0.880557, 0.471229, 0.0)], [0.994413, 0.000664475, -0.105556, 0.0)], [0.0926347, 0.473939, 0.875671, 0.0)], [0.0, 0.0, 0.0, 1.0)]])
0.0, 0.0, 0.0
float3(-0.493758, 0.105395, -1.57004)
1982.02257625
limited(__ObjC.ARCamera.TrackingState.Reason.initializing)
simd_float4x4([[0.00977759, -0.940667, 0.339187, 0.0)], [0.991854, -0.0339593, -0.122771, 0.0)], [0.127005, 0.337624, 0.932672, 0.0)], [0.0, 0.0, 0.0, 1.0)]])
0.0, 0.0, 0.0
float3(-0.344392, 0.135341, -1.60688)
1982.12263175
limited(__ObjC.ARCamera.TrackingState.Reason.initializing)
simd_float4x4([[-0.00199262, -0.958489, 0.285119, 0.0)], [0.991114, -0.0398145, -0.126918, 0.0)], [0.133002, 0.282333, 0.950051, 0.0)], [0.0, 0.0, 0.0, 1.0)]])
0.0, 0.0, 0.0
float3(-0.286225, 0.13909, -1.61231)
1982.222687333
normal
simd_float4x4([[0.0251318, -0.970348, 0.240401, 0.0)], [0.988074, -0.0124327, -0.153477, 0.0)], [0.151915, 0.241391, 0.958463, 0.0)], [-0.00235768, 0.00708259, 0.00234506, 1.0)]])
-0.00235768, 0.00708259, 0.00234506
float3(-0.243799, 0.157191, -1.58361)
1982.339418708
normal
simd_float4x4([[0.0279009, -0.976005, 0.215955, 0.0)], [0.985275, -0.00960517, -0.170706, 0.0)], [0.168684, 0.217538, 0.961365, 0.0)], [-0.00653607, 0.0206444, -0.0123433, 1.0)]])
-0.00653607, 0.0206444, -0.0123433
float3(-0.219291, 0.173695, -1.58064)
1982.439474166
normal
simd_float4x4([[0.0278113, -0.982721, 0.182994, 0.0)], [0.982502, -0.00685415, -0.186128, 0.0)], [0.184167, 0.184968, 0.965334, 0.0)], [0.00408086, -0.00405778, -0.0209475, 1.0)]])
0.00408086, -0.00405778, -0.0209475
float3(-0.18604, 0.188515, -1.57777)
1982.539529833
normal
simd_float4x4([[0.0238661, -0.987216, 0.157592, 0.0)], [0.983695, -0.00491736, -0.179777, 0.0)], [0.178254, 0.159313, 0.971002, 0.0)], [0.0192395, -0.0106471, -0.0158966, 1.0)]])
0.0192395, -0.0106471, -0.0158966
float3(-0.159995, 0.181556, -1.57578)
1982.639585291
normal
simd_float4x4([[0.0189691, -0.98865, 0.149037, 0.0)], [0.988412, -0.00391066, -0.151745, 0.0)], [0.150606, 0.150188, 0.977119, 0.0)], [0.029559, -0.000307173, -0.00969851, 1.0)]])
0.029559, -0.000307173, -0.00969851
float3(-0.150758, 0.152929, -1.57475)
1982.739641
normal
simd_float4x4([[0.0166503, -0.990081, 0.139506, 0.0)], [0.994159, 0.00151298, -0.107917, 0.0)], [0.106636, 0.140488, 0.984323, 0.0)], [0.0385566, 0.0113718, -0.00866369, 1.0)]])
0.0385566, 0.0113718, -0.00866369
float3(-0.140954, 0.107913, -1.56927)
1982.839696541
normal
simd_float4x4([[0.00771622, -0.992576, 0.121385, 0.0)], [0.997975, -2.06526e-05, -0.0636083, 0.0)], [0.0631386, 0.12163, 0.990565, 0.0)], [0.0513171, 0.0196422, -0.00726421, 1.0)]])
0.0513171, 0.0196422, -0.00726421
float3(-0.121932, 0.0636538, -1.57082)
1982.939752083
normal
simd_float4x4([[0.00364601, -0.994141, 0.108034, 0.0)], [0.999863, 0.00187859, -0.0164572, 0.0)], [0.0161578, 0.108079, 0.994011, 0.0)], [0.0649258, 0.0254632, -0.00579107, 1.0)]])
0.0649258, 0.0254632, -0.00579107
float3(-0.108291, 0.0162537, -1.56891)
1983.039807666
normal
simd_float4x4([[-0.00159693, -0.994594, 0.103828, 0.0)], [0.999625, 0.00124926, 0.0273416, 0.0)], [-0.0273235, 0.103833, 0.994219, 0.0)], [0.0813241, 0.028097, -0.00352522, 1.0)]])
0.0813241, 0.028097, -0.00352522
float3(-0.104021, -0.0274754, -1.56954)
1983.156539125
normal
simd_float4x4([[-0.0107764, -0.995232, 0.0969413, 0.0)], [0.996288, -0.00240593, 0.0860516, 0.0)], [-0.0854081, 0.0975088, 0.991563, 0.0)], [0.103072, 0.0327217, 0.00110955, 1.0)]])
0.103072, 0.0327217, 0.00110955
float3(-0.097664, -0.0859227, -1.57321)
1983.273237083
normal
simd_float4x4([[-0.0277465, -0.996944, 0.0730223, 0.0)], [0.989294, -0.0169165, 0.144951, 0.0)], [-0.143273, 0.0762624, 0.986741, 0.0)], [0.128992, 0.0384024, 0.0125644, 1.0)]])
0.128992, 0.0384024, 0.0125644
float3(-0.0763365, -0.144191, -1.58776)
1983.406555208
normal
simd_float4x4([[-0.0269169, -0.998197, 0.0536509, 0.0)], [0.97362, -0.0140133, 0.227746, 0.0)], [-0.226584, 0.0583658, 0.972241, 0.0)], [0.151044, 0.0395107, 0.0310692, 1.0)]])
0.151044, 0.0395107, 0.0310692
float3(-0.058399, -0.228966, -1.58483)
1983.539873
normal
simd_float4x4([[-0.0272269, -0.99826, 0.0522942, 0.0)], [0.948739, -0.00932642, 0.315924, 0.0)], [-0.314887, 0.0582151, 0.947342, 0.0)], [0.182474, 0.0413557, 0.0452155, 1.0)]])
0.182474, 0.0413557, 0.0452155
float3(-0.0582481, -0.320901, -1.58014)
1983.65652625
normal
simd_float4x4([[-0.0284047, -0.998257, 0.051741, 0.0)], [0.916994, -0.00541881, 0.398864, 0.0)], [-0.397888, 0.0587758, 0.915549, 0.0)], [0.214148, 0.0417134, 0.0612002, 1.0)]])
0.214148, 0.0417134, 0.0612002
float3(-0.0588097, -0.409965, -1.57622)
1983.773179625
normal
simd_float4x4([[-0.0325568, -0.998303, 0.048289, 0.0)], [0.872641, -0.0048372, 0.488339, 0.0)], [-0.487277, 0.0580377, 0.871317, 0.0)], [0.248112, 0.0424476, 0.0803743, 1.0)]])
0.248112, 0.0424476, 0.0803743
float3(-0.0580703, -0.509911, -1.57564)
1983.88983275
normal
simd_float4x4([[-0.0232321, -0.998849, 0.041955, 0.0)], [0.821449, 0.00484693, 0.570261, 0.0)], [-0.569809, 0.0477123, 0.820391, 0.0)], [0.277256, 0.0460427, 0.100274, 1.0)]])
0.277256, 0.0460427, 0.100274
float3(-0.0477304, -0.607064, -1.56594)
1984.006486
normal
simd_float4x4([[-0.0106417, -0.999374, 0.033746, 0.0)], [0.766676, 0.013511, 0.641892, 0.0)], [-0.641946, 0.0327031, 0.766052, 0.0)], [0.311109, 0.0549186, 0.121737, 1.0)]])
0.311109, 0.0549186, 0.121737
float3(-0.0327089, -0.697482, -1.55728)
1984.139837458
normal
simd_float4x4([[-0.00386558, -0.999532, 0.0303626, 0.0)], [0.708991, 0.0186728, 0.704971, 0.0)], [-0.705208, 0.0242519, 0.708586, 0.0)], [0.340573, 0.0681709, 0.136856, 1.0)]])
0.340573, 0.0681709, 0.136856
float3(-0.0242543, -0.783008, -1.55212)
1984.239893208
normal
simd_float4x4([[-0.0015906, -0.999701, 0.024394, 0.0)], [0.666595, 0.0171238, 0.745224, 0.0)], [-0.745419, 0.0174463, 0.666368, 0.0)], [0.354775, 0.078796, 0.142725, 1.0)]])
0.354775, 0.078796, 0.142725
float3(-0.0174471, -0.841333, -1.55367)
1984.339948791
normal
simd_float4x4([[-0.00580948, -0.999716, 0.0230919, 0.0)], [0.616964, 0.0145899, 0.786856, 0.0)], [-0.78697, 0.0188181, 0.616705, 0.0)], [0.362142, 0.0862811, 0.14396, 1.0)]])
0.362142, 0.0862811, 0.14396
float3(-0.0188192, -0.906108, -1.5562)
1984.440004416
normal
simd_float4x4([[-0.0102418, -0.999888, 0.0108786, 0.0)], [0.573792, 0.00303326, 0.818996, 0.0)], [-0.818937, 0.01463, 0.573697, 0.0)], [0.367241, 0.0900388, 0.145569, 1.0)]])
0.367241, 0.0900388, 0.145569
float3(-0.0146306, -0.959709, -1.56776)
1984.556735958
normal
simd_float4x4([[-0.0153127, -0.999869, -0.00518241, 0.0)], [0.524701, -0.0124475, 0.851196, 0.0)], [-0.851149, 0.0103149, 0.524823, 0.0)], [0.369811, 0.0925795, 0.145752, 1.0)]])
0.369811, 0.0925795, 0.145752
float3(-0.0103151, -1.01826, -1.58324)
1984.656791875
normal
simd_float4x4([[-0.0159817, -0.999791, -0.0127182, 0.0)], [0.486401, -0.0188872, 0.873532, 0.0)], [-0.87359, 0.00777437, 0.486601, 0.0)], [0.367279, 0.0944847, 0.13922, 1.0)]])
0.367279, 0.0944847, 0.13922
float3(-0.00777445, -1.06258, -1.58969)
1984.756847458
normal
simd_float4x4([[-0.0189092, -0.999604, -0.0208535, 0.0)], [0.446856, -0.0271076, 0.894195, 0.0)], [-0.894406, 0.00759002, 0.447192, 0.0)], [0.36331, 0.0956087, 0.130397, 1.0)]])
0.36331, 0.0956087, 0.130397
float3(-0.0075901, -1.10716, -1.59791)
1984.856903041
normal
simd_float4x4([[-0.0203369, -0.999408, -0.0277621, 0.0)], [0.415383, -0.0337039, 0.909022, 0.0)], [-0.909419, 0.00695484, 0.415822, 0.0)], [0.357805, 0.0960258, 0.119242, 1.0)]])
0.357805, 0.0960258, 0.119242
float3(-0.00695489, -1.14194, -1.60451)
1984.97363475
normal
simd_float4x4([[-0.0217935, -0.999327, -0.0295063, 0.0)], [0.384954, -0.0356256, 0.922248, 0.0)], [-0.922678, 0.00874042, 0.385471, 0.0)], [0.351008, 0.0972591, 0.104996, 1.0)]])
0.351008, 0.0972591, 0.104996
float3(-0.00874053, -1.17506, -1.60643)
1985.073690416
normal
simd_float4x4([[-0.0227447, -0.999257, -0.0311221, 0.0)], [0.356418, -0.0371894, 0.933586, 0.0)], [-0.93405, 0.0101417, 0.356999, 0.0)], [0.344602, 0.0986449, 0.0936409, 1.0)]])
0.344602, 0.0986449, 0.0936409
float3(-0.0101418, -1.20572, -1.608)
1985.173746
normal
simd_float4x4([[-0.0247586, -0.999265, -0.0292621, 0.0)], [0.330387, -0.0358053, 0.943166, 0.0)], [-0.943521, 0.0136836, 0.331031, 0.0)], [0.33724, 0.0987736, 0.0836899, 1.0)]])
0.33724, 0.0987736, 0.0836899
float3(-0.013684, -1.23337, -1.60661)
1985.273801916
normal
simd_float4x4([[-0.0291528, -0.999121, -0.0301356, 0.0)], [0.307125, -0.0376433, 0.950924, 0.0)], [-0.951222, 0.0184667, 0.307953, 0.0)], [0.330238, 0.0973859, 0.0749916, 1.0)]])
0.330238, 0.0973859, 0.0749916
float3(-0.0184678, -1.2577, -1.60845)
1985.373857416
normal
simd_float4x4([[-0.0321819, -0.999043, -0.0296305, 0.0)], [0.284006, -0.0375644, 0.958087, 0.0)], [-0.958282, 0.0224178, 0.284943, 0.0)], [0.321695, 0.0952134, 0.0667247, 1.0)]])
0.321695, 0.0952134, 0.0667247
float3(-0.0224197, -1.28177, -1.60838)
1985.473913291
normal
simd_float4x4([[-0.0325002, -0.999058, -0.0287552, 0.0)], [0.263414, -0.0363152, 0.963999, 0.0)], [-0.964135, 0.0237556, 0.264346, 0.0)], [0.312229, 0.0930216, 0.0612638, 1.0)]])
0.312229, 0.0930216, 0.0612638
float3(-0.0237579, -1.30319, -1.60713)
1985.573968958
normal
simd_float4x4([[-0.0345973, -0.999102, -0.024469, 0.0)], [0.244982, -0.0322149, 0.968992, 0.0)], [-0.96891, 0.0275301, 0.245876, 0.0)], [0.302447, 0.0904654, 0.0571286, 1.0)]])
0.302447, 0.0904654, 0.0571286
float3(-0.0275336, -1.32228, -1.60303)
1985.674024625
normal
simd_float4x4([[-0.0355992, -0.99913, -0.0217189, 0.0)], [0.235383, -0.0295041, 0.971455, 0.0)], [-0.97125, 0.0294707, 0.236229, 0.0)], [0.295053, 0.0890336, 0.0541856, 1.0)]])
0.295053, 0.0890336, 0.0541856
float3(-0.029475, -1.33221, -1.60032)
1985.790756375
normal
simd_float4x4([[-0.0296875, -0.999421, -0.0166006, 0.0)], [0.228173, -0.0229454, 0.97335, 0.0)], [-0.973168, 0.0251085, 0.228722, 0.0)], [0.287838, 0.0896496, 0.0509607, 1.0)]])
0.287838, 0.0896496, 0.0509607
float3(-0.0251112, -1.33996, -1.59375)
1985.890812125
normal
simd_float4x4([[-0.028672, -0.999524, -0.0114319, 0.0)], [0.223188, -0.0175493, 0.974618, 0.0)], [-0.974354, 0.0253928, 0.223585, 0.0)], [0.28249, 0.0903303, 0.0487471, 1.0)]])
0.28249, 0.0903303, 0.0487471
float3(-0.0253955, -1.34523, -1.58835)
1986.007543625
normal
simd_float4x4([[-0.0325554, -0.999389, -0.0127515, 0.0)], [0.220686, -0.0196311, 0.975147, 0.0)], [-0.974801, 0.0289322, 0.22119, 0.0)], [0.277798, 0.0885309, 0.0473048, 1.0)]])
0.277798, 0.0885309, 0.0473048
float3(-0.0289363, -1.34767, -1.59044)
1986.1075995
normal
simd_float4x4([[-0.0333265, -0.999348, -0.0139134, 0.0)], [0.220713, -0.0209364, 0.975114, 0.0)], [-0.974769, 0.0294262, 0.221267, 0.0)], [0.273958, 0.0879928, 0.0456887, 1.0)]])
0.273958, 0.0879928, 0.0456887
float3(-0.0294305, -1.34758, -1.59174)
1986.207655125
normal
simd_float4x4([[-0.0349194, -0.999299, -0.0135254, 0.0)], [0.222146, -0.0209563, 0.974788, 0.0)], [-0.974388, 0.0310344, 0.222722, 0.0)], [0.277147, 0.0883123, 0.0477901, 1.0)]])
0.277147, 0.0883123, 0.0477901
float3(-0.0310394, -1.34608, -1.59176)
1986.307711
normal
simd_float4x4([[-0.0402991, -0.999104, -0.0129481, 0.0)], [0.223776, -0.021654, 0.9744, 0.0)], [-0.973807, 0.03637, 0.224448, 0.0)], [0.278452, 0.0870928, 0.0479327, 1.0)]])
0.278452, 0.0870928, 0.0479327
float3(-0.036378, -1.34427, -1.59247)
1986.424442625
normal
simd_float4x4([[-0.0506243, -0.998524, -0.019679, 0.0)], [0.225681, -0.030632, 0.97372, 0.0)], [-0.972885, 0.0448527, 0.226898, 0.0)], [0.280366, 0.0832811, 0.0474901, 1.0)]])
0.280366, 0.0832811, 0.0474901
float3(-0.0448678, -1.34167, -1.60146)
1986.541174375
normal
simd_float4x4([[-0.0573314, -0.998168, -0.0193185, 0.0)], [0.223295, -0.0316806, 0.974236, 0.0)], [-0.973063, 0.0515405, 0.224702, 0.0)], [0.281049, 0.0806545, 0.0445501, 1.0)]])
0.281049, 0.0806545, 0.0445501
float3(-0.0515634, -1.34385, -1.60252)
1986.641230125
normal
simd_float4x4([[-0.0578753, -0.998273, -0.0100431, 0.0)], [0.231929, -0.0232296, 0.972455, 0.0)], [-0.97101, 0.0539519, 0.232873, 0.0)], [0.279435, 0.0802975, 0.0397341, 1.0)]])
0.279435, 0.0802975, 0.0397341
float3(-0.0539781, -1.33542, -1.59406)
1986.741286041
normal
simd_float4x4([[-0.0543821, -0.998513, -0.00368031, 0.0)], [0.262702, -0.0178633, 0.964712, 0.0)], [-0.963343, 0.0514962, 0.263283, 0.0)], [0.275687, 0.0801976, 0.0313236, 1.0)]])
0.275687, 0.0801976, 0.0313236
float3(-0.051519, -1.30401, -1.58868)
1986.841341666
normal
simd_float4x4([[-0.0532814, -0.998572, -0.00379039, 0.0)], [0.328567, -0.0211157, 0.944245, 0.0)], [-0.942977, 0.0490653, 0.329223, 0.0)], [0.268618, 0.0814034, 0.0189109, 1.0)]])
0.268618, 0.0814034, 0.0189109
float3(-0.049085, -1.23489, -1.59194)
1986.9413975
normal
simd_float4x4([[-0.0367425, -0.999325, 0.000611155, 0.0)], [0.419876, -0.0148828, 0.907459, 0.0)], [-0.906837, 0.0335989, 0.420139, 0.0)], [0.255758, 0.0855436, 0.000545349, 1.0)]])
0.255758, 0.0855436, 0.000545349
float3(-0.0336053, -1.13694, -1.58569)
1987.041453208
normal
simd_float4x4([[-0.0114684, -0.999934, -0.000469289, 0.0)], [0.530158, -0.00647841, 0.847874, 0.0)], [-0.847821, 0.00947499, 0.530198, 0.0)], [0.238924, 0.0899897, -0.0197883, 1.0)]])
0.238924, 0.0899897, -0.0197883
float3(-0.00947513, -1.01193, -1.57728)
1987.158184791
normal
simd_float4x4([[-0.0160617, -0.999866, 0.00302568, 0.0)], [0.685358, -0.00880603, 0.728153, 0.0)], [-0.728029, 0.0137691, 0.685408, 0.0)], [0.22157, 0.0940784, -0.0457083, 1.0)]])
0.22157, 0.0940784, -0.0457083
float3(-0.0137695, -0.815543, -1.5796)
1987.258240791
normal
simd_float4x4([[-0.0160758, -0.999677, 0.0196961, 0.0)], [0.800778, -0.00107631, 0.59896, 0.0)], [-0.598745, 0.025401, 0.800537, 0.0)], [0.198847, 0.0976024, -0.0674734, 1.0)]])
0.198847, 0.0976024, -0.0674734
float3(-0.0254037, -0.642174, -1.57187)
1987.3582965
normal
simd_float4x4([[-0.0044819, -0.999668, 0.0253634, 0.0)], [0.893858, 0.00736643, 0.44829, 0.0)], [-0.448328, 0.0246805, 0.893529, 0.0)], [0.168481, 0.0988777, -0.0827316, 1.0)]])
0.168481, 0.0988777, -0.0827316
float3(-0.024683, -0.465046, -1.56343)
1987.458318833
normal
simd_float4x4([[0.00335838, -0.999563, 0.0293581, 0.0)], [0.960488, 0.0113948, 0.278087, 0.0)], [-0.2783, 0.0272642, 0.960107, 0.0)], [0.13668, 0.100945, -0.0907411, 1.0)]])
0.13668, 0.100945, -0.0907411
float3(-0.0272676, -0.282132, -1.5594)
1987.59163675
normal
simd_float4x4([[-0.00446663, -0.999863, 0.0159393, 0.0)], [0.998573, -0.00361131, 0.053292, 0.0)], [-0.0532272, 0.0161546, 0.998452, 0.0)], [0.0942311, 0.0949885, -0.0034793, 1.0)]])
0.0942311, 0.0949885, -0.0034793
float3(-0.0161553, -0.0532593, -1.57441)
1987.708290375
normal
simd_float4x4([[-0.0230652, -0.999707, 0.00728582, 0.0)], [0.993521, -0.0237324, -0.111144, 0.0)], [0.111284, 0.00467507, 0.993778, 0.0)], [0.0647025, 0.0975978, 0.00068569, 1.0)]])
0.0647025, 0.0975978, 0.00068569
float3(-0.00467508, 0.111516, -1.59453)
1987.824966041
normal
simd_float4x4([[-0.0298978, -0.999525, 0.00747125, 0.0)], [0.971858, -0.0308159, -0.233542, 0.0)], [0.233661, 0.000278618, 0.972318, 0.0)], [0.0360371, 0.101207, 0.00592835, 1.0)]])
0.0360371, 0.101207, 0.00592835
float3(-0.000278618, 0.235841, -1.60162)
1987.941697958
normal
simd_float4x4([[-0.0379691, -0.999266, 0.00509524, 0.0)], [0.94252, -0.037506, -0.332039, 0.0)], [0.331986, -0.00780485, 0.943252, 0.0)], [0.00996978, 0.104326, 0.0152619, 1.0)]])
0.00996978, 0.104326, 0.0152619
float3(0.00780493, 0.338419, -1.60831)
1988.041753583
normal
simd_float4x4([[-0.0391926, -0.999193, 0.00877479, 0.0)], [0.924708, -0.0395959, -0.378613, 0.0)], [0.378655, -0.00672472, 0.925514, 0.0)], [-0.00720605, 0.105908, 0.024456, 1.0)]])
-0.00720605, 0.105908, 0.024456
float3(0.00672477, 0.388352, -1.6104)
1988.141809458
normal
simd_float4x4([[-0.0413914, -0.999103, 0.00897865, 0.0)], [0.910471, -0.0414174, -0.411494, 0.0)], [0.411497, -0.00885749, 0.911368, 0.0)], [-0.0182428, 0.106594, 0.033195, 1.0)]])
-0.0182428, 0.106594, 0.033195
float3(0.00885761, 0.424113, -1.61223)
1988.258541291
normal
simd_float4x4([[-0.0291876, -0.99955, 0.00690978, 0.0)], [0.898666, -0.0292671, -0.437657, 0.0)], [0.437662, -0.00656456, 0.899116, 0.0)], [-0.0312659, 0.108083, 0.0409177, 1.0)]])
-0.0312659, 0.108083, 0.0409177
float3(0.0065646, 0.453008, -1.60007)
1988.358597083
normal
simd_float4x4([[-0.0163875, -0.999833, 0.00813726, 0.0)], [0.888173, -0.0182942, -0.459145, 0.0)], [0.459217, -0.000296972, 0.888324, 0.0)], [-0.0426468, 0.108705, 0.0459235, 1.0)]])
-0.0426468, 0.108705, 0.0459235
float3(0.000296972, 0.477114, -1.58909)
1988.458652875
normal
simd_float4x4([[-0.0132082, -0.999865, 0.00977592, 0.0)], [0.876105, -0.0162844, -0.481846, 0.0)], [0.48194, 0.00220042, 0.876202, 0.0)], [-0.0530539, 0.109331, 0.0510194, 1.0)]])
-0.0530539, 0.109331, 0.0510194
float3(-0.00220042, 0.502869, -1.58708)
1988.575384708
normal
simd_float4x4([[-0.0106943, -0.999901, 0.00912892, 0.0)], [0.862232, -0.0138446, -0.506324, 0.0)], [0.506401, 0.00245645, 0.862295, 0.0)], [-0.0646672, 0.110683, 0.0578872, 1.0)]])
-0.0646672, 0.110683, 0.0578872
float3(-0.00245645, 0.531007, -1.58464)
1988.675440583
normal
simd_float4x4([[-0.00747955, -0.999955, 0.00577129, 0.0)], [0.85187, -0.00939427, -0.523669, 0.0)], [0.5237, 0.000999573, 0.851902, 0.0)], [-0.0752433, 0.112292, 0.0643416, 1.0)]])
-0.0752433, 0.112292, 0.0643416
float3(-0.000999573, 0.551189, -1.58019)
1988.775496291
normal
simd_float4x4([[-0.00243466, -0.999995, 0.00190009, 0.0)], [0.844838, -0.00307348, -0.535014, 0.0)], [0.535017, 0.000302685, 0.844841, 0.0)], [-0.0819019, 0.11319, 0.0697024, 1.0)]])
-0.0819019, 0.11319, 0.0697024
float3(-0.000302685, 0.564528, -1.57387)
1988.892228291
normal
simd_float4x4([[0.00806045, -0.999961, -0.00360869, 0.0)], [0.841375, 0.00873226, -0.540382, 0.0)], [0.540392, 0.00131946, 0.841412, 0.0)], [-0.0892881, 0.114439, 0.0764367, 1.0)]])
-0.0892881, 0.114439, 0.0764367
float3(-0.00131946, 0.570904, -1.56206)
1989.00896
normal
simd_float4x4([[0.0129291, -0.999906, -0.0045067, 0.0)], [0.839524, 0.0133034, -0.54316, 0.0)], [0.543169, 0.0032391, 0.839617, 0.0)], [-0.0933566, 0.114514, 0.0798342, 1.0)]])
-0.0933566, 0.114514, 0.0798342
float3(-0.00323911, 0.57421, -1.55749)
1989.125691708
normal
simd_float4x4([[0.019131, -0.999813, -0.00280231, 0.0)], [0.84042, 0.0175993, -0.54165, 0.0)], [0.541598, 0.00800721, 0.840599, 0.0)], [-0.0901761, 0.114831, 0.0753167, 1.0)]])
-0.0901761, 0.114831, 0.0753167
float3(-0.00800729, 0.572358, -1.5532)
1989.242423708
normal
simd_float4x4([[0.0234619, -0.999719, -0.00329786, 0.0)], [0.843429, 0.0215648, -0.536807, 0.0)], [0.536728, 0.00981302, 0.843699, 0.0)], [-0.0916957, 0.114621, 0.0764358, 1.0)]])
-0.0916957, 0.114621, 0.0764358
float3(-0.00981318, 0.566585, -1.54923)
1989.3424795
normal
simd_float4x4([[0.0259191, -0.999664, -0.000423132, 0.0)], [0.844668, 0.0221268, -0.534833, 0.0)], [0.534662, 0.013505, 0.844958, 0.0)], [-0.0940821, 0.114075, 0.0763719, 1.0)]])
-0.0940821, 0.114075, 0.0763719
float3(-0.0135054, 0.564166, -1.54867)
1989.4592115
normal
simd_float4x4([[0.0269069, -0.999635, 0.0026206, 0.0)], [0.847024, 0.0214068, -0.531124, 0.0)], [0.530873, 0.0165106, 0.84729, 0.0)], [-0.0961782, 0.113058, 0.0778261, 1.0)]])
-0.0961782, 0.113058, 0.0778261
float3(-0.0165114, 0.559716, -1.54938)
1989.559267208
normal
simd_float4x4([[0.0269714, -0.999624, 0.00485555, 0.0)], [0.848169, 0.0203137, -0.529336, 0.0)], [0.529038, 0.0183953, 0.848399, 0.0)], [-0.0969167, 0.112189, 0.0793162, 1.0)]])
-0.0969167, 0.112189, 0.0793162
float3(-0.0183963, 0.557572, -1.55048)
1989.659323208
normal
simd_float4x4([[0.025993, -0.999642, 0.00627348, 0.0)], [0.848452, 0.0187422, -0.528941, 0.0)], [0.528634, 0.0190715, 0.848636, 0.0)], [-0.097458, 0.110991, 0.0804415, 1.0)]])
-0.097458, 0.110991, 0.0804415
float3(-0.0190726, 0.557104, -1.55205)
1989.776054791
normal
simd_float4x4([[0.0252972, -0.999652, 0.00754164, 0.0)], [0.847874, 0.0174586, -0.529911, 0.0)], [0.529594, 0.0197996, 0.84802, 0.0)], [-0.098374, 0.110272, 0.0827525, 1.0)]])
-0.098374, 0.110272, 0.0827525
float3(-0.0198009, 0.558244, -1.55333)
1989.892786833
normal
simd_float4x4([[0.0240015, -0.999692, 0.00632688, 0.0)], [0.847706, 0.016997, -0.530194, 0.0)], [0.529923, 0.0180888, 0.847853, 0.0)], [-0.0977829, 0.111214, 0.0822633, 1.0)]])
-0.0977829, 0.111214, 0.0822633
float3(-0.0180898, 0.558612, -1.5538)
1990.009518666
normal
simd_float4x4([[0.023812, -0.999707, 0.00424213, 0.0)], [0.849892, 0.0180088, -0.526649, 0.0)], [0.526419, 0.0161459, 0.850072, 0.0)], [-0.0972322, 0.112736, 0.0816536, 1.0)]])
-0.0972322, 0.112736, 0.0816536
float3(-0.0161466, 0.554463, -1.55278)
1990.109574666
normal
simd_float4x4([[0.0247808, -0.999664, 0.0076339, 0.0)], [0.852054, 0.0171265, -0.523174, 0.0)], [0.522867, 0.0194692, 0.852192, 0.0)], [-0.0988186, 0.112912, 0.0802937, 1.0)]])
-0.0988186, 0.112912, 0.0802937
float3(-0.0194704, 0.550327, -1.55367)
1990.209630416
normal
simd_float4x4([[0.0226731, -0.999666, 0.012394, 0.0)], [0.853924, 0.0129176, -0.520238, 0.0)], [0.519904, 0.0223789, 0.853932, 0.0)], [-0.0990036, 0.112428, 0.0803329, 1.0)]])
-0.0990036, 0.112428, 0.0803329
float3(-0.0223808, 0.546891, -1.55788)
1990.326362208
normal
simd_float4x4([[0.0225388, -0.999672, 0.0121396, 0.0)], [0.855938, 0.0130209, -0.516915, 0.0)], [0.516587, 0.0220414, 0.855951, 0.0)], [-0.100905, 0.113233, 0.0828923, 1.0)]])
-0.100905, 0.113233, 0.0828923
float3(-0.0220432, 0.543007, -1.55777)
1990.459770083
normal
simd_float4x4([[0.0224271, -0.999689, 0.0108614, 0.0)], [0.858046, 0.0136716, -0.513391, 0.0)], [0.513083, 0.0208334, 0.858086, 0.0)], [-0.105078, 0.11373, 0.0862065, 1.0)]])
-0.105078, 0.11373, 0.0862065
float3(-0.0208349, 0.538903, -1.55712)
1990.576502083
normal
simd_float4x4([[0.0216924, -0.999699, 0.0114744, 0.0)], [0.860326, 0.0128192, -0.509584, 0.0)], [0.509283, 0.0209258, 0.860345, 0.0)], [-0.109022, 0.114001, 0.0862506, 1.0)]])
-0.109022, 0.114001, 0.0862506
float3(-0.0209273, 0.534481, -1.55797)
1990.693234041
normal
simd_float4x4([[0.0223223, -0.99968, 0.0119002, 0.0)], [0.867613, 0.0134563, -0.497059, 0.0)], [0.49674, 0.0214202, 0.867636, 0.0)], [-0.108894, 0.114844, 0.0849613, 1.0)]])
-0.108894, 0.114844, 0.0849613
float3(-0.0214219, 0.519969, -1.55734)
1990.793289708
normal
simd_float4x4([[0.0213403, -0.999721, 0.0100971, 0.0)], [0.881217, 0.0140384, -0.472505, 0.0)], [0.472231, 0.0189811, 0.88127, 0.0)], [-0.103813, 0.116047, 0.0829587, 1.0)]])
-0.103813, 0.116047, 0.0829587
float3(-0.0189823, 0.491917, -1.55675)
1990.91002175
normal
simd_float4x4([[0.0185324, -0.999819, 0.00433558, 0.0)], [0.905086, 0.0149337, -0.424965, 0.0)], [0.424824, 0.0117997, 0.905199, 0.0)], [-0.0940202, 0.118653, 0.0770801, 1.0)]])
-0.0940202, 0.118653, 0.0770801
float3(-0.0118, 0.4388, -1.55586)
1991.043429416
normal
simd_float4x4([[0.0157616, -0.999876, -0.00022775, 0.0)], [0.934983, 0.0148194, -0.354383, 0.0)], [0.354343, 0.00537272, 0.9351, 0.0)], [-0.0763691, 0.121273, 0.0665448, 1.0)]])
-0.0763691, 0.121273, 0.0665448
float3(-0.00537275, 0.362217, -1.55598)
1991.1601615
normal
simd_float4x4([[0.0140233, -0.999902, -0.000285181, 0.0)], [0.961559, 0.0135637, -0.274264, 0.0)], [0.274241, 0.00357186, 0.961655, 0.0)], [-0.0589307, 0.122439, 0.0534117, 1.0)]])
-0.0589307, 0.122439, 0.0534117
float3(-0.00357187, 0.277802, -1.55723)
1991.27689325
normal
simd_float4x4([[0.0118441, -0.999929, 0.000985048, 0.0)], [0.985384, 0.0115044, -0.169959, 0.0)], [0.169935, 0.00298366, 0.985451, 0.0)], [-0.0360862, 0.121613, 0.0388229, 1.0)]])
-0.0360862, 0.121613, 0.0388229
float3(-0.00298366, 0.170765, -1.55929)
1991.376949291
normal
simd_float4x4([[0.00768088, -0.999966, 0.00311717, 0.0)], [0.998097, 0.00747574, -0.061204, 0.0)], [0.0611786, 0.00358133, 0.998121, 0.0)], [-0.0124276, 0.119782, 0.0278204, 1.0)]])
-0.0124276, 0.119782, 0.0278204
float3(-0.00358134, 0.0612172, -1.56332)
1991.493681166
normal
simd_float4x4([[-0.00349574, -0.99999, 0.0026444, 0.0)], [0.996766, -0.00327213, 0.0802959, 0.0)], [-0.0802865, 0.00291654, 0.996768, 0.0)], [0.0176478, 0.11686, 0.0179322, 1.0)]])
0.0176478, 0.11686, 0.0179322
float3(-0.00291654, -0.0803733, -1.57407)
1991.610412916
normal
simd_float4x4([[0.00480106, -0.99997, -0.00612417, 0.0)], [0.972573, 0.00324515, 0.232575, 0.0)], [-0.232548, -0.00707281, 0.972559, 0.0)], [0.0423009, 0.114154, 0.0112051, 1.0)]])
0.0423009, 0.114154, 0.0112051
float3(0.00707287, -0.234703, -1.56755)
1991.710469083
normal
simd_float4x4([[0.00605435, -0.999962, 0.00618549, 0.0)], [0.927791, 0.00792476, 0.373016, 0.0)], [-0.373051, 0.00348047, 0.927804, 0.0)], [0.0692626, 0.10595, 0.00243127, 1.0)]])
0.0692626, 0.10595, 0.00243127
float3(-0.00348047, -0.382298, -1.56287)
1991.827122625
normal
simd_float4x4([[-0.0237937, -0.999249, 0.030577, 0.0)], [0.847631, -0.00394792, 0.530572, 0.0)], [-0.530053, 0.0385423, 0.847089, 0.0)], [0.108839, 0.088319, -0.00764683, 1.0)]])
0.108839, 0.088319, -0.00764683
float3(-0.0385518, -0.559127, -1.57475)
1991.943776166
normal
simd_float4x4([[-0.0411174, -0.998296, 0.0414064, 0.0)], [0.747823, -0.00326477, 0.66389, 0.0)], [-0.662624, 0.0582621, 0.746683, 0.0)], [0.144987, 0.0704979, -0.00783316, 1.0)]])
0.144987, 0.0704979, -0.00783316
float3(-0.0582951, -0.725823, -1.57407)
1992.060429916
normal
simd_float4x4([[-0.0596261, -0.997383, 0.0408921, 0.0)], [0.647713, -0.0074866, 0.761848, 0.0)], [-0.759548, 0.0719124, 0.646464, 0.0)], [0.173573, 0.0586243, 0.00460397, 1.0)]])
0.173573, 0.0586243, 0.00460397
float3(-0.0719745, -0.865654, -1.5783)
1992.177083333
normal
simd_float4x4([[-0.0707103, -0.996909, 0.0342538, 0.0)], [0.56732, -0.0119473, 0.823411, 0.0)], [-0.820456, 0.0776565, 0.566411, 0.0)], [0.191932, 0.0553603, 0.0189911, 1.0)]])
0.191932, 0.0553603, 0.0189911
float3(-0.0777348, -0.966569, -1.58278)
1992.293781708
normal
simd_float4x4([[-0.0667083, -0.997234, 0.0327883, 0.0)], [0.524854, -0.00712369, 0.851162, 0.0)], [-0.848574, 0.0739887, 0.523878, 0.0)], [0.208152, 0.0557443, 0.0274129, 1.0)]])
0.208152, 0.0557443, 0.0274129
float3(-0.0740564, -1.01771, -1.57794)
1992.410513666
normal
simd_float4x4([[-0.0649623, -0.997343, 0.0329696, 0.0)], [0.50692, -0.00452355, 0.861981, 0.0)], [-0.859542, 0.0727092, 0.505867, 0.0)], [0.223458, 0.0570273, 0.0337034, 1.0)]])
0.223458, 0.0570273, 0.0337034
float3(-0.0727734, -1.03885, -1.57533)
1992.527245458
normal
simd_float4x4([[-0.0722524, -0.996953, 0.0293953, 0.0)], [0.51162, -0.0117471, 0.859132, 0.0)], [-0.856169, 0.0771135, 0.51091, 0.0)], [0.239916, 0.0577492, 0.0389986, 1.0)]])
0.239916, 0.0577492, 0.0389986
float3(-0.0771902, -1.03278, -1.58258)
1992.643977541
normal
simd_float4x4([[-0.0738033, -0.996921, 0.0264836, 0.0)], [0.526964, -0.0164383, 0.849729, 0.0)], [-0.846677, 0.0766687, 0.526554, 0.0)], [0.256178, 0.0621967, 0.045238, 1.0)]])
0.256178, 0.0621967, 0.045238
float3(-0.076744, -1.01442, -1.58728)
1992.744033541
normal
simd_float4x4([[-0.0622247, -0.997597, 0.0304754, 0.0)], [0.535568, -0.00760869, 0.844458, 0.0)], [-0.842197, 0.0688678, 0.534754, 0.0)], [0.265912, 0.0683761, 0.0504681, 1.0)]])
0.265912, 0.0683761, 0.0504681
float3(-0.0689223, -1.00507, -1.57842)
1992.860765291
normal
simd_float4x4([[-0.0367421, -0.9984, 0.0429728, 0.0)], [0.531023, 0.0169222, 0.847189, 0.0)], [-0.84656, 0.053947, 0.529552, 0.0)], [0.271718, 0.0712471, 0.0550742, 1.0)]])
0.271718, 0.0712471, 0.0550742
float3(-0.0539732, -1.01181, -1.55385)
1992.960821416
normal
simd_float4x4([[-0.0397752, -0.997703, 0.0548325, 0.0)], [0.509828, 0.0269313, 0.859855, 0.0)], [-0.859356, 0.062156, 0.507586, 0.0)], [0.282562, 0.0698573, 0.0583629, 1.0)]])
0.282562, 0.0698573, 0.0583629
float3(-0.0621961, -1.03727, -1.54381)
1993.060877333
normal
simd_float4x4([[-0.0494724, -0.997485, 0.0507544, 0.0)], [0.480256, 0.0207985, 0.876882, 0.0)], [-0.875732, 0.0677566, 0.478019, 0.0)], [0.297236, 0.0703046, 0.0607998, 1.0)]])
0.297236, 0.0703046, 0.0607998
float3(-0.0678085, -1.07114, -1.54995)
1993.160933208
normal
simd_float4x4([[-0.0522038, -0.996892, 0.0590074, 0.0)], [0.439795, 0.0300993, 0.897594, 0.0)], [-0.89658, 0.072809, 0.436856, 0.0)], [0.311993, 0.0717662, 0.056443, 1.0)]])
0.311993, 0.0717662, 0.056443
float3(-0.0728735, -1.1174, -1.54061)
1993.26098925
normal
simd_float4x4([[-0.0658932, -0.996306, 0.0550699, 0.0)], [0.379915, 0.0259829, 0.924656, 0.0)], [-0.922671, 0.0818505, 0.3768, 0.0)], [0.329564, 0.0688521, 0.0515679, 1.0)]])
0.329564, 0.0688521, 0.0515679
float3(-0.0819422, -1.18309, -1.54472)
1993.361045333
normal
simd_float4x4([[-0.0775639, -0.996789, 0.0199113, 0.0)], [0.301508, -0.00441584, 0.953454, 0.0)], [-0.950304, 0.079957, 0.300882, 0.0)], [0.346312, 0.0608901, 0.0491083, 1.0)]])
0.346312, 0.0608901, 0.0491083
float3(-0.0800424, -1.26417, -1.57523)
1993.46110125
normal
simd_float4x4([[-0.0927969, -0.995681, 0.00281295, 0.0)], [0.232525, -0.018924, 0.972406, 0.0)], [-0.968153, 0.0908904, 0.233277, 0.0)], [0.364393, 0.0516218, 0.0403273, 1.0)]])
0.364393, 0.0516218, 0.0403273
float3(-0.091016, -1.33435, -1.5898)
1993.561157166
normal
simd_float4x4([[-0.112786, -0.993619, 0.000288447, 0.0)], [0.151267, -0.0168834, 0.988349, 0.0)], [-0.982038, 0.111515, 0.152206, 0.0)], [0.380317, 0.0445897, 0.0326282, 1.0)]])
0.380317, 0.0445897, 0.0326282
float3(-0.111748, -1.41703, -1.58779)
1993.677889083
normal
simd_float4x4([[-0.126109, -0.991979, -0.00859495, 0.0)], [0.0768806, -0.018411, 0.99687, 0.0)], [-0.989033, 0.125053, 0.0785858, 0.0)], [0.391196, 0.0408436, 0.0322032, 1.0)]])
0.391196, 0.0408436, 0.0322032
float3(-0.125382, -1.49151, -1.58935)
1993.777945125
normal
simd_float4x4([[-0.126224, -0.992002, 0.000363671, 0.0)], [0.0330144, -0.00383442, 0.999448, 0.0)], [-0.991452, 0.126166, 0.0332344, 0.0)], [0.39158, 0.0434097, 0.0315644, 1.0)]])
0.39158, 0.0434097, 0.0315644
float3(-0.126503, -1.53729, -1.57466)
1993.87800125
normal
simd_float4x4([[-0.128556, -0.991693, 0.00421274, 0.0)], [0.0179197, 0.00192435, 0.999838, 0.0)], [-0.99154, 0.128611, 0.0175235, 0.0)], [0.390416, 0.0437985, 0.0312682, 1.0)]])
0.390416, 0.0437985, 0.0312682
float3(-0.128968, -1.55313, -1.56886)
1993.978057166
normal
simd_float4x4([[-0.132958, -0.991101, 0.00636606, 0.0)], [0.0149325, 0.00441921, 0.999879, 0.0)], [-0.991009, 0.133037, 0.0142121, 0.0)], [0.388389, 0.0435514, 0.0315669, 1.0)]])
0.388389, 0.0435514, 0.0315669
float3(-0.133433, -1.55646, -1.56634)
1994.07811325
normal
simd_float4x4([[-0.127438, -0.991823, 0.00676014, 0.0)], [0.0193474, 0.00432861, 0.999803, 0.0)], [-0.991658, 0.127544, 0.0186375, 0.0)], [0.384432, 0.0453548, 0.0348958, 1.0)]])
0.384432, 0.0453548, 0.0348958
float3(-0.127892, -1.552, -1.56643)
1994.178169166
normal
simd_float4x4([[-0.11395, -0.993408, 0.0124816, 0.0)], [0.0101159, 0.0114026, 0.999884, 0.0)], [-0.993435, 0.114063, 0.00874993, 0.0)], [0.377386, 0.0510339, 0.0424357, 1.0)]])
0.377386, 0.0510339, 0.0424357
float3(-0.114311, -1.56199, -1.55932)
1994.294901166
normal
simd_float4x4([[-0.0888742, -0.995964, 0.0125552, 0.0)], [-0.011577, 0.0136371, 0.99984, 0.0)], [-0.995976, 0.0887147, -0.0127422, 0.0)], [0.365349, 0.0635764, 0.0602069, 1.0)]])
0.365349, 0.0635764, 0.0602069
float3(-0.0888314, -1.58359, -1.5571)
1994.411633166
normal
simd_float4x4([[-0.0731436, -0.997224, 0.0139098, 0.0)], [-0.0590254, 0.0182512, 0.99809, 0.0)], [-0.995573, 0.0721828, -0.0601965, 0.0)], [0.350409, 0.0761414, 0.0809239, 1.0)]])
0.350409, 0.0761414, 0.0809239
float3(-0.0722456, -1.63119, -1.5525)
1994.528365125
normal
simd_float4x4([[-0.0905948, -0.995741, 0.0171289, 0.0)], [-0.12717, 0.0286256, 0.991468, 0.0)], [-0.987735, 0.0876435, -0.129222, 0.0)], [0.340455, 0.0835067, 0.102139, 1.0)]])
0.340455, 0.0835067, 0.102139
float3(-0.0877561, -1.70088, -1.54206)
1994.645097083
normal
simd_float4x4([[-0.110812, -0.993822, 0.00624665, 0.0)], [-0.184683, 0.0267673, 0.982434, 0.0)], [-0.976531, 0.107711, -0.186508, 0.0)], [0.334709, 0.0880531, 0.12137, 1.0)]])
0.334709, 0.0880531, 0.12137
float3(-0.107921, -1.75951, -1.54387)
1994.76182925
normal
simd_float4x4([[-0.116959, -0.99312, -0.00573532, 0.0)], [-0.227446, 0.0211638, 0.973561, 0.0)], [-0.966741, 0.115171, -0.228356, 0.0)], [0.32832, 0.0913418, 0.135681, 1.0)]])
0.32832, 0.0913418, 0.135681
float3(-0.115427, -1.80276, -1.54949)
1994.861885041
normal
simd_float4x4([[-0.11091, -0.993776, -0.0103985, 0.0)], [-0.257204, 0.0185956, 0.966178, 0.0)], [-0.959971, 0.109834, -0.257666, 0.0)], [0.320654, 0.0952575, 0.146193, 1.0)]])
0.320654, 0.0952575, 0.146193
float3(-0.110056, -1.83303, -1.55209)
1994.96194125
normal
simd_float4x4([[-0.0959592, -0.995248, -0.0165497, 0.0)], [-0.285372, 0.0115787, 0.958347, 0.0)], [-0.953601, 0.096685, -0.285127, 0.0)], [0.311286, 0.0991959, 0.154177, 1.0)]])
0.311286, 0.0991959, 0.154177
float3(-0.0968362, -1.86134, -1.55916)
1995.078673208
normal
simd_float4x4([[-0.0845559, -0.996166, -0.0224216, 0.0)], [-0.321246, 0.00595328, 0.946977, 0.0)], [-0.943213, 0.0872753, -0.320518, 0.0)], [0.300992, 0.103812, 0.160039, 1.0)]])
0.300992, 0.103812, 0.160039
float3(-0.0873865, -1.89837, -1.56482)
1995.178729291
normal
simd_float4x4([[-0.0803858, -0.996444, -0.0252406, 0.0)], [-0.35243, 0.00472642, 0.935826, 0.0)], [-0.932379, 0.0841227, -0.351557, 0.0)], [0.29364, 0.106857, 0.160518, 1.0)]])
0.29364, 0.106857, 0.160518
float3(-0.0842222, -1.93137, -1.56605)
1995.295461166
normal
simd_float4x4([[-0.0725632, -0.996876, -0.0311968, 0.0)], [-0.376605, -0.00157709, 0.926373, 0.0)], [-0.923528, 0.0789695, -0.375314, 0.0)], [0.287057, 0.107885, 0.159003, 1.0)]])
0.287057, 0.107885, 0.159003
float3(-0.0790518, -1.9568, -1.57238)
1995.412193291
normal
simd_float4x4([[-0.0719843, -0.996772, -0.0355396, 0.0)], [-0.392837, -0.00441825, 0.919598, 0.0)], [-0.916786, 0.0801579, -0.391251, 0.0)], [0.282861, 0.10858, 0.154806, 1.0)]])
0.282861, 0.10858, 0.154806
float3(-0.080244, -1.97416, -1.57523)
1995.512249416
normal
simd_float4x4([[-0.0715451, -0.99656, -0.0418378, 0.0)], [-0.402397, -0.00954219, 0.915416, 0.0)], [-0.912665, 0.0823289, -0.40033, 0.0)], [0.289465, 0.108624, 0.155935, 1.0)]])
0.289465, 0.108624, 0.155935
float3(-0.0824222, -1.98416, -1.58037)
1995.612305208
normal
simd_float4x4([[-0.0726481, -0.996389, -0.0439492, 0.0)], [-0.406027, -0.0107023, 0.913798, 0.0)], [-0.910969, 0.0842303, -0.403783, 0.0)], [0.292283, 0.108674, 0.152556, 1.0)]])
0.292283, 0.108674, 0.152556
float3(-0.0843302, -1.98802, -1.58154)
1995.712361458
normal
simd_float4x4([[-0.0713839, -0.996462, -0.0443692, 0.0)], [-0.40921, -0.0113101, 0.91237, 0.0)], [-0.909644, 0.0832849, -0.406955, 0.0)], [0.292866, 0.10867, 0.147023, 1.0)]])
0.292866, 0.10867, 0.147023
float3(-0.0833815, -1.99147, -1.58215)
1995.829093333
normal
simd_float4x4([[-0.0687983, -0.996838, -0.0397549, 0.0)], [-0.410083, -0.00806943, 0.912012, 0.0)], [-0.909449, 0.0790477, -0.408232, 0.0)], [0.294601, 0.107801, 0.140125, 1.0)]])
0.294601, 0.107801, 0.140125
float3(-0.0791302, -1.99272, -1.57889)
1995.945825333
normal
simd_float4x4([[-0.0678482, -0.997069, -0.0353583, 0.0)], [-0.407109, -0.00468728, 0.913368, 0.0)], [-0.910856, 0.0763651, -0.405598, 0.0)], [0.299335, 0.108753, 0.129853, 1.0)]])
0.299335, 0.108753, 0.129853
float3(-0.0764395, -1.98973, -1.5755)
1996.045881458
normal
simd_float4x4([[-0.0652263, -0.997359, -0.0319586, 0.0)], [-0.403148, -0.00295821, 0.91513, 0.0)], [-0.912808, 0.0725746, -0.40189, 0.0)], [0.305564, 0.110589, 0.112549, 1.0)]])
0.305564, 0.110589, 0.112549
float3(-0.0726384, -1.98554, -1.57376)
1996.145937625
normal
simd_float4x4([[-0.0629556, -0.997597, -0.0289293, 0.0)], [-0.399675, -0.00135965, 0.916656, 0.0)], [-0.914493, 0.069271, -0.398629, 0.0)], [0.303074, 0.109368, 0.118455, 1.0)]])
0.303074, 0.109368, 0.118455
float3(-0.0693265, -1.98186, -1.57216)
1996.245993625
normal
simd_float4x4([[-0.0589852, -0.997823, -0.0294832, 0.0)], [-0.395109, -0.00378671, 0.918627, 0.0)], [-0.916739, 0.0658344, -0.394025, 0.0)], [0.300849, 0.10952, 0.120957, 1.0)]])
0.300849, 0.10952, 0.120957
float3(-0.0658821, -1.97674, -1.57459)
1996.362725625
normal
simd_float4x4([[-0.0562511, -0.997998, -0.0289256, 0.0)], [-0.389752, -0.0047233, 0.920908, 0.0)], [-0.9192, 0.0630759, -0.388706, 0.0)], [0.297861, 0.110642, 0.121541, 1.0)]])
0.297861, 0.110642, 0.121541
float3(-0.0631178, -1.97086, -1.57553)
1996.479457833
normal
simd_float4x4([[-0.0542304, -0.998174, -0.0265982, 0.0)], [-0.388712, -0.00343257, 0.921353, 0.0)], [-0.919762, 0.0603043, -0.387816, 0.0)], [0.29586, 0.112232, 0.11729, 1.0)]])
0.29586, 0.112232, 0.11729
float3(-0.0603409, -1.96982, -1.57424)
1996.59618975
normal
simd_float4x4([[-0.0478972, -0.998548, -0.0246353, 0.0)], [-0.388587, -0.00409271, 0.921403, 0.0)], [-0.920166, 0.0537055, -0.387827, 0.0)], [0.293905, 0.113853, 0.115514, 1.0)]])
0.293905, 0.113853, 0.115514
float3(-0.0537314, -1.96968, -1.57489)
