ARKit Data
1090618.25276917
normal
simd_float4x4([[0.401578, -0.915255, -0.0323157, 0.0)], [-0.0933323, -0.0057974, -0.995618, 0.0)], [0.911057, 0.402834, -0.087751, 0.0)], [1.42578, 0.400989, -11.6911, 1.0)]])
1.42578, 0.400989, -11.6911
float3(-0.414611, 1.66682, -1.57713)
1090618.58742837
notAvailable
simd_float4x4([[1.0, 0.0, 0.0, 0.0)], [0.0, 1.0, 0.0, 0.0)], [0.0, 0.0, 1.0, 0.0)], [0.0, 0.0, 0.0, 1.0)]])
0.0, 0.0, 0.0
float3(-0.0, 0.0, 0.0)
1090618.68744762
notAvailable
simd_float4x4([[1.0, 0.0, 0.0, 0.0)], [0.0, 1.0, 0.0, 0.0)], [0.0, 0.0, 1.0, 0.0)], [0.0, 0.0, 0.0, 1.0)]])
0.0, 0.0, 0.0
float3(-0.0, 0.0, 0.0)
1090618.78749983
limited(__ObjC.ARCamera.TrackingState.Reason.initializing)
simd_float4x4([[-0.0196023, -0.904868, 0.425238, 0.0)], [0.999749, -0.0131101, 0.0181885, 0.0)], [-0.0108833, 0.425488, 0.904898, 0.0)], [0.0, 0.0, 0.0, 1.0)]])
0.0, 0.0, 0.0
float3(-0.439501, -0.0120265, -1.58528)
1090618.88755204
limited(__ObjC.ARCamera.TrackingState.Reason.initializing)
simd_float4x4([[0.0155778, -0.899808, 0.436006, 0.0)], [0.999116, 0.0310362, 0.0283544, 0.0)], [-0.0390455, 0.435178, 0.899496, 0.0)], [0.0, 0.0, 0.0, 1.0)]])
0.0, 0.0, 0.0
float3(-0.450236, -0.0433809, -1.53632)
1090618.98760442
limited(__ObjC.ARCamera.TrackingState.Reason.initializing)
simd_float4x4([[0.013205, -0.901745, 0.432065, 0.0)], [0.99889, 0.0314319, 0.0350717, 0.0)], [-0.0452064, 0.431123, 0.901159, 0.0)], [0.0, 0.0, 0.0, 1.0)]])
0.0, 0.0, 0.0
float3(-0.445737, -0.0501227, -1.53595)
1090619.08765658
limited(__ObjC.ARCamera.TrackingState.Reason.initializing)
simd_float4x4([[0.0135829, -0.904135, 0.427028, 0.0)], [0.999141, 0.0289928, 0.0296051, 0.0)], [-0.0391478, 0.426259, 0.903752, 0.0)], [0.0, 0.0, 0.0, 1.0)]])
0.0, 0.0, 0.0
float3(-0.440354, -0.0432899, -1.53874)
1090619.187709
limited(__ObjC.ARCamera.TrackingState.Reason.initializing)
simd_float4x4([[0.020187, -0.90028, 0.434839, 0.0)], [0.999708, 0.0239584, 0.00319252, 0.0)], [-0.0132921, 0.434647, 0.900501, 0.0)], [0.0, 0.0, 0.0, 1.0)]])
0.0, 0.0, 0.0
float3(-0.449646, -0.0147598, -1.54419)
1090619.28776125
limited(__ObjC.ARCamera.TrackingState.Reason.initializing)
simd_float4x4([[0.0379393, -0.896467, 0.44148, 0.0)], [0.999144, 0.0267369, -0.0315712, 0.0)], [0.0164989, 0.442299, 0.896714, 0.0)], [0.0, 0.0, 0.0, 1.0)]])
0.0, 0.0, 0.0
float3(-0.458161, 0.0183972, -1.54098)
1090619.38781342
limited(__ObjC.ARCamera.TrackingState.Reason.initializing)
simd_float4x4([[0.0421949, -0.900928, 0.431908, 0.0)], [0.998212, 0.0196988, -0.0564294, 0.0)], [0.0423309, 0.433517, 0.900149, 0.0)], [0.0, 0.0, 0.0, 1.0)]])
0.0, 0.0, 0.0
float3(-0.448392, 0.046992, -1.54893)
1090619.48786583
limited(__ObjC.ARCamera.TrackingState.Reason.initializing)
simd_float4x4([[0.0477008, -0.90332, 0.4263, 0.0)], [0.996901, 0.0163271, -0.0769518, 0.0)], [0.0625523, 0.428649, 0.9013, 0.0)], [0.0, 0.0, 0.0, 1.0)]])
0.0, 0.0, 0.0
float3(-0.442997, 0.0692912, -1.55272)
1090619.58791808
limited(__ObjC.ARCamera.TrackingState.Reason.initializing)
simd_float4x4([[0.0479214, -0.904828, 0.423062, 0.0)], [0.995908, 0.0107951, -0.0897218, 0.0)], [0.0766164, 0.425631, 0.901644, 0.0)], [0.0, 0.0, 0.0, 1.0)]])
0.0, 0.0, 0.0
float3(-0.439659, 0.0847705, -1.55887)
1090619.68797037
limited(__ObjC.ARCamera.TrackingState.Reason.initializing)
simd_float4x4([[0.04537, -0.90449, 0.424064, 0.0)], [0.995234, 0.00424479, -0.0974257, 0.0)], [0.0863212, 0.426463, 0.900372, 0.0)], [0.0, 0.0, 0.0, 1.0)]])
0.0, 0.0, 0.0
float3(-0.440579, 0.0955807, -1.5661)
1090619.78802258
limited(__ObjC.ARCamera.TrackingState.Reason.initializing)
simd_float4x4([[0.046498, -0.902584, 0.427985, 0.0)], [0.994823, 0.00308647, -0.101573, 0.0)], [0.0903582, 0.430493, 0.898056, 0.0)], [0.0, 0.0, 0.0, 1.0)]])
0.0, 0.0, 0.0
float3(-0.445039, 0.100278, -1.56738)
1090619.88807492
limited(__ObjC.ARCamera.TrackingState.Reason.initializing)
simd_float4x4([[0.0443836, -0.90111, 0.431304, 0.0)], [0.995162, 0.00199985, -0.0982304, 0.0)], [0.0876544, 0.433577, 0.896839, 0.0)], [0.0, 0.0, 0.0, 1.0)]])
0.0, 0.0, 0.0
float3(-0.448459, 0.0974276, -1.56858)
1090619.98812712
limited(__ObjC.ARCamera.TrackingState.Reason.initializing)
simd_float4x4([[0.0425171, -0.895902, 0.442205, 0.0)], [0.996165, 0.00413914, -0.0873941, 0.0)], [0.0764667, 0.444225, 0.892642, 0.0)], [0.0, 0.0, 0.0, 1.0)]])
0.0, 0.0, 0.0
float3(-0.460309, 0.0854548, -1.56618)
1090620.08817938
limited(__ObjC.ARCamera.TrackingState.Reason.initializing)
simd_float4x4([[0.0409145, -0.88873, 0.456594, 0.0)], [0.99757, 0.0105473, -0.0688613, 0.0)], [0.0563837, 0.458302, 0.887002, 0.0)], [0.0, 0.0, 0.0, 1.0)]])
0.0, 0.0, 0.0
float3(-0.476084, 0.0634811, -1.55893)
1090620.18823167
limited(__ObjC.ARCamera.TrackingState.Reason.initializing)
simd_float4x4([[0.0392164, -0.879098, 0.475018, 0.0)], [0.998719, 0.0192653, -0.0467985, 0.0)], [0.0319895, 0.476244, 0.878727, 0.0)], [0.0, 0.0, 0.0, 1.0)]])
0.0, 0.0, 0.0
float3(-0.496378, 0.0363883, -1.54888)
1090620.288284
limited(__ObjC.ARCamera.TrackingState.Reason.initializing)
simd_float4x4([[0.03249, -0.865105, 0.500531, 0.0)], [0.9994, 0.0220904, -0.0266915, 0.0)], [0.0120342, 0.501098, 0.865304, 0.0)], [0.0, 0.0, 0.0, 1.0)]])
0.0, 0.0, 0.0
float3(-0.524867, 0.0139066, -1.54527)
1090620.38833625
limited(__ObjC.ARCamera.TrackingState.Reason.initializing)
simd_float4x4([[0.0274283, -0.849966, 0.526118, 0.0)], [0.999616, 0.0254212, -0.0110442, 0.0)], [-0.00398724, 0.526219, 0.850336, 0.0)], [0.0, 0.0, 0.0, 1.0)]])
0.0, 0.0, 0.0
float3(-0.554148, -0.00468898, -1.5409)
1090620.48838862
limited(__ObjC.ARCamera.TrackingState.Reason.initializing)
simd_float4x4([[0.0182404, -0.834276, 0.551041, 0.0)], [0.999751, 0.0223115, 0.00068616, 0.0)], [-0.0128669, 0.550892, 0.834475, 0.0)], [0.0, 0.0, 0.0, 1.0)]])
0.0, 0.0, 0.0
float3(-0.583432, -0.015418, -1.54406)
1090620.58844079
limited(__ObjC.ARCamera.TrackingState.Reason.initializing)
simd_float4x4([[0.0116301, -0.820486, 0.571544, 0.0)], [0.999655, 0.0229983, 0.0126741, 0.0)], [-0.0235435, 0.5712, 0.82047, 0.0)], [0.0, 0.0, 0.0, 1.0)]])
0.0, 0.0, 0.0
float3(-0.607967, -0.0286872, -1.54277)
1090620.68849308
limited(__ObjC.ARCamera.TrackingState.Reason.initializing)
simd_float4x4([[0.00416092, -0.810806, 0.585296, 0.0)], [0.999217, 0.0263973, 0.0294648, 0.0)], [-0.0393406, 0.584715, 0.810281, 0.0)], [0.0, 0.0, 0.0, 1.0)]])
0.0, 0.0, 0.0
float3(-0.624529, -0.0485137, -1.53825)
1090620.78854537
limited(__ObjC.ARCamera.TrackingState.Reason.initializing)
simd_float4x4([[-0.00727108, -0.808724, 0.588138, 0.0)], [0.998296, 0.02818, 0.0510915, 0.0)], [-0.0578929, 0.587507, 0.807141, 0.0)], [0.0, 0.0, 0.0, 1.0)]])
0.0, 0.0, 0.0
float3(-0.627975, -0.0716032, -1.53597)
1090620.88859767
limited(__ObjC.ARCamera.TrackingState.Reason.initializing)
simd_float4x4([[-0.0143518, -0.809511, 0.586924, 0.0)], [0.997059, 0.0326036, 0.0693497, 0.0)], [-0.0752754, 0.586194, 0.806662, 0.0)], [0.0, 0.0, 0.0, 1.0)]])
0.0, 0.0, 0.0
float3(-0.626352, -0.0930477, -1.53054)
1090620.98864983
limited(__ObjC.ARCamera.TrackingState.Reason.initializing)
simd_float4x4([[-0.0206031, -0.819294, 0.572997, 0.0)], [0.996552, 0.0292451, 0.0776492, 0.0)], [-0.0803753, 0.572621, 0.815866, 0.0)], [0.0, 0.0, 0.0, 1.0)]])
0.0, 0.0, 0.0
float3(-0.6097, -0.0981984, -1.53512)
1090621.08870213
limited(__ObjC.ARCamera.TrackingState.Reason.initializing)
simd_float4x4([[-0.0150154, -0.837265, 0.546584, 0.0)], [0.99742, 0.0258323, 0.0669715, 0.0)], [-0.0701928, 0.546179, 0.834718, 0.0)], [0.0, 0.0, 0.0, 1.0)]])
0.0, 0.0, 0.0
float3(-0.577796, -0.0838943, -1.53995)
1090621.18875438
limited(__ObjC.ARCamera.TrackingState.Reason.initializing)
simd_float4x4([[0.000153978, -0.85867, 0.51252, 0.0)], [0.998777, 0.0254724, 0.0423768, 0.0)], [-0.049443, 0.511887, 0.857624, 0.0)], [0.0, 0.0, 0.0, 1.0)]])
0.0, 0.0, 0.0
float3(-0.53738, -0.0575874, -1.54114)
1090621.28880667
limited(__ObjC.ARCamera.TrackingState.Reason.initializing)
simd_float4x4([[0.0148931, -0.879271, 0.47608, 0.0)], [0.999707, 0.0221897, 0.00970894, 0.0)], [-0.0191008, 0.475796, 0.879343, 0.0)], [0.0, 0.0, 0.0, 1.0)]])
0.0, 0.0, 0.0
float3(-0.495869, -0.0217183, -1.54557)
1090621.38885904
limited(__ObjC.ARCamera.TrackingState.Reason.initializing)
simd_float4x4([[0.0212237, -0.897363, 0.440771, 0.0)], [0.999727, 0.0147611, -0.0180863, 0.0)], [0.00972394, 0.441034, 0.897432, 0.0)], [0.0, 0.0, 0.0, 1.0)]])
0.0, 0.0, 0.0
float3(-0.456751, 0.0108349, -1.55435)
1090621.48891121
limited(__ObjC.ARCamera.TrackingState.Reason.initializing)
simd_float4x4([[0.0245382, -0.910109, 0.413628, 0.0)], [0.999186, 0.00907355, -0.0393119, 0.0)], [0.0320254, 0.414256, 0.909591, 0.0)], [0.0, 0.0, 0.0, 1.0)]])
0.0, 0.0, 0.0
float3(-0.427125, 0.0351941, -1.56083)
1090621.58896367
limited(__ObjC.ARCamera.TrackingState.Reason.initializing)
simd_float4x4([[0.0308137, -0.919667, 0.391473, 0.0)], [0.997849, 0.00563196, -0.065313, 0.0)], [0.0578621, 0.392644, 0.917862, 0.0)], [0.0, 0.0, 0.0, 1.0)]])
0.0, 0.0, 0.0
float3(-0.403504, 0.0629568, -1.56467)
1090621.68901575
limited(__ObjC.ARCamera.TrackingState.Reason.initializing)
simd_float4x4([[0.0388564, -0.926223, 0.374951, 0.0)], [0.99556, 0.00369101, -0.0940542, 0.0)], [0.0857321, 0.376941, 0.922254, 0.0)], [0.0, 0.0, 0.0, 1.0)]])
0.0, 0.0, 0.0
float3(-0.386492, 0.0926929, -1.56681)
1090621.78906821
limited(__ObjC.ARCamera.TrackingState.Reason.initializing)
simd_float4x4([[0.0471152, -0.932195, 0.35886, 0.0)], [0.991364, -0.000376247, -0.131137, 0.0)], [0.122381, 0.36194, 0.924127, 0.0)], [0.0, 0.0, 0.0, 1.0)]])
0.0, 0.0, 0.0
float3(-0.370348, 0.131663, -1.5712)
1090621.88912038
limited(__ObjC.ARCamera.TrackingState.Reason.initializing)
simd_float4x4([[0.0505188, -0.938476, 0.341611, 0.0)], [0.986278, -0.00694724, -0.164943, 0.0)], [0.15717, 0.345257, 0.925248, 0.0)], [0.0, 0.0, 0.0, 1.0)]])
0.0, 0.0, 0.0
float3(-0.352512, 0.168262, -1.5782)
1090621.98917271
limited(__ObjC.ARCamera.TrackingState.Reason.initializing)
simd_float4x4([[0.0502013, -0.945154, 0.322728, 0.0)], [0.982072, -0.0120705, -0.188118, 0.0)], [0.181698, 0.326386, 0.927603, 0.0)], [0.0, 0.0, 0.0, 1.0)]])
0.0, 0.0, 0.0
float3(-0.332478, 0.19343, -1.58357)
1090622.08922513
limited(__ObjC.ARCamera.TrackingState.Reason.initializing)
simd_float4x4([[0.0461965, -0.952347, 0.30148, 0.0)], [0.980358, -0.0147042, -0.196676, 0.0)], [0.191738, 0.304644, 0.932962, 0.0)], [0.0, 0.0, 0.0, 1.0)]])
0.0, 0.0, 0.0
float3(-0.309565, 0.202693, -1.58624)
1090622.18927721
limited(__ObjC.ARCamera.TrackingState.Reason.initializing)
simd_float4x4([[0.0364711, -0.960006, 0.277576, 0.0)], [0.981883, -0.0172579, -0.188702, 0.0)], [0.185947, 0.279429, 0.941983, 0.0)], [0.0, 0.0, 0.0, 1.0)]])
0.0, 0.0, 0.0
float3(-0.2832, 0.194894, -1.58877)
1090622.28932962
limited(__ObjC.ARCamera.TrackingState.Reason.initializing)
simd_float4x4([[0.0255981, -0.964571, 0.262556, 0.0)], [0.986542, -0.0180522, -0.162508, 0.0)], [0.161491, 0.263182, 0.951127, 0.0)], [0.0, 0.0, 0.0, 1.0)]])
0.0, 0.0, 0.0
float3(-0.266319, 0.168186, -1.58951)
1090622.38938192
limited(__ObjC.ARCamera.TrackingState.Reason.initializing)
simd_float4x4([[0.0152127, -0.966269, 0.257057, 0.0)], [0.991668, -0.0183075, -0.127509, 0.0)], [0.127915, 0.256855, 0.95794, 0.0)], [0.0, 0.0, 0.0, 1.0)]])
0.0, 0.0, 0.0
float3(-0.259767, 0.132746, -1.58974)
1090622.48943408
limited(__ObjC.ARCamera.TrackingState.Reason.initializing)
simd_float4x4([[0.00674623, -0.967215, 0.253845, 0.0)], [0.996032, -0.0160264, -0.087538, 0.0)], [0.0887369, 0.253428, 0.963269, 0.0)], [0.0, 0.0, 0.0, 1.0)]])
0.0, 0.0, 0.0
float3(-0.256223, 0.0918613, -1.58736)
1090622.58948642
limited(__ObjC.ARCamera.TrackingState.Reason.initializing)
simd_float4x4([[-0.00292914, -0.968744, 0.248021, 0.0)], [0.998751, -0.0152058, -0.0475988, 0.0)], [0.0498828, 0.247572, 0.967578, 0.0)], [0.0, 0.0, 0.0, 1.0)]])
0.0, 0.0, 0.0
float3(-0.250173, 0.0515087, -1.58649)
1090622.68953871
normal
simd_float4x4([[0.0168658, -0.971863, 0.234943, 0.0)], [0.999806, 0.0140138, -0.0138035, 0.0)], [0.0101227, 0.235131, 0.971911, 0.0)], [-0.0318148, 0.0215448, -0.0257931, 1.0)]])
-0.0318148, 0.0215448, -0.0257931
float3(-0.237353, 0.0104148, -1.55638)
1090622.78959117
normal
simd_float4x4([[0.00959289, -0.974469, 0.224315, 0.0)], [0.999497, 0.0161272, 0.027316, 0.0)], [-0.0302362, 0.22394, 0.974134, 0.0)], [-0.076131, 0.0471355, -0.0488618, 1.0)]])
-0.076131, 0.0471355, -0.0488618
float3(-0.225855, -0.0310291, -1.55425)
1090622.88964342
normal
simd_float4x4([[-0.00179079, -0.97857, 0.205909, 0.0)], [0.996933, 0.0143634, 0.0769316, 0.0)], [-0.0782405, 0.205415, 0.975542, 0.0)], [-0.120297, 0.0754242, -0.0770302, 1.0)]])
-0.120297, 0.0754242, -0.0770302
float3(-0.206888, -0.0800307, -1.55612)
1090622.98969558
normal
simd_float4x4([[-0.00967876, -0.982074, 0.188249, 0.0)], [0.992193, 0.0139766, 0.123928, 0.0)], [-0.124337, 0.187978, 0.974271, 0.0)], [-0.166556, 0.10726, -0.109652, 1.0)]])
-0.166556, 0.10726, -0.109652
float3(-0.189104, -0.126935, -1.55657)
1090623.08974796
normal
simd_float4x4([[-0.0125003, -0.982081, 0.188044, 0.0)], [0.987796, 0.0170695, 0.154811, 0.0)], [-0.155247, 0.187685, 0.969883, 0.0)], [-0.219301, 0.136216, -0.149425, 1.0)]])
-0.219301, 0.136216, -0.149425
float3(-0.188804, -0.158721, -1.55342)
1090623.18980004
normal
simd_float4x4([[-0.0110876, -0.979995, 0.19871, 0.0)], [0.985506, 0.0229312, 0.168081, 0.0)], [-0.169275, 0.197694, 0.965538, 0.0)], [-0.282163, 0.164075, -0.190113, 1.0)]])
-0.282163, 0.164075, -0.190113
float3(-0.199005, -0.173553, -1.5474)
1090623.2898525
normal
simd_float4x4([[-0.0110861, -0.976612, 0.214723, 0.0)], [0.98651, 0.0243921, 0.161874, 0.0)], [-0.163325, 0.213621, 0.963167, 0.0)], [-0.353735, 0.190253, -0.235876, 1.0)]])
-0.353735, 0.190253, -0.235876
float3(-0.21528, -0.167973, -1.54583)
1090623.38990475
normal
simd_float4x4([[-0.00936406, -0.971571, 0.236564, 0.0)], [0.990591, 0.0232897, 0.134862, 0.0)], [-0.136538, 0.235601, 0.962211, 0.0)], [-0.435148, 0.214356, -0.290712, 1.0)]])
-0.435148, 0.214356, -0.290712
float3(-0.237837, -0.140959, -1.54683)
1090623.48995704
normal
simd_float4x4([[-0.00452689, -0.965843, 0.259086, 0.0)], [0.994981, 0.0215474, 0.0977112, 0.0)], [-0.0999563, 0.258228, 0.960899, 0.0)], [-0.523649, 0.238453, -0.347539, 1.0)]])
-0.523649, 0.238453, -0.347539
float3(-0.261188, -0.103651, -1.54849)
1090623.59000929
normal
simd_float4x4([[-0.000311688, -0.958817, 0.284023, 0.0)], [0.997787, 0.0185857, 0.0638373, 0.0)], [-0.0664871, 0.283414, 0.95669, 0.0)], [-0.612776, 0.26228, -0.405656, 1.0)]])
-0.612776, 0.26228, -0.405656
float3(-0.287353, -0.0693855, -1.55141)
1090623.69006158
normal
simd_float4x4([[0.00309033, -0.951346, 0.30811, 0.0)], [0.99936, 0.0139152, 0.0329422, 0.0)], [-0.0356268, 0.307811, 0.95078, 0.0)], [-0.704023, 0.285639, -0.465706, 1.0)]])
-0.704023, 0.285639, -0.465706
float3(-0.312891, -0.0374536, -1.55617)
1090623.79011396
normal
simd_float4x4([[0.0127827, -0.939673, 0.341836, 0.0)], [0.999789, 0.0175037, 0.0107295, 0.0)], [-0.0160656, 0.341626, 0.939698, 0.0)], [-0.796581, 0.301788, -0.534854, 1.0)]])
-0.796581, 0.301788, -0.534854
float3(-0.348647, -0.0170949, -1.55217)
1090623.89016621
normal
simd_float4x4([[0.0248936, -0.925025, 0.37909, 0.0)], [0.99969, 0.0231238, -0.0092214, 0.0)], [-0.000236012, 0.379202, 0.925314, 0.0)], [-0.889554, 0.316533, -0.606, 1.0)]])
-0.889554, 0.316533, -0.606
float3(-0.388934, -0.000255061, -1.5458)
1090623.99021862
normal
simd_float4x4([[0.0331112, -0.914972, 0.402156, 0.0)], [0.999394, 0.0260032, -0.0231226, 0.0)], [0.0106992, 0.402678, 0.915279, 0.0)], [-0.989092, 0.336662, -0.680245, 1.0)]])
-0.989092, 0.336662, -0.680245
float3(-0.414441, 0.011689, -1.54238)
1090624.09027071
normal
simd_float4x4([[0.0324857, -0.911196, 0.41069, 0.0)], [0.999355, 0.0233335, -0.0272794, 0.0)], [0.015274, 0.411312, 0.911367, 0.0)], [-1.08483, 0.367605, -0.757659, 1.0)]])
-1.08483, 0.367605, -0.757659
float3(-0.423892, 0.0167579, -1.54519)
1090624.19032321
normal
simd_float4x4([[0.0219646, -0.917744, 0.396563, 0.0)], [0.999669, 0.0148408, -0.0210237, 0.0)], [0.0134091, 0.396894, 0.917767, 0.0)], [-1.1777, 0.406697, -0.832826, 1.0)]])
-1.1777, 0.406697, -0.832826
float3(-0.40813, 0.0146095, -1.55463)
1090624.29037542
normal
simd_float4x4([[0.0161423, -0.919978, 0.391637, 0.0)], [0.999847, 0.0121941, -0.0125663, 0.0)], [0.00678506, 0.39178, 0.920034, 0.0)], [0.480902, -0.49938, 0.305513, 1.0)]])
0.480902, -0.49938, 0.305513
float3(-0.402566, 0.00737466, -1.55754)
1090624.3904275
normal
simd_float4x4([[0.00892691, -0.917622, 0.397354, 0.0)], [0.999877, 0.0133202, 0.00829762, 0.0)], [-0.0129069, 0.397231, 0.917628, 0.0)], [0.387706, -0.469527, 0.216601, 1.0)]])
0.387706, -0.469527, 0.216601
float3(-0.408498, -0.0140646, -1.55628)
1090624.49047996
normal
simd_float4x4([[0.0115699, -0.914096, 0.405332, 0.0)], [0.99987, 0.0151402, 0.00560351, 0.0)], [-0.011259, 0.405215, 0.914152, 0.0)], [0.287491, -0.445937, 0.126785, 1.0)]])
0.287491, -0.445937, 0.126785
float3(-0.417213, -0.0123157, -1.55423)
1090624.59053212
normal
simd_float4x4([[0.00177093, -0.912353, 0.4094, 0.0)], [0.999847, 0.00874499, 0.0151633, 0.0)], [-0.0174145, 0.409311, 0.912229, 0.0)], [0.175627, -0.421267, 0.0269085, 1.0)]])
0.175627, -0.421267, 0.0269085
float3(-0.421698, -0.0190877, -1.56121)
1090624.69058458
normal
simd_float4x4([[0.008009, -0.908907, 0.416922, 0.0)], [0.999593, 0.0186903, 0.0215437, 0.0)], [-0.0273736, 0.41658, 0.908687, 0.0)], [0.0507038, -0.39988, -0.0837872, 1.0)]])
0.0507038, -0.39988, -0.0837872
float3(-0.42968, -0.0301153, -1.55024)
1090624.79063675
normal
simd_float4x4([[0.00970316, -0.90055, 0.434644, 0.0)], [0.999127, 0.0263969, 0.0323876, 0.0)], [-0.0406399, 0.43395, 0.90002, 0.0)], [-0.0831231, -0.383469, -0.216464, 1.0)]])
-0.0831231, -0.383469, -0.216464
float3(-0.448873, -0.0451238, -1.54149)
1090624.89068917
normal
simd_float4x4([[0.0090163, -0.905535, 0.424176, 0.0)], [0.99861, 0.0301842, 0.043211, 0.0)], [-0.0519324, 0.423197, 0.904548, 0.0)], [-0.225785, -0.362932, -0.364512, 1.0)]])
-0.225785, -0.362932, -0.364512
float3(-0.436971, -0.0573496, -1.53748)
1090624.99074137
normal
simd_float4x4([[0.00300241, -0.931067, 0.364836, 0.0)], [0.998553, 0.0223782, 0.0488919, 0.0)], [-0.053686, 0.364162, 0.929787, 0.0)], [-0.375761, -0.331171, -0.525513, 1.0)]])
-0.375761, -0.331171, -0.525513
float3(-0.372733, -0.0576761, -1.54677)
1090625.09079367
normal
simd_float4x4([[0.00230383, -0.945865, 0.324551, 0.0)], [0.998864, 0.0176237, 0.0442718, 0.0)], [-0.0475949, 0.32408, 0.944832, 0.0)], [-0.539507, -0.284096, -0.702278, 1.0)]])
-0.539507, -0.284096, -0.702278
float3(-0.330039, -0.0503314, -1.55217)
1090625.19084592
normal
simd_float4x4([[-0.0308012, -0.961863, 0.271791, 0.0)], [0.998306, -0.0161772, 0.055884, 0.0)], [-0.0493559, 0.273051, 0.960732, 0.0)], [-0.695361, -0.227317, -0.878234, 1.0)]])
-0.695361, -0.227317, -0.878234
float3(-0.276564, -0.0513281, -1.58761)
1090625.29089817
normal
simd_float4x4([[-0.0718797, -0.965817, 0.24906, 0.0)], [0.996269, -0.0575636, 0.0643044, 0.0)], [-0.0477694, 0.252753, 0.966351, 0.0)], [-0.598592, -0.163682, -1.15193, 1.0)]])
-0.598592, -0.163682, -1.15193
float3(-0.255525, -0.0493926, -1.63033)
1090625.39095071
normal
simd_float4x4([[-0.0884291, -0.961089, 0.261703, 0.0)], [0.99445, -0.0701461, 0.0784155, 0.0)], [-0.0570067, 0.267185, 0.961958, 0.0)], [-0.351627, -0.125232, -1.4528, 1.0)]])
-0.351627, -0.125232, -1.4528
float3(-0.270471, -0.059192, -1.64365)
1090625.49100287
normal
simd_float4x4([[-0.111354, -0.956674, 0.269027, 0.0)], [0.990582, -0.0851496, 0.107218, 0.0)], [-0.0796656, 0.278433, 0.957146, 0.0)], [-0.0523366, -0.103004, -1.71026, 1.0)]])
-0.0523366, -0.103004, -1.71026
float3(-0.282162, -0.083041, -1.65957)
1090625.59105517
limited(__ObjC.ARCamera.TrackingState.Reason.insufficientFeatures)
simd_float4x4([[-0.123164, -0.95773, 0.259967, 0.0)], [0.986795, -0.0904237, 0.134387, 0.0)], [-0.105199, 0.273086, 0.95622, 0.0)], [0.396595, -0.142763, -1.9912, 1.0)]])
0.396595, -0.142763, -1.9912
float3(-0.276599, -0.109575, -1.66493)
1090625.69110746
limited(__ObjC.ARCamera.TrackingState.Reason.insufficientFeatures)
simd_float4x4([[-0.116067, -0.963506, 0.241215, 0.0)], [0.98546, -0.0813702, 0.149158, 0.0)], [-0.124086, 0.25502, 0.958941, 0.0)], [0.75246, -0.207724, -2.22781, 1.0)]])
0.75246, -0.207724, -2.22781
float3(-0.257869, -0.128684, -1.65505)
1090625.79115967
limited(__ObjC.ARCamera.TrackingState.Reason.insufficientFeatures)
simd_float4x4([[-0.0908322, -0.968879, 0.230266, 0.0)], [0.98775, -0.0581915, 0.144785, 0.0)], [-0.126879, 0.240597, 0.962297, 0.0)], [1.09711, -0.301365, -2.43327, 1.0)]])
1.09711, -0.301365, -2.43327
float3(-0.242981, -0.131094, -1.63078)
1090625.89121204
limited(__ObjC.ARCamera.TrackingState.Reason.excessiveMotion)
simd_float4x4([[-0.0761123, -0.963494, 0.256683, 0.0)], [0.990842, -0.0442909, 0.127555, 0.0)], [-0.11153, 0.264041, 0.958041, 0.0)], [1.42778, -0.410512, -2.57709, 1.0)]])
1.42778, -0.410512, -2.57709
float3(-0.267209, -0.115893, -1.61673)
1090625.99126433
limited(__ObjC.ARCamera.TrackingState.Reason.excessiveMotion)
simd_float4x4([[-0.071481, -0.959813, 0.271385, 0.0)], [0.992893, -0.0425163, 0.111153, 0.0)], [-0.0951482, 0.277401, 0.956031, 0.0)], [1.65137, -0.498345, -2.64483, 1.0)]])
1.65137, -0.498345, -2.64483
float3(-0.281088, -0.0991975, -1.61506)
1090626.09131663
limited(__ObjC.ARCamera.TrackingState.Reason.excessiveMotion)
simd_float4x4([[-0.0666617, -0.964144, 0.256872, 0.0)], [0.99441, -0.0430694, 0.0964059, 0.0)], [-0.0818858, 0.261862, 0.961625, 0.0)], [1.67356, -0.497102, -2.80314, 1.0)]])
1.67356, -0.497102, -2.80314
float3(-0.264951, -0.0849487, -1.61544)
1090626.19136892
limited(__ObjC.ARCamera.TrackingState.Reason.excessiveMotion)
simd_float4x4([[-0.0660143, -0.967808, 0.242879, 0.0)], [0.994327, -0.0434584, 0.0970872, 0.0)], [-0.0834066, 0.24791, 0.965186, 0.0)], [1.74253, -0.581712, -2.91283, 1.0)]])
1.74253, -0.581712, -2.91283
float3(-0.250523, -0.0862009, -1.61567)
1090626.29142108
limited(__ObjC.ARCamera.TrackingState.Reason.excessiveMotion)
simd_float4x4([[-0.0746616, -0.966687, 0.244829, 0.0)], [0.991176, -0.0449743, 0.124686, 0.0)], [-0.109521, 0.251978, 0.961515, 0.0)], [1.78856, -0.64333, -3.11863, 1.0)]])
1.78856, -0.64333, -3.11863
float3(-0.254724, -0.113416, -1.61729)
1090626.3914735
limited(__ObjC.ARCamera.TrackingState.Reason.excessiveMotion)
simd_float4x4([[-0.113034, -0.963596, 0.242295, 0.0)], [0.985961, -0.0786161, 0.14731, 0.0)], [-0.122899, 0.255544, 0.958954, 0.0)], [1.85077, -0.668472, -3.30848, 1.0)]])
1.85077, -0.668472, -3.30848
float3(-0.258411, -0.127465, -1.6522)
1090626.49152563
limited(__ObjC.ARCamera.TrackingState.Reason.excessiveMotion)
simd_float4x4([[-0.128434, -0.964209, 0.231962, 0.0)], [0.979806, -0.0872282, 0.179919, 0.0)], [-0.153246, 0.250386, 0.955941, 0.0)], [1.92819, -0.706048, -3.36495, 1.0)]])
1.92819, -0.706048, -3.36495
float3(-0.253079, -0.158957, -1.66102)
1090626.59157813
normal
simd_float4x4([[-0.140258, -0.964693, 0.222922, 0.0)], [0.974869, -0.0951941, 0.201418, 0.0)], [-0.173086, 0.24557, 0.953801, 0.0)], [1.99114, -0.757482, -3.42275, 1.0)]])
1.99114, -0.757482, -3.42275
float3(-0.248108, -0.179516, -1.66916)
1090626.69163038
normal
simd_float4x4([[-0.133115, -0.964963, 0.226113, 0.0)], [0.976454, -0.088613, 0.196684, 0.0)], [-0.169756, 0.246971, 0.954038, 0.0)], [2.03486, -0.781588, -3.53392, 1.0)]])
2.03486, -0.781588, -3.53392
float3(-0.249553, -0.176091, -1.66237)
1090626.79168254
normal
simd_float4x4([[-0.125656, -0.971194, 0.202466, 0.0)], [0.98073, -0.0908308, 0.172969, 0.0)], [-0.149596, 0.220299, 0.963893, 0.0)], [2.06186, -0.798395, -3.55127, 1.0)]])
2.06186, -0.798395, -3.55127
float3(-0.222121, -0.153972, -1.66405)
1090626.89173496
normal
simd_float4x4([[-0.0987041, -0.973271, 0.207368, 0.0)], [0.985998, -0.0675068, 0.152481, 0.0)], [-0.134407, 0.219515, 0.966306, 0.0)], [2.07407, -0.809467, -3.58635, 1.0)]])
2.07407, -0.809467, -3.58635
float3(-0.221317, -0.138206, -1.64005)
1090626.99178712
normal
simd_float4x4([[-0.0867204, -0.962965, 0.255298, 0.0)], [0.98906, -0.0525254, 0.137845, 0.0)], [-0.11933, 0.264459, 0.956986, 0.0)], [2.06778, -0.819041, -3.6318, 1.0)]])
2.06778, -0.819041, -3.6318
float3(-0.267643, -0.124054, -1.62529)
1090627.09183963
normal
simd_float4x4([[-0.0818029, -0.963841, 0.253609, 0.0)], [0.991417, -0.0526572, 0.119663, 0.0)], [-0.101982, 0.261222, 0.959877, 0.0)], [2.05864, -0.822602, -3.66406, 1.0)]])
2.05864, -0.822602, -3.66406
float3(-0.264287, -0.105848, -1.62537)
1090627.19189179
normal
simd_float4x4([[-0.0749624, -0.966125, 0.246949, 0.0)], [0.992264, -0.0476943, 0.114614, 0.0)], [-0.0989537, 0.253631, 0.962226, 0.0)], [2.05697, -0.837874, -3.7108, 1.0)]])
2.05697, -0.837874, -3.7108
float3(-0.256432, -0.102478, -1.62012)
1090627.29194417
normal
simd_float4x4([[-0.0809079, -0.965084, 0.249132, 0.0)], [0.991761, -0.0530431, 0.116606, 0.0)], [-0.0993197, 0.256513, 0.961424, 0.0)], [2.06353, -0.851365, -3.7955, 1.0)]])
2.06353, -0.851365, -3.7955
float3(-0.259413, -0.10294, -1.6257)
1090627.39199642
normal
simd_float4x4([[-0.107115, -0.966008, 0.235275, 0.0)], [0.986427, -0.0736344, 0.146764, 0.0)], [-0.124451, 0.247803, 0.960784, 0.0)], [2.09847, -0.858551, -3.85398, 1.0)]])
2.09847, -0.858551, -3.85398
float3(-0.250412, -0.128813, -1.64687)
1090627.49204867
normal
simd_float4x4([[-0.141317, -0.960815, 0.23846, 0.0)], [0.979527, -0.100825, 0.174243, 0.0)], [-0.143372, 0.258202, 0.955393, 0.0)], [2.15011, -0.867725, -3.87839, 1.0)]])
2.15011, -0.867725, -3.87839
float3(-0.26116, -0.148955, -1.67535)
1090627.59210096
normal
simd_float4x4([[-0.141151, -0.958985, 0.245813, 0.0)], [0.977789, -0.0961869, 0.186216, 0.0)], [-0.154934, 0.266638, 0.951262, 0.0)], [2.19841, -0.882, -3.90577, 1.0)]])
2.19841, -0.882, -3.90577
float3(-0.269903, -0.161455, -1.67076)
1090627.69215321
normal
simd_float4x4([[-0.147314, -0.960195, 0.237327, 0.0)], [0.97487, -0.100414, 0.198858, 0.0)], [-0.167111, 0.260658, 0.950858, 0.0)], [2.24613, -0.91337, -3.91213, 1.0)]])
2.24613, -0.91337, -3.91213
float3(-0.263703, -0.173971, -1.67499)
1090627.79220558
normal
simd_float4x4([[-0.141968, -0.962114, 0.23277, 0.0)], [0.976315, -0.0973136, 0.193232, 0.0)], [-0.163259, 0.254689, 0.953142, 0.0)], [2.26888, -0.943682, -3.90818, 1.0)]])
2.26888, -0.943682, -3.90818
float3(-0.257527, -0.169639, -1.6716)
1090627.89225783
normal
simd_float4x4([[-0.133919, -0.964163, 0.229033, 0.0)], [0.978675, -0.0923492, 0.183484, 0.0)], [-0.155758, 0.248721, 0.955969, 0.0)], [2.27167, -0.95737, -3.86198, 1.0)]])
2.27167, -0.95737, -3.86198
float3(-0.25136, -0.161512, -1.66629)
1090627.99231025
normal
simd_float4x4([[-0.109943, -0.966492, 0.231961, 0.0)], [0.983136, -0.0714324, 0.168346, 0.0)], [-0.146135, 0.246558, 0.958047, 0.0)], [2.2491, -0.961933, -3.74955, 1.0)]])
2.2491, -0.961933, -3.74955
float3(-0.249127, -0.151368, -1.64457)
1090628.09236237
normal
simd_float4x4([[-0.103322, -0.964766, 0.241975, 0.0)], [0.984848, -0.0651648, 0.16071, 0.0)], [-0.139279, 0.254913, 0.956881, 0.0)], [2.21038, -0.974213, -3.59703, 1.0)]])
2.21038, -0.974213, -3.59703
float3(-0.257758, -0.14454, -1.63824)
1090628.19241463
normal
simd_float4x4([[-0.0898308, -0.966351, 0.24103, 0.0)], [0.989216, -0.0584611, 0.134291, 0.0)], [-0.115681, 0.250495, 0.961182, 0.0)], [2.17203, -0.99773, -3.47443, 1.0)]])
2.17203, -0.99773, -3.47443
float3(-0.253191, -0.119777, -1.63122)
1090628.29246704
normal
simd_float4x4([[-0.0804611, -0.967444, 0.239954, 0.0)], [0.991656, -0.0533703, 0.117343, 0.0)], [-0.100716, 0.247394, 0.963666, 0.0)], [2.15327, -1.02919, -3.42274, 1.0)]])
2.15327, -1.02919, -3.42274
float3(-0.249989, -0.104136, -1.62591)
1090628.39251929
normal
simd_float4x4([[-0.0871293, -0.966754, 0.240407, 0.0)], [0.991009, -0.0595167, 0.11983, 0.0)], [-0.101538, 0.248686, 0.963247, 0.0)], [2.15342, -1.04702, -3.33584, 1.0)]])
2.15342, -1.04702, -3.33584
float3(-0.251323, -0.105024, -1.63228)
1090628.49257158
normal
simd_float4x4([[-0.125987, -0.96609, 0.225384, 0.0)], [0.986413, -0.097851, 0.131961, 0.0)], [-0.105432, 0.238947, 0.965292, 0.0)], [2.18183, -1.05691, -3.2731, 1.0)]])
2.18183, -1.05691, -3.2731
float3(-0.241281, -0.108792, -1.67174)
1090628.59262392
normal
simd_float4x4([[-0.143113, -0.958496, 0.246586, 0.0)], [0.982646, -0.107903, 0.150879, 0.0)], [-0.11801, 0.263899, 0.957304, 0.0)], [2.20941, -1.06407, -3.22862, 1.0)]])
2.20941, -1.06407, -3.22862
float3(-0.267062, -0.122654, -1.6829)
1090628.69267613
normal
simd_float4x4([[-0.15713, -0.958898, 0.23627, 0.0)], [0.979217, -0.120211, 0.163348, 0.0)], [-0.128232, 0.257027, 0.957859, 0.0)], [2.23434, -1.07543, -3.25182, 1.0)]])
2.23434, -1.07543, -3.25182
float3(-0.259944, -0.133082, -1.69551)
1090628.79272846
normal
simd_float4x4([[-0.15712, -0.959747, 0.232805, 0.0)], [0.980498, -0.123418, 0.152939, 0.0)], [-0.118051, 0.252295, 0.960422, 0.0)], [2.2629, -1.10073, -3.31666, 1.0)]])
2.2629, -1.10073, -3.31666
float3(-0.255051, -0.122302, -1.69869)
1090628.89278075
normal
simd_float4x4([[-0.149248, -0.962339, 0.22722, 0.0)], [0.982926, -0.119381, 0.140017, 0.0)], [-0.107618, 0.244238, 0.963725, 0.0)], [2.28504, -1.11972, -3.3751, 1.0)]])
2.28504, -1.11972, -3.3751
float3(-0.246733, -0.111209, -1.69422)
1090628.99283312
normal
simd_float4x4([[-0.128753, -0.966044, 0.224014, 0.0)], [0.985981, -0.100527, 0.133179, 0.0)], [-0.106137, 0.238021, 0.965443, 0.0)], [2.29765, -1.11983, -3.45694, 1.0)]])
2.29765, -1.11983, -3.45694
float3(-0.240328, -0.109497, -1.67448)
1090629.09288538
normal
simd_float4x4([[-0.10699, -0.960605, 0.256498, 0.0)], [0.987504, -0.0726425, 0.139854, 0.0)], [-0.115712, 0.268256, 0.956373, 0.0)], [2.28843, -1.11646, -3.5351, 1.0)]])
2.28843, -1.11646, -3.5351
float3(-0.271582, -0.120405, -1.64627)
1090629.19293775
normal
simd_float4x4([[-0.101522, -0.950635, 0.293233, 0.0)], [0.987197, -0.0598153, 0.147866, 0.0)], [-0.123027, 0.30449, 0.944537, 0.0)], [2.27311, -1.11129, -3.6202, 1.0)]])
2.27311, -1.11129, -3.6202
float3(-0.309403, -0.129522, -1.63363)
1090629.29298996
normal
simd_float4x4([[-0.0958035, -0.947871, 0.303913, 0.0)], [0.986904, -0.0506443, 0.153151, 0.0)], [-0.129776, 0.314605, 0.940309, 0.0)], [2.2573, -1.12571, -3.6928, 1.0)]])
2.2573, -1.12571, -3.6928
float3(-0.320041, -0.137148, -1.62418)
1090629.39304217
normal
simd_float4x4([[-0.0849578, -0.935945, 0.341744, 0.0)], [0.988375, -0.0357607, 0.147772, 0.0)], [-0.126086, 0.350325, 0.928103, 0.0)], [2.24775, -1.14986, -3.7718, 1.0)]])
2.24775, -1.14986, -3.7718
float3(-0.357918, -0.135026, -1.60899)
1090629.4930945
normal
simd_float4x4([[-0.0744296, -0.932679, 0.352945, 0.0)], [0.989735, -0.0257884, 0.140569, 0.0)], [-0.122004, 0.359784, 0.925024, 0.0)], [2.2398, -1.16331, -3.84965, 1.0)]])
2.2398, -1.16331, -3.84965
float3(-0.368037, -0.131136, -1.59844)
1090629.59314683
normal
simd_float4x4([[-0.0352513, -0.929106, 0.368128, 0.0)], [0.990757, 0.0157899, 0.134725, 0.0)], [-0.130986, 0.369475, 0.919962, 0.0)], [2.23098, -1.15532, -3.91305, 1.0)]])
2.23098, -1.15532, -3.91305
float3(-0.378444, -0.141432, -1.5538)
1090629.69319917
normal
simd_float4x4([[-0.0194197, -0.934025, 0.35668, 0.0)], [0.992623, 0.02469, 0.118699, 0.0)], [-0.119674, 0.356354, 0.926655, 0.0)], [2.22819, -1.14225, -3.95259, 1.0)]])
2.22819, -1.14225, -3.95259
float3(-0.364362, -0.128436, -1.54437)
1090629.7932515
normal
simd_float4x4([[-0.0307643, -0.939505, 0.341151, 0.0)], [0.992105, 0.0128147, 0.124757, 0.0)], [-0.121581, 0.342296, 0.931693, 0.0)], [2.22578, -1.13507, -3.98556, 1.0)]])
2.22578, -1.13507, -3.98556
float3(-0.349359, -0.129762, -1.55716)
1090629.89330371
normal
simd_float4x4([[-0.0428617, -0.932859, 0.357683, 0.0)], [0.991893, 0.00313433, 0.127035, 0.0)], [-0.119626, 0.360228, 0.925162, 0.0)], [2.22679, -1.13599, -4.02, 1.0)]])
2.22679, -1.13599, -4.02
float3(-0.368513, -0.12859, -1.56744)
1090629.99335612
normal
simd_float4x4([[-0.0376771, -0.925975, 0.375699, 0.0)], [0.992812, 0.00805167, 0.119409, 0.0)], [-0.113595, 0.377498, 0.919016, 0.0)], [2.22584, -1.13152, -4.04138, 1.0)]])
2.22584, -1.13152, -4.04138
float3(-0.387093, -0.122981, -1.5621)
1090630.09340833
normal
simd_float4x4([[-0.0365261, -0.931965, 0.360703, 0.0)], [0.994526, 0.0014572, 0.104474, 0.0)], [-0.0978921, 0.362545, 0.926811, 0.0)], [2.22975, -1.12626, -4.05598, 1.0)]])
2.22975, -1.12626, -4.05598
float3(-0.370997, -0.105232, -1.56923)
1090630.19346071
normal
simd_float4x4([[-0.0271421, -0.930551, 0.365155, 0.0)], [0.996772, 0.00241676, 0.0802493, 0.0)], [-0.0755585, 0.366154, 0.927482, 0.0)], [2.23298, -1.12226, -4.07409, 1.0)]])
2.23298, -1.12226, -4.07409
float3(-0.374873, -0.0812868, -1.5682)
