ARKit Data
192109.712662208
normal
simd_float4x4([[0.185927, -0.935339, -0.300953, 0.0)], [-0.825865, 0.0171787, -0.563605, 0.0)], [0.532332, 0.353336, -0.76927, 0.0)], [0.0430919, 0.239195, 0.0953373, 1.0)]])
0.0430919, 0.239195, 0.0953373
float3(-0.361135, 2.53626, -1.55243)
192110.032788291
notAvailable
simd_float4x4([[1.0, 0.0, 0.0, 0.0)], [0.0, 1.0, 0.0, 0.0)], [0.0, 0.0, 1.0, 0.0)], [0.0, 0.0, 0.0, 1.0)]])
0.0, 0.0, 0.0
float3(-0.0, 0.0, 0.0)
192110.13280575
notAvailable
simd_float4x4([[1.0, 0.0, 0.0, 0.0)], [0.0, 1.0, 0.0, 0.0)], [0.0, 0.0, 1.0, 0.0)], [0.0, 0.0, 0.0, 1.0)]])
0.0, 0.0, 0.0
float3(-0.0, 0.0, 0.0)
192110.232856125
limited(__ObjC.ARCamera.TrackingState.Reason.initializing)
simd_float4x4([[-0.00216344, -0.934397, 0.356226, 0.0)], [0.999956, 0.00124491, 0.00933844, 0.0)], [-0.00916928, 0.35623, 0.934353, 0.0)], [0.0, 0.0, 0.0, 1.0)]])
0.0, 0.0, 0.0
float3(-0.36423, -0.00981319, -1.56946)
192110.3329065
limited(__ObjC.ARCamera.TrackingState.Reason.initializing)
simd_float4x4([[-0.0065162, -0.938802, 0.344394, 0.0)], [0.999957, -0.00387093, 0.00836798, 0.0)], [-0.00652275, 0.344434, 0.938787, 0.0)], [0.0, 0.0, 0.0, 1.0)]])
0.0, 0.0, 0.0
float3(-0.351636, -0.00694795, -1.57492)
192110.432957041
limited(__ObjC.ARCamera.TrackingState.Reason.initializing)
simd_float4x4([[-0.0175186, -0.935466, 0.352979, 0.0)], [0.999831, -0.0183325, 0.00103769, 0.0)], [0.00550023, 0.352938, 0.93563, 0.0)], [0.0, 0.0, 0.0, 1.0)]])
0.0, 0.0, 0.0
float3(-0.360709, 0.00587857, -1.59039)
192110.533007291
limited(__ObjC.ARCamera.TrackingState.Reason.initializing)
simd_float4x4([[-0.0120194, -0.933047, 0.359551, 0.0)], [0.9997, -0.0188956, -0.0156159, 0.0)], [0.0213643, 0.359255, 0.932994, 0.0)], [0.0, 0.0, 0.0, 1.0)]])
0.0, 0.0, 0.0
float3(-0.367469, 0.0228946, -1.59105)
192110.633057833
limited(__ObjC.ARCamera.TrackingState.Reason.initializing)
simd_float4x4([[-0.00157968, -0.928526, 0.371262, 0.0)], [0.998894, -0.0189094, -0.0430423, 0.0)], [0.0469863, 0.370783, 0.927529, 0.0)], [0.0, 0.0, 0.0, 1.0)]])
0.0, 0.0, 0.0
float3(-0.379852, 0.0506142, -1.59116)
192110.733108083
limited(__ObjC.ARCamera.TrackingState.Reason.initializing)
simd_float4x4([[0.0147708, -0.924356, 0.381242, 0.0)], [0.996552, -0.0175248, -0.0811011, 0.0)], [0.0816476, 0.381125, 0.92091, 0.0)], [0.0, 0.0, 0.0, 1.0)]])
0.0, 0.0, 0.0
float3(-0.391013, 0.0884285, -1.58975)
192110.833158666
limited(__ObjC.ARCamera.TrackingState.Reason.initializing)
simd_float4x4([[0.0336111, -0.919987, 0.390504, 0.0)], [0.992895, -0.0138876, -0.118178, 0.0)], [0.114145, 0.391701, 0.912984, 0.0)], [0.0, 0.0, 0.0, 1.0)]])
0.0, 0.0, 0.0
float3(-0.40248, 0.124379, -1.58589)
192110.933209
limited(__ObjC.ARCamera.TrackingState.Reason.initializing)
simd_float4x4([[0.049297, -0.917382, 0.39494, 0.0)], [0.989344, -0.00938501, -0.145292, 0.0)], [0.136995, 0.397894, 0.907144, 0.0)], [0.0, 0.0, 0.0, 1.0)]])
0.0, 0.0, 0.0
float3(-0.409221, 0.149885, -1.58103)
192111.033259291
limited(__ObjC.ARCamera.TrackingState.Reason.initializing)
simd_float4x4([[0.058241, -0.916528, 0.395702, 0.0)], [0.987751, -0.00457186, -0.155971, 0.0)], [0.144762, 0.399939, 0.905036, 0.0)], [0.0, 0.0, 0.0, 1.0)]])
0.0, 0.0, 0.0
float3(-0.41145, 0.158608, -1.57578)
192111.13330975
limited(__ObjC.ARCamera.TrackingState.Reason.initializing)
simd_float4x4([[0.066126, -0.915544, 0.396739, 0.0)], [0.988824, 0.00688368, -0.148927, 0.0)], [0.133618, 0.402153, 0.905767, 0.0)], [0.0, 0.0, 0.0, 1.0)]])
0.0, 0.0, 0.0
float3(-0.413868, 0.146463, -1.56328)
192111.233360125
limited(__ObjC.ARCamera.TrackingState.Reason.initializing)
simd_float4x4([[0.0659854, -0.916113, 0.395446, 0.0)], [0.991427, 0.0154011, -0.129754, 0.0)], [0.11278, 0.400618, 0.909275, 0.0)], [0.0, 0.0, 0.0, 1.0)]])
0.0, 0.0, 0.0
float3(-0.412191, 0.123402, -1.55399)
192111.333410708
limited(__ObjC.ARCamera.TrackingState.Reason.initializing)
simd_float4x4([[0.061488, -0.917454, 0.393053, 0.0)], [0.993852, 0.019951, -0.108907, 0.0)], [0.0920756, 0.397333, 0.91304, 0.0)], [0.0, 0.0, 0.0, 1.0)]])
0.0, 0.0, 0.0
float3(-0.408608, 0.100505, -1.54905)
192111.433461
limited(__ObjC.ARCamera.TrackingState.Reason.initializing)
simd_float4x4([[0.059312, -0.921084, 0.384809, 0.0)], [0.994963, 0.0233417, -0.0974867, 0.0)], [0.080812, 0.388653, 0.917829, 0.0)], [0.0, 0.0, 0.0, 1.0)]])
0.0, 0.0, 0.0
float3(-0.39917, 0.0878204, -1.54546)
192111.533511416
limited(__ObjC.ARCamera.TrackingState.Reason.initializing)
simd_float4x4([[0.054158, -0.927667, 0.369452, 0.0)], [0.996371, 0.025873, -0.0810932, 0.0)], [0.0656691, 0.372503, 0.925701, 0.0)], [0.0, 0.0, 0.0, 1.0)]])
0.0, 0.0, 0.0
float3(-0.381704, 0.0708212, -1.54291)
192111.633561916
limited(__ObjC.ARCamera.TrackingState.Reason.initializing)
simd_float4x4([[0.0447837, -0.942278, 0.331814, 0.0)], [0.99738, 0.0232838, -0.068492, 0.0)], [0.0568129, 0.334012, 0.940851, 0.0)], [0.0, 0.0, 0.0, 1.0)]])
0.0, 0.0, 0.0
float3(-0.340557, 0.0603114, -1.54609)
192111.733612333
limited(__ObjC.ARCamera.TrackingState.Reason.initializing)
simd_float4x4([[0.0331074, -0.951643, 0.305405, 0.0)], [0.997828, 0.0140641, -0.0643462, 0.0)], [0.0569397, 0.306872, 0.950042, 0.0)], [0.0, 0.0, 0.0, 1.0)]])
0.0, 0.0, 0.0
float3(-0.311905, 0.0598623, -1.55602)
192111.833662791
limited(__ObjC.ARCamera.TrackingState.Reason.initializing)
simd_float4x4([[0.0275249, -0.956903, 0.289087, 0.0)], [0.997748, 0.00860391, -0.0665199, 0.0)], [0.0611662, 0.290267, 0.954985, 0.0)], [0.0, 0.0, 0.0, 1.0)]])
0.0, 0.0, 0.0
float3(-0.294506, 0.063962, -1.56181)
192111.933713333
limited(__ObjC.ARCamera.TrackingState.Reason.initializing)
simd_float4x4([[0.0294019, -0.952349, 0.303577, 0.0)], [0.997303, 0.00751735, -0.0730086, 0.0)], [0.067248, 0.304905, 0.950001, 0.0)], [0.0, 0.0, 0.0, 1.0)]])
0.0, 0.0, 0.0
float3(-0.309838, 0.0706694, -1.5629)
192112.03376375
limited(__ObjC.ARCamera.TrackingState.Reason.initializing)
simd_float4x4([[0.0344297, -0.941373, 0.335597, 0.0)], [0.996669, 0.00750387, -0.0812027, 0.0)], [0.0739241, 0.337275, 0.938495, 0.0)], [0.0, 0.0, 0.0, 1.0)]])
0.0, 0.0, 0.0
float3(-0.344021, 0.0786065, -1.56283)
192112.133814125
limited(__ObjC.ARCamera.TrackingState.Reason.initializing)
simd_float4x4([[0.0325382, -0.927541, 0.372295, 0.0)], [0.99601, -0.000876442, -0.0892346, 0.0)], [0.0830954, 0.373713, 0.923811, 0.0)], [0.0, 0.0, 0.0, 1.0)]])
0.0, 0.0, 0.0
float3(-0.383009, 0.0897071, -1.57174)
192112.233864541
limited(__ObjC.ARCamera.TrackingState.Reason.initializing)
simd_float4x4([[0.0381216, -0.912057, 0.40828, 0.0)], [0.995016, -0.00302729, -0.0996692, 0.0)], [0.0921405, 0.410045, 0.907396, 0.0)], [0.0, 0.0, 0.0, 1.0)]])
0.0, 0.0, 0.0
float3(-0.422503, 0.101197, -1.57412)
192112.333915125
limited(__ObjC.ARCamera.TrackingState.Reason.initializing)
simd_float4x4([[0.0440269, -0.898812, 0.436111, 0.0)], [0.994607, -0.00159733, -0.103702, 0.0)], [0.0939054, 0.438324, 0.893895, 0.0)], [0.0, 0.0, 0.0, 1.0)]])
0.0, 0.0, 0.0
float3(-0.453734, 0.104668, -1.57257)
192112.433965416
limited(__ObjC.ARCamera.TrackingState.Reason.initializing)
simd_float4x4([[0.0491699, -0.891852, 0.449639, 0.0)], [0.993783, -0.0013346, -0.111322, 0.0)], [0.0998836, 0.452318, 0.886242, 0.0)], [0.0, 0.0, 0.0, 1.0)]])
0.0, 0.0, 0.0
float3(-0.469363, 0.112231, -1.57229)
192112.534016041
limited(__ObjC.ARCamera.TrackingState.Reason.initializing)
simd_float4x4([[0.0467418, -0.891335, 0.450922, 0.0)], [0.992794, -0.00841024, -0.119537, 0.0)], [0.110341, 0.45326, 0.884519, 0.0)], [0.0, 0.0, 0.0, 1.0)]])
0.0, 0.0, 0.0
float3(-0.470419, 0.124105, -1.58023)
192112.634066375
limited(__ObjC.ARCamera.TrackingState.Reason.initializing)
simd_float4x4([[0.0469654, -0.89651, 0.440517, 0.0)], [0.992198, -0.00911685, -0.124338, 0.0)], [0.115487, 0.442919, 0.889088, 0.0)], [0.0, 0.0, 0.0, 1.0)]])
0.0, 0.0, 0.0
float3(-0.458852, 0.129171, -1.58097)
192112.734116958
limited(__ObjC.ARCamera.TrackingState.Reason.initializing)
simd_float4x4([[0.0474309, -0.909356, 0.413295, 0.0)], [0.991903, -0.00591901, -0.126858, 0.0)], [0.117806, 0.415966, 0.901712, 0.0)], [0.0, 0.0, 0.0, 1.0)]])
0.0, 0.0, 0.0
float3(-0.429005, 0.129912, -1.57731)
192112.834167333
limited(__ObjC.ARCamera.TrackingState.Reason.initializing)
simd_float4x4([[0.0450619, -0.925097, 0.377035, 0.0)], [0.991899, -0.00343519, -0.126979, 0.0)], [0.118764, 0.379703, 0.917448, 0.0)], [0.0, 0.0, 0.0, 1.0)]])
0.0, 0.0, 0.0
float3(-0.389475, 0.128734, -1.57451)
192112.934217708
limited(__ObjC.ARCamera.TrackingState.Reason.initializing)
simd_float4x4([[0.0431437, -0.941319, 0.334734, 0.0)], [0.992353, 0.00159539, -0.123419, 0.0)], [0.115644, 0.337499, 0.934189, 0.0)], [0.0, 0.0, 0.0, 1.0)]])
0.0, 0.0, 0.0
float3(-0.344259, 0.123164, -1.5691)
192113.034268291
limited(__ObjC.ARCamera.TrackingState.Reason.initializing)
simd_float4x4([[0.042002, -0.953568, 0.298216, 0.0)], [0.992758, 0.00620847, -0.119974, 0.0)], [0.112553, 0.301096, 0.946923, 0.0)], [0.0, 0.0, 0.0, 1.0)]])
0.0, 0.0, 0.0
float3(-0.305841, 0.118307, -1.56429)
192113.134318708
limited(__ObjC.ARCamera.TrackingState.Reason.initializing)
simd_float4x4([[0.0354788, -0.965423, 0.258242, 0.0)], [0.99255, 0.003903, -0.121774, 0.0)], [0.116556, 0.260638, 0.958369, 0.0)], [0.0, 0.0, 0.0, 1.0)]])
0.0, 0.0, 0.0
float3(-0.263683, 0.121025, -1.56675)
192113.234369375
limited(__ObjC.ARCamera.TrackingState.Reason.initializing)
simd_float4x4([[0.0282893, -0.972739, 0.23014, 0.0)], [0.993716, 0.00242541, -0.111901, 0.0)], [0.108294, 0.23186, 0.966696, 0.0)], [0.0, 0.0, 0.0, 1.0)]])
0.0, 0.0, 0.0
float3(-0.233989, 0.111559, -1.5683)
192113.334419666
limited(__ObjC.ARCamera.TrackingState.Reason.initializing)
simd_float4x4([[0.0186963, -0.976991, 0.21243, 0.0)], [0.995949, -0.000491239, -0.0899172, 0.0)], [0.0879534, 0.213251, 0.973024, 0.0)], [0.0, 0.0, 0.0, 1.0)]])
0.0, 0.0, 0.0
float3(-0.214901, 0.0901468, -1.5713)
192113.434470083
limited(__ObjC.ARCamera.TrackingState.Reason.initializing)
simd_float4x4([[0.0111159, -0.978496, 0.205937, 0.0)], [0.998462, -0.000322867, -0.05543, 0.0)], [0.0543049, 0.206237, 0.976987, 0.0)], [0.0, 0.0, 0.0, 1.0)]])
0.0, 0.0, 0.0
float3(-0.207728, 0.0555269, -1.57113)
192113.534520791
limited(__ObjC.ARCamera.TrackingState.Reason.initializing)
simd_float4x4([[0.00429438, -0.979474, 0.201494, 0.0)], [0.999942, 0.00220693, -0.0105837, 0.0)], [0.00992184, 0.201528, 0.979426, 0.0)], [0.0, 0.0, 0.0, 1.0)]])
0.0, 0.0, 0.0
float3(-0.202918, 0.0101299, -1.56854)
192113.634571125
limited(__ObjC.ARCamera.TrackingState.Reason.initializing)
simd_float4x4([[-0.0100739, -0.980251, 0.19747, 0.0)], [0.998882, -0.000743397, 0.047269, 0.0)], [-0.0461891, 0.197725, 0.979163, 0.0)], [0.0, 0.0, 0.0, 1.0)]])
0.0, 0.0, 0.0
float3(-0.199037, -0.0471371, -1.57155)
192113.734621708
limited(__ObjC.ARCamera.TrackingState.Reason.initializing)
simd_float4x4([[-0.0244189, -0.980871, 0.193091, 0.0)], [0.993988, -0.00320204, 0.10944, 0.0)], [-0.10673, 0.194602, 0.975052, 0.0)], [0.0, 0.0, 0.0, 1.0)]])
0.0, 0.0, 0.0
float3(-0.195852, -0.109026, -1.57406)
192113.834672041
limited(__ObjC.ARCamera.TrackingState.Reason.initializing)
simd_float4x4([[-0.0364178, -0.980384, 0.19367, 0.0)], [0.984378, -0.00178781, 0.176058, 0.0)], [-0.17226, 0.197057, 0.965133, 0.0)], [0.0, 0.0, 0.0, 1.0)]])
0.0, 0.0, 0.0
float3(-0.198355, -0.176623, -1.57262)
192113.934722666
normal
simd_float4x4([[-0.0497813, -0.980131, 0.192003, 0.0)], [0.971001, -0.00248636, 0.239063, 0.0)], [-0.233836, 0.198336, 0.951832, 0.0)], [0.0107964, 0.000714228, 0.00446443, 1.0)]])
0.0107964, 0.000714228, 0.00446443
float3(-0.19966, -0.240898, -1.57333)
192114.034773041
normal
simd_float4x4([[-0.0609896, -0.979952, 0.189669, 0.0)], [0.953916, -0.00129101, 0.30007, 0.0)], [-0.293809, 0.199229, 0.934871, 0.0)], [0.0217964, -0.00354353, 0.00600481, 1.0)]])
0.0217964, -0.00354353, 0.00600481
float3(-0.200571, -0.304504, -1.57211)
192114.134823458
normal
simd_float4x4([[-0.0696216, -0.979881, 0.187045, 0.0)], [0.934355, 0.00163321, 0.356341, 0.0)], [-0.349477, 0.199575, 0.915443, 0.0)], [0.0265772, -0.00624642, 0.00739426, 1.0)]])
0.0265772, -0.00624642, 0.00739426
float3(-0.200924, -0.364682, -1.56913)
192114.234874083
normal
simd_float4x4([[-0.0782904, -0.979474, 0.185746, 0.0)], [0.913965, 0.00389634, 0.405774, 0.0)], [-0.398169, 0.201534, 0.8949, 0.0)], [0.0321264, -0.00915759, 0.0100147, 1.0)]])
0.0321264, -0.00915759, 0.0100147
float3(-0.202924, -0.418631, -1.56682)
192114.3349245
normal
simd_float4x4([[-0.0864474, -0.978807, 0.185646, 0.0)], [0.893744, 0.00613731, 0.448536, 0.0)], [-0.44017, 0.204695, 0.874272, 0.0)], [0.0341117, -0.0123011, 0.0110282, 1.0)]])
0.0341117, -0.0123011, 0.0110282
float3(-0.206152, -0.46642, -1.56453)
192114.434975125
normal
simd_float4x4([[-0.0973196, -0.978406, 0.182345, 0.0)], [0.866387, 0.00688177, 0.499325, 0.0)], [-0.489798, 0.206576, 0.847009, 0.0)], [0.0362656, -0.0149485, 0.0140587, 1.0)]])
0.0362656, -0.0149485, 0.0140587
float3(-0.208074, -0.524286, -1.56376)
192114.535025583
normal
simd_float4x4([[-0.117596, -0.977249, 0.176507, 0.0)], [0.825228, 0.00270778, 0.564794, 0.0)], [-0.552422, 0.212076, 0.806135, 0.0)], [0.0425916, -0.0176472, 0.0179679, 1.0)]])
0.0425916, -0.0176472, 0.0179679
float3(-0.213699, -0.600773, -1.56803)
192114.635075958
normal
simd_float4x4([[-0.132871, -0.977049, 0.166495, 0.0)], [0.763718, 0.00614028, 0.645521, 0.0)], [-0.631728, 0.212926, 0.745374, 0.0)], [0.0493998, -0.0181852, 0.0251524, 1.0)]])
0.0493998, -0.0181852, 0.0251524
float3(-0.214569, -0.703059, -1.56451)
192114.7351265
normal
simd_float4x4([[-0.14287, -0.979287, 0.143473, 0.0)], [0.675825, 0.00937951, 0.737002, 0.0)], [-0.723083, 0.202258, 0.660487, 0.0)], [0.0575673, -0.0192914, 0.0398752, 1.0)]])
0.0575673, -0.0192914, 0.0398752
float3(-0.203663, -0.83061, -1.56122)
192114.835176958
normal
simd_float4x4([[-0.151389, -0.979967, 0.129405, 0.0)], [0.596802, 0.0137442, 0.802271, 0.0)], [-0.787978, 0.198684, 0.582766, 0.0)], [0.0707591, -0.0233524, 0.0571361, 1.0)]])
0.0707591, -0.0233524, 0.0571361
float3(-0.200015, -0.934003, -1.55677)
192114.935227541
normal
simd_float4x4([[-0.154028, -0.982416, 0.105519, 0.0)], [0.506394, 0.0132119, 0.862201, 0.0)], [-0.848434, 0.186238, 0.495455, 0.0)], [0.0837776, -0.0158777, 0.0839765, 1.0)]])
0.0837776, -0.0158777, 0.0839765
float3(-0.187331, -1.04225, -1.55735)
192115.035277916
normal
simd_float4x4([[-0.157358, -0.983833, 0.0855022, 0.0)], [0.389332, 0.0177639, 0.920926, 0.0)], [-0.907557, 0.178204, 0.380242, 0.0)], [0.10947, -0.0159271, 0.108325, 1.0)]])
0.10947, -0.0159271, 0.108325
float3(-0.179161, -1.17404, -1.55274)
192115.135328541
normal
simd_float4x4([[-0.171474, -0.983651, 0.0550223, 0.0)], [0.217954, 0.0165896, 0.975818, 0.0)], [-0.960777, 0.179319, 0.211546, 0.0)], [0.131962, -0.00949803, 0.138756, 1.0)]])
0.131962, -0.00949803, 0.138756
float3(-0.180295, -1.35407, -1.55393)
192115.235379041
normal
simd_float4x4([[-0.153158, -0.988201, -0.000867439, 0.0)], [0.00502042, -0.00165588, 0.999986, 0.0)], [-0.988189, 0.153151, 0.00521479, 0.0)], [0.130907, 0.0020435, 0.181892, 1.0)]])
0.130907, 0.0020435, 0.181892
float3(-0.153756, -1.56552, -1.57247)
192115.3354295
normal
simd_float4x4([[-0.127625, -0.991099, -0.0378632, 0.0)], [-0.237974, -0.0064607, 0.97125, 0.0)], [-0.96285, 0.132966, -0.235032, 0.0)], [0.111417, 0.0131054, 0.221789, 1.0)]])
0.111417, 0.0131054, 0.221789
float3(-0.133361, -1.81021, -1.57731)
192115.435480125
normal
simd_float4x4([[-0.0901426, -0.994348, -0.0560856, 0.0)], [-0.464966, -0.00778294, 0.885294, 0.0)], [-0.880727, 0.105881, -0.461637, 0.0)], [0.0747496, 0.0214941, 0.24743, 1.0)]])
0.0747496, 0.0214941, 0.24743
float3(-0.106079, -2.05358, -1.57862)
192115.535530541
normal
simd_float4x4([[-0.0679504, -0.995875, -0.0601314, 0.0)], [-0.645663, -0.0020529, 0.76362, 0.0)], [-0.760593, 0.0907129, -0.64286, 0.0)], [0.0376153, 0.0289273, 0.255699, 1.0)]])
0.0376153, 0.0289273, 0.255699
float3(-0.0908378, -2.2725, -1.57286)
192115.635581083
normal
simd_float4x4([[-0.0592468, -0.99671, -0.0553112, 0.0)], [-0.772317, 0.0106616, 0.635148, 0.0)], [-0.632469, 0.0803483, -0.770408, 0.0)], [0.00561944, 0.0361122, 0.245154, 1.0)]])
0.00561944, 0.0361122, 0.245154
float3(-0.080435, -2.45421, -1.5601)
192115.735631583
normal
simd_float4x4([[-0.0522234, -0.997202, -0.0534889, 0.0)], [-0.856321, 0.0171593, 0.516159, 0.0)], [-0.513796, 0.0727592, -0.854821, 0.0)], [-0.0169334, 0.0418485, 0.219652, 1.0)]])
-0.0169334, 0.0418485, 0.219652
float3(-0.0728236, -2.6004, -1.55359)
192115.835682083
normal
simd_float4x4([[-0.037667, -0.998028, -0.0502103, 0.0)], [-0.909115, 0.0133659, 0.416331, 0.0)], [-0.414839, 0.0613289, -0.907826, 0.0)], [-0.0314548, 0.0473115, 0.187249, 1.0)]])
-0.0314548, 0.0473115, 0.187249
float3(-0.0613674, -2.71297, -1.5574)
192115.935732583
normal
simd_float4x4([[-0.0246657, -0.998028, -0.0577285, 0.0)], [-0.946014, 0.00463381, 0.324094, 0.0)], [-0.323187, 0.0626059, -0.944262, 0.0)], [-0.0349177, 0.0531488, 0.158602, 1.0)]])
-0.0349177, 0.0531488, 0.158602
float3(-0.0626469, -2.81183, -1.56615)
192116.035783041
normal
simd_float4x4([[-0.00936038, -0.998135, -0.0603227, 0.0)], [-0.969607, -0.00568984, 0.244603, 0.0)], [-0.24449, 0.0607789, -0.967745, 0.0)], [-0.0294841, 0.0533346, 0.127783, 1.0)]])
-0.0294841, 0.0533346, 0.127783
float3(-0.0608163, -2.89413, -1.5765)
192116.135833791
normal
simd_float4x4([[-0.00153362, -0.997898, -0.0647939, 0.0)], [-0.982785, -0.0104665, 0.184457, 0.0)], [-0.184747, 0.0639614, -0.980703, 0.0)], [-0.0238256, 0.053506, 0.100411, 1.0)]])
-0.0238256, 0.053506, 0.100411
float3(-0.0640051, -2.95539, -1.58128)
192116.235884166
normal
simd_float4x4([[0.0032514, -0.997337, -0.0728547, 0.0)], [-0.992468, -0.01214, 0.121897, 0.0)], [-0.122457, 0.0719096, -0.989865, 0.0)], [-0.0177593, 0.0534835, 0.0797515, 1.0)]])
-0.0177593, 0.0534835, 0.0797515
float3(-0.0719717, -3.01851, -1.58297)
192116.335934791
normal
simd_float4x4([[0.0132371, -0.997688, -0.0666563, 0.0)], [-0.996914, -0.0183265, 0.0763311, 0.0)], [-0.0773762, 0.0654402, -0.994852, 0.0)], [-0.0158975, 0.0586959, 0.0624691, 1.0)]])
-0.0158975, 0.0586959, 0.0624691
float3(-0.065487, -3.06397, -1.58916)
192116.435985208
normal
simd_float4x4([[0.0104492, -0.999075, -0.0417266, 0.0)], [-0.999347, -0.0118768, 0.0341145, 0.0)], [-0.0345785, 0.0413429, -0.998547, 0.0)], [-0.0155967, 0.0694074, 0.0389074, 1.0)]])
-0.0155967, 0.0694074, 0.0389074
float3(-0.0413546, -3.10698, -1.58268)
192116.536035791
normal
simd_float4x4([[0.00574308, -0.999944, -0.00885406, 0.0)], [-0.999959, -0.00580448, 0.00692511, 0.0)], [-0.00697612, 0.00881393, -0.999937, 0.0)], [-0.0197892, 0.0811028, 0.0143841, 1.0)]])
-0.0197892, 0.0811028, 0.0143841
float3(-0.00881404, -3.13462, -1.5766)
192116.636086333
normal
simd_float4x4([[-0.00418727, -0.999692, 0.0244701, 0.0)], [-0.999991, 0.00421658, 0.00114644, 0.0)], [-0.00124927, -0.0244651, -0.9997, 0.0)], [-0.0208106, 0.0914125, -0.00507413, 1.0)]])
-0.0208106, 0.0914125, -0.00507413
float3(0.0244675, -3.14034, -1.56658)
192116.736136791
normal
simd_float4x4([[-0.00652296, -0.999405, 0.0338565, 0.0)], [-0.999902, 0.00693829, 0.0121646, 0.0)], [-0.0123923, -0.0337738, -0.999353, 0.0)], [0.203704, 0.125966, 0.504516, 1.0)]])
0.203704, 0.125966, 0.504516
float3(0.0337802, -3.12919, -1.56385)
192116.836187458
normal
simd_float4x4([[-0.00351518, -0.99812, 0.0611915, 0.0)], [-0.999334, 0.00572816, 0.0360271, 0.0)], [-0.0363099, -0.0610241, -0.997476, 0.0)], [0.200715, 0.136144, 0.518158, 1.0)]])
0.200715, 0.136144, 0.518158
float3(0.0610621, -3.10521, -1.56506)
192116.952846708
normal
simd_float4x4([[0.00434914, -0.997267, 0.0737479, 0.0)], [-0.998598, -0.000440675, 0.0529312, 0.0)], [-0.0527541, -0.0738747, -0.995871, 0.0)], [0.197805, 0.142881, 0.53791, 1.0)]])
0.197805, 0.142881, 0.53791
float3(0.0739421, -3.08867, -1.57124)
192117.069494916
limited(__ObjC.ARCamera.TrackingState.Reason.insufficientFeatures)
simd_float4x4([[0.00633688, -0.996887, 0.0785842, 0.0)], [-0.998016, -0.00138153, 0.0629525, 0.0)], [-0.062648, -0.0788272, -0.994918, 0.0)], [0.108211, 0.114709, 0.316636, 1.0)]])
0.108211, 0.114709, 0.316636
float3(0.078909, -3.07871, -1.57218)
192117.186143125
limited(__ObjC.ARCamera.TrackingState.Reason.insufficientFeatures)
simd_float4x4([[0.0199995, -0.99645, 0.0817791, 0.0)], [-0.996466, -0.0131912, 0.0829604, 0.0)], [-0.0815872, -0.0831492, -0.993192, 0.0)], [0.118983, 0.12435, 0.356376, 1.0)]])
0.118983, 0.12435, 0.356376
float3(0.0832453, -3.05963, -1.58403)
192117.302791458
normal
simd_float4x4([[0.0293113, -0.996154, 0.0825718, 0.0)], [-0.994694, -0.0209189, 0.100728, 0.0)], [-0.0986134, -0.0850862, -0.991482, 0.0)], [0.12198, 0.111067, 0.348547, 1.0)]])
0.12198, 0.111067, 0.348547
float3(0.0851892, -3.04246, -1.59179)
192117.41943975
normal
simd_float4x4([[0.0322616, -0.996279, 0.0799167, 0.0)], [-0.993318, -0.0230956, 0.113072, 0.0)], [-0.110806, -0.0830306, -0.990368, 0.0)], [0.121193, 0.109907, 0.354865, 1.0)]])
0.121193, 0.109907, 0.354865
float3(0.0831264, -3.03017, -1.59397)
192117.536087875
normal
simd_float4x4([[0.0323603, -0.996715, 0.0742369, 0.0)], [-0.993485, -0.0239571, 0.111414, 0.0)], [-0.10927, -0.0773586, -0.990997, 0.0)], [0.12291, 0.107836, 0.357244, 1.0)]])
0.12291, 0.107836, 0.357244
float3(0.077436, -3.03177, -1.59483)
192117.652736166
normal
simd_float4x4([[0.0318915, -0.996392, 0.0786463, 0.0)], [-0.993972, -0.0233592, 0.107117, 0.0)], [-0.104893, -0.0815883, -0.991131, 0.0)], [0.123397, 0.106287, 0.355961, 1.0)]])
0.123397, 0.106287, 0.355961
float3(0.0816791, -3.03615, -1.59424)
192117.769384458
normal
simd_float4x4([[0.0279583, -0.99661, 0.0773709, 0.0)], [-0.995362, -0.0206283, 0.093966, 0.0)], [-0.0920514, -0.0796391, -0.992564, 0.0)], [0.127711, 0.0984654, 0.356533, 1.0)]])
0.127711, 0.0984654, 0.356533
float3(0.0797236, -3.04912, -1.59149)
192117.886032666
normal
simd_float4x4([[0.0265028, -0.996831, 0.0750092, 0.0)], [-0.995919, -0.0198537, 0.088041, 0.0)], [-0.0862728, -0.0770365, -0.993289, 0.0)], [0.132355, 0.0984055, 0.356785, 1.0)]])
0.132355, 0.0984055, 0.356785
float3(0.0771129, -3.05495, -1.59071)
192118.002680916
normal
simd_float4x4([[0.0260535, -0.997229, 0.0696854, 0.0)], [-0.995252, -0.019336, 0.0953916, 0.0)], [-0.0937798, -0.0718398, -0.992998, 0.0)], [0.130995, 0.0974102, 0.358369, 1.0)]])
0.130995, 0.0974102, 0.358369
float3(0.0719017, -3.04743, -1.59018)
192118.119329125
normal
simd_float4x4([[0.0253944, -0.997317, 0.0686624, 0.0)], [-0.996279, -0.0195894, 0.0839343, 0.0)], [-0.082364, -0.0705384, -0.994103, 0.0)], [0.138813, 0.097509, 0.356921, 1.0)]])
0.138813, 0.097509, 0.356921
float3(0.070597, -3.05893, -1.59044)
192118.235977541
normal
simd_float4x4([[0.0252621, -0.997485, 0.0662283, 0.0)], [-0.995841, -0.0193089, 0.0890354, 0.0)], [-0.0875327, -0.0682021, -0.993824, 0.0)], [0.138526, 0.097155, 0.357515, 1.0)]])
0.138526, 0.097155, 0.357515
float3(0.068255, -3.05374, -1.59015)
192118.352625625
normal
simd_float4x4([[0.0223408, -0.99788, 0.0611203, 0.0)], [-0.996526, -0.0173212, 0.0814566, 0.0)], [-0.0802253, -0.0627278, -0.994801, 0.0)], [0.14455, 0.0957085, 0.356653, 1.0)]])
0.14455, 0.0957085, 0.356653
float3(0.062769, -3.06112, -1.58815)
192118.469274166
normal
simd_float4x4([[0.0217855, -0.99848, 0.0506231, 0.0)], [-0.9956, -0.0170511, 0.09214, 0.0)], [-0.0911368, -0.0524077, -0.994458, 0.0)], [0.144631, 0.0930684, 0.358508, 1.0)]])
0.144631, 0.0930684, 0.358508
float3(0.0524317, -3.0502, -1.58787)
192118.5859225
normal
simd_float4x4([[0.0192189, -0.999331, 0.0311139, 0.0)], [-0.994884, -0.0160278, 0.0997448, 0.0)], [-0.0991794, -0.0328717, -0.994527, 0.0)], [0.150417, 0.0883788, 0.361356, 1.0)]])
0.150417, 0.0883788, 0.361356
float3(0.0328776, -3.0422, -1.58683)
192118.702570791
normal
simd_float4x4([[0.0147432, -0.999878, 0.0050935, 0.0)], [-0.995121, -0.0141757, 0.0976378, 0.0)], [-0.0975537, -0.00650814, -0.995209, 0.0)], [0.160872, 0.0818635, 0.365298, 1.0)]])
0.160872, 0.0818635, 0.365298
float3(0.00650818, -3.04388, -1.58497)
192118.819218958
normal
simd_float4x4([[0.0108421, -0.999785, -0.0177024, 0.0)], [-0.994439, -0.0126354, 0.104556, 0.0)], [-0.104757, 0.0164703, -0.994361, 0.0)], [0.163854, 0.0848064, 0.368671, 1.0)]])
0.163854, 0.0848064, 0.368671
float3(-0.0164711, -3.03663, -1.58343)
192118.935867333
normal
simd_float4x4([[0.00845599, -0.999231, -0.0382761, 0.0)], [-0.994738, -0.0123139, 0.101707, 0.0)], [-0.1021, 0.0372147, -0.994078, 0.0)], [0.167343, 0.079169, 0.371254, 1.0)]])
0.167343, 0.079169, 0.371254
float3(-0.0372233, -3.03924, -1.58312)
192119.05251575
normal
simd_float4x4([[0.00516327, -0.998782, -0.0490642, 0.0)], [-0.99593, -0.00955106, 0.0896207, 0.0)], [-0.0899802, 0.0484018, -0.994767, 0.0)], [0.170482, 0.0750766, 0.369583, 1.0)]])
0.170482, 0.0750766, 0.369583
float3(-0.0484207, -3.05138, -1.58036)
192119.169164
normal
simd_float4x4([[0.0100812, -0.998479, -0.0542124, 0.0)], [-0.996712, -0.0143929, 0.0797408, 0.0)], [-0.0803997, 0.0532302, -0.99534, 0.0)], [0.171828, 0.0731967, 0.366478, 1.0)]])
0.171828, 0.0731967, 0.366478
float3(-0.0532554, -3.06099, -1.58521)
192119.285823458
normal
simd_float4x4([[0.012917, -0.998397, -0.055106, 0.0)], [-0.996959, -0.0170947, 0.0760281, 0.0)], [-0.0768483, 0.0539563, -0.995582, 0.0)], [0.1753, 0.0727347, 0.363818, 1.0)]])
0.1753, 0.0727347, 0.363818
float3(-0.0539826, -3.06456, -1.58792)
192119.385874
normal
simd_float4x4([[0.0117561, -0.998577, -0.0520221, 0.0)], [-0.997464, -0.0153634, 0.0694931, 0.0)], [-0.0701934, 0.0510732, -0.996225, 0.0)], [0.177247, 0.0737709, 0.361394, 1.0)]])
0.177247, 0.0737709, 0.361394
float3(-0.0510954, -3.07125, -1.58618)
192119.485924625
normal
simd_float4x4([[0.0128174, -0.998709, -0.049157, 0.0)], [-0.997965, -0.0158478, 0.0617602, 0.0)], [-0.0624595, 0.0482653, -0.99688, 0.0)], [0.177366, 0.074429, 0.359222, 1.0)]])
0.177366, 0.074429, 0.359222
float3(-0.0482841, -3.07902, -1.58666)
192119.585975333
normal
simd_float4x4([[0.00948695, -0.998763, -0.0488178, 0.0)], [-0.998431, -0.0121557, 0.0546645, 0.0)], [-0.0551903, 0.0482226, -0.997311, 0.0)], [0.17748, 0.0753523, 0.35802, 1.0)]])
0.17748, 0.0753523, 0.35802
float3(-0.0482413, -3.08631, -1.58297)
192119.686025916
normal
simd_float4x4([[0.0101831, -0.998952, -0.044619, 0.0)], [-0.99849, -0.0125669, 0.0534743, 0.0)], [-0.053979, 0.0440071, -0.997572, 0.0)], [0.177406, 0.0757941, 0.356006, 1.0)]])
0.177406, 0.0757941, 0.356006
float3(-0.0440213, -3.08753, -1.58338)
192119.786076583
normal
simd_float4x4([[0.00964936, -0.999011, -0.0434017, 0.0)], [-0.998626, -0.0118631, 0.051041, 0.0)], [-0.0515054, 0.0428495, -0.997753, 0.0)], [0.177683, 0.0766874, 0.35523, 1.0)]])
0.177683, 0.0766874, 0.35523
float3(-0.0428627, -3.09002, -1.58267)
192119.88612725
normal
simd_float4x4([[0.00849667, -0.999151, -0.0403074, 0.0)], [-0.998733, -0.0104791, 0.0492283, 0.0)], [-0.0496089, 0.039838, -0.997974, 0.0)], [0.178536, 0.0771314, 0.353842, 1.0)]])
0.178536, 0.0771314, 0.353842
float3(-0.0398485, -3.09192, -1.58128)
192119.986177958
normal
simd_float4x4([[0.00572025, -0.999218, -0.0391348, 0.0)], [-0.998693, -0.00769601, 0.0505231, 0.0)], [-0.0507847, 0.0387946, -0.997956, 0.0)], [0.179142, 0.0774314, 0.353237, 1.0)]])
0.179142, 0.0774314, 0.353237
float3(-0.0388044, -3.09075, -1.5785)
192120.086228666
normal
simd_float4x4([[0.00791185, -0.999228, -0.0384714, 0.0)], [-0.998633, -0.00988298, 0.051319, 0.0)], [-0.0516596, 0.0380128, -0.997941, 0.0)], [0.179037, 0.0771731, 0.352904, 1.0)]])
0.179037, 0.0771731, 0.352904
float3(-0.0380219, -3.08987, -1.58069)
192120.186279208
normal
simd_float4x4([[0.00502185, -0.999135, -0.0412696, 0.0)], [-0.9981, -0.0075427, 0.0611558, 0.0)], [-0.0614142, 0.040884, -0.997275, 0.0)], [0.180012, 0.0762289, 0.354097, 1.0)]])
0.180012, 0.0762289, 0.354097
float3(-0.0408954, -3.08009, -1.57835)
192120.286330083
normal
simd_float4x4([[0.00168321, -0.99904, -0.0437708, 0.0)], [-0.995433, -0.00585186, 0.0952855, 0.0)], [-0.0954502, 0.0434105, -0.994487, 0.0)], [0.185356, 0.0745843, 0.354393, 1.0)]])
0.185356, 0.0745843, 0.354393
float3(-0.0434241, -3.04591, -1.57665)
192120.386380541
normal
simd_float4x4([[-0.00659884, -0.998765, -0.0492424, 0.0)], [-0.985011, -0.00199598, 0.172482, 0.0)], [-0.172367, 0.0496425, -0.983781, 0.0)], [0.197791, 0.0708093, 0.357104, 1.0)]])
0.197791, 0.0708093, 0.357104
float3(-0.0496629, -2.96814, -1.57279)
192120.48643125
normal
simd_float4x4([[-0.0241224, -0.998319, -0.0527079, 0.0)], [-0.956271, 0.0076696, 0.292382, 0.0)], [-0.291486, 0.0574559, -0.954848, 0.0)], [0.214372, 0.0670688, 0.357553, 1.0)]])
0.214372, 0.0670688, 0.357553
float3(-0.0574876, -2.84531, -1.56311)
192120.586481958
normal
simd_float4x4([[-0.0408221, -0.998111, -0.0459168, 0.0)], [-0.899018, 0.0166383, 0.437595, 0.0)], [-0.436004, 0.0591436, -0.897999, 0.0)], [0.23214, 0.0636526, 0.352445, 1.0)]])
0.23214, 0.0636526, 0.352445
float3(-0.0591781, -2.68959, -1.55413)
192120.686532583
normal
simd_float4x4([[-0.064011, -0.997009, -0.0433181, 0.0)], [-0.808444, 0.0263579, 0.587983, 0.0)], [-0.585082, 0.0726576, -0.807713, 0.0)], [0.249113, 0.0602831, 0.344221, 1.0)]])
0.249113, 0.0602831, 0.344221
float3(-0.0727217, -2.5147, -1.54437)
192120.786583333
normal
simd_float4x4([[-0.0950304, -0.995139, -0.0258286, 0.0)], [-0.606995, 0.0373612, 0.793827, 0.0)], [-0.789003, 0.0911155, -0.607595, 0.0)], [0.191072, 0.0520805, 0.349366, 1.0)]])
0.191072, 0.0520805, 0.349366
float3(-0.0912421, -2.22703, -1.53327)
192120.886634083
normal
simd_float4x4([[-0.109955, -0.993757, -0.018875, 0.0)], [-0.481346, 0.0366248, 0.875765, 0.0)], [-0.869607, 0.10538, -0.482369, 0.0)], [0.197049, 0.0460677, 0.330513, 1.0)]])
0.197049, 0.0460677, 0.330513
float3(-0.105576, -2.07724, -1.53396)
192120.986684791
normal
simd_float4x4([[-0.120052, -0.992649, -0.0153167, 0.0)], [-0.366426, 0.0299667, 0.929964, 0.0)], [-0.92267, 0.117257, -0.36733, 0.0)], [0.197616, 0.0398736, 0.310507, 1.0)]])
0.197616, 0.0398736, 0.310507
float3(-0.117527, -1.94968, -1.54062)
192121.086735416
normal
simd_float4x4([[-0.120799, -0.992586, -0.0134113, 0.0)], [-0.266571, 0.0194222, 0.96362, 0.0)], [-0.956215, 0.11998, -0.266941, 0.0)], [0.194262, 0.0349299, 0.290922, 1.0)]])
0.194262, 0.0349299, 0.290922
float3(-0.120269, -1.84303, -1.55123)
192121.186786166
normal
simd_float4x4([[-0.134525, -0.9909, -0.00448627, 0.0)], [-0.177838, 0.019689, 0.983863, 0.0)], [-0.974821, 0.133152, -0.178869, 0.0)], [0.196267, 0.0304779, 0.269901, 1.0)]])
0.196267, 0.0304779, 0.269901
float3(-0.133549, -1.75227, -1.55093)
192121.28683675
normal
simd_float4x4([[-0.14242, -0.989801, -0.00334595, 0.0)], [-0.103671, 0.0115549, 0.994545, 0.0)], [-0.984362, 0.14199, -0.104259, 0.0)], [0.199908, 0.0280359, 0.248057, 1.0)]])
0.199908, 0.0280359, 0.248057
float3(-0.142471, -1.67632, -1.55912)
192121.386887458
normal
simd_float4x4([[-0.144094, -0.989541, 0.006743, 0.0)], [-0.0435761, 0.0131526, 0.998964, 0.0)], [-0.988604, 0.143651, -0.0450156, 0.0)], [0.204347, 0.0266629, 0.225428, 1.0)]])
0.204347, 0.0266629, 0.225428
float3(-0.144149, -1.6163, -1.55751)
192121.486938375
normal
simd_float4x4([[-0.149475, -0.988632, 0.0162746, 0.0)], [0.0103783, 0.0148899, 0.999835, 0.0)], [-0.988711, 0.149619, 0.00803465, 0.0)], [0.213574, 0.0240919, 0.200707, 1.0)]])
0.213574, 0.0240919, 0.200707
float3(-0.150183, -1.56267, -1.55574)
192121.586988833
normal
simd_float4x4([[-0.158282, -0.987168, 0.0211265, 0.0)], [0.0744419, 0.00940486, 0.997181, 0.0)], [-0.984584, 0.159408, 0.071998, 0.0)], [0.22989, 0.0178671, 0.169583, 1.0)]])
0.22989, 0.0178671, 0.169583
float3(-0.160091, -1.4978, -1.56127)
192121.687039708
normal
simd_float4x4([[-0.176222, -0.9839, 0.0297798, 0.0)], [0.123023, 0.00800211, 0.992371, 0.0)], [-0.976632, 0.178541, 0.119632, 0.0)], [0.251296, 0.0115549, 0.134746, 1.0)]])
0.251296, 0.0115549, 0.134746
float3(-0.179504, -1.44891, -1.56266)
192121.78709025
normal
simd_float4x4([[-0.183817, -0.982364, 0.0342292, 0.0)], [0.16815, 0.00288373, 0.985757, 0.0)], [-0.968471, 0.186955, 0.164654, 0.0)], [0.273627, 0.0073925, 0.0999809, 1.0)]])
0.273627, 0.0073925, 0.0999809
float3(-0.188061, -1.40239, -1.56786)
192121.887140875
normal
simd_float4x4([[-0.183578, -0.982319, 0.0367234, 0.0)], [0.201236, -0.000987994, 0.979542, 0.0)], [-0.962187, 0.187213, 0.19786, 0.0)], [0.296314, 0.00410348, 0.0677013, 1.0)]])
0.296314, 0.00410348, 0.0677013
float3(-0.188324, -1.36799, -1.5718)
192121.987191708
normal
simd_float4x4([[-0.188408, -0.981741, 0.026211, 0.0)], [0.231223, -0.0184041, 0.972727, 0.0)], [-0.954483, 0.18933, 0.230468, 0.0)], [0.32117, -0.00164571, 0.0427145, 1.0)]])
0.32117, -0.00164571, 0.0427145
float3(-0.19048, -1.33387, -1.58954)
192122.087242458
normal
simd_float4x4([[-0.201002, -0.97936, 0.0212493, 0.0)], [0.245647, -0.0293934, 0.968914, 0.0)], [-0.948291, 0.199973, 0.246485, 0.0)], [0.347602, -0.00729617, 0.022404, 1.0)]])
0.347602, -0.00729617, 0.022404
float3(-0.201331, -1.3165, -1.6008)
192122.187293125
normal
simd_float4x4([[-0.204161, -0.978742, 0.0195555, 0.0)], [0.250031, -0.0328209, 0.967681, 0.0)], [-0.946469, 0.202453, 0.251417, 0.0)], [0.382778, -0.00887844, 0.00276162, 1.0)]])
0.382778, -0.00887844, 0.00276162
float3(-0.203862, -1.31116, -1.60432)
192122.287343916
normal
simd_float4x4([[-0.20596, -0.978323, 0.0215598, 0.0)], [0.246356, -0.030516, 0.968699, 0.0)], [-0.947042, 0.204825, 0.247301, 0.0)], [0.43215, -0.0151856, -0.017509, 1.0)]])
0.43215, -0.0151856, -0.017509
float3(-0.206285, -1.31537, -1.60198)
192122.38739475
normal
simd_float4x4([[-0.212469, -0.976745, 0.028756, 0.0)], [0.250063, -0.0259004, 0.967883, 0.0)], [-0.94463, 0.212835, 0.249751, 0.0)], [0.496746, -0.0256792, -0.0369416, 1.0)]])
0.496746, -0.0256792, -0.0369416
float3(-0.214476, -1.31232, -1.59731)
192122.487445333
normal
simd_float4x4([[-0.212617, -0.976666, 0.0302936, 0.0)], [0.263621, -0.0274813, 0.964235, 0.0)], [-0.940903, 0.212998, 0.263313, 0.0)], [0.569082, -0.0314198, -0.0491967, 1.0)]])
0.569082, -0.0314198, -0.0491967
float3(-0.214643, -1.29793, -1.59893)
192122.587496
normal
simd_float4x4([[-0.216272, -0.975836, 0.0311482, 0.0)], [0.269358, -0.0289712, 0.962604, 0.0)], [-0.938442, 0.216575, 0.269115, 0.0)], [0.650454, -0.0317379, -0.0581184, 1.0)]])
0.650454, -0.0317379, -0.0581184
float3(-0.218304, -1.29152, -1.60048)
192122.687546666
normal
simd_float4x4([[-0.215121, -0.975895, 0.0367592, 0.0)], [0.278867, -0.0253115, 0.959996, 0.0)], [-0.935925, 0.216766, 0.27759, 0.0)], [0.735348, -0.0224581, -0.0666656, 1.0)]])
0.735348, -0.0224581, -0.0666656
float3(-0.218501, -1.28247, -1.59673)
192122.787597416
normal
simd_float4x4([[-0.186218, -0.98155, 0.0433943, 0.0)], [0.275779, -0.00982681, 0.961171, 0.0)], [-0.943011, 0.190954, 0.272521, 0.0)], [0.809153, -0.0126253, -0.0778834, 1.0)]])
0.809153, -0.0126253, -0.0778834
float3(-0.192134, -1.28947, -1.58081)
192122.88764825
normal
simd_float4x4([[-0.188221, -0.979466, 0.0722465, 0.0)], [0.280184, 0.0169537, 0.959797, 0.0)], [-0.941313, 0.200896, 0.27124, 0.0)], [0.88106, -0.00778778, -0.0973816, 1.0)]])
0.88106, -0.00778778, -0.0973816
float3(-0.202272, -1.29025, -1.55349)
192122.987698875
normal
simd_float4x4([[-0.187104, -0.978551, 0.0861948, 0.0)], [0.28414, 0.0300828, 0.958311, 0.0)], [-0.940349, 0.203796, 0.272417, 0.0)], [0.954512, -0.00862549, -0.122136, 1.0)]])
0.954512, -0.00862549, -0.122136
float3(-0.205233, -1.28882, -1.54006)
192123.087749666
normal
simd_float4x4([[-0.175414, -0.97957, 0.098346, 0.0)], [0.284963, 0.0450986, 0.957477, 0.0)], [-0.942351, 0.19598, 0.271231, 0.0)], [1.03001, -0.0145016, -0.155081, 1.0)]])
1.03001, -0.0145016, -0.155081
float3(-0.197257, -1.29055, -1.52479)
192123.187800333
normal
simd_float4x4([[-0.162531, -0.982686, 0.0889496, 0.0)], [0.285496, 0.0394563, 0.957567, 0.0)], [-0.944498, 0.181029, 0.27414, 0.0)], [1.11066, -0.0213648, -0.190501, 1.0)]])
1.11066, -0.0213648, -0.190501
float3(-0.182033, -1.28831, -1.53067)
192123.287850958
normal
simd_float4x4([[-0.13482, -0.987481, 0.0818824, 0.0)], [0.270394, 0.0428359, 0.961796, 0.0)], [-0.953263, 0.15181, 0.261234, 0.0)], [1.18676, -0.0231874, -0.23119, 1.0)]])
1.18676, -0.0231874, -0.23119
float3(-0.152399, -1.30332, -1.52744)
192123.387901666
normal
simd_float4x4([[-0.139847, -0.987368, 0.0744838, 0.0)], [0.263016, 0.0354788, 0.964139, 0.0)], [-0.954602, 0.154423, 0.254732, 0.0)], [1.26868, -0.0161638, -0.272555, 1.0)]])
1.26868, -0.0161638, -0.272555
float3(-0.155043, -1.31003, -1.53488)
192123.487952458
normal
simd_float4x4([[-0.171184, -0.983175, 0.063742, 0.0)], [0.25723, 0.0178535, 0.966185, 0.0)], [-0.951067, 0.181791, 0.249846, 0.0)], [1.35086, -0.00737886, -0.302891, 1.0)]])
1.35086, -0.00737886, -0.302891
float3(-0.182808, -1.3139, -1.55264)
192123.588003166
normal
simd_float4x4([[-0.17222, -0.984157, 0.0421203, 0.0)], [0.254385, -0.00312531, 0.967098, 0.0)], [-0.951645, 0.177269, 0.250893, 0.0)], [1.42683, -0.00440779, -0.324018, 1.0)]])
1.42683, -0.00440779, -0.324018
float3(-0.178211, -1.31302, -1.57397)
192123.688053958
normal
simd_float4x4([[-0.173017, -0.984577, 0.0259547, 0.0)], [0.254735, -0.0192773, 0.966819, 0.0)], [-0.951407, 0.173888, 0.254141, 0.0)], [1.50565, -0.0101332, -0.344099, 1.0)]])
1.50565, -0.0101332, -0.344099
float3(-0.174776, -1.30977, -1.59037)
192123.788104583
normal
simd_float4x4([[-0.160584, -0.986804, 0.0207655, 0.0)], [0.263667, -0.0226141, 0.964349, 0.0)], [-0.951153, 0.160334, 0.263819, 0.0)], [1.5927, -0.0186057, -0.365254, 1.0)]])
1.5927, -0.0186057, -0.365254
float3(-0.161029, -1.30023, -1.59371)
192123.888155333
normal
simd_float4x4([[-0.147565, -0.988771, 0.0236056, 0.0)], [0.280325, -0.0189239, 0.959719, 0.0)], [-0.948495, 0.148238, 0.279969, 0.0)], [1.68344, -0.0237972, -0.382479, 1.0)]])
1.68344, -0.0237972, -0.382479
float3(-0.148787, -1.28377, -1.58993)
192123.988206125
normal
simd_float4x4([[-0.152887, -0.987653, 0.0341695, 0.0)], [0.305193, -0.014301, 0.952183, 0.0)], [-0.939938, 0.156005, 0.303611, 0.0)], [1.77748, -0.0133129, -0.401027, 1.0)]])
1.77748, -0.0133129, -0.401027
float3(-0.156645, -1.25836, -1.58528)
192124.088256833
normal
simd_float4x4([[-0.161673, -0.985366, 0.0539986, 0.0)], [0.308518, 0.00150749, 0.951217, 0.0)], [-0.937379, 0.170446, 0.303759, 0.0)], [1.86065, -0.00334359, -0.424791, 1.0)]])
1.86065, -0.00334359, -0.424791
float3(-0.171282, -1.25742, -1.56927)
192124.188307541
normal
simd_float4x4([[-0.167794, -0.984001, 0.0598913, 0.0)], [0.310452, 0.00491812, 0.950576, 0.0)], [-0.935663, 0.178094, 0.30466, 0.0)], [1.94205, 0.00084424, -0.446768, 1.0)]])
1.94205, 0.00084424, -0.446768
float3(-0.179049, -1.25601, -1.5658)
192124.288358333
normal
simd_float4x4([[-0.165306, -0.983351, 0.0754649, 0.0)], [0.31104, 0.0206314, 0.950173, 0.0)], [-0.93591, 0.180542, 0.302451, 0.0)], [2.03016, -0.00787552, -0.473724, 1.0)]])
2.03016, -0.00787552, -0.473724
float3(-0.181538, -1.25823, -1.54982)
192124.388409083
normal
simd_float4x4([[-0.162118, -0.984712, 0.0637175, 0.0)], [0.302249, 0.0119147, 0.953155, 0.0)], [-0.939342, 0.173782, 0.295696, 0.0)], [2.12276, -0.0209622, -0.502407, 1.0)]])
2.12276, -0.0209622, -0.502407
float3(-0.174669, -1.26583, -1.5587)
192124.488459625
normal
simd_float4x4([[-0.148369, -0.987889, 0.0454034, 0.0)], [0.288659, 0.00065065, 0.957432, 0.0)], [-0.945866, 0.155159, 0.285066, 0.0)], [2.21195, -0.0270175, -0.533273, 1.0)]])
2.21195, -0.0270175, -0.533273
float3(-0.155788, -1.27807, -1.57014)
192124.5885105
normal
simd_float4x4([[-0.156298, -0.986259, 0.0535255, 0.0)], [0.276952, 0.00825617, 0.960848, 0.0)], [-0.948087, 0.165003, 0.271856, 0.0)], [2.30489, -0.0223546, -0.567665, 1.0)]])
2.30489, -0.0223546, -0.567665
float3(-0.165761, -1.29155, -1.56243)
192124.688561208
normal
simd_float4x4([[-0.172136, -0.984486, 0.0339948, 0.0)], [0.270776, -0.014108, 0.962539, 0.0)], [-0.947127, 0.174893, 0.269004, 0.0)], [2.39984, -0.0159913, -0.590082, 1.0)]])
2.39984, -0.0159913, -0.590082
float3(-0.175797, -1.29406, -1.58513)
192124.788611875
normal
