ARKit Data
661660.253369958
limited((extension in ARKit):__C.ARCamera.TrackingState.Reason.initializing)
simd_float4x4([[-0.032754466, -0.89826113, 0.4382396, 0.0)], [0.926735, 0.136907, 0.34988388, 0.0)], [-0.37428516, 0.41759223, 0.82796574, 0.0)], [0.0, 0.0, 0.0, 1.0)]])
0.0, 0.0, 0.0
float3(-0.43079382, -0.42456067, -1.419547)
100.19412
661660.303362
limited((extension in ARKit):__C.ARCamera.TrackingState.Reason.initializing)
simd_float4x4([[-0.03480247, -0.89883167, 0.43691006, 0.0)], [0.9275381, 0.13372336, 0.3489858, 0.0)], [-0.37210456, 0.4173963, 0.8290468, 0.0)], [0.0, 0.0, 0.0, 1.0)]])
0.0, 0.0, 0.0
float3(-0.4305782, -0.42188403, -1.423105)
100.19412
661660.37001825
limited((extension in ARKit):__C.ARCamera.TrackingState.Reason.initializing)
simd_float4x4([[-0.0535359, -0.89841413, 0.43587375, 0.0)], [0.9474321, 0.09218992, 0.3063877, 0.0)], [-0.31544623, 0.42936352, 0.846251, 0.0)], [0.0, 0.0, 0.0, 1.0)]])
0.0, 0.0, 0.0
float3(-0.4437879, -0.356803, -1.4685402)
100.19412
661660.436674291
limited((extension in ARKit):__C.ARCamera.TrackingState.Reason.initializing)
simd_float4x4([[-0.060505196, -0.89111745, 0.44972107, 0.0)], [0.9578364, 0.07494415, 0.2773677, 0.0)], [-0.28087115, 0.44754136, 0.8490101, 0.0)], [0.0, 0.0, 0.0, 1.0)]])
0.0, 0.0, 0.0
float3(-0.46401408, -0.31948858, -1.4868925)
100.19412
661660.503330416
limited((extension in ARKit):__C.ARCamera.TrackingState.Reason.initializing)
simd_float4x4([[-0.045644496, -0.89902353, 0.43551484, 0.0)], [0.9740457, 0.056702025, 0.2191344, 0.0)], [-0.22170156, 0.43421364, 0.8731019, 0.0)], [0.0, 0.0, 0.0, 1.0)]])
0.0, 0.0, 0.0
float3(-0.44916514, -0.24866846, -1.507809)
100.19412
661660.569986666
limited((extension in ARKit):__C.ARCamera.TrackingState.Reason.initializing)
simd_float4x4([[-0.04126022, -0.91116035, 0.40998116, 0.0)], [0.9856768, 0.03003513, 0.16594924, 0.0)], [-0.16352019, 0.410956, 0.8968704, 0.0)], [0.0, 0.0, 0.0, 1.0)]])
0.0, 0.0, 0.0
float3(-0.42350245, -0.18034221, -1.5378447)
100.19267
661660.636642708
limited((extension in ARKit):__C.ARCamera.TrackingState.Reason.initializing)
simd_float4x4([[-0.047550492, -0.9117886, 0.4078979, 0.0)], [0.99147373, 0.00651493, 0.13014361, 0.0)], [-0.12132088, 0.41060844, 0.90370464, 0.0)], [0.0, 0.0, 0.0, 1.0)]])
0.0, 0.0, 0.0
float3(-0.42312124, -0.13345048, -1.5636512)
100.19267
661660.703298916
limited((extension in ARKit):__C.ARCamera.TrackingState.Reason.initializing)
simd_float4x4([[-0.03891021, -0.9103612, 0.41198125, 0.0)], [0.99641085, -0.0043308567, 0.08453762, 0.0)], [-0.07517553, 0.41379198, 0.90726227, 0.0)], [0.0, 0.0, 0.0, 1.0)]])
0.0, 0.0, 0.0
float3(-0.42661545, -0.082670905, -1.5755535)
100.19267
661661.530703041
notAvailable
simd_float4x4([[1.0, 0.0, 0.0, 0.0)], [0.0, 1.0, 0.0, 0.0)], [0.0, 0.0, 1.0, 0.0)], [0.0, 0.0, 0.0, 1.0)]])
0.0, 0.0, 0.0
float3(-0.0, 0.0, 0.0)
100.19267
661661.580695333
notAvailable
simd_float4x4([[1.0, 0.0, 0.0, 0.0)], [0.0, 1.0, 0.0, 0.0)], [0.0, 0.0, 1.0, 0.0)], [0.0, 0.0, 0.0, 1.0)]])
0.0, 0.0, 0.0
float3(-0.0, 0.0, 0.0)
100.19122
661661.630687333
notAvailable
simd_float4x4([[1.0, 0.0, 0.0, 0.0)], [0.0, 1.0, 0.0, 0.0)], [0.0, 0.0, 1.0, 0.0)], [0.0, 0.0, 0.0, 1.0)]])
0.0, 0.0, 0.0
float3(-0.0, 0.0, 0.0)
100.19122
661661.680679458
limited((extension in ARKit):__C.ARCamera.TrackingState.Reason.initializing)
simd_float4x4([[-0.02075872, -0.9585553, 0.28414902, 0.0)], [0.99978447, -0.019902673, 0.0058998363, 0.0)], [3.73653e-09, 0.28421026, 0.9587619, 0.0)], [0.0, 0.0, 0.0, 1.0)]])
0.0, 0.0, 0.0
float3(-0.28818262, 3.897245e-09, -1.5915565)
100.19122
661661.730671666
limited((extension in ARKit):__C.ARCamera.TrackingState.Reason.initializing)
simd_float4x4([[-0.034370836, -0.96074396, 0.2752991, 0.0)], [0.9994036, -0.0321237, 0.01266872, 0.0)], [-0.0033277741, 0.27557033, 0.9612751, 0.0)], [0.0, 0.0, 0.0, 1.0)]])
0.0, 0.0, 0.0
float3(-0.27918297, -0.0034618194, -1.6042202)
100.19122
661661.780663916
limited((extension in ARKit):__C.ARCamera.TrackingState.Reason.initializing)
simd_float4x4([[-0.027989434, -0.9683883, 0.2478722, 0.0)], [0.9990796, -0.019037737, 0.03843816, 0.0)], [-0.03250414, 0.24871995, 0.9680299, 0.0)], [0.0, 0.0, 0.0, 1.0)]])
0.0, 0.0, 0.0
float3(-0.25135845, -0.03356501, -1.590453)
100.19122
661661.830655916
limited((extension in ARKit):__C.ARCamera.TrackingState.Reason.initializing)
simd_float4x4([[-0.014699036, -0.97076166, 0.23959492, 0.0)], [0.9978859, 0.0009290371, 0.064983994, 0.0)], [-0.06330656, 0.2400436, 0.96869564, 0.0)], [0.0, 0.0, 0.0, 1.0)]])
0.0, 0.0, 0.0
float3(-0.24241076, -0.065259576, -1.5698394)
100.19122
661661.880648083
limited((extension in ARKit):__C.ARCamera.TrackingState.Reason.initializing)
simd_float4x4([[-0.0004488783, -0.97419417, 0.22571145, 0.0)], [0.9955967, 0.020722415, 0.09142003, 0.0)], [-0.09373814, 0.22475864, 0.9698953, 0.0)], [0.0, 0.0, 0.0, 1.0)]])
0.0, 0.0, 0.0
float3(-0.22669533, -0.09634844, -1.5495282)
100.19122
661661.930640208
limited((extension in ARKit):__C.ARCamera.TrackingState.Reason.initializing)
simd_float4x4([[0.0125457, -0.972279, 0.23348662, 0.0)], [0.9906741, 0.04376904, 0.12903106, 0.0)], [-0.13567367, 0.22969039, 0.96376073, 0.0)], [0.0, 0.0, 0.0, 1.0)]])
0.0, 0.0, 0.0
float3(-0.23175955, -0.13985622, -1.5258098)
100.19122
661661.9972965
limited((extension in ARKit):__C.ARCamera.TrackingState.Reason.initializing)
simd_float4x4([[0.007313105, -0.96722823, 0.25380284, 0.0)], [0.98342663, 0.052937657, 0.17340592, 0.0)], [-0.18115884, 0.24832836, 0.9515851, 0.0)], [0.0, 0.0, 0.0, 1.0)]])
0.0, 0.0, 0.0
float3(-0.25095418, -0.18812469, -1.5161196)
100.19122
661662.063952541
limited((extension in ARKit):__C.ARCamera.TrackingState.Reason.initializing)
simd_float4x4([[0.0018638783, -0.96595824, 0.25869107, 0.0)], [0.97511333, 0.059107356, 0.2136825, 0.0)], [-0.22169892, 0.25185487, 0.94202894, 0.0)], [0.0, 0.0, 0.0, 1.0)]])
0.0, 0.0, 0.0
float3(-0.25459644, -0.23113598, -1.5096822)
100.19122
661662.113944625
limited((extension in ARKit):__C.ARCamera.TrackingState.Reason.initializing)
simd_float4x4([[-0.0064005754, -0.9643827, 0.26443326, 0.0)], [0.9691818, 0.05914031, 0.23914239, 0.0)], [-0.24626346, 0.2578146, 0.9342835, 0.0)], [0.0, 0.0, 0.0, 1.0)]])
0.0, 0.0, 0.0
float3(-0.26075965, -0.25772345, -1.5095485)
100.19122
661662.180600958
limited((extension in ARKit):__C.ARCamera.TrackingState.Reason.initializing)
simd_float4x4([[-0.010540238, -0.96341616, 0.26780248, 0.0)], [0.9593286, 0.065811396, 0.2745132, 0.0)], [-0.28209493, 0.259804, 0.9235389, 0.0)], [0.0, 0.0, 0.0, 1.0)]])
0.0, 0.0, 0.0
float3(-0.26281923, -0.2964492, -1.5025918)
100.19122
661662.230593083
limited((extension in ARKit):__C.ARCamera.TrackingState.Reason.initializing)
simd_float4x4([[-0.018441012, -0.96364737, 0.2665404, 0.0)], [0.95115864, 0.06525422, 0.30172667, 0.0)], [-0.308151, 0.25908637, 0.91537815, 0.0)], [0.0, 0.0, 0.0, 1.0)]])
0.0, 0.0, 0.0
float3(-0.26207614, -0.32472172, -1.5031837)
100.19122
661662.297249375
limited((extension in ARKit):__C.ARCamera.TrackingState.Reason.initializing)
simd_float4x4([[-0.020646848, -0.9673812, 0.2524826, 0.0)], [0.93897945, 0.06796503, 0.33719176, 0.0)], [-0.3433529, 0.24403793, 0.90694785, 0.0)], [0.0, 0.0, 0.0, 1.0)]])
0.0, 0.0, 0.0
float3(-0.2465275, -0.36190617, -1.5006548)
100.19122
661662.347241458
normal
simd_float4x4([[0.002719478, -0.97065926, 0.24044378, 0.0)], [0.93188983, 0.08967697, 0.35148138, 0.0)], [-0.36273095, 0.22311133, 0.9047914, 0.0)], [0.0, 0.0, 0.0, 1.0)]])
0.0, 0.0, 0.0
float3(-0.2250051, -0.38128206, -1.4786701)
100.19122
661662.397233625
normal
simd_float4x4([[-0.024042023, -0.9698832, 0.24238092, 0.0)], [0.92767197, 0.06872457, 0.367017, 0.0)], [-0.37262112, 0.23367384, 0.89808124, 0.0)], [0.005519198, 0.0017487451, -0.01683953, 0.9999999)]])
0.005519198, 0.0017487451, -0.01683953
float3(-0.23585443, -0.3932917, -1.5000559)
100.19122
661662.480553791
normal
simd_float4x4([[-0.14460063, -0.9400426, 0.30888596, 0.0)], [0.89004964, 0.012821116, 0.4556831, 0.0)], [-0.43232185, 0.34081593, 0.8348306, 0.0)], [0.060177222, -0.022224989, -0.15873374, 1.0)]])
0.060177222, -0.022224989, -0.15873374
float3(-0.34778467, -0.47783, -1.5571584)
100.19122
661662.547210166
normal
simd_float4x4([[-0.13855377, -0.9456439, 0.29421157, 0.0)], [0.88635504, 0.014117895, 0.46279058, 0.0)], [-0.44178876, 0.3248974, 0.83622026, 0.0)], [0.10791123, -0.029066656, -0.22281654, 1.0)]])
0.10791123, -0.029066656, -0.22281654
float3(-0.33090326, -0.48604316, -1.555868)
100.19122
661662.613866125
normal
simd_float4x4([[-0.1450129, -0.9408388, 0.30625752, 0.0)], [0.87545854, 0.022217266, 0.4827821, 0.0)], [-0.46102428, 0.33812547, 0.8204435, 0.0)], [0.12270114, -0.02656636, -0.26021868, 1.0)]])
0.12270114, -0.02656636, -0.26021868
float3(-0.34492433, -0.51194936, -1.5471864)
100.18943
661662.697186416
normal
simd_float4x4([[-0.16139625, -0.94513446, 0.28402832, 0.0)], [0.83475006, 0.022784835, 0.5501573, 0.0)], [-0.52644414, 0.32588604, 0.7852737, 0.0)], [0.15553956, -0.025999714, -0.2700233, 1.0)]])
0.15553956, -0.025999714, -0.2700233
float3(-0.3319488, -0.5905798, -1.5466934)
100.18943
661662.747178708
normal
simd_float4x4([[-0.15891853, -0.9494076, 0.27086905, 0.0)], [0.82948345, 0.020399597, 0.55815834, 0.0)], [-0.5354454, 0.31338316, 0.78427595, 0.0)], [0.16663045, -0.024414124, -0.28925073, 1.0)]])
0.16663045, -0.024414124, -0.28925073
float3(-0.31875357, -0.5990382, -1.549313)
100.18943
661662.830498833
normal
simd_float4x4([[-0.1624547, -0.95648026, 0.24239227, 0.0)], [0.7885257, 0.021828007, 0.61461425, 0.0)], [-0.59315723, 0.29097956, 0.7506631, 0.0)], [0.18943666, -0.024979156, -0.26490885, 1.0)]])
0.18943666, -0.024979156, -0.26490885
float3(-0.29525054, -0.668723, -1.5479791)
100.18943
661662.880491083
normal
simd_float4x4([[-0.16753645, -0.9582248, 0.23181215, 0.0)], [0.7890648, 0.010630111, 0.6142179, 0.0)], [-0.59102297, 0.28581873, 0.75432044, 0.0)], [0.20558237, -0.026775073, -0.2799887, 1.0)]])
0.20558237, -0.026775073, -0.2799887
float3(-0.2898607, -0.6646093, -1.5597032)
100.18943
661662.963811375
normal
simd_float4x4([[-0.19392945, -0.9590937, 0.20622951, 0.0)], [0.75377315, -0.011133139, 0.65704024, 0.0)], [-0.62786716, 0.28286982, 0.72509813, 0.0)], [0.24178638, -0.028717782, -0.26619458, 1.0)]])
0.24178638, -0.028717782, -0.26619458
float3(-0.2867848, -0.7136564, -1.5824038)
100.18943
661663.013803541
normal
simd_float4x4([[-0.19901174, -0.9600426, 0.1967551, 0.0)], [0.75630677, -0.022781773, 0.6538202, 0.0)], [-0.6232129, 0.27892515, 0.7306205, 0.0)], [0.2637827, -0.031467516, -0.27960774, 1.0000001)]])
0.2637827, -0.031467516, -0.27960774
float3(-0.28267467, -0.7062281, -1.5945219)
100.18943
661663.080459833
normal
simd_float4x4([[-0.20024672, -0.9606255, 0.19261295, 0.0)], [0.7538504, -0.0254999, 0.65655094, 0.0)], [-0.625788, 0.27667356, 0.72927433, 0.0)], [0.28300643, -0.03495503, -0.29321265, 1.0)]])
0.28300643, -0.03495503, -0.29321265
float3(-0.2803308, -0.70917594, -1.5973352)
100.18943
661663.163780041
normal
simd_float4x4([[-0.1785233, -0.968527, 0.17344989, 0.0)], [0.751749, -0.020524718, 0.65912974, 0.0)], [-0.6348249, 0.24806085, 0.73175335, 0.0)], [0.31455237, -0.032448575, -0.3046962, 1.0)]])
0.31455237, -0.032448575, -0.3046962
float3(-0.25067803, -0.7145889, -1.5919849)
100.18943
661663.247100458
normal
simd_float4x4([[-0.16405532, -0.97446585, 0.15330379, 0.0)], [0.7532927, -0.023417966, 0.65726805, 0.0)], [-0.63689524, 0.22331098, 0.73789984, 0.0)], [0.36289504, -0.029733147, -0.3221206, 0.9999999)]])
0.36289504, -0.029733147, -0.3221206
float3(-0.2252099, -0.71206105, -1.5948232)
100.18943
661663.297092541
normal
simd_float4x4([[-0.16948397, -0.9727789, 0.1580391, 0.0)], [0.7516159, -0.02386191, 0.6591692, 0.0)], [-0.6374548, 0.23050335, 0.7352003, 0.0)], [0.3887841, -0.027718496, -0.32995856, 1.0)]])
0.3887841, -0.027718496, -0.32995856
float3(-0.23259494, -0.7143091, -1.595321)
100.18943
661663.380412833
normal
simd_float4x4([[-0.15317717, -0.97755235, 0.14466582, 0.0)], [0.74274695, -0.01732913, 0.66934776, 0.0)], [-0.65181553, 0.20997895, 0.72872853, 0.0)], [0.43379503, -0.023240287, -0.34094763, 1.0)]])
0.43379503, -0.023240287, -0.34094763
float3(-0.21155344, -0.7297436, -1.5885215)
100.18943
661663.430405125
normal
simd_float4x4([[-0.14415912, -0.98078656, 0.13143757, 0.0)], [0.73769015, -0.01798313, 0.6748997, 0.0)], [-0.65956885, 0.19425318, 0.726109, 0.0)], [0.45161027, -0.022981383, -0.34452456, 0.99999994)]])
0.45161027, -0.022981383, -0.34452456
float3(-0.19549607, -0.7374151, -1.5891297)
100.18943
661663.53038925
normal
simd_float4x4([[-0.16465276, -0.9777183, 0.13021673, 0.0)], [0.7016848, -0.023326043, 0.71210545, 0.0)], [-0.69320107, 0.20862126, 0.68989074, 0.0)], [0.4994344, -0.025165249, -0.35143262, 1.0)]])
0.4994344, -0.025165249, -0.35143262
float3(-0.210165, -0.7877916, -1.5946494)
100.18943
661663.580381666
normal
simd_float4x4([[-0.1685388, -0.9771718, 0.12934457, 0.0)], [0.6867142, -0.022266295, 0.72658634, 0.0)], [-0.70711964, 0.21128076, 0.6747905, 0.0)], [0.519635, -0.027224462, -0.3579797, 1.0)]])
0.519635, -0.027224462, -0.3579797
float3(-0.21288511, -0.8087884, -1.5935788)
100.18943
661663.663702083
normal
simd_float4x4([[-0.16017607, -0.97901696, 0.12597296, 0.0)], [0.65416765, -0.009714123, 0.7562869, 0.0)], [-0.73919415, 0.20354655, 0.6419972, 0.0)], [0.555958, -0.03046905, -0.3649346, 0.9999998)]])
0.555958, -0.03046905, -0.3649346
float3(-0.20497896, -0.8556542, -1.5807183)
100.18907
661663.730358083
normal
simd_float4x4([[-0.1558144, -0.97895825, 0.13176729, 0.0)], [0.62500185, 0.005591321, 0.78060323, 0.0)], [-0.76491463, 0.20398405, 0.6109795, 0.0)], [0.5808192, -0.035565022, -0.3767054, 1.0)]])
0.5808192, -0.035565022, -0.3767054
float3(-0.20542583, -0.8968149, -1.5650849)
100.18907
661663.780350291
normal
simd_float4x4([[-0.1574128, -0.9789202, 0.13013922, 0.0)], [0.60522085, 0.008502106, 0.7960121, 0.0)], [-0.7803389, 0.20406549, 0.5911246, 0.0)], [0.6028951, -0.04054284, -0.38211435, 0.99999994)]])
0.6028951, -0.04054284, -0.38211435
float3(-0.205509, -0.92249787, -1.5621114)
100.18907
661663.863670666
normal
simd_float4x4([[-0.13077074, -0.985362, 0.10936527, 0.0)], [0.57654715, 0.014156729, 0.8169412, 0.0)], [-0.8065311, 0.16988626, 0.5662563, 0.0)], [0.6362607, -0.049045373, -0.40312433, 1.0)]])
0.6362607, -0.049045373, -0.40312433
float3(-0.17071424, -0.95866996, -1.5564303)
100.18907
661663.913662833
normal
simd_float4x4([[-0.1088951, -0.9898664, 0.09113868, 0.0)], [0.5587376, 0.014880187, 0.8292107, 0.0)], [-0.8221641, 0.14121963, 0.55145514, 0.0)], [0.6543396, -0.054247353, -0.41258383, 0.9999999)]])
0.6543396, -0.054247353, -0.41258383
float3(-0.14169328, -0.9799817, -1.5557649)
100.18907
661663.98031925
normal
simd_float4x4([[-0.08526348, -0.9937843, 0.07157413, 0.0)], [0.5266921, 0.016023217, 0.8499051, 0.0)], [-0.8457691, 0.110163406, 0.52205205, 0.0)], [0.6876484, -0.05925046, -0.43815035, 0.99999994)]])
0.6876484, -0.05925046, -0.43815035
float3(-0.11038745, -1.0177885, -1.5546743)
100.18907
661664.030311375
normal
simd_float4x4([[-0.08018007, -0.9947842, 0.06305234, 0.0)], [0.49696267, 0.014938359, 0.8676433, 0.0)], [-0.8640597, 0.10090238, 0.4931728, 0.0)], [0.7120673, -0.063972816, -0.4506625, 1.0)]])
0.7120673, -0.063972816, -0.4506625
float3(-0.10107439, -1.0521525, -1.5557808)
100.18907
661664.113631708
normal
simd_float4x4([[-0.062914066, -0.9976026, 0.02882589, 0.0)], [0.44272813, -0.0020118146, 0.89665353, 0.0)], [-0.89444584, 0.06917416, 0.44179326, 0.0)], [0.7604977, -0.06977381, -0.47576594, 0.99999994)]])
0.7604977, -0.06977381, -0.47576594
float3(-0.06922945, -1.1120168, -1.5728129)
100.18907
661664.180288083
normal
simd_float4x4([[-0.041913986, -0.9990807, -0.008992051, 0.0)], [0.38844547, -0.024586875, 0.9211436, 0.0)], [-0.9205179, 0.035115883, 0.38911894, 0.0)], [0.7941927, -0.07218671, -0.49039334, 1.0)]])
0.7941927, -0.07218671, -0.49039334
float3(-0.035123102, -1.1708606, -1.5954008)
100.18907
661664.263608375
normal
simd_float4x4([[-0.031154174, -0.9981704, -0.051819906, 0.0)], [0.3229222, -0.059116453, 0.94457734, 0.0)], [-0.94591254, 0.012693727, 0.3241731, 0.0)], [0.84293115, -0.0709576, -0.5117415, 1.0)]])
0.84293115, -0.0709576, -0.5117415
float3(-0.012694068, -1.2406312, -1.6299521)
100.18907
661664.313600541
normal
simd_float4x4([[-0.025247907, -0.99772257, -0.06254846, 0.0)], [0.26780325, -0.067031905, 0.96113884, 0.0)], [-0.96314263, 0.007516066, 0.2688858, 0.0)], [0.86510944, -0.0706386, -0.5202736, 1.0)]])
0.86510944, -0.0706386, -0.5202736
float3(-0.007516137, -1.2985524, -1.6378804)
100.18907
661664.413585
normal
simd_float4x4([[-0.017065765, -0.99818313, -0.057786126, 0.0)], [0.1303555, -0.059522483, 0.9896789, 0.0)], [-0.9913204, 0.009356891, 0.13113447, 0.0)], [0.9085706, -0.07257264, -0.5322828, 1.0000001)]])
0.9085706, -0.07257264, -0.5322828
float3(-0.009357028, -1.4392773, -1.6303567)
100.18907
661664.463577166
normal
simd_float4x4([[-0.019332249, -0.9984515, -0.05216179, 0.0)], [0.060335007, -0.053241506, 0.9967572, 0.0)], [-0.9979909, 0.016122377, 0.061270855, 0.0)], [0.9313011, -0.07473171, -0.53180057, 1.0)]])
0.9313011, -0.07473171, -0.53180057
float3(-0.016123075, -1.509479, -1.6240699)
100.18907
661664.530233458
normal
simd_float4x4([[-0.033781394, -0.9985897, -0.040956058, 0.0)], [-0.021070639, -0.040258743, 0.998967, 0.0)], [-0.99920696, 0.03460948, -0.019680928, 0.0)], [0.9551556, -0.07715405, -0.52467203, 0.99999994)]])
0.9551556, -0.07715405, -0.52467203
float3(-0.034616396, -1.5904903, -1.6110901)
100.18907
661664.613553916
normal
simd_float4x4([[-0.05669166, -0.9978936, -0.031533968, 0.0)], [-0.13610695, -0.023565186, 0.99041384, 0.0)], [-0.98907065, 0.060440205, -0.1344843, 0.0)], [0.9789666, -0.0796172, -0.5045314, 1.0)]])
0.9789666, -0.0796172, -0.5045314
float3(-0.060477063, -1.705938, -1.5944068)
100.1888
661664.680210125
normal
simd_float4x4([[-0.08257833, -0.9962333, -0.026457814, 0.0)], [-0.23780806, -0.006083416, 0.971293, 0.0)], [-0.9677955, 0.08649964, -0.23640996, 0.0)], [0.9933976, -0.081875265, -0.48617464, 1.0)]])
0.9933976, -0.081875265, -0.48617464
float3(-0.08660787, -1.8103812, -1.5769026)
100.1888
661664.7468665
normal
simd_float4x4([[-0.09850533, -0.9944807, -0.03612143, 0.0)], [-0.32640412, -0.0020014888, 0.9452281, 0.0)], [-0.94008344, 0.10490021, -0.32440546, 0.0)], [0.99951434, -0.08183405, -0.45613378, 1.0)]])
0.99951434, -0.08183405, -0.45613378
float3(-0.10509356, -1.9030827, -1.5728089)
100.1888
661664.79685875
normal
simd_float4x4([[-0.099745475, -0.9935439, -0.05404941, 0.0)], [-0.37574163, -0.012687595, 0.92663753, 0.0)], [-0.92134076, 0.11273654, -0.37205034, 0.0)], [1.0023866, -0.0839133, -0.43666983, 1.0)]])
1.0023866, -0.0839133, -0.43666983
float3(-0.11297672, -1.9545864, -1.5835657)
100.1888
661664.896843
normal
simd_float4x4([[-0.08071522, -0.99061185, -0.110331714, 0.0)], [-0.41629067, -0.06707245, 0.90675414, 0.0)], [-0.9056417, 0.11911895, -0.40696874, 0.0)], [0.9950607, -0.08625947, -0.3905189, 0.99999994)]])
0.9950607, -0.08625947, -0.3905189
float3(-0.11940247, -1.9931267, -1.6384013)
100.1888
661664.946835416
normal
simd_float4x4([[-0.07412588, -0.9895636, -0.12356937, 0.0)], [-0.4279543, -0.08035591, 0.900221, 0.0)], [-0.9007554, 0.11961173, -0.41753152, 0.0)], [0.9886466, -0.08523074, -0.3717113, 1.0)]])
0.9886466, -0.08523074, -0.3717113
float3(-0.119898796, -2.0048487, -1.651822)
100.1888
661665.046819833
normal
simd_float4x4([[-0.109401725, -0.986231, -0.124014474, 0.0)], [-0.46323442, -0.059800316, 0.88421583, 0.0)], [-0.8794571, 0.15418254, -0.4503139, 0.0)], [0.98820364, -0.0849036, -0.35009086, 1.0)]])
0.98820364, -0.0849036, -0.35009086
float3(-0.15480004, -2.0440264, -1.6313574)
100.1888
661665.096812083
normal
simd_float4x4([[-0.1342148, -0.983973, -0.11740253, 0.0)], [-0.45947018, -0.04317714, 0.887143, 0.0)], [-0.87799394, 0.17301072, -0.4463113, 0.0)], [0.9743713, -0.07332514, -0.33877164, 1.0)]])
0.9743713, -0.07332514, -0.33877164
float3(-0.17388567, -2.0410862, -1.6146486)
100.1888
661665.196796541
normal
simd_float4x4([[-0.18146408, -0.9795304, -0.08712615, 0.0)], [-0.45744142, 0.005650389, 0.88922167, 0.0)], [-0.8705274, 0.20121694, -0.44910315, 0.0)], [0.97741723, -0.06868181, -0.339602, 1.0)]])
0.97741723, -0.06868181, -0.339602
float3(-0.2026001, -2.0470812, -1.565028)
100.1888
661665.246788916
normal
simd_float4x4([[-0.19805071, -0.9773778, -0.07421989, 0.0)], [-0.45593673, 0.024829403, 0.8896656, 0.0)], [-0.8676966, 0.21003853, -0.4505399, 0.0)], [0.96610653, -0.0653248, -0.3325975, 0.99999994)]])
0.96610653, -0.0653248, -0.3325975
float3(-0.21161437, -2.0497146, -1.5453976)
100.1888
661665.296781041
normal
simd_float4x4([[-0.20915557, -0.975738, -0.06472464, 0.0)], [-0.4525955, 0.037919097, 0.8909092, 0.0)], [-0.8668397, 0.21563277, -0.44954562, 0.0)], [0.96702385, -0.06547191, -0.3399163, 0.99999994)]])
0.96702385, -0.06547191, -0.3399163
float3(-0.2173398, -2.0492153, -1.5319539)
100.1888
661665.413429458
normal
simd_float4x4([[-0.24078193, -0.9694406, -0.047000393, 0.0)], [-0.4152687, 0.059130415, 0.90777487, 0.0)], [-0.8772547, 0.23809364, -0.41681585, 0.0)], [0.9692732, -0.06536748, -0.3588072, 1.0)]])
0.9692732, -0.06536748, -0.3588072
float3(-0.24040258, -2.0143561, -1.5098774)
100.1888
661665.463421833
normal
simd_float4x4([[-0.24353483, -0.9688956, -0.043954212, 0.0)], [-0.3891333, 0.056097746, 0.9194717, 0.0)], [-0.88840634, 0.24102746, -0.39069134, 0.0)], [0.97239137, -0.06524494, -0.37222004, 1.0)]])
0.97239137, -0.06524494, -0.37222004
float3(-0.24342439, -1.9851075, -1.5129622)
100.1888
661665.513414083
normal
simd_float4x4([[-0.23847248, -0.9703168, -0.04019991, 0.0)], [-0.35302684, 0.048051596, 0.93437845, 0.0)], [-0.9047114, 0.2370152, -0.3540069, 0.0)], [0.9770919, -0.06542167, -0.3920439, 0.99999994)]])
0.9770919, -0.06542167, -0.3920439
float3(-0.23929235, -1.9437739, -1.5213152)
100.1888
661665.563406375
normal
simd_float4x4([[-0.23745802, -0.9710631, -0.025498312, 0.0)], [-0.30045247, 0.04845829, 0.95256495, 0.0)], [-0.92376506, 0.23385526, -0.3032651, 0.0)], [0.98185086, -0.06285553, -0.41336864, 1.0)]])
0.98185086, -0.06285553, -0.41336864
float3(-0.23604101, -1.8880032, -1.5209354)
100.1888
661665.663390708
normal
simd_float4x4([[-0.23574665, -0.9717578, 0.010500686, 0.0)], [-0.17652284, 0.053444605, 0.9828445, 0.0)], [-0.95564806, 0.22984873, -0.18413682, 0.0)], [0.99877906, -0.06078451, -0.47483313, 1.0)]])
0.99877906, -0.06078451, -0.47483313
float3(-0.23192224, -1.7611462, -1.5158538)
100.188614
661665.713382958
normal
simd_float4x4([[-0.23052451, -0.9729739, 0.01342718, 0.0)], [-0.105378054, 0.038679916, 0.9936796, 0.0)], [-0.9673436, 0.22765262, -0.11144675, 0.0)], [1.0048699, -0.05996781, -0.5028296, 1.0)]])
1.0048699, -0.05996781, -0.5028296
float3(-0.22966632, -1.6854997, -1.531063)
100.188614
661665.796703333
normal
simd_float4x4([[-0.22171934, -0.9747823, 0.02530062, 0.0)], [0.022050217, 0.020927716, 0.9995377, 0.0)], [-0.974861, 0.22217476, 0.016854083, 0.0)], [1.0241867, -0.06233163, -0.5656002, 1.0)]])
1.0241867, -0.06233163, -0.5656002
float3(-0.22404441, -1.5535094, -1.5493305)
100.188614
661665.846695791
normal
simd_float4x4([[-0.22863111, -0.972582, 0.042566348, 0.0)], [0.09388852, 0.02149187, 0.9953504, 0.0)], [-0.96897495, 0.23156464, 0.08640058, 0.0)], [1.0336963, -0.06477912, -0.5991283, 0.9999999)]])
1.0336963, -0.06477912, -0.5991283
float3(-0.23368573, -1.4818646, -1.5487021)
100.188614
661665.930016083
normal
simd_float4x4([[-0.22991633, -0.97040236, 0.07387586, 0.0)], [0.21129337, 0.02432576, 0.9771198, 0.0)], [-0.9499965, 0.24026532, 0.19944671, 0.0)], [1.0583534, -0.07433643, -0.67532265, 0.99999994)]])
1.0583534, -0.07433643, -0.67532265
float3(-0.24263917, -1.3638572, -1.5457339)
100.188614
661665.980008416
normal
simd_float4x4([[-0.22531575, -0.9709677, 0.08034, 0.0)], [0.27663675, 0.015308714, 0.9608525, 0.0)], [-0.93418664, 0.23872024, 0.2651561, 0.0)], [1.0731351, -0.07972473, -0.70850176, 1.0)]])
1.0731351, -0.07972473, -0.70850176
float3(-0.24104777, -1.2942338, -1.5550312)
100.188614
661666.030000708
normal
simd_float4x4([[-0.21283719, -0.9738688, 0.07924646, 0.0)], [0.33024096, 0.0046330667, 0.94388527, 0.0)], [-0.9195875, 0.22706434, 0.32062528, 0.0)], [1.0913973, -0.08926551, -0.75583863, 1.0)]])
1.0913973, -0.08926551, -0.75583863
float3(-0.22906223, -1.2353139, -1.566039)
100.188614
661666.079992875
normal
simd_float4x4([[-0.20638907, -0.9748563, 0.08401587, 0.0)], [0.3636105, 0.0033023702, 0.9315451, 0.0)], [-0.90840006, 0.22280982, 0.35378644, 0.0)], [1.1114298, -0.096147716, -0.78155255, 0.99999994)]])
1.1114298, -0.096147716, -0.78155255
float3(-0.2246958, -1.1994082, -1.5674088)
100.188614
661666.129985125
normal
simd_float4x4([[-0.19572137, -0.97633225, 0.0920248, 0.0)], [0.3744235, 0.012332361, 0.9271757, 0.0)], [-0.9063664, 0.21592438, 0.363148, 0.0)], [1.1353772, -0.104638204, -0.827858, 1.0)]])
1.1353772, -0.104638204, -0.827858
float3(-0.21763845, -1.189718, -1.5581657)
100.188614
661666.179977416
normal
simd_float4x4([[-0.19529183, -0.9759301, 0.09706477, 0.0)], [0.36168712, 0.020326648, 0.9320779, 0.0)], [-0.9116158, 0.2171343, 0.34901172, 0.0)], [1.165303, -0.11090569, -0.85765684, 1.0)]])
1.165303, -0.11090569, -0.85765684
float3(-0.21887776, -1.2051617, -1.5499713)
100.188614
661666.229969708
normal
simd_float4x4([[-0.21648657, -0.97055626, 0.10561248, 0.0)], [0.36262053, 0.02050149, 0.93171114, 0.0)], [-0.90644336, 0.24000028, 0.34750533, 0.0)], [1.1963407, -0.11302786, -0.8998071, 0.9999999)]])
1.1963407, -0.11302786, -0.8998071
float3(-0.24236614, -1.2047058, -1.5496761)
100.188614
661666.279961958
normal
simd_float4x4([[-0.2270528, -0.9696069, 0.09115625, 0.0)], [0.3441761, 0.007671199, 0.9388737, 0.0)], [-0.91103774, 0.24454774, 0.33197376, 0.0)], [1.2417876, -0.11060478, -0.91570616, 1.0)]])
1.2417876, -0.11060478, -0.91570616
float3(-0.24705324, -1.2213591, -1.5628848)
100.188614
661666.329954208
normal
simd_float4x4([[-0.22136997, -0.9724109, 0.0735693, 0.0)], [0.33164555, -0.0041252696, 0.9433951, 0.0)], [-0.91706413, 0.2332383, 0.32340893, 0.0)], [1.2669972, -0.10488455, -0.9506564, 1.0)]])
1.2669972, -0.10488455, -0.9506564
float3(-0.2354065, -1.2317566, -1.5750387)
100.188614
661666.379946583
normal
simd_float4x4([[-0.24038948, -0.9687478, 0.061161347, 0.0)], [0.32959658, -0.022197464, 0.94386095, 0.0)], [-0.91300553, 0.24705282, 0.324632, 0.0)], [1.3147209, -0.0954645, -0.9639394, 1.0)]])
1.3147209, -0.0954645, -0.9639394
float3(-0.2496376, -1.2291733, -1.5937059)
100.188614
661666.42993875
normal
simd_float4x4([[-0.2577405, -0.9640269, 0.064976506, 0.0)], [0.34663543, -0.029484823, 0.93753636, 0.0)], [-0.9018944, 0.2641643, 0.3417653, 0.0)], [1.3451948, -0.08939854, -0.99833477, 0.99999994)]])
1.3451948, -0.08939854, -0.99833477
float3(-0.26733735, -1.2085745, -1.6013719)
100.188614
661666.513259125
normal
simd_float4x4([[-0.3080094, -0.94600815, 0.10098942, 0.0)], [0.3802194, -0.025095785, 0.9245556, 0.0)], [-0.8721028, 0.32317004, 0.3674204, 0.0)], [1.4244992, -0.08186211, -1.0275681, 1.0)]])
1.4244992, -0.08186211, -1.0275681
float3(-0.32907736, -1.1720604, -1.5973182)
100.188614
661666.563251375
normal
simd_float4x4([[-0.33225965, -0.930894, 0.15178853, 0.0)], [0.39201975, 0.010074349, 0.91990155, 0.0)], [-0.85786, 0.36515033, 0.3615815, 0.0)], [1.4540437, -0.08376206, -1.0636206, 0.99999994)]])
1.4540437, -0.08376206, -1.0636206
float3(-0.3737943, -1.1719004, -1.5599746)
100.18868
661666.613243708
normal
simd_float4x4([[-0.32108563, -0.92407143, 0.20735478, 0.0)], [0.42772573, 0.053848956, 0.90230316, 0.0)], [-0.84495836, 0.37840763, 0.37795895, 0.0)], [1.4810383, -0.08820799, -1.099155, 1.0)]])
1.4810383, -0.08820799, -1.099155
float3(-0.38807538, -1.150181, -1.5125886)
100.18868
661666.663236166
normal
simd_float4x4([[-0.28941306, -0.92517287, 0.24555075, 0.0)], [0.48174202, 0.08089101, 0.8725715, 0.0)], [-0.82714236, 0.37082577, 0.42228374, 0.0)], [1.5080341, -0.094723485, -1.1315849, 0.99999994)]])
1.5080341, -0.094723485, -1.1315849
float3(-0.379898, -1.0987576, -1.4835848)
100.18868
661666.713228375
normal
simd_float4x4([[-0.2641568, -0.92354155, 0.27801475, 0.0)], [0.52799404, 0.102752, 0.84300905, 0.0)], [-0.80712044, 0.36947674, 0.46048176, 0.0)], [1.5360947, -0.101047084, -1.1619887, 1.0)]])
1.5360947, -0.101047084, -1.1619887
float3(-0.37844583, -1.0523323, -1.4599934)
100.18868
661666.796548875
normal
simd_float4x4([[-0.2234152, -0.92491776, 0.30759174, 0.0)], [0.6062134, 0.11526244, 0.7869051, 0.0)], [-0.76327634, 0.36227286, 0.53494614, 0.0)], [1.583436, -0.10732424, -1.2068889, 1.0)]])
1.583436, -0.10732424, -1.2068889
float3(-0.37070525, -0.9594967, -1.4468163)
100.18868
661666.846541083
normal
simd_float4x4([[-0.20555566, -0.9337127, 0.29313338, 0.0)], [0.6483543, 0.09443729, 0.7554588, 0.0)], [-0.7330643, 0.34534326, 0.5859646, 0.0)], [1.6125692, -0.10692055, -1.2289623, 0.9999999)]])
1.6125692, -0.10692055, -1.2289623
float3(-0.35260454, -0.8964604, -1.4699974)
100.18868
661666.896533333
normal
simd_float4x4([[-0.19185281, -0.9475485, 0.25562504, 0.0)], [0.6848828, 0.057293702, 0.72639704, 0.0)], [-0.7029422, 0.3144346, 0.6379678, 0.0)], [1.642775, -0.10353645, -1.2477515, 0.99999994)]])
1.642775, -0.10353645, -1.2477515
float3(-0.31986097, -0.8338157, -1.5104047)
100.18868
661666.963189625
normal
simd_float4x4([[-0.18764244, -0.95351875, 0.23578015, 0.0)], [0.7263105, 0.026907187, 0.68683976, 0.0)], [-0.6612587, 0.30012995, 0.6875017, 0.0)], [1.6844978, -0.09413742, -1.2736673, 0.99999994)]])
1.6844978, -0.09413742, -1.2736673
float3(-0.30482888, -0.76594347, -1.542585)
100.18868
661667.013181958
normal
simd_float4x4([[-0.1724663, -0.95905757, 0.22464192, 0.0)], [0.74183756, 0.02357026, 0.67016524, 0.0)], [-0.64802194, 0.28222874, 0.70739985, 0.0)], [1.712469, -0.084590346, -1.2919927, 1.0)]])
1.712469, -0.084590346, -1.2919927
float3(-0.2861165, -0.74161845, -1.5462248)
100.18868
661667.079838333
normal
simd_float4x4([[-0.15203775, -0.9674059, 0.20250961, 0.0)], [0.75151056, 0.019930435, 0.65941954, 0.0)], [-0.64196247, 0.25244486, 0.72398573, 0.0)], [1.7466447, -0.07276149, -1.3148259, 0.9999999)]])
1.7466447, -0.07276149, -1.3148259
float3(-0.25520614, -0.7254216, -1.5501974)
100.18868
661667.129830708
normal
simd_float4x4([[-0.12930065, -0.9740696, 0.18566036, 0.0)], [0.76745313, 0.020261532, 0.64078474, 0.0)], [-0.62793064, 0.22533956, 0.7449329, 0.0)], [1.7713175, -0.06588748, -1.3324397, 1.0)]])
1.7713175, -0.06588748, -1.3324397
float3(-0.22729155, -0.70037866, -1.5499984)
100.18868
661667.196487041
normal
simd_float4x4([[-0.09743381, -0.9797894, 0.17469816, 0.0)], [0.77971405, 0.033939358, 0.62521505, 0.0)], [-0.6185083, 0.19713175, 0.7606488, 0.0)], [1.8046558, -0.061277773, -1.3573303, 1.0000001)]])
1.8046558, -0.061277773, -1.3573303
float3(-0.1984314, -0.6826975, -1.5361707)
100.18868
661667.246479166
normal
simd_float4x4([[-0.08267894, -0.9821768, 0.16879888, 0.0)], [0.7777585, 0.04230995, 0.6271374, 0.0)], [-0.6231017, 0.18313587, 0.7603982, 0.0)], [1.831781, -0.061702695, -1.3774734, 1.0)]])
1.831781, -0.061702695, -1.3774734
float3(-0.18417533, -0.6864835, -1.5277452)
100.18868
661667.329799625
normal
simd_float4x4([[-0.073769055, -0.98704046, 0.1425106, 0.0)], [0.78383076, 0.030964172, 0.6202018, 0.0)], [-0.6165771, 0.15745592, 0.7713885, 0.0)], [1.8838992, -0.068193704, -1.4153062, 1.0)]])
1.8838992, -0.068193704, -1.4153062
float3(-0.15811391, -0.67431897, -1.5394359)
100.18868
661667.396456125
normal
simd_float4x4([[-0.06599047, -0.99090093, 0.1173054, 0.0)], [0.78001165, 0.02208748, 0.6253748, 0.0)], [-0.62227553, 0.1327684, 0.7714568, 0.0)], [1.9298608, -0.074283235, -1.4501028, 0.99999994)]])
1.9298608, -0.074283235, -1.4501028
float3(-0.13316157, -0.6787669, -1.5485097)
100.18868
661667.446448458
normal
simd_float4x4([[-0.06599047, -0.99090093, 0.1173054, 0.0)], [0.78001165, 0.02208748, 0.6253748, 0.0)], [-0.62227553, 0.1327684, 0.7714568, 0.0)], [1.9298608, -0.074283235, -1.4501028, 0.99999994)]])
1.9298608, -0.074283235, -1.4501028
float3(-0.13316157, -0.6787669, -1.5485097)
100.18868
661667.513104916
normal
simd_float4x4([[-0.06599047, -0.99090093, 0.1173054, 0.0)], [0.78001165, 0.02208748, 0.6253748, 0.0)], [-0.62227553, 0.1327684, 0.7714568, 0.0)], [1.9298608, -0.074283235, -1.4501028, 0.99999994)]])
1.9298608, -0.074283235, -1.4501028
float3(-0.13316157, -0.6787669, -1.5485097)
100.18857
661667.57976125
normal
simd_float4x4([[-0.06599047, -0.99090093, 0.1173054, 0.0)], [0.78001165, 0.02208748, 0.6253748, 0.0)], [-0.62227553, 0.1327684, 0.7714568, 0.0)], [1.9298608, -0.074283235, -1.4501028, 0.99999994)]])
1.9298608, -0.074283235, -1.4501028
float3(-0.13316157, -0.6787669, -1.5485097)
100.18857
661667.6297535
normal
simd_float4x4([[-0.06599047, -0.99090093, 0.1173054, 0.0)], [0.78001165, 0.02208748, 0.6253748, 0.0)], [-0.62227553, 0.1327684, 0.7714568, 0.0)], [1.9298608, -0.074283235, -1.4501028, 0.99999994)]])
1.9298608, -0.074283235, -1.4501028
float3(-0.13316157, -0.6787669, -1.5485097)
100.18857
661667.696409916
limited((extension in ARKit):__C.ARCamera.TrackingState.Reason.insufficientFeatures)
simd_float4x4([[-0.032640547, -0.97609085, 0.21489836, 0.0)], [0.9897082, -0.0015927103, 0.14309083, 0.0)], [-0.13932736, 0.21735728, 0.96609706, 0.0)], [0.22899367, -0.044776384, -0.3790592, 0.99999994)]])
0.22899367, -0.044776384, -0.3790592
float3(-0.2191062, -0.1432292, -1.5724281)
100.18857
661667.74640225
limited((extension in ARKit):__C.ARCamera.TrackingState.Reason.insufficientFeatures)
simd_float4x4([[-0.035690702, -0.97297835, 0.22812122, 0.0)], [0.98325676, 0.0066278162, 0.18210427, 0.0)], [-0.17869546, 0.2308012, 0.95645106, 0.0)], [0.25810128, -0.04513963, -0.44377756, 1.0)]])
0.25810128, -0.04513963, -0.44377756
float3(-0.23290102, -0.18470235, -1.5639845)
100.18857
661667.796394541
limited((extension in ARKit):__C.ARCamera.TrackingState.Reason.insufficientFeatures)
simd_float4x4([[-0.030457508, -0.9817649, 0.18764293, 0.0)], [0.97024286, 0.016076285, 0.24159881, 0.0)], [-0.24020985, 0.18941775, 0.95206076, 0.0)], [0.24010198, -0.013116124, -0.42048585, 1.0)]])
0.24010198, -0.013116124, -0.42048585
float3(-0.19056913, -0.24714705, -1.5544229)
100.18857
661667.863050916
limited((extension in ARKit):__C.ARCamera.TrackingState.Reason.insufficientFeatures)
simd_float4x4([[-0.052937746, -0.98294723, 0.17610265, 0.0)], [0.96789956, -0.0071164686, 0.25123587, 0.0)], [-0.24569844, 0.18374959, 0.95177096, 0.0)], [0.27351213, -0.020614075, -0.49446273, 0.9999999)]])
0.27351213, -0.020614075, -0.49446273
float3(-0.18479964, -0.2526332, -1.5780362)
100.18857
661667.913043291
limited((extension in ARKit):__C.ARCamera.TrackingState.Reason.insufficientFeatures)
simd_float4x4([[-0.054480452, -0.98578465, 0.15893528, 0.0)], [0.9750696, -0.018233096, 0.22114865, 0.0)], [-0.21510707, 0.16702127, 0.96220195, 0.0)], [0.2725225, -0.013060082, -0.5211321, 1.0)]])
0.2725225, -0.013060082, -0.5211321
float3(-0.16780773, -0.21994063, -1.5892903)
100.18857
661667.979699416
limited((extension in ARKit):__C.ARCamera.TrackingState.Reason.insufficientFeatures)
simd_float4x4([[-0.04032789, -0.9867782, 0.15697916, 0.0)], [0.9777775, -0.0066257836, 0.20954071, 0.0)], [-0.20573008, 0.16194104, 0.9651166, 0.0)], [0.29952872, -0.022672873, -0.5953111, 1.0)]])
0.29952872, -0.022672873, -0.5953111
float3(-0.16265734, -0.21002257, -1.5775108)
100.18857
661668.029691916
limited((extension in ARKit):__C.ARCamera.TrackingState.Reason.insufficientFeatures)
simd_float4x4([[-0.024061635, -0.99057615, 0.13483323, 0.0)], [0.9854481, -0.0008008323, 0.16997445, 0.0)], [-0.16826466, 0.13696104, 0.97618055, 0.0)], [0.27383482, -0.021179188, -0.62426835, 1.0)]])
0.27383482, -0.021179188, -0.62426835
float3(-0.1373929, -0.1706931, -1.5716047)
100.18857
661668.096348291
limited((extension in ARKit):__C.ARCamera.TrackingState.Reason.insufficientFeatures)
simd_float4x4([[-0.026712105, -0.99143267, 0.12785822, 0.0)], [0.98766994, -0.006438642, 0.1564175, 0.0)], [-0.1542542, 0.13046, 0.97938025, 0.0)], [0.29712486, -0.024432931, -0.6930834, 1.0)]])
0.29712486, -0.024432931, -0.6930834
float3(-0.13083293, -0.15621853, -1.5772905)
100.18857
661668.179668791
limited((extension in ARKit):__C.ARCamera.TrackingState.Reason.insufficientFeatures)
simd_float4x4([[-0.0299606, -0.98946255, 0.1416552, 0.0)], [0.99852604, -0.023211509, 0.049059447, 0.0)], [-0.045254454, 0.14291628, 0.98869956, 0.0)], [0.28069806, -0.019522812, -0.74688387, 1.0)]])
0.28069806, -0.019522812, -0.74688387
float3(-0.14340732, -0.04573977, -1.5942507)
100.18857
661668.229661
limited((extension in ARKit):__C.ARCamera.TrackingState.Reason.insufficientFeatures)
simd_float4x4([[-0.030869652, -0.9906676, 0.13275911, 0.0)], [0.9989652, -0.026141217, 0.037213717, 0.0)], [-0.033395935, 0.13377056, 0.9904494, 0.0)], [0.2905086, -0.013046158, -0.78651184, 1.0000001)]])
0.2905086, -0.013046158, -0.78651184
float3(-0.13417277, -0.03370519, -1.5971776)
100.18857
661668.296317666
limited((extension in ARKit):__C.ARCamera.TrackingState.Reason.insufficientFeatures)
simd_float4x4([[-0.05190815, -0.99089175, 0.12425433, 0.0)], [0.99856997, -0.05309287, -0.0062400997, 0.0)], [0.012780283, 0.123752765, 0.99223065, 0.0)], [0.29268008, -0.019276258, -0.86627805, 1.0)]])
0.29268008, -0.019276258, -0.86627805
float3(-0.12407084, 0.012879643, -1.624326)
100.18857
661668.346309875
limited((extension in ARKit):__C.ARCamera.TrackingState.Reason.insufficientFeatures)
simd_float4x4([[-0.058328945, -0.99255925, 0.10688182, 0.0)], [0.9979435, -0.060823202, -0.020224452, 0.0)], [0.026574858, 0.10548237, 0.994066, 0.0)], [0.30130333, -0.020079318, -0.90499234, 1.0)]])
0.30130333, -0.020079318, -0.90499234
float3(-0.10567896, 0.026727129, -1.631999)
100.18857
661668.412966416
limited((extension in ARKit):__C.ARCamera.TrackingState.Reason.insufficientFeatures)
simd_float4x4([[-0.041152503, -0.99370897, 0.10415851, 0.0)], [0.9978332, -0.046230357, -0.04681497, 0.0)], [0.051335745, 0.10200629, 0.9934582, 0.0)], [0.29817772, -0.01146486, -0.93370235, 1.0)]])
0.29817772, -0.01146486, -0.93370235
float3(-0.10218402, 0.051627863, -1.6172858)
100.18857
661668.462958666
limited((extension in ARKit):__C.ARCamera.TrackingState.Reason.insufficientFeatures)
simd_float4x4([[-0.016300827, -0.99372727, 0.110635884, 0.0)], [0.99842435, -0.022119015, -0.051566646, 0.0)], [0.053690337, 0.10962101, 0.9925221, 0.0)], [0.30481303, -0.017634416, -0.97568727, 0.9999999)]])
0.30481303, -0.017634416, -0.97568727
float3(-0.10984176, 0.05404218, -1.5930513)
100.18857
661668.529614958
normal
simd_float4x4([[-0.0081470795, -0.99501437, 0.099398755, 0.0)], [0.9979437, -0.014410087, -0.06245463, 0.0)], [0.0635756, 0.098685555, 0.99308556, 0.0)], [0.2937035, -0.019227874, -1.0196193, 1.0)]])
0.2937035, -0.019227874, -1.0196193
float3(-0.09884644, 0.06393101, -1.5852776)
100.18857
661668.579607208
normal
simd_float4x4([[-0.012293797, -0.99705637, 0.07568017, 0.0)], [0.9977385, -0.017233485, -0.064967625, 0.0)], [0.06608062, 0.074710324, 0.9950133, 0.0)], [0.30101797, -0.024970394, -1.0651517, 1.0000001)]])
0.30101797, -0.024970394, -1.0651517
float3(-0.07478, 0.06631442, -1.588079)
100.18857
661668.62959975
normal
simd_float4x4([[-0.01029895, -0.99886805, 0.04643806, 0.0)], [0.997167, -0.013719732, -0.07395718, 0.0)], [0.0745106, 0.045544825, 0.9961795, 0.0)], [0.30138093, -0.022612058, -1.119678, 1.0)]])
0.30138093, -0.022612058, -1.119678
float3(-0.045560587, 0.074657336, -1.5845307)
100.18857
661668.696255916
normal
simd_float4x4([[-0.004326029, -0.99987906, 0.01493703, 0.0)], [0.99866474, -0.0050887163, -0.051405597, 0.0)], [0.051475402, 0.014694707, 0.99856603, 0.0)], [0.30972034, -0.021833519, -1.184986, 1.0)]])
0.30972034, -0.021833519, -1.184986
float3(-0.0146952355, 0.051503733, -1.5758857)
100.18857
661668.74624825
normal
