ARKit Data
263308.067954083
normal
simd_float4x4([[0.924642, -0.37072, 0.0872043, 0.0)], [0.308199, 0.862911, 0.400497, 0.0)], [-0.223722, -0.34344, 0.912139, 0.0)], [-0.660097, -0.111729, -0.764882, 1.0)]])
-0.660097, -0.111729, -0.764882
float3(0.350577, -0.240524, -0.405774)
263308.419270458
notAvailable
simd_float4x4([[1.0, 0.0, 0.0, 0.0)], [0.0, 1.0, 0.0, 0.0)], [0.0, 0.0, 1.0, 0.0)], [0.0, 0.0, 0.0, 1.0)]])
0.0, 0.0, 0.0
float3(-0.0, 0.0, 0.0)
263308.535935916
notAvailable
simd_float4x4([[1.0, 0.0, 0.0, 0.0)], [0.0, 1.0, 0.0, 0.0)], [0.0, 0.0, 1.0, 0.0)], [0.0, 0.0, 0.0, 1.0)]])
0.0, 0.0, 0.0
float3(-0.0, 0.0, 0.0)
263308.635992208
limited(__ObjC.ARCamera.TrackingState.Reason.initializing)
simd_float4x4([[0.910632, -0.392741, -0.128468, 0.0)], [0.413218, 0.866017, 0.28154, 0.0)], [0.000683434, -0.309465, 0.950911, 0.0)], [0.0, 0.0, 0.0, 1.0)]])
0.0, 0.0, 0.0
float3(0.31463, 0.000718716, -0.425762)
263308.736048833
limited(__ObjC.ARCamera.TrackingState.Reason.initializing)
simd_float4x4([[0.911029, -0.391729, -0.128743, 0.0)], [0.41234, 0.866479, 0.281407, 0.0)], [0.00131806, -0.309456, 0.950913, 0.0)], [0.0, 0.0, 0.0, 1.0)]])
0.0, 0.0, 0.0
float3(0.314621, 0.0013861, -0.424593)
263308.836105208
limited(__ObjC.ARCamera.TrackingState.Reason.initializing)
simd_float4x4([[0.911367, -0.391122, -0.128189, 0.0)], [0.411591, 0.867059, 0.280715, 0.0)], [0.00135362, -0.308597, 0.951192, 0.0)], [0.0, 0.0, 0.0, 1.0)]])
0.0, 0.0, 0.0
float3(0.313717, 0.00142307, -0.423761)
263308.936161666
limited(__ObjC.ARCamera.TrackingState.Reason.initializing)
simd_float4x4([[0.911337, -0.391131, -0.128381, 0.0)], [0.41166, 0.866861, 0.281224, 0.0)], [0.00129283, -0.309138, 0.951015, 0.0)], [0.0, 0.0, 0.0, 1.0)]])
0.0, 0.0, 0.0
float3(0.314287, 0.00135942, -0.423854)
263309.036218208
limited(__ObjC.ARCamera.TrackingState.Reason.initializing)
simd_float4x4([[0.911387, -0.391013, -0.12838, 0.0)], [0.411548, 0.866811, 0.28154, 0.0)], [0.00119552, -0.309426, 0.950921, 0.0)], [0.0, 0.0, 0.0, 1.0)]])
0.0, 0.0, 0.0
float3(0.31459, 0.00125722, -0.423763)
263309.136274541
limited(__ObjC.ARCamera.TrackingState.Reason.initializing)
simd_float4x4([[0.911528, -0.390582, -0.128692, 0.0)], [0.411236, 0.866815, 0.281984, 0.0)], [0.00141472, -0.309959, 0.950748, 0.0)], [0.0, 0.0, 0.0, 1.0)]])
0.0, 0.0, 0.0
float3(0.31515, 0.001488, -0.423348)
263309.236331041
limited(__ObjC.ARCamera.TrackingState.Reason.initializing)
simd_float4x4([[0.911604, -0.390478, -0.128467, 0.0)], [0.411067, 0.866814, 0.282233, 0.0)], [0.00115157, -0.310093, 0.950704, 0.0)], [0.0, 0.0, 0.0, 1.0)]])
0.0, 0.0, 0.0
float3(0.315291, 0.00121128, -0.423249)
263309.336387458
limited(__ObjC.ARCamera.TrackingState.Reason.initializing)
simd_float4x4([[0.911569, -0.390392, -0.128981, 0.0)], [0.411145, 0.8666, 0.282776, 0.0)], [0.00138105, -0.310799, 0.950473, 0.0)], [0.0, 0.0, 0.0, 1.0)]])
0.0, 0.0, 0.0
float3(0.316034, 0.00145302, -0.423259)
263309.436444
limited(__ObjC.ARCamera.TrackingState.Reason.initializing)
simd_float4x4([[0.911424, -0.390736, -0.128962, 0.0)], [0.411467, 0.866251, 0.283376, 0.0)], [0.000987972, -0.311339, 0.950297, 0.0)], [0.0, 0.0, 0.0, 1.0)]])
0.0, 0.0, 0.0
float3(0.316602, 0.00103965, -0.423739)
263309.536500291
limited(__ObjC.ARCamera.TrackingState.Reason.initializing)
simd_float4x4([[0.911392, -0.390816, -0.128944, 0.0)], [0.411537, 0.86624, 0.283307, 0.0)], [0.00097538, -0.311269, 0.95032, 0.0)], [0.0, 0.0, 0.0, 1.0)]])
0.0, 0.0, 0.0
float3(0.316528, 0.00102637, -0.423821)
263309.636556708
limited(__ObjC.ARCamera.TrackingState.Reason.initializing)
simd_float4x4([[0.91135, -0.390887, -0.129028, 0.0)], [0.411632, 0.865986, 0.283947, 0.0)], [0.000745258, -0.311887, 0.950118, 0.0)], [0.0, 0.0, 0.0, 1.0)]])
0.0, 0.0, 0.0
float3(0.317179, 0.000784385, -0.423999)
263309.736613166
limited(__ObjC.ARCamera.TrackingState.Reason.initializing)
simd_float4x4([[0.911215, -0.391044, -0.129506, 0.0)], [0.41193, 0.865838, 0.283966, 0.0)], [0.00108829, -0.312102, 0.950047, 0.0)], [0.0, 0.0, 0.0, 1.0)]])
0.0, 0.0, 0.0
float3(0.317404, 0.00114551, -0.424214)
263309.836669708
limited(__ObjC.ARCamera.TrackingState.Reason.initializing)
simd_float4x4([[0.911092, -0.391117, -0.130147, 0.0)], [0.4122, 0.86555, 0.284451, 0.0)], [0.00139519, -0.312808, 0.949815, 0.0)], [0.0, 0.0, 0.0, 1.0)]])
0.0, 0.0, 0.0
float3(0.318148, 0.0014689, -0.424409)
263309.936726166
limited(__ObjC.ARCamera.TrackingState.Reason.initializing)
simd_float4x4([[0.910872, -0.39147, -0.130624, 0.0)], [0.412686, 0.865115, 0.285069, 0.0)], [0.00140865, -0.313568, 0.949564, 0.0)], [0.0, 0.0, 0.0, 1.0)]])
0.0, 0.0, 0.0
float3(0.318948, 0.00148347, -0.424936)
263310.036782625
limited(__ObjC.ARCamera.TrackingState.Reason.initializing)
simd_float4x4([[0.910684, -0.391692, -0.13127, 0.0)], [0.413101, 0.864711, 0.285696, 0.0)], [0.00160546, -0.314407, 0.949286, 0.0)], [0.0, 0.0, 0.0, 1.0)]])
0.0, 0.0, 0.0
float3(0.319832, 0.00169123, -0.425325)
263310.136839041
limited(__ObjC.ARCamera.TrackingState.Reason.initializing)
simd_float4x4([[0.910536, -0.392104, -0.131063, 0.0)], [0.413427, 0.864428, 0.28608, 0.0)], [0.00112169, -0.314671, 0.949199, 0.0)], [0.0, 0.0, 0.0, 1.0)]])
0.0, 0.0, 0.0
float3(0.32011, 0.00118172, -0.425843)
263310.236895416
limited(__ObjC.ARCamera.TrackingState.Reason.initializing)
simd_float4x4([[0.91057, -0.392142, -0.130713, 0.0)], [0.413353, 0.864578, 0.28573, 0.0)], [0.000964873, -0.314207, 0.949353, 0.0)], [0.0, 0.0, 0.0, 1.0)]])
0.0, 0.0, 0.0
float3(0.319622, 0.00101635, -0.425814)
263310.336951958
limited(__ObjC.ARCamera.TrackingState.Reason.initializing)
simd_float4x4([[0.910558, -0.392297, -0.130336, 0.0)], [0.413382, 0.864461, 0.286043, 0.0)], [0.000456722, -0.314338, 0.94931, 0.0)], [0.0, 0.0, 0.0, 1.0)]])
0.0, 0.0, 0.0
float3(0.319759, 0.00048111, -0.426014)
263310.437008333
limited(__ObjC.ARCamera.TrackingState.Reason.initializing)
simd_float4x4([[0.91029, -0.392749, -0.130843, 0.0)], [0.41397, 0.864432, 0.28528, 0.0)], [0.0010613, -0.313853, 0.94947, 0.0)], [0.0, 0.0, 0.0, 1.0)]])
0.0, 0.0, 0.0
float3(0.319248, 0.00111778, -0.426461)
263310.537064791
limited(__ObjC.ARCamera.TrackingState.Reason.initializing)
simd_float4x4([[0.910021, -0.393113, -0.131622, 0.0)], [0.414559, 0.864222, 0.285063, 0.0)], [0.00168842, -0.313978, 0.949428, 0.0)], [0.0, 0.0, 0.0, 1.0)]])
0.0, 0.0, 0.0
float3(0.31938, 0.00177835, -0.426901)
263310.637121291
limited(__ObjC.ARCamera.TrackingState.Reason.initializing)
simd_float4x4([[0.909865, -0.393358, -0.13197, 0.0)], [0.414901, 0.864078, 0.285001, 0.0)], [0.00192533, -0.314067, 0.949399, 0.0)], [0.0, 0.0, 0.0, 1.0)]])
0.0, 0.0, 0.0
float3(0.319473, 0.00202794, -0.427198)
263310.737177833
limited(__ObjC.ARCamera.TrackingState.Reason.initializing)
simd_float4x4([[0.909797, -0.393475, -0.132085, 0.0)], [0.415049, 0.863938, 0.285209, 0.0)], [0.0018903, -0.314304, 0.94932, 0.0)], [0.0, 0.0, 0.0, 1.0)]])
0.0, 0.0, 0.0
float3(0.319723, 0.00199121, -0.427372)
263310.837234166
limited(__ObjC.ARCamera.TrackingState.Reason.initializing)
simd_float4x4([[0.909741, -0.39348, -0.132453, 0.0)], [0.415169, 0.863943, 0.285022, 0.0)], [0.00228096, -0.314286, 0.949325, 0.0)], [0.0, 0.0, 0.0, 1.0)]])
0.0, 0.0, 0.0
float3(0.319705, 0.00240271, -0.427375)
263310.937290708
limited(__ObjC.ARCamera.TrackingState.Reason.initializing)
simd_float4x4([[0.90982, -0.393461, -0.131972, 0.0)], [0.414999, 0.864004, 0.285083, 0.0)], [0.00185526, -0.314143, 0.949374, 0.0)], [0.0, 0.0, 0.0, 1.0)]])
0.0, 0.0, 0.0
float3(0.319554, 0.00195419, -0.427329)
263311.037347125
limited(__ObjC.ARCamera.TrackingState.Reason.initializing)
simd_float4x4([[0.909805, -0.393583, -0.131707, 0.0)], [0.415032, 0.863971, 0.285134, 0.0)], [0.00156685, -0.314079, 0.949395, 0.0)], [0.0, 0.0, 0.0, 1.0)]])
0.0, 0.0, 0.0
float3(0.319486, 0.00165036, -0.427461)
263311.137403625
limited(__ObjC.ARCamera.TrackingState.Reason.initializing)
simd_float4x4([[0.909796, -0.393783, -0.131169, 0.0)], [0.415053, 0.864074, 0.284791, 0.0)], [0.0011938, -0.313543, 0.949572, 0.0)], [0.0, 0.0, 0.0, 1.0)]])
0.0, 0.0, 0.0
float3(0.318922, 0.0012572, -0.427607)
263311.237460166
limited(__ObjC.ARCamera.TrackingState.Reason.initializing)
simd_float4x4([[0.909652, -0.394125, -0.131142, 0.0)], [0.415369, 0.864004, 0.28454, 0.0)], [0.00116342, -0.313305, 0.94965, 0.0)], [0.0, 0.0, 0.0, 1.0)]])
0.0, 0.0, 0.0
float3(0.318671, 0.0012251, -0.427965)
263311.337516416
limited(__ObjC.ARCamera.TrackingState.Reason.initializing)
simd_float4x4([[0.909504, -0.394262, -0.131758, 0.0)], [0.415694, 0.863675, 0.285065, 0.0)], [0.00140557, -0.314038, 0.949408, 0.0)], [0.0, 0.0, 0.0, 1.0)]])
0.0, 0.0, 0.0
float3(0.319443, 0.00148047, -0.428241)
263311.437573041
limited(__ObjC.ARCamera.TrackingState.Reason.initializing)
simd_float4x4([[0.909273, -0.39507, -0.130929, 0.0)], [0.416201, 0.863178, 0.285831, 0.0)], [9.20655e-05, -0.314391, 0.949292, 0.0)], [0.0, 0.0, 0.0, 1.0)]])
0.0, 0.0, 0.0
float3(0.319815, 9.69833e-05, -0.429233)
263311.537629416
limited(__ObjC.ARCamera.TrackingState.Reason.initializing)
simd_float4x4([[0.909333, -0.395132, -0.130321, 0.0)], [0.416069, 0.863314, 0.285611, 0.0)], [-0.000346093, -0.313938, 0.949442, 0.0)], [0.0, 0.0, 0.0, 1.0)]])
0.0, 0.0, 0.0
float3(0.319338, -0.000364523, -0.429233)
263311.637685916
limited(__ObjC.ARCamera.TrackingState.Reason.initializing)
simd_float4x4([[0.909481, -0.394988, -0.129723, 0.0)], [0.415744, 0.863226, 0.286352, 0.0)], [-0.00112521, -0.314363, 0.949301, 0.0)], [0.0, 0.0, 0.0, 1.0)]])
0.0, 0.0, 0.0
float3(0.319785, -0.00118531, -0.429133)
263311.737742375
limited(__ObjC.ARCamera.TrackingState.Reason.initializing)
simd_float4x4([[0.909508, -0.395146, -0.129056, 0.0)], [0.415683, 0.863121, 0.286754, 0.0)], [-0.00191893, -0.314452, 0.94927, 0.0)], [0.0, 0.0, 0.0, 1.0)]])
0.0, 0.0, 0.0
float3(0.319879, -0.00202147, -0.42933)
263311.837798791
limited(__ObjC.ARCamera.TrackingState.Reason.initializing)
simd_float4x4([[0.909566, -0.395148, -0.128634, 0.0)], [0.415552, 0.863157, 0.286838, 0.0)], [-0.00231167, -0.314352, 0.949303, 0.0)], [0.0, 0.0, 0.0, 1.0)]])
0.0, 0.0, 0.0
float3(0.319774, -0.00243512, -0.429316)
263311.937855166
limited(__ObjC.ARCamera.TrackingState.Reason.initializing)
simd_float4x4([[0.909498, -0.39532, -0.128592, 0.0)], [0.415701, 0.862983, 0.287146, 0.0)], [-0.00254141, -0.314615, 0.949215, 0.0)], [0.0, 0.0, 0.0, 1.0)]])
0.0, 0.0, 0.0
float3(0.320051, -0.00267738, -0.429557)
263312.037911708
limited(__ObjC.ARCamera.TrackingState.Reason.initializing)
simd_float4x4([[0.90926, -0.396078, -0.12794, 0.0)], [0.416213, 0.862503, 0.287843, 0.0)], [-0.00365935, -0.314975, 0.949092, 0.0)], [0.0, 0.0, 0.0, 1.0)]])
0.0, 0.0, 0.0
float3(0.32043, -0.00385561, -0.430494)
263312.137968208
limited(__ObjC.ARCamera.TrackingState.Reason.initializing)
simd_float4x4([[0.908971, -0.396671, -0.128153, 0.0)], [0.416843, 0.862223, 0.287773, 0.0)], [-0.00365465, -0.314997, 0.949085, 0.0)], [0.0, 0.0, 0.0, 1.0)]])
0.0, 0.0, 0.0
float3(0.320453, -0.00385068, -0.431185)
263312.238024666
limited(__ObjC.ARCamera.TrackingState.Reason.initializing)
simd_float4x4([[0.908723, -0.396801, -0.129506, 0.0)], [0.417388, 0.861523, 0.289077, 0.0)], [-0.00313323, -0.316745, 0.948505, 0.0)], [0.0, 0.0, 0.0, 1.0)]])
0.0, 0.0, 0.0
float3(0.322296, -0.00330333, -0.431618)
263312.338081125
normal
simd_float4x4([[0.911579, -0.393053, -0.120556, 0.0)], [0.411118, 0.869664, 0.273253, 0.0)], [-0.00255916, -0.298654, 0.954358, 0.0)], [4.66034e-05, 0.000263751, 0.000163535, 1.0)]])
4.66034e-05, 0.000263751, 0.000163535
float3(0.303282, -0.00268155, -0.424482)
263312.438137458
normal
simd_float4x4([[0.911267, -0.393496, -0.121462, 0.0)], [0.41181, 0.869147, 0.273854, 0.0)], [-0.0021916, -0.299573, 0.954071, 0.0)], [0.000235178, 0.000392687, -2.14633e-05, 1.0)]])
0.000235178, 0.000392687, -2.14633e-05
float3(0.304245, -0.0022971, -0.425128)
263312.538194083
normal
simd_float4x4([[0.911143, -0.39366, -0.121859, 0.0)], [0.412085, 0.868984, 0.273955, 0.0)], [-0.00195135, -0.299829, 0.953991, 0.0)], [0.000472032, 0.000496551, -0.000566167, 1.0)]])
0.000472032, 0.000496551, -0.000566167
float3(0.304513, -0.00204545, -0.425356)
263312.638250458
normal
simd_float4x4([[0.911134, -0.393682, -0.121861, 0.0)], [0.412105, 0.868829, 0.27442, 0.0)], [-0.00215736, -0.300253, 0.953857, 0.0)], [0.000758972, 0.000402959, -0.000784758, 1.0)]])
0.000758972, 0.000402959, -0.000784758
float3(0.304958, -0.00226172, -0.425444)
263312.738307
normal
simd_float4x4([[0.911153, -0.393759, -0.121466, 0.0)], [0.41206, 0.868806, 0.274559, 0.0)], [-0.00257985, -0.300217, 0.953868, 0.0)], [0.00101679, 0.000185854, -0.00076023, 1.0)]])
0.00101679, 0.000185854, -0.00076023
float3(0.30492, -0.00270461, -0.425527)
263312.838363333
normal
simd_float4x4([[0.911089, -0.393765, -0.121924, 0.0)], [0.412202, 0.868599, 0.275001, 0.0)], [-0.00238246, -0.300808, 0.953682, 0.0)], [0.00134322, 0.000149109, -0.0001719, 1.0)]])
0.00134322, 0.000149109, -0.0001719
float3(0.30554, -0.00249817, -0.425622)
263312.938419791
normal
simd_float4x4([[0.911296, -0.392948, -0.123006, 0.0)], [0.411748, 0.868513, 0.275951, 0.0)], [-0.00160219, -0.302121, 0.953268, 0.0)], [0.000185411, 0.000217377, 0.000603746, 1.0)]])
0.000185411, 0.000217377, 0.000603746
float3(0.306917, -0.00168074, -0.424879)
263313.038476375
normal
simd_float4x4([[0.911213, -0.392792, -0.12412, 0.0)], [0.411935, 0.868369, 0.276123, 0.0)], [-0.000677144, -0.302736, 0.953074, 0.0)], [-0.000128008, -0.00038109, 0.000411433, 1.0)]])
-0.000128008, -0.00038109, 0.000411433
float3(0.307562, -0.000710484, -0.424792)
263313.138532833
normal
simd_float4x4([[0.91122, -0.392531, -0.124891, 0.0)], [0.41192, 0.868166, 0.276784, 0.0)], [-0.000219688, -0.303656, 0.952782, 0.0)], [-0.000235867, -0.000813303, 0.000738709, 1.0)]])
-0.000235867, -0.000813303, 0.000738709
float3(0.308527, -0.000230576, -0.424631)
263313.238589333
normal
simd_float4x4([[0.911409, -0.39236, -0.124044, 0.0)], [0.4115, 0.868202, 0.277296, 0.0)], [-0.0011042, -0.303775, 0.952743, 0.0)], [-0.000261195, -0.00127182, 0.000624417, 1.0)]])
-0.000261195, -0.00127182, 0.000624417
float3(0.308652, -0.00115897, -0.424451)
263313.33864575
normal
simd_float4x4([[0.911426, -0.392478, -0.123548, 0.0)], [0.411462, 0.868543, 0.276283, 0.0)], [-0.00112828, -0.302647, 0.953102, 0.0)], [1.32471e-05, -0.00147188, 0.000477178, 1.0)]])
1.32471e-05, -0.00147188, 0.000477178
float3(0.307468, -0.0011838, -0.424417)
263313.438702375
normal
simd_float4x4([[0.911498, -0.392522, -0.122871, 0.0)], [0.4113, 0.868594, 0.276363, 0.0)], [-0.00175302, -0.302441, 0.953166, 0.0)], [0.000447206, -0.00125116, 0.000142355, 1.0)]])
0.000447206, -0.00125116, 0.000142355
float3(0.307253, -0.00183916, -0.424437)
263313.538758625
normal
simd_float4x4([[0.911688, -0.392455, -0.12167, 0.0)], [0.410873, 0.868738, 0.276545, 0.0)], [-0.00283198, -0.302114, 0.953268, 0.0)], [0.000467334, -0.00117031, -4.9967e-06, 1.0)]])
0.000467334, -0.00117031, -4.9967e-06
float3(0.306909, -0.0029708, -0.424311)
263313.638815166
normal
simd_float4x4([[0.911926, -0.392449, -0.119891, 0.0)], [0.410332, 0.869031, 0.27643, 0.0)], [-0.00429543, -0.301279, 0.953526, 0.0)], [0.000437908, -0.000869498, -0.000494666, 1.0)]])
0.000437908, -0.000869498, -0.000494666
float3(0.306033, -0.00450476, -0.424179)
263313.738871625
normal
simd_float4x4([[0.912074, -0.392067, -0.120019, 0.0)], [0.409997, 0.868614, 0.278229, 0.0)], [-0.00483363, -0.302973, 0.952987, 0.0)], [0.000333175, -0.00114537, -0.000945967, 1.0)]])
0.000333175, -0.00114537, -0.000945967
float3(0.30781, -0.00507204, -0.423993)
263313.838928166
normal
simd_float4x4([[0.913492, -0.389228, -0.118467, 0.0)], [0.406737, 0.866581, 0.289139, 0.0)], [-0.00987944, -0.312311, 0.949929, 0.0)], [-0.000178032, -0.00076326, 8.2178e-05, 1.0)]])
-0.000178032, -0.00076326, 8.2178e-05
float3(0.317625, -0.0103998, -0.422149)
263313.938984541
normal
simd_float4x4([[0.914876, -0.38721, -0.114328, 0.0)], [0.40354, 0.868174, 0.288842, 0.0)], [-0.0125853, -0.31039, 0.950526, 0.0)], [0.000100896, 0.000436123, 0.000219068, 1.0)]])
0.000100896, 0.000436123, 0.000219068
float3(0.315603, -0.0132395, -0.419527)
263314.039041041
normal
simd_float4x4([[0.915067, -0.386534, -0.115081, 0.0)], [0.403131, 0.868345, 0.288899, 0.0)], [-0.0117392, -0.310754, 0.950418, 0.0)], [0.00018537, -0.000744384, -0.000809541, 1.0)]])
0.00018537, -0.000744384, -0.000809541
float3(0.315986, -0.012351, -0.418804)
263314.139097375
normal
simd_float4x4([[0.913866, -0.388261, -0.118756, 0.0)], [0.405941, 0.868072, 0.285768, 0.0)], [-0.00786397, -0.309361, 0.950912, 0.0)], [0.000123296, -0.00095261, -0.00130693, 1.0)]])
0.000123296, -0.00095261, -0.00130693
float3(0.314521, -0.00826974, -0.42058)
263314.239153916
normal
simd_float4x4([[0.912362, -0.392018, -0.117973, 0.0)], [0.409309, 0.867982, 0.2812, 0.0)], [-0.00783695, -0.304844, 0.95237, 0.0)], [0.000749834, -0.00141596, -0.00141289, 1.0)]])
0.000749834, -0.00141596, -0.00141289
float3(0.309774, -0.0082287, -0.424219)
263314.3392105
normal
simd_float4x4([[0.911732, -0.393544, -0.117759, 0.0)], [0.410717, 0.868111, 0.278738, 0.0)], [-0.00746797, -0.3025, 0.95312, 0.0)], [0.00120324, -0.00125987, -0.00268948, 1.0)]])
0.00120324, -0.00125987, -0.00268948
float3(0.307315, -0.00783513, -0.425623)
263314.439266916
normal
simd_float4x4([[0.912089, -0.393864, -0.113862, 0.0)], [0.409846, 0.868468, 0.27891, 0.0)], [-0.010967, -0.301056, 0.953543, 0.0)], [0.00137613, -0.00128835, -0.0029678, 1.0)]])
0.00137613, -0.00128835, -0.0029678
float3(0.3058, -0.0115008, -0.425775)
263314.539323458
normal
simd_float4x4([[0.912201, -0.394319, -0.111366, 0.0)], [0.409516, 0.868304, 0.279902, 0.0)], [-0.0136712, -0.300933, 0.953547, 0.0)], [0.00176091, -0.00162073, -0.00322742, 1.0)]])
0.00176091, -0.00162073, -0.00322742
float3(0.305671, -0.0143362, -0.42628)
263314.63937975
normal
simd_float4x4([[0.912332, -0.394674, -0.109009, 0.0)], [0.409127, 0.868102, 0.281095, 0.0)], [-0.0163101, -0.301051, 0.953469, 0.0)], [0.00223815, -0.0014093, -0.00446334, 1.0)]])
0.00223815, -0.0014093, -0.00446334
float3(0.305794, -0.0171044, -0.426706)
263314.739436333
normal
simd_float4x4([[0.912409, -0.394922, -0.107452, 0.0)], [0.408854, 0.867532, 0.283243, 0.0)], [-0.0186409, -0.302365, 0.95301, 0.0)], [0.00233022, -0.00139216, -0.00526389, 1.0)]])
0.00233022, -0.00139216, -0.00526389
float3(0.307173, -0.0195576, -0.42719)
263314.83949275
normal
simd_float4x4([[0.912541, -0.395306, -0.104888, 0.0)], [0.40841, 0.867196, 0.284908, 0.0)], [-0.0216671, -0.302828, 0.952799, 0.0)], [0.00260248, -0.00139483, -0.00436959, 1.0)]])
0.00260248, -0.00139483, -0.00436959
float3(0.307658, -0.0227365, -0.427703)
263314.939549166
normal
simd_float4x4([[0.91244, -0.396579, -0.100887, 0.0)], [0.408487, 0.868061, 0.282148, 0.0)], [-0.024318, -0.298655, 0.954051, 0.0)], [0.00203428, -0.00192034, -0.00325663, 1.0)]])
0.00203428, -0.00192034, -0.00325663
float3(0.303283, -0.0254837, -0.428541)
263315.039605708
normal
simd_float4x4([[0.912434, -0.396894, -0.0996974, 0.0)], [0.408488, 0.868738, 0.280057, 0.0)], [-0.0245423, -0.296259, 0.954792, 0.0)], [0.00154638, -0.00148269, -0.00307635, 1.0)]])
0.00154638, -0.00148269, -0.00307635
float3(0.300773, -0.0256987, -0.428547)
263315.139662208
normal
simd_float4x4([[0.912575, -0.396653, -0.0993662, 0.0)], [0.40818, 0.869133, 0.279279, 0.0)], [-0.0244145, -0.295423, 0.955055, 0.0)], [0.000862166, -0.00141944, -0.00258547, 1.0)]])
0.000862166, -0.00141944, -0.00258547
float3(0.299898, -0.0255579, -0.428145)
263315.239718541
normal
simd_float4x4([[0.912753, -0.396291, -0.0991736, 0.0)], [0.407808, 0.869679, 0.278122, 0.0)], [-0.023968, -0.2943, 0.955412, 0.0)], [0.000617608, -0.00111163, -0.00247023, 1.0)]])
0.000617608, -0.00111163, -0.00247023
float3(0.298723, -0.0250813, -0.427563)
263315.339775166
normal
simd_float4x4([[0.913112, -0.395524, -0.0989315, 0.0)], [0.407002, 0.87, 0.278298, 0.0)], [-0.0240033, -0.294383, 0.955386, 0.0)], [0.000921406, -0.00033484, -0.00268313, 1.0)]])
0.000921406, -0.00033484, -0.00268313
float3(0.29881, -0.025119, -0.426694)
263315.439831666
normal
simd_float4x4([[0.913421, -0.394933, -0.0984434, 0.0)], [0.406269, 0.870019, 0.279308, 0.0)], [-0.0246602, -0.29512, 0.955142, 0.0)], [0.00147226, 0.000259932, -0.00229308, 1.0)]])
0.00147226, 0.000259932, -0.00229308
float3(0.299581, -0.0258126, -0.426122)
263315.539888
normal
simd_float4x4([[0.913776, -0.393938, -0.0991268, 0.0)], [0.405489, 0.869941, 0.280678, 0.0)], [-0.0243355, -0.296672, 0.954669, 0.0)], [0.00173963, 0.000340617, -0.00288111, 1.0)]])
0.00173963, 0.000340617, -0.00288111
float3(0.301206, -0.0254855, -0.425208)
263315.639944583
normal
simd_float4x4([[0.914111, -0.392925, -0.100051, 0.0)], [0.40478, 0.870031, 0.281424, 0.0)], [-0.0235316, -0.297751, 0.954353, 0.0)], [0.00163796, 0.000225179, -0.0032423, 1.0)]])
0.00163796, 0.000225179, -0.0032423
float3(0.302336, -0.0246521, -0.424202)
263315.740001
normal
simd_float4x4([[0.914143, -0.392238, -0.102425, 0.0)], [0.40483, 0.869973, 0.281532, 0.0)], [-0.0213208, -0.298826, 0.954069, 0.0)], [0.00157672, -0.000516642, -0.00356611, 1.0)]])
0.00157672, -0.000516642, -0.00356611
float3(0.303462, -0.0223435, -0.423571)
263315.840057458
normal
simd_float4x4([[0.914215, -0.391599, -0.104214, 0.0)], [0.404763, 0.870121, 0.28117, 0.0)], [-0.0194271, -0.299232, 0.953983, 0.0)], [0.00144616, -0.000668593, -0.00303786, 1.0)]])
0.00144616, -0.000668593, -0.00303786
float3(0.303888, -0.0203614, -0.422897)
263315.940113916
normal
simd_float4x4([[0.914138, -0.391237, -0.106231, 0.0)], [0.405027, 0.870103, 0.280843, 0.0)], [-0.0174444, -0.299755, 0.953857, 0.0)], [0.000909701, -0.000966828, -0.00250711, 1.0)]])
0.000909701, -0.000966828, -0.00250711
float3(0.304436, -0.0182862, -0.422558)
263316.040170458
normal
simd_float4x4([[0.913885, -0.391333, -0.10804, 0.0)], [0.405678, 0.870156, 0.279739, 0.0)], [-0.0154595, -0.299479, 0.953978, 0.0)], [0.000927217, -0.001208, -0.00244375, 1.0)]])
0.000927217, -0.001208, -0.00244375
float3(0.304146, -0.0162039, -0.422627)
263316.140226875
normal
simd_float4x4([[0.913805, -0.391207, -0.109166, 0.0)], [0.405916, 0.870499, 0.278323, 0.0)], [-0.013853, -0.298645, 0.954264, 0.0)], [0.000947587, -0.00127655, -0.00257227, 1.0)]])
0.000947587, -0.00127655, -0.00257227
float3(0.303272, -0.0145159, -0.422359)
263316.240283458
normal
simd_float4x4([[0.913766, -0.391233, -0.109397, 0.0)], [0.406033, 0.870965, 0.276689, 0.0)], [-0.0129688, -0.297248, 0.954712, 0.0)], [0.00116596, -0.00156345, -0.00303804, 1.0)]])
0.00116596, -0.00156345, -0.00303804
float3(0.30181, -0.0135831, -0.422184)
263316.340339833
normal
simd_float4x4([[0.913869, -0.390968, -0.109484, 0.0)], [0.405815, 0.87128, 0.276016, 0.0)], [-0.0125219, -0.296673, 0.954897, 0.0)], [0.00146943, -0.00151592, -0.00379079, 1.0)]])
0.00146943, -0.00151592, -0.00379079
float3(0.301207, -0.0131126, -0.421796)
263316.440396333
normal
simd_float4x4([[0.913856, -0.390871, -0.109945, 0.0)], [0.405868, 0.871483, 0.275297, 0.0)], [-0.0117902, -0.296205, 0.955052, 0.0)], [0.00172423, -0.0016376, -0.00394595, 1.0)]])
0.00172423, -0.0016376, -0.00394595
float3(0.300717, -0.0123444, -0.421616)
263316.540452833
normal
simd_float4x4([[0.913962, -0.390442, -0.110586, 0.0)], [0.405647, 0.871557, 0.275389, 0.0)], [-0.0111412, -0.296555, 0.954951, 0.0)], [0.00194108, -0.00168421, -0.00416582, 1.0)]])
0.00194108, -0.00168421, -0.00416582
float3(0.301083, -0.0116662, -0.421174)
263316.640509208
normal
simd_float4x4([[0.914073, -0.389774, -0.112007, 0.0)], [0.405436, 0.871776, 0.275007, 0.0)], [-0.00954531, -0.296788, 0.954896, 0.0)], [0.00200085, -0.00144163, -0.00453732, 1.0)]])
0.00200085, -0.00144163, -0.00453732
float3(0.301328, -0.00999585, -0.420443)
263316.740565833
normal
simd_float4x4([[0.914188, -0.389259, -0.112862, 0.0)], [0.405197, 0.871846, 0.275135, 0.0)], [-0.00870023, -0.297256, 0.954758, 0.0)], [0.00207662, -0.00146485, -0.003788, 1.0)]])
0.00207662, -0.00146485, -0.003788
float3(0.301818, -0.00911225, -0.41992)
263316.840622083
normal
simd_float4x4([[0.914282, -0.388691, -0.114052, 0.0)], [0.405011, 0.872038, 0.274799, 0.0)], [-0.00735465, -0.297436, 0.954713, 0.0)], [0.00241888, -0.00188271, -0.0029249, 1.0)]])
0.00241888, -0.00188271, -0.0029249
float3(0.302006, -0.00770336, -0.419294)
263316.940678625
normal
simd_float4x4([[0.914349, -0.388642, -0.113677, 0.0)], [0.404861, 0.872382, 0.27393, 0.0)], [-0.00729108, -0.296492, 0.955008, 0.0)], [0.0025522, -0.00187589, -0.00260435, 1.0)]])
0.0025522, -0.00187589, -0.00260435
float3(0.301017, -0.00763443, -0.419102)
263317.040735041
normal
simd_float4x4([[0.914323, -0.388752, -0.113511, 0.0)], [0.404924, 0.87265, 0.27298, 0.0)], [-0.00706603, -0.295556, 0.955299, 0.0)], [0.00263117, -0.00183424, -0.00227489, 1.0)]])
0.00263117, -0.00183424, -0.00227489
float3(0.300037, -0.00739653, -0.419093)
263317.140791708
normal
simd_float4x4([[0.914478, -0.388652, -0.112603, 0.0)], [0.40456, 0.87282, 0.272976, 0.0)], [-0.00781037, -0.295186, 0.955408, 0.0)], [0.00312055, -0.00171729, -0.00220579, 1.0)]])
0.00312055, -0.00171729, -0.00220579
float3(0.29965, -0.00817473, -0.418924)
263317.240848166
normal
simd_float4x4([[0.914555, -0.388646, -0.111996, 0.0)], [0.404374, 0.872854, 0.273144, 0.0)], [-0.00840042, -0.295093, 0.955432, 0.0)], [0.002945, -0.00169574, -0.00156593, 1.0)]])
0.002945, -0.00169574, -0.00156593
float3(0.299553, -0.00879205, -0.418904)
263317.340904666
normal
simd_float4x4([[0.914599, -0.38873, -0.11134, 0.0)], [0.404265, 0.873034, 0.27273, 0.0)], [-0.00881469, -0.294449, 0.955626, 0.0)], [0.00290905, -0.00149883, -0.00176723, 1.0)]])
0.00290905, -0.00149883, -0.00176723
float3(0.298879, -0.00922373, -0.418908)
263317.440961083
normal
simd_float4x4([[0.914562, -0.38914, -0.110209, 0.0)], [0.404323, 0.873011, 0.272717, 0.0)], [-0.00991159, -0.293976, 0.955761, 0.0)], [0.00311535, -0.00172221, -0.00141687, 1.0)]])
0.00311535, -0.00172221, -0.00141687
float3(0.298385, -0.01037, -0.419309)
263317.541017583
normal
simd_float4x4([[0.914634, -0.389258, -0.109189, 0.0)], [0.404132, 0.872944, 0.273215, 0.0)], [-0.0110357, -0.294018, 0.955736, 0.0)], [0.00297584, -0.00180097, -0.00200935, 1.0)]])
0.00297584, -0.00180097, -0.00200935
float3(0.298428, -0.0115463, -0.419451)
263317.641074041
normal
simd_float4x4([[0.91465, -0.389544, -0.108029, 0.0)], [0.404067, 0.873031, 0.273034, 0.0)], [-0.0120458, -0.293382, 0.95592, 0.0)], [0.00289318, -0.00209682, -0.00162186, 1.0)]])
0.00289318, -0.00209682, -0.00162186
float3(0.297762, -0.0126006, -0.419687)
263317.741130458
normal
simd_float4x4([[0.914612, -0.39001, -0.106659, 0.0)], [0.404105, 0.872883, 0.273448, 0.0)], [-0.0135472, -0.2932, 0.955955, 0.0)], [0.00283489, -0.00188923, -0.00132505, 1.0)]])
0.00283489, -0.00188923, -0.00132505
float3(0.297573, -0.0141705, -0.420195)
263317.841187083
normal
simd_float4x4([[0.914573, -0.390281, -0.106005, 0.0)], [0.404159, 0.872589, 0.274306, 0.0)], [-0.014558, -0.293716, 0.955782, 0.0)], [0.00267831, -0.00157221, -0.000699171, 1.0)]])
0.00267831, -0.00157221, -0.000699171
float3(0.298112, -0.0152304, -0.42058)
263317.9412435
normal
simd_float4x4([[0.914265, -0.390874, -0.106475, 0.0)], [0.404846, 0.871936, 0.275369, 0.0)], [-0.0147958, -0.294866, 0.955424, 0.0)], [0.00243049, -0.00141329, -0.000536997, 1.0)]])
0.00243049, -0.00141329, -0.000536997
float3(0.299316, -0.0154848, -0.421425)
263318.041299791
normal
simd_float4x4([[0.913991, -0.391333, -0.107134, 0.0)], [0.405466, 0.871394, 0.276168, 0.0)], [-0.0147176, -0.295855, 0.95512, 0.0)], [0.00206284, -0.000877719, -0.000105764, 1.0)]])
0.00206284, -0.000877719, -0.000105764
float3(0.30035, -0.015408, -0.422096)
263318.141356375
normal
simd_float4x4([[0.91385, -0.391431, -0.10798, 0.0)], [0.405797, 0.870969, 0.277023, 0.0)], [-0.0143879, -0.296975, 0.954777, 0.0)], [0.00145029, -0.00084836, 0.000631897, 1.0)]])
0.00145029, -0.00084836, 0.000631897
float3(0.301524, -0.0150683, -0.422371)
263318.241412916
normal
simd_float4x4([[0.913767, -0.391284, -0.109207, 0.0)], [0.40601, 0.870629, 0.27778, 0.0)], [-0.0136118, -0.298166, 0.954417, 0.0)], [0.000869997, -0.000812616, 0.000521646, 1.0)]])
0.000869997, -0.000812616, 0.000521646
float3(0.302771, -0.0142609, -0.422377)
263318.34146925
normal
simd_float4x4([[0.913386, -0.391957, -0.109979, 0.0)], [0.406863, 0.869823, 0.279051, 0.0)], [-0.0137138, -0.299628, 0.953958, 0.0)], [0.000235662, -0.00129772, 0.00148667, 1.0)]])
0.000235662, -0.00129772, 0.00148667
float3(0.304302, -0.0143747, -0.423367)
263318.441525833
normal
simd_float4x4([[0.913225, -0.392426, -0.109644, 0.0)], [0.407202, 0.869508, 0.279538, 0.0)], [-0.0143614, -0.299929, 0.953853, 0.0)], [0.000560947, -0.00201799, 0.00145775, 1.0)]])
0.000560947, -0.00201799, 0.00145775
float3(0.304618, -0.015055, -0.42395)
263318.541582125
normal
simd_float4x4([[0.913137, -0.392805, -0.109022, 0.0)], [0.407356, 0.869022, 0.280823, 0.0)], [-0.0155657, -0.300841, 0.953547, 0.0)], [0.000723496, -0.00259871, 0.00174254, 1.0)]])
0.000723496, -0.00259871, 0.00174254
float3(0.305574, -0.0163226, -0.424522)
263318.64163875
normal
simd_float4x4([[0.912908, -0.393298, -0.109157, 0.0)], [0.407842, 0.868335, 0.282238, 0.0)], [-0.0162183, -0.302176, 0.953114, 0.0)], [0.000733513, -0.00229881, 0.000358532, 1.0)]])
0.000733513, -0.00229881, 0.000358532
float3(0.306975, -0.0170144, -0.42529)
263318.741695333
normal
simd_float4x4([[0.912868, -0.393165, -0.109973, 0.0)], [0.407943, 0.867909, 0.283401, 0.0)], [-0.0159767, -0.30357, 0.952675, 0.0)], [0.000377986, -0.00197181, -0.000268961, 1.0)]])
0.000377986, -0.00197181, -0.000268961
float3(0.308437, -0.0167688, -0.425348)
263318.84175175
normal
simd_float4x4([[0.912294, -0.394373, -0.110411, 0.0)], [0.409212, 0.867079, 0.284112, 0.0)], [-0.0163112, -0.304375, 0.952413, 0.0)], [-3.07411e-05, -0.00143292, -0.000133469, 1.0)]])
-3.07411e-05, -0.00143292, -0.000133469
float3(0.309282, -0.0171245, -0.426862)
263318.941808166
normal
simd_float4x4([[0.911373, -0.396257, -0.111262, 0.0)], [0.411243, 0.865758, 0.285206, 0.0)], [-0.0166887, -0.305685, 0.951986, 0.0)], [-0.000631493, -0.00131908, -0.000659287, 1.0)]])
-0.000631493, -0.00131908, -0.000659287
float3(0.310658, -0.0175286, -0.429238)
263319.041864625
normal
simd_float4x4([[0.910699, -0.39729, -0.113081, 0.0)], [0.412743, 0.864343, 0.287321, 0.0)], [-0.0164086, -0.308337, 0.951136, 0.0)], [-0.00130939, -0.0018335, -0.000705987, 1.0)]])
-0.00130939, -0.0018335, -0.000705987
float3(0.313444, -0.0172499, -0.430844)
263319.141921208
normal
simd_float4x4([[0.910302, -0.398095, -0.113444, 0.0)], [0.413649, 0.864489, 0.285574, 0.0)], [-0.015615, -0.306885, 0.951619, 0.0)], [-0.00202471, -0.00230551, -0.00119523, 1.0)]])
-0.00202471, -0.00230551, -0.00119523
float3(0.311918, -0.0164074, -0.431549)
263319.241977583
normal
simd_float4x4([[0.909817, -0.39956, -0.112183, 0.0)], [0.414704, 0.864925, 0.282708, 0.0)], [-0.015929, -0.303736, 0.952623, 0.0)], [-0.00287534, -0.00202203, -0.000379005, 1.0)]])
-0.00287534, -0.00202203, -0.000379005
float3(0.308611, -0.0167196, -0.432755)
263319.342034166
normal
simd_float4x4([[0.909488, -0.400499, -0.111495, 0.0)], [0.415325, 0.863485, 0.286181, 0.0)], [-0.0183409, -0.306585, 0.951667, 0.0)], [-0.00289761, -0.00184089, -0.000320863, 1.0)]])
-0.00289761, -0.00184089, -0.000320863
float3(0.311603, -0.01927, -0.434285)
263319.442090583
normal
simd_float4x4([[0.909018, -0.401637, -0.111236, 0.0)], [0.41628, 0.862292, 0.28838, 0.0)], [-0.019906, -0.308448, 0.951033, 0.0)], [-0.00362741, -0.00338312, 0.00253486, 1.0)]])
-0.00362741, -0.00338312, 0.00253486
float3(0.313561, -0.0209279, -0.435897)
263319.542147041
normal
simd_float4x4([[0.908853, -0.402438, -0.109679, 0.0)], [0.416576, 0.862363, 0.28774, 0.0)], [-0.0212143, -0.307203, 0.951407, 0.0)], [-0.00367024, -0.00395987, 0.00207855, 1.0)]])
-0.00367024, -0.00395987, 0.00207855
float3(0.312253, -0.0222941, -0.436629)
263319.642203375
normal
simd_float4x4([[0.90838, -0.403994, -0.107865, 0.0)], [0.41752, 0.862211, 0.286824, 0.0)], [-0.0228725, -0.305581, 0.951891, 0.0)], [-0.00433551, -0.00439056, 0.00456338, 1.0)]])
-0.00433551, -0.00439056, 0.00456338
float3(0.310549, -0.0240239, -0.438178)
263319.742259958
normal
simd_float4x4([[0.907961, -0.404706, -0.108718, 0.0)], [0.418508, 0.862475, 0.284583, 0.0)], [-0.0214057, -0.30389, 0.952467, 0.0)], [-0.00487009, -0.00480138, 0.00452395, 1.0)]])
-0.00487009, -0.00480138, 0.00452395
float3(0.308773, -0.0224702, -0.438737)
263319.8423165
normal
simd_float4x4([[0.907832, -0.40432, -0.111204, 0.0)], [0.418938, 0.862985, 0.282397, 0.0)], [-0.0182109, -0.302957, 0.95283, 0.0)], [-0.00713051, -0.00566207, 0.00852866, 1.0)]])
-0.00713051, -0.00566207, 0.00852866
float3(0.307794, -0.0191101, -0.438143)
263319.942372833
normal
simd_float4x4([[0.908104, -0.402849, -0.114278, 0.0)], [0.418493, 0.863654, 0.281009, 0.0)], [-0.014508, -0.30301, 0.952877, 0.0)], [-0.00868938, -0.00622852, 0.00879928, 1.0)]])
-0.00868938, -0.00622852, 0.00879928
float3(0.307849, -0.0152243, -0.436447)
263320.0424295
normal
simd_float4x4([[0.908241, -0.401249, -0.118733, 0.0)], [0.418344, 0.86438, 0.278989, 0.0)], [-0.00931357, -0.303061, 0.952926, 0.0)], [-0.00996146, -0.00745999, 0.0119241, 1.0)]])
-0.00996146, -0.00745999, 0.0119241
float3(0.307903, -0.00977335, -0.434603)
263320.142485916
normal
simd_float4x4([[0.909689, -0.398508, -0.116862, 0.0)], [0.415157, 0.865542, 0.280146, 0.0)], [-0.0104913, -0.303362, 0.952818, 0.0)], [-0.00986578, -0.00816956, 0.0122115, 1.0)]])
-0.00986578, -0.00816956, 0.0122115
float3(0.308219, -0.0110104, -0.43148)
263320.242542333
normal
simd_float4x4([[0.909997, -0.398651, -0.113945, 0.0)], [0.414379, 0.865167, 0.282447, 0.0)], [-0.0140166, -0.304242, 0.952492, 0.0)], [-0.00959185, -0.00806552, 0.0144091, 1.0)]])
-0.00959185, -0.00806552, 0.0144091
float3(0.309143, -0.0147147, -0.431782)
263320.34259875
normal
simd_float4x4([[0.90939, -0.399629, -0.115354, 0.0)], [0.415769, 0.865294, 0.280004, 0.0)], [-0.0120829, -0.302593, 0.953043, 0.0)], [-0.00820863, -0.00889263, 0.0149069, 1.0)]])
-0.00820863, -0.00889263, 0.0149069
float3(0.307412, -0.0126775, -0.432657)
263320.442655291
normal
simd_float4x4([[0.90838, -0.402236, -0.114241, 0.0)], [0.417948, 0.86504, 0.277534, 0.0)], [-0.0128117, -0.299853, 0.953899, 0.0)], [-0.00724791, -0.00778093, 0.013407, 1.0)]])
-0.00724791, -0.00778093, 0.013407
float3(0.304539, -0.01343, -0.435251)
263320.542711791
normal
simd_float4x4([[0.906962, -0.404395, -0.117834, 0.0)], [0.421121, 0.864714, 0.273728, 0.0)], [-0.00880149, -0.297883, 0.954562, 0.0)], [-0.00654158, -0.00805986, 0.0132678, 1.0)]])
-0.00654158, -0.00805986, 0.0132678
float3(0.302474, -0.00922019, -0.437446)
263320.642768333
normal
simd_float4x4([[0.90542, -0.406096, -0.123698, 0.0)], [0.424509, 0.864322, 0.269703, 0.0)], [-0.002611, -0.296706, 0.954965, 0.0)], [-0.0053787, -0.00763485, 0.0124902, 1.0)]])
-0.0053787, -0.00763485, 0.0124902
float3(0.301241, -0.00273412, -0.439233)
263320.742824583
normal
simd_float4x4([[0.904113, -0.406831, -0.130646, 0.0)], [0.427269, 0.864015, 0.266306, 0.0)], [0.00453862, -0.296592, 0.954993, 0.0)], [-0.00444683, -0.00662789, 0.0121065, 1.0)]])
-0.00444683, -0.00662789, 0.0121065
float3(0.301122, 0.00475248, -0.440066)
263320.842881208
normal
simd_float4x4([[0.901536, -0.409093, -0.140984, 0.0)], [0.432476, 0.862492, 0.262817, 0.0)], [0.0140808, -0.297911, 0.95449, 0.0)], [-0.00225789, -0.0068052, 0.0121411, 1.0)]])
-0.00225789, -0.0068052, 0.0121411
float3(0.302503, 0.0147511, -0.44289)
263320.942937666
normal
simd_float4x4([[0.89782, -0.412306, -0.154669, 0.0)], [0.439519, 0.860731, 0.256837, 0.0)], [0.0272332, -0.298573, 0.953998, 0.0)], [0.00020067, -0.00662717, 0.0122629, 1.0)]])
0.00020067, -0.00662717, 0.0122629
float3(0.303197, 0.0285386, -0.446722)
263321.042994166
normal
simd_float4x4([[0.892892, -0.415623, -0.173209, 0.0)], [0.448006, 0.858575, 0.249279, 0.0)], [0.045107, -0.300178, 0.952816, 0.0)], [0.00307786, -0.00583706, 0.0117016, 1.0)]])
0.00307786, -0.00583706, 0.0117016
float3(0.304879, 0.0473053, -0.450835)
263321.143050625
normal
simd_float4x4([[0.886602, -0.418752, -0.196427, 0.0)], [0.457442, 0.856684, 0.238411, 0.0)], [0.068441, -0.30123, 0.951092, 0.0)], [0.00695064, -0.00559473, 0.012801, 1.0)]])
0.00695064, -0.00559473, 0.012801
float3(0.305982, 0.0718366, -0.454652)
263321.243107125
normal
simd_float4x4([[0.879539, -0.421955, -0.219919, 0.0)], [0.466762, 0.854888, 0.226496, 0.0)], [0.092435, -0.301862, 0.94886, 0.0)], [0.012561, -0.00503368, 0.0146426, 1.0)]])
0.012561, -0.00503368, 0.0146426
float3(0.306645, 0.0971105, -0.458498)
263321.343163666
normal
simd_float4x4([[0.870588, -0.425122, -0.247687, 0.0)], [0.476694, 0.853447, 0.21069, 0.0)], [0.121819, -0.301494, 0.945654, 0.0)], [0.0204312, -0.00467403, 0.0176658, 1.0)]])
0.0204312, -0.00467403, 0.0176658
float3(0.30626, 0.128114, -0.462145)
263321.443220083
normal
simd_float4x4([[0.859019, -0.430646, -0.276822, 0.0)], [0.48817, 0.851913, 0.189561, 0.0)], [0.154194, -0.297973, 0.942038, 0.0)], [0.0332833, -0.00468653, 0.0213674, 1.0)]])
0.0332833, -0.00468653, 0.0213674
float3(0.302568, 0.162243, -0.468042)
263321.543276625
normal
simd_float4x4([[0.846245, -0.436687, -0.305245, 0.0)], [0.49901, 0.850379, 0.166868, 0.0)], [0.186705, -0.293531, 0.93754, 0.0)], [0.0444834, -0.00496831, 0.0249034, 1.0)]])
0.0444834, -0.00496831, 0.0249034
float3(0.297918, 0.196572, -0.474405)
263321.643333083
normal
simd_float4x4([[0.835332, -0.445184, -0.32254, 0.0)], [0.510038, 0.846521, 0.152519, 0.0)], [0.205139, -0.291912, 0.934187, 0.0)], [0.0602043, -0.00563759, 0.0275989, 1.0)]])
0.0602043, -0.00563759, 0.0275989
float3(0.296225, 0.21616, -0.484151)
263321.743389583
normal
simd_float4x4([[0.826431, -0.453604, -0.33355, 0.0)], [0.517624, 0.845191, 0.133109, 0.0)], [0.221534, -0.282658, 0.933288, 0.0)], [0.0756099, -0.00973083, 0.0330554, 1.0)]])
0.0756099, -0.00973083, 0.0330554
float3(0.286564, 0.233057, -0.492566)
263321.843445875
normal
simd_float4x4([[0.816886, -0.462777, -0.344288, 0.0)], [0.52481, 0.843983, 0.11076, 0.0)], [0.239316, -0.271164, 0.932308, 0.0)], [0.0901089, -0.0153629, 0.0419515, 1.0)]])
0.0901089, -0.0153629, 0.0419515
float3(0.274603, 0.251267, -0.501557)
263321.943502375
normal
simd_float4x4([[0.806653, -0.46848, -0.360331, 0.0)], [0.529603, 0.843583, 0.0888193, 0.0)], [0.262359, -0.262479, 0.928587, 0.0)], [0.100374, -0.0185398, 0.0474579, 1.0)]])
0.100374, -0.0185398, 0.0474579
float3(0.26559, 0.275358, -0.506938)
263322.043559
normal
simd_float4x4([[0.799606, -0.469543, -0.374379, 0.0)], [0.531081, 0.843918, 0.0758597, 0.0)], [0.280326, -0.259483, 0.924168, 0.0)], [0.107256, -0.0199079, 0.0532189, 1.0)]])
0.107256, -0.0199079, 0.0532189
float3(0.262487, 0.294507, -0.507731)
263322.143615458
normal
simd_float4x4([[0.794798, -0.468052, -0.386293, 0.0)], [0.530199, 0.845242, 0.0667466, 0.0)], [0.29527, -0.257862, 0.919958, 0.0)], [0.107395, -0.0208693, 0.058622, 1.0)]])
0.107395, -0.0208693, 0.058622
float3(0.260809, 0.310574, -0.505717)
263322.243671958
normal
simd_float4x4([[0.792874, -0.461077, -0.398445, 0.0)], [0.52474, 0.849023, 0.0617098, 0.0)], [0.309836, -0.258008, 0.915114, 0.0)], [0.0865256, -0.0213974, 0.0600555, 1.0)]])
0.0865256, -0.0213974, 0.0600555
float3(0.26096, 0.326461, -0.497505)
263322.343728333
normal
simd_float4x4([[0.78959, -0.453392, -0.413501, 0.0)], [0.520043, 0.85212, 0.0587101, 0.0)], [0.325733, -0.261395, 0.908609, 0.0)], [0.0751167, -0.0207431, 0.0606718, 1.0)]])
0.0751167, -0.0207431, 0.0606718
float3(0.264467, 0.344224, -0.488977)
263322.443784875
normal
simd_float4x4([[0.785169, -0.443911, -0.431801, 0.0)], [0.519391, 0.851764, 0.068787, 0.0)], [0.337258, -0.278283, 0.899342, 0.0)], [0.0670152, -0.0183096, 0.0638956, 1.0)]])
0.0670152, -0.0183096, 0.0638956
float3(0.282006, 0.358775, -0.480437)
263322.543841333
normal
