ARKit Data
440643.74148725
normal
simd_float4x4([[0.916348, -0.119562, -0.382114, 0.0)], [-0.385587, -0.00648002, -0.922649, 0.0)], [0.107838, 0.992806, -0.0520395, 0.0)], [-7.75487, -0.420446, 5.88036, 1.0)]])
-7.75487, -0.420446, 5.88036
float3(-1.45077, 2.02041, -1.62494)
440643.941600583
normal
simd_float4x4([[0.917049, -0.112008, -0.38272, 0.0)], [-0.38592, -0.00756314, -0.922501, 0.0)], [0.100433, 0.993679, -0.0501617, 0.0)], [-7.75441, -0.422814, 5.87982, 1.0)]])
-7.75441, -0.422814, 5.87982
float3(-1.4583, 2.03401, -1.63822)
440644.15839
normal
simd_float4x4([[0.921792, -0.0995561, -0.374683, 0.0)], [-0.377326, -0.00847279, -0.926042, 0.0)], [0.0890185, 0.994996, -0.0453752, 0.0)], [-7.75613, -0.424827, 5.87844, 1.0)]])
-7.75613, -0.424827, 5.87844
float3(-1.47071, 2.0422, -1.6557)
440644.8594085
notAvailable
simd_float4x4([[0.124702, 0.0, 0.992194, 0.0)], [0.0, 1.0, 0.0, 0.0)], [-0.992194, 0.0, 0.124702, 0.0)], [-0.0846856, -0.10636, 0.0387144, 1.0)]])
-0.0846856, -0.10636, 0.0387144
float3(-0.0, -1.44577, 0.0)
440645.059488208
limited(__ObjC.ARCamera.TrackingState.Reason.initializing)
simd_float4x4([[0.0831064, -0.0909718, 0.99238, 0.0)], [0.996526, 0.0129376, -0.0822676, 0.0)], [-0.005355, 0.995769, 0.091731, 0.0)], [0.0, 0.0, 0.0, 1.0)]])
0.0, 0.0, 0.0
float3(-1.47878, -0.058311, -1.42953)
440645.259601666
limited(__ObjC.ARCamera.TrackingState.Reason.initializing)
simd_float4x4([[0.0546353, -0.0955888, 0.99392, 0.0)], [0.998316, 0.0246508, -0.0525062, 0.0)], [-0.019482, 0.995116, 0.0967747, 0.0)], [0.0, 0.0, 0.0, 1.0)]])
0.0, 0.0, 0.0
float3(-1.47192, -0.198657, -1.31841)
440645.459714958
limited(__ObjC.ARCamera.TrackingState.Reason.initializing)
simd_float4x4([[0.0638676, -0.0985838, 0.993077, 0.0)], [0.997935, 0.0131087, -0.0628787, 0.0)], [-0.00681915, 0.995042, 0.0992175, 0.0)], [0.0, 0.0, 0.0, 1.0)]])
0.0, 0.0, 0.0
float3(-1.47118, -0.0686214, -1.4386)
440645.65982825
limited(__ObjC.ARCamera.TrackingState.Reason.initializing)
simd_float4x4([[0.123319, -0.0981123, 0.987505, 0.0)], [0.992367, 0.0117087, -0.122763, 0.0)], [0.000482147, 0.995106, 0.0988073, 0.0)], [0.0, 0.0, 0.0, 1.0)]])
0.0, 0.0, 0.0
float3(-1.47183, 0.00487963, -1.45202)
440645.859941541
normal
simd_float4x4([[0.651491, -0.0823674, 0.754172, 0.0)], [0.758655, 0.0683143, -0.647902, 0.0)], [0.0018452, 0.994258, 0.106995, 0.0)], [-0.047185, 0.00891738, 0.0149609, 1.0)]])
-0.047185, 0.00891738, 0.0149609
float3(-1.46358, 0.017244, -0.878392)
440646.060054916
normal
simd_float4x4([[0.680994, -0.0935637, 0.726287, 0.0)], [0.731572, 0.0430498, -0.680404, 0.0)], [0.0323946, 0.994682, 0.0977652, 0.0)], [-0.0590706, 0.0392881, 0.0272183, 1.0)]])
-0.0590706, 0.0392881, 0.0272183
float3(-1.46762, 0.319965, -1.13956)
440646.276844333
normal
simd_float4x4([[0.730751, -0.0977661, 0.675607, 0.0)], [0.681009, 0.0359391, -0.731393, 0.0)], [0.0472247, 0.99456, 0.0928421, 0.0)], [-0.0834622, 0.0592777, 0.0508591, 1.0)]])
-0.0834622, 0.0592777, 0.0508591
float3(-1.46644, 0.470549, -1.21853)
440646.476957666
normal
simd_float4x4([[0.772313, -0.100882, 0.62718, 0.0)], [0.632309, 0.0273154, -0.774235, 0.0)], [0.0609745, 0.994523, 0.0848844, 0.0)], [-0.103506, 0.0911609, 0.0626846, 1.0)]])
-0.103506, 0.0911609, 0.0626846
float3(-1.46609, 0.622918, -1.30637)
440646.677071041
normal
simd_float4x4([[0.805619, -0.100752, 0.583804, 0.0)], [0.588468, 0.0222637, -0.808214, 0.0)], [0.0684312, 0.994662, 0.0772252, 0.0)], [-0.104489, 0.112205, 0.0612759, 1.0)]])
-0.104489, 0.112205, 0.0612759
float3(-1.46743, 0.725096, -1.35332)
440646.877184625
normal
simd_float4x4([[0.83154, -0.10102, 0.546202, 0.0)], [0.550281, 0.0157815, -0.83483, 0.0)], [0.0757147, 0.994759, 0.0687124, 0.0)], [-0.112034, 0.144084, 0.052752, 1.0)]])
-0.112034, 0.144084, 0.052752
float3(-1.46837, 0.833844, -1.41583)
440647.077297833
normal
simd_float4x4([[0.856276, -0.101794, 0.506388, 0.0)], [0.509528, 0.00572132, -0.860435, 0.0)], [0.08469, 0.994789, 0.056766, 0.0)], [-0.128568, 0.184832, 0.0453935, 1.0)]])
-0.128568, 0.184832, 0.0453935
float3(-1.46866, 0.980297, -1.51465)
440647.294087125
normal
simd_float4x4([[0.882023, -0.110391, 0.458093, 0.0)], [0.460721, -0.00190302, -0.887543, 0.0)], [0.098849, 0.993886, 0.0491812, 0.0)], [-0.159282, 0.245325, 0.0484489, 1.0)]])
-0.159282, 0.245325, 0.0484489
float3(-1.46016, 1.10912, -1.58803)
440647.494200708
normal
simd_float4x4([[0.892331, -0.129119, 0.432521, 0.0)], [0.43605, -0.00103854, -0.899922, 0.0)], [0.116646, 0.991629, 0.0553755, 0.0)], [-0.187113, 0.310686, 0.0524191, 1.0)]])
-0.187113, 0.310686, 0.0524191
float3(-1.44131, 1.12757, -1.57884)
440647.710989916
normal
simd_float4x4([[0.880359, -0.161072, 0.446122, 0.0)], [0.452533, 0.00351396, -0.891741, 0.0)], [0.142067, 0.986936, 0.0759841, 0.0)], [-0.189503, 0.382603, 0.0490799, 1.0)]])
-0.189503, 0.382603, 0.0490799
float3(-1.40898, 1.07966, -1.54898)
440647.911103291
normal
simd_float4x4([[0.850915, -0.18817, 0.490444, 0.0)], [0.499876, 0.00310071, -0.866091, 0.0)], [0.161451, 0.982132, 0.0967, 0.0)], [-0.166188, 0.43445, 0.035285, 1.0)]])
-0.166188, 0.43445, 0.035285
float3(-1.38147, 1.03116, -1.55432)
440648.111216791
normal
simd_float4x4([[0.808058, -0.233528, 0.540839, 0.0)], [0.556689, 0.00236595, -0.830718, 0.0)], [0.192717, 0.972347, 0.131915, 0.0)], [-0.135631, 0.485844, 0.0209474, 1.0)]])
-0.135631, 0.485844, 0.0209474
float3(-1.33508, 0.970549, -1.56067)
440648.311330083
normal
simd_float4x4([[0.761589, -0.265422, 0.591213, 0.0)], [0.613463, 0.00117751, -0.789723, 0.0)], [0.208914, 0.964132, 0.163723, 0.0)], [-0.100006, 0.519384, 0.00925328, 1.0)]])
-0.100006, 0.519384, 0.00925328
float3(-1.30215, 0.90608, -1.56636)
440648.528119625
normal
simd_float4x4([[0.699245, -0.28469, 0.655749, 0.0)], [0.683967, -0.000408875, -0.729513, 0.0)], [0.207953, 0.958619, 0.194433, 0.0)], [-0.0665558, 0.557916, 0.000151212, 1.0)]])
-0.0665558, 0.557916, 0.000151212
float3(-1.28211, 0.818986, -1.57223)
440648.728232916
normal
simd_float4x4([[0.638, -0.288405, 0.713988, 0.0)], [0.745817, 0.000723086, -0.66615, 0.0)], [0.191605, 0.957508, 0.215559, 0.0)], [-0.0393988, 0.592848, -0.00858173, 1.0)]])
-0.0393988, 0.592848, -0.00858173
float3(-1.27823, 0.726635, -1.56829)
440648.928346333
normal
simd_float4x4([[0.576277, -0.290319, 0.763951, 0.0)], [0.798405, 0.000387344, -0.60212, 0.0)], [0.174511, 0.95693, 0.232015, 0.0)], [-0.0191156, 0.65213, -0.0162881, 1.0)]])
-0.0191156, 0.65213, -0.0162881
float3(-1.27624, 0.644877, -1.56946)
440649.128459666
normal
simd_float4x4([[0.518248, -0.293076, 0.803446, 0.0)], [0.839795, -0.00328824, -0.542894, 0.0)], [0.161751, 0.956083, 0.24442, 0.0)], [-0.00316812, 0.733718, -0.0233873, 1.0)]])
-0.00316812, 0.733718, -0.0233873
float3(-1.27333, 0.584609, -1.58202)
440649.328573
normal
simd_float4x4([[0.488375, -0.29466, 0.82138, 0.0)], [0.85944, -0.000643263, -0.511236, 0.0)], [0.151169, 0.955602, 0.252929, 0.0)], [-0.00443485, 0.826793, -0.0243024, 1.0)]])
-0.00443485, 0.826793, -0.0243024
float3(-1.2717, 0.538708, -1.57298)
440649.545362416
normal
simd_float4x4([[0.493606, -0.296682, 0.817517, 0.0)], [0.856897, 0.00530056, -0.51546, 0.0)], [0.148594, 0.954962, 0.256842, 0.0)], [-0.031015, 0.914938, -0.00761721, 1.0)]])
-0.031015, 0.914938, -0.00761721
float3(-1.26953, 0.524493, -1.55293)
440649.745475791
normal
simd_float4x4([[0.527776, -0.296361, 0.796004, 0.0)], [0.835773, 0.0141018, -0.548894, 0.0)], [0.151445, 0.954972, 0.255133, 0.0)], [-0.0733073, 0.981694, 0.0241331, 1.0)]])
-0.0733073, 0.981694, 0.0241331
float3(-1.26957, 0.535696, -1.52325)
440649.94558925
normal
simd_float4x4([[0.579416, -0.298398, 0.758443, 0.0)], [0.798309, 0.020245, -0.601907, 0.0)], [0.164254, 0.954227, 0.249945, 0.0)], [-0.140963, 0.995451, 0.0807041, 1.0)]])
-0.140963, 0.995451, 0.0807041
float3(-1.26706, 0.581392, -1.50305)
440650.145702583
normal
simd_float4x4([[0.637566, -0.316863, 0.702216, 0.0)], [0.745863, 0.0256874, -0.665604, 0.0)], [0.192867, 0.948123, 0.252714, 0.0)], [-0.220942, 0.970887, 0.14764, 1.0)]])
-0.220942, 0.970887, 0.14764
float3(-1.24728, 0.651885, -1.48991)
440650.345815833
normal
simd_float4x4([[0.685159, -0.341329, 0.643468, 0.0)], [0.691085, 0.0255229, -0.722323, 0.0)], [0.230126, 0.939597, 0.253375, 0.0)], [-0.302691, 1.01508, 0.198857, 1.0)]])
-0.302691, 1.01508, 0.198857
float3(-1.22145, 0.737352, -1.49616)
440650.562605375
normal
simd_float4x4([[0.717271, -0.373213, 0.588418, 0.0)], [0.645343, 0.0373382, -0.76298, 0.0)], [0.262783, 0.926994, 0.267632, 0.0)], [-0.379775, 1.0231, 0.249537, 1.0)]])
-0.379775, 1.0231, 0.249537
float3(-1.18632, 0.776257, -1.47108)
440650.762718666
normal
simd_float4x4([[0.729575, -0.392956, 0.559737, 0.0)], [0.622433, 0.0424079, -0.781523, 0.0)], [0.283367, 0.918579, 0.275529, 0.0)], [-0.456299, 1.11082, 0.272196, 1.0)]])
-0.456299, 1.11082, 0.272196
float3(-1.16447, 0.799421, -1.46329)
440650.962832125
normal
simd_float4x4([[0.74346, -0.410134, 0.528259, 0.0)], [0.591322, 0.0341306, -0.805713, 0.0)], [0.312421, 0.911386, 0.267896, 0.0)], [-0.535618, 1.20739, 0.277945, 1.0)]])
-0.535618, 1.20739, 0.277945
float3(-1.14664, 0.861973, -1.48777)
440651.162945458
normal
simd_float4x4([[0.731343, -0.476639, 0.487805, 0.0)], [0.563563, 0.0195285, -0.825842, 0.0)], [0.384102, 0.878882, 0.282898, 0.0)], [-0.626434, 1.31551, 0.280061, 1.0)]])
-0.626434, 1.31551, 0.280061
float3(-1.07351, 0.93598, -1.52985)
440651.413087291
normal
simd_float4x4([[0.658397, -0.603371, 0.449952, 0.0)], [0.563068, -0.00185834, -0.826408, 0.0)], [0.499467, 0.797459, 0.338515, 0.0)], [-0.717038, 1.44777, 0.239906, 1.0)]])
-0.717038, 1.44777, 0.239906
float3(-0.923071, 0.975158, -1.57388)
440651.613200666
normal
simd_float4x4([[0.556084, -0.723215, 0.409548, 0.0)], [0.582108, -0.0128111, -0.81301, 0.0)], [0.593228, 0.690504, 0.413866, 0.0)], [-0.749655, 1.54724, 0.17618, 1.0)]])
-0.749655, 1.54724, 0.17618
float3(-0.762185, 0.961649, -1.58851)
440651.813314083
normal
simd_float4x4([[0.44991, -0.821418, 0.350505, 0.0)], [0.596183, -0.0159706, -0.80269, 0.0)], [0.664941, 0.570104, 0.482529, 0.0)], [-0.796028, 1.66908, 0.137051, 1.0)]])
-0.796028, 1.66908, 0.137051
float3(-0.606632, 0.943048, -1.59024)
440652.030103416
normal
simd_float4x4([[0.298988, -0.917263, 0.263125, 0.0)], [0.59757, -0.0350072, -0.801052, 0.0)], [0.743987, 0.396741, 0.537662, 0.0)], [-0.881958, 1.83363, 0.136435, 1.0)]])
-0.881958, 1.83363, 0.136435
float3(-0.407964, 0.945013, -1.60894)
440652.246892791
normal
simd_float4x4([[0.229066, -0.955743, 0.184619, 0.0)], [0.599914, -0.0107498, -0.799992, 0.0)], [0.766571, 0.294007, 0.570901, 0.0)], [-0.940726, 1.9922, 0.144909, 1.0)]])
-0.940726, 1.9922, 0.144909
float3(-0.298416, 0.930666, -1.58204)
440652.447006291
normal
simd_float4x4([[0.203791, -0.966837, 0.153933, 0.0)], [0.602105, -0.000206172, -0.798417, 0.0)], [0.771971, 0.255394, 0.582096, 0.0)], [-0.9133, 2.12665, 0.118189, 1.0)]])
-0.9133, 2.12665, 0.118189
float3(-0.258255, 0.924716, -1.57101)
440652.663795666
normal
simd_float4x4([[0.159635, -0.97864, 0.129543, 0.0)], [0.598125, -0.00851037, -0.801358, 0.0)], [0.785343, 0.205407, 0.58399, 0.0)], [-0.847636, 2.24396, 0.0622023, 1.0)]])
-0.847636, 2.24396, 0.0622023
float3(-0.20688, 0.931397, -1.57949)
440652.863909041
normal
simd_float4x4([[0.137817, -0.983833, 0.114364, 0.0)], [0.597944, -0.00940627, -0.801483, 0.0)], [0.789601, 0.178841, 0.58698, 0.0)], [-0.82002, 2.32749, 0.0365937, 1.0)]])
-0.82002, 2.32749, 0.0365937
float3(-0.179809, 0.93154, -1.58036)
440653.064022666
normal
simd_float4x4([[0.127288, -0.986513, 0.102905, 0.0)], [0.602434, -0.00552508, -0.798149, 0.0)], [0.787953, 0.163588, 0.593606, 0.0)], [-0.833215, 2.3906, 0.0272778, 1.0)]])
-0.833215, 2.3906, 0.0272778
float3(-0.164327, 0.925154, -1.5764)
440653.264135958
normal
simd_float4x4([[0.106777, -0.987585, 0.115214, 0.0)], [0.642547, -0.0198906, -0.765988, 0.0)], [0.75877, 0.15582, 0.632446, 0.0)], [-0.777756, 2.42089, 0.071591, 1.0)]])
-0.777756, 2.42089, 0.071591
float3(-0.156458, 0.875951, -1.59093)
440653.464249375
normal
simd_float4x4([[0.0922382, -0.988836, 0.117026, 0.0)], [0.677036, -0.0238978, -0.735562, 0.0)], [0.730147, 0.147078, 0.667274, 0.0)], [-0.804841, 2.42958, 0.0673441, 1.0)]])
-0.804841, 2.42958, 0.0673441
float3(-0.147613, 0.83036, -1.59496)
440653.681038916
normal
simd_float4x4([[0.085393, -0.989981, 0.11245, 0.0)], [0.692943, -0.0220863, -0.720654, 0.0)], [0.715918, 0.13946, 0.684115, 0.0)], [-0.808615, 2.42841, 0.066862, 1.0)]])
-0.808615, 2.42841, 0.066862
float3(-0.139916, 0.80811, -1.5931)
440653.881152166
normal
simd_float4x4([[0.0842494, -0.990731, 0.106559, 0.0)], [0.706744, -0.0159735, -0.70729, 0.0)], [0.702436, 0.134899, 0.698847, 0.0)], [-0.805225, 2.42729, 0.0660296, 1.0)]])
-0.805225, 2.42729, 0.0660296
float3(-0.135311, 0.787959, -1.58692)
440654.0812655
normal
simd_float4x4([[0.0821896, -0.99116, 0.10415, 0.0)], [0.719014, -0.013393, -0.694866, 0.0)], [0.690118, 0.131996, 0.711557, 0.0)], [-0.802855, 2.42392, 0.0643013, 1.0)]])
-0.802855, 2.42392, 0.0643013
float3(-0.132382, 0.770104, -1.58431)
440654.281379083
normal
simd_float4x4([[0.0810805, -0.991227, 0.104378, 0.0)], [0.73526, -0.0112197, -0.677693, 0.0)], [0.672919, 0.131693, 0.7279, 0.0)], [-0.799849, 2.41138, 0.0590789, 1.0)]])
-0.799849, 2.41138, 0.0590789
float3(-0.132077, 0.746169, -1.58211)
440654.481492333
normal
simd_float4x4([[0.0798046, -0.991257, 0.105078, 0.0)], [0.750546, -0.00961721, -0.660748, 0.0)], [0.655981, 0.131597, 0.743217, 0.0)], [-0.797701, 2.39384, 0.0497082, 1.0)]])
-0.797701, 2.39384, 0.0497082
float3(-0.13198, 0.723132, -1.5805)
440654.68160575
normal
simd_float4x4([[0.0762964, -0.991955, 0.101019, 0.0)], [0.76563, -0.00661889, -0.643247, 0.0)], [0.638741, 0.126421, 0.758965, 0.0)], [-0.793859, 2.3758, 0.0415645, 1.0)]])
-0.793859, 2.3758, 0.0415645
float3(-0.12676, 0.699593, -1.57747)
440654.881719
normal
simd_float4x4([[0.0762874, -0.992346, 0.09711, 0.0)], [0.77075, -0.00309695, -0.637131, 0.0)], [0.632554, 0.123453, 0.764614, 0.0)], [-0.795084, 2.37717, 0.0409677, 1.0)]])
-0.795084, 2.37717, 0.0409677
float3(-0.123768, 0.691159, -1.57392)
440655.081832375
normal
simd_float4x4([[0.0785035, -0.99236, 0.0951801, 0.0)], [0.757855, -0.00262287, -0.652417, 0.0)], [0.647682, 0.12335, 0.751859, 0.0)], [-0.798785, 2.33942, 0.0412778, 1.0)]])
-0.798785, 2.33942, 0.0412778
float3(-0.123665, 0.711099, -1.57344)
440655.281945791
normal
simd_float4x4([[0.0810721, -0.992585, 0.0905648, 0.0)], [0.738149, -0.00126445, -0.674637, 0.0)], [0.669749, 0.121544, 0.732573, 0.0)], [-0.807693, 2.30773, 0.0498651, 1.0)]])
-0.807693, 2.30773, 0.0498651
float3(-0.121846, 0.740628, -1.57207)
440655.482059125
normal
simd_float4x4([[0.0859187, -0.992475, 0.0872438, 0.0)], [0.715124, 0.000462861, -0.698997, 0.0)], [0.693697, 0.122447, 0.709783, 0.0)], [-0.821049, 2.27314, 0.0507131, 1.0)]])
-0.821049, 2.27314, 0.0507131
float3(-0.122755, 0.773937, -1.57033)
440655.682172666
normal
simd_float4x4([[0.0927478, -0.991845, 0.0874113, 0.0)], [0.696794, 0.00194449, -0.717269, 0.0)], [0.71125, 0.127433, 0.691292, 0.0)], [-0.831812, 2.23306, 0.0478555, 1.0)]])
-0.831812, 2.23306, 0.0478555
float3(-0.12778, 0.799627, -1.56884)
440655.882286
normal
simd_float4x4([[0.0924075, -0.992328, 0.0821317, 0.0)], [0.682263, 0.00302292, -0.7311, 0.0)], [0.725243, 0.123595, 0.677308, 0.0)], [-0.829358, 2.2945, 0.0565482, 1.0)]])
-0.829358, 2.2945, 0.0565482
float3(-0.123911, 0.819562, -1.56775)
440656.082399375
normal
simd_float4x4([[0.0894652, -0.993122, 0.0755335, 0.0)], [0.670237, 0.0039338, -0.742137, 0.0)], [0.736735, 0.117021, 0.665979, 0.0)], [-0.813883, 2.35808, 0.109633, 1.0)]])
-0.813883, 2.35808, 0.109633
float3(-0.11729, 0.835797, -1.56684)
440656.299188916
normal
simd_float4x4([[0.0869843, -0.993634, 0.0715921, 0.0)], [0.660778, 0.0037663, -0.750572, 0.0)], [0.745524, 0.112594, 0.656899, 0.0)], [-0.817173, 2.35793, 0.113491, 1.0)]])
-0.817173, 2.35793, 0.113491
float3(-0.112834, 0.848508, -1.56701)
440656.515978166
normal
simd_float4x4([[0.0862273, -0.993812, 0.0700223, 0.0)], [0.65553, 0.00366919, -0.755161, 0.0)], [0.75023, 0.111017, 0.65179, 0.0)], [-0.825565, 2.36697, 0.106318, 1.0)]])
-0.825565, 2.36697, 0.106318
float3(-0.111246, 0.855497, -1.5671)
440656.716091458
normal
simd_float4x4([[0.0850941, -0.994175, 0.0661411, 0.0)], [0.657902, 0.00621031, -0.753078, 0.0)], [0.748281, 0.107597, 0.654598, 0.0)], [-0.83093, 2.37435, 0.0982575, 1.0)]])
-0.83093, 2.37435, 0.0982575
float3(-0.107806, 0.852078, -1.56455)
440656.916204916
normal
simd_float4x4([[0.0732025, -0.99575, 0.0558779, 0.0)], [0.658117, 0.00613187, -0.752891, 0.0)], [0.749349, 0.0918877, 0.655769, 0.0)], [-0.831312, 2.37925, 0.0931925, 1.0)]])
-0.831312, 2.37925, 0.0931925
float3(-0.0920175, 0.851899, -1.56464)
440657.13299425
normal
simd_float4x4([[0.0490623, -0.998118, 0.0367799, 0.0)], [0.655566, 0.00439839, -0.755126, 0.0)], [0.753543, 0.0611598, 0.654548, 0.0)], [-0.826894, 2.38155, 0.0913282, 1.0)]])
-0.826894, 2.38155, 0.0913282
float3(-0.061198, 0.855587, -1.56639)
440657.349783791
normal
simd_float4x4([[0.0288119, -0.999441, 0.0169476, 0.0)], [0.660117, 0.00629273, -0.751137, 0.0)], [0.75061, 0.0328291, 0.659929, 0.0)], [-0.821889, 2.37758, 0.0945368, 1.0)]])
-0.821889, 2.37758, 0.0945368
float3(-0.032835, 0.849598, -1.5645)
440657.549897083
normal
simd_float4x4([[0.0132621, -0.999905, 0.00373911, 0.0)], [0.664295, 0.00601573, -0.747446, 0.0)], [0.747352, 0.0123966, 0.664312, 0.0)], [-0.818022, 2.37414, 0.0971868, 1.0)]])
-0.818022, 2.37414, 0.0971868
float3(-0.0123969, 0.844155, -1.56478)
440657.750010541
normal
simd_float4x4([[-0.00107965, -0.999967, -0.00800356, 0.0)], [0.666775, 0.00524486, -0.74524, 0.0)], [0.745258, -0.00614118, 0.666748, 0.0)], [-0.813804, 2.37229, 0.102508, 1.0)]])
-0.813804, 2.37229, 0.102508
float3(0.00614121, 0.840943, -1.56555)
440657.9668
normal
simd_float4x4([[-0.0134674, -0.999716, -0.0196669, 0.0)], [0.668538, 0.00562353, -0.743657, 0.0)], [0.743556, -0.0231632, 0.668273, 0.0)], [-0.807524, 2.37299, 0.108753, 1.0)]])
-0.807524, 2.37299, 0.108753
float3(0.0231653, 0.838671, -1.56517)
440658.200265583
normal
simd_float4x4([[-0.0215432, -0.999399, -0.0271515, 0.0)], [0.669021, 0.00577018, -0.743221, 0.0)], [0.742932, -0.0341763, 0.668494, 0.0)], [-0.796716, 2.37063, 0.117923, 1.0)]])
-0.796716, 2.37063, 0.117923
float3(0.034183, 0.838088, -1.56502)
440658.417054916
normal
simd_float4x4([[-0.0212352, -0.999412, -0.0269363, 0.0)], [0.669375, 0.0058001, -0.742903, 0.0)], [0.742622, -0.0338062, 0.668858, 0.0)], [-0.791167, 2.35677, 0.125726, 1.0)]])
-0.791167, 2.35677, 0.125726
float3(0.0338126, 0.837611, -1.56499)
440658.617168375
normal
simd_float4x4([[-0.020446, -0.99941, -0.0276076, 0.0)], [0.669266, 0.0068324, -0.742992, 0.0)], [0.742742, -0.033668, 0.668731, 0.0)], [-0.80166, 2.34206, 0.128498, 1.0)]])
-0.80166, 2.34206, 0.128498
float3(0.0336744, 0.837785, -1.56396)
440658.817281708
normal
simd_float4x4([[-0.0210236, -0.999331, -0.0299395, 0.0)], [0.669751, 0.00815618, -0.742541, 0.0)], [0.742288, -0.0356629, 0.669132, 0.0)], [-0.805116, 2.3606, 0.122251, 1.0)]])
-0.805116, 2.3606, 0.122251
float3(0.0356704, 0.837184, -1.56263)
440659.034071125
normal
simd_float4x4([[-0.0210041, -0.999301, -0.0309359, 0.0)], [0.670069, 0.00889407, -0.742246, 0.0)], [0.742002, -0.0363193, 0.669413, 0.0)], [-0.806219, 2.36074, 0.124306, 1.0)]])
-0.806219, 2.36074, 0.124306
float3(0.0363273, 0.836783, -1.5619)
440659.250860625
normal
simd_float4x4([[-0.0190674, -0.999365, -0.0301123, 0.0)], [0.670034, 0.00958172, -0.742269, 0.0)], [0.742086, -0.0343293, 0.669425, 0.0)], [-0.806833, 2.36166, 0.127512, 1.0)]])
-0.806833, 2.36166, 0.127512
float3(0.0343361, 0.83683, -1.56121)
440659.450973875
normal
simd_float4x4([[-0.0194805, -0.999348, -0.0303908, 0.0)], [0.669555, 0.00953423, -0.742702, 0.0)], [0.742507, -0.0348165, 0.668933, 0.0)], [-0.807353, 2.36769, 0.131605, 1.0)]])
-0.807353, 2.36769, 0.131605
float3(0.0348235, 0.837478, -1.56126)
440659.667763375
normal
simd_float4x4([[-0.0186946, -0.999381, -0.029817, 0.0)], [0.669635, 0.00963033, -0.742628, 0.0)], [0.742455, -0.0338497, 0.66904, 0.0)], [-0.814384, 2.37038, 0.131199, 1.0)]])
-0.814384, 2.37038, 0.131199
float3(0.0338561, 0.837364, -1.56116)
440659.884552708
normal
simd_float4x4([[-0.00302591, -0.999892, -0.0144079, 0.0)], [0.667913, 0.00870213, -0.744189, 0.0)], [0.744233, -0.0118751, 0.667814, 0.0)], [-0.826111, 2.37138, 0.119005, 1.0)]])
-0.826111, 2.37138, 0.119005
float3(0.0118754, 0.839465, -1.56209)
440660.084666208
normal
simd_float4x4([[0.0331069, -0.999193, 0.0227597, 0.0)], [0.673039, 0.00545382, -0.739587, 0.0)], [0.738866, 0.0398036, 0.672676, 0.0)], [-0.836022, 2.36411, 0.105303, 1.0)]])
-0.836022, 2.36411, 0.105303
float3(-0.0398141, 0.832255, -1.56534)
440660.2847795
normal
simd_float4x4([[0.062839, -0.996518, 0.0548042, 0.0)], [0.686226, 0.00326967, -0.727381, 0.0)], [0.724669, 0.0833159, 0.684042, 0.0)], [-0.84449, 2.35716, 0.0937143, 1.0)]])
-0.84449, 2.35716, 0.0937143
float3(-0.0834126, 0.814229, -1.56752)
440660.484892791
normal
simd_float4x4([[0.0865231, -0.992733, 0.0836364, 0.0)], [0.697105, 0.000353609, -0.716969, 0.0)], [0.711729, 0.120338, 0.69207, 0.0)], [-0.85228, 2.35082, 0.0821352, 1.0)]])
-0.85228, 2.35082, 0.0821352
float3(-0.12063, 0.799401, -1.57044)
440660.70168225
normal
simd_float4x4([[0.0982697, -0.990055, 0.100668, 0.0)], [0.70306, -0.00252309, -0.711126, 0.0)], [0.704308, 0.140658, 0.69582, 0.0)], [-0.852352, 2.34664, 0.0741746, 1.0)]])
-0.852352, 2.34664, 0.0741746
float3(-0.141126, 0.791461, -1.57334)
440660.901795541
normal
simd_float4x4([[0.108197, -0.98765, 0.11332, 0.0)], [0.706494, -0.00380391, -0.707709, 0.0)], [0.6994, 0.156632, 0.697357, 0.0)], [-0.852034, 2.34424, 0.0724001, 1.0)]])
-0.852034, 2.34424, 0.0724001
float3(-0.157279, 0.78686, -1.57465)
440661.11858475
normal
simd_float4x4([[0.112497, -0.986273, 0.120869, 0.0)], [0.715109, -0.00409667, -0.699002, 0.0)], [0.689902, 0.16507, 0.704832, 0.0)], [-0.843911, 2.34401, 0.0800003, 1.0)]])
-0.843911, 2.34401, 0.0800003
float3(-0.165829, 0.774694, -1.57495)
440661.33537425
normal
simd_float4x4([[0.111422, -0.985785, 0.125749, 0.0)], [0.722998, -0.0064033, -0.69082, 0.0)], [0.681805, 0.167889, 0.712008, 0.0)], [-0.835769, 2.34894, 0.0872382, 1.0)]])
-0.835769, 2.34894, 0.0872382
float3(-0.168687, 0.763733, -1.57729)
440661.535487458
normal
simd_float4x4([[0.11238, -0.985284, 0.128787, 0.0)], [0.726277, -0.0070079, -0.687366, 0.0)], [0.678154, 0.170781, 0.714802, 0.0)], [-0.836465, 2.3529, 0.0883288, 1.0)]])
-0.836465, 2.3529, 0.0883288
float3(-0.171622, 0.759095, -1.57791)
440661.752276875
normal
simd_float4x4([[0.116247, -0.984596, 0.130603, 0.0)], [0.725714, -0.00557587, -0.687974, 0.0)], [0.678105, 0.174755, 0.713887, 0.0)], [-0.837987, 2.35247, 0.0891344, 1.0)]])
-0.837987, 2.35247, 0.0891344
float3(-0.175657, 0.759698, -1.57646)
440661.952390208
normal
simd_float4x4([[0.122732, -0.98284, 0.137706, 0.0)], [0.723094, -0.00648105, -0.69072, 0.0)], [0.679759, 0.184348, 0.70989, 0.0)], [-0.842969, 2.35024, 0.0851889, 1.0)]])
-0.842969, 2.35024, 0.0851889
float3(-0.185408, 0.763719, -1.57739)
440662.1525035
normal
simd_float4x4([[0.131408, -0.980265, 0.147693, 0.0)], [0.722733, -0.0072391, -0.69109, 0.0)], [0.67852, 0.197557, 0.707518, 0.0)], [-0.851243, 2.34628, 0.0814066, 1.0)]])
-0.851243, 2.34628, 0.0814066
float3(-0.198865, 0.76448, -1.57818)
440662.369292791
normal
simd_float4x4([[0.158088, -0.9722, 0.172732, 0.0)], [0.723969, -0.00483722, -0.689815, 0.0)], [0.671474, 0.234104, 0.703078, 0.0)], [-0.860691, 2.33558, 0.0748623, 1.0)]])
-0.860691, 2.33558, 0.0748623
float3(-0.236297, 0.76241, -1.57577)
440662.569406083
normal
simd_float4x4([[0.206837, -0.952594, 0.223121, 0.0)], [0.732426, -0.000439215, -0.680847, 0.0)], [0.648669, 0.304244, 0.697613, 0.0)], [-0.87199, 2.3205, 0.0595842, 1.0)]])
-0.87199, 2.3205, 0.0595842
float3(-0.309145, 0.749059, -1.57126)
440662.802871666
normal
simd_float4x4([[0.258698, -0.926517, 0.273204, 0.0)], [0.734586, 0.00503803, -0.678497, 0.0)], [0.627263, 0.376218, 0.68191, 0.0)], [-0.881711, 2.30424, 0.0423111, 1.0)]])
-0.881711, 2.30424, 0.0423111
float3(-0.385711, 0.743681, -1.56536)
440663.002984916
normal
simd_float4x4([[0.293227, -0.902104, 0.316584, 0.0)], [0.7379, 0.00300315, -0.674903, 0.0)], [0.607882, 0.431507, 0.666544, 0.0)], [-0.885454, 2.28218, 0.0238862, 1.0)]])
-0.885454, 2.28218, 0.0238862
float3(-0.446163, 0.739401, -1.56747)
440663.203098291
normal
simd_float4x4([[0.331347, -0.870856, 0.363068, 0.0)], [0.738244, -0.00032928, -0.674534, 0.0)], [0.587542, 0.491538, 0.642795, 0.0)], [-0.889055, 2.25457, 0.00252412, 1.0)]])
-0.889055, 2.25457, 0.00252412
float3(-0.513855, 0.74052, -1.57117)
440663.403211625
normal
simd_float4x4([[0.356195, -0.847347, 0.393863, 0.0)], [0.740894, -0.000737326, -0.671622, 0.0)], [0.569387, 0.531039, 0.627532, 0.0)], [-0.892566, 2.23327, -0.0151534, 1.0)]])
-0.892566, 2.23327, -0.0151534
float3(-0.559826, 0.736858, -1.57167)
440663.603324875
normal
simd_float4x4([[0.372743, -0.829645, 0.415634, 0.0)], [0.742506, -0.00198038, -0.669836, 0.0)], [0.55655, 0.558287, 0.615279, 0.0)], [-0.897597, 2.21317, -0.0283127, 1.0)]])
-0.897597, 2.21317, -0.0283127
float3(-0.59232, 0.735323, -1.57318)
440663.820114208
normal
simd_float4x4([[0.392203, -0.81149, 0.433198, 0.0)], [0.739168, -0.00229496, -0.673517, 0.0)], [0.547547, 0.584362, 0.598928, 0.0)], [-0.906067, 2.19553, -0.0413893, 1.0)]])
-0.906067, 2.19553, -0.0413893
float3(-0.624093, 0.740612, -1.57362)
440664.036903625
normal
simd_float4x4([[0.41474, -0.786181, 0.458159, 0.0)], [0.736932, -0.00515926, -0.675947, 0.0)], [0.533781, 0.617975, 0.577222, 0.0)], [-0.916862, 2.17841, -0.0570545, 1.0)]])
-0.916862, 2.17841, -0.0570545
float3(-0.666164, 0.746317, -1.57736)
440664.237016916
normal
simd_float4x4([[0.447265, -0.743896, 0.496561, 0.0)], [0.734339, -0.0115133, -0.678686, 0.0)], [0.510589, 0.668196, 0.541122, 0.0)], [-0.938045, 2.15417, -0.0725731, 1.0)]])
-0.938045, 2.15417, -0.0725731
float3(-0.731782, 0.756374, -1.58627)
440664.437130125
normal
simd_float4x4([[0.476287, -0.700961, 0.530853, 0.0)], [0.734832, -0.0142375, -0.6781, 0.0)], [0.482879, 0.713058, 0.508307, 0.0)], [-0.950684, 2.13173, -0.0866277, 1.0)]])
-0.950684, 2.13173, -0.0866277
float3(-0.79385, 0.75975, -1.5911)
440664.637243333
normal
simd_float4x4([[0.504481, -0.65567, 0.56178, 0.0)], [0.735747, -0.0140572, -0.677111, 0.0)], [0.451858, 0.754917, 0.475315, 0.0)], [-0.959286, 2.11431, -0.0972684, 1.0)]])
-0.959286, 2.11431, -0.0972684
float3(-0.855527, 0.760104, -1.59223)
440664.837356666
normal
simd_float4x4([[0.522642, -0.631644, 0.572601, 0.0)], [0.734229, -0.00787607, -0.678856, 0.0)], [0.433305, 0.775219, 0.459655, 0.0)], [-0.968091, 2.1047, -0.105838, 1.0)]])
-0.968091, 2.1047, -0.105838
float3(-0.887062, 0.755899, -1.58326)
440665.054146041
normal
simd_float4x4([[0.539007, -0.611252, 0.579519, 0.0)], [0.729104, -0.00591964, -0.684378, 0.0)], [0.421758, 0.791414, 0.442475, 0.0)], [-0.976414, 2.09244, -0.119798, 1.0)]])
-0.976414, 2.09244, -0.119798
float3(-0.913118, 0.761431, -1.58048)
440665.254259208
normal
simd_float4x4([[0.548457, -0.603309, 0.578976, 0.0)], [0.725546, -0.000837174, -0.688173, 0.0)], [0.415666, 0.797507, 0.437269, 0.0)], [-0.981316, 2.077, -0.133904, 1.0)]])
-0.981316, 2.077, -0.133904
float3(-0.923152, 0.760075, -1.57218)
440665.454372625
normal
simd_float4x4([[0.552186, -0.604703, 0.573955, 0.0)], [0.722928, 0.0043644, -0.69091, 0.0)], [0.415291, 0.796439, 0.439566, 0.0)], [-0.981043, 2.0677, -0.141033, 1.0)]])
-0.981043, 2.0677, -0.141033
float3(-0.921384, 0.757008, -1.56358)
440665.654485875
normal
simd_float4x4([[0.544035, -0.623196, 0.56183, 0.0)], [0.720258, 0.00337811, -0.693698, 0.0)], [0.430411, 0.782059, 0.4507, 0.0)], [-0.97954, 2.06643, -0.148597, 1.0)]])
-0.97954, 2.06643, -0.148597
float3(-0.897962, 0.762376, -1.56538)
440665.87127525
normal
simd_float4x4([[0.485675, -0.711836, 0.507355, 0.0)], [0.721613, -0.00108106, -0.692295, 0.0)], [0.49335, 0.702344, 0.513146, 0.0)], [-0.966527, 2.1113, -0.142292, 1.0)]])
-0.966527, 2.1113, -0.142292
float3(-0.778686, 0.765732, -1.57231)
440666.071388375
normal
simd_float4x4([[0.418678, -0.796372, 0.436464, 0.0)], [0.723697, 0.00224146, -0.690115, 0.0)], [0.54861, 0.604803, 0.57727, 0.0)], [-0.953191, 2.15866, -0.125972, 1.0)]])
-0.953191, 2.15866, -0.125972
float3(-0.649519, 0.759948, -1.56798)
440666.271501916
normal
simd_float4x4([[0.358244, -0.851502, 0.382891, 0.0)], [0.730488, 0.000242253, -0.682926, 0.0)], [0.58142, 0.524351, 0.622099, 0.0)], [-0.942721, 2.19506, -0.102046, 1.0)]])
-0.942721, 2.19506, -0.102046
float3(-0.551953, 0.751611, -1.57051)
440666.471615083
normal
simd_float4x4([[0.304577, -0.895304, 0.325059, 0.0)], [0.730764, 0.000758285, -0.682629, 0.0)], [0.610915, 0.445455, 0.654487, 0.0)], [-0.934177, 2.22357, -0.0750833, 1.0)]])
-0.934177, 2.22357, -0.0750833
float3(-0.461682, 0.750978, -1.56995)
440666.671728291
normal
simd_float4x4([[0.245344, -0.934315, 0.258576, 0.0)], [0.724134, -0.000713835, -0.689659, 0.0)], [0.644544, 0.356447, 0.676394, 0.0)], [-0.916155, 2.25189, -0.0421714, 1.0)]])
-0.916155, 2.25189, -0.0421714
float3(-0.364463, 0.761291, -1.57156)
440666.888517583
normal
simd_float4x4([[0.188676, -0.960249, 0.205725, 0.0)], [0.727196, -0.00417494, -0.686417, 0.0)], [0.659991, 0.279113, 0.697502, 0.0)], [-0.903783, 2.27339, -0.0130878, 1.0)]])
-0.903783, 2.27339, -0.0130878
float3(-0.28287, 0.757773, -1.57514)
440667.088630916
normal
simd_float4x4([[0.154708, -0.972945, 0.171589, 0.0)], [0.729069, -0.00477627, -0.684423, 0.0)], [0.666726, 0.230986, 0.708606, 0.0)], [-0.88376, 2.28815, 0.0220884, 1.0)]])
-0.88376, 2.28815, 0.0220884
float3(-0.233091, 0.754957, -1.57571)
440667.305420208
normal
simd_float4x4([[0.128488, -0.980666, 0.147596, 0.0)], [0.733077, -0.00631263, -0.680117, 0.0)], [0.667899, 0.195586, 0.718092, 0.0)], [-0.878523, 2.29742, 0.0470462, 1.0)]])
-0.878523, 2.29742, 0.0470462
float3(-0.196855, 0.749199, -1.57723)
440667.522209416
normal
simd_float4x4([[0.114276, -0.984796, 0.130831, 0.0)], [0.739544, -0.0036046, -0.673098, 0.0)], [0.663337, 0.173674, 0.727889, 0.0)], [-0.882706, 2.30547, 0.0673431, 1.0)]])
-0.882706, 2.30547, 0.0673431
float3(-0.17456, 0.739032, -1.57446)
440667.738998833
normal
simd_float4x4([[0.102828, -0.986868, 0.124574, 0.0)], [0.743945, -0.00683212, -0.668206, 0.0)], [0.660282, 0.161386, 0.733473, 0.0)], [-0.895098, 2.31203, 0.0812046, 1.0)]])
-0.895098, 2.31203, 0.0812046
float3(-0.162095, 0.732933, -1.57772)
440667.955788166
normal
simd_float4x4([[0.0929188, -0.988746, 0.117252, 0.0)], [0.748644, -0.00825906, -0.662921, 0.0)], [0.656429, 0.149378, 0.739451, 0.0)], [-0.913451, 2.31689, 0.0934529, 1.0)]])
-0.913451, 2.31689, 0.0934529
float3(-0.149939, 0.725992, -1.57915)
440668.172577625
normal
simd_float4x4([[0.0865423, -0.98936, 0.116952, 0.0)], [0.770337, -0.00798545, -0.637587, 0.0)], [0.631737, 0.145271, 0.761449, 0.0)], [-0.923264, 2.3173, 0.102991, 1.0)]])
-0.923264, 2.3173, 0.102991
float3(-0.145787, 0.692561, -1.57887)
440668.389367
normal
simd_float4x4([[0.0772928, -0.989082, 0.12547, 0.0)], [0.81905, -0.0087656, -0.573655, 0.0)], [0.568491, 0.147106, 0.80943, 0.0)], [-0.908847, 2.31251, 0.094508, 1.0)]])
-0.908847, 2.31251, 0.094508
float3(-0.147642, 0.612291, -1.57966)
440668.60615625
normal
simd_float4x4([[0.0661081, -0.988972, 0.132528, 0.0)], [0.892546, -0.000768254, -0.450956, 0.0)], [0.446085, 0.148099, 0.882652, 0.0)], [-0.879627, 2.31057, 0.0777857, 1.0)]])
-0.879627, 2.31057, 0.0777857
float3(-0.148646, 0.467952, -1.57157)
440668.8229455
normal
simd_float4x4([[0.0419663, -0.988487, 0.145368, 0.0)], [0.962562, 0.00100326, -0.271061, 0.0)], [0.267794, 0.151301, 0.951522, 0.0)], [-0.833193, 2.30731, 0.0554363, 1.0)]])
-0.833193, 2.30731, 0.0554363
float3(-0.151884, 0.274341, -1.56978)
440669.039734916
normal
simd_float4x4([[0.00592341, -0.988369, 0.151962, 0.0)], [0.998217, -0.00318137, -0.0596019, 0.0)], [0.0593921, 0.152044, 0.986588, 0.0)], [-0.761832, 2.30359, 0.029688, 1.0)]])
-0.761832, 2.30359, 0.029688
float3(-0.152636, 0.060127, -1.57402)
440669.25652425
normal
simd_float4x4([[-0.0170125, -0.991774, 0.126865, 0.0)], [0.988284, 0.00256828, 0.152606, 0.0)], [-0.151676, 0.127975, 0.980111, 0.0)], [-0.697548, 2.30555, 0.0178775, 1.0)]])
-0.697548, 2.30555, 0.0178775
float3(-0.128327, -0.153536, -1.56821)
440669.473313625
normal
simd_float4x4([[-0.00405232, -0.993511, 0.113667, 0.0)], [0.924655, 0.0395605, 0.378745, 0.0)], [-0.380784, 0.106638, 0.918495, 0.0)], [-0.633014, 2.31436, 0.01325, 1.0)]])
-0.633014, 2.31436, 0.01325
float3(-0.106841, -0.393006, -1.531)
440669.690102916
normal
simd_float4x4([[0.00804789, -0.994387, 0.105497, 0.0)], [0.796819, 0.0701185, 0.600135, 0.0)], [-0.604164, 0.0792319, 0.792911, 0.0)], [-0.563935, 2.31657, 0.0234102, 1.0)]])
-0.563935, 2.31657, 0.0234102
float3(-0.079315, -0.65111, -1.5004)
440669.90689225
normal
simd_float4x4([[-0.0186003, -0.996699, 0.0790288, 0.0)], [0.556723, 0.0553308, 0.828854, 0.0)], [-0.83049, 0.059414, 0.553856, 0.0)], [-0.508092, 2.32516, 0.0514292, 1.0)]])
-0.508092, 2.32516, 0.0514292
float3(-0.059449, -0.982631, -1.51534)
440670.107005458
normal
simd_float4x4([[-0.0350243, -0.998618, 0.0391951, 0.0)], [0.281866, 0.0277563, 0.959052, 0.0)], [-0.958815, 0.0446379, 0.280504, 0.0)], [-0.489166, 2.32957, 0.0902286, 1.0)]])
-0.489166, 2.32957, 0.0902286
float3(-0.0446528, -1.28619, -1.54301)
440670.307118708
normal
simd_float4x4([[-0.0340164, -0.999307, 0.0150978, 0.0)], [0.0114459, 0.014716, 0.999826, 0.0)], [-0.999356, 0.0341833, 0.0109374, 0.0)], [-0.49569, 2.33204, 0.0938602, 1.0)]])
-0.49569, 2.33204, 0.0938602
float3(-0.0341899, -1.55985, -1.55607)
440670.523908083
normal
simd_float4x4([[-0.0680315, -0.996617, -0.0461102, 0.0)], [-0.246772, -0.027972, 0.96867, 0.0)], [-0.966683, 0.0772787, -0.244034, 0.0)], [-0.500443, 2.32186, 0.0654079, 1.0)]])
-0.500443, 2.32186, 0.0654079
float3(-0.0773559, -1.81807, -1.59886)
440670.72402125
normal
simd_float4x4([[-0.0718621, -0.990819, -0.114516, 0.0)], [-0.407243, -0.0756595, 0.910181, 0.0)], [-0.910489, 0.112043, -0.398067, 0.0)], [-0.51511, 2.29893, 0.0241724, 1.0)]])
-0.51511, 2.29893, 0.0241724
float3(-0.112279, -1.98296, -1.64701)
440670.924134416
normal
simd_float4x4([[-0.121268, -0.984002, -0.130513, 0.0)], [-0.565538, -0.0395641, 0.823773, 0.0)], [-0.815758, 0.173707, -0.551693, 0.0)], [-0.55065, 2.27441, -0.0162583, 1.0)]])
-0.55065, 2.27441, -0.0162583
float3(-0.174593, -2.16543, -1.61098)
440671.140923666
normal
simd_float4x4([[-0.134628, -0.979299, -0.151161, 0.0)], [-0.662952, -0.0243611, 0.748266, 0.0)], [-0.736458, 0.20095, -0.645948, 0.0)], [-0.598301, 2.25271, -0.0520582, 1.0)]])
-0.598301, 2.25271, -0.0520582
float3(-0.202328, -2.29082, -1.59567)
440671.341036916
normal
simd_float4x4([[-0.13806, -0.977246, -0.16103, 0.0)], [-0.704039, -0.0175214, 0.709945, 0.0)], [-0.696612, 0.211386, -0.6856, 0.0)], [-0.63894, 2.23948, -0.0848106, 1.0)]])
-0.63894, 2.23948, -0.0848106
float3(-0.212993, -2.34823, -1.58872)
440671.541150166
normal
simd_float4x4([[-0.162566, -0.972135, -0.168896, 0.0)], [-0.705298, -0.00521652, 0.708892, 0.0)], [-0.69002, 0.234364, -0.684796, 0.0)], [-0.683075, 2.22692, -0.110525, 1.0)]])
-0.683075, 2.22692, -0.110525
float3(-0.236564, -2.3524, -1.57616)
440671.757939375
normal
simd_float4x4([[-0.165227, -0.974296, -0.153125, 0.0)], [-0.672186, -0.00236766, 0.740378, 0.0)], [-0.72171, 0.225259, -0.654517, 0.0)], [-0.734116, 2.22847, -0.159207, 1.0)]])
-0.734116, 2.22847, -0.159207
float3(-0.227209, -2.30741, -1.57323)
440671.974728708
normal
simd_float4x4([[-0.138735, -0.981527, -0.131749, 0.0)], [-0.655347, -0.00874932, 0.755278, 0.0)], [-0.742478, 0.191124, -0.642027, 0.0)], [-0.781821, 2.22967, -0.215282, 1.0)]])
-0.781821, 2.22967, -0.215282
float3(-0.192307, -2.28377, -1.57971)
440672.191518083
normal
simd_float4x4([[-0.160564, -0.977728, -0.135154, 0.0)], [-0.655075, 0.00313411, 0.755558, 0.0)], [-0.738307, 0.209851, -0.640988, 0.0)], [-0.82079, 2.22465, -0.281732, 1.0)]])
-0.82079, 2.22465, -0.281732
float3(-0.211423, -2.28575, -1.56759)
440672.391631291
normal
simd_float4x4([[-0.163279, -0.970963, -0.174843, 0.0)], [-0.664395, -0.0227938, 0.747034, 0.0)], [-0.729328, 0.23814, -0.641382, 0.0)], [-0.772096, 2.24101, -0.240916, 1.0)]])
-0.772096, 2.24101, -0.240916
float3(-0.24045, -2.29212, -1.59427)
440672.608420416
normal
simd_float4x4([[-0.142041, -0.978399, -0.150199, 0.0)], [-0.714605, -0.00364289, 0.699519, 0.0)], [-0.684956, 0.206693, -0.698651, 0.0)], [-0.749688, 2.23774, -0.285198, 1.0)]])
-0.749688, 2.23774, -0.285198
float3(-0.208194, -2.36609, -1.57452)
440672.808533833
normal
simd_float4x4([[-0.118601, -0.982267, -0.145209, 0.0)], [-0.779049, 0.00137981, 0.626961, 0.0)], [-0.615643, 0.187483, -0.765398, 0.0)], [-0.709122, 2.22584, -0.330194, 1.0)]])
-0.709122, 2.22584, -0.330194
float3(-0.188599, -2.46421, -1.56939)
440673.008646958
normal
simd_float4x4([[-0.0987679, -0.979871, -0.173486, 0.0)], [-0.80184, -0.0248796, 0.597021, 0.0)], [-0.58932, 0.198074, -0.783242, 0.0)], [-0.671886, 2.18994, -0.351257, 1.0)]])
-0.671886, 2.18994, -0.351257
float3(-0.199393, -2.49655, -1.59618)
440673.208760041
normal
simd_float4x4([[-0.105129, -0.982317, -0.15492, 0.0)], [-0.779666, -0.0152865, 0.626009, 0.0)], [-0.617308, 0.186597, -0.764272, 0.0)], [-0.638708, 2.17554, -0.363521, 1.0)]])
-0.638708, 2.17554, -0.363521
float3(-0.187697, -2.46217, -1.58636)
440673.425549375
normal
simd_float4x4([[-0.107917, -0.985191, -0.133242, 0.0)], [-0.748495, -0.00769083, 0.663096, 0.0)], [-0.6543, 0.171291, -0.73658, 0.0)], [-0.60337, 2.17852, -0.365087, 1.0)]])
-0.60337, 2.17852, -0.365087
float3(-0.17214, -2.41528, -1.5786)
440673.6423385
normal
simd_float4x4([[-0.0896578, -0.989184, -0.116091, 0.0)], [-0.714853, -0.017249, 0.699062, 0.0)], [-0.693503, 0.145664, -0.705575, 0.0)], [-0.574235, 2.18763, -0.354166, 1.0)]])
-0.574235, 2.18763, -0.354166
float3(-0.146184, -2.36482, -1.58823)
440673.842451916
normal
simd_float4x4([[-0.0695612, -0.991204, -0.112585, 0.0)], [-0.692182, -0.0333129, 0.720954, 0.0)], [-0.718363, 0.12808, -0.683776, 0.0)], [-0.592549, 2.17767, -0.371237, 1.0)]])
-0.592549, 2.17767, -0.371237
float3(-0.128433, -2.33153, -1.60439)
440674.059241
normal
simd_float4x4([[-0.0766889, -0.992724, -0.0928282, 0.0)], [-0.68265, -0.0155801, 0.73058, 0.0)], [-0.726711, 0.119397, -0.676488, 0.0)], [-0.568213, 2.18154, -0.362938, 1.0)]])
-0.568213, 2.18154, -0.362938
float3(-0.119682, -2.32042, -1.58649)
440674.25935425
normal
simd_float4x4([[-0.0544056, -0.995066, -0.0829662, 0.0)], [-0.703158, -0.0208134, 0.710729, 0.0)], [-0.708949, 0.097006, -0.698556, 0.0)], [-0.555057, 2.18583, -0.352363, 1.0)]])
-0.555057, 2.18583, -0.352363
float3(-0.0971588, -2.34881, -1.59171)
440674.4761435
normal
simd_float4x4([[-0.0475858, -0.99418, -0.0966502, 0.0)], [-0.725688, -0.0320795, 0.687275, 0.0)], [-0.686376, 0.102842, -0.719939, 0.0)], [-0.535841, 2.18778, -0.334982, 1.0)]])
-0.535841, 2.18778, -0.334982
float3(-0.103025, -2.38006, -1.60305)
440674.692932791
normal
simd_float4x4([[-0.0372753, -0.994679, -0.096044, 0.0)], [-0.751311, -0.0354759, 0.658995, 0.0)], [-0.658895, 0.0967231, -0.74599, 0.0)], [-0.546001, 2.1848, -0.344149, 1.0)]])
-0.546001, 2.1848, -0.344149
float3(-0.0968745, -2.41811, -1.60645)
440674.893045958
normal
simd_float4x4([[-0.0301995, -0.995696, -0.0876207, 0.0)], [-0.776795, -0.0317871, 0.628951, 0.0)], [-0.62903, 0.0870573, -0.772491, 0.0)], [-0.538587, 2.18707, -0.337011, 1.0)]])
-0.538587, 2.18707, -0.337011
float3(-0.0871676, -2.4582, -1.60271)
440675.093159166
normal
simd_float4x4([[-0.0260798, -0.996285, -0.0820738, 0.0)], [-0.789199, -0.0298738, 0.61341, 0.0)], [-0.613583, 0.0807702, -0.785488, 0.0)], [-0.542415, 2.18535, -0.3401, 1.0)]])
-0.542415, 2.18535, -0.3401
float3(-0.0808583, -2.47845, -1.60077)
440675.29327225
normal
