ARKit Data
335416.811214833
limited(__ObjC.ARCamera.TrackingState.Reason.initializing)
simd_float4x4([[-0.0570667, -0.99216, 0.111149, 0.0)], [0.97609, -0.0320577, 0.214988, 0.0)], [-0.209739, 0.12076, 0.970268, 0.0)], [0.0, 0.0, 0.0, 1.0)]])
0.0, 0.0, 0.0
float3(-0.121056, -0.212891, -1.6031)
335417.13241225
notAvailable
simd_float4x4([[1.0, 0.0, 0.0, 0.0)], [0.0, 1.0, 0.0, 0.0)], [0.0, 0.0, 1.0, 0.0)], [0.0, 0.0, 0.0, 1.0)]])
0.0, 0.0, 0.0
float3(-0.0, 0.0, 0.0)
335417.249061
notAvailable
simd_float4x4([[1.0, 0.0, 0.0, 0.0)], [0.0, 1.0, 0.0, 0.0)], [0.0, 0.0, 1.0, 0.0)], [0.0, 0.0, 0.0, 1.0)]])
0.0, 0.0, 0.0
float3(-0.0, 0.0, 0.0)
335417.365709375
limited(__ObjC.ARCamera.TrackingState.Reason.initializing)
simd_float4x4([[0.0126919, -0.995304, 0.0959617, 0.0)], [0.999919, 0.0126994, -0.000532123, 0.0)], [-0.000689033, 0.0959607, 0.995385, 0.0)], [0.0, 0.0, 0.0, 1.0)]])
0.0, 0.0, 0.0
float3(-0.0961086, -0.000692228, -1.55804)
335417.482358
limited(__ObjC.ARCamera.TrackingState.Reason.initializing)
simd_float4x4([[0.00136127, -0.994788, 0.101952, 0.0)], [0.999996, 0.00109193, -0.00269751, 0.0)], [0.00257213, 0.101956, 0.994786, 0.0)], [0.0, 0.0, 0.0, 1.0)]])
0.0, 0.0, 0.0
float3(-0.102133, 0.00258561, -1.5697)
335417.599006541
limited(__ObjC.ARCamera.TrackingState.Reason.initializing)
simd_float4x4([[0.0100863, -0.994684, 0.102482, 0.0)], [0.999949, 0.0100763, -0.000615595, 0.0)], [-0.000420316, 0.102483, 0.994735, 0.0)], [0.0, 0.0, 0.0, 1.0)]])
0.0, 0.0, 0.0
float3(-0.102663, -0.00042254, -1.56067)
335417.715655041
limited(__ObjC.ARCamera.TrackingState.Reason.initializing)
simd_float4x4([[0.0128201, -0.995987, 0.0885661, 0.0)], [0.999914, 0.0130249, 0.00173425, 0.0)], [-0.00288085, 0.0885362, 0.996068, 0.0)], [0.0, 0.0, 0.0, 1.0)]])
0.0, 0.0, 0.0
float3(-0.0886523, -0.00289221, -1.55772)
335417.832303583
limited(__ObjC.ARCamera.TrackingState.Reason.initializing)
simd_float4x4([[0.0109013, -0.997169, 0.0743763, 0.0)], [0.99987, 0.0117564, 0.0110687, 0.0)], [-0.0119117, 0.0742459, 0.997167, 0.0)], [0.0, 0.0, 0.0, 1.0)]])
0.0, 0.0, 0.0
float3(-0.0743143, -0.011945, -1.55901)
335417.948952
limited(__ObjC.ARCamera.TrackingState.Reason.initializing)
simd_float4x4([[0.00837928, -0.99825, 0.0584906, 0.0)], [0.999912, 0.00896578, 0.00977262, 0.0)], [-0.0102799, 0.0584035, 0.998237, 0.0)], [0.0, 0.0, 0.0, 1.0)]])
0.0, 0.0, 0.0
float3(-0.0584368, -0.0102977, -1.56182)
335418.065600625
limited(__ObjC.ARCamera.TrackingState.Reason.initializing)
simd_float4x4([[0.00385972, -0.999042, 0.0435346, 0.0)], [0.999972, 0.00413776, 0.0062988, 0.0)], [-0.00647291, 0.0435091, 0.99903, 0.0)], [0.0, 0.0, 0.0, 1.0)]])
0.0, 0.0, 0.0
float3(-0.0435228, -0.00647911, -1.56665)
335418.18224925
limited(__ObjC.ARCamera.TrackingState.Reason.initializing)
simd_float4x4([[0.00376031, -0.999749, 0.0219978, 0.0)], [0.999982, 0.00386105, 0.00453928, 0.0)], [-0.00462308, 0.0219803, 0.999746, 0.0)], [0.0, 0.0, 0.0, 1.0)]])
0.0, 0.0, 0.0
float3(-0.0219821, -0.00462423, -1.56693)
335418.298897791
limited(__ObjC.ARCamera.TrackingState.Reason.initializing)
simd_float4x4([[0.0034883, -0.999976, 0.00534923, 0.0)], [0.999971, 0.00352445, 0.00676885, 0.0)], [-0.00678755, 0.00532546, 0.999959, 0.0)], [0.0, 0.0, 0.0, 1.0)]])
0.0, 0.0, 0.0
float3(-0.00532548, -0.00678773, -1.56727)
335418.41554625
limited(__ObjC.ARCamera.TrackingState.Reason.initializing)
simd_float4x4([[-0.00264334, -0.999935, -0.0107847, 0.0)], [0.999995, -0.00262179, -0.00201088, 0.0)], [0.00198247, -0.0107899, 0.999937, 0.0)], [0.0, 0.0, 0.0, 1.0)]])
0.0, 0.0, 0.0
float3(0.0107901, 0.00198259, -1.57342)
335418.532194875
limited(__ObjC.ARCamera.TrackingState.Reason.initializing)
simd_float4x4([[-0.0136273, -0.999623, -0.0237085, 0.0)], [0.999806, -0.013284, -0.0145749, 0.0)], [0.0142544, -0.0239025, 0.99961, 0.0)], [0.0, 0.0, 0.0, 1.0)]])
0.0, 0.0, 0.0
float3(0.0239047, 0.014259, -1.58408)
335418.6488435
limited(__ObjC.ARCamera.TrackingState.Reason.initializing)
simd_float4x4([[-0.0167406, -0.999667, -0.0194343, 0.0)], [0.999607, -0.0162958, -0.0228193, 0.0)], [0.0224951, -0.0198087, 0.999547, 0.0)], [0.0, 0.0, 0.0, 1.0)]])
0.0, 0.0, 0.0
float3(0.01981, 0.0225015, -1.5871)
335418.765492208
limited(__ObjC.ARCamera.TrackingState.Reason.initializing)
simd_float4x4([[-0.0204209, -0.999783, -0.00311798, 0.0)], [0.999547, -0.0203468, -0.0221668, 0.0)], [0.0220986, -0.00356923, 0.999746, 0.0)], [0.0, 0.0, 0.0, 1.0)]])
0.0, 0.0, 0.0
float3(0.00356924, 0.0221006, -1.59114)
335418.882140708
limited(__ObjC.ARCamera.TrackingState.Reason.initializing)
simd_float4x4([[-0.0201018, -0.999727, 0.0117369, 0.0)], [0.9995, -0.0203809, -0.0241743, 0.0)], [0.0244069, 0.0112451, 0.999636, 0.0)], [0.0, 0.0, 0.0, 1.0)]])
0.0, 0.0, 0.0
float3(-0.0112453, 0.0244109, -1.59118)
335418.998789375
limited(__ObjC.ARCamera.TrackingState.Reason.initializing)
simd_float4x4([[-0.0129464, -0.999239, 0.0367471, 0.0)], [0.999765, -0.0135752, -0.0169139, 0.0)], [0.0173999, 0.0365195, 0.999179, 0.0)], [0.0, 0.0, 0.0, 1.0)]])
0.0, 0.0, 0.0
float3(-0.0365277, 0.0174124, -1.58438)
335419.115438083
limited(__ObjC.ARCamera.TrackingState.Reason.initializing)
simd_float4x4([[-0.0106811, -0.998132, 0.0601244, 0.0)], [0.999882, -0.0113243, -0.0103688, 0.0)], [0.0110303, 0.0600066, 0.998135, 0.0)], [0.0, 0.0, 0.0, 1.0)]])
0.0, 0.0, 0.0
float3(-0.0600426, 0.0110504, -1.58214)
335419.232086541
limited(__ObjC.ARCamera.TrackingState.Reason.initializing)
simd_float4x4([[-0.0115494, -0.99705, 0.0758626, 0.0)], [0.999881, -0.0122914, -0.00932177, 0.0)], [0.0102267, 0.0757459, 0.997073, 0.0)], [0.0, 0.0, 0.0, 1.0)]])
0.0, 0.0, 0.0
float3(-0.0758186, 0.0102564, -1.58312)
335419.348735208
limited(__ObjC.ARCamera.TrackingState.Reason.initializing)
simd_float4x4([[-0.0134145, -0.994558, 0.103309, 0.0)], [0.999899, -0.0138272, -0.00328059, 0.0)], [0.00469119, 0.103254, 0.994643, 0.0)], [0.0, 0.0, 0.0, 1.0)]])
0.0, 0.0, 0.0
float3(-0.103439, 0.00471643, -1.5847)
335419.465384041
limited(__ObjC.ARCamera.TrackingState.Reason.initializing)
simd_float4x4([[-0.0147265, -0.992352, 0.122559, 0.0)], [0.999891, -0.0144783, 0.00291591, 0.0)], [-0.00111918, 0.122588, 0.992456, 0.0)], [0.0, 0.0, 0.0, 1.0)]])
0.0, 0.0, 0.0
float3(-0.122897, -0.00112768, -1.58539)
335419.58203275
limited(__ObjC.ARCamera.TrackingState.Reason.initializing)
simd_float4x4([[-0.0144086, -0.989203, 0.14584, 0.0)], [0.999893, -0.0138644, 0.00474702, 0.0)], [-0.0026738, 0.145892, 0.989296, 0.0)], [0.0, 0.0, 0.0, 1.0)]])
0.0, 0.0, 0.0
float3(-0.146415, -0.00270272, -1.58481)
335419.698681291
limited(__ObjC.ARCamera.TrackingState.Reason.initializing)
simd_float4x4([[-0.00810727, -0.986173, 0.165513, 0.0)], [0.999965, -0.00766438, 0.00331437, 0.0)], [-0.002, 0.165534, 0.986201, 0.0)], [0.0, 0.0, 0.0, 1.0)]])
0.0, 0.0, 0.0
float3(-0.166299, -0.00202799, -1.57857)
335419.815330041
limited(__ObjC.ARCamera.TrackingState.Reason.initializing)
simd_float4x4([[-0.00739748, -0.985942, 0.166912, 0.0)], [0.999964, -0.00800699, -0.002979, 0.0)], [0.00427357, 0.166884, 0.985966, 0.0)], [0.0, 0.0, 0.0, 1.0)]])
0.0, 0.0, 0.0
float3(-0.167669, 0.00433438, -1.57892)
335419.931978833
limited(__ObjC.ARCamera.TrackingState.Reason.initializing)
simd_float4x4([[-0.0109753, -0.98855, 0.15048, 0.0)], [0.999921, -0.00993264, 0.0076788, 0.0)], [-0.00609625, 0.150552, 0.988582, 0.0)], [0.0, 0.0, 0.0, 1.0)]])
0.0, 0.0, 0.0
float3(-0.151127, -0.00616659, -1.58084)
335420.048627375
limited(__ObjC.ARCamera.TrackingState.Reason.initializing)
simd_float4x4([[-0.0109032, -0.99109, 0.132729, 0.0)], [0.999301, -0.00605378, 0.0368857, 0.0)], [-0.0357536, 0.133038, 0.990463, 0.0)], [0.0, 0.0, 0.0, 1.0)]])
0.0, 0.0, 0.0
float3(-0.133434, -0.0360822, -1.5769)
335420.165276291
limited(__ObjC.ARCamera.TrackingState.Reason.initializing)
simd_float4x4([[-0.00815826, -0.992804, 0.11945, 0.0)], [0.997079, 0.000994433, 0.0763657, 0.0)], [-0.0759352, 0.119724, 0.989896, 0.0)], [0.0, 0.0, 0.0, 1.0)]])
0.0, 0.0, 0.0
float3(-0.120012, -0.0765604, -1.56979)
335420.281924916
limited(__ObjC.ARCamera.TrackingState.Reason.initializing)
simd_float4x4([[-0.00904331, -0.99444, 0.104895, 0.0)], [0.993642, 0.00283559, 0.112549, 0.0)], [-0.112221, 0.105246, 0.988091, 0.0)], [0.0, 0.0, 0.0, 1.0)]])
0.0, 0.0, 0.0
float3(-0.105442, -0.113089, -1.56794)
335420.39857375
limited(__ObjC.ARCamera.TrackingState.Reason.initializing)
simd_float4x4([[-0.00908832, -0.995288, 0.0965059, 0.0)], [0.990039, 0.0046038, 0.14072, 0.0)], [-0.140501, 0.0968235, 0.985332, 0.0)], [0.0, 0.0, 0.0, 1.0)]])
0.0, 0.0, 0.0
float3(-0.0969754, -0.141638, -1.56617)
335420.515222375
limited(__ObjC.ARCamera.TrackingState.Reason.initializing)
simd_float4x4([[-0.0117338, -0.995358, 0.0955032, 0.0)], [0.990552, 0.00147984, 0.137128, 0.0)], [-0.136634, 0.0962099, 0.985936, 0.0)], [0.0, 0.0, 0.0, 1.0)]])
0.0, 0.0, 0.0
float3(-0.096359, -0.137705, -1.56931)
335420.631871208
limited(__ObjC.ARCamera.TrackingState.Reason.initializing)
simd_float4x4([[-0.0117661, -0.995563, 0.0933378, 0.0)], [0.994433, -0.00187526, 0.105357, 0.0)], [-0.104715, 0.0940579, 0.990042, 0.0)], [0.0, 0.0, 0.0, 1.0)]])
0.0, 0.0, 0.0
float3(-0.0941971, -0.105377, -1.57268)
335420.748519958
limited(__ObjC.ARCamera.TrackingState.Reason.initializing)
simd_float4x4([[-0.0118366, -0.995521, 0.093771, 0.0)], [0.998583, -0.0069023, 0.052773, 0.0)], [-0.0518895, 0.0942628, 0.994192, 0.0)], [0.0, 0.0, 0.0, 1.0)]])
0.0, 0.0, 0.0
float3(-0.0944029, -0.0521454, -1.57773)
335420.865168708
limited(__ObjC.ARCamera.TrackingState.Reason.initializing)
simd_float4x4([[-0.00936025, -0.995566, 0.0935852, 0.0)], [0.999916, -0.0101591, -0.00806382, 0.0)], [0.0089788, 0.0935019, 0.995577, 0.0)], [0.0, 0.0, 0.0, 1.0)]])
0.0, 0.0, 0.0
float3(-0.0936387, 0.00901845, -1.581)
335420.981817458
limited(__ObjC.ARCamera.TrackingState.Reason.initializing)
simd_float4x4([[-0.00578737, -0.995258, 0.0970826, 0.0)], [0.997774, -0.0121975, -0.0655657, 0.0)], [0.066439, 0.096487, 0.993113, 0.0)], [0.0, 0.0, 0.0, 1.0)]])
0.0, 0.0, 0.0
float3(-0.0966373, 0.0668003, -1.58305)
335421.09846625
normal
simd_float4x4([[0.00699555, -0.996008, 0.0889859, 0.0)], [0.994793, -0.00211669, -0.101897, 0.0)], [0.101678, 0.0892354, 0.990807, 0.0)], [-0.0013648, 0.00027104, 0.000193746, 1.0)]])
-0.0013648, 0.00027104, 0.000193746
float3(-0.0893542, 0.102264, -1.57292)
335421.215115083
normal
simd_float4x4([[0.00708846, -0.996279, 0.0858913, 0.0)], [0.993649, -0.00262823, -0.11249, 0.0)], [0.112297, 0.0861432, 0.989934, 0.0)], [-0.00145928, 0.00164661, 0.00117605, 1.0)]])
-0.00145928, 0.00164661, 0.00117605
float3(-0.0862501, 0.112956, -1.57343)
335421.331763791
normal
simd_float4x4([[0.00606331, -0.9966, 0.0821664, 0.0)], [0.995781, -0.00150646, -0.0917536, 0.0)], [0.0915655, 0.0823761, 0.992386, 0.0)], [0.00521878, 0.00323252, 0.0010775, 1.0)]])
0.00521878, 0.00323252, 0.0010775
float3(-0.0824695, 0.0920075, -1.57231)
335421.448412541
normal
simd_float4x4([[0.00420038, -0.996702, 0.081034, 0.0)], [0.99846, -0.000301728, -0.0554662, 0.0)], [0.0553077, 0.0811422, 0.995167, 0.0)], [0.0182437, 0.00453624, 0.00131278, 1.0)]])
0.0182437, 0.00453624, 0.00131278
float3(-0.0812315, 0.0555192, -1.5711)
335421.565061375
normal
simd_float4x4([[0.000347625, -0.996632, 0.0819988, 0.0)], [0.999647, -0.00183284, -0.0265147, 0.0)], [0.0265757, 0.081979, 0.99628, 0.0)], [0.0286084, 0.00489007, 0.00231767, 1.0)]])
0.0286084, 0.00489007, 0.00231767
float3(-0.0820711, 0.0266686, -1.57264)
335421.681710333
normal
simd_float4x4([[-0.00126657, -0.996645, 0.0818316, 0.0)], [0.999944, -0.00212312, -0.0103811, 0.0)], [0.01052, 0.0818139, 0.996592, 0.0)], [0.0335501, 0.00529477, 0.00330727, 1.0)]])
0.0335501, 0.00529477, 0.00330727
float3(-0.0819054, 0.0105556, -1.57293)
335421.798358958
normal
simd_float4x4([[-0.000985124, -0.99657, 0.0827533, 0.0)], [0.99998, -0.00149381, -0.00608529, 0.0)], [0.00618803, 0.0827457, 0.996552, 0.0)], [0.0333988, 0.00578546, 0.00320506, 1.0)]])
0.0333988, 0.00578546, 0.00320506
float3(-0.0828404, 0.00620936, -1.5723)
335421.915007791
normal
simd_float4x4([[-0.000274343, -0.99656, 0.0828752, 0.0)], [0.999978, -0.000823352, -0.00659043, 0.0)], [0.006636, 0.0828715, 0.996538, 0.0)], [0.0315208, 0.00645761, 0.00400121, 1.0)]])
0.0315208, 0.00645761, 0.00400121
float3(-0.0829667, 0.00665895, -1.57162)
335422.031656708
normal
simd_float4x4([[0.00180269, -0.996609, 0.0822688, 0.0)], [0.999945, 0.000947568, -0.0104321, 0.0)], [0.0103188, 0.0822831, 0.996556, 0.0)], [0.0281841, 0.00714425, 0.0046861, 1.0)]])
0.0281841, 0.00714425, 0.0046861
float3(-0.0823762, 0.0103541, -1.56985)
335422.148305541
normal
simd_float4x4([[0.000948752, -0.99669, 0.0812874, 0.0)], [0.999881, -0.000308053, -0.0154473, 0.0)], [0.0154212, 0.0812924, 0.996571, 0.0)], [0.025831, 0.00766115, 0.00742201, 1.0)]])
0.025831, 0.00766115, 0.00742201
float3(-0.0813822, 0.015473, -1.57111)
335422.264954333
normal
simd_float4x4([[0.0010068, -0.99648, 0.0838228, 0.0)], [0.999806, -0.000644669, -0.0196726, 0.0)], [0.0196574, 0.0838263, 0.996286, 0.0)], [0.024425, 0.00745621, 0.00803378, 1.0)]])
0.024425, 0.00745621, 0.00803378
float3(-0.0839248, 0.0197281, -1.57144)
335422.381603291
normal
simd_float4x4([[0.000707841, -0.996314, 0.0857741, 0.0)], [0.99981, -0.000966542, -0.0194778, 0.0)], [0.0194889, 0.0857716, 0.996124, 0.0)], [0.0246458, 0.00702355, 0.00822409, 1.0)]])
0.0246458, 0.00702355, 0.00822409
float3(-0.0858771, 0.0195622, -1.57177)
335422.498252041
normal
simd_float4x4([[-0.00190095, -0.996422, 0.0844939, 0.0)], [0.99979, -0.00361846, -0.0201785, 0.0)], [0.020412, 0.0844378, 0.99622, 0.0)], [0.0255112, 0.00723901, 0.00923784, 1.0)]])
0.0255112, 0.00723901, 0.00923784
float3(-0.0845384, 0.0204866, -1.57443)
335422.614900916
normal
simd_float4x4([[-0.00185181, -0.996533, 0.0831726, 0.0)], [0.999801, -0.00349722, -0.0196418, 0.0)], [0.0198646, 0.0831197, 0.996342, 0.0)], [0.0245357, 0.00815229, 0.00990293, 1.0)]])
0.0245357, 0.00815229, 0.00990293
float3(-0.0832157, 0.0199349, -1.57431)
335422.731549875
normal
simd_float4x4([[0.000886661, -0.996694, 0.0812426, 0.0)], [0.999734, -0.000988366, -0.0230362, 0.0)], [0.0230404, 0.0812414, 0.996428, 0.0)], [0.00697823, 0.0204575, -0.00158588, 1.0)]])
0.00697823, 0.0204575, -0.00158588
float3(-0.0813311, 0.0231189, -1.57179)
335422.848198708
normal
simd_float4x4([[0.00220129, -0.996734, 0.0807238, 0.0)], [0.999705, 0.000239583, -0.0243031, 0.0)], [0.0242044, 0.0807535, 0.99644, 0.0)], [0.00802292, 0.0193279, -0.000483819, 1.0)]])
0.00802292, 0.0193279, -0.000483819
float3(-0.0808415, 0.0242861, -1.57056)
335422.964847541
normal
simd_float4x4([[0.00309121, -0.996815, 0.0796883, 0.0)], [0.999656, 0.0010056, -0.0261989, 0.0)], [0.0260353, 0.0797419, 0.996476, 0.0)], [0.00962733, 0.0184421, 0.00112231, 1.0)]])
0.00962733, 0.0184421, 0.00112231
float3(-0.0798267, 0.0261215, -1.56979)
335423.081496416
normal
simd_float4x4([[0.00149533, -0.996965, 0.0778316, 0.0)], [0.999751, -0.000243819, -0.0223308, 0.0)], [0.022282, 0.0778456, 0.996716, 0.0)], [0.0114311, 0.0184018, 0.00212589, 1.0)]])
0.0114311, 0.0184018, 0.00212589
float3(-0.0779245, 0.0223517, -1.57104)
335423.198145416
normal
simd_float4x4([[-0.000604156, -0.996922, 0.078393, 0.0)], [0.999946, -0.00141258, -0.0102574, 0.0)], [0.0103366, 0.0783826, 0.99687, 0.0)], [0.0153538, 0.0181151, 0.00135731, 1.0)]])
0.0153538, 0.0181151, 0.00135731
float3(-0.078463, 0.0103687, -1.57221)
335423.314794291
normal
simd_float4x4([[-0.00125413, -0.996911, 0.0785307, 0.0)], [0.999933, -0.00034975, 0.0115289, 0.0)], [-0.0114658, 0.0785399, 0.996845, 0.0)], [0.0210363, 0.0182816, 0.00173934, 1.0)]])
0.0210363, 0.0182816, 0.00173934
float3(-0.0786209, -0.0115016, -1.57115)
335423.431443166
normal
simd_float4x4([[-0.00345636, -0.997087, 0.0761987, 0.0)], [0.999278, -0.000560079, 0.0379983, 0.0)], [-0.0378449, 0.0762749, 0.996368, 0.0)], [0.0280465, 0.0192465, 0.0023261, 1.0)]])
0.0280465, 0.0192465, 0.0023261
float3(-0.0763491, -0.0379646, -1.57136)
335423.548092125
normal
simd_float4x4([[-0.00503741, -0.997313, 0.0730866, 0.0)], [0.997786, -0.000165971, 0.0665065, 0.0)], [-0.0663156, 0.0732598, 0.995106, 0.0)], [0.0339012, 0.0196439, 0.00366926, 1.0)]])
0.0339012, 0.0196439, 0.00366926
float3(-0.0733254, -0.0665434, -1.57096)
335423.664741041
normal
simd_float4x4([[-0.00615777, -0.99735, 0.0724866, 0.0)], [0.99529, 0.000900025, 0.0969339, 0.0)], [-0.0967423, 0.0727421, 0.992648, 0.0)], [0.0406886, 0.0194112, 0.00449742, 1.0)]])
0.0406886, 0.0194112, 0.00449742
float3(-0.0728064, -0.097152, -1.56989)
335423.78139
normal
simd_float4x4([[-0.0069894, -0.997395, 0.0717897, 0.0)], [0.991482, 0.00242522, 0.130224, 0.0)], [-0.130059, 0.0720883, 0.988882, 0.0)], [0.0468091, 0.019676, 0.00516408, 1.0)]])
0.0468091, 0.019676, 0.00516408
float3(-0.0721509, -0.130771, -1.56836)
335423.898038958
normal
simd_float4x4([[-0.00645032, -0.997307, 0.0730622, 0.0)], [0.986022, 0.00582144, 0.166514, 0.0)], [-0.166491, 0.073115, 0.983329, 0.0)], [0.0533585, 0.0197979, 0.00637967, 1.0)]])
0.0533585, 0.0197979, 0.00637967
float3(-0.0731803, -0.167723, -1.56496)
335424.014687833
normal
simd_float4x4([[-0.00694763, -0.997102, 0.0757642, 0.0)], [0.978773, 0.00873871, 0.204761, 0.0)], [-0.204829, 0.0755785, 0.975875, 0.0)], [0.0614655, 0.0196763, 0.00621793, 1.0)]])
0.0614655, 0.0196763, 0.00621793
float3(-0.0756507, -0.20689, -1.56203)
335424.131336833
normal
simd_float4x4([[-0.00823325, -0.997067, 0.0760857, 0.0)], [0.969693, 0.0106196, 0.244096, 0.0)], [-0.244188, 0.0757895, 0.966762, 0.0)], [0.0699002, 0.0197862, 0.0062296, 1.0)]])
0.0699002, 0.0197862, 0.0062296
float3(-0.0758622, -0.247408, -1.56015)
335424.247985833
normal
simd_float4x4([[-0.0123136, -0.996973, 0.0767714, 0.0)], [0.957859, 0.0102742, 0.287057, 0.0)], [-0.286977, 0.0770708, 0.954832, 0.0)], [0.0798533, 0.0200666, 0.00647189, 1.0)]])
0.0798533, 0.0200666, 0.00647189
float3(-0.0771473, -0.291963, -1.56049)
335424.364634708
normal
simd_float4x4([[-0.0176237, -0.997008, 0.0752636, 0.0)], [0.94376, 0.00826888, 0.330527, 0.0)], [-0.330161, 0.0768559, 0.940791, 0.0)], [0.0914936, 0.0202248, 0.00693503, 1.0)]])
0.0914936, 0.0202248, 0.00693503
float3(-0.0769317, -0.337512, -1.5625)
335424.481283666
normal
simd_float4x4([[-0.0205668, -0.997006, 0.0745338, 0.0)], [0.926579, 0.00899423, 0.375991, 0.0)], [-0.375536, 0.0767945, 0.923621, 0.0)], [0.100297, 0.0200956, 0.00849799, 1.0)]])
0.100297, 0.0200956, 0.00849799
float3(-0.0768702, -0.386176, -1.56178)
335424.581290666
normal
simd_float4x4([[-0.0246216, -0.997127, 0.0716288, 0.0)], [0.908625, 0.0075581, 0.417545, 0.0)], [-0.416887, 0.0753643, 0.905829, 0.0)], [0.108352, 0.021155, 0.010264, 1.0)]])
0.108352, 0.021155, 0.010264
float3(-0.0754358, -0.431326, -1.56322)
335424.681341708
normal
simd_float4x4([[-0.0294874, -0.997243, 0.068093, 0.0)], [0.889152, 0.00495333, 0.457586, 0.0)], [-0.456662, 0.074038, 0.886554, 0.0)], [0.110186, 0.0212821, 0.0116289, 1.0)]])
0.110186, 0.0212821, 0.0116289
float3(-0.0741058, -0.475652, -1.56583)
335424.781392916
normal
simd_float4x4([[-0.0346553, -0.997045, 0.0685591, 0.0)], [0.868224, 0.00393917, 0.496157, 0.0)], [-0.494961, 0.0767191, 0.865522, 0.0)], [0.116408, 0.0221707, 0.0112792, 1.0)]])
0.116408, 0.0221707, 0.0112792
float3(-0.0767946, -0.519474, -1.56685)
335424.881444208
normal
simd_float4x4([[-0.0380547, -0.997451, 0.0603522, 0.0)], [0.846561, -9.09449e-05, 0.532291, 0.0)], [-0.530929, 0.0713481, 0.844408, 0.0)], [0.126422, 0.02365, 0.0137806, 1.0)]])
0.126422, 0.02365, 0.0137806
float3(-0.0714087, -0.561298, -1.57089)
335424.981495458
normal
simd_float4x4([[-0.0406501, -0.997623, 0.0556381, 0.0)], [0.819659, -0.00145038, 0.57285, 0.0)], [-0.571408, 0.0688907, 0.81777, 0.0)], [0.137007, 0.0253204, 0.0161196, 1.0)]])
0.137007, 0.0253204, 0.0161196
float3(-0.0689453, -0.609879, -1.57225)
335425.081546583
normal
simd_float4x4([[-0.0415556, -0.997918, 0.0493315, 0.0)], [0.788677, -0.00244983, 0.614803, 0.0)], [-0.613402, 0.0644551, 0.787136, 0.0)], [0.144126, 0.0276687, 0.0190051, 1.0)]])
0.144126, 0.0276687, 0.0190051
float3(-0.0644998, -0.66198, -1.57325)
335425.181597916
normal
simd_float4x4([[-0.0444866, -0.99787, 0.0477201, 0.0)], [0.755119, -0.00231311, 0.655584, 0.0)], [-0.654077, 0.065199, 0.753613, 0.0)], [0.150757, 0.0287872, 0.0237832, 1.0)]])
0.150757, 0.0287872, 0.0237832
float3(-0.0652453, -0.714806, -1.57311)
335425.281649041
normal
simd_float4x4([[-0.0470432, -0.997951, 0.0433773, 0.0)], [0.718247, -0.00361504, 0.695779, 0.0)], [-0.694196, 0.0638873, 0.716945, 0.0)], [0.156726, 0.0292497, 0.0308027, 1.0)]])
0.156726, 0.0292497, 0.0308027
float3(-0.0639308, -0.769279, -1.57442)
335425.38170025
normal
simd_float4x4([[-0.050117, -0.997858, 0.0420408, 0.0)], [0.67621, -0.00292429, 0.736703, 0.0)], [-0.735002, 0.0653497, 0.674908, 0.0)], [0.162272, 0.0287405, 0.0398575, 1.0)]])
0.162272, 0.0287405, 0.0398575
float3(-0.0653963, -0.827995, -1.57373)
335425.4817515
normal
simd_float4x4([[-0.0518121, -0.997917, 0.0384331, 0.0)], [0.630468, -0.00283963, 0.77621, 0.0)], [-0.774484, 0.0644479, 0.629302, 0.0)], [0.165386, 0.0266734, 0.04879, 1.0)]])
0.165386, 0.0266734, 0.04879
float3(-0.0644926, -0.888454, -1.57364)
335425.581802666
normal
simd_float4x4([[-0.0530412, -0.997867, 0.0380663, 0.0)], [0.580387, 0.00021502, 0.814341, 0.0)], [-0.812612, 0.0652868, 0.579137, 0.0)], [0.165457, 0.0251555, 0.0602559, 1.0)]])
0.165457, 0.0251555, 0.0602559
float3(-0.0653332, -0.951607, -1.57058)
335425.681853958
normal
simd_float4x4([[-0.0519204, -0.998129, 0.0322839, 0.0)], [0.52758, 3.32089e-05, 0.849505, 0.0)], [-0.847917, 0.061139, 0.526591, 0.0)], [0.166068, 0.0245717, 0.071974, 1.0)]])
0.166068, 0.0245717, 0.071974
float3(-0.0611772, -1.01505, -1.57076)
335425.781905041
normal
simd_float4x4([[-0.0507861, -0.998394, 0.0250907, 0.0)], [0.468303, -0.00161658, 0.883566, 0.0)], [-0.882107, 0.0566229, 0.467633, 0.0)], [0.167869, 0.024893, 0.0848018, 1.0)]])
0.167869, 0.024893, 0.0848018
float3(-0.0566532, -1.08333, -1.57242)
335425.881956416
normal
simd_float4x4([[-0.0504359, -0.998531, 0.0197814, 0.0)], [0.404969, -0.0023417, 0.914328, 0.0)], [-0.912938, 0.0541258, 0.404492, 0.0)], [0.170149, 0.0251907, 0.0977652, 1.0)]])
0.170149, 0.0251907, 0.0977652
float3(-0.0541523, -1.15372, -1.57314)
335425.9820075
normal
simd_float4x4([[-0.0493274, -0.998679, 0.0143878, 0.0)], [0.334106, -0.00292349, 0.942531, 0.0)], [-0.941244, 0.0512997, 0.333809, 0.0)], [0.170228, 0.024996, 0.110523, 1.0)]])
0.170228, 0.024996, 0.110523
float3(-0.0513222, -1.22999, -1.57372)
335426.082058625
normal
simd_float4x4([[-0.0478786, -0.998774, 0.0125642, 0.0)], [0.262086, -0.000423823, 0.965044, 0.0)], [-0.963856, 0.0494979, 0.261785, 0.0)], [0.16829, 0.0257005, 0.119668, 1.0)]])
0.16829, 0.0257005, 0.119668
float3(-0.0495181, -1.30559, -1.57122)
335426.182110125
normal
simd_float4x4([[-0.04824, -0.998768, 0.0116079, 0.0)], [0.189977, 0.00223469, 0.981786, 0.0)], [-0.980603, 0.0495666, 0.189635, 0.0)], [0.164242, 0.0270643, 0.126645, 1.0)]])
0.164242, 0.0270643, 0.126645
float3(-0.0495869, -1.37977, -1.56856)
335426.28216125
normal
simd_float4x4([[-0.0464945, -0.998887, 0.00797224, 0.0)], [0.121499, 0.00226663, 0.992589, 0.0)], [-0.991502, 0.0471185, 0.121259, 0.0)], [0.156589, 0.0283066, 0.131169, 1.0)]])
0.156589, 0.0283066, 0.131169
float3(-0.047136, -1.4491, -1.56853)
335426.382212541
normal
simd_float4x4([[-0.0415602, -0.999127, 0.00422092, 0.0)], [0.0591495, 0.00175679, 0.998248, 0.0)], [-0.997383, 0.041737, 0.0590249, 0.0)], [0.14586, 0.0294482, 0.13156, 1.0)]])
0.14586, 0.0294482, 0.13156
float3(-0.0417492, -1.51169, -1.56904)
335426.482263666
normal
simd_float4x4([[-0.0382652, -0.999267, 0.00149394, 0.0)], [0.00588993, 0.00126947, 0.999982, 0.0)], [-0.99925, 0.0382733, 0.00583704, 0.0)], [0.13346, 0.0299536, 0.128093, 1.0)]])
0.13346, 0.0299536, 0.128093
float3(-0.0382826, -1.56495, -1.56953)
335426.582314875
normal
simd_float4x4([[-0.0373059, -0.999303, 0.00135612, 0.0)], [-0.0428362, 0.00295498, 0.999078, 0.0)], [-0.998385, 0.0372134, -0.0429166, 0.0)], [0.118897, 0.0309523, 0.119453, 1.0)]])
0.118897, 0.0309523, 0.119453
float3(-0.037222, -1.61376, -1.56784)
335426.682366166
normal
simd_float4x4([[-0.0355244, -0.999366, 0.00230248, 0.0)], [-0.0814563, 0.00519177, 0.996664, 0.0)], [-0.996044, 0.0352183, -0.0815891, 0.0)], [0.103071, 0.0318629, 0.105994, 1.0)]])
0.103071, 0.0318629, 0.105994
float3(-0.0352256, -1.65253, -1.5656)
335426.7824175
normal
simd_float4x4([[-0.0332703, -0.999441, 0.00334168, 0.0)], [-0.10662, 0.00687366, 0.994276, 0.0)], [-0.993743, 0.0327235, -0.106789, 0.0)], [0.0864866, 0.0325696, 0.087517, 1.0)]])
0.0864866, 0.0325696, 0.087517
float3(-0.0327294, -1.67785, -1.56392)
335426.882468833
normal
simd_float4x4([[-0.0318241, -0.999482, 0.00476014, 0.0)], [-0.12025, 0.00855672, 0.992707, 0.0)], [-0.992233, 0.0310196, -0.120461, 0.0)], [0.0694354, 0.0329751, 0.0638989, 1.0)]])
0.0694354, 0.0329751, 0.0638989
float3(-0.0310246, -1.69161, -1.56224)
335426.982519958
normal
simd_float4x4([[-0.0336607, -0.99941, 0.00677161, 0.0)], [-0.125148, 0.010937, 0.992078, 0.0)], [-0.991567, 0.0325466, -0.125442, 0.0)], [0.052957, 0.0329715, 0.0352757, 1.0)]])
0.052957, 0.0329715, 0.0352757
float3(-0.0325523, -1.69664, -1.55985)
335427.082571291
normal
simd_float4x4([[-0.0355214, -0.999358, -0.00471481, 0.0)], [-0.116259, -0.000553492, 0.993219, 0.0)], [-0.992583, 0.0358287, -0.116165, 0.0)], [0.0976516, 0.032001, 0.12268, 1.0)]])
0.0976516, 0.032001, 0.12268
float3(-0.0358364, -1.6873, -1.57135)
335427.182622625
normal
simd_float4x4([[-0.0356985, -0.999321, -0.00911049, 0.0)], [-0.10285, -0.00539413, 0.994682, 0.0)], [-0.994056, 0.0364457, -0.102587, 0.0)], [0.0928209, 0.0290399, 0.116688, 1.0)]])
0.0928209, 0.0290399, 0.116688
float3(-0.0364538, -1.67363, -1.57619)
335427.282673833
normal
simd_float4x4([[-0.03514, -0.99932, -0.0111576, 0.0)], [-0.0927961, -0.00785358, 0.995654, 0.0)], [-0.995065, 0.0360227, -0.092457, 0.0)], [0.0887349, 0.0292634, 0.108836, 1.0)]])
0.0887349, 0.0292634, 0.108836
float3(-0.0360305, -1.66345, -1.57866)
335427.382725125
normal
simd_float4x4([[-0.0349168, -0.99932, -0.0118732, 0.0)], [-0.0873091, -0.00878485, 0.996143, 0.0)], [-0.995569, 0.0358188, -0.086943, 0.0)], [0.0871935, 0.0279535, 0.103156, 1.0)]])
0.0871935, 0.0279535, 0.103156
float3(-0.0358265, -1.65791, -1.57959)
335427.482776291
normal
simd_float4x4([[-0.0348554, -0.999319, -0.0121333, 0.0)], [-0.0834001, -0.00918978, 0.996474, 0.0)], [-0.995906, 0.0357444, -0.083023, 0.0)], [0.0868228, 0.026359, 0.100949, 1.0)]])
0.0868228, 0.026359, 0.100949
float3(-0.035752, -1.65397, -1.57999)
335427.58282775
normal
simd_float4x4([[-0.034137, -0.999342, -0.0122526, 0.0)], [-0.0806976, -0.0094635, 0.996694, 0.0)], [-0.996154, 0.0350129, -0.0803215, 0.0)], [0.0872884, 0.0262775, 0.099162, 1.0)]])
0.0872884, 0.0262775, 0.099162
float3(-0.03502, -1.65125, -1.58027)
335427.682878833
normal
simd_float4x4([[-0.0351969, -0.999329, -0.0101175, 0.0)], [-0.0772712, -0.0073722, 0.996983, 0.0)], [-0.996389, 0.0358725, -0.0769599, 0.0)], [0.0881085, 0.0267171, 0.0975394, 1.0)]])
0.0881085, 0.0267171, 0.0975394
float3(-0.0358802, -1.64788, -1.57817)
335427.78293025
normal
simd_float4x4([[-0.0342024, -0.999381, -0.00829776, 0.0)], [-0.0726458, -0.00579463, 0.997341, 0.0)], [-0.996771, 0.0347142, -0.0724026, 0.0)], [0.090443, 0.027375, 0.0973912, 1.0)]])
0.090443, 0.027375, 0.0973912
float3(-0.0347212, -1.64331, -1.57659)
335427.882981625
normal
simd_float4x4([[-0.0360381, -0.999339, -0.00472832, 0.0)], [-0.0675609, -0.00228425, 0.997713, 0.0)], [-0.997064, 0.0362751, -0.067434, 0.0)], [0.0930125, 0.0282426, 0.0963972, 1.0)]])
0.0930125, 0.0282426, 0.0963972
float3(-0.036283, -1.63833, -1.57308)
335427.983032875
normal
simd_float4x4([[-0.0370287, -0.99931, -0.00272582, 0.0)], [-0.0597422, -0.000509124, 0.998214, 0.0)], [-0.997527, 0.0371254, -0.0596822, 0.0)], [0.0951477, 0.0289742, 0.0955656, 1.0)]])
0.0951477, 0.0289742, 0.0955656
float3(-0.037134, -1.63056, -1.57131)
335428.083084208
normal
simd_float4x4([[-0.0348959, -0.999389, -0.00210192, 0.0)], [-0.0478562, -0.000429794, 0.998854, 0.0)], [-0.998244, 0.0349565, -0.047812, 0.0)], [0.0970891, 0.0293743, 0.0936066, 1.0)]])
0.0970891, 0.0293743, 0.0936066
float3(-0.0349636, -1.61866, -1.57123)
335428.183135458
normal
simd_float4x4([[-0.0325038, -0.999471, -0.00111612, 0.0)], [-0.0321417, -7.08493e-05, 0.999483, 0.0)], [-0.998955, 0.0325229, -0.0321224, 0.0)], [0.0978125, 0.0293403, 0.0901592, 1.0)]])
0.0978125, 0.0293403, 0.0901592
float3(-0.0325287, -1.60294, -1.57087)
335428.283186916
normal
simd_float4x4([[-0.0302812, -0.999541, -0.000323735, 0.0)], [-0.0100086, -2.06571e-05, 0.99995, 0.0)], [-0.999491, 0.0302829, -0.0100034, 0.0)], [0.100342, 0.0294851, 0.0853232, 1.0)]])
0.100342, 0.0294851, 0.0853232
float3(-0.0302875, -1.5808, -1.57082)
335428.383238083
normal
simd_float4x4([[-0.028436, -0.999593, 0.00215436, 0.0)], [0.0166253, 0.00168198, 0.99986, 0.0)], [-0.999457, 0.0284678, 0.0165707, 0.0)], [0.101801, 0.0298228, 0.0800995, 1.0)]])
0.101801, 0.0298228, 0.0800995
float3(-0.0284717, -1.55422, -1.56911)
335428.483289375
normal
simd_float4x4([[-0.0288232, -0.999579, 0.0033586, 0.0)], [0.0516839, 0.00186519, 0.998662, 0.0)], [-0.998248, 0.0289582, 0.0516084, 0.0)], [0.10496, 0.0303389, 0.0727443, 1.0)]])
0.10496, 0.0303389, 0.0727443
float3(-0.0289622, -1.51914, -1.56893)
335428.583340833
normal
simd_float4x4([[-0.0278061, -0.999609, 0.00282337, 0.0)], [0.0951924, 0.00016368, 0.995459, 0.0)], [-0.995071, 0.0279486, 0.0951507, 0.0)], [0.108646, 0.0315008, 0.0633934, 1.0)]])
0.108646, 0.0315008, 0.0633934
float3(-0.0279523, -1.47546, -1.57063)
335428.683392041
normal
simd_float4x4([[-0.0234557, -0.999718, 0.00360331, 0.0)], [0.146145, 0.000136731, 0.989263, 0.0)], [-0.988985, 0.0237305, 0.1461, 0.0)], [0.112142, 0.0333855, 0.0527736, 1.0)]])
0.112142, 0.0333855, 0.0527736
float3(-0.0237327, -1.42413, -1.57066)
335428.783443416
normal
simd_float4x4([[-0.0227917, -0.99973, 0.00450556, 0.0)], [0.20151, -0.000179678, 0.979486, 0.0)], [-0.979221, 0.0232321, 0.20146, 0.0)], [0.116239, 0.0341385, 0.0400428, 1.0)]])
0.116239, 0.0341385, 0.0400428
float3(-0.0232342, -1.36789, -1.57098)
335428.883494791
normal
simd_float4x4([[-0.0214505, -0.999761, 0.00434118, 0.0)], [0.256011, -0.00129537, 0.966673, 0.0)], [-0.966436, 0.021847, 0.255978, 0.0)], [0.118952, 0.035235, 0.0284963, 1.0)]])
0.118952, 0.035235, 0.0284963
float3(-0.0218487, -1.31187, -1.57209)
335428.983546041
normal
simd_float4x4([[-0.0201799, -0.999794, 0.00206577, 0.0)], [0.31104, -0.00431436, 0.950387, 0.0)], [-0.950182, 0.0198213, 0.311063, 0.0)], [0.12166, 0.0366239, 0.0189494, 1.0)]])
0.12166, 0.0366239, 0.0189494
float3(-0.0198226, -1.25442, -1.57511)
335429.083597375
normal
simd_float4x4([[-0.0197965, -0.999804, 0.000540815, 0.0)], [0.364725, -0.00671805, 0.931091, 0.0)], [-0.930905, 0.0186296, 0.364786, 0.0)], [0.123171, 0.0379457, 0.00961488, 1.0)]])
0.123171, 0.0379457, 0.00961488
float3(-0.0186307, -1.19733, -1.57752)
335429.183648708
normal
simd_float4x4([[-0.0177777, -0.999842, 0.000850513, 0.0)], [0.416541, -0.00663301, 0.909093, 0.0)], [-0.908943, 0.0165159, 0.416593, 0.0)], [0.122867, 0.0388539, 0.00104763, 1.0)]])
0.122867, 0.0388539, 0.00104763
float3(-0.0165166, -1.14104, -1.57743)
335429.283700041
normal
simd_float4x4([[-0.0136138, -0.999905, -0.00218284, 0.0)], [0.470346, -0.00833024, 0.882443, 0.0)], [-0.882377, 0.0109867, 0.470415, 0.0)], [0.121632, 0.0405315, -0.00655936, 1.0)]])
0.121632, 0.0405315, -0.00655936
float3(-0.010987, -1.081, -1.57913)
335429.383751416
normal
simd_float4x4([[-0.0114976, -0.999921, -0.0050212, 0.0)], [0.528732, -0.0103416, 0.848726, 0.0)], [-0.848711, 0.0071034, 0.52881, 0.0)], [0.121049, 0.0422551, -0.0153382, 1.0)]])
0.121049, 0.0422551, -0.0153382
float3(-0.00710346, -1.01358, -1.58114)
335429.483802875
normal
simd_float4x4([[-0.0120755, -0.999927, -0.000512843, 0.0)], [0.587154, -0.00750584, 0.80944, 0.0)], [-0.809385, 0.00947327, 0.587202, 0.0)], [0.120471, 0.0441986, -0.0247712, 1.0)]])
0.120471, 0.0441986, -0.0247712
float3(-0.00947341, -0.943166, -1.5783)
335429.583854083
normal
simd_float4x4([[-0.0119246, -0.999928, -0.000966518, 0.0)], [0.644298, -0.00842272, 0.764728, 0.0)], [-0.764681, 0.00849634, 0.644353, 0.0)], [0.116022, 0.0444362, -0.0313671, 1.0)]])
0.116022, 0.0444362, -0.0313671
float3(-0.00849644, -0.870589, -1.57922)
335429.683905291
normal
simd_float4x4([[-0.0138737, -0.999898, -0.00348172, 0.0)], [0.698608, -0.0121844, 0.715401, 0.0)], [-0.71537, 0.0074929, 0.698706, 0.0)], [0.110749, 0.0440841, -0.0365417, 1.0)]])
0.110749, 0.0440841, -0.0365417
float3(-0.00749297, -0.797182, -1.58298)
335429.783956791
normal
simd_float4x4([[-0.0134129, -0.999904, -0.00341833, 0.0)], [0.746723, -0.0122902, 0.665022, 0.0)], [-0.665, 0.00636733, 0.746816, 0.0)], [0.100546, 0.0411083, -0.0417356, 1.0)]])
0.100546, 0.0411083, -0.0417356
float3(-0.00636737, -0.727512, -1.58309)
335429.884008083
normal
simd_float4x4([[-0.0142193, -0.999899, -0.000205007, 0.0)], [0.791131, -0.0113758, 0.611541, 0.0)], [-0.611482, 0.00853349, 0.791213, 0.0)], [0.0904119, 0.0388825, -0.0506188, 1.0)]])
0.0904119, 0.0388825, -0.0506188
float3(-0.00853359, -0.65796, -1.58217)
335429.984059541
normal
simd_float4x4([[-0.014084, -0.999897, 0.00270971, 0.0)], [0.830225, -0.0101837, 0.557335, 0.0)], [-0.55725, 0.0100992, 0.830283, 0.0)], [0.0777107, 0.0378048, -0.0640639, 1.0)]])
0.0777107, 0.0378048, -0.0640639
float3(-0.0100993, -0.591105, -1.58098)
335430.084110875
normal
simd_float4x4([[-0.0139424, -0.999876, 0.00735468, 0.0)], [0.866013, -0.00839835, 0.499952, 0.0)], [-0.499828, 0.0133398, 0.866022, 0.0)], [0.0632249, 0.036987, -0.0780986, 1.0)]])
0.0632249, 0.036987, -0.0780986
float3(-0.0133402, -0.523451, -1.5792)
335430.184162333
normal
simd_float4x4([[-0.0140431, -0.999819, 0.0128296, 0.0)], [0.898472, -0.00698674, 0.438975, 0.0)], [-0.438806, 0.0176916, 0.898408, 0.0)], [0.0473234, 0.0364274, -0.0933931, 1.0)]])
0.0473234, 0.0364274, -0.0933931
float3(-0.0176926, -0.454346, -1.57778)
335430.284213666
normal
simd_float4x4([[-0.0123866, -0.999793, 0.0161093, 0.0)], [0.926581, -0.00542032, 0.376056, 0.0)], [-0.375891, 0.0195846, 0.926457, 0.0)], [0.0298963, 0.0372131, -0.107205, 1.0)]])
0.0298963, 0.0372131, -0.107205
float3(-0.0195859, -0.385436, -1.57622)
335430.384265
normal
simd_float4x4([[-0.00901894, -0.999819, 0.0167445, 0.0)], [0.949668, -0.00332055, 0.313241, 0.0)], [-0.313128, 0.0187268, 0.949526, 0.0)], [0.0112157, 0.0384421, -0.119046, 1.0)]])
0.0112157, 0.0384421, -0.119046
float3(-0.0187279, -0.318543, -1.57412)
335430.484316333
normal
simd_float4x4([[-0.00501862, -0.999858, 0.0161088, 0.0)], [0.967723, -0.000797101, 0.252014, 0.0)], [-0.251965, 0.0168537, 0.96759, 0.0)], [-0.00735973, 0.038174, -0.129347, 1.0)]])
-0.00735973, 0.038174, -0.129347
float3(-0.0168545, -0.254747, -1.57159)
335430.584367666
normal
simd_float4x4([[-0.00198081, -0.999874, 0.0157169, 0.0)], [0.981572, 0.00105921, 0.191092, 0.0)], [-0.191085, 0.0158058, 0.981446, 0.0)], [-0.0268711, 0.0384498, -0.138524, 1.0)]])
-0.0268711, 0.0384498, -0.138524
float3(-0.0158065, -0.192291, -1.56974)
335430.684408041
normal
simd_float4x4([[0.00419602, -0.999859, 0.0162485, 0.0)], [0.990559, 0.00638239, 0.136941, 0.0)], [-0.137026, 0.0155205, 0.990446, 0.0)], [-0.0436334, 0.038801, -0.144856, 1.0)]])
-0.0436334, 0.038801, -0.144856
float3(-0.0155212, -0.137475, -1.56441)
335430.801057333
normal
simd_float4x4([[0.00968077, -0.999836, 0.0153179, 0.0)], [0.996947, 0.0108375, 0.0773261, 0.0)], [-0.0774794, 0.0145225, 0.996888, 0.0)], [-0.0644932, 0.0372502, -0.15162, 1.0)]])
-0.0644932, 0.0372502, -0.15162
float3(-0.014523, -0.0775653, -1.55996)
335430.917706625
normal
simd_float4x4([[0.00825053, -0.999851, 0.0151715, 0.0)], [0.997474, 0.00929945, 0.0704197, 0.0)], [-0.0705503, 0.0145522, 0.997402, 0.0)], [0.0443648, 0.008823, -0.000647966, 1.0)]])
0.0443648, 0.008823, -0.000647966
float3(-0.0145527, -0.0706165, -1.5615)
335431.034355708
normal
simd_float4x4([[0.00464606, -0.999875, 0.015129, 0.0)], [0.999801, 0.00493844, 0.0193465, 0.0)], [-0.0194188, 0.0150361, 0.999698, 0.0)], [0.0343659, 0.0073171, -0.00150451, 1.0)]])
0.0343659, 0.0073171, -0.00150451
float3(-0.0150366, -0.0194222, -1.56586)
335431.151004958
normal
simd_float4x4([[0.000613974, -0.999879, 0.0155181, 0.0)], [0.999898, 0.000392466, -0.0142732, 0.0)], [0.0142654, 0.0155253, 0.999778, 0.0)], [0.0347136, 0.00677178, 0.00345357, 1.0)]])
0.0347136, 0.00677178, 0.00345357
float3(-0.0155259, 0.0142676, -1.5704)
335431.267654125
normal
simd_float4x4([[-0.00403356, -0.999856, 0.016477, 0.0)], [0.999442, -0.00457698, -0.0330772, 0.0)], [0.0331478, 0.0163344, 0.999317, 0.0)], [0.0326519, 0.00634807, 0.00782245, 1.0)]])
0.0326519, 0.00634807, 0.00782245
float3(-0.0163351, 0.0331583, -1.57537)
335431.3843035
normal
simd_float4x4([[-0.00564113, -0.999802, 0.0190965, 0.0)], [0.999178, -0.00640223, -0.040032, 0.0)], [0.0401463, 0.018855, 0.999016, 0.0)], [0.0318027, 0.00541684, 0.0105371, 1.0)]])
0.0318027, 0.00541684, 0.0105371
float3(-0.0188561, 0.0401642, -1.5772)
335431.500952666
normal
simd_float4x4([[-0.00551793, -0.999725, 0.0227984, 0.0)], [0.999286, -0.0063648, -0.0372419, 0.0)], [0.0373767, 0.0225766, 0.999046, 0.0)], [0.0322468, 0.0061291, 0.0108216, 1.0)]])
0.0322468, 0.0061291, 0.0108216
float3(-0.0225785, 0.037395, -1.57716)
335431.617601958
normal
simd_float4x4([[-0.00536517, -0.999686, 0.024485, 0.0)], [0.999324, -0.0062502, -0.0362136, 0.0)], [0.0363553, 0.0242742, 0.999044, 0.0)], [0.0319857, 0.00675444, 0.0108827, 1.0)]])
0.0319857, 0.00675444, 0.0108827
float3(-0.0242766, 0.036374, -1.57705)
335431.734251125
normal
simd_float4x4([[-0.00140742, -0.999605, 0.0280561, 0.0)], [0.998831, -0.00276071, -0.048255, 0.0)], [0.0483134, 0.0279553, 0.998441, 0.0)], [0.0267169, 0.00698594, 0.0107401, 1.0)]])
0.0267169, 0.00698594, 0.0107401
float3(-0.027959, 0.0483512, -1.57356)
335431.850900416
normal
simd_float4x4([[0.00265793, -0.999585, 0.0286695, 0.0)], [0.996971, 0.000420421, -0.0777701, 0.0)], [0.0777258, 0.0287893, 0.996559, 0.0)], [0.0192183, 0.00666427, 0.00907641, 1.0)]])
0.0192183, 0.00666427, 0.00907641
float3(-0.0287933, 0.0778366, -1.57038)
335431.967549583
normal
simd_float4x4([[0.00773947, -0.999602, 0.0271227, 0.0)], [0.992106, 0.00428084, -0.125328, 0.0)], [0.125162, 0.0278786, 0.991745, 0.0)], [0.00734296, 0.00664021, 0.00877408, 1.0)]])
0.00734296, 0.00664021, 0.00877408
float3(-0.0278822, 0.12554, -1.56651)
335432.084198958
normal
simd_float4x4([[0.0114217, -0.999717, 0.0208748, 0.0)], [0.982126, 0.00729339, -0.188082, 0.0)], [0.187877, 0.0226499, 0.981931, 0.0)], [-0.00724808, 0.00717962, 0.0098018, 1.0)]])
-0.00724808, 0.00717962, 0.0098018
float3(-0.0226518, 0.189049, -1.5635)
335432.200848166
normal
simd_float4x4([[0.0156429, -0.999767, 0.0148358, 0.0)], [0.964164, 0.0111523, -0.265071, 0.0)], [0.264844, 0.0184506, 0.964115, 0.0)], [-0.0245028, 0.00761273, 0.0113926, 1.0)]])
-0.0245028, 0.00761273, 0.0113926
float3(-0.0184517, 0.268089, -1.55964)
335432.317497333
normal
simd_float4x4([[0.0203672, -0.999732, 0.0109894, 0.0)], [0.934435, 0.0151257, -0.355812, 0.0)], [0.35555, 0.0175158, 0.934493, 0.0)], [-0.0436132, 0.00734728, 0.0145307, 1.0)]])
-0.0436132, 0.00734728, 0.0145307
float3(-0.0175167, 0.363561, -1.55567)
335432.434146708
normal
simd_float4x4([[0.0238535, -0.999652, 0.0112861, 0.0)], [0.895663, 0.0163545, -0.444433, 0.0)], [0.444093, 0.0207098, 0.895741, 0.0)], [-0.0632168, 0.00640123, 0.0186524, 1.0)]])
-0.0632168, 0.00640123, 0.0186524
float3(-0.0207113, 0.460268, -1.55444)
335432.550795916
normal
simd_float4x4([[0.0232683, -0.999666, 0.0112022, 0.0)], [0.850985, 0.0139244, -0.525006, 0.0)], [0.524675, 0.0217488, 0.851025, 0.0)], [-0.0792179, 0.00539716, 0.0246436, 1.0)]])
-0.0792179, 0.00539716, 0.0246436
float3(-0.0217506, 0.552479, -1.55687)
335432.650836375
normal
