ARKit Data
174622.952222416
normal
simd_float4x4([[-0.144337, -0.969886, 0.196184, 0.0)], [0.579632, 0.0778162, 0.811155, 0.0)], [-0.801994, 0.230794, 0.550945, 0.0)], [-13.6887, 0.621132, 1.24198, 1.0)]])
-13.6887, 0.621132, 1.24198
float3(-0.232894, -0.96887, -1.49074)
174623.302803458
limited(__ObjC.ARCamera.TrackingState.Reason.initializing)
simd_float4x4([[0.0569328, -0.979618, 0.192554, 0.0)], [0.998366, 0.0558478, -0.0109936, 0.0)], [3.79133e-09, 0.19288, 0.981209, 0.0)], [0.0, 0.0, 0.0, 1.0)]])
0.0, 0.0, 0.0
float3(-0.194096, 3.86394e-09, -1.51385)
174623.402825625
limited(__ObjC.ARCamera.TrackingState.Reason.initializing)
simd_float4x4([[0.0569328, -0.979618, 0.192554, 0.0)], [0.998366, 0.0558478, -0.0109936, 0.0)], [3.79133e-09, 0.19288, 0.981209, 0.0)], [0.0, 0.0, 0.0, 1.0)]])
0.0, 0.0, 0.0
float3(-0.194096, 3.86394e-09, -1.51385)
174623.502881125
limited(__ObjC.ARCamera.TrackingState.Reason.initializing)
simd_float4x4([[0.213891, -0.976831, -0.00714617, 0.0)], [0.21298, 0.0537721, -0.975576, 0.0)], [0.953357, 0.207145, 0.219547, 0.0)], [0.0, 0.0, 0.0, 1.0)]])
0.0, 0.0, 0.0
float3(-0.208656, 1.34445, -1.5158)
174623.602936916
limited(__ObjC.ARCamera.TrackingState.Reason.initializing)
simd_float4x4([[0.224085, -0.974554, -0.00508903, 0.0)], [0.206848, 0.0526633, -0.976955, 0.0)], [0.952363, 0.217869, 0.213385, 0.0)], [0.0, 0.0, 0.0, 1.0)]])
0.0, 0.0, 0.0
float3(-0.21963, 1.35038, -1.51681)
174623.702992583
limited(__ObjC.ARCamera.TrackingState.Reason.initializing)
simd_float4x4([[0.225571, -0.974223, 0.00194399, 0.0)], [0.196618, 0.0435702, -0.979512, 0.0)], [0.954178, 0.221331, 0.201378, 0.0)], [0.0, 0.0, 0.0, 1.0)]])
0.0, 0.0, 0.0
float3(-0.22318, 1.3628, -1.5261)
174623.803048083
limited(__ObjC.ARCamera.TrackingState.Reason.initializing)
simd_float4x4([[0.249063, -0.96847, -0.0054134, 0.0)], [0.186242, 0.05338, -0.981053, 0.0)], [0.950409, 0.243336, 0.193665, 0.0)], [0.0, 0.0, 0.0, 1.0)]])
0.0, 0.0, 0.0
float3(-0.245804, 1.36978, -1.51573)
174623.903103875
limited(__ObjC.ARCamera.TrackingState.Reason.initializing)
simd_float4x4([[0.244486, -0.96965, -0.000976377, 0.0)], [0.181428, 0.0467341, -0.982293, 0.0)], [0.952526, 0.23998, 0.187347, 0.0)], [0.0, 0.0, 0.0, 1.0)]])
0.0, 0.0, 0.0
float3(-0.242345, 1.37659, -1.52264)
174624.003159416
limited(__ObjC.ARCamera.TrackingState.Reason.initializing)
simd_float4x4([[0.23593, -0.971765, 0.00187262, 0.0)], [0.192652, 0.044884, -0.98024, 0.0)], [0.952479, 0.231628, 0.197802, 0.0)], [0.0, 0.0, 0.0, 1.0)]])
0.0, 0.0, 0.0
float3(-0.233751, 1.36604, -1.52464)
174624.103215125
limited(__ObjC.ARCamera.TrackingState.Reason.initializing)
simd_float4x4([[0.240912, -0.9705, 0.00917119, 0.0)], [0.203601, 0.0412969, -0.978183, 0.0)], [0.948947, 0.237523, 0.207543, 0.0)], [0.0, 0.0, 0.0, 1.0)]])
0.0, 0.0, 0.0
float3(-0.239815, 1.35548, -1.52827)
174624.203270708
limited(__ObjC.ARCamera.TrackingState.Reason.initializing)
simd_float4x4([[0.247813, -0.968534, 0.0228348, 0.0)], [0.211205, 0.0310064, -0.97695, 0.0)], [0.945502, 0.246924, 0.212243, 0.0)], [0.0, 0.0, 0.0, 1.0)]])
0.0, 0.0, 0.0
float3(-0.249504, 1.34998, -1.53879)
174624.303326416
limited(__ObjC.ARCamera.TrackingState.Reason.initializing)
simd_float4x4([[0.232576, -0.972124, 0.0295549, 0.0)], [0.212472, 0.0211316, -0.976939, 0.0)], [0.949081, 0.233492, 0.211464, 0.0)], [0.0, 0.0, 0.0, 1.0)]])
0.0, 0.0, 0.0
float3(-0.235667, 1.35157, -1.54906)
174624.403381916
limited(__ObjC.ARCamera.TrackingState.Reason.initializing)
simd_float4x4([[0.199465, -0.979576, 0.0251769, 0.0)], [0.211899, 0.0180336, -0.977125, 0.0)], [0.956715, 0.200237, 0.211168, 0.0)], [0.0, 0.0, 0.0, 1.0)]])
0.0, 0.0, 0.0
float3(-0.2016, 1.35356, -1.55239)
174624.503437708
limited(__ObjC.ARCamera.TrackingState.Reason.initializing)
simd_float4x4([[0.166835, -0.98577, 0.020326, 0.0)], [0.204517, 0.0144317, -0.978757, 0.0)], [0.964535, 0.167448, 0.204014, 0.0)], [0.0, 0.0, 0.0, 1.0)]])
0.0, 0.0, 0.0
float3(-0.168241, 1.36235, -1.55616)
174624.603493333
limited(__ObjC.ARCamera.TrackingState.Reason.initializing)
simd_float4x4([[0.147688, -0.988844, 0.0190659, 0.0)], [0.196669, 0.0104701, -0.980414, 0.0)], [0.969277, 0.148545, 0.196021, 0.0)], [0.0, 0.0, 0.0, 1.0)]])
0.0, 0.0, 0.0
float3(-0.149097, 1.37125, -1.56021)
174624.703548958
limited(__ObjC.ARCamera.TrackingState.Reason.initializing)
simd_float4x4([[0.128176, -0.991704, 0.00909592, 0.0)], [0.172381, 0.0132463, -0.984941, 0.0)], [0.976649, 0.127814, 0.172649, 0.0)], [0.0, 0.0, 0.0, 1.0)]])
0.0, 0.0, 0.0
float3(-0.128164, 1.39583, -1.55744)
174624.803604833
limited(__ObjC.ARCamera.TrackingState.Reason.initializing)
simd_float4x4([[0.111528, -0.993728, 0.00731093, 0.0)], [0.129409, 0.0072293, -0.991565, 0.0)], [0.985293, 0.111533, 0.129403, 0.0)], [0.0, 0.0, 0.0, 1.0)]])
0.0, 0.0, 0.0
float3(-0.111766, 1.44021, -1.56352)
174624.903660333
limited(__ObjC.ARCamera.TrackingState.Reason.initializing)
simd_float4x4([[0.105699, -0.99435, 0.00913744, 0.0)], [0.0477783, -0.00409888, -0.998849, 0.0)], [0.993243, 0.106014, 0.047074, 0.0)], [0.0, 0.0, 0.0, 1.0)]])
0.0, 0.0, 0.0
float3(-0.106214, 1.52344, -1.57492)
174625.003716083
limited(__ObjC.ARCamera.TrackingState.Reason.initializing)
simd_float4x4([[0.126019, -0.992021, -0.00103357, 0.0)], [-0.0451744, -0.00469616, -0.998968, 0.0)], [0.990992, 0.125936, -0.0454076, 0.0)], [0.0, 0.0, 0.0, 1.0)]])
0.0, 0.0, 0.0
float3(-0.126271, 1.61658, -1.57553)
174625.103771541
limited(__ObjC.ARCamera.TrackingState.Reason.initializing)
simd_float4x4([[0.145054, -0.989359, -0.0107857, 0.0)], [-0.181741, -0.0159245, -0.983217, 0.0)], [0.972582, 0.14458, -0.182119, 0.0)], [0.0, 0.0, 0.0, 1.0)]])
0.0, 0.0, 0.0
float3(-0.145089, 1.75591, -1.58689)
174625.203827416
limited(__ObjC.ARCamera.TrackingState.Reason.initializing)
simd_float4x4([[0.17139, -0.985177, -0.00632011, 0.0)], [-0.327713, -0.0509561, -0.943401, 0.0)], [0.929095, 0.163761, -0.331592, 0.0)], [0.0, 0.0, 0.0, 1.0)]])
0.0, 0.0, 0.0
float3(-0.164502, 1.9136, -1.62247)
174625.303882958
limited(__ObjC.ARCamera.TrackingState.Reason.initializing)
simd_float4x4([[0.206011, -0.978159, -0.0274602, 0.0)], [-0.421543, -0.0633832, -0.904589, 0.0)], [0.88309, 0.197933, -0.425398, 0.0)], [0.0, 0.0, 0.0, 1.0)]])
0.0, 0.0, 0.0
float3(-0.199249, 2.01971, -1.6355)
174625.403938708
limited(__ObjC.ARCamera.TrackingState.Reason.initializing)
simd_float4x4([[0.22871, -0.972099, -0.0520056, 0.0)], [-0.47874, -0.0657944, -0.875486, 0.0)], [0.847637, 0.225131, -0.480434, 0.0)], [0.0, 0.0, 0.0, 1.0)]])
0.0, 0.0, 0.0
float3(-0.227078, 2.08644, -1.63838)
174625.503994208
limited(__ObjC.ARCamera.TrackingState.Reason.initializing)
simd_float4x4([[0.230028, -0.971332, -0.0599177, 0.0)], [-0.549057, -0.0786946, -0.83207, 0.0)], [0.8035, 0.2243, -0.551423, 0.0)], [0.0, 0.0, 0.0, 1.0)]])
0.0, 0.0, 0.0
float3(-0.226224, 2.17225, -1.65164)
174625.60405
limited(__ObjC.ARCamera.TrackingState.Reason.initializing)
simd_float4x4([[0.253102, -0.96154, -0.106626, 0.0)], [-0.633263, -0.0813403, -0.769647, 0.0)], [0.731372, 0.262324, -0.6295, 0.0)], [0.0, 0.0, 0.0, 1.0)]])
0.0, 0.0, 0.0
float3(-0.26543, 2.28148, -1.65519)
174625.704105625
limited(__ObjC.ARCamera.TrackingState.Reason.initializing)
simd_float4x4([[0.266103, -0.950682, -0.159319, 0.0)], [-0.667592, -0.0625301, -0.741893, 0.0)], [0.695341, 0.303783, -0.651312, 0.0)], [0.0, 0.0, 0.0, 1.0)]])
0.0, 0.0, 0.0
float3(-0.308661, 2.32351, -1.63648)
174625.804161375
limited(__ObjC.ARCamera.TrackingState.Reason.initializing)
simd_float4x4([[0.246546, -0.952752, -0.17739, 0.0)], [-0.633193, -0.0197897, -0.773737, 0.0)], [0.733668, 0.303087, -0.608161, 0.0)], [0.0, 0.0, 0.0, 1.0)]])
0.0, 0.0, 0.0
float3(-0.307931, 2.26293, -1.59156)
174625.904217125
limited(__ObjC.ARCamera.TrackingState.Reason.initializing)
simd_float4x4([[0.241015, -0.955176, -0.171872, 0.0)], [-0.652244, -0.028275, -0.757478, 0.0)], [0.718663, 0.294669, -0.629828, 0.0)], [0.0, 0.0, 0.0, 1.0)]])
0.0, 0.0, 0.0
float3(-0.29911, 2.29041, -1.60039)
174626.004272666
limited(__ObjC.ARCamera.TrackingState.Reason.initializing)
simd_float4x4([[0.223405, -0.959927, -0.169171, 0.0)], [-0.694023, -0.0347856, -0.719107, 0.0)], [0.684404, 0.278064, -0.673989, 0.0)], [0.0, 0.0, 0.0, 1.0)]])
0.0, 0.0, 0.0
float3(-0.281778, 2.34853, -1.60702)
174626.104328583
limited(__ObjC.ARCamera.TrackingState.Reason.initializing)
simd_float4x4([[0.221811, -0.960622, -0.167311, 0.0)], [-0.719857, -0.0455795, -0.692618, 0.0)], [0.657716, 0.274074, -0.701628, 0.0)], [0.0, 0.0, 0.0, 1.0)]])
0.0, 0.0, 0.0
float3(-0.277627, 2.38849, -1.61821)
174626.204384125
limited(__ObjC.ARCamera.TrackingState.Reason.initializing)
simd_float4x4([[0.212679, -0.961593, -0.173479, 0.0)], [-0.730587, -0.0385936, -0.681722, 0.0)], [0.648842, 0.271733, -0.710742, 0.0)], [0.0, 0.0, 0.0, 1.0)]])
0.0, 0.0, 0.0
float3(-0.275194, 2.40169, -1.61091)
174626.304439875
limited(__ObjC.ARCamera.TrackingState.Reason.initializing)
simd_float4x4([[0.169499, -0.974665, -0.145895, 0.0)], [-0.724675, -0.0229288, -0.688704, 0.0)], [0.667909, 0.222465, -0.710208, 0.0)], [0.0, 0.0, 0.0, 1.0)]])
0.0, 0.0, 0.0
float3(-0.224343, 2.38688, -1.59432)
174626.404495416
limited(__ObjC.ARCamera.TrackingState.Reason.initializing)
simd_float4x4([[0.140267, -0.984001, -0.109796, 0.0)], [-0.726892, -0.0270433, -0.686214, 0.0)], [0.672263, 0.176067, -0.719062, 0.0)], [0.0, 0.0, 0.0, 1.0)]])
0.0, 0.0, 0.0
float3(-0.17699, 2.38982, -1.59827)
174626.50455125
limited(__ObjC.ARCamera.TrackingState.Reason.initializing)
simd_float4x4([[0.1128, -0.991105, -0.0705259, 0.0)], [-0.731062, -0.034709, -0.681422, 0.0)], [0.67291, 0.128427, -0.728481, 0.0)], [0.0, 0.0, 0.0, 1.0)]])
0.0, 0.0, 0.0
float3(-0.128783, 2.39583, -1.6058)
174626.604606875
limited(__ObjC.ARCamera.TrackingState.Reason.initializing)
simd_float4x4([[0.0939211, -0.995074, -0.031509, 0.0)], [-0.741817, -0.0488328, -0.668817, 0.0)], [0.663981, 0.0861938, -0.742756, 0.0)], [0.0, 0.0, 0.0, 1.0)]])
0.0, 0.0, 0.0
float3(-0.0863009, 2.41213, -1.61983)
174626.704662625
limited(__ObjC.ARCamera.TrackingState.Reason.initializing)
simd_float4x4([[0.0949792, -0.995457, 0.0053654, 0.0)], [-0.755767, -0.0756086, -0.650454, 0.0)], [0.647902, 0.0577286, -0.759523, 0.0)], [0.0, 0.0, 0.0, 1.0)]])
0.0, 0.0, 0.0
float3(-0.0577607, 2.43534, -1.6466)
174626.804718333
limited(__ObjC.ARCamera.TrackingState.Reason.initializing)
simd_float4x4([[0.0965718, -0.994911, 0.0284812, 0.0)], [-0.76977, -0.0927897, -0.631534, 0.0)], [0.630959, 0.0390684, -0.774821, 0.0)], [0.0, 0.0, 0.0, 1.0)]])
0.0, 0.0, 0.0
float3(-0.0390783, 2.45818, -1.66379)
174626.904774
limited(__ObjC.ARCamera.TrackingState.Reason.initializing)
simd_float4x4([[0.0960655, -0.994919, 0.0298529, 0.0)], [-0.77108, -0.0933436, -0.629851, 0.0)], [0.629435, 0.0374922, -0.776137, 0.0)], [0.0, 0.0, 0.0, 1.0)]])
0.0, 0.0, 0.0
float3(-0.037501, 2.46019, -1.66434)
174627.004829875
limited(__ObjC.ARCamera.TrackingState.Reason.initializing)
simd_float4x4([[0.0888951, -0.995702, 0.0256763, 0.0)], [-0.770585, -0.0850767, -0.631626, 0.0)], [0.631092, 0.0363671, -0.774844, 0.0)], [0.0, 0.0, 0.0, 1.0)]])
0.0, 0.0, 0.0
float3(-0.0363751, 2.45809, -1.65603)
174627.104885458
limited(__ObjC.ARCamera.TrackingState.Reason.initializing)
simd_float4x4([[0.0935817, -0.995124, 0.0309005, 0.0)], [-0.77508, -0.0922906, -0.625079, 0.0)], [0.62488, 0.03455, -0.779945, 0.0)], [0.0, 0.0, 0.0, 1.0)]])
0.0, 0.0, 0.0
float3(-0.0345569, 2.46613, -1.66327)
174627.204941291
normal
simd_float4x4([[0.196373, -0.979451, 0.0459693, 0.0)], [-0.761223, -0.181835, -0.622476, 0.0)], [0.618043, 0.0872446, -0.781288, 0.0)], [-0.131004, -0.00359923, -0.0259502, 1.0)]])
-0.131004, -0.00359923, -0.0259502
float3(-0.0873556, 2.47233, -1.75436)
174627.304996958
normal
simd_float4x4([[0.211586, -0.977302, 0.0106169, 0.0)], [-0.76237, -0.171831, -0.623912, 0.0)], [0.611575, 0.123917, -0.781422, 0.0)], [-0.330424, -0.00540003, -0.0570639, 1.0)]])
-0.330424, -0.00540003, -0.0570639
float3(-0.124236, 2.47752, -1.74484)
174627.405052708
normal
simd_float4x4([[0.192104, -0.981372, 0.00219625, 0.0)], [-0.764684, -0.151089, -0.626443, 0.0)], [0.615105, 0.118663, -0.779464, 0.0)], [-0.525418, -0.00949295, -0.0948109, 1.0)]])
-0.525418, -0.00949295, -0.0948109
float3(-0.118943, 2.47351, -1.72355)
174627.505108416
normal
simd_float4x4([[0.204199, -0.978479, -0.0297014, 0.0)], [-0.77358, -0.142697, -0.617424, 0.0)], [0.599898, 0.149054, -0.78607, 0.0)], [-0.730239, -0.0181547, -0.126304, 1.0)]])
-0.730239, -0.0181547, -0.126304
float3(-0.149611, 2.48972, -1.71561)
174627.605164166
normal
simd_float4x4([[0.20162, -0.97808, -0.0520543, 0.0)], [-0.779369, -0.128015, -0.613348, 0.0)], [0.593239, 0.164233, -0.788096, 0.0)], [-0.932244, -0.0311769, -0.157624, 1.0)]])
-0.932244, -0.0311769, -0.157624
float3(-0.16498, 2.49633, -1.70094)
174627.705219791
normal
simd_float4x4([[0.198346, -0.979095, -0.0450699, 0.0)], [-0.782123, -0.130394, -0.609328, 0.0)], [0.590714, 0.156108, -0.791636, 0.0)], [-1.14936, -0.0506819, -0.190025, 1.0)]])
-1.14936, -0.0506819, -0.190025
float3(-0.156749, 2.50053, -1.7032)
174627.805275625
normal
simd_float4x4([[0.190157, -0.98092, -0.0404533, 0.0)], [-0.776075, -0.124955, -0.618137, 0.0)], [0.601288, 0.148938, -0.785029, 0.0)], [-1.36994, -0.0699622, -0.210385, 1.0)]])
-1.36994, -0.0699622, -0.210385
float3(-0.149494, 2.48797, -1.6975)
174627.905331208
normal
simd_float4x4([[0.196334, -0.979551, -0.0439681, 0.0)], [-0.765255, -0.125039, -0.631466, 0.0)], [0.613056, 0.157625, -0.774156, 0.0)], [-1.59992, -0.0840939, -0.232307, 1.0)]])
-1.59992, -0.0840939, -0.232307
float3(-0.158286, 2.47181, -1.69776)
174628.005387
normal
simd_float4x4([[0.244988, -0.967253, -0.0663425, 0.0)], [-0.770383, -0.152666, -0.619034, 0.0)], [0.588635, 0.202765, -0.782557, 0.0)], [-1.91439, -0.0203067, -0.00163892, 1.0)]])
-1.91439, -0.0203067, -0.00163892
float3(-0.204181, 2.49669, -1.72734)
174628.105442875
normal
simd_float4x4([[0.265253, -0.959431, -0.0955616, 0.0)], [-0.775696, -0.153483, -0.612159, 0.0)], [0.572658, 0.236504, -0.784939, 0.0)], [-2.18717, 0.0441341, 0.27714, 1.0)]])
-2.18717, 0.0441341, 0.27714
float3(-0.238766, 2.5113, -1.72943)
174628.2054985
normal
simd_float4x4([[0.298051, -0.947874, -0.112697, 0.0)], [-0.781129, -0.174338, -0.599536, 0.0)], [0.548637, 0.266724, -0.792373, 0.0)], [-2.43664, 0.100757, 0.465436, 1.0)]])
-2.43664, 0.100757, 0.465436
float3(-0.269992, 2.53599, -1.75269)
174628.305554291
limited(__ObjC.ARCamera.TrackingState.Reason.excessiveMotion)
simd_float4x4([[0.301748, -0.946317, -0.115898, 0.0)], [-0.796659, -0.183495, -0.575903, 0.0)], [0.52372, 0.266109, -0.809261, 0.0)], [-2.66094, 0.157606, 0.726843, 1.0)]])
-2.66094, 0.157606, 0.726843
float3(-0.269354, 2.56722, -1.76232)
174628.405609958
limited(__ObjC.ARCamera.TrackingState.Reason.excessiveMotion)
simd_float4x4([[0.293243, -0.947657, -0.126309, 0.0)], [-0.8244, -0.183748, -0.535352, 0.0)], [0.484121, 0.261117, -0.835132, 0.0)], [-2.89634, 0.207829, 0.89091, 1.0)]])
-2.89634, 0.207829, 0.89091
float3(-0.264179, 2.61624, -1.76232)
174628.50566575
limited(__ObjC.ARCamera.TrackingState.Reason.excessiveMotion)
simd_float4x4([[0.276583, -0.949068, -0.150904, 0.0)], [-0.845653, -0.165777, -0.507335, 0.0)], [0.456479, 0.267932, -0.848434, 0.0)], [-3.08242, 0.282613, 1.23307, 1.0)]])
-3.08242, 0.282613, 1.23307
float3(-0.271246, 2.64799, -1.74373)
174628.605721458
limited(__ObjC.ARCamera.TrackingState.Reason.excessiveMotion)
simd_float4x4([[0.275765, -0.948763, -0.154282, 0.0)], [-0.869242, -0.177626, -0.461375, 0.0)], [0.410331, 0.26134, -0.873688, 0.0)], [-3.1954, 0.386734, 1.66793, 1.0)]])
-3.1954, 0.386734, 1.66793
float3(-0.26441, 2.70251, -1.75587)
174628.705777166
limited(__ObjC.ARCamera.TrackingState.Reason.excessiveMotion)
simd_float4x4([[0.212942, -0.963582, -0.161759, 0.0)], [-0.878307, -0.116246, -0.46375, 0.0)], [0.428058, 0.240826, -0.871074, 0.0)], [-3.13858, 0.521078, 2.27044, 1.0)]])
-3.13858, 0.521078, 2.27044
float3(-0.243216, 2.68484, -1.69086)
174628.805832958
limited(__ObjC.ARCamera.TrackingState.Reason.excessiveMotion)
simd_float4x4([[0.205996, -0.95533, -0.211919, 0.0)], [-0.880617, -0.0865455, -0.465857, 0.0)], [0.426707, 0.282584, -0.859109, 0.0)], [-3.06354, 0.613878, 2.797, 1.0)]])
-3.06354, 0.613878, 2.797
float3(-0.286487, 2.6806, -1.66114)
174628.905888791
limited(__ObjC.ARCamera.TrackingState.Reason.excessiveMotion)
simd_float4x4([[0.158357, -0.959539, -0.232827, 0.0)], [-0.877173, -0.0284563, -0.479331, 0.0)], [0.453311, 0.280135, -0.846188, 0.0)], [-2.92279, 0.690825, 3.31278, 1.0)]])
-2.92279, 0.690825, 3.31278
float3(-0.283935, 2.64979, -1.60044)
174629.005944291
limited(__ObjC.ARCamera.TrackingState.Reason.excessiveMotion)
simd_float4x4([[0.101224, -0.968664, -0.226814, 0.0)], [-0.864125, 0.0273688, -0.502533, 0.0)], [0.492993, 0.246864, -0.834276, 0.0)], [-2.86218, 0.693766, 3.78592, 1.0)]])
-2.86218, 0.693766, 3.78592
float3(-0.249442, 2.60787, -1.54255)
174629.106000166
limited(__ObjC.ARCamera.TrackingState.Reason.excessiveMotion)
simd_float4x4([[0.0819518, -0.97, -0.228875, 0.0)], [-0.855104, 0.0495278, -0.516086, 0.0)], [0.511939, 0.238006, -0.825392, 0.0)], [-3.0433, 0.688423, 4.0976, 1.0)]])
-3.0433, 0.688423, 4.0976
float3(-0.240312, 2.58642, -1.51978)
174629.206056041
limited(__ObjC.ARCamera.TrackingState.Reason.excessiveMotion)
simd_float4x4([[0.0421131, -0.972144, -0.230569, 0.0)], [-0.783392, 0.1111, -0.611517, 0.0)], [0.620099, 0.206379, -0.756892, 0.0)], [-3.20653, 0.679992, 4.42608, 1.0)]])
-3.20653, 0.679992, 4.42608
float3(-0.207872, 2.45521, -1.45701)
174629.306111625
normal
simd_float4x4([[0.081709, -0.964464, -0.251263, 0.0)], [-0.740933, 0.109833, -0.662536, 0.0)], [0.666589, 0.240304, -0.705629, 0.0)], [-3.42563, 0.677352, 4.73259, 1.0)]])
-3.42563, 0.677352, 4.73259
float3(-0.242679, 2.38464, -1.4574)
174629.406167541
normal
simd_float4x4([[0.11394, -0.961194, -0.251243, 0.0)], [-0.708194, 0.0987795, -0.699074, 0.0)], [0.696764, 0.257581, -0.669457, 0.0)], [-3.66575, 0.700002, 5.01331, 1.0)]])
-3.66575, 0.700002, 5.01331
float3(-0.260518, 2.33621, -1.46839)
174629.50622325
normal
simd_float4x4([[0.126533, -0.966664, -0.2226, 0.0)], [-0.720425, 0.0647064, -0.690508, 0.0)], [0.681893, 0.247738, -0.688221, 0.0)], [-3.91068, 0.718648, 5.26976, 1.0)]])
-3.91068, 0.718648, 5.26976
float3(-0.250345, 2.36081, -1.50396)
174629.606279125
normal
simd_float4x4([[0.141833, -0.973957, -0.176891, 0.0)], [-0.720842, 0.0208513, -0.692785, 0.0)], [0.678432, 0.22577, -0.699112, 0.0)], [-4.13876, 0.734407, 5.51716, 1.0)]])
-4.13876, 0.734407, 5.51716
float3(-0.227734, 2.37121, -1.54939)
174629.70633475
normal
simd_float4x4([[0.149665, -0.976204, -0.15693, 0.0)], [-0.718261, 0.00172992, -0.695771, 0.0)], [0.679486, 0.216849, -0.70091, 0.0)], [-4.37425, 0.748271, 5.79664, 1.0)]])
-4.37425, 0.748271, 5.79664
float3(-0.218586, 2.37171, -1.56902)
174629.8063905
normal
simd_float4x4([[0.143132, -0.979221, -0.143662, 0.0)], [-0.713607, -0.00152979, -0.700545, 0.0)], [0.685769, 0.202789, -0.698998, 0.0)], [-4.62555, 0.761841, 6.03382, 1.0)]])
-4.62555, 0.761841, 6.03382
float3(-0.204205, 2.36575, -1.57236)
174629.906446208
normal
simd_float4x4([[0.15219, -0.978542, -0.138904, 0.0)], [-0.710314, -0.0105684, -0.703806, 0.0)], [0.687235, 0.205777, -0.69668, 0.0)], [-4.86083, 0.767254, 6.21688, 1.0)]])
-4.86083, 0.767254, 6.21688
float3(-0.207258, 2.36302, -1.5816)
174630.006502166
normal
simd_float4x4([[0.156483, -0.977752, -0.13969, 0.0)], [-0.706672, -0.0120279, -0.707439, 0.0)], [0.69002, 0.209417, -0.692832, 0.0)], [-5.08152, 0.784543, 6.36903, 1.0)]])
-5.08152, 0.784543, 6.36903
float3(-0.210979, 2.35823, -1.5831)
174630.106557875
normal
simd_float4x4([[0.142774, -0.977291, -0.156582, 0.0)], [-0.703286, 0.011144, -0.71082, 0.0)], [0.696423, 0.211608, -0.685724, 0.0)], [-5.27038, 0.803624, 6.49073, 1.0)]])
-5.27038, 0.803624, 6.49073
float3(-0.21322, 2.34845, -1.55939)
174630.206613625
normal
simd_float4x4([[0.139949, -0.974233, -0.176873, 0.0)], [-0.702169, 0.0282969, -0.711448, 0.0)], [0.698121, 0.223761, -0.680116, 0.0)], [-5.45642, 0.800764, 6.58496, 1.0)]])
-5.45642, 0.800764, 6.58496
float3(-0.225672, 2.34313, -1.54176)
174630.306669583
normal
simd_float4x4([[0.144103, -0.971399, -0.188728, 0.0)], [-0.694802, 0.0364786, -0.718275, 0.0)], [0.704616, 0.234634, -0.669674, 0.0)], [-5.61186, 0.76943, 6.62564, 1.0)]])
-5.61186, 0.76943, 6.62564
float3(-0.236842, 2.33077, -1.53326)
174630.40672525
limited(__ObjC.ARCamera.TrackingState.Reason.excessiveMotion)
simd_float4x4([[0.149198, -0.971694, -0.183171, 0.0)], [-0.678183, 0.0342511, -0.734095, 0.0)], [0.719589, 0.233749, -0.653875, 0.0)], [-5.79175, 0.752363, 6.69829, 1.0)]])
-5.79175, 0.752363, 6.69829
float3(-0.235931, 2.30839, -1.53556)
174630.506781
limited(__ObjC.ARCamera.TrackingState.Reason.excessiveMotion)
simd_float4x4([[0.148466, -0.974607, -0.16763, 0.0)], [-0.652729, 0.0307635, -0.756967, 0.0)], [0.742902, 0.221801, -0.631587, 0.0)], [-6.02857, 0.736996, 6.82651, 1.0)]])
-6.02857, 0.736996, 6.82651
float3(-0.223661, 2.27538, -1.53924)
174630.606836833
limited(__ObjC.ARCamera.TrackingState.Reason.excessiveMotion)
simd_float4x4([[0.171194, -0.974238, -0.146811, 0.0)], [-0.625961, 0.0075185, -0.779818, 0.0)], [0.760832, 0.225399, -0.608548, 0.0)], [-6.18844, 0.715494, 6.84484, 1.0)]])
-6.18844, 0.715494, 6.84484
float3(-0.227352, 2.24544, -1.56308)
174630.706892666
limited(__ObjC.ARCamera.TrackingState.Reason.excessiveMotion)
simd_float4x4([[0.176531, -0.978147, -0.109837, 0.0)], [-0.610853, -0.0213706, -0.791455, 0.0)], [0.771813, 0.206811, -0.601277, 0.0)], [-6.29952, 0.694846, 6.83976, 1.0)]])
-6.29952, 0.694846, 6.83976
float3(-0.208314, 2.23263, -1.59264)
174630.806948416
limited(__ObjC.ARCamera.TrackingState.Reason.excessiveMotion)
simd_float4x4([[0.188787, -0.976978, -0.0993607, 0.0)], [-0.604764, -0.0359484, -0.795593, 0.0)], [0.773706, 0.210287, -0.597628, 0.0)], [-6.44099, 0.688771, 6.88793, 1.0)]])
-6.44099, 0.688771, 6.88793
float3(-0.211869, 2.22849, -1.60758)
174630.907004208
limited(__ObjC.ARCamera.TrackingState.Reason.excessiveMotion)
simd_float4x4([[0.207351, -0.97555, -0.072858, 0.0)], [-0.616186, -0.0723968, -0.784266, 0.0)], [0.759816, 0.207512, -0.616131, 0.0)], [-6.60719, 0.663619, 6.99148, 1.0)]])
-6.60719, 0.663619, 6.99148
float3(-0.209031, 2.25215, -1.64487)
174631.007059875
limited(__ObjC.ARCamera.TrackingState.Reason.excessiveMotion)
simd_float4x4([[0.216772, -0.97552, -0.0370233, 0.0)], [-0.661215, -0.118817, -0.740727, 0.0)], [0.718195, 0.185049, -0.670785, 0.0)], [-6.80642, 0.638024, 7.15893, 1.0)]])
-6.80642, 0.638024, 7.15893
float3(-0.186122, 2.32207, -1.692)
174631.107115708
limited(__ObjC.ARCamera.TrackingState.Reason.excessiveMotion)
simd_float4x4([[0.211992, -0.974899, -0.0680508, 0.0)], [-0.677703, -0.0964818, -0.728979, 0.0)], [0.704116, 0.200656, -0.681145, 0.0)], [-7.01632, 0.612491, 7.35482, 1.0)]])
-7.01632, 0.612491, 7.35482
float3(-0.202028, 2.33961, -1.66944)
174631.207171375
limited(__ObjC.ARCamera.TrackingState.Reason.excessiveMotion)
simd_float4x4([[0.201048, -0.977651, -0.0614703, 0.0)], [-0.697078, -0.0986977, -0.71017, 0.0)], [0.688231, 0.185628, -0.701342, 0.0)], [-7.13495, 0.592522, 7.46176, 1.0)]])
-7.13495, 0.592522, 7.46176
float3(-0.186711, 2.36563, -1.67141)
174631.307227291
limited(__ObjC.ARCamera.TrackingState.Reason.excessiveMotion)
simd_float4x4([[0.208898, -0.973004, -0.0981064, 0.0)], [-0.712634, -0.0827576, -0.696637, 0.0)], [0.669712, 0.21544, -0.710684, 0.0)], [-7.18503, 0.581183, 7.52221, 1.0)]])
-7.18503, 0.581183, 7.52221
float3(-0.217143, 2.38587, -1.65565)
174631.407283333
limited(__ObjC.ARCamera.TrackingState.Reason.excessiveMotion)
simd_float4x4([[0.210583, -0.971499, -0.108836, 0.0)], [-0.711593, -0.0759966, -0.69847, 0.0)], [0.670291, 0.224533, -0.707315, 0.0)], [-7.24448, 0.570552, 7.55517, 1.0)]])
-7.24448, 0.570552, 7.55517
float3(-0.226463, 2.38306, -1.64886)
174631.507338916
limited(__ObjC.ARCamera.TrackingState.Reason.excessiveMotion)
simd_float4x4([[0.232429, -0.963643, -0.131794, 0.0)], [-0.709613, -0.0753452, -0.700552, 0.0)], [0.665152, 0.256351, -0.701325, 0.0)], [-7.25191, 0.55249, 7.55829, 1.0)]])
-7.25191, 0.55249, 7.55829
float3(-0.259245, 2.38266, -1.64883)
174631.607394708
limited(__ObjC.ARCamera.TrackingState.Reason.excessiveMotion)
simd_float4x4([[0.223653, -0.964013, -0.14373, 0.0)], [-0.707943, -0.0593146, -0.703775, 0.0)], [0.669923, 0.259154, -0.695732, 0.0)], [-7.25715, 0.534348, 7.46896, 1.0)]])
-7.25715, 0.534348, 7.46896
float3(-0.262146, 2.37509, -1.63225)
174631.707450541
limited(__ObjC.ARCamera.TrackingState.Reason.excessiveMotion)
simd_float4x4([[0.200696, -0.970359, -0.134631, 0.0)], [-0.68531, -0.0408593, -0.727105, 0.0)], [0.700051, 0.238191, -0.673196, 0.0)], [-7.23771, 0.510793, 7.32756, 1.0)]])
-7.23771, 0.510793, 7.32756
float3(-0.240503, 2.33664, -1.61288)
174631.807506416
limited(__ObjC.ARCamera.TrackingState.Reason.excessiveMotion)
simd_float4x4([[0.192065, -0.97504, -0.111392, 0.0)], [-0.65185, -0.0418986, -0.75719, 0.0)], [0.733623, 0.21804, -0.643627, 0.0)], [-7.17562, 0.504421, 7.13294, 1.0)]])
-7.17562, 0.504421, 7.13294
float3(-0.219806, 2.29094, -1.61374)
174631.907562083
limited(__ObjC.ARCamera.TrackingState.Reason.excessiveMotion)
simd_float4x4([[0.187351, -0.979006, -0.0802977, 0.0)], [-0.631083, -0.0573196, -0.773594, 0.0)], [0.752751, 0.195608, -0.628573, 0.0)], [-7.03066, 0.505325, 6.91698, 1.0)]])
-7.03066, 0.505325, 6.91698
float3(-0.196877, 2.26654, -1.62928)
174632.007617958
limited(__ObjC.ARCamera.TrackingState.Reason.excessiveMotion)
simd_float4x4([[0.187222, -0.979368, -0.0760712, 0.0)], [-0.613822, -0.0561784, -0.787443, 0.0)], [0.766923, 0.194121, -0.611675, 0.0)], [-6.86116, 0.513399, 6.73555, 1.0)]])
-6.86116, 0.513399, 6.73555
float3(-0.195361, 2.24405, -1.6281)
174632.10767375
limited(__ObjC.ARCamera.TrackingState.Reason.excessiveMotion)
simd_float4x4([[0.204118, -0.976007, -0.0758021, 0.0)], [-0.59184, -0.061354, -0.803717, 0.0)], [0.779783, 0.208916, -0.590163, 0.0)], [-6.68594, 0.533179, 6.54683, 1.0)]])
-6.68594, 0.533179, 6.54683
float3(-0.210467, 2.21865, -1.63358)
174632.207729666
limited(__ObjC.ARCamera.TrackingState.Reason.excessiveMotion)
simd_float4x4([[0.200289, -0.977884, -0.0602314, 0.0)], [-0.583074, -0.0695688, -0.809435, 0.0)], [0.787343, 0.197241, -0.584113, 0.0)], [-6.50088, 0.551895, 6.40181, 1.0)]])
-6.50088, 0.551895, 6.40181
float3(-0.198542, 2.20908, -1.64182)
174632.307785416
limited(__ObjC.ARCamera.TrackingState.Reason.excessiveMotion)
simd_float4x4([[0.194814, -0.978715, -0.0645303, 0.0)], [-0.584018, -0.0628889, -0.809301, 0.0)], [0.788017, 0.19535, -0.583839, 0.0)], [-6.34375, 0.568648, 6.26744, 1.0)]])
-6.34375, 0.568648, 6.26744
float3(-0.196614, 2.20845, -1.63496)
174632.407841333
limited(__ObjC.ARCamera.TrackingState.Reason.excessiveMotion)
simd_float4x4([[0.192509, -0.979782, -0.054478, 0.0)], [-0.591088, -0.0714649, -0.803435, 0.0)], [0.783298, 0.18687, -0.592895, 0.0)], [-6.20983, 0.579063, 6.20305, 1.0)]])
-6.20983, 0.579063, 6.20305
float3(-0.187975, 2.21871, -1.64361)
174632.507897208
limited(__ObjC.ARCamera.TrackingState.Reason.excessiveMotion)
simd_float4x4([[0.199237, -0.977332, -0.0715934, 0.0)], [-0.601752, -0.0643557, -0.796086, 0.0)], [0.773434, 0.201692, -0.600934, 0.0)], [-6.02038, 0.606972, 6.10145, 1.0)]])
-6.02038, 0.606972, 6.10145
float3(-0.203085, 2.23133, -1.63655)
174632.607952958
limited(__ObjC.ARCamera.TrackingState.Reason.excessiveMotion)
simd_float4x4([[0.199855, -0.976278, -0.0833047, 0.0)], [-0.610703, -0.0576284, -0.78976, 0.0)], [0.766225, 0.208712, -0.607733, 0.0)], [-5.81553, 0.649701, 5.98063, 1.0)]])
-5.81553, 0.649701, 5.98063
float3(-0.210258, 2.24135, -1.62976)
174632.708008875
limited(__ObjC.ARCamera.TrackingState.Reason.excessiveMotion)
simd_float4x4([[0.20994, -0.972552, -0.100342, 0.0)], [-0.631145, -0.0564259, -0.77361, 0.0)], [0.746713, 0.225742, -0.625668, 0.0)], [-5.64202, 0.69196, 5.83211, 1.0)]])
-5.64202, 0.69196, 5.83211
float3(-0.227705, 2.26822, -1.62875)
174632.808064666
limited(__ObjC.ARCamera.TrackingState.Reason.excessiveMotion)
simd_float4x4([[0.205354, -0.970401, -0.127092, 0.0)], [-0.646624, -0.0370506, -0.761909, 0.0)], [0.734648, 0.238641, -0.635093, 0.0)], [-5.49842, 0.729378, 5.6888, 1.0)]])
-5.49842, 0.729378, 5.6888
float3(-0.240966, 2.28364, -1.60896)
174632.908120541
limited(__ObjC.ARCamera.TrackingState.Reason.excessiveMotion)
simd_float4x4([[0.213341, -0.968006, -0.132102, 0.0)], [-0.645604, -0.0381998, -0.762716, 0.0)], [0.733268, 0.248004, -0.633098, 0.0)], [-5.52821, 0.738692, 5.71955, 1.0)]])
-5.52821, 0.738692, 5.71955
float3(-0.250619, 2.28301, -1.61024)
174633.008176333
limited(__ObjC.ARCamera.TrackingState.Reason.excessiveMotion)
simd_float4x4([[0.197973, -0.972739, -0.120767, 0.0)], [-0.633798, -0.033048, -0.772792, 0.0)], [0.747735, 0.229534, -0.623063, 0.0)], [-5.52347, 0.747482, 5.68781, 1.0)]])
-5.52347, 0.747482, 5.68781
float3(-0.231599, 2.2655, -1.60476)
174633.108232125
limited(__ObjC.ARCamera.TrackingState.Reason.excessiveMotion)
simd_float4x4([[0.180708, -0.978928, -0.0951011, 0.0)], [-0.599369, -0.0329438, -0.799795, 0.0)], [0.779809, 0.20153, -0.592692, 0.0)], [-5.42215, 0.763417, 5.52281, 1.0)]])
-5.42215, 0.763417, 5.52281
float3(-0.20292, 2.2207, -1.60444)
174633.208287916
normal
simd_float4x4([[0.192388, -0.97757, -0.085699, 0.0)], [-0.575555, -0.0416744, -0.816701, 0.0)], [0.79481, 0.206448, -0.570663, 0.0)], [-5.22779, 0.784835, 5.26135, 1.0)]])
-5.22779, 0.784835, 5.26135
float3(-0.207944, 2.19349, -1.6134)
174633.308343833
normal
simd_float4x4([[0.193368, -0.97758, -0.0833437, 0.0)], [-0.570901, -0.043026, -0.819891, 0.0)], [0.797923, 0.206122, -0.566422, 0.0)], [-4.97746, 0.814373, 4.93916, 1.0)]])
-4.97746, 0.814373, 4.93916
float3(-0.20761, 2.18812, -1.61478)
174633.4083995
normal
simd_float4x4([[0.188478, -0.980295, -0.0591408, 0.0)], [-0.583373, -0.0633125, -0.809733, 0.0)], [0.790033, 0.187118, -0.583811, 0.0)], [-4.81101, 0.839731, 4.74661, 1.0)]])
-4.81101, 0.839731, 4.74661
float3(-0.188228, 2.2072, -1.63529)
174633.508455458
normal
simd_float4x4([[0.173664, -0.983656, -0.0475684, 0.0)], [-0.615736, -0.0707573, -0.784769, 0.0)], [0.768577, 0.165575, -0.61796, 0.0)], [-4.73158, 0.852867, 4.67209, 1.0)]])
-4.73158, 0.852867, 4.67209
float3(-0.166341, 2.24799, -1.64261)
174633.608511458
normal
simd_float4x4([[0.180209, -0.982103, -0.0547581, 0.0)], [-0.649216, -0.0769358, -0.756703, 0.0)], [0.738948, 0.171914, -0.651462, 0.0)], [-4.69348, 0.861774, 4.67838, 1.0)]])
-4.69348, 0.861774, 4.67838
float3(-0.172773, 2.29336, -1.64897)
174633.708567208
normal
simd_float4x4([[0.178048, -0.982601, -0.0528522, 0.0)], [-0.66544, -0.0806633, -0.74208, 0.0)], [0.724906, 0.167296, -0.668224, 0.0)], [-4.63192, 0.869359, 4.67331, 1.0)]])
-4.63192, 0.869359, 4.67331
float3(-0.168086, 2.31553, -1.6527)
174633.808623041
normal
simd_float4x4([[0.18597, -0.980787, -0.0589232, 0.0)], [-0.67896, -0.0849288, -0.729246, 0.0)], [0.710231, 0.175625, -0.68171, 0.0)], [-4.56497, 0.873985, 4.65804, 1.0)]])
-4.56497, 0.873985, 4.65804
float3(-0.17654, 2.33571, -1.65717)
174633.908678833
normal
simd_float4x4([[0.175284, -0.981546, -0.0764401, 0.0)], [-0.670486, -0.0621596, -0.739314, 0.0)], [0.720919, 0.180842, -0.669008, 0.0)], [-4.48993, 0.888728, 4.61606, 1.0)]])
-4.48993, 0.888728, 4.61606
float3(-0.181843, 2.31886, -1.63404)
174634.008734833
normal
simd_float4x4([[0.178829, -0.980207, -0.0849336, 0.0)], [-0.649949, -0.0528856, -0.758135, 0.0)], [0.738638, 0.190779, -0.646543, 0.0)], [-4.43814, 0.90768, 4.55823, 1.0)]])
-4.43814, 0.90768, 4.55823
float3(-0.191956, 2.28981, -1.6247)
174634.108790625
normal
simd_float4x4([[0.174888, -0.978472, -0.109575, 0.0)], [-0.620577, -0.023144, -0.783804, 0.0)], [0.764394, 0.205078, -0.611265, 0.0)], [-4.46114, 0.919286, 4.56227, 1.0)]])
-4.46114, 0.919286, 4.56227
float3(-0.206543, 2.24534, -1.59445)
174634.208846583
normal
simd_float4x4([[0.155567, -0.981798, -0.10896, 0.0)], [-0.58631, -0.0029987, -0.810081, 0.0)], [0.795009, 0.189906, -0.576104, 0.0)], [-4.54516, 0.935043, 4.60831, 1.0)]])
-4.54516, 0.935043, 4.60831
float3(-0.191066, 2.19788, -1.57385)
174634.30890225
normal
simd_float4x4([[0.173226, -0.979137, -0.106222, 0.0)], [-0.557121, -0.00847942, -0.830388, 0.0)], [0.812164, 0.203023, -0.546966, 0.0)], [-4.69213, 0.943467, 4.70854, 1.0)]])
-4.69213, 0.943467, 4.70854
float3(-0.204444, 2.16349, -1.57946)
174634.408958291
normal
simd_float4x4([[0.176061, -0.978825, -0.104426, 0.0)], [-0.53085, -0.00507336, -0.84745, 0.0)], [0.828976, 0.204638, -0.520503, 0.0)], [-4.8656, 0.950242, 4.85261, 1.0)]])
-4.8656, 0.950242, 4.85261
float3(-0.206094, 2.13147, -1.57598)
174634.509014
normal
simd_float4x4([[0.174806, -0.97978, -0.0973373, 0.0)], [-0.506614, -0.0047346, -0.86216, 0.0)], [0.844266, 0.200023, -0.497197, 0.0)], [-5.03923, 0.950829, 5.01257, 1.0)]])
-5.03923, 0.950829, 5.01257
float3(-0.201382, 2.10302, -1.57563)
174634.60907
normal
simd_float4x4([[0.175078, -0.980245, -0.0920153, 0.0)], [-0.489722, -0.00562641, -0.87186, 0.0)], [0.854119, 0.197706, -0.481033, 0.0)], [-5.21846, 0.953202, 5.1845, 1.0)]])
-5.21846, 0.953202, 5.1845
float3(-0.199017, 2.08371, -1.57654)
174634.709125875
normal
simd_float4x4([[0.16274, -0.98208, -0.0950536, 0.0)], [-0.463041, 0.00905228, -0.886291, 0.0)], [0.871269, 0.188248, -0.45327, 0.0)], [-5.39758, 0.960359, 5.36759, 1.0)]])
-5.39758, 0.960359, 5.36759
float3(-0.189378, 2.05051, -1.56158)
174634.809181708
normal
simd_float4x4([[0.173065, -0.982485, -0.0690793, 0.0)], [-0.461452, -0.018922, -0.886964, 0.0)], [0.870121, 0.18538, -0.456644, 0.0)], [-5.57965, 0.973032, 5.54127, 1.0)]])
-5.57965, 0.973032, 5.54127
float3(-0.186458, 2.05409, -1.59005)
174634.909237625
normal
simd_float4x4([[0.178706, -0.981608, -0.0671567, 0.0)], [-0.47631, -0.0265859, -0.878876, 0.0)], [0.860926, 0.189047, -0.472301, 0.0)], [-5.73616, 0.981008, 5.69085, 1.0)]])
-5.73616, 0.981008, 5.69085
float3(-0.190192, 2.07256, -1.59787)
174635.0092935
normal
simd_float4x4([[0.203518, -0.977094, -0.0621863, 0.0)], [-0.491724, -0.0470834, -0.869477, 0.0)], [0.846634, 0.207533, -0.490043, 0.0)], [-5.89555, 0.987427, 5.83862, 1.0)]])
-5.89555, 0.987427, 5.83862
float3(-0.209052, 2.09549, -1.61895)
174635.109349375
normal
simd_float4x4([[0.211944, -0.976015, -0.0497462, 0.0)], [-0.507028, -0.0663009, -0.859376, 0.0)], [0.835465, 0.207362, -0.508919, 0.0)], [-6.05322, 0.987087, 5.97966, 1.0)]])
-6.05322, 0.987087, 5.97966
float3(-0.208877, 2.11791, -1.63862)
174635.209405291
normal
simd_float4x4([[0.229925, -0.971859, -0.0512369, 0.0)], [-0.516019, -0.0771053, -0.8531, 0.0)], [0.825142, 0.222588, -0.519226, 0.0)], [-6.22237, 0.978467, 6.12548, 1.0)]])
-6.22237, 0.978467, 6.12548
float3(-0.224469, 2.13245, -1.64997)
174635.309461125
normal
simd_float4x4([[0.211975, -0.976516, -0.0385022, 0.0)], [-0.514114, -0.0779218, -0.854175, 0.0)], [0.831116, 0.200859, -0.518558, 0.0)], [-6.40329, 0.970123, 6.28138, 1.0)]])
-6.40329, 0.970123, 6.28138
float3(-0.202234, 2.12863, -1.65042)
174635.409517041
normal
simd_float4x4([[0.216885, -0.975622, -0.0334955, 0.0)], [-0.490472, -0.0792387, -0.867847, 0.0)], [0.844037, 0.204652, -0.495701, 0.0)], [-6.5973, 0.969604, 6.44307, 1.0)]])
-6.5973, 0.969604, 6.44307
float3(-0.206108, 2.10182, -1.65184)
174635.509572833
normal
simd_float4x4([[0.20895, -0.977554, -0.0269837, 0.0)], [-0.426947, -0.0663651, -0.901838, 0.0)], [0.879805, 0.199959, -0.43123, 0.0)], [-6.75797, 0.980808, 6.57498, 1.0)]])
-6.75797, 0.980808, 6.57498
float3(-0.201317, 2.02653, -1.63858)
174635.609628791
normal
simd_float4x4([[0.190644, -0.98158, -0.0124792, 0.0)], [-0.338051, -0.0537116, -0.939594, 0.0)], [0.921616, 0.183347, -0.342064, 0.0)], [-6.88727, 0.988366, 6.68593, 1.0)]])
-6.88727, 0.988366, 6.68593
float3(-0.18439, 1.92619, -1.62546)
174635.709684708
normal
simd_float4x4([[0.186658, -0.981767, -0.0359464, 0.0)], [-0.205864, -0.00331031, -0.978575, 0.0)], [0.960614, 0.190059, -0.202729, 0.0)], [-7.0159, 1.00546, 6.80757, 1.0)]])
-7.0159, 1.00546, 6.80757
float3(-0.191222, 1.77879, -1.57417)
174635.809740666
normal
simd_float4x4([[0.155089, -0.987517, -0.02753, 0.0)], [-0.0371991, 0.0220099, -0.999065, 0.0)], [0.9872, 0.155968, -0.0333213, 0.0)], [-7.142, 1.0202, 6.92634, 1.0)]])
-7.142, 1.0202, 6.92634
float3(-0.156608, 1.60454, -1.54851)
174635.909796458
normal
simd_float4x4([[0.152354, -0.987912, -0.0285984, 0.0)], [0.152051, 0.052021, -0.987003, 0.0)], [0.97656, 0.146025, 0.158138, 0.0)], [-7.21865, 1.02054, 7.01861, 1.0)]])
-7.21865, 1.02054, 7.01861
float3(-0.146549, 1.41026, -1.51819)
174636.009852416
normal
simd_float4x4([[0.17663, -0.984098, -0.0187928, 0.0)], [0.339567, 0.0788454, -0.937272, 0.0)], [0.923849, 0.159169, 0.348093, 0.0)], [-7.28317, 1.01991, 7.10707, 1.0)]])
-7.28317, 1.01991, 7.10707
float3(-0.159849, 1.21046, -1.49085)
174636.109908208
normal
simd_float4x4([[0.203079, -0.978876, 0.0236979, 0.0)], [0.513769, 0.0859219, -0.853615, 0.0)], [0.833547, 0.185526, 0.520365, 0.0)], [-7.33787, 1.01415, 7.18813, 1.0)]])
-7.33787, 1.01415, 7.18813
float3(-0.186608, 1.01272, -1.48324)
174636.209964208
normal
simd_float4x4([[0.207199, -0.976562, 0.0582737, 0.0)], [0.661525, 0.0959754, -0.743756, 0.0)], [0.720731, 0.192655, 0.665906, 0.0)], [-7.41378, 1.01277, 7.29595, 1.0)]])
-7.41378, 1.01277, 7.29595
float3(-0.193867, 0.824916, -1.47283)
174636.310020125
limited(__ObjC.ARCamera.TrackingState.Reason.excessiveMotion)
simd_float4x4([[0.209225, -0.974457, 0.0816018, 0.0)], [0.776203, 0.114743, -0.619954, 0.0)], [0.594755, 0.19305, 0.780384, 0.0)], [-7.516, 1.02399, 7.43005, 1.0)]])
-7.516, 1.02399, 7.43005
float3(-0.194269, 0.65122, -1.45359)
174636.410076041
limited(__ObjC.ARCamera.TrackingState.Reason.excessiveMotion)
simd_float4x4([[0.198834, -0.975151, 0.097699, 0.0)], [0.871874, 0.130484, -0.472027, 0.0)], [0.44755, 0.179036, 0.876154, 0.0)], [-7.62357, 1.04767, 7.57265, 1.0)]])
-7.62357, 1.04767, 7.57265
float3(-0.180007, 0.472259, -1.43778)
174636.510131875
limited(__ObjC.ARCamera.TrackingState.Reason.excessiveMotion)
simd_float4x4([[0.163538, -0.980615, 0.107934, 0.0)], [0.941686, 0.122553, -0.313382, 0.0)], [0.294079, 0.15289, 0.943473, 0.0)], [-7.72251, 1.07873, 7.71768, 1.0)]])
-7.72251, 1.07873, 7.71768
float3(-0.153492, 0.302154, -1.44647)
174636.610187791
limited(__ObjC.ARCamera.TrackingState.Reason.excessiveMotion)
simd_float4x4([[0.129042, -0.984008, 0.122787, 0.0)], [0.981739, 0.109318, -0.155685, 0.0)], [0.139772, 0.140635, 0.980146, 0.0)], [-7.85873, 1.09411, 7.90452, 1.0)]])
-7.85873, 1.09411, 7.90452
float3(-0.141102, 0.141649, -1.46016)
174636.710243708
limited(__ObjC.ARCamera.TrackingState.Reason.excessiveMotion)
simd_float4x4([[0.0977309, -0.988865, 0.112229, 0.0)], [0.99513, 0.0985566, 0.00181988, 0.0)], [-0.0128606, 0.111505, 0.993681, 0.0)], [-7.99041, 1.1127, 8.09385, 1.0)]])
-7.99041, 1.1127, 8.09385
float3(-0.111737, -0.0129416, -1.47146)
174636.810299666
normal
simd_float4x4([[0.077146, -0.990901, 0.110293, 0.0)], [0.986198, 0.0920948, 0.137593, 0.0)], [-0.146498, 0.0981564, 0.984329, 0.0)], [-8.13495, 1.12752, 8.2907, 1.0)]])
-8.13495, 1.12752, 8.2907
float3(-0.0983147, -0.147746, -1.47812)
174636.910355666
normal
simd_float4x4([[0.0851866, -0.988488, 0.125042, 0.0)], [0.964051, 0.113475, 0.240271, 0.0)], [-0.251694, 0.100079, 0.962619, 0.0)], [-8.30459, 1.1401, 8.48882, 1.0)]])
-8.30459, 1.1401, 8.48882
float3(-0.100247, -0.255743, -1.4565)
174637.010411375
normal
simd_float4x4([[0.11067, -0.986813, 0.118118, 0.0)], [0.935976, 0.143452, 0.321514, 0.0)], [-0.334218, 0.0749735, 0.939509, 0.0)], [-8.50106, 1.1508, 8.69249, 1.0)]])
-8.50106, 1.1508, 8.69249
float3(-0.0750439, -0.341777, -1.42644)
174637.110467458
normal
simd_float4x4([[0.101513, -0.988926, 0.108265, 0.0)], [0.920856, 0.134588, 0.365938, 0.0)], [-0.376456, 0.062549, 0.924321, 0.0)], [-8.7159, 1.16156, 8.89148, 1.0)]])
-8.7159, 1.16156, 8.89148
float3(-0.0625898, -0.386766, -1.43553)
174637.210523291
normal
