ARKit Data
85270.694232208
limited(__ObjC.ARCamera.TrackingState.Reason.initializing)
simd_float4x4([[0.23959, -0.940636, 0.240409, 0.0)], [0.806937, 0.055242, -0.588048, 0.0)], [0.53986, 0.334886, 0.772268, 0.0)], [0.0, 0.0, 0.0, 1.0)]])
0.0, 0.0, 0.0
float3(-0.341484, 0.610093, -1.51214)
85271.027963291
notAvailable
simd_float4x4([[1.0, 0.0, 0.0, 0.0)], [0.0, 1.0, 0.0, 0.0)], [0.0, 0.0, 1.0, 0.0)], [0.0, 0.0, 0.0, 1.0)]])
0.0, 0.0, 0.0
float3(-0.0, 0.0, 0.0)
85271.1279845
notAvailable
simd_float4x4([[1.0, 0.0, 0.0, 0.0)], [0.0, 1.0, 0.0, 0.0)], [0.0, 0.0, 1.0, 0.0)], [0.0, 0.0, 0.0, 1.0)]])
0.0, 0.0, 0.0
float3(-0.0, 0.0, 0.0)
85271.228039125
limited(__ObjC.ARCamera.TrackingState.Reason.initializing)
simd_float4x4([[-0.0413729, -0.976265, 0.212589, 0.0)], [0.99914, -0.040985, 0.00623316, 0.0)], [0.00262774, 0.212665, 0.977122, 0.0)], [0.0, 0.0, 0.0, 1.0)]])
0.0, 0.0, 0.0
float3(-0.214301, 0.00268926, -1.61275)
85271.328093833
limited(__ObjC.ARCamera.TrackingState.Reason.initializing)
simd_float4x4([[-0.00516611, -0.982957, 0.183761, 0.0)], [0.999987, -0.0050462, 0.00112015, 0.0)], [-0.000173762, 0.183764, 0.982969, 0.0)], [0.0, 0.0, 0.0, 1.0)]])
0.0, 0.0, 0.0
float3(-0.184814, -0.000176772, -1.57593)
85271.428148666
limited(__ObjC.ARCamera.TrackingState.Reason.initializing)
simd_float4x4([[-0.0264366, -0.979969, 0.19738, 0.0)], [0.999626, -0.0272975, -0.00164193, 0.0)], [0.006997, 0.197263, 0.980324, 0.0)], [0.0, 0.0, 0.0, 1.0)]])
0.0, 0.0, 0.0
float3(-0.198565, 0.00713731, -1.59864)
85271.52820325
limited(__ObjC.ARCamera.TrackingState.Reason.initializing)
simd_float4x4([[-0.0242953, -0.976207, 0.215468, 0.0)], [0.999196, -0.0305894, -0.0259248, 0.0)], [0.031899, 0.214664, 0.976165, 0.0)], [0.0, 0.0, 0.0, 1.0)]])
0.0, 0.0, 0.0
float3(-0.216348, 0.0326663, -1.60212)
85271.628257916
limited(__ObjC.ARCamera.TrackingState.Reason.initializing)
simd_float4x4([[-0.0262723, -0.974937, 0.22092, 0.0)], [0.997196, -0.0410504, -0.0625705, 0.0)], [0.0700712, 0.218657, 0.973281, 0.0)], [0.0, 0.0, 0.0, 1.0)]])
0.0, 0.0, 0.0
float3(-0.220438, 0.0718708, -1.61288)
85271.728312458
limited(__ObjC.ARCamera.TrackingState.Reason.initializing)
simd_float4x4([[-0.0220641, -0.974457, 0.223478, 0.0)], [0.994441, -0.0444118, -0.0954736, 0.0)], [0.10296, 0.22013, 0.97002, 0.0)], [0.0, 0.0, 0.0, 1.0)]])
0.0, 0.0, 0.0
float3(-0.221947, 0.105746, -1.61634)
85271.828367166
limited(__ObjC.ARCamera.TrackingState.Reason.initializing)
simd_float4x4([[-0.0123438, -0.974267, 0.225051, 0.0)], [0.992164, -0.0399191, -0.118395, 0.0)], [0.124333, 0.221826, 0.967125, 0.0)], [0.0, 0.0, 0.0, 1.0)]])
0.0, 0.0, 0.0
float3(-0.223687, 0.127858, -1.61175)
85271.928421791
limited(__ObjC.ARCamera.TrackingState.Reason.initializing)
simd_float4x4([[-0.00393073, -0.972827, 0.231489, 0.0)], [0.992891, -0.0313351, -0.114827, 0.0)], [0.118961, 0.229392, 0.966034, 0.0)], [0.0, 0.0, 0.0, 1.0)]])
0.0, 0.0, 0.0
float3(-0.231453, 0.122527, -1.603)
85272.028476458
limited(__ObjC.ARCamera.TrackingState.Reason.initializing)
simd_float4x4([[-0.000918076, -0.971248, 0.238054, 0.0)], [0.995698, -0.0229441, -0.0897723, 0.0)], [0.0926534, 0.236948, 0.967091, 0.0)], [0.0, 0.0, 0.0, 1.0)]])
0.0, 0.0, 0.0
float3(-0.239223, 0.0955148, -1.59442)
85272.128531
limited(__ObjC.ARCamera.TrackingState.Reason.initializing)
simd_float4x4([[-0.0053243, -0.969798, 0.243837, 0.0)], [0.998669, -0.0176645, -0.0484504, 0.0)], [0.0512945, 0.243255, 0.968602, 0.0)], [0.0, 0.0, 0.0, 1.0)]])
0.0, 0.0, 0.0
float3(-0.24572, 0.0529079, -1.58901)
85272.228585708
limited(__ObjC.ARCamera.TrackingState.Reason.initializing)
simd_float4x4([[-0.0140947, -0.968161, 0.249918, 0.0)], [0.999871, -0.0117114, 0.0110208, 0.0)], [-0.00774306, 0.250041, 0.968201, 0.0)], [0.0, 0.0, 0.0, 1.0)]])
0.0, 0.0, 0.0
float3(-0.252722, -0.0079972, -1.58289)
85272.328640458
limited(__ObjC.ARCamera.TrackingState.Reason.initializing)
simd_float4x4([[-0.0338391, -0.964856, 0.260579, 0.0)], [0.996159, -0.0114934, 0.0868061, 0.0)], [-0.0807608, 0.262516, 0.961539, 0.0)], [0.0, 0.0, 0.0, 1.0)]])
0.0, 0.0, 0.0
float3(-0.265628, -0.0837945, -1.58271)
85272.428695125
limited(__ObjC.ARCamera.TrackingState.Reason.initializing)
simd_float4x4([[-0.0568719, -0.960501, 0.272391, 0.0)], [0.986273, -0.0116888, 0.164706, 0.0)], [-0.155017, 0.278019, 0.947982, 0.0)], [0.0, 0.0, 0.0, 1.0)]])
0.0, 0.0, 0.0
float3(-0.281731, -0.162089, -1.58297)
85272.52875
limited(__ObjC.ARCamera.TrackingState.Reason.initializing)
simd_float4x4([[-0.0778683, -0.954945, 0.286376, 0.0)], [0.971009, -0.00752927, 0.238922, 0.0)], [-0.226002, 0.296678, 0.927847, 0.0)], [0.0, 0.0, 0.0, 1.0)]])
0.0, 0.0, 0.0
float3(-0.301213, -0.238924, -1.57868)
85272.628804541
limited(__ObjC.ARCamera.TrackingState.Reason.initializing)
simd_float4x4([[-0.101749, -0.947006, 0.304667, 0.0)], [0.952046, -0.00386886, 0.30593, 0.0)], [-0.28854, 0.321185, 0.901986, 0.0)], [0.0, 0.0, 0.0, 1.0)]])
0.0, 0.0, 0.0
float3(-0.326981, -0.309607, -1.57488)
85272.72885925
limited(__ObjC.ARCamera.TrackingState.Reason.initializing)
simd_float4x4([[-0.12524, -0.93643, 0.327731, 0.0)], [0.932755, 0.00141984, 0.360506, 0.0)], [-0.338056, 0.350843, 0.873282, 0.0)], [0.0, 0.0, 0.0, 1.0)]])
0.0, 0.0, 0.0
float3(-0.358472, -0.369345, -1.56928)
85272.828913875
limited(__ObjC.ARCamera.TrackingState.Reason.initializing)
simd_float4x4([[-0.15053, -0.924716, 0.349624, 0.0)], [0.914728, 0.003861, 0.404051, 0.0)], [-0.374983, 0.380633, 0.845282, 0.0)], [0.0, 0.0, 0.0, 1.0)]])
0.0, 0.0, 0.0
float3(-0.390481, -0.417535, -1.56662)
85272.928968708
limited(__ObjC.ARCamera.TrackingState.Reason.initializing)
simd_float4x4([[-0.176698, -0.911956, 0.370282, 0.0)], [0.89911, 0.00351299, 0.437708, 0.0)], [-0.400473, 0.410267, 0.819328, 0.0)], [0.0, 0.0, 0.0, 1.0)]])
0.0, 0.0, 0.0
float3(-0.422747, -0.454633, -1.56694)
85273.029023166
limited(__ObjC.ARCamera.TrackingState.Reason.initializing)
simd_float4x4([[-0.205362, -0.893834, 0.398601, 0.0)], [0.879386, 0.0102251, 0.475998, 0.0)], [-0.42954, 0.448277, 0.783925, 0.0)], [0.0, 0.0, 0.0, 1.0)]])
0.0, 0.0, 0.0
float3(-0.464837, -0.501257, -1.55936)
85273.129078041
limited(__ObjC.ARCamera.TrackingState.Reason.initializing)
simd_float4x4([[-0.235015, -0.873821, 0.425677, 0.0)], [0.858736, 0.0185003, 0.512084, 0.0)], [-0.455347, 0.485892, 0.746033, 0.0)], [0.0, 0.0, 0.0, 1.0)]])
0.0, 0.0, 0.0
float3(-0.507383, -0.548, -1.54963)
85273.229132625
limited(__ObjC.ARCamera.TrackingState.Reason.initializing)
simd_float4x4([[-0.263635, -0.857652, 0.441504, 0.0)], [0.836685, 0.0244654, 0.547137, 0.0)], [-0.480056, 0.513645, 0.711135, 0.0)], [0.0, 0.0, 0.0, 1.0)]])
0.0, 0.0, 0.0
float3(-0.539427, -0.593789, -1.54228)
85273.329187458
limited(__ObjC.ARCamera.TrackingState.Reason.initializing)
simd_float4x4([[-0.288394, -0.851096, 0.438706, 0.0)], [0.812125, 0.0252897, 0.582934, 0.0)], [-0.507228, 0.524399, 0.683903, 0.0)], [0.0, 0.0, 0.0, 1.0)]])
0.0, 0.0, 0.0
float3(-0.552009, -0.638147, -1.54109)
85273.429242041
limited(__ObjC.ARCamera.TrackingState.Reason.initializing)
simd_float4x4([[-0.308637, -0.849289, 0.428308, 0.0)], [0.7862, 0.0256715, 0.617438, 0.0)], [-0.53538, 0.527301, 0.659788, 0.0)], [0.0, 0.0, 0.0, 1.0)]])
0.0, 0.0, 0.0
float3(-0.555421, -0.681679, -1.54058)
85273.529296875
limited(__ObjC.ARCamera.TrackingState.Reason.initializing)
simd_float4x4([[-0.325341, -0.850785, 0.412695, 0.0)], [0.760277, 0.0241554, 0.649149, 0.0)], [-0.562255, 0.524958, 0.638973, 0.0)], [0.0, 0.0, 0.0, 1.0)]])
0.0, 0.0, 0.0
float3(-0.552665, -0.721619, -1.54241)
85273.629351583
limited(__ObjC.ARCamera.TrackingState.Reason.initializing)
simd_float4x4([[-0.336972, -0.852271, 0.400104, 0.0)], [0.737492, 0.0252366, 0.674884, 0.0)], [-0.585281, 0.522491, 0.620039, 0.0)], [0.0, 0.0, 0.0, 1.0)]])
0.0, 0.0, 0.0
float3(-0.54977, -0.75657, -1.54119)
85273.729406166
limited(__ObjC.ARCamera.TrackingState.Reason.initializing)
simd_float4x4([[-0.341589, -0.850916, 0.39907, 0.0)], [0.729342, 0.0278083, 0.683584, 0.0)], [-0.59277, 0.524564, 0.61111, 0.0)], [0.0, 0.0, 0.0, 1.0)]])
0.0, 0.0, 0.0
float3(-0.552203, -0.770166, -1.53813)
85273.829461
limited(__ObjC.ARCamera.TrackingState.Reason.initializing)
simd_float4x4([[-0.336208, -0.850762, 0.40394, 0.0)], [0.741027, 0.025737, 0.670981, 0.0)], [-0.581242, 0.52492, 0.621785, 0.0)], [0.0, 0.0, 0.0, 1.0)]])
0.0, 0.0, 0.0
float3(-0.552621, -0.75171, -1.54055)
85273.929515625
limited(__ObjC.ARCamera.TrackingState.Reason.initializing)
simd_float4x4([[-0.317862, -0.850649, 0.41876, 0.0)], [0.771145, 0.0250207, 0.636168, 0.0)], [-0.551633, 0.525139, 0.64802, 0.0)], [0.0, 0.0, 0.0, 1.0)]])
0.0, 0.0, 0.0
float3(-0.552878, -0.705225, -1.54139)
85274.0295705
limited(__ObjC.ARCamera.TrackingState.Reason.initializing)
simd_float4x4([[-0.282317, -0.853518, 0.437954, 0.0)], [0.817046, 0.0253095, 0.576016, 0.0)], [-0.502725, 0.520448, 0.690219, 0.0)], [0.0, 0.0, 0.0, 1.0)]])
0.0, 0.0, 0.0
float3(-0.547375, -0.629505, -1.54115)
85274.129625083
limited(__ObjC.ARCamera.TrackingState.Reason.initializing)
simd_float4x4([[-0.247094, -0.855045, 0.455896, 0.0)], [0.859175, 0.0242263, 0.511108, 0.0)], [-0.448065, 0.517987, 0.728648, 0.0)], [0.0, 0.0, 0.0, 1.0)]])
0.0, 0.0, 0.0
float3(-0.544496, -0.551323, -1.54247)
85274.229679833
limited(__ObjC.ARCamera.TrackingState.Reason.initializing)
simd_float4x4([[-0.213945, -0.854068, 0.474125, 0.0)], [0.895762, 0.0220823, 0.443984, 0.0)], [-0.389663, 0.519692, 0.760318, 0.0)], [0.0, 0.0, 0.0, 1.0)]])
0.0, 0.0, 0.0
float3(-0.54649, -0.473598, -1.54495)
85274.329734541
limited(__ObjC.ARCamera.TrackingState.Reason.initializing)
simd_float4x4([[-0.185858, -0.856041, 0.482338, 0.0)], [0.921816, 0.0180342, 0.387208, 0.0)], [-0.340165, 0.516592, 0.78576, 0.0)], [0.0, 0.0, 0.0, 1.0)]])
0.0, 0.0, 0.0
float3(-0.542866, -0.408553, -1.54973)
85274.429789375
limited(__ObjC.ARCamera.TrackingState.Reason.initializing)
simd_float4x4([[-0.159424, -0.862037, 0.481118, 0.0)], [0.940762, 0.015068, 0.338732, 0.0)], [-0.299249, 0.50662, 0.80857, 0.0)], [0.0, 0.0, 0.0, 1.0)]])
0.0, 0.0, 0.0
float3(-0.531259, -0.354465, -1.55332)
85274.529843958
limited(__ObjC.ARCamera.TrackingState.Reason.initializing)
simd_float4x4([[-0.140925, -0.86593, 0.479901, 0.0)], [0.952583, 0.0134393, 0.303981, 0.0)], [-0.269676, 0.499984, 0.822976, 0.0)], [0.0, 0.0, 0.0, 1.0)]])
0.0, 0.0, 0.0
float3(-0.523581, -0.316657, -1.55528)
85274.629898791
limited(__ObjC.ARCamera.TrackingState.Reason.initializing)
simd_float4x4([[-0.132461, -0.870034, 0.474863, 0.0)], [0.956444, 0.0135395, 0.291602, 0.0)], [-0.260133, 0.492806, 0.830345, 0.0)], [0.0, 0.0, 0.0, 1.0)]])
0.0, 0.0, 0.0
float3(-0.515311, -0.303598, -1.55524)
85274.7299535
limited(__ObjC.ARCamera.TrackingState.Reason.initializing)
simd_float4x4([[-0.134745, -0.872264, 0.470105, 0.0)], [0.953254, 0.0153859, 0.301777, 0.0)], [-0.270463, 0.488793, 0.829416, 0.0)], [0.0, 0.0, 0.0, 1.0)]])
0.0, 0.0, 0.0
float3(-0.510705, -0.315216, -1.55316)
85274.83000825
limited(__ObjC.ARCamera.TrackingState.Reason.initializing)
simd_float4x4([[-0.149043, -0.871553, 0.467099, 0.0)], [0.94344, 0.0161403, 0.331151, 0.0)], [-0.296155, 0.490036, 0.819852, 0.0)], [0.0, 0.0, 0.0, 1.0)]])
0.0, 0.0, 0.0
float3(-0.51213, -0.346644, -1.55228)
85274.930063083
limited(__ObjC.ARCamera.TrackingState.Reason.initializing)
simd_float4x4([[-0.171159, -0.871569, 0.459426, 0.0)], [0.927639, 0.0145506, 0.373195, 0.0)], [-0.33195, 0.490057, 0.806011, 0.0)], [0.0, 0.0, 0.0, 1.0)]])
0.0, 0.0, 0.0
float3(-0.512155, -0.390674, -1.5541)
85275.030117791
normal
simd_float4x4([[-0.217266, -0.873367, 0.435919, 0.0)], [0.90421, -0.0118505, 0.426923, 0.0)], [-0.367695, 0.486918, 0.792282, 0.0)], [0.0141513, 0.00334393, 0.00962839, 1.0)]])
0.0141513, 0.00334393, 0.00962839
float3(-0.508558, -0.434514, -1.58436)
85275.1301725
normal
simd_float4x4([[-0.241974, -0.872612, 0.42426, 0.0)], [0.880632, -0.0139368, 0.473597, 0.0)], [-0.407354, 0.488215, 0.771822, 0.0)], [0.0309519, 0.00259293, 0.0197912, 1.0)]])
0.0309519, 0.00259293, 0.0197912
float3(-0.510043, -0.485625, -1.58677)
85275.230227166
normal
simd_float4x4([[-0.265771, -0.873795, 0.407244, 0.0)], [0.853088, -0.0164163, 0.521509, 0.0)], [-0.449007, 0.486017, 0.749787, 0.0)], [0.0460615, 0.0013797, 0.030098, 1.0)]])
0.0460615, 0.0013797, 0.030098
float3(-0.507526, -0.53957, -1.58958)
85275.330282
normal
simd_float4x4([[-0.286767, -0.875812, 0.388223, 0.0)], [0.822964, -0.0177656, 0.567816, 0.0)], [-0.490403, 0.482325, 0.725856, 0.0)], [0.059692, 0.000972517, 0.0426607, 1.0)]])
0.059692, 0.000972517, 0.0426607
float3(-0.503307, -0.594176, -1.59108)
85275.430336708
normal
simd_float4x4([[-0.305341, -0.879192, 0.36577, 0.0)], [0.790697, -0.0200469, 0.61188, 0.0)], [-0.530627, 0.476045, 0.701295, 0.0)], [0.0714766, 0.00223741, 0.0593962, 1.0)]])
0.0714766, 0.00223741, 0.0593962
float3(-0.496152, -0.647737, -1.59359)
85275.5303915
normal
simd_float4x4([[-0.318083, -0.885249, 0.339347, 0.0)], [0.758345, -0.0227588, 0.651456, 0.0)], [-0.568978, 0.464559, 0.678564, 0.0)], [0.0774204, 0.00558088, 0.07671, 1.0)]])
0.0774204, 0.00558088, 0.07671
float3(-0.483137, -0.697782, -1.5965)
85275.63044625
normal
simd_float4x4([[-0.322536, -0.892991, 0.313907, 0.0)], [0.730587, -0.0239993, 0.682398, 0.0)], [-0.601841, 0.449434, 0.660148, 0.0)], [0.0779931, 0.0112676, 0.0922246, 1.0)]])
0.0779931, 0.0112676, 0.0922246
float3(-0.466132, -0.739229, -1.59767)
85275.730501125
normal
simd_float4x4([[-0.322315, -0.898518, 0.297956, 0.0)], [0.712466, -0.0230084, 0.701329, 0.0)], [-0.623301, 0.438333, 0.64758, 0.0)], [0.0755282, 0.0133978, 0.0991607, 1.0)]])
0.0755282, 0.0133978, 0.0991607
float3(-0.453743, -0.766297, -1.5964)
85275.830555916
normal
simd_float4x4([[-0.320697, -0.899473, 0.296819, 0.0)], [0.707494, -0.0191232, 0.70646, 0.0)], [-0.629766, 0.436557, 0.642505, 0.0)], [0.0690087, 0.0127025, 0.102835, 1.0)]])
0.0690087, 0.0127025, 0.102835
float3(-0.451769, -0.775386, -1.59205)
85275.930610583
normal
simd_float4x4([[-0.317358, -0.8972, 0.307108, 0.0)], [0.718502, -0.0161383, 0.695337, 0.0)], [-0.618901, 0.441329, 0.649762, 0.0)], [0.0628128, 0.00970223, 0.0990937, 1.0)]])
0.0628128, 0.00970223, 0.0990937
float3(-0.457079, -0.761077, -1.58878)
85276.030665416
normal
simd_float4x4([[-0.308593, -0.894599, 0.323208, 0.0)], [0.74408, -0.0153611, 0.667914, 0.0)], [-0.59255, 0.446606, 0.670393, 0.0)], [0.0549788, 0.00713702, 0.089469, 1.0)]])
0.0549788, 0.00713702, 0.089469
float3(-0.462969, -0.72384, -1.58797)
85276.130720166
normal
simd_float4x4([[-0.292953, -0.891138, 0.346485, 0.0)], [0.77803, -0.0115481, 0.628121, 0.0)], [-0.555741, 0.453586, 0.696715, 0.0)], [0.0424805, 0.00405937, 0.0758022, 1.0)]])
0.0424805, 0.00405937, 0.0758022
float3(-0.470785, -0.673313, -1.58375)
85276.230775083
normal
simd_float4x4([[-0.273424, -0.887307, 0.371383, 0.0)], [0.81522, -0.00883393, 0.579084, 0.0)], [-0.510545, 0.461095, 0.725765, 0.0)], [0.0276095, 0.00104834, 0.060542, 1.0)]])
0.0276095, 0.00104834, 0.060542
float3(-0.479228, -0.613042, -1.58075)
85276.33082975
normal
simd_float4x4([[-0.252799, -0.881755, 0.398247, 0.0)], [0.851639, -0.00746474, 0.524076, 0.0)], [-0.459134, 0.471648, 0.752824, 0.0)], [0.0145905, -0.00460653, 0.0438733, 1.0)]])
0.0145905, -0.00460653, 0.0438733
float3(-0.491159, -0.547654, -1.57926)
85276.430884458
normal
simd_float4x4([[-0.229888, -0.875562, 0.424903, 0.0)], [0.885672, -0.00724334, 0.464255, 0.0)], [-0.403406, 0.483052, 0.777126, 0.0)], [0.00139888, -0.00970454, 0.0292276, 1.0)]])
0.00139888, -0.00970454, 0.0292276
float3(-0.504137, -0.478811, -1.57907)
85276.530939208
normal
simd_float4x4([[-0.20753, -0.868042, 0.451037, 0.0)], [0.913739, -0.00737479, 0.406234, 0.0)], [-0.349302, 0.496436, 0.794694, 0.0)], [-0.0103323, -0.0126575, 0.0180785, 1.0)]])
-0.0103323, -0.0126575, 0.0180785
float3(-0.519488, -0.414124, -1.57929)
85276.630994083
normal
simd_float4x4([[-0.186625, -0.862991, 0.469487, 0.0)], [0.936022, -0.0110489, 0.351766, 0.0)], [-0.298384, 0.505099, 0.809841, 0.0)], [-0.0197597, -0.0144612, 0.00995683, 1.0)]])
-0.0197597, -0.0144612, 0.00995683
float3(-0.529496, -0.353014, -1.5836)
85276.731048833
normal
simd_float4x4([[-0.169881, -0.856974, 0.486555, 0.0)], [0.949466, -0.0101045, 0.313708, 0.0)], [-0.263924, 0.51526, 0.815384, 0.0)], [-0.0250746, -0.0181765, 0.00456012, 1.0)]])
-0.0250746, -0.0181765, 0.00456012
float3(-0.541312, -0.313038, -1.58259)
85276.831103791
normal
simd_float4x4([[-0.160951, -0.846982, 0.506672, 0.0)], [0.955952, -0.0061094, 0.293458, 0.0)], [-0.245459, 0.531587, 0.810658, 0.0)], [-0.0269585, -0.024082, -0.00400338, 1.0)]])
-0.0269585, -0.024082, -0.00400338
float3(-0.560473, -0.294014, -1.57801)
85276.931158541
normal
simd_float4x4([[-0.151441, -0.850325, 0.503997, 0.0)], [0.956547, 0.00245642, 0.291568, 0.0)], [-0.249166, 0.526252, 0.813004, 0.0)], [-0.0387173, -0.0253031, -0.0156399, 1.0)]])
-0.0387173, -0.0253031, -0.0156399
float3(-0.554187, -0.297387, -1.56791)
85277.031213208
normal
simd_float4x4([[-0.164407, -0.858266, 0.486158, 0.0)], [0.947919, -0.00116299, 0.31851, 0.0)], [-0.272801, 0.513204, 0.813758, 0.0)], [-0.04537, -0.0186472, -0.0308349, 1.0)]])
-0.04537, -0.0186472, -0.0308349
float3(-0.538913, -0.323462, -1.57215)
85277.131268208
normal
simd_float4x4([[-0.196378, -0.863862, 0.463873, 0.0)], [0.934827, -0.0222005, 0.354409, 0.0)], [-0.295863, 0.503239, 0.811921, 0.0)], [-0.0514314, -0.0202456, -0.0521941, 1.0)]])
-0.0514314, -0.0202456, -0.0521941
float3(-0.527343, -0.349444, -1.59649)
85277.231322833
normal
simd_float4x4([[-0.23556, -0.858269, 0.455944, 0.0)], [0.917613, -0.0418693, 0.395263, 0.0)], [-0.320152, 0.511489, 0.797422, 0.0)], [-0.0495718, -0.0307027, -0.0783883, 1.0)]])
-0.0495718, -0.0307027, -0.0783883
float3(-0.536917, -0.381785, -1.61954)
85277.331377666
normal
simd_float4x4([[-0.252554, -0.853631, 0.455555, 0.0)], [0.906482, -0.044083, 0.419937, 0.0)], [-0.33839, 0.519009, 0.784934, 0.0)], [-0.0452555, -0.0383471, -0.115071, 1.0)]])
-0.0452555, -0.0383471, -0.115071
float3(-0.545691, -0.407031, -1.62239)
85277.4314325
normal
simd_float4x4([[-0.26546, -0.837578, 0.477488, 0.0)], [0.897843, -0.0343077, 0.438977, 0.0)], [-0.351295, 0.54524, 0.76112, 0.0)], [-0.0306444, -0.0469627, -0.16629, 1.0)]])
-0.0306444, -0.0469627, -0.16629
float3(-0.576676, -0.432418, -1.61173)
85277.531487333
normal
simd_float4x4([[-0.274566, -0.834407, 0.477889, 0.0)], [0.894805, -0.0397573, 0.444683, 0.0)], [-0.352047, 0.549713, 0.757548, 0.0)], [-0.00647661, -0.060076, -0.220657, 1.0)]])
-0.00647661, -0.060076, -0.220657
float3(-0.58202, -0.435026, -1.61841)
85277.631542083
normal
simd_float4x4([[-0.271079, -0.839395, 0.471097, 0.0)], [0.898725, -0.0454569, 0.43615, 0.0)], [-0.344687, 0.541618, 0.766707, 0.0)], [0.0267297, -0.0714024, -0.288397, 1.0)]])
0.0267297, -0.0714024, -0.288397
float3(-0.572361, -0.422495, -1.6249)
85277.731596875
normal
simd_float4x4([[-0.247259, -0.849029, 0.466918, 0.0)], [0.911616, -0.0405375, 0.409039, 0.0)], [-0.328359, 0.526788, 0.784012, 0.0)], [0.0677755, -0.068466, -0.366983, 1.0)]])
0.0677755, -0.068466, -0.366983
float3(-0.554818, -0.396623, -1.61851)
85277.831651666
normal
simd_float4x4([[-0.233662, -0.860032, 0.453593, 0.0)], [0.916009, -0.038258, 0.39933, 0.0)], [-0.326083, 0.508803, 0.796737, 0.0)], [0.115664, -0.0529185, -0.442662, 1.0)]])
0.115664, -0.0529185, -0.442662
float3(-0.533794, -0.388475, -1.61525)
85277.931706458
normal
simd_float4x4([[-0.223159, -0.865886, 0.447706, 0.0)], [0.917766, -0.0318598, 0.395841, 0.0)], [-0.328489, 0.499225, 0.801791, 0.0)], [0.166852, -0.0328964, -0.516245, 1.0)]])
0.166852, -0.0328964, -0.516245
float3(-0.522704, -0.388836, -1.60757)
85278.031761541
normal
simd_float4x4([[-0.212458, -0.872291, 0.44042, 0.0)], [0.920474, -0.0273615, 0.389845, 0.0)], [-0.328007, 0.488221, 0.808734, 0.0)], [0.209015, -0.0215176, -0.581886, 1.0)]])
0.209015, -0.0215176, -0.581886
float3(-0.51005, -0.385308, -1.60215)
85278.131816125
normal
simd_float4x4([[-0.202288, -0.871074, 0.447558, 0.0)], [0.91946, -0.0115955, 0.393011, 0.0)], [-0.337152, 0.491014, 0.803264, 0.0)], [0.251962, -0.0188928, -0.656925, 1.0)]])
0.251962, -0.0188928, -0.656925
float3(-0.513253, -0.397397, -1.58411)
85278.231871125
normal
simd_float4x4([[-0.184007, -0.882811, 0.432187, 0.0)], [0.919137, 0.0012765, 0.393936, 0.0)], [-0.348323, 0.469726, 0.811189, 0.0)], [0.287826, -0.0223169, -0.733391, 1.0)]])
0.287826, -0.0223169, -0.733391
float3(-0.488981, -0.40559, -1.56935)
85278.331925833
normal
simd_float4x4([[-0.173148, -0.897774, 0.404995, 0.0)], [0.917292, 0.00272245, 0.398206, 0.0)], [-0.358602, 0.440448, 0.823049, 0.0)], [0.327291, -0.0285506, -0.823613, 1.0)]])
0.327291, -0.0285506, -0.823613
float3(-0.456097, -0.410898, -1.56776)
85278.43198075
normal
simd_float4x4([[-0.167052, -0.907162, 0.386202, 0.0)], [0.916481, 0.00155484, 0.400076, 0.0)], [-0.363534, 0.42078, 0.831136, 0.0)], [0.369556, -0.0282782, -0.923123, 1.0)]])
0.369556, -0.0282782, -0.923123
float3(-0.434304, -0.412322, -1.56908)
85278.532035416
normal
simd_float4x4([[-0.188641, -0.913932, 0.359365, 0.0)], [0.907633, -0.0225242, 0.41916, 0.0)], [-0.37499, 0.405242, 0.833763, 0.0)], [0.414342, -0.0249294, -1.01951, 1.0)]])
0.414342, -0.0249294, -1.01951
float3(-0.417244, -0.42265, -1.59544)
85278.632090416
normal
simd_float4x4([[-0.199804, -0.913983, 0.35315, 0.0)], [0.904697, -0.0336671, 0.424723, 0.0)], [-0.3763, 0.404355, 0.833604, 0.0)], [0.461141, -0.020003, -1.11615, 1.0)]])
0.461141, -0.020003, -1.11615
float3(-0.416273, -0.424028, -1.60762)
85278.732145083
normal
simd_float4x4([[-0.208927, -0.899864, 0.382877, 0.0)], [0.891123, -0.0139208, 0.453547, 0.0)], [-0.402801, 0.435949, 0.804798, 0.0)], [0.510059, -0.0168911, -1.21495, 1.0)]])
0.510059, -0.0168911, -1.21495
float3(-0.451092, -0.464047, -1.58626)
85278.8322
normal
simd_float4x4([[-0.215623, -0.902261, 0.373406, 0.0)], [0.886453, -0.0204933, 0.462365, 0.0)], [-0.409521, 0.430703, 0.804231, 0.0)], [0.563286, -0.0306781, -1.31016, 1.0)]])
0.563286, -0.0306781, -1.31016
float3(-0.445272, -0.470987, -1.59351)
85278.932254791
normal
simd_float4x4([[-0.207592, -0.906229, 0.368313, 0.0)], [0.897463, -0.0266416, 0.440285, 0.0)], [-0.389186, 0.421947, 0.818837, 0.0)], [0.617534, -0.0444867, -1.40613, 1.0)]])
0.617534, -0.0444867, -1.40613
float3(-0.435592, -0.443686, -1.60019)
85279.032309583
normal
simd_float4x4([[-0.201252, -0.904462, 0.376092, 0.0)], [0.906867, -0.0269127, 0.420556, 0.0)], [-0.370255, 0.425704, 0.825644, 0.0)], [0.67417, -0.0464196, -1.50318, 1.0)]])
0.67417, -0.0464196, -1.50318
float3(-0.439739, -0.421559, -1.60054)
85279.132364625
normal
simd_float4x4([[-0.189393, -0.911967, 0.363931, 0.0)], [0.914194, -0.0285262, 0.404271, 0.0)], [-0.3583, 0.40927, 0.839118, 0.0)], [0.728985, -0.0343606, -1.58897, 1.0)]])
0.728985, -0.0343606, -1.58897
float3(-0.421654, -0.403561, -1.60207)
85279.232419291
normal
simd_float4x4([[-0.189434, -0.898787, 0.395344, 0.0)], [0.912593, -0.0125823, 0.408675, 0.0)], [-0.362337, 0.438205, 0.82261, 0.0)], [0.772574, -0.0330192, -1.67863, 1.0)]])
0.772574, -0.0330192, -1.67863
float3(-0.453601, -0.414903, -1.58479)
85279.33247425
normal
simd_float4x4([[-0.158515, -0.902728, 0.399945, 0.0)], [0.91718, 0.015355, 0.398176, 0.0)], [-0.365586, 0.429938, 0.82553, 0.0)], [0.807595, -0.0356342, -1.76482, 1.0)]])
0.807595, -0.0356342, -1.76482
float3(-0.444425, -0.416892, -1.55379)
85279.432528916
normal
simd_float4x4([[-0.141682, -0.915482, 0.376588, 0.0)], [0.917336, 0.0215572, 0.39753, 0.0)], [-0.37205, 0.40178, 0.83675, 0.0)], [0.844925, -0.0476767, -1.85736, 1.0)]])
0.844925, -0.0476767, -1.85736
float3(-0.41346, -0.418385, -1.54725)
85279.532583875
normal
simd_float4x4([[-0.134651, -0.928923, 0.344922, 0.0)], [0.912133, 0.0198041, 0.409415, 0.0)], [-0.387146, 0.369743, 0.844635, 0.0)], [0.883982, -0.0500607, -1.95195, 1.0)]])
0.883982, -0.0500607, -1.95195
float3(-0.378732, -0.429783, -1.54948)
85279.632638708
normal
simd_float4x4([[-0.166015, -0.928999, 0.330755, 0.0)], [0.904862, -0.0101795, 0.425584, 0.0)], [-0.392, 0.369941, 0.842306, 0.0)], [0.930609, -0.0502737, -2.04664, 1.0)]])
0.930609, -0.0502737, -2.04664
float3(-0.378946, -0.435578, -1.58175)
85279.732693541
normal
simd_float4x4([[-0.194328, -0.918417, 0.344596, 0.0)], [0.900234, -0.0274384, 0.434541, 0.0)], [-0.389635, 0.394661, 0.832122, 0.0)], [0.975448, -0.0443123, -2.13935, 1.0)]])
0.975448, -0.0443123, -2.13935
float3(-0.405699, -0.43792, -1.60066)
85279.832748291
normal
simd_float4x4([[-0.221435, -0.90144, 0.371985, 0.0)], [0.88956, -0.0304258, 0.455805, 0.0)], [-0.399563, 0.431834, 0.808622, 0.0)], [1.02117, -0.0502266, -2.23122, 1.0)]])
1.02117, -0.0502266, -2.23122
float3(-0.446525, -0.458939, -1.60454)
85279.932803333
normal
simd_float4x4([[-0.221458, -0.906964, 0.358291, 0.0)], [0.888689, -0.036437, 0.45706, 0.0)], [-0.401482, 0.41963, 0.814078, 0.0)], [1.06912, -0.0618094, -2.31556, 1.0)]])
1.06912, -0.0618094, -2.31556
float3(-0.433037, -0.458172, -1.61095)
85280.032858083
normal
simd_float4x4([[-0.197685, -0.921495, 0.334318, 0.0)], [0.901765, -0.0372231, 0.43062, 0.0)], [-0.38437, 0.386604, 0.83833, 0.0)], [1.1151, -0.0711264, -2.40465, 1.0)]])
1.1151, -0.0711264, -2.40465
float3(-0.396946, -0.429896, -1.61117)
85280.132913
normal
simd_float4x4([[-0.188628, -0.920741, 0.341548, 0.0)], [0.90769, -0.0307053, 0.418517, 0.0)], [-0.374859, 0.388963, 0.841539, 0.0)], [1.16217, -0.0649621, -2.48903, 1.0)]])
1.16217, -0.0649621, -2.48903
float3(-0.399506, -0.419059, -1.60413)
85280.232967916
normal
simd_float4x4([[-0.189332, -0.921219, 0.339866, 0.0)], [0.909343, -0.0339091, 0.414664, 0.0)], [-0.370472, 0.387564, 0.844124, 0.0)], [1.20977, -0.0505331, -2.56999, 1.0)]])
1.20977, -0.0505331, -2.56999
float3(-0.397987, -0.413571, -1.60759)
85280.33302275
normal
simd_float4x4([[-0.186081, -0.918463, 0.348997, 0.0)], [0.908426, -0.0254944, 0.417267, 0.0)], [-0.374347, 0.394683, 0.8391, 0.0)], [1.24874, -0.0470165, -2.64696, 1.0)]])
1.24874, -0.0470165, -2.64696
float3(-0.405723, -0.419631, -1.59855)
85280.433077541
normal
simd_float4x4([[-0.159285, -0.914759, 0.371274, 0.0)], [0.907686, 0.0121983, 0.419473, 0.0)], [-0.388246, 0.403816, 0.828371, 0.0)], [1.28377, -0.0499448, -2.73071, 1.0)]])
1.28377, -0.0499448, -2.73071
float3(-0.415684, -0.438284, -1.55746)
85280.533132375
normal
simd_float4x4([[-0.142436, -0.928162, 0.343842, 0.0)], [0.912466, 0.0114856, 0.408991, 0.0)], [-0.383559, 0.371999, 0.84528, 0.0)], [1.32104, -0.0611079, -2.81677, 1.0)]])
1.32104, -0.0611079, -2.81677
float3(-0.381162, -0.425981, -1.55842)
85280.633187416
normal
simd_float4x4([[-0.141624, -0.931888, 0.333957, 0.0)], [0.909485, 0.0107172, 0.415599, 0.0)], [-0.390871, 0.362587, 0.84602, 0.0)], [1.36545, -0.0658225, -2.91844, 1.0)]])
1.36545, -0.0658225, -2.91844
float3(-0.371043, -0.432798, -1.5593)
85280.733242083
normal
simd_float4x4([[-0.171681, -0.927286, 0.332665, 0.0)], [0.900372, -0.0106452, 0.43499, 0.0)], [-0.399819, 0.374202, 0.83673, 0.0)], [1.41321, -0.0623666, -3.01291, 1.0)]])
1.41321, -0.0623666, -3.01291
float3(-0.383536, -0.445759, -1.58228)
85280.833297083
normal
simd_float4x4([[-0.184194, -0.928381, 0.322772, 0.0)], [0.896798, -0.0243362, 0.441771, 0.0)], [-0.402277, 0.370833, 0.837052, 0.0)], [1.4586, -0.0559064, -3.10183, 1.0)]])
1.4586, -0.0559064, -3.10183
float3(-0.379905, -0.447997, -1.597)
85280.933351791
normal
simd_float4x4([[-0.206461, -0.921234, 0.329699, 0.0)], [0.88917, -0.0360218, 0.456157, 0.0)], [-0.408351, 0.387337, 0.826571, 0.0)], [1.50881, -0.0633147, -3.1938, 1.0)]])
1.50881, -0.0633147, -3.1938
float3(-0.397741, -0.45886, -1.60988)
85281.03340675
normal
simd_float4x4([[-0.211094, -0.92379, 0.319454, 0.0)], [0.890408, -0.0469053, 0.452739, 0.0)], [-0.403252, 0.380016, 0.832452, 0.0)], [1.56088, -0.0767865, -3.28125, 1.0)]])
1.56088, -0.0767865, -3.28125
float3(-0.389813, -0.451102, -1.62153)
85281.133461541
normal
simd_float4x4([[-0.179464, -0.935653, 0.303885, 0.0)], [0.903466, -0.0345204, 0.427267, 0.0)], [-0.389284, 0.351229, 0.851525, 0.0)], [1.61196, -0.0844544, -3.37321, 1.0)]])
1.61196, -0.0844544, -3.37321
float3(-0.358884, -0.428793, -1.60767)
85281.233516541
normal
simd_float4x4([[-0.15152, -0.938807, 0.309327, 0.0)], [0.914091, -0.013999, 0.405268, 0.0)], [-0.376138, 0.34416, 0.860275, 0.0)], [1.65986, -0.0720698, -3.45526, 1.0)]])
1.65986, -0.0720698, -3.45526
float3(-0.351343, -0.412184, -1.58571)
85281.3335715
normal
simd_float4x4([[-0.136896, -0.942248, 0.305661, 0.0)], [0.915222, -0.002256, 0.402944, 0.0)], [-0.378983, 0.334909, 0.862674, 0.0)], [1.70129, -0.0560457, -3.53088, 1.0)]])
1.70129, -0.0560457, -3.53088
float3(-0.341509, -0.41393, -1.57319)
85281.433626375
normal
simd_float4x4([[-0.126094, -0.942975, 0.308057, 0.0)], [0.918671, 0.00618908, 0.394975, 0.0)], [-0.374358, 0.332807, 0.865503, 0.0)], [1.74143, -0.0551427, -3.61374, 1.0)]])
1.74143, -0.0551427, -3.61374
float3(-0.339279, -0.408233, -1.56423)
85281.533681333
normal
simd_float4x4([[-0.108959, -0.941087, 0.32013, 0.0)], [0.921956, 0.0247335, 0.386503, 0.0)], [-0.371651, 0.337259, 0.864946, 0.0)], [1.78046, -0.0694874, -3.70409, 1.0)]])
1.78046, -0.0694874, -3.70409
float3(-0.344004, -0.405829, -1.54452)
85281.633736
normal
simd_float4x4([[-0.110356, -0.946323, 0.303801, 0.0)], [0.925469, 0.013612, 0.378578, 0.0)], [-0.362392, 0.322937, 0.87429, 0.0)], [1.82637, -0.0877111, -3.80218, 1.0)]])
1.82637, -0.0877111, -3.80218
float3(-0.328831, -0.392942, -1.55641)
85281.733791083
normal
simd_float4x4([[-0.122426, -0.949051, 0.290369, 0.0)], [0.919275, 0.0018429, 0.393611, 0.0)], [-0.374092, 0.315118, 0.872213, 0.0)], [1.87322, -0.0875635, -3.9015, 1.0)]])
1.87322, -0.0875635, -3.9015
float3(-0.320581, -0.405169, -1.56885)
85281.833845791
normal
simd_float4x4([[-0.134307, -0.95287, 0.272029, 0.0)], [0.915752, -0.0144582, 0.401484, 0.0)], [-0.378629, 0.303033, 0.874535, 0.0)], [1.92427, -0.0772233, -3.99173, 1.0)]])
1.92427, -0.0772233, -3.99173
float3(-0.307874, -0.408584, -1.58597)
85281.933900791
normal
simd_float4x4([[-0.158005, -0.942378, 0.294885, 0.0)], [0.904216, -0.0180886, 0.426691, 0.0)], [-0.39677, 0.334059, 0.854972, 0.0)], [1.97933, -0.0731011, -4.08482, 1.0)]])
1.97933, -0.0731011, -4.08482
float3(-0.340607, -0.434496, -1.58999)
85282.0339555
normal
simd_float4x4([[-0.172445, -0.944435, 0.27983, 0.0)], [0.900083, -0.0356793, 0.434255, 0.0)], [-0.400142, 0.326755, 0.856223, 0.0)], [2.03775, -0.0821513, -4.18126, 1.0)]])
2.03775, -0.0821513, -4.18126
float3(-0.332868, -0.437175, -1.60856)
85282.1340105
normal
simd_float4x4([[-0.163427, -0.947061, 0.276346, 0.0)], [0.900951, -0.0291417, 0.43294, 0.0)], [-0.401968, 0.319728, 0.858018, 0.0)], [2.09794, -0.0934953, -4.28456, 1.0)]])
2.09794, -0.0934953, -4.28456
float3(-0.325443, -0.438118, -1.60156)
85282.234065333
normal
simd_float4x4([[-0.146572, -0.94843, 0.281065, 0.0)], [0.903447, -0.0126311, 0.428512, 0.0)], [-0.402864, 0.316735, 0.858708, 0.0)], [2.15186, -0.094095, -4.37185, 1.0)]])
2.15186, -0.094095, -4.37185
float3(-0.322286, -0.438666, -1.58411)
85282.334120375
normal
simd_float4x4([[-0.135779, -0.952, 0.274335, 0.0)], [0.901025, -0.00351504, 0.433753, 0.0)], [-0.411969, 0.306078, 0.858253, 0.0)], [2.20171, -0.0788948, -4.45469, 1.0)]])
2.20171, -0.0788948, -4.45469
float3(-0.31107, -0.447527, -1.57449)
85282.434175291
normal
simd_float4x4([[-0.147169, -0.943682, 0.29632, 0.0)], [0.898195, -0.00204191, 0.439592, 0.0)], [-0.41423, 0.330848, 0.847911, 0.0)], [2.24402, -0.070038, -4.53993, 1.0)]])
2.24402, -0.070038, -4.53993
float3(-0.337202, -0.45443, -1.57296)
85282.53423
normal
simd_float4x4([[-0.127571, -0.94287, 0.307769, 0.0)], [0.90248, 0.0183641, 0.43034, 0.0)], [-0.411407, 0.332654, 0.848579, 0.0)], [2.28385, -0.0730095, -4.62833, 1.0)]])
2.28385, -0.0730095, -4.62833
float3(-0.339117, -0.451429, -1.55132)
85282.634285
normal
simd_float4x4([[-0.116627, -0.947993, 0.296153, 0.0)], [0.902859, 0.0230447, 0.429319, 0.0)], [-0.413816, 0.317455, 0.853216, 0.0)], [2.32442, -0.0878064, -4.71546, 1.0)]])
2.32442, -0.0878064, -4.71546
float3(-0.323044, -0.451582, -1.54649)
85282.734339916
normal
simd_float4x4([[-0.115928, -0.955963, 0.269619, 0.0)], [0.90523, 0.0100353, 0.424803, 0.0)], [-0.408801, 0.293314, 0.864204, 0.0)], [2.36168, -0.0953735, -4.80485, 1.0)]])
2.36168, -0.0953735, -4.80485
float3(-0.297691, -0.441847, -1.5603)
85282.834394916
normal
simd_float4x4([[-0.120092, -0.955432, 0.26968, 0.0)], [0.898016, 0.0112678, 0.439819, 0.0)], [-0.423256, 0.294996, 0.85664, 0.0)], [2.39741, -0.0889596, -4.89962, 1.0)]])
2.39741, -0.0889596, -4.89962
float3(-0.299451, -0.458908, -1.559)
85282.934449666
normal
simd_float4x4([[-0.139623, -0.954601, 0.26314, 0.0)], [0.890138, -0.00458777, 0.455667, 0.0)], [-0.433773, 0.297852, 0.850367, 0.0)], [2.44158, -0.079183, -4.97928, 1.0)]])
2.44158, -0.079183, -4.97928
float3(-0.302442, -0.471695, -1.5756)
85283.034504583
normal
simd_float4x4([[-0.169319, -0.94916, 0.26538, 0.0)], [0.874301, -0.0203741, 0.484956, 0.0)], [-0.454894, 0.314134, 0.833301, 0.0)], [2.48574, -0.0754119, -5.05452, 1.0)]])
2.48574, -0.0754119, -5.05452
float3(-0.319544, -0.499685, -1.59226)
85283.134559416
normal
simd_float4x4([[-0.178952, -0.948833, 0.260178, 0.0)], [0.862981, -0.0243809, 0.504648, 0.0)], [-0.472483, 0.314836, 0.823187, 0.0)], [2.52991, -0.0821754, -5.13058, 1.0)]])
2.52991, -0.0821754, -5.13058
float3(-0.320284, -0.521058, -1.59649)
85283.234614333
normal
simd_float4x4([[-0.171324, -0.952418, 0.252089, 0.0)], [0.860803, -0.0202436, 0.508535, 0.0)], [-0.479234, 0.304123, 0.823313, 0.0)], [2.57561, -0.0961148, -5.21036, 1.0)]])
2.57561, -0.0961148, -5.21036
float3(-0.309018, -0.527139, -1.59205)
85283.33466925
normal
simd_float4x4([[-0.156036, -0.956776, 0.245425, 0.0)], [0.870552, -0.0158155, 0.491822, 0.0)], [-0.466682, 0.290397, 0.835391, 0.0)], [2.61752, -0.0980757, -5.2854, 1.0)]])
2.61752, -0.0980757, -5.2854
float3(-0.294641, -0.509452, -1.58732)
85283.434724166
normal
simd_float4x4([[-0.154054, -0.949128, 0.274634, 0.0)], [0.877337, -0.00355121, 0.479862, 0.0)], [-0.454475, 0.314871, 0.833252, 0.0)], [2.65997, -0.0804801, -5.36584, 1.0)]])
2.65997, -0.0804801, -5.36584
float3(-0.32032, -0.499323, -1.57454)
85283.534779208
normal
simd_float4x4([[-0.139548, -0.951285, 0.274924, 0.0)], [0.887198, 0.00319338, 0.461378, 0.0)], [-0.43978, 0.308297, 0.843532, 0.0)], [2.68374, -0.0692232, -5.43534, 1.0)]])
2.68374, -0.0692232, -5.43534
float3(-0.313402, -0.480586, -1.56744)
85283.634834041
normal
simd_float4x4([[-0.113156, -0.949278, 0.293373, 0.0)], [0.892434, 0.0326884, 0.449991, 0.0)], [-0.436756, 0.312735, 0.843469, 0.0)], [2.71419, -0.0689289, -5.51845, 1.0)]])
2.71419, -0.0689289, -5.51845
float3(-0.318072, -0.477793, -1.53637)
85283.734889041
normal
simd_float4x4([[-0.107724, -0.953725, 0.280721, 0.0)], [0.89032, 0.0331075, 0.454129, 0.0)], [-0.442408, 0.298853, 0.845554, 0.0)], [2.74993, -0.0765857, -5.60213, 1.0)]])
2.74993, -0.0765857, -5.60213
float3(-0.30349, -0.482048, -1.5361)
85283.834943833
normal
simd_float4x4([[-0.107172, -0.963073, 0.24699, 0.0)], [0.888, 0.0190132, 0.45945, 0.0)], [-0.44718, 0.268567, 0.853171, 0.0)], [2.7886, -0.0787289, -5.69097, 1.0)]])
2.7886, -0.0787289, -5.69097
float3(-0.271905, -0.482772, -1.55106)
85283.934998833
normal
simd_float4x4([[-0.125478, -0.970965, 0.203673, 0.0)], [0.878935, -0.013581, 0.476748, 0.0)], [-0.46014, 0.238836, 0.855119, 0.0)], [2.82956, -0.0778963, -5.77658, 1.0)]])
2.82956, -0.0778963, -5.77658
float3(-0.241168, -0.493661, -1.58478)
85284.035053708
normal
simd_float4x4([[-0.130836, -0.973995, 0.184977, 0.0)], [0.882013, -0.0291586, 0.470322, 0.0)], [-0.452697, 0.224687, 0.862891, 0.0)], [2.87109, -0.0713177, -5.86316, 1.0)]])
2.87109, -0.0713177, -5.86316
float3(-0.226622, -0.483156, -1.60072)
85284.135108625
normal
simd_float4x4([[-0.151996, -0.963789, 0.219109, 0.0)], [0.873459, -0.0272319, 0.486135, 0.0)], [-0.462565, 0.265274, 0.845969, 0.0)], [2.91661, -0.0713823, -5.95536, 1.0)]])
2.91661, -0.0713823, -5.95536
float3(-0.268488, -0.500373, -1.59904)
85284.235163541
normal
simd_float4x4([[-0.164011, -0.97301, 0.162332, 0.0)], [0.879, -0.0694633, 0.471734, 0.0)], [-0.447726, 0.22006, 0.866669, 0.0)], [2.96866, -0.0851189, -6.03173, 1.0)]])
2.96866, -0.0851189, -6.03173
float3(-0.221876, -0.476844, -1.64207)
85284.335218583
normal
simd_float4x4([[-0.150265, -0.976663, 0.153457, 0.0)], [0.883326, -0.0629174, 0.464518, 0.0)], [-0.444023, 0.205353, 0.872166, 0.0)], [3.02671, -0.0995113, -6.12697, 1.0)]])
3.02671, -0.0995113, -6.12697
float3(-0.206825, -0.470904, -1.63513)
85284.435273291
normal
simd_float4x4([[-0.121896, -0.978967, 0.163603, 0.0)], [0.889744, -0.0347245, 0.455136, 0.0)], [-0.439882, 0.201044, 0.875263, 0.0)], [3.07528, -0.0954762, -6.21127, 1.0)]])
3.07528, -0.0954762, -6.21127
float3(-0.202424, -0.465703, -1.60625)
85284.535328333
normal
simd_float4x4([[-0.141373, -0.970825, 0.193681, 0.0)], [0.893789, -0.0410568, 0.446605, 0.0)], [-0.425624, 0.236248, 0.873517, 0.0)], [3.134, -0.083187, -6.30299, 1.0)]])
3.134, -0.083187, -6.30299
float3(-0.238502, -0.453398, -1.61306)
85284.635383458
normal
simd_float4x4([[-0.140434, -0.967726, 0.209248, 0.0)], [0.900074, -0.0367342, 0.434186, 0.0)], [-0.412487, 0.249314, 0.876183, 0.0)], [3.17058, -0.0801124, -6.38912, 1.0)]])
3.17058, -0.0801124, -6.38912
float3(-0.251971, -0.439997, -1.60874)
85284.73543825
normal
simd_float4x4([[-0.116471, -0.964792, 0.235821, 0.0)], [0.906967, -0.00654942, 0.42115, 0.0)], [-0.404778, 0.262934, 0.875797, 0.0)], [3.20692, -0.0862787, -6.47798, 1.0)]])
3.20692, -0.0862787, -6.47798
float3(-0.266062, -0.432938, -1.57758)
85284.835493208
normal
simd_float4x4([[-0.107763, -0.96655, 0.232742, 0.0)], [0.911771, -0.0027627, 0.410691, 0.0)], [-0.39631, 0.256464, 0.881569, 0.0)], [3.24896, -0.101628, -6.57371, 1.0)]])
3.24896, -0.101628, -6.57371
float3(-0.259362, -0.42248, -1.57365)
85284.935548125
normal
simd_float4x4([[-0.105027, -0.969813, 0.220073, 0.0)], [0.910703, -0.00489885, 0.413032, 0.0)], [-0.399486, 0.2438, 0.883726, 0.0)], [3.29233, -0.105395, -6.6728, 1.0)]])
3.29233, -0.105395, -6.6728
float3(-0.246282, -0.424555, -1.57585)
85285.035603166
normal
simd_float4x4([[-0.120529, -0.969856, 0.211784, 0.0)], [0.906297, -0.0204479, 0.422146, 0.0)], [-0.40509, 0.24282, 0.881442, 0.0)], [3.33737, -0.10431, -6.77258, 1.0)]])
3.33737, -0.10431, -6.77258
float3(-0.245272, -0.430789, -1.59188)
85285.135657958
normal
simd_float4x4([[-0.136346, -0.969579, 0.203287, 0.0)], [0.906872, -0.0395641, 0.419544, 0.0)], [-0.398738, 0.241559, 0.884679, 0.0)], [3.38612, -0.0932036, -6.86245, 1.0)]])
3.38612, -0.0932036, -6.86245
float3(-0.243972, -0.423449, -1.61158)
85285.235713083
normal
simd_float4x4([[-0.160606, -0.958448, 0.23576, 0.0)], [0.894325, -0.0402511, 0.445603, 0.0)], [-0.417598, 0.282412, 0.863629, 0.0)], [3.43351, -0.0898379, -6.95182, 1.0)]])
3.43351, -0.0898379, -6.95182
float3(-0.286308, -0.450392, -1.61277)
85285.335767875
normal
simd_float4x4([[-0.171176, -0.959388, 0.224217, 0.0)], [0.893693, -0.0553964, 0.445245, 0.0)], [-0.414742, 0.276597, 0.866881, 0.0)], [3.48192, -0.103535, -7.03367, 1.0)]])
3.48192, -0.103535, -7.03367
float3(-0.280251, -0.446244, -1.62847)
85285.435822875
normal
simd_float4x4([[-0.153198, -0.961717, 0.227222, 0.0)], [0.901732, -0.0419881, 0.430252, 0.0)], [-0.40424, 0.270807, 0.873644, 0.0)], [3.52941, -0.119472, -7.12948, 1.0)]])
3.52941, -0.119472, -7.12948
float3(-0.274231, -0.43337, -1.61443)
85285.535877625
normal
simd_float4x4([[-0.128502, -0.963595, 0.234462, 0.0)], [0.912694, -0.0224323, 0.408028, 0.0)], [-0.387914, 0.266424, 0.882349, 0.0)], [3.57653, -0.112882, -7.21943, 1.0)]])
3.57653, -0.112882, -7.21943
float3(-0.269681, -0.414204, -1.59407)
85285.635932833
normal
simd_float4x4([[-0.123597, -0.965505, 0.229179, 0.0)], [0.916799, -0.0227232, 0.398702, 0.0)], [-0.379741, 0.25939, 0.887983, 0.0)], [3.62169, -0.0941302, -7.30023, 1.0)]])
3.62169, -0.0941302, -7.30023
float3(-0.26239, -0.404109, -1.59433)
85285.735987875
normal
