ARKit Data
88302.79040025
normal
simd_float4x4([[-0.236867, -0.901597, 0.361962, 0.0)], [0.798337, 0.0316947, 0.601376, 0.0)], [-0.553671, 0.431414, 0.712271, 0.0)], [-0.349613, -0.147346, 0.202126, 1.0)]])
-0.349613, -0.147346, 0.202126
float3(-0.446059, -0.660765, -1.53566)
88302.990513
normal
simd_float4x4([[-0.233201, -0.900482, 0.367083, 0.0)], [0.79892, 0.0377931, 0.600248, 0.0)], [-0.554386, 0.433249, 0.7106, 0.0)], [-0.336727, -0.177165, 0.178185, 1.0)]])
-0.336727, -0.177165, 0.178185
float3(-0.448094, -0.662529, -1.52885)
88303.557692708
notAvailable
simd_float4x4([[-0.0972846, 0.0, 0.995257, 0.0)], [0.0, 1.0, 0.0, 0.0)], [-0.995257, 0.0, -0.0972846, 0.0)], [-0.0175992, -0.11923, 0.00936623, 1.0)]])
-0.0175992, -0.11923, 0.00936623
float3(-0.0, -1.66824, 0.0)
88303.757738416
notAvailable
simd_float4x4([[-0.0972846, 0.0, 0.995257, 0.0)], [0.0, 1.0, 0.0, 0.0)], [-0.995257, 0.0, -0.0972846, 0.0)], [-0.0175992, -0.11923, 0.00936623, 1.0)]])
-0.0175992, -0.11923, 0.00936623
float3(-0.0, -1.66824, 0.0)
88303.957851291
limited(__ObjC.ARCamera.TrackingState.Reason.initializing)
simd_float4x4([[0.028182, -0.895859, 0.443441, 0.0)], [0.999451, 0.0175187, -0.0281261, 0.0)], [0.0174286, 0.44399, 0.89586, 0.0)], [0.0, 0.0, 0.0, 1.0)]])
0.0, 0.0, 0.0
float3(-0.460047, 0.0194521, -1.55124)
88304.157964041
limited(__ObjC.ARCamera.TrackingState.Reason.initializing)
simd_float4x4([[0.0263062, -0.89423, 0.446828, 0.0)], [0.99897, 0.00698572, -0.0448322, 0.0)], [0.036969, 0.447547, 0.893493, 0.0)], [0.0, 0.0, 0.0, 1.0)]])
0.0, 0.0, 0.0
float3(-0.464021, 0.0413522, -1.56298)
88304.358076916
limited(__ObjC.ARCamera.TrackingState.Reason.initializing)
simd_float4x4([[0.0237416, -0.91767, 0.396625, 0.0)], [0.998677, 0.00366603, -0.0512981, 0.0)], [0.0456208, 0.397318, 0.916542, 0.0)], [0.0, 0.0, 0.0, 1.0)]])
0.0, 0.0, 0.0
float3(-0.408593, 0.0497339, -1.5668)
88304.574865916
normal
simd_float4x4([[0.0190345, -0.955573, 0.294138, 0.0)], [0.996466, -0.00593981, -0.0837808, 0.0)], [0.0818058, 0.294694, 0.952084, 0.0)], [-0.000180491, 0.00373535, 0.0018839, 1.0)]])
-0.000180491, 0.00373535, 0.0018839
float3(-0.299135, 0.0857124, -1.57701)
88304.774978708
normal
simd_float4x4([[0.021516, -0.970681, 0.239408, 0.0)], [0.989962, -0.0127732, -0.140759, 0.0)], [0.13969, 0.240033, 0.960662, 0.0)], [0.00178241, 0.0276427, 0.0178834, 1.0)]])
0.00178241, 0.0276427, 0.0178834
float3(-0.2424, 0.144398, -1.58395)
88304.975091625
normal
simd_float4x4([[0.0161508, -0.975005, 0.221597, 0.0)], [0.986814, -0.0201545, -0.1606, 0.0)], [0.161052, 0.221269, 0.961822, 0.0)], [0.00267493, 0.0235205, 0.0640094, 1.0)]])
0.00267493, 0.0235205, 0.0640094
float3(-0.223116, 0.165905, -1.59146)
88305.191880666
normal
simd_float4x4([[-0.00979111, -0.975715, 0.218826, 0.0)], [0.990072, -0.0401456, -0.134704, 0.0)], [0.140218, 0.215335, 0.966421, 0.0)], [0.026223, 0.0234167, 0.0537448, 1.0)]])
0.026223, 0.0234167, 0.0537448
float3(-0.217034, 0.144084, -1.61192)
88305.408669625
normal
simd_float4x4([[-0.0174164, -0.982832, 0.183678, 0.0)], [0.993424, -0.0378011, -0.108071, 0.0)], [0.113159, 0.180588, 0.977028, 0.0)], [0.0565431, 0.0207822, 0.0771711, 1.0)]])
0.0565431, 0.0207822, 0.0771711
float3(-0.181584, 0.115306, -1.60924)
88305.625458583
normal
simd_float4x4([[-0.0247638, -0.986082, 0.164405, 0.0)], [0.993336, -0.0427879, -0.107014, 0.0)], [0.112559, 0.160659, 0.980571, 0.0)], [0.0797274, 0.0224733, 0.0968081, 1.0)]])
0.0797274, 0.0224733, 0.0968081
float3(-0.161359, 0.114289, -1.61416)
88305.842247625
normal
simd_float4x4([[-0.0106131, -0.985233, 0.170891, 0.0)], [0.994116, -0.0288207, -0.10442, 0.0)], [0.107803, 0.168777, 0.979741, 0.0)], [0.048776, 0.0090153, 0.0542347, 1.0)]])
0.048776, 0.0090153, 0.0542347
float3(-0.169588, 0.109591, -1.60004)
88306.059036541
normal
simd_float4x4([[0.000869183, -0.98044, 0.196818, 0.0)], [0.993536, -0.0214953, -0.111466, 0.0)], [0.113516, 0.195642, 0.974083, 0.0)], [0.0500105, 0.00964778, 0.0528018, 1.0)]])
0.0500105, 0.00964778, 0.0528018
float3(-0.196912, 0.116013, -1.59272)
88306.292501625
normal
simd_float4x4([[0.00436898, -0.978886, 0.204361, 0.0)], [0.99295, -0.019961, -0.11684, 0.0)], [0.118453, 0.203431, 0.971897, 0.0)], [0.0522603, 0.00894626, 0.052027, 1.0)]])
0.0522603, 0.00894626, 0.052027
float3(-0.204861, 0.12128, -1.59118)
88306.509290625
normal
simd_float4x4([[0.00193791, -0.979417, 0.201841, 0.0)], [0.992511, -0.0227692, -0.120015, 0.0)], [0.12214, 0.200562, 0.972037, 0.0)], [0.0581226, 0.00709162, 0.052207, 1.0)]])
0.0581226, 0.00709162, 0.052207
float3(-0.201931, 0.124999, -1.59404)
88306.709403541
normal
simd_float4x4([[0.0045533, -0.9802, 0.19796, 0.0)], [0.992212, -0.0202142, -0.122913, 0.0)], [0.124481, 0.196978, 0.972473, 0.0)], [0.0602643, 0.00643144, 0.0523584, 1.0)]])
0.0602643, 0.00643144, 0.0523584
float3(-0.198274, 0.127312, -1.59142)
88306.92619275
normal
simd_float4x4([[0.0102798, -0.981574, 0.190804, 0.0)], [0.990112, -0.016705, -0.13928, 0.0)], [0.139901, 0.190349, 0.971697, 0.0)], [0.0601563, 0.00514177, 0.0532409, 1.0)]])
0.0601563, 0.00514177, 0.0532409
float3(-0.191518, 0.142994, -1.58781)
88307.142981625
normal
simd_float4x4([[0.00724258, -0.982864, 0.184193, 0.0)], [0.989559, -0.0194711, -0.142809, 0.0)], [0.143948, 0.183304, 0.97246, 0.0)], [0.0645948, 0.00467783, 0.0514343, 1.0)]])
0.0645948, 0.00467783, 0.0514343
float3(-0.184346, 0.146957, -1.5906)
88307.359770791
normal
simd_float4x4([[-0.00749688, -0.984878, 0.17309, 0.0)], [0.996266, -0.0222449, -0.0834224, 0.0)], [0.0860112, 0.171818, 0.981367, 0.0)], [0.0873045, 0.00408064, 0.0460328, 1.0)]])
0.0873045, 0.00408064, 0.0460328
float3(-0.172675, 0.0874209, -1.59338)
88307.576559833
normal
simd_float4x4([[-0.0199311, -0.985796, 0.16676, 0.0)], [0.999797, -0.0191449, 0.0063212, 0.0)], [-0.00303882, 0.166852, 0.985977, 0.0)], [0.116039, 0.00324563, 0.0473617, 1.0)]])
0.116039, 0.00324563, 0.0473617
float3(-0.167636, -0.00308203, -1.59021)
88307.776672916
normal
simd_float4x4([[-0.0293515, -0.986652, 0.160178, 0.0)], [0.997495, -0.0185951, 0.0682432, 0.0)], [-0.0643537, 0.16178, 0.984726, 0.0)], [0.137198, 0.00288329, 0.0507773, 1.0)]])
0.137198, 0.00288329, 0.0507773
float3(-0.162494, -0.0652591, -1.58964)
88307.976785708
normal
simd_float4x4([[-0.0334525, -0.98735, 0.154987, 0.0)], [0.994358, -0.0172615, 0.104658, 0.0)], [-0.100659, 0.157614, 0.982357, 0.0)], [0.153396, 0.00537405, 0.0616167, 1.0)]])
0.153396, 0.00537405, 0.0616167
float3(-0.158274, -0.10211, -1.58828)
88308.176898875
normal
simd_float4x4([[-0.031566, -0.987662, 0.153386, 0.0)], [0.993172, -0.0137517, 0.115842, 0.0)], [-0.112303, 0.155995, 0.981353, 0.0)], [0.155817, 0.0104717, 0.0745556, 1.0)]])
0.155817, 0.0104717, 0.0745556
float3(-0.156635, -0.113942, -1.58472)
88308.393687875
normal
simd_float4x4([[-0.0324508, -0.987536, 0.154012, 0.0)], [0.993267, -0.014718, 0.114911, 0.0)], [-0.111212, 0.156704, 0.981364, 0.0)], [0.158215, 0.0133167, 0.081103, 1.0)]])
0.158215, 0.0133167, 0.081103
float3(-0.157353, -0.112843, -1.5857)
88308.610476791
normal
simd_float4x4([[-0.0327663, -0.98757, 0.153727, 0.0)], [0.993812, -0.0158601, 0.109939, 0.0)], [-0.106134, 0.156378, 0.981978, 0.0)], [0.158, 0.0127426, 0.0819711, 1.0)]])
0.158, 0.0127426, 0.0819711
float3(-0.157022, -0.107664, -1.58685)
88308.827265958
normal
simd_float4x4([[-0.0334037, -0.987225, 0.155792, 0.0)], [0.994375, -0.0171516, 0.104519, 0.0)], [-0.100512, 0.158407, 0.982245, 0.0)], [0.156405, 0.0119487, 0.0798507, 1.0)]])
0.156405, 0.0119487, 0.0798507
float3(-0.159077, -0.101974, -1.58817)
88309.044055
normal
simd_float4x4([[-0.0337874, -0.987534, 0.153734, 0.0)], [0.99471, -0.0182966, 0.101085, 0.0)], [-0.0970118, 0.156336, 0.982928, 0.0)], [0.157428, 0.0101885, 0.0777416, 1.0)]])
0.157428, 0.0101885, 0.0777416
float3(-0.15698, -0.0983782, -1.58932)
88309.244168041
normal
simd_float4x4([[-0.034663, -0.98746, 0.154016, 0.0)], [0.995037, -0.019717, 0.0975308, 0.0)], [-0.0932711, 0.156632, 0.983243, 0.0)], [0.158096, 0.00899757, 0.0775404, 1.0)]])
0.158096, 0.00899757, 0.0775404
float3(-0.15728, -0.0945777, -1.59076)
88309.460957166
normal
simd_float4x4([[-0.0363084, -0.987216, 0.1552, 0.0)], [0.995066, -0.0213659, 0.0968844, 0.0)], [-0.0923298, 0.157952, 0.983121, 0.0)], [0.15968, 0.00831781, 0.0775333, 1.0)]])
0.15968, 0.00831781, 0.0775333
float3(-0.158616, -0.0936404, -1.59244)
88309.661070166
normal
simd_float4x4([[-0.0370214, -0.987034, 0.156181, 0.0)], [0.995177, -0.0222073, 0.0955519, 0.0)], [-0.0908447, 0.158965, 0.983096, 0.0)], [0.161701, 0.00779962, 0.0755016, 1.0)]])
0.161701, 0.00779962, 0.0755016
float3(-0.159642, -0.0921451, -1.59329)
88309.877859416
normal
simd_float4x4([[-0.0381151, -0.986667, 0.158226, 0.0)], [0.994871, -0.0226215, 0.0985916, 0.0)], [-0.0936978, 0.161172, 0.982468, 0.0)], [0.167053, 0.00487899, 0.0729814, 1.0)]])
0.167053, 0.00487899, 0.0729814
float3(-0.161878, -0.0950822, -1.59372)
88310.094648583
normal
simd_float4x4([[-0.0397686, -0.987035, 0.155503, 0.0)], [0.994086, -0.0233434, 0.10606, 0.0)], [-0.101055, 0.158801, 0.982125, 0.0)], [0.174365, 0.00306575, 0.0718497, 1.0)]])
0.174365, 0.00306575, 0.0718497
float3(-0.159476, -0.102533, -1.59444)
88310.294761583
normal
simd_float4x4([[-0.0419146, -0.987115, 0.154424, 0.0)], [0.992882, -0.0239064, 0.116678, 0.0)], [-0.111483, 0.158215, 0.981091, 0.0)], [0.180111, 0.0023386, 0.0750456, 1.0)]])
0.180111, 0.0023386, 0.0750456
float3(-0.158883, -0.113146, -1.59501)
88310.494874458
normal
simd_float4x4([[-0.0446345, -0.988046, 0.147554, 0.0)], [0.991064, -0.0252094, 0.130986, 0.0)], [-0.125701, 0.152082, 0.980342, 0.0)], [0.186707, 0.0037003, 0.0821145, 1.0)]])
0.186707, 0.0037003, 0.0821145
float3(-0.152674, -0.127526, -1.59631)
88310.711663708
normal
simd_float4x4([[-0.0512353, -0.989002, 0.138743, 0.0)], [0.988478, -0.0304064, 0.148282, 0.0)], [-0.142432, 0.144741, 0.979164, 0.0)], [0.192528, 0.00688684, 0.0877237, 1.0)]])
0.192528, 0.00688684, 0.0877237
float3(-0.145251, -0.14445, -1.60153)
88310.911776791
normal
simd_float4x4([[-0.0516238, -0.989313, 0.136363, 0.0)], [0.987048, -0.0297774, 0.157638, 0.0)], [-0.151893, 0.142734, 0.978037, 0.0)], [0.195273, 0.00697592, 0.0923546, 1.0)]])
0.195273, 0.00697592, 0.0923546
float3(-0.143224, -0.154073, -1.60089)
88311.111889833
normal
simd_float4x4([[-0.052026, -0.989732, 0.133131, 0.0)], [0.986624, -0.0303183, 0.160166, 0.0)], [-0.154485, 0.139683, 0.978071, 0.0)], [0.198751, 0.007626, 0.0962279, 1.0)]])
0.198751, 0.007626, 0.0962279
float3(-0.140141, -0.156655, -1.60142)
88311.312002791
normal
simd_float4x4([[-0.0534992, -0.989874, 0.13148, 0.0)], [0.986352, -0.0318521, 0.161541, 0.0)], [-0.155718, 0.138328, 0.978068, 0.0)], [0.200318, 0.00914968, 0.0995317, 1.0)]])
0.200318, 0.00914968, 0.0995317
float3(-0.138773, -0.157884, -1.60296)
88311.528792083
normal
simd_float4x4([[-0.0523242, -0.990869, 0.124264, 0.0)], [0.986003, -0.0315359, 0.163715, 0.0)], [-0.158301, 0.131091, 0.97865, 0.0)], [0.202542, 0.00984473, 0.102386, 1.0)]])
0.202542, 0.00984473, 0.102386
float3(-0.13147, -0.160366, -1.60261)
88311.74558125
normal
simd_float4x4([[-0.0452147, -0.992556, 0.113084, 0.0)], [0.985079, -0.0254819, 0.170208, 0.0)], [-0.16606, 0.119092, 0.978898, 0.0)], [0.203965, 0.0123399, 0.105585, 1.0)]])
0.203965, 0.0123399, 0.105585
float3(-0.119376, -0.16804, -1.59646)
88311.9623705
normal
simd_float4x4([[-0.0397636, -0.994229, 0.0996379, 0.0)], [0.98217, -0.0205543, 0.186867, 0.0)], [-0.18374, 0.105292, 0.977319, 0.0)], [0.207121, 0.0174628, 0.101669, 1.0)]])
0.207121, 0.0174628, 0.101669
float3(-0.105487, -0.185835, -1.59147)
88312.179159583
normal
simd_float4x4([[-0.0434663, -0.994613, 0.0941023, 0.0)], [0.977504, -0.0228813, 0.20967, 0.0)], [-0.206387, 0.101099, 0.973233, 0.0)], [0.212513, 0.0174356, 0.103951, 1.0)]])
0.212513, 0.0174356, 0.103951
float3(-0.101272, -0.208968, -1.5938)
88312.379272791
normal
simd_float4x4([[-0.0449112, -0.995006, 0.089139, 0.0)], [0.974494, -0.0239963, 0.223126, 0.0)], [-0.219873, 0.0968863, 0.970705, 0.0)], [0.215784, 0.0178508, 0.106727, 1.0)]])
0.215784, 0.0178508, 0.106727
float3(-0.0970385, -0.22275, -1.59491)
88312.579385791
normal
simd_float4x4([[-0.0467888, -0.994974, 0.0885346, 0.0)], [0.973652, -0.0256232, 0.226596, 0.0)], [-0.223189, 0.096804, 0.969957, 0.0)], [0.218227, 0.0187863, 0.109465, 1.0)]])
0.218227, 0.0187863, 0.109465
float3(-0.0969559, -0.226165, -1.59654)
88312.779498875
normal
simd_float4x4([[-0.0474923, -0.994939, 0.0885468, 0.0)], [0.974606, -0.0267353, 0.222326, 0.0)], [-0.218834, 0.096857, 0.970943, 0.0)], [0.219486, 0.0180848, 0.11138, 1.0)]])
0.219486, 0.0180848, 0.11138
float3(-0.0970091, -0.221679, -1.59766)
88312.979611875
normal
simd_float4x4([[-0.0477938, -0.994937, 0.0884086, 0.0)], [0.97649, -0.0279143, 0.213749, 0.0)], [-0.210199, 0.096546, 0.97288, 0.0)], [0.222184, 0.0168273, 0.110573, 1.0)]])
0.222184, 0.0168273, 0.110573
float3(-0.0966966, -0.212787, -1.59885)
88313.196401166
normal
simd_float4x4([[-0.0461695, -0.994944, 0.0891934, 0.0)], [0.978278, -0.0269705, 0.205536, 0.0)], [-0.202091, 0.0967454, 0.974576, 0.0)], [0.220988, 0.0144291, 0.107447, 1.0)]])
0.220988, 0.0144291, 0.107447
float3(-0.096897, -0.204465, -1.5979)
88313.39651425
normal
simd_float4x4([[-0.0451488, -0.995172, 0.0871479, 0.0)], [0.981167, -0.0277743, 0.191151, 0.0)], [-0.187808, 0.0941369, 0.977684, 0.0)], [0.218466, 0.0139403, 0.105517, 1.0)]])
0.218466, 0.0139403, 0.105517
float3(-0.0942765, -0.189782, -1.5987)
88313.613303375
normal
simd_float4x4([[-0.0425239, -0.995154, 0.0886575, 0.0)], [0.984624, -0.0266938, 0.172637, 0.0)], [-0.169434, 0.0946355, 0.980987, 0.0)], [0.214015, 0.0136276, 0.101069, 1.0)]])
0.214015, 0.0136276, 0.101069
float3(-0.0947774, -0.17103, -1.59761)
88313.8134165
normal
simd_float4x4([[-0.0354652, -0.995214, 0.0910562, 0.0)], [0.990214, -0.022688, 0.137704, 0.0)], [-0.134979, 0.0950488, 0.986279, 0.0)], [0.202673, 0.0158115, 0.0948276, 1.0)]])
0.202673, 0.0158115, 0.0948276
float3(-0.0951925, -0.136012, -1.59359)
88314.030205791
normal
simd_float4x4([[-0.0297649, -0.995279, 0.0923758, 0.0)], [0.996904, -0.0228305, 0.0752368, 0.0)], [-0.0727726, 0.0943293, 0.992878, 0.0)], [0.189225, 0.0177046, 0.087742, 1.0)]])
0.189225, 0.0177046, 0.087742
float3(-0.0944697, -0.0731638, -1.59373)
88314.230318791
normal
simd_float4x4([[-0.0248303, -0.994674, 0.100036, 0.0)], [0.999668, -0.0253954, -0.00437894, 0.0)], [0.00689607, 0.0998938, 0.994974, 0.0)], [0.173535, 0.0179204, 0.0777581, 1.0)]])
0.173535, 0.0179204, 0.0777581
float3(-0.100061, 0.00693079, -1.59632)
88314.430431958
normal
simd_float4x4([[-0.0168993, -0.993046, 0.116512, 0.0)], [0.994756, -0.028455, -0.0982419, 0.0)], [0.100874, 0.114241, 0.988319, 0.0)], [0.159027, 0.0167278, 0.0645032, 1.0)]])
0.159027, 0.0167278, 0.0645032
float3(-0.114491, 0.101714, -1.59944)
88314.630545083
normal
simd_float4x4([[-0.00859659, -0.992825, 0.119271, 0.0)], [0.982709, -0.0304498, -0.182637, 0.0)], [0.184958, 0.115639, 0.975919, 0.0)], [0.152526, 0.0187743, 0.0529964, 1.0)]])
0.152526, 0.0187743, 0.0529964
float3(-0.115898, 0.187301, -1.60146)
88314.84733425
normal
simd_float4x4([[-0.000910434, -0.99318, 0.116589, 0.0)], [0.964181, -0.0317961, -0.263331, 0.0)], [0.265243, 0.112173, 0.957634, 0.0)], [0.160494, 0.0237871, 0.0408243, 1.0)]])
0.160494, 0.0237871, 0.0408243
float3(-0.112409, 0.270203, -1.6028)
88315.047447375
normal
simd_float4x4([[-0.00129336, -0.993453, 0.114239, 0.0)], [0.944778, -0.038651, -0.325423, 0.0)], [0.327708, 0.107509, 0.938642, 0.0)], [0.181736, 0.033486, 0.0287084, 1.0)]])
0.181736, 0.033486, 0.0287084
float3(-0.107718, 0.335899, -1.60968)
88315.247560541
normal
simd_float4x4([[0.00572935, -0.993677, 0.112133, 0.0)], [0.927115, -0.0367431, -0.372971, 0.0)], [0.374732, 0.106098, 0.921042, 0.0)], [0.212518, 0.0422054, 0.0199825, 1.0)]])
0.212518, 0.0422054, 0.0199825
float3(-0.106298, 0.386404, -1.60776)
88315.447673625
normal
simd_float4x4([[0.00860785, -0.994944, 0.10006, 0.0)], [0.915126, -0.0324967, -0.401855, 0.0)], [0.403075, 0.0950268, 0.91022, 0.0)], [0.246207, 0.047714, 0.0183707, 1.0)]])
0.246207, 0.047714, 0.0183707
float3(-0.0951704, 0.416877, -1.60345)
88315.664462833
normal
simd_float4x4([[0.0165057, -0.996436, 0.0827239, 0.0)], [0.911766, -0.0189575, -0.410272, 0.0)], [0.410378, 0.0821967, 0.908204, 0.0)], [0.27976, 0.053534, 0.0249648, 1.0)]])
0.27976, 0.053534, 0.0249648
float3(-0.0822896, 0.424397, -1.58982)
88315.864576083
normal
simd_float4x4([[0.0133377, -0.998484, 0.0534119, 0.0)], [0.913602, -0.00954094, -0.406498, 0.0)], [0.406391, 0.054219, 0.912089, 0.0)], [0.300643, 0.0631868, 0.0341191, 1.0)]])
0.300643, 0.0631868, 0.0341191
float3(-0.0542456, 0.419156, -1.58035)
88316.064689083
normal
simd_float4x4([[0.0154014, -0.999698, 0.0191575, 0.0)], [0.917124, 0.00649174, -0.39855, 0.0)], [0.398305, 0.023708, 0.916947, 0.0)], [0.310865, 0.0722506, 0.0400998, 1.0)]])
0.310865, 0.0722506, 0.0400998
float3(-0.0237102, 0.40979, -1.5643)
88316.264802291
normal
simd_float4x4([[0.0169071, -0.999848, -0.0041633, 0.0)], [0.918215, 0.0171744, -0.395709, 0.0)], [0.39572, 0.00286748, 0.918367, 0.0)], [0.291588, 0.0738002, 0.0445535, 1.0)]])
0.291588, 0.0738002, 0.0445535
float3(-0.00286748, 0.406854, -1.55362)
88316.464915375
normal
simd_float4x4([[0.0188757, -0.999538, -0.0238214, 0.0)], [0.919866, 0.0266973, -0.391322, 0.0)], [0.391777, -0.014526, 0.919945, 0.0)], [0.290511, 0.0790064, 0.0462767, 1.0)]])
0.290511, 0.0790064, 0.0462767
float3(0.0145265, 0.402607, -1.54409)
88316.665028541
normal
simd_float4x4([[0.0220746, -0.998835, -0.0429073, 0.0)], [0.920979, 0.037015, -0.387849, 0.0)], [0.388986, -0.0309551, 0.920723, 0.0)], [0.277466, 0.0835141, 0.0522492, 1.0)]])
0.277466, 0.0835141, 0.0522492
float3(0.03096, 0.399733, -1.53376)
88316.865141666
normal
simd_float4x4([[0.0236465, -0.99835, -0.0523276, 0.0)], [0.921454, 0.0420676, -0.386204, 0.0)], [0.387768, -0.0390851, 0.920928, 0.0)], [0.274295, 0.08628, 0.0527401, 1.0)]])
0.274295, 0.08628, 0.0527401
float3(0.039095, 0.39853, -1.52868)
88317.081931083
normal
simd_float4x4([[0.0225792, -0.997557, -0.0661059, 0.0)], [0.920843, 0.0464985, -0.38715, 0.0)], [0.389279, -0.0521316, 0.919644, 0.0)], [0.276545, 0.0872734, 0.0518805, 1.0)]])
0.276545, 0.0872734, 0.0518805
float3(0.0521552, 0.400424, -1.52422)
88317.298720333
normal
simd_float4x4([[0.0269682, -0.997041, -0.0719874, 0.0)], [0.92011, 0.0529065, -0.388071, 0.0)], [0.390731, -0.0557708, 0.918814, 0.0)], [0.274974, 0.085229, 0.0502095, 1.0)]])
0.274974, 0.085229, 0.0502095
float3(0.0557998, 0.402087, -1.51778)
88317.498833458
normal
simd_float4x4([[0.0288112, -0.99679, -0.0746966, 0.0)], [0.917388, 0.0560436, -0.394029, 0.0)], [0.396951, -0.0571733, 0.916057, 0.0)], [0.272985, 0.0843698, 0.0489878, 1.0)]])
0.272985, 0.0843698, 0.0489878
float3(0.0572045, 0.408901, -1.51463)
88317.698946625
normal
simd_float4x4([[0.0332906, -0.996772, -0.0730509, 0.0)], [0.916041, 0.0596617, -0.396621, 0.0)], [0.3997, -0.0537139, 0.915071, 0.0)], [0.26914, 0.0800705, 0.044606, 1.0)]])
0.26914, 0.0800705, 0.044606
float3(0.0537398, 0.41182, -1.51101)
88317.899059833
normal
simd_float4x4([[0.0332146, -0.996606, -0.0753229, 0.0)], [0.914683, 0.0606851, -0.39959, 0.0)], [0.402805, -0.0556244, 0.913594, 0.0)], [0.266608, 0.0779825, 0.0428145, 1.0)]])
0.266608, 0.0779825, 0.0428145
float3(0.0556531, 0.415262, -1.50998)
88318.099173125
normal
simd_float4x4([[0.0337798, -0.996577, -0.0754591, 0.0)], [0.915097, 0.0611965, -0.398563, 0.0)], [0.401816, -0.055589, 0.914031, 0.0)], [0.265534, 0.0714766, 0.0407672, 1.0)]])
0.265534, 0.0714766, 0.0407672
float3(0.0556177, 0.414179, -1.50947)
88318.315962166
normal
simd_float4x4([[0.0353222, -0.996441, -0.0765377, 0.0)], [0.917491, 0.0626938, -0.392786, 0.0)], [0.396186, -0.0563485, 0.91644, 0.0)], [0.269605, 0.0635748, 0.0428899, 1.0)]])
0.269605, 0.0635748, 0.0428899
float3(0.0563784, 0.408046, -1.50796)
88318.532751541
normal
simd_float4x4([[0.0342313, -0.996504, -0.0762072, 0.0)], [0.922992, 0.0607657, -0.379992, 0.0)], [0.383294, -0.057331, 0.921845, 0.0)], [0.275262, 0.0607518, 0.0488651, 1.0)]])
0.275262, 0.0607518, 0.0488651
float3(0.0573624, 0.394044, -1.50989)
88318.732864625
normal
simd_float4x4([[0.034866, -0.996701, -0.0732967, 0.0)], [0.929867, 0.05923, -0.363096, 0.0)], [0.366239, -0.0554964, 0.928864, 0.0)], [0.28842, 0.0603019, 0.0565875, 1.0)]])
0.28842, 0.0603019, 0.0565875
float3(0.055525, 0.375572, -1.51144)
88318.932977833
normal
simd_float4x4([[0.0358002, -0.996506, -0.0754551, 0.0)], [0.933369, 0.0603225, -0.353812, 0.0)], [0.357128, -0.0577609, 0.932268, 0.0)], [0.295344, 0.0631931, 0.0673253, 1.0)]])
0.295344, 0.0631931, 0.0673253
float3(0.0577931, 0.365831, -1.51034)
88319.149767125
normal
simd_float4x4([[0.035938, -0.996508, -0.0753678, 0.0)], [0.932219, 0.0606038, -0.356784, 0.0)], [0.360105, -0.0574372, 0.931142, 0.0)], [0.297859, 0.0628102, 0.0736115, 1.0)]])
0.297859, 0.0628102, 0.0736115
float3(0.0574688, 0.369019, -1.51006)
88319.34988025
normal
simd_float4x4([[0.0343166, -0.996552, -0.0755422, 0.0)], [0.930374, 0.0594602, -0.361757, 0.0)], [0.365001, -0.0578682, 0.929207, 0.0)], [0.299655, 0.0605688, 0.0741402, 1.0)]])
0.299655, 0.0605688, 0.0741402
float3(0.0579006, 0.374293, -1.5112)
88319.549993416
normal
simd_float4x4([[0.0337891, -0.996542, -0.075913, 0.0)], [0.92943, 0.0592578, -0.36421, 0.0)], [0.367449, -0.0582494, 0.928218, 0.0)], [0.30127, 0.0596372, 0.0716058, 1.0)]])
0.30127, 0.0596372, 0.0716058
float3(0.0582824, 0.376937, -1.5114)
88319.750106875
normal
simd_float4x4([[0.0323084, -0.996423, -0.0780925, 0.0)], [0.929278, 0.0587126, -0.364684, 0.0)], [0.367964, -0.0607874, 0.927851, 0.0)], [0.304304, 0.053338, 0.0753246, 1.0)]])
0.304304, 0.053338, 0.0753246
float3(0.0608249, 0.377552, -1.51194)
88319.950220083
normal
simd_float4x4([[0.0320028, -0.996443, -0.0779608, 0.0)], [0.928395, 0.0585276, -0.366956, 0.0)], [0.370213, -0.0606349, 0.926966, 0.0)], [0.307387, 0.0523583, 0.0709436, 1.0)]])
0.307387, 0.0523583, 0.0709436
float3(0.0606721, 0.379973, -1.51213)
88320.150333333
normal
simd_float4x4([[0.030768, -0.996614, -0.0762502, 0.0)], [0.92833, 0.0567691, -0.367396, 0.0)], [0.37048, -0.0594814, 0.926934, 0.0)], [0.306992, 0.0525064, 0.0581987, 1.0)]])
0.306992, 0.0525064, 0.0581987
float3(0.0595165, 0.380234, -1.5139)
88320.367122666
normal
simd_float4x4([[0.0308005, -0.996658, -0.0756572, 0.0)], [0.928489, 0.0565553, -0.367028, 0.0)], [0.370081, -0.0589422, 0.927128, 0.0)], [0.305095, 0.0535669, 0.0471646, 1.0)]])
0.305095, 0.0535669, 0.0471646
float3(0.0589763, 0.37979, -1.51411)
88320.583911708
normal
simd_float4x4([[0.0302521, -0.996521, -0.0776629, 0.0)], [0.927911, 0.0568831, -0.368437, 0.0)], [0.371573, -0.0609182, 0.926403, 0.0)], [0.302788, 0.0546756, 0.040529, 1.0)]])
0.302788, 0.0546756, 0.040529
float3(0.060956, 0.381448, -1.51378)
88320.800701166
normal
simd_float4x4([[0.0289879, -0.996556, -0.07769, 0.0)], [0.927458, 0.0558024, -0.369741, 0.0)], [0.372803, -0.0613362, 0.925881, 0.0)], [0.303769, 0.0560018, 0.034385, 1.0)]])
0.303769, 0.0560018, 0.034385
float3(0.0613747, 0.382786, -1.51486)
88321.000814333
normal
simd_float4x4([[0.0275682, -0.996608, -0.0775377, 0.0)], [0.927437, 0.0544411, -0.369996, 0.0)], [0.372963, -0.0617112, 0.925792, 0.0)], [0.302892, 0.0593883, 0.0347317, 1.0)]])
0.302892, 0.0593883, 0.0347317
float3(0.0617504, 0.382968, -1.51622)
88321.200927541
normal
simd_float4x4([[0.0254719, -0.99655, -0.0789948, 0.0)], [0.92721, 0.053089, -0.370759, 0.0)], [0.373674, -0.0638008, 0.925363, 0.0)], [0.304745, 0.0601371, 0.0399634, 1.0)]])
0.304745, 0.0601371, 0.0399634
float3(0.0638442, 0.383789, -1.51757)
88321.401040833
normal
simd_float4x4([[0.0226046, -0.996385, -0.0818976, 0.0)], [0.926533, 0.0516499, -0.372652, 0.0)], [0.375534, -0.0674572, 0.92435, 0.0)], [0.312295, 0.057409, 0.049986, 1.0)]])
0.312295, 0.057409, 0.049986
float3(0.0675084, 0.385899, -1.51901)
88321.601154166
normal
simd_float4x4([[0.0252886, -0.996174, -0.0836606, 0.0)], [0.925848, 0.0549032, -0.373888, 0.0)], [0.37705, -0.0680019, 0.923693, 0.0)], [0.316426, 0.0562057, 0.0617786, 1.0)]])
0.316426, 0.0562057, 0.0617786
float3(0.0680544, 0.387554, -1.51574)
88321.801267375
normal
simd_float4x4([[0.0264278, -0.996213, -0.0828276, 0.0)], [0.925829, 0.0556413, -0.373824, 0.0)], [0.377017, -0.0668049, 0.923794, 0.0)], [0.319974, 0.0548631, 0.0716281, 1.0)]])
0.319974, 0.0548631, 0.0716281
float3(0.0668546, 0.387485, -1.515)
88322.018056666
normal
simd_float4x4([[0.0262529, -0.996131, -0.0838715, 0.0)], [0.925758, 0.055885, -0.373964, 0.0)], [0.377204, -0.067827, 0.923643, 0.0)], [0.326064, 0.0504368, 0.0803203, 1.0)]])
0.326064, 0.0504368, 0.0803203
float3(0.0678792, 0.387716, -1.51475)
88322.218169875
normal
simd_float4x4([[0.0249333, -0.996179, -0.0836978, 0.0)], [0.925261, 0.0546963, -0.375368, 0.0)], [0.378511, -0.0680831, 0.923089, 0.0)], [0.331394, 0.0467141, 0.0845638, 1.0)]])
0.331394, 0.0467141, 0.0845638
float3(0.0681358, 0.389139, -1.51595)
88322.418283166
normal
simd_float4x4([[0.0237691, -0.996349, -0.0820047, 0.0)], [0.924657, 0.0530946, -0.377081, 0.0)], [0.380058, -0.0668634, 0.922543, 0.0)], [0.337077, 0.0382694, 0.0896207, 1.0)]])
0.337077, 0.0382694, 0.0896207
float3(0.0669133, 0.390781, -1.51756)
88322.618396291
normal
simd_float4x4([[0.0249986, -0.996324, -0.0819345, 0.0)], [0.924293, 0.054261, -0.377808, 0.0)], [0.380865, -0.0662868, 0.922252, 0.0)], [0.334374, 0.0333528, 0.0838153, 1.0)]])
0.334374, 0.0333528, 0.0838153
float3(0.0663355, 0.39164, -1.51639)
88322.818509541
normal
simd_float4x4([[0.0246209, -0.996313, -0.0821887, 0.0)], [0.924145, 0.0540364, -0.378202, 0.0)], [0.381248, -0.0666427, 0.922068, 0.0)], [0.330557, 0.0288342, 0.0742946, 1.0)]])
0.330557, 0.0288342, 0.0742946
float3(0.0666921, 0.392065, -1.51661)
88323.018622791
normal
simd_float4x4([[0.0254067, -0.997515, -0.0657131, 0.0)], [0.919518, 0.0491099, -0.389967, 0.0)], [0.392225, -0.0505166, 0.918481, 0.0)], [0.331789, 0.0308597, 0.0612032, 1.0)]])
0.331789, 0.0308597, 0.0612032
float3(0.0505381, 0.403594, -1.5216)
88323.218736083
normal
simd_float4x4([[0.0221513, -0.99773, -0.0635888, 0.0)], [0.920034, 0.0452326, -0.389219, 0.0)], [0.391212, -0.0498822, 0.918948, 0.0)], [0.360835, 0.0498071, 0.0612102, 1.0)]])
0.360835, 0.0498071, 0.0612102
float3(0.0499029, 0.402478, -1.52549)
88323.435525333
normal
simd_float4x4([[0.0183927, -0.997315, -0.0708908, 0.0)], [0.921236, 0.0444596, -0.386455, 0.0)], [0.388569, -0.0581992, 0.91958, 0.0)], [0.385471, 0.0698761, 0.073949, 1.0)]])
0.385471, 0.0698761, 0.073949
float3(0.0582321, 0.399795, -1.52625)
88323.635638583
normal
simd_float4x4([[-0.0101409, -0.998002, -0.0623644, 0.0)], [0.93007, 0.0134913, -0.367134, 0.0)], [0.367242, -0.0617264, 0.928075, 0.0)], [0.410856, 0.0818689, 0.0910231, 1.0)]])
0.410856, 0.0818689, 0.0910231
float3(0.0617656, 0.376796, -1.55728)
88323.835751833
normal
simd_float4x4([[-0.0186963, -0.997397, -0.0696372, 0.0)], [0.933772, 0.00747697, -0.357791, 0.0)], [0.35738, -0.0717146, 0.931202, 0.0)], [0.424387, 0.0906407, 0.128526, 1.0)]])
0.424387, 0.0906407, 0.128526
float3(0.0717763, 0.366449, -1.5633)
88324.035865125
normal
simd_float4x4([[-0.0247184, -0.996094, -0.084773, 0.0)], [0.933853, 0.00725849, -0.357584, 0.0)], [0.356803, -0.0880044, 0.930025, 0.0)], [0.430855, 0.0966395, 0.180727, 1.0)]])
0.430855, 0.0966395, 0.180727
float3(0.0881184, 0.366331, -1.56351)
88324.235978291
normal
simd_float4x4([[-0.00457862, -0.996527, -0.0831416, 0.0)], [0.94039, 0.0239834, -0.33925, 0.0)], [0.340066, -0.0797388, 0.937015, 0.0)], [0.428525, 0.105828, 0.232953, 1.0)]])
0.428525, 0.105828, 0.232953
float3(0.0798236, 0.348143, -1.54673)
88324.4360915
normal
simd_float4x4([[0.00541984, -0.997636, -0.068505, 0.0)], [0.951334, 0.0262519, -0.30704, 0.0)], [0.308112, -0.0635071, 0.949228, 0.0)], [0.436182, 0.117781, 0.287057, 1.0)]])
0.436182, 0.117781, 0.287057
float3(0.0635499, 0.313863, -1.54449)
88324.636204833
normal
simd_float4x4([[0.0288174, -0.997552, -0.0637166, 0.0)], [0.950172, 0.0471307, -0.308143, 0.0)], [0.310392, -0.0516618, 0.949204, 0.0)], [0.449686, 0.124815, 0.34935, 1.0)]])
0.449686, 0.124815, 0.34935
float3(0.0516848, 0.316042, -1.52359)
88324.836318166
normal
simd_float4x4([[0.0307669, -0.998016, -0.0549399, 0.0)], [0.940258, 0.0475449, -0.337127, 0.0)], [0.33907, -0.0412853, 0.939855, 0.0)], [0.476064, 0.125263, 0.41733, 1.0)]])
0.476064, 0.125263, 0.41733
float3(0.0412971, 0.346236, -1.52319)
88325.036431458
normal
simd_float4x4([[0.0372345, -0.998536, -0.0392407, 0.0)], [0.926027, 0.0492374, -0.374231, 0.0)], [0.375615, -0.0224036, 0.926505, 0.0)], [0.512564, 0.122117, 0.484922, 1.0)]])
0.512564, 0.122117, 0.484922
float3(0.0224055, 0.385162, -1.52153)
88325.253220875
normal
simd_float4x4([[0.0484333, -0.998405, -0.0290076, 0.0)], [0.910719, 0.0560685, -0.409204, 0.0)], [0.410178, -0.00659872, 0.911982, 0.0)], [0.559623, 0.119054, 0.567555, 1.0)]])
0.559623, 0.119054, 0.567555
float3(0.00659877, 0.422659, -1.5147)
88325.453334083
normal
simd_float4x4([[0.0418723, -0.999117, -0.00361311, 0.0)], [0.903906, 0.0394223, -0.42591, 0.0)], [0.425676, 0.0145679, 0.904758, 0.0)], [0.600616, 0.117448, 0.644501, 1.0)]])
0.600616, 0.117448, 0.644501
float3(-0.0145685, 0.439759, -1.53136)
88325.653447416
normal
simd_float4x4([[0.0384176, -0.999146, 0.0152059, 0.0)], [0.90297, 0.0281941, -0.428778, 0.0)], [0.427984, 0.0302032, 0.903282, 0.0)], [0.618759, 0.114663, 0.707475, 1.0)]])
0.618759, 0.114663, 0.707475
float3(-0.0302077, 0.442477, -1.54259)
88325.853560625
normal
simd_float4x4([[0.0295845, -0.999562, -0.000545471, 0.0)], [0.916663, 0.0273485, -0.398724, 0.0)], [0.398564, 0.011296, 0.917071, 0.0)], [0.625707, 0.118408, 0.766041, 1.0)]])
0.625707, 0.118408, 0.766041
float3(-0.0112963, 0.409978, -1.54344)
88326.053673958
normal
simd_float4x4([[0.0251957, -0.999523, -0.0178589, 0.0)], [0.929905, 0.0299906, -0.366574, 0.0)], [0.366935, -0.00737098, 0.930217, 0.0)], [0.607787, 0.125265, 0.817661, 1.0)]])
0.607787, 0.125265, 0.817661
float3(0.00737105, 0.375723, -1.5408)
88326.270463291
normal
simd_float4x4([[0.0121393, -0.999925, -0.00179922, 0.0)], [0.942602, 0.0120438, -0.333702, 0.0)], [0.333698, 0.00235495, 0.942677, 0.0)], [0.583722, 0.123526, 0.878616, 1.0)]])
0.583722, 0.123526, 0.878616
float3(-0.00235496, 0.340225, -1.55875)
88326.487252708
normal
simd_float4x4([[0.0208751, -0.999753, 0.00761729, 0.0)], [0.949146, 0.0174233, -0.314354, 0.0)], [0.314143, 0.0137921, 0.949275, 0.0)], [0.568693, 0.120252, 0.953029, 1.0)]])
0.568693, 0.120252, 0.953029
float3(-0.0137925, 0.319586, -1.55337)
88326.687366
normal
simd_float4x4([[0.0350389, -0.999385, -0.00146806, 0.0)], [0.949072, 0.0337351, -0.313248, 0.0)], [0.313105, 0.0095826, 0.94967, 0.0)], [0.561815, 0.121119, 1.01383, 1.0)]])
0.561815, 0.121119, 1.01383
float3(-0.00958275, 0.318476, -1.53705)
88326.887479166
normal
simd_float4x4([[0.033737, -0.999223, -0.0203868, 0.0)], [0.945624, 0.0385168, -0.322972, 0.0)], [0.323506, -0.0083822, 0.946189, 0.0)], [0.559496, 0.124719, 1.04762, 1.0)]])
0.559496, 0.124719, 1.04762
float3(0.0083823, 0.329444, -1.53227)
88327.10426875
normal
simd_float4x4([[0.0326897, -0.999388, -0.0125013, 0.0)], [0.943482, 0.0349837, -0.329573, 0.0)], [0.329808, -0.00102111, 0.944047, 0.0)], [0.558499, 0.127681, 1.04894, 1.0)]])
0.558499, 0.127681, 1.04894
float3(0.00102111, 0.336101, -1.53581)
88327.321058083
normal
simd_float4x4([[0.0313902, -0.999415, -0.0135527, 0.0)], [0.941783, 0.0341159, -0.334485, 0.0)], [0.334752, -0.00226419, 0.942303, 0.0)], [0.556475, 0.13123, 1.04961, 1.0)]])
0.556475, 0.13123, 1.04961
float3(0.00226419, 0.341343, -1.53667)
88327.521171416
normal
simd_float4x4([[0.0263631, -0.999501, -0.0174126, 0.0)], [0.941487, 0.0306804, -0.33565, 0.0)], [0.336016, -0.007545, 0.941826, 0.0)], [0.555277, 0.133838, 1.05277, 1.0)]])
0.555277, 0.133838, 1.05277
float3(0.00754507, 0.342694, -1.54011)
88327.72128475
normal
simd_float4x4([[0.023898, -0.999509, -0.0202547, 0.0)], [0.943791, 0.0292378, -0.329246, 0.0)], [0.329676, -0.0112479, 0.944027, 0.0)], [0.557037, 0.136516, 1.05185, 1.0)]])
0.557037, 0.136516, 1.05185
float3(0.0112481, 0.335983, -1.54155)
88327.921397916
normal
simd_float4x4([[0.0258527, -0.999249, -0.0288773, 0.0)], [0.941266, 0.034061, -0.335943, 0.0)], [0.336674, -0.0184962, 0.94144, 0.0)], [0.557077, 0.136213, 1.05402, 1.0)]])
0.557077, 0.136213, 1.05402
float3(0.0184972, 0.343443, -1.53672)
88328.121511333
normal
simd_float4x4([[0.0299434, -0.999243, -0.0248226, 0.0)], [0.941286, 0.0365441, -0.335625, 0.0)], [0.336279, -0.0133154, 0.941668, 0.0)], [0.561345, 0.134657, 1.05513, 1.0)]])
0.561345, 0.134657, 1.05513
float3(0.0133158, 0.342994, -1.53424)
88328.3216245
normal
simd_float4x4([[0.02252, -0.99946, -0.0239183, 0.0)], [0.942252, 0.0292151, -0.333627, 0.0)], [0.334146, -0.0150238, 0.942401, 0.0)], [0.566792, 0.133162, 1.05657, 1.0)]])
0.566792, 0.133162, 1.05657
float3(0.0150244, 0.340739, -1.54157)
88328.521737833
normal
simd_float4x4([[0.0148539, -0.999611, -0.0236082, 0.0)], [0.939928, 0.0220126, -0.340662, 0.0)], [0.341049, -0.0171298, 0.939889, 0.0)], [0.57011, 0.131515, 1.05731, 1.0)]])
0.57011, 0.131515, 1.05731
float3(0.0171307, 0.348086, -1.54878)
88328.721851083
normal
simd_float4x4([[0.00955568, -0.99981, -0.017025, 0.0)], [0.938077, 0.0148593, -0.346107, 0.0)], [0.346294, -0.0126635, 0.93804, 0.0)], [0.572542, 0.130242, 1.05692, 1.0)]])
0.572542, 0.130242, 1.05692
float3(0.0126638, 0.353647, -1.55594)
88328.921964333
normal
simd_float4x4([[0.00756591, -0.999868, -0.0143881, 0.0)], [0.937389, 0.0121019, -0.348075, 0.0)], [0.348203, -0.0108538, 0.937356, 0.0)], [0.576395, 0.12765, 1.05508, 1.0)]])
0.576395, 0.12765, 1.05508
float3(0.010854, 0.355675, -1.55869)
88329.122077708
normal
simd_float4x4([[0.00510093, -0.999894, -0.0136305, 0.0)], [0.936976, 0.00954112, -0.349264, 0.0)], [0.349357, -0.0109899, 0.936925, 0.0)], [0.57978, 0.126691, 1.05445, 1.0)]])
0.57978, 0.126691, 1.05445
float3(0.0109901, 0.356908, -1.56125)
88329.322190916
normal
simd_float4x4([[-0.000173983, -0.999875, -0.0158049, 0.0)], [0.934648, 0.00545722, -0.355533, 0.0)], [0.355575, -0.0148338, 0.93453, 0.0)], [0.580319, 0.127647, 1.05162, 1.0)]])
0.580319, 0.127647, 1.05162
float3(0.0148344, 0.363571, -1.56534)
88329.522304291
normal
simd_float4x4([[-0.000525384, -0.999903, -0.0139277, 0.0)], [0.932749, 0.00453129, -0.360498, 0.0)], [0.360526, -0.0131804, 0.932656, 0.0)], [0.57865, 0.127033, 1.04596, 1.0)]])
0.57865, 0.127033, 1.04596
float3(0.0131808, 0.368865, -1.56626)
88329.722417791
normal
simd_float4x4([[-0.00279487, -0.999912, -0.0129924, 0.0)], [0.933103, 0.00206438, -0.359602, 0.0)], [0.359597, -0.0131283, 0.933015, 0.0)], [0.58036, 0.126883, 1.04263, 1.0)]])
0.58036, 0.126883, 1.04263
float3(0.0131287, 0.36787, -1.56873)
88329.922531
normal
simd_float4x4([[0.00268908, -0.999851, -0.0170434, 0.0)], [0.934286, 0.00858826, -0.35642, 0.0)], [0.356514, -0.014965, 0.93417, 0.0)], [0.581437, 0.125601, 1.04221, 1.0)]])
0.581437, 0.125601, 1.04221
float3(0.0149655, 0.364576, -1.56221)
88330.122644333
normal
simd_float4x4([[0.00584191, -0.999716, -0.0231091, 0.0)], [0.934221, 0.0136983, -0.356432, 0.0)], [0.356647, -0.0195067, 0.934035, 0.0)], [0.580126, 0.125448, 1.04233, 1.0)]])
0.580126, 0.125448, 1.04233
float3(0.019508, 0.364749, -1.55709)
88330.339433708
normal
simd_float4x4([[0.00348574, -0.999507, -0.0311923, 0.0)], [0.931883, 0.0145617, -0.362467, 0.0)], [0.362743, -0.0278041, 0.931475, 0.0)], [0.577848, 0.126296, 1.04143, 1.0)]])
0.577848, 0.126296, 1.04143
float3(0.0278077, 0.37136, -1.55623)
88330.556223041
normal
simd_float4x4([[0.00593349, -0.999266, -0.0378388, 0.0)], [0.92945, 0.0194703, -0.368434, 0.0)], [0.368901, -0.0329832, 0.928883, 0.0)], [0.574569, 0.125225, 1.0432, 1.0)]])
0.574569, 0.125225, 1.0432
float3(0.0329892, 0.378042, -1.55131)
88330.756336458
normal
simd_float4x4([[0.00847273, -0.999164, -0.0400005, 0.0)], [0.92849, 0.0227125, -0.370663, 0.0)], [0.371261, -0.0339995, 0.927906, 0.0)], [0.571305, 0.125869, 1.04394, 1.0)]])
0.571305, 0.125869, 1.04394
float3(0.0340061, 0.380598, -1.54807)
88330.956449916
normal
simd_float4x4([[0.00793911, -0.999068, -0.0424313, 0.0)], [0.926591, 0.0233045, -0.375347, 0.0)], [0.375986, -0.0363366, 0.925912, 0.0)], [0.568669, 0.125408, 1.0432, 1.0)]])
0.568669, 0.125408, 1.0432
float3(0.0363446, 0.385729, -1.54747)
88331.156563208
normal
simd_float4x4([[0.00882968, -0.999117, -0.0410849, 0.0)], [0.927059, 0.0235794, -0.374174, 0.0)], [0.374812, -0.0347843, 0.926448, 0.0)], [0.561235, 0.125583, 1.03762, 1.0)]])
0.561235, 0.125583, 1.03762
float3(0.0347913, 0.384439, -1.5472)
88331.356676541
normal
simd_float4x4([[0.00640106, -0.999241, -0.0384254, 0.0)], [0.928425, 0.0202129, -0.370968, 0.0)], [0.371464, -0.0333005, 0.92785, 0.0)], [0.556666, 0.124968, 1.03148, 1.0)]])
0.556666, 0.124968, 1.03148
float3(0.0333067, 0.380807, -1.55057)
88331.556789708
normal
simd_float4x4([[0.00551363, -0.999205, -0.0394741, 0.0)], [0.931669, 0.019473, -0.362787, 0.0)], [0.363267, -0.0347765, 0.931036, 0.0)], [0.551579, 0.125826, 1.02286, 1.0)]])
0.551579, 0.125826, 1.02286
float3(0.0347836, 0.372008, -1.55131)
88331.756903083
normal
simd_float4x4([[0.00848872, -0.999459, -0.0317663, 0.0)], [0.936108, 0.0191128, -0.351193, 0.0)], [0.351611, -0.0267555, 0.935764, 0.0)], [0.548729, 0.126198, 1.00813, 1.0)]])
0.548729, 0.126198, 1.00813
float3(0.0267587, 0.359426, -1.55168)
88331.957016416
normal
simd_float4x4([[0.0108395, -0.999702, -0.0218932, 0.0)], [0.939722, 0.0176675, -0.341483, 0.0)], [0.341768, -0.016872, 0.939633, 0.0)], [0.547471, 0.12423, 0.988744, 1.0)]])
0.547471, 0.12423, 0.988744
float3(0.0168728, 0.348849, -1.55313)
88332.157129583
normal
simd_float4x4([[0.00964589, -0.999756, -0.0198706, 0.0)], [0.941532, 0.0157733, -0.336555, 0.0)], [0.336787, -0.0154624, 0.941454, 0.0)], [0.549192, 0.124977, 0.962128, 1.0)]])
0.549192, 0.124977, 0.962128
float3(0.0154631, 0.343545, -1.55502)
88332.357242875
normal
simd_float4x4([[0.00380033, -0.99968, -0.0250304, 0.0)], [0.93991, 0.0121164, -0.341206, 0.0)], [0.3414, -0.0222296, 0.939655, 0.0)], [0.557758, 0.122807, 0.926465, 1.0)]])
0.557758, 0.122807, 0.926465
float3(0.0222315, 0.348496, -1.55868)
88332.557356208
normal
simd_float4x4([[3.54951e-05, -0.999653, -0.0263612, 0.0)], [0.930905, 0.00966178, -0.365134, 0.0)], [0.365262, -0.0245268, 0.930582, 0.0)], [0.570058, 0.121826, 0.875991, 1.0)]])
0.570058, 0.121826, 0.875991
float3(0.0245293, 0.374032, -1.56113)
88332.757469625
normal
simd_float4x4([[-0.00164202, -0.999309, -0.0371385, 0.0)], [0.915392, 0.0134485, -0.402339, 0.0)], [0.40256, -0.034657, 0.914737, 0.0)], [0.587205, 0.126143, 0.816164, 1.0)]])
0.587205, 0.126143, 0.816164
float3(0.0346639, 0.414576, -1.55734)
88332.957583041
normal
simd_float4x4([[0.02833, -0.998667, -0.0431498, 0.0)], [0.900688, 0.0442252, -0.43221, 0.0)], [0.433542, -0.02662, 0.90074, 0.0)], [0.598877, 0.131463, 0.746349, 1.0)]])
0.598877, 0.131463, 0.746349
float3(0.0266231, 0.448591, -1.52654)
88333.174372333
normal
simd_float4x4([[0.0463515, -0.998565, -0.0268374, 0.0)], [0.897537, 0.0534254, -0.437691, 0.0)], [0.438497, -0.00379992, 0.898725, 0.0)], [0.608226, 0.128918, 0.669233, 1.0)]])
0.608226, 0.128918, 0.669233
float3(0.00379993, 0.453929, -1.51735)
88333.374485541
normal
simd_float4x4([[0.0489779, -0.998307, -0.0313614, 0.0)], [0.896414, 0.0577836, -0.439436, 0.0)], [0.440504, -0.0065902, 0.897726, 0.0)], [0.599938, 0.127378, 0.596056, 1.0)]])
0.599938, 0.127378, 0.596056
float3(0.00659025, 0.456171, -1.51298)
88333.574599041
normal
simd_float4x4([[0.0566877, -0.997829, -0.0335374, 0.0)], [0.906526, 0.0655175, -0.417035, 0.0)], [0.418326, -0.00676178, 0.908272, 0.0)], [0.573279, 0.116619, 0.508445, 1.0)]])
0.573279, 0.116619, 0.508445
float3(0.00676183, 0.431612, -1.50523)
88333.774712375
normal
