ARKit Data
520872.016334041
limited(__ObjC.ARCamera.TrackingState.Reason.initializing)
simd_float4x4([[-0.0911976, -0.848638, 0.521054, 0.0)], [0.995698, -0.0690868, 0.061751, 0.0)], [-0.0164063, 0.524443, 0.851287, 0.0)], [0.0, 0.0, 0.0, 1.0)]])
0.0, 0.0, 0.0
float3(-0.552061, -0.0192699, -1.65203)
520872.354128291
notAvailable
simd_float4x4([[1.0, 0.0, 0.0, 0.0)], [0.0, 1.0, 0.0, 0.0)], [0.0, 0.0, 1.0, 0.0)], [0.0, 0.0, 0.0, 1.0)]])
0.0, 0.0, 0.0
float3(-0.0, 0.0, 0.0)
520872.454145875
notAvailable
simd_float4x4([[1.0, 0.0, 0.0, 0.0)], [0.0, 1.0, 0.0, 0.0)], [0.0, 0.0, 1.0, 0.0)], [0.0, 0.0, 0.0, 1.0)]])
0.0, 0.0, 0.0
float3(-0.0, 0.0, 0.0)
520872.554196375
limited(__ObjC.ARCamera.TrackingState.Reason.initializing)
simd_float4x4([[0.0372674, -0.906309, 0.42097, 0.0)], [0.999203, 0.0398312, -0.00270407, 0.0)], [-0.014317, 0.420735, 0.907071, 0.0)], [0.0, 0.0, 0.0, 1.0)]])
0.0, 0.0, 0.0
float3(-0.434255, -0.0157825, -1.52688)
520872.654247125
limited(__ObjC.ARCamera.TrackingState.Reason.initializing)
simd_float4x4([[0.0820314, -0.916327, 0.391939, 0.0)], [0.995306, 0.0955808, 0.0151472, 0.0)], [-0.0513416, 0.388857, 0.919866, 0.0)], [0.0, 0.0, 0.0, 1.0)]])
0.0, 0.0, 0.0
float3(-0.399391, -0.0557564, -1.46686)
520872.754297625
limited(__ObjC.ARCamera.TrackingState.Reason.initializing)
simd_float4x4([[0.0821152, -0.92783, 0.363852, 0.0)], [0.993977, 0.102831, 0.037897, 0.0)], [-0.0725772, 0.358548, 0.930685, 0.0)], [0.0, 0.0, 0.0, 1.0)]])
0.0, 0.0, 0.0
float3(-0.366712, -0.077825, -1.46042)
520872.854348291
limited(__ObjC.ARCamera.TrackingState.Reason.initializing)
simd_float4x4([[0.0610691, -0.939437, 0.337238, 0.0)], [0.995283, 0.0828292, 0.0505037, 0.0)], [-0.0753781, 0.332563, 0.940064, 0.0)], [0.0, 0.0, 0.0, 1.0)]])
0.0, 0.0, 0.0
float3(-0.33902, -0.0800129, -1.48285)
520872.95439875
limited(__ObjC.ARCamera.TrackingState.Reason.initializing)
simd_float4x4([[0.0442474, -0.945544, 0.322473, 0.0)], [0.995068, 0.0703986, 0.069884, 0.0)], [-0.0887801, 0.31779, 0.943995, 0.0)], [0.0, 0.0, 0.0, 1.0)]])
0.0, 0.0, 0.0
float3(-0.323398, -0.0937713, -1.49648)
520873.054449333
limited(__ObjC.ARCamera.TrackingState.Reason.initializing)
simd_float4x4([[0.0272435, -0.953613, 0.2998, 0.0)], [0.994379, 0.0565507, 0.0895165, 0.0)], [-0.102318, 0.295676, 0.949793, 0.0)], [0.0, 0.0, 0.0, 1.0)]])
0.0, 0.0, 0.0
float3(-0.300163, -0.107313, -1.51156)
520873.154500041
limited(__ObjC.ARCamera.TrackingState.Reason.initializing)
simd_float4x4([[0.00899263, -0.966288, 0.257304, 0.0)], [0.991927, 0.0411694, 0.119942, 0.0)], [-0.126491, 0.254148, 0.958858, 0.0)], [0.0, 0.0, 0.0, 1.0)]])
0.0, 0.0, 0.0
float3(-0.256967, -0.131162, -1.52822)
520873.2545505
limited(__ObjC.ARCamera.TrackingState.Reason.initializing)
simd_float4x4([[-0.00653112, -0.973172, 0.229983, 0.0)], [0.987746, 0.0295856, 0.153241, 0.0)], [-0.155935, 0.228166, 0.961054, 0.0)], [0.0, 0.0, 0.0, 1.0)]])
0.0, 0.0, 0.0
float3(-0.230194, -0.160852, -1.5404)
520873.354601291
limited(__ObjC.ARCamera.TrackingState.Reason.initializing)
simd_float4x4([[-0.0155941, -0.978515, 0.205584, 0.0)], [0.979904, 0.0259366, 0.197778, 0.0)], [-0.198861, 0.204537, 0.958446, 0.0)], [0.0, 0.0, 0.0, 1.0)]])
0.0, 0.0, 0.0
float3(-0.205991, -0.20458, -1.5443)
520873.45465175
limited(__ObjC.ARCamera.TrackingState.Reason.initializing)
simd_float4x4([[-0.0245976, -0.980401, 0.19547, 0.0)], [0.969253, 0.0244984, 0.244844, 0.0)], [-0.244834, 0.195482, 0.949654, 0.0)], [0.0, 0.0, 0.0, 1.0)]])
0.0, 0.0, 0.0
float3(-0.196749, -0.252319, -1.54581)
520873.55470225
limited(__ObjC.ARCamera.TrackingState.Reason.initializing)
simd_float4x4([[-0.0358826, -0.979774, 0.196865, 0.0)], [0.953385, 0.0254988, 0.300678, 0.0)], [-0.299616, 0.198478, 0.933186, 0.0)], [0.0, 0.0, 0.0, 1.0)]])
0.0, 0.0, 0.0
float3(-0.199804, -0.310671, -1.54478)
520873.654753041
limited(__ObjC.ARCamera.TrackingState.Reason.initializing)
simd_float4x4([[-0.0530341, -0.980556, 0.188937, 0.0)], [0.937838, 0.0160794, 0.3467, 0.0)], [-0.342996, 0.195579, 0.91875, 0.0)], [0.0, 0.0, 0.0, 1.0)]])
0.0, 0.0, 0.0
float3(-0.196848, -0.357305, -1.5544)
520873.754803625
limited(__ObjC.ARCamera.TrackingState.Reason.initializing)
simd_float4x4([[-0.0680804, -0.980169, 0.186096, 0.0)], [0.924395, 0.00819607, 0.381348, 0.0)], [-0.375311, 0.197989, 0.905505, 0.0)], [0.0, 0.0, 0.0, 1.0)]])
0.0, 0.0, 0.0
float3(-0.199305, -0.392924, -1.56243)
520873.854854375
limited(__ObjC.ARCamera.TrackingState.Reason.initializing)
simd_float4x4([[-0.0829715, -0.978418, 0.189234, 0.0)], [0.917934, -0.00111188, 0.396732, 0.0)], [-0.38796, 0.206622, 0.898215, 0.0)], [0.0, 0.0, 0.0, 1.0)]])
0.0, 0.0, 0.0
float3(-0.208121, -0.40772, -1.57193)
520873.954904875
limited(__ObjC.ARCamera.TrackingState.Reason.initializing)
simd_float4x4([[-0.0996152, -0.976404, 0.191591, 0.0)], [0.923814, -0.019224, 0.382359, 0.0)], [-0.369655, 0.215083, 0.90393, 0.0)], [0.0, 0.0, 0.0, 1.0)]])
0.0, 0.0, 0.0
float3(-0.216777, -0.388191, -1.59048)
520874.054955708
limited(__ObjC.ARCamera.TrackingState.Reason.initializing)
simd_float4x4([[-0.101122, -0.973968, 0.202866, 0.0)], [0.937339, -0.024934, 0.347525, 0.0)], [-0.333422, 0.225297, 0.91546, 0.0)], [0.0, 0.0, 0.0, 1.0)]])
0.0, 0.0, 0.0
float3(-0.227248, -0.34928, -1.59639)
520874.155006291
limited(__ObjC.ARCamera.TrackingState.Reason.initializing)
simd_float4x4([[-0.0957748, -0.971627, 0.216245, 0.0)], [0.951664, -0.02569, 0.306065, 0.0)], [-0.291827, 0.235107, 0.927123, 0.0)], [0.0, 0.0, 0.0, 1.0)]])
0.0, 0.0, 0.0
float3(-0.237328, -0.304948, -1.59723)
520874.255056958
limited(__ObjC.ARCamera.TrackingState.Reason.initializing)
simd_float4x4([[-0.0743949, -0.974171, 0.213191, 0.0)], [0.9693, -0.0204001, 0.245032, 0.0)], [-0.234355, 0.224875, 0.945781, 0.0)], [0.0, 0.0, 0.0, 1.0)]])
0.0, 0.0, 0.0
float3(-0.226815, -0.242898, -1.59173)
520874.35510775
limited(__ObjC.ARCamera.TrackingState.Reason.initializing)
simd_float4x4([[-0.0559916, -0.973861, 0.220121, 0.0)], [0.985608, -0.0186921, 0.168012, 0.0)], [-0.159506, 0.22636, 0.960891, 0.0)], [0.0, 0.0, 0.0, 1.0)]])
0.0, 0.0, 0.0
float3(-0.228339, -0.164498, -1.58999)
520874.455158208
limited(__ObjC.ARCamera.TrackingState.Reason.initializing)
simd_float4x4([[-0.0409958, -0.976847, 0.209956, 0.0)], [0.996605, -0.0249635, 0.0784519, 0.0)], [-0.0713948, 0.212459, 0.974554, 0.0)], [0.0, 0.0, 0.0, 1.0)]])
0.0, 0.0, 0.0
float3(-0.214091, -0.0731283, -1.59635)
520874.555209083
limited(__ObjC.ARCamera.TrackingState.Reason.initializing)
simd_float4x4([[-0.0155881, -0.980985, 0.193435, 0.0)], [0.999637, -0.0195369, -0.0185231, 0.0)], [0.02195, 0.193076, 0.980934, 0.0)], [0.0, 0.0, 0.0, 1.0)]])
0.0, 0.0, 0.0
float3(-0.194297, 0.0223729, -1.59071)
520874.655259708
limited(__ObjC.ARCamera.TrackingState.Reason.initializing)
simd_float4x4([[0.00549926, -0.983524, 0.180669, 0.0)], [0.992139, -0.0172212, -0.123951, 0.0)], [0.125021, 0.17993, 0.975698, 0.0)], [0.0, 0.0, 0.0, 1.0)]])
0.0, 0.0, 0.0
float3(-0.180915, 0.12744, -1.5883)
520874.755310583
limited(__ObjC.ARCamera.TrackingState.Reason.initializing)
simd_float4x4([[0.0136884, -0.986285, 0.164453, 0.0)], [0.972598, -0.0250404, -0.231139, 0.0)], [0.232088, 0.16311, 0.958917, 0.0)], [0.0, 0.0, 0.0, 1.0)]])
0.0, 0.0, 0.0
float3(-0.163842, 0.237465, -1.59618)
520874.855361125
limited(__ObjC.ARCamera.TrackingState.Reason.initializing)
simd_float4x4([[0.0285512, -0.986327, 0.162278, 0.0)], [0.946509, -0.0255229, -0.321666, 0.0)], [0.321411, 0.162782, 0.932839, 0.0)], [0.0, 0.0, 0.0, 1.0)]])
0.0, 0.0, 0.0
float3(-0.16351, 0.331813, -1.59667)
520874.955411875
limited(__ObjC.ARCamera.TrackingState.Reason.initializing)
simd_float4x4([[0.0445883, -0.98603, 0.160462, 0.0)], [0.926405, -0.0193001, -0.376032, 0.0)], [0.373878, 0.16542, 0.912602, 0.0)], [0.0, 0.0, 0.0, 1.0)]])
0.0, 0.0, 0.0
float3(-0.166184, 0.388826, -1.59037)
520875.055462625
limited(__ObjC.ARCamera.TrackingState.Reason.initializing)
simd_float4x4([[0.0418136, -0.98812, 0.147856, 0.0)], [0.908476, -0.023989, -0.417248, 0.0)], [0.41584, 0.15177, 0.89668, 0.0)], [0.0, 0.0, 0.0, 1.0)]])
0.0, 0.0, 0.0
float3(-0.152359, 0.434234, -1.59507)
520875.155513375
limited(__ObjC.ARCamera.TrackingState.Reason.initializing)
simd_float4x4([[0.035056, -0.991437, 0.125761, 0.0)], [0.897393, -0.0241526, -0.44057, 0.0)], [0.439837, 0.128303, 0.888861, 0.0)], [0.0, 0.0, 0.0, 1.0)]])
0.0, 0.0, 0.0
float3(-0.128657, 0.459505, -1.59515)
520875.255564166
limited(__ObjC.ARCamera.TrackingState.Reason.initializing)
simd_float4x4([[0.0545235, -0.990779, 0.123999, 0.0)], [0.898433, -0.00550835, -0.439075, 0.0)], [0.435711, 0.135345, 0.889848, 0.0)], [0.0, 0.0, 0.0, 1.0)]])
0.0, 0.0, 0.0
float3(-0.135762, 0.455331, -1.57636)
520875.355614958
limited(__ObjC.ARCamera.TrackingState.Reason.initializing)
simd_float4x4([[0.0479205, -0.991818, 0.118293, 0.0)], [0.894682, -0.0100356, -0.446591, 0.0)], [0.444126, 0.127236, 0.88688, 0.0)], [0.0, 0.0, 0.0, 1.0)]])
0.0, 0.0, 0.0
float3(-0.127582, 0.464266, -1.58091)
520875.4556655
limited(__ObjC.ARCamera.TrackingState.Reason.initializing)
simd_float4x4([[0.0316559, -0.992376, 0.119076, 0.0)], [0.894339, -0.0250677, -0.446686, 0.0)], [0.446268, 0.120635, 0.886726, 0.0)], [0.0, 0.0, 0.0, 1.0)]])
0.0, 0.0, 0.0
float3(-0.12093, 0.466265, -1.59605)
520875.555716458
limited(__ObjC.ARCamera.TrackingState.Reason.initializing)
simd_float4x4([[0.0273111, -0.991954, 0.123592, 0.0)], [0.89203, -0.0316138, -0.450867, 0.0)], [0.451148, 0.122562, 0.883989, 0.0)], [0.0, 0.0, 0.0, 1.0)]])
0.0, 0.0, 0.0
float3(-0.12287, 0.471897, -1.60266)
520875.655767166
limited(__ObjC.ARCamera.TrackingState.Reason.initializing)
simd_float4x4([[0.0308049, -0.990289, 0.135546, 0.0)], [0.892474, -0.0338065, -0.449829, 0.0)], [0.450044, 0.134828, 0.882765, 0.0)], [0.0, 0.0, 0.0, 1.0)]])
0.0, 0.0, 0.0
float3(-0.13524, 0.471466, -1.60492)
520875.755818125
limited(__ObjC.ARCamera.TrackingState.Reason.initializing)
simd_float4x4([[0.0312169, -0.989948, 0.13792, 0.0)], [0.89469, -0.0338393, -0.445404, 0.0)], [0.445595, 0.1373, 0.884639, 0.0)], [0.0, 0.0, 0.0, 1.0)]])
0.0, 0.0, 0.0
float3(-0.137735, 0.466605, -1.60497)
520875.855868875
limited(__ObjC.ARCamera.TrackingState.Reason.initializing)
simd_float4x4([[0.0372159, -0.987727, 0.151667, 0.0)], [0.905525, -0.0308579, -0.423169, 0.0)], [0.422657, 0.153087, 0.893263, 0.0)], [0.0, 0.0, 0.0, 1.0)]])
0.0, 0.0, 0.0
float3(-0.153692, 0.441947, -1.60203)
520875.955919791
limited(__ObjC.ARCamera.TrackingState.Reason.initializing)
simd_float4x4([[0.0389846, -0.985148, 0.167197, 0.0)], [0.921631, -0.0292022, -0.386967, 0.0)], [0.386104, 0.16918, 0.906804, 0.0)], [0.0, 0.0, 0.0, 1.0)]])
0.0, 0.0, 0.0
float3(-0.169997, 0.402536, -1.60043)
520876.055970541
limited(__ObjC.ARCamera.TrackingState.Reason.initializing)
simd_float4x4([[0.0292837, -0.983546, 0.178248, 0.0)], [0.935151, -0.0360231, -0.352411, 0.0)], [0.353035, 0.177009, 0.918709, 0.0)], [0.0, 0.0, 0.0, 1.0)]])
0.0, 0.0, 0.0
float3(-0.177946, 0.366876, -1.60741)
520876.15602125
limited(__ObjC.ARCamera.TrackingState.Reason.initializing)
simd_float4x4([[0.026438, -0.982426, 0.184751, 0.0)], [0.947541, -0.0342618, -0.317791, 0.0)], [0.318537, 0.183461, 0.929983, 0.0)], [0.0, 0.0, 0.0, 1.0)]])
0.0, 0.0, 0.0
float3(-0.184506, 0.329995, -1.60566)
520876.256072083
normal
simd_float4x4([[-0.0472822, -0.979197, 0.197326, 0.0)], [0.958902, -0.099825, -0.265597, 0.0)], [0.27977, 0.176658, 0.943674, 0.0)], [0.0761402, -0.00704402, -0.0289217, 1.0)]])
0.0761402, -0.00704402, -0.0289217
float3(-0.17759, 0.288215, -1.67239)
520876.356122791
normal
simd_float4x4([[-0.0550817, -0.978593, 0.198299, 0.0)], [0.968637, -0.100564, -0.227219, 0.0)], [0.242297, 0.179565, 0.95344, 0.0)], [0.171512, -0.0157709, -0.0705196, 1.0)]])
0.171512, -0.0157709, -0.0705196
float3(-0.180544, 0.248861, -1.6732)
520876.45617375
normal
simd_float4x4([[-0.0622219, -0.980171, 0.18813, 0.0)], [0.976872, -0.0984445, -0.189813, 0.0)], [0.20457, 0.171968, 0.963628, 0.0)], [0.266764, -0.0226353, -0.114038, 1.0)]])
0.266764, -0.0226353, -0.114038
float3(-0.172827, 0.209186, -1.6709)
520876.556224541
normal
simd_float4x4([[-0.0730224, -0.981425, 0.177403, 0.0)], [0.982901, -0.100966, -0.153982, 0.0)], [0.169034, 0.163125, 0.972017, 0.0)], [0.358646, -0.0285282, -0.172729, 1.0)]])
0.358646, -0.0285282, -0.172729
float3(-0.163858, 0.172178, -1.67331)
520876.656275375
normal
simd_float4x4([[-0.0709184, -0.984127, 0.162681, 0.0)], [0.98906, -0.0905271, -0.116471, 0.0)], [0.129349, 0.152641, 0.97978, 0.0)], [0.442065, -0.0376637, -0.238615, 1.0)]])
0.442065, -0.0376637, -0.238615
float3(-0.15324, 0.131259, -1.66253)
520876.756326208
normal
simd_float4x4([[-0.0714425, -0.985702, 0.152605, 0.0)], [0.994424, -0.0822867, -0.0659612, 0.0)], [0.0775754, 0.147042, 0.986083, 0.0)], [0.517784, -0.0472156, -0.310506, 1.0)]])
0.517784, -0.0472156, -0.310506
float3(-0.147577, 0.0785085, -1.65408)
520876.856377041
normal
simd_float4x4([[-0.0804132, -0.985367, 0.150287, 0.0)], [0.996576, -0.0823906, -0.00696761, 0.0)], [0.0192479, 0.149212, 0.988618, 0.0)], [0.586785, -0.0502899, -0.383839, 1.0)]])
0.586785, -0.0502899, -0.383839
float3(-0.149772, 0.019467, -1.65422)
520876.956428041
normal
simd_float4x4([[-0.0876194, -0.985473, 0.145483, 0.0)], [0.995499, -0.0813293, 0.0486467, 0.0)], [-0.036108, 0.14909, 0.988164, 0.0)], [0.644695, -0.0519056, -0.4489, 1.0)]])
0.644695, -0.0519056, -0.4489
float3(-0.149648, -0.0365243, -1.65314)
520877.056478833
normal
simd_float4x4([[-0.0917317, -0.985804, 0.140628, 0.0)], [0.991858, -0.0779273, 0.100719, 0.0)], [-0.0883303, 0.148722, 0.984926, 0.0)], [0.696213, -0.0533085, -0.497044, 1.0)]])
0.696213, -0.0533085, -0.497044
float3(-0.149276, -0.0894429, -1.64968)
520877.156529791
normal
simd_float4x4([[-0.0961988, -0.983671, 0.152107, 0.0)], [0.985862, -0.0730986, 0.150773, 0.0)], [-0.137193, 0.164461, 0.976796, 0.0)], [0.737966, -0.0555352, -0.539264, 1.0)]])
0.737966, -0.0555352, -0.539264
float3(-0.165212, -0.139539, -1.64497)
520877.256580625
normal
simd_float4x4([[-0.098203, -0.981549, 0.164068, 0.0)], [0.977371, -0.0640888, 0.20159, 0.0)], [-0.187355, 0.180152, 0.965631, 0.0)], [0.773742, -0.0527989, -0.570993, 1.0)]])
0.773742, -0.0527989, -0.570993
float3(-0.181141, -0.191642, -1.636)
520877.356631541
normal
simd_float4x4([[-0.0839876, -0.985742, 0.145807, 0.0)], [0.978793, -0.0541731, 0.197561, 0.0)], [-0.186846, 0.159307, 0.969386, 0.0)], [0.78839, -0.0423625, -0.5964, 1.0)]])
0.78839, -0.0423625, -0.5964
float3(-0.159989, -0.190411, -1.6257)
520877.456682583
normal
simd_float4x4([[-0.0635219, -0.990242, 0.124039, 0.0)], [0.986923, -0.0438801, 0.155107, 0.0)], [-0.14815, 0.13227, 0.98008, 0.0)], [0.792883, -0.030736, -0.621029, 1.0)]])
0.792883, -0.030736, -0.621029
float3(-0.132659, -0.150026, -1.61508)
520877.556733375
normal
simd_float4x4([[-0.0527474, -0.993315, 0.102682, 0.0)], [0.9965, -0.0456798, 0.0700065, 0.0)], [-0.064848, 0.106016, 0.992248, 0.0)], [0.80276, -0.0225482, -0.643253, 1.0)]])
0.80276, -0.0225482, -0.643253
float3(-0.106215, -0.0652619, -1.61675)
520877.656784375
normal
simd_float4x4([[-0.0453802, -0.995145, 0.0873351, 0.0)], [0.998791, -0.0468546, -0.0149056, 0.0)], [0.0189253, 0.0865531, 0.996067, 0.0)], [0.809709, -0.015997, -0.664679, 1.0)]])
0.809709, -0.015997, -0.664679
float3(-0.0866615, 0.0189977, -1.61784)
520877.756835208
normal
simd_float4x4([[-0.0380692, -0.995275, 0.0893176, 0.0)], [0.993902, -0.0469697, -0.0997644, 0.0)], [0.103488, 0.084975, 0.990994, 0.0)], [0.828801, -0.0162594, -0.694747, 1.0)]])
0.828801, -0.0162594, -0.694747
float3(-0.0850776, 0.104052, -1.61795)
520877.85688625
normal
simd_float4x4([[-0.0341992, -0.994815, 0.0957772, 0.0)], [0.980867, -0.0517875, -0.187666, 0.0)], [0.191653, 0.0875267, 0.977552, 0.0)], [0.854904, -0.0210848, -0.72395, 1.0)]])
0.854904, -0.0210848, -0.72395
float3(-0.0876388, 0.193598, -1.62281)
520877.956937208
normal
simd_float4x4([[-0.0299318, -0.993946, 0.105717, 0.0)], [0.959898, -0.058078, -0.274269, 0.0)], [0.278748, 0.0932682, 0.955824, 0.0)], [0.889666, -0.0270052, -0.754986, 1.0)]])
0.889666, -0.0270052, -0.754986
float3(-0.0934039, 0.283761, -1.62916)
520878.056987916
normal
simd_float4x4([[-0.0278678, -0.994437, 0.101576, 0.0)], [0.933909, -0.0621336, -0.352071, 0.0)], [0.356424, 0.0850513, 0.930445, 0.0)], [0.937336, -0.0333068, -0.780452, 1.0)]])
0.937336, -0.0333068, -0.780452
float3(-0.0851542, 0.365826, -1.6332)
520878.157039
normal
simd_float4x4([[-0.0205805, -0.994961, 0.0981289, 0.0)], [0.907094, -0.0598555, -0.41665, 0.0)], [0.420424, 0.0804374, 0.903755, 0.0)], [0.993515, -0.0392074, -0.807565, 1.0)]])
0.993515, -0.0392074, -0.807565
float3(-0.0805244, 0.43542, -1.63088)
520878.257089916
normal
simd_float4x4([[-0.0163311, -0.995422, 0.0941687, 0.0)], [0.882186, -0.0586743, -0.467232, 0.0)], [0.470618, 0.0754439, 0.879106, 0.0)], [1.05933, -0.0453481, -0.835257, 1.0)]])
1.05933, -0.0453481, -0.835257
float3(-0.0755156, 0.491516, -1.62967)
520878.357141
normal
simd_float4x4([[-0.0124336, -0.995183, 0.0972439, 0.0)], [0.868322, -0.0589713, -0.492482, 0.0)], [0.495844, 0.0783157, 0.864873, 0.0)], [-0.403836, 0.0582676, -0.78556, 1.0)]])
-0.403836, 0.0582676, -0.78556
float3(-0.078396, 0.520567, -1.62998)
520878.457191916
normal
simd_float4x4([[-0.00898742, -0.995041, 0.0990616, 0.0)], [0.859841, -0.0582633, -0.507226, 0.0)], [0.510482, 0.0806186, 0.856101, 0.0)], [-0.31375, 0.0497899, -0.818643, 1.0)]])
-0.31375, 0.0497899, -0.818643
float3(-0.0807062, 0.537685, -1.62928)
520878.557242791
normal
simd_float4x4([[-0.00929653, -0.994852, 0.100911, 0.0)], [0.864118, -0.0587756, -0.499845, 0.0)], [0.503203, 0.0825521, 0.860216, 0.0)], [-0.212519, 0.0419827, -0.855504, 1.0)]])
-0.212519, 0.0419827, -0.855504
float3(-0.0826461, 0.529297, -1.62981)
520878.657293791
normal
simd_float4x4([[-0.0160488, -0.994794, 0.100632, 0.0)], [0.880779, -0.0617023, -0.46949, 0.0)], [0.473255, 0.0810998, 0.877184, 0.0)], [-0.0978804, 0.0343761, -0.895921, 1.0)]])
-0.0978804, 0.0343761, -0.895921
float3(-0.0811889, 0.494759, -1.63274)
520878.757344708
normal
simd_float4x4([[-0.0199576, -0.994682, 0.10104, 0.0)], [0.904773, -0.0609705, -0.421508, 0.0)], [0.425427, 0.083006, 0.901178, 0.0)], [0.0284497, 0.0248525, -0.940686, 1.0)]])
0.0284497, 0.0248525, -0.940686
float3(-0.0831016, 0.441062, -1.63202)
520878.857395833
normal
simd_float4x4([[-0.0244874, -0.994124, 0.105444, 0.0)], [0.92842, -0.0617287, -0.366367, 0.0)], [0.370723, 0.0889254, 0.924476, 0.0)], [0.164417, 0.014616, -0.980507, 1.0)]])
0.164417, 0.014616, -0.980507
float3(-0.089043, 0.381376, -1.63281)
520878.957446708
normal
simd_float4x4([[-0.0346614, -0.99326, 0.110603, 0.0)], [0.951721, -0.0665797, -0.299658, 0.0)], [0.305002, 0.0948763, 0.947614, 0.0)], [0.31057, 0.00520488, -1.00903, 1.0)]])
0.31057, 0.00520488, -1.00903
float3(-0.0950192, 0.311392, -1.63773)
520879.057497541
normal
simd_float4x4([[-0.0423868, -0.992373, 0.115752, 0.0)], [0.973278, -0.0671837, -0.219583, 0.0)], [0.225685, 0.103351, 0.968702, 0.0)], [0.466422, -0.00369979, -1.01999, 1.0)]])
0.466422, -0.00369979, -1.01999
float3(-0.103536, 0.228894, -1.63839)
520879.15754875
normal
simd_float4x4([[-0.052501, -0.99116, 0.12184, 0.0)], [0.989683, -0.0679297, -0.126148, 0.0)], [0.133309, 0.11396, 0.984501, 0.0)], [0.626186, -0.0118014, -1.01727, 1.0)]])
0.626186, -0.0118014, -1.01727
float3(-0.114208, 0.134589, -1.63922)
520879.257599708
normal
simd_float4x4([[-0.0602336, -0.990787, 0.121297, 0.0)], [0.997576, -0.0639931, -0.0273371, 0.0)], [0.0348474, 0.119357, 0.99224, 0.0)], [0.777669, -0.0161299, -1.01107, 1.0)]])
0.777669, -0.0161299, -1.01107
float3(-0.119642, 0.0351055, -1.63529)
520879.357650916
normal
simd_float4x4([[-0.0661018, -0.990463, 0.120891, 0.0)], [0.995894, -0.0579792, 0.0695189, 0.0)], [-0.0618467, 0.12499, 0.990228, 0.0)], [0.91394, -0.0179794, -0.991693, 1.0)]])
0.91394, -0.0179794, -0.991693
float3(-0.125318, -0.062376, -1.62927)
520879.45770175
normal
simd_float4x4([[-0.073942, -0.990377, 0.116991, 0.0)], [0.985257, -0.0543993, 0.162202, 0.0)], [-0.154277, 0.127259, 0.979798, 0.0)], [1.0216, -0.0169348, -0.964724, 1.0)]])
1.0216, -0.0169348, -0.964724
float3(-0.127605, -0.156175, -1.62567)
520879.557752958
normal
simd_float4x4([[-0.0868044, -0.990118, 0.110143, 0.0)], [0.967759, -0.0575666, 0.245209, 0.0)], [-0.236446, 0.127877, 0.963193, 0.0)], [1.08317, -0.0117305, -0.916929, 1.0)]])
1.08317, -0.0117305, -0.916929
float3(-0.128228, -0.240721, -1.62887)
520879.657803916
normal
simd_float4x4([[-0.0889013, -0.990243, 0.107306, 0.0)], [0.94741, -0.0508173, 0.315963, 0.0)], [-0.307427, 0.129752, 0.942684, 0.0)], [1.12857, 0.00128439, -0.871923, 1.0)]])
1.12857, 0.00128439, -0.871923
float3(-0.130119, -0.315244, -1.62207)
520879.757854833
normal
simd_float4x4([[-0.0894817, -0.991736, 0.0919353, 0.0)], [0.927216, -0.0492425, 0.371275, 0.0)], [-0.36368, 0.118466, 0.92396, 0.0)], [1.19485, 0.00758792, -0.844504, 1.0)]])
1.19485, 0.00758792, -0.844504
float3(-0.118745, -0.374986, -1.62041)
520879.857906041
normal
simd_float4x4([[-0.0947602, -0.991433, 0.0898961, 0.0)], [0.910501, -0.0498037, 0.410498, 0.0)], [-0.402504, 0.120749, 0.90742, 0.0)], [1.33424, 0.00846612, -0.851313, 1.0)]])
1.33424, 0.00846612, -0.851313
float3(-0.121045, -0.417493, -1.62099)
520879.957957
normal
simd_float4x4([[-0.0947714, -0.99157, 0.0883594, 0.0)], [0.899093, -0.0471509, 0.43521, 0.0)], [-0.427375, 0.120689, 0.895982, 0.0)], [1.46427, 0.0100668, -0.861495, 1.0)]])
1.46427, 0.0100668, -0.861495
float3(-0.120984, -0.445072, -1.61831)
520880.058008083
normal
simd_float4x4([[-0.0946642, -0.991807, 0.0857701, 0.0)], [0.895117, -0.0470964, 0.443336, 0.0)], [-0.435664, 0.118742, 0.892242, 0.0)], [1.58634, 0.0104701, -0.877945, 1.0)]])
1.58634, 0.0104701, -0.877945
float3(-0.119023, -0.454228, -1.61825)
520880.15805925
normal
simd_float4x4([[-0.0900787, -0.992127, 0.0870098, 0.0)], [0.898196, -0.0431841, 0.43747, 0.0)], [-0.430268, 0.117559, 0.895014, 0.0)], [1.69824, 0.0139098, -0.898249, 1.0)]])
1.69824, 0.0139098, -0.898249
float3(-0.117831, -0.44812, -1.6143)
520880.258110291
normal
simd_float4x4([[-0.0865308, -0.992648, 0.084631, 0.0)], [0.906597, -0.0432405, 0.419775, 0.0)], [-0.413029, 0.11305, 0.903674, 0.0)], [1.80541, 0.0159746, -0.917381, 1.0)]])
1.80541, 0.0159746, -0.917381
float3(-0.113292, -0.428706, -1.61433)
520880.358161375
normal
simd_float4x4([[-0.0842144, -0.993007, 0.082739, 0.0)], [0.920757, -0.0458052, 0.387438, 0.0)], [-0.380938, 0.10881, 0.918175, 0.0)], [1.91013, 0.016298, -0.939419, 1.0)]])
1.91013, 0.016298, -0.939419
float3(-0.109026, -0.393273, -1.61689)
520880.458212416
normal
simd_float4x4([[-0.0767663, -0.992832, 0.0916068, 0.0)], [0.93785, -0.0407154, 0.344644, 0.0)], [-0.338443, 0.11237, 0.934253, 0.0)], [2.00606, 0.0160536, -0.963158, 1.0)]])
2.00606, 0.0160536, -0.963158
float3(-0.112608, -0.347556, -1.61178)
520880.558263458
normal
simd_float4x4([[-0.0712388, -0.992419, 0.100149, 0.0)], [0.957266, -0.039808, 0.286457, 0.0)], [-0.280299, 0.116276, 0.952844, 0.0)], [2.09872, 0.0137885, -0.987011, 1.0)]])
2.09872, 0.0137885, -0.987011
float3(-0.116539, -0.2861, -1.61089)
520880.658314625
normal
simd_float4x4([[-0.0671565, -0.990467, 0.120273, 0.0)], [0.975124, -0.0396337, 0.218087, 0.0)], [-0.211241, 0.131927, 0.96849, 0.0)], [2.18873, 0.00605905, -1.01535, 1.0)]])
2.18873, 0.00605905, -1.01535
float3(-0.132313, -0.214751, -1.61079)
520880.758365625
normal
simd_float4x4([[-0.0648891, -0.986033, 0.153391, 0.0)], [0.987959, -0.0418452, 0.148947, 0.0)], [-0.140448, 0.161209, 0.976875, 0.0)], [2.2765, -0.00411131, -1.04967, 1.0)]])
2.2765, -0.00411131, -1.04967
float3(-0.161916, -0.142794, -1.61321)
520880.858416791
normal
simd_float4x4([[-0.0587209, -0.979552, 0.192429, 0.0)], [0.995227, -0.0423923, 0.0879033, 0.0)], [-0.0779484, 0.196672, 0.977366, 0.0)], [2.36714, -0.0163148, -1.09073, 1.0)]])
2.36714, -0.0163148, -1.09073
float3(-0.197963, -0.0795851, -1.61405)
520880.958468083
normal
simd_float4x4([[-0.0529244, -0.972629, 0.226256, 0.0)], [0.998171, -0.0448942, 0.0404947, 0.0)], [-0.0292288, 0.227986, 0.973226, 0.0)], [2.46109, -0.0261525, -1.13781, 1.0)]])
2.46109, -0.0261525, -1.13781
float3(-0.230008, -0.0300238, -1.61692)
520881.058519083
normal
simd_float4x4([[-0.0476778, -0.969451, 0.240606, 0.0)], [0.998841, -0.0478574, 0.00510023, 0.0)], [0.00657032, 0.24057, 0.970609, 0.0)], [2.55901, -0.0369107, -1.18914, 1.0)]])
2.55901, -0.0369107, -1.18914
float3(-0.242953, 0.00676917, -1.62012)
520881.158570041
normal
simd_float4x4([[-0.0410296, -0.966791, 0.252252, 0.0)], [0.998883, -0.0456082, -0.0123284, 0.0)], [0.0234238, 0.251464, 0.967583, 0.0)], [2.66158, -0.0527223, -1.25484, 1.0)]])
2.66158, -0.0527223, -1.25484
float3(-0.254193, 0.0242038, -1.61794)
520881.258621291
normal
simd_float4x4([[-0.0110157, -0.963945, 0.265875, 0.0)], [0.999562, -0.0179181, -0.0235494, 0.0)], [0.0274643, 0.265499, 0.96372, 0.0)], [2.76132, -0.0694251, -1.33824, 1.0)]])
2.76132, -0.0694251, -1.33824
float3(-0.268721, 0.0284905, -1.58938)
520881.358672375
normal
simd_float4x4([[0.0095574, -0.961429, 0.274888, 0.0)], [0.999875, 0.00572642, -0.0147357, 0.0)], [0.0125932, 0.274995, 0.961363, 0.0)], [2.86465, -0.0765655, -1.42961, 1.0)]])
2.86465, -0.0765655, -1.42961
float3(-0.278584, 0.0130985, -1.56484)
520881.458723541
normal
simd_float4x4([[0.00105147, -0.967937, 0.251191, 0.0)], [0.999999, 0.000840951, -0.000945441, 0.0)], [0.000703875, 0.251192, 0.967937, 0.0)], [2.97488, -0.0720448, -1.51346, 1.0)]])
2.97488, -0.0720448, -1.51346
float3(-0.253912, 0.000727191, -1.56993)
520881.558774708
normal
simd_float4x4([[-0.0244989, -0.973177, 0.228752, 0.0)], [0.999699, -0.0242139, 0.00405253, 0.0)], [0.00159514, 0.228782, 0.973476, 0.0)], [3.09372, -0.0641507, -1.5966, 1.0)]])
3.09372, -0.0641507, -1.5966
float3(-0.230826, 0.0016386, -1.59567)
520881.658825833
normal
simd_float4x4([[-0.0292409, -0.977746, 0.207746, 0.0)], [0.999558, -0.0274766, 0.0113735, 0.0)], [-0.00541221, 0.207987, 0.978117, 0.0)], [3.21634, -0.0578274, -1.67181, 1.0)]])
3.21634, -0.0578274, -1.67181
float3(-0.209516, -0.00553324, -1.59889)
520881.758877
normal
simd_float4x4([[-0.0436258, -0.980546, 0.191379, 0.0)], [0.998947, -0.0400952, 0.0222841, 0.0)], [-0.0141772, 0.19215, 0.981263, 0.0)], [3.35583, -0.0576267, -1.7495, 1.0)]])
3.35583, -0.0576267, -1.7495
float3(-0.193352, -0.0144469, -1.61166)
520881.858928125
normal
simd_float4x4([[-0.0419417, -0.98393, 0.173556, 0.0)], [0.998707, -0.036294, 0.0355889, 0.0)], [-0.028718, 0.174825, 0.984181, 0.0)], [3.49921, -0.0645346, -1.83141, 1.0)]])
3.49921, -0.0645346, -1.83141
float3(-0.175728, -0.0291713, -1.60767)
520881.958979333
normal
simd_float4x4([[-0.0301081, -0.982879, 0.181777, 0.0)], [0.998878, -0.022938, 0.0414189, 0.0)], [-0.0365402, 0.18282, 0.982467, 0.0)], [3.64767, -0.0788093, -1.92519, 1.0)]])
3.64767, -0.0788093, -1.92519
float3(-0.183854, -0.0371752, -1.59413)
520882.0590305
normal
simd_float4x4([[-0.0369241, -0.985224, 0.167242, 0.0)], [0.998839, -0.0312036, 0.0367056, 0.0)], [-0.0309447, 0.168403, 0.985232, 0.0)], [3.80716, -0.0918673, -2.02345, 1.0)]])
3.80716, -0.0918673, -2.02345
float3(-0.169209, -0.0313983, -1.60246)
520882.15908175
normal
simd_float4x4([[-0.0322916, -0.987808, 0.152288, 0.0)], [0.999387, -0.0298537, 0.0182683, 0.0)], [-0.0134992, 0.152785, 0.988167, 0.0)], [3.96249, -0.0949965, -2.13, 1.0)]])
3.96249, -0.0949965, -2.13
float3(-0.153386, -0.01366, -1.60101)
520882.259132916
normal
simd_float4x4([[-0.02637, -0.994182, 0.104435, 0.0)], [0.99947, -0.0282164, -0.016242, 0.0)], [0.0190943, 0.103952, 0.994399, 0.0)], [4.10546, -0.093826, -2.23465, 1.0)]])
4.10546, -0.093826, -2.23465
float3(-0.10414, 0.0191995, -1.59917)
520882.359184
normal
simd_float4x4([[-0.0296455, -0.991279, 0.128405, 0.0)], [0.997801, -0.0369661, -0.0550095, 0.0)], [0.0592764, 0.126492, 0.990195, 0.0)], [4.21659, -0.0980332, -2.36154, 1.0)]])
4.21659, -0.0980332, -2.36154
float3(-0.126831, 0.059792, -1.60807)
520882.459235125
normal
simd_float4x4([[-0.00573138, -0.988738, 0.149546, 0.0)], [0.995567, -0.0196817, -0.0919717, 0.0)], [0.0938793, 0.148356, 0.984468, 0.0)], [4.30621, -0.100111, -2.48734, 1.0)]])
4.30621, -0.100111, -2.48734
float3(-0.148906, 0.0950729, -1.5907)
520882.559286416
normal
simd_float4x4([[0.0293223, -0.98848, 0.148486, 0.0)], [0.991652, 0.0101061, -0.128549, 0.0)], [0.125568, 0.151016, 0.980524, 0.0)], [4.01838, -0.0898124, -2.74161, 1.0)]])
4.01838, -0.0898124, -2.74161
float3(-0.151596, 0.127369, -1.56057)
520882.659337625
normal
simd_float4x4([[0.0501685, -0.986254, 0.157435, 0.0)], [0.987671, 0.0255881, -0.154436, 0.0)], [0.148285, 0.163241, 0.975379, 0.0)], [3.30807, -0.0821137, -3.09897, 1.0)]])
3.30807, -0.0821137, -3.09897
float3(-0.163975, 0.150873, -1.54486)
520882.759388791
normal
simd_float4x4([[0.0838599, -0.987586, 0.132824, 0.0)], [0.987123, 0.0641103, -0.146553, 0.0)], [0.136218, 0.143403, 0.980245, 0.0)], [2.54823, -0.0994861, -3.57596, 1.0)]])
2.54823, -0.0994861, -3.57596
float3(-0.143899, 0.138079, -1.50597)
520882.859439833
limited(__ObjC.ARCamera.TrackingState.Reason.insufficientFeatures)
simd_float4x4([[0.0973772, -0.986121, 0.13447, 0.0)], [0.987632, 0.0790628, -0.135399, 0.0)], [0.122889, 0.145992, 0.981623, 0.0)], [1.8532, -0.0733441, -3.66017, 1.0)]])
1.8532, -0.0733441, -3.66017
float3(-0.146516, 0.124541, -1.49079)
520882.95949125
limited(__ObjC.ARCamera.TrackingState.Reason.insufficientFeatures)
simd_float4x4([[0.083261, -0.990189, 0.112223, 0.0)], [0.989322, 0.0686146, -0.128588, 0.0)], [0.119626, 0.121731, 0.985328, 0.0)], [1.69168, -0.050718, -3.52595, 1.0)]])
1.69168, -0.050718, -3.52595
float3(-0.122034, 0.120816, -1.50161)
520883.059542333
normal
simd_float4x4([[0.0607299, -0.991433, 0.115643, 0.0)], [0.993362, 0.0486914, -0.104221, 0.0)], [0.0976974, 0.121205, 0.987808, 0.0)], [1.62856, -0.0210559, -3.41904, 1.0)]])
1.62856, -0.0210559, -3.41904
float3(-0.121504, 0.0985826, -1.52172)
520883.159593666
normal
simd_float4x4([[0.057134, -0.991549, 0.116478, 0.0)], [0.994063, 0.045678, -0.098755, 0.0)], [0.0925999, 0.121429, 0.988271, 0.0)], [1.60567, -0.0112828, -3.36778, 1.0)]])
1.60567, -0.0112828, -3.36778
float3(-0.121729, 0.0934261, -1.52476)
520883.259644958
normal
simd_float4x4([[0.0606758, -0.99359, 0.0953822, 0.0)], [0.993761, 0.0511734, -0.0990945, 0.0)], [0.0935782, 0.1008, 0.990496, 0.0)], [1.5675, -0.0100924, -3.35201, 1.0)]])
1.5675, -0.0100924, -3.35201
float3(-0.100971, 0.0941965, -1.51934)
520883.359696208
normal
simd_float4x4([[0.0739252, -0.995093, 0.0657651, 0.0)], [0.990302, 0.065471, -0.122536, 0.0)], [0.117629, 0.0741858, 0.990283, 0.0)], [1.53994, -0.00810313, -3.35793, 1.0)]])
1.53994, -0.00810313, -3.35793
float3(-0.074254, 0.118229, -1.5051)
520883.459747416
normal
simd_float4x4([[0.0587248, -0.996225, 0.0639344, 0.0)], [0.988944, 0.0493209, -0.139845, 0.0)], [0.136164, 0.0714399, 0.988107, 0.0)], [1.52369, 0.00657368, -3.38068, 1.0)]])
1.52369, 0.00657368, -3.38068
float3(-0.0715008, 0.13694, -1.52133)
520883.5597985
normal
simd_float4x4([[0.0607175, -0.99672, 0.0535099, 0.0)], [0.989153, 0.0528998, -0.137033, 0.0)], [0.133753, 0.0612499, 0.98912, 0.0)], [1.50613, 0.018908, -3.39912, 1.0)]])
1.50613, 0.018908, -3.39912
float3(-0.0612882, 0.134409, -1.51777)
520883.659849833
normal
simd_float4x4([[0.0576221, -0.995809, 0.0710159, 0.0)], [0.986863, 0.0460612, -0.154853, 0.0)], [0.150933, 0.0790059, 0.985382, 0.0)], [1.4957, 0.0167641, -3.43203, 1.0)]])
1.4957, 0.0167641, -3.43203
float3(-0.0790884, 0.151991, -1.52457)
520883.759901166
normal
simd_float4x4([[0.0614432, -0.995635, 0.0702594, 0.0)], [0.985567, 0.0493957, -0.161919, 0.0)], [0.157741, 0.0791942, 0.9843, 0.0)], [1.48543, 0.00545829, -3.47742, 1.0)]])
1.48543, 0.00545829, -3.47742
float3(-0.0792772, 0.158906, -1.52122)
520883.859952416
normal
simd_float4x4([[0.0692751, -0.994199, 0.0822792, 0.0)], [0.986114, 0.0557659, -0.156429, 0.0)], [0.150933, 0.0919732, 0.984256, 0.0)], [1.47252, -0.00963773, -3.56104, 1.0)]])
1.47252, -0.00963773, -3.56104
float3(-0.0921034, 0.152162, -1.51476)
520883.960003666
normal
simd_float4x4([[0.0610274, -0.995617, 0.0708675, 0.0)], [0.989099, 0.0507897, -0.138216, 0.0)], [0.134011, 0.07853, 0.987863, 0.0)], [1.4516, -0.0172419, -3.66557, 1.0)]])
1.4516, -0.0172419, -3.66557
float3(-0.0786109, 0.134834, -1.51983)
520884.060054833
normal
simd_float4x4([[0.0531225, -0.995587, 0.0773647, 0.0)], [0.992947, 0.0444405, -0.109914, 0.0)], [0.105991, 0.0826579, 0.990925, 0.0)], [1.4302, -0.0108193, -3.77192, 1.0)]])
1.4302, -0.0108193, -3.77192
float3(-0.0827523, 0.106556, -1.52619)
520884.160106208
normal
simd_float4x4([[0.0431362, -0.996649, 0.0694999, 0.0)], [0.995884, 0.0373441, -0.0825861, 0.0)], [0.0797139, 0.0727763, 0.994158, 0.0)], [1.41669, 0.00382152, -3.85869, 1.0)]])
1.41669, 0.00382152, -3.85869
float3(-0.0728407, 0.0800112, -1.53334)
520884.2601575
normal
simd_float4x4([[0.0239039, -0.99531, 0.0937361, 0.0)], [0.998086, 0.0184105, -0.0590375, 0.0)], [0.0570349, 0.0949679, 0.993845, 0.0)], [1.4125, 0.00657254, -3.94416, 1.0)]])
1.4125, 0.00657254, -3.94416
float3(-0.0951113, 0.0573252, -1.5523)
520884.360208791
normal
simd_float4x4([[-0.0207343, -0.995338, 0.0941968, 0.0)], [0.996257, -0.0284777, -0.0816183, 0.0)], [0.0839202, 0.0921519, 0.992202, 0.0)], [1.41289, -0.00648453, -4.03162, 1.0)]])
1.41289, -0.00648453, -4.03162
float3(-0.0922828, 0.084379, -1.5994)
520884.460260125
normal
simd_float4x4([[-0.013214, -0.994715, 0.101824, 0.0)], [0.994305, -0.0238413, -0.103871, 0.0)], [0.10575, 0.0998714, 0.989365, 0.0)], [1.41056, -0.0197204, -4.12147, 1.0)]])
1.41056, -0.0197204, -4.12147
float3(-0.100038, 0.106482, -1.59476)
520884.5603115
normal
simd_float4x4([[-0.00419185, -0.995437, 0.0953299, 0.0)], [0.989016, -0.0182123, -0.146684, 0.0)], [0.147751, 0.093668, 0.984579, 0.0)], [1.4114, -0.0275213, -4.21567, 1.0)]])
1.4114, -0.0275213, -4.21567
float3(-0.0938055, 0.148953, -1.58909)
520884.660362666
normal
simd_float4x4([[-0.00726662, -0.995825, 0.0909926, 0.0)], [0.984985, -0.0228237, -0.171123, 0.0)], [0.172485, 0.0883829, 0.981039, 0.0)], [1.41578, -0.0289967, -4.30931, 1.0)]])
1.41578, -0.0289967, -4.30931
float3(-0.0884984, 0.17404, -1.59371)
520884.760413875
normal
simd_float4x4([[-0.00393971, -0.993845, 0.110705, 0.0)], [0.979728, -0.0260103, -0.198638, 0.0)], [0.200295, 0.107679, 0.9738, 0.0)], [1.42024, -0.0152496, -4.4004, 1.0)]])
1.42024, -0.0152496, -4.4004
float3(-0.107888, 0.202855, -1.59696)
520884.86046525
normal
simd_float4x4([[-0.00833457, -0.995849, 0.0906337, 0.0)], [0.977184, -0.0273479, -0.210628, 0.0)], [0.212232, 0.0868102, 0.973356, 0.0)], [1.41823, -0.00945631, -4.47384, 1.0)]])
1.41823, -0.00945631, -4.47384
float3(-0.0869197, 0.214682, -1.59825)
520884.9605165
normal
simd_float4x4([[0.0284779, -0.99506, 0.0951011, 0.0)], [0.975209, 0.00677057, -0.221184, 0.0)], [0.219447, 0.0990423, 0.970584, 0.0)], [1.41388, -0.0140549, -4.55692, 1.0)]])
1.41388, -0.0140549, -4.55692
float3(-0.0992049, 0.222359, -1.56399)
520885.060567958
normal
simd_float4x4([[0.0567874, -0.992223, 0.110761, 0.0)], [0.974279, 0.0308419, -0.223226, 0.0)], [0.218074, 0.120588, 0.968453, 0.0)], [1.40408, -0.0309924, -4.65587, 1.0)]])
1.40408, -0.0309924, -4.65587
float3(-0.120882, 0.221484, -1.53972)
520885.160619125
normal
simd_float4x4([[0.0551132, -0.991906, 0.114389, 0.0)], [0.974018, 0.0282058, -0.224705, 0.0)], [0.21966, 0.123801, 0.967689, 0.0)], [1.39289, -0.042679, -4.75594, 1.0)]])
1.39289, -0.042679, -4.75594
float3(-0.124119, 0.223212, -1.54237)
520885.260670541
normal
simd_float4x4([[0.0625068, -0.992878, 0.101424, 0.0)], [0.982732, 0.043496, -0.179851, 0.0)], [0.174159, 0.110914, 0.978451, 0.0)], [1.3778, -0.0453508, -4.84847, 1.0)]])
1.3778, -0.0453508, -4.84847
float3(-0.111143, 0.17615, -1.52702)
520885.360721833
normal
simd_float4x4([[0.0569079, -0.990198, 0.127549, 0.0)], [0.988825, 0.0382692, -0.144085, 0.0)], [0.137791, 0.134323, 0.981311, 0.0)], [1.37102, -0.0417052, -4.94561, 1.0)]])
1.37102, -0.0417052, -4.94561
float3(-0.13473, 0.139503, -1.53217)
520885.460773083
normal
simd_float4x4([[0.0547344, -0.98701, 0.151048, 0.0)], [0.992581, 0.037335, -0.115714, 0.0)], [0.108571, 0.156261, 0.98173, 0.0)], [1.3652, -0.0339747, -5.03383, 1.0)]])
1.3652, -0.0339747, -5.03383
float3(-0.156904, 0.110144, -1.53299)
520885.560824583
normal
simd_float4x4([[0.0188188, -0.984798, 0.172682, 0.0)], [0.998049, 0.00821982, -0.0618897, 0.0)], [0.0595295, 0.17351, 0.983031, 0.0)], [1.36666, -0.0353811, -5.11359, 1.0)]])
1.36666, -0.0353811, -5.11359
float3(-0.174392, 0.0604832, -1.56245)
520885.660875833
normal
simd_float4x4([[-0.0105079, -0.986375, 0.164175, 0.0)], [0.998919, -0.0177884, -0.0429385, 0.0)], [0.0452738, 0.163546, 0.985496, 0.0)], [1.37314, -0.0492337, -5.19062, 1.0)]])
1.37314, -0.0492337, -5.19062
float3(-0.164284, 0.0459079, -1.58883)
520885.76092725
normal
simd_float4x4([[-0.0183249, -0.989086, 0.146198, 0.0)], [0.998732, -0.0249642, -0.0437078, 0.0)], [0.0468805, 0.145212, 0.988289, 0.0)], [1.37499, -0.0654846, -5.27806, 1.0)]])
1.37499, -0.0654846, -5.27806
float3(-0.145727, 0.0474005, -1.59603)
520885.860978541
normal
simd_float4x4([[-0.0130164, -0.988785, 0.148779, 0.0)], [0.998255, -0.0214199, -0.0550211, 0.0)], [0.0575909, 0.147803, 0.987339, 0.0)], [1.37425, -0.073871, -5.36884, 1.0)]])
1.37425, -0.073871, -5.36884
float3(-0.148346, 0.0582634, -1.59246)
520885.961029791
normal
simd_float4x4([[-0.0183802, -0.977683, 0.209281, 0.0)], [0.996657, -0.0345823, -0.0740239, 0.0)], [0.0796093, 0.207221, 0.97505, 0.0)], [1.37272, -0.0610699, -5.46525, 1.0)]])
1.37272, -0.0610699, -5.46525
float3(-0.208733, 0.0814658, -1.60615)
520886.061081333
normal
simd_float4x4([[-0.0324906, -0.986081, 0.163059, 0.0)], [0.993219, -0.0500755, -0.104921, 0.0)], [0.111626, 0.158544, 0.981022, 0.0)], [1.35544, -0.0492229, -5.52836, 1.0)]])
1.35544, -0.0492229, -5.52836
float3(-0.159216, 0.113298, -1.62154)
520886.161132583
normal
simd_float4x4([[0.019678, -0.985286, 0.16978, 0.0)], [0.992312, -0.00150656, -0.123755, 0.0)], [0.12219, 0.17091, 0.977681, 0.0)], [1.32701, -0.0524727, -5.60804, 1.0)]])
1.32701, -0.0524727, -5.60804
float3(-0.171753, 0.124335, -1.57233)
520886.261184041
normal
simd_float4x4([[0.0342394, -0.983168, 0.179468, 0.0)], [0.990339, 0.00923338, -0.138357, 0.0)], [0.134371, 0.182471, 0.973986, 0.0)], [1.30882, -0.069422, -5.70085, 1.0)]])
1.30882, -0.069422, -5.70085
float3(-0.183499, 0.137095, -1.56141)
520886.361235416
normal
simd_float4x4([[0.0324643, -0.984448, 0.172649, 0.0)], [0.993736, 0.0133107, -0.110961, 0.0)], [0.106937, 0.175169, 0.978713, 0.0)], [1.29184, -0.0757475, -5.80256, 1.0)]])
1.29184, -0.0757475, -5.80256
float3(-0.176078, 0.108831, -1.55728)
520886.461286833
normal
simd_float4x4([[0.00653362, -0.986944, 0.160933, 0.0)], [0.9982, -0.00315654, -0.0598833, 0.0)], [0.0596095, 0.161034, 0.985147, 0.0)], [1.28413, -0.0714622, -5.89878, 1.0)]])
1.28413, -0.0714622, -5.89878
float3(-0.161739, 0.0604345, -1.57399)
520886.561338166
normal
simd_float4x4([[-0.00293782, -0.985649, 0.168781, 0.0)], [0.999995, -0.0030889, -0.00063256, 0.0)], [0.00114481, 0.168778, 0.985653, 0.0)], [1.2846, -0.0500951, -5.99798, 1.0)]])
1.2846, -0.0500951, -5.99798
float3(-0.16959, 0.00116148, -1.57393)
520886.6613895
normal
simd_float4x4([[-0.00301789, -0.984675, 0.174374, 0.0)], [0.999069, 0.00453355, 0.0428914, 0.0)], [-0.0430247, 0.174341, 0.983745, 0.0)], [1.29216, -0.0410184, -6.08536, 1.0)]])
1.29216, -0.0410184, -6.08536
float3(-0.175237, -0.0437077, -1.56619)
520886.761440833
normal
simd_float4x4([[-0.0267293, -0.985363, 0.168362, 0.0)], [0.998125, -0.0170312, 0.0587855, 0.0)], [-0.0550576, 0.169618, 0.983971, 0.0)], [1.29995, -0.0483816, -6.17795, 1.0)]])
1.29995, -0.0483816, -6.17795
float3(-0.170442, -0.0558962, -1.58808)
520886.861492333
normal
simd_float4x4([[-0.0281272, -0.986679, 0.160226, 0.0)], [0.998597, -0.0205429, 0.048796, 0.0)], [-0.0448545, 0.161374, 0.985873, 0.0)], [1.30474, -0.0618968, -6.27573, 1.0)]])
1.30474, -0.0618968, -6.27573
