ARKit Data
547377.548800458
normal
simd_float4x4([[0.0156522, -0.999824, -0.0103085, 0.0)], [0.0596253, 0.0112247, -0.998158, 0.0)], [0.998098, 0.0150087, 0.0597905, 0.0)], [-0.0461211, 0.455201, -0.758546, 1.0)]])
-0.0461211, 0.455201, -0.758546
float3(-0.0150092, 1.51096, -1.55957)
547377.782108791
normal
simd_float4x4([[0.00484982, -0.999972, -0.00570356, 0.0)], [0.0709391, 0.0060333, -0.997463, 0.0)], [0.997469, 0.00443291, 0.0709664, 0.0)], [-0.0508691, 0.45412, -0.757054, 1.0)]])
-0.0508691, 0.45412, -0.757054
float3(-0.00443292, 1.49977, -1.56476)
547378.575521333
notAvailable
simd_float4x4([[0.179993, 0.0, 0.983668, 0.0)], [0.0, 1.0, 0.0, 0.0)], [-0.983668, 0.0, 0.179993, 0.0)], [0.00196353, -0.0438236, 0.0650606, 1.0)]])
0.00196353, -0.0438236, 0.0650606
float3(-0.0, -1.38982, 0.0)
547378.792165
limited(__ObjC.ARCamera.TrackingState.Reason.initializing)
simd_float4x4([[0.018416, -0.997458, -0.0688269, 0.0)], [0.99983, 0.0184409, 0.000272787, 0.0)], [0.000997145, -0.0688202, 0.997628, 0.0)], [0.0, 0.0, 0.0, 1.0)]])
0.0, 0.0, 0.0
float3(0.0688747, 0.000999515, -1.55231)
547379.008808458
limited(__ObjC.ARCamera.TrackingState.Reason.initializing)
simd_float4x4([[0.0155982, -0.997077, -0.074795, 0.0)], [0.999868, 0.0158965, -0.0033939, 0.0)], [0.00457295, -0.0747322, 0.997193, 0.0)], [0.0, 0.0, 0.0, 1.0)]])
0.0, 0.0, 0.0
float3(0.0748019, 0.00458579, -1.55485)
547379.225451875
limited(__ObjC.ARCamera.TrackingState.Reason.initializing)
simd_float4x4([[0.0194436, -0.994948, -0.0984766, 0.0)], [0.999809, 0.0195387, -1.26951e-06, 0.0)], [0.0019254, -0.0984578, 0.995138, 0.0)], [0.0, 0.0, 0.0, 1.0)]])
0.0, 0.0, 0.0
float3(0.0986176, 0.00193481, -1.55116)
547379.442095291
normal
simd_float4x4([[0.0330727, -0.990896, -0.130502, 0.0)], [0.999384, 0.0312587, 0.0159247, 0.0)], [-0.0117004, -0.130949, 0.99132, 0.0)], [0.0, 7.45058e-09, -3.72529e-09, 1.0)]])
0.0, 7.45058e-09, -3.72529e-09
float3(0.131326, -0.0118023, -1.53926)
547379.658738666
normal
simd_float4x4([[0.0287269, -0.979476, -0.199503, 0.0)], [0.99917, 0.0223746, 0.0340228, 0.0)], [-0.0288607, -0.200315, 0.979306, 0.0)], [-0.00576695, 0.0239272, -0.0152849, 1.0)]])
-0.00576695, 0.0239272, -0.0152849
float3(0.20168, -0.029462, -1.54796)
547379.892046875
normal
simd_float4x4([[0.0332501, -0.967497, -0.250687, 0.0)], [0.998699, 0.0224596, 0.0457829, 0.0)], [-0.0386645, -0.251883, 0.966985, 0.0)], [-0.0172421, 0.0505591, -0.0458792, 1.0)]])
-0.0172421, 0.0505591, -0.0458792
float3(0.254626, -0.0399633, -1.54759)
547380.125355333
normal
simd_float4x4([[0.0234624, -0.948902, -0.314696, 0.0)], [0.996898, -0.00144823, 0.0786912, 0.0)], [-0.075126, -0.315566, 0.945925, 0.0)], [-0.0429855, 0.0691263, -0.0601672, 1.0)]])
-0.0429855, 0.0691263, -0.0601672
float3(0.321053, -0.0792543, -1.57232)
547380.341998666
normal
simd_float4x4([[0.0295117, -0.942407, -0.333162, 0.0)], [0.993532, -0.0089054, 0.113198, 0.0)], [-0.109646, -0.334348, 0.93605, 0.0)], [-0.0655082, 0.0684106, -0.0781288, 1.0)]])
-0.0655082, 0.0684106, -0.0781288
float3(0.340914, -0.116605, -1.58025)
547380.558641958
normal
simd_float4x4([[0.0507492, -0.935936, -0.348494, 0.0)], [0.989507, -0.000145541, 0.144487, 0.0)], [-0.135282, -0.352169, 0.926108, 0.0)], [-0.072212, 0.0667584, -0.0845154, 1.0)]])
-0.072212, 0.0667584, -0.0845154
float3(0.359888, -0.14505, -1.57095)
547380.791950208
normal
simd_float4x4([[0.0597131, -0.948427, -0.311319, 0.0)], [0.987502, 0.0105563, 0.15725, 0.0)], [-0.145854, -0.316818, 0.937205, 0.0)], [-0.0708654, 0.0634517, -0.095305, 1.0)]])
-0.0708654, 0.0634517, -0.095305
float3(0.322373, -0.154388, -1.55967)
547381.025258583
normal
simd_float4x4([[0.0675079, -0.951141, -0.301287, 0.0)], [0.986397, 0.0182626, 0.163363, 0.0)], [-0.149879, -0.308217, 0.939435, 0.0)], [-0.0675942, 0.0635285, -0.0966908, 1.0)]])
-0.0675942, 0.0635285, -0.0966908
float3(0.313318, -0.158209, -1.5516)
547381.241901916
normal
simd_float4x4([[0.0633591, -0.952116, -0.299099, 0.0)], [0.986698, 0.0148037, 0.161891, 0.0)], [-0.149711, -0.305378, 0.940389, 0.0)], [-0.0671814, 0.0630141, -0.0949961, 1.0)]])
-0.0671814, 0.0630141, -0.0949961
float3(0.310335, -0.157876, -1.55525)
547381.458545458
normal
simd_float4x4([[0.0588459, -0.948703, -0.310645, 0.0)], [0.98785, 0.0105025, 0.155056, 0.0)], [-0.143839, -0.315995, 0.937794, 0.0)], [-0.0702195, 0.0643608, -0.0894121, 1.0)]])
-0.0702195, 0.0643608, -0.0894121
float3(0.321505, -0.152194, -1.55973)
547381.691853791
normal
simd_float4x4([[0.0516655, -0.94921, -0.310373, 0.0)], [0.987939, 0.00315268, 0.154813, 0.0)], [-0.145971, -0.314628, 0.937924, 0.0)], [-0.0702706, 0.0647681, -0.0910099, 1.0)]])
-0.0702706, 0.0647681, -0.0910099
float3(0.320065, -0.154394, -1.56747)
547381.908497125
normal
simd_float4x4([[0.053285, -0.949431, -0.309422, 0.0)], [0.98697, 0.00296168, 0.160876, 0.0)], [-0.151824, -0.313963, 0.937217, 0.0)], [-0.0701015, 0.0650196, -0.0926118, 1.0)]])
-0.0701015, 0.0650196, -0.0926118
float3(0.319364, -0.1606, -1.56768)
547382.125140541
normal
simd_float4x4([[0.0516081, -0.9489, -0.311329, 0.0)], [0.986836, 0.000611225, 0.161722, 0.0)], [-0.153268, -0.315576, 0.93644, 0.0)], [-0.0705066, 0.0660457, -0.092273, 1.0)]])
-0.0705066, 0.0660457, -0.092273
float3(0.321064, -0.162233, -1.57015)
547382.358448791
normal
simd_float4x4([[0.0561052, -0.947492, -0.314818, 0.0)], [0.986634, 0.0042984, 0.162896, 0.0)], [-0.152989, -0.31975, 0.935069, 0.0)], [-0.0717323, 0.0663361, -0.0916727, 1.0)]])
-0.0717323, 0.0663361, -0.0916727
float3(0.325465, -0.162176, -1.56626)
547382.575092291
normal
simd_float4x4([[0.0541366, -0.949192, -0.310005, 0.0)], [0.986959, 0.00373169, 0.160928, 0.0)], [-0.151595, -0.314674, 0.937016, 0.0)], [-0.0712903, 0.0662964, -0.0928473, 1.0)]])
-0.0712903, 0.0662964, -0.0928473
float3(0.320113, -0.160395, -1.56686)
547382.79173575
normal
simd_float4x4([[0.0561722, -0.949395, -0.30902, 0.0)], [0.986522, 0.00513471, 0.16355, 0.0)], [-0.153687, -0.314042, 0.936887, 0.0)], [-0.0715668, 0.0657918, -0.0923249, 1.0)]])
-0.0715668, 0.0657918, -0.0923249
float3(0.319447, -0.162592, -1.56539)
547383.025043875
normal
simd_float4x4([[0.0555865, -0.951346, -0.303068, 0.0)], [0.986803, 0.00611162, 0.161808, 0.0)], [-0.152083, -0.308063, 0.939132, 0.0)], [-0.068671, 0.0703312, -0.0882485, 1.0)]])
-0.068671, 0.0703312, -0.0882485
float3(0.313156, -0.160546, -1.56437)
547383.241687416
normal
simd_float4x4([[0.0450622, -0.95534, -0.292052, 0.0)], [0.993196, 0.0114193, 0.115891, 0.0)], [-0.107381, -0.295287, 0.949355, 0.0)], [-0.0559261, 0.0687834, -0.0694831, 1.0)]])
-0.0559261, 0.0687834, -0.0694831
float3(0.299756, -0.11263, -1.55884)
547383.474995458
normal
simd_float4x4([[0.0544542, -0.953739, -0.295663, 0.0)], [0.994038, 0.0237682, 0.106408, 0.0)], [-0.0944581, -0.299695, 0.949347, 0.0)], [-0.0528516, 0.0661115, -0.0300805, 1.0)]])
-0.0528516, 0.0661115, -0.0300805
float3(0.304373, -0.0991715, -1.54588)
547383.691639041
normal
simd_float4x4([[0.0509907, -0.954338, -0.294346, 0.0)], [0.992723, 0.016241, 0.119316, 0.0)], [-0.109087, -0.298288, 0.948221, 0.0)], [-0.068339, 0.0655517, 0.00469699, 1.0)]])
-0.068339, 0.0655517, 0.00469699
float3(0.302899, -0.114541, -1.55378)
547383.908282458
normal
simd_float4x4([[0.0427244, -0.961785, -0.270454, 0.0)], [0.988439, 0.00127402, 0.151616, 0.0)], [-0.145478, -0.273804, 0.950719, 0.0)], [-0.0954223, 0.0666885, 0.0373353, 1.0)]])
-0.0954223, 0.0666885, 0.0373353
float3(0.277346, -0.151841, -1.56947)
547384.124926
normal
simd_float4x4([[0.0338558, -0.966943, -0.252735, 0.0)], [0.984659, -0.0110399, 0.17414, 0.0)], [-0.171174, -0.254754, 0.951735, 0.0)], [-0.11908, 0.0621311, 0.0742866, 1.0)]])
-0.11908, 0.0621311, 0.0742866
float3(0.257593, -0.177952, -1.58221)
547384.358234333
normal
simd_float4x4([[0.0376771, -0.960969, -0.274079, 0.0)], [0.982923, -0.0137984, 0.183501, 0.0)], [-0.18012, -0.276312, 0.944038, 0.0)], [-0.131891, 0.0658846, 0.124557, 1.0)]])
-0.131891, 0.0658846, 0.124557
float3(0.279954, -0.188532, -1.58515)
547384.574877625
normal
simd_float4x4([[0.0326539, -0.955109, -0.29445, 0.0)], [0.984692, -0.0197243, 0.17318, 0.0)], [-0.171214, -0.295598, 0.939844, 0.0)], [-0.121341, 0.0689572, 0.157999, 1.0)]])
-0.121341, 0.0689572, 0.157999
float3(0.300081, -0.180196, -1.59144)
547384.808185958
normal
simd_float4x4([[0.0256811, -0.961491, -0.273636, 0.0)], [0.987844, -0.0175708, 0.15445, 0.0)], [-0.15331, -0.274276, 0.949352, 0.0)], [-0.111242, 0.0704833, 0.161054, 1.0)]])
-0.111242, 0.0704833, 0.161054
float3(0.277837, -0.160107, -1.58907)
547385.041494125
normal
simd_float4x4([[0.0341996, -0.96004, -0.277764, 0.0)], [0.9884, -0.00865913, 0.151625, 0.0)], [-0.147972, -0.279728, 0.948608, 0.0)], [-0.109701, 0.0691663, 0.155211, 1.0)]])
-0.109701, 0.0691663, 0.155211
float3(0.28351, -0.154741, -1.57982)
547385.274802583
normal
simd_float4x4([[0.0428346, -0.958115, -0.283161, 0.0)], [0.988812, 0.00012266, 0.149165, 0.0)], [-0.142883, -0.286383, 0.947401, 0.0)], [-0.114015, 0.0710242, 0.148067, 1.0)]])
-0.114015, 0.0710242, 0.148067
float3(0.29045, -0.149687, -1.57067)
547385.508110708
normal
simd_float4x4([[0.0413884, -0.959509, -0.278622, 0.0)], [0.988767, -0.00075057, 0.149463, 0.0)], [-0.14362, -0.281679, 0.948699, 0.0)], [-0.115191, 0.0703356, 0.14021, 1.0)]])
-0.115191, 0.0703356, 0.14021
float3(0.285543, -0.150245, -1.57158)
547385.741419125
normal
simd_float4x4([[0.0428432, -0.958696, -0.281186, 0.0)], [0.988618, 5.45395e-05, 0.150446, 0.0)], [-0.144216, -0.284432, 0.947787, 0.0)], [-0.116161, 0.07019, 0.141408, 1.0)]])
-0.116161, 0.07019, 0.141408
float3(0.288413, -0.151003, -1.57074)
547385.958062583
normal
simd_float4x4([[0.0419153, -0.959222, -0.279527, 0.0)], [0.988221, -0.00141073, 0.153026, 0.0)], [-0.14718, -0.282649, 0.947865, 0.0)], [-0.115431, 0.0694546, 0.142716, 1.0)]])
-0.115431, 0.0694546, 0.142716
float3(0.286554, -0.154045, -1.57227)
547386.191370833
normal
simd_float4x4([[0.0418926, -0.95918, -0.279675, 0.0)], [0.987872, -0.00212204, 0.155252, 0.0)], [-0.149508, -0.282787, 0.947459, 0.0)], [-0.115618, 0.0696843, 0.145779, 1.0)]])
-0.115618, 0.0696843, 0.145779
float3(0.286698, -0.156508, -1.57301)
547386.424679208
normal
simd_float4x4([[0.0464841, -0.959405, -0.278175, 0.0)], [0.986938, 0.00110981, 0.161093, 0.0)], [-0.154245, -0.28203, 0.946925, 0.0)], [-0.116747, 0.0690034, 0.149114, 1.0)]])
-0.116747, 0.0690034, 0.149114
float3(0.28591, -0.161472, -1.56964)
547386.641322791
normal
simd_float4x4([[0.0472185, -0.959998, -0.275998, 0.0)], [0.987359, 0.0030043, 0.15847, 0.0)], [-0.151302, -0.279992, 0.948004, 0.0)], [-0.118031, 0.0691205, 0.151117, 1.0)]])
-0.118031, 0.0691205, 0.151117
float3(0.283786, -0.158266, -1.56767)
547386.857966166
normal
simd_float4x4([[0.0419947, -0.961883, -0.270218, 0.0)], [0.988688, 0.00103172, 0.14998, 0.0)], [-0.143984, -0.27346, 0.951046, 0.0)], [-0.120413, 0.0677879, 0.151229, 1.0)]])
-0.120413, 0.0677879, 0.151229
float3(0.276988, -0.150255, -1.56972)
547387.074609416
normal
simd_float4x4([[0.0368656, -0.964274, -0.262329, 0.0)], [0.990524, 0.000505964, 0.13734, 0.0)], [-0.132301, -0.264907, 0.955155, 0.0)], [-0.127496, 0.0656288, 0.149595, 1.0)]])
-0.127496, 0.0656288, 0.149595
float3(0.268107, -0.137637, -1.57027)
547387.291252958
normal
simd_float4x4([[0.0258466, -0.966669, -0.25472, 0.0)], [0.99461, -0.000726743, 0.103682, 0.0)], [-0.100411, -0.256027, 0.96144, 0.0)], [-0.14099, 0.0639712, 0.146496, 1.0)]])
-0.14099, 0.0639712, 0.146496
float3(0.25891, -0.104061, -1.57155)
547387.507896333
normal
simd_float4x4([[0.00305288, -0.971721, -0.236114, 0.0)], [0.99945, -0.00482835, 0.0327936, 0.0)], [-0.0330062, -0.236084, 0.971172, 0.0)], [-0.163105, 0.0584281, 0.137631, 1.0)]])
-0.163105, 0.0584281, 0.137631
float3(0.238334, -0.0339729, -1.57577)
547387.72453975
normal
simd_float4x4([[-0.00925555, -0.981827, -0.18955, 0.0)], [0.998619, 0.000726789, -0.0525263, 0.0)], [0.0517095, -0.189774, 0.980465, 0.0)], [-0.194108, 0.0451349, 0.12093, 1.0)]])
-0.194108, 0.0451349, 0.12093
float3(0.190932, 0.052691, -1.57006)
547387.941183291
normal
simd_float4x4([[-0.022563, -0.992758, -0.117994, 0.0)], [0.988389, -0.004412, -0.15188, 0.0)], [0.15026, -0.120051, 0.981331, 0.0)], [-0.22685, 0.0245599, 0.099499, 1.0)]])
-0.22685, 0.0245599, 0.099499
float3(0.120341, 0.151938, -1.57524)
547388.157826666
normal
simd_float4x4([[-0.0273485, -0.997594, -0.0636967, 0.0)], [0.959391, -0.00829818, -0.281956, 0.0)], [0.280749, -0.0688212, 0.95731, 0.0)], [-0.259686, 0.00424286, 0.0845436, 1.0)]])
-0.259686, 0.00424286, 0.0845436
float3(0.0688756, 0.28527, -1.57911)
547388.374470208
normal
simd_float4x4([[-0.0505211, -0.998544, -0.0189048, 0.0)], [0.927779, -0.039917, -0.370988, 0.0)], [0.369694, -0.0362822, 0.928445, 0.0)], [-0.285792, -0.011855, 0.0778771, 1.0)]])
-0.285792, -0.011855, 0.0778771
float3(0.0362902, 0.378941, -1.61075)
547388.591247791
normal
simd_float4x4([[-0.0318339, -0.999493, 0.000976144, 0.0)], [0.903071, -0.0291814, -0.428498, 0.0)], [0.428309, -0.0127592, 0.903542, 0.0)], [-0.309116, -0.0156666, 0.0739528, 1.0)]])
-0.309116, -0.0156666, 0.0739528
float3(0.0127596, 0.442659, -1.59998)
547388.791360625
normal
simd_float4x4([[-0.0147559, -0.999771, 0.0155125, 0.0)], [0.872129, -0.020457, -0.488848, 0.0)], [0.489054, 0.00631551, 0.872231, 0.0)], [-0.339817, -0.018494, 0.0731061, 1.0)]])
-0.339817, -0.018494, 0.0731061
float3(-0.00631555, 0.511016, -1.59126)
547389.024825708
normal
simd_float4x4([[0.010568, -0.999295, 0.0360199, 0.0)], [0.820808, -0.0119043, -0.57108, 0.0)], [0.571107, 0.0356006, 0.820103, 0.0)], [-0.374766, -0.0253169, 0.0757387, 1.0)]])
-0.374766, -0.0253169, 0.0757387
float3(-0.0356081, 0.608295, -1.58271)
547389.24161475
normal
simd_float4x4([[0.028308, -0.997275, 0.0681302, 0.0)], [0.76318, -0.0224553, -0.645796, 0.0)], [0.645566, 0.0702768, 0.760464, 0.0)], [-0.389924, -0.0317864, 0.0755762, 1.0)]])
-0.389924, -0.0317864, 0.0755762
float3(-0.0703348, 0.703861, -1.59331)
547389.441727541
normal
simd_float4x4([[0.0522469, -0.993911, 0.0970108, 0.0)], [0.675953, -0.0363093, -0.736049, 0.0)], [0.73509, 0.104031, 0.66994, 0.0)], [-0.392128, -0.0325137, 0.071594, 1.0)]])
-0.392128, -0.0325137, 0.071594
float3(-0.10422, 0.831734, -1.60731)
547389.6585165
normal
simd_float4x4([[0.0886026, -0.988927, 0.119054, 0.0)], [0.558239, -0.0496882, -0.828191, 0.0)], [0.824935, 0.139841, 0.547655, 0.0)], [-0.388134, -0.0251252, 0.0708547, 1.0)]])
-0.388134, -0.0251252, 0.0708547
float3(-0.1403, 0.984728, -1.621)
547389.858629375
normal
simd_float4x4([[0.109369, -0.990846, 0.0791342, 0.0)], [0.470766, -0.0184837, -0.882065, 0.0)], [0.875453, 0.133724, 0.464435, 0.0)], [-0.373899, -0.0151428, 0.0736459, 1.0)]])
-0.373899, -0.0151428, 0.0736459
float3(-0.134126, 1.08304, -1.58945)
547390.058742166
normal
simd_float4x4([[0.145685, -0.986187, 0.0788137, 0.0)], [0.389731, -0.0160141, -0.920789, 0.0)], [0.909332, 0.164862, 0.382014, 0.0)], [-0.395431, -0.0192888, 0.066086, 1.0)]])
-0.395431, -0.0192888, 0.066086
float3(-0.165618, 1.17308, -1.58703)
547390.292207291
normal
simd_float4x4([[0.281035, -0.950142, 0.135094, 0.0)], [0.299419, -0.0469331, -0.952967, 0.0)], [0.911794, 0.308267, 0.271301, 0.0)], [-0.396447, -0.0561696, 0.0560923, 1.0)]])
-0.396447, -0.0561696, 0.0560923
float3(-0.31337, 1.28159, -1.62015)
547390.50899625
normal
simd_float4x4([[0.506581, -0.844727, 0.172662, 0.0)], [0.220791, -0.0664843, -0.973053, 0.0)], [0.833443, 0.531052, 0.152828, 0.0)], [-0.400383, -0.132967, 0.0582282, 1.0)]])
-0.400383, -0.132967, 0.0582282
float3(-0.559842, 1.38944, -1.64934)
547390.709109166
normal
simd_float4x4([[0.585813, -0.802142, 0.115718, 0.0)], [0.179507, -0.0108139, -0.983697, 0.0)], [0.790317, 0.597035, 0.137655, 0.0)], [-0.387787, -0.164781, 0.0637767, 1.0)]])
-0.387787, -0.164781, 0.0637767
float3(-0.6398, 1.39835, -1.58428)
547390.925897958
normal
simd_float4x4([[0.693301, -0.706428, 0.142457, 0.0)], [0.219868, 0.0190966, -0.975343, 0.0)], [0.686289, 0.707527, 0.16856, 0.0)], [-0.371902, -0.162249, 0.0450843, 1.0)]])
-0.371902, -0.162249, 0.0450843
float3(-0.785993, 1.32995, -1.54377)
547391.159363
normal
simd_float4x4([[0.736337, -0.657111, 0.161285, 0.0)], [0.21036, -0.00422787, -0.977615, 0.0)], [0.643083, 0.753782, 0.135117, 0.0)], [-0.343604, -0.133528, 0.040048, 1.0)]])
-0.343604, -0.133528, 0.040048
float3(-0.853799, 1.3637, -1.57723)
547391.376151833
normal
simd_float4x4([[0.682863, -0.712403, 0.161803, 0.0)], [0.237495, 0.00702809, -0.971363, 0.0)], [0.690865, 0.701736, 0.173991, 0.0)], [-0.299612, -0.0755506, 0.0342422, 1.0)]])
-0.299612, -0.0755506, 0.0342422
float3(-0.777831, 1.32408, -1.56093)
547391.592940833
normal
simd_float4x4([[0.682306, -0.704817, 0.194141, 0.0)], [0.224553, -0.0506707, -0.973144, 0.0)], [0.695725, 0.707577, 0.123696, 0.0)], [-0.273235, -0.019354, 0.0169394, 1.0)]])
-0.273235, -0.019354, 0.0169394
float3(-0.786064, 1.39484, -1.64256)
547391.809729833
normal
simd_float4x4([[0.657388, -0.723765, 0.209774, 0.0)], [0.228059, -0.0742346, -0.970813, 0.0)], [0.718213, 0.686042, 0.11626, 0.0)], [-0.2417, 0.04905, -0.00373453, 1.0)]])
-0.2417, 0.04905, -0.00373453
float3(-0.756035, 1.41031, -1.67301)
547392.043194708
normal
simd_float4x4([[0.605775, -0.769622, 0.20179, 0.0)], [0.204377, -0.0945916, -0.974311, 0.0)], [0.768938, 0.631455, 0.0999917, 0.0)], [-0.20495, 0.134661, -0.0354731, 1.0)]])
-0.20495, 0.134661, -0.0354731
float3(-0.683428, 1.44148, -1.69309)
547392.259983583
normal
simd_float4x4([[0.570913, -0.796895, 0.197528, 0.0)], [0.197453, -0.100258, -0.975172, 0.0)], [0.796913, 0.595741, 0.100111, 0.0)], [-0.169641, 0.217337, -0.074866, 1.0)]])
-0.169641, 0.217337, -0.074866
float3(-0.638188, 1.44583, -1.69595)
547392.4600965
normal
simd_float4x4([[0.603556, -0.77344, 0.193677, 0.0)], [0.194073, -0.0930943, -0.97656, 0.0)], [0.773341, 0.626996, 0.0939167, 0.0)], [-0.137301, 0.277151, -0.113547, 1.0)]])
-0.137301, 0.277151, -0.113547
float3(-0.677691, 1.44995, -1.69058)
547392.660209416
normal
simd_float4x4([[0.616549, -0.766575, 0.179527, 0.0)], [0.18971, -0.0766568, -0.978843, 0.0)], [0.764118, 0.637563, 0.0981641, 0.0)], [-0.0975161, 0.34862, -0.148853, 1.0)]])
-0.0975161, 0.34862, -0.148853
float3(-0.691331, 1.44303, -1.67046)
547392.876998375
normal
simd_float4x4([[0.626216, -0.761515, 0.167177, 0.0)], [0.181112, -0.0664741, -0.981213, 0.0)], [0.758322, 0.644729, 0.0962926, 0.0)], [-0.0618538, 0.429419, -0.180665, 1.0)]])
-0.0618538, 0.429419, -0.180665
float3(-0.700669, 1.44449, -1.65787)
547393.093787291
normal
simd_float4x4([[0.692553, -0.708428, 0.13601, 0.0)], [0.144512, -0.0484719, -0.988315, 0.0)], [0.706743, 0.704116, 0.068807, 0.0)], [-0.0528204, 0.509247, -0.203464, 1.0)]])
-0.0528204, 0.509247, -0.203464
float3(-0.781178, 1.47374, -1.63911)
547393.293900166
normal
simd_float4x4([[0.669663, -0.731795, 0.126604, 0.0)], [0.171293, -0.0136814, -0.985125, 0.0)], [0.722641, 0.681388, 0.11619, 0.0)], [-0.0519307, 0.613135, -0.238332, 1.0)]])
-0.0519307, 0.613135, -0.238332
float3(-0.749657, 1.41138, -1.58949)
547393.494013083
normal
simd_float4x4([[0.66928, -0.738878, 0.0782558, 0.0)], [0.165217, 0.0453086, -0.985216, 0.0)], [0.724409, 0.672314, 0.152399, 0.0)], [-0.0859493, 0.729987, -0.24891, 1.0)]])
-0.0859493, 0.729987, -0.24891
float3(-0.737331, 1.36344, -1.50955)
547393.694125875
normal
simd_float4x4([[0.656445, -0.751931, 0.0606712, 0.0)], [0.176577, 0.074965, -0.981428, 0.0)], [0.733417, 0.654966, 0.181984, 0.0)], [-0.128936, 0.853767, -0.255542, 1.0)]])
-0.128936, 0.853767, -0.255542
float3(-0.714138, 1.32758, -1.47143)
547393.910914875
normal
simd_float4x4([[0.654053, -0.748138, 0.111822, 0.0)], [0.211102, 0.0385695, -0.976703, 0.0)], [0.726395, 0.662421, 0.18316, 0.0)], [-0.162065, 0.971387, -0.266872, 1.0)]])
-0.162065, 0.971387, -0.266872
float3(-0.724046, 1.3238, -1.51929)
547394.111027708
normal
simd_float4x4([[0.657827, -0.737625, 0.152227, 0.0)], [0.211687, -0.0128934, -0.977252, 0.0)], [0.722809, 0.675087, 0.147664, 0.0)], [-0.204432, 1.06773, -0.287238, 1.0)]])
-0.204432, 1.06773, -0.287238
float3(-0.741083, 1.36928, -1.58827)
547394.311140541
normal
simd_float4x4([[0.673242, -0.721562, 0.161531, 0.0)], [0.187568, -0.0446548, -0.981236, 0.0)], [0.715236, 0.690908, 0.105279, 0.0)], [-0.219895, 1.21331, -0.314712, 1.0)]])
-0.219895, 1.21331, -0.314712
float3(-0.762744, 1.42465, -1.6326)
547394.511253375
normal
simd_float4x4([[0.649081, -0.747645, 0.140429, 0.0)], [0.185941, -0.0230735, -0.98229, 0.0)], [0.737644, 0.663697, 0.124042, 0.0)], [-0.374465, 1.2482, -0.362457, 1.0)]])
-0.374465, 1.2482, -0.362457
float3(-0.725751, 1.4042, -1.60165)
547394.744718458
normal
simd_float4x4([[0.671695, -0.732491, 0.110829, 0.0)], [0.156329, -0.00608719, -0.987686, 0.0)], [0.724146, 0.68075, 0.110421, 0.0)], [-0.713189, 1.12701, -0.360896, 1.0)]])
-0.713189, 1.12701, -0.360896
float3(-0.748786, 1.41948, -1.57911)
547394.961507416
normal
simd_float4x4([[0.694762, -0.708846, 0.121835, 0.0)], [0.159837, -0.0129921, -0.987058, 0.0)], [0.701255, 0.705244, 0.104273, 0.0)], [-1.02721, 0.945908, -0.349014, 1.0)]])
-1.02721, 0.945908, -0.349014
float3(-0.782767, 1.42318, -1.58912)
547395.178296375
normal
simd_float4x4([[0.682477, -0.721172, 0.118895, 0.0)], [0.209268, 0.0369406, -0.97716, 0.0)], [0.700309, 0.69177, 0.176129, 0.0)], [-1.44294, 0.595468, -0.263815, 1.0)]])
-1.44294, 0.595468, -0.263815
float3(-0.763937, 1.3244, -1.51962)
547395.395085208
normal
simd_float4x4([[0.659193, -0.735007, 0.158834, 0.0)], [0.260524, 0.0250854, -0.965141, 0.0)], [0.705402, 0.677595, 0.208023, 0.0)], [-1.69363, 0.22727, -0.189714, 1.0)]])
-1.69363, 0.22727, -0.189714
float3(-0.744488, 1.28403, -1.53668)
547395.628550333
normal
simd_float4x4([[0.73675, -0.65254, 0.177173, 0.0)], [0.265438, 0.0381238, -0.963374, 0.0)], [0.621885, 0.756795, 0.201296, 0.0)], [-1.85253, 0.0485634, -0.175965, 1.0)]])
-1.85253, 0.0485634, -0.175965
float3(-0.858395, 1.25775, -1.51244)
547395.828663083
normal
simd_float4x4([[0.754365, -0.643092, 0.131777, 0.0)], [0.207607, 0.043279, -0.977254, 0.0)], [0.622761, 0.764565, 0.166159, 0.0)], [-1.94533, -0.0839732, -0.173202, 1.0)]])
-1.94533, -0.0839732, -0.173202
float3(-0.870366, 1.31006, -1.5036)
547396.028776
normal
simd_float4x4([[0.733358, -0.673601, 0.0919124, 0.0)], [0.14814, 0.0263858, -0.988614, 0.0)], [0.663507, 0.738624, 0.119137, 0.0)], [-2.03359, -0.1102, -0.203556, 1.0)]])
-2.03359, -0.1102, -0.203556
float3(-0.831027, 1.39313, -1.53165)
547396.245565
normal
simd_float4x4([[0.731319, -0.676028, 0.0903254, 0.0)], [0.130454, 0.00865803, -0.991417, 0.0)], [0.669443, 0.736825, 0.094522, 0.0)], [-2.14469, -0.119039, -0.242503, 1.0)]])
-2.14469, -0.119039, -0.242503
float3(-0.828363, 1.43053, -1.55799)
547396.462353833
normal
simd_float4x4([[0.750908, -0.648966, 0.122393, 0.0)], [0.179767, 0.022529, -0.983451, 0.0)], [0.635469, 0.760484, 0.13358, 0.0)], [-2.28814, -0.145412, -0.276356, 1.0)]])
-2.28814, -0.145412, -0.276356
float3(-0.864058, 1.36361, -1.5361)
547396.662466666
normal
simd_float4x4([[0.722429, -0.671579, 0.164551, 0.0)], [0.276116, 0.0620175, -0.959121, 0.0)], [0.633921, 0.738333, 0.230237, 0.0)], [-2.43686, -0.126745, -0.29732, 1.0)]])
-2.43686, -0.126745, -0.29732
float3(-0.830595, 1.22242, -1.47871)
547396.862579541
normal
simd_float4x4([[0.630238, -0.747116, 0.211229, 0.0)], [0.337881, 0.0189784, -0.940997, 0.0)], [0.699025, 0.664423, 0.264397, 0.0)], [-2.55938, -0.0767286, -0.306367, 1.0)]])
-2.55938, -0.0767286, -0.306367
float3(-0.726721, 1.20919, -1.5454)
547397.062692416
normal
simd_float4x4([[0.550748, -0.803316, 0.226628, 0.0)], [0.356084, -0.0194379, -0.934252, 0.0)], [0.754904, 0.595236, 0.275343, 0.0)], [-2.6759, -0.0495647, -0.307878, 1.0)]])
-2.6759, -0.0495647, -0.307878
float3(-0.63756, 1.22105, -1.59499)
547397.279481416
normal
simd_float4x4([[0.493094, -0.847522, 0.196379, 0.0)], [0.298195, -0.0474038, -0.953327, 0.0)], [0.817275, 0.528639, 0.229352, 0.0)], [-2.82099, -0.0226855, -0.320538, 1.0)]])
-2.82099, -0.0226855, -0.320538
float3(-0.556996, 1.2972, -1.62667)
547397.496270333
normal
simd_float4x4([[0.344307, -0.935589, 0.0782707, 0.0)], [0.234746, 0.00506898, -0.972043, 0.0)], [0.909036, 0.353056, 0.221371, 0.0)], [-2.95998, 0.0361837, -0.337429, 1.0)]])
-2.95998, 0.0361837, -0.337429
float3(-0.360835, 1.33192, -1.56538)
547397.713059416
normal
simd_float4x4([[0.271047, -0.961751, 0.039603, 0.0)], [0.153668, 0.0026189, -0.988119, 0.0)], [0.950221, 0.273912, 0.1485, 0.0)], [-3.09909, 0.0734024, -0.355759, 1.0)]])
-3.09909, 0.0734024, -0.355759
float3(-0.277459, 1.41577, -1.56807)
547397.91317225
normal
simd_float4x4([[0.213115, -0.975627, 0.0522837, 0.0)], [0.0632247, -0.0396297, -0.997212, 0.0)], [0.974979, 0.215827, 0.053238, 0.0)], [-3.23152, 0.0888863, -0.370618, 1.0)]])
-3.23152, 0.0888863, -0.370618
float3(-0.217539, 1.51625, -1.61139)
547398.113285166
normal
simd_float4x4([[0.0768918, -0.996325, 0.0377474, 0.0)], [0.0588732, -0.0332564, -0.997711, 0.0)], [0.9953, 0.0789381, 0.0560997, 0.0)], [-3.367, 0.113527, -0.376773, 1.0)]])
-3.367, 0.113527, -0.376773
float3(-0.0790203, 1.51449, -1.60416)
547398.363426041
normal
simd_float4x4([[0.0192535, -0.998826, 0.0444413, 0.0)], [0.134828, -0.0414497, -0.990001, 0.0)], [0.990682, 0.0250529, 0.133872, 0.0)], [-3.5431, 0.132284, -0.398217, 1.0)]])
-3.5431, 0.132284, -0.398217
float3(-0.0250555, 1.43648, -1.61227)
547398.563538916
normal
simd_float4x4([[0.0371407, -0.997801, 0.0548932, 0.0)], [0.167282, -0.0479481, -0.984742, 0.0)], [0.985209, 0.0457567, 0.165134, 0.0)], [-3.68406, 0.109437, -0.424061, 1.0)]])
-3.68406, 0.109437, -0.424061
float3(-0.0457727, 1.40473, -1.61881)
547398.780327916
normal
simd_float4x4([[0.0419985, -0.998428, 0.037111, 0.0)], [0.159132, -0.029985, -0.986802, 0.0)], [0.986363, 0.0473498, 0.157623, 0.0)], [-3.83924, 0.0676238, -0.461153, 1.0)]])
-3.83924, 0.0676238, -0.461153
float3(-0.0473675, 1.41233, -1.60082)
547398.980440625
normal
simd_float4x4([[0.0441251, -0.998904, -0.0156094, 0.0)], [0.154265, 0.02225, -0.987779, 0.0)], [0.987044, 0.0411779, 0.155078, 0.0)], [-3.99161, 0.0735619, -0.49657, 1.0)]])
-3.99161, 0.0735619, -0.49657
float3(-0.0411895, 1.41496, -1.54853)
547399.180553458
normal
simd_float4x4([[0.0572877, -0.998353, -0.00290791, 0.0)], [0.134893, 0.0106264, -0.990803, 0.0)], [0.989203, 0.0563686, 0.135279, 0.0)], [-4.13355, 0.0712218, -0.521147, 1.0)]])
-4.13355, 0.0712218, -0.521147
float3(-0.0563985, 1.43488, -1.56015)
547399.380666541
normal
simd_float4x4([[0.0562795, -0.998412, -0.0025693, 0.0)], [0.161428, 0.011639, -0.986816, 0.0)], [0.985278, 0.0551227, 0.161827, 0.0)], [-4.29273, 0.0513497, -0.533235, 1.0)]])
-4.29273, 0.0513497, -0.533235
float3(-0.0551507, 1.408, -1.55914)
547399.580779416
normal
simd_float4x4([[0.0639153, -0.997551, 0.0284041, 0.0)], [0.192395, -0.0156111, -0.981193, 0.0)], [0.979234, 0.0681781, 0.190926, 0.0)], [-4.46508, 0.0611179, -0.539688, 1.0)]])
-4.46508, 0.0611179, -0.539688
float3(-0.068231, 1.37824, -1.58644)
547399.780892208
normal
simd_float4x4([[0.080254, -0.996354, 0.0289612, 0.0)], [0.232356, -0.00955449, -0.972584, 0.0)], [0.969314, 0.084783, 0.230742, 0.0)], [-4.62714, 0.0695543, -0.556928, 1.0)]])
-4.62714, 0.0695543, -0.556928
float3(-0.0848849, 1.3371, -1.58039)
547399.997681291
normal
simd_float4x4([[0.107645, -0.993156, 0.0453208, 0.0)], [0.251001, -0.0169602, -0.967838, 0.0)], [0.961983, 0.115559, 0.247458, 0.0)], [-4.79321, 0.0483224, -0.590182, 1.0)]])
-4.79321, 0.0483224, -0.590182
float3(-0.115818, 1.31902, -1.58787)
547400.197794
normal
simd_float4x4([[0.0907275, -0.995049, 0.0405608, 0.0)], [0.249879, -0.01668, -0.968133, 0.0)], [0.964017, 0.0979716, 0.247128, 0.0)], [-4.95309, 0.0367554, -0.639979, 1.0)]])
-4.95309, 0.0367554, -0.639979
float3(-0.098129, 1.31985, -1.58756)
547400.397906791
normal
simd_float4x4([[0.0525945, -0.998173, 0.0297536, 0.0)], [0.217384, -0.0176364, -0.975927, 0.0)], [0.974668, 0.0577963, 0.216059, 0.0)], [-5.11649, 0.0672747, -0.683526, 1.0)]])
-5.11649, 0.0672747, -0.683526
float3(-0.0578286, 1.35265, -1.58846)
547400.598019708
normal
simd_float4x4([[0.0921703, -0.995381, 0.0268383, 0.0)], [0.2006, -0.00783877, -0.979642, 0.0)], [0.975327, 0.0956777, 0.198951, 0.0)], [-5.27661, 0.0603138, -0.704289, 1.0)]])
-5.27661, 0.0603138, -0.704289
float3(-0.0958242, 1.36957, -1.57867)
547400.798132708
normal
simd_float4x4([[0.0839246, -0.996268, 0.0201911, 0.0)], [0.213559, -0.00180919, -0.976929, 0.0)], [0.973319, 0.0863003, 0.21261, 0.0)], [-5.43208, 0.0422406, -0.7166, 1.0)]])
-5.43208, 0.0422406, -0.7166
float3(-0.0864078, 1.35574, -1.57261)
547401.031597708
normal
simd_float4x4([[0.0714904, -0.997432, -0.00420379, 0.0)], [0.265543, 0.0230948, -0.963822, 0.0)], [0.961445, 0.0677877, 0.266512, 0.0)], [-5.6247, 0.063509, -0.720649, 1.0)]])
-5.6247, 0.063509, -0.720649
float3(-0.0678398, 1.30039, -1.54765)
547401.231710583
normal
simd_float4x4([[0.101621, -0.994576, 0.0221745, 0.0)], [0.289382, 0.00822698, -0.957178, 0.0)], [0.951804, 0.103686, 0.288649, 0.0)], [-5.77256, 0.0596552, -0.746913, 1.0)]])
-5.77256, 0.0596552, -0.746913
float3(-0.103873, 1.27635, -1.56252)
547401.431823375
normal
simd_float4x4([[0.117556, -0.992644, 0.0289428, 0.0)], [0.304061, 0.0082333, -0.952617, 0.0)], [0.945371, 0.120786, 0.302792, 0.0)], [-5.92553, 0.0362053, -0.784873, 1.0)]])
-5.92553, 0.0362053, -0.784873
float3(-0.121082, 1.26083, -1.5625)
547401.631936125
normal
simd_float4x4([[0.106271, -0.994309, -0.00746908, 0.0)], [0.277214, 0.0368406, -0.960102, 0.0)], [0.954913, 0.0999606, 0.279551, 0.0)], [-6.09133, 0.0384031, -0.823747, 1.0)]])
-6.09133, 0.0384031, -0.823747
float3(-0.100128, 1.286, -1.53376)
547401.832049083
normal
simd_float4x4([[0.113088, -0.993545, -0.00892959, 0.0)], [0.228212, 0.0347206, -0.972992, 0.0)], [0.967021, 0.107996, 0.230666, 0.0)], [-6.23878, 0.0505344, -0.855937, 1.0)]])
-6.23878, 0.0505344, -0.855937
float3(-0.108207, 1.33664, -1.53586)
547402.032161916
normal
simd_float4x4([[0.13971, -0.990185, -0.00376971, 0.0)], [0.22527, 0.0354912, -0.97365, 0.0)], [0.964227, 0.13518, 0.228017, 0.0)], [-6.38526, 0.0377228, -0.878458, 1.0)]])
-6.38526, 0.0377228, -0.878458
float3(-0.135595, 1.33859, -1.53497)
547402.23227475
normal
simd_float4x4([[0.104142, -0.994532, 0.00772078, 0.0)], [0.231913, 0.0167342, -0.972593, 0.0)], [0.967146, 0.103079, 0.232387, 0.0)], [-6.53845, 0.0348272, -0.889251, 1.0)]])
-6.53845, 0.0348272, -0.889251
float3(-0.103262, 1.33499, -1.55397)
547402.432387666
normal
simd_float4x4([[0.112056, -0.993701, 0.00128256, 0.0)], [0.236237, 0.0253859, -0.971364, 0.0)], [0.965213, 0.10915, 0.237593, 0.0)], [-6.69903, 0.0648523, -0.893753, 1.0)]])
-6.69903, 0.0648523, -0.893753
float3(-0.109368, 1.32944, -1.54526)
547402.6491765
normal
simd_float4x4([[0.130895, -0.991087, 0.0247497, 0.0)], [0.235397, 0.00681949, -0.971875, 0.0)], [0.963044, 0.13304, 0.234192, 0.0)], [-6.8499, 0.056884, -0.916701, 1.0)]])
-6.8499, 0.056884, -0.916701
float3(-0.133435, 1.33225, -1.56392)
547402.849289333
normal
simd_float4x4([[0.141109, -0.989473, 0.0321248, 0.0)], [0.212272, -0.00145446, -0.977209, 0.0)], [0.966969, 0.144712, 0.209832, 0.0)], [-6.99632, 0.0389237, -0.948872, 1.0)]])
-6.99632, 0.0389237, -0.948872
float3(-0.145222, 1.35711, -1.57227)
547403.049402291
normal
simd_float4x4([[0.115904, -0.993247, -0.0051808, 0.0)], [0.13825, 0.0212974, -0.990168, 0.0)], [0.983592, 0.114048, 0.139785, 0.0)], [-7.14637, 0.0563274, -0.985745, 1.0)]])
-7.14637, 0.0563274, -0.985745
float3(-0.114297, 1.42962, -1.54936)
547403.249515083
normal
simd_float4x4([[0.0798975, -0.996725, -0.0124357, 0.0)], [0.108517, 0.0210988, -0.993871, 0.0)], [0.990879, 0.0780583, 0.109847, 0.0)], [-7.28084, 0.0691587, -1.02497, 1.0)]])
-7.28084, 0.0691587, -1.02497
float3(-0.0781378, 1.46039, -1.54963)
547403.466304041
normal
simd_float4x4([[0.177506, -0.983886, -0.0214379, 0.0)], [0.163578, 0.0509784, -0.985212, 0.0)], [0.97043, 0.171375, 0.169991, 0.0)], [-7.45258, 0.0365534, -1.05333, 1.0)]])
-7.45258, 0.0365534, -1.05333
float3(-0.172225, 1.39738, -1.51903)
547403.716445208
normal
simd_float4x4([[0.132262, -0.991195, -0.00627147, 0.0)], [0.198002, 0.0326193, -0.979659, 0.0)], [0.971237, 0.12833, 0.200573, 0.0)], [-7.63146, 0.038248, -1.06876, 1.0)]])
-7.63146, 0.038248, -1.06876
float3(-0.128685, 1.36715, -1.5379)
547403.916558
normal
simd_float4x4([[0.115257, -0.993326, -0.00448896, 0.0)], [0.288662, 0.0378173, -0.956684, 0.0)], [0.950468, 0.108969, 0.291094, 0.0)], [-7.7823, 0.0533372, -1.06887, 1.0)]])
-7.7823, 0.0533372, -1.06887
float3(-0.109186, 1.2736, -1.53274)
547404.116670958
normal
simd_float4x4([[0.158375, -0.986588, 0.0395118, 0.0)], [0.343824, 0.0175929, -0.938869, 0.0)], [0.925582, 0.162279, 0.341999, 0.0)], [-7.92022, 0.0596983, -1.08729, 1.0)]])
-7.92022, 0.0596983, -1.08729
float3(-0.163, 1.21686, -1.55297)
547404.333459833
normal
simd_float4x4([[0.165891, -0.986068, 0.0122504, 0.0)], [0.345878, 0.0465464, -0.937124, 0.0)], [0.923498, 0.159698, 0.348781, 0.0)], [-8.06112, 0.0450369, -1.11618, 1.0)]])
-8.06112, 0.0450369, -1.11618
float3(-0.160385, 1.20968, -1.52363)
547404.533572625
normal
simd_float4x4([[0.128812, -0.990121, -0.0553847, 0.0)], [0.337632, 0.0963014, -0.936339, 0.0)], [0.932423, 0.101913, 0.346701, 0.0)], [-8.18397, 0.0556264, -1.15535, 1.0)]])
-8.18397, 0.0556264, -1.15535
float3(-0.10209, 1.21481, -1.47384)
547404.733685458
normal
simd_float4x4([[0.137961, -0.990151, -0.0238239, 0.0)], [0.332922, 0.0690145, -0.940425, 0.0)], [0.932808, 0.12181, 0.339164, 0.0)], [-8.29809, 0.0624806, -1.20789, 1.0)]])
-8.29809, 0.0624806, -1.20789
float3(-0.122114, 1.22206, -1.50121)
547404.933798416
normal
simd_float4x4([[0.174006, -0.984663, -0.012661, 0.0)], [0.318531, 0.0684463, -0.945438, 0.0)], [0.931805, 0.160479, 0.325556, 0.0)], [-8.413, 0.0353952, -1.23855, 1.0)]])
-8.413, 0.0353952, -1.23855
float3(-0.161176, 1.23467, -1.5014)
547405.133911166
normal
simd_float4x4([[0.150793, -0.988559, 0.00364862, 0.0)], [0.29151, 0.0409392, -0.955691, 0.0)], [0.944607, 0.145175, 0.294349, 0.0)], [-8.53956, 0.0170314, -1.24885, 1.0)]])
-8.53956, 0.0170314, -1.24885
float3(-0.14569, 1.26872, -1.52941)
547405.35070025
normal
simd_float4x4([[0.143523, -0.988481, 0.0480274, 0.0)], [0.267229, -0.0080179, -0.9636, 0.0)], [0.952885, 0.151133, 0.263, 0.0)], [-8.69547, 0.0336928, -1.24789, 1.0)]])
-8.69547, 0.0336928, -1.24789
float3(-0.151715, 1.3015, -1.57891)
547405.567489125
normal
simd_float4x4([[0.178337, -0.981801, 0.0652833, 0.0)], [0.313105, -0.00627534, -0.949698, 0.0)], [0.932824, 0.189807, 0.306287, 0.0)], [-8.83734, 0.0268026, -1.26371, 1.0)]])
-8.83734, 0.0268026, -1.26371
float3(-0.190966, 1.25354, -1.57719)
547405.784277958
normal
simd_float4x4([[0.20209, -0.975354, 0.088567, 0.0)], [0.339527, -0.015051, -0.940476, 0.0)], [0.91863, 0.220132, 0.328117, 0.0)], [-8.9645, 0.00754199, -1.315, 1.0)]])
-8.9645, 0.00754199, -1.315
float3(-0.22195, 1.22774, -1.58623)
547406.001066791
normal
simd_float4x4([[0.15555, -0.985585, 0.0665257, 0.0)], [0.284923, -0.0197194, -0.958348, 0.0)], [0.945845, 0.168026, 0.277748, 0.0)], [-9.1041, 0.014273, -1.36386, 1.0)]])
-9.1041, 0.014273, -1.36386
float3(-0.168826, 1.28517, -1.5908)
547406.21785575
normal
simd_float4x4([[0.175908, -0.984044, 0.0266981, 0.0)], [0.201492, 0.00944535, -0.979445, 0.0)], [0.963565, 0.177672, 0.199938, 0.0)], [-9.25489, 0.0199985, -1.40531, 1.0)]])
-9.25489, 0.0199985, -1.40531
float3(-0.17862, 1.3662, -1.5612)
547406.434644708
normal
simd_float4x4([[0.239406, -0.969572, 0.0511439, 0.0)], [0.170619, -0.00984374, -0.985288, 0.0)], [0.95581, 0.24461, 0.163071, 0.0)], [-9.41145, -0.012798, -1.44868, 1.0)]])
-9.41145, -0.012798, -1.44868
float3(-0.247118, 1.40181, -1.58095)
547406.634757625
normal
simd_float4x4([[0.209292, -0.974885, 0.0761328, 0.0)], [0.205168, -0.0323449, -0.978192, 0.0)], [0.956087, 0.220347, 0.193246, 0.0)], [-9.56143, -0.0207727, -1.48736, 1.0)]])
-9.56143, -0.0207727, -1.48736
float3(-0.222171, 1.37136, -1.60396)
547406.8348705
normal
simd_float4x4([[0.189053, -0.979464, 0.0700679, 0.0)], [0.247451, -0.0215329, -0.968661, 0.0)], [0.950277, 0.200467, 0.238298, 0.0)], [-9.71003, 0.0156808, -1.51397, 1.0)]])
-9.71003, 0.0156808, -1.51397
float3(-0.201835, 1.3251, -1.59278)
547407.051659458
normal
simd_float4x4([[0.204802, -0.974131, 0.0955294, 0.0)], [0.28598, -0.0337875, -0.95764, 0.0)], [0.936094, 0.223446, 0.271662, 0.0)], [-9.85423, 0.0211221, -1.55142, 1.0)]])
-9.85423, 0.0211221, -1.55142
float3(-0.225348, 1.28835, -1.60547)
547407.268448208
normal
simd_float4x4([[0.195771, -0.975005, 0.105071, 0.0)], [0.268297, -0.0498034, -0.962048, 0.0)], [0.943234, 0.216531, 0.251841, 0.0)], [-10.006, 0.0038862, -1.59861, 1.0)]])
-10.006, 0.0038862, -1.59861
float3(-0.21826, 1.30989, -1.62183)
547407.468561291
normal
simd_float4x4([[0.173649, -0.981613, 0.0792591, 0.0)], [0.193003, -0.0449996, -0.980166, 0.0)], [0.96571, 0.185502, 0.18164, 0.0)], [-10.154, 0.0135763, -1.64284, 1.0)]])
-10.154, 0.0135763, -1.64284
float3(-0.186583, 1.38488, -1.61661)
547407.668674041
normal
simd_float4x4([[0.145991, -0.98836, 0.0427853, 0.0)], [0.140318, -0.0221238, -0.989859, 0.0)], [0.979284, 0.150514, 0.135455, 0.0)], [-10.2978, 0.0278038, -1.68335, 1.0)]])
-10.2978, 0.0278038, -1.68335
float3(-0.151088, 1.43335, -1.59318)
547407.868786833
normal
simd_float4x4([[0.163192, -0.985446, 0.047587, 0.0)], [0.130476, -0.026253, -0.991104, 0.0)], [0.977928, 0.16795, 0.124293, 0.0)], [-10.4551, 0.00718699, -1.71287, 1.0)]])
-10.4551, 0.00718699, -1.71287
float3(-0.168749, 1.44438, -1.59743)
547408.068899625
normal
simd_float4x4([[0.133599, -0.989025, 0.0630941, 0.0)], [0.165448, -0.040513, -0.985386, 0.0)], [0.977128, 0.142085, 0.15822, 0.0)], [-10.6154, 1.27515e-05, -1.73894, 1.0)]])
-10.6154, 1.27515e-05, -1.73894
float3(-0.142568, 1.41027, -1.61174)
547408.28568875
normal
simd_float4x4([[0.107177, -0.993038, 0.0488645, 0.0)], [0.221705, -0.0240396, -0.974817, 0.0)], [0.969206, 0.115312, 0.217585, 0.0)], [-10.7662, 0.0260432, -1.77461, 1.0)]])
-10.7662, 0.0260432, -1.77461
float3(-0.115569, 1.34996, -1.595)
547408.502477666
normal
simd_float4x4([[0.144989, -0.986802, 0.0721121, 0.0)], [0.238005, -0.0359582, -0.970598, 0.0)], [0.960381, 0.157889, 0.22965, 0.0)], [-10.8999, 0.000112467, -1.81945, 1.0)]])
-10.8999, 0.000112467, -1.81945
float3(-0.158553, 1.33608, -1.60722)
547408.702590375
normal
simd_float4x4([[0.156958, -0.982318, 0.10206, 0.0)], [0.238625, -0.0625576, -0.969095, 0.0)], [0.958343, 0.176461, 0.224586, 0.0)], [-11.054, -0.0208611, -1.87159, 1.0)]])
-11.054, -0.0208611, -1.87159
float3(-0.17739, 1.3406, -1.63439)
547408.90270325
normal
simd_float4x4([[0.111596, -0.993354, 0.0281913, 0.0)], [0.111031, -0.0157274, -0.993692, 0.0)], [0.987531, 0.114023, 0.108538, 0.0)], [-11.1954, -0.00265954, -1.88486, 1.0)]])
-11.1954, -0.00265954, -1.88486
float3(-0.114271, 1.46133, -1.58663)
547409.119492291
normal
simd_float4x4([[0.177043, -0.983207, 0.0442684, 0.0)], [-0.00746445, -0.046319, -0.998899, 0.0)], [0.984175, 0.176517, -0.0155395, 0.0)], [-11.3641, -0.0132448, -1.90661, 1.0)]])
-11.3641, -0.0132448, -1.90661
float3(-0.177447, 1.58658, -1.61787)
547409.319605083
normal
simd_float4x4([[0.17262, -0.983894, 0.0464276, 0.0)], [-0.0947495, -0.0635031, -0.993474, 0.0)], [0.980421, 0.167094, -0.104185, 0.0)], [-11.5221, -0.0194065, -1.91723, 1.0)]])
-11.5221, -0.0194065, -1.91723
float3(-0.167882, 1.67666, -1.63525)
547409.519717875
normal
simd_float4x4([[0.148954, -0.988451, 0.0278823, 0.0)], [-0.177024, -0.0543967, -0.982702, 0.0)], [0.972869, 0.141441, -0.183082, 0.0)], [-11.6748, 0.0200284, -1.90361, 1.0)]])
-11.6748, 0.0200284, -1.90361
float3(-0.141917, 1.75681, -1.62577)
547409.71983075
normal
simd_float4x4([[0.137464, -0.990332, 0.0186178, 0.0)], [-0.267854, -0.0552624, -0.961873, 0.0)], [0.953602, 0.127236, -0.272861, 0.0)], [-11.7995, 0.0387015, -1.88579, 1.0)]])
-11.7995, 0.0387015, -1.88579
float3(-0.127582, 1.84949, -1.62654)
547409.919943666
normal
