ARKit Data
1038382.64577679
normal
simd_float4x4([[0.0631709, -0.851562, -0.520433, 0.0)], [-0.989312, 0.0152387, -0.145018, 0.0)], [0.131423, 0.524032, -0.841498, 0.0)], [1.42089, -0.0372509, -9.21308, 1.0)]])
1.42089, -0.0372509, -9.21308
float3(-0.551578, 2.98667, -1.5529)
1038382.84589004
normal
simd_float4x4([[0.0655209, -0.846586, -0.528203, 0.0)], [-0.995498, -0.0191232, -0.0928362, 0.0)], [0.0684929, 0.531908, -0.844028, 0.0)], [1.41829, -0.0438269, -9.28753, 1.0)]])
1.41829, -0.0438269, -9.28753
float3(-0.560852, 3.06062, -1.59338)
1038383.56373946
notAvailable
simd_float4x4([[0.0062944, 0.0, 0.99998, 0.0)], [0.0, 1.0, 0.0, 0.0)], [-0.99998, 0.0, 0.0062944, 0.0)], [-0.00118431, -0.0829862, 0.0481311, 1.0)]])
-0.00118431, -0.0829862, 0.0481311
float3(-0.0, -1.5645, 0.0)
1038383.76381908
limited(__ObjC.ARCamera.TrackingState.Reason.initializing)
simd_float4x4([[0.070515, -0.92437, 0.374924, 0.0)], [0.99739, 0.0711929, -0.0120621, 0.0)], [-0.0155421, 0.374796, 0.926977, 0.0)], [0.0, 0.0, 0.0, 1.0)]])
0.0, 0.0, 0.0
float3(-0.384177, -0.0167649, -1.49393)
1038383.9639325
limited(__ObjC.ARCamera.TrackingState.Reason.initializing)
simd_float4x4([[-0.00469295, -0.937287, 0.348525, 0.0)], [0.998804, 0.0125671, 0.0472458, 0.0)], [-0.0486628, 0.34833, 0.936108, 0.0)], [0.0, 0.0, 0.0, 1.0)]])
0.0, 0.0, 0.0
float3(-0.355789, -0.0519375, -1.55739)
1038384.16404592
limited(__ObjC.ARCamera.TrackingState.Reason.initializing)
simd_float4x4([[-0.0388235, -0.948391, 0.314714, 0.0)], [0.996711, -0.0143341, 0.0797603, 0.0)], [-0.071133, 0.316775, 0.945828, 0.0)], [0.0, 0.0, 0.0, 1.0)]])
0.0, 0.0, 0.0
float3(-0.322328, -0.0750658, -1.58591)
1038384.36415925
limited(__ObjC.ARCamera.TrackingState.Reason.initializing)
simd_float4x4([[-0.0539358, -0.95277, 0.298855, 0.0)], [0.997727, -0.039315, 0.0547259, 0.0)], [-0.0403922, 0.301127, 0.952725, 0.0)], [0.0, 0.0, 0.0, 1.0)]])
0.0, 0.0, 0.0
float3(-0.305875, -0.0423711, -1.61204)
1038384.56427287
limited(__ObjC.ARCamera.TrackingState.Reason.initializing)
simd_float4x4([[-0.0403677, -0.95116, 0.306042, 0.0)], [0.999083, -0.0428072, -0.00126078, 0.0)], [0.0142998, 0.30571, 0.952015, 0.0)], [0.0, 0.0, 0.0, 1.0)]])
0.0, 0.0, 0.0
float3(-0.310684, 0.0150195, -1.61577)
1038384.76438621
normal
simd_float4x4([[-0.0194629, -0.955295, 0.295015, 0.0)], [0.998233, -0.0351391, -0.0479286, 0.0)], [0.0561524, 0.29356, 0.95429, 0.0)], [-0.00164447, 0.00363167, 0.00104959, 1.0)]])
-0.00164447, 0.00363167, 0.00104959
float3(-0.297949, 0.0587743, -1.60756)
1038384.96449958
normal
simd_float4x4([[0.00934716, -0.952264, 0.305132, 0.0)], [0.996983, -0.0146383, -0.0762242, 0.0)], [0.0770522, 0.304924, 0.949255, 0.0)], [-0.0440359, 0.00419162, 0.00097716, 1.0)]])
-0.0440359, 0.00419162, 0.00097716
float3(-0.309859, 0.0809937, -1.58617)
1038385.16461292
normal
simd_float4x4([[0.0105909, -0.949729, 0.312894, 0.0)], [0.993791, -0.024663, -0.108498, 0.0)], [0.110761, 0.3121, 0.943571, 0.0)], [-0.0464489, -0.00837538, -0.00820518, 1.0)]])
-0.0464489, -0.00837538, -0.00820518
float3(-0.317403, 0.11685, -1.59676)
1038385.36472646
normal
simd_float4x4([[0.0181412, -0.947801, 0.318346, 0.0)], [0.99241, -0.0216633, -0.12105, 0.0)], [0.121628, 0.318126, 0.940214, 0.0)], [-0.0481437, -0.0100214, -0.00639288, 1.0)]])
-0.0481437, -0.0100214, -0.00639288
float3(-0.323752, 0.128648, -1.59365)
1038385.56483992
normal
simd_float4x4([[0.0219878, -0.94506, 0.326158, 0.0)], [0.993546, -0.0156555, -0.112342, 0.0)], [0.111276, 0.326523, 0.938616, 0.0)], [-0.047417, -0.0112308, -0.00958997, 1.0)]])
-0.047417, -0.0112308, -0.00958997
float3(-0.332623, 0.118003, -1.58736)
1038385.78162933
normal
simd_float4x4([[0.0225759, -0.941805, 0.3354, 0.0)], [0.994581, -0.0128991, -0.103166, 0.0)], [0.101489, 0.335912, 0.93641, 0.0)], [-0.0466089, -0.0114554, -0.0134048, 1.0)]])
-0.0466089, -0.0114554, -0.0134048
float3(-0.342573, 0.107959, -1.58449)
1038385.98174283
normal
simd_float4x4([[0.0212891, -0.938798, 0.343811, 0.0)], [0.995346, -0.0124262, -0.0955636, 0.0)], [0.0939871, 0.344245, 0.934164, 0.0)], [-0.0457708, -0.0131744, -0.018497, 1.0)]])
-0.0457708, -0.0131744, -0.018497
float3(-0.351434, 0.100274, -1.58403)
1038386.18185617
normal
simd_float4x4([[0.0147219, -0.933876, 0.357294, 0.0)], [0.997691, -0.00997436, -0.0671792, 0.0)], [0.0663008, 0.357458, 0.931573, 0.0)], [-0.042152, -0.0148804, -0.0218629, 1.0)]])
-0.042152, -0.0148804, -0.0218629
float3(-0.365545, 0.071051, -1.58148)
1038386.38196963
normal
simd_float4x4([[0.00608028, -0.931915, 0.362627, 0.0)], [0.999543, -0.00508108, -0.0298175, 0.0)], [0.0296299, 0.362643, 0.931457, 0.0)], [-0.0346588, -0.0152735, -0.0251454, 1.0)]])
-0.0346588, -0.0152735, -0.0251454
float3(-0.371102, 0.0317995, -1.57625)
1038386.59875933
normal
simd_float4x4([[0.000111021, -0.925841, 0.377915, 0.0)], [0.999889, -0.00554316, -0.0138737, 0.0)], [0.0149397, 0.377874, 0.925737, 0.0)], [-0.0343162, -0.0186315, -0.0299208, 1.0)]])
-0.0343162, -0.0186315, -0.0299208
float3(-0.387499, 0.0161368, -1.57678)
1038386.79887258
normal
simd_float4x4([[-0.00692633, -0.924771, 0.380461, 0.0)], [0.999976, -0.00658941, 0.00218805, 0.0)], [0.000483567, 0.380467, 0.924795, 0.0)], [-0.0289491, -0.0186164, -0.0327715, 1.0)]])
-0.0289491, -0.0186164, -0.0327715
float3(-0.390301, 0.000522891, -1.57792)
1038387.01566229
normal
simd_float4x4([[-0.011545, -0.923791, 0.382723, 0.0)], [0.999843, -0.00551825, 0.0168412, 0.0)], [-0.0134458, 0.382857, 0.92371, 0.0)], [-0.0275121, -0.0167719, -0.0321257, 1.0)]])
-0.0275121, -0.0167719, -0.0321257
float3(-0.392887, -0.0145553, -1.57677)
1038387.21577567
normal
simd_float4x4([[-0.0127415, -0.92549, 0.378559, 0.0)], [0.99965, -0.00300543, 0.0262985, 0.0)], [-0.0232012, 0.378761, 0.925204, 0.0)], [-0.0255821, -0.0150797, -0.0302802, 1.0)]])
-0.0255821, -0.0150797, -0.0302802
float3(-0.388457, -0.0250716, -1.57404)
1038387.43256529
normal
simd_float4x4([[-0.0115046, -0.929563, 0.368485, 0.0)], [0.999434, 0.000958693, 0.0336222, 0.0)], [-0.0316072, 0.368664, 0.929026, 0.0)], [-0.0203526, -0.0120453, -0.0296267, 1.0)]])
-0.0203526, -0.0120453, -0.0296267
float3(-0.377571, -0.0340087, -1.56976)
1038387.64935496
normal
simd_float4x4([[-0.00710155, -0.942449, 0.334275, 0.0)], [0.999548, 0.00307125, 0.029894, 0.0)], [-0.0292002, 0.334337, 0.942001, 0.0)], [-0.0248643, -0.00111084, -0.0205445, 1.0)]])
-0.0248643, -0.00111084, -0.0205445
float3(-0.340901, -0.0309881, -1.56754)
1038387.88282046
normal
simd_float4x4([[0.00202035, -0.956992, 0.290108, 0.0)], [0.99934, -0.008593, -0.0353056, 0.0)], [0.0362801, 0.289988, 0.956342, 0.0)], [-0.063345, 0.0108618, -0.0120975, 1.0)]])
-0.063345, 0.0108618, -0.0120975
float3(-0.294214, 0.0379181, -1.57978)
1038388.08293392
normal
simd_float4x4([[0.0172658, -0.96386, 0.265851, 0.0)], [0.988549, -0.0234087, -0.149071, 0.0)], [0.149907, 0.265381, 0.952419, 0.0)], [-0.127431, 0.0121073, -0.00636974, 1.0)]])
-0.127431, 0.0121073, -0.00636974
float3(-0.268599, 0.156116, -1.59508)
1038388.28304758
normal
simd_float4x4([[0.0346713, -0.970243, 0.23964, 0.0)], [0.947886, -0.044065, -0.315549, 0.0)], [0.316719, 0.238092, 0.918151, 0.0)], [-0.204835, 0.0102049, 0.00488456, 1.0)]])
-0.204835, 0.0102049, 0.00488456
float3(-0.240401, 0.332171, -1.61618)
1038388.48316104
normal
simd_float4x4([[0.0925336, -0.972783, 0.21244, 0.0)], [0.826957, -0.0437551, -0.56056, 0.0)], [0.554598, 0.22755, 0.800401, 0.0)], [-0.27851, 0.0121157, 0.0261684, 1.0)]])
-0.27851, 0.0121157, 0.0261684
float3(-0.229561, 0.605945, -1.61575)
1038388.69995042
normal
simd_float4x4([[0.13943, -0.98527, 0.0990036, 0.0)], [0.476683, -0.0208503, -0.878828, 0.0)], [0.867947, 0.169728, 0.466755, 0.0)], [-0.332708, 0.0195036, 0.0828618, 1.0)]])
-0.332708, 0.0195036, 0.0828618
float3(-0.170554, 1.07739, -1.59196)
1038388.91674017
normal
simd_float4x4([[0.15512, -0.986364, -0.0549836, 0.0)], [-0.141038, 0.0329755, -0.989455, 0.0)], [0.977776, 0.161239, -0.134, 0.0)], [-0.316037, 0.022098, 0.17817, 1.0)]])
-0.316037, 0.022098, 0.17817
float3(-0.161946, 1.70699, -1.53738)
1038389.11685363
normal
simd_float4x4([[0.106239, -0.988864, -0.104214, 0.0)], [-0.645703, 0.0110925, -0.763508, 0.0)], [0.756162, 0.148406, -0.637334, 0.0)], [-0.218082, 0.0276654, 0.254893, 1.0)]])
-0.218082, 0.0276654, 0.254893
float3(-0.148956, 2.27113, -1.55958)
1038389.31696725
normal
simd_float4x4([[0.0928283, -0.990836, -0.0981179, 0.0)], [-0.868456, -0.0323743, -0.494708, 0.0)], [0.486998, 0.131134, -0.863503, 0.0)], [-0.110482, 0.0332303, 0.274418, 1.0)]])
-0.110482, 0.0332303, 0.274418
float3(-0.131513, 2.62808, -1.60346)
1038389.51708087
normal
simd_float4x4([[0.0546679, -0.993899, -0.0957896, 0.0)], [-0.95417, -0.023731, -0.298323, 0.0)], [0.29423, 0.107708, -0.949646, 0.0)], [-0.00962455, 0.0390082, 0.254395, 1.0)]])
-0.00962455, 0.0390082, 0.254395
float3(-0.107918, 2.84114, -1.59467)
1038389.71719429
normal
simd_float4x4([[0.0525082, -0.993325, -0.102708, 0.0)], [-0.982877, -0.0332154, -0.181247, 0.0)], [0.176625, 0.110466, -0.97806, 0.0)], [0.097943, 0.0409289, 0.232543, 1.0)]])
0.097943, 0.0409289, 0.232543
float3(-0.110692, 2.96293, -1.60422)
1038389.91730788
normal
simd_float4x4([[0.0464753, -0.994485, -0.0940204, 0.0)], [-0.993646, -0.0363659, -0.106516, 0.0)], [0.10251, 0.0983733, -0.989856, 0.0)], [0.208706, 0.0391643, 0.182945, 1.0)]])
0.208706, 0.0391643, 0.182945
float3(-0.0985327, 3.0384, -1.60735)
1038390.11742138
normal
simd_float4x4([[0.0285516, -0.994664, -0.0991396, 0.0)], [-0.999509, -0.0271257, -0.0157014, 0.0)], [0.0129284, 0.0995392, -0.99495, 0.0)], [0.334428, 0.0356583, 0.136042, 1.0)]])
0.334428, 0.0356583, 0.136042
float3(-0.0997043, 3.1286, -1.59806)
1038390.31753475
normal
simd_float4x4([[0.018441, -0.993684, -0.110693, 0.0)], [-0.996334, -0.0275138, 0.0810038, 0.0)], [-0.0835377, 0.108793, -0.990548, 0.0)], [0.438133, 0.029818, 0.0592885, 1.0)]])
0.438133, 0.029818, 0.0592885
float3(-0.109009, -3.05746, -1.59848)
1038390.51764838
normal
simd_float4x4([[-0.00116749, -0.993188, -0.116519, 0.0)], [-0.984404, -0.0193563, 0.174854, 0.0)], [-0.175918, 0.114906, -0.977676, 0.0)], [0.497881, 0.0227143, -0.0466634, 1.0)]])
0.497881, 0.0227143, -0.0466634
float3(-0.11516, -2.96356, -1.59028)
1038390.71776179
normal
simd_float4x4([[-0.0280523, -0.991194, -0.12941, 0.0)], [-0.964354, -0.00724245, 0.264517, 0.0)], [-0.263125, 0.132217, -0.955659, 0.0)], [0.549693, 0.0104723, -0.195851, 1.0)]])
0.549693, 0.0104723, -0.195851
float3(-0.132605, -2.87292, -1.5781)
1038390.9345515
normal
simd_float4x4([[-0.0602261, -0.988752, -0.136901, 0.0)], [-0.931299, 0.00629946, 0.364202, 0.0)], [-0.359243, 0.149431, -0.921203, 0.0)], [0.607507, -0.00752395, -0.395373, 1.0)]])
0.607507, -0.00752395, -0.395373
float3(-0.149992, -2.76976, -1.56443)
1038391.13466508
normal
simd_float4x4([[-0.0769103, -0.987377, -0.138461, 0.0)], [-0.892529, 0.00628563, 0.450947, 0.0)], [-0.444384, 0.158263, -0.881746, 0.0)], [0.653484, -0.0268562, -0.595519, 1.0)]])
0.653484, -0.0268562, -0.595519
float3(-0.158931, -2.67476, -1.56443)
1038391.35145471
normal
simd_float4x4([[-0.0884178, -0.986924, -0.13477, 0.0)], [-0.848838, 0.00385826, 0.528639, 0.0)], [-0.521206, 0.161139, -0.83808, 0.0)], [0.632501, -0.0451105, -0.812735, 1.0)]])
0.632501, -0.0451105, -0.812735
float3(-0.161845, -2.58522, -1.56689)
1038391.55156821
normal
simd_float4x4([[-0.0919639, -0.987215, -0.13019, 0.0)], [-0.823794, 0.00198164, 0.566886, 0.0)], [-0.55938, 0.159383, -0.813444, 0.0)], [0.587631, -0.0598016, -0.984711, 1.0)]])
0.587631, -0.0598016, -0.984711
float3(-0.160066, -2.53919, -1.56879)
1038391.76835792
normal
simd_float4x4([[-0.0850703, -0.988777, -0.122818, 0.0)], [-0.806078, -0.00415607, 0.591794, 0.0)], [-0.585663, 0.149345, -0.796678, 0.0)], [0.532125, -0.0612795, -1.11681, 1.0)]])
0.532125, -0.0612795, -1.11681
float3(-0.149905, -2.50768, -1.575)
1038391.98514767
normal
simd_float4x4([[-0.0789061, -0.991183, -0.106448, 0.0)], [-0.799976, -0.000755708, 0.600031, 0.0)], [-0.594821, 0.132502, -0.792863, 0.0)], [0.480169, -0.0454294, -1.17539, 1.0)]])
0.480169, -0.0454294, -1.17539
float3(-0.132893, -2.49795, -1.57156)
1038392.18526121
normal
simd_float4x4([[-0.0661865, -0.994435, -0.0819691, 0.0)], [-0.802119, 0.0041647, 0.59715, 0.0)], [-0.593486, 0.105272, -0.79793, 0.0)], [0.45257, -0.0139282, -1.16359, 1.0)]])
0.45257, -0.0139282, -1.16359
float3(-0.105468, -2.50208, -1.56661)
1038392.38537471
normal
simd_float4x4([[-0.0514459, -0.996779, -0.0615173, 0.0)], [-0.807079, 0.00521663, 0.59042, 0.0)], [-0.588198, 0.080024, -0.804749, 0.0)], [0.4106, 0.013701, -1.09539, 1.0)]])
0.4106, 0.013701, -1.09539
float3(-0.0801097, -2.51042, -1.56556)
1038392.58548825
normal
simd_float4x4([[-0.0402669, -0.998373, -0.0403863, 0.0)], [-0.806516, 0.00861551, 0.59115, 0.0)], [-0.58984, 0.0563759, -0.80555, 0.0)], [0.358423, 0.0257558, -1.02972, 1.0)]])
0.358423, 0.0257558, -1.02972
float3(-0.0564058, -2.50957, -1.56217)
1038392.80227796
normal
simd_float4x4([[-0.0329253, -0.9988, -0.0362495, 0.0)], [-0.804579, 0.00497109, 0.593825, 0.0)], [-0.592932, 0.0487174, -0.803778, 0.0)], [0.284401, 0.0326546, -0.853968, 1.0)]])
0.284401, 0.0326546, -0.853968
float3(-0.0487367, -2.50602, -1.56582)
1038393.00239146
normal
simd_float4x4([[-0.0386312, -0.997813, -0.0536315, 0.0)], [-0.781779, -0.00324783, 0.623548, 0.0)], [-0.622359, 0.0660164, -0.779944, 0.0)], [0.301769, 0.041113, -0.913502, 1.0)]])
0.301769, 0.041113, -0.913502
float3(-0.0660644, -2.4681, -1.57405)
1038393.21918129
normal
simd_float4x4([[-0.0508423, -0.996289, -0.0694449, 0.0)], [-0.770642, -0.00509131, 0.637249, 0.0)], [-0.635238, 0.0859163, -0.767523, 0.0)], [0.322158, 0.0427138, -0.931118, 1.0)]])
0.322158, 0.0427138, -0.931118
float3(-0.0860223, -2.45022, -1.57591)
1038393.41929483
normal
simd_float4x4([[-0.0570931, -0.995276, -0.0785217, 0.0)], [-0.769161, -0.00629318, 0.639024, 0.0)], [-0.6365, 0.0968797, -0.765168, 0.0)], [0.329206, 0.0306575, -0.921025, 1.0)]])
0.329206, 0.0306575, -0.921025
float3(-0.0970319, -2.44773, -1.57712)
1038393.6360845
normal
simd_float4x4([[-0.060162, -0.994786, -0.0823478, 0.0)], [-0.768156, -0.00654181, 0.64023, 0.0)], [-0.63743, 0.101773, -0.763757, 0.0)], [0.331745, 0.0219612, -0.914391, 1.0)]])
0.331745, 0.0219612, -0.914391
float3(-0.10195, -2.44611, -1.57737)
1038393.83619808
normal
simd_float4x4([[-0.05868, -0.995233, -0.0778946, 0.0)], [-0.770896, -0.00439943, 0.636946, 0.0)], [-0.634252, 0.0974246, -0.766963, 0.0)], [0.329158, 0.0218511, -0.915384, 1.0)]])
0.329158, 0.0218511, -0.915384
float3(-0.0975794, -2.45062, -1.57522)
1038394.03631163
normal
simd_float4x4([[-0.0545839, -0.996157, -0.068495, 0.0)], [-0.778879, -0.000445783, 0.627175, 0.0)], [-0.624795, 0.0875829, -0.775861, 0.0)], [0.323985, 0.0252336, -0.918035, 1.0)]])
0.323985, 0.0252336, -0.918035
float3(-0.0876953, -2.46363, -1.57124)
1038394.25310133
normal
simd_float4x4([[-0.0504012, -0.996362, -0.0687191, 0.0)], [-0.790857, -0.00220374, 0.611997, 0.0)], [-0.609922, 0.0851923, -0.787869, 0.0)], [0.317828, 0.0262223, -0.91586, 1.0)]])
0.317828, 0.0262223, -0.91586
float3(-0.0852957, -2.48282, -1.57301)
1038394.45321504
normal
simd_float4x4([[-0.0516373, -0.996144, -0.0709268, 0.0)], [-0.795596, -0.00189412, 0.605825, 0.0)], [-0.603623, 0.0877123, -0.79243, 0.0)], [0.315996, 0.0239992, -0.914845, 1.0)]])
0.315996, 0.0239992, -0.914845
float3(-0.0878251, -2.49062, -1.5727)
1038394.65332846
normal
simd_float4x4([[-0.0537538, -0.995925, -0.0724209, 0.0)], [-0.795651, -0.00110444, 0.605754, 0.0)], [-0.603365, 0.0901833, -0.79235, 0.0)], [0.314479, 0.0209598, -0.914963, 1.0)]])
0.314479, 0.0209598, -0.914963
float3(-0.090306, -2.49078, -1.57191)
1038394.85344213
normal
simd_float4x4([[-0.059457, -0.995037, -0.0797893, 0.0)], [-0.791583, -0.00169929, 0.611059, 0.0)], [-0.608162, 0.0994916, -0.787553, 0.0)], [0.317361, 0.0160967, -0.913378, 1.0)]])
0.317361, 0.0160967, -0.913378
float3(-0.0996565, -2.48402, -1.5725)
1038395.05355567
normal
simd_float4x4([[-0.0651764, -0.994203, -0.0855167, 0.0)], [-0.787287, -0.00142408, 0.616585, 0.0)], [-0.613132, 0.107513, -0.78263, 0.0)], [0.322663, 0.0105723, -0.905521, 1.0)]])
0.322663, 0.0105723, -0.905521
float3(-0.107721, -2.47704, -1.57223)
1038395.25366925
normal
simd_float4x4([[-0.067802, -0.993573, -0.0906439, 0.0)], [-0.781647, -0.00356131, 0.623712, 0.0)], [-0.620026, 0.11314, -0.776381, 0.0)], [0.328825, 0.00628777, -0.899201, 1.0)]])
0.328825, 0.00628777, -0.899201
float3(-0.113383, -2.4677, -1.57438)
1038395.45378296
normal
simd_float4x4([[-0.0668466, -0.993672, -0.0902645, 0.0)], [-0.780658, -0.00425287, 0.624944, 0.0)], [-0.621373, 0.112241, -0.775434, 0.0)], [0.335202, 0.00461595, -0.894, 1.0)]])
0.335202, 0.00461595, -0.894
float3(-0.112478, -2.46605, -1.57508)
1038395.6538965
normal
simd_float4x4([[-0.0636032, -0.994121, -0.0876291, 0.0)], [-0.785043, -0.00437432, 0.619427, 0.0)], [-0.616168, 0.10819, -0.780149, 0.0)], [0.335776, 0.0039884, -0.891377, 1.0)]])
0.335776, 0.0039884, -0.891377
float3(-0.108402, -2.4731, -1.5752)
1038395.87068629
normal
simd_float4x4([[-0.055912, -0.994183, -0.0920586, 0.0)], [-0.809661, -0.00880447, 0.586832, 0.0)], [-0.584229, 0.107347, -0.804458, 0.0)], [0.31787, 0.00495037, -0.890143, 1.0)]])
0.31787, 0.00495037, -0.890143
float3(-0.107554, -2.51347, -1.57965)
1038396.08747592
normal
simd_float4x4([[-0.0421906, -0.994291, -0.0980122, 0.0)], [-0.857535, -0.0143022, 0.514227, 0.0)], [-0.512693, 0.105744, -0.852036, 0.0)], [0.285345, 0.00475432, -0.881928, 1.0)]])
0.285345, 0.00475432, -0.881928
float3(-0.105943, -2.5999, -1.58518)
1038396.28758962
normal
simd_float4x4([[-0.0248182, -0.994722, -0.0995561, 0.0)], [-0.904995, -0.0199518, 0.424955, 0.0)], [-0.424698, 0.100644, -0.899723, 0.0)], [0.241175, 0.00443393, -0.874051, 1.0)]])
0.241175, 0.00443393, -0.874051
float3(-0.100815, -2.70057, -1.59085)
1038396.50437938
normal
simd_float4x4([[-0.00593278, -0.995345, -0.0961956, 0.0)], [-0.946801, -0.0253624, 0.32082, 0.0)], [-0.321767, 0.0929814, -0.942243, 0.0)], [0.18064, 0.00407083, -0.873756, 1.0)]])
0.18064, 0.00407083, -0.873756
float3(-0.0931159, -2.81252, -1.59627)
1038396.72116913
normal
simd_float4x4([[0.0231512, -0.996101, -0.0851328, 0.0)], [-0.979919, -0.0394791, 0.195446, 0.0)], [-0.198045, 0.0788984, -0.977012, 0.0)], [0.113869, 0.00272697, -0.882158, 1.0)]])
0.113869, 0.00272697, -0.882158
float3(-0.0789805, -2.9416, -1.61041)
1038396.92128279
normal
simd_float4x4([[0.0601152, -0.994979, -0.0800152, 0.0)], [-0.998017, -0.0614093, 0.0138103, 0.0)], [-0.0186546, 0.0790264, -0.996698, 0.0)], [0.0444997, 0.000127822, -0.893327, 1.0)]])
0.0444997, 0.000127822, -0.893327
float3(-0.0791089, -3.12288, -1.63244)
1038397.12139633
normal
simd_float4x4([[0.0913949, -0.992313, -0.0834341, 0.0)], [-0.975263, -0.0722599, -0.208903, 0.0)], [0.201268, 0.100463, -0.974371, 0.0)], [-0.0281298, -0.00456357, -0.903123, 1.0)]])
-0.0281298, -0.00456357, -0.903123
float3(-0.100633, 2.9379, -1.64349)
1038397.32151
normal
simd_float4x4([[0.118102, -0.988591, -0.0934826, 0.0)], [-0.909113, -0.0697742, -0.410665, 0.0)], [0.399457, 0.133487, -0.906982, 0.0)], [-0.0963749, -0.0147941, -0.902318, 1.0)]])
-0.0963749, -0.0147941, -0.902318
float3(-0.133886, 2.72673, -1.64126)
1038397.52162354
normal
simd_float4x4([[0.13797, -0.985329, -0.100455, 0.0)], [-0.804172, -0.0522393, -0.592097, 0.0)], [0.578162, 0.162475, -0.799582, 0.0)], [-0.167819, -0.024986, -0.888073, 1.0)]])
-0.167819, -0.024986, -0.888073
float3(-0.163198, 2.51554, -1.62376)
1038397.73841337
normal
simd_float4x4([[0.1364, -0.987824, -0.0748282, 0.0)], [-0.675806, -0.0375548, -0.736122, 0.0)], [0.724349, 0.150977, -0.6727, 0.0)], [-0.255628, -0.0232692, -0.851161, 1.0)]])
-0.255628, -0.0232692, -0.851161
float3(-0.151556, 2.31924, -1.6088)
1038397.95520321
normal
simd_float4x4([[0.149836, -0.987967, -0.0383389, 0.0)], [-0.523837, -0.0464392, -0.850552, 0.0)], [0.838537, 0.147526, -0.524493, 0.0)], [-0.3504, -0.0237831, -0.818383, 1.0)]])
-0.3504, -0.0237831, -0.818383
float3(-0.148067, 2.12974, -1.61777)
1038398.15531683
normal
simd_float4x4([[0.200556, -0.978601, -0.0460057, 0.0)], [-0.397958, -0.0384675, -0.916597, 0.0)], [0.895213, 0.202138, -0.397157, 0.0)], [-0.440781, -0.0278009, -0.792742, 1.0)]])
-0.440781, -0.0278009, -0.792742
float3(-0.20354, 1.98835, -1.61008)
1038398.3554305
normal
simd_float4x4([[0.216039, -0.975788, -0.034137, 0.0)], [-0.322443, -0.0383004, -0.945814, 0.0)], [0.921606, 0.21534, -0.32291, 0.0)], [-0.542129, -0.0413719, -0.777208, 1.0)]])
-0.542129, -0.0413719, -0.777208
float3(-0.21704, 1.90781, -1.61003)
1038398.55554404
normal
simd_float4x4([[0.208177, -0.977635, -0.0298864, 0.0)], [-0.30515, -0.0358872, -0.951628, 0.0)], [0.929272, 0.207227, -0.305796, 0.0)], [-0.669398, -0.0440203, -0.765079, 1.0)]])
-0.669398, -0.0440203, -0.765079
float3(-0.20874, 1.88871, -1.60749)
1038398.75565775
normal
simd_float4x4([[0.185143, -0.98182, -0.0418532, 0.0)], [-0.280092, -0.0118985, -0.9599, 0.0)], [0.941951, 0.189441, -0.277203, 0.0)], [-0.788554, -0.0263631, -0.762742, 1.0)]])
-0.788554, -0.0263631, -0.762742
float3(-0.190593, 1.857, -1.58291)
1038398.95577137
normal
simd_float4x4([[0.193941, -0.979238, -0.0589947, 0.0)], [-0.219674, 0.0152596, -0.975454, 0.0)], [0.956102, 0.20214, -0.212154, 0.0)], [-0.901481, -0.0165561, -0.762826, 1.0)]])
-0.901481, -0.0165561, -0.762826
float3(-0.203543, 1.78915, -1.55521)
1038399.15588508
normal
simd_float4x4([[0.191299, -0.980323, -0.0487066, 0.0)], [-0.177288, 0.0142962, -0.984055, 0.0)], [0.965388, 0.196884, -0.171064, 0.0)], [-1.03315, -0.0270681, -0.755862, 1.0)]])
-1.03315, -0.0270681, -0.755862
float3(-0.198179, 1.74617, -1.55621)
1038399.35599887
normal
simd_float4x4([[0.166234, -0.985683, -0.0282087, 0.0)], [-0.140418, 0.00465325, -0.990081, 0.0)], [0.976038, 0.168546, -0.137634, 0.0)], [-1.17842, -0.0315883, -0.727997, 1.0)]])
-1.17842, -0.0315883, -0.727997
float3(-0.169354, 1.71089, -1.56608)
1038399.55611242
normal
simd_float4x4([[0.173644, -0.984802, -0.00372146, 0.0)], [-0.116356, -0.0167637, -0.993066, 0.0)], [0.977911, 0.172873, -0.117499, 0.0)], [-1.32797, -0.019127, -0.707235, 1.0)]])
-1.32797, -0.019127, -0.707235
float3(-0.173746, 1.69038, -1.58782)
1038399.7729025
normal
simd_float4x4([[0.197121, -0.98026, 0.0152714, 0.0)], [-0.129075, -0.041391, -0.990771, 0.0)], [0.971845, 0.193331, -0.134686, 0.0)], [-1.47113, -0.0209526, -0.697837, 1.0)]])
-1.47113, -0.0209526, -0.697837
float3(-0.194556, 1.70851, -1.613)
1038399.98969196
normal
simd_float4x4([[0.187711, -0.982219, -0.00331695, 0.0)], [-0.139719, -0.0233586, -0.989916, 0.0)], [0.972236, 0.186282, -0.141619, 0.0)], [-1.63045, -0.0373273, -0.698384, 1.0)]])
-1.63045, -0.0373273, -0.698384
float3(-0.187376, 1.71544, -1.59457)
1038400.18980583
normal
simd_float4x4([[0.189295, -0.981855, -0.0113525, 0.0)], [-0.187608, -0.0248162, -0.981931, 0.0)], [0.963831, 0.188004, -0.188901, 0.0)], [-1.77977, -0.0280466, -0.70509, 1.0)]])
-1.77977, -0.0280466, -0.70509
float3(-0.18913, 1.76433, -1.59607)
1038400.38991967
normal
simd_float4x4([[0.212442, -0.97595, -0.0488839, 0.0)], [-0.191394, 0.00749891, -0.981485, 0.0)], [0.958247, 0.217865, -0.185198, 0.0)], [-1.90288, -0.0233906, -0.694237, 1.0)]])
-1.90288, -0.0233906, -0.694237
float3(-0.219627, 1.76171, -1.56311)
1038400.59003321
normal
simd_float4x4([[0.201714, -0.978095, -0.0513955, 0.0)], [-0.180123, 0.0145345, -0.983537, 0.0)], [0.96274, 0.20765, -0.173245, 0.0)], [-2.03601, -0.0382972, -0.682124, 1.0)]])
-2.03601, -0.0382972, -0.682124
float3(-0.209172, 1.74884, -1.55594)
1038400.79014692
normal
simd_float4x4([[0.169242, -0.984769, -0.0398357, 0.0)], [-0.162777, 0.0119346, -0.986591, 0.0)], [0.97204, 0.173457, -0.158278, 0.0)], [-2.1868, -0.0408445, -0.658863, 1.0)]])
-2.1868, -0.0408445, -0.658863
float3(-0.174339, 1.73221, -1.55868)
1038400.99026058
normal
simd_float4x4([[0.206192, -0.978463, -0.00973618, 0.0)], [-0.123674, -0.016189, -0.992191, 0.0)], [0.970665, 0.205785, -0.124348, 0.0)], [-2.33251, -0.0286809, -0.647378, 1.0)]])
-2.33251, -0.0286809, -0.647378
float3(-0.207266, 1.69821, -1.58734)
1038401.19037433
normal
simd_float4x4([[0.220748, -0.975326, -0.00317269, 0.0)], [-0.152435, -0.0312877, -0.987818, 0.0)], [0.963345, 0.218543, -0.155581, 0.0)], [-2.46248, -0.0339934, -0.637592, 1.0)]])
-2.46248, -0.0339934, -0.637592
float3(-0.220321, 1.73091, -1.60286)
1038401.39048796
normal
simd_float4x4([[0.208159, -0.978081, -0.00533314, 0.0)], [-0.189984, -0.0350833, -0.98116, 0.0)], [0.959467, 0.205251, -0.193123, 0.0)], [-2.60293, -0.0406162, -0.643221, 1.0)]])
-2.60293, -0.0406162, -0.643221
float3(-0.20672, 1.76942, -1.60665)
1038401.59060179
normal
simd_float4x4([[0.203841, -0.97865, -0.0263362, 0.0)], [-0.20352, -0.0160465, -0.978939, 0.0)], [0.957616, 0.204907, -0.202445, 0.0)], [-2.76241, -0.0259761, -0.645617, 1.0)]])
-2.76241, -0.0259761, -0.645617
float3(-0.206369, 1.77913, -1.58719)
1038401.79071537
normal
simd_float4x4([[0.215038, -0.973717, -0.0750618, 0.0)], [-0.218508, 0.0269406, -0.975463, 0.0)], [0.951847, 0.226163, -0.206972, 0.0)], [-2.92498, -0.026919, -0.622301, 1.0)]])
-2.92498, -0.026919, -0.622301
float3(-0.228137, 1.78491, -1.54314)
1038401.99082917
normal
simd_float4x4([[0.183661, -0.981492, -0.0542411, 0.0)], [-0.206114, 0.0155016, -0.978405, 0.0)], [0.961138, 0.190874, -0.199452, 0.0)], [-3.11142, -0.0427703, -0.603524, 1.0)]])
-3.11142, -0.0427703, -0.603524
float3(-0.192053, 1.77541, -1.555)
1038402.207619
normal
simd_float4x4([[0.161166, -0.986916, 0.00468491, 0.0)], [-0.144667, -0.0283196, -0.989075, 0.0)], [0.976267, 0.158727, -0.147339, 0.0)], [-3.32178, -0.0358237, -0.584538, 1.0)]])
-3.32178, -0.0358237, -0.584538
float3(-0.159401, 1.72059, -1.59948)
1038402.40773271
normal
simd_float4x4([[0.213318, -0.976563, 0.0286474, 0.0)], [-0.124361, -0.0562256, -0.990643, 0.0)], [0.969036, 0.207759, -0.133441, 0.0)], [-3.508, -0.0361585, -0.580287, 1.0)]])
-3.508, -0.0361585, -0.580287
float3(-0.209283, 1.70764, -1.62831)
1038402.62452258
normal
simd_float4x4([[0.214139, -0.976785, 0.00603325, 0.0)], [-0.160774, -0.041337, -0.986125, 0.0)], [0.963482, 0.210197, -0.165893, 0.0)], [-3.69694, -0.058947, -0.580007, 1.0)]])
-3.69694, -0.058947, -0.580007
float3(-0.211777, 1.74131, -1.61309)
1038402.82463621
normal
simd_float4x4([[0.221416, -0.975062, -0.0151558, 0.0)], [-0.188928, -0.0276441, -0.981602, 0.0)], [0.956703, 0.220206, -0.190337, 0.0)], [-3.86074, -0.0400855, -0.588656, 1.0)]])
-3.86074, -0.0400855, -0.588656
float3(-0.222025, 1.76718, -1.59914)
1038403.04142625
normal
simd_float4x4([[0.214899, -0.976156, -0.0306376, 0.0)], [-0.0965274, 0.00998745, -0.99528, 0.0)], [0.971854, 0.216842, -0.0920794, 0.0)], [-3.99573, -0.0272974, -0.599765, 1.0)]])
-3.99573, -0.0272974, -0.599765
float3(-0.218579, 1.66526, -1.56057)
1038403.24153979
normal
simd_float4x4([[0.18257, -0.982725, 0.0303239, 0.0)], [0.146031, -0.00339644, -0.989274, 0.0)], [0.972288, 0.18504, 0.142888, 0.0)], [-4.08148, -0.0288933, -0.639399, 1.0)]])
-4.08148, -0.0288933, -0.639399
float3(-0.186113, 1.42488, -1.57425)
1038403.44165362
normal
simd_float4x4([[0.12815, -0.985289, 0.113063, 0.0)], [0.460293, -0.0418914, -0.886778, 0.0)], [0.878469, 0.165683, 0.448153, 0.0)], [-4.15594, -0.030478, -0.66551, 1.0)]])
-4.15594, -0.030478, -0.66551
float3(-0.16645, 1.09906, -1.61329)
1038403.64176725
normal
simd_float4x4([[0.101184, -0.980643, 0.167635, 0.0)], [0.722838, -0.04331, -0.689659, 0.0)], [0.683569, 0.190955, 0.704464, 0.0)], [-4.19443, -0.0290566, -0.670938, 1.0)]])
-4.19443, -0.0290566, -0.670938
float3(-0.192135, 0.770346, -1.61493)
1038403.85855712
normal
simd_float4x4([[0.0635839, -0.984257, 0.164912, 0.0)], [0.876029, -0.0241091, -0.481657, 0.0)], [0.478049, 0.175093, 0.860704, 0.0)], [-4.18034, -0.0292872, -0.650364, 1.0)]])
-4.18034, -0.0292872, -0.650364
float3(-0.176, 0.506992, -1.59529)
1038404.07534712
normal
simd_float4x4([[0.0322672, -0.98313, 0.180043, 0.0)], [0.966262, -0.0153702, -0.257103, 0.0)], [0.255532, 0.182264, 0.949465, 0.0)], [-4.10778, -0.0316934, -0.620416, 1.0)]])
-4.10778, -0.0316934, -0.620416
float3(-0.183289, 0.262904, -1.58643)
1038404.29213687
normal
simd_float4x4([[-0.0244243, -0.984538, 0.17346, 0.0)], [0.998701, -0.031793, -0.0398297, 0.0)], [0.0447287, 0.172262, 0.984035, 0.0)], [-4.00895, -0.0264016, -0.548748, 1.0)]])
-4.00895, -0.0264016, -0.548748
float3(-0.173126, 0.0454231, -1.60308)
1038404.49225063
normal
simd_float4x4([[-0.0588619, -0.98367, 0.170084, 0.0)], [0.990701, -0.0366261, 0.131033, 0.0)], [-0.122664, 0.176215, 0.976679, 0.0)], [-3.93483, -0.0203207, -0.473396, 1.0)]])
-3.93483, -0.0203207, -0.473396
float3(-0.17714, -0.124938, -1.60801)
1038404.69236437
normal
simd_float4x4([[-0.085928, -0.983016, 0.162161, 0.0)], [0.955688, -0.0353281, 0.292255, 0.0)], [-0.281562, 0.180088, 0.942492, 0.0)], [-3.86137, -0.010656, -0.413005, 1.0)]])
-3.86137, -0.010656, -0.413005
float3(-0.181076, -0.290303, -1.60672)
1038404.89247804
normal
simd_float4x4([[-0.101745, -0.984197, 0.144928, 0.0)], [0.892418, -0.0259236, 0.450464, 0.0)], [-0.439589, 0.175169, 0.880953, 0.0)], [-3.80741, -0.00589745, -0.357202, 1.0)]])
-3.80741, -0.00589745, -0.357202
float3(-0.176077, -0.462841, -1.59713)
1038405.09259179
normal
simd_float4x4([[-0.119487, -0.983742, 0.134071, 0.0)], [0.814768, -0.0199931, 0.579442, 0.0)], [-0.567341, 0.178473, 0.80391, 0.0)], [-3.76509, -0.00540262, -0.308807, 1.0)]])
-3.76509, -0.00540262, -0.308807
float3(-0.179434, -0.614559, -1.59112)
1038405.29270546
normal
simd_float4x4([[-0.137156, -0.983705, 0.116243, 0.0)], [0.729976, -0.021053, 0.683148, 0.0)], [-0.669569, 0.178552, 0.720969, 0.0)], [-3.73161, -0.0042787, -0.285951, 1.0)]])
-3.73161, -0.0042787, -0.285951
float3(-0.179515, -0.748451, -1.59219)
1038405.50949554
normal
simd_float4x4([[-0.147521, -0.98464, 0.0933953, 0.0)], [0.63052, -0.0208709, 0.775892, 0.0)], [-0.762025, 0.173348, 0.623914, 0.0)], [-3.70242, 0.000177339, -0.311193, 1.0)]])
-3.70242, 0.000177339, -0.311193
float3(-0.174228, -0.884722, -1.59199)
1038405.70960908
normal
simd_float4x4([[-0.143871, -0.987707, 0.0611209, 0.0)], [0.512803, -0.0215865, 0.858235, 0.0)], [-0.846366, 0.154818, 0.509605, 0.0)], [-3.66671, 0.00388694, -0.344564, 1.0)]])
-3.66671, 0.00388694, -0.344564
float3(-0.155443, -1.02883, -1.59265)
1038405.90972287
normal
simd_float4x4([[-0.129592, -0.991379, 0.0193259, 0.0)], [0.391788, -0.0332905, 0.919453, 0.0)], [-0.910883, 0.126726, 0.392725, 0.0)], [-3.63925, 0.00618657, -0.412767, 1.0)]])
-3.63925, 0.00618657, -0.412767
float3(-0.127067, -1.16373, -1.60436)
1038406.10983658
normal
simd_float4x4([[-0.148585, -0.98868, -0.0208408, 0.0)], [0.286036, -0.0631422, 0.956136, 0.0)], [-0.946629, 0.136107, 0.29218, 0.0)], [-3.59297, -0.00137264, -0.454315, 1.0)]])
-3.59297, -0.00137264, -0.454315
float3(-0.136531, -1.27142, -1.63457)
1038406.30995025
normal
simd_float4x4([[-0.174211, -0.984342, -0.0268557, 0.0)], [0.206485, -0.0631833, 0.976408, 0.0)], [-0.962816, 0.164556, 0.214259, 0.0)], [-3.51604, -0.00986104, -0.4699, 1.0)]])
-3.51604, -0.00986104, -0.4699
float3(-0.165308, -1.35183, -1.6349)
1038406.51006404
normal
simd_float4x4([[-0.172985, -0.984411, -0.0317906, 0.0)], [0.156252, -0.059297, 0.985936, 0.0)], [-0.972451, 0.165585, 0.164073, 0.0)], [-3.40845, -0.0200465, -0.461553, 1.0)]])
-3.40845, -0.0200465, -0.461553
float3(-0.166351, -1.40365, -1.63096)
1038406.72685383
normal
simd_float4x4([[-0.116655, -0.992749, -0.0289947, 0.0)], [0.117144, -0.0427437, 0.992195, 0.0)], [-0.98624, 0.112347, 0.121281, 0.0)], [-3.27314, -0.00682668, -0.435239, 1.0)]])
-3.27314, -0.00682668, -0.435239
float3(-0.112585, -1.44844, -1.61383)
1038406.92696763
normal
simd_float4x4([[-0.124531, -0.992153, -0.0111433, 0.0)], [0.116245, -0.0257422, 0.992887, 0.0)], [-0.985383, 0.12235, 0.118539, 0.0)], [-3.13802, -0.00230827, -0.419497, 1.0)]])
-3.13802, -0.00230827, -0.419497
float3(-0.122657, -1.45107, -1.59674)
1038407.14375742
normal
simd_float4x4([[-0.144572, -0.989342, 0.0173533, 0.0)], [0.103351, 0.00234349, 0.994642, 0.0)], [-0.984082, 0.145591, 0.101911, 0.0)], [-2.98239, -0.0102511, -0.416633, 1.0)]])
-2.98239, -0.0102511, -0.416633
float3(-0.146111, -1.4676, -1.56843)
1038407.34387125
normal
simd_float4x4([[-0.148883, -0.988844, 0.0046529, 0.0)], [0.0711425, -0.00601802, 0.997448, 0.0)], [-0.986292, 0.148834, 0.0712448, 0.0)], [-2.81283, -0.0285188, -0.421787, 1.0)]])
-2.81283, -0.0285188, -0.421787
float3(-0.149389, -1.49869, -1.57688)
1038407.56066108
normal
simd_float4x4([[-0.143513, -0.989368, -0.0235553, 0.0)], [0.0168033, -0.0262343, 0.999515, 0.0)], [-0.989506, 0.143048, 0.0203896, 0.0)], [-2.63456, -0.0213729, -0.425984, 1.0)]])
-2.63456, -0.0213729, -0.425984
float3(-0.14354, -1.55019, -1.59731)
1038407.76077475
normal
simd_float4x4([[-0.168694, -0.984713, -0.0433856, 0.0)], [0.00769407, -0.0453306, 0.998943, 0.0)], [-0.985639, 0.168182, 0.0152235, 0.0)], [-2.47936, -0.0211778, -0.42021, 1.0)]])
-2.47936, -0.0211778, -0.42021
float3(-0.168985, -1.55535, -1.6168)
1038407.96088842
normal
simd_float4x4([[-0.1393, -0.9888, -0.0535737, 0.0)], [0.0174606, -0.0565454, 0.998248, 0.0)], [-0.990096, 0.13812, 0.0251418, 0.0)], [-2.31598, -0.0348777, -0.408356, 1.0)]])
-2.31598, -0.0348777, -0.408356
float3(-0.138563, -1.54541, -1.62792)
1038408.17767829
normal
simd_float4x4([[-0.114628, -0.991574, -0.0603445, 0.0)], [0.0509571, -0.066534, 0.996482, 0.0)], [-0.992101, 0.11115, 0.0581544, 0.0)], [-2.13215, -0.0170197, -0.385387, 1.0)]])
-2.13215, -0.0170197, -0.385387
float3(-0.11138, -1.51225, -1.6378)
1038408.37779196
normal
simd_float4x4([[-0.148626, -0.988772, -0.0155203, 0.0)], [0.0919735, -0.029448, 0.995326, 0.0)], [-0.984607, 0.146503, 0.0953175, 0.0)], [-1.96843, -0.0148427, -0.395576, 1.0)]])
-1.96843, -0.0148427, -0.395576
float3(-0.147033, -1.47429, -1.60057)
1038408.59458183
normal
simd_float4x4([[-0.143912, -0.989517, -0.0120516, 0.0)], [0.0990609, -0.0265221, 0.994728, 0.0)], [-0.98462, 0.141959, 0.101839, 0.0)], [-1.76631, -0.037369, -0.408305, 1.0)]])
-1.76631, -0.037369, -0.408305
float3(-0.14244, -1.46773, -1.59759)
1038408.79469554
normal
simd_float4x4([[-0.138967, -0.98979, -0.0316764, 0.0)], [0.0577011, -0.0400253, 0.997531, 0.0)], [-0.988615, 0.136796, 0.0626741, 0.0)], [-1.57841, -0.0349425, -0.42737, 1.0)]])
-1.57841, -0.0349425, -0.42737
float3(-0.137226, -1.50749, -1.61121)
1038409.01148537
normal
simd_float4x4([[-0.179115, -0.982227, -0.0561115, 0.0)], [0.0354238, -0.0634356, 0.997357, 0.0)], [-0.98319, 0.176654, 0.0461565, 0.0)], [-1.38165, -0.0298224, -0.437187, 1.0)]])
-1.38165, -0.0298224, -0.437187
float3(-0.177586, -1.52389, -1.63529)
1038409.22827529
normal
simd_float4x4([[-0.14621, -0.987785, -0.0538947, 0.0)], [0.0470761, -0.0613658, 0.997005, 0.0)], [-0.988133, 0.143235, 0.0554733, 0.0)], [-1.18819, -0.0444973, -0.441517, 1.0)]])
-1.18819, -0.0444973, -0.441517
float3(-0.143729, -1.51472, -1.63284)
1038409.42838908
normal
simd_float4x4([[-0.112402, -0.991215, -0.0697016, 0.0)], [0.0802465, -0.078972, 0.993642, 0.0)], [-0.990417, 0.106094, 0.0884182, 0.0)], [-1.01488, -0.0277314, -0.436205, 1.0)]])
-1.01488, -0.0277314, -0.436205
float3(-0.106294, -1.48176, -1.6503)
1038409.62850279
normal
simd_float4x4([[-0.145802, -0.98928, -0.00819028, 0.0)], [0.121678, -0.0261479, 0.992225, 0.0)], [-0.981803, 0.143672, 0.124186, 0.0)], [-0.852968, -0.0216129, -0.462483, 1.0)]])
-0.852968, -0.0216129, -0.462483
float3(-0.144171, -1.44498, -1.59722)
1038409.82861646
normal
simd_float4x4([[-0.124508, -0.992218, -0.00108738, 0.0)], [0.132006, -0.0176508, 0.991092, 0.0)], [-0.983398, 0.123255, 0.133176, 0.0)], [-0.686427, -0.0429468, -0.49422, 1.0)]])
-0.686427, -0.0429468, -0.49422
float3(-0.123569, -1.43619, -1.58858)
1038410.04540633
normal
simd_float4x4([[-0.105157, -0.994263, -0.0196023, 0.0)], [0.117921, -0.0320394, 0.992506, 0.0)], [-0.98744, 0.102057, 0.120614, 0.0)], [-0.494018, -0.0377048, -0.547479, 1.0)]])
-0.494018, -0.0377048, -0.547479
float3(-0.102235, -1.44925, -1.60301)
1038410.24552013
normal
simd_float4x4([[-0.120385, -0.991647, -0.0462992, 0.0)], [0.171389, -0.0666994, 0.982943, 0.0)], [-0.977821, 0.110397, 0.177987, 0.0)], [-0.326806, -0.0318736, -0.591373, 1.0)]])
-0.326806, -0.0318736, -0.591373
float3(-0.110622, -1.39074, -1.63796)
1038410.46230992
normal
simd_float4x4([[-0.0985452, -0.994648, -0.031039, 0.0)], [0.268267, -0.0565889, 0.961681, 0.0)], [-0.958291, 0.0864423, 0.272408, 0.0)], [-0.147716, -0.0499736, -0.652977, 1.0)]])
-0.147716, -0.0499736, -0.652977
float3(-0.0865504, -1.29384, -1.62763)
1038410.66242363
normal
simd_float4x4([[-0.0799429, -0.996789, -0.00453114, 0.0)], [0.434045, -0.038902, 0.900051, 0.0)], [-0.897337, 0.069986, 0.435761, 0.0)], [0.0203547, -0.0437836, -0.721932, 1.0)]])
0.0203547, -0.0437836, -0.721932
float3(-0.0700432, -1.11872, -1.6098)
1038410.86253742
normal
simd_float4x4([[-0.105605, -0.9925, 0.0615715, 0.0)], [0.605271, -0.0150287, 0.795878, 0.0)], [-0.788984, 0.121316, 0.602318, 0.0)], [0.157777, -0.0382593, -0.831522, 1.0)]])
0.157777, -0.0382593, -0.831522
float3(-0.121615, -0.918768, -1.58594)
1038411.07932729
normal
simd_float4x4([[-0.0877622, -0.990357, 0.107201, 0.0)], [0.74, 0.00722551, 0.672568, 0.0)], [-0.666857, 0.138355, 0.732229, 0.0)], [0.276876, -0.0515952, -0.971423, 1.0)]])
0.276876, -0.0515952, -0.971423
float3(-0.1388, -0.738707, -1.5635)
1038411.27944092
normal
simd_float4x4([[-0.0883534, -0.988758, 0.120632, 0.0)], [0.835415, -0.00760166, 0.549568, 0.0)], [-0.542472, 0.149334, 0.826694, 0.0)], [0.343755, -0.0608129, -1.11293, 1.0)]])
0.343755, -0.0608129, -1.11293
float3(-0.149895, -0.580718, -1.57848)
1038411.49623075
normal
simd_float4x4([[-0.100638, -0.985235, 0.138507, 0.0)], [0.916966, -0.0378294, 0.397169, 0.0)], [-0.386065, 0.166976, 0.907234, 0.0)], [0.381815, -0.0537454, -1.25123, 1.0)]])
0.381815, -0.0537454, -1.25123
float3(-0.167762, -0.402328, -1.60917)
1038411.69634442
normal
simd_float4x4([[-0.0965815, -0.983195, 0.154918, 0.0)], [0.96398, -0.0536465, 0.260509, 0.0)], [-0.24782, 0.174499, 0.952961, 0.0)], [0.418221, -0.0609306, -1.38288, 1.0)]])
0.418221, -0.0609306, -1.38288
float3(-0.175397, -0.254418, -1.62531)
1038411.91313438
normal
simd_float4x4([[-0.0506736, -0.989015, 0.138858, 0.0)], [0.99353, -0.0357715, 0.107788, 0.0)], [-0.101637, 0.143422, 0.984429, 0.0)], [0.462701, -0.0606123, -1.53315, 1.0)]])
0.462701, -0.0606123, -1.53315
float3(-0.143918, -0.10288, -1.60695)
1038412.11324804
normal
simd_float4x4([[-0.00543558, -0.986561, 0.163306, 0.0)], [0.999447, -0.0107187, -0.0314876, 0.0)], [0.0328149, 0.163045, 0.986073, 0.0)], [0.490283, -0.0471016, -1.67073, 1.0)]])
0.490283, -0.0471016, -1.67073
float3(-0.163776, 0.0332661, -1.58166)
1038412.31336171
normal
simd_float4x4([[0.0467266, -0.981054, 0.188016, 0.0)], [0.991554, 0.0227574, -0.127679, 0.0)], [0.120981, 0.192394, 0.973832, 0.0)], [0.491055, -0.0508514, -1.79801, 1.0)]])
0.491055, -0.0508514, -1.79801
float3(-0.193601, 0.123599, -1.5476)
1038412.53015167
normal
simd_float4x4([[0.0469964, -0.982846, 0.178342, 0.0)], [0.98494, 0.0158563, -0.172165, 0.0)], [0.166384, 0.183748, 0.96879, 0.0)], [0.481237, -0.0665508, -1.94543, 1.0)]])
0.481237, -0.0665508, -1.94543
float3(-0.184798, 0.170085, -1.55466)
1038412.73026542
normal
simd_float4x4([[0.014507, -0.9836, 0.179777, 0.0)], [0.986861, -0.0148511, -0.160888, 0.0)], [0.160919, 0.179749, 0.970461, 0.0)], [0.461443, -0.0599653, -2.0833, 1.0)]])
0.461443, -0.0599653, -2.0833
float3(-0.180731, 0.164322, -1.58589)
1038412.94705517
normal
simd_float4x4([[-0.00754935, -0.978055, 0.208211, 0.0)], [0.987036, -0.0406711, -0.155261, 0.0)], [0.160322, 0.20434, 0.965682, 0.0)], [0.447426, -0.0524095, -2.2143, 1.0)]])
0.447426, -0.0524095, -2.2143
float3(-0.205789, 0.164519, -1.61236)
1038413.14716883
normal
simd_float4x4([[-0.00958954, -0.980229, 0.197634, 0.0)], [0.985237, -0.0430467, -0.165698, 0.0)], [0.17093, 0.193128, 0.96617, 0.0)], [0.435071, -0.0610559, -2.35591, 1.0)]])
0.435071, -0.0610559, -2.35591
