ARKit Data
94987.658956416
limited(__ObjC.ARCamera.TrackingState.Reason.excessiveMotion)
simd_float4x4([[0.0684732, -0.935994, -0.345292, 0.0)], [0.9433, -0.0519386, 0.327853, 0.0)], [-0.324802, -0.348163, 0.879367, 0.0)], [-733879.0, -1.56946e+06, 2.4496e+06, 1.0)]])
-733879.0, -1.56946e+06, 2.4496e+06
float3(0.355611, -0.353816, -1.62623)
94988.048011208
notAvailable
simd_float4x4([[1.0, 0.0, 0.0, 0.0)], [0.0, 1.0, 0.0, 0.0)], [0.0, 0.0, 1.0, 0.0)], [0.0, 0.0, 0.0, 1.0)]])
0.0, 0.0, 0.0
float3(-0.0, 0.0, 0.0)
94988.164664791
limited(__ObjC.ARCamera.TrackingState.Reason.initializing)
simd_float4x4([[0.999946, 0.0103281, -0.000787009, 0.0)], [-0.010358, 0.997056, -0.0759766, 0.0)], [1.38488e-11, 0.0759807, 0.997109, 0.0)], [0.0, 0.0, 0.0, 1.0)]])
0.0, 0.0, 0.0
float3(-0.076054, 1.38889e-11, 0.0103582)
94988.29798275
limited(__ObjC.ARCamera.TrackingState.Reason.initializing)
simd_float4x4([[0.999973, 0.00739759, 0.000241897, 0.0)], [-0.00735583, 0.996893, -0.078427, 0.0)], [-0.000821317, 0.0784231, 0.99692, 0.0)], [0.0, 0.0, 0.0, 1.0)]])
0.0, 0.0, 0.0
float3(-0.0785037, -0.000823855, 0.00742051)
94988.431301166
limited(__ObjC.ARCamera.TrackingState.Reason.initializing)
simd_float4x4([[0.999963, 0.000501469, 0.00857733, 0.0)], [0.000224568, 0.996429, -0.0844368, 0.0)], [-0.00858904, 0.0844356, 0.996392, 0.0)], [0.0, 0.0, 0.0, 1.0)]])
0.0, 0.0, 0.0
float3(-0.0845363, -0.00861993, 0.000503266)
94988.564619166
limited(__ObjC.ARCamera.TrackingState.Reason.initializing)
simd_float4x4([[0.999569, -0.00374701, 0.0291063, 0.0)], [0.00610885, 0.996655, -0.0814864, 0.0)], [-0.0287036, 0.0816291, 0.996249, 0.0)], [0.0, 0.0, 0.0, 1.0)]])
0.0, 0.0, 0.0
float3(-0.08172, -0.0288037, -0.00375956)
94988.697937375
limited(__ObjC.ARCamera.TrackingState.Reason.initializing)
simd_float4x4([[0.998047, -0.00523112, 0.0622477, 0.0)], [0.0100655, 0.996933, -0.0776059, 0.0)], [-0.0616508, 0.0780809, 0.995039, 0.0)], [0.0, 0.0, 0.0, 1.0)]])
0.0, 0.0, 0.0
float3(-0.0781604, -0.0618791, -0.00524716)
94988.831255666
limited(__ObjC.ARCamera.TrackingState.Reason.initializing)
simd_float4x4([[0.995745, -0.00800093, 0.0918062, 0.0)], [0.014942, 0.997059, -0.0751692, 0.0)], [-0.0909348, 0.0762211, 0.992936, 0.0)], [0.0, 0.0, 0.0, 1.0)]])
0.0, 0.0, 0.0
float3(-0.0762951, -0.091327, -0.00802436)
94988.964573833
limited(__ObjC.ARCamera.TrackingState.Reason.initializing)
simd_float4x4([[0.99326, -0.0110226, 0.115381, 0.0)], [0.019594, 0.997109, -0.0734195, 0.0)], [-0.114238, 0.0751855, 0.990604, 0.0)], [0.0, 0.0, 0.0, 1.0)]])
0.0, 0.0, 0.0
float3(-0.0752565, -0.114814, -0.0110541)
94989.097892125
limited(__ObjC.ARCamera.TrackingState.Reason.initializing)
simd_float4x4([[0.991097, -0.0135733, 0.132448, 0.0)], [0.0229926, 0.997292, -0.06985, 0.0)], [-0.131142, 0.0722735, 0.988725, 0.0)], [0.0, 0.0, 0.0, 1.0)]])
0.0, 0.0, 0.0
float3(-0.0723366, -0.131868, -0.0136093)
94989.231210083
limited(__ObjC.ARCamera.TrackingState.Reason.initializing)
simd_float4x4([[0.990889, -0.0165839, 0.133655, 0.0)], [0.025926, 0.997316, -0.0684633, 0.0)], [-0.132161, 0.0713047, 0.98866, 0.0)], [0.0, 0.0, 0.0, 1.0)]])
0.0, 0.0, 0.0
float3(-0.0713652, -0.132889, -0.016627)
94989.364528291
limited(__ObjC.ARCamera.TrackingState.Reason.initializing)
simd_float4x4([[0.991555, -0.0165236, 0.128633, 0.0)], [0.0257478, 0.997188, -0.0703807, 0.0)], [-0.127108, 0.0730983, 0.989192, 0.0)], [0.0, 0.0, 0.0, 1.0)]])
0.0, 0.0, 0.0
float3(-0.0731635, -0.127797, -0.0165686)
94989.497846458
limited(__ObjC.ARCamera.TrackingState.Reason.initializing)
simd_float4x4([[0.992927, -0.018191, 0.117321, 0.0)], [0.0265771, 0.99717, -0.0703164, 0.0)], [-0.11571, 0.0729371, 0.990601, 0.0)], [0.0, 0.0, 0.0, 1.0)]])
0.0, 0.0, 0.0
float3(-0.0730019, -0.116281, -0.0182407)
94989.631164708
limited(__ObjC.ARCamera.TrackingState.Reason.initializing)
simd_float4x4([[0.993676, -0.0168825, 0.111013, 0.0)], [0.0244864, 0.997419, -0.0674926, 0.0)], [-0.109587, 0.0697841, 0.991525, 0.0)], [0.0, 0.0, 0.0, 1.0)]])
0.0, 0.0, 0.0
float3(-0.0698409, -0.110077, -0.0169246)
94989.764482958
limited(__ObjC.ARCamera.TrackingState.Reason.initializing)
simd_float4x4([[0.99512, -0.0170283, 0.0971875, 0.0)], [0.0238824, 0.997274, -0.0698033, 0.0)], [-0.095734, 0.0717838, 0.992814, 0.0)], [0.0, 0.0, 0.0, 1.0)]])
0.0, 0.0, 0.0
float3(-0.0718456, -0.0961297, -0.0170732)
94989.897801208
limited(__ObjC.ARCamera.TrackingState.Reason.initializing)
simd_float4x4([[0.996078, -0.0154479, 0.0871166, 0.0)], [0.0214418, 0.997435, -0.0682927, 0.0)], [-0.0858382, 0.0698928, 0.993854, 0.0)], [0.0, 0.0, 0.0, 1.0)]])
0.0, 0.0, 0.0
float3(-0.0699498, -0.0861552, -0.0154864)
94990.031119208
limited(__ObjC.ARCamera.TrackingState.Reason.initializing)
simd_float4x4([[0.997367, -0.0153742, 0.0708678, 0.0)], [0.0202122, 0.997474, -0.0680667, 0.0)], [-0.0696425, 0.0693199, 0.995158, 0.0)], [0.0, 0.0, 0.0, 1.0)]])
0.0, 0.0, 0.0
float3(-0.0693755, -0.0698674, -0.0154119)
94990.164437375
limited(__ObjC.ARCamera.TrackingState.Reason.initializing)
simd_float4x4([[0.998335, -0.0162365, 0.055348, 0.0)], [0.019801, 0.997719, -0.0644795, 0.0)], [-0.0541752, 0.0654681, 0.996379, 0.0)], [0.0, 0.0, 0.0, 1.0)]])
0.0, 0.0, 0.0
float3(-0.065515, -0.0543186, -0.0162722)
94990.297755583
limited(__ObjC.ARCamera.TrackingState.Reason.initializing)
simd_float4x4([[0.999045, -0.0166348, 0.0403971, 0.0)], [0.0191489, 0.997846, -0.0626734, 0.0)], [-0.0392678, 0.0633872, 0.997211, 0.0)], [0.0, 0.0, 0.0, 1.0)]])
0.0, 0.0, 0.0
float3(-0.0634297, -0.0393573, -0.0166692)
94990.431073833
limited(__ObjC.ARCamera.TrackingState.Reason.initializing)
simd_float4x4([[0.999508, -0.0176973, 0.0258832, 0.0)], [0.0192519, 0.997939, -0.0611086, 0.0)], [-0.0247487, 0.0615769, 0.997789, 0.0)], [0.0, 0.0, 0.0, 1.0)]])
0.0, 0.0, 0.0
float3(-0.0616159, -0.0247985, -0.017732)
94990.564392041
limited(__ObjC.ARCamera.TrackingState.Reason.initializing)
simd_float4x4([[0.999636, -0.0178775, 0.0202029, 0.0)], [0.0190861, 0.99793, -0.0613145, 0.0)], [-0.0190652, 0.0616778, 0.997908, 0.0)], [0.0, 0.0, 0.0, 1.0)]])
0.0, 0.0, 0.0
float3(-0.061717, -0.0191029, -0.0179127)
94990.69771025
limited(__ObjC.ARCamera.TrackingState.Reason.initializing)
simd_float4x4([[0.999551, -0.0168937, 0.0247322, 0.0)], [0.0184895, 0.997657, -0.0657919, 0.0)], [-0.0235631, 0.0662197, 0.997521, 0.0)], [0.0, 0.0, 0.0, 1.0)]])
0.0, 0.0, 0.0
float3(-0.0662681, -0.0236173, -0.0169317)
94990.831028541
limited(__ObjC.ARCamera.TrackingState.Reason.initializing)
simd_float4x4([[0.999043, -0.0134135, 0.0416438, 0.0)], [0.0162212, 0.997557, -0.0678422, 0.0)], [-0.0406325, 0.0684528, 0.99682, 0.0)], [0.0, 0.0, 0.0, 1.0)]])
0.0, 0.0, 0.0
float3(-0.0685064, -0.0407396, -0.0134455)
94990.964346541
limited(__ObjC.ARCamera.TrackingState.Reason.initializing)
simd_float4x4([[0.998524, -0.0143381, 0.0523845, 0.0)], [0.0179641, 0.997419, -0.0694253, 0.0)], [-0.0512544, 0.0702639, 0.996205, 0.0)], [0.0, 0.0, 0.0, 1.0)]])
0.0, 0.0, 0.0
float3(-0.0703218, -0.0514044, -0.0143742)
94991.097664833
limited(__ObjC.ARCamera.TrackingState.Reason.initializing)
simd_float4x4([[0.997614, -0.0156842, 0.0672323, 0.0)], [0.0202554, 0.997482, -0.067865, 0.0)], [-0.0659992, 0.0690649, 0.99542, 0.0)], [0.0, 0.0, 0.0, 1.0)]])
0.0, 0.0, 0.0
float3(-0.0691199, -0.066206, -0.0157225)
94991.230982916
limited(__ObjC.ARCamera.TrackingState.Reason.initializing)
simd_float4x4([[0.996956, -0.0178557, 0.0758903, 0.0)], [0.0228969, 0.997545, -0.0660927, 0.0)], [-0.0745246, 0.0676292, 0.994917, 0.0)], [0.0, 0.0, 0.0, 1.0)]])
0.0, 0.0, 0.0
float3(-0.0676809, -0.0747657, -0.0178977)
94991.36430125
limited(__ObjC.ARCamera.TrackingState.Reason.initializing)
simd_float4x4([[0.996203, -0.0181307, 0.0851492, 0.0)], [0.0236747, 0.997628, -0.0645637, 0.0)], [-0.0837772, 0.0663344, 0.994269, 0.0)], [0.0, 0.0, 0.0, 1.0)]])
0.0, 0.0, 0.0
float3(-0.0663832, -0.0840615, -0.0181718)
94991.497619375
limited(__ObjC.ARCamera.TrackingState.Reason.initializing)
simd_float4x4([[0.99549, -0.0155103, 0.0935909, 0.0)], [0.021693, 0.997618, -0.065414, 0.0)], [-0.0923539, 0.0671493, 0.993455, 0.0)], [0.0, 0.0, 0.0, 1.0)]])
0.0, 0.0, 0.0
float3(-0.0671998, -0.0926959, -0.0155461)
94991.630937625
limited(__ObjC.ARCamera.TrackingState.Reason.initializing)
simd_float4x4([[0.99446, -0.0137462, 0.104213, 0.0)], [0.0208007, 0.997537, -0.0669156, 0.0)], [-0.103037, 0.0687126, 0.992297, 0.0)], [0.0, 0.0, 0.0, 1.0)]])
0.0, 0.0, 0.0
float3(-0.0687668, -0.103466, -0.0137793)
94991.764255791
limited(__ObjC.ARCamera.TrackingState.Reason.initializing)
simd_float4x4([[0.992852, -0.0116843, 0.118779, 0.0)], [0.0196071, 0.997637, -0.0657599, 0.0)], [-0.117731, 0.0676188, 0.990735, 0.0)], [0.0, 0.0, 0.0, 1.0)]])
0.0, 0.0, 0.0
float3(-0.0676704, -0.118278, -0.0117114)
94991.897574
limited(__ObjC.ARCamera.TrackingState.Reason.initializing)
simd_float4x4([[0.991631, -0.011665, 0.128576, 0.0)], [0.0203558, 0.997574, -0.066493, 0.0)], [-0.127489, 0.0685539, 0.989463, 0.0)], [0.0, 0.0, 0.0, 1.0)]])
0.0, 0.0, 0.0
float3(-0.0686077, -0.128141, -0.0116928)
94992.03089225
normal
simd_float4x4([[0.990498, -0.00622366, 0.137388, 0.0)], [0.015746, 0.997538, -0.068332, 0.0)], [-0.136625, 0.069846, 0.988157, 0.0)], [5.4948e-05, -0.000158003, 0.000117949, 1.0)]])
5.4948e-05, -0.000158003, 0.000117949
float3(-0.0699029, -0.137391, -0.00623894)
94992.164210458
normal
simd_float4x4([[0.98913, -0.0057565, 0.146932, 0.0)], [0.0158174, 0.997601, -0.0673969, 0.0)], [-0.146191, 0.0689883, 0.986848, 0.0)], [-0.000731193, -0.000282334, 0.000864867, 1.0)]])
-0.000731193, -0.000282334, 0.000864867
float3(-0.0690432, -0.14707, -0.00577028)
94992.297528541
normal
simd_float4x4([[0.987944, -0.00425537, 0.154755, 0.0)], [0.0145051, 0.997769, -0.0651631, 0.0)], [-0.154132, 0.0666222, 0.985801, 0.0)], [-0.00144745, 0.000368004, 0.00181799, 1.0)]])
-0.00144745, 0.000368004, 0.00181799
float3(-0.0666716, -0.155097, -0.00426486)
94992.430846833
normal
simd_float4x4([[0.986547, -0.00550607, 0.163388, 0.0)], [0.0163128, 0.99776, -0.0648738, 0.0)], [-0.162665, 0.0666663, 0.984427, 0.0)], [-0.00171485, -0.000469872, 0.00114542, 1.0)]])
-0.00171485, -0.000469872, 0.00114542
float3(-0.0667158, -0.163758, -0.00551837)
94992.564165208
normal
simd_float4x4([[0.983305, -0.00339219, 0.181932, 0.0)], [0.0159904, 0.997569, -0.0678247, 0.0)], [-0.18126, 0.0696016, 0.980969, 0.0)], [-0.00070088, -0.0018565, -0.00168135, 1.0)]])
-0.00070088, -0.0018565, -0.00168135
float3(-0.0696579, -0.182715, -0.00340045)
94992.697483125
normal
simd_float4x4([[0.981676, -0.0038814, 0.190519, 0.0)], [0.0177137, 0.997322, -0.0709542, 0.0)], [-0.189734, 0.0730288, 0.979116, 0.0)], [0.00156467, -0.00109158, -0.00115844, 1.0)]])
0.00156467, -0.00109158, -0.00115844
float3(-0.0730939, -0.191409, -0.0038918)
94992.830801333
normal
simd_float4x4([[0.978801, -0.00587249, 0.20473, 0.0)], [0.0201297, 0.997508, -0.0676262, 0.0)], [-0.203822, 0.0703138, 0.97648, 0.0)], [0.00441658, 0.000205916, 0.000572508, 1.0)]])
0.00441658, 0.000205916, 0.000572508
float3(-0.0703719, -0.205777, -0.0058871)
94992.964119625
normal
simd_float4x4([[0.97462, -0.00738126, 0.223744, 0.0)], [0.0229833, 0.997474, -0.0672076, 0.0)], [-0.222683, 0.0706443, 0.972328, 0.0)], [0.00761121, 0.000580298, 0.00100025, 1.0)]])
0.00761121, 0.000580298, 0.00100025
float3(-0.0707031, -0.225138, -0.00739981)
94993.097437875
normal
simd_float4x4([[0.970307, -0.00894585, 0.241709, 0.0)], [0.0265279, 0.997223, -0.0695845, 0.0)], [-0.240416, 0.0739304, 0.96785, 0.0)], [0.0113036, 0.000267414, -0.000870807, 1.0)]])
0.0113036, 0.000267414, -0.000870807
float3(-0.0739979, -0.243474, -0.00897052)
94993.230756166
normal
simd_float4x4([[0.967021, -0.0118497, 0.254421, 0.0)], [0.0303782, 0.997153, -0.069021, 0.0)], [-0.252879, 0.0744736, 0.964627, 0.0)], [0.0124508, 0.00065381, 1.98264e-05, 1.0)]])
0.0124508, 0.00065381, 1.98264e-05
float3(-0.0745426, -0.256383, -0.0118829)
94993.364074375
normal
simd_float4x4([[0.962622, -0.0115396, 0.270602, 0.0)], [0.0310855, 0.997197, -0.0680565, 0.0)], [-0.269059, 0.0739245, 0.960283, 0.0)], [0.013922, 0.000668229, -0.00115513, 1.0)]])
0.013922, 0.000668229, -0.00115513
float3(-0.073992, -0.273182, -0.0115716)
94993.4973925
normal
simd_float4x4([[0.95783, -0.00865969, 0.287206, 0.0)], [0.0299129, 0.99712, -0.0696947, 0.0)], [-0.285775, 0.0753468, 0.95533, 0.0)], [0.0167126, 0.000416681, -0.0044824, 1.0)]])
0.0167126, 0.000416681, -0.0044824
float3(-0.0754183, -0.290665, -0.00868449)
94993.630710666
normal
simd_float4x4([[0.963059, -0.0070271, 0.2692, 0.0)], [0.0277047, 0.996941, -0.0730894, 0.0)], [-0.267863, 0.0778475, 0.960307, 0.0)], [-0.0170592, 0.01503, 0.0190159, 1.0)]])
-0.0170592, 0.01503, 0.0190159
float3(-0.0779263, -0.272021, -0.00704854)
94993.764028958
normal
simd_float4x4([[0.965872, -0.00333344, 0.259, 0.0)], [0.0243377, 0.996661, -0.0779336, 0.0)], [-0.257875, 0.0815774, 0.962728, 0.0)], [-0.0192264, 0.0142228, 0.0164088, 1.0)]])
-0.0192264, 0.0142228, 0.0164088
float3(-0.0816681, -0.261715, -0.00334459)
94993.897347166
normal
simd_float4x4([[0.971351, -0.0057485, 0.237582, 0.0)], [0.0256416, 0.996406, -0.0807264, 0.0)], [-0.236264, 0.0845055, 0.968007, 0.0)], [-0.017725, 0.0138365, 0.0133331, 1.0)]])
-0.017725, 0.0138365, 0.0133331
float3(-0.0846064, -0.239392, -0.00576917)
94994.030665375
normal
simd_float4x4([[0.976593, -0.00476478, 0.215041, 0.0)], [0.02369, 0.996055, -0.0855163, 0.0)], [-0.213786, 0.088609, 0.972854, 0.0)], [-0.0216194, 0.0130603, 0.00793561, 1.0)]])
-0.0216194, 0.0130603, 0.00793561
float3(-0.0887253, -0.216313, -0.00478362)
94994.163983666
normal
simd_float4x4([[0.980776, -0.00577017, 0.195054, 0.0)], [0.0231322, 0.995953, -0.0868515, 0.0)], [-0.193763, 0.0896938, 0.976939, 0.0)], [-0.0248423, 0.0134462, 0.00165954, 1.0)]])
-0.0248423, 0.0134462, 0.00165954
float3(-0.0898145, -0.195796, -0.00579356)
94994.297301875
normal
simd_float4x4([[0.984425, -0.00525472, 0.175728, 0.0)], [0.0204154, 0.996208, -0.0845774, 0.0)], [-0.174617, 0.0868476, 0.980799, 0.0)], [-0.0237909, 0.0130617, 0.00447527, 1.0)]])
-0.0237909, 0.0130617, 0.00447527
float3(-0.0869572, -0.17619, -0.00527468)
94994.430619916
normal
simd_float4x4([[0.987907, -0.00752084, 0.154867, 0.0)], [0.0204044, 0.996442, -0.0817706, 0.0)], [-0.153701, 0.0839417, 0.984545, 0.0)], [-0.0252832, 0.0136782, 0.00659087, 1.0)]])
-0.0252832, 0.0136782, 0.00659087
float3(-0.0840406, -0.154864, -0.00754755)
94994.563938208
normal
simd_float4x4([[0.989989, -0.00830455, 0.140898, 0.0)], [0.0199153, 0.996499, -0.0811966, 0.0)], [-0.139731, 0.0831898, 0.986689, 0.0)], [-0.027368, 0.0134963, 0.00756405, 1.0)]])
-0.027368, 0.0134963, 0.00756405
float3(-0.0832861, -0.14068, -0.00833353)
94994.697256416
normal
simd_float4x4([[0.991574, -0.00816602, 0.129282, 0.0)], [0.0187568, 0.996544, -0.0809156, 0.0)], [-0.128175, 0.0826588, 0.988301, 0.0)], [-0.0270186, 0.0136352, 0.00723903, 1.0)]])
-0.0270186, 0.0136352, 0.00723903
float3(-0.0827532, -0.128972, -0.00819415)
94994.830574583
normal
simd_float4x4([[0.992949, -0.00795442, 0.118271, 0.0)], [0.0174596, 0.996678, -0.079551, 0.0)], [-0.117245, 0.0810551, 0.989789, 0.0)], [-0.0268246, 0.0137127, 0.00885097, 1.0)]])
-0.0268246, 0.0137127, 0.00885097
float3(-0.0811441, -0.117905, -0.00798077)
94994.963892916
normal
simd_float4x4([[0.993643, -0.00755553, 0.112325, 0.0)], [0.0160736, 0.997045, -0.075123, 0.0)], [-0.111425, 0.0764509, 0.990828, 0.0)], [-0.0254469, 0.0145735, 0.00917901, 1.0)]])
-0.0254469, 0.0145735, 0.00917901
float3(-0.0765256, -0.111986, -0.00757778)
94995.097211166
normal
simd_float4x4([[0.994274, -0.00605738, 0.10669, 0.0)], [0.0131926, 0.997713, -0.0662998, 0.0)], [-0.106044, 0.0673277, 0.992079, 0.0)], [-0.0260655, 0.0156593, 0.0082046, 1.0)]])
-0.0260655, 0.0156593, 0.0082046
float3(-0.0673786, -0.106487, -0.0060712)
94995.230529416
normal
simd_float4x4([[0.994111, -0.00403365, 0.108294, 0.0)], [0.010471, 0.998207, -0.0589405, 0.0)], [-0.107862, 0.0597273, 0.99237, 0.0)], [-0.025937, 0.016367, 0.00783809, 1.0)]])
-0.025937, 0.016367, 0.00783809
float3(-0.0597629, -0.108266, -0.00404087)
94995.363847458
normal
simd_float4x4([[0.993603, -0.00286484, 0.112892, 0.0)], [0.00862626, 0.998683, -0.0505794, 0.0)], [-0.112598, 0.0512297, 0.992319, 0.0)], [-0.0252776, 0.0175434, 0.00866573, 1.0)]])
-0.0252776, 0.0175434, 0.00866573
float3(-0.0512522, -0.112987, -0.00286861)
94995.497165708
normal
simd_float4x4([[0.992703, -0.00125039, 0.120582, 0.0)], [0.00655448, 0.999028, -0.0436007, 0.0)], [-0.120411, 0.0440729, 0.991745, 0.0)], [-0.0248303, 0.0194094, 0.00974391, 1.0)]])
-0.0248303, 0.0194094, 0.00974391
float3(-0.0440871, -0.120821, -0.00125161)
94995.630483916
normal
simd_float4x4([[0.989794, -0.00412413, 0.142447, 0.0)], [0.00987517, 0.999163, -0.0396897, 0.0)], [-0.142165, 0.0406913, 0.989006, 0.0)], [-0.0101209, 0.0200803, 0.00787146, 1.0)]])
-0.0101209, 0.0200803, 0.00787146
float3(-0.0407026, -0.142767, -0.00412756)
94995.763802208
normal
simd_float4x4([[0.98757, -0.00414051, 0.157122, 0.0)], [0.00992637, 0.9993, -0.0360571, 0.0)], [-0.156863, 0.0371686, 0.986921, 0.0)], [-0.00937407, 0.019282, 0.00912867, 1.0)]])
-0.00937407, 0.019282, 0.00912867
float3(-0.0371772, -0.157623, -0.00414339)
94995.8971205
normal
simd_float4x4([[0.984857, -0.00236262, 0.173352, 0.0)], [0.00856786, 0.999349, -0.0350561, 0.0)], [-0.173156, 0.0360105, 0.984236, 0.0)], [-0.0104769, 0.0175816, 0.00961657, 1.0)]])
-0.0104769, 0.0175816, 0.00961657
float3(-0.0360183, -0.174147, -0.00236416)
94996.030438583
normal
simd_float4x4([[0.982494, -0.00304942, 0.18627, 0.0)], [0.00969333, 0.999348, -0.0347679, 0.0)], [-0.186043, 0.0359648, 0.981883, 0.0)], [-0.01023, 0.0172168, 0.0109382, 1.0)]])
-0.01023, 0.0172168, 0.0109382
float3(-0.0359726, -0.187255, -0.0030514)
94996.163756708
normal
simd_float4x4([[0.980261, -0.000789385, 0.197707, 0.0)], [0.00819359, 0.999295, -0.0366352, 0.0)], [-0.197538, 0.037532, 0.979576, 0.0)], [-0.00935998, 0.0169124, 0.0119811, 1.0)]])
-0.00935998, 0.0169124, 0.0119811
float3(-0.0375408, -0.198988, -0.000789942)
94996.297074916
normal
simd_float4x4([[0.978474, -0.00092775, 0.20637, 0.0)], [0.00879966, 0.999268, -0.0372299, 0.0)], [-0.206185, 0.0382445, 0.977765, 0.0)], [-0.00875663, 0.0169725, 0.0153324, 1.0)]])
-0.00875663, 0.0169725, 0.0153324
float3(-0.0382538, -0.207829, -0.000928429)
94996.43039325
normal
simd_float4x4([[0.976869, -0.00144562, 0.213836, 0.0)], [0.00973634, 0.999241, -0.0377234, 0.0)], [-0.213619, 0.0389328, 0.976141, 0.0)], [-0.00880104, 0.0169281, 0.017196, 1.0)]])
-0.00880104, 0.0169281, 0.017196
float3(-0.0389426, -0.215444, -0.00144671)
94996.563711416
normal
simd_float4x4([[0.974462, 0.000117581, 0.22455, 0.0)], [0.00888832, 0.999196, -0.0390951, 0.0)], [-0.224374, 0.0400926, 0.973678, 0.0)], [-0.00883392, 0.0169073, 0.017212, 1.0)]])
-0.00883392, 0.0169073, 0.017212
float3(-0.0401033, -0.226486, 0.000117676)
94996.697029708
normal
simd_float4x4([[0.971842, 0.00156122, 0.23563, 0.0)], [0.00770886, 0.999232, -0.0384154, 0.0)], [-0.235509, 0.0391501, 0.971083, 0.0)], [-0.00910302, 0.0171066, 0.017802, 1.0)]])
-0.00910302, 0.0171066, 0.017802
float3(-0.0391601, -0.237928, 0.00156242)
94996.830347916
normal
simd_float4x4([[0.969731, 0.00144536, 0.24417, 0.0)], [0.0085572, 0.999167, -0.0398999, 0.0)], [-0.244024, 0.0407816, 0.968911, 0.0)], [-0.00890431, 0.0171006, 0.0175303, 1.0)]])
-0.00890431, 0.0171006, 0.0175303
float3(-0.0407929, -0.246723, 0.00144657)
94996.963666125
normal
simd_float4x4([[0.966718, 0.000664543, 0.255844, 0.0)], [0.0100377, 0.999128, -0.0405232, 0.0)], [-0.255648, 0.0417426, 0.965868, 0.0)], [-0.00839156, 0.0173391, 0.0173099, 1.0)]])
-0.00839156, 0.0173391, 0.0173099
float3(-0.0417547, -0.258749, 0.000665123)
94997.096984291
normal
simd_float4x4([[0.96113, 0.00426636, 0.276062, 0.0)], [0.00782264, 0.999058, -0.0426749, 0.0)], [-0.275984, 0.0431757, 0.960192, 0.0)], [-0.00747792, 0.0166178, 0.0171041, 1.0)]])
-0.00747792, 0.0166178, 0.0171041
float3(-0.0431891, -0.279881, 0.00427035)
94997.230302458
normal
simd_float4x4([[0.957694, 0.00389502, 0.287761, 0.0)], [0.00902874, 0.99901, -0.0435707, 0.0)], [-0.287646, 0.0443255, 0.956711, 0.0)], [-0.00708375, 0.016197, 0.0171829, 1.0)]])
-0.00708375, 0.016197, 0.0171829
float3(-0.04434, -0.292063, 0.00389886)
94997.363620833
normal
simd_float4x4([[0.953598, 0.00449924, 0.30105, 0.0)], [0.00987697, 0.998883, -0.0462144, 0.0)], [-0.300922, 0.0470434, 0.952488, 0.0)], [-0.00661132, 0.0154389, 0.0177327, 1.0)]])
-0.00661132, 0.0154389, 0.0177327
float3(-0.0470608, -0.306009, 0.00450424)
94997.496939083
normal
simd_float4x4([[0.948774, 0.00565011, 0.315904, 0.0)], [0.00975772, 0.998839, -0.0471708, 0.0)], [-0.315804, 0.0478369, 0.947618, 0.0)], [-0.00631045, 0.0153943, 0.0184829, 1.0)]])
-0.00631045, 0.0153943, 0.0184829
float3(-0.0478552, -0.321685, 0.00565662)
94997.63025725
normal
simd_float4x4([[0.94789, 0.00450363, 0.318565, 0.0)], [0.0108868, 0.998858, -0.0465147, 0.0)], [-0.31841, 0.047559, 0.946759, 0.0)], [-0.0126357, 0.0120711, 0.0305431, 1.0)]])
-0.0126357, 0.0120711, 0.0305431
float3(-0.0475769, -0.324433, 0.00450874)
94997.763575625
normal
simd_float4x4([[0.945595, 0.00405965, 0.325321, 0.0)], [0.0117748, 0.99884, -0.0466897, 0.0)], [-0.325133, 0.0479802, 0.94445, 0.0)], [-0.012526, 0.0118694, 0.0326647, 1.0)]])
-0.012526, 0.0118694, 0.0326647
float3(-0.0479986, -0.331549, 0.00406434)
94997.89689375
normal
simd_float4x4([[0.943771, 0.00218841, 0.330594, 0.0)], [0.013354, 0.99891, -0.0447352, 0.0)], [-0.330331, 0.0466345, 0.942712, 0.0)], [-0.0100541, 0.0116583, 0.0316522, 1.0)]])
-0.0100541, 0.0116583, 0.0316522
float3(-0.0466514, -0.337036, 0.00219079)
94998.030211958
normal
simd_float4x4([[0.941745, 0.00185642, 0.336323, 0.0)], [0.0133454, 0.998991, -0.0428828, 0.0)], [-0.336063, 0.044873, 0.94077, 0.0)], [-0.0095256, 0.0113545, 0.032277, 1.0)]])
-0.0095256, 0.0113545, 0.032277
float3(-0.0448881, -0.343094, 0.0018583)
94998.163530041
normal
simd_float4x4([[0.941251, 0.00166964, 0.337703, 0.0)], [0.0138877, 0.99895, -0.043647, 0.0)], [-0.337422, 0.0457727, 0.94024, 0.0)], [-0.00991865, 0.0109406, 0.0318219, 1.0)]])
-0.00991865, 0.0109406, 0.0318219
float3(-0.0457887, -0.344553, 0.00167139)
94998.296848375
normal
simd_float4x4([[0.941285, 0.000762934, 0.337612, 0.0)], [0.0151816, 0.99889, -0.0445846, 0.0)], [-0.337271, 0.0470923, 0.940229, 0.0)], [-0.00789737, 0.0118127, 0.0286713, 1.0)]])
-0.00789737, 0.0118127, 0.0286713
float3(-0.0471097, -0.344415, 0.000763781)
94998.430166666
normal
simd_float4x4([[0.942291, 0.000901137, 0.334795, 0.0)], [0.0152276, 0.998846, -0.0455471, 0.0)], [-0.33445, 0.0480167, 0.941189, 0.0)], [-0.00888074, 0.0117491, 0.0287532, 1.0)]])
-0.00888074, 0.0117491, 0.0287532
float3(-0.0480352, -0.341431, 0.000902177)
94998.563484958
normal
simd_float4x4([[0.945275, 0.00146491, 0.326271, 0.0)], [0.0145095, 0.998812, -0.0465216, 0.0)], [-0.325951, 0.0487097, 0.944131, 0.0)], [-0.0112391, 0.0117831, 0.0305983, 1.0)]])
-0.0112391, 0.0117831, 0.0305983
float3(-0.048729, -0.332427, 0.00146665)
94998.696803166
normal
simd_float4x4([[0.949258, 0.000415991, 0.314497, 0.0)], [0.0153811, 0.998741, -0.0477466, 0.0)], [-0.314121, 0.0501611, 0.948057, 0.0)], [-0.0118098, 0.0126049, 0.0278567, 1.0)]])
-0.0118098, 0.0126049, 0.0278567
float3(-0.0501822, -0.319948, 0.000416515)
94998.830121333
normal
simd_float4x4([[0.954672, -0.000217521, 0.297661, 0.0)], [0.0149014, 0.998781, -0.0470625, 0.0)], [-0.297288, 0.0493648, 0.953511, 0.0)], [-0.0139967, 0.0126209, 0.0268873, 1.0)]])
-0.0139967, 0.0126209, 0.0268873
float3(-0.0493849, -0.302231, -0.000217786)
94998.963439625
normal
simd_float4x4([[0.960334, -0.00126951, 0.27885, 0.0)], [0.0143955, 0.998882, -0.045029, 0.0)], [-0.278481, 0.047257, 0.959278, 0.0)], [-0.0147342, 0.0131229, 0.0277084, 1.0)]])
-0.0147342, 0.0131229, 0.0277084
float3(-0.0472746, -0.282537, -0.00127093)
94999.096757833
normal
simd_float4x4([[0.96569, -0.0010387, 0.259695, 0.0)], [0.0125587, 0.999009, -0.0427045, 0.0)], [-0.259393, 0.0445008, 0.964746, 0.0)], [-0.019424, 0.0123048, 0.028293, 1.0)]])
-0.019424, 0.0123048, 0.028293
float3(-0.0445155, -0.26266, -0.00103973)
94999.230076083
normal
simd_float4x4([[0.971109, -0.0022663, 0.238625, 0.0)], [0.0126016, 0.999047, -0.0417951, 0.0)], [-0.238303, 0.0435946, 0.970212, 0.0)], [-0.0219923, 0.0122378, 0.029186, 1.0)]])
-0.0219923, 0.0122378, 0.029186
float3(-0.0436084, -0.240852, -0.00226846)
94999.363394375
normal
simd_float4x4([[0.975231, -0.0038213, 0.221156, 0.0)], [0.0125783, 0.999191, -0.0382016, 0.0)], [-0.220831, 0.0400372, 0.97449, 0.0)], [-0.0243943, 0.0132513, 0.0294966, 1.0)]])
-0.0243943, 0.0132513, 0.0294966
float3(-0.0400479, -0.222848, -0.00382437)
94999.496712625
normal
simd_float4x4([[0.978734, -0.00158306, 0.205128, 0.0)], [0.00967576, 0.999213, -0.0384549, 0.0)], [-0.204906, 0.0396218, 0.977979, 0.0)], [-0.0281542, 0.0134854, 0.0298301, 1.0)]])
-0.0281542, 0.0134854, 0.0298301
float3(-0.0396322, -0.206532, -0.0015843)
94999.63003075
normal
simd_float4x4([[0.986327, -0.00125724, 0.164792, 0.0)], [0.00783939, 0.999197, -0.0392978, 0.0)], [-0.16461, 0.0400524, 0.985545, 0.0)], [-0.0105198, 0.0105052, 0.0167607, 1.0)]])
-0.0105198, 0.0105052, 0.0167607
float3(-0.0400631, -0.165497, -0.00125825)
94999.763348833
normal
simd_float4x4([[0.988379, -0.000560164, 0.152012, 0.0)], [0.00650455, 0.999233, -0.0386103, 0.0)], [-0.151874, 0.0391504, 0.987624, 0.0)], [-0.014002, 0.0106418, 0.0187082, 1.0)]])
-0.014002, 0.0106418, 0.0187082
float3(-0.0391604, -0.152582, -0.000560594)
94999.896667083
normal
simd_float4x4([[0.990062, 0.00128793, 0.140624, 0.0)], [0.00414489, 0.999256, -0.038334, 0.0)], [-0.140568, 0.038536, 0.989321, 0.0)], [-0.0168887, 0.0106265, 0.0190297, 1.0)]])
-0.0168887, 0.0106265, 0.0190297
float3(-0.0385455, -0.141141, 0.00128889)
95000.029985458
normal
simd_float4x4([[0.991476, -0.000767653, 0.130288, 0.0)], [0.00557506, 0.999317, -0.0365377, 0.0)], [-0.13017, 0.0369526, 0.990803, 0.0)], [-0.0166101, 0.0108368, 0.0193324, 1.0)]])
-0.0166101, 0.0108368, 0.0193324
float3(-0.036961, -0.130631, -0.000768178)
95000.163303708
normal
simd_float4x4([[0.992385, 0.000192129, 0.123176, 0.0)], [0.00459044, 0.999246, -0.0385422, 0.0)], [-0.123091, 0.0388141, 0.991636, 0.0)], [-0.0172784, 0.010011, 0.0190058, 1.0)]])
-0.0172784, 0.010011, 0.0190058
float3(-0.0388238, -0.123497, 0.000192274)
95000.296621958
normal
simd_float4x4([[0.993234, 0.00104923, 0.116126, 0.0)], [0.00310725, 0.999361, -0.035606, 0.0)], [-0.116089, 0.035726, 0.992596, 0.0)], [-0.0184, 0.0105163, 0.0189641, 1.0)]])
-0.0184, 0.0105163, 0.0189641
float3(-0.0357336, -0.116426, 0.0010499)
95000.42994025
normal
simd_float4x4([[0.994411, 0.00216075, 0.105554, 0.0)], [0.00164061, 0.999354, -0.0359134, 0.0)], [-0.105563, 0.0358858, 0.993765, 0.0)], [-0.0190658, 0.0103344, 0.0186039, 1.0)]])
-0.0190658, 0.0103344, 0.0186039
float3(-0.0358935, -0.105829, 0.00216214)
95000.56325825
normal
simd_float4x4([[0.99548, 0.00197701, 0.0949493, 0.0)], [0.00134639, 0.999389, -0.034925, 0.0)], [-0.0949604, 0.034895, 0.994869, 0.0)], [-0.018788, 0.0102314, 0.0183542, 1.0)]])
-0.018788, 0.0102314, 0.0183542
float3(-0.0349021, -0.0951618, 0.00197821)
95000.696576583
normal
simd_float4x4([[0.996297, 0.00215671, 0.0859552, 0.0)], [0.000755214, 0.999427, -0.0338303, 0.0)], [-0.0859789, 0.03377, 0.995724, 0.0)], [-0.0200423, 0.0100122, 0.0179207, 1.0)]])
-0.0200423, 0.0100122, 0.0179207
float3(-0.0337764, -0.0861344, 0.00215794)
95000.82989475
normal
simd_float4x4([[0.997021, 0.00151479, 0.0771104, 0.0)], [0.0010924, 0.99943, -0.0337576, 0.0)], [-0.0771175, 0.0337413, 0.996451, 0.0)], [-0.0200783, 0.010112, 0.0173539, 1.0)]])
-0.0200783, 0.010112, 0.0173539
float3(-0.0337477, -0.0772382, 0.00151565)
95000.963213041
normal
simd_float4x4([[0.997622, 0.000649114, 0.0689251, 0.0)], [0.00161555, 0.999461, -0.032796, 0.0)], [-0.0689092, 0.0328294, 0.997083, 0.0)], [-0.0196826, 0.00951642, 0.0162515, 1.0)]])
-0.0196826, 0.00951642, 0.0162515
float3(-0.0328353, -0.0690011, 0.000649465)
95001.096531416
normal
simd_float4x4([[0.998271, 0.000988102, 0.0587631, 0.0)], [0.00103129, 0.99941, -0.0343248, 0.0)], [-0.0587624, 0.034326, 0.997681, 0.0)], [-0.0209859, 0.00930685, 0.0159705, 1.0)]])
-0.0209859, 0.00930685, 0.0159705
float3(-0.0343328, -0.058831, 0.000988685)
95001.229849458
normal
simd_float4x4([[0.999058, 0.000929815, 0.0433924, 0.0)], [0.000472752, 0.999478, -0.0323014, 0.0)], [-0.0433997, 0.0322915, 0.998536, 0.0)], [-0.0222326, 0.00966858, 0.0164183, 1.0)]])
-0.0222326, 0.00966858, 0.0164183
float3(-0.0322971, -0.043436, 0.0009303)
95001.363167875
normal
simd_float4x4([[0.999527, 0.000560326, 0.0307464, 0.0)], [0.000414986, 0.999497, -0.0317057, 0.0)], [-0.0307487, 0.0317034, 0.999024, 0.0)], [-0.0233647, 0.00921853, 0.0164922, 1.0)]])
-0.0233647, 0.00921853, 0.0164922
float3(-0.0317088, -0.030769, 0.000560608)
95001.496486041
normal
simd_float4x4([[0.999827, 0.0018714, 0.0185065, 0.0)], [-0.00127956, 0.999489, -0.0319403, 0.0)], [-0.0185568, 0.0319111, 0.999318, 0.0)], [-0.0246031, 0.00911026, 0.0168761, 1.0)]])
-0.0246031, 0.00911026, 0.0168761
float3(-0.0319165, -0.0185673, 0.00187236)
95001.629804083
normal
simd_float4x4([[0.999993, 0.00155168, -0.00345114, 0.0)], [-0.00166114, 0.999488, -0.0319439, 0.0)], [0.00339981, 0.0319494, 0.999484, 0.0)], [-0.00786969, 0.00972128, 0.00224231, 1.0)]])
-0.00786969, 0.00972128, 0.00224231
float3(-0.0319548, 0.00340155, 0.00155247)
95001.763122416
normal
simd_float4x4([[0.999863, -0.000283763, -0.016532, 0.0)], [-0.00025056, 0.999478, -0.0323094, 0.0)], [0.0165326, 0.0323092, 0.999341, 0.0)], [-0.0095926, 0.00958812, 0.0031001, 1.0)]])
-0.0095926, 0.00958812, 0.0031001
float3(-0.0323148, 0.016542, -0.000283911)
95001.89644075
normal
simd_float4x4([[0.999545, -0.000101156, -0.0301565, 0.0)], [-0.00090184, 0.999447, -0.0332442, 0.0)], [0.0301432, 0.0332563, 0.998992, 0.0)], [-0.011646, 0.00944206, 0.00287906, 1.0)]])
-0.011646, 0.00944206, 0.00287906
float3(-0.0332624, 0.0301645, -0.000101212)
95002.029759041
normal
simd_float4x4([[0.999172, 0.000705925, -0.040685, 0.0)], [-0.00218384, 0.999339, -0.0362929, 0.0)], [0.0406325, 0.0363516, 0.998513, 0.0)], [-0.0134881, 0.00902853, 0.00224397, 1.0)]])
-0.0134881, 0.00902853, 0.00224397
float3(-0.0363597, 0.0406706, 0.000706392)
95002.163077375
normal
simd_float4x4([[0.998835, 0.000716323, -0.0482424, 0.0)], [-0.0025113, 0.999306, -0.0371571, 0.0)], [0.0481823, 0.037235, 0.998144, 0.0)], [-0.0139211, 0.00874082, 0.00177976, 1.0)]])
-0.0139211, 0.00874082, 0.00177976
float3(-0.0372436, 0.0482344, 0.00071682)
95002.296395625
normal
simd_float4x4([[0.998668, 0.0003603, -0.051593, 0.0)], [-0.00235842, 0.999249, -0.0386729, 0.0)], [0.0515403, 0.038743, 0.997919, 0.0)], [-0.0137673, 0.00874327, 0.00151391, 1.0)]])
-0.0137673, 0.00874327, 0.00151391
float3(-0.0387527, 0.0516019, 0.000360571)
95002.429713625
normal
simd_float4x4([[0.998846, 0.00346927, -0.0479099, 0.0)], [-0.00532305, 0.99924, -0.0386198, 0.0)], [0.0477395, 0.0388303, 0.998105, 0.0)], [-0.0135458, 0.00874954, 0.000919458, 1.0)]])
-0.0135458, 0.00874954, 0.000919458
float3(-0.03884, 0.0477937, 0.00347189)
95002.563031958
normal
simd_float4x4([[0.999257, 0.00610868, -0.0380523, 0.0)], [-0.00758576, 0.999218, -0.0387945, 0.0)], [0.0377856, 0.0390543, 0.998522, 0.0)], [-0.0126574, 0.00853436, -8.50055e-05, 1.0)]])
-0.0126574, 0.00853436, -8.50055e-05
float3(-0.0390642, 0.0378235, 0.00611338)
95002.696350333
normal
simd_float4x4([[0.999675, 0.00808767, -0.0241929, 0.0)], [-0.00903303, 0.99919, -0.0392253, 0.0)], [0.0238561, 0.039431, 0.998937, 0.0)], [-0.0128862, 0.00743393, -0.000487061, 1.0)]])
-0.0128862, 0.00743393, -0.000487061
float3(-0.0394413, 0.0238769, 0.00809405)
95002.829668458
normal
simd_float4x4([[0.999928, 0.00951233, -0.00737451, 0.0)], [-0.00978932, 0.999211, -0.0384812, 0.0)], [0.00700265, 0.0385506, 0.999232, 0.0)], [-0.0117391, 0.00785375, 0.00123465, 1.0)]])
-0.0117391, 0.00785375, 0.00123465
float3(-0.0385602, 0.00700792, 0.00951955)
95002.962986791
normal
simd_float4x4([[0.999905, 0.0110404, 0.00823681, 0.0)], [-0.0107053, 0.999155, -0.0396703, 0.0)], [-0.00866782, 0.0395784, 0.999179, 0.0)], [-0.0108547, 0.00792236, 0.00300591, 1.0)]])
-0.0108547, 0.00792236, 0.00300591
float3(-0.0395887, -0.00867473, 0.0110492)
95003.096305125
normal
simd_float4x4([[0.999548, 0.0118315, 0.0276398, 0.0)], [-0.0107501, 0.999183, -0.0389509, 0.0)], [-0.028078, 0.0386362, 0.998859, 0.0)], [-0.00998016, 0.00874116, 0.00300177, 1.0)]])
-0.00998016, 0.00874116, 0.00300177
float3(-0.0386458, -0.0281027, 0.0118406)
95003.229623208
normal
simd_float4x4([[0.998968, 0.011556, 0.0439212, 0.0)], [-0.00999274, 0.999314, -0.0356457, 0.0)], [-0.044303, 0.03517, 0.998399, 0.0)], [-0.00828371, 0.00929519, 0.00418995, 1.0)]])
-0.00828371, 0.00929519, 0.00418995
float3(-0.0351773, -0.044345, 0.0115634)
95003.362941458
normal
simd_float4x4([[0.99808, 0.0114671, 0.060872, 0.0)], [-0.00925777, 0.999292, -0.0364528, 0.0)], [-0.0612469, 0.0358192, 0.99748, 0.0)], [-0.00738943, 0.00829348, 0.00369616, 1.0)]])
-0.00738943, 0.00829348, 0.00369616
float3(-0.0358269, -0.0613247, 0.0114747)
95003.49625975
normal
simd_float4x4([[0.99642, 0.011341, 0.0837798, 0.0)], [-0.00827622, 0.999287, -0.0368384, 0.0)], [-0.0841378, 0.0360132, 0.995803, 0.0)], [-0.00545741, 0.00814645, 0.00312271, 1.0)]])
-0.00545741, 0.00814645, 0.00312271
float3(-0.036021, -0.0842922, 0.0113486)
95003.629578
normal
simd_float4x4([[0.993764, 0.0116832, 0.110887, 0.0)], [-0.00768769, 0.999308, -0.0363918, 0.0)], [-0.111235, 0.0353124, 0.993166, 0.0)], [-0.00598966, 0.0119196, 0.00215481, 1.0)]])
-0.00598966, 0.0119196, 0.00215481
float3(-0.0353198, -0.111536, 0.0116908)
95003.762896166
normal
simd_float4x4([[0.99198, 0.0102495, 0.125976, 0.0)], [-0.00572244, 0.999327, -0.0362453, 0.0)], [-0.126263, 0.0352337, 0.991371, 0.0)], [-0.00561421, 0.0119396, 0.00263533, 1.0)]])
-0.00561421, 0.0119396, 0.00263533
float3(-0.035241, -0.12668, 0.010256)
95003.896214583
normal
simd_float4x4([[0.990019, 0.00737369, 0.140742, 0.0)], [-0.00210907, 0.999294, -0.0375188, 0.0)], [-0.140919, 0.0368475, 0.989335, 0.0)], [-0.00413601, 0.0118986, 0.00207585, 1.0)]])
-0.00413601, 0.0118986, 0.00207585
float3(-0.0368558, -0.141487, 0.00737877)
95004.029532875
normal
simd_float4x4([[0.987269, 0.00820894, 0.158847, 0.0)], [-0.00200612, 0.999231, -0.03917, 0.0)], [-0.159046, 0.0383526, 0.986526, 0.0)], [-0.00278095, 0.0110939, 0.00156051, 1.0)]])
-0.00278095, 0.0110939, 0.00156051
float3(-0.0383621, -0.159843, 0.00821507)
95004.162850833
normal
simd_float4x4([[0.985684, 0.00867854, 0.168381, 0.0)], [-0.00167141, 0.999128, -0.0417119, 0.0)], [-0.168596, 0.0408333, 0.984839, 0.0)], [-0.00184042, 0.0105142, 0.00148758, 1.0)]])
-0.00184042, 0.0105142, 0.00148758
float3(-0.0408447, -0.169548, 0.00868589)
95004.296169166
normal
simd_float4x4([[0.983835, 0.00837311, 0.178882, 0.0)], [-0.000780199, 0.999097, -0.0424748, 0.0)], [-0.179076, 0.0416486, 0.982953, 0.0)], [-0.000509001, 0.0108464, 0.00221187, 1.0)]])
-0.000509001, 0.0108464, 0.00221187
float3(-0.0416607, -0.180205, 0.00838048)
95004.4294875
normal
simd_float4x4([[0.981919, 0.00651027, 0.189192, 0.0)], [0.00160225, 0.999087, -0.0426954, 0.0)], [-0.189297, 0.0422265, 0.981012, 0.0)], [-9.92566e-05, 0.0107942, 0.00298801, 1.0)]])
-9.92566e-05, 0.0107942, 0.00298801
float3(-0.0422391, -0.190618, 0.00651613)
95004.562805833
normal
simd_float4x4([[0.979255, 0.00583376, 0.20255, 0.0)], [0.00233553, 0.999194, -0.0400699, 0.0)], [-0.20262, 0.0397117, 0.978452, 0.0)], [2.04775e-05, 0.0109365, 0.00476862, 1.0)]])
2.04775e-05, 0.0109365, 0.00476862
float3(-0.0397221, -0.204196, 0.0058384)
95004.696124125
normal
simd_float4x4([[0.976622, 0.00594435, 0.214884, 0.0)], [0.0024782, 0.99924, -0.0389052, 0.0)], [-0.214952, 0.0385282, 0.975864, 0.0)], [-0.000930756, 0.0113408, 0.00598699, 1.0)]])
-0.000930756, 0.0113408, 0.00598699
float3(-0.0385377, -0.216806, 0.0059488)
95004.829442333
normal
simd_float4x4([[0.974631, 0.00576276, 0.223745, 0.0)], [0.00303346, 0.999237, -0.03895, 0.0)], [-0.223799, 0.0386405, 0.973869, 0.0)], [-0.00164814, 0.0112324, 0.00757494, 1.0)]])
-0.00164814, 0.0112324, 0.00757494
float3(-0.0386502, -0.225882, 0.0057671)
95004.9627605
normal
simd_float4x4([[0.972421, 0.00692525, 0.233131, 0.0)], [0.00263606, 0.999169, -0.0406761, 0.0)], [-0.233219, 0.0401688, 0.971594, 0.0)], [-0.00184528, 0.0106862, 0.00871883, 1.0)]])
-0.00184528, 0.0106862, 0.00871883
float3(-0.0401797, -0.23558, 0.00693089)
95005.09607875
normal
simd_float4x4([[0.970096, 0.00637773, 0.242639, 0.0)], [0.00385687, 0.999124, -0.0416819, 0.0)], [-0.242693, 0.0413713, 0.969221, 0.0)], [-0.000746003, 0.0111484, 0.00886793, 1.0)]])
-0.000746003, 0.0111484, 0.00886793
float3(-0.0413831, -0.245355, 0.00638324)
95005.229397041
normal
simd_float4x4([[0.968209, 0.00513792, 0.250089, 0.0)], [0.00555533, 0.999101, -0.0420332, 0.0)], [-0.25008, 0.0420862, 0.96731, 0.0)], [-0.000703171, 0.0116398, 0.0108438, 1.0)]])
-0.000703171, 0.0116398, 0.0108438
float3(-0.0420986, -0.252992, 0.0051425)
95005.362715291
normal
simd_float4x4([[0.965856, 0.00525703, 0.259028, 0.0)], [0.00554349, 0.999146, -0.0409482, 0.0)], [-0.259022, 0.040986, 0.965001, 0.0)], [-0.000303596, 0.012338, 0.0116981, 1.0)]])
-0.000303596, 0.012338, 0.0116981
float3(-0.0409975, -0.262235, 0.00526147)
95005.496033541
normal
simd_float4x4([[0.962959, 0.00429713, 0.269613, 0.0)], [0.00693009, 0.999148, -0.0406764, 0.0)], [-0.269558, 0.0410381, 0.962109, 0.0)], [0.000216633, 0.0127435, 0.0120481, 1.0)]])
0.000216633, 0.0127435, 0.0120481
float3(-0.0410497, -0.27317, 0.00430076)
95005.62935175
normal
simd_float4x4([[0.956031, 0.00396695, 0.29324, 0.0)], [0.00823827, 0.999151, -0.0403752, 0.0)], [-0.293151, 0.0410157, 0.955186, 0.0)], [-0.0204083, 0.00940034, 0.0287928, 1.0)]])
-0.0204083, 0.00940034, 0.0287928
float3(-0.0410272, -0.297779, 0.0039703)
95005.762670125
normal
simd_float4x4([[0.954747, 0.00230105, 0.297409, 0.0)], [0.00984104, 0.999178, -0.0393224, 0.0)], [-0.297255, 0.0404698, 0.95394, 0.0)], [-0.0198228, 0.00994892, 0.0308379, 1.0)]])
-0.0198228, 0.00994892, 0.0308379
float3(-0.0404809, -0.302072, 0.00230294)
95005.895988083
normal
simd_float4x4([[0.952733, 0.00170077, 0.303805, 0.0)], [0.011057, 0.999128, -0.0402682, 0.0)], [-0.303609, 0.041724, 0.951883, 0.0)], [-0.0187463, 0.00984641, 0.0308486, 1.0)]])
-0.0187463, 0.00984641, 0.0308486
float3(-0.0417362, -0.308756, 0.00170226)
95006.029306458
normal
simd_float4x4([[0.949653, 0.00074521, 0.313302, 0.0)], [0.0124181, 0.999122, -0.0400172, 0.0)], [-0.313057, 0.0418931, 0.94881, 0.0)], [-0.0179404, 0.0101384, 0.0305484, 1.0)]])
-0.0179404, 0.0101384, 0.0305484
float3(-0.0419054, -0.3187, 0.000745865)
95006.16262475
normal
simd_float4x4([[0.945733, 0.000113444, 0.324944, 0.0)], [0.0137319, 0.999093, -0.0403148, 0.0)], [-0.324654, 0.0425892, 0.944873, 0.0)], [-0.0171311, 0.00999128, 0.0297891, 1.0)]])
-0.0171311, 0.00999128, 0.0297891
float3(-0.0426021, -0.330958, 0.000113547)
95006.295943083
normal
simd_float4x4([[0.941779, -0.00079611, 0.336231, 0.0)], [0.0153726, 0.999053, -0.0406929, 0.0)], [-0.33588, 0.0434925, 0.9409, 0.0)], [-0.0151325, 0.00993798, 0.029328, 1.0)]])
-0.0151325, 0.00993798, 0.029328
float3(-0.0435062, -0.342878, -0.000796865)
95006.42926125
normal
simd_float4x4([[0.93718, 0.000657668, 0.348845, 0.0)], [0.0149794, 0.999, -0.0421259, 0.0)], [-0.348524, 0.044705, 0.936233, 0.0)], [-0.0136431, 0.00984244, 0.0288451, 1.0)]])
-0.0136431, 0.00984244, 0.0288451
float3(-0.0447199, -0.356368, 0.000658327)
95006.562579541
normal
simd_float4x4([[0.932834, 0.000203844, 0.360306, 0.0)], [0.0158811, 0.999005, -0.0416815, 0.0)], [-0.359956, 0.044604, 0.931902, 0.0)], [-0.0123968, 0.00988577, 0.0273769, 1.0)]])
-0.0123968, 0.00988577, 0.0273769
float3(-0.0446188, -0.368605, 0.000204047)
95006.695897791
normal
