ARKit Data
599667.5662365
limited(__ObjC.ARCamera.TrackingState.Reason.excessiveMotion)
simd_float4x4([[-0.126263, -0.958281, 0.256429, 0.0)], [0.827986, 0.0405641, 0.55928, 0.0)], [-0.546349, 0.282936, 0.788321, 0.0)], [5.22031, 1.39437, 5.37045, 1.0)]])
5.22031, 1.39437, 5.37045
float3(-0.286854, -0.606049, -1.52849)
599667.766349541
limited(__ObjC.ARCamera.TrackingState.Reason.excessiveMotion)
simd_float4x4([[-0.114399, -0.960438, 0.253912, 0.0)], [0.850939, 0.0371597, 0.523948, 0.0)], [-0.512655, 0.276003, 0.813024, 0.0)], [5.30817, 1.49619, 5.51973, 1.0)]])
5.30817, 1.49619, 5.51973
float3(-0.279633, -0.562583, -1.53213)
599667.966462875
limited(__ObjC.ARCamera.TrackingState.Reason.excessiveMotion)
simd_float4x4([[-0.0949195, -0.972937, 0.210677, 0.0)], [0.855314, 0.0285752, 0.517322, 0.0)], [-0.509341, 0.229299, 0.829454, 0.0)], [5.40684, 1.59434, 5.69779, 1.0)]])
5.40684, 1.59434, 5.69779
float3(-0.231357, -0.5507, -1.54143)
599668.555229625
notAvailable
simd_float4x4([[-0.0714772, 0.0, 0.997442, 0.0)], [0.0, 1.0, 0.0, 0.0)], [-0.997442, 0.0, -0.0714773, 0.0)], [-0.0263757, -0.0843142, -0.0428655, 1.0)]])
-0.0263757, -0.0843142, -0.0428655
float3(-0.0, -1.64233, 0.0)
599668.755309416
limited(__ObjC.ARCamera.TrackingState.Reason.initializing)
simd_float4x4([[0.0191525, -0.997409, 0.0693322, 0.0)], [0.999815, 0.0192218, 0.000333112, 0.0)], [-0.00166493, 0.069313, 0.997593, 0.0)], [0.0, 0.0, 0.0, 1.0)]])
0.0, 0.0, 0.0
float3(-0.0693686, -0.00166895, -1.55153)
599668.955422541
limited(__ObjC.ARCamera.TrackingState.Reason.initializing)
simd_float4x4([[0.0203257, -0.997313, 0.0703509, 0.0)], [0.999753, 0.0196417, -0.0104015, 0.0)], [0.00899177, 0.070545, 0.997466, 0.0)], [0.0, 0.0, 0.0, 1.0)]])
0.0, 0.0, 0.0
float3(-0.0706036, 0.00901436, -1.5511)
599669.155535958
limited(__ObjC.ARCamera.TrackingState.Reason.initializing)
simd_float4x4([[0.0111015, -0.9975, 0.0697743, 0.0)], [0.998757, 0.0076698, -0.0492604, 0.0)], [0.0486022, 0.0702344, 0.996344, 0.0)], [0.0, 0.0, 0.0, 1.0)]])
0.0, 0.0, 0.0
float3(-0.0702923, 0.0487419, -1.56311)
599669.355649083
limited(__ObjC.ARCamera.TrackingState.Reason.initializing)
simd_float4x4([[0.00416492, -0.997138, 0.0754653, 0.0)], [0.993263, -0.00461419, -0.115789, 0.0)], [0.115806, 0.0754391, 0.990401, 0.0)], [0.0, 0.0, 0.0, 1.0)]])
0.0, 0.0, 0.0
float3(-0.0755109, 0.1164, -1.57542)
599669.572438416
normal
simd_float4x4([[0.0197733, -0.996552, 0.080583, 0.0)], [0.981298, 0.00390818, -0.192457, 0.0)], [0.191478, 0.0828814, 0.977991, 0.0)], [-0.00377473, 0.00210569, -0.00494468, 1.0)]])
-0.00377473, 0.00210569, -0.00494468
float3(-0.0829766, 0.193342, -1.56687)
599669.789227833
normal
simd_float4x4([[0.027511, -0.997365, 0.0671356, 0.0)], [0.95334, 0.00597888, -0.30184, 0.0)], [0.300643, 0.072307, 0.950992, 0.0)], [-0.00648655, 0.00879832, -0.00681452, 1.0)]])
-0.00648655, 0.00879832, -0.00681452
float3(-0.0723702, 0.306194, -1.5648)
599670.039369375
normal
simd_float4x4([[0.0377588, -0.996738, 0.0713332, 0.0)], [0.923432, 0.00752253, -0.383688, 0.0)], [0.3819, 0.080359, 0.920704, 0.0)], [-0.0189219, -0.00140693, -0.0102971, 1.0)]])
-0.0189219, -0.00140693, -0.0102971
float3(-0.0804457, 0.393192, -1.56325)
599670.256158708
normal
simd_float4x4([[0.0393228, -0.996499, 0.0737751, 0.0)], [0.9228, 0.00789672, -0.385198, 0.0)], [0.383267, 0.0832267, 0.91988, 0.0)], [-0.00571326, -0.00398868, -0.018305, 1.0)]])
-0.00571326, -0.00398868, -0.018305
float3(-0.0833231, 0.394776, -1.56287)
599670.472948083
normal
simd_float4x4([[0.0352009, -0.996252, 0.0790095, 0.0)], [0.944441, 0.00731001, -0.3286, 0.0)], [0.326791, 0.0861869, 0.941159, 0.0)], [0.0102317, 0.00271001, -0.0368274, 1.0)]])
0.0102317, 0.00271001, -0.0368274
float3(-0.0862939, 0.334198, -1.56346)
599670.689737541
normal
simd_float4x4([[0.028686, -0.996389, 0.0799113, 0.0)], [0.963838, 0.0063823, -0.266413, 0.0)], [0.264941, 0.0846638, 0.960541, 0.0)], [0.0355717, 0.0013303, -0.045054, 1.0)]])
0.0355717, 0.0013303, -0.045054
float3(-0.0847653, 0.269132, -1.56439)
599670.889850708
normal
simd_float4x4([[0.0236973, -0.996482, 0.0803811, 0.0)], [0.975295, 0.00537923, -0.220842, 0.0)], [0.219633, 0.0836286, 0.971992, 0.0)], [0.0511933, -0.00378801, -0.0461415, 1.0)]])
0.0511933, -0.00378801, -0.0461415
float3(-0.0837264, 0.22223, -1.5654)
599671.089964041
normal
simd_float4x4([[0.0250128, -0.996645, 0.0779314, 0.0)], [0.982907, 0.0102947, -0.183817, 0.0)], [0.182398, 0.081197, 0.979866, 0.0)], [0.0622309, -0.00583685, -0.0428146, 1.0)]])
0.0622309, -0.00583685, -0.0428146
float3(-0.0812865, 0.184039, -1.56047)
599671.306753375
normal
simd_float4x4([[0.0239058, -0.996624, 0.0785418, 0.0)], [0.985883, 0.0104786, -0.16711, 0.0)], [0.165723, 0.0814279, 0.982805, 0.0)], [0.0683886, -0.00729836, -0.0417349, 1.0)]])
0.0683886, -0.00729836, -0.0417349
float3(-0.0815181, 0.167051, -1.56028)
599671.523542875
normal
simd_float4x4([[0.0259819, -0.996549, 0.0788395, 0.0)], [0.983455, 0.0113372, -0.180798, 0.0)], [0.17928, 0.0822326, 0.980355, 0.0)], [0.0719864, -0.00669963, -0.0438942, 1.0)]])
0.0719864, -0.00669963, -0.0438942
float3(-0.0823256, 0.180874, -1.55942)
599671.723656041
normal
simd_float4x4([[0.0289878, -0.996631, 0.0767267, 0.0)], [0.981231, 0.0137316, -0.19235, 0.0)], [0.190648, 0.0808623, 0.978322, 0.0)], [0.0733752, -0.00574523, -0.0438077, 1.0)]])
0.0733752, -0.00574523, -0.0438077
float3(-0.0809507, 0.19246, -1.55702)
599671.9404455
normal
simd_float4x4([[0.02693, -0.996747, 0.0759625, 0.0)], [0.981698, 0.0120385, -0.190064, 0.0)], [0.188532, 0.0796906, 0.978828, 0.0)], [0.0773564, -0.00634477, -0.0399225, 1.0)]])
0.0773564, -0.00634477, -0.0399225
float3(-0.0797752, 0.190279, -1.55872)
599672.14055875
normal
simd_float4x4([[0.022807, -0.996935, 0.0748343, 0.0)], [0.981122, 0.00794076, -0.193227, 0.0)], [0.19204, 0.0778285, 0.978296, 0.0)], [0.076775, -0.00836069, -0.0379022, 1.0)]])
0.076775, -0.00836069, -0.0379022
float3(-0.0779073, 0.193836, -1.56283)
599672.340671958
normal
simd_float4x4([[0.0200073, -0.997017, 0.0745452, 0.0)], [0.979913, 0.00475784, -0.199366, 0.0)], [0.198417, 0.0770367, 0.977086, 0.0)], [0.0762094, -0.00873763, -0.0387792, 1.0)]])
0.0762094, -0.00873763, -0.0387792
float3(-0.0771131, 0.200346, -1.56602)
599672.540785291
normal
simd_float4x4([[0.0186838, -0.997091, 0.0738951, 0.0)], [0.979178, 0.00330536, -0.202977, 0.0)], [0.202142, 0.0761489, 0.976391, 0.0)], [0.079923, -0.00825946, -0.0378486, 1.0)]])
0.079923, -0.00825946, -0.0378486
float3(-0.0762226, 0.204145, -1.56748)
599672.740898583
normal
simd_float4x4([[0.0169545, -0.996987, 0.0756959, 0.0)], [0.979068, 0.00119679, -0.20353, 0.0)], [0.202826, 0.0775622, 0.976138, 0.0)], [0.0884638, -0.0088109, -0.0395379, 1.0)]])
0.0884638, -0.0088109, -0.0395379
float3(-0.0776402, 0.204869, -1.5696)
599672.941012
normal
simd_float4x4([[0.0132011, -0.997149, 0.0742904, 0.0)], [0.978857, -0.00227955, -0.204535, 0.0)], [0.204122, 0.0754197, 0.976036, 0.0)], [0.0925752, -0.00977276, -0.0368793, 1.0)]])
0.0925752, -0.00977276, -0.0368793
float3(-0.0754914, 0.206162, -1.57308)
599673.141125208
normal
simd_float4x4([[0.0124253, -0.997193, 0.0738419, 0.0)], [0.978145, -0.003207, -0.207901, 0.0)], [0.207554, 0.0748113, 0.975359, 0.0)], [0.0952928, -0.00958667, -0.0372069, 1.0)]])
0.0952928, -0.00958667, -0.0372069
float3(-0.0748812, 0.20967, -1.57401)
599673.341238375
normal
simd_float4x4([[0.0133372, -0.997374, 0.0711849, 0.0)], [0.977732, -0.00190283, -0.209849, 0.0)], [0.209434, 0.0723985, 0.975139, 0.0)], [0.0946019, -0.0102332, -0.0353689, 1.0)]])
0.0946019, -0.0102332, -0.0353689
float3(-0.0724619, 0.211559, -1.5727)
599673.54135175
normal
simd_float4x4([[0.0153129, -0.997145, 0.0739384, 0.0)], [0.97707, -0.000782999, -0.212915, 0.0)], [0.212365, 0.0755034, 0.974269, 0.0)], [0.0949785, -0.0107756, -0.0357373, 1.0)]])
0.0949785, -0.0107756, -0.0357373
float3(-0.0755753, 0.214616, -1.57158)
599673.741465041
normal
simd_float4x4([[0.0129705, -0.996944, 0.0770334, 0.0)], [0.975969, -0.00413702, -0.217869, 0.0)], [0.217522, 0.0780081, 0.972933, 0.0)], [0.0966398, -0.011634, -0.0384901, 1.0)]])
0.0966398, -0.011634, -0.0384901
float3(-0.0780874, 0.219956, -1.57495)
599673.941578416
normal
simd_float4x4([[0.0207649, -0.996331, 0.0830268, 0.0)], [0.978866, 0.00336162, -0.204474, 0.0)], [0.203444, 0.085518, 0.975345, 0.0)], [0.10137, -0.0131453, -0.0430244, 1.0)]])
0.10137, -0.0131453, -0.0430244
float3(-0.0856226, 0.205639, -1.56742)
599674.141691708
normal
simd_float4x4([[0.0177513, -0.996471, 0.0820339, 0.0)], [0.989661, 0.00583254, -0.143304, 0.0)], [0.14232, 0.0837297, 0.986273, 0.0)], [0.119685, -0.0124257, -0.0462261, 1.0)]])
0.119685, -0.0124257, -0.0462261
float3(-0.0838278, 0.143312, -1.56494)
599674.341805166
normal
simd_float4x4([[0.0160316, -0.996313, 0.0842794, 0.0)], [0.998247, 0.0111452, -0.058133, 0.0)], [0.0569794, 0.0850636, 0.994745, 0.0)], [0.141904, -0.0117373, -0.0483025, 1.0)]])
0.141904, -0.0117373, -0.0483025
float3(-0.0851665, 0.0572179, -1.55961)
599674.541918291
normal
simd_float4x4([[0.0123994, -0.99642, 0.0836226, 0.0)], [0.999624, 0.0143983, 0.0233441, 0.0)], [-0.0244645, 0.0833017, 0.996224, 0.0)], [0.161346, -0.0121, -0.0474206, 1.0)]])
0.161346, -0.0121, -0.0474206
float3(-0.0833983, -0.0245523, -1.55635)
599674.742031583
normal
simd_float4x4([[0.0077621, -0.995956, 0.0895067, 0.0)], [0.995312, 0.016324, 0.0953249, 0.0)], [-0.0964005, 0.0883472, 0.991414, 0.0)], [0.180849, -0.01457, -0.0490519, 1.0)]])
0.180849, -0.01457, -0.0490519
float3(-0.0884626, -0.0969307, -1.55441)
599674.942145041
normal
simd_float4x4([[-0.00401742, -0.996096, 0.0881892, 0.0)], [0.986264, 0.010616, 0.164837, 0.0)], [-0.165129, 0.0876401, 0.98237, 0.0)], [0.202867, -0.0166714, -0.0462708, 1.0)]])
0.202867, -0.0166714, -0.0462708
float3(-0.0877526, -0.166536, -1.56014)
599675.158934458
normal
simd_float4x4([[-0.0153026, -0.996288, 0.0847072, 0.0)], [0.971488, 0.00523124, 0.23703, 0.0)], [-0.236593, 0.0859193, 0.967802, 0.0)], [0.225742, -0.0178035, -0.042579, 1.0)]])
0.225742, -0.0178035, -0.042579
float3(-0.0860253, -0.239762, -1.56555)
599675.359047875
normal
simd_float4x4([[-0.0174723, -0.99621, 0.0852076, 0.0)], [0.947669, 0.0106703, 0.319077, 0.0)], [-0.318777, 0.0863236, 0.943891, 0.0)], [0.2427, -0.0196089, -0.0436913, 1.0)]])
0.2427, -0.0196089, -0.0436913
float3(-0.0864311, -0.325699, -1.56009)
599675.559161041
normal
simd_float4x4([[-0.0173322, -0.996164, 0.0857692, 0.0)], [0.914108, 0.0189682, 0.405028, 0.0)], [-0.405101, 0.0854223, 0.910273, 0.0)], [0.256668, -0.0205613, -0.0432674, 1.0)]])
0.256668, -0.0205613, -0.0432674
float3(-0.0855265, -0.418716, -1.55176)
599675.759274416
normal
simd_float4x4([[-0.0219467, -0.996002, 0.0865889, 0.0)], [0.876135, 0.0225577, 0.481537, 0.0)], [-0.481565, 0.0864318, 0.872138, 0.0)], [0.283657, -0.0227182, -0.0386844, 1.0)]])
0.283657, -0.0227182, -0.0386844
float3(-0.0865397, -0.504505, -1.54815)
599675.959387791
normal
simd_float4x4([[-0.0283117, -0.996449, 0.0792947, 0.0)], [0.831387, 0.0205683, 0.555312, 0.0)], [-0.554971, 0.0816465, 0.827853, 0.0)], [0.315151, -0.0249432, -0.0250516, 1.0)]])
0.315151, -0.0249432, -0.0250516
float3(-0.0817375, -0.590565, -1.55016)
599676.159501041
normal
simd_float4x4([[-0.0324734, -0.996807, 0.0729452, 0.0)], [0.778195, 0.0205818, 0.627686, 0.0)], [-0.627183, 0.0771486, 0.775042, 0.0)], [0.347528, -0.0284922, -0.00348157, 1.0)]])
0.347528, -0.0284922, -0.00348157
float3(-0.0772254, -0.680341, -1.55015)
599676.359614541
normal
simd_float4x4([[-0.0378155, -0.997173, 0.0649318, 0.0)], [0.717386, 0.0181441, 0.696439, 0.0)], [-0.695649, 0.0729173, 0.714672, 0.0)], [0.381747, -0.0312563, 0.0238539, 1.0)]])
0.381747, -0.0312563, 0.0238539
float3(-0.0729821, -0.77191, -1.5526)
599676.559727958
normal
simd_float4x4([[-0.0417436, -0.997398, 0.0587699, 0.0)], [0.645202, 0.0180023, 0.7638, 0.0)], [-0.762871, 0.0698022, 0.642771, 0.0)], [0.410458, -0.0345408, 0.0560246, 1.0)]])
0.410458, -0.0345408, 0.0560246
float3(-0.069859, -0.870632, -1.55275)
599676.759841291
normal
simd_float4x4([[-0.040657, -0.997721, 0.0538573, 0.0)], [0.569095, 0.0211812, 0.821999, 0.0)], [-0.821266, 0.0640699, 0.566937, 0.0)], [0.43175, -0.0365382, 0.08888, 1.0)]])
0.43175, -0.0365382, 0.08888
float3(-0.0641138, -0.966596, -1.54957)
599676.959954625
normal
simd_float4x4([[-0.0342859, -0.9983, 0.0471343, 0.0)], [0.505634, 0.0233538, 0.862432, 0.0)], [-0.862067, 0.053402, 0.503974, 0.0)], [0.45621, -0.0359258, 0.127503, 1.0)]])
0.45621, -0.0359258, 0.127503
float3(-0.0534274, -1.04177, -1.54741)
599677.160067875
normal
simd_float4x4([[-0.0317608, -0.998626, 0.0416709, 0.0)], [0.456939, 0.0225725, 0.889212, 0.0)], [-0.888931, 0.0472831, 0.455594, 0.0)], [0.479633, -0.0363274, 0.170677, 1.0)]])
0.479633, -0.0363274, 0.170677
float3(-0.0473008, -1.09718, -1.5482)
599677.376857375
normal
simd_float4x4([[-0.0370403, -0.998866, 0.0299091, 0.0)], [0.410389, 0.0120848, 0.91183, 0.0)], [-0.911158, 0.0460488, 0.409476, 0.0)], [0.502685, -0.036619, 0.215245, 1.0)]])
0.502685, -0.036619, 0.215245
float3(-0.0460651, -1.14844, -1.5587)
599677.57697075
normal
simd_float4x4([[-0.0418873, -0.998828, 0.0242635, 0.0)], [0.378735, 0.00659898, 0.925482, 0.0)], [-0.924557, 0.0479554, 0.378015, 0.0)], [0.518293, -0.0384727, 0.250817, 1.0)]])
0.518293, -0.0384727, 0.250817
float3(-0.0479738, -1.18267, -1.56419)
599677.777084125
normal
simd_float4x4([[-0.0485809, -0.998613, 0.0202787, 0.0)], [0.354897, 0.00171979, 0.934904, 0.0)], [-0.933642, 0.0526153, 0.354321, 0.0)], [0.525553, -0.0397349, 0.275647, 1.0)]])
0.525553, -0.0397349, 0.275647
float3(-0.0526396, -1.20808, -1.56907)
599677.977197375
normal
simd_float4x4([[-0.0545051, -0.998355, 0.0177775, 0.0)], [0.334012, -0.00145124, 0.942568, 0.0)], [-0.940992, 0.0573127, 0.333542, 0.0)], [0.538349, -0.039537, 0.305996, 1.0)]])
0.538349, -0.039537, 0.305996
float3(-0.0573441, -1.23016, -1.57225)
599678.17731075
normal
simd_float4x4([[-0.0550809, -0.998347, 0.0163867, 0.0)], [0.324697, -0.00238975, 0.945815, 0.0)], [-0.944213, 0.0574171, 0.324292, 0.0)], [0.549351, -0.0374348, 0.336775, 1.0)]])
0.549351, -0.0374348, 0.336775
float3(-0.0574487, -1.23997, -1.57319)
599678.377424166
normal
simd_float4x4([[-0.0546656, -0.998302, 0.020122, 0.0)], [0.32177, 0.00146456, 0.946817, 0.0)], [-0.945239, 0.0582329, 0.321143, 0.0)], [0.549365, -0.0345116, 0.340409, 1.0)]])
0.549365, -0.0345116, 0.340409
float3(-0.0582659, -1.24328, -1.56933)
599678.577537583
normal
simd_float4x4([[-0.0593042, -0.998047, 0.0196216, 0.0)], [0.313955, 1.06617e-05, 0.949438, 0.0)], [-0.947584, 0.062466, 0.313342, 0.0)], [0.551728, -0.0349297, 0.345411, 1.0)]])
0.551728, -0.0349297, 0.345411
float3(-0.0625067, -1.25144, -1.57079)
599678.777650875
normal
simd_float4x4([[-0.0615382, -0.997891, 0.0206393, 0.0)], [0.298462, 0.0013346, 0.954421, 0.0)], [-0.952436, 0.0648934, 0.29775, 0.0)], [0.552174, -0.0353894, 0.351316, 1.0)]])
0.552174, -0.0353894, 0.351316
float3(-0.064939, -1.2678, -1.56946)
599678.977764208
normal
simd_float4x4([[-0.0664809, -0.997637, 0.0173544, 0.0)], [0.29546, -0.0030702, 0.95535, 0.0)], [-0.953039, 0.0686401, 0.294966, 0.0)], [0.555284, -0.0365732, 0.351654, 1.0)]])
0.555284, -0.0365732, 0.351654
float3(-0.0686941, -1.27065, -1.57387)
599679.177877625
normal
simd_float4x4([[-0.0697871, -0.997451, 0.0148621, 0.0)], [0.297571, -0.00659492, 0.954677, 0.0)], [-0.952146, 0.0710466, 0.297273, 0.0)], [0.555108, -0.0360816, 0.35076, 1.0)]])
0.555108, -0.0360816, 0.35076
float3(-0.0711065, -1.26817, -1.57741)
599679.377991166
normal
simd_float4x4([[-0.0702893, -0.99745, 0.012395, 0.0)], [0.300232, -0.00930418, 0.953821, 0.0)], [-0.951273, 0.0707648, 0.30012, 0.0)], [0.555973, -0.0347788, 0.353487, 1.0)]])
0.555973, -0.0347788, 0.353487
float3(-0.070824, -1.26519, -1.58012)
599679.578104583
normal
simd_float4x4([[-0.0683816, -0.997599, 0.0109443, 0.0)], [0.300865, -0.0101614, 0.953612, 0.0)], [-0.951212, 0.0685023, 0.300838, 0.0)], [0.557232, -0.0342132, 0.35472, 1.0)]])
0.557232, -0.0342132, 0.35472
float3(-0.068556, -1.26448, -1.58098)
599679.778217916
normal
simd_float4x4([[-0.0694726, -0.997539, 0.00941053, 0.0)], [0.303579, -0.0121547, 0.952729, 0.0)], [-0.95027, 0.0690454, 0.303677, 0.0)], [0.557229, -0.0338189, 0.356546, 1.0)]])
0.557229, -0.0338189, 0.356546
float3(-0.0691004, -1.26148, -1.58298)
599679.995007291
normal
simd_float4x4([[-0.0681861, -0.997645, 0.0074213, 0.0)], [0.285525, -0.0123863, 0.958291, 0.0)], [-0.955942, 0.0674611, 0.285698, 0.0)], [0.536216, -0.0210522, 0.259429, 1.0)]])
0.536216, -0.0210522, 0.259429
float3(-0.0675124, -1.28038, -1.58321)
599680.211796708
normal
simd_float4x4([[-0.0648545, -0.99785, 0.00938728, 0.0)], [0.289079, -0.00978306, 0.957255, 0.0)], [-0.955106, 0.0647959, 0.289092, 0.0)], [0.537458, -0.0219688, 0.270856, 1.0)]])
0.537458, -0.0219688, 0.270856
float3(-0.0648414, -1.27688, -1.5806)
599680.41191025
normal
simd_float4x4([[-0.065227, -0.997811, 0.0108602, 0.0)], [0.293152, -0.00875793, 0.956026, 0.0)], [-0.953838, 0.0655424, 0.293082, 0.0)], [0.539976, -0.0229892, 0.275451, 1.0)]])
0.539976, -0.0229892, 0.275451
float3(-0.0655894, -1.27269, -1.57957)
599680.628699791
normal
simd_float4x4([[-0.0670949, -0.997683, 0.0112671, 0.0)], [0.299801, -0.00938859, 0.953956, 0.0)], [-0.951639, 0.0673835, 0.299736, 0.0)], [0.540029, -0.024032, 0.2768, 1.0)]])
0.540029, -0.024032, 0.2768
float3(-0.0674346, -1.26566, -1.58021)
599680.828813125
normal
simd_float4x4([[-0.0665254, -0.997716, 0.0117386, 0.0)], [0.309385, -0.00944141, 0.95089, 0.0)], [-0.948607, 0.06689, 0.309306, 0.0)], [0.539475, -0.024154, 0.277056, 1.0)]])
0.539475, -0.024154, 0.277056
float3(-0.06694, -1.2556, -1.58026)
599681.028926666
normal
simd_float4x4([[-0.0649247, -0.997832, 0.0107474, 0.0)], [0.322659, -0.0108, 0.946454, 0.0)], [-0.944286, 0.0649159, 0.322661, 0.0)], [0.539644, -0.0238313, 0.278266, 1.0)]])
0.539644, -0.0238313, 0.278266
float3(-0.0649616, -1.24154, -1.58162)
599681.245716041
normal
simd_float4x4([[-0.0636336, -0.997936, 0.00859782, 0.0)], [0.334672, -0.0132225, 0.942242, 0.0)], [-0.940184, 0.0628357, 0.334823, 0.0)], [0.54124, -0.0226279, 0.282494, 1.0)]])
0.54124, -0.0226279, 0.282494
float3(-0.0628772, -1.22868, -1.58405)
599681.445829458
normal
simd_float4x4([[-0.0629609, -0.997976, 0.00889373, 0.0)], [0.343551, -0.0133056, 0.93904, 0.0)], [-0.937021, 0.0621782, 0.343693, 0.0)], [0.54201, -0.0214894, 0.285048, 1.0)]])
0.54201, -0.0214894, 0.285048
float3(-0.0622183, -1.21924, -1.58413)
599681.645942916
normal
simd_float4x4([[-0.0631485, -0.997949, 0.0105162, 0.0)], [0.353461, -0.0125097, 0.935366, 0.0)], [-0.933315, 0.062784, 0.353526, 0.0)], [0.543402, -0.0212949, 0.285522, 1.0)]])
0.543402, -0.0212949, 0.285522
float3(-0.0628253, -1.20871, -1.58333)
599681.846056416
normal
simd_float4x4([[-0.0631144, -0.997941, 0.0114569, 0.0)], [0.363456, -0.0122921, 0.93153, 0.0)], [-0.929471, 0.062957, 0.363483, 0.0)], [0.544024, -0.0205254, 0.287086, 1.0)]])
0.544024, -0.0205254, 0.287086
float3(-0.0629987, -1.19802, -1.58311)
599682.062845666
normal
simd_float4x4([[-0.0654249, -0.997762, 0.0137726, 0.0)], [0.382758, -0.0123469, 0.923766, 0.0)], [-0.921529, 0.0657089, 0.38271, 0.0)], [0.583151, -0.0161943, 0.28226, 1.0)]])
0.583151, -0.0161943, 0.28226
float3(-0.0657563, -1.17717, -1.58317)
599682.27963525
normal
simd_float4x4([[-0.0677736, -0.99759, 0.0148635, 0.0)], [0.405716, -0.0139468, 0.913893, 0.0)], [-0.911483, 0.0679681, 0.405684, 0.0)], [0.55862, -0.0191127, 0.335647, 1.0)]])
0.55862, -0.0191127, 0.335647
float3(-0.0680206, -1.15204, -1.58478)
599682.496424875
normal
simd_float4x4([[-0.0708894, -0.99738, 0.0143967, 0.0)], [0.412271, -0.0161537, 0.910918, 0.0)], [-0.908299, 0.0705097, 0.412336, 0.0)], [0.559685, -0.0186282, 0.33646, 1.0)]])
0.559685, -0.0186282, 0.33646
float3(-0.0705683, -1.14465, -1.58699)
599682.696538291
normal
simd_float4x4([[-0.0719409, -0.997307, 0.0142813, 0.0)], [0.417866, -0.0171355, 0.908347, 0.0)], [-0.905656, 0.071315, 0.417974, 0.0)], [0.560484, -0.0176264, 0.33873, 1.0)]])
0.560484, -0.0176264, 0.33873
float3(-0.0713756, -1.13841, -1.58798)
599682.913327875
normal
simd_float4x4([[-0.0730299, -0.997217, 0.0149645, 0.0)], [0.427423, -0.0177379, 0.903878, 0.0)], [-0.901098, 0.0724063, 0.427529, 0.0)], [0.562014, -0.0159855, 0.337005, 1.0)]])
0.562014, -0.0159855, 0.337005
float3(-0.0724697, -1.12779, -1.58858)
599683.113441208
normal
simd_float4x4([[-0.0760282, -0.997003, 0.0143261, 0.0)], [0.435624, -0.0202885, 0.8999, 0.0)], [-0.896912, 0.0746585, 0.435861, 0.0)], [0.562115, -0.0162324, 0.339568, 1.0)]])
0.562115, -0.0162324, 0.339568
float3(-0.0747281, -1.11845, -1.59114)
599683.330230791
normal
simd_float4x4([[-0.0750694, -0.997048, 0.0161079, 0.0)], [0.446425, -0.0191591, 0.894616, 0.0)], [-0.891667, 0.0743493, 0.446546, 0.0)], [0.561501, -0.0163081, 0.338588, 1.0)]])
0.561501, -0.0163081, 0.338588
float3(-0.0744179, -1.10651, -1.59001)
599683.530344333
normal
simd_float4x4([[-0.0751348, -0.99699, 0.019117, 0.0)], [0.460663, -0.0177007, 0.887398, 0.0)], [-0.884389, 0.075481, 0.460607, 0.0)], [0.56437, -0.0161233, 0.336532, 1.0)]])
0.56437, -0.0161233, 0.336532
float3(-0.0755529, -1.09063, -1.58855)
599683.730457625
normal
simd_float4x4([[-0.076155, -0.996878, 0.0208387, 0.0)], [0.474818, -0.0178796, 0.879902, 0.0)], [-0.876783, 0.0769035, 0.474698, 0.0)], [0.56426, -0.0160219, 0.33776, 1.0)]])
0.56426, -0.0160219, 0.33776
float3(-0.0769795, -1.07457, -1.58873)
599683.930571125
normal
simd_float4x4([[-0.0765416, -0.996815, 0.0223848, 0.0)], [0.481163, -0.0172646, 0.876461, 0.0)], [-0.873283, 0.0778565, 0.480952, 0.0)], [0.569311, -0.0159642, 0.340507, 1.0)]])
0.569311, -0.0159642, 0.340507
float3(-0.0779354, -1.06738, -1.58811)
599684.147360708
normal
simd_float4x4([[-0.0768266, -0.996784, 0.0227718, 0.0)], [0.485633, -0.0174635, 0.873988, 0.0)], [-0.87078, 0.0782043, 0.485413, 0.0)], [0.581153, -0.0149227, 0.344686, 1.0)]])
0.581153, -0.0149227, 0.344686
float3(-0.0782842, -1.06225, -1.58831)
599684.347474125
normal
simd_float4x4([[-0.0769106, -0.99675, 0.0239471, 0.0)], [0.491909, -0.0170429, 0.87048, 0.0)], [-0.867243, 0.0787289, 0.491621, 0.0)], [0.59268, -0.010027, 0.357114, 1.0)]])
0.59268, -0.010027, 0.357114
float3(-0.0788104, -1.05509, -1.58789)
599684.56426375
normal
simd_float4x4([[-0.0762112, -0.996767, 0.0254625, 0.0)], [0.500229, -0.0161312, 0.865743, 0.0)], [-0.862533, 0.0787164, 0.499841, 0.0)], [0.600552, -0.00634117, 0.363611, 1.0)]])
0.600552, -0.00634117, 0.363611
float3(-0.0787979, -1.04558, -1.58698)
599684.764377166
normal
simd_float4x4([[-0.0738954, -0.996881, 0.0277195, 0.0)], [0.507741, -0.0136848, 0.861401, 0.0)], [-0.858335, 0.0777279, 0.507168, 0.0)], [0.60212, -0.00391467, 0.367675, 1.0)]])
0.60212, -0.00391467, 0.367675
float3(-0.0778064, -1.03711, -1.58452)
599684.981166833
normal
simd_float4x4([[-0.0717766, -0.996963, 0.0302114, 0.0)], [0.514454, -0.0110547, 0.857446, 0.0)], [-0.854509, 0.077087, 0.513685, 0.0)], [0.600163, -0.00150473, 0.36761, 1.0)]])
0.600163, -0.00150473, 0.36761
float3(-0.0771636, -1.02953, -1.58188)
599685.1979565
normal
simd_float4x4([[-0.071181, -0.996934, 0.0324799, 0.0)], [0.519577, -0.00926243, 0.854374, 0.0)], [-0.851454, 0.0776909, 0.518643, 0.0)], [0.596115, 0.000479425, 0.368272, 1.0)]])
0.596115, 0.000479425, 0.368272
float3(-0.0777693, -1.02369, -1.58009)
599685.398069875
normal
simd_float4x4([[-0.0703124, -0.996923, 0.0346521, 0.0)], [0.526325, -0.00756748, 0.85025, 0.0)], [-0.847371, 0.0780214, 0.525237, 0.0)], [0.589393, -0.000223234, 0.368987, 1.0)]])
0.589393, -0.000223234, 0.368987
float3(-0.0781008, -1.01591, -1.57839)
599685.598183333
normal
simd_float4x4([[-0.0701653, -0.996938, 0.0345312, 0.0)], [0.528668, -0.00780821, 0.848793, 0.0)], [-0.845924, 0.0778114, 0.527597, 0.0)], [0.598362, 0.00438003, 0.377488, 1.0)]])
0.598362, 0.00438003, 0.377488
float3(-0.0778901, -1.01314, -1.57863)
