ARKit Data
8550.224438708
limited(__ObjC.ARCamera.TrackingState.Reason.excessiveMotion)
simd_float4x4([[0.992459, 0.0619701, -0.105759, 0.0)], [-0.110768, 0.0839082, -0.990298, 0.0)], [-0.0524948, 0.994545, 0.0901398, 0.0)], [2.32639, -0.380742, 0.581653, 1.0)]])
2.32639, -0.380742, 0.581653
float3(-1.4663, -0.527356, 0.636131)
8550.603816541
notAvailable
simd_float4x4([[1.0, 0.0, 0.0, 0.0)], [0.0, 1.0, 0.0, 0.0)], [0.0, 0.0, 1.0, 0.0)], [0.0, 0.0, 0.0, 1.0)]])
0.0, 0.0, 0.0
float3(-0.0, 0.0, 0.0)
8550.720466416
notAvailable
simd_float4x4([[1.0, 0.0, 0.0, 0.0)], [0.0, 1.0, 0.0, 0.0)], [0.0, 0.0, 1.0, 0.0)], [0.0, 0.0, 0.0, 1.0)]])
0.0, 0.0, 0.0
float3(-0.0, 0.0, 0.0)
8550.853780541
limited(__ObjC.ARCamera.TrackingState.Reason.initializing)
simd_float4x4([[0.932898, -0.117963, 0.340273, 0.0)], [0.351825, 0.0966502, -0.931063, 0.0)], [0.0769437, 0.988303, 0.131667, 0.0)], [0.0, 0.0, 0.0, 1.0)]])
0.0, 0.0, 0.0
float3(-1.4177, 0.528855, -0.884382)
8550.987094958
limited(__ObjC.ARCamera.TrackingState.Reason.initializing)
simd_float4x4([[0.832651, -0.170003, 0.527059, 0.0)], [0.543202, 0.0654344, -0.837048, 0.0)], [0.107812, 0.983269, 0.14683, 0.0)], [0.0, 0.0, 0.0, 1.0)]])
0.0, 0.0, 0.0
float3(-1.38761, 0.633357, -1.20337)
8551.120409208
limited(__ObjC.ARCamera.TrackingState.Reason.initializing)
simd_float4x4([[0.720785, -0.186954, 0.66747, 0.0)], [0.690313, 0.106444, -0.715638, 0.0)], [0.0627434, 0.976585, 0.20578, 0.0)], [0.0, 0.0, 0.0, 1.0)]])
0.0, 0.0, 0.0
float3(-1.35397, 0.295951, -1.05321)
8551.253723416
limited(__ObjC.ARCamera.TrackingState.Reason.initializing)
simd_float4x4([[0.613661, -0.0487126, 0.788065, 0.0)], [0.78882, -0.00564969, -0.614598, 0.0)], [0.034391, 0.998797, 0.0349585, 0.0)], [0.0, 0.0, 0.0, 1.0)]])
0.0, 0.0, 0.0
float3(-1.52174, 0.777214, -1.68626)
8551.387037666
limited(__ObjC.ARCamera.TrackingState.Reason.initializing)
simd_float4x4([[0.518647, -0.103408, 0.848712, 0.0)], [0.853861, 0.0116891, -0.520369, 0.0)], [0.0438897, 0.99457, 0.0943587, 0.0)], [0.0, 0.0, 0.0, 1.0)]])
0.0, 0.0, 0.0
float3(-1.46654, 0.43537, -1.45824)
8551.520351833
limited(__ObjC.ARCamera.TrackingState.Reason.initializing)
simd_float4x4([[0.33302, -0.243496, 0.910937, 0.0)], [0.940838, 0.149962, -0.303866, 0.0)], [-0.0626155, 0.958239, 0.279031, 0.0)], [0.0, 0.0, 0.0, 1.0)]])
0.0, 0.0, 0.0
float3(-1.28078, -0.220747, -1.01879)
8551.653666125
limited(__ObjC.ARCamera.TrackingState.Reason.initializing)
simd_float4x4([[0.272076, -0.289208, 0.917787, 0.0)], [0.959902, 0.148523, -0.237759, 0.0)], [-0.067551, 0.945674, 0.31802, 0.0)], [0.0, 0.0, 0.0, 1.0)]])
0.0, 0.0, 0.0
float3(-1.23966, -0.2093, -1.09637)
8551.786980333
limited(__ObjC.ARCamera.TrackingState.Reason.initializing)
simd_float4x4([[0.336103, -0.367514, 0.867161, 0.0)], [0.941724, 0.144588, -0.303725, 0.0)], [-0.0137584, 0.91871, 0.394693, 0.0)], [0.0, 0.0, 0.0, 1.0)]])
0.0, 0.0, 0.0
float3(-1.1648, -0.0348443, -1.19597)
8551.9202945
limited(__ObjC.ARCamera.TrackingState.Reason.initializing)
simd_float4x4([[0.325532, -0.451189, 0.830938, 0.0)], [0.886705, -0.159462, -0.433965, 0.0)], [0.328304, 0.878066, 0.348162, 0.0)], [0.0, 0.0, 0.0, 1.0)]])
0.0, 0.0, 0.0
float3(-1.07181, 0.756051, -1.91052)
8552.05360875
limited(__ObjC.ARCamera.TrackingState.Reason.initializing)
simd_float4x4([[0.512403, -0.514157, 0.687812, 0.0)], [0.732439, -0.156463, -0.66261, 0.0)], [0.448303, 0.843304, 0.296417, 0.0)], [0.0, 0.0, 0.0, 1.0)]])
0.0, 0.0, 0.0
float3(-1.0034, 0.98659, -1.8662)
8552.186923041
limited(__ObjC.ARCamera.TrackingState.Reason.initializing)
simd_float4x4([[0.710326, -0.555716, 0.431991, 0.0)], [0.463146, -0.0931423, -0.881374, 0.0)], [0.53003, 0.826138, 0.191216, 0.0)], [0.0, 0.0, 0.0, 1.0)]])
0.0, 0.0, 0.0
float3(-0.972219, 1.22456, -1.73686)
8552.320237291
limited(__ObjC.ARCamera.TrackingState.Reason.initializing)
simd_float4x4([[0.813503, -0.571938, 0.105354, 0.0)], [0.117566, -0.0156826, -0.992941, 0.0)], [0.569553, 0.820147, 0.0544827, 0.0)], [0.0, 0.0, 0.0, 1.0)]])
0.0, 0.0, 0.0
float3(-0.961668, 1.47543, -1.59821)
8552.4535515
limited(__ObjC.ARCamera.TrackingState.Reason.initializing)
simd_float4x4([[0.780602, -0.580095, -0.232703, 0.0)], [-0.246945, 0.0557783, -0.967423, 0.0)], [0.574177, 0.812637, -0.0997108, 0.0)], [0.0, 0.0, 0.0, 1.0)]])
0.0, 0.0, 0.0
float3(-0.948663, 1.74274, -1.47494)
8552.586865666
limited(__ObjC.ARCamera.TrackingState.Reason.initializing)
simd_float4x4([[0.640371, -0.577401, -0.506491, 0.0)], [-0.545689, 0.122037, -0.829054, 0.0)], [0.540507, 0.807289, -0.236932, 0.0)], [0.0, 0.0, 0.0, 1.0)]])
0.0, 0.0, 0.0
float3(-0.939543, 1.98392, -1.36251)
8552.720179916
limited(__ObjC.ARCamera.TrackingState.Reason.initializing)
simd_float4x4([[0.447327, -0.561549, -0.696105, 0.0)], [-0.772379, 0.149857, -0.617231, 0.0)], [0.450922, 0.81376, -0.366693, 0.0)], [0.0, 0.0, 0.0, 1.0)]])
0.0, 0.0, 0.0
float3(-0.950593, 2.25354, -1.31001)
8552.853494083
limited(__ObjC.ARCamera.TrackingState.Reason.initializing)
simd_float4x4([[0.257827, -0.544937, -0.797852, 0.0)], [-0.888782, 0.190097, -0.417048, 0.0)], [0.378934, 0.816644, -0.435318, 0.0)], [0.0, 0.0, 0.0, 1.0)]])
0.0, 0.0, 0.0
float3(-0.955572, 2.42533, -1.23515)
8552.986808291
limited(__ObjC.ARCamera.TrackingState.Reason.initializing)
simd_float4x4([[0.121888, -0.575432, -0.808715, 0.0)], [-0.931483, 0.215055, -0.293412, 0.0)], [0.342757, 0.789068, -0.509793, 0.0)], [0.0, 0.0, 0.0, 1.0)]])
0.0, 0.0, 0.0
float3(-0.909291, 2.54967, -1.21314)
8553.1201225
limited(__ObjC.ARCamera.TrackingState.Reason.initializing)
simd_float4x4([[0.0257187, -0.637679, -0.769873, 0.0)], [-0.959487, 0.200404, -0.198046, 0.0)], [0.280576, 0.743777, -0.606691, 0.0)], [0.0, 0.0, 0.0, 1.0)]])
0.0, 0.0, 0.0
float3(-0.838703, 2.70842, -1.2663)
8553.253436708
limited(__ObjC.ARCamera.TrackingState.Reason.initializing)
simd_float4x4([[-0.0435487, -0.653878, -0.755345, 0.0)], [-0.973238, 0.198523, -0.115744, 0.0)], [0.225636, 0.730091, -0.645024, 0.0)], [0.0, 0.0, 0.0, 1.0)]])
0.0, 0.0, 0.0
float3(-0.818454, 2.80509, -1.27603)
8553.386751041
limited(__ObjC.ARCamera.TrackingState.Reason.initializing)
simd_float4x4([[-0.0772809, -0.709353, -0.700603, 0.0)], [-0.976955, 0.194106, -0.0887659, 0.0)], [0.198957, 0.677599, -0.708008, 0.0)], [0.0, 0.0, 0.0, 1.0)]])
0.0, 0.0, 0.0
float3(-0.744493, 2.86765, -1.3037)
8553.520065291
limited(__ObjC.ARCamera.TrackingState.Reason.initializing)
simd_float4x4([[0.0115193, -0.714433, -0.699609, 0.0)], [-0.993002, 0.0740633, -0.0919826, 0.0)], [0.117531, 0.695773, -0.70858, 0.0)], [0.0, 0.0, 0.0, 1.0)]])
0.0, 0.0, 0.0
float3(-0.769496, 2.97722, -1.4675)
8553.653379416
limited(__ObjC.ARCamera.TrackingState.Reason.initializing)
simd_float4x4([[0.0355618, -0.760307, -0.648589, 0.0)], [-0.991162, 0.0561599, -0.120178, 0.0)], [0.127797, 0.647131, -0.751591, 0.0)], [0.0, 0.0, 0.0, 1.0)]])
0.0, 0.0, 0.0
float3(-0.703816, 2.97317, -1.49707)
8553.786693666
limited(__ObjC.ARCamera.TrackingState.Reason.initializing)
simd_float4x4([[0.0527498, -0.772272, -0.633097, 0.0)], [-0.989063, 0.0470408, -0.139791, 0.0)], [0.137737, 0.633548, -0.761344, 0.0)], [0.0, 0.0, 0.0, 1.0)]])
0.0, 0.0, 0.0
float3(-0.68613, 2.96262, -1.50996)
8553.920007833
limited(__ObjC.ARCamera.TrackingState.Reason.initializing)
simd_float4x4([[0.0689843, -0.777333, -0.625294, 0.0)], [-0.987925, 0.033927, -0.151166, 0.0)], [0.13872, 0.628174, -0.765607, 0.0)], [0.0, 0.0, 0.0, 1.0)]])
0.0, 0.0, 0.0
float3(-0.679204, 2.96235, -1.52718)
8554.053322041
limited(__ObjC.ARCamera.TrackingState.Reason.initializing)
simd_float4x4([[0.0768604, -0.808436, -0.583542, 0.0)], [-0.989324, 0.0108389, -0.145323, 0.0)], [0.123808, 0.588484, -0.798973, 0.0)], [0.0, 0.0, 0.0, 1.0)]])
0.0, 0.0, 0.0
float3(-0.629182, 2.98786, -1.55739)
8554.186636291
limited(__ObjC.ARCamera.TrackingState.Reason.initializing)
simd_float4x4([[0.0505737, -0.848645, -0.526535, 0.0)], [-0.993939, 0.00874677, -0.109563, 0.0)], [0.0975845, 0.528888, -0.843061, 0.0)], [0.0, 0.0, 0.0, 1.0)]])
0.0, 0.0, 0.0
float3(-0.55729, 3.02636, -1.56049)
8554.319950375
limited(__ObjC.ARCamera.TrackingState.Reason.initializing)
simd_float4x4([[0.0248674, -0.874851, -0.483749, 0.0)], [-0.994803, 0.02613, -0.0983922, 0.0)], [0.0987176, 0.483684, -0.869656, 0.0)], [0.0, 0.0, 0.0, 1.0)]])
0.0, 0.0, 0.0
float3(-0.50486, 3.02856, -1.54094)
8554.453264583
limited(__ObjC.ARCamera.TrackingState.Reason.initializing)
simd_float4x4([[0.0274565, -0.88661, -0.461695, 0.0)], [-0.992757, 0.0298463, -0.11635, 0.0)], [0.116935, 0.46155, -0.879372, 0.0)], [0.0, 0.0, 0.0, 1.0)]])
0.0, 0.0, 0.0
float3(-0.479742, 3.00939, -1.53715)
8554.586578791
limited(__ObjC.ARCamera.TrackingState.Reason.initializing)
simd_float4x4([[0.0561234, -0.882991, -0.466016, 0.0)], [-0.983804, 0.0306676, -0.176586, 0.0)], [0.170214, 0.468384, -0.866972, 0.0)], [0.0, 0.0, 0.0, 1.0)]])
0.0, 0.0, 0.0
float3(-0.487461, 2.94773, -1.53608)
8554.719893125
limited(__ObjC.ARCamera.TrackingState.Reason.initializing)
simd_float4x4([[0.0953699, -0.877872, -0.469298, 0.0)], [-0.961457, 0.0408976, -0.271886, 0.0)], [0.257872, 0.477144, -0.840138, 0.0)], [0.0, 0.0, 0.0, 1.0)]])
0.0, 0.0, 0.0
float3(-0.497402, 2.84378, -1.52424)
8554.85320725
limited(__ObjC.ARCamera.TrackingState.Reason.initializing)
simd_float4x4([[0.12982, -0.880218, -0.456463, 0.0)], [-0.934339, 0.045498, -0.353463, 0.0)], [0.331892, 0.472381, -0.816518, 0.0)], [0.0, 0.0, 0.0, 1.0)]])
0.0, 0.0, 0.0
float3(-0.491991, 2.75552, -1.51915)
8554.986521375
limited(__ObjC.ARCamera.TrackingState.Reason.initializing)
simd_float4x4([[0.158749, -0.894493, -0.417943, 0.0)], [-0.881621, 0.0621338, -0.467847, 0.0)], [0.444453, 0.442741, -0.778742, 0.0)], [0.0, 0.0, 0.0, 1.0)]])
0.0, 0.0, 0.0
float3(-0.458653, 2.62297, -1.50145)
8555.119835583
limited(__ObjC.ARCamera.TrackingState.Reason.initializing)
simd_float4x4([[0.187019, -0.912763, -0.363155, 0.0)], [-0.790797, 0.079436, -0.606899, 0.0)], [0.582802, 0.400687, -0.706957, 0.0)], [0.0, 0.0, 0.0, 1.0)]])
0.0, 0.0, 0.0
float3(-0.412266, 2.45216, -1.48399)
8555.253149708
limited(__ObjC.ARCamera.TrackingState.Reason.initializing)
simd_float4x4([[0.203958, -0.928223, -0.311124, 0.0)], [-0.701346, 0.0831865, -0.707948, 0.0)], [0.683014, 0.3626, -0.634042, 0.0)], [0.0, 0.0, 0.0, 1.0)]])
0.0, 0.0, 0.0
float3(-0.371056, 2.31903, -1.48142)
8555.386463916
limited(__ObjC.ARCamera.TrackingState.Reason.initializing)
simd_float4x4([[0.219246, -0.940636, -0.259091, 0.0)], [-0.621707, 0.0699699, -0.780116, 0.0)], [0.751933, 0.332119, -0.569463, 0.0)], [0.0, 0.0, 0.0, 1.0)]])
0.0, 0.0, 0.0
float3(-0.338549, 2.21897, -1.49655)
8555.519778125
limited(__ObjC.ARCamera.TrackingState.Reason.initializing)
simd_float4x4([[0.238309, -0.946673, -0.216823, 0.0)], [-0.55294, 0.0512843, -0.83164, 0.0)], [0.798411, 0.318079, -0.511235, 0.0)], [0.0, 0.0, 0.0, 1.0)]])
0.0, 0.0, 0.0
float3(-0.323703, 2.14033, -1.51668)
8555.6530925
limited(__ObjC.ARCamera.TrackingState.Reason.initializing)
simd_float4x4([[0.260172, -0.949992, -0.172684, 0.0)], [-0.480506, 0.0277412, -0.876551, 0.0)], [0.837506, 0.311031, -0.449262, 0.0)], [0.0, 0.0, 0.0, 1.0)]])
0.0, 0.0, 0.0
float3(-0.316278, 2.06316, -1.5416)
8555.786406625
limited(__ObjC.ARCamera.TrackingState.Reason.initializing)
simd_float4x4([[0.277577, -0.950046, -0.142675, 0.0)], [-0.43343, 0.00869736, -0.901144, 0.0)], [0.857369, 0.311978, -0.409367, 0.0)], [0.0, 0.0, 0.0, 1.0)]])
0.0, 0.0, 0.0
float3(-0.317274, 2.01626, -1.56164)
8555.91972075
limited(__ObjC.ARCamera.TrackingState.Reason.initializing)
simd_float4x4([[0.281479, -0.952386, -0.117148, 0.0)], [-0.400356, -0.00560838, -0.916341, 0.0)], [0.872053, 0.304833, -0.382875, 0.0)], [0.0, 0.0, 0.0, 1.0)]])
0.0, 0.0, 0.0
float3(-0.309763, 1.98451, -1.57669)
8556.053034916
limited(__ObjC.ARCamera.TrackingState.Reason.initializing)
simd_float4x4([[0.283968, -0.952254, -0.112089, 0.0)], [-0.408092, -0.0142443, -0.912828, 0.0)], [0.867648, 0.304959, -0.392656, 0.0)], [0.0, 0.0, 0.0, 1.0)]])
0.0, 0.0, 0.0
float3(-0.309895, 1.99577, -1.58575)
8556.186349208
limited(__ObjC.ARCamera.TrackingState.Reason.initializing)
simd_float4x4([[0.284026, -0.951638, -0.117067, 0.0)], [-0.429893, -0.0172538, -0.902713, 0.0)], [0.857036, 0.306722, -0.414007, 0.0)], [0.0, 0.0, 0.0, 1.0)]])
0.0, 0.0, 0.0
float3(-0.311748, 2.02081, -1.58893)
8556.319663291
limited(__ObjC.ARCamera.TrackingState.Reason.initializing)
simd_float4x4([[0.279712, -0.950511, -0.135205, 0.0)], [-0.493093, -0.0213904, -0.869711, 0.0)], [0.823777, 0.309939, -0.474678, 0.0)], [0.0, 0.0, 0.0, 1.0)]])
0.0, 0.0, 0.0
float3(-0.315129, 2.09355, -1.5933)
8556.4529775
limited(__ObjC.ARCamera.TrackingState.Reason.initializing)
simd_float4x4([[0.274809, -0.949553, -0.151064, 0.0)], [-0.541115, -0.0228643, -0.840635, 0.0)], [0.794773, 0.312759, -0.520105, 0.0)], [0.0, 0.0, 0.0, 1.0)]])
0.0, 0.0, 0.0
float3(-0.318097, 2.15026, -1.59487)
8556.586291666
limited(__ObjC.ARCamera.TrackingState.Reason.initializing)
simd_float4x4([[0.267229, -0.94812, -0.172184, 0.0)], [-0.613524, -0.0296106, -0.789118, 0.0)], [0.743079, 0.316517, -0.589612, 0.0)], [0.0, 0.0, 0.0, 1.0)]])
0.0, 0.0, 0.0
float3(-0.322056, 2.24154, -1.60202)
8556.719605958
limited(__ObjC.ARCamera.TrackingState.Reason.initializing)
simd_float4x4([[0.245081, -0.948863, -0.198962, 0.0)], [-0.69065, -0.0268477, -0.722688, 0.0)], [0.680389, 0.314533, -0.661916, 0.0)], [0.0, 0.0, 0.0, 1.0)]])
0.0, 0.0, 0.0
float3(-0.319964, 2.34243, -1.59908)
8556.85292025
limited(__ObjC.ARCamera.TrackingState.Reason.initializing)
simd_float4x4([[0.22878, -0.951192, -0.207087, 0.0)], [-0.726806, -0.0253758, -0.68637, 0.0)], [0.647613, 0.307543, -0.697142, 0.0)], [0.0, 0.0, 0.0, 1.0)]])
0.0, 0.0, 0.0
float3(-0.31261, 2.39301, -1.59747)
8556.986234291
limited(__ObjC.ARCamera.TrackingState.Reason.initializing)
simd_float4x4([[0.208629, -0.954536, -0.212899, 0.0)], [-0.762006, -0.0221975, -0.647184, 0.0)], [0.613033, 0.297256, -0.731999, 0.0)], [0.0, 0.0, 0.0, 1.0)]])
0.0, 0.0, 0.0
float3(-0.301817, 2.44441, -1.59405)
8557.119548541
limited(__ObjC.ARCamera.TrackingState.Reason.initializing)
simd_float4x4([[0.198281, -0.955832, -0.21693, 0.0)], [-0.767958, -0.0139756, -0.640342, 0.0)], [0.609026, 0.293565, -0.736816, 0.0)], [0.0, 0.0, 0.0, 1.0)]])
0.0, 0.0, 0.0
float3(-0.297954, 2.45086, -1.58542)
8557.252862666
limited(__ObjC.ARCamera.TrackingState.Reason.initializing)
simd_float4x4([[0.197916, -0.957448, -0.210026, 0.0)], [-0.738903, -0.00493374, -0.673789, 0.0)], [0.64408, 0.288547, -0.708444, 0.0)], [0.0, 0.0, 0.0, 1.0)]])
0.0, 0.0, 0.0
float3(-0.292709, 2.40375, -1.57595)
8557.386176791
limited(__ObjC.ARCamera.TrackingState.Reason.initializing)
simd_float4x4([[0.200481, -0.960648, -0.192229, 0.0)], [-0.691528, 0.000229746, -0.722345, 0.0)], [0.693962, 0.277752, -0.664275, 0.0)], [0.0, 0.0, 0.0, 1.0)]])
0.0, 0.0, 0.0
float3(-0.281453, 2.33434, -1.57056)
8557.519491083
limited(__ObjC.ARCamera.TrackingState.Reason.initializing)
simd_float4x4([[0.207727, -0.963338, -0.16976, 0.0)], [-0.631071, 0.000621885, -0.775722, 0.0)], [0.747387, 0.268272, -0.607811, 0.0)], [0.0, 0.0, 0.0, 1.0)]])
0.0, 0.0, 0.0
float3(-0.271599, 2.25356, -1.57015)
8557.652805208
limited(__ObjC.ARCamera.TrackingState.Reason.initializing)
simd_float4x4([[0.21604, -0.964736, -0.150336, 0.0)], [-0.575789, -0.00152987, -0.817594, 0.0)], [0.788532, 0.263197, -0.55582, 0.0)], [0.0, 0.0, 0.0, 1.0)]])
0.0, 0.0, 0.0
float3(-0.266335, 2.18479, -1.57238)
8557.786119416
limited(__ObjC.ARCamera.TrackingState.Reason.initializing)
simd_float4x4([[0.229058, -0.965034, -0.1274, 0.0)], [-0.498167, -0.00377303, -0.867071, 0.0)], [0.836272, 0.262079, -0.481617, 0.0)], [0.0, 0.0, 0.0, 1.0)]])
0.0, 0.0, 0.0
float3(-0.265175, 2.09331, -1.57471)
8557.9194335
limited(__ObjC.ARCamera.TrackingState.Reason.initializing)
simd_float4x4([[0.240051, -0.966027, -0.0956879, 0.0)], [-0.402452, -0.00933111, -0.915392, 0.0)], [0.8834, 0.258253, -0.391023, 0.0)], [0.0, 0.0, 0.0, 1.0)]])
0.0, 0.0, 0.0
float3(-0.261213, 1.98751, -1.58046)
8558.052747958
limited(__ObjC.ARCamera.TrackingState.Reason.initializing)
simd_float4x4([[0.244122, -0.966632, -0.0775665, 0.0)], [-0.347697, -0.0125768, -0.937521, 0.0)], [0.905262, 0.25584, -0.339169, 0.0)], [0.0, 0.0, 0.0, 1.0)]])
0.0, 0.0, 0.0
float3(-0.258717, 1.92927, -1.58381)
8558.186062041
limited(__ObjC.ARCamera.TrackingState.Reason.initializing)
simd_float4x4([[0.246692, -0.967603, -0.0536236, 0.0)], [-0.271913, -0.0159981, -0.962188, 0.0)], [0.930158, 0.251946, -0.267054, 0.0)], [0.0, 0.0, 0.0, 1.0)]])
0.0, 0.0, 0.0
float3(-0.254691, 1.85038, -1.58733)
8558.319376333
limited(__ObjC.ARCamera.TrackingState.Reason.initializing)
simd_float4x4([[0.246971, -0.96836, -0.0356632, 0.0)], [-0.228826, -0.0225155, -0.973206, 0.0)], [0.941611, 0.248516, -0.22715, 0.0)], [0.0, 0.0, 0.0, 1.0)]])
0.0, 0.0, 0.0
float3(-0.251148, 1.80751, -1.59404)
8558.452690375
limited(__ObjC.ARCamera.TrackingState.Reason.initializing)
simd_float4x4([[0.248448, -0.968361, -0.0231844, 0.0)], [-0.196689, -0.0269956, -0.980093, 0.0)], [0.948459, 0.248064, -0.197176, 0.0)], [0.0, 0.0, 0.0, 1.0)]])
0.0, 0.0, 0.0
float3(-0.250681, 1.77577, -1.59867)
8558.586004541
limited(__ObjC.ARCamera.TrackingState.Reason.initializing)
simd_float4x4([[0.249304, -0.968257, -0.0176857, 0.0)], [-0.187722, -0.0303989, -0.981751, 0.0)], [0.95005, 0.248075, -0.189345, 0.0)], [0.0, 0.0, 0.0, 1.0)]])
0.0, 0.0, 0.0
float3(-0.250693, 1.76752, -1.60218)
8558.719318791
limited(__ObjC.ARCamera.TrackingState.Reason.initializing)
simd_float4x4([[0.246052, -0.969078, -0.0182712, 0.0)], [-0.201169, -0.0326157, -0.979012, 0.0)], [0.948143, 0.244564, -0.202977, 0.0)], [0.0, 0.0, 0.0, 1.0)]])
0.0, 0.0, 0.0
float3(-0.24707, 1.78169, -1.60444)
8558.852633083
limited(__ObjC.ARCamera.TrackingState.Reason.initializing)
simd_float4x4([[0.233498, -0.972034, -0.0248148, 0.0)], [-0.23369, -0.0313236, -0.971806, 0.0)], [0.94385, 0.232715, -0.234472, 0.0)], [0.0, 0.0, 0.0, 1.0)]])
0.0, 0.0, 0.0
float3(-0.234868, 1.81429, -1.60301)
8558.985947166
limited(__ObjC.ARCamera.TrackingState.Reason.initializing)
simd_float4x4([[0.229877, -0.972829, -0.0273369, 0.0)], [-0.266705, -0.0359543, -0.963106, 0.0)], [0.935954, 0.228688, -0.267727, 0.0)], [0.0, 0.0, 0.0, 1.0)]])
0.0, 0.0, 0.0
float3(-0.23073, 1.8494, -1.60774)
8559.119261291
limited(__ObjC.ARCamera.TrackingState.Reason.initializing)
simd_float4x4([[0.221942, -0.974231, -0.0400078, 0.0)], [-0.332167, -0.036963, -0.942495, 0.0)], [0.916728, 0.22247, -0.331816, 0.0)], [0.0, 0.0, 0.0, 1.0)]])
0.0, 0.0, 0.0
float3(-0.224348, 1.91808, -1.60872)
8559.252575708
limited(__ObjC.ARCamera.TrackingState.Reason.initializing)
simd_float4x4([[0.214621, -0.975252, -0.0529744, 0.0)], [-0.38929, -0.0356692, -0.920422, 0.0)], [0.895754, 0.218167, -0.387316, 0.0)], [0.0, 0.0, 0.0, 1.0)]])
0.0, 0.0, 0.0
float3(-0.219936, 1.97891, -1.60735)
8559.385889791
normal
simd_float4x4([[0.203046, -0.976903, -0.0665722, 0.0)], [-0.445877, -0.0317154, -0.894532, 0.0)], [0.87176, 0.211315, -0.442019, 0.0)], [0.00123884, 0.000745691, 0.00376288, 1.0)]])
0.00123884, 0.000745691, 0.00376288
float3(-0.21292, 2.04006, -1.60325)
8559.519204
normal
simd_float4x4([[0.192848, -0.978314, -0.0755778, 0.0)], [-0.495471, -0.0306063, -0.868085, 0.0)], [0.846946, 0.204855, -0.490628, 0.0)], [0.00605242, 0.00560971, 0.0201021, 1.0)]])
0.00605242, 0.00560971, 0.0201021
float3(-0.206315, 2.09585, -1.60207)
8559.652518291
normal
simd_float4x4([[0.182925, -0.979609, -0.0830902, 0.0)], [-0.541638, -0.0298863, -0.84008, 0.0)], [0.820467, 0.198677, -0.536061, 0.0)], [0.00762861, 0.0110766, 0.0353169, 1.0)]])
0.00762861, 0.0110766, 0.0353169
float3(-0.200008, 2.14953, -1.6013)
8559.785832458
normal
simd_float4x4([[0.174902, -0.980561, -0.0889365, 0.0)], [-0.587088, -0.0313499, -0.808916, 0.0)], [0.790403, 0.193694, -0.581159, 0.0)], [0.0109331, 0.0139952, 0.048935, 1.0)]])
0.0109331, 0.0139952, 0.048935
float3(-0.194926, 2.2048, -1.60276)
8559.919146541
normal
simd_float4x4([[0.172389, -0.980339, -0.0960079, 0.0)], [-0.629347, -0.0346377, -0.776352, 0.0)], [0.757763, 0.194257, -0.622945, 0.0)], [0.0119887, 0.0158749, 0.0647949, 1.0)]])
0.0119887, 0.0158749, 0.0647949
float3(-0.1955, 2.25886, -1.60611)
8560.05246075
normal
simd_float4x4([[0.169831, -0.98029, -0.10094, 0.0)], [-0.656839, -0.0362421, -0.753159, 0.0)], [0.734656, 0.194212, -0.650048, 0.0)], [0.012989, 0.015241, 0.0786553, 1.0)]])
0.012989, 0.015241, 0.0786553
float3(-0.195454, 2.29517, -1.60775)
8560.185774916
normal
simd_float4x4([[0.176482, -0.978862, -0.103364, 0.0)], [-0.668746, -0.0421875, -0.742293, 0.0)], [0.722242, 0.200126, -0.662055, 0.0)], [0.00895897, 0.0131497, 0.0841488, 1.0)]])
0.00895897, 0.0131497, 0.0841488
float3(-0.201486, 2.31274, -1.61387)
8560.319089291
normal
simd_float4x4([[0.181403, -0.978039, -0.102631, 0.0)], [-0.66101, -0.0439959, -0.749086, 0.0)], [0.72812, 0.203726, -0.654475, 0.0)], [0.00224746, 0.0114074, 0.0815351, 1.0)]])
0.00224746, 0.0114074, 0.0815351
float3(-0.205162, 2.30298, -1.61575)
8560.452403375
normal
simd_float4x4([[0.182489, -0.978356, -0.0975585, 0.0)], [-0.636992, -0.0420615, -0.769721, 0.0)], [0.748958, 0.20261, -0.630881, 0.0)], [-0.00662856, 0.010637, 0.0695707, 1.0)]])
-0.00662856, 0.010637, 0.0695707
float3(-0.204022, 2.27083, -1.61376)
8560.58571775
normal
simd_float4x4([[0.1891, -0.978338, -0.0842336, 0.0)], [-0.59645, -0.0462938, -0.801314, 0.0)], [0.780057, 0.20177, -0.592284, 0.0)], [-0.0178212, 0.0104337, 0.0502784, 1.0)]])
-0.0178212, 0.0104337, 0.0502784
float3(-0.203164, 2.22021, -1.61808)
8560.719031916
normal
simd_float4x4([[0.192583, -0.978518, -0.0735866, 0.0)], [-0.545604, -0.0444469, -0.836864, 0.0)], [0.815615, 0.201315, -0.542443, 0.0)], [-0.0261785, 0.00987022, 0.0273558, 1.0)]])
-0.0261785, 0.00987022, 0.0273558
float3(-0.2027, 2.15769, -1.61619)
8560.852345958
normal
simd_float4x4([[0.195357, -0.978716, -0.0628605, 0.0)], [-0.489567, -0.0417807, -0.870964, 0.0)], [0.8498, 0.200924, -0.487309, 0.0)], [-0.0323033, 0.0110531, 0.00491551, 1.0)]])
-0.0323033, 0.0110531, 0.00491551
float3(-0.202301, 2.09146, -1.61346)
8560.985660125
normal
simd_float4x4([[0.202695, -0.978427, -0.0399527, 0.0)], [-0.359874, -0.0364845, -0.932287, 0.0)], [0.910717, 0.203348, -0.359506, 0.0)], [-0.00873232, 0.00729959, 0.060311, 1.0)]])
-0.00873232, 0.00729959, 0.060311
float3(-0.204776, 1.94677, -1.60807)
8561.118974416
normal
simd_float4x4([[0.206496, -0.977995, -0.0297488, 0.0)], [-0.311116, -0.0368029, -0.949659, 0.0)], [0.927667, 0.205356, -0.31187, 0.0)], [-0.00713204, 0.00543133, 0.0430191, 1.0)]])
-0.00713204, 0.00543133, 0.0430191
float3(-0.206828, 1.89511, -1.60841)
8561.252288541
normal
simd_float4x4([[0.216307, -0.975995, -0.0254077, 0.0)], [-0.265815, -0.0338311, -0.96343, 0.0)], [0.939443, 0.21515, -0.266752, 0.0)], [-0.00228632, 0.00129423, 0.0324856, 1.0)]])
-0.00228632, 0.00129423, 0.0324856
float3(-0.216845, 1.84746, -1.60545)
8561.38560275
normal
simd_float4x4([[0.236094, -0.971481, -0.0220244, 0.0)], [-0.228195, -0.0333974, -0.973042, 0.0)], [0.944556, 0.234755, -0.229572, 0.0)], [0.00408627, -0.00774688, 0.0286742, 1.0)]])
0.00408627, -0.00774688, 0.0286742
float3(-0.236967, 1.80922, -1.60516)
8561.518917041
normal
simd_float4x4([[0.259095, -0.96545, -0.0278443, 0.0)], [-0.198978, -0.0251444, -0.979681, 0.0)], [0.945134, 0.259371, -0.198618, 0.0)], [0.0128301, -0.0224814, 0.0328225, 1.0)]])
0.0128301, -0.0224814, 0.0328225
float3(-0.262371, 1.77793, -1.59683)
8561.652231291
normal
simd_float4x4([[0.280307, -0.958889, -0.0442833, 0.0)], [-0.169094, -0.00391388, -0.985592, 0.0)], [0.9449, 0.283756, -0.163239, 0.0)], [0.0239569, -0.0379838, 0.0379065, 1.0)]])
0.0239569, -0.0379838, 0.0379065
float3(-0.287709, 1.74187, -1.57488)
8561.785545541
normal
simd_float4x4([[0.303677, -0.951377, -0.0516044, 0.0)], [-0.136609, 0.0101252, -0.990573, 0.0)], [0.942931, 0.307864, -0.126892, 0.0)], [0.0336839, -0.0524018, 0.0392933, 1.0)]])
0.0336839, -0.0524018, 0.0392933
float3(-0.312947, 1.70456, -1.56015)
8561.918859583
normal
simd_float4x4([[0.32921, -0.941764, -0.0685693, 0.0)], [-0.112136, 0.0331108, -0.993141, 0.0)], [0.937574, 0.334642, -0.0947056, 0.0)], [0.0392123, -0.0684018, 0.0396325, 1.0)]])
0.0392123, -0.0684018, 0.0396325
float3(-0.341225, 1.67147, -1.53565)
8562.052173791
normal
simd_float4x4([[0.363664, -0.928156, -0.0792172, 0.0)], [-0.094334, 0.0479087, -0.994387, 0.0)], [0.926741, 0.369095, -0.070134, 0.0)], [0.0362988, -0.083647, 0.0390165, 1.0)]])
0.0362988, -0.083647, 0.0390165
float3(-0.378036, 1.64633, -1.51923)
8562.185487958
normal
simd_float4x4([[0.386714, -0.917692, -0.0910699, 0.0)], [-0.0733453, 0.0678339, -0.994997, 0.0)], [0.919278, 0.391459, -0.041076, 0.0)], [0.0255788, -0.0976523, 0.0365828, 1.0)]])
0.0255788, -0.0976523, 0.0365828
float3(-0.402217, 1.61545, -1.49701)
8562.318802208
normal
simd_float4x4([[0.392048, -0.916114, -0.0838671, 0.0)], [-0.0400461, 0.0740838, -0.996448, 0.0)], [0.919073, 0.394014, -0.00764246, 0.0)], [0.0108383, -0.103098, 0.0278583, 1.0)]])
0.0108383, -0.103098, 0.0278583
float3(-0.404995, 1.57911, -1.4901)
8562.452116458
normal
simd_float4x4([[0.378685, -0.922645, -0.0729654, 0.0)], [0.00241483, 0.0798215, -0.996806, 0.0)], [0.925522, 0.3773, 0.0324552, 0.0)], [-0.00581079, -0.111306, 0.017462, 1.0)]])
-0.00581079, -0.111306, 0.017462
float3(-0.386879, 1.53574, -1.4845)
8562.585430625
normal
simd_float4x4([[0.346776, -0.936883, -0.0446929, 0.0)], [0.0472326, 0.0650321, -0.996765, 0.0)], [0.936758, 0.343543, 0.0668028, 0.0)], [-0.0279828, -0.117435, 0.00976511, 1.0)]])
-0.0279828, -0.117435, 0.00976511
float3(-0.350687, 1.4996, -1.50149)
8562.718744958
normal
simd_float4x4([[0.360186, -0.932301, -0.0328807, 0.0)], [0.0986104, 0.0730988, -0.992438, 0.0)], [0.927654, 0.35422, 0.118264, 0.0)], [-0.0645258, -0.130313, 0.016275, 1.0)]])
-0.0645258, -0.130313, 0.016275
float3(-0.36208, 1.44399, -1.49255)
8562.852059208
normal
simd_float4x4([[0.374301, -0.927136, -0.0178468, 0.0)], [0.175664, 0.0897897, -0.980347, 0.0)], [0.910517, 0.36381, 0.196473, 0.0)], [-0.103044, -0.146049, 0.0301199, 1.0)]])
-0.103044, -0.146049, 0.0301199
float3(-0.372355, 1.35827, -1.47425)
8562.985373291
normal
simd_float4x4([[0.399929, -0.914919, 0.0545803, 0.0)], [0.306066, 0.0771816, -0.948876, 0.0)], [0.863933, 0.396189, 0.310893, 0.0)], [-0.142661, -0.165464, 0.0495192, 1.0)]])
-0.142661, -0.165464, 0.0495192
float3(-0.407362, 1.22537, -1.48664)
8563.118687458
normal
simd_float4x4([[0.36362, -0.920576, 0.142548, 0.0)], [0.46726, 0.0478614, -0.882824, 0.0)], [0.805884, 0.387619, 0.447552, 0.0)], [-0.163136, -0.17785, 0.0809839, 1.0)]])
-0.163136, -0.17785, 0.0809839
float3(-0.398048, 1.06385, -1.51885)
8563.252001708
normal
simd_float4x4([[0.339872, -0.900993, 0.269626, 0.0)], [0.621346, -9.27814e-05, -0.783536, 0.0)], [0.705986, 0.433833, 0.559797, 0.0)], [-0.178942, -0.186874, 0.108046, 1.0)]])
-0.178942, -0.186874, 0.108046
float3(-0.448743, 0.900381, -1.5709)
8563.385315958
normal
simd_float4x4([[0.334036, -0.871482, 0.359081, 0.0)], [0.748044, 0.0133306, -0.663516, 0.0)], [0.573455, 0.490246, 0.65636, 0.0)], [-0.18714, -0.202709, 0.133377, 1.0)]])
-0.18714, -0.202709, 0.133377
float3(-0.512372, 0.718088, -1.5555)
8563.518630166
normal
simd_float4x4([[0.314027, -0.84858, 0.425792, 0.0)], [0.831556, 0.0294146, -0.554662, 0.0)], [0.45815, 0.528249, 0.714879, 0.0)], [-0.181784, -0.218255, 0.160974, 1.0)]])
-0.181784, -0.218255, 0.160974
float3(-0.556537, 0.569936, -1.53615)
8563.651944291
normal
simd_float4x4([[0.247046, -0.84358, 0.476802, 0.0)], [0.889978, 0.00290037, -0.455994, 0.0)], [0.383285, 0.536995, 0.751485, 0.0)], [-0.152309, -0.231391, 0.195188, 1.0)]])
-0.152309, -0.231391, 0.195188
float3(-0.566871, 0.471645, -1.56736)
8563.785258541
normal
simd_float4x4([[0.206885, -0.813204, 0.543965, 0.0)], [0.928667, -0.0117276, -0.37073, 0.0)], [0.307858, 0.581861, 0.752769, 0.0)], [-0.125239, -0.254267, 0.24224, 1.0)]])
-0.125239, -0.254267, 0.24224
float3(-0.621015, 0.388213, -1.58522)
8563.918572875
normal
simd_float4x4([[0.172318, -0.782687, 0.598087, 0.0)], [0.959307, -0.0045365, -0.282328, 0.0)], [0.223688, 0.622399, 0.750055, 0.0)], [-0.101715, -0.27005, 0.296997, 1.0)]])
-0.101715, -0.27005, 0.296997
float3(-0.671804, 0.28983, -1.57659)
8564.051886958
normal
simd_float4x4([[0.132069, -0.744511, 0.654417, 0.0)], [0.97949, -0.00333321, -0.201465, 0.0)], [0.152174, 0.667602, 0.728801, 0.0)], [-0.0829284, -0.279248, 0.349023, 1.0)]])
-0.0829284, -0.279248, 0.349023
float3(-0.730984, 0.205843, -1.57527)
8564.185201291
normal
simd_float4x4([[0.11219, -0.730211, 0.673948, 0.0)], [0.985792, -0.00353669, -0.167934, 0.0)], [0.125011, 0.683213, 0.719439, 0.0)], [-0.074499, -0.276492, 0.401369, 1.0)]])
-0.074499, -0.276492, 0.401369
float3(-0.752153, 0.172044, -1.57564)
8564.318515458
normal
simd_float4x4([[0.0919927, -0.726575, 0.680901, 0.0)], [0.98877, -0.0142248, -0.148766, 0.0)], [0.117775, 0.68694, 0.717107, 0.0)], [-0.0711048, -0.267203, 0.444699, 1.0)]])
-0.0711048, -0.267203, 0.444699
float3(-0.757271, 0.162783, -1.59037)
8564.451829666
normal
simd_float4x4([[0.0866954, -0.728194, 0.679865, 0.0)], [0.989613, -0.0156045, -0.142908, 0.0)], [0.114673, 0.685193, 0.719278, 0.0)], [-0.0708978, -0.264737, 0.48055, 1.0)]])
-0.0708978, -0.264737, 0.48055
float3(-0.754869, 0.158098, -1.59222)
8564.585143791
normal
simd_float4x4([[0.0831854, -0.731488, 0.676762, 0.0)], [0.990337, -0.0149374, -0.137874, 0.0)], [0.110962, 0.681691, 0.723177, 0.0)], [-0.0711171, -0.256943, 0.51594, 1.0)]])
-0.0711171, -0.256943, 0.51594
float3(-0.750072, 0.15225, -1.59121)
8564.718458083
normal
simd_float4x4([[0.0733238, -0.726544, 0.683197, 0.0)], [0.992321, -0.015274, -0.122743, 0.0)], [0.0996137, 0.686951, 0.719844, 0.0)], [-0.0669451, -0.250504, 0.547198, 1.0)]])
-0.0669451, -0.250504, 0.547198
float3(-0.757285, 0.137509, -1.59182)
8564.851772208
normal
simd_float4x4([[0.0694492, -0.72241, 0.687969, 0.0)], [0.995079, 0.00131141, -0.0990744, 0.0)], [0.07067, 0.691464, 0.718946, 0.0)], [-0.0638559, -0.249211, 0.566901, 1.0)]])
-0.0638559, -0.249211, 0.566901
float3(-0.763514, 0.097982, -1.56898)
8564.985086333
normal
simd_float4x4([[0.0413745, -0.725525, 0.686951, 0.0)], [0.997486, -0.00958855, -0.0702047, 0.0)], [0.0575221, 0.688129, 0.723304, 0.0)], [-0.0551037, -0.257486, 0.563535, 1.0)]])
-0.0551037, -0.257486, 0.563535
float3(-0.758908, 0.0793598, -1.58401)
8565.11840075
normal
simd_float4x4([[-0.00344741, -0.723585, 0.690226, 0.0)], [0.998665, -0.0380656, -0.0349175, 0.0)], [0.0515396, 0.689185, 0.722751, 0.0)], [-0.0322934, -0.270572, 0.55975, 1.0)]])
-0.0322934, -0.270572, 0.55975
float3(-0.760363, 0.0711898, -1.62335)
8565.251714958
normal
simd_float4x4([[-0.0222231, -0.719065, 0.694588, 0.0)], [0.99872, -0.0475365, -0.017258, 0.0)], [0.0454278, 0.693315, 0.719201, 0.0)], [-0.0100206, -0.281237, 0.529998, 1.0)]])
-0.0100206, -0.281237, 0.529998
float3(-0.766079, 0.0630805, -1.63681)
8565.385029166
normal
simd_float4x4([[-0.0341635, -0.715966, 0.697298, 0.0)], [0.998939, -0.046016, 0.00169408, 0.0)], [0.030874, 0.696617, 0.716779, 0.0)], [0.00468635, -0.283314, 0.528686, 1.0)]])
0.00468635, -0.283314, 0.528686
float3(-0.770671, 0.0430467, -1.63498)
8565.518343333
normal
simd_float4x4([[-0.0459517, -0.717685, 0.69485, 0.0)], [0.998423, -0.0554632, 0.00874162, 0.0)], [0.0322647, 0.694155, 0.719102, 0.0)], [0.0168066, -0.283132, 0.523288, 1.0)]])
0.0168066, -0.283132, 0.523288
float3(-0.767246, 0.044838, -1.64792)
8565.651657583
normal
simd_float4x4([[-0.0428943, -0.719398, 0.693273, 0.0)], [0.998371, -0.0569959, 0.00262764, 0.0)], [0.0376234, 0.692256, 0.720671, 0.0)], [0.0214947, -0.28575, 0.497027, 1.0)]])
0.0214947, -0.28575, 0.497027
float3(-0.764611, 0.0521588, -1.64986)
8565.784971708
normal
simd_float4x4([[-0.0364444, -0.715321, 0.697845, 0.0)], [0.998626, -0.0523755, -0.00153467, 0.0)], [0.0376478, 0.696831, 0.716247, 0.0)], [0.0274087, -0.287485, 0.480505, 1.0)]])
0.0274087, -0.287485, 0.480505
float3(-0.77097, 0.0525143, -1.64389)
8565.918285916
normal
simd_float4x4([[-0.036044, -0.71218, 0.701071, 0.0)], [0.998368, -0.0567552, -0.00632561, 0.0)], [0.0442944, 0.699699, 0.713063, 0.0)], [0.0329344, -0.28627, 0.463452, 1.0)]])
0.0329344, -0.28627, 0.463452
float3(-0.774976, 0.0620388, -1.65032)
8566.051600166
normal
simd_float4x4([[-0.0220938, -0.702447, 0.711393, 0.0)], [0.998492, -0.0512698, -0.019615, 0.0)], [0.0502514, 0.709887, 0.702521, 0.0)], [0.0232823, -0.291503, 0.438428, 1.0)]])
0.0232823, -0.291503, 0.438428
float3(-0.789338, 0.0714086, -1.64365)
8566.184914375
normal
simd_float4x4([[0.00654946, -0.680148, 0.733045, 0.0)], [0.998278, -0.0382905, -0.0444466, 0.0)], [0.058299, 0.732074, 0.678726, 0.0)], [0.0064399, -0.299171, 0.430254, 1.0)]])
0.0064399, -0.299171, 0.430254
float3(-0.821361, 0.0856844, -1.62703)
8566.318228541
normal
simd_float4x4([[0.0444761, -0.657535, 0.75211, 0.0)], [0.995544, -0.033489, -0.0881495, 0.0)], [0.0831488, 0.752679, 0.653116, 0.0)], [-0.0189214, -0.304374, 0.424427, 1.0)]])
-0.0189214, -0.304374, 0.424427
float3(-0.852122, 0.12663, -1.62168)
8566.451542875
normal
simd_float4x4([[0.0630842, -0.665565, 0.743669, 0.0)], [0.991445, -0.0435223, -0.123054, 0.0)], [0.114267, 0.745069, 0.657126, 0.0)], [0.018409, -0.306827, 0.466499, 1.0)]])
0.018409, -0.306827, 0.466499
float3(-0.840639, 0.172167, -1.63609)
8566.584857
normal
simd_float4x4([[0.073053, -0.689851, 0.720256, 0.0)], [0.988986, -0.0431026, -0.141593, 0.0)], [0.128723, 0.722667, 0.679105, 0.0)], [0.00498616, -0.294402, 0.475315, 1.0)]])
0.00498616, -0.294402, 0.475315
float3(-0.807653, 0.187325, -1.6332)
8566.71817125
normal
simd_float4x4([[0.0618852, -0.700788, 0.71068, 0.0)], [0.98998, -0.0474488, -0.132995, 0.0)], [0.126922, 0.711789, 0.69083, 0.0)], [0.00197837, -0.284231, 0.481041, 1.0)]])
0.00197837, -0.284231, 0.481041
float3(-0.792043, 0.181698, -1.6384)
8566.851485375
normal
simd_float4x4([[0.0482087, -0.716535, 0.695884, 0.0)], [0.991543, -0.0497119, -0.119878, 0.0)], [0.120491, 0.695778, 0.708079, 0.0)], [0.00233229, -0.274086, 0.488722, 1.0)]])
0.00233229, -0.274086, 0.488722
float3(-0.769502, 0.168551, -1.64006)
8566.984799625
normal
simd_float4x4([[0.0312092, -0.735054, 0.67729, 0.0)], [0.995189, -0.0401116, -0.0893904, 0.0)], [0.092874, 0.676821, 0.730265, 0.0)], [0.0178384, -0.264023, 0.499304, 1.0)]])
0.0178384, -0.264023, 0.499304
float3(-0.743436, 0.126499, -1.62531)
8567.11811375
normal
simd_float4x4([[0.00192745, -0.742762, 0.669553, 0.0)], [0.998176, -0.0389733, -0.0461081, 0.0)], [0.0603421, 0.668421, 0.741332, 0.0)], [0.0421204, -0.254183, 0.511358, 1.0)]])
0.0421204, -0.254183, 0.511358
float3(-0.732083, 0.0812178, -1.62322)
8567.251427958
normal
simd_float4x4([[-0.0470949, -0.747094, 0.663048, 0.0)], [0.998865, -0.0399643, 0.0259172, 0.0)], [0.00713563, 0.663516, 0.748128, 0.0)], [0.0755441, -0.247381, 0.5245, 1.0)]])
0.0755441, -0.247381, 0.5245
float3(-0.725509, 0.00953769, -1.62424)
8567.384742375
normal
simd_float4x4([[-0.138104, -0.752872, 0.643515, 0.0)], [0.987121, -0.0516579, 0.151408, 0.0)], [-0.0807482, 0.656136, 0.75031, 0.0)], [0.133514, -0.237142, 0.537606, 1.0)]])
0.133514, -0.237142, 0.537606
float3(-0.715688, -0.107207, -1.6393)
8567.518056541
normal
simd_float4x4([[-0.256949, -0.775462, 0.576746, 0.0)], [0.930203, -0.0365945, 0.365217, 0.0)], [-0.262106, 0.630334, 0.73074, 0.0)], [0.229062, -0.220711, 0.55031, 1.0)]])
0.229062, -0.220711, 0.55031
float3(-0.681983, -0.344392, -1.61795)
8567.651370791
normal
simd_float4x4([[-0.34637, -0.780875, 0.519867, 0.0)], [0.85176, -0.0295589, 0.523098, 0.0)], [-0.393108, 0.623987, 0.675356, 0.0)], [0.313265, -0.200368, 0.56007, 1.0)]])
0.313265, -0.200368, 0.56007
float3(-0.673835, -0.527135, -1.60863)
8567.784685
normal
simd_float4x4([[-0.391016, -0.786118, 0.47867, 0.0)], [0.784562, -0.0127711, 0.619919, 0.0)], [-0.481216, 0.617945, 0.621752, 0.0)], [0.361969, -0.188419, 0.575327, 1.0)]])
0.361969, -0.188419, 0.575327
float3(-0.666126, -0.658665, -1.58704)
8567.917999208
normal
simd_float4x4([[-0.40321, -0.783557, 0.472717, 0.0)], [0.763103, -0.00279127, 0.646271, 0.0)], [-0.505071, 0.621314, 0.59906, 0.0)], [0.373075, -0.188002, 0.585437, 1.0)]])
0.373075, -0.188002, 0.585437
float3(-0.670419, -0.700478, -1.57436)
8568.051313416
normal
simd_float4x4([[-0.414559, -0.777233, 0.47334, 0.0)], [0.751405, 0.00106377, 0.65984, 0.0)], [-0.513353, 0.629213, 0.583575, 0.0)], [0.37853, -0.198051, 0.593328, 1.0)]])
0.37853, -0.198051, 0.593328
float3(-0.68054, -0.721468, -1.56943)
8568.184627583
normal
simd_float4x4([[-0.423657, -0.771626, 0.474455, 0.0)], [0.759914, -0.0176906, 0.649783, 0.0)], [-0.492996, 0.63583, 0.593864, 0.0)], [0.365214, -0.207221, 0.604634, 1.0)]])
0.365214, -0.207221, 0.604634
float3(-0.689084, -0.692856, -1.59372)
8568.317941875
normal
simd_float4x4([[-0.407831, -0.766216, 0.496575, 0.0)], [0.788463, -0.021285, 0.614713, 0.0)], [-0.460434, 0.64223, 0.612814, 0.0)], [0.339823, -0.213987, 0.614401, 1.0)]])
0.339823, -0.213987, 0.614401
float3(-0.697404, -0.64436, -1.59857)
8568.451256083
normal
simd_float4x4([[-0.397054, -0.75532, 0.521382, 0.0)], [0.816894, -0.0318857, 0.575907, 0.0)], [-0.418369, 0.65458, 0.629677, 0.0)], [0.314477, -0.21865, 0.625072, 1.0)]])
0.314477, -0.21865, 0.625072
float3(-0.713627, -0.586445, -1.61299)
8568.584570375
normal
simd_float4x4([[-0.380514, -0.768264, 0.514762, 0.0)], [0.830134, -0.038461, 0.556236, 0.0)], [-0.407538, 0.638977, 0.652397, 0.0)], [0.283831, -0.217139, 0.640319, 1.0)]])
0.283831, -0.217139, 0.640319
float3(-0.693168, -0.558367, -1.62082)
8568.717884666
normal
simd_float4x4([[-0.40615, -0.75873, 0.509285, 0.0)], [0.81651, -0.0510761, 0.575067, 0.0)], [-0.410308, 0.6494, 0.640256, 0.0)], [0.264151, -0.221899, 0.660217, 1.0)]])
0.264151, -0.221899, 0.660217
float3(-0.706795, -0.569917, -1.63801)
8568.851198833
normal
simd_float4x4([[-0.462396, -0.738389, 0.490889, 0.0)], [0.77433, -0.0665574, 0.629272, 0.0)], [-0.431975, 0.671083, 0.602533, 0.0)], [0.246038, -0.230956, 0.681716, 1.0)]])
0.246038, -0.230956, 0.681716
float3(-0.735669, -0.621999, -1.66069)
8568.984512958
normal
simd_float4x4([[-0.509198, -0.736507, 0.445281, 0.0)], [0.707068, -0.0630167, 0.704332, 0.0)], [-0.490685, 0.673488, 0.552849, 0.0)], [0.225843, -0.229798, 0.700996, 1.0)]])
0.225843, -0.229798, 0.700996
float3(-0.738918, -0.725898, -1.65615)
8569.11782725
normal
simd_float4x4([[-0.558529, -0.734036, 0.386313, 0.0)], [0.627652, -0.0695065, 0.775385, 0.0)], [-0.542309, 0.675545, 0.49954, 0.0)], [0.203685, -0.223518, 0.71273, 1.0)]])
0.203685, -0.223518, 0.71273
float3(-0.741703, -0.826426, -1.66521)
8569.251141458
normal
simd_float4x4([[-0.548857, -0.777869, 0.306065, 0.0)], [0.580133, -0.0908497, 0.809439, 0.0)], [-0.601831, 0.621825, 0.501131, 0.0)], [0.173811, -0.194221, 0.707552, 1.0)]])
0.173811, -0.194221, 0.707552
float3(-0.671071, -0.876446, -1.68706)
8569.384455625
normal
simd_float4x4([[-0.460533, -0.857926, 0.227754, 0.0)], [0.557732, -0.0800711, 0.82615, 0.0)], [-0.690539, 0.507495, 0.515369, 0.0)], [0.15542, -0.128235, 0.693154, 1.0)]])
0.15542, -0.128235, 0.693154
float3(-0.532275, -0.929649, -1.66386)
8569.517769916
normal
simd_float4x4([[-0.372101, -0.913268, 0.165778, 0.0)], [0.551071, -0.0736466, 0.831202, 0.0)], [-0.746901, 0.400647, 0.530679, 0.0)], [0.144572, -0.0607702, 0.674133, 1.0)]])
0.144572, -0.0607702, 0.674133
float3(-0.412223, -0.953053, -1.65126)
8569.651084
normal
simd_float4x4([[-0.281311, -0.947466, 0.152227, 0.0)], [0.578579, -0.0409053, 0.8146, 0.0)], [-0.765579, 0.317231, 0.559691, 0.0)], [0.130626, -0.00888783, 0.641177, 1.0)]])
0.130626, -0.00888783, 0.641177
float3(-0.322808, -0.939521, -1.61394)
8569.784398416
normal
simd_float4x4([[-0.250788, -0.955022, 0.158239, 0.0)], [0.59506, -0.0231546, 0.803348, 0.0)], [-0.76355, 0.295632, 0.574102, 0.0)], [0.124513, 0.022377, 0.618981, 1.0)]])
0.124513, 0.022377, 0.618981
float3(-0.300117, -0.92609, -1.59504)
8569.917712541
normal
