ARKit Data
355115.504611916
normal
simd_float4x4([[-0.0191244, -0.999765, 0.0102489, 0.0)], [0.955251, -0.0152446, 0.295405, 0.0)], [-0.295179, 0.0154397, 0.955317, 0.0)], [0.148353, -0.276821, -1.07008, 1.0)]])
0.148353, -0.276821, -1.07008
float3(-0.0154403, -0.29968, -1.58604)
355115.721255416
normal
simd_float4x4([[-0.0260324, -0.999594, 0.0115635, 0.0)], [0.955944, -0.021509, 0.292758, 0.0)], [-0.292391, 0.0186752, 0.956117, 0.0)], [0.148192, -0.276437, -1.06805, 1.0)]])
0.148192, -0.276437, -1.06805
float3(-0.0186763, -0.296779, -1.59231)
355116.501053291
notAvailable
simd_float4x4([[-0.0266286, 0.0, 0.999645, 0.0)], [0.0, 1.0, 0.0, 0.0)], [-0.999645, 0.0, -0.0266286, 0.0)], [-0.0576067, -0.0940668, -0.0154071, 1.0)]])
-0.0576067, -0.0940668, -0.0154071
float3(-0.0, -1.59743, 0.0)
355116.717696875
limited(__ObjC.ARCamera.TrackingState.Reason.initializing)
simd_float4x4([[-0.0264765, -0.99847, 0.0485263, 0.0)], [0.999581, -0.0258747, 0.0129892, 0.0)], [-0.0117138, 0.0488498, 0.998737, 0.0)], [0.0, 0.0, 0.0, 1.0)]])
0.0, 0.0, 0.0
float3(-0.0488693, -0.011728, -1.5967)
355116.934340416
limited(__ObjC.ARCamera.TrackingState.Reason.initializing)
simd_float4x4([[-0.0374229, -0.998446, 0.0412463, 0.0)], [0.998382, -0.0355884, 0.0443495, 0.0)], [-0.0428129, 0.0428393, 0.998163, 0.0)], [0.0, 0.0, 0.0, 1.0)]])
0.0, 0.0, 0.0
float3(-0.0428524, -0.0428654, -1.60643)
355117.150984041
limited(__ObjC.ARCamera.TrackingState.Reason.initializing)
simd_float4x4([[-0.0382663, -0.99836, 0.0425305, 0.0)], [0.998007, -0.0360465, 0.0517887, 0.0)], [-0.0501709, 0.0444275, 0.99775, 0.0)], [0.0, 0.0, 0.0, 1.0)]])
0.0, 0.0, 0.0
float3(-0.0444421, -0.0502417, -1.60689)
355117.367627583
normal
simd_float4x4([[-0.0290318, -0.998671, 0.0425858, 0.0)], [0.998968, -0.0274992, 0.0361437, 0.0)], [-0.0349246, 0.0435911, 0.998439, 0.0)], [-9.47025e-05, 0.000247083, -1.00522e-05, 1.0)]])
-9.47025e-05, 0.000247083, -1.00522e-05
float3(-0.043605, -0.0349649, -1.59833)
355117.584271125
normal
simd_float4x4([[-0.0242998, -0.998808, 0.0423261, 0.0)], [0.998561, -0.0222252, 0.0488121, 0.0)], [-0.0478132, 0.0434513, 0.997911, 0.0)], [-0.0036298, -4.91962e-05, 2.32076e-05, 1.0)]])
-0.0036298, -4.91962e-05, 2.32076e-05
float3(-0.043465, -0.0478767, -1.59304)
355117.800914541
normal
simd_float4x4([[-0.023187, -0.99881, 0.0429184, 0.0)], [0.997964, -0.0205734, 0.0603674, 0.0)], [-0.0594125, 0.0442308, 0.997253, 0.0)], [-0.00948494, -0.00187247, -0.00148191, 1.0)]])
-0.00948494, -0.00187247, -0.00148191
float3(-0.0442452, -0.0595059, -1.59139)
355118.017558
normal
simd_float4x4([[-0.0250474, -0.998817, 0.0416905, 0.0)], [0.99899, -0.0234521, 0.0383246, 0.0)], [-0.0373016, 0.0426083, 0.998395, 0.0)], [-0.00863346, -0.00135818, 0.000927692, 1.0)]])
-0.00863346, -0.00135818, 0.000927692
float3(-0.0426212, -0.0373441, -1.59427)
355118.2508665
normal
simd_float4x4([[-0.0235329, -0.998831, 0.0422187, 0.0)], [0.999637, -0.0229549, 0.014124, 0.0)], [-0.0131384, 0.0425357, 0.999009, 0.0)], [-0.00770272, -0.00132979, -0.00104297, 1.0)]])
-0.00770272, -0.00132979, -0.00104297
float3(-0.0425486, -0.0131507, -1.59377)
355118.517504708
normal
simd_float4x4([[-0.0204658, -0.998886, 0.042513, 0.0)], [0.999687, -0.0210572, -0.0135094, 0.0)], [0.0143895, 0.0422232, 0.999005, 0.0)], [-0.00838195, -0.000730559, -0.00206313, 1.0)]])
-0.00838195, -0.000730559, -0.00206313
float3(-0.0422357, 0.0144029, -1.59187)
355118.73414825
normal
simd_float4x4([[-0.0188184, -0.998802, 0.045175, 0.0)], [0.999568, -0.0198157, -0.0217297, 0.0)], [0.0225988, 0.0447465, 0.998743, 0.0)], [-0.00747381, -0.00060499, -0.00313491, 1.0)]])
-0.00747381, -0.00060499, -0.00313491
float3(-0.0447615, 0.0226234, -1.59063)
355118.967456708
normal
simd_float4x4([[-0.0178258, -0.998822, 0.045134, 0.0)], [0.999652, -0.0186817, -0.0186137, 0.0)], [0.019435, 0.0447864, 0.998808, 0.0)], [-0.00604617, -0.000181424, -0.00381762, 1.0)]])
-0.00604617, -0.000181424, -0.00381762
float3(-0.0448014, 0.0194557, -1.5895)
355119.200765041
normal
simd_float4x4([[-0.0148249, -0.998861, 0.045364, 0.0)], [0.999814, -0.0153674, -0.0116339, 0.0)], [0.0123178, 0.0451831, 0.998903, 0.0)], [-0.0054105, 0.000240287, -0.00531841, 1.0)]])
-0.0054105, 0.000240287, -0.00531841
float3(-0.0451985, 0.0123307, -1.58618)
355119.434073541
normal
simd_float4x4([[-0.0136588, -0.998764, 0.0477996, 0.0)], [0.999875, -0.0140205, -0.00724082, 0.0)], [0.00790203, 0.0476947, 0.998831, 0.0)], [-0.00424716, 0.000495736, -0.00673834, 1.0)]])
-0.00424716, 0.000495736, -0.00673834
float3(-0.0477128, 0.00791112, -1.58483)
355119.667381916
normal
simd_float4x4([[-0.0133889, -0.998717, 0.048829, 0.0)], [0.999906, -0.0135213, -0.00238124, 0.0)], [0.00303842, 0.0487925, 0.998804, 0.0)], [-0.00349212, 0.000206998, -0.00782381, 1.0)]])
-0.00349212, 0.000206998, -0.00782381
float3(-0.0488119, 0.00304205, -1.58433)
355119.884025416
normal
simd_float4x4([[-0.0131131, -0.998638, 0.0505033, 0.0)], [0.999912, -0.0132039, -0.00146521, 0.0)], [0.00213005, 0.0504796, 0.998723, 0.0)], [-0.00458066, 0.000102803, -0.00785504, 1.0)]])
-0.00458066, 0.000102803, -0.00785504
float3(-0.0505011, 0.00213278, -1.58402)
355120.117334
normal
simd_float4x4([[-0.0123399, -0.998568, 0.0520533, 0.0)], [0.999919, -0.012486, -0.0024831, 0.0)], [0.00312948, 0.0520185, 0.998641, 0.0)], [-0.00412738, -0.000166817, -0.00815967, 1.0)]])
-0.00412738, -0.000166817, -0.00815967
float3(-0.052042, 0.00313373, -1.5833)
355120.367307291
normal
simd_float4x4([[-0.0144906, -0.998447, 0.053798, 0.0)], [0.999894, -0.0145576, -0.000854192, 0.0)], [0.00163604, 0.0537799, 0.998551, 0.0)], [-0.00280337, -4.69033e-05, -0.00718952, 1.0)]])
-0.00280337, -4.69033e-05, -0.00718952
float3(-0.0538059, 0.00163841, -1.58538)
355120.600615583
normal
simd_float4x4([[-0.0136502, -0.998563, 0.0518174, 0.0)], [0.999904, -0.0135168, 0.00292282, 0.0)], [-0.00221822, 0.0518524, 0.998652, 0.0)], [-0.00184496, -9.46522e-05, -0.00622009, 1.0)]])
-0.00184496, -9.46522e-05, -0.00622009
float3(-0.0518756, -0.00222121, -1.58433)
355120.817259208
normal
simd_float4x4([[-0.0142124, -0.998536, 0.0521824, 0.0)], [0.999886, -0.0139313, 0.00574751, 0.0)], [-0.00501213, 0.0522581, 0.998621, 0.0)], [-0.000313462, -0.000323683, -0.00605439, 1.0)]])
-0.000313462, -0.000323683, -0.00605439
float3(-0.0522819, -0.00501901, -1.58475)
355121.033902833
normal
simd_float4x4([[-0.0135789, -0.998426, 0.054413, 0.0)], [0.999867, -0.013065, 0.0097898, 0.0)], [-0.00906349, 0.0545387, 0.99847, 0.0)], [0.00067712, -0.000204621, -0.00564539, 1.0)]])
0.00067712, -0.000204621, -0.00564539
float3(-0.0545658, -0.00907712, -1.58388)
355121.267211291
normal
simd_float4x4([[-0.013248, -0.998425, 0.0545088, 0.0)], [0.99985, -0.0126174, 0.0118966, 0.0)], [-0.0111901, 0.0546582, 0.998442, 0.0)], [0.00139768, -0.000162194, -0.00502659, 1.0)]])
0.00139768, -0.000162194, -0.00502659
float3(-0.0546854, -0.0112071, -1.58343)
355121.517184666
normal
simd_float4x4([[-0.0138467, -0.998528, 0.0524378, 0.0)], [0.999849, -0.0132749, 0.0112358, 0.0)], [-0.0105231, 0.0525854, 0.998561, 0.0)], [0.00210067, 0.000345103, -0.00457574, 1.0)]])
0.00210067, 0.000345103, -0.00457574
float3(-0.0526097, -0.0105379, -1.58409)
355121.733828166
normal
simd_float4x4([[-0.0131076, -0.998519, 0.0528051, 0.0)], [0.999872, -0.0126042, 0.00985455, 0.0)], [-0.00917438, 0.0529275, 0.998556, 0.0)], [0.00230941, 0.000382761, -0.00487345, 1.0)]])
0.00230941, 0.000382761, -0.00487345
float3(-0.0529523, -0.00918739, -1.58342)
355121.950471583
normal
simd_float4x4([[-0.0141221, -0.998508, 0.052743, 0.0)], [0.999849, -0.0135656, 0.0108926, 0.0)], [-0.0101609, 0.0528889, 0.998549, 0.0)], [0.00322326, 0.000279464, -0.00462225, 1.0)]])
0.00322326, 0.000279464, -0.00462225
float3(-0.0529136, -0.0101753, -1.58438)
355122.167115166
normal
simd_float4x4([[-0.0160957, -0.998468, 0.0529328, 0.0)], [0.999374, -0.0143966, 0.0323246, 0.0)], [-0.031513, 0.0534199, 0.998075, 0.0)], [-0.0047031, -0.000710808, -0.00519683, 1.0)]])
-0.0047031, -0.000710808, -0.00519683
float3(-0.0534454, -0.0315633, -1.58521)
355122.383758916
normal
simd_float4x4([[-0.0171761, -0.99848, 0.0523672, 0.0)], [0.999361, -0.0155025, 0.0321994, 0.0)], [-0.0313386, 0.0528868, 0.998109, 0.0)], [-0.00432714, -4.73559e-05, -0.00550777, 1.0)]])
-0.00432714, -4.73559e-05, -0.00550777
float3(-0.0529115, -0.0313877, -1.58632)
355122.600402458
normal
simd_float4x4([[-0.0162791, -0.998357, 0.0549429, 0.0)], [0.999355, -0.0144859, 0.032878, 0.0)], [-0.032028, 0.0554427, 0.997948, 0.0)], [-0.00381011, -0.000498258, -0.00648464, 1.0)]])
-0.00381011, -0.000498258, -0.00648464
float3(-0.0554711, -0.0320829, -1.58531)
355122.817046083
normal
simd_float4x4([[-0.016595, -0.998327, 0.0553866, 0.0)], [0.999319, -0.0147346, 0.0338299, 0.0)], [-0.0329572, 0.0559103, 0.997892, 0.0)], [-0.00317311, -0.000558751, -0.00668011, 1.0)]])
-0.00317311, -0.000558751, -0.00668011
float3(-0.0559395, -0.0330148, -1.58555)
355123.033689625
normal
simd_float4x4([[-0.0180972, -0.998285, 0.0556694, 0.0)], [0.999315, -0.0162615, 0.0332529, 0.0)], [-0.0322906, 0.056233, 0.997895, 0.0)], [-0.00267388, -0.000671707, -0.00596099, 1.0)]])
-0.00267388, -0.000671707, -0.00596099
float3(-0.0562627, -0.0323474, -1.58708)
355123.250333166
normal
simd_float4x4([[-0.0161876, -0.998171, 0.0582433, 0.0)], [0.999373, -0.0143184, 0.0323688, 0.0)], [-0.0314757, 0.0587308, 0.997777, 0.0)], [-0.00194922, -0.000666194, -0.00720738, 1.0)]])
-0.00194922, -0.000666194, -0.00720738
float3(-0.0587646, -0.0315353, -1.58514)
355123.46697675
normal
simd_float4x4([[-0.0164317, -0.998146, 0.0585998, 0.0)], [0.999351, -0.0145159, 0.03297, 0.0)], [-0.0320582, 0.0591035, 0.997737, 0.0)], [-0.00133243, -0.000396676, -0.00653011, 1.0)]])
-0.00133243, -0.000396676, -0.00653011
float3(-0.059138, -0.0321199, -1.58534)
355123.683620083
normal
simd_float4x4([[-0.0155681, -0.998282, 0.0564853, 0.0)], [0.99938, -0.0137512, 0.0324122, 0.0)], [-0.0315798, 0.0569549, 0.997877, 0.0)], [-0.00155821, 0.000230642, -0.00448455, 1.0)]])
-0.00155821, 0.000230642, -0.00448455
float3(-0.0569857, -0.0316364, -1.58457)
355123.900263666
normal
simd_float4x4([[-0.0139484, -0.998277, 0.0569978, 0.0)], [0.999387, -0.0120872, 0.0328701, 0.0)], [-0.0321245, 0.0574213, 0.997833, 0.0)], [-0.00151177, -0.000264625, -0.00536577, 1.0)]])
-0.00151177, -0.000264625, -0.00536577
float3(-0.0574529, -0.0321832, -1.5829)
355124.11690725
normal
simd_float4x4([[-0.0177138, -0.997801, 0.0638766, 0.0)], [0.997992, -0.0137595, 0.061822, 0.0)], [-0.0608071, 0.0648434, 0.996041, 0.0)], [0.00322178, -0.00052465, -0.00867837, 1.0)]])
0.00322178, -0.00052465, -0.00867837
float3(-0.0648889, -0.0609731, -1.58459)
355124.333550875
normal
simd_float4x4([[-0.0449732, -0.996953, 0.0637379, 0.0)], [0.981035, -0.0320333, 0.191166, 0.0)], [-0.188542, 0.0711264, 0.979486, 0.0)], [0.0218508, 0.0027684, -0.00697791, 1.0)]])
0.0218508, 0.0027684, -0.00697791
float3(-0.0711865, -0.190164, -1.60292)
355124.550194375
normal
simd_float4x4([[-0.0547729, -0.996633, 0.0610056, 0.0)], [0.926941, -0.0280398, 0.374158, 0.0)], [-0.371188, 0.0770423, 0.925356, 0.0)], [0.0429891, -0.00470237, -0.00219185, 1.0)]])
0.0429891, -0.00470237, -0.00219185
float3(-0.0771187, -0.38148, -1.59892)
355124.766838
normal
simd_float4x4([[-0.070097, -0.994693, 0.0753136, 0.0)], [0.825903, -0.0155292, 0.563598, 0.0)], [-0.559437, 0.101708, 0.822609, 0.0)], [0.063859, -0.0143177, 0.0199187, 1.0)]])
0.063859, -0.0143177, 0.0199187
float3(-0.101884, -0.597229, -1.58641)
355125.016811333
normal
simd_float4x4([[-0.0664048, -0.995499, 0.0676109, 0.0)], [0.673692, 0.00525125, 0.738993, 0.0)], [-0.736022, 0.0946217, 0.670312, 0.0)], [0.0963668, -0.0138236, 0.0550786, 1.0)]])
0.0963668, -0.0138236, 0.0550786
float3(-0.0947635, -0.832089, -1.56552)
355125.233454791
normal
simd_float4x4([[-0.0871064, -0.995143, 0.0458531, 0.0)], [0.581656, -0.0134378, 0.813324, 0.0)], [-0.808758, 0.0975164, 0.580002, 0.0)], [0.141695, -0.0207293, 0.080872, 1.0)]])
0.141695, -0.0207293, 0.080872
float3(-0.0976717, -0.948652, -1.5843)
355125.483428125
normal
simd_float4x4([[-0.0824711, -0.996274, 0.0252496, 0.0)], [0.478571, -0.0173669, 0.877877, 0.0)], [-0.874167, 0.0844832, 0.47822, 0.0)], [0.185842, -0.0220421, 0.103711, 1.0)]])
0.185842, -0.0220421, 0.103711
float3(-0.084584, -1.07022, -1.58823)
355125.700071708
normal
simd_float4x4([[-0.0934976, -0.995248, 0.0271853, 0.0)], [0.363697, -0.00872368, 0.931477, 0.0)], [-0.926813, 0.096978, 0.362784, 0.0)], [0.210397, -0.0232158, 0.104787, 1.0)]])
0.210397, -0.0232158, 0.104787
float3(-0.0971307, -1.1977, -1.57956)
355125.916715333
normal
simd_float4x4([[-0.104057, -0.994405, 0.0181986, 0.0)], [0.161701, 0.00113926, 0.986839, 0.0)], [-0.981338, 0.105631, 0.160678, 0.0)], [0.221468, -0.0229016, 0.102115, 1.0)]])
0.221468, -0.0229016, 0.102115
float3(-0.105828, -1.4085, -1.56965)
355126.166688625
normal
simd_float4x4([[-0.068577, -0.997645, 0.00128916, 0.0)], [-0.177474, 0.0134709, 0.984033, 0.0)], [-0.981733, 0.0672532, -0.17798, 0.0)], [0.2154, -0.0173638, 0.108508, 1.0)]])
0.2154, -0.0173638, 0.108508
float3(-0.067304, -1.75014, -1.55729)
355126.38333225
normal
simd_float4x4([[-0.0440798, -0.999028, -0.000379529, 0.0)], [-0.409646, 0.0177282, 0.912072, 0.0)], [-0.911179, 0.0403594, -0.410029, 0.0)], [0.183507, -0.011156, 0.104664, 1.0)]])
0.183507, -0.011156, 0.104664
float3(-0.0403704, -1.99365, -1.55305)
355126.600121333
normal
simd_float4x4([[-0.0336611, -0.999433, 0.000462613, 0.0)], [-0.561534, 0.0192955, 0.827228, 0.0)], [-0.826768, 0.0275857, -0.561866, 0.0)], [0.136209, -0.00586475, 0.0908596, 1.0)]])
0.136209, -0.00586475, 0.0908596
float3(-0.0275892, -2.16769, -1.55149)
355126.833586333
normal
simd_float4x4([[-0.0182215, -0.999757, 0.0123946, 0.0)], [-0.694902, 0.0215764, 0.71878, 0.0)], [-0.718873, 0.0044842, -0.695127, 0.0)], [0.0538047, 0.0113266, 0.0803887, 1.0)]])
0.0538047, 0.0113266, 0.0803887
float3(-0.00448422, -2.3394, -1.54922)
355127.033699291
normal
simd_float4x4([[-0.0236722, -0.99972, -0.000473481, 0.0)], [-0.777959, 0.0181237, 0.628053, 0.0)], [-0.627869, 0.0152358, -0.77817, 0.0)], [-0.0236934, 0.0219269, 0.083611, 1.0)]])
-0.0236934, 0.0219269, 0.083611
float3(-0.0152364, -2.46269, -1.55267)
355127.23381225
normal
simd_float4x4([[-0.0204113, -0.999724, -0.0116141, 0.0)], [-0.835605, 0.01068, 0.549227, 0.0)], [-0.548952, 0.0209152, -0.835592, 0.0)], [-0.0928945, 0.030947, 0.0948128, 1.0)]])
-0.0928945, 0.030947, 0.0948128
float3(-0.0209168, -2.56034, -1.56011)
355127.450601166
normal
simd_float4x4([[-0.0180593, -0.999588, -0.0222979, 0.0)], [-0.88116, 0.00537314, 0.472788, 0.0)], [-0.472474, 0.0281862, -0.880894, 0.0)], [-0.128278, 0.0342989, 0.109713, 1.0)]])
-0.128278, 0.0342989, 0.109713
float3(-0.0281899, -2.64928, -1.56542)
355127.650714166
normal
simd_float4x4([[-0.0180153, -0.999311, -0.0324524, 0.0)], [-0.911858, 0.00310796, 0.410495, 0.0)], [-0.410111, 0.0369872, -0.911285, 0.0)], [-0.123934, 0.0335994, 0.128193, 1.0)]])
-0.123934, 0.0335994, 0.128193
float3(-0.0369956, -2.71871, -1.56769)
355127.850827125
normal
simd_float4x4([[-0.0186701, -0.998991, -0.0408459, 0.0)], [-0.937134, 0.00324629, 0.348955, 0.0)], [-0.34847, 0.0447931, -0.936249, 0.0)], [-0.0973221, 0.0283774, 0.148022, 1.0)]])
-0.0973221, 0.0283774, 0.148022
float3(-0.044808, -2.78528, -1.56755)
355128.050940083
normal
simd_float4x4([[-0.0213951, -0.998279, -0.0546019, 0.0)], [-0.955915, 0.00442785, 0.29361, 0.0)], [-0.292863, 0.0584766, -0.954365, 0.0)], [-0.0631463, 0.0243256, 0.186568, 1.0)]])
-0.0631463, 0.0243256, 0.186568
float3(-0.0585099, -2.84385, -1.56636)
355128.251053333
normal
simd_float4x4([[-0.00858358, -0.998146, -0.0602496, 0.0)], [-0.972806, -0.00561124, 0.231553, 0.0)], [-0.231462, 0.0605987, -0.970955, 0.0)], [-0.0221876, 0.0159284, 0.237872, 1.0)]])
-0.0221876, 0.0159284, 0.237872
float3(-0.0606358, -2.90757, -1.57642)
355128.451166166
normal
simd_float4x4([[-0.0068757, -0.996705, -0.0808223, 0.0)], [-0.985714, -0.00684634, 0.168286, 0.0)], [-0.168285, 0.0808248, -0.982419, 0.0)], [-0.00225695, 0.0106709, 0.293426, 1.0)]])
-0.00225695, 0.0106709, 0.293426
float3(-0.080913, -2.97194, -1.57767)
355128.667955
normal
simd_float4x4([[0.00898934, -0.997161, -0.0747625, 0.0)], [-0.991773, -0.0184384, 0.126677, 0.0)], [-0.127696, 0.0730087, -0.989122, 0.0)], [0.0344071, 0.00231327, 0.366093, 1.0)]])
0.0344071, 0.00231327, 0.366093
float3(-0.0730737, -3.0132, -1.58929)
355128.86806825
normal
simd_float4x4([[0.0202802, -0.99533, -0.0943765, 0.0)], [-0.99438, -0.0298912, 0.101565, 0.0)], [-0.103912, 0.0917863, -0.990342, 0.0)], [0.0620226, -0.00301769, 0.462865, 1.0)]])
0.0620226, -0.00301769, 0.462865
float3(-0.0919157, -3.03705, -1.60082)
355129.068181125
normal
simd_float4x4([[0.0228806, -0.995841, -0.0881842, 0.0)], [-0.995214, -0.0310705, 0.0926492, 0.0)], [-0.0950039, 0.0856423, -0.991786, 0.0)], [0.0796955, -0.000149826, 0.556879, 1.0)]])
0.0796955, -0.000149826, 0.556879
float3(-0.0857473, -3.04609, -1.60199)
355129.268294208
normal
simd_float4x4([[0.0140313, -0.994597, -0.102854, 0.0)], [-0.997791, -0.0206068, 0.0631498, 0.0)], [-0.0649282, 0.101741, -0.99269, 0.0)], [0.0945498, 0.0013867, 0.643244, 1.0)]])
0.0945498, 0.0013867, 0.643244
float3(-0.101917, -3.07628, -1.59151)
355129.468407083
normal
simd_float4x4([[0.00389978, -0.994805, -0.101726, 0.0)], [-0.999589, -0.00676893, 0.0278747, 0.0)], [-0.0284184, 0.101576, -0.994422, 0.0)], [0.120951, -0.00546307, 0.742683, 1.0)]])
0.120951, -0.00546307, 0.742683
float3(-0.101751, -3.11302, -1.5776)
355129.668520083
normal
simd_float4x4([[0.00774422, -0.99714, -0.0751792, 0.0)], [-0.999747, -0.0061333, -0.021635, 0.0)], [0.021112, 0.0753277, -0.996935, 0.0)], [0.156918, -0.0134919, 0.85766, 1.0)]])
0.156918, -0.0134919, 0.85766
float3(-0.0753992, 3.12042, -1.57695)
355129.868632916
normal
simd_float4x4([[0.0438549, -0.997032, -0.0632745, 0.0)], [-0.994796, -0.0377505, -0.0946381, 0.0)], [0.0919685, 0.0670955, -0.993499, 0.0)], [0.189557, -0.00521375, 0.98352, 1.0)]])
0.189557, -0.00521375, 0.98352
float3(-0.0671459, 3.04929, -1.60864)
355130.085422
normal
simd_float4x4([[0.0545121, -0.994706, -0.087107, 0.0)], [-0.991928, -0.0439437, -0.118945, 0.0)], [0.114488, 0.0928878, -0.989072, 0.0)], [0.21055, 0.000888601, 1.11133, 1.0)]])
0.21055, 0.000888601, 1.11133
float3(-0.0930219, 3.02635, -1.61495)
355130.285535083
normal
simd_float4x4([[0.0499986, -0.995105, -0.0852448, 0.0)], [-0.992387, -0.0398799, -0.116527, 0.0)], [0.112557, 0.090422, -0.989522, 0.0)], [0.216701, -0.00970323, 1.25007, 1.0)]])
0.216701, -0.00970323, 1.25007
float3(-0.0905456, 3.02833, -1.61085)
355130.485647833
normal
simd_float4x4([[0.0578153, -0.997216, -0.047086, 0.0)], [-0.993745, -0.0529722, -0.0983077, 0.0)], [0.0955398, 0.0524752, -0.994042, 0.0)], [0.197904, -0.0159879, 1.39328, 1.0)]])
0.197904, -0.0159879, 1.39328
float3(-0.0524993, 3.04577, -1.62387)
355130.685760791
normal
simd_float4x4([[0.0441604, -0.996689, -0.0682649, 0.0)], [-0.995632, -0.0382808, -0.0851604, 0.0)], [0.0822652, 0.0717274, -0.994026, 0.0)], [0.183152, -0.00341627, 1.53892, 1.0)]])
0.183152, -0.00341627, 1.53892
float3(-0.0717891, 3.05902, -1.60919)
355130.885873708
normal
simd_float4x4([[0.0147913, -0.996988, -0.0761338, 0.0)], [-0.994645, -0.0068821, -0.103118, 0.0)], [0.102283, 0.0772513, -0.991751, 0.0)], [0.175229, 0.00216208, 1.67997, 1.0)]])
0.175229, 0.00216208, 1.67997
float3(-0.0773284, 3.03882, -1.5777)
355131.119338958
normal
simd_float4x4([[0.00246041, -0.997469, -0.0710616, 0.0)], [-0.993588, 0.00559406, -0.112924, 0.0)], [0.113035, 0.0708838, -0.991059, 0.0)], [0.182545, -0.0150047, 1.87404, 1.0)]])
0.182545, -0.0150047, 1.87404
float3(-0.0709433, 3.02803, -1.56519)
355131.319451875
normal
simd_float4x4([[0.0185738, -0.997602, -0.0666695, 0.0)], [-0.991255, -0.0096604, -0.131606, 0.0)], [0.130646, 0.0685309, -0.989058, 0.0)], [0.191048, -0.0154261, 2.0465, 1.0)]])
0.191048, -0.0154261, 2.0465
float3(-0.0685846, 3.01026, -1.58048)
355131.536240958
normal
simd_float4x4([[0.0330694, -0.994887, -0.0954296, 0.0)], [-0.990266, -0.0196993, -0.137787, 0.0)], [0.135202, 0.0990572, -0.985854, 0.0)], [0.183887, -0.00966165, 2.22246, 1.0)]])
0.183887, -0.00966165, 2.22246
float3(-0.0992199, 3.0053, -1.59059)
355131.736353875
normal
simd_float4x4([[0.0275798, -0.99625, -0.0820087, 0.0)], [-0.991911, -0.0171061, -0.125776, 0.0)], [0.123902, 0.0848143, -0.988663, 0.0)], [0.172838, -0.0207334, 2.38969, 1.0)]])
0.172838, -0.0207334, 2.38969
float3(-0.0849163, 3.01692, -1.58797)
355131.969818916
normal
simd_float4x4([[0.029289, -0.996405, -0.0794892, 0.0)], [-0.994803, -0.0212987, -0.0995689, 0.0)], [0.097518, 0.0819923, -0.99185, 0.0)], [0.14704, -0.0194018, 2.59758, 1.0)]])
0.14704, -0.0194018, 2.59758
float3(-0.0820845, 3.04359, -1.59217)
355132.169931958
normal
simd_float4x4([[0.00607261, -0.995502, -0.0945509, 0.0)], [-0.996704, 0.00162322, -0.0811046, 0.0)], [0.0808932, 0.0947318, -0.992211, 0.0)], [0.142877, -0.0134344, 2.7594, 1.0)]])
0.142877, -0.0134344, 2.7594
float3(-0.0948741, 3.06024, -1.56917)
355132.370044958
normal
simd_float4x4([[0.00104695, -0.996521, -0.0833365, 0.0)], [-0.996553, 0.00587295, -0.0827473, 0.0)], [0.0829488, 0.0831359, -0.99308, 0.0)], [0.148115, -0.0237364, 2.93168, 1.0)]])
0.148115, -0.0237364, 2.93168
float3(-0.0832319, 3.05826, -1.5649)
355132.570157833
normal
simd_float4x4([[0.00741529, -0.99675, -0.080218, 0.0)], [-0.99404, 0.00137784, -0.109009, 0.0)], [0.108765, 0.0805482, -0.990799, 0.0)], [0.167717, -0.0278865, 3.10874, 1.0)]])
0.167717, -0.0278865, 3.10874
float3(-0.0806355, 3.03226, -1.56941)
355132.820299
normal
simd_float4x4([[0.0320926, -0.994649, -0.0982028, 0.0)], [-0.992217, -0.0198777, -0.122924, 0.0)], [0.120314, 0.101383, -0.987545, 0.0)], [0.174385, -0.0186723, 3.31807, 1.0)]])
0.174385, -0.0186723, 3.31807
float3(-0.101558, 3.02036, -1.59078)
355133.020411791
normal
simd_float4x4([[0.0382793, -0.995939, -0.0814852, 0.0)], [-0.993353, -0.0290672, -0.111378, 0.0)], [0.108557, 0.085207, -0.990432, 0.0)], [0.167678, -0.0269426, 3.49549, 1.0)]])
0.167678, -0.0269426, 3.49549
float3(-0.0853104, 3.03242, -1.59997)
355133.220524916
normal
simd_float4x4([[0.0522255, -0.997116, -0.0550613, 0.0)], [-0.996692, -0.048607, -0.0651265, 0.0)], [0.0622623, 0.0582804, -0.996357, 0.0)], [0.146667, -0.0249629, 3.6748, 1.0)]])
0.146667, -0.0249629, 3.6748
float3(-0.0583135, 3.07918, -1.61951)
355133.437314
normal
simd_float4x4([[0.0171897, -0.996547, -0.0812278, 0.0)], [-0.999229, -0.0142552, -0.0365697, 0.0)], [0.0352856, 0.0817938, -0.996024, 0.0)], [0.136505, -0.0133177, 3.85395, 1.0)]])
0.136505, -0.0133177, 3.85395
float3(-0.0818853, 3.10618, -1.5851)
355133.654103041
normal
simd_float4x4([[0.00890702, -0.997561, -0.0692344, 0.0)], [-0.998818, -0.00556666, -0.0482913, 0.0)], [0.0477881, 0.0695827, -0.996431, 0.0)], [0.128577, -0.0196515, 4.032, 1.0)]])
0.128577, -0.0196515, 4.032
float3(-0.0696389, 3.09367, -1.57638)
355133.870891958
normal
simd_float4x4([[0.0486503, -0.998504, -0.0249623, 0.0)], [-0.995625, -0.0464835, -0.0810598, 0.0)], [0.0797782, 0.0287966, -0.996397, 0.0)], [0.130547, -0.031011, 4.22408, 1.0)]])
0.130547, -0.031011, 4.22408
float3(-0.0288006, 3.0617, -1.61732)
355134.071004958
normal
simd_float4x4([[0.0541422, -0.994933, -0.0847114, 0.0)], [-0.992987, -0.0447185, -0.109437, 0.0)], [0.105095, 0.0900425, -0.990377, 0.0)], [0.132171, -0.0237128, 4.4061, 1.0)]])
0.132171, -0.0237128, 4.4061
float3(-0.0901646, 3.03587, -1.61571)
355134.287793916
normal
simd_float4x4([[0.0551436, -0.996304, -0.0658669, 0.0)], [-0.992449, -0.0474524, -0.11311, 0.0)], [0.109567, 0.0716069, -0.991397, 0.0)], [0.126377, -0.0311458, 4.59378, 1.0)]])
0.126377, -0.0311458, 4.59378
float3(-0.0716682, 3.03152, -1.61839)
355134.504582916
normal
simd_float4x4([[0.0311974, -0.996728, -0.0745682, 0.0)], [-0.996102, -0.0248461, -0.0846338, 0.0)], [0.0825042, 0.0769179, -0.993618, 0.0)], [0.11469, -0.0348109, 4.79954, 1.0)]])
0.11469, -0.0348109, 4.79954
float3(-0.076994, 3.05875, -1.59572)
355134.704695958
normal
simd_float4x4([[0.00558269, -0.996549, -0.0828215, 0.0)], [-0.998424, -0.000930095, -0.0561087, 0.0)], [0.055838, 0.0830042, -0.994984, 0.0)], [0.11064, -0.021114, 4.9754, 1.0)]])
0.11064, -0.021114, 4.9754
float3(-0.0830998, 3.08553, -1.57173)
355134.921485
normal
simd_float4x4([[-0.01416, -0.99697, -0.0764849, 0.0)], [-0.998554, 0.0180661, -0.0506218, 0.0)], [0.0518502, 0.0756575, -0.995785, 0.0)], [0.11292, -0.0301123, 5.16256, 1.0)]])
0.11292, -0.0301123, 5.16256
float3(-0.0757298, 3.08957, -1.55268)
355135.121597791
normal
simd_float4x4([[0.00388381, -0.998414, -0.0561651, 0.0)], [-0.997173, 0.000348155, -0.0751434, 0.0)], [0.0750437, 0.0562981, -0.99559, 0.0)], [0.123677, -0.0417577, 5.34601, 1.0)]])
0.123677, -0.0417577, 5.34601
float3(-0.0563279, 3.06636, -1.57045)
355135.355062958
normal
simd_float4x4([[0.0379406, -0.994265, -0.099985, 0.0)], [-0.994038, -0.0273169, -0.105557, 0.0)], [0.102221, 0.103394, -0.989374, 0.0)], [0.127826, -0.0268602, 5.54098, 1.0)]])
0.127826, -0.0268602, 5.54098
float3(-0.103579, 3.03864, -1.59826)
355135.555175791
normal
simd_float4x4([[0.0334907, -0.995358, -0.0902232, 0.0)], [-0.995076, -0.0247826, -0.0959653, 0.0)], [0.0932839, 0.0929929, -0.991287, 0.0)], [0.129344, -0.0326763, 5.69864, 1.0)]])
0.129344, -0.0326763, 5.69864
float3(-0.0931275, 3.04777, -1.59569)
355135.755288666
normal
simd_float4x4([[0.0359343, -0.996965, -0.0690639, 0.0)], [-0.997694, -0.0318075, -0.0599505, 0.0)], [0.0575718, 0.0710589, -0.995809, 0.0)], [0.11663, -0.0426517, 5.86903, 1.0)]])
0.11663, -0.0426517, 5.86903
float3(-0.0711189, 3.08384, -1.60269)
355135.955401708
normal
simd_float4x4([[0.01393, -0.994482, -0.103979, 0.0)], [-0.999542, -0.0110571, -0.0281558, 0.0)], [0.0268507, 0.104324, -0.994181, 0.0)], [0.109423, -0.0281283, 6.03286, 1.0)]])
0.109423, -0.0281283, 6.03286
float3(-0.104514, 3.11459, -1.58191)
355136.155514625
normal
simd_float4x4([[-0.0255948, -0.992614, -0.118582, 0.0)], [-0.999424, 0.0280544, -0.0191184, 0.0)], [0.0223039, 0.118024, -0.99276, 0.0)], [0.103384, -0.027302, 6.18275, 1.0)]])
0.103384, -0.027302, 6.18275
float3(-0.1183, 3.11913, -1.54254)
355136.355627625
normal
simd_float4x4([[-0.018115, -0.995395, -0.0941297, 0.0)], [-0.998664, 0.0225697, -0.0464785, 0.0)], [0.048389, 0.093162, -0.994474, 0.0)], [0.0961826, -0.04485, 6.34096, 1.0)]])
0.0961826, -0.04485, 6.34096
float3(-0.0932973, 3.09297, -1.54813)
355136.5557405
normal
simd_float4x4([[0.012669, -0.997796, -0.0651367, 0.0)], [-0.996029, -0.00685217, -0.0887609, 0.0)], [0.088119, 0.0660025, -0.993921, 0.0)], [0.088899, -0.0409223, 6.50774, 1.0)]])
0.088899, -0.0409223, 6.50774
float3(-0.0660505, 3.05317, -1.57766)
355136.7558535
normal
simd_float4x4([[0.0289257, -0.995964, -0.0849685, 0.0)], [-0.995543, -0.0210709, -0.0919278, 0.0)], [0.0897664, 0.0872489, -0.992134, 0.0)], [0.0853539, -0.0388688, 6.67022, 1.0)]])
0.0853539, -0.0388688, 6.67022
float3(-0.08736, 3.05136, -1.59195)
355136.955966291
normal
simd_float4x4([[0.0162706, -0.996618, -0.0805476, 0.0)], [-0.997188, -0.0102802, -0.074234, 0.0)], [0.0731549, 0.0815289, -0.993983, 0.0)], [0.0780592, -0.0551647, 6.84683, 1.0)]])
0.0780592, -0.0551647, 6.84683
float3(-0.0816195, 3.06813, -1.58111)
355137.156079208
normal
simd_float4x4([[0.0151707, -0.998018, -0.0610792, 0.0)], [-0.999009, -0.0125727, -0.0426961, 0.0)], [0.0418435, 0.0616664, -0.997219, 0.0)], [0.058623, -0.054001, 7.01504, 1.0)]])
0.058623, -0.054001, 7.01504
float3(-0.0617055, 3.09966, -1.58339)
355137.356192125
normal
simd_float4x4([[0.00498258, -0.997208, -0.0745106, 0.0)], [-0.999806, -0.00354707, -0.0193857, 0.0)], [0.0190673, 0.0745927, -0.997032, 0.0)], [0.048519, -0.0428133, 7.16563, 1.0)]])
0.048519, -0.0428133, 7.16563
float3(-0.0746621, 3.12247, -1.57435)
355137.556305083
normal
simd_float4x4([[-0.0143125, -0.998576, -0.0513906, 0.0)], [-0.99912, 0.0163087, -0.0386387, 0.0)], [0.0394218, 0.0507924, -0.997931, 0.0)], [0.0487709, -0.0471138, 7.32026, 1.0)]])
0.0487709, -0.0471138, 7.32026
float3(-0.0508143, 3.10211, -1.55447)
355137.756417916
normal
simd_float4x4([[0.00735315, -0.99897, -0.0447865, 0.0)], [-0.997878, -0.00443313, -0.0649524, 0.0)], [0.0646869, 0.0451691, -0.996883, 0.0)], [0.0543856, -0.0519203, 7.4993, 1.0)]])
0.0543856, -0.0519203, 7.4993
float3(-0.0451845, 3.07679, -1.57523)
355137.973206916
normal
simd_float4x4([[0.025809, -0.997613, -0.0640519, 0.0)], [-0.996352, -0.0204572, -0.082846, 0.0)], [0.0813379, 0.0659564, -0.994502, 0.0)], [0.057816, -0.0380299, 7.68197, 1.0)]])
0.057816, -0.0380299, 7.68197
float3(-0.0660043, 3.05999, -1.5913)
355138.173319958
normal
simd_float4x4([[0.0340956, -0.995834, -0.084573, 0.0)], [-0.997279, -0.0283666, -0.0680409, 0.0)], [0.0653584, 0.0866627, -0.994091, 0.0)], [0.0543366, -0.0485902, 7.84304, 1.0)]])
0.0543366, -0.0485902, 7.84304
float3(-0.0867716, 3.07594, -1.59927)
355138.373432666
normal
simd_float4x4([[0.0196166, -0.997673, -0.0652987, 0.0)], [-0.999506, -0.0179655, -0.0257776, 0.0)], [0.0245444, 0.0657722, -0.997533, 0.0)], [0.0403177, -0.0594016, 8.00622, 1.0)]])
0.0403177, -0.0594016, 8.00622
float3(-0.0658197, 3.11699, -1.5888)
355138.590221833
normal
simd_float4x4([[-0.00580317, -0.994652, -0.103119, 0.0)], [-0.999927, 0.0046799, 0.0111316, 0.0)], [-0.0105894, 0.103176, -0.994607, 0.0)], [0.0262527, -0.0547316, 8.17584, 1.0)]])
0.0262527, -0.0547316, 8.17584
float3(-0.10336, -3.13095, -1.56609)
355138.790334708
normal
simd_float4x4([[-0.0289812, -0.993047, -0.114093, 0.0)], [-0.999481, 0.0271873, 0.0172485, 0.0)], [-0.0140267, 0.114534, -0.99332, 0.0)], [0.0243665, -0.0521439, 8.31082, 1.0)]])
0.0243665, -0.0521439, 8.31082
float3(-0.114786, -3.12747, -1.54343)
355138.990447625
normal
simd_float4x4([[-0.0201196, -0.995533, -0.0922487, 0.0)], [-0.99975, 0.0209357, -0.00788658, 0.0)], [0.00978263, 0.0920669, -0.995705, 0.0)], [0.0254171, -0.0672767, 8.45499, 1.0)]])
0.0254171, -0.0672767, 8.45499
float3(-0.0921975, 3.13177, -1.54977)
355139.190560666
normal
simd_float4x4([[0.00493478, -0.997486, -0.0706969, 0.0)], [-0.997786, -0.000222091, -0.0665138, 0.0)], [0.0663309, 0.0708685, -0.995278, 0.0)], [0.0297699, -0.0669408, 8.59395, 1.0)]])
0.0297699, -0.0669408, 8.59395
float3(-0.070928, 3.07505, -1.57102)
355139.4073495
normal
simd_float4x4([[0.0348368, -0.992776, -0.114814, 0.0)], [-0.995577, -0.0244436, -0.0907181, 0.0)], [0.0872562, 0.117467, -0.989236, 0.0)], [0.0278885, -0.0623217, 8.74748, 1.0)]])
0.0278885, -0.0623217, 8.74748
float3(-0.117738, 3.05361, -1.59541)
355139.607462458
normal
simd_float4x4([[0.0362211, -0.995637, -0.085993, 0.0)], [-0.99718, -0.0303489, -0.0686396, 0.0)], [0.0657303, 0.0882366, -0.993928, 0.0)], [0.0290755, -0.061496, 8.89164, 1.0)]])
0.0290755, -0.061496, 8.89164
float3(-0.0883515, 3.07556, -1.60127)
355139.807575458
normal
simd_float4x4([[0.035663, -0.994532, -0.0981558, 0.0)], [-0.999169, -0.0335456, -0.0231385, 0.0)], [0.0197193, 0.0988994, -0.994902, 0.0)], [0.0182665, -0.0624581, 9.05545, 1.0)]])
0.0182665, -0.0624581, 9.05545
float3(-0.0990614, 3.12177, -1.60451)
355140.007688375
normal
simd_float4x4([[0.0154045, -0.994071, -0.107635, 0.0)], [-0.999493, -0.0183097, 0.0260556, 0.0)], [-0.0278718, 0.107179, -0.993849, 0.0)], [0.0176799, -0.0534348, 9.19128, 1.0)]])
0.0176799, -0.0534348, 9.19128
float3(-0.107385, -3.11356, -1.58921)
355140.207801166
normal
simd_float4x4([[0.0135566, -0.994388, -0.104927, 0.0)], [-0.999905, -0.0137256, 0.000888204, 0.0)], [-0.00232339, 0.104905, -0.99448, 0.0)], [0.01296, -0.0580717, 9.3043, 1.0)]])
0.01296, -0.0580717, 9.3043
float3(-0.105098, -3.13926, -1.5846)
355140.407914125
normal
simd_float4x4([[0.0163155, -0.994171, -0.10657, 0.0)], [-0.999308, -0.0126506, -0.0349751, 0.0)], [0.0334231, 0.107067, -0.99369, 0.0)], [0.0267096, -0.0730049, 9.43286, 1.0)]])
0.0267096, -0.0730049, 9.43286
float3(-0.107273, 3.10797, -1.58352)
355140.624703125
normal
simd_float4x4([[0.0452357, -0.994368, -0.0958456, 0.0)], [-0.994273, -0.0355158, -0.100795, 0.0)], [0.0968237, 0.0998563, -0.99028, 0.0)], [0.0510737, -0.0721005, 9.57979, 1.0)]])
0.0510737, -0.0721005, 9.57979
float3(-0.100023, 3.04413, -1.6065)
355140.824816
normal
simd_float4x4([[0.0535328, -0.991567, -0.118018, 0.0)], [-0.991412, -0.0386548, -0.124932, 0.0)], [0.119316, 0.123693, -0.985121, 0.0)], [0.0616346, -0.0601659, 9.68195, 1.0)]])
0.0616346, -0.0601659, 9.68195
float3(-0.12401, 3.02106, -1.60976)
355141.024928875
normal
simd_float4x4([[0.0348838, -0.99668, -0.0735704, 0.0)], [-0.996019, -0.0286298, -0.0844125, 0.0)], [0.082026, 0.0762222, -0.993711, 0.0)], [0.0685811, -0.0471856, 9.73917, 1.0)]])
0.0685811, -0.0471856, 9.73917
float3(-0.0762962, 3.05923, -1.59951)
355141.22504175
normal
simd_float4x4([[0.0202627, -0.998105, -0.0581073, 0.0)], [-0.999674, -0.0193237, -0.0166768, 0.0)], [0.0155224, 0.0584262, -0.998171, 0.0)], [0.0678034, -0.0361295, 9.78226, 1.0)]])
0.0678034, -0.0361295, 9.78226
float3(-0.0584595, 3.12604, -1.59015)
355141.441830875
normal
simd_float4x4([[0.00488036, -0.998735, -0.0500465, 0.0)], [-0.999932, -0.00540296, 0.0103123, 0.0)], [-0.0105697, 0.0499928, -0.998694, 0.0)], [0.0635126, -0.037681, 9.81314, 1.0)]])
0.0635126, -0.037681, 9.81314
float3(-0.0500137, -3.13101, -1.57621)
355141.641943708
normal
simd_float4x4([[0.000295973, -0.998828, -0.0483977, 0.0)], [-0.999962, -0.000715586, 0.008653, 0.0)], [-0.00867749, 0.0483933, -0.998791, 0.0)], [0.0610263, -0.0364051, 9.83453, 1.0)]])
0.0610263, -0.0364051, 9.83453
float3(-0.0484122, -3.1329, -1.57151)
355141.842056666
normal
simd_float4x4([[0.00252227, -0.999099, -0.0423744, 0.0)], [-0.999953, -0.00291766, 0.00927164, 0.0)], [-0.00938691, 0.042349, -0.999059, 0.0)], [0.0598867, -0.0361603, 9.83991, 1.0)]])
0.0598867, -0.0361603, 9.83991
float3(-0.0423617, -3.1322, -1.57372)
355142.042169416
normal
simd_float4x4([[0.00577298, -0.99871, -0.0504396, 0.0)], [-0.999905, -0.00639713, 0.0122216, 0.0)], [-0.0125285, 0.0503642, -0.998652, 0.0)], [0.0610076, -0.0384821, 9.85332, 1.0)]])
0.0610076, -0.0384821, 9.85332
float3(-0.0503855, -3.12905, -1.5772)
355142.242282291
normal
simd_float4x4([[-0.00199715, -0.998375, -0.0569431, 0.0)], [-0.999735, 0.000686688, 0.0230238, 0.0)], [-0.0229473, 0.056974, -0.998112, 0.0)], [0.0646527, -0.0441455, 9.86435, 1.0)]])
0.0646527, -0.0441455, 9.86435
float3(-0.0570049, -3.11861, -1.57011)
355142.459071333
normal
simd_float4x4([[-0.00955212, -0.999241, -0.0377719, 0.0)], [-0.999629, 0.00857931, 0.0258337, 0.0)], [-0.02549, 0.0380047, -0.998952, 0.0)], [0.0638095, -0.055687, 9.86793, 1.0)]])
0.0638095, -0.055687, 9.86793
float3(-0.0380139, -3.11608, -1.56221)
355142.659184291
normal
simd_float4x4([[0.00699473, -0.999219, -0.038889, 0.0)], [-0.999193, -0.00852183, 0.039242, 0.0)], [-0.0395427, 0.0385831, -0.998473, 0.0)], [0.0573888, -0.0583202, 9.87187, 1.0)]])
0.0573888, -0.0583202, 9.87187
float3(-0.0385927, -3.10201, -1.57932)
355142.859297041
normal
simd_float4x4([[0.00754237, -0.99952, -0.0300538, 0.0)], [-0.999337, -0.00860512, 0.0353907, 0.0)], [-0.0356324, 0.0297669, -0.998922, 0.0)], [0.0512051, -0.0564568, 9.86324, 1.0)]])
0.0512051, -0.0564568, 9.86324
float3(-0.0297713, -3.10594, -1.57941)
355143.059409958
normal
simd_float4x4([[0.00185085, -0.999611, -0.0278371, 0.0)], [-0.999322, -0.00287244, 0.0367038, 0.0)], [-0.0367694, 0.0277503, -0.998938, 0.0)], [0.0472666, -0.0538749, 9.84889, 1.0)]])
0.0472666, -0.0538749, 9.84889
float3(-0.0277539, -3.1048, -1.57367)
355143.276198958
normal
simd_float4x4([[0.00375039, -0.99986, -0.0162965, 0.0)], [-0.998946, -0.00449165, 0.0456904, 0.0)], [-0.0457572, 0.016108, -0.998823, 0.0)], [0.0417807, -0.0502503, 9.83452, 1.0)]])
0.0417807, -0.0502503, 9.83452
float3(-0.0161087, -3.09581, -1.57529)
355143.509664041
normal
simd_float4x4([[-0.005737, -0.999718, -0.0230557, 0.0)], [-0.998693, 0.00455686, 0.0509168, 0.0)], [-0.0507974, 0.0233177, -0.998437, 0.0)], [0.0363037, -0.0484554, 9.82291, 1.0)]])
0.0363037, -0.0484554, 9.82291
float3(-0.0233198, -3.09076, -1.56624)
355143.709777041
normal
simd_float4x4([[-0.00830851, -0.999795, -0.0184563, 0.0)], [-0.998447, 0.00727779, 0.0552285, 0.0)], [-0.0550828, 0.0188865, -0.998303, 0.0)], [0.0317933, -0.0498894, 9.81212, 1.0)]])
0.0317933, -0.0498894, 9.81212
float3(-0.0188876, -3.08647, -1.56352)
355143.909889875
normal
simd_float4x4([[-0.0197733, -0.999352, -0.0300804, 0.0)], [-0.999247, 0.0187493, 0.0339522, 0.0)], [-0.0333662, 0.0307291, -0.998971, 0.0)], [0.0243563, -0.0515119, 9.80473, 1.0)]])
0.0243563, -0.0515119, 9.80473
float3(-0.030734, -3.1082, -1.55204)
355144.110002791
normal
simd_float4x4([[-0.0219988, -0.999297, -0.0303573, 0.0)], [-0.999276, 0.0210352, 0.0317033, 0.0)], [-0.0310424, 0.0310328, -0.999036, 0.0)], [0.0190184, -0.0505068, 9.80215, 1.0)]])
0.0190184, -0.0505068, 9.80215
float3(-0.0310378, -3.11053, -1.54975)
355144.310115625
normal
simd_float4x4([[-0.0307524, -0.999116, -0.0286478, 0.0)], [-0.998643, 0.0295074, 0.0429122, 0.0)], [-0.042029, 0.0299286, -0.998668, 0.0)], [0.0194622, -0.0489444, 9.80327, 1.0)]])
0.0194622, -0.0489444, 9.80327
float3(-0.0299331, -3.09953, -1.54127)
355144.5102285
normal
simd_float4x4([[-0.0381439, -0.998459, -0.0403067, 0.0)], [-0.997951, 0.0359888, 0.052905, 0.0)], [-0.0513729, 0.0422421, -0.997786, 0.0)], [0.0193121, -0.0473864, 9.80944, 1.0)]])
0.0193121, -0.0473864, 9.80944
float3(-0.0422547, -3.09015, -1.53477)
