ARKit Data
513566.746296166
normal
simd_float4x4([[0.0557623, -0.992359, -0.110064, 0.0)], [0.876774, -0.00406848, 0.480885, 0.0)], [-0.477659, -0.123317, 0.869848, 0.0)], [0.241199, -0.0564329, -0.515772, 1.0)]])
0.241199, -0.0564329, -0.515772
float3(0.123632, -0.502174, -1.5749)
513567.118965833
notAvailable
simd_float4x4([[1.0, 0.0, 0.0, 0.0)], [0.0, 1.0, 0.0, 0.0)], [0.0, 0.0, 1.0, 0.0)], [0.0, 0.0, 0.0, 1.0)]])
0.0, 0.0, 0.0
float3(-0.0, 0.0, 0.0)
513567.235619833
limited(__ObjC.ARCamera.TrackingState.Reason.initializing)
simd_float4x4([[-0.0175899, -0.995456, -0.0935776, 0.0)], [0.999845, -0.0175126, -0.00164627, 0.0)], [1.06986e-09, -0.0935921, 0.995611, 0.0)], [0.0, 0.0, 0.0, 1.0)]])
0.0, 0.0, 0.0
float3(0.0937293, 1.07458e-09, -1.58839)
513567.368938333
limited(__ObjC.ARCamera.TrackingState.Reason.initializing)
simd_float4x4([[-0.0108469, -0.995759, -0.0913583, 0.0)], [0.999925, -0.0102841, -0.00662948, 0.0)], [0.00566183, -0.0914234, 0.995796, 0.0)], [0.0, 0.0, 0.0, 1.0)]])
0.0, 0.0, 0.0
float3(0.0915512, 0.00568567, -1.58112)
513567.502256916
limited(__ObjC.ARCamera.TrackingState.Reason.initializing)
simd_float4x4([[0.0294251, -0.994864, -0.0968504, 0.0)], [0.999567, 0.0293043, 0.00267054, 0.0)], [0.000181304, -0.096887, 0.995295, 0.0)], [0.0, 0.0, 0.0, 1.0)]])
0.0, 0.0, 0.0
float3(0.0970392, 0.000182161, -1.54135)
513567.635575583
limited(__ObjC.ARCamera.TrackingState.Reason.initializing)
simd_float4x4([[0.00615893, -0.994281, -0.106611, 0.0)], [0.999979, 0.00634514, -0.00140745, 0.0)], [0.00207587, -0.1066, 0.994299, 0.0)], [0.0, 0.0, 0.0, 1.0)]])
0.0, 0.0, 0.0
float3(0.106803, 0.00208777, -1.56441)
513567.768894041
limited(__ObjC.ARCamera.TrackingState.Reason.initializing)
simd_float4x4([[0.00150654, -0.994141, -0.108071, 0.0)], [0.999985, 0.00207153, -0.00511591, 0.0)], [0.00530981, -0.108061, 0.994129, 0.0)], [0.0, 0.0, 0.0, 1.0)]])
0.0, 0.0, 0.0
float3(0.108273, 0.00534112, -1.56871)
513567.902212708
limited(__ObjC.ARCamera.TrackingState.Reason.initializing)
simd_float4x4([[0.00409779, -0.993778, -0.111308, 0.0)], [0.999991, 0.00400052, 0.00109719, 0.0)], [-0.000645073, -0.111312, 0.993785, 0.0)], [0.0, 0.0, 0.0, 1.0)]])
0.0, 0.0, 0.0
float3(0.111543, -0.000649107, -1.56677)
513568.03553125
limited(__ObjC.ARCamera.TrackingState.Reason.initializing)
simd_float4x4([[0.00441818, -0.993716, -0.111846, 0.0)], [0.999955, 0.00344465, 0.00889588, 0.0)], [-0.0084547, -0.11188, 0.993686, 0.0)], [0.0, 0.0, 0.0, 1.0)]])
0.0, 0.0, 0.0
float3(0.112115, -0.00850822, -1.56733)
513568.168849708
limited(__ObjC.ARCamera.TrackingState.Reason.initializing)
simd_float4x4([[0.00168249, -0.993862, -0.110611, 0.0)], [0.99995, 0.000585661, 0.00994782, 0.0)], [-0.00982198, -0.110622, 0.993814, 0.0)], [0.0, 0.0, 0.0, 1.0)]])
0.0, 0.0, 0.0
float3(0.110849, -0.0098828, -1.57021)
513568.302168291
limited(__ObjC.ARCamera.TrackingState.Reason.initializing)
simd_float4x4([[-0.00556718, -0.993882, -0.110306, 0.0)], [0.999914, -0.00684429, 0.0112027, 0.0)], [-0.0118891, -0.110234, 0.993835, 0.0)], [0.0, 0.0, 0.0, 1.0)]])
0.0, 0.0, 0.0
float3(0.110459, -0.0119623, -1.57768)
513568.435486791
limited(__ObjC.ARCamera.TrackingState.Reason.initializing)
simd_float4x4([[-0.0119402, -0.993272, -0.115178, 0.0)], [0.9997, -0.0143199, 0.0198553, 0.0)], [-0.021371, -0.114906, 0.993146, 0.0)], [0.0, 0.0, 0.0, 1.0)]])
0.0, 0.0, 0.0
float3(0.115161, -0.0215152, -1.58521)
513568.5688055
limited(__ObjC.ARCamera.TrackingState.Reason.initializing)
simd_float4x4([[-0.019219, -0.99278, -0.118392, 0.0)], [0.999599, -0.0215416, 0.0183689, 0.0)], [-0.0207866, -0.117992, 0.992796, 0.0)], [0.0, 0.0, 0.0, 1.0)]])
0.0, 0.0, 0.0
float3(0.118267, -0.0209344, -1.59249)
513568.702124041
limited(__ObjC.ARCamera.TrackingState.Reason.initializing)
simd_float4x4([[-0.0208667, -0.992314, -0.121971, 0.0)], [0.99959, -0.0230985, 0.0169118, 0.0)], [-0.0195992, -0.121569, 0.992389, 0.0)], [0.0, 0.0, 0.0, 1.0)]])
0.0, 0.0, 0.0
float3(0.12187, -0.0197469, -1.59407)
513568.835442708
limited(__ObjC.ARCamera.TrackingState.Reason.initializing)
simd_float4x4([[-0.0274598, -0.9914, -0.127939, 0.0)], [0.999435, -0.029708, 0.015697, 0.0)], [-0.0193629, -0.127436, 0.991656, 0.0)], [0.0, 0.0, 0.0, 1.0)]])
0.0, 0.0, 0.0
float3(0.127783, -0.0195233, -1.60075)
513568.968761333
limited(__ObjC.ARCamera.TrackingState.Reason.initializing)
simd_float4x4([[-0.0337178, -0.990761, -0.131356, 0.0)], [0.999194, -0.0362818, 0.0171745, 0.0)], [-0.0217817, -0.130671, 0.991186, 0.0)], [0.0, 0.0, 0.0, 1.0)]])
0.0, 0.0, 0.0
float3(0.131046, -0.0219718, -1.6074)
513569.102079708
limited(__ObjC.ARCamera.TrackingState.Reason.initializing)
simd_float4x4([[-0.0383048, -0.990071, -0.135244, 0.0)], [0.998981, -0.0411751, 0.0184894, 0.0)], [-0.0238746, -0.134398, 0.990639, 0.0)], [0.0, 0.0, 0.0, 1.0)]])
0.0, 0.0, 0.0
float3(0.134805, -0.0240955, -1.61236)
513569.235398208
limited(__ObjC.ARCamera.TrackingState.Reason.initializing)
simd_float4x4([[-0.0412696, -0.989606, -0.137751, 0.0)], [0.998877, -0.0440778, 0.0173972, 0.0)], [-0.0232882, -0.136878, 0.990314, 0.0)], [0.0, 0.0, 0.0, 1.0)]])
0.0, 0.0, 0.0
float3(0.137309, -0.0235116, -1.61531)
513569.368716916
limited(__ObjC.ARCamera.TrackingState.Reason.initializing)
simd_float4x4([[-0.0432383, -0.989379, -0.138772, 0.0)], [0.998809, -0.0459492, 0.0163899, 0.0)], [-0.0225923, -0.137898, 0.990188, 0.0)], [0.0, 0.0, 0.0, 1.0)]])
0.0, 0.0, 0.0
float3(0.138339, -0.0228123, -1.61721)
513569.502035416
limited(__ObjC.ARCamera.TrackingState.Reason.initializing)
simd_float4x4([[-0.0442444, -0.989442, -0.138011, 0.0)], [0.998705, -0.0472792, 0.0187878, 0.0)], [-0.0251146, -0.137001, 0.990252, 0.0)], [0.0, 0.0, 0.0, 1.0)]])
0.0, 0.0, 0.0
float3(0.137433, -0.0253563, -1.61854)
513569.635354041
limited(__ObjC.ARCamera.TrackingState.Reason.initializing)
simd_float4x4([[-0.0436851, -0.989332, -0.13897, 0.0)], [0.998641, -0.0471997, 0.0220943, 0.0)], [-0.028418, -0.137816, 0.99005, 0.0)], [0.0, 0.0, 0.0, 1.0)]])
0.0, 0.0, 0.0
float3(0.138256, -0.0286957, -1.61847)
513569.768672583
limited(__ObjC.ARCamera.TrackingState.Reason.initializing)
simd_float4x4([[-0.0424338, -0.989353, -0.13921, 0.0)], [0.998567, -0.0465473, 0.0264258, 0.0)], [-0.0326243, -0.137889, 0.98991, 0.0)], [0.0, 0.0, 0.0, 1.0)]])
0.0, 0.0, 0.0
float3(0.13833, -0.0329449, -1.61781)
513569.901991166
limited(__ObjC.ARCamera.TrackingState.Reason.initializing)
simd_float4x4([[-0.0400024, -0.98907, -0.141917, 0.0)], [0.998613, -0.0444379, 0.0282226, 0.0)], [-0.0342206, -0.140591, 0.989476, 0.0)], [0.0, 0.0, 0.0, 1.0)]])
0.0, 0.0, 0.0
float3(0.141058, -0.0345707, -1.6157)
513570.035309708
limited(__ObjC.ARCamera.TrackingState.Reason.initializing)
simd_float4x4([[-0.0379067, -0.988788, -0.144428, 0.0)], [0.998751, -0.0421987, 0.0267694, 0.0)], [-0.032564, -0.143232, 0.989153, 0.0)], [0.0, 0.0, 0.0, 1.0)]])
0.0, 0.0, 0.0
float3(0.143727, -0.0329092, -1.61345)
513570.168628291
limited(__ObjC.ARCamera.TrackingState.Reason.initializing)
simd_float4x4([[-0.0378811, -0.988441, -0.146791, 0.0)], [0.998791, -0.0420598, 0.025467, 0.0)], [-0.0313467, -0.145649, 0.988839, 0.0)], [0.0, 0.0, 0.0, 1.0)]])
0.0, 0.0, 0.0
float3(0.146168, -0.0316898, -1.61332)
513570.301946958
limited(__ObjC.ARCamera.TrackingState.Reason.initializing)
simd_float4x4([[-0.0368129, -0.988485, -0.146772, 0.0)], [0.998827, -0.0410211, 0.0257478, 0.0)], [-0.0314721, -0.145652, 0.988835, 0.0)], [0.0, 0.0, 0.0, 1.0)]])
0.0, 0.0, 0.0
float3(0.146172, -0.0318167, -1.61227)
513570.435265541
limited(__ObjC.ARCamera.TrackingState.Reason.initializing)
simd_float4x4([[-0.0353212, -0.988721, -0.145544, 0.0)], [0.998753, -0.0400625, 0.0297749, 0.0)], [-0.0352699, -0.144311, 0.988904, 0.0)], [0.0, 0.0, 0.0, 1.0)]])
0.0, 0.0, 0.0
float3(0.144816, -0.0356506, -1.61129)
513570.568584208
limited(__ObjC.ARCamera.TrackingState.Reason.initializing)
simd_float4x4([[-0.0356146, -0.988717, -0.145499, 0.0)], [0.99861, -0.0408688, 0.0332829, 0.0)], [-0.0388538, -0.144111, 0.988798, 0.0)], [0.0, 0.0, 0.0, 1.0)]])
0.0, 0.0, 0.0
float3(0.144615, -0.0392737, -1.61211)
513570.701902833
limited(__ObjC.ARCamera.TrackingState.Reason.initializing)
simd_float4x4([[-0.0374291, -0.988514, -0.146421, 0.0)], [0.998328, -0.0434466, 0.0381158, 0.0)], [-0.0440395, -0.14475, 0.988488, 0.0)], [0.0, 0.0, 0.0, 1.0)]])
0.0, 0.0, 0.0
float3(0.14526, -0.0445229, -1.61472)
513570.83522125
limited(__ObjC.ARCamera.TrackingState.Reason.initializing)
simd_float4x4([[-0.0407922, -0.988286, -0.14706, 0.0)], [0.997856, -0.0478331, 0.0446622, 0.0)], [-0.0511734, -0.144923, 0.988119, 0.0)], [0.0, 0.0, 0.0, 1.0)]])
0.0, 0.0, 0.0
float3(0.145435, -0.0517425, -1.61916)
513570.968539833
limited(__ObjC.ARCamera.TrackingState.Reason.initializing)
simd_float4x4([[-0.0422716, -0.987978, -0.148702, 0.0)], [0.997478, -0.0502255, 0.0501453, 0.0)], [-0.057011, -0.146207, 0.98761, 0.0)], [0.0, 0.0, 0.0, 1.0)]])
0.0, 0.0, 0.0
float3(0.146733, -0.0576623, -1.62159)
513571.1018585
normal
simd_float4x4([[-0.0395241, -0.986255, -0.160436, 0.0)], [0.997291, -0.0489044, 0.0549449, 0.0)], [-0.0620356, -0.15783, 0.985516, 0.0)], [0.00111645, 4.9606e-05, -0.000101943, 1.0)]])
0.00111645, 4.9606e-05, -0.000101943
float3(0.158492, -0.0628644, -1.62034)
513571.235177041
normal
simd_float4x4([[-0.0397364, -0.986545, -0.158586, 0.0)], [0.996912, -0.0498997, 0.0606273, 0.0)], [-0.067725, -0.155687, 0.985482, 0.0)], [0.00839291, 0.000332449, -0.00131718, 1.0)]])
0.00839291, 0.000332449, -0.00131718
float3(0.156323, -0.0686148, -1.62133)
513571.368495583
normal
simd_float4x4([[-0.0367137, -0.987161, -0.155454, 0.0)], [0.996772, -0.0472881, 0.0648795, 0.0)], [-0.0713976, -0.15257, 0.98571, 0.0)], [0.0118362, -0.000697188, -0.00112878, 1.0)]])
0.0118362, -0.000697188, -0.00112878
float3(0.153169, -0.0723064, -1.61866)
513571.501814375
normal
simd_float4x4([[-0.0316147, -0.989521, -0.140886, 0.0)], [0.996607, -0.0419253, 0.0708272, 0.0)], [-0.0759917, -0.138168, 0.987489, 0.0)], [0.0163915, -0.000897149, -0.00429412, 1.0)]])
0.0163915, -0.000897149, -0.00429412
float3(0.138612, -0.0768031, -1.61314)
513571.635132958
normal
simd_float4x4([[-0.0363937, -0.98922, -0.141846, 0.0)], [0.995819, -0.0477995, 0.0778501, 0.0)], [-0.0837909, -0.138419, 0.986823, 0.0)], [0.0229663, -0.00209427, -0.00495237, 1.0)]])
0.0229663, -0.00209427, -0.00495237
float3(0.138865, -0.0847066, -1.61908)
513571.768451375
normal
simd_float4x4([[-0.043193, -0.989052, -0.141104, 0.0)], [0.99524, -0.0549459, 0.0804864, 0.0)], [-0.0873583, -0.136956, 0.986718, 0.0)], [0.029026, -0.00274139, -0.00727814, 1.0)]])
0.029026, -0.00274139, -0.00727814
float3(0.137388, -0.088304, -1.62629)
513571.90177
normal
simd_float4x4([[-0.0465376, -0.988972, -0.1406, 0.0)], [0.994583, -0.0589709, 0.0855978, 0.0)], [-0.0929451, -0.135855, 0.986359, 0.0)], [0.0362636, -0.00314409, -0.00923584, 1.0)]])
0.0362636, -0.00314409, -0.00923584
float3(0.136276, -0.0939531, -1.63035)
513572.035088625
normal
simd_float4x4([[-0.0470937, -0.989282, -0.138212, 0.0)], [0.994021, -0.0600592, 0.0911888, 0.0)], [-0.0985123, -0.133091, 0.986196, 0.0)], [0.0444896, -0.00246131, -0.0109692, 1.0)]])
0.0444896, -0.00246131, -0.0109692
float3(0.133488, -0.099561, -1.63143)
513572.16840725
normal
simd_float4x4([[-0.0481577, -0.988849, -0.140923, 0.0)], [0.993691, -0.0617373, 0.0936329, 0.0)], [-0.101289, -0.135525, 0.985583, 0.0)], [0.0527815, -0.0040589, -0.010191, 1.0)]])
0.0527815, -0.0040589, -0.010191
float3(0.135943, -0.102411, -1.63315)
513572.301725791
normal
simd_float4x4([[-0.0468045, -0.989046, -0.139993, 0.0)], [0.993895, -0.0601271, 0.0925031, 0.0)], [-0.0999072, -0.134809, 0.985822, 0.0)], [0.0599134, -0.00395692, -0.0137324, 1.0)]])
0.0599134, -0.00395692, -0.0137324
float3(0.13522, -0.100999, -1.63151)
513572.435044458
normal
simd_float4x4([[-0.0491051, -0.989112, -0.138732, 0.0)], [0.993962, -0.0620402, 0.0905061, 0.0)], [-0.0981276, -0.13345, 0.986186, 0.0)], [0.0698559, -0.00456601, -0.0161924, 1.0)]])
0.0698559, -0.00456601, -0.0161924
float3(0.133849, -0.0991758, -1.63344)
513572.568362875
normal
simd_float4x4([[-0.0504474, -0.989603, -0.134692, 0.0)], [0.994243, -0.0625268, 0.0870111, 0.0)], [-0.0945283, -0.129527, 0.98706, 0.0)], [0.0818749, -0.00380097, -0.0177184, 1.0)]])
0.0818749, -0.00380097, -0.0177184
float3(0.129892, -0.0954763, -1.6339)
513572.701681541
normal
simd_float4x4([[-0.0507425, -0.990461, -0.128114, 0.0)], [0.995019, -0.0611589, 0.0787252, 0.0)], [-0.0858095, -0.123481, 0.98863, 0.0)], [-0.0114657, -0.0326114, -0.00793916, 1.0)]])
-0.0114657, -0.0326114, -0.00793916
float3(0.123797, -0.0865793, -1.63247)
513572.835000166
normal
simd_float4x4([[-0.054614, -0.991893, -0.114745, 0.0)], [0.996466, -0.0614866, 0.0572321, 0.0)], [-0.0638233, -0.111214, 0.991745, 0.0)], [-0.00691558, -0.033985, -0.0129389, 1.0)]])
-0.00691558, -0.033985, -0.0129389
float3(0.111444, -0.064266, -1.63271)
513572.968318791
normal
simd_float4x4([[-0.0609818, -0.993098, -0.10019, 0.0)], [0.997687, -0.0636657, 0.023809, 0.0)], [-0.0300233, -0.0985066, 0.994683, 0.0)], [-0.0279805, -0.0386954, -0.0150037, 1.0)]])
-0.0279805, -0.0386954, -0.0150037
float3(0.0986666, -0.0301747, -1.63482)
513573.101637291
normal
simd_float4x4([[-0.0565848, -0.994039, -0.0931916, 0.0)], [0.998385, -0.0558651, -0.0103158, 0.0)], [0.00504818, -0.0936248, 0.995595, 0.0)], [-0.0453314, -0.0413542, -0.0152444, 1.0)]])
-0.0453314, -0.0413542, -0.0152444
float3(0.0937622, 0.00507048, -1.62694)
513573.234955958
normal
simd_float4x4([[-0.0622076, -0.993706, -0.093156, 0.0)], [0.996963, -0.0574867, -0.0525336, 0.0)], [0.0468478, -0.0961411, 0.994264, 0.0)], [-0.0679885, -0.0377005, -0.00912306, 1.0)]])
-0.0679885, -0.0377005, -0.00912306
float3(0.0962898, 0.0470832, -1.62858)
513573.368274583
normal
simd_float4x4([[-0.0683941, -0.993224, -0.0939571, 0.0)], [0.986524, -0.0532989, -0.154694, 0.0)], [0.148638, -0.103271, 0.983485, 0.0)], [-0.107136, -0.0279166, -0.00559155, 1.0)]])
-0.107136, -0.0279166, -0.00559155
float3(0.103456, 0.149999, -1.62441)
513573.501593041
normal
simd_float4x4([[-0.078735, -0.993303, -0.0845522, 0.0)], [0.945318, -0.0474642, -0.322679, 0.0)], [0.316505, -0.105335, 0.942724, 0.0)], [-0.151607, -0.0149716, -0.00263862, 1.0)]])
-0.151607, -0.0149716, -0.00263862
float3(0.105531, 0.32391, -1.61854)
513573.634911666
normal
simd_float4x4([[-0.0903062, -0.992964, -0.0765936, 0.0)], [0.878945, -0.0433005, -0.474953, 0.0)], [0.468295, -0.110213, 0.876672, 0.0)], [-0.197228, -0.00270864, 0.0040738, 1.0)]])
-0.197228, -0.00270864, 0.0040738
float3(0.110437, 0.490611, -1.61438)
513573.768230375
normal
simd_float4x4([[-0.105446, -0.992478, -0.0621906, 0.0)], [0.816661, -0.0507431, -0.574883, 0.0)], [0.567403, -0.111408, 0.815869, 0.0)], [-0.237195, 0.00439345, 0.00903212, 1.0)]])
-0.237195, 0.00439345, 0.00903212
float3(0.11164, 0.607672, -1.62188)
513573.901548958
normal
simd_float4x4([[-0.101066, -0.993407, -0.054114, 0.0)], [0.775956, -0.0446688, -0.629203, 0.0)], [0.622637, -0.105581, 0.775355, 0.0)], [-0.270741, 0.0117491, 0.0112757, 1.0)]])
-0.270741, 0.0117491, 0.0112757
float3(0.105778, 0.676589, -1.61573)
513574.034867666
normal
simd_float4x4([[-0.105559, -0.992087, -0.0679685, 0.0)], [0.77281, -0.0388296, -0.633448, 0.0)], [0.625797, -0.119393, 0.770794, 0.0)], [-0.279376, 0.0211789, 0.0104315, 1.0)]])
-0.279376, 0.0211789, 0.0104315
float3(0.119678, 0.681947, -1.60992)
513574.168186125
normal
simd_float4x4([[-0.0897392, -0.992305, -0.0853051, 0.0)], [0.782856, -0.0173298, -0.621961, 0.0)], [0.615697, -0.122596, 0.778388, 0.0)], [-0.286781, 0.0183873, 0.0097314, 1.0)]])
-0.286781, 0.0183873, 0.0097314
float3(0.122905, 0.669223, -1.58826)
513574.301504708
normal
simd_float4x4([[-0.0833222, -0.992967, -0.084109, 0.0)], [0.792104, -0.0147799, -0.610207, 0.0)], [0.604672, -0.117467, 0.787765, 0.0)], [-0.273655, 0.0119838, -0.00610594, 1.0)]])
-0.273655, 0.0119838, -0.00610594
float3(0.117739, 0.654657, -1.58568)
513574.434823291
normal
simd_float4x4([[-0.0373092, -0.997536, -0.0594074, 0.0)], [0.789225, 0.00705197, -0.614064, 0.0)], [0.61297, -0.0697961, 0.787018, 0.0)], [-0.262667, -0.00679944, -0.0281636, 1.0)]])
-0.262667, -0.00679944, -0.0281636
float3(0.0698529, 0.661712, -1.56373)
513574.568141958
normal
simd_float4x4([[0.0227638, -0.997502, -0.0668706, 0.0)], [0.786322, 0.0591714, -0.614977, 0.0)], [0.617398, -0.0385826, 0.785704, 0.0)], [-0.278706, -0.028045, -0.0416682, 1.0)]])
-0.278706, -0.028045, -0.0416682
float3(0.0385922, 0.666015, -1.51155)
513574.701460583
normal
simd_float4x4([[0.0369837, -0.9977, -0.0567999, 0.0)], [0.798392, 0.0636835, -0.598761, 0.0)], [0.601001, -0.0232042, 0.798911, 0.0)], [-0.292576, -0.0517976, -0.0583739, 1.0)]])
-0.292576, -0.0517976, -0.0583739
float3(0.0232062, 0.644956, -1.50705)
513574.834779208
normal
simd_float4x4([[0.0268247, -0.997608, -0.0637047, 0.0)], [0.808637, 0.0591211, -0.58533, 0.0)], [0.587696, -0.0358127, 0.808289, 0.0)], [-0.304684, -0.0635203, -0.0518422, 1.0)]])
-0.304684, -0.0635203, -0.0518422
float3(0.0358203, 0.628674, -1.5116)
513574.96809775
normal
simd_float4x4([[0.0193791, -0.998412, -0.0528931, 0.0)], [0.773049, 0.0485123, -0.632488, 0.0)], [0.63405, -0.0286319, 0.772762, 0.0)], [-0.32703, -0.067809, -0.0355744, 1.0)]])
-0.32703, -0.067809, -0.0355744
float3(0.0286358, 0.687115, -1.52225)
513575.101416333
normal
simd_float4x4([[0.0348857, -0.998683, -0.0376162, 0.0)], [0.70346, 0.0512737, -0.708883, 0.0)], [0.709878, -0.00173159, 0.704322, 0.0)], [-0.359043, -0.0732321, -0.0216801, 1.0)]])
-0.359043, -0.0732321, -0.0216801
float3(0.00173159, 0.789327, -1.5195)
513575.234734791
normal
simd_float4x4([[0.0596592, -0.998148, -0.0119112, 0.0)], [0.652024, 0.048001, -0.756677, 0.0)], [0.755848, 0.0373764, 0.65368, 0.0)], [-0.383143, -0.0805192, -0.0162554, 1.0)]])
-0.383143, -0.0805192, -0.0162554
float3(-0.0373851, 0.857756, -1.52274)
513575.368053416
normal
simd_float4x4([[0.0991905, -0.995067, 0.00156956, 0.0)], [0.635186, 0.0621024, -0.769859, 0.0)], [0.765964, 0.0773596, 0.638212, 0.0)], [-0.397675, -0.0915485, -0.0121402, 1.0)]])
-0.397675, -0.0915485, -0.0121402
float3(-0.077437, 0.876128, -1.50847)
513575.501372125
normal
simd_float4x4([[0.121987, -0.992246, 0.0238106, 0.0)], [0.654083, 0.062323, -0.753851, 0.0)], [0.746522, 0.107534, 0.656614, 0.0)], [-0.402791, -0.103714, -0.011673, 1.0)]])
-0.402791, -0.103714, -0.011673
float3(-0.107742, 0.849387, -1.50807)
513575.634690708
normal
simd_float4x4([[0.130467, -0.991045, 0.0284437, 0.0)], [0.674378, 0.0676759, -0.735278, 0.0)], [0.726769, 0.115111, 0.677168, 0.0)], [-0.406796, -0.113328, -0.00827145, 1.0)]])
-0.406796, -0.113328, -0.00827145
float3(-0.115367, 0.820713, -1.50261)
513575.768009333
normal
simd_float4x4([[0.146634, -0.987755, 0.0532731, 0.0)], [0.686572, 0.0628564, -0.72434, 0.0)], [0.712122, 0.142789, 0.687382, 0.0)], [-0.423611, -0.126103, -0.00609888, 1.0)]])
-0.423611, -0.126103, -0.00609888
float3(-0.143278, 0.803074, -1.50725)
513575.901327958
normal
simd_float4x4([[0.153582, -0.986804, 0.0512872, 0.0)], [0.701687, 0.0723691, -0.708801, 0.0)], [0.695736, 0.144847, 0.703542, 0.0)], [-0.419589, -0.127074, -0.00841207, 1.0)]])
-0.419589, -0.127074, -0.00841207
float3(-0.145358, 0.77982, -1.49759)
513576.034646458
normal
simd_float4x4([[0.161978, -0.98469, 0.0644161, 0.0)], [0.722505, 0.0738811, -0.687406, 0.0)], [0.672123, 0.157886, 0.723411, 0.0)], [-0.413909, -0.127906, -0.0174114, 1.0)]])
-0.413909, -0.127906, -0.0174114
float3(-0.158549, 0.748663, -1.49591)
513576.167965041
normal
simd_float4x4([[0.154465, -0.986883, 0.0469249, 0.0)], [0.745047, 0.0851572, -0.661554, 0.0)], [0.64888, 0.137148, 0.748428, 0.0)], [-0.411551, -0.115921, -0.0260358, 1.0)]])
-0.411551, -0.115921, -0.0260358
float3(-0.137582, 0.714276, -1.48472)
513576.301283541
normal
simd_float4x4([[0.138006, -0.988571, 0.0606836, 0.0)], [0.765975, 0.0676879, -0.639297, 0.0)], [0.627883, 0.134709, 0.766562, 0.0)], [-0.403919, -0.102507, -0.0488685, 1.0)]])
-0.403919, -0.102507, -0.0488685
float3(-0.13512, 0.686273, -1.50243)
513576.434602208
normal
simd_float4x4([[0.0739733, -0.995963, 0.050845, 0.0)], [0.779889, 0.0259986, -0.625377, 0.0)], [0.621531, 0.0859147, 0.778664, 0.0)], [-0.386998, -0.0912394, -0.0712327, 1.0)]])
-0.386998, -0.0912394, -0.0712327
float3(-0.0860208, 0.673643, -1.5447)
513576.567921
normal
simd_float4x4([[0.0200987, -0.999666, 0.0162505, 0.0)], [0.777116, 0.00539387, -0.629334, 0.0)], [0.629036, 0.0252773, 0.776965, 0.0)], [-0.381206, -0.0838429, -0.0932249, 1.0)]])
-0.381206, -0.0838429, -0.0932249
float3(-0.02528, 0.680571, -1.5654)
513576.701239583
normal
simd_float4x4([[0.0243567, -0.999208, 0.0314604, 0.0)], [0.737719, -0.00327303, -0.675099, 0.0)], [0.674668, 0.0396522, 0.737056, 0.0)], [-0.385059, -0.0959415, -0.123439, 1.0)]])
-0.385059, -0.0959415, -0.123439
float3(-0.0396626, 0.741234, -1.57407)
513576.834558083
normal
simd_float4x4([[0.0439668, -0.994879, 0.091008, 0.0)], [0.669858, -0.0382271, -0.741505, 0.0)], [0.741187, 0.0935639, 0.664747, 0.0)], [-0.392587, -0.124833, -0.164009, 1.0)]])
-0.392587, -0.124833, -0.164009
float3(-0.093701, 0.839714, -1.6092)
513576.967876583
normal
simd_float4x4([[0.0877011, -0.989349, 0.116178, 0.0)], [0.625946, -0.0359941, -0.779035, 0.0)], [0.774919, 0.141044, 0.616123, 0.0)], [-0.411919, -0.156133, -0.207111, 1.0)]])
-0.411919, -0.156133, -0.207111
float3(-0.141515, 0.899063, -1.60716)
513577.101195291
normal
simd_float4x4([[0.10669, -0.986545, 0.123882, 0.0)], [0.639684, -0.0272792, -0.768154, 0.0)], [0.761197, 0.161199, 0.628166, 0.0)], [-0.440655, -0.163726, -0.258671, 1.0)]])
-0.440655, -0.163726, -0.258671
float3(-0.161906, 0.880857, -1.59844)
513577.234513875
normal
simd_float4x4([[0.0988583, -0.991725, 0.0819017, 0.0)], [0.670209, 0.00551789, -0.742152, 0.0)], [0.735559, 0.128259, 0.665209, 0.0)], [-0.479981, -0.138335, -0.317938, 1.0)]])
-0.479981, -0.138335, -0.317938
float3(-0.128613, 0.835578, -1.56523)
513577.367832583
normal
simd_float4x4([[0.0725787, -0.996379, 0.0442894, 0.0)], [0.707052, 0.0200825, -0.706876, 0.0)], [0.703427, 0.0826191, 0.705949, 0.0)], [-0.50695, -0.0643057, -0.382439, 1.0)]])
-0.50695, -0.0643057, -0.382439
float3(-0.0827134, 0.783609, -1.55064)
513577.501151083
normal
simd_float4x4([[0.0582731, -0.994151, 0.0909269, 0.0)], [0.727215, -0.0201269, -0.686115, 0.0)], [0.683932, 0.106105, 0.721789, 0.0)], [-0.509179, 0.00146583, -0.444828, 1.0)]])
-0.509179, 0.00146583, -0.444828
float3(-0.106306, 0.758474, -1.59104)
513577.634469833
normal
simd_float4x4([[0.0434882, -0.998513, 0.0328751, 0.0)], [0.743257, 0.0103473, -0.668926, 0.0)], [0.667591, 0.0535251, 0.742601, 0.0)], [-0.479278, 0.0169221, -0.453913, 1.0)]])
-0.479278, 0.0169221, -0.453913
float3(-0.0535507, 0.732257, -1.56043)
513577.767788416
normal
simd_float4x4([[0.0933284, -0.995471, 0.0180626, 0.0)], [0.714211, 0.0542977, -0.697821, 0.0)], [0.69368, 0.078027, 0.716045, 0.0)], [-0.470184, -0.01981, -0.469063, 1.0)]])
-0.470184, -0.01981, -0.469063
float3(-0.0781064, 0.769535, -1.51631)
513577.901106833
normal
simd_float4x4([[0.0529675, -0.998344, 0.0224426, 0.0)], [0.65689, 0.0179069, -0.753774, 0.0)], [0.752123, 0.0546679, 0.656751, 0.0)], [-0.456616, -0.0383171, -0.516926, 1.0)]])
-0.456616, -0.0383171, -0.516926
float3(-0.0546951, 0.852989, -1.55286)
513578.034425458
normal
simd_float4x4([[0.050031, -0.998703, 0.00946593, 0.0)], [0.633561, 0.0244092, -0.773308, 0.0)], [0.772073, 0.0446866, 0.63396, 0.0)], [-0.469706, -0.0323858, -0.614761, 1.0)]])
-0.469706, -0.0323858, -0.614761
float3(-0.0447014, 0.883313, -1.54636)
513578.167744166
normal
simd_float4x4([[0.0329, -0.999459, -0.000123559, 0.0)], [0.671413, 0.0221931, -0.740751, 0.0)], [0.740352, 0.0242878, 0.67178, 0.0)], [-0.504909, -0.016067, -0.73697, 1.0)]])
-0.504909, -0.016067, -0.73697
float3(-0.0242901, 0.833919, -1.54859)
513578.301062666
normal
simd_float4x4([[0.0610517, -0.997973, 0.0179845, 0.0)], [0.679331, 0.0283441, -0.733284, 0.0)], [0.731288, 0.0569856, 0.679684, 0.0)], [-0.569076, -0.0102392, -0.877627, 1.0)]])
-0.569076, -0.0102392, -0.877627
float3(-0.0570165, 0.821955, -1.5424)
513578.434381416
normal
simd_float4x4([[0.0374682, -0.999138, -0.017893, 0.0)], [0.668455, 0.0383692, -0.742762, 0.0)], [0.742808, 0.0158693, 0.669316, 0.0)], [-0.647135, -0.0177956, -1.02485, 1.0)]])
-0.647135, -0.0177956, -1.02485
float3(-0.01587, 0.837395, -1.53241)
513578.567699958
normal
simd_float4x4([[0.0224174, -0.999746, 0.00236214, 0.0)], [0.646391, 0.0126916, -0.7629, 0.0)], [0.762677, 0.0186291, 0.646511, 0.0)], [-0.748415, -0.0272775, -1.19011, 1.0)]])
-0.748415, -0.0272775, -1.19011
float3(-0.0186302, 0.867646, -1.5581)
513578.7010185
normal
simd_float4x4([[0.0292842, -0.996566, 0.0774543, 0.0)], [0.663917, -0.0385338, -0.746813, 0.0)], [0.747232, 0.0732931, 0.660509, 0.0)], [-0.844067, -0.0119845, -1.3594, 1.0)]])
-0.844067, -0.0119845, -1.3594
float3(-0.0733588, 0.846925, -1.60944)
513578.834337166
normal
simd_float4x4([[0.0584647, -0.994877, 0.0824743, 0.0)], [0.676153, -0.0213165, -0.736452, 0.0)], [0.734437, 0.0988218, 0.671443, 0.0)], [-0.93888, 0.00564866, -1.5097, 1.0)]])
-0.93888, 0.00564866, -1.5097
float3(-0.0989833, 0.830176, -1.59222)
513578.967655708
normal
simd_float4x4([[0.00932209, -0.999591, 0.027032, 0.0)], [0.677635, -0.0135645, -0.735273, 0.0)], [0.735339, 0.0251721, 0.677232, 0.0)], [-1.02591, -0.00297215, -1.66587, 1.0)]])
-1.02591, -0.00297215, -1.66587
float3(-0.0251748, 0.826511, -1.58437)
513579.100974333
normal
simd_float4x4([[-0.0595184, -0.998071, -0.0176655, 0.0)], [0.652405, -0.0254987, -0.757442, 0.0)], [0.75553, -0.0566068, 0.652664, 0.0)], [-1.11804, -0.00716253, -1.84096, 1.0)]])
-1.11804, -0.00716253, -1.84096
float3(0.0566371, 0.858317, -1.59634)
513579.234293041
normal
simd_float4x4([[-0.0303511, -0.999521, 0.00602253, 0.0)], [0.675205, -0.024945, -0.737208, 0.0)], [0.737006, -0.0183087, 0.675639, 0.0)], [-1.21218, 0.00273795, -2.00766, 1.0)]])
-1.21218, 0.00273795, -2.00766
float3(0.0183097, 0.828812, -1.59575)
513579.367611625
normal
simd_float4x4([[0.0301658, -0.999465, -0.0126465, 0.0)], [0.669929, 0.0296064, -0.741834, 0.0)], [0.741812, 0.0139058, 0.670464, 0.0)], [-1.31473, 0.0173424, -2.13621, 1.0)]])
-1.31473, 0.0173424, -2.13621
float3(-0.0139062, 0.835875, -1.54118)
513579.500930375
normal
simd_float4x4([[-0.0125794, -0.999121, -0.0399816, 0.0)], [0.656351, 0.0219143, -0.754137, 0.0)], [0.754351, -0.0357286, 0.655499, 0.0)], [-1.40774, 0.00319944, -2.26863, 1.0)]])
-1.40774, 0.00319944, -2.26863
float3(0.0357362, 0.855399, -1.54887)
513579.634248791
normal
simd_float4x4([[-0.0450385, -0.997184, -0.0599632, 0.0)], [0.665066, 0.0148589, -0.746637, 0.0)], [0.745425, -0.0735069, 0.662524, 0.0)], [-1.524, -0.0166036, -2.41772, 1.0)]])
-1.524, -0.0166036, -2.41772
float3(0.0735732, 0.844211, -1.5559)
513579.767567333
normal
simd_float4x4([[-0.02245, -0.998693, -0.0459185, 0.0)], [0.65276, 0.0201458, -0.757297, 0.0)], [0.757232, -0.0469751, 0.651455, 0.0)], [-1.64319, -0.000343369, -2.54564, 1.0)]])
-1.64319, -0.000343369, -2.54564
float3(0.0469924, 0.860347, -1.55063)
513579.900886125
normal
simd_float4x4([[0.0130539, -0.999865, -0.010017, 0.0)], [0.619742, 0.015952, -0.784643, 0.0)], [0.784697, 0.00403468, 0.619867, 0.0)], [-1.75937, 0.012187, -2.67883, 1.0)]])
-1.75937, 0.012187, -2.67883
float3(-0.00403469, 0.902217, -1.55484)
513580.034204791
normal
simd_float4x4([[-0.0344454, -0.998158, -0.0499446, 0.0)], [0.575801, 0.0210257, -0.817319, 0.0)], [0.816864, -0.0569111, 0.574016, 0.0)], [-1.88001, -0.00332148, -2.80748, 1.0)]])
-1.88001, -0.00332148, -2.80748
float3(0.0569418, 0.958256, -1.54973)
513580.167523333
normal
simd_float4x4([[-0.0652854, -0.997312, -0.0332772, 0.0)], [0.538959, -0.00717593, -0.842302, 0.0)], [0.839798, -0.072925, 0.537978, 0.0)], [-2.01616, -0.012448, -2.95199, 1.0)]])
-2.01616, -0.012448, -2.95199
float3(0.0729898, 1.00105, -1.57799)
513580.300842041
normal
simd_float4x4([[-0.0505299, -0.998708, -0.00535451, 0.0)], [0.525747, -0.0220412, -0.850356, 0.0)], [0.849139, -0.0457835, 0.526181, 0.0)], [-2.14641, 0.000564693, -3.07145, 1.0)]])
-2.14641, 0.000564693, -3.07145
float3(0.0457995, 1.01604, -1.59286)
513580.434160625
normal
simd_float4x4([[-0.0485926, -0.998227, -0.0343735, 0.0)], [0.523478, 0.00385698, -0.85203, 0.0)], [0.850652, -0.0593961, 0.522363, 0.0)], [-2.27866, -0.000977561, -3.17934, 1.0)]])
-2.27866, -0.000977561, -3.17934
float3(0.0594311, 1.02009, -1.56693)
513580.567479041
normal
simd_float4x4([[-0.0542455, -0.996768, -0.0592514, 0.0)], [0.54391, 0.0202667, -0.838899, 0.0)], [0.837388, -0.0777339, 0.541053, 0.0)], [-2.4208, -0.012475, -3.28482, 1.0)]])
-2.4208, -0.012475, -3.28482
float3(0.0778124, 0.997154, -1.55047)
513580.700797833
normal
simd_float4x4([[-0.0233447, -0.999718, -0.004422, 0.0)], [0.594314, -0.010321, -0.804167, 0.0)], [0.803894, -0.0214011, 0.594387, 0.0)], [-2.52747, -0.00566388, -3.40044, 1.0)]])
-2.52747, -0.00566388, -3.40044
float3(0.0214027, 0.934124, -1.58112)
513580.834116375
normal
simd_float4x4([[0.0734928, -0.996951, 0.0262186, 0.0)], [0.610487, 0.024184, -0.791657, 0.0)], [0.788609, 0.0741872, 0.610403, 0.0)], [-2.641, 0.00659318, -3.49839, 1.0)]])
-2.641, 0.00659318, -3.49839
float3(-0.0742554, 0.912096, -1.54654)
513580.967435083
normal
simd_float4x4([[0.0456435, -0.998283, -0.0367014, 0.0)], [0.604057, 0.0568432, -0.794911, 0.0)], [0.795633, 0.0141128, 0.605614, 0.0)], [-2.74933, -0.000376672, -3.58128, 1.0)]])
-2.74933, -0.000376672, -3.58128
float3(-0.0141133, 0.920183, -1.51392)
513581.100753583
normal
simd_float4x4([[-0.00799137, -0.999813, -0.0176002, 0.0)], [0.568869, 0.00992962, -0.822368, 0.0)], [0.822389, -0.016584, 0.568683, 0.0)], [-2.8771, -0.0222788, -3.70537, 1.0)]])
-2.8771, -0.0222788, -3.70537
float3(0.0165848, 0.965797, -1.56087)
513581.23407225
normal
simd_float4x4([[0.0270438, -0.99771, -0.0619996, 0.0)], [0.553671, 0.0665898, -0.830068, 0.0)], [0.832296, -0.0118792, 0.554204, 0.0)], [-3.01114, 0.0114667, -3.82698, 1.0)]])
-3.01114, 0.0114667, -3.82698
float3(0.0118794, 0.983343, -1.50415)
513581.367390708
normal
simd_float4x4([[0.0659378, -0.996962, -0.041463, 0.0)], [0.556608, 0.0712375, -0.827715, 0.0)], [0.828154, 0.0314991, 0.559614, 0.0)], [-3.12605, 0.0363276, -3.92538, 1.0)]])
-3.12605, 0.0363276, -3.92538
float3(-0.0315043, 0.976541, -1.49946)
513581.500709333
normal
simd_float4x4([[0.0214847, -0.999264, -0.0317736, 0.0)], [0.545374, 0.0383499, -0.837315, 0.0)], [0.837917, 0.000660956, 0.545797, 0.0)], [-3.24944, 0.0230148, -4.03274, 1.0)]])
-3.24944, 0.0230148, -4.03274
float3(-0.000660956, 0.993456, -1.53244)
513581.634028083
normal
simd_float4x4([[-0.0316393, -0.997432, -0.0642563, 0.0)], [0.527408, 0.0379491, -0.848764, 0.0)], [0.849023, -0.0607436, 0.524853, 0.0)], [-3.39275, 0.0144476, -4.14035, 1.0)]])
-3.39275, 0.0144476, -4.14035
float3(0.060781, 1.01711, -1.53277)
513581.767346666
normal
simd_float4x4([[-0.0259886, -0.997979, -0.0579815, 0.0)], [0.544061, 0.0345383, -0.838334, 0.0)], [0.838643, -0.0533326, 0.542064, 0.0)], [-3.53492, 0.0333985, -4.2438, 1.0)]])
-3.53492, 0.0333985, -4.2438
float3(0.0533579, 0.996985, -1.5362)
513581.900665291
normal
simd_float4x4([[0.0164405, -0.999839, -0.00713931, 0.0)], [0.552044, 0.0150302, -0.833679, 0.0)], [0.833653, 0.00976488, 0.552203, 0.0)], [-3.66152, 0.0589447, -4.3476, 1.0)]])
-3.66152, 0.0589447, -4.3476
float3(-0.00976504, 0.985761, -1.55576)
513582.033983833
normal
simd_float4x4([[0.00392194, -0.99919, -0.040052, 0.0)], [0.527079, 0.0361025, -0.849049, 0.0)], [0.849807, -0.0177806, 0.526793, 0.0)], [-3.78183, 0.0461196, -4.43048, 1.0)]])
-3.78183, 0.0461196, -4.43048
float3(0.0177816, 1.01587, -1.53468)
513582.167302666
normal
simd_float4x4([[-0.0684552, -0.996537, -0.0471918, 0.0)], [0.502106, 0.00646114, -0.864782, 0.0)], [0.862092, -0.0828941, 0.499925, 0.0)], [-3.8887, 0.0172861, -4.51714, 1.0)]])
-3.8887, 0.0172861, -4.51714
float3(0.0829893, 1.04529, -1.56431)
513582.300621125
normal
simd_float4x4([[-0.0577912, -0.994095, -0.0918427, 0.0)], [0.521953, 0.0483346, -0.851603, 0.0)], [0.851014, -0.0971528, 0.516078, 0.0)], [-4.01576, 0.0340262, -4.62877, 1.0)]])
-4.01576, 0.0340262, -4.62877
float3(0.0973063, 1.02566, -1.52221)
513582.433939708
normal
simd_float4x4([[-0.0344638, -0.998725, -0.0368904, 0.0)], [0.565545, 0.0109445, -0.824645, 0.0)], [0.823997, -0.0492836, 0.564447, 0.0)], [-4.12741, 0.0573529, -4.73889, 1.0)]])
-4.12741, 0.0573529, -4.73889
float3(0.0493036, 0.970201, -1.55984)
513582.567258333
normal
simd_float4x4([[-0.0392899, -0.998482, -0.0385987, 0.0)], [0.536164, 0.0115304, -0.844035, 0.0)], [0.843199, -0.0538573, 0.534897, 0.0)], [-4.23654, 0.0463225, -4.8187, 1.0)]])
-4.23654, 0.0463225, -4.8187
float3(0.0538833, 1.00549, -1.55925)
513582.700577083
normal
simd_float4x4([[-0.0541657, -0.998342, -0.019465, 0.0)], [0.510194, -0.0109135, -0.85999, 0.0)], [0.858352, -0.0565129, 0.50994, 0.0)], [-4.37019, 0.0198791, -4.91286, 1.0)]])
-4.37019, 0.0198791, -4.91286
float3(0.0565431, 1.03473, -1.58173)
513582.833895708
normal
simd_float4x4([[-0.000962035, -0.999312, -0.037079, 0.0)], [0.516464, 0.0312546, -0.855738, 0.0)], [0.856308, -0.0199732, 0.516079, 0.0)], [-4.50602, 0.0311824, -5.01166, 1.0)]])
-4.50602, 0.0311824, -5.01166
float3(0.0199746, 1.02841, -1.53953)
513582.967214291
normal
simd_float4x4([[0.0444809, -0.998995, 0.00545267, 0.0)], [0.550896, 0.0199751, -0.834335, 0.0)], [0.833388, 0.0401158, 0.551231, 0.0)], [-4.61408, 0.0498332, -5.12951, 1.0)]])
-4.61408, 0.0498332, -5.12951
float3(-0.0401265, 0.986425, -1.5508)
513583.100532708
normal
simd_float4x4([[0.0239462, -0.998836, -0.0418726, 0.0)], [0.5899, 0.0479332, -0.806052, 0.0)], [0.807121, -0.00539875, 0.590362, 0.0)], [-4.71249, 0.0385056, -5.24503, 1.0)]])
-4.71249, 0.0385056, -5.24503
float3(0.00539878, 0.939279, -1.52284)
513583.233851375
normal
simd_float4x4([[-0.0497009, -0.997958, -0.040123, 0.0)], [0.597886, 0.00245119, -0.801577, 0.0)], [0.800039, -0.0638281, 0.596543, 0.0)], [-4.83109, 0.0128596, -5.38881, 1.0)]])
-4.83109, 0.0128596, -5.38881
float3(0.0638715, 0.930089, -1.56834)
513583.367170125
normal
simd_float4x4([[-0.0143957, -0.996572, -0.0814741, 0.0)], [0.629735, 0.0542559, -0.774913, 0.0)], [0.776677, -0.0624625, 0.626795, 0.0)], [-4.95543, 0.0269269, -5.52137, 1.0)]])
-4.95543, 0.0269269, -5.52137
float3(0.0625032, 0.891789, -1.51641)
513583.500488666
normal
simd_float4x4([[0.0319245, -0.997497, -0.0630943, 0.0)], [0.624865, 0.0691877, -0.777661, 0.0)], [0.78008, -0.014599, 0.625509, 0.0)], [-5.07035, 0.045899, -5.63376, 1.0)]])
-5.07035, 0.045899, -5.63376
float3(0.0145995, 0.894927, -1.50155)
513583.633807375
normal
simd_float4x4([[0.000256195, -0.997999, -0.0632249, 0.0)], [0.607976, 0.0503532, -0.792357, 0.0)], [0.793955, -0.0382362, 0.606773, 0.0)], [-5.17798, 0.0291917, -5.74828, 1.0)]])
-5.17798, 0.0291917, -5.74828
float3(0.0382456, 0.918243, -1.52038)
513583.767126083
normal
simd_float4x4([[-0.0185778, -0.993631, -0.111143, 0.0)], [0.607984, 0.0770216, -0.790205, 0.0)], [0.793732, -0.0822537, 0.602681, 0.0)], [-5.29079, 0.0157844, -5.86573, 1.0)]])
-5.29079, 0.0157844, -5.86573
float3(0.0823467, 0.92137, -1.49344)
513583.900444708
normal
simd_float4x4([[-0.0147372, -0.999581, -0.0249206, 0.0)], [0.645557, 0.00952097, -0.763653, 0.0)], [0.76357, -0.0273417, 0.645146, 0.0)], [-5.37983, 0.0238846, -6.01029, 1.0)]])
-5.37983, 0.0238846, -6.01029
float3(0.0273452, 0.869266, -1.56127)
513584.033763083
normal
simd_float4x4([[0.0115897, -0.999932, -0.000865295, 0.0)], [0.687516, 0.00859702, -0.726118, 0.0)], [0.726077, 0.00782062, 0.687569, 0.0)], [-5.46037, 0.041159, -6.1451, 1.0)]])
-5.46037, 0.041159, -6.1451
float3(-0.0078207, 0.812631, -1.5622)
513584.167081791
normal
simd_float4x4([[-0.0297388, -0.999555, -0.00248915, 0.0)], [0.678356, -0.0183534, -0.734504, 0.0)], [0.734131, -0.0235318, 0.6786, 0.0)], [-5.54468, 0.0264011, -6.27928, 1.0)]])
-5.54468, 0.0264011, -6.27928
float3(0.023534, 0.824686, -1.58916)
513584.300400541
normal
simd_float4x4([[-0.0702299, -0.995619, -0.0617373, 0.0)], [0.649073, 0.00138689, -0.760725, 0.0)], [0.757477, -0.0934976, 0.646132, 0.0)], [-5.64613, 0.0271007, -6.41874, 1.0)]])
-5.64613, 0.0271007, -6.41874
float3(0.0936344, 0.864561, -1.5694)
513584.433719083
normal
simd_float4x4([[-0.0118942, -0.996186, -0.0864363, 0.0)], [0.658138, 0.0572795, -0.750716, 0.0)], [0.752804, -0.0658162, 0.654946, 0.0)], [-5.76832, 0.0625026, -6.54467, 1.0)]])
-5.76832, 0.0625026, -6.54467
float3(0.0658638, 0.8548, -1.51336)
513584.567037875
normal
simd_float4x4([[0.00133106, -0.997134, -0.0756461, 0.0)], [0.613483, 0.0605526, -0.787383, 0.0)], [0.789707, -0.0453595, 0.611805, 0.0)], [-5.89316, 0.0729315, -6.65735, 1.0)]])
-5.89316, 0.0729315, -6.65735
float3(0.0453751, 0.911659, -1.51014)
513584.700356416
normal
simd_float4x4([[-0.0404617, -0.995596, -0.0845668, 0.0)], [0.6084, 0.0425888, -0.792487, 0.0)], [0.792598, -0.0835158, 0.603998, 0.0)], [-6.01514, 0.0572891, -6.77812, 1.0)]])
-6.01514, 0.0572891, -6.77812
float3(0.0836132, 0.919629, -1.52805)
513584.833675125
normal
simd_float4x4([[-0.0781263, -0.990061, -0.11694, 0.0)], [0.657542, 0.0369949, -0.752509, 0.0)], [0.749357, -0.135684, 0.648116, 0.0)], [-6.11229, 0.0655911, -6.88134, 1.0)]])
-6.11229, 0.0655911, -6.88134
float3(0.136104, 0.857717, -1.53345)
513584.966993666
normal
simd_float4x4([[0.00271834, -0.997452, -0.0712816, 0.0)], [0.678773, 0.054186, -0.732346, 0.0)], [0.734343, -0.0463933, 0.677191, 0.0)], [-6.18473, 0.085506, -6.97973, 1.0)]])
-6.18473, 0.085506, -6.97973
float3(0.0464099, 0.825866, -1.51653)
513585.100312333
normal
simd_float4x4([[-0.00177448, -0.99919, -0.0401943, 0.0)], [0.657863, 0.0291054, -0.752575, 0.0)], [0.753136, -0.0277778, 0.657278, 0.0)], [-6.28449, 0.0817228, -7.09464, 1.0)]])
-6.28449, 0.0817228, -7.09464
float3(0.0277813, 0.853258, -1.54168)
513585.233630916
normal
simd_float4x4([[-0.066375, -0.99688, -0.0427245, 0.0)], [0.631757, -0.00884394, -0.775116, 0.0)], [0.77232, -0.0784398, 0.630372, 0.0)], [-6.3836, 0.0501102, -7.21171, 1.0)]])
-6.3836, 0.0501102, -7.21171
float3(0.0785205, 0.886251, -1.57967)
513585.366949666
normal
simd_float4x4([[-0.065991, -0.994163, -0.0853497, 0.0)], [0.612038, 0.0272269, -0.790359, 0.0)], [0.78807, -0.104394, 0.606669, 0.0)], [-6.48506, 0.0623449, -7.31748, 1.0)]])
-6.48506, 0.0623449, -7.31748
float3(0.104584, 0.914733, -1.54342)
513585.500268333
normal
simd_float4x4([[-0.0825002, -0.996443, -0.0171561, 0.0)], [0.596459, -0.0355778, -0.801855, 0.0)], [0.798392, -0.0763861, 0.597273, 0.0)], [-6.57731, 0.095445, -7.41555, 1.0)]])
-6.57731, 0.095445, -7.41555
float3(0.0764605, 0.928516, -1.60649)
513585.633586833
normal
simd_float4x4([[-0.075165, -0.994059, -0.0787258, 0.0)], [0.56099, 0.0231161, -0.8275, 0.0)], [0.824403, -0.106363, 0.55592, 0.0)], [-6.68774, 0.107318, -7.49439, 1.0)]])
-6.68774, 0.107318, -7.49439
float3(0.106565, 0.977507, -1.54755)
513585.766905375
normal
simd_float4x4([[-0.125611, -0.989329, -0.0738214, 0.0)], [0.545499, -0.00672408, -0.838084, 0.0)], [0.828645, -0.145542, 0.540523, 0.0)], [-6.80511, 0.0727871, -7.61014, 1.0)]])
-6.80511, 0.0727871, -7.61014
float3(0.146061, 0.992808, -1.57759)
513585.900224166
normal
simd_float4x4([[-0.102003, -0.99046, -0.0926484, 0.0)], [0.581178, 0.0162534, -0.813614, 0.0)], [0.807358, -0.136836, 0.573976, 0.0)], [-6.94578, 0.0804964, -7.73334, 1.0)]])
-6.94578, 0.0804964, -7.73334
float3(0.137267, 0.952772, -1.55439)
513586.033542708
normal
simd_float4x4([[-0.045689, -0.998874, -0.0128037, 0.0)], [0.608909, -0.0176864, -0.793043, 0.0)], [0.791923, -0.0440296, 0.609031, 0.0)], [-7.05102, 0.100214, -7.85438, 1.0)]])
-7.05102, 0.100214, -7.85438
float3(0.0440439, 0.915212, -1.5885)
513586.1668615
normal
simd_float4x4([[-0.0252727, -0.999647, 0.00822366, 0.0)], [0.582564, -0.0214123, -0.812502, 0.0)], [0.812391, -0.0157433, 0.5829, 0.0)], [-7.17035, 0.0994202, -7.96783, 1.0)]])
-7.17035, 0.0994202, -7.96783
float3(0.0157439, 0.948415, -1.59221)
513586.300180125
normal
