ARKit Data
355203.8327955
notAvailable
simd_float4x4([[1.0, 0.0, 0.0, 0.0)], [0.0, 1.0, 0.0, 0.0)], [0.0, 0.0, 1.0, 0.0)], [0.0, 0.0, 0.0, 1.0)]])
0.0, 0.0, 0.0
float3(-0.0, 0.0, 0.0)
355204.16494975
notAvailable
simd_float4x4([[1.0, 0.0, 0.0, 0.0)], [0.0, 1.0, 0.0, 0.0)], [0.0, 0.0, 1.0, 0.0)], [0.0, 0.0, 0.0, 1.0)]])
0.0, 0.0, 0.0
float3(-0.0, 0.0, 0.0)
355204.381593375
limited(__ObjC.ARCamera.TrackingState.Reason.initializing)
simd_float4x4([[0.00101671, -0.984613, 0.174745, 0.0)], [0.999999, 0.000843373, -0.00106619, 0.0)], [0.000902413, 0.174746, 0.984613, 0.0)], [0.0, 0.0, 0.0, 1.0)]])
0.0, 0.0, 0.0
float3(-0.175648, 0.000916515, -1.56994)
355204.598236708
limited(__ObjC.ARCamera.TrackingState.Reason.initializing)
simd_float4x4([[0.00237043, -0.985771, 0.168077, 0.0)], [0.999993, 0.00279602, 0.00229553, 0.0)], [-0.00273281, 0.168071, 0.985771, 0.0)], [0.0, 0.0, 0.0, 1.0)]])
0.0, 0.0, 0.0
float3(-0.168872, -0.00277225, -1.56796)
355204.814879791
limited(__ObjC.ARCamera.TrackingState.Reason.initializing)
simd_float4x4([[-0.00577342, -0.989714, 0.142935, 0.0)], [0.999808, -0.00303447, 0.0193729, 0.0)], [-0.0187399, 0.14302, 0.989541, 0.0)], [0.0, 0.0, 0.0, 1.0)]])
0.0, 0.0, 0.0
float3(-0.143512, -0.0189357, -1.57386)
355205.048187916
normal
simd_float4x4([[-0.0191023, -0.99574, 0.090209, 0.0)], [0.999643, -0.0173342, 0.0203428, 0.0)], [-0.0186924, 0.0905654, 0.995715, 0.0)], [1.78739e-05, 0.000868678, 0.0033149, 1.0)]])
1.78739e-05, 0.000868678, 0.0033149
float3(-0.0906897, -0.0187706, -1.5882)
355205.281496166
normal
simd_float4x4([[-0.0233527, -0.995128, 0.0957821, 0.0)], [0.999416, -0.0208485, 0.0270636, 0.0)], [-0.0249348, 0.0963582, 0.995035, 0.0)], [-0.00106876, -0.000234216, -0.0123348, 1.0)]])
-0.00106876, -0.000234216, -0.0123348
float3(-0.0965079, -0.025054, -1.59174)
355205.514804208
normal
simd_float4x4([[-0.0278458, -0.995903, 0.0860369, 0.0)], [0.999255, -0.0254319, 0.0290261, 0.0)], [-0.0267191, 0.0867811, 0.995869, 0.0)], [-0.00131156, -0.000728942, -0.0114242, 1.0)]])
-0.00131156, -0.000728942, -0.0114242
float3(-0.0868903, -0.0268235, -1.59633)
355205.731447458
normal
simd_float4x4([[-0.0256064, -0.999504, 0.0183625, 0.0)], [0.9995, -0.0252564, 0.0190411, 0.0)], [-0.0185678, 0.0188409, 0.99965, 0.0)], [-0.00256361, -0.00585176, 0.00221932, 1.0)]])
-0.00256361, -0.00585176, 0.00221932
float3(-0.018842, -0.0185722, -1.59606)
355205.948090708
normal
simd_float4x4([[-0.0200879, -0.999679, 0.0154378, 0.0)], [0.999475, -0.0196861, 0.0257558, 0.0)], [-0.0254436, 0.0159471, 0.999549, 0.0)], [-0.00477134, -0.0167893, 0.00310699, 1.0)]])
-0.00477134, -0.0167893, 0.00310699
float3(-0.0159478, -0.0254496, -1.59049)
355206.181398708
normal
simd_float4x4([[-0.0147001, -0.99963, -0.0228892, 0.0)], [0.999265, -0.0154977, 0.0350662, 0.0)], [-0.0354079, -0.0223569, 0.999123, 0.0)], [-0.000166433, -0.0130406, 0.0138201, 1.0)]])
-0.000166433, -0.0130406, 0.0138201
float3(0.0223587, -0.0354242, -1.5863)
355206.431371583
normal
simd_float4x4([[-0.00930559, -0.999613, -0.0262215, 0.0)], [0.998209, -0.0108358, 0.0588326, 0.0)], [-0.0590939, -0.025627, 0.997924, 0.0)], [0.0055485, -0.00436302, 0.0165009, 1.0)]])
0.0055485, -0.00436302, 0.0165009
float3(0.0256298, -0.0591478, -1.58164)
355206.648014916
normal
simd_float4x4([[-0.00039542, -0.999779, -0.0210024, 0.0)], [0.995414, -0.00240263, 0.0956313, 0.0)], [-0.0956606, -0.0208683, 0.995195, 0.0)], [0.00947329, 0.000777259, 0.02008, 1.0)]])
0.00947329, 0.000777259, 0.02008
float3(0.0208698, -0.0958281, -1.5732)
355206.86465825
normal
simd_float4x4([[0.000929077, -0.999973, -0.00728857, 0.0)], [0.994442, 0.000156523, 0.105287, 0.0)], [-0.105283, -0.00734587, 0.994415, 0.0)], [0.008941, 0.0015474, 0.0210956, 1.0)]])
0.008941, 0.0015474, 0.0210956
float3(0.00734594, -0.105482, -1.57064)
355207.0813015
normal
simd_float4x4([[-0.00295749, -0.99991, 0.0131251, 0.0)], [0.994857, -0.00161318, 0.101275, 0.0)], [-0.101245, 0.0133572, 0.994772, 0.0)], [0.00722139, 0.000990927, 0.0182137, 1.0)]])
0.00722139, 0.000990927, 0.0182137
float3(-0.0133576, -0.101428, -1.57241)
355207.297944875
normal
simd_float4x4([[-0.00120002, -0.999849, 0.0173692, 0.0)], [0.99576, 0.000403004, 0.0919948, 0.0)], [-0.0919879, 0.017406, 0.995608, 0.0)], [0.00464093, 0.000729159, 0.0166016, 1.0)]])
0.00464093, 0.000729159, 0.0166016
float3(-0.0174068, -0.0921321, -1.57039)
355207.514588166
normal
simd_float4x4([[-0.0034097, -0.999827, 0.0182752, 0.0)], [0.997195, -0.002033, 0.0748274, 0.0)], [-0.0747773, 0.0184791, 0.997029, 0.0)], [0.00226151, 0.00138587, 0.0133036, 1.0)]])
0.00226151, 0.00138587, 0.0133036
float3(-0.0184801, -0.07486, -1.57283)
355207.747896166
normal
simd_float4x4([[-0.00437395, -0.999759, 0.021525, 0.0)], [0.998696, -0.00327223, 0.050955, 0.0)], [-0.0508722, 0.0217198, 0.998469, 0.0)], [-0.00148715, 0.00129924, 0.00979112, 1.0)]])
-0.00148715, 0.00129924, 0.00979112
float3(-0.0217215, -0.0509062, -1.57407)
355207.981204333
normal
simd_float4x4([[-0.00566186, -0.999724, 0.0228112, 0.0)], [0.999417, -0.00488888, 0.0338004, 0.0)], [-0.0336795, 0.0229892, 0.999168, 0.0)], [-0.00422579, 0.00162066, 0.00783405, 1.0)]])
-0.00422579, 0.00162066, 0.00783405
float3(-0.0229913, -0.0336948, -1.57569)
355208.197847708
normal
simd_float4x4([[-0.00366537, -0.999644, 0.0264275, 0.0)], [0.999655, -0.00297513, 0.0261105, 0.0)], [-0.0260225, 0.0265141, 0.99931, 0.0)], [-0.0063475, 0.0015157, 0.00629105, 1.0)]])
-0.0063475, 0.0015157, 0.00629105
float3(-0.0265172, -0.0260346, -1.57377)
355208.431155833
normal
simd_float4x4([[-0.00472548, -0.999701, 0.0239974, 0.0)], [0.999654, -0.00410162, 0.0259798, 0.0)], [-0.0258736, 0.0241119, 0.999375, 0.0)], [-0.00692773, 0.0026321, 0.00618656, 1.0)]])
-0.00692773, 0.0026321, 0.00618656
float3(-0.0241142, -0.025884, -1.5749)
355208.664464041
normal
simd_float4x4([[-0.00525164, -0.999616, 0.0272208, 0.0)], [0.999595, -0.00448577, 0.0281204, 0.0)], [-0.0279875, 0.0273575, 0.999234, 0.0)], [-0.00757568, 0.00225698, 0.00488596, 1.0)]])
-0.00757568, 0.00225698, 0.00488596
float3(-0.0273609, -0.0280016, -1.57528)
355208.881107458
normal
simd_float4x4([[-0.00332938, -0.999712, 0.0237817, 0.0)], [0.999452, -0.00254299, 0.0330213, 0.0)], [-0.0329513, 0.0238786, 0.999172, 0.0)], [-0.00716985, 0.0027681, 0.00606463, 1.0)]])
-0.00716985, 0.0027681, 0.00606463
float3(-0.0238809, -0.0329666, -1.57334)
355209.097750625
normal
simd_float4x4([[-0.00305366, -0.999723, 0.0233224, 0.0)], [0.999308, -0.00218591, 0.0371421, 0.0)], [-0.0370808, 0.0234196, 0.999038, 0.0)], [-0.00684788, 0.00314481, 0.00554542, 1.0)]])
-0.00684788, 0.00314481, 0.00554542
float3(-0.0234218, -0.0370995, -1.57298)
355209.331058791
normal
simd_float4x4([[-0.00239151, -0.999682, 0.0250943, 0.0)], [0.998899, -0.00121244, 0.0468961, 0.0)], [-0.0468508, 0.0251788, 0.998585, 0.0)], [-0.00383565, 0.00261322, 0.00591013, 1.0)]])
-0.00383565, 0.00261322, 0.00591013
float3(-0.0251814, -0.0468828, -1.57201)
355209.547702041
normal
simd_float4x4([[-0.00431256, -0.999681, 0.0248874, 0.0)], [0.998439, -0.00291853, 0.0557802, 0.0)], [-0.0556898, 0.0250891, 0.998133, 0.0)], [-0.00120316, 0.00225464, 0.00709653, 1.0)]])
-0.00120316, 0.00225464, 0.00709653
float3(-0.0250918, -0.0557362, -1.57372)
355209.764345458
normal
simd_float4x4([[-0.00301442, -0.999634, 0.0268958, 0.0)], [0.998012, -0.00131402, 0.063017, 0.0)], [-0.0629586, 0.0270323, 0.99765, 0.0)], [0.00151229, 0.00259141, 0.00712166, 1.0)]])
0.00151229, 0.00259141, 0.00712166
float3(-0.0270356, -0.0630233, -1.57211)
355209.980988791
normal
simd_float4x4([[-0.00481564, -0.999483, 0.0317806, 0.0)], [0.998066, -0.00283442, 0.0620937, 0.0)], [-0.0619715, 0.0320182, 0.997564, 0.0)], [0.00212299, 0.00134781, 0.00759243, 1.0)]])
0.00212299, 0.00134781, 0.00759243
float3(-0.0320236, -0.0620431, -1.57363)
355210.197632041
normal
simd_float4x4([[-0.0147016, -0.999294, 0.0345754, 0.0)], [0.995416, -0.0113588, 0.0949616, 0.0)], [-0.0945018, 0.035813, 0.99488, 0.0)], [0.00290805, -0.000108557, 0.00690557, 1.0)]])
0.00290805, -0.000108557, 0.00690557
float3(-0.0358207, -0.0947039, -1.58216)
355210.414275333
normal
simd_float4x4([[-0.0278708, -0.998605, 0.044846, 0.0)], [0.978318, -0.0180389, 0.206324, 0.0)], [-0.205227, 0.049624, 0.977456, 0.0)], [0.0104286, -0.0060324, 0.00583835, 1.0)]])
0.0104286, -0.0060324, 0.00583835
float3(-0.0496444, -0.206955, -1.58886)
355210.647583625
normal
simd_float4x4([[-0.0343542, -0.99833, 0.0464414, 0.0)], [0.916633, -0.0129575, 0.39952, 0.0)], [-0.398251, 0.0562949, 0.915547, 0.0)], [0.0352271, -0.0159235, 0.0160437, 1.0)]])
0.0352271, -0.0159235, 0.0160437
float3(-0.0563247, -0.410299, -1.58377)
355210.880891833
normal
simd_float4x4([[-0.0420891, -0.997822, 0.050784, 0.0)], [0.830852, -0.00672557, 0.556453, 0.0)], [-0.5549, 0.0656145, 0.829326, 0.0)], [0.0947479, -0.017909, 0.0417026, 1.0)]])
0.0947479, -0.017909, 0.0417026
float3(-0.0656617, -0.589683, -1.57754)
355211.097535083
normal
simd_float4x4([[-0.0583945, -0.996262, 0.0636631, 0.0)], [0.765534, -0.00375716, 0.643384, 0.0)], [-0.64074, 0.0863063, 0.762892, 0.0)], [0.153876, -0.0103239, 0.0707497, 1.0)]])
0.153876, -0.0103239, 0.0707497
float3(-0.0864139, -0.698591, -1.57457)
355211.314178458
normal
simd_float4x4([[-0.0410843, -0.998356, 0.0399626, 0.0)], [0.66759, 0.00232962, 0.744526, 0.0)], [-0.743395, 0.0572669, 0.666397, 0.0)], [0.190388, 0.00299269, 0.115844, 1.0)]])
0.190388, 0.00299269, 0.115844
float3(-0.0572983, -0.839961, -1.56846)
355211.54748675
normal
simd_float4x4([[-0.0301353, -0.999502, 0.00932572, 0.0)], [0.52148, -0.00776188, 0.853228, 0.0)], [-0.852731, 0.0305755, 0.521455, 0.0)], [0.214503, 0.0093631, 0.158512, 1.0)]])
0.214503, 0.0093631, 0.158512
float3(-0.0305802, -1.02196, -1.57856)
355211.814124708
normal
simd_float4x4([[-0.0198626, -0.999784, 0.00621596, 0.0)], [0.286209, 0.000271133, 0.958167, 0.0)], [-0.957961, 0.0208107, 0.286142, 0.0)], [0.23264, 0.0126643, 0.196384, 1.0)]])
0.23264, 0.0126643, 0.196384
float3(-0.0208122, -1.28053, -1.57053)
355212.047432875
normal
simd_float4x4([[-0.0143155, -0.999877, 0.00649044, 0.0)], [0.0195941, 0.00620934, 0.999789, 0.0)], [-0.999706, 0.0144396, 0.0195027, 0.0)], [0.230779, 0.0158476, 0.215453, 1.0)]])
0.230779, 0.0158476, 0.215453
float3(-0.0144401, -1.55129, -1.56459)
355212.280741083
normal
simd_float4x4([[0.00688162, -0.999936, 0.00894155, 0.0)], [-0.29115, 0.00655081, 0.956655, 0.0)], [-0.956653, -0.00918667, -0.291087, 0.0)], [0.206646, 0.0227691, 0.21868, 1.0)]])
0.206646, 0.0227691, 0.21868
float3(0.0091868, -1.86617, -1.56425)
355212.480798
normal
simd_float4x4([[0.0225301, -0.999666, 0.012677, 0.0)], [-0.539084, -0.00146883, 0.842251, 0.0)], [-0.841951, -0.0258099, -0.538936, 0.0)], [0.156667, 0.024305, 0.196585, 1.0)]])
0.156667, 0.024305, 0.196585
float3(0.0258128, -2.14018, -1.57227)
355212.697586666
normal
simd_float4x4([[0.0224631, -0.999681, 0.011535, 0.0)], [-0.745077, -0.00904674, 0.666918, 0.0)], [-0.666601, -0.0235755, -0.745042, 0.0)], [0.0775162, 0.0291815, 0.18358, 1.0)]])
0.0775162, 0.0291815, 0.18358
float3(0.0235776, -2.41171, -1.57985)
355212.914375541
normal
simd_float4x4([[0.0103643, -0.999934, 0.00489844, 0.0)], [-0.86903, -0.00658401, 0.494716, 0.0)], [-0.494651, -0.00938429, -0.869041, 0.0)], [-0.0108568, 0.0339469, 0.152405, 1.0)]])
-0.0108568, 0.0339469, 0.152405
float3(0.00938443, -2.62413, -1.57738)
355213.114488208
normal
simd_float4x4([[-0.0147746, -0.999722, -0.018377, 0.0)], [-0.931222, 0.00706413, 0.364385, 0.0)], [-0.364154, 0.0224967, -0.931067, 0.0)], [-0.0914747, 0.0428805, 0.127229, 1.0)]])
-0.0914747, 0.0428805, 0.127229
float3(-0.0224986, -2.76877, -1.56373)
355213.331277125
normal
simd_float4x4([[-0.0127305, -0.999404, -0.0320894, 0.0)], [-0.961444, 0.00341774, 0.274981, 0.0)], [-0.274708, 0.0343528, -0.960914, 0.0)], [-0.176005, 0.0502275, 0.104463, 1.0)]])
-0.176005, 0.0502275, 0.104463
float3(-0.0343596, -2.86314, -1.56738)
355213.548066
normal
simd_float4x4([[-0.00167601, -0.999583, -0.0288431, 0.0)], [-0.977006, -0.00451272, 0.213164, 0.0)], [-0.213205, 0.0285372, -0.976591, 0.0)], [-0.275972, 0.0606546, 0.14008, 1.0)]])
-0.275972, 0.0606546, 0.14008
float3(-0.028541, -2.92665, -1.57531)
355213.764854833
normal
simd_float4x4([[-0.0193134, -0.998929, -0.0420554, 0.0)], [-0.984707, 0.0117202, 0.173826, 0.0)], [-0.173147, 0.0447694, -0.983878, 0.0)], [-0.364167, 0.0716236, 0.172499, 1.0)]])
-0.364167, 0.0716236, 0.172499
float3(-0.0447843, -2.96739, -1.55906)
355213.964967458
normal
simd_float4x4([[-0.0126073, -0.998734, -0.0487016, 0.0)], [-0.993269, 0.00689997, 0.115627, 0.0)], [-0.115144, 0.0498315, -0.992098, 0.0)], [-0.442239, 0.0814165, 0.234871, 1.0)]])
-0.442239, 0.0814165, 0.234871
float3(-0.0498522, -3.02605, -1.56389)
355214.165080291
normal
simd_float4x4([[-0.0145271, -0.99843, -0.054103, 0.0)], [-0.99842, 0.0115466, 0.054999, 0.0)], [-0.054288, 0.0548165, -0.99702, 0.0)], [-0.498252, 0.0828315, 0.332144, 1.0)]])
-0.498252, 0.0828315, 0.332144
float3(-0.054844, -3.0872, -1.55923)
355214.38186925
normal
simd_float4x4([[0.0200135, -0.999224, -0.0339171, 0.0)], [-0.997427, -0.0176185, -0.0694967, 0.0)], [0.0688452, 0.0352207, -0.997006, 0.0)], [-0.54544, 0.106537, 0.462619, 1.0)]])
-0.54544, 0.106537, 0.462619
float3(-0.035228, 3.07265, -1.58843)
355214.598657958
normal
simd_float4x4([[0.0274143, -0.997327, -0.067735, 0.0)], [-0.991774, -0.0186612, -0.126634, 0.0)], [0.125031, 0.0706494, -0.989634, 0.0)], [-0.614533, 0.126758, 0.586958, 1.0)]])
-0.614533, 0.126758, 0.586958
float3(-0.0707083, 3.01592, -1.58951)
355214.798770791
normal
simd_float4x4([[0.035831, -0.99858, -0.0394344, 0.0)], [-0.9927, -0.0310171, -0.116556, 0.0)], [0.115167, 0.0433228, -0.992401, 0.0)], [-0.680835, 0.124776, 0.72803, 1.0)]])
-0.680835, 0.124776, 0.72803
float3(-0.0433364, 3.02606, -1.60185)
355215.01555975
normal
simd_float4x4([[0.0453834, -0.998904, -0.011479, 0.0)], [-0.995378, -0.0442437, -0.0852324, 0.0)], [0.0846311, 0.015294, -0.996295, 0.0)], [-0.732696, 0.138881, 0.910365, 1.0)]])
-0.732696, 0.138881, 0.910365
float3(-0.0152946, 3.05685, -1.61506)
355215.232348625
normal
simd_float4x4([[-0.018641, -0.997665, -0.0657064, 0.0)], [-0.996968, 0.0235134, -0.0741796, 0.0)], [0.0755513, 0.0641244, -0.995078, 0.0)], [-0.74153, 0.156481, 1.10721, 1.0)]])
-0.74153, 0.156481, 1.10721
float3(-0.0641684, 3.06581, -1.54723)
355215.432461375
normal
simd_float4x4([[-0.0429793, -0.998287, -0.0397067, 0.0)], [-0.994692, 0.046476, -0.0918038, 0.0)], [0.0934919, 0.0355502, -0.994985, 0.0)], [-0.743412, 0.142464, 1.29498, 1.0)]])
-0.743412, 0.142464, 1.29498
float3(-0.0355577, 3.0479, -1.52427)
355215.649250125
normal
simd_float4x4([[0.0143742, -0.999655, -0.0219957, 0.0)], [-0.991114, -0.0113353, -0.13253, 0.0)], [0.132235, 0.0237052, -0.990935, 0.0)], [-0.759784, 0.160785, 1.49205, 1.0)]])
-0.759784, 0.160785, 1.49205
float3(-0.0237074, 3.00893, -1.58214)
355215.849363166
normal
simd_float4x4([[0.00877756, -0.998182, -0.0596247, 0.0)], [-0.990622, -0.000549474, -0.136634, 0.0)], [0.136353, 0.0602648, -0.988826, 0.0)], [-0.775404, 0.151538, 1.70281, 1.0)]])
-0.775404, 0.151538, 1.70281
float3(-0.0603014, 3.00456, -1.57135)
355216.082828041
normal
simd_float4x4([[-0.00542721, -0.998515, -0.0542172, 0.0)], [-0.995967, 0.010253, -0.0891312, 0.0)], [0.0895546, 0.0535148, -0.994543, 0.0)], [-0.748313, 0.150302, 1.98119, 1.0)]])
-0.748313, 0.150302, 1.98119
float3(-0.0535404, 3.05179, -1.56053)
355216.282940791
normal
simd_float4x4([[-0.0276028, -0.996545, -0.0783334, 0.0)], [-0.995736, 0.0343117, -0.0856349, 0.0)], [0.0880268, 0.0756356, -0.993243, 0.0)], [-0.742319, 0.16872, 2.22162, 1.0)]])
-0.742319, 0.16872, 2.22162
float3(-0.0757079, 3.0532, -1.53638)
355216.49972975
normal
simd_float4x4([[-0.0334695, -0.998786, -0.0361507, 0.0)], [-0.990333, 0.0380147, -0.133401, 0.0)], [0.134613, 0.0313364, -0.990403, 0.0)], [-0.723887, 0.140277, 2.49149, 1.0)]])
-0.723887, 0.140277, 2.49149
float3(-0.0313416, 3.0065, -1.53275)
355216.699842583
normal
simd_float4x4([[0.024808, -0.994633, -0.100448, 0.0)], [-0.993985, -0.0138203, -0.10864, 0.0)], [0.106668, 0.102539, -0.988993, 0.0)], [-0.750138, 0.150947, 2.78577, 1.0)]])
-0.750138, 0.150947, 2.78577
float3(-0.10272, 3.03415, -1.58469)
355216.9333075
normal
simd_float4x4([[0.0400244, -0.998417, -0.0395171, 0.0)], [-0.995768, -0.0365813, -0.0843088, 0.0)], [0.0827298, 0.0427242, -0.995656, 0.0)], [-0.775354, 0.12508, 3.10504, 1.0)]])
-0.775354, 0.12508, 3.10504
float3(-0.0427372, 3.05869, -1.60742)
355217.150096583
normal
simd_float4x4([[-0.0343312, -0.989891, -0.137611, 0.0)], [-0.999205, 0.0367885, -0.0153526, 0.0)], [0.0202599, 0.136974, -0.990368, 0.0)], [-0.776426, 0.147328, 3.4267, 1.0)]])
-0.776426, 0.147328, 3.4267
float3(-0.137406, 3.12114, -1.53365)
355217.350209291
normal
simd_float4x4([[-0.0678221, -0.994874, -0.075002, 0.0)], [-0.994995, 0.0729766, -0.0682631, 0.0)], [0.0733866, 0.0699969, -0.994844, 0.0)], [-0.787577, 0.125158, 3.71416, 1.0)]])
-0.787577, 0.125158, 3.71416
float3(-0.0700542, 3.06796, -1.49757)
355217.566998375
normal
simd_float4x4([[-0.0286794, -0.996929, -0.0728704, 0.0)], [-0.994013, 0.0361327, -0.103115, 0.0)], [0.105432, 0.0694769, -0.991997, 0.0)], [-0.839648, 0.15639, 4.0504, 1.0)]])
-0.839648, 0.15639, 4.0504
float3(-0.0695329, 3.03571, -1.53457)
355217.767111166
normal
simd_float4x4([[0.0151995, -0.999244, -0.0357956, 0.0)], [-0.993011, -0.0108949, -0.117515, 0.0)], [0.117036, 0.0373316, -0.992426, 0.0)], [-0.883233, 0.133019, 4.36568, 1.0)]])
-0.883233, 0.133019, 4.36568
float3(-0.0373403, 3.02421, -1.5817)
355217.967223916
normal
simd_float4x4([[-0.0123899, -0.988415, -0.151271, 0.0)], [-0.997562, 0.0226096, -0.0660268, 0.0)], [0.0686821, 0.150084, -0.986285, 0.0)], [-0.884646, 0.131465, 4.69107, 1.0)]])
-0.884646, 0.131465, 4.69107
float3(-0.150653, 3.07207, -1.54793)
355218.184012833
normal
simd_float4x4([[-0.0222226, -0.998391, -0.0521722, 0.0)], [-0.99541, 0.0269548, -0.0918272, 0.0)], [0.0930857, 0.0498921, -0.994407, 0.0)], [-0.879233, 0.101861, 5.02367, 1.0)]])
-0.879233, 0.101861, 5.02367
float3(-0.0499128, 3.04826, -1.5438)
355218.400801541
normal
simd_float4x4([[0.0131971, -0.990185, -0.139141, 0.0)], [-0.99568, -0.00022233, -0.0928554, 0.0)], [0.0919131, 0.139765, -0.98591, 0.0)], [-0.904992, 0.102905, 5.41191, 1.0)]])
-0.904992, 0.102905, 5.41191
float3(-0.140224, 3.04863, -1.57102)
355218.617590625
normal
simd_float4x4([[0.00662552, -0.998901, -0.0464029, 0.0)], [-0.997868, -0.00359142, -0.0651667, 0.0)], [0.0649284, 0.0467357, -0.996795, 0.0)], [-0.919147, 0.0960602, 5.75758, 1.0)]])
-0.919147, 0.0960602, 5.75758
float3(-0.0467527, 3.07655, -1.57439)
355218.817703291
normal
simd_float4x4([[-0.00181521, -0.989263, -0.146139, 0.0)], [-0.999949, 0.00324605, -0.00955307, 0.0)], [0.00992486, 0.146114, -0.989218, 0.0)], [-0.919619, 0.0984776, 6.08471, 1.0)]])
-0.919619, 0.0984776, 6.08471
float3(-0.146639, 3.13156, -1.56752)
355219.034492333
normal
simd_float4x4([[0.0206276, -0.999249, -0.0328218, 0.0)], [-0.996904, -0.0180654, -0.0765292, 0.0)], [0.0758788, 0.0342988, -0.996527, 0.0)], [-0.925239, 0.0940604, 6.40307, 1.0)]])
-0.925239, 0.0940604, 6.40307
float3(-0.0343055, 3.0656, -1.58887)
355219.234605208
normal
simd_float4x4([[-0.0157936, -0.990098, -0.13949, 0.0)], [-0.993054, 0.0318004, -0.113281, 0.0)], [0.116595, 0.136732, -0.983723, 0.0)], [-0.956653, 0.103158, 6.72718, 1.0)]])
-0.956653, 0.103158, 6.72718
float3(-0.137162, 3.02362, -1.53869)
355219.468070166
normal
simd_float4x4([[-0.0320157, -0.998816, -0.0366274, 0.0)], [-0.996807, 0.0345905, -0.0719696, 0.0)], [0.0731513, 0.0342063, -0.996734, 0.0)], [-0.981943, 0.0973442, 7.05956, 1.0)]])
-0.981943, 0.0973442, 7.05956
float3(-0.034213, 3.06833, -1.53618)
355219.684859041
normal
simd_float4x4([[-0.0237281, -0.997961, -0.0592571, 0.0)], [-0.999609, 0.0245634, -0.0134076, 0.0)], [0.0148358, 0.0589157, -0.998153, 0.0)], [-0.975828, 0.108482, 7.33261, 1.0)]])
-0.975828, 0.108482, 7.33261
float3(-0.0589498, 3.12673, -1.54619)
355219.901647916
normal
simd_float4x4([[-0.00377154, -0.998752, 0.0498084, 0.0)], [-0.998302, 0.000864776, -0.0582519, 0.0)], [0.0581361, -0.0499435, -0.997059, 0.0)], [-0.977012, 0.0665469, 7.55662, 1.0)]])
-0.977012, 0.0665469, 7.55662
float3(0.0499642, 3.08335, -1.56993)
355220.10176075
normal
simd_float4x4([[0.0228179, -0.99901, -0.038203, 0.0)], [-0.993803, -0.0185076, -0.109604, 0.0)], [0.108788, 0.0404672, -0.993241, 0.0)], [-1.01099, 0.0845532, 7.75071, 1.0)]])
-1.01099, 0.0845532, 7.75071
float3(-0.0404783, 3.0325, -1.58932)
355220.301873458
normal
simd_float4x4([[0.0559756, -0.998432, -0.00018589, 0.0)], [-0.997436, -0.0559114, -0.044673, 0.0)], [0.0445925, 0.00268601, -0.999002, 0.0)], [-1.02147, 0.0538682, 7.90911, 1.0)]])
-1.02147, 0.0538682, 7.90911
float3(-0.00268601, 3.09699, -1.62674)
355220.501986291
normal
simd_float4x4([[0.0202621, -0.996496, -0.0811504, 0.0)], [-0.999709, -0.0191317, -0.0146823, 0.0)], [0.0130783, 0.0814243, -0.996594, 0.0)], [-0.996687, 0.0616302, 8.06231, 1.0)]])
-0.996687, 0.0616302, 8.06231
float3(-0.0815146, 3.12847, -1.58999)
355220.735451375
normal
simd_float4x4([[0.00945778, -0.990315, -0.138519, 0.0)], [-0.998576, -0.00208064, -0.0533057, 0.0)], [0.0525012, 0.138825, -0.988924, 0.0)], [-0.975365, 0.0451986, 8.2285, 1.0)]])
-0.975365, 0.0451986, 8.2285
float3(-0.139275, 3.08855, -1.5729)
355220.93556425
normal
simd_float4x4([[-0.0305164, -0.991643, -0.125355, 0.0)], [-0.997693, 0.0378284, -0.0563701, 0.0)], [0.060641, 0.123345, -0.990509, 0.0)], [-0.951966, 0.0509327, 8.307, 1.0)]])
-0.951966, 0.0509327, 8.307
float3(-0.12366, 3.08045, -1.53267)
