ARKit Data
355261.117606375
limited(__ObjC.ARCamera.TrackingState.Reason.insufficientFeatures)
simd_float4x4([[-0.03322, -0.999175, 0.0233798, 0.0)], [0.991221, -0.0299423, 0.128779, 0.0)], [-0.127973, 0.0274526, 0.991398, 0.0)], [-0.0889728, 0.0099876, -0.165985, 1.0)]])
-0.0889728, 0.0099876, -0.165985
float3(-0.0274561, -0.128373, -1.60075)
355261.350914583
limited(__ObjC.ARCamera.TrackingState.Reason.insufficientFeatures)
simd_float4x4([[-0.0285855, -0.99914, 0.0300478, 0.0)], [0.989345, -0.0239868, 0.143598, 0.0)], [-0.142754, 0.0338325, 0.98918, 0.0)], [-0.088468, -0.0012574, -0.137855, 1.0)]])
-0.088468, -0.0012574, -0.137855
float3(-0.033839, -0.143326, -1.5948)
355262.21860475
notAvailable
simd_float4x4([[-0.0371575, 0.0, 0.999309, 0.0)], [0.0, 1.0, 0.0, 0.0)], [-0.999309, 0.0, -0.0371575, 0.0)], [-0.00890676, -0.0782805, 0.000677675, 1.0)]])
-0.00890676, -0.0782805, 0.000677675
float3(-0.0, -1.60796, 0.0)
355262.435248083
limited(__ObjC.ARCamera.TrackingState.Reason.initializing)
simd_float4x4([[0.0147594, -0.989031, 0.146964, 0.0)], [0.999889, 0.0149267, 3.54842e-05, 0.0)], [-0.00222878, 0.146947, 0.989142, 0.0)], [0.0, 0.0, 0.0, 1.0)]])
0.0, 0.0, 0.0
float3(-0.147481, -0.00225324, -1.55571)
355262.651891375
limited(__ObjC.ARCamera.TrackingState.Reason.initializing)
simd_float4x4([[0.0353897, -0.994634, 0.0972088, 0.0)], [0.999264, 0.0337778, -0.0181793, 0.0)], [0.0147982, 0.0977806, 0.995097, 0.0)], [0.0, 0.0, 0.0, 1.0)]])
0.0, 0.0, 0.0
float3(-0.0979371, 0.0148701, -1.53685)
355262.868534666
limited(__ObjC.ARCamera.TrackingState.Reason.initializing)
simd_float4x4([[0.0396488, -0.994566, 0.0962618, 0.0)], [0.999188, 0.0401586, 0.00336342, 0.0)], [-0.00721087, 0.0960503, 0.99535, 0.0)], [0.0, 0.0, 0.0, 1.0)]])
0.0, 0.0, 0.0
float3(-0.0961986, -0.00724443, -1.53044)
355263.085177958
limited(__ObjC.ARCamera.TrackingState.Reason.initializing)
simd_float4x4([[0.0484701, -0.993872, 0.0993452, 0.0)], [0.998792, 0.0474207, -0.0128984, 0.0)], [0.0081083, 0.0998504, 0.99497, 0.0)], [0.0, 0.0, 0.0, 1.0)]])
0.0, 0.0, 0.0
float3(-0.100017, 0.00814911, -1.52312)
355263.335150916
normal
simd_float4x4([[0.0613922, -0.989407, 0.131544, 0.0)], [0.998112, 0.0606093, -0.00995037, 0.0)], [0.00187217, 0.131906, 0.99126, 0.0)], [-0.00249225, 0.00269569, -0.0363013, 1.0)]])
-0.00249225, 0.00269569, -0.0363013
float3(-0.132292, 0.00188868, -1.50961)
355263.551794375
normal
simd_float4x4([[0.0565628, -0.988184, 0.142456, 0.0)], [0.998259, 0.0535837, -0.0246654, 0.0)], [0.0167407, 0.143603, 0.989494, 0.0)], [-0.00520146, 0.00695483, -0.11962, 1.0)]])
-0.00520146, 0.00695483, -0.11962
float3(-0.144101, 0.0169168, -1.51662)
355263.785102583
normal
simd_float4x4([[0.0501233, -0.992209, 0.114057, 0.0)], [0.998493, 0.0472278, -0.0279506, 0.0)], [0.0223461, 0.115286, 0.993081, 0.0)], [0.0125183, 0.00606705, -0.0200647, 1.0)]])
0.0125183, 0.00606705, -0.0200647
float3(-0.115543, 0.022498, -1.52323)
355264.001745875
normal
simd_float4x4([[0.0474493, -0.993792, 0.100625, 0.0)], [0.998164, 0.043379, -0.0422605, 0.0)], [0.0376331, 0.102445, 0.994026, 0.0)], [0.00723568, 0.00413005, -0.0219646, 1.0)]])
0.00723568, 0.00413005, -0.0219646
float3(-0.102625, 0.0378412, -1.52717)
355264.251718875
normal
simd_float4x4([[0.0233679, -0.993767, 0.109, 0.0)], [0.999207, 0.0197023, -0.0345859, 0.0)], [0.0322228, 0.109722, 0.99344, 0.0)], [0.00133589, -0.000604568, -0.021942, 1.0)]])
0.00133589, -0.000604568, -0.021942
float3(-0.109943, 0.0324242, -1.55097)
355264.468362291
normal
simd_float4x4([[0.0286877, -0.993505, 0.110116, 0.0)], [0.999507, 0.0271027, -0.015864, 0.0)], [0.0127765, 0.110517, 0.993792, 0.0)], [-0.00164844, -0.00529055, 0.0269539, 1.0)]])
-0.00164844, -0.00529055, 0.0269539
float3(-0.110743, 0.0128556, -1.54352)
355264.685005666
normal
simd_float4x4([[0.0298769, -0.992424, 0.11917, 0.0)], [0.99916, 0.0263076, -0.0314135, 0.0)], [0.0280404, 0.120008, 0.992377, 0.0)], [-0.000289099, -0.00451413, 0.0400843, 1.0)]])
-0.000289099, -0.00451413, 0.0400843
float3(-0.120298, 0.0282483, -1.54429)
355264.918313708
normal
simd_float4x4([[0.0106095, -0.994953, 0.0997808, 0.0)], [0.999102, 0.00645391, -0.0418785, 0.0)], [0.0410231, 0.100135, 0.994128, 0.0)], [0.000178299, -0.00272397, 0.0462103, 1.0)]])
0.000178299, -0.00272397, 0.0462103
float3(-0.100304, 0.041242, -1.56431)
355265.134957083
normal
simd_float4x4([[-0.0239683, -0.997602, 0.0649293, 0.0)], [0.99874, -0.0267584, -0.042447, 0.0)], [0.0440826, 0.0638301, 0.996987, 0.0)], [0.0066183, 0.00180348, 0.052461, 1.0)]])
0.0066183, 0.00180348, 0.052461
float3(-0.0638735, 0.0441871, -1.59761)
355265.368265125
normal
simd_float4x4([[-0.0336634, -0.997, 0.0696919, 0.0)], [0.998878, -0.0358866, -0.0308985, 0.0)], [0.0333068, 0.0685736, 0.99709, 0.0)], [0.0119698, 0.00202946, 0.0545066, 1.0)]])
0.0119698, 0.00202946, 0.0545066
float3(-0.0686274, 0.0333916, -1.60678)
355265.584908541
normal
simd_float4x4([[-0.0381074, -0.997085, 0.0661047, 0.0)], [0.999058, -0.0393895, -0.0182002, 0.0)], [0.020751, 0.0653488, 0.997647, 0.0)], [0.0127856, 0.0017673, 0.061736, 1.0)]])
0.0127856, 0.0017673, 0.061736
float3(-0.0653954, 0.0207969, -1.61028)
355265.801551958
normal
simd_float4x4([[-0.0448767, -0.996681, 0.0679165, 0.0)], [0.997178, -0.0405961, 0.0631472, 0.0)], [-0.0601805, 0.0705586, 0.995691, 0.0)], [0.0295618, -0.000749374, 0.0647837, 1.0)]])
0.0295618, -0.000749374, 0.0647837
float3(-0.0706173, -0.0603675, -1.61151)
355266.018195416
normal
simd_float4x4([[-0.0330454, -0.99821, 0.0498532, 0.0)], [0.977219, -0.0218071, 0.21111, 0.0)], [-0.209645, 0.0556938, 0.97619, 0.0)], [0.0744826, 0.00565725, 0.0806328, 1.0)]])
0.0744826, 0.00565725, 0.0806328
float3(-0.0557226, -0.211545, -1.59264)
355266.251503625
normal
simd_float4x4([[-0.0173053, -0.999793, -0.0106965, 0.0)], [0.932747, -0.0199961, 0.359978, 0.0)], [-0.360117, -0.00374763, 0.9329, 0.0)], [0.145014, 0.00967142, 0.117686, 1.0)]])
0.145014, 0.00967142, 0.117686
float3(0.00374764, -0.368396, -1.59079)
355266.46814675
normal
simd_float4x4([[1.73688e-05, -0.999946, -0.0103937, 0.0)], [0.835154, -0.00570219, 0.549987, 0.0)], [-0.550016, -0.00868988, 0.835109, 0.0)], [0.233556, 0.00899874, 0.166406, 1.0)]])
0.233556, 0.00899874, 0.166406
float3(0.00868999, -0.582409, -1.5765)
355266.684790208
normal
simd_float4x4([[0.0215896, -0.999756, -0.00476266, 0.0)], [0.695692, 0.0116018, 0.718246, 0.0)], [-0.718016, -0.01882, 0.695772, 0.0)], [0.299517, 0.0090322, 0.243601, 1.0)]])
0.299517, 0.0090322, 0.243601
float3(0.0188211, -0.80113, -1.55919)
355266.901433416
normal
simd_float4x4([[0.0359345, -0.99929, 0.0113558, 0.0)], [0.4344, 0.0258525, 0.900349, 0.0)], [-0.900003, -0.0274206, 0.43502, 0.0)], [0.339429, 0.00845413, 0.340576, 1.0)]])
0.339429, 0.00845413, 0.340576
float3(0.027424, -1.12055, -1.54493)
355267.134741708
normal
simd_float4x4([[0.0106455, -0.999791, 0.0174356, 0.0)], [0.0787699, 0.0182209, 0.996726, 0.0)], [-0.996836, -0.00923727, 0.0789474, 0.0)], [0.36896, 0.00115635, 0.453091, 1.0)]])
0.36896, 0.00115635, 0.453091
float3(0.0092374, -1.49176, -1.55257)
355267.351396416
normal
simd_float4x4([[-0.0137536, -0.999627, 0.0235965, 0.0)], [-0.232619, 0.02615, 0.972216, 0.0)], [-0.972471, 0.00788249, -0.232892, 0.0)], [0.381163, -0.00562356, 0.552164, 1.0)]])
0.381163, -0.00562356, 0.552164
float3(-0.00788257, -1.80585, -1.54464)
355267.551509083
normal
simd_float4x4([[4.99047e-05, -0.999455, 0.0329992, 0.0)], [-0.497905, 0.0285931, 0.86676, 0.0)], [-0.867231, -0.0164737, -0.497633, 0.0)], [0.374991, -0.00165857, 0.630538, 1.0)]])
0.374991, -0.00165857, 0.630538
float3(0.0164745, -2.09174, -1.5422)
355267.768297958
normal
simd_float4x4([[0.00455279, -0.999568, 0.029022, 0.0)], [-0.743446, 0.0160264, 0.668604, 0.0)], [-0.668781, -0.0246203, -0.743052, 0.0)], [0.33453, 0.00174141, 0.706581, 1.0)]])
0.33453, 0.00174141, 0.706581
float3(0.0246228, -2.40875, -1.55476)
355267.985086666
normal
simd_float4x4([[-0.0121362, -0.999848, -0.0124899, 0.0)], [-0.900403, 0.00549488, 0.435023, 0.0)], [-0.434888, 0.0165255, -0.900333, 0.0)], [0.263133, -0.00968057, 0.779956, 1.0)]])
0.263133, -0.00968057, 0.779956
float3(-0.0165262, -2.69161, -1.5653)
355268.185199583
normal
simd_float4x4([[-0.00343492, -0.999547, -0.0298853, 0.0)], [-0.960302, -0.0050392, 0.278916, 0.0)], [-0.27894, 0.029657, -0.95985, 0.0)], [0.199578, -0.0360557, 0.867879, 1.0)]])
0.199578, -0.0360557, 0.867879
float3(-0.0296613, -2.85877, -1.57584)
355268.401988208
normal
simd_float4x4([[-0.0190605, -0.999796, -0.00664336, 0.0)], [-0.982388, 0.0174925, 0.18603, 0.0)], [-0.185876, 0.0100722, -0.982522, 0.0)], [0.142392, -0.0268164, 0.985137, 1.0)]])
0.142392, -0.0268164, 0.985137
float3(-0.0100724, -2.95462, -1.5533)
355268.635453166
normal
simd_float4x4([[-0.0417361, -0.998712, -0.0288484, 0.0)], [-0.989317, 0.0372724, 0.140936, 0.0)], [-0.139679, 0.0344223, -0.989598, 0.0)], [0.0841826, -0.0320375, 1.13698, 1.0)]])
0.0841826, -0.0320375, 1.13698
float3(-0.0344291, -3.00137, -1.53349)
355268.835565916
limited(__ObjC.ARCamera.TrackingState.Reason.insufficientFeatures)
simd_float4x4([[-0.0662991, -0.994779, -0.0775878, 0.0)], [-0.989661, 0.0556477, 0.132193, 0.0)], [-0.127185, 0.0855498, -0.988183, 0.0)], [0.0372307, -0.0854902, 1.26545, 1.0)]])
0.0372307, -0.0854902, 1.26545
float3(-0.0856545, -3.01359, -1.51491)
355269.052354833
limited(__ObjC.ARCamera.TrackingState.Reason.insufficientFeatures)
simd_float4x4([[-0.0319775, -0.994419, -0.100544, 0.0)], [-0.993959, 0.0210729, 0.107705, 0.0)], [-0.104985, 0.10338, -0.989086, 0.0)], [-0.0133509, -0.0766835, 1.42811, 1.0)]])
-0.0133509, -0.0766835, 1.42811
float3(-0.103565, -3.03584, -1.54961)
355269.269143791
limited(__ObjC.ARCamera.TrackingState.Reason.insufficientFeatures)
simd_float4x4([[-0.000302384, -0.996477, -0.0838647, 0.0)], [-0.998888, -0.00365265, 0.0470022, 0.0)], [-0.047143, 0.0837857, -0.995368, 0.0)], [-0.0893783, -0.0768992, 1.56825, 1.0)]])
-0.0893783, -0.0768992, 1.56825
float3(-0.083884, -3.09427, -1.57446)
355269.469256375
limited(__ObjC.ARCamera.TrackingState.Reason.insufficientFeatures)
simd_float4x4([[0.0119813, -0.996957, -0.0770255, 0.0)], [-0.999583, -0.0139654, 0.0252715, 0.0)], [-0.0262703, 0.0766906, -0.996709, 0.0)], [-0.169055, -0.107704, 1.70976, 1.0)]])
-0.169055, -0.107704, 1.70976
float3(-0.0767659, -3.11524, -1.5848)
355269.68604525
limited(__ObjC.ARCamera.TrackingState.Reason.insufficientFeatures)
simd_float4x4([[0.00456178, -0.980919, 0.194365, 0.0)], [0.995793, 0.0222445, 0.0888918, 0.0)], [-0.0915192, 0.193142, 0.976893, 0.0)], [0.179264, -0.0486051, -0.797285, 1.0)]])
0.179264, -0.0486051, -0.797285
float3(-0.194363, -0.0934113, -1.54812)
355269.886158083
limited(__ObjC.ARCamera.TrackingState.Reason.excessiveMotion)
simd_float4x4([[0.00722324, -0.989747, 0.14265, 0.0)], [0.99381, 0.0229194, 0.108699, 0.0)], [-0.110854, 0.140982, 0.983786, 0.0)], [0.233089, -0.0667858, -1.09083, 1.0)]])
0.233089, -0.0667858, -1.09083
float3(-0.141453, -0.112207, -1.54764)
355270.08627075
limited(__ObjC.ARCamera.TrackingState.Reason.excessiveMotion)
simd_float4x4([[-0.047194, -0.98861, 0.142908, 0.0)], [0.978208, -0.0167824, 0.206946, 0.0)], [-0.202191, 0.149561, 0.967859, 0.0)], [0.360621, -0.0449057, -1.3374, 1.0)]])
0.360621, -0.0449057, -1.3374
float3(-0.150124, -0.205943, -1.58777)
355270.286383583
limited(__ObjC.ARCamera.TrackingState.Reason.excessiveMotion)
simd_float4x4([[-0.0851309, -0.989466, 0.117088, 0.0)], [0.963716, -0.0519322, 0.261828, 0.0)], [-0.25299, 0.135129, 0.957986, 0.0)], [0.477711, -0.0718386, -1.59574, 1.0)]])
0.477711, -0.0718386, -1.59574
float3(-0.135544, -0.258191, -1.62323)
355270.486496375
normal
simd_float4x4([[-0.058587, -0.993643, 0.0961323, 0.0)], [0.974373, -0.0359685, 0.222046, 0.0)], [-0.217176, 0.106678, 0.970286, 0.0)], [0.539945, -0.0855005, -1.82465, 1.0)]])
0.539945, -0.0855005, -1.82465
float3(-0.106881, -0.220198, -1.60698)
355270.686609125
normal
simd_float4x4([[-0.0371138, -0.987845, 0.150943, 0.0)], [0.974125, -0.00206554, 0.225999, 0.0)], [-0.22294, 0.155425, 0.962362, 0.0)], [0.598548, -0.0654143, -2.06163, 1.0)]])
0.598548, -0.0654143, -2.06163
float3(-0.156058, -0.227644, -1.57289)
355270.886721833
normal
simd_float4x4([[-0.021379, -0.995828, 0.0887118, 0.0)], [0.9658, 0.00236298, 0.259277, 0.0)], [-0.258405, 0.0912209, 0.96172, 0.0)], [0.640063, -0.0912393, -2.27707, 1.0)]])
0.640063, -0.0912393, -2.27707
float3(-0.0913479, -0.262491, -1.56842)
355271.10351075
normal
simd_float4x4([[-0.0574244, -0.992968, 0.103521, 0.0)], [0.9483, -0.0218318, 0.316623, 0.0)], [-0.312137, 0.116351, 0.942886, 0.0)], [0.706611, -0.0770147, -2.51513, 1.0)]])
0.706611, -0.0770147, -2.51513
float3(-0.116615, -0.319689, -1.59278)
355271.320299583
normal
simd_float4x4([[-0.069863, -0.99407, 0.0833289, 0.0)], [0.940777, -0.0378763, 0.336903, 0.0)], [-0.331749, 0.101931, 0.937845, 0.0)], [0.786733, -0.0935161, -2.73523, 1.0)]])
0.786733, -0.0935161, -2.73523
float3(-0.102108, -0.339999, -1.60888)
355271.537088416
normal
simd_float4x4([[-0.0238511, -0.994974, 0.0972524, 0.0)], [0.959642, 0.00448036, 0.28119, 0.0)], [-0.280212, 0.100034, 0.954712, 0.0)], [0.85344, -0.105082, -2.95909, 1.0)]])
0.85344, -0.105082, -2.95909
float3(-0.100202, -0.285487, -1.56629)
355271.737201208
normal
simd_float4x4([[-0.013325, -0.99068, 0.135554, 0.0)], [0.962963, 0.0237974, 0.268581, 0.0)], [-0.269304, 0.134112, 0.953672, 0.0)], [0.900119, -0.0924526, -3.1435, 1.0)]])
0.900119, -0.0924526, -3.1435
float3(-0.134517, -0.27522, -1.54678)
355271.937313833
normal
simd_float4x4([[-0.0173385, -0.996957, 0.0760012, 0.0)], [0.965143, 0.00316536, 0.261704, 0.0)], [-0.261148, 0.0778896, 0.962151, 0.0)], [0.947495, -0.125271, -3.33544, 1.0)]])
0.947495, -0.125271, -3.33544
float3(-0.0779685, -0.265036, -1.56762)
355272.137426708
normal
simd_float4x4([[-0.0566114, -0.992349, 0.109722, 0.0)], [0.949446, -0.0195201, 0.313324, 0.0)], [-0.308785, 0.121913, 0.943286, 0.0)], [1.00899, -0.142151, -3.55538, 1.0)]])
1.00899, -0.142151, -3.55538
float3(-0.122217, -0.316356, -1.59046)
355272.337539375
normal
simd_float4x4([[-0.0886006, -0.983776, 0.155994, 0.0)], [0.941426, -0.0315493, 0.33574, 0.0)], [-0.325372, 0.176604, 0.928948, 0.0)], [1.07854, -0.157745, -3.77188, 1.0)]])
1.07854, -0.157745, -3.77188
float3(-0.177535, -0.336905, -1.60285)
355272.554328291
normal
simd_float4x4([[-0.068614, -0.987873, 0.139282, 0.0)], [0.962994, -0.0291074, 0.267948, 0.0)], [-0.260644, 0.152513, 0.953312, 0.0)], [1.14868, -0.183661, -4.01796, 1.0)]])
1.14868, -0.183661, -4.01796
float3(-0.153111, -0.266887, -1.60025)
355272.771117041
normal
simd_float4x4([[-0.0233437, -0.987193, 0.157813, 0.0)], [0.982714, 0.00633938, 0.185019, 0.0)], [-0.18365, 0.159404, 0.969981, 0.0)], [1.19588, -0.163348, -4.26128, 1.0)]])
1.19588, -0.163348, -4.26128
float3(-0.160087, -0.187119, -1.56437)
355272.971229833
normal
simd_float4x4([[0.0361159, -0.987786, 0.151576, 0.0)], [0.995529, 0.048809, 0.0808731, 0.0)], [-0.0872836, 0.147977, 0.985132, 0.0)], [1.21238, -0.188863, -4.52114, 1.0)]])
1.21238, -0.188863, -4.52114
float3(-0.148522, -0.0883702, -1.52142)
355273.171342666
normal
simd_float4x4([[0.00951447, -0.986761, 0.161898, 0.0)], [0.996001, 0.0237353, 0.0861322, 0.0)], [-0.0888347, 0.160431, 0.983041, 0.0)], [1.26364, -0.196246, -4.78561, 1.0)]])
1.26364, -0.196246, -4.78561
float3(-0.161128, -0.0901224, -1.54675)
355273.404807708
normal
simd_float4x4([[-0.0428919, -0.983275, 0.177003, 0.0)], [0.983999, -0.0109094, 0.177842, 0.0)], [-0.172937, 0.181799, 0.968009, 0.0)], [1.37876, -0.189057, -5.0666, 1.0)]])
1.37876, -0.189057, -5.0666
float3(-0.182816, -0.176787, -1.58189)
355273.604920416
normal
simd_float4x4([[-0.0533778, -0.992359, 0.111238, 0.0)], [0.979271, -0.0302228, 0.200286, 0.0)], [-0.195394, 0.119623, 0.973402, 0.0)], [1.48314, -0.216667, -5.30735, 1.0)]])
1.48314, -0.216667, -5.30735
float3(-0.11991, -0.1981, -1.60124)
355273.82170925
normal
simd_float4x4([[-0.0246359, -0.976899, 0.212278, 0.0)], [0.987044, 0.00990777, 0.160146, 0.0)], [-0.15855, 0.213473, 0.963998, 0.0)], [1.55303, -0.21343, -5.607, 1.0)]])
1.55303, -0.21343, -5.607
float3(-0.215129, -0.163012, -1.56065)
355274.021822083
normal
simd_float4x4([[-0.00247622, -0.984895, 0.173133, 0.0)], [0.990401, 0.0215118, 0.136539, 0.0)], [-0.138201, 0.171809, 0.975388, 0.0)], [1.59227, -0.249274, -5.86405, 1.0)]])
1.59227, -0.249274, -5.86405
float3(-0.172666, -0.140751, -1.54896)
355274.271963
normal
simd_float4x4([[-0.00560125, -0.979967, 0.199082, 0.0)], [0.994439, 0.0154781, 0.104169, 0.0)], [-0.105163, 0.198558, 0.974431, 0.0)], [1.62857, -0.243034, -6.20768, 1.0)]])
1.62857, -0.243034, -6.20768
float3(-0.199887, -0.107507, -1.555)
355274.488751791
normal
simd_float4x4([[-0.0493671, -0.986974, 0.153118, 0.0)], [0.993553, -0.0328639, 0.108498, 0.0)], [-0.102052, 0.157487, 0.982234, 0.0)], [1.70703, -0.245217, -6.45421, 1.0)]])
1.70703, -0.245217, -6.45421
float3(-0.158146, -0.103527, -1.60408)
355274.688864583
normal
simd_float4x4([[-0.0271238, -0.989882, 0.139278, 0.0)], [0.993601, -0.0114154, 0.112368, 0.0)], [-0.109641, 0.141434, 0.983857, 0.0)], [1.80833, -0.256341, -6.66833, 1.0)]])
1.80833, -0.256341, -6.66833
float3(-0.14191, -0.110982, -1.58233)
355274.905653458
normal
simd_float4x4([[-0.010978, -0.990067, 0.140164, 0.0)], [0.984156, 0.0141087, 0.17674, 0.0)], [-0.176962, 0.139884, 0.974226, 0.0)], [1.908, -0.228081, -6.87172, 1.0)]])
1.908, -0.228081, -6.87172
float3(-0.140344, -0.179685, -1.55655)
355275.122442291
normal
simd_float4x4([[0.00218061, -0.994147, 0.108015, 0.0)], [0.969259, 0.0286767, 0.244366, 0.0)], [-0.246033, 0.104162, 0.963648, 0.0)], [1.97725, -0.243163, -7.06864, 1.0)]])
1.97725, -0.243163, -7.06864
float3(-0.104351, -0.249974, -1.54196)
355275.339231208
normal
simd_float4x4([[-0.0266885, -0.996485, 0.0794073, 0.0)], [0.952547, -0.00125562, 0.304391, 0.0)], [-0.303221, 0.0837628, 0.949232, 0.0)], [2.03498, -0.236242, -7.25282, 1.0)]])
2.03498, -0.236242, -7.25282
float3(-0.0838611, -0.309193, -1.57206)
355275.539343875
normal
simd_float4x4([[-0.0360638, -0.99472, 0.0960755, 0.0)], [0.95715, -0.0067388, 0.289515, 0.0)], [-0.287339, 0.1024, 0.95234, 0.0)], [2.07736, -0.224512, -7.39695, 1.0)]])
2.07736, -0.224512, -7.39695
float3(-0.102579, -0.293033, -1.57757)
355275.739456708
normal
simd_float4x4([[-0.0153429, -0.998354, 0.0552569, 0.0)], [0.97881, -0.0037108, 0.204736, 0.0)], [-0.204194, 0.0572273, 0.977256, 0.0)], [2.1142, -0.22105, -7.49983, 1.0)]])
2.1142, -0.22105, -7.49983
float3(-0.0572586, -0.205982, -1.57451)
355275.972921666
normal
simd_float4x4([[0.0152719, -0.997073, 0.074917, 0.0)], [0.988001, 0.0265647, 0.152145, 0.0)], [-0.15369, 0.0716945, 0.985515, 0.0)], [2.125, -0.221999, -7.6019, 1.0)]])
2.125, -0.221999, -7.6019
float3(-0.0717561, -0.154702, -1.54416)
355276.189710375
normal
simd_float4x4([[0.0295765, -0.99734, 0.0666194, 0.0)], [0.985079, 0.0403878, 0.167297, 0.0)], [-0.169542, 0.0606773, 0.983653, 0.0)], [2.12264, -0.219796, -7.64373, 1.0)]])
2.12264, -0.219796, -7.64373
float3(-0.0607146, -0.170683, -1.53032)
355276.389823125
normal
simd_float4x4([[-0.00108548, -0.997277, 0.0737394, 0.0)], [0.981495, 0.0130573, 0.19104, 0.0)], [-0.191483, 0.0725822, 0.978809, 0.0)], [2.11638, -0.225582, -7.64793, 1.0)]])
2.11638, -0.225582, -7.64793
float3(-0.0726461, -0.193189, -1.5577)
355276.606611958
normal
simd_float4x4([[-0.00736348, -0.997332, 0.0726296, 0.0)], [0.983557, 0.00588307, 0.180502, 0.0)], [-0.180448, 0.0727644, 0.980889, 0.0)], [2.09039, -0.231089, -7.64131, 1.0)]])
2.09039, -0.231089, -7.64131
float3(-0.0728288, -0.181929, -1.5649)
