ARKit Data
355163.119703708
normal
simd_float4x4([[-0.0262656, -0.999651, -0.00262892, 0.0)], [0.999319, -0.0263249, 0.0258417, 0.0)], [-0.0259019, -0.00194839, 0.999663, 0.0)], [-0.239969, -0.0574286, -0.451291, 1.0)]])
-0.239969, -0.0574286, -0.451291
float3(0.00194839, -0.0259049, -1.59712)
355163.336346916
normal
simd_float4x4([[-0.0195328, -0.999796, -0.00506685, 0.0)], [0.999534, -0.0196461, 0.0233763, 0.0)], [-0.0234711, -0.00460788, 0.999714, 0.0)], [-0.24118, -0.0562976, -0.444459, 1.0)]])
-0.24118, -0.0562976, -0.444459
float3(0.0046079, -0.0234735, -1.59044)
355164.124150375
notAvailable
simd_float4x4([[-0.0548498, 0.0, 0.998495, 0.0)], [0.0, 1.0, 0.0, 0.0)], [-0.998495, 0.0, -0.0548498, 0.0)], [-0.0101599, -0.0782813, 0.00113671, 1.0)]])
-0.0101599, -0.0782813, 0.00113671
float3(-0.0, -1.62567, 0.0)
355164.340793708
limited(__ObjC.ARCamera.TrackingState.Reason.initializing)
simd_float4x4([[-0.0104485, -0.999412, 0.0326517, 0.0)], [0.999909, -0.0101648, 0.00884295, 0.0)], [-0.00850586, 0.0327411, 0.999428, 0.0)], [0.0, 0.0, 0.0, 1.0)]])
0.0, 0.0, 0.0
float3(-0.032747, -0.00851052, -1.58097)
355164.557437208
limited(__ObjC.ARCamera.TrackingState.Reason.initializing)
simd_float4x4([[-0.0356036, -0.998783, 0.0341251, 0.0)], [0.999269, -0.035103, 0.0151595, 0.0)], [-0.0139432, 0.0346399, 0.999302, 0.0)], [0.0, 0.0, 0.0, 1.0)]])
0.0, 0.0, 0.0
float3(-0.0346468, -0.013952, -1.60593)
355164.774080416
limited(__ObjC.ARCamera.TrackingState.Reason.initializing)
simd_float4x4([[-0.0319251, -0.999034, 0.0302082, 0.0)], [0.999476, -0.0317484, 0.00631173, 0.0)], [-0.00534657, 0.0303939, 0.999524, 0.0)], [0.0, 0.0, 0.0, 1.0)]])
0.0, 0.0, 0.0
float3(-0.0303986, -0.00534907, -1.60256)
355164.990723708
normal
simd_float4x4([[-0.0196887, -0.99943, 0.0274135, 0.0)], [0.999796, -0.0198072, -0.00405825, 0.0)], [0.00459893, 0.027328, 0.999616, 0.0)], [-1.22224e-09, -9.29558e-09, -1.0621e-10, 1.0)]])
-1.22224e-09, -9.29558e-09, -1.0621e-10
float3(-0.0273314, 0.00460066, -1.59061)
355165.207367083
normal
simd_float4x4([[-0.0183012, -0.99929, 0.0329414, 0.0)], [0.999685, -0.0188539, -0.0165469, 0.0)], [0.0171562, 0.0326282, 0.99932, 0.0)], [0.000339321, 0.000898493, 0.00141025, 1.0)]])
0.000339321, 0.000898493, 0.00141025
float3(-0.032634, 0.0171662, -1.58966)
355165.45734025
normal
simd_float4x4([[-0.01843, -0.998694, 0.0476475, 0.0)], [0.999414, -0.0197756, -0.0279252, 0.0)], [0.028831, 0.0471049, 0.998474, 0.0)], [0.00149143, 0.00193312, 0.00293903, 1.0)]])
0.00149143, 0.00193312, 0.00293903
float3(-0.0471224, 0.028867, -1.5906)
355165.707313291
normal
simd_float4x4([[-0.0129902, -0.998166, 0.0591199, 0.0)], [0.999339, -0.0149668, -0.0331153, 0.0)], [0.0339395, 0.0586507, 0.997701, 0.0)], [0.00157678, 0.00393635, 0.00286928, 1.0)]])
0.00157678, 0.00393635, 0.00286928
float3(-0.0586843, 0.0340045, -1.58579)
355165.940621666
normal
simd_float4x4([[-0.010027, -0.998216, 0.0588605, 0.0)], [0.99924, -0.0122198, -0.0370134, 0.0)], [0.0376667, 0.0584446, 0.99758, 0.0)], [0.00390515, 0.00778358, 0.00464674, 1.0)]])
0.00390515, 0.00778358, 0.00464674
float3(-0.0584779, 0.0377401, -1.58304)
355166.17392975
normal
simd_float4x4([[-0.0100406, -0.998754, 0.0488832, 0.0)], [0.999007, -0.0121409, -0.0428614, 0.0)], [0.0434015, 0.0484043, 0.997884, 0.0)], [0.00544641, 0.00916049, 0.00712637, 1.0)]])
0.00544641, 0.00916049, 0.00712637
float3(-0.0484232, 0.0434661, -1.58295)
355166.407238166
normal
simd_float4x4([[-0.0134467, -0.999206, 0.0375061, 0.0)], [0.998954, -0.0150636, -0.0431685, 0.0)], [0.0436992, 0.0368864, 0.998364, 0.0)], [0.00772653, 0.0110001, 0.00854273, 1.0)]])
0.00772653, 0.0110001, 0.00854273
float3(-0.0368947, 0.0437429, -1.58587)
355166.623881458
normal
simd_float4x4([[-0.0123411, -0.999102, 0.040537, 0.0)], [0.998908, -0.0141451, -0.0445208, 0.0)], [0.0450542, 0.0399433, 0.998186, 0.0)], [0.00941706, 0.011448, 0.00954634, 1.0)]])
0.00941706, 0.011448, 0.00954634
float3(-0.0399539, 0.0451055, -1.58495)
355166.840524916
normal
simd_float4x4([[-0.0122105, -0.999145, 0.0394883, 0.0)], [0.997724, -0.0147932, -0.0657883, 0.0)], [0.0663162, 0.0385951, 0.997052, 0.0)], [0.00618345, 0.0129556, 0.00941597, 1.0)]])
0.00618345, 0.0129556, 0.00941597
float3(-0.0386047, 0.0664145, -1.5856)
355167.057168208
normal
simd_float4x4([[-0.0141669, -0.999213, 0.037061, 0.0)], [0.995616, -0.0175238, -0.091883, 0.0)], [0.0924601, 0.0355968, 0.99508, 0.0)], [0.0036002, 0.0150077, 0.00925176, 1.0)]])
0.0036002, 0.0150077, 0.00925176
float3(-0.0356043, 0.0926513, -1.58833)
355167.290476416
normal
simd_float4x4([[-0.0117987, -0.999262, 0.0365635, 0.0)], [0.994517, -0.0155269, -0.10342, 0.0)], [0.103912, 0.0351428, 0.993965, 0.0)], [0.00444368, 0.0152226, 0.00991808, 1.0)]])
0.00444368, 0.0152226, 0.00991808
float3(-0.0351501, 0.104164, -1.58633)
355167.507119791
normal
simd_float4x4([[-0.0147003, -0.999218, 0.0366936, 0.0)], [0.993644, -0.0186947, -0.111006, 0.0)], [0.111606, 0.0348286, 0.993142, 0.0)], [0.00393891, 0.0153635, 0.0112262, 1.0)]])
0.00393891, 0.0153635, 0.0112262
float3(-0.0348356, 0.111907, -1.5895)
355167.740427958
normal
simd_float4x4([[-0.0151761, -0.999207, 0.0368154, 0.0)], [0.994235, -0.0189886, -0.105525, 0.0)], [0.10614, 0.0350018, 0.993735, 0.0)], [0.00714385, 0.015131, 0.0105252, 1.0)]])
0.00714385, 0.015131, 0.0105252
float3(-0.0350089, 0.106406, -1.5898)
355167.973736333
normal
simd_float4x4([[-0.0145346, -0.999236, 0.0362875, 0.0)], [0.996387, -0.0175112, -0.0831072, 0.0)], [0.0836791, 0.0349484, 0.99588, 0.0)], [0.0153942, 0.0152757, 0.0127404, 1.0)]])
0.0153942, 0.0152757, 0.0127404
float3(-0.0349555, 0.0838284, -1.58832)
355168.190379791
normal
simd_float4x4([[-0.0125937, -0.999253, 0.0365351, 0.0)], [0.998271, -0.0146628, -0.0569297, 0.0)], [0.0574229, 0.035755, 0.99771, 0.0)], [0.0221389, 0.0144749, 0.0102802, 1.0)]])
0.0221389, 0.0144749, 0.0102802
float3(-0.0357626, 0.0574913, -1.58547)
355168.423687958
normal
simd_float4x4([[-0.00769597, -0.999276, 0.0372681, 0.0)], [0.999525, -0.00879902, -0.0295247, 0.0)], [0.0298312, 0.0370232, 0.998869, 0.0)], [0.0296718, 0.0136861, 0.00904053, 1.0)]])
0.0296718, 0.0136861, 0.00904053
float3(-0.0370317, 0.0298561, -1.5796)
355168.65699625
normal
simd_float4x4([[-0.00851645, -0.99917, 0.0398205, 0.0)], [0.999313, -0.00994022, -0.0356944, 0.0)], [0.0360606, 0.0394892, 0.998569, 0.0)], [0.0292202, 0.012615, 0.0103596, 1.0)]])
0.0292202, 0.012615, 0.0103596
float3(-0.0394994, 0.0360966, -1.58074)
355168.890304375
normal
simd_float4x4([[-0.0106505, -0.999074, 0.0416905, 0.0)], [0.998671, -0.01273, -0.0499351, 0.0)], [0.0504195, 0.0411033, 0.997882, 0.0)], [0.0264344, 0.0137092, 0.00714859, 1.0)]])
0.0264344, 0.0137092, 0.00714859
float3(-0.0411149, 0.0504836, -1.58354)
355169.106947666
normal
simd_float4x4([[-0.012132, -0.999067, 0.0414528, 0.0)], [0.998783, -0.01409, -0.0472735, 0.0)], [0.0478135, 0.0408288, 0.998021, 0.0)], [0.0219376, 0.0142332, 0.0107441, 1.0)]])
0.0219376, 0.0142332, 0.0107441
float3(-0.0408402, 0.0478717, -1.5849)
355169.390250583
normal
simd_float4x4([[-0.0112291, -0.999017, 0.0428793, 0.0)], [0.998958, -0.0131047, -0.0437133, 0.0)], [0.0442322, 0.0423438, 0.998123, 0.0)], [0.0176519, 0.013961, 0.0094192, 1.0)]])
0.0176519, 0.013961, 0.0094192
float3(-0.0423564, 0.0442864, -1.58391)
355169.623558875
normal
simd_float4x4([[-0.010647, -0.998816, 0.0474595, 0.0)], [0.998846, -0.0128466, -0.0462862, 0.0)], [0.0468411, 0.0469119, 0.9978, 0.0)], [0.0159077, 0.0132675, 0.00935634, 1.0)]])
0.0159077, 0.0132675, 0.00935634
float3(-0.0469291, 0.0469099, -1.58366)
355169.873532083
normal
simd_float4x4([[-0.00610939, -0.998941, 0.0456073, 0.0)], [0.999619, -0.00732882, -0.0266185, 0.0)], [0.0269245, 0.0454273, 0.998605, 0.0)], [-0.00283493, -0.0129336, 0.00215308, 1.0)]])
-0.00283493, -0.0129336, 0.00215308
float3(-0.0454429, 0.0269556, -1.57813)
355170.10684025
normal
simd_float4x4([[-0.00884184, -0.998765, 0.0489008, 0.0)], [0.999772, -0.00977989, -0.018977, 0.0)], [0.0194318, 0.0487219, 0.998623, 0.0)], [-0.00546812, -0.0132391, -0.00214454, 1.0)]])
-0.00546812, -0.0132391, -0.00214454
float3(-0.0487412, 0.0194561, -1.58059)
355170.323483583
normal
simd_float4x4([[-0.0116398, -0.997195, 0.0739382, 0.0)], [0.998894, -0.00822756, 0.0462879, 0.0)], [-0.0455498, 0.0743952, 0.996188, 0.0)], [-0.00363217, -0.0209634, -0.0125065, 1.0)]])
-0.00363217, -0.0209634, -0.0125065
float3(-0.074464, -0.0456923, -1.57905)
355170.540127083
normal
simd_float4x4([[-0.025749, -0.996593, 0.0783515, 0.0)], [0.979642, -0.00954579, 0.200526, 0.0)], [-0.199095, 0.0819197, 0.97655, 0.0)], [0.028836, -0.034003, -0.0120684, 1.0)]])
0.028836, -0.034003, -0.0120684
float3(-0.0820116, -0.20112, -1.58037)
355170.773435458
normal
simd_float4x4([[-0.0354413, -0.996968, 0.0692739, 0.0)], [0.898238, -0.00139257, 0.439507, 0.0)], [-0.438078, 0.0778011, 0.895564, 0.0)], [0.0994896, -0.0349091, 0.00687723, 1.0)]])
0.0994896, -0.0349091, 0.00687723
float3(-0.0778798, -0.454942, -1.57219)
355170.990078625
normal
simd_float4x4([[-0.0312954, -0.998605, 0.0425379, 0.0)], [0.763205, 0.00360593, 0.646146, 0.0)], [-0.645398, 0.0526866, 0.762027, 0.0)], [0.172042, -0.0291656, 0.0499162, 1.0)]])
0.172042, -0.0291656, 0.0499162
float3(-0.052711, -0.70272, -1.56719)
355171.206722041
normal
simd_float4x4([[0.000718834, -0.999566, 0.0294339, 0.0)], [0.586897, 0.0242532, 0.809299, 0.0)], [-0.809662, 0.0166929, 0.58666, 0.0)], [0.226127, -0.0224551, 0.115969, 1.0)]])
0.226127, -0.0224551, 0.115969
float3(-0.0166937, -0.943767, -1.54654)
355171.440030291
normal
simd_float4x4([[0.0192899, -0.999461, 0.0265617, 0.0)], [0.311004, 0.0312469, 0.949895, 0.0)], [-0.950213, -0.0100625, 0.311439, 0.0)], [0.256658, -0.0126176, 0.197496, 1.0)]])
0.256658, -0.0126176, 0.197496
float3(0.0100627, -1.25407, -1.53954)
355171.673338416
normal
simd_float4x4([[-0.00310287, -0.999815, 0.0189917, 0.0)], [0.0121536, 0.0189527, 0.999747, 0.0)], [-0.999921, 0.0033329, 0.0120925, 0.0)], [0.265066, -0.0143975, 0.246053, 1.0)]])
0.265066, -0.0143975, 0.246053
float3(-0.00333291, -1.5587, -1.55184)
355171.873350666
normal
simd_float4x4([[-0.0240067, -0.999631, 0.0127097, 0.0)], [-0.231705, 0.0179308, 0.972621, 0.0)], [-0.97249, 0.0204045, -0.23205, 0.0)], [0.261888, -0.0212798, 0.254802, 1.0)]])
0.261888, -0.0212798, 0.254802
float3(-0.020406, -1.80503, -1.55286)
355172.073463458
normal
simd_float4x4([[-0.0227923, -0.999699, -0.00908039, 0.0)], [-0.48227, 0.00303837, 0.876017, 0.0)], [-0.875726, 0.0243457, -0.482194, 0.0)], [0.251534, -0.0301397, 0.258923, 1.0)]])
0.251534, -0.0301397, 0.258923
float3(-0.0243481, -2.07412, -1.56776)
355172.273576333
normal
simd_float4x4([[0.00180216, -0.99926, -0.0384243, 0.0)], [-0.68707, -0.0291561, 0.726006, 0.0)], [-0.726589, 0.0250918, -0.686614, 0.0)], [0.223904, -0.0512514, 0.262608, 1.0)]])
0.223904, -0.0512514, 0.262608
float3(-0.0250945, -2.32792, -1.59997)
355172.473689041
normal
simd_float4x4([[0.0122635, -0.998322, -0.0565932, 0.0)], [-0.837608, -0.0411684, 0.544718, 0.0)], [-0.546134, 0.0407228, -0.836708, 0.0)], [0.175725, -0.0656139, 0.27175, 1.0)]])
0.175725, -0.0656139, 0.27175
float3(-0.040734, -2.56331, -1.61201)
355172.67380175
normal
simd_float4x4([[0.00746248, -0.998014, -0.0625519, 0.0)], [-0.939835, -0.0283655, 0.340448, 0.0)], [-0.341546, 0.0562479, -0.93818, 0.0)], [0.142586, -0.0731606, 0.314684, 1.0)]])
0.142586, -0.0731606, 0.314684
float3(-0.0562776, -2.79246, -1.59921)
355172.890590666
normal
simd_float4x4([[-0.00664122, -0.99884, -0.047689, 0.0)], [-0.969162, -0.00531876, 0.246367, 0.0)], [-0.246335, 0.0478546, -0.968003, 0.0)], [0.130843, -0.070499, 0.400441, 1.0)]])
0.130843, -0.070499, 0.400441
float3(-0.0478729, -2.8924, -1.57612)
355173.0907035
normal
simd_float4x4([[0.000498518, -0.998237, -0.0593535, 0.0)], [-0.973143, -0.0141476, 0.229768, 0.0)], [-0.230202, 0.0576449, -0.971434, 0.0)], [0.167796, -0.0698068, 0.561791, 1.0)]])
0.167796, -0.0698068, 0.561791
float3(-0.0576769, -2.90891, -1.58497)
355173.290816291
normal
simd_float4x4([[-0.0351737, -0.996358, -0.0776799, 0.0)], [-0.97997, 0.0191409, 0.198224, 0.0)], [-0.196015, 0.0830963, -0.977074, 0.0)], [0.257312, -0.064628, 0.755369, 1.0)]])
0.257312, -0.064628, 0.755369
float3(-0.0831922, -2.94361, -1.55159)
355173.507605166
normal
simd_float4x4([[-0.0310435, -0.997812, -0.0583784, 0.0)], [-0.985, 0.0206219, 0.171316, 0.0)], [-0.169737, 0.062821, -0.983485, 0.0)], [0.317072, -0.081159, 0.955286, 1.0)]])
0.317072, -0.081159, 0.955286
float3(-0.0628624, -2.97069, -1.55013)
355173.707717875
normal
simd_float4x4([[0.0234886, -0.999146, -0.0340066, 0.0)], [-0.993955, -0.0269887, 0.106421, 0.0)], [-0.107248, 0.0313014, -0.993739, 0.0)], [0.350301, -0.0746033, 1.16532, 1.0)]])
0.350301, -0.0746033, 1.16532
float3(-0.0313065, -3.03409, -1.5978)
355173.924506791
normal
simd_float4x4([[0.0284449, -0.99658, -0.0775892, 0.0)], [-0.998593, -0.0318052, 0.0424221, 0.0)], [-0.0447447, 0.0762734, -0.996082, 0.0)], [0.354954, -0.0598213, 1.39028, 1.0)]])
0.354954, -0.0598213, 1.39028
float3(-0.0763476, -3.0967, -1.6027)
355174.124619666
normal
simd_float4x4([[0.00924905, -0.996694, -0.0807217, 0.0)], [-0.999941, -0.0096845, 0.00500468, 0.0)], [-0.00576989, 0.0806706, -0.996724, 0.0)], [0.357834, -0.106475, 1.64358, 1.0)]])
0.357834, -0.106475, 1.64358
float3(-0.0807583, -3.1358, -1.58051)
355174.341408458
normal
simd_float4x4([[-0.00348244, -0.999937, -0.0106966, 0.0)], [-0.999292, 0.00307902, 0.0375019, 0.0)], [-0.0374666, 0.0108196, -0.999239, 0.0)], [0.36958, -0.0467102, 1.90018, 1.0)]])
0.36958, -0.0467102, 1.90018
float3(-0.0108198, -3.10412, -1.56772)
355174.541521291
normal
simd_float4x4([[-0.0287235, -0.998623, -0.0438886, 0.0)], [-0.9968, 0.0253388, 0.0758194, 0.0)], [-0.0746029, 0.0459259, -0.996155, 0.0)], [0.408998, -0.0775947, 2.1575, 1.0)]])
0.408998, -0.0775947, 2.1575
float3(-0.0459421, -3.06684, -1.54543)
355174.758310208
normal
simd_float4x4([[-0.0437699, -0.994534, -0.0947931, 0.0)], [-0.998476, 0.0403549, 0.0376496, 0.0)], [-0.0336185, 0.0962965, -0.994785, 0.0)], [0.429844, -0.131321, 2.46156, 1.0)]])
0.429844, -0.131321, 2.46156
float3(-0.096446, -3.10781, -1.53024)
355174.975099125
normal
simd_float4x4([[0.0135523, -0.997849, -0.0641383, 0.0)], [-0.999846, -0.0128051, -0.0120457, 0.0)], [0.0111984, 0.0642916, -0.997868, 0.0)], [0.422648, -0.0530363, 2.73803, 1.0)]])
0.422648, -0.0530363, 2.73803
float3(-0.064336, 3.13037, -1.58363)
355175.175211916
normal
simd_float4x4([[0.0160339, -0.999275, -0.0345283, 0.0)], [-0.999704, -0.0166544, 0.0177573, 0.0)], [-0.0183195, 0.0342334, -0.999246, 0.0)], [0.41381, -0.157543, 3.00293, 1.0)]])
0.41381, -0.157543, 3.00293
float3(-0.03424, -3.12326, -1.58746)
355175.392000833
normal
simd_float4x4([[-0.0880642, -0.993659, -0.0699038, 0.0)], [-0.996077, 0.0872295, 0.0149094, 0.0)], [-0.00871722, 0.0709426, -0.997442, 0.0)], [0.425465, -0.134674, 3.29886, 1.0)]])
0.425465, -0.134674, 3.29886
float3(-0.0710022, -3.13285, -1.48323)
355175.592113708
normal
simd_float4x4([[-0.0500024, -0.998596, 0.0174894, 0.0)], [-0.996182, 0.0511208, 0.070761, 0.0)], [-0.0715557, -0.0138844, -0.99734, 0.0)], [0.452136, -0.0745003, 3.55041, 1.0)]])
0.452136, -0.0745003, 3.55041
float3(0.0138849, -3.06997, -1.51965)
355175.808902541
normal
simd_float4x4([[-0.0341399, -0.99351, -0.108496, 0.0)], [-0.998233, 0.0286142, 0.052085, 0.0)], [-0.0486425, 0.110083, -0.992731, 0.0)], [0.473445, -0.206004, 3.86882, 1.0)]])
0.473445, -0.206004, 3.86882
float3(-0.110306, -3.09263, -1.542)
355176.009015416
normal
simd_float4x4([[-0.0460202, -0.994775, -0.0911278, 0.0)], [-0.998935, 0.0461194, 0.00101845, 0.0)], [0.00318963, 0.0910777, -0.995839, 0.0)], [0.47084, -0.139321, 4.13085, 1.0)]])
0.47084, -0.139321, 4.13085
float3(-0.0912041, 3.13839, -1.52447)
355176.242480333
normal
simd_float4x4([[-0.0264869, -0.998515, 0.0476127, 0.0)], [-0.999624, 0.0261172, -0.00836889, 0.0)], [0.00711294, -0.0478165, -0.998831, 0.0)], [0.455016, -0.116159, 4.43938, 1.0)]])
0.455016, -0.116159, 4.43938
float3(0.0478347, 3.13447, -1.54465)
355176.459269083
normal
simd_float4x4([[-0.0571032, -0.987922, -0.144047, 0.0)], [-0.994571, 0.0437192, 0.0944284, 0.0)], [-0.0869903, 0.148657, -0.985055, 0.0)], [0.46793, -0.198537, 4.76839, 1.0)]])
0.46793, -0.198537, 4.76839
float3(-0.14921, -3.05351, -1.52657)
355176.659382083
normal
simd_float4x4([[-0.0320383, -0.999374, 0.0150116, 0.0)], [-0.994497, 0.0333736, 0.099307, 0.0)], [-0.0997459, -0.0117474, -0.994944, 0.0)], [0.495415, -0.0978876, 4.99436, 1.0)]])
0.495415, -0.0978876, 4.99436
float3(0.0117476, -3.04167, -1.53741)
355176.876170708
normal
simd_float4x4([[-0.0611372, -0.998012, -0.0152728, 0.0)], [-0.997777, 0.0607021, 0.027486, 0.0)], [-0.0265043, 0.0169193, -0.999506, 0.0)], [0.529254, -0.179016, 5.28595, 1.0)]])
0.529254, -0.179016, 5.28595
float3(-0.0169201, -3.11508, -1.51005)
355177.076283541
normal
simd_float4x4([[-0.0518166, -0.985931, -0.15892, 0.0)], [-0.998618, 0.0525475, -0.000397659, 0.0)], [0.00874291, 0.15868, -0.987291, 0.0)], [0.526543, -0.171702, 5.55738, 1.0)]])
0.526543, -0.171702, 5.55738
float3(-0.159353, 3.13274, -1.51755)
355177.293072583
normal
simd_float4x4([[-0.00111131, -0.998788, -0.0492066, 0.0)], [-0.999985, 0.000846286, 0.00540649, 0.0)], [-0.0053583, 0.0492119, -0.998774, 0.0)], [0.521686, -0.129172, 5.82349, 1.0)]])
0.521686, -0.129172, 5.82349
float3(-0.0492317, -3.13623, -1.56995)
355177.49318525
normal
simd_float4x4([[-0.0857398, -0.981087, -0.173541, 0.0)], [-0.995518, 0.0773854, 0.0543603, 0.0)], [-0.0399026, 0.177424, -0.983325, 0.0)], [0.545673, -0.21582, 6.09888, 1.0)]])
0.545673, -0.21582, 6.09888
float3(-0.178369, -3.10104, -1.49208)
355177.693298083
normal
simd_float4x4([[-0.046535, -0.995484, -0.0827422, 0.0)], [-0.998485, 0.0439204, 0.0331446, 0.0)], [-0.0293609, 0.0841592, -0.99602, 0.0)], [0.572453, -0.0946234, 6.33124, 1.0)]])
0.572453, -0.0946234, 6.33124
float3(-0.0842589, -3.11212, -1.52671)
355177.893411208
normal
simd_float4x4([[-0.0302738, -0.999232, 0.0248952, 0.0)], [-0.999455, 0.03059, 0.0124181, 0.0)], [-0.0131701, -0.0245057, -0.999613, 0.0)], [0.598234, -0.127159, 6.5812, 1.0)]])
0.598234, -0.127159, 6.5812
float3(0.0245081, -3.12842, -1.54019)
355178.093523833
normal
simd_float4x4([[-0.0659186, -0.979941, -0.188072, 0.0)], [-0.997825, 0.0647967, 0.0121138, 0.0)], [0.000315641, 0.188462, -0.982081, 0.0)], [0.609494, -0.170914, 6.87213, 1.0)]])
0.609494, -0.170914, 6.87213
float3(-0.189595, 3.14127, -1.50477)
355178.310312791
normal
simd_float4x4([[-0.0312663, -0.996088, -0.0826461, 0.0)], [-0.999505, 0.0314399, -0.000799738, 0.0)], [0.003395, 0.0825803, -0.996579, 0.0)], [0.595414, -0.0921771, 7.13963, 1.0)]])
0.595414, -0.0921771, 7.13963
float3(-0.0826744, 3.13819, -1.53924)
355178.5271015
normal
simd_float4x4([[-0.0884991, -0.983162, -0.159878, 0.0)], [-0.995566, 0.0821685, 0.0457957, 0.0)], [-0.0318876, 0.163222, -0.986074, 0.0)], [0.609203, -0.208981, 7.42544, 1.0)]])
0.609203, -0.208981, 7.42544
float3(-0.163956, -3.10927, -1.48741)
355178.727214416
normal
simd_float4x4([[-0.026773, -0.988284, -0.150261, 0.0)], [-0.99546, 0.0126237, 0.0943397, 0.0)], [-0.0913376, 0.152105, -0.984135, 0.0)], [0.63575, -0.121431, 7.65754, 1.0)]])
0.63575, -0.121431, 7.65754
float3(-0.152698, -3.04905, -1.55802)
355178.927327416
normal
simd_float4x4([[-0.0343409, -0.996745, -0.0729339, 0.0)], [-0.991253, 0.0246652, 0.129647, 0.0)], [-0.127426, 0.0767482, -0.988874, 0.0)], [0.688171, -0.158531, 7.89653, 1.0)]])
0.688171, -0.158531, 7.89653
float3(-0.0768237, -3.01344, -1.54606)
355179.144116083
normal
simd_float4x4([[-0.0502815, -0.978474, -0.200149, 0.0)], [-0.995549, 0.0331091, 0.0882405, 0.0)], [-0.0797143, 0.203695, -0.975784, 0.0)], [0.712133, -0.209244, 8.16943, 1.0)]])
0.712133, -0.209244, 8.16943
float3(-0.205131, -3.06008, -1.53697)
355179.360904958
normal
simd_float4x4([[-0.00739507, -0.999004, 0.0440088, 0.0)], [-0.998071, 0.0100865, 0.0612517, 0.0)], [-0.0616346, -0.0434709, -0.997152, 0.0)], [0.716629, -0.0831694, 8.40083, 1.0)]])
0.716629, -0.0831694, 8.40083
float3(0.0434846, -3.07986, -1.5607)
355179.577693833
normal
simd_float4x4([[-0.00429514, -0.993928, -0.10995, 0.0)], [-0.993847, -0.00792667, 0.11048, 0.0)], [-0.110681, 0.109747, -0.987778, 0.0)], [0.745258, -0.242247, 8.67709, 1.0)]])
0.745258, -0.242247, 8.67709
float3(-0.109969, -3.03001, -1.57877)
355179.777806625
normal
simd_float4x4([[-0.0403326, -0.995692, -0.0834863, 0.0)], [-0.9802, 0.0232169, 0.196644, 0.0)], [-0.193859, 0.0897645, -0.976914, 0.0)], [0.823602, -0.142858, 8.9041, 1.0)]])
0.823602, -0.142858, 8.9041
float3(-0.0898855, -2.9457, -1.54748)
355179.977919333
normal
simd_float4x4([[-0.046225, -0.997214, 0.0585489, 0.0)], [-0.973522, 0.0581072, 0.221084, 0.0)], [-0.22387, -0.046779, -0.973496, 0.0)], [0.904108, -0.133019, 9.11089, 1.0)]])
0.904108, -0.133019, 9.11089
float3(0.0467961, -2.91556, -1.51259)
355180.178032166
normal
simd_float4x4([[-0.0282878, -0.992939, -0.115206, 0.0)], [-0.983603, 0.00711355, 0.180204, 0.0)], [-0.178112, 0.118415, -0.976859, 0.0)], [0.933193, -0.190786, 9.33645, 1.0)]])
0.933193, -0.190786, 9.33645
float3(-0.118694, -2.96124, -1.56363)
355180.394821166
normal
simd_float4x4([[-0.00590641, -0.99961, -0.0272988, 0.0)], [-0.983062, 0.000803641, 0.18327, 0.0)], [-0.183176, 0.0279189, -0.982683, 0.0)], [0.951776, -0.114451, 9.53615, 1.0)]])
0.951776, -0.114451, 9.53615
float3(-0.0279225, -2.9573, -1.56999)
355180.594934
normal
simd_float4x4([[0.0692213, -0.996747, 0.0412653, 0.0)], [-0.95133, -0.0535026, 0.303493, 0.0)], [-0.300298, -0.0602651, -0.95194, 0.0)], [0.971325, -0.186849, 9.69747, 1.0)]])
0.971325, -0.186849, 9.69747
float3(0.0603016, -2.83601, -1.62442)
355180.795046708
normal
simd_float4x4([[-0.0310454, -0.998996, -0.0322973, 0.0)], [-0.960049, 0.0208132, 0.279058, 0.0)], [-0.278105, 0.0396705, -0.959731, 0.0)], [1.02009, -0.128503, 9.81753, 1.0)]])
1.02009, -0.128503, 9.81753
float3(-0.0396809, -2.85954, -1.54997)
355180.995159541
normal
simd_float4x4([[-0.0180692, -0.999317, -0.0322201, 0.0)], [-0.976364, 0.0106942, 0.215865, 0.0)], [-0.215373, 0.0353591, -0.975891, 0.0)], [1.05781, -0.120396, 9.89832, 1.0)]])
1.05781, -0.120396, 9.89832
float3(-0.0353665, -2.92438, -1.5601)
355181.195272541
normal
simd_float4x4([[-0.0462791, -0.993349, -0.105432, 0.0)], [-0.992551, 0.0338191, 0.117044, 0.0)], [-0.1127, 0.110063, -0.987514, 0.0)], [1.09524, -0.150816, 9.96686, 1.0)]])
1.09524, -0.150816, 9.96686
float3(-0.110287, -3.02796, -1.53676)
355181.395385291
normal
simd_float4x4([[-0.0342741, -0.99798, -0.0534908, 0.0)], [-0.994318, 0.0286532, 0.102523, 0.0)], [-0.100783, 0.0567007, -0.993291, 0.0)], [1.10889, -0.113252, 9.98033, 1.0)]])
1.10889, -0.113252, 9.98033
float3(-0.0567312, -3.04047, -1.54209)
355181.595498125
normal
simd_float4x4([[-0.0128688, -0.999372, -0.0330221, 0.0)], [-0.991957, 0.00860049, 0.126286, 0.0)], [-0.125923, 0.0343817, -0.991444, 0.0)], [1.09954, -0.122805, 9.97374, 1.0)]])
1.09954, -0.122805, 9.97374
float3(-0.0343884, -3.01526, -1.56219)
355181.795610833
normal
simd_float4x4([[-0.0174564, -0.999716, -0.0162061, 0.0)], [-0.992777, 0.0154064, 0.118983, 0.0)], [-0.118699, 0.018166, -0.992764, 0.0)], [1.0972, -0.112162, 9.96342, 1.0)]])
1.0972, -0.112162, 9.96342
float3(-0.018167, -3.02259, -1.55539)
355182.012399708
normal
simd_float4x4([[-0.0288111, -0.999509, -0.0122957, 0.0)], [-0.993443, 0.0272704, 0.111032, 0.0)], [-0.110642, 0.015414, -0.993741, 0.0)], [1.10331, -0.110357, 9.9609, 1.0)]])
1.10331, -0.110357, 9.9609
float3(-0.0154146, -3.03071, -1.54352)
355182.212512625
normal
simd_float4x4([[-0.0211459, -0.99965, -0.0158821, 0.0)], [-0.995496, 0.0195844, 0.0927549, 0.0)], [-0.0924114, 0.0177719, -0.995562, 0.0)], [1.10274, -0.110336, 9.96394, 1.0)]])
1.10274, -0.110336, 9.96394
float3(-0.0177728, -3.04903, -1.55121)
355182.412625291
normal
simd_float4x4([[-0.0142429, -0.999582, -0.0251434, 0.0)], [-0.996281, 0.0120498, 0.0853138, 0.0)], [-0.0849752, 0.026265, -0.996037, 0.0)], [1.10384, -0.112883, 9.96649, 1.0)]])
1.10384, -0.112883, 9.96649
float3(-0.026268, -3.05649, -1.55874)
355182.612738083
normal
simd_float4x4([[-0.00300989, -0.999623, -0.0272865, 0.0)], [-0.996473, 0.000709843, 0.0839131, 0.0)], [-0.0838621, 0.0274429, -0.996099, 0.0)], [1.10514, -0.11456, 9.96781, 1.0)]])
1.10514, -0.11456, 9.96781
float3(-0.0274463, -3.0576, -1.57009)
355182.812850916
normal
simd_float4x4([[0.0026485, -0.999314, -0.0369509, 0.0)], [-0.995981, -0.00594396, 0.0893625, 0.0)], [-0.0895208, 0.0365657, -0.995314, 0.0)], [1.1089, -0.117429, 9.96945, 1.0)]])
1.1089, -0.117429, 9.96945
float3(-0.0365739, -3.05189, -1.57674)
355183.012963708
normal
simd_float4x4([[-0.00437559, -0.997378, -0.0722353, 0.0)], [-0.994419, -0.00327481, 0.105452, 0.0)], [-0.105413, 0.0722936, -0.991797, 0.0)], [1.11225, -0.124558, 9.97371, 1.0)]])
1.11225, -0.124558, 9.97371
float3(-0.0723567, -3.03571, -1.57408)
