ARKit Data
355234.591314125
normal
simd_float4x4([[-0.0180387, -0.998939, 0.0423711, 0.0)], [0.998784, -0.0160588, 0.0466132, 0.0)], [-0.0458833, 0.0431604, 0.998014, 0.0)], [-1.62772, -0.0623296, -2.05915, 1.0)]])
-1.62772, -0.0623296, -2.05915
float3(-0.0431738, -0.0459422, -1.58687)
355234.807957458
normal
simd_float4x4([[-0.0197135, -0.998643, 0.0482105, 0.0)], [0.998971, -0.0177045, 0.0417507, 0.0)], [-0.0408404, 0.0489839, 0.997964, 0.0)], [-1.62791, -0.0624602, -2.05984, 1.0)]])
-1.62791, -0.0624602, -2.05984
float3(-0.0490035, -0.0409009, -1.58852)
355235.0412655
normal
simd_float4x4([[-0.0212732, -0.999009, 0.039095, 0.0)], [0.99896, -0.019662, 0.0411451, 0.0)], [-0.0403356, 0.0399296, 0.998388, 0.0)], [-1.62764, -0.0618271, -2.05683, 1.0)]])
-1.62764, -0.0618271, -2.05683
float3(-0.0399402, -0.0403788, -1.59048)
355235.640867208
notAvailable
simd_float4x4([[-0.00145261, 0.0, 0.999999, 0.0)], [0.0, 1.0, 0.0, 0.0)], [-0.999999, 0.0, -0.00145261, 0.0)], [-0.0182749, -0.0815784, -0.0107535, 1.0)]])
-0.0182749, -0.0815784, -0.0107535
float3(-0.0, -1.57225, 0.0)
355235.857510625
limited(__ObjC.ARCamera.TrackingState.Reason.initializing)
simd_float4x4([[-0.0165206, -0.998326, 0.0554231, 0.0)], [0.999863, -0.0165444, 2.9157e-05, 0.0)], [0.00088783, 0.055416, 0.998463, 0.0)], [0.0, 0.0, 0.0, 1.0)]])
0.0, 0.0, 0.0
float3(-0.0554444, 0.000889197, -1.58737)
355236.074154
limited(__ObjC.ARCamera.TrackingState.Reason.initializing)
simd_float4x4([[-0.0130655, -0.998428, 0.0545021, 0.0)], [0.99991, -0.013206, -0.00221795, 0.0)], [0.00293422, 0.0544683, 0.998511, 0.0)], [0.0, 0.0, 0.0, 1.0)]])
0.0, 0.0, 0.0
float3(-0.0544952, 0.00293858, -1.58402)
355236.290797333
limited(__ObjC.ARCamera.TrackingState.Reason.initializing)
simd_float4x4([[-0.0129912, -0.998512, 0.0529559, 0.0)], [0.999915, -0.012947, 0.00117804, 0.0)], [-0.000490677, 0.0529667, 0.998596, 0.0)], [0.0, 0.0, 0.0, 1.0)]])
0.0, 0.0, 0.0
float3(-0.0529915, -0.000491367, -1.58376)
355236.507440583
normal
simd_float4x4([[-0.00610764, -0.99893, 0.0458504, 0.0)], [0.999959, -0.00579351, 0.00698081, 0.0)], [-0.0067077, 0.0458911, 0.998924, 0.0)], [0.000117623, 0.000339508, 0.000209889, 1.0)]])
0.000117623, 0.000339508, 0.000209889
float3(-0.0459072, -0.00671483, -1.5766)
355236.724083833
normal
simd_float4x4([[-0.00215715, -0.999826, 0.0185321, 0.0)], [0.99992, -0.00192576, 0.0124947, 0.0)], [-0.0124568, 0.0185576, 0.99975, 0.0)], [-0.000706082, 0.00822199, 0.0087622, 1.0)]])
-0.000706082, 0.00822199, 0.0087622
float3(-0.0185587, -0.0124593, -1.57272)
355236.940727166
normal
simd_float4x4([[-0.00621796, -0.999896, 0.0130346, 0.0)], [0.999929, -0.00608408, 0.0102856, 0.0)], [-0.0102053, 0.0130976, 0.999862, 0.0)], [-0.00397621, 0.00890587, 0.00855519, 1.0)]])
-0.00397621, 0.00890587, 0.00855519
float3(-0.013098, -0.0102063, -1.57688)
355237.174035375
normal
simd_float4x4([[-0.00540686, -0.999549, 0.0295312, 0.0)], [0.999936, -0.00511115, 0.0100801, 0.0)], [-0.00992462, 0.0295838, 0.999513, 0.0)], [-0.00287281, 0.00653936, 0.00771463, 1.0)]])
-0.00287281, 0.00653936, 0.00771463
float3(-0.0295881, -0.00992913, -1.57591)
355237.390678833
normal
simd_float4x4([[-0.00513951, -0.99851, 0.0543306, 0.0)], [0.999942, -0.00461591, 0.00975825, 0.0)], [-0.00949293, 0.0543776, 0.998475, 0.0)], [-0.00294, 0.00246572, 0.00149804, 1.0)]])
-0.00294, 0.00246572, 0.00149804
float3(-0.0544044, -0.00950714, -1.57542)
355237.623986958
normal
simd_float4x4([[-0.00341788, -0.998057, 0.0622217, 0.0)], [0.999933, -0.00272241, 0.0112585, 0.0)], [-0.0110672, 0.062256, 0.997999, 0.0)], [-0.00453974, 0.00105373, 0.000535929, 1.0)]])
-0.00453974, 0.00105373, 0.000535929
float3(-0.0622963, -0.011089, -1.57352)
355237.840630375
normal
simd_float4x4([[-0.00078047, -0.998223, 0.0595805, 0.0)], [0.999946, -0.000163128, 0.0103656, 0.0)], [-0.0103375, 0.0595854, 0.99817, 0.0)], [-0.00768991, 0.000846609, -0.000393974, 1.0)]])
-0.00768991, 0.000846609, -0.000393974
float3(-0.0596207, -0.0103561, -1.57096)
355238.057273708
normal
simd_float4x4([[-0.00387496, -0.998481, 0.0549543, 0.0)], [0.999765, -0.00269593, 0.0215125, 0.0)], [-0.0213317, 0.0550248, 0.998257, 0.0)], [-0.00967364, 0.00266794, -0.00361257, 1.0)]])
-0.00967364, 0.00266794, -0.00361257
float3(-0.0550526, -0.0213657, -1.5735)
355238.273916958
normal
simd_float4x4([[-0.00914832, -0.997971, 0.0630111, 0.0)], [0.993564, -0.00195719, 0.113253, 0.0)], [-0.1129, 0.0636417, 0.991566, 0.0)], [-0.00293325, 0.0010826, -0.0229444, 1.0)]])
-0.00293325, 0.0010826, -0.0229444
float3(-0.0636847, -0.113372, -1.57276)
355238.490560333
normal
simd_float4x4([[-0.0119422, -0.99695, 0.0771203, 0.0)], [0.951576, 0.0123625, 0.307165, 0.0)], [-0.307181, 0.0770541, 0.948526, 0.0)], [0.0325207, -0.0152059, -0.0447853, 1.0)]])
0.0325207, -0.0152059, -0.0447853
float3(-0.0771305, -0.313192, -1.5584)
355238.723868416
normal
simd_float4x4([[-0.0145741, -0.998104, 0.0597998, 0.0)], [0.855595, 0.0185008, 0.517315, 0.0)], [-0.51744, 0.0587039, 0.853703, 0.0)], [0.10503, -0.0214582, -0.0302753, 1.0)]])
0.10503, -0.0214582, -0.0302753
float3(-0.0587376, -0.544902, -1.55226)
355238.940511833
normal
simd_float4x4([[0.00755595, -0.999849, 0.0156272, 0.0)], [0.747024, 0.0160328, 0.664604, 0.0)], [-0.664755, 0.00665217, 0.747032, 0.0)], [0.166447, -0.0128699, 0.00916042, 1.0)]])
0.166447, -0.0128699, 0.00916042
float3(-0.00665222, -0.727185, -1.55476)
355239.157155208
normal
simd_float4x4([[0.0575362, -0.998241, 0.0143325, 0.0)], [0.607552, 0.0464025, 0.792923, 0.0)], [-0.792193, -0.036914, 0.609153, 0.0)], [0.216537, -0.00254466, 0.0490521, 1.0)]])
0.216537, -0.00254466, 0.0490521
float3(0.0369224, -0.91528, -1.52435)
355239.373798541
normal
simd_float4x4([[0.0781185, -0.996222, 0.0379397, 0.0)], [0.379027, 0.0648766, 0.923109, 0.0)], [-0.922082, -0.0577317, 0.382663, 0.0)], [0.253411, 0.00379692, 0.0858553, 1.0)]])
0.253411, 0.00379692, 0.0858553
float3(0.0577638, -1.17743, -1.50577)
355239.590441875
normal
simd_float4x4([[0.0476674, -0.996808, 0.0640493, 0.0)], [0.135382, 0.0699779, 0.988319, 0.0)], [-0.989646, -0.0384395, 0.138285, 0.0)], [0.282012, 0.00706178, 0.105539, 1.0)]])
0.282012, 0.00706178, 0.105539
float3(0.038449, -1.43196, -1.50071)
355239.823750083
normal
simd_float4x4([[0.0193746, -0.997683, 0.0652172, 0.0)], [-0.175408, 0.0608259, 0.982615, 0.0)], [-0.984305, -0.0304774, -0.173823, 0.0)], [0.293992, 0.00174096, 0.106233, 1.0)]])
0.293992, 0.00174096, 0.106233
float3(0.0304821, -1.74559, -1.5099)
355240.040426916
normal
simd_float4x4([[0.0269596, -0.999155, 0.0310267, 0.0)], [-0.478314, 0.0143607, 0.878071, 0.0)], [-0.877775, -0.0385129, -0.477523, 0.0)], [0.255607, -0.0089794, 0.105455, 1.0)]])
0.255607, -0.0089794, 0.105455
float3(0.0385225, -2.06903, -1.55642)
355240.240539666
normal
simd_float4x4([[0.00253957, -0.998835, 0.0481915, 0.0)], [-0.722226, 0.0315, 0.69094, 0.0)], [-0.691653, -0.0365598, -0.721304, 0.0)], [0.184206, -0.0137497, 0.128292, 1.0)]])
0.184206, -0.0137497, 0.128292
float3(0.036568, -2.37718, -1.53927)
355240.4406525
normal
simd_float4x4([[-0.0160634, -0.998948, 0.0429609, 0.0)], [-0.868639, 0.0352213, 0.494191, 0.0)], [-0.495184, -0.0293791, -0.868291, 0.0)], [0.0998633, -0.0277329, 0.163096, 1.0)]])
0.0998633, -0.0277329, 0.163096
float3(0.0293834, -2.6233, -1.53555)
355240.657441291
normal
simd_float4x4([[-0.0174138, -0.999803, -0.00953691, 0.0)], [-0.940682, 0.0131501, 0.339035, 0.0)], [-0.338843, 0.0148751, -0.940725, 0.0)], [0.0185721, -0.0639876, 0.275079, 1.0)]])
0.0185721, -0.0639876, 0.275079
float3(-0.0148756, -2.79587, -1.55764)
355240.874230041
limited(__ObjC.ARCamera.TrackingState.Reason.insufficientFeatures)
simd_float4x4([[-0.00450192, -0.999632, -0.026733, 0.0)], [-0.955373, -0.00359671, 0.29538, 0.0)], [-0.295368, 0.0268698, -0.955006, 0.0)], [-0.045931, -0.0829705, 0.416024, 1.0)]])
-0.045931, -0.0829705, 0.416024
float3(-0.026873, -2.84164, -1.57439)
355241.074342791
limited(__ObjC.ARCamera.TrackingState.Reason.insufficientFeatures)
simd_float4x4([[-0.0826347, -0.993149, -0.082625, 0.0)], [-0.935035, 0.0485805, 0.351211, 0.0)], [-0.34479, 0.106279, -0.932644, 0.0)], [-0.0501595, -0.0864673, 0.540058, 1.0)]])
-0.0501595, -0.0864673, 0.540058
float3(-0.106481, -2.78748, -1.52192)
355241.29113175
limited(__ObjC.ARCamera.TrackingState.Reason.insufficientFeatures)
simd_float4x4([[-0.0636771, -0.995678, -0.0676073, 0.0)], [-0.910887, 0.0303104, 0.411541, 0.0)], [-0.407713, 0.0877883, -0.90888, 0.0)], [-0.0254457, -0.0847621, 0.671123, 1.0)]])
-0.0254457, -0.0847621, 0.671123
float3(-0.0879015, -2.71991, -1.54036)
355241.507920541
limited(__ObjC.ARCamera.TrackingState.Reason.insufficientFeatures)
simd_float4x4([[-0.00504696, -0.99772, -0.0672942, 0.0)], [-0.934639, -0.0192215, 0.355079, 0.0)], [-0.355563, 0.0646878, -0.932411, 0.0)], [-0.0406675, -0.0631834, 0.787366, 1.0)]])
-0.0406675, -0.0631834, 0.787366
float3(-0.064733, -2.77728, -1.59006)
355241.708033458
limited(__ObjC.ARCamera.TrackingState.Reason.insufficientFeatures)
simd_float4x4([[0.0125526, -0.998107, -0.0602078, 0.0)], [-0.952466, -0.0302645, 0.303138, 0.0)], [-0.304387, 0.0535407, -0.951043, 0.0)], [-0.082766, -0.0540729, 0.852155, 1.0)]])
-0.082766, -0.0540729, 0.852155
float3(-0.0535664, -2.83184, -1.60111)
355241.924822333
limited(__ObjC.ARCamera.TrackingState.Reason.insufficientFeatures)
simd_float4x4([[0.0125526, -0.998107, -0.0602078, 0.0)], [-0.952466, -0.0302645, 0.303138, 0.0)], [-0.304387, 0.0535407, -0.951043, 0.0)], [-0.082766, -0.0540729, 0.852155, 1.0)]])
-0.082766, -0.0540729, 0.852155
float3(-0.0535664, -2.83184, -1.60111)
355242.124935083
limited(__ObjC.ARCamera.TrackingState.Reason.insufficientFeatures)
simd_float4x4([[0.0125526, -0.998107, -0.0602078, 0.0)], [-0.952466, -0.0302645, 0.303138, 0.0)], [-0.304387, 0.0535407, -0.951043, 0.0)], [-0.082766, -0.0540729, 0.852155, 1.0)]])
-0.082766, -0.0540729, 0.852155
float3(-0.0535664, -2.83184, -1.60111)
355242.32504775
limited(__ObjC.ARCamera.TrackingState.Reason.insufficientFeatures)
simd_float4x4([[0.0125526, -0.998107, -0.0602078, 0.0)], [-0.952466, -0.0302645, 0.303138, 0.0)], [-0.304387, 0.0535407, -0.951043, 0.0)], [-0.082766, -0.0540729, 0.852155, 1.0)]])
-0.082766, -0.0540729, 0.852155
float3(-0.0535664, -2.83184, -1.60111)
355242.5251605
limited(__ObjC.ARCamera.TrackingState.Reason.insufficientFeatures)
simd_float4x4([[0.0125526, -0.998107, -0.0602078, 0.0)], [-0.952466, -0.0302645, 0.303138, 0.0)], [-0.304387, 0.0535407, -0.951043, 0.0)], [-0.082766, -0.0540729, 0.852155, 1.0)]])
-0.082766, -0.0540729, 0.852155
float3(-0.0535664, -2.83184, -1.60111)
355242.725273291
limited(__ObjC.ARCamera.TrackingState.Reason.insufficientFeatures)
simd_float4x4([[0.0125526, -0.998107, -0.0602078, 0.0)], [-0.952466, -0.0302645, 0.303138, 0.0)], [-0.304387, 0.0535407, -0.951043, 0.0)], [-0.082766, -0.0540729, 0.852155, 1.0)]])
-0.082766, -0.0540729, 0.852155
float3(-0.0535664, -2.83184, -1.60111)
355242.925386083
limited(__ObjC.ARCamera.TrackingState.Reason.insufficientFeatures)
simd_float4x4([[0.0125526, -0.998107, -0.0602078, 0.0)], [-0.952466, -0.0302645, 0.303138, 0.0)], [-0.304387, 0.0535407, -0.951043, 0.0)], [-0.082766, -0.0540729, 0.852155, 1.0)]])
-0.082766, -0.0540729, 0.852155
float3(-0.0535664, -2.83184, -1.60111)
355243.125499083
limited(__ObjC.ARCamera.TrackingState.Reason.insufficientFeatures)
simd_float4x4([[0.0125526, -0.998107, -0.0602078, 0.0)], [-0.952466, -0.0302645, 0.303138, 0.0)], [-0.304387, 0.0535407, -0.951043, 0.0)], [-0.082766, -0.0540729, 0.852155, 1.0)]])
-0.082766, -0.0540729, 0.852155
float3(-0.0535664, -2.83184, -1.60111)
355243.32561175
limited(__ObjC.ARCamera.TrackingState.Reason.excessiveMotion)
simd_float4x4([[0.121271, -0.989136, 0.0830831, 0.0)], [0.975209, 0.103117, -0.195792, 0.0)], [0.185098, 0.104767, 0.97712, 0.0)], [-0.106701, -0.0122195, -0.72794, 1.0)]])
-0.106701, -0.0122195, -0.72794
float3(-0.10496, 0.187214, -1.46692)
355243.5424005
limited(__ObjC.ARCamera.TrackingState.Reason.insufficientFeatures)
simd_float4x4([[0.0833199, -0.987933, 0.13056, 0.0)], [0.937401, 0.0332453, -0.346661, 0.0)], [0.338137, 0.151271, 0.92886, 0.0)], [-0.268322, -0.0129698, -0.913896, 1.0)]])
-0.268322, -0.0129698, -0.913896
float3(-0.151854, 0.349123, -1.53716)
355243.742513375
limited(__ObjC.ARCamera.TrackingState.Reason.insufficientFeatures)
simd_float4x4([[0.0565751, -0.994908, 0.0834054, 0.0)], [0.877461, 0.00969481, -0.479549, 0.0)], [0.476299, 0.100316, 0.873542, 0.0)], [-0.443842, -0.039462, -1.07906, 1.0)]])
-0.443842, -0.039462, -1.07906
float3(-0.100485, 0.499189, -1.56105)
355243.942626083
limited(__ObjC.ARCamera.TrackingState.Reason.insufficientFeatures)
simd_float4x4([[0.069888, -0.992939, 0.0958493, 0.0)], [0.777583, -0.00596378, -0.628751, 0.0)], [0.624884, 0.118473, 0.771676, 0.0)], [-0.593913, -0.0451049, -1.26475, 1.0)]])
-0.593913, -0.0451049, -1.26475
float3(-0.118752, 0.680673, -1.5768)
355244.159415041
normal
simd_float4x4([[0.13939, -0.985594, 0.0957837, 0.0)], [0.682391, 0.0255117, -0.730542, 0.0)], [0.717574, 0.167192, 0.676117, 0.0)], [-0.794802, -0.0418329, -1.43481, 1.0)]])
-0.794802, -0.0418329, -1.43481
float3(-0.167981, 0.815136, -1.54492)
355244.35952775
normal
simd_float4x4([[0.078234, -0.9951, 0.060456, 0.0)], [0.668572, 0.00738551, -0.743611, 0.0)], [0.739521, 0.0985949, 0.665874, 0.0)], [-0.957281, -0.0608712, -1.56959, 1.0)]])
-0.957281, -0.0608712, -1.56959
float3(-0.0987553, 0.837753, -1.56337)
355244.5596405
normal
simd_float4x4([[0.0799994, -0.989675, 0.118923, 0.0)], [0.706196, -0.0279271, -0.707465, 0.0)], [0.703482, 0.14058, 0.696671, 0.0)], [-1.10129, -0.0510033, -1.74904, 1.0)]])
-1.10129, -0.0510033, -1.74904
float3(-0.141047, 0.790263, -1.59901)
355244.759753208
normal
simd_float4x4([[0.0274603, -0.993031, 0.114612, 0.0)], [0.758181, -0.0540316, -0.649801, 0.0)], [0.651465, 0.10474, 0.751414, 0.0)], [-1.21465, -0.0680828, -1.9588, 1.0)]])
-1.21465, -0.0680828, -1.9588
float3(-0.104933, 0.714273, -1.62515)
355244.959865958
normal
simd_float4x4([[0.0391591, -0.993203, 0.109614, 0.0)], [0.795969, -0.035311, -0.604306, 0.0)], [0.604069, 0.110914, 0.789176, 0.0)], [-1.2887, -0.0736677, -2.17307, 1.0)]])
-1.2887, -0.0736677, -2.17307
float3(-0.111142, 0.653311, -1.60633)
355245.159978875
normal
simd_float4x4([[0.0512466, -0.993699, 0.0996839, 0.0)], [0.847319, -0.00957013, -0.530998, 0.0)], [0.528606, 0.111676, 0.841489, 0.0)], [-1.37397, -0.0605246, -2.38916, 1.0)]])
-1.37397, -0.0605246, -2.38916
float3(-0.111909, 0.560883, -1.58043)
355245.360091541
normal
simd_float4x4([[0.0185828, -0.999633, 0.0197336, 0.0)], [0.902665, 0.00828642, -0.430265, 0.0)], [0.429943, 0.0258083, 0.902487, 0.0)], [-1.5774, -0.0844442, -2.69861, 1.0)]])
-1.5774, -0.0844442, -2.69861
float3(-0.0258112, 0.444589, -1.56251)
355245.560204333
normal
simd_float4x4([[0.058784, -0.992403, 0.108079, 0.0)], [0.943139, 0.0197295, -0.331813, 0.0)], [0.32716, 0.121439, 0.937134, 0.0)], [-1.73988, -0.0762429, -3.0478, 1.0)]])
-1.73988, -0.0762429, -3.0478
float3(-0.121739, 0.335879, -1.55092)
355245.776993166
normal
simd_float4x4([[0.0825389, -0.991723, 0.0983461, 0.0)], [0.961381, 0.0532362, -0.270024, 0.0)], [0.262553, 0.116835, 0.957818, 0.0)], [-1.79392, -0.10254, -3.34424, 1.0)]])
-1.79392, -0.10254, -3.34424
float3(-0.117103, 0.267544, -1.51717)
355245.993781916
normal
simd_float4x4([[0.0912512, -0.992091, 0.0861863, 0.0)], [0.940092, 0.0572725, -0.336075, 0.0)], [0.328481, 0.11169, 0.937884, 0.0)], [-1.83421, -0.101572, -3.60503, 1.0)]])
-1.83421, -0.101572, -3.60503
float3(-0.111924, 0.336885, -1.51313)
355246.193894708
normal
simd_float4x4([[0.113024, -0.984166, 0.136541, 0.0)], [0.904778, 0.0451542, -0.423482, 0.0)], [0.410611, 0.171403, 0.895555, 0.0)], [-1.94065, -0.0852221, -3.81443, 1.0)]])
-1.94065, -0.0852221, -3.81443
float3(-0.172253, 0.429899, -1.52495)
355246.410683458
normal
simd_float4x4([[0.109182, -0.992026, 0.0629528, 0.0)], [0.860527, 0.062628, -0.50554, 0.0)], [0.497567, 0.109368, 0.860503, 0.0)], [-2.13441, -0.106136, -4.02435, 1.0)]])
-2.13441, -0.106136, -4.02435
float3(-0.109588, 0.524256, -1.50775)
355246.610796333
normal
simd_float4x4([[0.118879, -0.985044, 0.124723, 0.0)], [0.80656, 0.022544, -0.590722, 0.0)], [0.579076, 0.170821, 0.797177, 0.0)], [-2.31622, -0.111363, -4.25679, 1.0)]])
-2.31622, -0.111363, -4.25679
float3(-0.171663, 0.62823, -1.54791)
355246.82758525
normal
simd_float4x4([[0.0558246, -0.990116, 0.128662, 0.0)], [0.851786, -0.0200027, -0.523507, 0.0)], [0.520906, 0.138817, 0.842251, 0.0)], [-2.39725, -0.111927, -4.53168, 1.0)]])
-2.39725, -0.111927, -4.53168
float3(-0.139267, 0.553889, -1.591)
355247.044374125
limited(__ObjC.ARCamera.TrackingState.Reason.insufficientFeatures)
simd_float4x4([[0.086918, -0.990242, 0.108933, 0.0)], [0.948906, 0.0489973, -0.311732, 0.0)], [0.303353, 0.130462, 0.943905, 0.0)], [-2.38561, -0.105238, -4.77661, 1.0)]])
-2.38561, -0.105238, -4.77661
float3(-0.130835, 0.310955, -1.52136)
355247.261162833
limited(__ObjC.ARCamera.TrackingState.Reason.insufficientFeatures)
simd_float4x4([[0.10698, -0.984656, 0.137872, 0.0)], [0.98268, 0.0836095, -0.165377, 0.0)], [0.151312, 0.153176, 0.976546, 0.0)], [-2.43901, -0.0808529, -4.97834, 1.0)]])
-2.43901, -0.0808529, -4.97834
float3(-0.153781, 0.153724, -1.48609)
355247.461275833
limited(__ObjC.ARCamera.TrackingState.Reason.insufficientFeatures)
simd_float4x4([[0.119796, -0.988336, 0.0940227, 0.0)], [0.979255, 0.102042, -0.175063, 0.0)], [0.163427, 0.113044, 0.980057, 0.0)], [-2.58288, -0.0857219, -5.13298, 1.0)]])
-2.58288, -0.0857219, -5.13298
float3(-0.113286, 0.165232, -1.46791)
355247.661388583
limited(__ObjC.ARCamera.TrackingState.Reason.insufficientFeatures)
simd_float4x4([[0.0734028, -0.992553, 0.0972134, 0.0)], [0.925832, 0.0315821, -0.376612, 0.0)], [0.370737, 0.117648, 0.921256, 0.0)], [-2.77454, -0.0732261, -5.26191, 1.0)]])
-2.77454, -0.0732261, -5.26191
float3(-0.117921, 0.382596, -1.53899)
355247.86150125
limited(__ObjC.ARCamera.TrackingState.Reason.insufficientFeatures)
simd_float4x4([[0.0719704, -0.991138, 0.111651, 0.0)], [0.90279, 0.0171455, -0.429739, 0.0)], [0.424017, 0.131726, 0.896023, 0.0)], [-2.8296, -0.0701875, -5.29038, 1.0)]])
-2.8296, -0.0701875, -5.29038
float3(-0.13211, 0.441995, -1.5535)
355248.061614041
limited(__ObjC.ARCamera.TrackingState.Reason.insufficientFeatures)
simd_float4x4([[0.0719704, -0.991138, 0.111651, 0.0)], [0.90279, 0.0171455, -0.429739, 0.0)], [0.424017, 0.131726, 0.896023, 0.0)], [-2.8296, -0.0701875, -5.29038, 1.0)]])
-2.8296, -0.0701875, -5.29038
float3(-0.13211, 0.441995, -1.5535)
355248.261726708
limited(__ObjC.ARCamera.TrackingState.Reason.insufficientFeatures)
simd_float4x4([[0.0719704, -0.991138, 0.111651, 0.0)], [0.90279, 0.0171455, -0.429739, 0.0)], [0.424017, 0.131726, 0.896023, 0.0)], [-2.8296, -0.0701875, -5.29038, 1.0)]])
-2.8296, -0.0701875, -5.29038
float3(-0.13211, 0.441995, -1.5535)
355248.461839541
limited(__ObjC.ARCamera.TrackingState.Reason.insufficientFeatures)
simd_float4x4([[0.0719704, -0.991138, 0.111651, 0.0)], [0.90279, 0.0171455, -0.429739, 0.0)], [0.424017, 0.131726, 0.896023, 0.0)], [-2.8296, -0.0701875, -5.29038, 1.0)]])
-2.8296, -0.0701875, -5.29038
float3(-0.13211, 0.441995, -1.5535)
355248.661952291
limited(__ObjC.ARCamera.TrackingState.Reason.insufficientFeatures)
simd_float4x4([[0.0719704, -0.991138, 0.111651, 0.0)], [0.90279, 0.0171455, -0.429739, 0.0)], [0.424017, 0.131726, 0.896023, 0.0)], [-2.8296, -0.0701875, -5.29038, 1.0)]])
-2.8296, -0.0701875, -5.29038
float3(-0.13211, 0.441995, -1.5535)
355248.862065125
limited(__ObjC.ARCamera.TrackingState.Reason.insufficientFeatures)
simd_float4x4([[0.0719704, -0.991138, 0.111651, 0.0)], [0.90279, 0.0171455, -0.429739, 0.0)], [0.424017, 0.131726, 0.896023, 0.0)], [-2.8296, -0.0701875, -5.29038, 1.0)]])
-2.8296, -0.0701875, -5.29038
float3(-0.13211, 0.441995, -1.5535)
355249.078853833
limited(__ObjC.ARCamera.TrackingState.Reason.insufficientFeatures)
simd_float4x4([[-0.0291196, -0.997186, 0.0690827, 0.0)], [0.879207, 0.00732834, 0.476384, 0.0)], [-0.475549, 0.0746102, 0.876519, 0.0)], [0.0693256, -0.00924446, -0.265596, 1.0)]])
0.0693256, -0.00924446, -0.265596
float3(-0.0746795, -0.4971, -1.56345)
355249.278966666
limited(__ObjC.ARCamera.TrackingState.Reason.insufficientFeatures)
simd_float4x4([[-0.0473091, -0.994099, 0.0976126, 0.0)], [0.822231, 0.0167323, 0.568907, 0.0)], [-0.567183, 0.107175, 0.816588, 0.0)], [0.096548, 0.0043957, -0.270671, 1.0)]])
0.096548, 0.0043957, -0.270671
float3(-0.107381, -0.607077, -1.55397)
355249.495755541
limited(__ObjC.ARCamera.TrackingState.Reason.insufficientFeatures)
simd_float4x4([[-0.0632047, -0.991746, 0.111557, 0.0)], [0.78488, 0.0196454, 0.619337, 0.0)], [-0.616416, 0.126704, 0.77716, 0.0)], [0.0959052, 0.00930971, -0.275167, 1.0)]])
0.0959052, 0.00930971, -0.275167
float3(-0.127045, -0.670559, -1.55099)
355249.69586825
normal
simd_float4x4([[-0.0584133, -0.992915, 0.103476, 0.0)], [0.790778, 0.0172432, 0.611861, 0.0)], [-0.60931, 0.117567, 0.784168, 0.0)], [0.0822, 0.00790524, -0.279216, 1.0)]])
0.0822, 0.00790524, -0.279216
float3(-0.11784, -0.660568, -1.55343)
355249.912657041
normal
simd_float4x4([[-0.0541078, -0.993971, 0.0953592, 0.0)], [0.790658, 0.015679, 0.612057, 0.0)], [-0.609862, 0.108514, 0.785043, 0.0)], [0.0649575, 0.00743739, -0.29114, 1.0)]])
0.0649575, 0.00743739, -0.29114
float3(-0.108728, -0.660466, -1.55502)
355250.162798041
normal
simd_float4x4([[-0.0446082, -0.995164, 0.0875153, 0.0)], [0.796827, 0.0173946, 0.603957, 0.0)], [-0.602558, 0.096676, 0.792198, 0.0)], [0.0461647, 0.0104528, -0.296374, 1.0)]])
0.0461647, 0.0104528, -0.296374
float3(-0.0968273, -0.650261, -1.55332)
355250.379586916
normal
simd_float4x4([[-0.041313, -0.995761, 0.0821782, 0.0)], [0.807625, 0.0151429, 0.589501, 0.0)], [-0.588247, 0.0907233, 0.803576, 0.0)], [0.0359996, 0.0129603, -0.302028, 1.0)]])
0.0359996, 0.0129603, -0.302028
float3(-0.0908482, -0.631905, -1.55559)
355250.579699583
normal
simd_float4x4([[-0.0367833, -0.995855, 0.0831909, 0.0)], [0.821125, 0.0173273, 0.570485, 0.0)], [-0.569561, 0.0892945, 0.817084, 0.0)], [0.0238034, 0.0145749, -0.308719, 1.0)]])
0.0238034, 0.0145749, -0.308719
float3(-0.0894136, -0.608754, -1.5534)
355250.779812375
normal
simd_float4x4([[-0.0329261, -0.995738, 0.0861484, 0.0)], [0.837557, 0.0195429, 0.546001, 0.0)], [-0.545357, 0.0901319, 0.833344, 0.0)], [0.0139794, 0.0148036, -0.313715, 1.0)]])
0.0139794, 0.0148036, -0.313715
float3(-0.0902544, -0.579477, -1.55117)
355250.979925166
normal
simd_float4x4([[-0.0316723, -0.995543, 0.0888275, 0.0)], [0.848424, 0.020202, 0.528931, 0.0)], [-0.528368, 0.0921159, 0.844004, 0.0)], [0.00110483, 0.0148925, -0.324911, 1.0)]])
0.00110483, 0.0148925, -0.324911
float3(-0.0922467, -0.559336, -1.55051)
