ARKit Data
360019.839444375
normal
simd_float4x4([[0.0130259, -0.999493, 0.0290552, 0.0)], [0.996207, 0.0104718, -0.0863853, 0.0)], [0.0860372, 0.0300702, 0.995838, 0.0)], [0.0953144, -0.0183503, -0.00184372, 1.0)]])
0.0953144, -0.0183503, -0.00184372
float3(-0.0300747, 0.0861828, -1.56032)
360019.906104041
normal
simd_float4x4([[0.0132035, -0.999416, 0.0315062, 0.0)], [0.995974, 0.0103511, -0.0890374, 0.0)], [0.0886593, 0.032555, 0.99553, 0.0)], [0.0954238, -0.0186087, -0.00311694, 1.0)]])
0.0954238, -0.0186087, -0.00311694
float3(-0.0325608, 0.0888231, -1.56044)
360019.972763541
normal
simd_float4x4([[0.0125233, -0.99939, 0.0325874, 0.0)], [0.995897, 0.00954507, -0.0899935, 0.0)], [0.0896276, 0.0335807, 0.995409, 0.0)], [0.0953862, -0.0190463, -0.00369809, 1.0)]])
0.0953862, -0.0190463, -0.00369809
float3(-0.033587, 0.0897988, -1.56125)
360020.056088041
normal
simd_float4x4([[0.0124256, -0.999318, 0.0347832, 0.0)], [0.996417, 0.00946427, -0.0840431, 0.0)], [0.0836565, 0.0357029, 0.995855, 0.0)], [0.0866528, 0.00230883, -0.0778989, 1.0)]])
0.0866528, 0.00230883, -0.0778989
float3(-0.0357105, 0.083808, -1.56133)
360020.139412375
normal
simd_float4x4([[0.00909194, -0.999312, 0.0359494, 0.0)], [0.99524, 0.00555493, -0.0972912, 0.0)], [0.0970246, 0.0366628, 0.994606, 0.0)], [0.105553, 0.00073644, -0.0871213, 1.0)]])
0.105553, 0.00073644, -0.0871213
float3(-0.036671, 0.0972431, -1.56524)
360020.206072166
normal
simd_float4x4([[0.0112463, -0.999121, 0.0403825, 0.0)], [0.995417, 0.00735077, -0.0953496, 0.0)], [0.094969, 0.0412698, 0.994624, 0.0)], [0.105553, 0.000667781, -0.0874778, 1.0)]])
0.105553, 0.000667781, -0.0874778
float3(-0.0412815, 0.0951937, -1.56344)
360020.289396583
normal
simd_float4x4([[0.0104961, -0.999181, 0.039068, 0.0)], [0.996306, 0.00711957, -0.0855835, 0.0)], [0.0852353, 0.039822, 0.995565, 0.0)], [0.0976144, 0.00246406, -0.0873643, 1.0)]])
0.0976144, 0.00246406, -0.0873643
float3(-0.0398325, 0.0854068, -1.56367)
360020.964551875
notAvailable
simd_float4x4([[-0.000972434, 0.0, 0.999999, 0.0)], [0.0, 1.0, 0.0, 0.0)], [-0.999999, 0.0, -0.000972434, 0.0)], [-0.00741462, -0.0781931, 0.00661967, 1.0)]])
-0.00741462, -0.0781931, 0.00661967
float3(-0.0, -1.57177, 0.0)
360021.031211458
notAvailable
simd_float4x4([[-0.000972434, 0.0, 0.999999, 0.0)], [0.0, 1.0, 0.0, 0.0)], [-0.999999, 0.0, -0.000972434, 0.0)], [-0.00741462, -0.0781931, 0.00661967, 1.0)]])
-0.00741462, -0.0781931, 0.00661967
float3(-0.0, -1.57177, 0.0)
360021.097870875
limited(__ObjC.ARCamera.TrackingState.Reason.initializing)
simd_float4x4([[-0.0037248, -0.998118, 0.0612007, 0.0)], [0.999993, -0.00371782, 0.000227998, 0.0)], [-3.62879e-08, 0.0612011, 0.998125, 0.0)], [0.0, 0.0, 0.0, 1.0)]])
0.0, 0.0, 0.0
float3(-0.0612394, -3.63561e-08, -1.57452)
360021.164530583
limited(__ObjC.ARCamera.TrackingState.Reason.initializing)
simd_float4x4([[-0.00328763, -0.998018, 0.0628344, 0.0)], [0.999994, -0.00332627, -0.000510384, 0.0)], [0.000718376, 0.0628324, 0.998024, 0.0)], [0.0, 0.0, 0.0, 1.0)]])
0.0, 0.0, 0.0
float3(-0.0628738, 0.000719798, -1.57413)
360021.231190041
limited(__ObjC.ARCamera.TrackingState.Reason.initializing)
simd_float4x4([[-0.00353245, -0.997985, 0.0633544, 0.0)], [0.99999, -0.0036948, -0.00244551, 0.0)], [0.00267466, 0.0633451, 0.997988, 0.0)], [0.0, 0.0, 0.0, 1.0)]])
0.0, 0.0, 0.0
float3(-0.0633875, 0.00268005, -1.5745)
360021.297849791
limited(__ObjC.ARCamera.TrackingState.Reason.initializing)
simd_float4x4([[0.00291554, -0.99757, 0.0696093, 0.0)], [0.999992, 0.0027194, -0.00291229, 0.0)], [0.00271592, 0.0696172, 0.99757, 0.0)], [0.0, 0.0, 0.0, 1.0)]])
0.0, 0.0, 0.0
float3(-0.0696736, 0.00272253, -1.56807)
360021.364509208
limited(__ObjC.ARCamera.TrackingState.Reason.initializing)
simd_float4x4([[0.00155072, -0.997531, 0.0702021, 0.0)], [0.99999, 0.00126009, -0.00418406, 0.0)], [0.00408527, 0.0702079, 0.997524, 0.0)], [0.0, 0.0, 0.0, 1.0)]])
0.0, 0.0, 0.0
float3(-0.0702657, 0.00409539, -1.56953)
360021.431168833
limited(__ObjC.ARCamera.TrackingState.Reason.initializing)
simd_float4x4([[0.000401388, -0.997763, 0.0668508, 0.0)], [0.999984, 1.86211e-05, -0.0057262, 0.0)], [0.00571215, 0.066852, 0.997747, 0.0)], [0.0, 0.0, 0.0, 1.0)]])
0.0, 0.0, 0.0
float3(-0.0669019, 0.00572499, -1.57078)
360021.497828333
limited(__ObjC.ARCamera.TrackingState.Reason.initializing)
simd_float4x4([[0.00127373, -0.997666, 0.0682779, 0.0)], [0.999985, 0.000902902, -0.00546174, 0.0)], [0.00538734, 0.0682838, 0.997651, 0.0)], [0.0, 0.0, 0.0, 1.0)]])
0.0, 0.0, 0.0
float3(-0.068337, 0.00539997, -1.56989)
360021.564487875
limited(__ObjC.ARCamera.TrackingState.Reason.initializing)
simd_float4x4([[7.56458e-05, -0.997563, 0.0697761, 0.0)], [0.999973, -0.000433378, -0.00727993, 0.0)], [0.00729243, 0.0697748, 0.997536, 0.0)], [0.0, 0.0, 0.0, 1.0)]])
0.0, 0.0, 0.0
float3(-0.0698315, 0.00731031, -1.57123)
360021.647812333
limited(__ObjC.ARCamera.TrackingState.Reason.initializing)
simd_float4x4([[-0.00013457, -0.997505, 0.0705999, 0.0)], [0.99996, -0.000768613, -0.00895372, 0.0)], [0.00898564, 0.0705958, 0.997464, 0.0)], [0.0, 0.0, 0.0, 1.0)]])
0.0, 0.0, 0.0
float3(-0.0706546, 0.00900824, -1.57157)
360021.714472
limited(__ObjC.ARCamera.TrackingState.Reason.initializing)
simd_float4x4([[-0.000687222, -0.997435, 0.0715798, 0.0)], [0.999938, -0.00148046, -0.0110293, 0.0)], [0.011107, 0.0715677, 0.997374, 0.0)], [0.0, 0.0, 0.0, 1.0)]])
0.0, 0.0, 0.0
float3(-0.071629, 0.0111358, -1.57228)
360021.781131458
limited(__ObjC.ARCamera.TrackingState.Reason.initializing)
simd_float4x4([[-0.00047304, -0.997393, 0.0721585, 0.0)], [0.999933, -0.00130662, -0.0115053, 0.0)], [0.0115696, 0.0721482, 0.997327, 0.0)], [0.0, 0.0, 0.0, 1.0)]])
0.0, 0.0, 0.0
float3(-0.072211, 0.0116001, -1.57211)
360021.864455791
normal
simd_float4x4([[0.00281119, -0.997126, 0.0757045, 0.0)], [0.999888, 0.00168771, -0.0149001, 0.0)], [0.0147296, 0.0757379, 0.997019, 0.0)], [0.000112619, 9.13367e-05, -0.000251226, 1.0)]])
0.000112619, 9.13367e-05, -0.000251226
float3(-0.0758105, 0.0147725, -1.5691)
360021.947780416
normal
simd_float4x4([[0.00347708, -0.996918, 0.0783715, 0.0)], [0.999843, 0.0021049, -0.0175844, 0.0)], [0.0173653, 0.0784203, 0.996769, 0.0)], [-0.000122246, -0.000744234, -0.00239202, 1.0)]])
-0.000122246, -0.000744234, -0.00239202
float3(-0.0785009, 0.0174198, -1.56868)
360022.031104833
normal
simd_float4x4([[0.00620279, -0.996737, 0.0804736, 0.0)], [0.999805, 0.00467353, -0.0191777, 0.0)], [0.0187391, 0.0805769, 0.996572, 0.0)], [-0.000425749, -0.00074927, -0.00423868, 1.0)]])
-0.000425749, -0.00074927, -0.00423868
float3(-0.0806644, 0.0188013, -1.56611)
360022.0977645
normal
simd_float4x4([[0.00770574, -0.996633, 0.0816338, 0.0)], [0.999809, 0.00621138, -0.0185438, 0.0)], [0.0179743, 0.0817611, 0.99649, 0.0)], [-5.77224e-05, -0.000285342, -0.00515483, 1.0)]])
-5.77224e-05, -0.000285342, -0.00515483
float3(-0.0818524, 0.0180356, -1.56456)
360022.181088916
normal
simd_float4x4([[0.00978693, -0.996528, 0.0826825, 0.0)], [0.999753, 0.00810217, -0.0206873, 0.0)], [0.0199455, 0.0828645, 0.996361, 0.0)], [0.000284939, -2.50414e-05, -0.00555988, 1.0)]])
0.000284939, -2.50414e-05, -0.00555988
float3(-0.0829596, 0.0200157, -1.56267)
360022.247748375
normal
simd_float4x4([[0.0108696, -0.996354, 0.0846159, 0.0)], [0.999686, 0.00891543, -0.0234389, 0.0)], [0.0225991, 0.084844, 0.996138, 0.0)], [0.000389859, 0.000315733, -0.00654869, 1.0)]])
0.000389859, 0.000315733, -0.00654869
float3(-0.0849462, 0.0226828, -1.56185)
360022.314408041
normal
simd_float4x4([[0.0119621, -0.996166, 0.0866578, 0.0)], [0.999642, 0.00984068, -0.0248669, 0.0)], [0.0239188, 0.0869243, 0.995928, 0.0)], [9.00241e-05, 0.000733909, -0.00780171, 1.0)]])
9.00241e-05, 0.000733909, -0.00780171
float3(-0.0870341, 0.024012, -1.56092)
360022.414397375
normal
simd_float4x4([[0.0114476, -0.996195, 0.0863914, 0.0)], [0.999583, 0.0091089, -0.0274172, 0.0)], [0.026526, 0.0866692, 0.995884, 0.0)], [0.000688034, 0.00164169, -0.00826176, 1.0)]])
0.000688034, 0.00164169, -0.00826176
float3(-0.0867781, 0.0266293, -1.56165)
360022.514386666
normal
simd_float4x4([[0.0104918, -0.996252, 0.0858645, 0.0)], [0.999567, 0.00808729, -0.0283036, 0.0)], [0.0275031, 0.0861243, 0.995905, 0.0)], [0.000321968, 0.00211331, -0.00703474, 1.0)]])
0.000321968, 0.00211331, -0.00703474
float3(-0.0862311, 0.0276092, -1.56268)
360022.59771125
normal
simd_float4x4([[0.0106738, -0.996255, 0.0858062, 0.0)], [0.999557, 0.00824585, -0.0286007, 0.0)], [0.0277861, 0.0860735, 0.995901, 0.0)], [0.000351278, 0.00277033, -0.00868134, 1.0)]])
0.000351278, 0.00277033, -0.00868134
float3(-0.0861801, 0.0278932, -1.56252)
360022.681035666
normal
simd_float4x4([[0.0092669, -0.996236, 0.0861818, 0.0)], [0.99958, 0.00686092, -0.0281719, 0.0)], [0.0274746, 0.0864066, 0.995881, 0.0)], [0.000539677, 0.00243495, -0.00934972, 1.0)]])
0.000539677, 0.00243495, -0.00934972
float3(-0.0865145, 0.0275812, -1.56391)
360022.747695125
normal
simd_float4x4([[0.00962488, -0.996179, 0.0868027, 0.0)], [0.999583, 0.00722262, -0.0279466, 0.0)], [0.0272129, 0.0870355, 0.995834, 0.0)], [0.000480191, 0.00257025, -0.010584, 1.0)]])
0.000480191, 0.00257025, -0.010584
float3(-0.0871458, 0.0273199, -1.56355)
360022.814354875
normal
simd_float4x4([[0.00965954, -0.996136, 0.0872888, 0.0)], [0.999602, 0.00730548, -0.0272479, 0.0)], [0.026505, 0.0875173, 0.99581, 0.0)], [0.000549727, 0.00258369, -0.0104216, 1.0)]])
0.000549727, 0.00258369, -0.0104216
float3(-0.0876294, 0.0266102, -1.56346)
360022.881014208
normal
simd_float4x4([[0.00994978, -0.996018, 0.0886009, 0.0)], [0.999609, 0.00759091, -0.0269208, 0.0)], [0.026141, 0.0888341, 0.995703, 0.0)], [0.000382634, 0.00252077, -0.0118318, 1.0)]])
0.000382634, 0.00252077, -0.0118318
float3(-0.0889514, 0.0262478, -1.56318)
360022.947674041
normal
simd_float4x4([[0.00992478, -0.996015, 0.0886327, 0.0)], [0.999625, 0.00762012, -0.0263031, 0.0)], [0.0255229, 0.0888605, 0.995717, 0.0)], [0.000248351, 0.0025519, -0.012146, 1.0)]])
0.000248351, 0.0025519, -0.012146
float3(-0.0889778, 0.025627, -1.56315)
360023.0143335
normal
simd_float4x4([[0.00999234, -0.996014, 0.0886324, 0.0)], [0.999653, 0.00778787, -0.0251831, 0.0)], [0.0243925, 0.0888532, 0.995746, 0.0)], [3.94393e-05, 0.00237473, -0.0112406, 1.0)]])
3.94393e-05, 0.00237473, -0.0112406
float3(-0.0889706, 0.0244918, -1.56298)
360023.114322958
normal
simd_float4x4([[0.0103973, -0.995842, 0.0905034, 0.0)], [0.999645, 0.00813262, -0.0253559, 0.0)], [0.0245144, 0.0907349, 0.995573, 0.0)], [-0.000445631, 0.00253511, -0.0130801, 1.0)]])
-0.000445631, 0.00253511, -0.0130801
float3(-0.0908599, 0.0246185, -1.56263)
360023.214312125
normal
simd_float4x4([[0.0109147, -0.995742, 0.091535, 0.0)], [0.999611, 0.00851564, -0.0265593, 0.0)], [0.0256667, 0.0917893, 0.995448, 0.0)], [-0.000639096, 0.00238297, -0.0116055, 1.0)]])
-0.000639096, 0.00238297, -0.0116055
float3(-0.0919187, 0.0257784, -1.56224)
360023.280971833
normal
simd_float4x4([[0.0106253, -0.995751, 0.0914739, 0.0)], [0.999585, 0.00812631, -0.0276481, 0.0)], [0.0267873, 0.0917296, 0.995424, 0.0)], [-0.000726429, 0.00187518, -0.00931496, 1.0)]])
-0.000726429, 0.00187518, -0.00931496
float3(-0.0918588, 0.026904, -1.56264)
360023.36429625
normal
simd_float4x4([[0.0108167, -0.995746, 0.0914978, 0.0)], [0.999517, 0.00810124, -0.0299971, 0.0)], [0.0291282, 0.0917781, 0.995353, 0.0)], [-0.000880557, 0.00161682, -0.0079544, 1.0)]])
-0.000880557, 0.00161682, -0.0079544
float3(-0.0919075, 0.0292559, -1.56266)
360023.43095575
normal
simd_float4x4([[0.0109278, -0.995782, 0.0911018, 0.0)], [0.999479, 0.00811074, -0.0312349, 0.0)], [0.0303642, 0.0913956, 0.995352, 0.0)], [-0.0011667, 0.00199074, -0.00811176, 1.0)]])
-0.0011667, 0.00199074, -0.00811176
float3(-0.0915234, 0.0304966, -1.56265)
360023.497615416
normal
simd_float4x4([[0.0107881, -0.995864, 0.0902155, 0.0)], [0.999412, 0.00780044, -0.033404, 0.0)], [0.0325622, 0.0905228, 0.995362, 0.0)], [-0.000368513, 0.00110293, -0.00741526, 1.0)]])
-0.000368513, 0.00110293, -0.00741526
float3(-0.0906469, 0.0327022, -1.56296)
360023.564274916
normal
simd_float4x4([[0.0112794, -0.995887, 0.0898953, 0.0)], [0.999362, 0.00818062, -0.0347653, 0.0)], [0.0338869, 0.0902301, 0.995344, 0.0)], [-0.000458572, 0.00121606, -0.00745435, 1.0)]])
-0.000458572, 0.00121606, -0.00745435
float3(-0.090353, 0.0340322, -1.56258)
360023.6309345
normal
simd_float4x4([[0.0110733, -0.995926, 0.0894946, 0.0)], [0.999345, 0.00793879, -0.0353046, 0.0)], [0.0344503, 0.0898269, 0.995362, 0.0)], [-0.000220941, 0.00126643, -0.00758125, 1.0)]])
-0.000220941, 0.00126643, -0.00758125
float3(-0.0899481, 0.034597, -1.56283)
360023.697594083
normal
simd_float4x4([[0.0113406, -0.996027, 0.0883318, 0.0)], [0.99931, 0.00816506, -0.0362289, 0.0)], [0.0353638, 0.0886817, 0.995432, 0.0)], [-0.00047427, 0.00179888, -0.00756155, 1.0)]])
-0.00047427, 0.00179888, -0.00756155
float3(-0.0887984, 0.0355111, -1.5626)
360023.7975835
normal
simd_float4x4([[0.0104718, -0.996035, 0.0883414, 0.0)], [0.9993, 0.00725004, -0.0367119, 0.0)], [0.0359258, 0.0886639, 0.995413, 0.0)], [-0.000805508, 0.00228215, -0.00779425, 1.0)]])
-0.000805508, 0.00228215, -0.00779425
float3(-0.0887805, 0.0360757, -1.56352)
360023.864243083
normal
simd_float4x4([[0.0103635, -0.996056, 0.0881147, 0.0)], [0.99929, 0.00712506, -0.0369884, 0.0)], [0.0362147, 0.0884355, 0.995423, 0.0)], [-0.00165665, 0.00269952, -0.00771601, 1.0)]])
-0.00165665, 0.00269952, -0.00771601
float3(-0.0885512, 0.0363652, -1.56364)
360023.947567375
normal
simd_float4x4([[0.010853, -0.99599, 0.088803, 0.0)], [0.999282, 0.00757842, -0.0371291, 0.0)], [0.0363072, 0.0891422, 0.995357, 0.0)], [-0.0013847, 0.00273203, -0.00847273, 1.0)]])
-0.0013847, 0.00273203, -0.00847273
float3(-0.0892607, 0.0364604, -1.56319)
360024.014226875
normal
simd_float4x4([[0.010628, -0.995972, 0.0890381, 0.0)], [0.999263, 0.00729497, -0.0376754, 0.0)], [0.0368741, 0.089373, 0.995315, 0.0)], [-0.00266724, 0.00302615, -0.00789916, 1.0)]])
-0.00266724, 0.00302615, -0.00789916
float3(-0.0894924, 0.0370307, -1.56347)
360024.080886583
normal
simd_float4x4([[0.0108405, -0.995925, 0.0895272, 0.0)], [0.999254, 0.00747009, -0.0378959, 0.0)], [0.0370727, 0.0898712, 0.995263, 0.0)], [-0.00327549, 0.00312591, -0.00702988, 1.0)]])
-0.00327549, 0.00312591, -0.00702988
float3(-0.0899927, 0.0372319, -1.5633)
360024.147546125
normal
simd_float4x4([[0.010738, -0.995948, 0.0892918, 0.0)], [0.999229, 0.0073143, -0.0385818, 0.0)], [0.0377723, 0.0896373, 0.995258, 0.0)], [-0.00326052, 0.00333147, -0.00731615, 1.0)]])
-0.00326052, 0.00333147, -0.00731615
float3(-0.0897577, 0.0379341, -1.56345)
360024.2475355
normal
simd_float4x4([[0.00989128, -0.996029, 0.0884806, 0.0)], [0.999226, 0.00647582, -0.0388052, 0.0)], [0.0380782, 0.088796, 0.995322, 0.0)], [-0.00356113, 0.00372299, -0.00656407, 1.0)]])
-0.00356113, 0.00372299, -0.00656407
float3(-0.0889131, 0.0382385, -1.56429)
360024.314195125
normal
simd_float4x4([[0.00976974, -0.995942, 0.0894622, 0.0)], [0.999234, 0.00633233, -0.0386267, 0.0)], [0.0379034, 0.089771, 0.995241, 0.0)], [-0.00349443, 0.00393257, -0.00598889, 1.0)]])
-0.00349443, 0.00393257, -0.00598889
float3(-0.089892, 0.0380663, -1.56444)
360024.3975195
normal
simd_float4x4([[0.00854835, -0.995979, 0.0891832, 0.0)], [0.999191, 0.00500262, -0.0399059, 0.0)], [0.0392993, 0.0894522, 0.995215, 0.0)], [-0.00343913, 0.00485188, -0.00546274, 1.0)]])
-0.00343913, 0.00485188, -0.00546274
float3(-0.0895719, 0.0394677, -1.56577)
360024.464179208
normal
simd_float4x4([[0.00877448, -0.99595, 0.0894818, 0.0)], [0.999189, 0.00521592, -0.0399251, 0.0)], [0.0392967, 0.0897595, 0.995188, 0.0)], [-0.00356868, 0.00502115, -0.00619401, 1.0)]])
-0.00356868, 0.00502115, -0.00619401
float3(-0.0898805, 0.0394662, -1.56556)
360024.564168333
normal
simd_float4x4([[0.00866371, -0.99606, 0.0882534, 0.0)], [0.999203, 0.00518332, -0.0395895, 0.0)], [0.0389761, 0.088526, 0.995311, 0.0)], [-0.00335571, 0.00548877, -0.00559378, 1.0)]])
-0.00335571, 0.00548877, -0.00559378
float3(-0.0886421, 0.0391397, -1.56559)
360024.630828041
normal
simd_float4x4([[0.00842757, -0.996095, 0.087881, 0.0)], [0.999218, 0.00499344, -0.0392239, 0.0)], [0.0386319, 0.0881428, 0.995358, 0.0)], [-0.00287044, 0.00567205, -0.00512023, 1.0)]])
-0.00287044, 0.00567205, -0.00512023
float3(-0.0882574, 0.0387926, -1.56578)
360024.6974875
normal
simd_float4x4([[0.00853095, -0.996053, 0.0883453, 0.0)], [0.999224, 0.0050943, -0.0390529, 0.0)], [0.0384487, 0.0886099, 0.995324, 0.0)], [-0.00261991, 0.00575002, -0.00604844, 1.0)]])
-0.00261991, 0.00575002, -0.00604844
float3(-0.0887263, 0.0386101, -1.56568)
360024.764147125
normal
simd_float4x4([[0.00917974, -0.996073, 0.0880634, 0.0)], [0.999274, 0.00588134, -0.0376415, 0.0)], [0.0369757, 0.088345, 0.995403, 0.0)], [-0.0022737, 0.00623596, -0.00556429, 1.0)]])
-0.0022737, 0.00623596, -0.00556429
float3(-0.0884603, 0.0371294, -1.56489)
360024.830806708
normal
simd_float4x4([[0.00936968, -0.996054, 0.0882481, 0.0)], [0.999288, 0.0061004, -0.0372436, 0.0)], [0.0365583, 0.0885342, 0.995402, 0.0)], [-0.00204945, 0.00624012, -0.00667417, 1.0)]])
-0.00204945, 0.00624012, -0.00667417
float3(-0.0886503, 0.0367107, -1.56467)
360024.897466333
normal
simd_float4x4([[0.00983647, -0.996044, 0.0883105, 0.0)], [0.999334, 0.00668893, -0.0358671, 0.0)], [0.0351345, 0.0886045, 0.995447, 0.0)], [-0.00208925, 0.00635258, -0.00677178, 1.0)]])
-0.00208925, 0.00635258, -0.00677178
float3(-0.0887209, 0.0352806, -1.56408)
360024.980790791
normal
simd_float4x4([[0.0105645, -0.995879, 0.0900798, 0.0)], [0.99938, 0.00749071, -0.0343931, 0.0)], [0.0335766, 0.0903873, 0.995341, 0.0)], [-0.00239454, 0.00638901, -0.00771797, 1.0)]])
-0.00239454, 0.00638901, -0.00771797
float3(-0.0905108, 0.033721, -1.56327)
360025.047450291
normal
simd_float4x4([[0.0115511, -0.99569, 0.0920252, 0.0)], [0.999392, 0.00846696, -0.0338346, 0.0)], [0.0329096, 0.09236, 0.995182, 0.0)], [-0.00270159, 0.00615222, -0.00933463, 1.0)]])
-0.00270159, 0.00615222, -0.00933463
float3(-0.0924918, 0.0330569, -1.56229)
360025.147439666
normal
simd_float4x4([[0.0122774, -0.99564, 0.0924724, 0.0)], [0.999461, 0.00940308, -0.0314545, 0.0)], [0.0304478, 0.0928087, 0.995218, 0.0)], [-0.00361565, 0.00571751, -0.00941367, 1.0)]])
-0.00361565, 0.00571751, -0.00941367
float3(-0.0929424, 0.0305846, -1.56135)
360025.230764083
normal
simd_float4x4([[0.0119155, -0.99565, 0.0924067, 0.0)], [0.999479, 0.00908641, -0.0309766, 0.0)], [0.0300022, 0.0927277, 0.995239, 0.0)], [-0.00399047, 0.00578716, -0.0108396, 1.0)]])
-0.00399047, 0.00578716, -0.0108396
float3(-0.0928611, 0.0301366, -1.56167)
360025.297423708
normal
simd_float4x4([[0.0109806, -0.995702, 0.0919581, 0.0)], [0.999505, 0.00821891, -0.0303569, 0.0)], [0.0294707, 0.092246, 0.9953, 0.0)], [-0.00437447, 0.00560536, -0.0109682, 1.0)]])
-0.00437447, 0.00560536, -0.0109682
float3(-0.0923773, 0.0296012, -1.56254)
360025.364083375
normal
simd_float4x4([[0.00980404, -0.99576, 0.091468, 0.0)], [0.999487, 0.00696862, -0.0312671, 0.0)], [0.0304971, 0.0917276, 0.995317, 0.0)], [-0.00469971, 0.00574634, -0.0117592, 1.0)]])
-0.00469971, 0.00574634, -0.0117592
float3(-0.0918567, 0.030631, -1.5638)
360025.43074275
normal
simd_float4x4([[0.00946985, -0.9958, 0.0910639, 0.0)], [0.999483, 0.00662651, -0.0314754, 0.0)], [0.0307398, 0.0913148, 0.995348, 0.0)], [-0.00458224, 0.00553708, -0.0114532, 1.0)]])
-0.00458224, 0.00553708, -0.0114532
float3(-0.0914422, 0.0308737, -1.56414)
360025.497402375
normal
simd_float4x4([[0.00929704, -0.995865, 0.0903663, 0.0)], [0.999448, 0.00637285, -0.0325941, 0.0)], [0.0318834, 0.0906195, 0.995375, 0.0)], [-0.00446595, 0.00508121, -0.0108921, 1.0)]])
-0.00446595, 0.00508121, -0.0108921
float3(-0.090744, 0.0320206, -1.5644)
360025.564061916
normal
simd_float4x4([[0.00958451, -0.995844, 0.0905744, 0.0)], [0.999425, 0.00659384, -0.0332607, 0.0)], [0.0325252, 0.0908411, 0.995334, 0.0)], [-0.00440588, 0.00494851, -0.0114791, 1.0)]])
-0.00440588, 0.00494851, -0.0114791
float3(-0.0909665, 0.032666, -1.56418)
360025.630721541
normal
simd_float4x4([[0.00982029, -0.995747, 0.0916094, 0.0)], [0.999428, 0.00680984, -0.0331167, 0.0)], [0.0323519, 0.0918823, 0.995244, 0.0)], [-0.00392346, 0.00460709, -0.0106301, 1.0)]])
-0.00392346, 0.00460709, -0.0106301
float3(-0.092012, 0.0324951, -1.56396)
360025.714045916
normal
simd_float4x4([[0.00962671, -0.995742, 0.0916818, 0.0)], [0.999401, 0.00653428, -0.0339707, 0.0)], [0.033227, 0.0919539, 0.995209, 0.0)], [-0.00327665, 0.00446416, -0.0108132, 1.0)]])
-0.00327665, 0.00446416, -0.0108132
float3(-0.092084, 0.0333745, -1.56423)
360025.830700291
normal
simd_float4x4([[0.0093981, -0.995635, 0.0928602, 0.0)], [0.999402, 0.00626205, -0.0340056, 0.0)], [0.0332757, 0.0931243, 0.995098, 0.0)], [-0.00235095, 0.0044183, -0.0118157, 1.0)]])
-0.00235095, 0.0044183, -0.0118157
float3(-0.0932594, 0.0334272, -1.56451)
360025.897359916
normal
simd_float4x4([[0.00915459, -0.99561, 0.093149, 0.0)], [0.999404, 0.00600888, -0.0339953, 0.0)], [0.0332863, 0.0934047, 0.995072, 0.0)], [-0.00180161, 0.00422864, -0.0118299, 1.0)]])
-0.00180161, 0.00422864, -0.0118299
float3(-0.093541, 0.0334387, -1.56476)
360025.964019333
normal
simd_float4x4([[0.0084335, -0.995585, 0.0934899, 0.0)], [0.999393, 0.0052322, -0.0344346, 0.0)], [0.0337934, 0.0937236, 0.995025, 0.0)], [-0.000873623, 0.00430285, -0.0120099, 1.0)]])
-0.000873623, 0.00430285, -0.0120099
float3(-0.0938613, 0.0339493, -1.56554)
360026.04734375
normal
simd_float4x4([[0.00784038, -0.995634, 0.0930134, 0.0)], [0.99936, 0.00455531, -0.0354781, 0.0)], [0.0348995, 0.093232, 0.995033, 0.0)], [-0.000356698, 0.00451724, -0.0124895, 1.0)]])
-0.000356698, 0.00451724, -0.0124895
float3(-0.0933676, 0.0350593, -1.56622)
360026.13066825
normal
simd_float4x4([[0.00731822, -0.995819, 0.0910583, 0.0)], [0.999352, 0.00407406, -0.0357623, 0.0)], [0.0352418, 0.091261, 0.995203, 0.0)], [0.000534648, 0.00470031, -0.01236, 1.0)]])
0.000534648, 0.00470031, -0.01236
float3(-0.0913882, 0.0353968, -1.56671)
360026.197327916
normal
simd_float4x4([[0.0106026, -0.995928, 0.0895233, 0.0)], [0.999133, 0.00694624, -0.0410554, 0.0)], [0.0402664, 0.089881, 0.995138, 0.0)], [0.00107074, 0.0050201, -0.0124016, 1.0)]])
0.00107074, 0.0050201, -0.0124016
float3(-0.0900024, 0.0404411, -1.56382)
360026.263987291
normal
simd_float4x4([[0.0145365, -0.995977, 0.0884238, 0.0)], [0.999161, 0.0110822, -0.0394313, 0.0)], [0.0382927, 0.0889228, 0.995302, 0.0)], [0.000396221, 0.0056516, -0.0123319, 1.0)]])
0.000396221, 0.0056516, -0.0123319
float3(-0.0890404, 0.0384545, -1.55967)
360026.330647
normal
simd_float4x4([[0.00877444, -0.996001, 0.0889134, 0.0)], [0.999102, 0.00504703, -0.0420602, 0.0)], [0.0414433, 0.0892026, 0.995151, 0.0)], [0.00162995, 0.00505945, -0.0127346, 1.0)]])
0.00162995, 0.00505945, -0.0127346
float3(-0.0893213, 0.0416211, -1.56573)
360026.3973065
normal
simd_float4x4([[0.00813521, -0.995611, 0.0932331, 0.0)], [0.999005, 0.00400431, -0.0444089, 0.0)], [0.0438407, 0.0935016, 0.994653, 0.0)], [0.00240446, 0.00444574, -0.0136037, 1.0)]])
0.00240446, 0.00444574, -0.0136037
float3(-0.0936384, 0.0440478, -1.56677)
360026.480630916
normal
simd_float4x4([[0.0121392, -0.99529, 0.0961783, 0.0)], [0.99909, 0.00814041, -0.0418603, 0.0)], [0.0408802, 0.096599, 0.994484, 0.0)], [0.00269487, 0.00468187, -0.0145027, 1.0)]])
0.00269487, 0.00468187, -0.0145027
float3(-0.0967498, 0.0410838, -1.56262)
360026.547290666
normal
simd_float4x4([[0.0107152, -0.995601, 0.0930786, 0.0)], [0.999291, 0.00730165, -0.0369372, 0.0)], [0.0360951, 0.0934084, 0.994973, 0.0)], [0.00396829, 0.00474387, -0.0126574, 1.0)]])
0.00396829, 0.00474387, -0.0126574
float3(-0.0935448, 0.0362615, -1.56346)
360026.613950125
normal
simd_float4x4([[0.00781572, -0.99596, 0.0894617, 0.0)], [0.999474, 0.00496481, -0.0320456, 0.0)], [0.031472, 0.0896651, 0.995475, 0.0)], [0.00516793, 0.0045322, -0.0107106, 1.0)]])
0.00516793, 0.0045322, -0.0107106
float3(-0.0897857, 0.0316046, -1.56581)
360026.713939583
normal
simd_float4x4([[0.010815, -0.99593, 0.0894771, 0.0)], [0.999514, 0.00815019, -0.0300945, 0.0)], [0.0292427, 0.0897591, 0.995534, 0.0)], [0.00470815, 0.00513366, -0.0107249, 1.0)]])
0.00470815, 0.00513366, -0.0107249
float3(-0.0898801, 0.0293655, -1.56261)
360026.780599083
normal
simd_float4x4([[0.0104523, -0.996139, 0.087162, 0.0)], [0.99955, 0.00795694, -0.028928, 0.0)], [0.0281228, 0.0874251, 0.995774, 0.0)], [0.00505225, 0.00478468, -0.0103444, 1.0)]])
0.00505225, 0.00478468, -0.0103444
float3(-0.0875369, 0.0282346, -1.56281)
360026.847258708
normal
simd_float4x4([[0.00704926, -0.995872, 0.0904899, 0.0)], [0.999485, 0.00418273, -0.0318286, 0.0)], [0.0313187, 0.0906677, 0.995389, 0.0)], [0.00529013, 0.00397788, -0.0121579, 1.0)]])
0.00529013, 0.00397788, -0.0121579
float3(-0.0907924, 0.0314534, -1.5666)
360026.947247875
normal
simd_float4x4([[0.00436583, -0.995687, 0.0926723, 0.0)], [0.999382, 0.00111233, -0.0351302, 0.0)], [0.0348756, 0.0927685, 0.995077, 0.0)], [0.00535729, 0.00271783, -0.0133283, 1.0)]])
0.00535729, 0.00271783, -0.0133283
float3(-0.092902, 0.0350338, -1.56968)
360027.013907583
normal
simd_float4x4([[0.00156858, -0.995969, 0.0896882, 0.0)], [0.99924, -0.00193223, -0.0389329, 0.0)], [0.0389492, 0.0896811, 0.995209, 0.0)], [0.00609722, 0.00251855, -0.0130479, 1.0)]])
0.00609722, 0.00251855, -0.0130479
float3(-0.0898017, 0.0391168, -1.57274)
360027.097232041
normal
simd_float4x4([[-0.00354104, -0.99649, 0.0836364, 0.0)], [0.999095, -0.00706984, -0.0419338, 0.0)], [0.0423779, 0.0834122, 0.995614, 0.0)], [0.00800618, 0.00226336, -0.0116975, 1.0)]])
0.00800618, 0.00226336, -0.0116975
float3(-0.0835093, 0.0425389, -1.57789)
360027.163891458
normal
simd_float4x4([[-0.00444061, -0.996205, 0.0869251, 0.0)], [0.999323, -0.00759587, -0.0360016, 0.0)], [0.0365252, 0.0867064, 0.995564, 0.0)], [0.00964133, 0.00235824, -0.0115361, 1.0)]])
0.00964133, 0.00235824, -0.0115361
float3(-0.0868154, 0.0366715, -1.57842)
360027.230551041
normal
simd_float4x4([[-0.0077663, -0.996528, 0.0828965, 0.0)], [0.99953, -0.0101954, -0.0289196, 0.0)], [0.0296643, 0.082633, 0.996138, 0.0)], [0.0123526, 0.00234081, -0.00989809, 1.0)]])
0.0123526, 0.00234081, -0.00989809
float3(-0.0827273, 0.0297705, -1.58103)
360027.313875541
normal
simd_float4x4([[-0.00981518, -0.996599, 0.0818176, 0.0)], [0.99972, -0.0115424, -0.020665, 0.0)], [0.0215391, 0.0815919, 0.996433, 0.0)], [0.00999651, -0.0137831, 0.00217364, 1.0)]])
0.00999651, -0.0137831, 0.00217364
float3(-0.0816827, 0.0216129, -1.58238)
360027.397200083
normal
simd_float4x4([[-0.00982874, -0.996578, 0.0820771, 0.0)], [0.999796, -0.0112438, -0.0167965, 0.0)], [0.0176618, 0.0818953, 0.996484, 0.0)], [0.0112975, -0.0133721, 0.00271759, 1.0)]])
0.0112975, -0.0133721, 0.00271759
float3(-0.0819871, 0.0177223, -1.58208)
360027.463859541
normal
simd_float4x4([[-0.011084, -0.996599, 0.0816547, 0.0)], [0.999792, -0.0124418, -0.0161386, 0.0)], [0.0170996, 0.0814589, 0.99653, 0.0)], [0.0118292, -0.0133628, 0.00414034, 1.0)]])
0.0118292, -0.0133628, 0.00414034
float3(-0.0815492, 0.0171575, -1.58328)
360027.530519125
normal
simd_float4x4([[-0.0118795, -0.996495, 0.0828045, 0.0)], [0.999789, -0.0132264, -0.0157356, 0.0)], [0.0167756, 0.0826, 0.996442, 0.0)], [0.0119902, -0.0134306, 0.00446737, 1.0)]])
0.0119902, -0.0134306, 0.00446737
float3(-0.0826943, 0.0168339, -1.58407)
360027.597178791
normal
simd_float4x4([[-0.0122407, -0.99661, 0.0813593, 0.0)], [0.999785, -0.0135588, -0.0156688, 0.0)], [0.0167188, 0.08115, 0.996562, 0.0)], [0.0126183, -0.0133544, 0.00514901, 1.0)]])
0.0126183, -0.0133544, 0.00514901
float3(-0.0812393, 0.0167749, -1.5844)
360027.680503166
normal
simd_float4x4([[-0.0125943, -0.99666, 0.0806913, 0.0)], [0.999775, -0.0139276, -0.0159817, 0.0)], [0.0170522, 0.0804718, 0.996611, 0.0)], [0.0132912, -0.0127338, 0.00576399, 1.0)]])
0.0132912, -0.0127338, 0.00576399
float3(-0.0805589, 0.0171085, -1.58477)
360027.747162708
normal
simd_float4x4([[-0.0114924, -0.996674, 0.0806805, 0.0)], [0.999803, -0.0127591, -0.0152022, 0.0)], [0.0161811, 0.0804898, 0.996624, 0.0)], [0.0133649, -0.01243, 0.00628612, 1.0)]])
0.0133649, -0.01243, 0.00628612
float3(-0.080577, 0.0162344, -1.5836)
360027.813822416
normal
simd_float4x4([[-0.010605, -0.996789, 0.0793641, 0.0)], [0.999839, -0.0117205, -0.0136027, 0.0)], [0.0144892, 0.079207, 0.996753, 0.0)], [0.0133179, -0.0119608, 0.00797558, 1.0)]])
0.0133179, -0.0119608, 0.00797558
float3(-0.0792901, 0.0145354, -1.58255)
360027.913811666
normal
simd_float4x4([[-0.010355, -0.996935, 0.0775458, 0.0)], [0.999846, -0.0114218, -0.0133253, 0.0)], [0.0141702, 0.0773959, 0.9969, 0.0)], [0.0134803, -0.0111715, 0.009485, 1.0)]])
0.0134803, -0.0111715, 0.009485
float3(-0.0774733, 0.0142133, -1.58225)
360027.997136041
normal
simd_float4x4([[-0.00843728, -0.996979, 0.0772153, 0.0)], [0.99988, -0.00941369, -0.0122901, 0.0)], [0.0129798, 0.0771024, 0.996939, 0.0)], [0.0128794, -0.0107472, 0.00993605, 1.0)]])
0.0128794, -0.0107472, 0.00993605
float3(-0.077179, 0.013019, -1.58024)
360028.063795791
normal
simd_float4x4([[-0.00921162, -0.997014, 0.0766759, 0.0)], [0.999865, -0.0102274, -0.0128656, 0.0)], [0.0136114, 0.076547, 0.996973, 0.0)], [0.012937, -0.0108392, 0.010749, 1.0)]])
0.012937, -0.0108392, 0.010749
float3(-0.076622, 0.0136519, -1.58105)
360028.130455166
normal
simd_float4x4([[-0.0107439, -0.996874, 0.0782688, 0.0)], [0.999807, -0.0119958, -0.0155422, 0.0)], [0.0164325, 0.0780867, 0.996811, 0.0)], [0.0129706, -0.0111766, 0.0108934, 1.0)]])
0.0129706, -0.0111766, 0.0108934
float3(-0.0781663, 0.0164836, -1.58283)
360028.197114916
normal
simd_float4x4([[-0.0102326, -0.996701, 0.0805184, 0.0)], [0.999802, -0.0115727, -0.0161944, 0.0)], [0.0170728, 0.0803368, 0.996622, 0.0)], [0.0122656, -0.0112627, 0.0103308, 1.0)]])
0.0122656, -0.0112627, 0.0103308
float3(-0.0804234, 0.017129, -1.58241)
360028.297104041
normal
simd_float4x4([[-0.00970934, -0.996767, 0.079758, 0.0)], [0.999826, -0.0109455, -0.0150762, 0.0)], [0.0159005, 0.0795977, 0.9967, 0.0)], [0.0111869, -0.0112188, 0.01081, 1.0)]])
0.0111869, -0.0112188, 0.01081
float3(-0.079682, 0.0159518, -1.58178)
360028.363763791
normal
simd_float4x4([[-0.00913373, -0.996657, 0.0811846, 0.0)], [0.999888, -0.0100629, -0.0110438, 0.0)], [0.0118238, 0.0810747, 0.996638, 0.0)], [0.0111152, -0.01178, 0.00980544, 1.0)]])
0.0111152, -0.01178, 0.00980544
float3(-0.0811638, 0.0118632, -1.58089)
360028.430423333
normal
simd_float4x4([[-0.0115312, -0.996634, 0.0811708, 0.0)], [0.999915, -0.0119835, -0.00508707, 0.0)], [0.00604266, 0.0811053, 0.996687, 0.0)], [0.0117763, -0.0120537, 0.00904669, 1.0)]])
0.0117763, -0.0120537, 0.00904669
float3(-0.0811945, 0.00606267, -1.58282)
360028.513747833
normal
simd_float4x4([[-0.0100717, -0.996426, 0.0838686, 0.0)], [0.999929, -0.00950262, 0.00718125, 0.0)], [-0.00635861, 0.083935, 0.996451, 0.0)], [0.0119741, -0.0120124, 0.00773105, 1.0)]])
0.0119741, -0.0120124, 0.00773105
float3(-0.0840339, -0.00638117, -1.58033)
360028.580407333
normal
simd_float4x4([[-0.00820626, -0.996456, 0.0837196, 0.0)], [0.999783, -0.00657082, 0.0197916, 0.0)], [-0.0191713, 0.0838638, 0.996293, 0.0)], [0.0122039, -0.0117073, 0.00754005, 1.0)]])
0.0122039, -0.0117073, 0.00754005
float3(-0.0839624, -0.0192403, -1.57739)
360028.647066916
normal
simd_float4x4([[-0.00748253, -0.996517, 0.0830586, 0.0)], [0.999357, -0.0045395, 0.0355655, 0.0)], [-0.0350646, 0.0832713, 0.99591, 0.0)], [0.0122776, -0.011432, 0.00651722, 1.0)]])
0.0122776, -0.011432, 0.00651722
float3(-0.0833679, -0.0351941, -1.57535)
360028.713726416
normal
simd_float4x4([[-0.00668581, -0.99636, 0.0849804, 0.0)], [0.998393, -0.00186891, 0.0566361, 0.0)], [-0.0562711, 0.0852225, 0.994772, 0.0)], [0.0117649, -0.0122314, 0.00609123, 1.0)]])
0.0117649, -0.0122314, 0.00609123
float3(-0.085326, -0.0565066, -1.57267)
360028.780385958
normal
simd_float4x4([[-0.00740642, -0.996258, 0.0861092, 0.0)], [0.997027, -0.000752193, 0.0770535, 0.0)], [-0.0767004, 0.0864239, 0.993302, 0.0)], [0.011467, -0.0134716, 0.00587956, 1.0)]])
0.011467, -0.0134716, 0.00587956
float3(-0.0865318, -0.0770648, -1.57155)
360028.880375166
normal
simd_float4x4([[-0.0118791, -0.996656, 0.0808444, 0.0)], [0.993042, -0.00228587, 0.117736, 0.0)], [-0.117157, 0.0816805, 0.989749, 0.0)], [0.0122648, -0.0158387, 0.00680723, 1.0)]])
0.0122648, -0.0158387, 0.00680723
float3(-0.0817716, -0.117823, -1.57309)
360028.947034875
normal
simd_float4x4([[-0.0159683, -0.997055, 0.0750066, 0.0)], [0.988197, -0.00430712, 0.153125, 0.0)], [-0.152351, 0.0765665, 0.985356, 0.0)], [0.014228, -0.0177004, 0.00793534, 1.0)]])
0.014228, -0.0177004, 0.00793534
float3(-0.0766415, -0.153401, -1.57512)
360029.013694416
normal
simd_float4x4([[-0.0170401, -0.997478, 0.0689042, 0.0)], [0.98063, -0.00322389, 0.195841, 0.0)], [-0.195125, 0.0709067, 0.978212, 0.0)], [0.0164095, -0.0192103, 0.00965912, 1.0)]])
0.0164095, -0.0192103, 0.00965912
float3(-0.0709662, -0.196887, -1.57403)
360029.113683875
normal
simd_float4x4([[-0.0160547, -0.997783, 0.064584, 0.0)], [0.961903, 0.00221797, 0.273382, 0.0)], [-0.272919, 0.0665126, 0.959735, 0.0)], [0.0222823, -0.0221257, 0.0112315, 1.0)]])
0.0222823, -0.0221257, 0.0112315
float3(-0.0665618, -0.277055, -1.56857)
360029.180343375
normal
simd_float4x4([[-0.0181636, -0.997889, 0.0623547, 0.0)], [0.944613, 0.00331239, 0.32817, 0.0)], [-0.327684, 0.0648618, 0.942558, 0.0)], [0.028229, -0.025398, 0.0123569, 1.0)]])
0.028229, -0.025398, 0.0123569
float3(-0.0649073, -0.334583, -1.56748)
360029.247002916
normal
simd_float4x4([[-0.024389, -0.997877, 0.0603865, 0.0)], [0.921607, 0.000962358, 0.388123, 0.0)], [-0.387357, 0.0651185, 0.919627, 0.0)], [0.0353293, -0.0280483, 0.0143854, 1.0)]])
0.0353293, -0.0280483, 0.0143854
float3(-0.0651646, -0.398657, -1.56983)
360029.313662458
normal
simd_float4x4([[-0.0305659, -0.997736, 0.0599113, 0.0)], [0.891327, -8.28762e-05, 0.453362, 0.0)], [-0.45233, 0.0672579, 0.889311, 0.0)], [0.0437644, -0.0319469, 0.0176988, 1.0)]])
0.0437644, -0.0319469, 0.0176988
float3(-0.0673087, -0.470528, -1.57088)
360029.380322125
normal
simd_float4x4([[-0.0329746, -0.997649, 0.0600823, 0.0)], [0.852874, 0.00325376, 0.522106, 0.0)], [-0.521074, 0.0684589, 0.850761, 0.0)], [0.0535185, -0.0334676, 0.0243337, 1.0)]])
0.0535185, -0.0334676, 0.0243337
float3(-0.0685124, -0.549545, -1.56753)
360029.480311458
normal
simd_float4x4([[-0.0283465, -0.99775, 0.0607539, 0.0)], [0.777432, 0.0161985, 0.628759, 0.0)], [-0.628328, 0.0650552, 0.775223, 0.0)], [0.0708478, -0.0325527, 0.0393522, 1.0)]])
0.0708478, -0.0325527, 0.0393522
float3(-0.0651011, -0.681118, -1.55456)
360029.546970958
normal
simd_float4x4([[-0.0306737, -0.99832, 0.0491455, 0.0)], [0.715577, 0.0123958, 0.698423, 0.0)], [-0.69786, 0.0565906, 0.713996, 0.0)], [0.0846571, -0.0312436, 0.0550853, 1.0)]])
0.0846571, -0.0312436, 0.0550853
float3(-0.0566209, -0.77397, -1.55838)
360029.6302955
normal
simd_float4x4([[-0.0447376, -0.998554, 0.0298195, 0.0)], [0.628475, -0.00492951, 0.777815, 0.0)], [-0.776543, 0.0535383, 0.627786, 0.0)], [0.105532, -0.0307778, 0.0778965, 1.0)]])
0.105532, -0.0307778, 0.0778965
float3(-0.0535639, -0.890932, -1.57573)
360029.696954916
normal
simd_float4x4([[-0.0576735, -0.998224, 0.0149362, 0.0)], [0.549078, -0.0192214, 0.83555, 0.0)], [-0.833779, 0.0563902, 0.549211, 0.0)], [0.123011, -0.0313991, 0.0985797, 1.0)]])
0.123011, -0.0313991, 0.0985797
float3(-0.0564201, -0.988329, -1.59005)
360029.763614583
normal
simd_float4x4([[-0.060277, -0.998175, 0.00360599, 0.0)], [0.462925, -0.0247538, 0.886052, 0.0)], [-0.884346, 0.0550778, 0.463572, 0.0)], [0.138114, -0.0319471, 0.122442, 1.0)]])
0.138114, -0.0319471, 0.122442
float3(-0.0551057, -1.08798, -1.59559)
360029.830274083
normal
simd_float4x4([[-0.0632899, -0.997994, -0.00143286, 0.0)], [0.374492, -0.02508, 0.926891, 0.0)], [-0.925067, 0.0581262, 0.375329, 0.0)], [0.152971, -0.0311327, 0.145987, 1.0)]])
0.152971, -0.0311327, 0.145987
float3(-0.058159, -1.18536, -1.59592)
360029.896933666
normal
simd_float4x4([[-0.0629975, -0.998014, 0.000291284, 0.0)], [0.274848, -0.0170686, 0.961336, 0.0)], [-0.959422, 0.0606419, 0.275377, 0.0)], [0.164434, -0.0300506, 0.17193, 1.0)]])
0.164434, -0.0300506, 0.17193
float3(-0.0606791, -1.29129, -1.5879)
360029.980257916
normal
simd_float4x4([[-0.0660226, -0.997786, -0.00800435, 0.0)], [0.150923, -0.0179153, 0.988383, 0.0)], [-0.986338, 0.0640475, 0.151771, 0.0)], [0.177355, -0.0300352, 0.205714, 1.0)]])
0.177355, -0.0300352, 0.205714
float3(-0.0640914, -1.41812, -1.58875)
360030.063582458
normal
simd_float4x4([[-0.0630256, -0.997675, -0.0259134, 0.0)], [0.0430195, -0.0286567, 0.998663, 0.0)], [-0.997084, 0.0618265, 0.0447256, 0.0)], [0.187895, -0.0295068, 0.239943, 1.0)]])
0.187895, -0.0295068, 0.239943
float3(-0.061866, -1.52597, -1.59951)
360030.180236875
normal
simd_float4x4([[-0.0497506, -0.998687, -0.0122214, 0.0)], [-0.130306, -0.00564162, 0.991458, 0.0)], [-0.990225, 0.0509181, -0.129854, 0.0)], [0.188745, -0.0237374, 0.279766, 1.0)]])
0.188745, -0.0237374, 0.279766
float3(-0.0509402, -1.70119, -1.57645)
360030.280226083
normal
simd_float4x4([[-0.0542625, -0.998506, 0.00638939, 0.0)], [-0.294943, 0.0221409, 0.955258, 0.0)], [-0.953973, 0.0499502, -0.295704, 0.0)], [0.181369, -0.0204632, 0.308509, 1.0)]])
0.181369, -0.0204632, 0.308509
float3(-0.049971, -1.87138, -1.54863)
360030.363550541
normal
simd_float4x4([[-0.0707669, -0.99748, -0.00501295, 0.0)], [-0.426177, 0.0256909, 0.904275, 0.0)], [-0.901868, 0.0661292, -0.426921, 0.0)], [0.174205, -0.0205211, 0.330639, 1.0)]])
0.174205, -0.0205211, 0.330639
float3(-0.0661775, -2.01292, -1.54505)
360030.463573583
normal
simd_float4x4([[-0.0776592, -0.996845, -0.0164317, 0.0)], [-0.553329, 0.0293854, 0.832444, 0.0)], [-0.829335, 0.073739, -0.553865, 0.0)], [0.161248, -0.0223053, 0.350183, 1.0)]])
0.161248, -0.0223053, 0.350183
float3(-0.073806, -2.15961, -1.54133)
360030.513601916
normal
simd_float4x4([[-0.088304, -0.995746, -0.026302, 0.0)], [-0.614319, 0.033655, 0.78834, 0.0)], [-0.784101, 0.0857713, -0.614678, 0.0)], [0.158322, -0.0253923, 0.360121, 1.0)]])
0.158322, -0.0253923, 0.360121
float3(-0.0858769, -2.23566, -1.53701)
360030.56363
normal
simd_float4x4([[-0.0964703, -0.994557, -0.0393762, 0.0)], [-0.668358, 0.0354131, 0.742996, 0.0)], [-0.737557, 0.0979944, -0.668136, 0.0)], [0.154252, -0.0282887, 0.368557, 1.0)]])
0.154252, -0.0282887, 0.368557
float3(-0.098152, -2.30685, -1.5352)
360030.630334291
normal
simd_float4x4([[-0.102559, -0.993217, -0.0547899, 0.0)], [-0.731908, 0.038046, 0.680341, 0.0)], [-0.673642, 0.109876, -0.730845, 0.0)], [0.156092, -0.0328149, 0.38236, 1.0)]])
0.156092, -0.0328149, 0.38236
float3(-0.110099, -2.3969, -1.53251)
360030.697038625
normal
simd_float4x4([[-0.102033, -0.99239, -0.068928, 0.0)], [-0.786282, 0.0380079, 0.616697, 0.0)], [-0.609385, 0.11712, -0.784177, 0.0)], [0.160127, -0.0378295, 0.393939, 1.0)]])
0.160127, -0.0378295, 0.393939
float3(-0.117389, -2.48097, -1.53252)
360030.747066833
normal
simd_float4x4([[-0.102465, -0.991615, -0.0787431, 0.0)], [-0.821453, 0.0397069, 0.568892, 0.0)], [-0.560996, 0.122975, -0.818634, 0.0)], [0.16053, -0.039984, 0.398797, 1.0)]])
0.16053, -0.039984, 0.398797
float3(-0.123288, -2.54081, -1.53077)
360030.81377125
normal
simd_float4x4([[-0.0845332, -0.99266, -0.086489, 0.0)], [-0.867599, 0.0306397, 0.49632, 0.0)], [-0.490027, 0.116993, -0.863821, 0.0)], [0.164847, -0.0432777, 0.406286, 1.0)]])
0.164847, -0.0432777, 0.406286
float3(-0.117262, -2.62558, -1.53994)
360030.863799583
normal
simd_float4x4([[-0.0737154, -0.992422, -0.098308, 0.0)], [-0.896198, 0.0226779, 0.443073, 0.0)], [-0.437486, 0.120765, -0.891079, 0.0)], [0.163886, -0.0442686, 0.408928, 1.0)]])
0.163886, -0.0442686, 0.408928
float3(-0.12106, -2.6852, -1.54795)
360030.930503916
normal
simd_float4x4([[-0.0598743, -0.989624, -0.130615, 0.0)], [-0.92798, 0.0069717, 0.372566, 0.0)], [-0.367789, 0.143516, -0.918768, 0.0)], [0.164315, -0.0479293, 0.431165, 1.0)]])
0.164315, -0.0479293, 0.431165
float3(-0.144013, -2.76082, -1.56375)
360030.997208166
normal
