ARKit Data
359972.374124458
normal
simd_float4x4([[0.00535349, -0.999859, 0.0158885, 0.0)], [0.983144, 0.00816641, 0.182649, 0.0)], [-0.182753, 0.0146428, 0.98305, 0.0)], [-0.0210501, -0.0879801, 0.0834428, 1.0)]])
-0.0210501, -0.0879801, 0.0834428
float3(-0.0146434, -0.183806, -1.56263)
359972.440783833
normal
simd_float4x4([[0.0058652, -0.999846, 0.0165131, 0.0)], [0.983251, 0.00877446, 0.182047, 0.0)], [-0.182164, 0.0151687, 0.983151, 0.0)], [-0.0211657, -0.088198, 0.0839388, 1.0)]])
-0.0211657, -0.088198, 0.0839388
float3(-0.0151693, -0.183208, -1.56202)
359972.524108416
normal
simd_float4x4([[0.00687835, -0.99986, 0.0152786, 0.0)], [0.983478, 0.00952803, 0.180775, 0.0)], [-0.180895, 0.0137827, 0.983406, 0.0)], [-0.0215257, -0.0881148, 0.0838975, 1.0)]])
-0.0215257, -0.0881148, 0.0838975
float3(-0.0137831, -0.181914, -1.56127)
359972.590767916
normal
simd_float4x4([[0.00619452, -0.999835, 0.0170838, 0.0)], [0.983363, 0.0091923, 0.18142, 0.0)], [-0.181547, 0.0156757, 0.983257, 0.0)], [-0.0215338, -0.088023, 0.0839305, 1.0)]])
-0.0215338, -0.088023, 0.0839305
float3(-0.0156764, -0.182582, -1.5616)
359972.674092541
normal
simd_float4x4([[0.00804568, -0.999732, 0.0217144, 0.0)], [0.98297, 0.0118939, 0.183383, 0.0)], [-0.183592, 0.0198691, 0.982802, 0.0)], [-0.0221735, -0.0879085, 0.0836954, 1.0)]])
-0.0221735, -0.0879085, 0.0836954
float3(-0.0198704, -0.184676, -1.5589)
359972.740752041
normal
simd_float4x4([[0.00915708, -0.999764, 0.0197065, 0.0)], [0.983006, 0.0126134, 0.183137, 0.0)], [-0.183342, 0.0176946, 0.98289, 0.0)], [-0.0223055, -0.0875628, 0.0843276, 1.0)]])
-0.0223055, -0.0875628, 0.0843276
float3(-0.0176955, -0.184415, -1.55818)
359973.471163
notAvailable
simd_float4x4([[-0.00819178, 0.0, 0.999966, 0.0)], [0.0, 1.0, 0.0, 0.0)], [-0.999966, 0.0, -0.00819177, 0.0)], [-0.00627263, -0.078491, 0.00332572, 1.0)]])
-0.00627263, -0.078491, 0.00332572
float3(-0.0, -1.57899, 0.0)
359973.5378225
notAvailable
simd_float4x4([[-0.00819178, 0.0, 0.999966, 0.0)], [0.0, 1.0, 0.0, 0.0)], [-0.999966, 0.0, -0.00819177, 0.0)], [-0.00627263, -0.078491, 0.00332572, 1.0)]])
-0.00627263, -0.078491, 0.00332572
float3(-0.0, -1.57899, 0.0)
359973.604482166
limited(__ObjC.ARCamera.TrackingState.Reason.initializing)
simd_float4x4([[0.00670221, -0.999621, 0.0266966, 0.0)], [0.999978, 0.00669982, -0.000178919, 0.0)], [-1.01863e-08, 0.0266972, 0.999643, 0.0)], [0.0, 0.0, 0.0, 1.0)]])
0.0, 0.0, 0.0
float3(-0.0267004, -1.019e-08, -1.56409)
359973.671141666
limited(__ObjC.ARCamera.TrackingState.Reason.initializing)
simd_float4x4([[0.00714321, -0.999615, 0.0268114, 0.0)], [0.999974, 0.00715465, 0.000330944, 0.0)], [-0.00052264, 0.0268083, 0.99964, 0.0)], [0.0, 0.0, 0.0, 1.0)]])
0.0, 0.0, 0.0
float3(-0.0268115, -0.000522828, -1.56364)
359973.737801125
limited(__ObjC.ARCamera.TrackingState.Reason.initializing)
simd_float4x4([[0.00630966, -0.999657, 0.025432, 0.0)], [0.99998, 0.00629914, -0.000493955, 0.0)], [0.000333587, 0.0254346, 0.999676, 0.0)], [0.0, 0.0, 0.0, 1.0)]])
0.0, 0.0, 0.0
float3(-0.0254374, 0.000333695, -1.5645)
359973.804460875
limited(__ObjC.ARCamera.TrackingState.Reason.initializing)
simd_float4x4([[0.0103515, -0.999399, 0.0330827, 0.0)], [0.999946, 0.0103387, -0.000557222, 0.0)], [0.000214857, 0.0330867, 0.999452, 0.0)], [0.0, 0.0, 0.0, 1.0)]])
0.0, 0.0, 0.0
float3(-0.0330927, 0.000214975, -1.56045)
359973.871120333
limited(__ObjC.ARCamera.TrackingState.Reason.initializing)
simd_float4x4([[0.00916077, -0.999531, 0.0292112, 0.0)], [0.999958, 0.00917154, 0.000234861, 0.0)], [-0.000502661, 0.0292078, 0.999573, 0.0)], [0.0, 0.0, 0.0, 1.0)]])
0.0, 0.0, 0.0
float3(-0.0292119, -0.000502876, -1.56162)
359973.937779958
limited(__ObjC.ARCamera.TrackingState.Reason.initializing)
simd_float4x4([[0.0100877, -0.999481, 0.0306095, 0.0)], [0.999949, 0.010075, -0.000570296, 0.0)], [0.000261608, 0.0306137, 0.999531, 0.0)], [0.0, 0.0, 0.0, 1.0)]])
0.0, 0.0, 0.0
float3(-0.0306185, 0.000261731, -1.56072)
359974.0044395
limited(__ObjC.ARCamera.TrackingState.Reason.initializing)
simd_float4x4([[0.0113536, -0.999487, 0.0299424, 0.0)], [0.999935, 0.0113731, 0.000478958, 0.0)], [-0.000819249, 0.029935, 0.999552, 0.0)], [0.0, 0.0, 0.0, 1.0)]])
0.0, 0.0, 0.0
float3(-0.0299395, -0.000819616, -1.55942)
359974.071099166
limited(__ObjC.ARCamera.TrackingState.Reason.initializing)
simd_float4x4([[0.0105989, -0.999479, 0.0304862, 0.0)], [0.999944, 0.010599, -0.000159079, 0.0)], [-0.000164128, 0.0304862, 0.999535, 0.0)], [0.0, 0.0, 0.0, 1.0)]])
0.0, 0.0, 0.0
float3(-0.0304909, -0.000164204, -1.56019)
359974.154423625
limited(__ObjC.ARCamera.TrackingState.Reason.initializing)
simd_float4x4([[0.00901226, -0.999459, 0.0316183, 0.0)], [0.999959, 0.00901215, -0.000145982, 0.0)], [-0.000139046, 0.0316183, 0.9995, 0.0)], [0.0, 0.0, 0.0, 1.0)]])
0.0, 0.0, 0.0
float3(-0.0316236, -0.000139115, -1.56178)
359974.237747916
limited(__ObjC.ARCamera.TrackingState.Reason.initializing)
simd_float4x4([[0.00786922, -0.999473, 0.0315042, 0.0)], [0.999969, 0.00783552, -0.00119308, 0.0)], [0.000945603, 0.0315126, 0.999503, 0.0)], [0.0, 0.0, 0.0, 1.0)]])
0.0, 0.0, 0.0
float3(-0.0315178, 0.000946073, -1.56296)
359974.321072541
normal
simd_float4x4([[0.0114696, -0.999308, 0.035386, 0.0)], [0.999928, 0.0113382, -0.0039133, 0.0)], [0.00350938, 0.0354283, 0.999366, 0.0)], [0.0, 0.0, 0.0, 1.0)]])
0.0, 0.0, 0.0
float3(-0.0354357, 0.00351159, -1.55945)
359974.404396833
normal
simd_float4x4([[0.0100887, -0.999296, 0.0361347, 0.0)], [0.999932, 0.009873, -0.00614238, 0.0)], [0.0057813, 0.0361943, 0.999328, 0.0)], [-0.000463314, 0.000873208, -0.000954291, 1.0)]])
-0.000463314, 0.000873208, -0.000954291
float3(-0.0362022, 0.00578512, -1.56092)
359974.487721291
normal
simd_float4x4([[0.0103008, -0.999308, 0.0357349, 0.0)], [0.999921, 0.0100377, -0.0075349, 0.0)], [0.00717099, 0.0358097, 0.999333, 0.0)], [-0.000411968, 0.000747167, -0.000527881, 1.0)]])
-0.000411968, 0.000747167, -0.000527881
float3(-0.0358173, 0.00717566, -1.56075)
359974.571045875
normal
simd_float4x4([[0.0100855, -0.999322, 0.035421, 0.0)], [0.999912, 0.00977524, -0.00892297, 0.0)], [0.00857066, 0.0355079, 0.999333, 0.0)], [0.000563576, 0.00150156, -0.000841953, 1.0)]])
0.000563576, 0.00150156, -0.000841953
float3(-0.0355153, 0.00857618, -1.56101)
359974.654370291
normal
simd_float4x4([[0.00917574, -0.999332, 0.0353699, 0.0)], [0.999905, 0.00880498, -0.010624, 0.0)], [0.0103054, 0.0354641, 0.999318, 0.0)], [0.00109946, 0.00143829, 0.000718074, 1.0)]])
0.00109946, 0.00143829, 0.000718074
float3(-0.0354715, 0.0103121, -1.56199)
359974.721029791
normal
simd_float4x4([[0.00935392, -0.999302, 0.0361615, 0.0)], [0.999889, 0.00892753, -0.0119349, 0.0)], [0.0116037, 0.0362691, 0.999275, 0.0)], [0.00107077, 0.0017008, 0.000888588, 1.0)]])
0.00107077, 0.0017008, 0.000888588
float3(-0.036277, 0.0116116, -1.56186)
359974.804354166
normal
simd_float4x4([[0.00961157, -0.999276, 0.0368068, 0.0)], [0.99985, 0.00907366, -0.0147536, 0.0)], [0.0144089, 0.0369431, 0.999213, 0.0)], [0.00097103, 0.00140709, 0.00146607, 1.0)]])
0.00097103, 0.00140709, 0.00146607
float3(-0.0369515, 0.0144193, -1.56172)
359974.871013833
normal
simd_float4x4([[0.00880693, -0.99928, 0.0368958, 0.0)], [0.999808, 0.00815332, -0.0178282, 0.0)], [0.0175145, 0.0370457, 0.99916, 0.0)], [0.000826912, 0.00154562, 0.00236093, 1.0)]])
0.000826912, 0.00154562, 0.00236093
float3(-0.0370542, 0.0175274, -1.56264)
359974.954338333
normal
simd_float4x4([[0.0101112, -0.999255, 0.037235, 0.0)], [0.99973, 0.00932294, -0.0212827, 0.0)], [0.0209197, 0.0374401, 0.99908, 0.0)], [0.000430995, 0.00197356, 0.00281515, 1.0)]])
0.000430995, 0.00197356, 0.00281515
float3(-0.0374489, 0.0209359, -1.56147)
359975.020997916
normal
simd_float4x4([[0.0110703, -0.999233, 0.0375732, 0.0)], [0.999654, 0.010163, -0.0242531, 0.0)], [0.0238527, 0.0378287, 0.998999, 0.0)], [-0.000117837, 0.00224374, 0.00442149, 1.0)]])
-0.000117837, 0.00224374, 0.00442149
float3(-0.0378377, 0.023872, -1.56063)
359975.10432225
normal
simd_float4x4([[0.0114135, -0.999216, 0.0379003, 0.0)], [0.999598, 0.0104178, -0.0263658, 0.0)], [0.0259503, 0.038186, 0.998934, 0.0)], [-0.000164516, 0.00240123, 0.00566541, 1.0)]])
-0.000164516, 0.00240123, 0.00566541
float3(-0.0381953, 0.0259721, -1.56037)
359975.204311708
normal
simd_float4x4([[0.010994, -0.999244, 0.0372807, 0.0)], [0.999506, 0.00988418, -0.0298242, 0.0)], [0.0294331, 0.0375902, 0.99886, 0.0)], [0.000384312, 0.00266137, 0.00641117, 1.0)]])
0.000384312, 0.00266137, 0.00641117
float3(-0.037599, 0.0294582, -1.5609)
359975.287636166
normal
simd_float4x4([[0.0107712, -0.999228, 0.0377828, 0.0)], [0.999397, 0.00951081, -0.0333818, 0.0)], [0.0329967, 0.0381196, 0.998728, 0.0)], [0.000209395, 0.00335024, 0.00671687, 1.0)]])
0.000209395, 0.00335024, 0.00671687
float3(-0.0381288, 0.0330267, -1.56128)
359975.370960541
normal
simd_float4x4([[0.0117647, -0.999219, 0.0377116, 0.0)], [0.999306, 0.0104166, -0.0357465, 0.0)], [0.0353257, 0.038106, 0.998649, 0.0)], [-0.00029143, 0.00386775, 0.00691772, 1.0)]])
-0.00029143, 0.00386775, 0.00691772
float3(-0.0381152, 0.0353588, -1.56037)
359975.437620083
normal
simd_float4x4([[0.0111125, -0.999236, 0.0374635, 0.0)], [0.999211, 0.00966781, -0.0385255, 0.0)], [0.0381339, 0.037862, 0.998555, 0.0)], [-7.18553e-05, 0.00406224, 0.00679916, 1.0)]])
-7.18553e-05, 0.00406224, 0.00679916
float3(-0.0378711, 0.0381705, -1.56112)
359975.537609458
normal
simd_float4x4([[0.0112875, -0.999238, 0.0373671, 0.0)], [0.999153, 0.00979239, -0.0399554, 0.0)], [0.039559, 0.0377864, 0.998502, 0.0)], [-0.000382922, 0.00450525, 0.00723593, 1.0)]])
-0.000382922, 0.00450525, 0.00723593
float3(-0.0377954, 0.0395977, -1.561)
359975.620933875
normal
simd_float4x4([[0.0124081, -0.999197, 0.0380993, 0.0)], [0.99915, 0.0108916, -0.0397571, 0.0)], [0.0393102, 0.0385602, 0.998483, 0.0)], [-0.000464713, 0.00462302, 0.00735636, 1.0)]])
-0.000464713, 0.00462302, 0.00735636
float3(-0.0385698, 0.0393496, -1.5599)
359975.6875935
normal
simd_float4x4([[0.0128161, -0.999168, 0.0387151, 0.0)], [0.999202, 0.0113324, -0.0383039, 0.0)], [0.0378333, 0.0391751, 0.998516, 0.0)], [-0.000528968, 0.00468671, 0.00800484, 1.0)]])
-0.000528968, 0.00468671, 0.00800484
float3(-0.0391852, 0.0378714, -1.55946)
359975.754253166
normal
simd_float4x4([[0.0123422, -0.999139, 0.0396131, 0.0)], [0.999226, 0.0108441, -0.0378143, 0.0)], [0.0373522, 0.0400492, 0.998499, 0.0)], [-8.98126e-05, 0.00449178, 0.00711713, 1.0)]])
-8.98126e-05, 0.00449178, 0.00711713
float3(-0.0400599, 0.0373909, -1.55994)
359975.837577583
normal
simd_float4x4([[0.0134337, -0.99913, 0.0394742, 0.0)], [0.99921, 0.0119374, -0.0379009, 0.0)], [0.0373967, 0.0399522, 0.998501, 0.0)], [-8.97264e-05, 0.00442319, 0.0072026, 1.0)]])
-8.97264e-05, 0.00442319, 0.0072026
float3(-0.0399628, 0.0374354, -1.55885)
359975.920902083
normal
simd_float4x4([[0.0134141, -0.999119, 0.0397657, 0.0)], [0.999226, 0.0119239, -0.0374792, 0.0)], [0.036972, 0.0402377, 0.998506, 0.0)], [-0.000432292, 0.00461966, 0.0071982, 1.0)]])
-0.000432292, 0.00461966, 0.0071982
float3(-0.0402486, 0.0370104, -1.55886)
359975.987561416
normal
simd_float4x4([[0.0135347, -0.999042, 0.0416118, 0.0)], [0.999206, 0.0119538, -0.0380076, 0.0)], [0.0374737, 0.0420931, 0.998411, 0.0)], [-0.000316137, 0.00458125, 0.00676017, 1.0)]])
-0.000316137, 0.00458125, 0.00676017
float3(-0.0421056, 0.0375158, -1.55883)
359976.070885916
normal
simd_float4x4([[0.0132354, -0.999013, 0.0423965, 0.0)], [0.999205, 0.0116194, -0.0381387, 0.0)], [0.0376085, 0.0428675, 0.998373, 0.0)], [-0.000256703, 0.00444379, 0.00554234, 1.0)]])
-0.000256703, 0.00444379, 0.00554234
float3(-0.0428807, 0.037652, -1.55917)
359976.137545541
normal
simd_float4x4([[0.0116755, -0.999036, 0.0423085, 0.0)], [0.999207, 0.0100464, -0.0385165, 0.0)], [0.0380544, 0.0427246, 0.998362, 0.0)], [0.000379869, 0.00447459, 0.00539352, 1.0)]])
0.000379869, 0.00447459, 0.00539352
float3(-0.0427377, 0.0380984, -1.56074)
359976.204205208
normal
simd_float4x4([[0.0112842, -0.999021, 0.0427646, 0.0)], [0.999206, 0.00963109, -0.0386659, 0.0)], [0.0382162, 0.043167, 0.998337, 0.0)], [0.000724723, 0.004479, 0.00514984, 1.0)]])
0.000724723, 0.004479, 0.00514984
float3(-0.0431804, 0.0382612, -1.56116)
359976.270864875
normal
simd_float4x4([[0.0108298, -0.998971, 0.0440337, 0.0)], [0.999175, 0.00908687, -0.039592, 0.0)], [0.0391512, 0.0444261, 0.998245, 0.0)], [0.000922891, 0.00437027, 0.00409134, 1.0)]])
0.000922891, 0.00437027, 0.00409134
float3(-0.0444407, 0.0391999, -1.5617)
359976.354189208
normal
simd_float4x4([[0.0095662, -0.998958, 0.0446319, 0.0)], [0.999207, 0.00782476, -0.0390306, 0.0)], [0.0386407, 0.0449699, 0.998241, 0.0)], [0.00115084, 0.00424436, 0.00314772, 1.0)]])
0.00115084, 0.00424436, 0.00314772
float3(-0.0449851, 0.0386895, -1.56296)
359976.420848791
normal
simd_float4x4([[0.00911737, -0.998944, 0.0450351, 0.0)], [0.999224, 0.00737615, -0.0386797, 0.0)], [0.0383067, 0.0453528, 0.998236, 0.0)], [0.00132457, 0.00410539, 0.00188198, 1.0)]])
0.00132457, 0.00410539, 0.00188198
float3(-0.0453684, 0.0383555, -1.56341)
359976.48750825
normal
simd_float4x4([[0.00990688, -0.998861, 0.0466717, 0.0)], [0.999237, 0.00812578, -0.0381988, 0.0)], [0.0377761, 0.0470145, 0.99818, 0.0)], [0.00126197, 0.00394666, 0.00071753, 1.0)]])
0.00126197, 0.00394666, 0.00071753
float3(-0.0470318, 0.0378269, -1.56266)
359976.570832916
normal
simd_float4x4([[0.00976789, -0.998836, 0.0472393, 0.0)], [0.999276, 0.00801299, -0.037197, 0.0)], [0.0367752, 0.0475684, 0.998191, 0.0)], [0.00133385, 0.00396499, 0.000650011, 1.0)]])
0.00133385, 0.00396499, 0.000650011
float3(-0.0475864, 0.0368252, -1.56277)
359976.670822041
normal
simd_float4x4([[0.00992417, -0.998824, 0.0474609, 0.0)], [0.999298, 0.00819148, -0.0365641, 0.0)], [0.0361323, 0.0477904, 0.998204, 0.0)], [0.00105567, 0.0040885, 0.000381847, 1.0)]])
0.00105567, 0.0040885, 0.000381847
float3(-0.0478086, 0.0361815, -1.5626)
359976.73748175
normal
simd_float4x4([[0.0105748, -0.998808, 0.0476443, 0.0)], [0.999328, 0.00888415, -0.0355572, 0.0)], [0.0350916, 0.0479883, 0.998231, 0.0)], [0.000695021, 0.00405115, -0.00016836, 1.0)]])
0.000695021, 0.00405115, -0.00016836
float3(-0.0480067, 0.0351393, -1.5619)
359976.820806208
normal
simd_float4x4([[0.0113117, -0.998808, 0.0474889, 0.0)], [0.999346, 0.00966105, -0.0348444, 0.0)], [0.0343441, 0.047852, 0.998264, 0.0)], [0.000541541, 0.00412115, -0.00070191, 1.0)]])
0.000541541, 0.00412115, -0.00070191
float3(-0.0478703, 0.0343903, -1.56112)
359976.887465791
normal
simd_float4x4([[0.0117866, -0.998771, 0.0481343, 0.0)], [0.999359, 0.0101391, -0.0343282, 0.0)], [0.033798, 0.0485081, 0.998251, 0.0)], [0.000304487, 0.00431725, -0.00125201, 1.0)]])
0.000304487, 0.00431725, -0.00125201
float3(-0.0485271, 0.0338443, -1.56065)
359976.97079025
normal
simd_float4x4([[0.0123882, -0.998741, 0.0486052, 0.0)], [0.99935, 0.0107207, -0.03442, 0.0)], [0.0338556, 0.049, 0.998225, 0.0)], [0.000521495, 0.00434473, -0.000902014, 1.0)]])
0.000521495, 0.00434473, -0.000902014
float3(-0.0490196, 0.0339028, -1.56006)
359977.037449625
normal
simd_float4x4([[0.0127766, -0.998718, 0.0489747, 0.0)], [0.999373, 0.0111373, -0.0336018, 0.0)], [0.0330133, 0.0493733, 0.998234, 0.0)], [0.000772911, 0.00427977, -0.000236199, 1.0)]])
0.000772911, 0.00427977, -0.000236199
float3(-0.0493934, 0.0330596, -1.55965)
359977.104109375
normal
simd_float4x4([[0.0131374, -0.998733, 0.0485781, 0.0)], [0.999378, 0.0115242, -0.0333413, 0.0)], [0.0327392, 0.0489858, 0.998263, 0.0)], [0.00103415, 0.00444871, -0.000181974, 1.0)]])
0.00103415, 0.00444871, -0.000181974
float3(-0.0490055, 0.0327844, -1.55926)
359977.187433833
normal
simd_float4x4([[0.0135774, -0.998684, 0.0494626, 0.0)], [0.999395, 0.01197, -0.0326512, 0.0)], [0.0320162, 0.049876, 0.998242, 0.0)], [0.00099215, 0.00417859, -0.000350126, 1.0)]])
0.00099215, 0.00417859, -0.000350126
float3(-0.0498967, 0.0320616, -1.55881)
359977.254093333
normal
simd_float4x4([[0.0138488, -0.99865, 0.0500598, 0.0)], [0.99941, 0.0122512, -0.0320795, 0.0)], [0.0314229, 0.0504746, 0.998231, 0.0)], [0.000984732, 0.00397089, -0.000969199, 1.0)]])
0.000984732, 0.00397089, -0.000969199
float3(-0.050496, 0.0314682, -1.55853)
359977.320753
normal
simd_float4x4([[0.0137171, -0.998609, 0.050908, 0.0)], [0.99942, 0.0121061, -0.0318205, 0.0)], [0.0311599, 0.051315, 0.998196, 0.0)], [0.00103282, 0.00384701, -0.0013822, 1.0)]])
0.00103282, 0.00384701, -0.0013822
float3(-0.0513375, 0.0312061, -1.55867)
359977.387412416
normal
simd_float4x4([[0.0126187, -0.998667, 0.0500484, 0.0)], [0.999451, 0.0110634, -0.0312311, 0.0)], [0.0306358, 0.050415, 0.998258, 0.0)], [0.00124002, 0.00391994, -0.00171667, 1.0)]])
0.00124002, 0.00391994, -0.00171667
float3(-0.0504364, 0.0306796, -1.55972)
359977.454072208
normal
simd_float4x4([[0.0113635, -0.998683, 0.0500343, 0.0)], [0.999497, 0.00986288, -0.0301369, 0.0)], [0.0296037, 0.0503516, 0.998293, 0.0)], [0.00133164, 0.00388581, -0.00217669, 1.0)]])
0.00133164, 0.00388581, -0.00217669
float3(-0.0503729, 0.0296457, -1.56092)
359977.537396625
normal
simd_float4x4([[0.0105829, -0.998733, 0.0491933, 0.0)], [0.999538, 0.00916502, -0.02896, 0.0)], [0.0284724, 0.0494771, 0.998369, 0.0)], [0.00140267, 0.0040334, -0.00267255, 1.0)]])
0.00140267, 0.0040334, -0.00267255
float3(-0.0494973, 0.0285112, -1.56162)
359977.604056083
normal
simd_float4x4([[0.0109218, -0.998734, 0.0491049, 0.0)], [0.999582, 0.00958982, -0.0272802, 0.0)], [0.0267748, 0.0493823, 0.998421, 0.0)], [0.00151371, 0.00414625, -0.00320168, 1.0)]])
0.00151371, 0.00414625, -0.00320168
float3(-0.0494024, 0.0268107, -1.56119)
359977.670715708
normal
simd_float4x4([[0.0113851, -0.998704, 0.0496107, 0.0)], [0.999626, 0.0101335, -0.0254057, 0.0)], [0.0248701, 0.0498814, 0.998445, 0.0)], [0.00143224, 0.00423805, -0.00386688, 1.0)]])
0.00143224, 0.00423805, -0.00386688
float3(-0.0499021, 0.0249036, -1.56065)
359977.770705
normal
simd_float4x4([[0.010798, -0.998707, 0.0496862, 0.0)], [0.999695, 0.0096775, -0.0227375, 0.0)], [0.0222273, 0.0499166, 0.998506, 0.0)], [0.00169537, 0.00415597, -0.00442839, 1.0)]])
0.00169537, 0.00415597, -0.00442839
float3(-0.0499373, 0.0222568, -1.56111)
359977.854029416
normal
simd_float4x4([[0.0097267, -0.998736, 0.0493145, 0.0)], [0.999739, 0.00869381, -0.0211164, 0.0)], [0.0206609, 0.049507, 0.99856, 0.0)], [0.00137406, 0.00401034, -0.00465317, 1.0)]])
0.00137406, 0.00401034, -0.00465317
float3(-0.0495273, 0.0206878, -1.56209)
359977.920689083
normal
simd_float4x4([[0.0104242, -0.99867, 0.0504839, 0.0)], [0.999742, 0.00939112, -0.0206576, 0.0)], [0.0201561, 0.0506863, 0.998511, 0.0)], [0.00111513, 0.00430124, -0.00538195, 1.0)]])
0.00111513, 0.00430124, -0.00538195
float3(-0.050708, 0.0201834, -1.56139)
359977.987348625
normal
simd_float4x4([[0.0110281, -0.998672, 0.0503311, 0.0)], [0.999735, 0.00999484, -0.0207355, 0.0)], [0.0202049, 0.0505465, 0.998517, 0.0)], [0.00071871, 0.00437422, -0.00602482, 1.0)]])
0.00071871, 0.00437422, -0.00602482
float3(-0.050568, 0.0202322, -1.56079)
359978.054008125
normal
simd_float4x4([[0.0106088, -0.998679, 0.0502839, 0.0)], [0.999746, 0.00959462, -0.0203678, 0.0)], [0.0198584, 0.0504872, 0.998527, 0.0)], [0.000912088, 0.00474463, -0.00550215, 1.0)]])
0.000912088, 0.00474463, -0.00550215
float3(-0.0505087, 0.0198851, -1.56119)
359978.1373325
normal
simd_float4x4([[0.00977672, -0.998723, 0.0495597, 0.0)], [0.999748, 0.00876049, -0.0206813, 0.0)], [0.0202207, 0.0497494, 0.998557, 0.0)], [0.00139724, 0.00486157, -0.00546464, 1.0)]])
0.00139724, 0.00486157, -0.00546464
float3(-0.04977, 0.0202471, -1.56202)
359978.203992291
normal
simd_float4x4([[0.00999164, -0.998686, 0.0502557, 0.0)], [0.999777, 0.00904174, -0.0190934, 0.0)], [0.0186139, 0.0504352, 0.998554, 0.0)], [0.00163091, 0.00483505, -0.0057787, 1.0)]])
0.00163091, 0.00483505, -0.0057787
float3(-0.0504566, 0.0186387, -1.56174)
359978.27065175
normal
simd_float4x4([[0.0098279, -0.998692, 0.0501723, 0.0)], [0.999828, 0.00902497, -0.016205, 0.0)], [0.015731, 0.0503229, 0.998609, 0.0)], [0.00233622, 0.00488107, -0.00567642, 1.0)]])
0.00233622, 0.00488107, -0.00567642
float3(-0.0503442, 0.0157516, -1.56176)
359978.353976208
normal
simd_float4x4([[0.0100151, -0.998664, 0.0506882, 0.0)], [0.999912, 0.00955843, -0.00924414, 0.0)], [0.00874729, 0.0507763, 0.998672, 0.0)], [0.0034274, 0.00472795, -0.0053546, 1.0)]])
0.0034274, 0.00472795, -0.0053546
float3(-0.0507982, 0.0087587, -1.56123)
359978.437300625
normal
simd_float4x4([[0.0090933, -0.998717, 0.0498162, 0.0)], [0.999959, 0.00906456, -0.000802728, 0.0)], [0.000350136, 0.0498214, 0.998758, 0.0)], [0.00488363, 0.00464025, -0.00501353, 1.0)]])
0.00488363, 0.00464025, -0.00501353
float3(-0.049842, 0.000350571, -1.56172)
359978.503960291
normal
simd_float4x4([[0.00744614, -0.998703, 0.0503622, 0.0)], [0.999948, 0.00778693, 0.00657397, 0.0)], [-0.00695762, 0.0503106, 0.998709, 0.0)], [0.0061318, 0.0038197, -0.00478591, 1.0)]])
0.0061318, 0.0038197, -0.00478591
float3(-0.0503319, -0.00696649, -1.563)
359978.570619708
normal
simd_float4x4([[0.0065916, -0.998748, 0.0495783, 0.0)], [0.99989, 0.00724249, 0.0129603, 0.0)], [-0.0133032, 0.0494874, 0.998686, 0.0)], [0.00671205, 0.00369795, -0.00454021, 1.0)]])
0.00671205, 0.00369795, -0.00454021
float3(-0.0495076, -0.0133199, -1.56354)
359978.653944291
normal
simd_float4x4([[0.00609182, -0.998779, 0.0490158, 0.0)], [0.999807, 0.0069999, 0.018376, 0.0)], [-0.0186967, 0.0488943, 0.998629, 0.0)], [0.0061157, 0.00296564, -0.00384219, 1.0)]])
0.0061157, 0.00296564, -0.00384219
float3(-0.0489138, -0.0187202, -1.56379)
359978.720604
normal
simd_float4x4([[0.00573331, -0.99877, 0.049248, 0.0)], [0.999774, 0.00673342, 0.0201658, 0.0)], [-0.0204726, 0.0491212, 0.998583, 0.0)], [0.00661236, 0.00267692, -0.00347616, 1.0)]])
0.00661236, 0.00267692, -0.00347616
float3(-0.049141, -0.0204988, -1.56405)
359978.7872635
normal
simd_float4x4([[0.00478659, -0.998749, 0.0497812, 0.0)], [0.99976, 0.00584448, 0.0211269, 0.0)], [-0.0213914, 0.0496682, 0.998537, 0.0)], [0.0054376, 0.0020421, -0.00417578, 1.0)]])
0.0054376, 0.0020421, -0.00417578
float3(-0.0496886, -0.0214195, -1.56494)
359978.870587916
normal
simd_float4x4([[0.00310641, -0.998673, 0.0514153, 0.0)], [0.999755, 0.00422723, 0.021705, 0.0)], [-0.0218935, 0.0513353, 0.998441, 0.0)], [0.00587866, 0.00207517, -0.00417158, 1.0)]])
0.00587866, 0.00207517, -0.00417158
float3(-0.0513579, -0.0219242, -1.56656)
359978.937247541
normal
simd_float4x4([[0.000893126, -0.998754, 0.0499057, 0.0)], [0.999736, 0.00203668, 0.0228681, 0.0)], [-0.0229412, 0.0498721, 0.998492, 0.0)], [0.00570863, 0.00264706, -0.00393729, 1.0)]])
0.00570863, 0.00264706, -0.00393729
float3(-0.0498928, -0.0229718, -1.56876)
359979.020572
normal
simd_float4x4([[-0.000944312, -0.998759, 0.0497887, 0.0)], [0.999741, 0.000189211, 0.0227571, 0.0)], [-0.0227383, 0.0497972, 0.9985, 0.0)], [0.00427063, 0.00267019, -0.00480427, 1.0)]])
0.00427063, 0.00267019, -0.00480427
float3(-0.0498179, -0.0227685, -1.57061)
359979.087231541
normal
simd_float4x4([[-0.00172989, -0.998723, 0.050485, 0.0)], [0.999743, -0.000586209, 0.0226599, 0.0)], [-0.0226013, 0.0505112, 0.998468, 0.0)], [0.00369817, 0.00277679, -0.00512824, 1.0)]])
0.00369817, 0.00277679, -0.00512824
float3(-0.0505328, -0.0226322, -1.57138)
359979.153891041
normal
simd_float4x4([[-0.00494641, -0.998708, 0.0505807, 0.0)], [0.999708, -0.00374149, 0.0238888, 0.0)], [-0.0236687, 0.0506841, 0.998434, 0.0)], [0.00325141, 0.00241376, -0.00508857, 1.0)]])
0.00325141, 0.00241376, -0.00508857
float3(-0.0507058, -0.0237014, -1.57454)
359979.237215541
normal
simd_float4x4([[-0.00754514, -0.998632, 0.0517435, 0.0)], [0.999606, -0.006134, 0.0273766, 0.0)], [-0.0270218, 0.0519297, 0.998285, 0.0)], [0.00266435, 0.00185955, -0.00587998, 1.0)]])
0.00266435, 0.00185955, -0.00587998
float3(-0.0519531, -0.0270616, -1.57694)
359979.320540166
normal
simd_float4x4([[-0.00887826, -0.998559, 0.0529259, 0.0)], [0.999267, -0.006889, 0.0376505, 0.0)], [-0.0372316, 0.0532214, 0.997888, 0.0)], [0.0028005, 0.00114223, -0.00588043, 1.0)]])
0.0028005, 0.00114223, -0.00588043
float3(-0.0532465, -0.0372931, -1.5777)
359979.387199625
normal
simd_float4x4([[-0.0101841, -0.998547, 0.0529182, 0.0)], [0.998654, -0.0074655, 0.0513199, 0.0)], [-0.0508503, 0.0533696, 0.997279, 0.0)], [0.00342544, -5.918e-05, -0.00549805, 1.0)]])
0.00342544, -5.918e-05, -0.00549805
float3(-0.053395, -0.0509449, -1.57827)
359979.453859125
normal
simd_float4x4([[-0.0143589, -0.99856, 0.0516914, 0.0)], [0.997791, -0.0109564, 0.0655147, 0.0)], [-0.064854, 0.052518, 0.996512, 0.0)], [0.00509195, -0.000907212, -0.00510573, 1.0)]])
0.00509195, -0.000907212, -0.00510573
float3(-0.0525422, -0.0649894, -1.58177)
359979.520518916
normal
simd_float4x4([[-0.0160232, -0.998535, 0.0516733, 0.0)], [0.99641, -0.0116501, 0.0838469, 0.0)], [-0.0831221, 0.0528313, 0.995138, 0.0)], [0.00643334, -0.00270414, -0.00439632, 1.0)]])
0.00643334, -0.00270414, -0.00439632
float3(-0.0528559, -0.0833348, -1.58246)
359979.60384325
normal
simd_float4x4([[-0.0196271, -0.99846, 0.0518965, 0.0)], [0.993757, -0.0137805, 0.110708, 0.0)], [-0.109822, 0.0537454, 0.992497, 0.0)], [0.00844426, -0.0263441, -0.0189806, 1.0)]])
0.00844426, -0.0263441, -0.0189806
float3(-0.0537713, -0.110204, -1.5846)
359979.670502875
normal
simd_float4x4([[-0.0265198, -0.99837, 0.0505458, 0.0)], [0.990743, -0.0195157, 0.134342, 0.0)], [-0.133136, 0.0536406, 0.989645, 0.0)], [0.0100063, -0.0280568, -0.0166577, 1.0)]])
0.0100063, -0.0280568, -0.0166577
float3(-0.0536664, -0.133726, -1.59034)
359979.737162541
normal
simd_float4x4([[-0.0341486, -0.997957, 0.0539986, 0.0)], [0.98719, -0.0252559, 0.15754, 0.0)], [-0.155854, 0.0586866, 0.986035, 0.0)], [0.0118661, -0.0298186, -0.0142599, 1.0)]])
0.0118661, -0.0298186, -0.0142599
float3(-0.0587204, -0.156764, -1.5961)
359979.820486833
normal
simd_float4x4([[-0.0384366, -0.997338, 0.0619633, 0.0)], [0.983022, -0.0266055, 0.181548, 0.0)], [-0.179416, 0.0678894, 0.981428, 0.0)], [0.014254, -0.0332442, -0.0137967, 1.0)]])
0.014254, -0.0332442, -0.0137967
float3(-0.0679417, -0.180815, -1.59747)
359979.903811333
normal
simd_float4x4([[-0.0391812, -0.996621, 0.0721904, 0.0)], [0.978402, -0.0235898, 0.205358, 0.0)], [-0.202961, 0.0786774, 0.976021, 0.0)], [0.019179, -0.0359447, -0.0134827, 1.0)]])
0.019179, -0.0359447, -0.0134827
float3(-0.0787588, -0.205025, -1.59446)
359979.970470875
normal
simd_float4x4([[-0.0423699, -0.99601, 0.0785413, 0.0)], [0.973794, -0.0235872, 0.226205, 0.0)], [-0.223449, 0.0860674, 0.970908, 0.0)], [0.0249144, -0.0370849, -0.0134062, 1.0)]])
0.0249144, -0.0370849, -0.0134062
float3(-0.086174, -0.226206, -1.59447)
359980.07046025
normal
simd_float4x4([[-0.0459665, -0.994456, 0.0945771, 0.0)], [0.969091, -0.0214201, 0.245772, 0.0)], [-0.242383, 0.102951, 0.964703, 0.0)], [0.0344107, -0.0383744, -0.0158783, 1.0)]])
0.0344107, -0.0383744, -0.0158783
float3(-0.103134, -0.246157, -1.59233)
359980.137119875
normal
simd_float4x4([[-0.0463978, -0.993531, 0.103651, 0.0)], [0.965541, -0.018005, 0.259626, 0.0)], [-0.25608, 0.112126, 0.960131, 0.0)], [0.0439435, -0.0379554, -0.0150556, 1.0)]])
0.0439435, -0.0379554, -0.0150556
float3(-0.112362, -0.260646, -1.58892)
359980.22044425
normal
simd_float4x4([[-0.0538112, -0.993939, 0.0958636, 0.0)], [0.962847, -0.0262053, 0.268773, 0.0)], [-0.264632, 0.106765, 0.958421, 0.0)], [0.0588517, -0.0357284, -0.0122286, 1.0)]])
0.0588517, -0.0357284, -0.0122286
float3(-0.106969, -0.2694, -1.59716)
359980.303768625
normal
simd_float4x4([[-0.0537231, -0.993363, 0.101708, 0.0)], [0.962695, -0.0244731, 0.26948, 0.0)], [-0.265203, 0.112391, 0.95762, 0.0)], [0.073789, -0.0340179, -0.0136612, 1.0)]])
0.073789, -0.0340179, -0.0136612
float3(-0.112629, -0.270168, -1.59543)
359980.370428458
normal
simd_float4x4([[-0.0458226, -0.991526, 0.121556, 0.0)], [0.964685, -0.0123252, 0.263118, 0.0)], [-0.259391, 0.12932, 0.957075, 0.0)], [0.0854981, -0.0340002, -0.0152076, 1.0)]])
0.0854981, -0.0340002, -0.0152076
float3(-0.129683, -0.264666, -1.58323)
359980.453752791
normal
simd_float4x4([[-0.0426447, -0.991322, 0.124349, 0.0)], [0.965086, -0.00867807, 0.261789, 0.0)], [-0.258438, 0.131171, 0.957081, 0.0)], [0.0999354, -0.0352821, -0.0136902, 1.0)]])
0.0999354, -0.0352821, -0.0136902
float3(-0.13155, -0.263737, -1.57955)
359980.520412333
normal
simd_float4x4([[-0.0475257, -0.992293, 0.114434, 0.0)], [0.965227, -0.0161403, 0.260912, 0.0)], [-0.257055, 0.122855, 0.958556, 0.0)], [0.108998, -0.0352142, -0.0118478, 1.0)]])
0.108998, -0.0352142, -0.0118478
float3(-0.123166, -0.262004, -1.58706)
359980.60373675
normal
simd_float4x4([[-0.0468637, -0.992528, 0.112661, 0.0)], [0.963893, -0.0153355, 0.265848, 0.0)], [-0.262134, 0.121052, 0.957409, 0.0)], [0.119784, -0.035387, -0.00898912, 1.0)]])
0.119784, -0.035387, -0.00898912
float3(-0.121349, -0.267245, -1.58625)
359980.6703965
normal
simd_float4x4([[-0.046205, -0.992901, 0.109598, 0.0)], [0.963328, -0.0152583, 0.267893, 0.0)], [-0.264319, 0.117957, 0.957195, 0.0)], [0.129138, -0.0353567, -0.00522998, 1.0)]])
0.129138, -0.0353567, -0.00522998
float3(-0.118232, -0.269425, -1.58616)
359980.753720916
normal
simd_float4x4([[-0.0445986, -0.993153, 0.107976, 0.0)], [0.963302, -0.0141159, 0.268047, 0.0)], [-0.264688, 0.115968, 0.957336, 0.0)], [0.132594, -0.0339553, -0.00297436, 1.0)]])
0.132594, -0.0339553, -0.00297436
float3(-0.11623, -0.269745, -1.58501)
359980.837045416
normal
simd_float4x4([[-0.0454051, -0.993482, 0.104558, 0.0)], [0.964489, -0.0163357, 0.263619, 0.0)], [-0.260193, 0.112815, 0.958943, 0.0)], [0.140556, -0.0340493, 0.00166653, 1.0)]])
0.140556, -0.0340493, 0.00166653
float3(-0.113055, -0.264953, -1.58724)
359980.937034708
normal
simd_float4x4([[-0.0484906, -0.992801, 0.109521, 0.0)], [0.965935, -0.0187054, 0.258106, 0.0)], [-0.2542, 0.118306, 0.959889, 0.0)], [0.148884, -0.0335578, 0.0039968, 1.0)]])
0.148884, -0.0335578, 0.0039968
float3(-0.118583, -0.258879, -1.58964)
359981.020359208
normal
simd_float4x4([[-0.0516245, -0.99305, 0.10577, 0.0)], [0.965451, -0.022539, 0.259606, 0.0)], [-0.255418, 0.115518, 0.959905, 0.0)], [0.153861, -0.0341624, 0.00374528, 1.0)]])
0.153861, -0.0341624, 0.00374528
float3(-0.115777, -0.260061, -1.59349)
359981.087018875
normal
simd_float4x4([[-0.0521722, -0.993749, 0.0986985, 0.0)], [0.964608, -0.024567, 0.26254, 0.0)], [-0.258474, 0.108903, 0.95986, 0.0)], [0.155854, -0.0353502, 0.00428483, 1.0)]])
0.155854, -0.0353502, 0.00428483
float3(-0.109119, -0.263043, -1.59551)
359981.153678333
normal
simd_float4x4([[-0.0557105, -0.994265, 0.0912889, 0.0)], [0.964111, -0.029798, 0.263822, 0.0)], [-0.259589, 0.10271, 0.960242, 0.0)], [0.154629, -0.0371232, 0.00343929, 1.0)]])
0.154629, -0.0371232, 0.00343929
float3(-0.102892, -0.264026, -1.60076)
359981.220338
normal
simd_float4x4([[-0.05948, -0.993531, 0.0967379, 0.0)], [0.96338, -0.0317504, 0.266254, 0.0)], [-0.26146, 0.109032, 0.959036, 0.0)], [0.155795, -0.0407287, 0.000127818, 1.0)]])
0.155795, -0.0407287, 0.000127818
float3(-0.109249, -0.266159, -1.60274)
359981.3036625
normal
simd_float4x4([[-0.0619197, -0.992442, 0.105948, 0.0)], [0.961199, -0.0307046, 0.274141, 0.0)], [-0.268816, 0.118812, 0.955836, 0.0)], [0.157168, -0.0453907, -0.00503847, 1.0)]])
0.157168, -0.0453907, -0.00503847
float3(-0.119093, -0.274155, -1.60172)
359981.370321916
normal
simd_float4x4([[-0.0636769, -0.991545, 0.113066, 0.0)], [0.957904, -0.0289464, 0.285627, 0.0)], [-0.279939, 0.126494, 0.951648, 0.0)], [0.158062, -0.0483267, -0.00888689, 1.0)]])
0.158062, -0.0483267, -0.00888689
float3(-0.126834, -0.286093, -1.59998)
359981.4536465
normal
simd_float4x4([[-0.0702944, -0.990569, 0.117604, 0.0)], [0.949609, -0.0303503, 0.311963, 0.0)], [-0.305451, 0.133607, 0.942788, 0.0)], [0.162261, -0.0521969, -0.011885, 1.0)]])
0.162261, -0.0521969, -0.011885
float3(-0.134008, -0.313316, -1.60143)
359981.536970875
normal
simd_float4x4([[-0.0870551, -0.98906, 0.11909, 0.0)], [0.934679, -0.0397328, 0.353266, 0.0)], [-0.344669, 0.142064, 0.927912, 0.0)], [0.16933, -0.0561082, -0.0139745, 1.0)]])
0.16933, -0.0561082, -0.0139745
float3(-0.142547, -0.355651, -1.61095)
359981.620295333
normal
simd_float4x4([[-0.103122, -0.987218, 0.121517, 0.0)], [0.909712, -0.044204, 0.412881, 0.0)], [-0.402232, 0.153122, 0.902642, 0.0)], [0.178029, -0.0592784, -0.0144239, 1.0)]])
0.178029, -0.0592784, -0.0144239
float3(-0.153727, -0.419203, -1.61554)
359981.703619791
normal
simd_float4x4([[-0.115427, -0.986503, 0.116143, 0.0)], [0.871935, -0.0446183, 0.487584, 0.0)], [-0.47582, 0.157549, 0.865317, 0.0)], [0.188324, -0.0593456, -0.0127261, 1.0)]])
0.188324, -0.0593456, -0.0127261
float3(-0.158209, -0.502751, -1.61599)
359981.78694425
normal
simd_float4x4([[-0.119161, -0.987664, 0.10159, 0.0)], [0.818635, -0.0398367, 0.57293, 0.0)], [-0.561816, 0.151436, 0.813284, 0.0)], [0.197075, -0.0589518, -0.00911781, 1.0)]])
0.197075, -0.0589518, -0.00911781
float3(-0.152021, -0.604524, -1.61111)
359981.853603958
normal
simd_float4x4([[-0.114099, -0.989587, 0.0877439, 0.0)], [0.762279, -0.0305651, 0.646526, 0.0)], [-0.637112, 0.140654, 0.757829, 0.0)], [0.200728, -0.0600686, -0.00150279, 1.0)]])
0.200728, -0.0600686, -0.00150279
float3(-0.141122, -0.699074, -1.60167)
359981.9202635
normal
simd_float4x4([[-0.110454, -0.991824, 0.0639186, 0.0)], [0.700898, -0.0321354, 0.712537, 0.0)], [-0.704657, 0.123503, 0.698717, 0.0)], [0.202303, -0.056256, 0.00753514, 1.0)]])
0.202303, -0.056256, 0.00753514
float3(-0.123819, -0.789631, -1.60319)
359982.003587916
normal
simd_float4x4([[-0.106869, -0.993216, 0.0458299, 0.0)], [0.626423, -0.0314639, 0.778848, 0.0)], [-0.772122, 0.111943, 0.625536, 0.0)], [0.201838, -0.053292, 0.0171121, 1.0)]])
0.201838, -0.053292, 0.0171121
float3(-0.112178, -0.889896, -1.60246)
359982.086912291
normal
simd_float4x4([[-0.104431, -0.993911, 0.0351466, 0.0)], [0.553548, -0.0287294, 0.832321, 0.0)], [-0.826243, 0.106376, 0.553178, 0.0)], [0.199562, -0.0520907, 0.0254972, 1.0)]])
0.199562, -0.0520907, 0.0254972
float3(-0.106577, -0.980828, -1.59969)
359982.170236916
normal
simd_float4x4([[-0.100717, -0.994555, 0.0267753, 0.0)], [0.476559, -0.0246012, 0.878798, 0.0)], [-0.873354, 0.10127, 0.476442, 0.0)], [0.194824, -0.0499846, 0.0352298, 1.0)]])
0.194824, -0.0499846, 0.0352298
float3(-0.101443, -1.07139, -1.59553)
359982.253561333
normal
simd_float4x4([[-0.0867472, -0.995876, 0.0265873, 0.0)], [0.398776, -0.0102547, 0.916991, 0.0)], [-0.912936, 0.0901488, 0.398021, 0.0)], [0.18741, -0.044419, 0.0483027, 1.0)]])
0.18741, -0.044419, 0.0483027
float3(-0.0902713, -1.15966, -1.58109)
359982.320221
normal
simd_float4x4([[-0.0822525, -0.996202, 0.0285507, 0.0)], [0.339971, -0.00111764, 0.940435, 0.0)], [-0.936832, 0.0870596, 0.338772, 0.0)], [0.186516, -0.041075, 0.0618451, 1.0)]])
0.186516, -0.041075, 0.0618451
float3(-0.0871699, -1.22381, -1.57192)
359982.4035455
normal
simd_float4x4([[-0.0767115, -0.996653, 0.028235, 0.0)], [0.268866, 0.00659164, 0.963155, 0.0)], [-0.960118, 0.0814765, 0.26746, 0.0)], [0.181894, -0.0355884, 0.0788928, 1.0)]])
0.181894, -0.0355884, 0.0788928
float3(-0.081567, -1.29911, -1.56418)
359982.470204958
normal
simd_float4x4([[-0.0686813, -0.997172, 0.030494, 0.0)], [0.214818, 0.0150672, 0.976538, 0.0)], [-0.974236, 0.0736205, 0.213175, 0.0)], [0.174705, -0.0307386, 0.0926562, 1.0)]])
0.174705, -0.0307386, 0.0926562
float3(-0.0736872, -1.35538, -1.55569)
359982.536864416
normal
simd_float4x4([[-0.0730009, -0.996567, 0.039061, 0.0)], [0.160535, 0.0269132, 0.986663, 0.0)], [-0.984327, 0.078298, 0.158019, 0.0)], [0.170085, -0.0283438, 0.105034, 1.0)]])
0.170085, -0.0283438, 0.105034
float3(-0.0783782, -1.41162, -1.5438)
359982.620188958
normal
simd_float4x4([[-0.0618224, -0.99759, 0.031484, 0.0)], [0.102524, 0.0250302, 0.994416, 0.0)], [-0.992808, 0.064705, 0.100729, 0.0)], [0.160396, -0.0258784, 0.121538, 1.0)]])
0.160396, -0.0258784, 0.121538
float3(-0.0647503, -1.46968, -1.54571)
359982.703513458
normal
simd_float4x4([[-0.0658868, -0.997144, 0.0369286, 0.0)], [0.0505249, 0.0336276, 0.998156, 0.0)], [-0.996547, 0.0676312, 0.048165, 0.0)], [0.148504, -0.0243145, 0.131111, 1.0)]])
0.148504, -0.0243145, 0.131111
float3(-0.0676829, -1.5225, -1.53709)
359982.770172958
normal
simd_float4x4([[-0.0673262, -0.996957, 0.0392897, 0.0)], [0.0104085, 0.0386751, 0.999198, 0.0)], [-0.997677, 0.0676812, 0.00777294, 0.0)], [0.141444, -0.0236891, 0.135625, 1.0)]])
0.141444, -0.0236891, 0.135625
float3(-0.067733, -1.56301, -1.53202)
359982.853497416
normal
simd_float4x4([[-0.0651456, -0.997448, 0.029228, 0.0)], [-0.0441445, 0.0321423, 0.998508, 0.0)], [-0.996899, 0.0637581, -0.0461257, 0.0)], [0.131379, -0.0230434, 0.138395, 1.0)]])
0.131379, -0.0230434, 0.138395
float3(-0.0638014, -1.61703, -1.53858)
359982.936821833
normal
simd_float4x4([[-0.0598586, -0.998026, 0.0190148, 0.0)], [-0.0996339, 0.0249274, 0.994712, 0.0)], [-0.993222, 0.0576475, -0.100929, 0.0)], [0.117651, -0.022306, 0.134308, 1.0)]])
0.117651, -0.022306, 0.134308
float3(-0.0576795, -1.67207, -1.54582)
359983.003481375
normal
simd_float4x4([[-0.0595575, -0.998079, 0.0170439, 0.0)], [-0.148157, 0.0257234, 0.988629, 0.0)], [-0.987169, 0.0563551, -0.149405, 0.0)], [0.109625, -0.0208411, 0.126012, 1.0)]])
0.109625, -0.0208411, 0.126012
float3(-0.056385, -1.721, -1.54503)
359983.070141083
normal
simd_float4x4([[-0.0579416, -0.998153, 0.0182472, 0.0)], [-0.193311, 0.0291496, 0.980704, 0.0)], [-0.979425, 0.0532962, -0.194643, 0.0)], [0.101306, -0.0195246, 0.112996, 1.0)]])
0.101306, -0.0195246, 0.112996
float3(-0.0533215, -1.76697, -1.5416)
359983.1534655
normal
simd_float4x4([[-0.0573239, -0.998294, 0.0110559, 0.0)], [-0.25345, 0.0252631, 0.967018, 0.0)], [-0.965648, 0.0526312, -0.254466, 0.0)], [0.0897186, -0.017895, 0.0918739, 1.0)]])
0.0897186, -0.017895, 0.0918739
float3(-0.0526555, -1.82846, -1.5455)
359983.220125041
normal
simd_float4x4([[-0.0532588, -0.998517, -0.0112445, 0.0)], [-0.290915, 0.00474273, 0.956737, 0.0)], [-0.955265, 0.0542258, -0.290736, 0.0)], [0.132279, -0.0237848, 0.161295, 1.0)]])
0.132279, -0.0237848, 0.161295
float3(-0.0542524, -1.86624, -1.56605)
359983.270131041
normal
simd_float4x4([[-0.0517656, -0.998498, -0.0179429, 0.0)], [-0.31924, -0.000479066, 0.947674, 0.0)], [-0.946259, 0.054785, -0.318736, 0.0)], [0.129544, -0.0238509, 0.154071, 1.0)]])
0.129544, -0.0238509, 0.154071
float3(-0.0548125, -1.8957, -1.57128)
359983.320159291
normal
simd_float4x4([[-0.0473155, -0.998611, -0.0231701, 0.0)], [-0.350405, -0.00512826, 0.936584, 0.0)], [-0.935402, 0.0524339, -0.349676, 0.0)], [0.128682, -0.022923, 0.138991, 1.0)]])
0.128682, -0.022923, 0.138991
float3(-0.052458, -1.92854, -1.57593)
359983.386863583
normal
simd_float4x4([[-0.0450176, -0.998583, -0.0283603, 0.0)], [-0.390127, -0.00856142, 0.920721, 0.0)], [-0.91966, 0.0525128, -0.389189, 0.0)], [0.123796, -0.0232354, 0.125653, 1.0)]])
0.123796, -0.0232354, 0.125653
float3(-0.052537, -1.97113, -1.57937)
359983.436891791
normal
simd_float4x4([[-0.0437449, -0.998441, -0.0346591, 0.0)], [-0.416617, -0.0133005, 0.908984, 0.0)], [-0.908029, 0.054203, -0.415386, 0.0)], [0.128685, -0.0247013, 0.118526, 1.0)]])
0.128685, -0.0247013, 0.118526
float3(-0.0542296, -1.99984, -1.58412)
359983.486919958
normal
simd_float4x4([[-0.0419458, -0.998396, -0.0380255, 0.0)], [-0.441587, -0.0156143, 0.897082, 0.0)], [-0.896237, 0.0544204, -0.440224, 0.0)], [0.124477, -0.0245197, 0.109953, 1.0)]])
0.124477, -0.0245197, 0.109953
float3(-0.0544473, -2.02737, -1.58643)
359983.553624416
normal
simd_float4x4([[-0.0457713, -0.998051, -0.0424045, 0.0)], [-0.469192, -0.0159967, 0.882951, 0.0)], [-0.881909, 0.0603097, -0.467546, 0.0)], [0.130879, -0.0258616, 0.102586, 1.0)]])
0.130879, -0.0258616, 0.102586
float3(-0.0603463, -2.05827, -1.58682)
359983.603652583
normal
simd_float4x4([[-0.0455037, -0.998134, -0.0407219, 0.0)], [-0.487382, -0.0134011, 0.873086, 0.0)], [-0.872003, 0.0595758, -0.485862, 0.0)], [0.136905, -0.0274388, 0.101627, 1.0)]])
0.136905, -0.0274388, 0.101627
float3(-0.0596111, -2.07914, -1.58422)
359983.703709208
normal
