ARKit Data
264879.457964166
normal
simd_float4x4([[0.900788, -0.430353, 0.0581186, 0.0)], [0.36821, 0.827861, 0.423164, 0.0)], [-0.230224, -0.359781, 0.904187, 0.0)], [-0.8, -0.220881, -0.34836, 1.0)]])
-0.8, -0.220881, -0.34836
float3(0.368033, -0.249322, -0.479391)
264879.848623125
notAvailable
simd_float4x4([[1.0, 0.0, 0.0, 0.0)], [0.0, 1.0, 0.0, 0.0)], [0.0, 0.0, 1.0, 0.0)], [0.0, 0.0, 0.0, 1.0)]])
0.0, 0.0, 0.0
float3(-0.0, 0.0, 0.0)
264879.965276958
limited(__ObjC.ARCamera.TrackingState.Reason.initializing)
simd_float4x4([[0.880678, -0.445231, -0.161789, 0.0)], [0.473715, 0.827723, 0.300779, 0.0)], [3.44394e-09, -0.341532, 0.93987, 0.0)], [0.0, 0.0, 0.0, 1.0)]])
0.0, 0.0, 0.0
float3(0.348546, 3.66428e-09, -0.493505)
264880.098595583
limited(__ObjC.ARCamera.TrackingState.Reason.initializing)
simd_float4x4([[0.880626, -0.445548, -0.161197, 0.0)], [0.47381, 0.827091, 0.302363, 0.0)], [-0.001392, -0.342645, 0.939463, 0.0)], [0.0, 0.0, 0.0, 1.0)]])
0.0, 0.0, 0.0
float3(0.349731, -0.0014817, -0.494121)
264880.231914041
limited(__ObjC.ARCamera.TrackingState.Reason.initializing)
simd_float4x4([[0.88103, -0.4441, -0.162976, 0.0)], [0.473061, 0.826743, 0.304481, 0.0)], [-0.000480681, -0.345355, 0.938472, 0.0)], [0.0, 0.0, 0.0, 1.0)]])
0.0, 0.0, 0.0
float3(0.352617, -0.000512196, -0.492939)
264880.365232708
limited(__ObjC.ARCamera.TrackingState.Reason.initializing)
simd_float4x4([[0.881155, -0.443575, -0.163726, 0.0)], [0.472827, 0.826212, 0.30628, 0.0)], [-0.000586174, -0.347294, 0.937756, 0.0)], [0.0, 0.0, 0.0, 1.0)]])
0.0, 0.0, 0.0
float3(0.354684, -0.000625082, -0.492713)
264880.498551333
limited(__ObjC.ARCamera.TrackingState.Reason.initializing)
simd_float4x4([[0.880836, -0.443889, -0.164593, 0.0)], [0.473421, 0.825574, 0.307082, 0.0)], [-0.000426934, -0.348411, 0.937342, 0.0)], [0.0, 0.0, 0.0, 1.0)]])
0.0, 0.0, 0.0
float3(0.355875, -0.000455473, -0.49333)
264880.631869833
limited(__ObjC.ARCamera.TrackingState.Reason.initializing)
simd_float4x4([[0.881296, -0.44261, -0.165572, 0.0)], [0.472565, 0.825541, 0.308489, 0.0)], [0.000146702, -0.350114, 0.936707, 0.0)], [0.0, 0.0, 0.0, 1.0)]])
0.0, 0.0, 0.0
float3(0.357692, 0.000156614, -0.492144)
264880.765188083
limited(__ObjC.ARCamera.TrackingState.Reason.initializing)
simd_float4x4([[0.881111, -0.442477, -0.166903, 0.0)], [0.472908, 0.824777, 0.310002, 0.0)], [0.000489176, -0.352076, 0.935971, 0.0)], [0.0, 0.0, 0.0, 1.0)]])
0.0, 0.0, 0.0
float3(0.359788, 0.00052264, -0.492405)
264880.89850675
limited(__ObjC.ARCamera.TrackingState.Reason.initializing)
simd_float4x4([[0.880348, -0.443667, -0.167768, 0.0)], [0.474327, 0.823897, 0.310172, 0.0)], [0.000610448, -0.352637, 0.93576, 0.0)], [0.0, 0.0, 0.0, 1.0)]])
0.0, 0.0, 0.0
float3(0.360387, 0.000652355, -0.49397)
264881.031825291
limited(__ObjC.ARCamera.TrackingState.Reason.initializing)
simd_float4x4([[0.879259, -0.445784, -0.16787, 0.0)], [0.476344, 0.822438, 0.310953, 0.0)], [-0.000554998, -0.353373, 0.935483, 0.0)], [0.0, 0.0, 0.0, 1.0)]])
0.0, 0.0, 0.0
float3(0.361174, -0.000593274, -0.496702)
264881.165143875
limited(__ObjC.ARCamera.TrackingState.Reason.initializing)
simd_float4x4([[0.878677, -0.447654, -0.165932, 0.0)], [0.477407, 0.8216, 0.311538, 0.0)], [-0.00313124, -0.352959, 0.935634, 0.0)], [0.0, 0.0, 0.0, 1.0)]])
0.0, 0.0, 0.0
float3(0.360731, -0.00334664, -0.498885)
264881.298462416
limited(__ObjC.ARCamera.TrackingState.Reason.initializing)
simd_float4x4([[0.87833, -0.448107, -0.166545, 0.0)], [0.478044, 0.820925, 0.312339, 0.0)], [-0.00324025, -0.353953, 0.935258, 0.0)], [0.0, 0.0, 0.0, 1.0)]])
0.0, 0.0, 0.0
float3(0.361794, -0.00346453, -0.499656)
264881.431780958
limited(__ObjC.ARCamera.TrackingState.Reason.initializing)
simd_float4x4([[0.87844, -0.446775, -0.169515, 0.0)], [0.47785, 0.820336, 0.314177, 0.0)], [-0.00130726, -0.356989, 0.934108, 0.0)], [0.0, 0.0, 0.0, 1.0)]])
0.0, 0.0, 0.0
float3(0.365042, -0.00139947, -0.498706)
264881.5650995
limited(__ObjC.ARCamera.TrackingState.Reason.initializing)
simd_float4x4([[0.878707, -0.449103, -0.161803, 0.0)], [0.47729, 0.820683, 0.314122, 0.0)], [-0.0082837, -0.353248, 0.935492, 0.0)], [0.0, 0.0, 0.0, 1.0)]])
0.0, 0.0, 0.0
float3(0.361041, -0.00885468, -0.500714)
264881.698417916
limited(__ObjC.ARCamera.TrackingState.Reason.initializing)
simd_float4x4([[0.878438, -0.450517, -0.159313, 0.0)], [0.477747, 0.820838, 0.313019, 0.0)], [-0.0102504, -0.351079, 0.936289, 0.0)], [0.0, 0.0, 0.0, 1.0)]])
0.0, 0.0, 0.0
float3(0.358723, -0.0109475, -0.50196)
264881.831736416
limited(__ObjC.ARCamera.TrackingState.Reason.initializing)
simd_float4x4([[0.878194, -0.45107, -0.159096, 0.0)], [0.478155, 0.819579, 0.315686, 0.0)], [-0.0120047, -0.353306, 0.93543, 0.0)], [0.0, 0.0, 0.0, 1.0)]])
0.0, 0.0, 0.0
float3(0.361102, -0.0128326, -0.503126)
264881.965055083
limited(__ObjC.ARCamera.TrackingState.Reason.initializing)
simd_float4x4([[0.878006, -0.451194, -0.159777, 0.0)], [0.478465, 0.818079, 0.319087, 0.0)], [-0.0132598, -0.356608, 0.934159, 0.0)], [0.0, 0.0, 0.0, 1.0)]])
0.0, 0.0, 0.0
float3(0.364635, -0.0141934, -0.504016)
264882.098373458
limited(__ObjC.ARCamera.TrackingState.Reason.initializing)
simd_float4x4([[0.877674, -0.451749, -0.160036, 0.0)], [0.479067, 0.817537, 0.319574, 0.0)], [-0.0135314, -0.35715, 0.933949, 0.0)], [0.0, 0.0, 0.0, 1.0)]])
0.0, 0.0, 0.0
float3(0.365215, -0.0144873, -0.504816)
264882.231692166
limited(__ObjC.ARCamera.TrackingState.Reason.initializing)
simd_float4x4([[0.877542, -0.451966, -0.160149, 0.0)], [0.479319, 0.817644, 0.318921, 0.0)], [-0.0131965, -0.356629, 0.934153, 0.0)], [0.0, 0.0, 0.0, 1.0)]])
0.0, 0.0, 0.0
float3(0.364657, -0.0141258, -0.504964)
264882.365010583
limited(__ObjC.ARCamera.TrackingState.Reason.initializing)
simd_float4x4([[0.876546, -0.453983, -0.159895, 0.0)], [0.481144, 0.817542, 0.316426, 0.0)], [-0.0129314, -0.354295, 0.935044, 0.0)], [0.0, 0.0, 0.0, 1.0)]])
0.0, 0.0, 0.0
float3(0.36216, -0.0138288, -0.506905)
264882.498329083
limited(__ObjC.ARCamera.TrackingState.Reason.initializing)
simd_float4x4([[0.875351, -0.45579, -0.161293, 0.0)], [0.483357, 0.817243, 0.313816, 0.0)], [-0.0112189, -0.352661, 0.935684, 0.0)], [0.0, 0.0, 0.0, 1.0)]])
0.0, 0.0, 0.0
float3(0.360413, -0.0119895, -0.508748)
264882.631647625
limited(__ObjC.ARCamera.TrackingState.Reason.initializing)
simd_float4x4([[0.874406, -0.456585, -0.164146, 0.0)], [0.485123, 0.816919, 0.311926, 0.0)], [-0.00832638, -0.352381, 0.935819, 0.0)], [0.0, 0.0, 0.0, 1.0)]])
0.0, 0.0, 0.0
float3(0.360114, -0.00889719, -0.509658)
264882.764966208
limited(__ObjC.ARCamera.TrackingState.Reason.initializing)
simd_float4x4([[0.873636, -0.455728, -0.170505, 0.0)], [0.486578, 0.817023, 0.309381, 0.0)], [-0.00168684, -0.35325, 0.935527, 0.0)], [0.0, 0.0, 0.0, 1.0)]])
0.0, 0.0, 0.0
float3(0.361043, -0.00180309, -0.508806)
264882.898284708
limited(__ObjC.ARCamera.TrackingState.Reason.initializing)
simd_float4x4([[0.872748, -0.455495, -0.175597, 0.0)], [0.48816, 0.816634, 0.307911, 0.0)], [0.00314609, -0.354448, 0.93507, 0.0)], [0.0, 0.0, 0.0, 1.0)]])
0.0, 0.0, 0.0
float3(0.362324, 0.00336454, -0.508791)
264883.03160325
limited(__ObjC.ARCamera.TrackingState.Reason.initializing)
simd_float4x4([[0.871876, -0.455831, -0.179027, 0.0)], [0.489677, 0.816642, 0.30547, 0.0)], [0.00695846, -0.353997, 0.93522, 0.0)], [0.0, 0.0, 0.0, 1.0)]])
0.0, 0.0, 0.0
float3(0.361842, 0.00744031, -0.509099)
264883.164921875
limited(__ObjC.ARCamera.TrackingState.Reason.initializing)
simd_float4x4([[0.870902, -0.454876, -0.18606, 0.0)], [0.491278, 0.816019, 0.304563, 0.0)], [0.0132902, -0.356652, 0.934143, 0.0)], [0.0, 0.0, 0.0, 1.0)]])
0.0, 0.0, 0.0
float3(0.364682, 0.0142262, -0.508532)
264883.298240291
limited(__ObjC.ARCamera.TrackingState.Reason.initializing)
simd_float4x4([[0.86997, -0.454991, -0.190094, 0.0)], [0.492823, 0.815305, 0.303978, 0.0)], [0.0166772, -0.358134, 0.933521, 0.0)], [0.0, 0.0, 0.0, 1.0)]])
0.0, 0.0, 0.0
float3(0.366269, 0.0178629, -0.509012)
264883.431558708
limited(__ObjC.ARCamera.TrackingState.Reason.initializing)
simd_float4x4([[0.868701, -0.456005, -0.193437, 0.0)], [0.494939, 0.814728, 0.302082, 0.0)], [0.0198477, -0.358158, 0.93345, 0.0)], [0.0, 0.0, 0.0, 1.0)]])
0.0, 0.0, 0.0
float3(0.366295, 0.0212595, -0.510261)
264883.564877333
limited(__ObjC.ARCamera.TrackingState.Reason.initializing)
simd_float4x4([[0.86799, -0.456287, -0.195947, 0.0)], [0.496076, 0.814548, 0.300698, 0.0)], [0.0224036, -0.358208, 0.933373, 0.0)], [0.0, 0.0, 0.0, 1.0)]])
0.0, 0.0, 0.0
float3(0.366348, 0.0239982, -0.510619)
264883.698195833
limited(__ObjC.ARCamera.TrackingState.Reason.initializing)
simd_float4x4([[0.8682, -0.455159, -0.197632, 0.0)], [0.49561, 0.815037, 0.30014, 0.0)], [0.0244657, -0.35853, 0.933197, 0.0)], [0.0, 0.0, 0.0, 1.0)]])
0.0, 0.0, 0.0
float3(0.366693, 0.026211, -0.509309)
264883.831514375
normal
simd_float4x4([[0.872257, -0.45067, -0.189905, 0.0)], [0.488482, 0.821553, 0.294001, 0.0)], [0.0235198, -0.349209, 0.93675, 0.0)], [-0.000381574, -0.00010094, 0.000230927, 1.0)]])
-0.000381574, -0.00010094, 0.000230927
float3(0.356727, 0.0251026, -0.501736)
264883.964832958
normal
simd_float4x4([[0.872726, -0.450004, -0.189329, 0.0)], [0.487639, 0.822245, 0.293466, 0.0)], [0.0236135, -0.348439, 0.937034, 0.0)], [-0.000892367, 0.000259668, -0.00133668, 1.0)]])
-0.000892367, 0.000259668, -0.00133668
float3(0.355905, 0.0251949, -0.500758)
264884.098151708
normal
simd_float4x4([[0.872862, -0.450386, -0.187788, 0.0)], [0.487455, 0.822413, 0.293299, 0.0)], [0.0223415, -0.347548, 0.937396, 0.0)], [-0.0016018, 0.000288498, -0.00141042, 1.0)]])
-0.0016018, 0.000288498, -0.00141042
float3(0.354954, 0.0238291, -0.501029)
264884.23147
normal
simd_float4x4([[0.87277, -0.45088, -0.187027, 0.0)], [0.487638, 0.822571, 0.29255, 0.0)], [0.0219386, -0.34653, 0.937782, 0.0)], [-0.00148653, 0.000331171, -0.00132275, 1.0)]])
-0.00148653, 0.000331171, -0.00132275
float3(0.35387, 0.0233899, -0.50141)
264884.364788625
normal
simd_float4x4([[0.872604, -0.451247, -0.18692, 0.0)], [0.487925, 0.82272, 0.291652, 0.0)], [0.0221759, -0.3457, 0.938083, 0.0)], [-0.00154894, 0.000480533, -0.00178138, 1.0)]])
-0.00154894, 0.000480533, -0.00178138
float3(0.352985, 0.0236352, -0.501677)
264884.498107208
normal
simd_float4x4([[0.872348, -0.45179, -0.186802, 0.0)], [0.488389, 0.822557, 0.291335, 0.0)], [0.0220334, -0.345378, 0.938205, 0.0)], [-0.00226802, 0.000649665, -0.00233924, 1.0)]])
-0.00226802, 0.000649665, -0.00233924
float3(0.352641, 0.0234803, -0.502267)
264884.631425541
normal
simd_float4x4([[0.872501, -0.451683, -0.186346, 0.0)], [0.488151, 0.822367, 0.292268, 0.0)], [0.021232, -0.345969, 0.938006, 0.0)], [-0.00234762, 0.000389133, -0.00272389, 1.0)]])
-0.00234762, 0.000389133, -0.00272389
float3(0.353272, 0.0226314, -0.502265)
264884.764744166
normal
simd_float4x4([[0.873003, -0.450982, -0.185693, 0.0)], [0.487267, 0.822833, 0.292431, 0.0)], [0.0209135, -0.345775, 0.938084, 0.0)], [-0.00251356, 9.22047e-05, -0.00332031, 1.0)]])
-0.00251356, 9.22047e-05, -0.00332031
float3(0.353065, 0.0222901, -0.501371)
264884.89806275
normal
simd_float4x4([[0.873725, -0.449354, -0.186241, 0.0)], [0.485986, 0.822602, 0.2952, 0.0)], [0.0205533, -0.348434, 0.937108, 0.0)], [-0.00388502, 0.000201449, -0.00343617, 1.0)]])
-0.00388502, 0.000201449, -0.00343617
float3(0.3559, 0.0219292, -0.499967)
264885.031381291
normal
simd_float4x4([[0.875786, -0.447725, -0.180391, 0.0)], [0.482444, 0.824054, 0.296956, 0.0)], [0.015697, -0.347098, 0.937697, 0.0)], [-0.00513813, 0.000419438, -0.00338644, 1.0)]])
-0.00513813, 0.000419438, -0.00338644
float3(0.354475, 0.0167384, -0.497701)
264885.164699791
normal
simd_float4x4([[0.87992, -0.44569, -0.164624, 0.0)], [0.475121, 0.826234, 0.302652, 0.0)], [0.00112834, -0.344526, 0.938776, 0.0)], [-0.00882322, -0.00016379, -0.00469887, 1.0)]])
-0.00882322, -0.00016379, -0.00469887
float3(0.351734, 0.00120192, -0.494687)
264885.29801825
normal
simd_float4x4([[0.885729, -0.444015, -0.13541, 0.0)], [0.463462, 0.829366, 0.312017, 0.0)], [-0.0262356, -0.33912, 0.940377, 0.0)], [-0.0176045, -0.000568774, -0.00723158, 1.0)]])
-0.0176045, -0.000568774, -0.00723158
float3(0.345981, -0.0278918, -0.491539)
264885.431336833
normal
simd_float4x4([[0.89273, -0.44048, -0.0949266, 0.0)], [0.445999, 0.83379, 0.32539, 0.0)], [-0.0641791, -0.332822, 0.940803, 0.0)], [-0.0246194, -0.0018955, -0.0114065, 1.0)]])
-0.0246194, -0.0018955, -0.0114065
float3(0.339295, -0.0681118, -0.48602)
264885.5646555
normal
simd_float4x4([[0.899525, -0.435236, -0.0377469, 0.0)], [0.421181, 0.841032, 0.339517, 0.0)], [-0.116024, -0.321303, 0.939842, 0.0)], [-0.0332177, -0.00467642, -0.0187985, 1.0)]])
-0.0332177, -0.00467642, -0.0187985
float3(0.327105, -0.122829, -0.477551)
264885.697974083
normal
simd_float4x4([[0.902083, -0.428631, 0.050215, 0.0)], [0.383412, 0.849402, 0.362646, 0.0)], [-0.198094, -0.307884, 0.930573, 0.0)], [-0.0412282, -0.00976036, -0.0274282, 1.0)]])
-0.0412282, -0.00976036, -0.0274282
float3(0.312968, -0.209742, -0.467343)
264885.831292458
normal
simd_float4x4([[0.894249, -0.421784, 0.149725, 0.0)], [0.342045, 0.859787, 0.379172, 0.0)], [-0.28866, -0.287862, 0.913132, 0.0)], [-0.0446689, -0.0155305, -0.0360778, 1.0)]])
-0.0446689, -0.0155305, -0.0360778
float3(0.291993, -0.30618, -0.456074)
264885.964611208
normal
simd_float4x4([[0.870347, -0.418791, 0.259055, 0.0)], [0.302018, 0.86947, 0.390905, 0.0)], [-0.388948, -0.261984, 0.883223, 0.0)], [-0.0398703, -0.022981, -0.04126, 1.0)]])
-0.0398703, -0.022981, -0.04126
float3(0.265077, -0.41482, -0.44887)
264886.0979295
normal
simd_float4x4([[0.839442, -0.421914, 0.342527, 0.0)], [0.274166, 0.872982, 0.403406, 0.0)], [-0.469223, -0.244726, 0.848492, 0.0)], [-0.0220861, -0.0225957, -0.0346717, 1.0)]])
-0.0220861, -0.0225957, -0.0346717
float3(0.247238, -0.505149, -0.450201)
264886.231248083
normal
simd_float4x4([[0.819155, -0.429325, 0.380348, 0.0)], [0.2608, 0.869402, 0.41967, 0.0)], [-0.51085, -0.244581, 0.824143, 0.0)], [-0.000648107, -0.0198828, -0.0303063, 1.0)]])
-0.000648107, -0.0198828, -0.0303063
float3(0.247087, -0.554892, -0.458689)
264886.364566625
normal
simd_float4x4([[0.805635, -0.446718, 0.389096, 0.0)], [0.258488, 0.856051, 0.447618, 0.0)], [-0.533044, -0.26004, 0.805135, 0.0)], [0.0201386, -0.00891147, -0.0250451, 1.0)]])
0.0201386, -0.00891147, -0.0250451
float3(0.263064, -0.584803, -0.480963)
264886.49788525
normal
simd_float4x4([[0.79805, -0.443966, 0.407444, 0.0)], [0.22468, 0.846625, 0.482437, 0.0)], [-0.559138, -0.293464, 0.775399, 0.0)], [0.0510885, -0.00491071, -0.0153056, 1.0)]])
0.0510885, -0.00491071, -0.0153056
float3(0.297849, -0.624745, -0.482973)
264886.63120375
normal
simd_float4x4([[0.769422, -0.448512, 0.454782, 0.0)], [0.180108, 0.83545, 0.519216, 0.0)], [-0.612822, -0.317586, 0.723594, 0.0)], [0.0816865, -0.00341421, -0.00366889, 1.0)]])
0.0816865, -0.00341421, -0.00366889
float3(0.323183, -0.702699, -0.492692)
264886.764522375
normal
simd_float4x4([[0.716473, -0.459853, 0.524597, 0.0)], [0.122397, 0.823184, 0.554425, 0.0)], [-0.686794, -0.333021, 0.646074, 0.0)], [0.103205, -0.00234433, 0.00180388, 1.0)]])
0.103205, -0.00234433, 0.00180388
float3(0.339506, -0.815939, -0.509442)
264886.897840708
normal
simd_float4x4([[0.662719, -0.468353, 0.584336, 0.0)], [0.0812136, 0.820639, 0.565646, 0.0)], [-0.744452, -0.327408, 0.58189, 0.0)], [0.119623, -0.00417651, 0.00281418, 1.0)]])
0.119623, -0.00417651, 0.00281418
float3(0.333559, -0.907354, -0.51861)
264887.031159375
normal
simd_float4x4([[0.603142, -0.46067, 0.651154, 0.0)], [0.0366513, 0.831502, 0.554311, 0.0)], [-0.796791, -0.310463, 0.518398, 0.0)], [0.125265, -0.00515922, 0.000409275, 1.0)]])
0.125265, -0.00515922, 0.000409275
float3(0.31568, -0.993994, -0.505925)
264887.164477833
normal
simd_float4x4([[0.537436, -0.440032, 0.719398, 0.0)], [-0.00200558, 0.852401, 0.522884, 0.0)], [-0.843302, -0.28246, 0.457229, 0.0)], [0.124854, -0.00737479, -0.00712829, 1.0)]])
0.124854, -0.00737479, -0.00712829
float3(0.286358, -1.07397, -0.476544)
264887.297796458
normal
simd_float4x4([[0.462725, -0.423493, 0.778806, 0.0)], [-0.0650427, 0.85993, 0.506251, 0.0)], [-0.884113, -0.28491, 0.370366, 0.0)], [0.121455, -0.00853231, -0.0181671, 1.0)]])
0.121455, -0.00853231, -0.0181671
float3(0.288913, -1.17409, -0.457608)
264887.431114916
normal
simd_float4x4([[0.389633, -0.412952, 0.823199, 0.0)], [-0.116003, 0.864714, 0.488684, 0.0)], [-0.913635, -0.285901, 0.289017, 0.0)], [0.108034, -0.0038889, -0.0428088, 1.0)]])
0.108034, -0.0038889, -0.0428088
float3(0.289947, -1.26442, -0.445534)
264887.564433625
normal
simd_float4x4([[0.30105, -0.419723, 0.856272, 0.0)], [-0.134841, 0.87017, 0.473943, 0.0)], [-0.944027, -0.258141, 0.205369, 0.0)], [0.0884613, -0.00404426, -0.0677904, 1.0)]])
0.0884613, -0.00404426, -0.0677904
float3(0.261097, -1.35659, -0.449425)
264887.697752125
normal
simd_float4x4([[0.196375, -0.412809, 0.889396, 0.0)], [-0.152378, 0.88319, 0.443572, 0.0)], [-0.968616, -0.222631, 0.110533, 0.0)], [0.0735414, -0.00910557, -0.085142, 1.0)]])
0.0735414, -0.00910557, -0.085142
float3(0.224512, -1.45717, -0.437234)
264887.831070541
normal
simd_float4x4([[0.0937357, -0.412795, 0.905988, 0.0)], [-0.170081, 0.889978, 0.423097, 0.0)], [-0.980962, -0.193751, 0.013214, 0.0)], [0.0512607, -0.017649, -0.0995265, 1.0)]])
0.0512607, -0.017649, -0.0995265
float3(0.194984, -1.55733, -0.434292)
264887.964389041
normal
simd_float4x4([[0.0512355, -0.416397, 0.907738, 0.0)], [-0.180207, 0.890157, 0.418504, 0.0)], [-0.982293, -0.185023, -0.0294299, 0.0)], [0.0302925, -0.0185215, -0.111225, 1.0)]])
0.0302925, -0.0185215, -0.111225
float3(0.186095, -1.60075, -0.43754)
264888.097707708
normal
simd_float4x4([[0.0516005, -0.40508, 0.912824, 0.0)], [-0.199375, 0.891463, 0.406871, 0.0)], [-0.978564, -0.202989, -0.0347629, 0.0)], [0.0148449, -0.0184629, -0.123225, 1.0)]])
0.0148449, -0.0184629, -0.123225
float3(0.204409, -1.60631, -0.426506)
264888.231026291
normal
simd_float4x4([[0.0916396, -0.403175, 0.910523, 0.0)], [-0.216704, 0.884382, 0.41341, 0.0)], [-0.971927, -0.235198, -0.00632496, 0.0)], [-0.00443972, -0.0121755, -0.136198, 1.0)]])
-0.00443972, -0.0121755, -0.136198
float3(0.237423, -1.5773, -0.427735)
264888.364344791
normal
simd_float4x4([[0.128284, -0.412326, 0.901959, 0.0)], [-0.233157, 0.871443, 0.431537, 0.0)], [-0.96394, -0.265658, 0.0156557, 0.0)], [-0.0166808, -0.00482344, -0.145704, 1.0)]])
-0.0166808, -0.00482344, -0.145704
float3(0.268886, -1.55456, -0.44194)
264888.497663291
normal
simd_float4x4([[0.141021, -0.414345, 0.899128, 0.0)], [-0.251528, 0.863408, 0.437334, 0.0)], [-0.957521, -0.287829, 0.0175395, 0.0)], [-0.0138683, 0.00150539, -0.158436, 1.0)]])
-0.0138683, 0.00150539, -0.158436
float3(0.291959, -1.55248, -0.447434)
264888.630981833
normal
simd_float4x4([[0.156054, -0.411569, 0.897919, 0.0)], [-0.25736, 0.860715, 0.439244, 0.0)], [-0.953631, -0.299634, 0.0283967, 0.0)], [-0.0192118, 0.00828074, -0.172419, 1.0)]])
-0.0192118, 0.00828074, -0.172419
float3(0.304309, -1.54103, -0.446032)
264888.76430025
normal
simd_float4x4([[0.190943, -0.408092, 0.89275, 0.0)], [-0.252539, 0.858446, 0.446425, 0.0)], [-0.948559, -0.310696, 0.0608556, 0.0)], [-0.0192125, 0.0152556, -0.186819, 1.0)]])
-0.0192125, 0.0152556, -0.186819
float3(0.315925, -1.50673, -0.443762)
264888.897618791
normal
simd_float4x4([[0.218191, -0.407297, 0.886849, 0.0)], [-0.244483, 0.856954, 0.453717, 0.0)], [-0.944786, -0.315816, 0.0874026, 0.0)], [-0.0135668, 0.022798, -0.196498, 1.0)]])
-0.0135668, 0.022798, -0.196498
float3(0.321317, -1.47855, -0.44368)
264889.030937541
normal
simd_float4x4([[0.219952, -0.406392, 0.886829, 0.0)], [-0.241708, 0.858041, 0.453148, 0.0)], [-0.945092, -0.314025, 0.0904994, 0.0)], [-0.00459516, 0.0263735, -0.198823, 1.0)]])
-0.00459516, 0.0263735, -0.198823
float3(0.31943, -1.47533, -0.442328)
264889.164255958
normal
simd_float4x4([[0.206261, -0.40752, 0.889598, 0.0)], [-0.237185, 0.861211, 0.44951, 0.0)], [-0.949315, -0.303715, 0.0809765, 0.0)], [0.00333471, 0.0213734, -0.191606, 1.0)]])
0.00333471, 0.0213734, -0.191606
float3(0.30859, -1.4857, -0.441974)
264889.297574625
normal
simd_float4x4([[0.195096, -0.409888, 0.891027, 0.0)], [-0.233382, 0.862988, 0.44809, 0.0)], [-0.952613, -0.29537, 0.072705, 0.0)], [0.00440287, 0.0158419, -0.190033, 1.0)]])
0.00440287, 0.0158419, -0.190033
float3(0.299843, -1.49462, -0.443419)
264889.430893166
normal
simd_float4x4([[0.211092, -0.40724, 0.888592, 0.0)], [-0.222008, 0.865344, 0.449325, 0.0)], [-0.951921, -0.292123, 0.0922571, 0.0)], [0.0037882, 0.0112458, -0.19743, 1.0)]])
0.0037882, 0.0112458, -0.19743
float3(0.296446, -1.47418, -0.439861)
264889.564211583
normal
simd_float4x4([[0.217254, -0.404702, 0.888267, 0.0)], [-0.199109, 0.872495, 0.446215, 0.0)], [-0.955592, -0.273804, 0.108973, 0.0)], [0.0124558, 0.00112956, -0.200005, 1.0)]])
0.0124558, 0.00112956, -0.200005
float3(0.277346, -1.45725, -0.434307)
264889.697530041
normal
simd_float4x4([[0.221742, -0.416598, 0.881633, 0.0)], [-0.168931, 0.874057, 0.455507, 0.0)], [-0.960361, -0.24994, 0.123439, 0.0)], [0.0374898, -0.00625822, -0.203676, 1.0)]])
0.0374898, -0.00625822, -0.203676
float3(0.252618, -1.44296, -0.444774)
264889.830848583
normal
simd_float4x4([[0.232891, -0.435952, 0.869315, 0.0)], [-0.130307, 0.871845, 0.47213, 0.0)], [-0.963733, -0.223232, 0.146237, 0.0)], [0.0821562, -0.0172849, -0.203518, 1.0)]])
0.0821562, -0.0172849, -0.203518
float3(0.225129, -1.42021, -0.463675)
264889.96416725
normal
simd_float4x4([[0.271398, -0.458081, 0.846466, 0.0)], [-0.109928, 0.858967, 0.500091, 0.0)], [-0.956169, -0.228774, 0.182766, 0.0)], [0.127402, -0.049394, -0.191992, 1.0)]])
0.127402, -0.049394, -0.191992
float3(0.230818, -1.38193, -0.489926)
264890.097485708
normal
simd_float4x4([[0.302193, -0.457988, 0.836018, 0.0)], [-0.118201, 0.85225, 0.509606, 0.0)], [-0.94589, -0.252818, 0.203409, 0.0)], [0.227935, -0.0451027, -0.142303, 1.0)]])
0.227935, -0.0451027, -0.142303
float3(0.255591, -1.35898, -0.493108)
264890.230804208
normal
simd_float4x4([[0.286584, -0.475952, 0.831469, 0.0)], [-0.137287, 0.838513, 0.527303, 0.0)], [-0.948168, -0.265267, 0.174962, 0.0)], [0.320565, -0.0339711, -0.143833, 1.0)]])
0.320565, -0.0339711, -0.143833
float3(0.26848, -1.38832, -0.516266)
264890.364122791
normal
simd_float4x4([[0.296599, -0.47725, 0.827201, 0.0)], [-0.141899, 0.834539, 0.532362, 0.0)], [-0.944401, -0.275277, 0.179802, 0.0)], [0.401215, -0.015387, -0.137438, 1.0)]])
0.401215, -0.015387, -0.137438
float3(0.278878, -1.38266, -0.519481)
264890.49744125
normal
simd_float4x4([[0.28911, -0.480115, 0.828194, 0.0)], [-0.152043, 0.831128, 0.534892, 0.0)], [-0.945145, -0.280564, 0.16729, 0.0)], [0.478759, -0.0153596, -0.116915, 1.0)]])
0.478759, -0.0153596, -0.116915
float3(0.284381, -1.39561, -0.523836)
264890.630759875
normal
simd_float4x4([[0.259908, -0.476599, 0.839822, 0.0)], [-0.150315, 0.83914, 0.522732, 0.0)], [-0.953862, -0.2621, 0.14646, 0.0)], [0.556861, -0.0287978, -0.14423, 1.0)]])
0.556861, -0.0287978, -0.14423
float3(0.265198, -1.41844, -0.516528)
264890.764078375
normal
simd_float4x4([[0.271905, -0.460661, 0.844902, 0.0)], [-0.17885, 0.838494, 0.514724, 0.0)], [-0.945558, -0.291067, 0.145602, 0.0)], [0.6099, -0.0415968, -0.138674, 1.0)]])
0.6099, -0.0415968, -0.138674
float3(0.295341, -1.41801, -0.502375)
264890.897396875
normal
simd_float4x4([[0.308952, -0.442209, 0.842022, 0.0)], [-0.162306, 0.847833, 0.504813, 0.0)], [-0.937126, -0.292628, 0.190166, 0.0)], [0.694437, -0.0424904, -0.0956491, 1.0)]])
0.694437, -0.0424904, -0.0956491
float3(0.296974, -1.37059, -0.480758)
264891.030715458
normal
simd_float4x4([[0.244737, -0.430708, 0.868674, 0.0)], [-0.185552, 0.858555, 0.477967, 0.0)], [-0.951669, -0.278161, 0.130201, 0.0)], [0.791971, -0.0035053, -0.158443, 1.0)]])
0.791971, -0.0035053, -0.158443
float3(0.281879, -1.43483, -0.464979)
264891.164034
normal
simd_float4x4([[0.229894, -0.416485, 0.879596, 0.0)], [-0.18816, 0.86773, 0.460045, 0.0)], [-0.954853, -0.271266, 0.12112, 0.0)], [0.851385, -0.000208462, -0.181262, 1.0)]])
0.851385, -0.000208462, -0.181262
float3(0.274708, -1.44462, -0.447496)
264891.297352541
normal
simd_float4x4([[0.225214, -0.410923, 0.883414, 0.0)], [-0.192015, 0.870206, 0.453731, 0.0)], [-0.955201, -0.271815, 0.117079, 0.0)], [0.908509, -0.00701061, -0.193303, 1.0)]])
0.908509, -0.00701061, -0.193303
float3(0.275279, -1.44883, -0.441173)
264891.430670916
normal
simd_float4x4([[0.235861, -0.429734, 0.871607, 0.0)], [-0.185942, 0.860383, 0.474517, 0.0)], [-0.953832, -0.273989, 0.123026, 0.0)], [0.978971, -0.0193294, -0.197233, 1.0)]])
0.978971, -0.0193294, -0.197233
float3(0.277538, -1.44252, -0.463222)
264891.5639895
normal
simd_float4x4([[0.279555, -0.449515, 0.848401, 0.0)], [-0.185218, 0.841786, 0.507041, 0.0)], [-0.942095, -0.298885, 0.152067, 0.0)], [1.05807, -0.0241862, -0.189934, 1.0)]])
1.05807, -0.0241862, -0.189934
float3(0.303524, -1.41076, -0.490478)
264891.697308166
normal
simd_float4x4([[0.288115, -0.461193, 0.83922, 0.0)], [-0.1916, 0.830897, 0.522398, 0.0)], [-0.938232, -0.311305, 0.151029, 0.0)], [1.1458, -0.00879527, -0.181835, 1.0)]])
1.1458, -0.00879527, -0.181835
float3(0.316566, -1.41119, -0.506716)
264891.83062675
normal
simd_float4x4([[0.304763, -0.47546, 0.825262, 0.0)], [-0.178018, 0.822775, 0.539769, 0.0)], [-0.935644, -0.311414, 0.166111, 0.0)], [1.21095, -0.00130808, -0.183216, 1.0)]])
1.21095, -0.00130808, -0.183216
float3(0.31668, -1.39509, -0.523991)
264891.963945291
normal
simd_float4x4([[0.291615, -0.483637, 0.825261, 0.0)], [-0.18792, 0.81698, 0.545187, 0.0)], [-0.937895, -0.314068, 0.147358, 0.0)], [1.28689, 0.00391159, -0.189412, 1.0)]])
1.28689, 0.00391159, -0.189412
float3(0.319475, -1.41495, -0.534502)
264892.097263875
normal
simd_float4x4([[0.314385, -0.46731, 0.826307, 0.0)], [-0.151738, 0.834513, 0.529683, 0.0)], [-0.93709, -0.291906, 0.19145, 0.0)], [1.35722, -0.00801557, -0.2053, 1.0)]])
1.35722, -0.00801557, -0.2053
float3(0.296219, -1.36927, -0.510473)
264892.230582208
normal
simd_float4x4([[0.319521, -0.457122, 0.830028, 0.0)], [-0.170824, 0.833807, 0.524962, 0.0)], [-0.932054, -0.309525, 0.188331, 0.0)], [1.42935, -0.0220955, -0.235879, 1.0)]])
1.42935, -0.0220955, -0.235879
float3(0.314694, -1.37142, -0.501487)
264892.363900791
normal
simd_float4x4([[0.339102, -0.445461, 0.828598, 0.0)], [-0.160974, 0.840319, 0.51764, 0.0)], [-0.926875, -0.308915, 0.213247, 0.0)], [1.51097, -0.0123476, -0.284843, 1.0)]])
1.51097, -0.0123476, -0.284843
float3(0.314052, -1.34466, -0.487444)
264892.497219333
normal
simd_float4x4([[0.332055, -0.452615, 0.827574, 0.0)], [-0.178117, 0.831484, 0.526221, 0.0)], [-0.92629, -0.32214, 0.19548, 0.0)], [1.58097, 0.00231827, -0.327129, 1.0)]])
1.58097, 0.00231827, -0.327129
float3(0.327989, -1.36281, -0.498491)
264892.630537958
normal
simd_float4x4([[0.329083, -0.420367, 0.845574, 0.0)], [-0.164831, 0.856131, 0.489765, 0.0)], [-0.929804, -0.30055, 0.212449, 0.0)], [1.62978, -0.00597888, -0.362066, 1.0)]])
1.62978, -0.00597888, -0.362066
float3(0.30527, -1.34616, -0.456428)
264892.763856375
normal
simd_float4x4([[0.336769, -0.422923, 0.841263, 0.0)], [-0.128271, 0.864516, 0.485962, 0.0)], [-0.932809, -0.271566, 0.236893, 0.0)], [1.67064, -0.00453985, -0.3817, 1.0)]])
1.67064, -0.00453985, -0.3817
float3(0.27502, -1.3221, -0.454972)
264892.897175041
normal
simd_float4x4([[0.382951, -0.425141, 0.820124, 0.0)], [-0.0838734, 0.868134, 0.489192, 0.0)], [-0.919953, -0.256123, 0.296795, 0.0)], [1.71049, -0.0105001, -0.396577, 1.0)]])
1.71049, -0.0105001, -0.396577
float3(0.25901, -1.25872, -0.455388)
264893.030493583
normal
simd_float4x4([[0.436112, -0.451305, 0.778543, 0.0)], [-0.0510572, 0.851349, 0.52211, 0.0)], [-0.898443, -0.267449, 0.348241, 0.0)], [1.76151, -0.0126829, -0.40503, 1.0)]])
1.76151, -0.0126829, -0.40503
float3(0.270744, -1.20102, -0.487441)
264893.163811916
normal
simd_float4x4([[0.475336, -0.470084, 0.743692, 0.0)], [-0.0534939, 0.828286, 0.557746, 0.0)], [-0.878177, -0.3049, 0.368567, 0.0)], [1.82451, -0.00358516, -0.41014, 1.0)]])
1.82451, -0.00358516, -0.41014
float3(0.309833, -1.17343, -0.516208)
264893.297130541
normal
simd_float4x4([[0.506902, -0.479517, 0.71632, 0.0)], [-0.0322141, 0.819876, 0.571635, 0.0)], [-0.861402, -0.312838, 0.400149, 0.0)], [1.87159, -0.00227284, -0.42, 1.0)]])
1.87159, -0.00227284, -0.42
float3(0.31818, -1.13592, -0.529217)
264893.430449125
normal
simd_float4x4([[0.532538, -0.489886, 0.690229, 0.0)], [0.00023395, 0.815567, 0.578663, 0.0)], [-0.846406, -0.307998, 0.434435, 0.0)], [1.92654, -0.000929711, -0.436547, 1.0)]])
1.92654, -0.000929711, -0.436547
float3(0.313088, -1.09659, -0.540911)
264893.563767708
normal
simd_float4x4([[0.515143, -0.498112, 0.697504, 0.0)], [0.00948948, 0.817056, 0.57648, 0.0)], [-0.857052, -0.290351, 0.425628, 0.0)], [1.98316, -0.00565886, -0.459147, 1.0)]])
1.98316, -0.00565886, -0.459147
float3(0.294593, -1.10986, -0.547479)
264893.697086166
normal
simd_float4x4([[0.509365, -0.490078, 0.707369, 0.0)], [0.0237607, 0.829692, 0.557716, 0.0)], [-0.860223, -0.267273, 0.43426, 0.0)], [2.04114, -0.0257341, -0.500401, 1.0)]])
2.04114, -0.0257341, -0.500401
float3(0.270562, -1.1033, -0.533534)
264893.830404708
normal
simd_float4x4([[0.492983, -0.470866, 0.73161, 0.0)], [-0.0129201, 0.836838, 0.547297, 0.0)], [-0.869943, -0.279261, 0.406464, 0.0)], [2.10978, -0.042982, -0.558105, 1.0)]])
2.10978, -0.042982, -0.558105
float3(0.283024, -1.13371, -0.51252)
264893.963723125
normal
simd_float4x4([[0.486346, -0.453861, 0.746644, 0.0)], [-0.0222708, 0.847796, 0.529854, 0.0)], [-0.873482, -0.274321, 0.402214, 0.0)], [2.17767, -0.0410382, -0.62898, 1.0)]])
2.17767, -0.0410382, -0.62898
float3(0.277884, -1.13927, -0.49152)
264894.097041708
normal
simd_float4x4([[0.452455, -0.43967, 0.77587, 0.0)], [-0.0485611, 0.856579, 0.513725, 0.0)], [-0.890464, -0.270114, 0.366212, 0.0)], [2.23336, -0.0323806, -0.693192, 1.0)]])
2.23336, -0.0323806, -0.693192
float3(0.273512, -1.18062, -0.47422)
264894.230360166
normal
simd_float4x4([[0.425534, -0.424744, 0.79907, 0.0)], [-0.0553769, 0.86913, 0.491474, 0.0)], [-0.903247, -0.253389, 0.346323, 0.0)], [2.29317, -0.0328059, -0.737023, 1.0)]])
2.29317, -0.0328059, -0.737023
float3(0.256182, -1.20466, -0.454567)
264894.363678833
normal
simd_float4x4([[0.40974, -0.418763, 0.810401, 0.0)], [-0.0657392, 0.872535, 0.484108, 0.0)], [-0.90983, -0.251634, 0.329984, 0.0)], [2.35742, -0.0297071, -0.769057, 1.0)]])
2.35742, -0.0297071, -0.769057
float3(0.254368, -1.22286, -0.44747)
264894.496997375
normal
simd_float4x4([[0.434021, -0.425578, 0.794046, 0.0)], [-0.0387491, 0.871755, 0.488407, 0.0)], [-0.900069, -0.242748, 0.36187, 0.0)], [2.42096, -0.0442944, -0.795534, 1.0)]])
2.42096, -0.0442944, -0.795534
float3(0.245197, -1.18853, -0.454151)
264894.630315916
normal
simd_float4x4([[0.483504, -0.448568, 0.751672, 0.0)], [-0.00817334, 0.856367, 0.516303, 0.0)], [-0.875304, -0.255779, 0.410391, 0.0)], [2.49829, -0.0558067, -0.817714, 1.0)]])
2.49829, -0.0558067, -0.817714
float3(0.258653, -1.13237, -0.482509)
264894.763634375
normal
simd_float4x4([[0.533774, -0.455085, 0.71273, 0.0)], [0.00971031, 0.846084, 0.532961, 0.0)], [-0.845572, -0.27756, 0.456036, 0.0)], [2.58656, -0.0436504, -0.834667, 1.0)]])
2.58656, -0.0436504, -0.834667
float3(0.281253, -1.07619, -0.493484)
264894.896952833
normal
simd_float4x4([[0.567707, -0.465032, 0.679304, 0.0)], [0.0438636, 0.841084, 0.539124, 0.0)], [-0.822061, -0.276267, 0.497887, 0.0)], [2.6609, -0.0351518, -0.859716, 1.0)]])
2.6609, -0.0351518, -0.859716
float3(0.279908, -1.02623, -0.505064)
264895.030271416
normal
simd_float4x4([[0.609478, -0.470069, 0.638414, 0.0)], [0.0940615, 0.842449, 0.530502, 0.0)], [-0.787204, -0.263279, 0.557669, 0.0)], [2.7181, -0.0295264, -0.885228, 1.0)]])
2.7181, -0.0295264, -0.885228
float3(0.26642, -0.954443, -0.508948)
264895.163589916
normal
simd_float4x4([[0.627106, -0.470857, 0.620509, 0.0)], [0.126109, 0.847477, 0.515636, 0.0)], [-0.768657, -0.245107, 0.590837, 0.0)], [2.77766, -0.0361286, -0.917077, 1.0)]])
2.77766, -0.0361286, -0.917077
float3(0.24763, -0.915459, -0.507131)
264895.296908375
normal
simd_float4x4([[0.63163, -0.457722, 0.625727, 0.0)], [0.129076, 0.857931, 0.497287, 0.0)], [-0.764449, -0.233335, 0.600976, 0.0)], [2.84552, -0.0554928, -0.963584, 1.0)]])
2.84552, -0.0554928, -0.963584
float3(0.235506, -0.904555, -0.490102)
264895.430227041
normal
simd_float4x4([[0.652003, -0.421387, 0.630338, 0.0)], [0.106652, 0.874047, 0.473991, 0.0)], [-0.750678, -0.241817, 0.614823, 0.0)], [2.91674, -0.0747522, -1.0278, 1.0)]])
2.91674, -0.0747522, -1.0278
float3(0.244238, -0.884563, -0.449233)
264895.5635455
normal
simd_float4x4([[0.693185, -0.398875, 0.600327, 0.0)], [0.109954, 0.881682, 0.458854, 0.0)], [-0.712323, -0.252062, 0.655027, 0.0)], [2.97439, -0.0637085, -1.09938, 1.0)]])
2.97439, -0.0637085, -1.09938
float3(0.254811, -0.827277, -0.42485)
264895.696863916
normal
simd_float4x4([[0.771907, -0.362293, 0.522402, 0.0)], [0.144666, 0.900271, 0.41059, 0.0)], [-0.619057, -0.241363, 0.747337, 0.0)], [3.00115, -0.0586197, -1.15819, 1.0)]])
3.00115, -0.0586197, -1.15819
float3(0.24377, -0.69179, -0.382596)
264895.8301825
normal
simd_float4x4([[0.853435, -0.359992, 0.3769, 0.0)], [0.219587, 0.904178, 0.366393, 0.0)], [-0.472684, -0.22993, 0.850707, 0.0)], [3.02311, -0.0518565, -1.19832, 1.0)]])
3.02311, -0.0518565, -1.19832
float3(0.232006, -0.50716, -0.378905)
264895.963500916
normal
simd_float4x4([[0.882129, -0.380766, 0.277247, 0.0)], [0.283045, 0.899024, 0.334128, 0.0)], [-0.376476, -0.216271, 0.900829, 0.0)], [3.06097, -0.0591117, -1.22565, 1.0)]])
3.06097, -0.0591117, -1.22565
float3(0.217993, -0.39586, -0.400627)
264896.096819541
normal
simd_float4x4([[0.888177, -0.419575, 0.187347, 0.0)], [0.346591, 0.879409, 0.326365, 0.0)], [-0.301689, -0.224937, 0.926492, 0.0)], [3.12237, -0.0729383, -1.25064, 1.0)]])
3.12237, -0.0729383, -1.25064
float3(0.226878, -0.314797, -0.445168)
264896.230138125
normal
simd_float4x4([[0.886026, -0.44472, 0.131081, 0.0)], [0.380315, 0.858849, 0.34313, 0.0)], [-0.265176, -0.25417, 0.930097, 0.0)], [3.22449, -0.0889313, -1.27725, 1.0)]])
3.22449, -0.0889313, -1.27725
float3(0.256989, -0.277737, -0.477793)
264896.363456666
normal
simd_float4x4([[0.880836, -0.457373, 0.122222, 0.0)], [0.391895, 0.849272, 0.353772, 0.0)], [-0.265606, -0.263717, 0.927312, 0.0)], [3.3496, -0.0900134, -1.30727, 1.0)]])
3.3496, -0.0900134, -1.30727
float3(0.266873, -0.278957, -0.494007)
264896.496775166
normal
simd_float4x4([[0.860359, -0.497985, 0.108594, 0.0)], [0.429834, 0.823404, 0.37047, 0.0)], [-0.273905, -0.27206, 0.922475, 0.0)], [3.43935, -0.0841471, -1.34054, 1.0)]])
3.43935, -0.0841471, -1.34054
float3(0.275533, -0.288633, -0.543932)
264896.630093583
normal
simd_float4x4([[0.857782, -0.512236, 0.0427059, 0.0)], [0.467965, 0.812608, 0.347386, 0.0)], [-0.212647, -0.277996, 0.936749, 0.0)], [3.4996, -0.0809439, -1.37641, 1.0)]])
3.4996, -0.0809439, -1.37641
float3(0.281707, -0.223222, -0.562445)
264896.763412291
normal
simd_float4x4([[0.855863, -0.517129, -0.00872848, 0.0)], [0.494027, 0.812399, 0.30975, 0.0)], [-0.15309, -0.269415, 0.950778, 0.0)], [3.53369, -0.0827718, -1.42175, 1.0)]])
3.53369, -0.0827718, -1.42175
float3(0.272786, -0.159645, -0.566859)
264896.896730875
normal
simd_float4x4([[0.859471, -0.508976, -0.047466, 0.0)], [0.5023, 0.823646, 0.263252, 0.0)], [-0.0948939, -0.2501, 0.963559, 0.0)], [3.53769, -0.0989517, -1.48625, 1.0)]])
3.53769, -0.0989517, -1.48625
float3(0.252783, -0.0981662, -0.553517)
264897.030049291
normal
simd_float4x4([[0.867429, -0.492908, -0.0678926, 0.0)], [0.493913, 0.836521, 0.23724, 0.0)], [-0.0601439, -0.239322, 0.969076, 0.0)], [3.53255, -0.115928, -1.56743, 1.0)]])
3.53255, -0.115928, -1.56743
float3(0.241667, -0.0619837, -0.532467)
264897.163367875
normal
simd_float4x4([[0.87199, -0.475375, -0.11684, 0.0)], [0.489518, 0.845706, 0.212495, 0.0)], [-0.00220217, -0.242489, 0.970152, 0.0)], [3.50946, -0.110804, -1.66515, 1.0)]])
3.50946, -0.110804, -1.66515
float3(0.24493, -0.00226992, -0.512089)
264897.296686375
normal
simd_float4x4([[0.876687, -0.470212, -0.101587, 0.0)], [0.480842, 0.850156, 0.214539, 0.0)], [-0.014514, -0.236931, 0.971418, 0.0)], [3.48216, -0.0947771, -1.76009, 1.0)]])
3.48216, -0.0947771, -1.76009
float3(0.239205, -0.0149399, -0.505212)
264897.430004708
normal
simd_float4x4([[0.882801, -0.457517, -0.106494, 0.0)], [0.469651, 0.864231, 0.180367, 0.0)], [0.00951479, -0.209243, 0.977817, 0.0)], [3.47924, -0.0866372, -1.84451, 1.0)]])
3.47924, -0.0866372, -1.84451
float3(0.210801, 0.00973033, -0.486884)
264897.563323333
normal
simd_float4x4([[0.877787, -0.455453, -0.1485, 0.0)], [0.476706, 0.861096, 0.176819, 0.0)], [0.0473401, -0.226001, 0.972976, 0.0)], [3.48303, -0.0948139, -1.93943, 1.0)]])
3.48303, -0.0948139, -1.93943
float3(0.22797, 0.0486167, -0.486516)
264897.696641958
normal
simd_float4x4([[0.860327, -0.4736, -0.188521, 0.0)], [0.50296, 0.848822, 0.16289, 0.0)], [0.0828756, -0.234957, 0.968466, 0.0)], [3.50365, -0.117394, -2.04422, 1.0)]])
3.50365, -0.117394, -2.04422
float3(0.237174, 0.0853661, -0.508927)
264897.829960416
normal
simd_float4x4([[0.854448, -0.481873, -0.194207, 0.0)], [0.51533, 0.833562, 0.199023, 0.0)], [0.06598, -0.270135, 0.960559, 0.0)], [3.54109, -0.0949836, -2.16361, 1.0)]])
3.54109, -0.0949836, -2.16361
float3(0.273534, 0.0685814, -0.524153)
264897.963279041
normal
simd_float4x4([[0.838546, -0.481123, -0.255658, 0.0)], [0.531935, 0.824457, 0.193173, 0.0)], [0.117838, -0.297978, 0.947271, 0.0)], [3.55481, -0.0748382, -2.25938, 1.0)]])
3.55481, -0.0748382, -2.25938
float3(0.302574, 0.123762, -0.528246)
264898.0965975
normal
simd_float4x4([[0.83009, -0.478007, -0.287159, 0.0)], [0.5376, 0.822783, 0.18443, 0.0)], [0.14811, -0.30747, 0.93996, 0.0)], [3.54772, -0.060802, -2.35809, 1.0)]])
3.54772, -0.060802, -2.35809
float3(0.312533, 0.156286, -0.526305)
264898.229916166
normal
simd_float4x4([[0.820993, -0.464168, -0.332443, 0.0)], [0.528849, 0.837677, 0.13644, 0.0)], [0.215149, -0.287828, 0.933202, 0.0)], [3.53465, -0.0832478, -2.46604, 1.0)]])
3.53465, -0.0832478, -2.46604
float3(0.291959, 0.22659, -0.505996)
264898.3632345
normal
simd_float4x4([[0.835503, -0.452133, -0.312266, 0.0)], [0.513197, 0.845171, 0.149383, 0.0)], [0.196377, -0.285064, 0.938176, 0.0)], [3.51065, -0.108628, -2.599, 1.0)]])
3.51065, -0.108628, -2.599
float3(0.289073, 0.206339, -0.491224)
264898.496552958
normal
simd_float4x4([[0.835638, -0.451047, -0.313474, 0.0)], [0.510282, 0.848676, 0.139146, 0.0)], [0.203276, -0.276236, 0.939347, 0.0)], [3.47013, -0.0837957, -2.74221, 1.0)]])
3.47013, -0.0837957, -2.74221
float3(0.279876, 0.213115, -0.488506)
264898.6298715
normal
simd_float4x4([[0.862314, -0.446946, -0.238019, 0.0)], [0.489972, 0.855125, 0.169377, 0.0)], [0.127834, -0.262679, 0.956378, 0.0)], [3.45577, -0.0707134, -2.87004, 1.0)]])
3.45577, -0.0707134, -2.87004
float3(0.265798, 0.132877, -0.481617)
264898.763190166
normal
simd_float4x4([[0.866301, -0.452089, -0.212456, 0.0)], [0.48902, 0.85431, 0.176108, 0.0)], [0.101887, -0.256458, 0.96117, 0.0)], [3.45191, -0.0688596, -2.98146, 1.0)]])
3.45191, -0.0688596, -2.98146
float3(0.259356, 0.105608, -0.486723)
264898.896508708
normal
simd_float4x4([[0.86059, -0.464014, -0.209942, 0.0)], [0.499578, 0.849258, 0.17083, 0.0)], [0.0990276, -0.251897, 0.962674, 0.0)], [3.45974, -0.094744, -3.10018, 1.0)]])
3.45974, -0.094744, -3.10018
float3(0.25464, 0.102507, -0.500056)
264899.029827125
normal
simd_float4x4([[0.851637, -0.476835, -0.217583, 0.0)], [0.516814, 0.833097, 0.197111, 0.0)], [0.087278, -0.280317, 0.955931, 0.0)], [3.48864, -0.098861, -3.23401, 1.0)]])
3.48864, -0.098861, -3.23401
float3(0.284124, 0.0910491, -0.519852)
264899.16314575
normal
simd_float4x4([[0.843448, -0.488589, -0.22333, 0.0)], [0.532328, 0.816061, 0.225104, 0.0)], [0.0722676, -0.308748, 0.948394, 0.0)], [3.50498, -0.0787303, -3.35401, 1.0)]])
3.50498, -0.0787303, -3.35401
float3(0.313877, 0.076053, -0.539475)
264899.296464125
normal
