ARKit Data
178769.015076541
normal
simd_float4x4([[-0.0202717, -0.980815, -0.193882, 0.0)], [-0.980566, -0.0183446, 0.195327, 0.0)], [-0.195137, 0.194074, -0.961383, 0.0)], [4.97839e+06, -2.12359e+07, 3.02694e+06, 1.0)]])
4.97839e+06, -2.12359e+07, 3.02694e+06
float3(-0.195313, -2.94134, -1.5895)
178769.419438291
notAvailable
simd_float4x4([[1.0, 0.0, 0.0, 0.0)], [0.0, 1.0, 0.0, 0.0)], [0.0, 0.0, 1.0, 0.0)], [0.0, 0.0, 0.0, 1.0)]])
0.0, 0.0, 0.0
float3(-0.0, 0.0, 0.0)
178769.552750583
limited(__ObjC.ARCamera.TrackingState.Reason.initializing)
simd_float4x4([[0.0307148, -0.981458, 0.189198, 0.0)], [0.999528, 0.0301595, -0.00581399, 0.0)], [5.73532e-08, 0.189288, 0.981922, 0.0)], [0.0, 0.0, 0.0, 1.0)]])
0.0, 0.0, 0.0
float3(-0.190437, 5.84091e-08, -1.54008)
178769.68606275
limited(__ObjC.ARCamera.TrackingState.Reason.initializing)
simd_float4x4([[0.0247585, -0.980722, 0.193832, 0.0)], [0.999689, 0.0248434, -0.00199333, 0.0)], [-0.00286054, 0.193822, 0.981033, 0.0)], [0.0, 0.0, 0.0, 1.0)]])
0.0, 0.0, 0.0
float3(-0.195056, -0.00291584, -1.54547)
178769.819375041
limited(__ObjC.ARCamera.TrackingState.Reason.initializing)
simd_float4x4([[0.00579752, -0.9787, 0.205214, 0.0)], [0.999972, 0.00662741, 0.00335696, 0.0)], [-0.00464549, 0.205189, 0.978711, 0.0)], [0.0, 0.0, 0.0, 1.0)]])
0.0, 0.0, 0.0
float3(-0.206656, -0.0047465, -1.56402)
178769.952687416
limited(__ObjC.ARCamera.TrackingState.Reason.initializing)
simd_float4x4([[0.00116657, -0.978642, 0.205565, 0.0)], [0.999919, 0.00375067, 0.0121816, 0.0)], [-0.0126924, 0.205534, 0.978567, 0.0)], [0.0, 0.0, 0.0, 1.0)]])
0.0, 0.0, 0.0
float3(-0.207009, -0.0129697, -1.56696)
178770.0859995
limited(__ObjC.ARCamera.TrackingState.Reason.initializing)
simd_float4x4([[-0.00112117, -0.979771, 0.200114, 0.0)], [0.999776, 0.00312927, 0.0209226, 0.0)], [-0.0211256, 0.200093, 0.979548, 0.0)], [0.0, 0.0, 0.0, 1.0)]])
0.0, 0.0, 0.0
float3(-0.201453, -0.0215633, -1.5676)
178770.219311708
limited(__ObjC.ARCamera.TrackingState.Reason.initializing)
simd_float4x4([[-0.0017382, -0.980787, 0.195072, 0.0)], [0.999371, 0.00520834, 0.0350916, 0.0)], [-0.0354334, 0.195011, 0.98016, 0.0)], [0.0, 0.0, 0.0, 1.0)]])
0.0, 0.0, 0.0
float3(-0.196268, -0.0361349, -1.56549)
178770.352624166
limited(__ObjC.ARCamera.TrackingState.Reason.initializing)
simd_float4x4([[-0.00378567, -0.981205, 0.192931, 0.0)], [0.999265, 0.00364584, 0.0381495, 0.0)], [-0.0381358, 0.192934, 0.98047, 0.0)], [0.0, 0.0, 0.0, 1.0)]])
0.0, 0.0, 0.0
float3(-0.194151, -0.0388759, -1.56708)
178770.485936458
limited(__ObjC.ARCamera.TrackingState.Reason.initializing)
simd_float4x4([[-0.00546135, -0.981434, 0.191723, 0.0)], [0.999363, 0.0014029, 0.0356489, 0.0)], [-0.035256, 0.191796, 0.980801, 0.0)], [0.0, 0.0, 0.0, 1.0)]])
0.0, 0.0, 0.0
float3(-0.192992, -0.0359306, -1.56937)
178770.619248666
limited(__ObjC.ARCamera.TrackingState.Reason.initializing)
simd_float4x4([[-0.00434631, -0.98159, 0.190948, 0.0)], [0.999619, 0.000940498, 0.0275878, 0.0)], [-0.0272596, 0.190995, 0.981212, 0.0)], [0.0, 0.0, 0.0, 1.0)]])
0.0, 0.0, 0.0
float3(-0.192176, -0.0277744, -1.56984)
178770.752560916
limited(__ObjC.ARCamera.TrackingState.Reason.initializing)
simd_float4x4([[-0.00229177, -0.981876, 0.189511, 0.0)], [0.999806, 0.00145591, 0.019634, 0.0)], [-0.019554, 0.189519, 0.981682, 0.0)], [0.0, 0.0, 0.0, 1.0)]])
0.0, 0.0, 0.0
float3(-0.190672, -0.0199163, -1.56931)
178770.885873208
limited(__ObjC.ARCamera.TrackingState.Reason.initializing)
simd_float4x4([[-0.00305689, -0.982329, 0.187136, 0.0)], [0.99994, -0.00102955, 0.0109298, 0.0)], [-0.010544, 0.187158, 0.982273, 0.0)], [0.0, 0.0, 0.0, 1.0)]])
0.0, 0.0, 0.0
float3(-0.188268, -0.0107338, -1.57184)
178771.0191855
limited(__ObjC.ARCamera.TrackingState.Reason.initializing)
simd_float4x4([[-0.00488228, -0.983038, 0.183329, 0.0)], [0.999987, -0.0045928, 0.00200364, 0.0)], [-0.00112768, 0.183337, 0.983048, 0.0)], [0.0, 0.0, 0.0, 1.0)]])
0.0, 0.0, 0.0
float3(-0.184379, -0.00114712, -1.57547)
178771.15249775
limited(__ObjC.ARCamera.TrackingState.Reason.initializing)
simd_float4x4([[-0.00292813, -0.983566, 0.180514, 0.0)], [0.99994, -0.00478327, -0.00984258, 0.0)], [0.0105443, 0.180474, 0.983521, 0.0)], [0.0, 0.0, 0.0, 1.0)]])
0.0, 0.0, 0.0
float3(-0.181469, 0.0107205, -1.57566)
178771.285810083
limited(__ObjC.ARCamera.TrackingState.Reason.initializing)
simd_float4x4([[-0.00274741, -0.984427, 0.175761, 0.0)], [0.999644, -0.00736889, -0.0256471, 0.0)], [0.0265429, 0.175628, 0.984097, 0.0)], [0.0, 0.0, 0.0, 1.0)]])
0.0, 0.0, 0.0
float3(-0.176543, 0.0269653, -1.57828)
178771.419122375
limited(__ObjC.ARCamera.TrackingState.Reason.initializing)
simd_float4x4([[0.00272853, -0.9851, 0.171947, 0.0)], [0.999373, -0.00338194, -0.0352344, 0.0)], [0.035291, 0.171935, 0.984473, 0.0)], [0.0, 0.0, 0.0, 1.0)]])
0.0, 0.0, 0.0
float3(-0.172794, 0.0358323, -1.57423)
178771.552434875
limited(__ObjC.ARCamera.TrackingState.Reason.initializing)
simd_float4x4([[0.0050611, -0.985602, 0.168991, 0.0)], [0.99896, -0.00267255, -0.0455055, 0.0)], [0.0453021, 0.169046, 0.984564, 0.0)], [0.0, 0.0, 0.0, 1.0)]])
0.0, 0.0, 0.0
float3(-0.169861, 0.0459799, -1.57351)
178771.685747083
limited(__ObjC.ARCamera.TrackingState.Reason.initializing)
simd_float4x4([[0.00506739, -0.985719, 0.168304, 0.0)], [0.996479, -0.00910755, -0.0833454, 0.0)], [0.0836882, 0.168133, 0.982202, 0.0)], [0.0, 0.0, 0.0, 1.0)]])
0.0, 0.0, 0.0
float3(-0.168936, 0.0849994, -1.58004)
178771.819059458
limited(__ObjC.ARCamera.TrackingState.Reason.initializing)
simd_float4x4([[0.00803296, -0.985881, 0.167228, 0.0)], [0.992101, -0.013078, -0.124761, 0.0)], [0.125187, 0.166909, 0.977988, 0.0)], [0.0, 0.0, 0.0, 1.0)]])
0.0, 0.0, 0.0
float3(-0.167694, 0.127312, -1.58406)
178771.952371791
limited(__ObjC.ARCamera.TrackingState.Reason.initializing)
simd_float4x4([[0.0163621, -0.985615, 0.168182, 0.0)], [0.987141, -0.0108255, -0.159484, 0.0)], [0.159012, 0.168629, 0.972764, 0.0)], [0.0, 0.0, 0.0, 1.0)]])
0.0, 0.0, 0.0
float3(-0.169438, 0.162031, -1.58178)
178772.085684125
limited(__ObjC.ARCamera.TrackingState.Reason.initializing)
simd_float4x4([[0.0242442, -0.9856, 0.16732, 0.0)], [0.976526, -0.0124837, -0.215039, 0.0)], [0.214032, 0.168605, 0.96216, 0.0)], [0.0, 0.0, 0.0, 1.0)]])
0.0, 0.0, 0.0
float3(-0.169415, 0.218885, -1.58346)
178772.218996458
limited(__ObjC.ARCamera.TrackingState.Reason.initializing)
simd_float4x4([[0.0326551, -0.985503, 0.166457, 0.0)], [0.968619, -0.00985151, -0.248354, 0.0)], [0.246395, 0.169344, 0.954255, 0.0)], [0.0, 0.0, 0.0, 1.0)]])
0.0, 0.0, 0.0
float3(-0.170164, 0.252687, -1.58079)
178772.352308875
limited(__ObjC.ARCamera.TrackingState.Reason.initializing)
simd_float4x4([[0.0377493, -0.985154, 0.167443, 0.0)], [0.965199, -0.00744528, -0.261411, 0.0)], [0.258778, 0.171484, 0.950588, 0.0)], [0.0, 0.0, 0.0, 1.0)]])
0.0, 0.0, 0.0
float3(-0.172336, 0.265789, -1.57835)
178772.485621041
limited(__ObjC.ARCamera.TrackingState.Reason.initializing)
simd_float4x4([[0.039221, -0.984375, 0.171639, 0.0)], [0.964693, -0.00746655, -0.263269, 0.0)], [0.260438, 0.175904, 0.949327, 0.0)], [0.0, 0.0, 0.0, 1.0)]])
0.0, 0.0, 0.0
float3(-0.176824, 0.267752, -1.57838)
178772.618933583
limited(__ObjC.ARCamera.TrackingState.Reason.initializing)
simd_float4x4([[0.0382908, -0.984421, 0.171584, 0.0)], [0.968614, -0.00563756, -0.248507, 0.0)], [0.245604, 0.175714, 0.953307, 0.0)], [0.0, 0.0, 0.0, 1.0)]])
0.0, 0.0, 0.0
float3(-0.176631, 0.25215, -1.57652)
178772.752245916
limited(__ObjC.ARCamera.TrackingState.Reason.initializing)
simd_float4x4([[0.0370207, -0.984011, 0.174188, 0.0)], [0.971909, -0.00508592, -0.2353, 0.0)], [0.232425, 0.178006, 0.956182, 0.0)], [0.0, 0.0, 0.0, 1.0)]])
0.0, 0.0, 0.0
float3(-0.17896, 0.238451, -1.57596)
178772.885558333
limited(__ObjC.ARCamera.TrackingState.Reason.initializing)
simd_float4x4([[0.0332735, -0.983302, 0.178883, 0.0)], [0.977715, -0.00509466, -0.209874, 0.0)], [0.207282, 0.18188, 0.961219, 0.0)], [0.0, 0.0, 0.0, 1.0)]])
0.0, 0.0, 0.0
float3(-0.182898, 0.212393, -1.57598)
178773.018870791
limited(__ObjC.ARCamera.TrackingState.Reason.initializing)
simd_float4x4([[0.0297785, -0.983261, 0.179714, 0.0)], [0.982028, -0.00474201, -0.188673, 0.0)], [0.186369, 0.182102, 0.965449, 0.0)], [0.0, 0.0, 0.0, 1.0)]])
0.0, 0.0, 0.0
float3(-0.183124, 0.190693, -1.57562)
178773.152183166
limited(__ObjC.ARCamera.TrackingState.Reason.initializing)
simd_float4x4([[0.0291058, -0.983343, 0.179373, 0.0)], [0.984827, -0.00250094, -0.173519, 0.0)], [0.171079, 0.181702, 0.96835, 0.0)], [0.0, 0.0, 0.0, 1.0)]])
0.0, 0.0, 0.0
float3(-0.182717, 0.174866, -1.57334)
178773.285495458
limited(__ObjC.ARCamera.TrackingState.Reason.initializing)
simd_float4x4([[0.0219334, -0.984171, 0.175813, 0.0)], [0.990497, -0.00249024, -0.137514, 0.0)], [0.135776, 0.177159, 0.974764, 0.0)], [0.0, 0.0, 0.0, 1.0)]])
0.0, 0.0, 0.0
float3(-0.178099, 0.138401, -1.57333)
178773.418807916
normal
simd_float4x4([[0.0200341, -0.984905, 0.171932, 0.0)], [0.993532, 0.00038743, -0.113551, 0.0)], [0.11177, 0.173095, 0.978543, 0.0)], [0.00236844, 0.00070291, -2.84705e-05, 1.0)]])
0.00236844, 0.00070291, -2.84705e-05
float3(-0.173971, 0.113728, -1.5704)
178773.55212025
normal
simd_float4x4([[0.0124022, -0.985662, 0.168273, 0.0)], [0.997046, -0.000567256, -0.0768078, 0.0)], [0.0758021, 0.168728, 0.982743, 0.0)], [0.00968157, 0.00190227, -0.00287157, 1.0)]])
0.00968157, 0.00190227, -0.00287157
float3(-0.169539, 0.0769807, -1.57137)
178773.685432791
normal
simd_float4x4([[0.00577676, -0.985952, 0.16693, 0.0)], [0.999135, -0.00118473, -0.0415734, 0.0)], [0.0411872, 0.167026, 0.985092, 0.0)], [0.0155518, 0.00242229, -0.00387521, 1.0)]])
0.0155518, 0.00242229, -0.00387521
float3(-0.167812, 0.0417861, -1.572)
178773.818745166
normal
simd_float4x4([[0.000365305, -0.985817, 0.167822, 0.0)], [0.999915, -0.00182412, -0.0128918, 0.0)], [0.0130151, 0.167813, 0.985733, 0.0)], [0.0179108, 0.00221386, -0.00485938, 1.0)]])
0.0179108, 0.00221386, -0.00485938
float3(-0.16861, 0.0132027, -1.57265)
178773.952057666
normal
simd_float4x4([[-0.00310123, -0.985713, 0.168403, 0.0)], [0.999984, -0.00227827, 0.0050798, 0.0)], [-0.00462355, 0.168417, 0.985705, 0.0)], [0.0205809, 0.0029922, -0.00992918, 1.0)]])
0.0205809, 0.0029922, -0.00992918
float3(-0.169223, -0.00469057, -1.57311)
178774.085370125
normal
simd_float4x4([[-0.00469226, -0.985817, 0.167759, 0.0)], [0.999742, -0.000898869, 0.022681, 0.0)], [-0.0222085, 0.167822, 0.985567, 0.0)], [0.018047, 0.00392014, -0.0158323, 1.0)]])
0.018047, 0.00392014, -0.0158323
float3(-0.16862, -0.0225299, -1.57171)
178774.218682458
normal
simd_float4x4([[-0.0104209, -0.985515, 0.16927, 0.0)], [0.999115, -0.00336507, 0.0419172, 0.0)], [-0.0407404, 0.169557, 0.984678, 0.0)], [0.0109327, 0.00260369, -0.0257415, 1.0)]])
0.0109327, 0.00260369, -0.0257415
float3(-0.17038, -0.0413507, -1.57421)
178774.351994916
normal
simd_float4x4([[-0.0149335, -0.983708, 0.179151, 0.0)], [0.997604, -0.00255533, 0.0691258, 0.0)], [-0.0675418, 0.179755, 0.98139, 0.0)], [0.00400673, -0.00697528, -0.0322267, 1.0)]])
0.00400673, -0.00697528, -0.0322267
float3(-0.180737, -0.0687142, -1.57339)
178774.485307416
normal
simd_float4x4([[-0.0224025, -0.980649, 0.19449, 0.0)], [0.996496, -0.00622348, 0.0834027, 0.0)], [-0.0805783, 0.195677, 0.977352, 0.0)], [-0.0124302, -0.0162344, -0.0483928, 1.0)]])
-0.0124302, -0.0162344, -0.0483928
float3(-0.196947, -0.0822595, -1.57714)
178774.618619708
normal
simd_float4x4([[-0.0172179, -0.979702, 0.199718, 0.0)], [0.99609, 0.000503131, 0.0883421, 0.0)], [-0.0866494, 0.200458, 0.975863, 0.0)], [-0.0304104, -0.021221, -0.0681311, 1.0)]])
-0.0304104, -0.021221, -0.0681311
float3(-0.201825, -0.0885604, -1.57028)
178774.751932333
normal
simd_float4x4([[-0.00551175, -0.977205, 0.212225, 0.0)], [0.996679, 0.0118735, 0.0805571, 0.0)], [-0.0812407, 0.211965, 0.973895, 0.0)], [-0.0415437, -0.0212322, -0.0958312, 1.0)]])
-0.0415437, -0.0212322, -0.0958312
float3(-0.213585, -0.0832256, -1.55865)
178774.885244708
normal
simd_float4x4([[-0.012136, -0.978074, 0.207905, 0.0)], [0.997633, 0.00223015, 0.0687263, 0.0)], [-0.0676831, 0.208247, 0.975732, 0.0)], [-0.0460917, -0.0212115, -0.127617, 1.0)]])
-0.0460917, -0.0212115, -0.127617
float3(-0.209782, -0.0692556, -1.56852)
178775.018557291
normal
simd_float4x4([[-0.0102282, -0.978141, 0.207689, 0.0)], [0.998482, 0.00125261, 0.0550725, 0.0)], [-0.0541289, 0.207937, 0.976643, 0.0)], [-0.0444016, -0.0247274, -0.170419, 1.0)]])
-0.0444016, -0.0247274, -0.170419
float3(-0.209465, -0.0553667, -1.56952)
178775.151869833
normal
simd_float4x4([[-0.0109438, -0.977637, 0.210017, 0.0)], [0.998951, -0.00135017, 0.0457695, 0.0)], [-0.0444624, 0.210297, 0.976626, 0.0)], [-0.0344001, -0.031447, -0.230581, 1.0)]])
-0.0344001, -0.031447, -0.230581
float3(-0.211879, -0.0454951, -1.57218)
178775.285182166
normal
simd_float4x4([[-0.0032935, -0.977074, 0.212872, 0.0)], [0.999419, 0.00400417, 0.0338416, 0.0)], [-0.0339182, 0.21286, 0.976494, 0.0)], [-0.0217354, -0.0320449, -0.31118, 1.0)]])
-0.0217354, -0.0320449, -0.31118
float3(-0.214501, -0.0347207, -1.5667)
178775.418494833
normal
simd_float4x4([[-0.000771352, -0.976654, 0.214818, 0.0)], [0.999656, 0.00487706, 0.0257626, 0.0)], [-0.0262089, 0.214764, 0.976314, 0.0)], [-0.00683603, -0.0259334, -0.392291, 1.0)]])
-0.00683603, -0.0259334, -0.392291
float3(-0.216451, -0.0268383, -1.5658)
178775.55180725
normal
simd_float4x4([[0.0336235, -0.97946, 0.198816, 0.0)], [0.999237, 0.0369004, 0.012799, 0.0)], [-0.0198725, 0.198234, 0.979953, 0.0)], [-0.00694264, -0.0217154, -0.45635, 1.0)]])
-0.00694264, -0.0217154, -0.45635
float3(-0.199556, -0.0202762, -1.53314)
178775.685119583
normal
simd_float4x4([[0.0220146, -0.981072, 0.192387, 0.0)], [0.999758, 0.0216117, -0.00419277, 0.0)], [-4.44161e-05, 0.192433, 0.98131, 0.0)], [-0.00206337, -0.022513, -0.525216, 1.0)]])
-0.00206337, -0.022513, -0.525216
float3(-0.193641, -4.52621e-05, -1.54877)
178775.818432208
normal
simd_float4x4([[0.0426642, -0.979884, 0.194956, 0.0)], [0.999057, 0.0434155, -0.000419835, 0.0)], [-0.00805273, 0.19479, 0.980812, 0.0)], [-0.00926494, -0.03265, -0.603062, 1.0)]])
-0.00926494, -0.03265, -0.603062
float3(-0.196044, -0.00821009, -1.52652)
178775.951744708
normal
simd_float4x4([[0.0362223, -0.982149, 0.184582, 0.0)], [0.999276, 0.0377462, 0.00474733, 0.0)], [-0.0116298, 0.184276, 0.982806, 0.0)], [-0.0166067, -0.044897, -0.698725, 1.0)]])
-0.0166067, -0.044897, -0.698725
float3(-0.185336, -0.0118328, -1.53238)
178776.085057208
normal
simd_float4x4([[0.0262916, -0.985349, 0.168512, 0.0)], [0.999223, 0.030857, 0.0245308, 0.0)], [-0.0293711, 0.167736, 0.985394, 0.0)], [-0.0293252, -0.0469564, -0.796283, 1.0)]])
-0.0293252, -0.0469564, -0.796283
float3(-0.168533, -0.0297977, -1.53949)
178776.218369875
normal
simd_float4x4([[-0.000756014, -0.985098, 0.171993, 0.0)], [0.999101, 0.00654429, 0.0418744, 0.0)], [-0.0423759, 0.17187, 0.984208, 0.0)], [-0.0376892, -0.0410515, -0.888143, 1.0)]])
-0.0376892, -0.0410515, -0.888143
float3(-0.172728, -0.0430293, -1.56415)
178776.351682291
normal
simd_float4x4([[-0.00706903, -0.98381, 0.179074, 0.0)], [0.998522, 0.00270645, 0.054286, 0.0)], [-0.0538918, 0.179193, 0.982337, 0.0)], [-0.03938, -0.0310838, -0.958754, 1.0)]])
-0.03938, -0.0310838, -0.958754
float3(-0.180166, -0.0548058, -1.56805)
178776.484994833
normal
simd_float4x4([[-0.0163476, -0.984164, 0.176505, 0.0)], [0.998117, -0.00562466, 0.0610816, 0.0)], [-0.0591215, 0.177172, 0.982403, 0.0)], [-0.0354312, -0.0326547, -1.03837, 1.0)]])
-0.0354312, -0.0326547, -1.03837
float3(-0.178112, -0.060108, -1.57651)
178776.6183075
normal
simd_float4x4([[-0.0276344, -0.983189, 0.180486, 0.0)], [0.998454, -0.0184371, 0.0524393, 0.0)], [-0.0482301, 0.181656, 0.982179, 0.0)], [-0.0262339, -0.0437411, -1.12352, 1.0)]])
-0.0262339, -0.0437411, -1.12352
float3(-0.18267, -0.0490658, -1.58955)
178776.751619833
normal
simd_float4x4([[-0.0229848, -0.984159, 0.17579, 0.0)], [0.999349, -0.017727, 0.0314217, 0.0)], [-0.0278078, 0.176398, 0.983926, 0.0)], [-0.00803711, -0.056275, -1.21685, 1.0)]])
-0.00803711, -0.056275, -1.21685
float3(-0.177325, -0.0282545, -1.58881)
178776.8849325
normal
simd_float4x4([[-0.0155965, -0.983413, 0.180711, 0.0)], [0.999871, -0.0146721, 0.00645107, 0.0)], [-0.00369266, 0.180788, 0.983515, 0.0)], [0.0143807, -0.0529206, -1.32076, 1.0)]])
0.0143807, -0.0529206, -1.32076
float3(-0.181788, -0.00375454, -1.58571)
178777.018245
normal
simd_float4x4([[0.000499701, -0.98712, 0.15998, 0.0)], [0.999899, -0.00177656, -0.0140851, 0.0)], [0.0141879, 0.159971, 0.98702, 0.0)], [0.0265671, -0.0398206, -1.4073, 1.0)]])
0.0265671, -0.0398206, -1.4073
float3(-0.160661, 0.0143735, -1.5726)
178777.1515575
normal
simd_float4x4([[0.00582374, -0.983734, 0.179539, 0.0)], [0.999819, 0.00247426, -0.0188743, 0.0)], [0.0181231, 0.179616, 0.98357, 0.0)], [0.0404002, -0.0419972, -1.49382, 1.0)]])
0.0404002, -0.0419972, -1.49382
float3(-0.180596, 0.0184237, -1.56828)
178777.284870125
normal
simd_float4x4([[0.0147131, -0.982383, 0.186297, 0.0)], [0.999809, 0.0120555, -0.0153905, 0.0)], [0.0128735, 0.186488, 0.982373, 0.0)], [0.0450952, -0.0493964, -1.5743, 1.0)]])
0.0450952, -0.0493964, -1.5743
float3(-0.187587, 0.0131037, -1.55853)
178777.418182791
normal
simd_float4x4([[0.0129792, -0.980928, 0.193935, 0.0)], [0.999898, 0.0115786, -0.00835348, 0.0)], [0.00594866, 0.194024, 0.980979, 0.0)], [0.0449155, -0.0663138, -1.6703, 1.0)]])
0.0449155, -0.0663138, -1.6703
float3(-0.195262, 0.00606393, -1.55899)
178777.551495291
normal
simd_float4x4([[0.0102109, -0.982732, 0.184751, 0.0)], [0.999917, 0.0114824, 0.00581379, 0.0)], [-0.00783479, 0.184676, 0.982768, 0.0)], [0.0409044, -0.0736317, -1.77613, 1.0)]])
0.0409044, -0.0736317, -1.77613
float3(-0.185742, -0.00797199, -1.55911)
178777.684807833
normal
simd_float4x4([[-0.0104637, -0.986783, 0.161712, 0.0)], [0.999503, -0.00551586, 0.0310157, 0.0)], [-0.0297138, 0.161956, 0.98635, 0.0)], [0.0369172, -0.0703379, -1.88368, 1.0)]])
0.0369172, -0.0703379, -1.88368
float3(-0.162672, -0.0301159, -1.57639)
178777.818120333
normal
simd_float4x4([[-0.00271132, -0.982624, 0.185588, 0.0)], [0.999036, 0.00546911, 0.0435524, 0.0)], [-0.0438107, 0.185527, 0.981662, 0.0)], [0.0339999, -0.0657, -1.99533, 1.0)]])
0.0339999, -0.0657, -1.99533
float3(-0.186608, -0.0445995, -1.56523)
178777.951432875
normal
simd_float4x4([[-0.0263159, -0.980976, 0.192339, 0.0)], [0.998675, -0.0172874, 0.048469, 0.0)], [-0.0442219, 0.193359, 0.980131, 0.0)], [0.0443864, -0.0660494, -2.09648, 1.0)]])
0.0443864, -0.0660494, -2.09648
float3(-0.194585, -0.0450878, -1.58842)
178778.084745458
normal
simd_float4x4([[-0.0126201, -0.981953, 0.188706, 0.0)], [0.99914, -0.00492907, 0.0411706, 0.0)], [-0.0394974, 0.189063, 0.98117, 0.0)], [0.0516875, -0.0762757, -2.20407, 1.0)]])
0.0516875, -0.0762757, -2.20407
float3(-0.190208, -0.0402337, -1.57582)
178778.218057958
normal
simd_float4x4([[-0.00422142, -0.983273, 0.182091, 0.0)], [0.999726, 3.90192e-05, 0.0233874, 0.0)], [-0.0230033, 0.18214, 0.983003, 0.0)], [0.0704271, -0.086075, -2.31521, 1.0)]])
0.0704271, -0.086075, -2.31521
float3(-0.183163, -0.0233967, -1.57076)
178778.351370583
normal
simd_float4x4([[0.00245083, -0.984715, 0.174156, 0.0)], [0.999997, 0.00228691, -0.00114187, 0.0)], [0.000726134, 0.174158, 0.984717, 0.0)], [0.0925076, -0.0746553, -2.42345, 1.0)]])
0.0925076, -0.0746553, -2.42345
float3(-0.175051, 0.000737403, -1.56847)
178778.484683291
normal
simd_float4x4([[0.0056116, -0.983922, 0.178511, 0.0)], [0.999873, 0.002864, -0.0156458, 0.0)], [0.014883, 0.178576, 0.983813, 0.0)], [0.10331, -0.0655285, -2.51744, 1.0)]])
0.10331, -0.0655285, -2.51744
float3(-0.179539, 0.0151267, -1.56789)
178778.61799575
normal
simd_float4x4([[0.0302767, -0.979018, 0.201512, 0.0)], [0.999435, 0.0267142, -0.0203755, 0.0)], [0.0145648, 0.202015, 0.979274, 0.0)], [0.107062, -0.0663519, -2.60822, 1.0)]])
0.107062, -0.0663519, -2.60822
float3(-0.203415, 0.014872, -1.54352)
178778.751308416
normal
simd_float4x4([[0.0252261, -0.979591, 0.19941, 0.0)], [0.999638, 0.0228578, -0.0141699, 0.0)], [0.00932263, 0.199696, 0.979814, 0.0)], [0.10774, -0.086212, -2.69432, 1.0)]])
0.10774, -0.086212, -2.69432
float3(-0.201047, 0.00951441, -1.54747)
178778.884620791
normal
simd_float4x4([[0.0210459, -0.98278, 0.183576, 0.0)], [0.999777, 0.0204146, -0.00532808, 0.0)], [0.00148871, 0.183647, 0.982991, 0.0)], [0.0963356, -0.0949853, -2.79761, 1.0)]])
0.0963356, -0.0949853, -2.79761
float3(-0.184695, 0.00151447, -1.55003)
178779.017933458
normal
simd_float4x4([[-0.0135793, -0.989568, 0.143425, 0.0)], [0.999858, -0.0120132, 0.0117794, 0.0)], [-0.00993354, 0.143565, 0.989591, 0.0)], [0.0876024, -0.0908556, -2.90033, 1.0)]])
0.0876024, -0.0908556, -2.90033
float3(-0.144063, -0.0100377, -1.58294)
178779.151245958
normal
simd_float4x4([[-0.0128966, -0.989751, 0.142217, 0.0)], [0.999871, -0.0114086, 0.0112735, 0.0)], [-0.00953543, 0.142344, 0.989771, 0.0)], [0.0781872, -0.081128, -3.00296, 1.0)]])
0.0781872, -0.081128, -3.00296
float3(-0.14283, -0.00963368, -1.58232)
178779.284558625
normal
simd_float4x4([[-0.0283258, -0.986552, 0.160974, 0.0)], [0.999291, -0.0239495, 0.0290626, 0.0)], [-0.0248166, 0.161683, 0.986531, 0.0)], [0.0793187, -0.0777538, -3.0966, 1.0)]])
0.0793187, -0.0777538, -3.0966
float3(-0.162396, -0.0251501, -1.59507)
178779.417871166
normal
simd_float4x4([[-0.023028, -0.986215, 0.163857, 0.0)], [0.999496, -0.0191283, 0.025338, 0.0)], [-0.0218544, 0.164358, 0.986158, 0.0)], [0.0796276, -0.0895752, -3.1983, 1.0)]])
0.0796276, -0.0895752, -3.1983
float3(-0.165107, -0.0221575, -1.59019)
178779.55118375
normal
simd_float4x4([[-0.0187949, -0.988611, 0.149318, 0.0)], [0.999823, -0.0185184, 0.00324189, 0.0)], [-0.000439835, 0.149352, 0.988784, 0.0)], [0.0902302, -0.0980269, -3.29784, 1.0)]])
0.0902302, -0.0980269, -3.29784
float3(-0.149913, -0.000444824, -1.58953)
178779.684496458
normal
simd_float4x4([[-0.0235979, -0.988191, 0.151397, 0.0)], [0.999368, -0.0273458, -0.0227207, 0.0)], [0.0265925, 0.150765, 0.988212, 0.0)], [0.106071, -0.091536, -3.4025, 1.0)]])
0.106071, -0.091536, -3.4025
float3(-0.151342, 0.0269032, -1.59846)
178779.817809
normal
simd_float4x4([[-0.010668, -0.985927, 0.166838, 0.0)], [0.999343, -0.0162938, -0.032388, 0.0)], [0.0346506, 0.166383, 0.985452, 0.0)], [0.110486, -0.0853637, -3.49619, 1.0)]])
0.110486, -0.0853637, -3.49619
float3(-0.167161, 0.0351476, -1.58732)
178779.951121666
normal
simd_float4x4([[0.00767385, -0.983847, 0.178848, 0.0)], [0.999702, 0.00340263, -0.0241763, 0.0)], [0.0231772, 0.178981, 0.983579, 0.0)], [0.109293, -0.0775475, -3.57697, 1.0)]])
0.109293, -0.0775475, -3.57697
float3(-0.17995, 0.0235598, -1.56734)
178780.08443425
normal
simd_float4x4([[0.0125728, -0.985638, 0.168404, 0.0)], [0.99992, 0.0121456, -0.00356653, 0.0)], [0.00146994, 0.168436, 0.985712, 0.0)], [0.105005, -0.0882249, -3.66518, 1.0)]])
0.105005, -0.0882249, -3.66518
float3(-0.169243, 0.00149125, -1.55847)
178780.217746833
normal
simd_float4x4([[0.0161696, -0.988368, 0.151216, 0.0)], [0.999568, 0.0196884, 0.0218014, 0.0)], [-0.024525, 0.150798, 0.98826, 0.0)], [0.0915076, -0.0978566, -3.76307, 1.0)]])
0.0915076, -0.0978566, -3.76307
float3(-0.151376, -0.0248112, -1.55088)
178780.35105925
normal
simd_float4x4([[-0.0140928, -0.987642, 0.156094, 0.0)], [0.999154, -0.0078793, 0.0403536, 0.0)], [-0.038625, 0.156531, 0.986917, 0.0)], [0.0790957, -0.100288, -3.87129, 1.0)]])
0.0790957, -0.100288, -3.87129
float3(-0.157178, -0.039117, -1.57877)
178780.484371958
normal
simd_float4x4([[-0.0321612, -0.988227, 0.149577, 0.0)], [0.998345, -0.0246255, 0.051962, 0.0)], [-0.0476669, 0.151, 0.987384, 0.0)], [0.0699793, -0.0945587, -3.97047, 1.0)]])
0.0699793, -0.0945587, -3.97047
float3(-0.15158, -0.0482385, -1.59571)
178780.617684541
normal
simd_float4x4([[-0.041541, -0.985893, 0.162137, 0.0)], [0.997618, -0.0319849, 0.061111, 0.0)], [-0.055063, 0.16429, 0.984874, 0.0)], [0.0674349, -0.0943034, -4.06801, 1.0)]])
0.0674349, -0.0943034, -4.06801
float3(-0.165038, -0.0558505, -1.60323)
178780.750997125
normal
simd_float4x4([[-0.0391935, -0.986374, 0.159784, 0.0)], [0.998346, -0.0319229, 0.0478197, 0.0)], [-0.0420673, 0.161394, 0.985993, 0.0)], [0.067595, -0.106606, -4.1701, 1.0)]])
0.067595, -0.106606, -4.1701
float3(-0.162103, -0.042639, -1.60315)
178780.884309958
normal
simd_float4x4([[-0.0333827, -0.987666, 0.152977, 0.0)], [0.999374, -0.0311944, 0.0166833, 0.0)], [-0.0117055, 0.153438, 0.988089, 0.0)], [0.0761332, -0.11914, -4.2824, 1.0)]])
0.0761332, -0.11914, -4.2824
float3(-0.154047, -0.011846, -1.60237)
178781.017622541
normal
simd_float4x4([[-0.0291399, -0.988493, 0.148432, 0.0)], [0.999305, -0.0322601, -0.0186565, 0.0)], [0.0232302, 0.147785, 0.988747, 0.0)], [0.0898203, -0.109535, -4.39813, 1.0)]])
0.0898203, -0.109535, -4.39813
float3(-0.148328, 0.0234903, -1.60342)
178781.150935166
normal
simd_float4x4([[-0.0172476, -0.986448, 0.163167, 0.0)], [0.99955, -0.0210183, -0.0214111, 0.0)], [0.0245504, 0.162724, 0.986366, 0.0)], [0.0919997, -0.0997415, -4.509, 1.0)]])
0.0919997, -0.0997415, -4.509
float3(-0.163451, 0.0248846, -1.5921)
178781.284247666
normal
simd_float4x4([[0.0100771, -0.984471, 0.17526, 0.0)], [0.999896, 0.0081152, -0.0119072, 0.0)], [0.0103, 0.175362, 0.98445, 0.0)], [0.093948, -0.100066, -4.61583, 1.0)]])
0.093948, -0.100066, -4.61583
float3(-0.176274, 0.0104623, -1.56255)
178781.417560291
normal
simd_float4x4([[0.0174112, -0.984195, 0.176228, 0.0)], [0.999847, 0.0174149, -0.00152554, 0.0)], [-0.00156756, 0.176228, 0.984348, 0.0)], [0.088264, -0.123131, -4.71849, 1.0)]])
0.088264, -0.123131, -4.71849
float3(-0.177153, -0.00159248, -1.5531)
178781.550872875
normal
simd_float4x4([[0.0061006, -0.982368, 0.186855, 0.0)], [0.999955, 0.0073476, 0.00598175, 0.0)], [-0.00724921, 0.186811, 0.982369, 0.0)], [0.0788708, -0.145379, -4.85411, 1.0)]])
0.0788708, -0.145379, -4.85411
float3(-0.187915, -0.00737918, -1.56332)
178781.684185416
normal
simd_float4x4([[-0.00265639, -0.976927, 0.213559, 0.0)], [0.999697, 0.00263509, 0.0244891, 0.0)], [-0.0244868, 0.213559, 0.976623, 0.0)], [0.0607229, -0.142271, -4.98575, 1.0)]])
0.0607229, -0.142271, -4.98575
float3(-0.215217, -0.0250677, -1.5681)
178781.817498166
normal
simd_float4x4([[0.01646, -0.971951, 0.234608, 0.0)], [0.9992, 0.0245456, 0.0315857, 0.0)], [-0.0364584, 0.233901, 0.971577, 0.0)], [0.048067, -0.141047, -5.10296, 1.0)]])
0.048067, -0.141047, -5.10296
float3(-0.236088, -0.0375074, -1.54555)
178781.950810708
normal
simd_float4x4([[-0.0368444, -0.973546, 0.225501, 0.0)], [0.998734, -0.0281384, 0.0417015, 0.0)], [-0.0342531, 0.226752, 0.97335, 0.0)], [0.0548571, -0.15979, -5.21541, 1.0)]])
0.0548571, -0.15979, -5.21541
float3(-0.228741, -0.0351764, -1.59969)
178782.084123625
normal
simd_float4x4([[-0.00958406, -0.990943, 0.133942, 0.0)], [0.999802, -0.00716324, 0.0185439, 0.0)], [-0.0174164, 0.134093, 0.990816, 0.0)], [0.0621015, -0.189329, -5.31768, 1.0)]])
0.0621015, -0.189329, -5.31768
float3(-0.134498, -0.0175761, -1.57802)
178782.217436208
normal
simd_float4x4([[-0.00573371, -0.993085, 0.117258, 0.0)], [0.999885, -0.00404367, 0.0146457, 0.0)], [-0.0140703, 0.117329, 0.992993, 0.0)], [0.0807551, -0.184541, -5.43761, 1.0)]])
0.0807551, -0.184541, -5.43761
float3(-0.1176, -0.0141686, -1.57487)
178782.35074875
normal
simd_float4x4([[0.0117786, -0.991615, 0.128687, 0.0)], [0.999675, 0.0145883, 0.0209127, 0.0)], [-0.0226147, 0.128398, 0.991465, 0.0)], [0.0880352, -0.157949, -5.56053, 1.0)]])
0.0880352, -0.157949, -5.56053
float3(-0.128754, -0.0228054, -1.55609)
178782.484061375
normal
simd_float4x4([[0.0687226, -0.988443, 0.135119, 0.0)], [0.997575, 0.0665883, -0.0202577, 0.0)], [0.0110263, 0.136184, 0.990622, 0.0)], [0.0827817, -0.152852, -5.67542, 1.0)]])
0.0827817, -0.152852, -5.67542
float3(-0.136608, 0.0111302, -1.50353)
178782.617374041
normal
simd_float4x4([[0.0944515, -0.983769, 0.152571, 0.0)], [0.995515, 0.0941518, -0.00920462, 0.0)], [-0.00530958, 0.152756, 0.98825, 0.0)], [0.0792508, -0.176132, -5.79683, 1.0)]])
0.0792508, -0.176132, -5.79683
float3(-0.153356, -0.00537266, -1.47538)
178782.750686666
normal
simd_float4x4([[0.0821186, -0.987527, 0.134337, 0.0)], [0.996368, 0.0843939, 0.0113214, 0.0)], [-0.0225174, 0.132919, 0.990871, 0.0)], [0.0717036, -0.190425, -5.91789, 1.0)]])
0.0717036, -0.190425, -5.91789
float3(-0.133314, -0.0227209, -1.48554)
178782.883999291
normal
simd_float4x4([[0.0529432, -0.987113, 0.151016, 0.0)], [0.997612, 0.0589995, 0.035906, 0.0)], [-0.0443531, 0.148755, 0.987879, 0.0)], [0.0698829, -0.178865, -6.05445, 1.0)]])
0.0698829, -0.178865, -6.05445
float3(-0.149309, -0.0448672, -1.5111)
178783.017311958
normal
simd_float4x4([[0.0459529, -0.989427, 0.137556, 0.0)], [0.99697, 0.0540775, 0.0559196, 0.0)], [-0.0627671, 0.13457, 0.988914, 0.0)], [0.0709708, -0.159773, -6.17398, 1.0)]])
0.0709708, -0.159773, -6.17398
float3(-0.13498, -0.0633857, -1.5162)
178783.150624625
normal
simd_float4x4([[0.0229264, -0.99115, 0.13075, 0.0)], [0.996518, 0.0331433, 0.0765081, 0.0)], [-0.0801646, 0.128541, 0.988459, 0.0)], [0.0776425, -0.162855, -6.29471, 1.0)]])
0.0776425, -0.162855, -6.29471
float3(-0.128897, -0.0809234, -1.53737)
178783.283937458
normal
simd_float4x4([[0.0197824, -0.990879, 0.133293, 0.0)], [0.997617, 0.0283763, 0.062886, 0.0)], [-0.0660948, 0.131731, 0.989079, 0.0)], [0.0956649, -0.18354, -6.41493, 1.0)]])
0.0956649, -0.18354, -6.41493
float3(-0.132115, -0.0667254, -1.54217)
178783.417250041
normal
simd_float4x4([[0.00435387, -0.988865, 0.148754, 0.0)], [0.999694, 0.00792884, 0.0234483, 0.0)], [-0.0243666, 0.148606, 0.988596, 0.0)], [0.117647, -0.190475, -6.54419, 1.0)]])
0.117647, -0.190475, -6.54419
float3(-0.149159, -0.0246427, -1.56278)
178783.550562708
normal
simd_float4x4([[0.0155441, -0.9885, 0.150421, 0.0)], [0.999801, 0.0134838, -0.0147071, 0.0)], [0.0125097, 0.15062, 0.988513, 0.0)], [0.132432, -0.172751, -6.65947, 1.0)]])
0.132432, -0.172751, -6.65947
float3(-0.151195, 0.0126544, -1.55716)
178783.683875291
normal
simd_float4x4([[0.0253732, -0.991314, 0.129044, 0.0)], [0.998975, 0.020304, -0.0404476, 0.0)], [0.0374761, 0.129938, 0.990813, 0.0)], [0.139502, -0.167565, -6.75782, 1.0)]])
0.139502, -0.167565, -6.75782
float3(-0.130307, 0.0378056, -1.55032)
178783.817187875
normal
simd_float4x4([[0.0669011, -0.988687, 0.134249, 0.0)], [0.997172, 0.0616351, -0.0430105, 0.0)], [0.0342495, 0.136747, 0.990014, 0.0)], [0.136481, -0.18066, -6.87069, 1.0)]])
0.136481, -0.18066, -6.87069
float3(-0.137177, 0.0345812, -1.50854)
178783.950500583
normal
simd_float4x4([[0.0725846, -0.987207, 0.141961, 0.0)], [0.997129, 0.068749, -0.0317457, 0.0)], [0.0215799, 0.143858, 0.989363, 0.0)], [0.13777, -0.208015, -6.9927, 1.0)]])
0.13777, -0.208015, -6.9927
float3(-0.144359, 0.0218084, -1.50127)
178784.083813291
normal
simd_float4x4([[0.0362514, -0.986433, 0.16011, 0.0)], [0.99934, 0.0354312, -0.00797596, 0.0)], [0.00219487, 0.160294, 0.987067, 0.0)], [0.133972, -0.221279, -7.13594, 1.0)]])
0.133972, -0.221279, -7.13594
float3(-0.160988, 0.00222362, -1.53489)
178784.217126
normal
simd_float4x4([[0.0135143, -0.991186, 0.131789, 0.0)], [0.999906, 0.0131139, -0.00390567, 0.0)], [0.00214298, 0.131829, 0.99127, 0.0)], [0.128221, -0.211344, -7.25862, 1.0)]])
0.128221, -0.211344, -7.25862
float3(-0.132214, 0.00216185, -1.55757)
178784.350438458
normal
simd_float4x4([[0.00477525, -0.982762, 0.184813, 0.0)], [0.997967, 0.016429, 0.061577, 0.0)], [-0.0635519, 0.184143, 0.980843, 0.0)], [0.130962, -0.205068, -7.39157, 1.0)]])
0.130962, -0.205068, -7.39157
float3(-0.1852, -0.0647027, -1.55408)
178784.483751416
normal
simd_float4x4([[-0.0216988, -0.984465, 0.174235, 0.0)], [0.99927, -0.0158777, 0.0347339, 0.0)], [-0.0314279, 0.174861, 0.984091, 0.0)], [0.135965, -0.226306, -7.51049, 1.0)]])
0.135965, -0.226306, -7.51049
float3(-0.175765, -0.0319251, -1.58692)
178784.617064125
normal
simd_float4x4([[0.0162207, -0.985155, 0.1709, 0.0)], [0.999604, 0.0199068, 0.0198769, 0.0)], [-0.0229839, 0.17051, 0.985088, 0.0)], [0.134705, -0.239333, -7.63899, 1.0)]])
0.134705, -0.239333, -7.63899
float3(-0.171348, -0.0233276, -1.55059)
178784.750376708
normal
simd_float4x4([[-0.0436027, -0.979102, 0.198641, 0.0)], [0.998659, -0.0482663, -0.0186938, 0.0)], [0.0278908, 0.19756, 0.979894, 0.0)], [0.152056, -0.225457, -7.77396, 1.0)]])
0.152056, -0.225457, -7.77396
float3(-0.198868, 0.0284554, -1.62005)
178784.883689458
normal
simd_float4x4([[-0.0407101, -0.985039, 0.167454, 0.0)], [0.996024, -0.0532984, -0.0713798, 0.0)], [0.0792369, 0.163882, 0.983292, 0.0)], [0.136366, -0.211408, -7.87953, 1.0)]])
0.136366, -0.211408, -7.87953
float3(-0.164625, 0.0804095, -1.62485)
178785.017002
normal
simd_float4x4([[0.0189681, -0.982838, 0.183491, 0.0)], [0.990926, -0.00594435, -0.134275, 0.0)], [0.133062, 0.184373, 0.973807, 0.0)], [0.109485, -0.223158, -7.98935, 1.0)]])
0.109485, -0.223158, -7.98935
float3(-0.185434, 0.1358, -1.57684)
178785.15031475
normal
simd_float4x4([[0.12482, -0.974448, 0.186735, 0.0)], [0.987175, 0.103092, -0.121893, 0.0)], [0.0995277, 0.199555, 0.974819, 0.0)], [0.0805284, -0.238193, -8.11165, 1.0)]])
0.0805284, -0.238193, -8.11165
float3(-0.200904, 0.101746, -1.46539)
178785.283627458
normal
simd_float4x4([[0.0350093, -0.983871, 0.175423, 0.0)], [0.991631, 0.012373, -0.128506, 0.0)], [0.124263, 0.178454, 0.97607, 0.0)], [0.0899467, -0.243636, -8.24704, 1.0)]])
0.0899467, -0.243636, -8.24704
float3(-0.179415, 0.126629, -1.55822)
178785.416940083
normal
simd_float4x4([[-0.00185, -0.980124, 0.198378, 0.0)], [0.996679, -0.0179566, -0.0794235, 0.0)], [0.081407, 0.197572, 0.976902, 0.0)], [0.0935097, -0.226441, -8.37149, 1.0)]])
0.0935097, -0.226441, -8.37149
float3(-0.198881, 0.0831397, -1.58912)
178785.550253041
normal
simd_float4x4([[-0.00352699, -0.974858, 0.222798, 0.0)], [0.999678, -0.00903417, -0.0237039, 0.0)], [0.0251208, 0.222643, 0.974576, 0.0)], [0.0959227, -0.220148, -8.4864, 1.0)]])
0.0959227, -0.220148, -8.4864
float3(-0.224524, 0.0257704, -1.58006)
178785.683565583
normal
simd_float4x4([[-0.0129868, -0.976391, 0.215618, 0.0)], [0.999736, -0.0167637, -0.0156971, 0.0)], [0.0189411, 0.215358, 0.976351, 0.0)], [0.10581, -0.234504, -8.60693, 1.0)]])
0.10581, -0.234504, -8.60693
float3(-0.217058, 0.0193975, -1.58796)
178785.81687825
normal
simd_float4x4([[-0.00745609, -0.97782, 0.209315, 0.0)], [0.999142, -0.0158146, -0.0382874, 0.0)], [0.0407484, 0.20885, 0.977098, 0.0)], [0.117348, -0.253464, -8.73481, 1.0)]])
0.117348, -0.253464, -8.73481
float3(-0.210399, 0.0416793, -1.58697)
178785.950191
normal
simd_float4x4([[-0.0149595, -0.967089, 0.254, 0.0)], [0.996579, -0.0350715, -0.0748382, 0.0)], [0.0812833, 0.252011, 0.964305, 0.0)], [0.131712, -0.239579, -8.87393, 1.0)]])
0.131712, -0.239579, -8.87393
float3(-0.254758, 0.0840933, -1.60705)
178786.083503708
normal
simd_float4x4([[-0.0073743, -0.984716, 0.174011, 0.0)], [0.996259, -0.0222174, -0.0835069, 0.0)], [0.0860967, 0.172744, 0.981197, 0.0)], [0.141285, -0.216945, -8.97115, 1.0)]])
0.141285, -0.216945, -8.97115
float3(-0.173615, 0.0875224, -1.59335)
178786.216816333
normal
simd_float4x4([[0.0490531, -0.982696, 0.178615, 0.0)], [0.99564, 0.0339047, -0.0868977, 0.0)], [0.0793381, 0.182099, 0.980074, 0.0)], [0.137947, -0.218021, -9.08311, 1.0)]])
0.137947, -0.218021, -9.08311
float3(-0.183121, 0.0807749, -1.53631)
178786.350129083
normal
simd_float4x4([[0.0541812, -0.982943, 0.17575, 0.0)], [0.996356, 0.0416076, -0.0744574, 0.0)], [0.0658748, 0.179143, 0.981615, 0.0)], [0.13463, -0.241232, -9.2144, 1.0)]])
0.13463, -0.241232, -9.2144
float3(-0.180116, 0.0670081, -1.52849)
178786.483441791
normal
simd_float4x4([[0.0509807, -0.982111, 0.181268, 0.0)], [0.998245, 0.0446327, -0.0389307, 0.0)], [0.0301439, 0.182934, 0.982663, 0.0)], [0.127055, -0.25428, -9.34726, 1.0)]])
0.127055, -0.25428, -9.34726
float3(-0.18397, 0.0306661, -1.52538)
178786.616754458
normal
simd_float4x4([[0.0479652, -0.979846, 0.193909, 0.0)], [0.998685, 0.0435261, -0.0270912, 0.0)], [0.0181051, 0.194954, 0.980645, 0.0)], [0.122823, -0.238048, -9.48072, 1.0)]])
0.122823, -0.238048, -9.48072
float3(-0.19621, 0.0184603, -1.5264)
178786.750067291
normal
simd_float4x4([[0.00745279, -0.980452, 0.196619, 0.0)], [0.999912, 0.00514689, -0.0122362, 0.0)], [0.010985, 0.196692, 0.980404, 0.0)], [0.131466, -0.233168, -9.59946, 1.0)]])
0.131466, -0.233168, -9.59946
float3(-0.197983, 0.0112041, -1.56555)
178786.88338
normal
simd_float4x4([[-0.0142088, -0.981468, 0.191101, 0.0)], [0.999795, -0.016696, -0.0114109, 0.0)], [0.01439, 0.1909, 0.981504, 0.0)], [0.141814, -0.238403, -9.72064, 1.0)]])
0.141814, -0.238403, -9.72064
float3(-0.192079, 0.0146601, -1.58781)
178787.016692666
normal
simd_float4x4([[-0.00419531, -0.986625, 0.162953, 0.0)], [0.999667, -0.00828783, -0.0244431, 0.0)], [0.0254667, 0.162796, 0.986331, 0.0)], [0.156253, -0.245488, -9.83678, 1.0)]])
0.156253, -0.245488, -9.83678
float3(-0.163524, 0.0258139, -1.5792)
178787.1500055
normal
simd_float4x4([[0.0172182, -0.989237, 0.145307, 0.0)], [0.998438, 0.00928609, -0.0550911, 0.0)], [0.0531488, 0.146029, 0.987851, 0.0)], [0.17391, -0.242025, -9.95096, 1.0)]])
0.17391, -0.242025, -9.95096
float3(-0.146553, 0.0537506, -1.56141)
178787.283318166
normal
simd_float4x4([[0.0213837, -0.990167, 0.138246, 0.0)], [0.998037, 0.0130015, -0.0612535, 0.0)], [0.0588538, 0.139285, 0.988502, 0.0)], [0.191359, -0.230368, -10.0525, 1.0)]])
0.191359, -0.230368, -10.0525
float3(-0.139739, 0.0594681, -1.55767)
178787.41663075
normal
simd_float4x4([[0.0342105, -0.990847, 0.130585, 0.0)], [0.997702, 0.0262136, -0.0624744, 0.0)], [0.0584795, 0.132422, 0.989467, 0.0)], [0.199078, -0.222455, -10.1447, 1.0)]])
0.199078, -0.222455, -10.1447
float3(-0.132812, 0.0590334, -1.54435)
178787.549943541
normal
simd_float4x4([[0.0468649, -0.990293, 0.130858, 0.0)], [0.998825, 0.04807, 0.00606328, 0.0)], [-0.0122948, 0.13042, 0.991382, 0.0)], [0.212355, -0.228753, -10.237, 1.0)]])
0.212355, -0.228753, -10.237
float3(-0.130793, -0.012401, -1.52229)
178787.68325625
normal
simd_float4x4([[0.011299, -0.995171, 0.0975023, 0.0)], [0.995051, 0.0208171, 0.0971625, 0.0)], [-0.098723, 0.0959219, 0.990481, 0.0)], [0.231055, -0.238501, -10.3313, 1.0)]])
0.231055, -0.238501, -10.3313
float3(-0.0960696, -0.0993437, -1.54988)
178787.816568916
normal
simd_float4x4([[-0.0136185, -0.995577, 0.0929574, 0.0)], [0.977923, 0.00612597, 0.208878, 0.0)], [-0.208523, 0.0937497, 0.973514, 0.0)], [0.241607, -0.239407, -10.4386, 1.0)]])
0.241607, -0.239407, -10.4386
float3(-0.0938876, -0.211008, -1.56464)
178787.94988175
normal
simd_float4x4([[-0.0610753, -0.993498, 0.0960845, 0.0)], [0.9434, -0.0260187, 0.330636, 0.0)], [-0.325986, 0.11084, 0.938855, 0.0)], [0.261611, -0.239181, -10.5308, 1.0)]])
0.261611, -0.239181, -10.5308
float3(-0.111068, -0.334193, -1.59698)
178788.083194541
normal
simd_float4x4([[-0.0925261, -0.988888, 0.116355, 0.0)], [0.896151, -0.0317704, 0.44261, 0.0)], [-0.433995, 0.145225, 0.889133, 0.0)], [0.288902, -0.234466, -10.6046, 1.0)]])
0.288902, -0.234466, -10.6046
float3(-0.14574, -0.45409, -1.60291)
178788.216507166
normal
simd_float4x4([[-0.114532, -0.988171, 0.101981, 0.0)], [0.841865, -0.0420476, 0.538047, 0.0)], [-0.527395, 0.147478, 0.836723, 0.0)], [0.325429, -0.235958, -10.6601, 1.0)]])
0.325429, -0.235958, -10.6601
float3(-0.148018, -0.562409, -1.61332)
178788.349820041
normal
simd_float4x4([[-0.126023, -0.98811, 0.088075, 0.0)], [0.799087, -0.0485009, 0.599256, 0.0)], [-0.587859, 0.1459, 0.795698, 0.0)], [0.362633, -0.239602, -10.6978, 1.0)]])
0.362633, -0.239602, -10.6978
float3(-0.146423, -0.636292, -1.61984)
178788.483132583
normal
simd_float4x4([[-0.148538, -0.986502, 0.0689235, 0.0)], [0.77223, -0.0721727, 0.631231, 0.0)], [-0.617736, 0.146986, 0.772527, 0.0)], [0.400919, -0.242759, -10.7363, 1.0)]])
0.400919, -0.242759, -10.7363
float3(-0.147521, -0.674516, -1.64383)
178788.616445333
normal
simd_float4x4([[-0.171033, -0.984656, 0.0346479, 0.0)], [0.733564, -0.103785, 0.671649, 0.0)], [-0.657747, 0.14029, 0.740059, 0.0)], [0.444593, -0.235956, -10.763, 1.0)]])
