ARKit Data
263769.705519458
normal
simd_float4x4([[-0.291889, -0.913608, 0.283057, 0.0)], [0.558771, 0.0773032, 0.825711, 0.0)], [-0.776258, 0.39918, 0.487933, 0.0)], [-0.468421, -0.9564, -1.25307, 1.0)]])
-0.468421, -0.9564, -1.25307
float3(-0.410623, -1.00963, -1.48638)
263770.059461083
notAvailable
simd_float4x4([[1.0, 0.0, 0.0, 0.0)], [0.0, 1.0, 0.0, 0.0)], [0.0, 0.0, 1.0, 0.0)], [0.0, 0.0, 0.0, 1.0)]])
0.0, 0.0, 0.0
float3(-0.0, 0.0, 0.0)
263770.176115125
notAvailable
simd_float4x4([[1.0, 0.0, 0.0, 0.0)], [0.0, 1.0, 0.0, 0.0)], [0.0, 0.0, 1.0, 0.0)], [0.0, 0.0, 0.0, 1.0)]])
0.0, 0.0, 0.0
float3(-0.0, 0.0, 0.0)
263770.309433458
limited(__ObjC.ARCamera.TrackingState.Reason.initializing)
simd_float4x4([[0.0836326, -0.900989, 0.425704, 0.0)], [0.996497, 0.0757092, -0.0355327, 0.0)], [-0.000215126, 0.427184, 0.904164, 0.0)], [0.0, 0.0, 0.0, 1.0)]])
0.0, 0.0, 0.0
float3(-0.441376, -0.000237928, -1.48696)
263770.442751958
limited(__ObjC.ARCamera.TrackingState.Reason.initializing)
simd_float4x4([[0.0862932, -0.899306, 0.428722, 0.0)], [0.996264, 0.07933, -0.034122, 0.0)], [-0.00332433, 0.430064, 0.902792, 0.0)], [0.0, 0.0, 0.0, 1.0)]])
0.0, 0.0, 0.0
float3(-0.444564, -0.00368226, -1.48281)
263770.576070416
limited(__ObjC.ARCamera.TrackingState.Reason.initializing)
simd_float4x4([[0.0818675, -0.902056, 0.423783, 0.0)], [0.996643, 0.0742986, -0.0343834, 0.0)], [-0.000470667, 0.425175, 0.905111, 0.0)], [0.0, 0.0, 0.0, 1.0)]])
0.0, 0.0, 0.0
float3(-0.439155, -0.000520011, -1.48862)
263770.709388958
limited(__ObjC.ARCamera.TrackingState.Reason.initializing)
simd_float4x4([[0.0809351, -0.902217, 0.423621, 0.0)], [0.996717, 0.0742236, -0.0323488, 0.0)], [-0.00225705, 0.424848, 0.905262, 0.0)], [0.0, 0.0, 0.0, 1.0)]])
0.0, 0.0, 0.0
float3(-0.438794, -0.00249325, -1.48871)
263770.842707416
limited(__ObjC.ARCamera.TrackingState.Reason.initializing)
simd_float4x4([[0.0791192, -0.903622, 0.420961, 0.0)], [0.996865, 0.071518, -0.0338415, 0.0)], [0.000473608, 0.422319, 0.906447, 0.0)], [0.0, 0.0, 0.0, 1.0)]])
0.0, 0.0, 0.0
float3(-0.436002, 0.000522488, -1.49181)
263770.976026041
limited(__ObjC.ARCamera.TrackingState.Reason.initializing)
simd_float4x4([[0.0800667, -0.903211, 0.421663, 0.0)], [0.996786, 0.0737187, -0.031366, 0.0)], [-0.00275431, 0.422819, 0.90621, 0.0)], [0.0, 0.0, 0.0, 1.0)]])
0.0, 0.0, 0.0
float3(-0.436554, -0.00303937, -1.48936)
263771.109344541
limited(__ObjC.ARCamera.TrackingState.Reason.initializing)
simd_float4x4([[0.0795001, -0.903556, 0.42103, 0.0)], [0.996833, 0.0729806, -0.0316038, 0.0)], [-0.00217121, 0.422209, 0.906496, 0.0)], [0.0, 0.0, 0.0, 1.0)]])
0.0, 0.0, 0.0
float3(-0.43588, -0.00239517, -1.4902)
263771.242662833
limited(__ObjC.ARCamera.TrackingState.Reason.initializing)
simd_float4x4([[0.0789953, -0.903679, 0.42086, 0.0)], [0.996871, 0.0727462, -0.0309103, 0.0)], [-0.00268295, 0.421985, 0.906599, 0.0)], [0.0, 0.0, 0.0, 1.0)]])
0.0, 0.0, 0.0
float3(-0.435634, -0.00295935, -1.49047)
263771.375981333
limited(__ObjC.ARCamera.TrackingState.Reason.initializing)
simd_float4x4([[0.0782822, -0.903775, 0.420789, 0.0)], [0.996928, 0.0719737, -0.0308795, 0.0)], [-0.00237768, 0.421914, 0.906633, 0.0)], [0.0, 0.0, 0.0, 1.0)]])
0.0, 0.0, 0.0
float3(-0.435555, -0.00262254, -1.49133)
263771.509299875
limited(__ObjC.ARCamera.TrackingState.Reason.initializing)
simd_float4x4([[0.079849, -0.903456, 0.421179, 0.0)], [0.996804, 0.0734714, -0.0313776, 0.0)], [-0.00259638, 0.422338, 0.906434, 0.0)], [0.0, 0.0, 0.0, 1.0)]])
0.0, 0.0, 0.0
float3(-0.436023, -0.00286438, -1.48965)
263771.642618333
limited(__ObjC.ARCamera.TrackingState.Reason.initializing)
simd_float4x4([[0.080239, -0.903399, 0.421227, 0.0)], [0.996771, 0.0740397, -0.0310817, 0.0)], [-0.0031084, 0.422361, 0.906422, 0.0)], [0.0, 0.0, 0.0, 1.0)]])
0.0, 0.0, 0.0
float3(-0.436049, -0.00342929, -1.48902)
263771.775936916
limited(__ObjC.ARCamera.TrackingState.Reason.initializing)
simd_float4x4([[0.0806378, -0.90434, 0.419126, 0.0)], [0.996736, 0.0747602, -0.0304585, 0.0)], [-0.00378911, 0.420214, 0.907417, 0.0)], [0.0, 0.0, 0.0, 1.0)]])
0.0, 0.0, 0.0
float3(-0.433681, -0.00417568, -1.48832)
263771.909255333
limited(__ObjC.ARCamera.TrackingState.Reason.initializing)
simd_float4x4([[0.080979, -0.906001, 0.415457, 0.0)], [0.996701, 0.0758639, -0.0288335, 0.0)], [-0.00539508, 0.416422, 0.909155, 0.0)], [0.0, 0.0, 0.0, 1.0)]])
0.0, 0.0, 0.0
float3(-0.429506, -0.00593409, -1.48726)
263772.042574
limited(__ObjC.ARCamera.TrackingState.Reason.initializing)
simd_float4x4([[0.0834882, -0.908464, 0.409539, 0.0)], [0.996465, 0.0799816, -0.0257183, 0.0)], [-0.00939139, 0.410238, 0.91193, 0.0)], [0.0, 0.0, 0.0, 1.0)]])
0.0, 0.0, 0.0
float3(-0.422715, -0.010298, -1.48298)
263772.175892333
limited(__ObjC.ARCamera.TrackingState.Reason.initializing)
simd_float4x4([[0.085474, -0.911263, 0.402857, 0.0)], [0.996231, 0.084161, -0.0209975, 0.0)], [-0.0147706, 0.403133, 0.915022, 0.0)], [0.0, 0.0, 0.0, 1.0)]])
0.0, 0.0, 0.0
float3(-0.414938, -0.016141, -1.4787)
263772.309210791
limited(__ObjC.ARCamera.TrackingState.Reason.initializing)
simd_float4x4([[0.0916061, -0.917286, 0.387549, 0.0)], [0.995453, 0.0945567, -0.0114926, 0.0)], [-0.0261032, 0.386839, 0.921777, 0.0)], [0.0, 0.0, 0.0, 1.0)]])
0.0, 0.0, 0.0
float3(-0.397201, -0.0283108, -1.46808)
263772.442529416
limited(__ObjC.ARCamera.TrackingState.Reason.initializing)
simd_float4x4([[0.0983175, -0.925593, 0.365529, 0.0)], [0.994532, 0.104383, -0.00318343, 0.0)], [-0.0352084, 0.363843, 0.930794, 0.0)], [0.0, 0.0, 0.0, 1.0)]])
0.0, 0.0, 0.0
float3(-0.37239, -0.0378082, -1.4585)
263772.575847958
limited(__ObjC.ARCamera.TrackingState.Reason.initializing)
simd_float4x4([[0.0967825, -0.934243, 0.343252, 0.0)], [0.99458, 0.103944, 0.00247934, 0.0)], [-0.0379952, 0.341151, 0.939239, 0.0)], [0.0, 0.0, 0.0, 1.0)]])
0.0, 0.0, 0.0
float3(-0.348141, -0.0404311, -1.45999)
263772.7091665
limited(__ObjC.ARCamera.TrackingState.Reason.initializing)
simd_float4x4([[0.0991548, -0.934743, 0.341208, 0.0)], [0.99426, 0.106915, 0.00396501, 0.0)], [-0.0401867, 0.338856, 0.939979, 0.0)], [0.0, 0.0, 0.0, 1.0)]])
0.0, 0.0, 0.0
float3(-0.345701, -0.0427267, -1.45691)
263772.842485
limited(__ObjC.ARCamera.TrackingState.Reason.initializing)
simd_float4x4([[0.0982322, -0.938248, 0.331724, 0.0)], [0.994006, 0.108583, 0.0127646, 0.0)], [-0.0479959, 0.328482, 0.94329, 0.0)], [0.0, 0.0, 0.0, 1.0)]])
0.0, 0.0, 0.0
float3(-0.334696, -0.0508376, -1.45558)
263772.97580325
limited(__ObjC.ARCamera.TrackingState.Reason.initializing)
simd_float4x4([[0.100891, -0.937191, 0.333906, 0.0)], [0.993257, 0.114147, 0.0202656, 0.0)], [-0.0571072, 0.32961, 0.942388, 0.0)], [0.0, 0.0, 0.0, 1.0)]])
0.0, 0.0, 0.0
float3(-0.33589, -0.0605244, -1.4496)
263773.10912175
limited(__ObjC.ARCamera.TrackingState.Reason.initializing)
simd_float4x4([[0.0977376, -0.938103, 0.332277, 0.0)], [0.993597, 0.110992, 0.0210989, 0.0)], [-0.0566732, 0.328088, 0.942945, 0.0)], [0.0, 0.0, 0.0, 1.0)]])
0.0, 0.0, 0.0
float3(-0.334278, -0.0600301, -1.45303)
263773.242440375
limited(__ObjC.ARCamera.TrackingState.Reason.initializing)
simd_float4x4([[0.0883425, -0.935349, 0.342511, 0.0)], [0.993778, 0.106178, 0.0336357, 0.0)], [-0.0678281, 0.337409, 0.93891, 0.0)], [0.0, 0.0, 0.0, 1.0)]])
0.0, 0.0, 0.0
float3(-0.344163, -0.0721161, -1.45776)
263773.375758833
limited(__ObjC.ARCamera.TrackingState.Reason.initializing)
simd_float4x4([[0.0749151, -0.930315, 0.359022, 0.0)], [0.994212, 0.0974859, 0.0451549, 0.0)], [-0.0770079, 0.353561, 0.932234, 0.0)], [0.0, 0.0, 0.0, 1.0)]])
0.0, 0.0, 0.0
float3(-0.361375, -0.0824186, -1.46639)
263773.509077375
limited(__ObjC.ARCamera.TrackingState.Reason.initializing)
simd_float4x4([[0.060142, -0.933554, 0.353346, 0.0)], [0.994081, 0.0881017, 0.0635704, 0.0)], [-0.090477, 0.347432, 0.933327, 0.0)], [0.0, 0.0, 0.0, 1.0)]])
0.0, 0.0, 0.0
float3(-0.354831, -0.0966383, -1.4767)
263773.642395875
limited(__ObjC.ARCamera.TrackingState.Reason.initializing)
simd_float4x4([[0.0600866, -0.937822, 0.341867, 0.0)], [0.993313, 0.0900029, 0.0723165, 0.0)], [-0.0985893, 0.335236, 0.936958, 0.0)], [0.0, 0.0, 0.0, 1.0)]])
0.0, 0.0, 0.0
float3(-0.341855, -0.104837, -1.47512)
263773.775714625
limited(__ObjC.ARCamera.TrackingState.Reason.initializing)
simd_float4x4([[0.048893, -0.939993, 0.337659, 0.0)], [0.992805, 0.0827345, 0.0865658, 0.0)], [-0.109308, 0.330997, 0.937275, 0.0)], [0.0, 0.0, 0.0, 1.0)]])
0.0, 0.0, 0.0
float3(-0.33736, -0.116098, -1.48301)
263773.909032916
limited(__ObjC.ARCamera.TrackingState.Reason.initializing)
simd_float4x4([[-0.0100401, -0.953307, 0.301823, 0.0)], [0.996161, 0.0167132, 0.0859277, 0.0)], [-0.0869605, 0.301527, 0.949479, 0.0)], [0.0, 0.0, 0.0, 1.0)]])
0.0, 0.0, 0.0
float3(-0.306294, -0.0913327, -1.55327)
263774.042351333
limited(__ObjC.ARCamera.TrackingState.Reason.initializing)
simd_float4x4([[0.0035359, -0.955068, 0.296352, 0.0)], [0.994801, 0.0335211, 0.0961633, 0.0)], [-0.101777, 0.294471, 0.950221, 0.0)], [0.0, 0.0, 0.0, 1.0)]])
0.0, 0.0, 0.0
float3(-0.298902, -0.106702, -1.53571)
263774.175670041
limited(__ObjC.ARCamera.TrackingState.Reason.initializing)
simd_float4x4([[0.0226055, -0.950802, 0.308962, 0.0)], [0.994064, 0.0542739, 0.0942937, 0.0)], [-0.106424, 0.304996, 0.946384, 0.0)], [0.0, 0.0, 0.0, 1.0)]])
0.0, 0.0, 0.0
float3(-0.309935, -0.111982, -1.51378)
263774.308988541
normal
simd_float4x4([[0.0379496, -0.949714, 0.310809, 0.0)], [0.99176, 0.0738811, 0.104659, 0.0)], [-0.12236, 0.304276, 0.944693, 0.0)], [-0.00321477, 0.000779895, 0.00253278, 1.0)]])
-0.00321477, 0.000779895, 0.00253278
float3(-0.309179, -0.128806, -1.49316)
263774.442307083
normal
simd_float4x4([[0.0640706, -0.933513, 0.352773, 0.0)], [0.983917, 0.118155, 0.133964, 0.0)], [-0.166739, 0.338517, 0.926069, 0.0)], [-0.00902728, 0.00040926, -0.00314061, 1.0)]])
-0.00902728, 0.00040926, -0.00314061
float3(-0.34534, -0.178142, -1.4449)
263774.5756255
normal
simd_float4x4([[0.0595924, -0.937392, 0.343139, 0.0)], [0.985044, 0.110896, 0.131876, 0.0)], [-0.161672, 0.330148, 0.929981, 0.0)], [-0.00703262, 0.000635665, -0.00285877, 1.0)]])
-0.00703262, 0.000635665, -0.00285877
float3(-0.33646, -0.172124, -1.45304)
263774.708943916
normal
simd_float4x4([[0.0584268, -0.943185, 0.327091, 0.0)], [0.98568, 0.106421, 0.130804, 0.0)], [-0.158182, 0.314765, 0.935896, 0.0)], [-0.00484801, 0.00472385, -0.00444384, 1.0)]])
-0.00484801, 0.00472385, -0.00444384
float3(-0.320209, -0.167435, -1.45844)
263774.842262458
normal
simd_float4x4([[0.0565846, -0.945175, 0.321624, 0.0)], [0.985918, 0.103675, 0.131219, 0.0)], [-0.157369, 0.30967, 0.937731, 0.0)], [-0.0035552, 0.00541375, -0.00498857, 1.0)]])
-0.0035552, 0.00541375, -0.00498857
float3(-0.314846, -0.166269, -1.46154)
263774.975581
normal
simd_float4x4([[0.0541893, -0.944341, 0.324473, 0.0)], [0.986125, 0.101675, 0.131223, 0.0)], [-0.15691, 0.31286, 0.936749, 0.0)], [-0.00168427, 0.00491764, -0.00627364, 1.0)]])
-0.00168427, 0.00491764, -0.00627364
float3(-0.318203, -0.165964, -1.46354)
263775.108899583
normal
simd_float4x4([[0.0540797, -0.943703, 0.326343, 0.0)], [0.986485, 0.101117, 0.12893, 0.0)], [-0.15467, 0.31496, 0.936417, 0.0)], [-0.00247931, 0.00399234, -0.00474063, 1.0)]])
-0.00247931, 0.00399234, -0.00474063
float3(-0.320415, -0.163695, -1.46405)
263775.242218125
normal
simd_float4x4([[0.0527946, -0.942976, 0.328648, 0.0)], [0.987036, 0.099227, 0.126148, 0.0)], [-0.151566, 0.317728, 0.93599, 0.0)], [-0.00296843, 0.00231171, -0.00352524, 1.0)]])
-0.00296843, 0.00231171, -0.00352524
float3(-0.323332, -0.160537, -1.46595)
263775.375536666
normal
simd_float4x4([[0.0520642, -0.942765, 0.329369, 0.0)], [0.987619, 0.0974809, 0.122908, 0.0)], [-0.14798, 0.318892, 0.936167, 0.0)], [-0.00362798, 0.000969131, -0.00278493, 1.0)]])
-0.00362798, 0.000969131, -0.00278493
float3(-0.324561, -0.156773, -1.46776)
263775.508855166
normal
simd_float4x4([[0.054356, -0.943689, 0.326339, 0.0)], [0.988025, 0.098095, 0.119097, 0.0)], [-0.144403, 0.315957, 0.93772, 0.0)], [-0.00426167, 0.00151228, -0.00248643, 1.0)]])
-0.00426167, 0.00151228, -0.00248643
float3(-0.321465, -0.152793, -1.46722)
263775.642173666
normal
simd_float4x4([[0.0556158, -0.944061, 0.325048, 0.0)], [0.988436, 0.0980556, 0.115669, 0.0)], [-0.141071, 0.314856, 0.938597, 0.0)], [-0.00390568, 0.000941575, -0.00194826, 1.0)]])
-0.00390568, 0.000941575, -0.00194826
float3(-0.320305, -0.149183, -1.4673)
263775.775492125
normal
simd_float4x4([[0.0570404, -0.945266, 0.321276, 0.0)], [0.988843, 0.0978447, 0.112319, 0.0)], [-0.137606, 0.311285, 0.940301, 0.0)], [-0.00405297, 0.000250399, -0.00182501, 1.0)]])
-0.00405297, 0.000250399, -0.00182501
float3(-0.316544, -0.145311, -1.46765)
263775.908810708
normal
simd_float4x4([[0.058089, -0.955197, 0.290214, 0.0)], [0.990715, 0.0909519, 0.101054, 0.0)], [-0.122922, 0.281649, 0.951611, 0.0)], [-0.00357155, -0.00247341, 0.000543876, 1.0)]])
-0.00357155, -0.00247341, 0.000543876
float3(-0.285512, -0.128461, -1.47586)
263776.042129291
normal
simd_float4x4([[0.0617032, -0.957909, 0.280363, 0.0)], [0.991403, 0.0912935, 0.093729, 0.0)], [-0.115379, 0.272169, 0.955307, 0.0)], [-0.0035391, -0.00682783, -0.00142886, 1.0)]])
-0.0035391, -0.00682783, -0.00142886
float3(-0.275646, -0.120195, -1.47578)
263776.175447875
normal
simd_float4x4([[0.0616533, -0.961857, 0.266514, 0.0)], [0.991833, 0.0889128, 0.0914461, 0.0)], [-0.111655, 0.258699, 0.959483, 0.0)], [-0.00274761, -0.00732742, -0.00187508, 1.0)]])
-0.00274761, -0.00732742, -0.00187508
float3(-0.261675, -0.115848, -1.47862)
263776.308766375
normal
simd_float4x4([[0.0673465, -0.966241, 0.248684, 0.0)], [0.990174, 0.095343, 0.102297, 0.0)], [-0.122554, 0.239351, 0.963168, 0.0)], [-0.00475679, -0.00173233, -0.00190438, 1.0)]])
-0.00475679, -0.00173233, -0.00190438
float3(-0.241697, -0.12656, -1.47244)
263776.442085
normal
simd_float4x4([[0.0805408, -0.971405, 0.22335, 0.0)], [0.987871, 0.107638, 0.111916, 0.0)], [-0.132756, 0.211627, 0.968292, 0.0)], [-0.00819331, 0.00257169, 0.00202255, 1.0)]])
-0.00819331, 0.00257169, 0.00202255
float3(-0.21324, -0.136254, -1.46044)
263776.57540325
normal
simd_float4x4([[0.08307, -0.972956, 0.215538, 0.0)], [0.987826, 0.108941, 0.111052, 0.0)], [-0.13153, 0.203689, 0.97016, 0.0)], [-0.00918916, 0.00257447, 0.00295807, 1.0)]])
-0.00918916, 0.00257447, 0.00295807
float3(-0.205125, -0.134754, -1.45929)
263776.708722
normal
simd_float4x4([[0.0841884, -0.973423, 0.21298, 0.0)], [0.987784, 0.109655, 0.110716, 0.0)], [-0.131128, 0.201057, 0.970763, 0.0)], [-0.00871617, 0.00250104, 0.00351231, 1.0)]])
-0.00871617, 0.00250104, 0.00351231
float3(-0.202437, -0.134264, -1.45862)
263776.842040541
normal
simd_float4x4([[0.0806982, -0.974464, 0.209544, 0.0)], [0.987517, 0.106696, 0.115871, 0.0)], [-0.135269, 0.197577, 0.97091, 0.0)], [-0.0070457, 0.00213967, 0.00353813, 1.0)]])
-0.0070457, 0.00213967, 0.00353813
float3(-0.198886, -0.138431, -1.46174)
263776.975359083
normal
simd_float4x4([[0.0776221, -0.975769, 0.204574, 0.0)], [0.986789, 0.104461, 0.123833, 0.0)], [-0.142202, 0.192259, 0.970986, 0.0)], [-0.00515736, 0.00293764, 0.00579291, 1.0)]])
-0.00515736, 0.00293764, 0.00579291
float3(-0.193464, -0.145418, -1.46415)
263777.108677708
normal
simd_float4x4([[0.072243, -0.978064, 0.195378, 0.0)], [0.986147, 0.0993716, 0.132817, 0.0)], [-0.149318, 0.183076, 0.971693, 0.0)], [-0.0041356, 0.00680049, 0.00761055, 1.0)]])
-0.0041356, 0.00680049, 0.00761055
float3(-0.184115, -0.152476, -1.46954)
263777.241996208
normal
simd_float4x4([[0.0728852, -0.98042, 0.182935, 0.0)], [0.986035, 0.0983758, 0.134377, 0.0)], [-0.149742, 0.170586, 0.973898, 0.0)], [-0.00350133, 0.0121345, 0.00931893, 1.0)]])
-0.00350133, 0.0121345, 0.00931893
float3(-0.171425, -0.15256, -1.47079)
263777.375314541
normal
simd_float4x4([[0.0711076, -0.981489, 0.177831, 0.0)], [0.986581, 0.0954743, 0.132449, 0.0)], [-0.146976, 0.166027, 0.975107, 0.0)], [-0.00424153, 0.0135973, 0.00996721, 1.0)]])
-0.00424153, 0.0135973, 0.00996721
float3(-0.166799, -0.149602, -1.47383)
263777.50863325
normal
simd_float4x4([[0.0688838, -0.979928, 0.187074, 0.0)], [0.988451, 0.0924113, 0.120103, 0.0)], [-0.13498, 0.17664, 0.974976, 0.0)], [-0.00489132, 0.0142032, 0.010495, 1.0)]])
-0.00489132, 0.0142032, 0.010495
float3(-0.177572, -0.13757, -1.47677)
263777.641951708
normal
simd_float4x4([[0.0661656, -0.976902, 0.203184, 0.0)], [0.989927, 0.0898117, 0.109449, 0.0)], [-0.125169, 0.193895, 0.973004, 0.0)], [-0.00411739, 0.0121242, 0.00837052, 1.0)]])
-0.00411739, 0.0121242, 0.00837052
float3(-0.195131, -0.127939, -1.47912)
263777.77527025
normal
simd_float4x4([[0.0670931, -0.975961, 0.20736, 0.0)], [0.990281, 0.0905128, 0.105594, 0.0)], [-0.121824, 0.19826, 0.972549, 0.0)], [-0.00537863, 0.0116819, 0.00971855, 1.0)]])
-0.00537863, 0.0116819, 0.00971855
float3(-0.199582, -0.124614, -1.47832)
263777.908588875
normal
simd_float4x4([[0.0153893, -0.958277, 0.285428, 0.0)], [0.989773, 0.0550881, 0.131584, 0.0)], [-0.141817, 0.280484, 0.949324, 0.0)], [0.00125168, 0.00891192, -0.00343405, 1.0)]])
0.00125168, 0.00891192, -0.00343405
float3(-0.284298, -0.148291, -1.51337)
263778.041907541
normal
simd_float4x4([[-0.0969418, -0.943385, 0.317216, 0.0)], [0.994307, -0.0776357, 0.072977, 0.0)], [-0.0442181, 0.322485, 0.945541, 0.0)], [0.0104555, 0.0101501, -0.0131693, 1.0)]])
0.0104555, 0.0101501, -0.0131693
float3(-0.328354, -0.0467308, -1.65291)
263778.175226
normal
simd_float4x4([[-0.325277, -0.912702, 0.247325, 0.0)], [0.9456, -0.315589, 0.0790188, 0.0)], [0.00593233, 0.259573, 0.965705, 0.0)], [0.0287699, 0.0167421, -0.0102622, 1.0)]])
0.0287699, 0.0167421, -0.0102622
float3(-0.26258, 0.00614292, -1.9037)
263778.308544458
normal
simd_float4x4([[-0.393103, -0.894432, 0.213219, 0.0)], [0.917771, -0.395862, 0.031457, 0.0)], [0.0562691, 0.208052, 0.976498, 0.0)], [0.0193409, 0.0211932, -0.0158604, 1.0)]])
0.0193409, 0.0211932, -0.0158604
float3(-0.209583, 0.0575598, -1.98747)
263778.441863083
normal
simd_float4x4([[-0.470744, -0.821739, 0.321163, 0.0)], [0.872046, -0.488623, 0.0279912, 0.0)], [0.133926, 0.293245, 0.94661, 0.0)], [0.0195348, 0.028192, -0.035381, 1.0)]])
0.0195348, 0.028192, -0.035381
float3(-0.297619, 0.140547, -2.10725)
263778.575181541
normal
simd_float4x4([[-0.610969, -0.757457, 0.230166, 0.0)], [0.77585, -0.630711, -0.0161434, 0.0)], [0.157396, 0.168711, 0.973018, 0.0)], [0.0321959, 0.0470545, -0.0263508, 1.0)]])
0.0321959, 0.0470545, -0.0263508
float3(-0.169522, 0.160372, -2.26514)
263778.708500166
normal
simd_float4x4([[-0.82647, -0.553841, 0.101028, 0.0)], [0.543719, -0.831775, -0.111891, 0.0)], [0.146003, -0.037544, 0.988571, 0.0)], [0.0465653, 0.022665, -0.0192563, 1.0)]])
0.0465653, 0.022665, -0.0192563
float3(0.0375528, 0.146631, -2.55415)
263778.841818791
normal
simd_float4x4([[-0.959611, -0.27543, 0.0573081, 0.0)], [0.265857, -0.954445, -0.13548, 0.0)], [0.0920127, -0.114772, 0.989121, 0.0)], [0.0456552, -0.0285787, -0.0305179, 1.0)]])
0.0456552, -0.0285787, -0.0305179
float3(0.115026, 0.0927577, -2.86065)
263778.97513725
normal
simd_float4x4([[-0.989963, -0.115717, 0.0811299, 0.0)], [0.112454, -0.992695, -0.0437152, 0.0)], [0.0855958, -0.0341531, 0.995744, 0.0)], [0.0345044, -0.0608413, -0.0402412, 1.0)]])
0.0345044, -0.0608413, -0.0402412
float3(0.0341597, 0.0857508, -3.02555)
263779.10845575
normal
simd_float4x4([[-0.978459, -0.153116, 0.138471, 0.0)], [0.140891, -0.985533, -0.0942098, 0.0)], [0.150892, -0.0726712, 0.985875, 0.0)], [0.0355078, -0.0732806, -0.0511431, 1.0)]])
0.0355078, -0.0732806, -0.0511431
float3(0.0727353, 0.151876, -2.98746)
263779.241774333
normal
simd_float4x4([[-0.993508, -0.0451201, 0.104437, 0.0)], [0.03514, -0.994809, -0.0955024, 0.0)], [0.108204, -0.0912124, 0.989935, 0.0)], [0.0362899, -0.11203, -0.0437053, 1.0)]])
0.0362899, -0.11203, -0.0437053
float3(0.0913394, 0.108872, -3.09627)
263779.375092875
normal
simd_float4x4([[-0.994315, -0.0840958, 0.0653105, 0.0)], [0.0900992, -0.991374, 0.0951851, 0.0)], [0.0567424, 0.100528, 0.993315, 0.0)], [0.0341983, -0.120116, -0.0382489, 1.0)]])
0.0341983, -0.120116, -0.0382489
float3(-0.100698, 0.0570623, -3.05697)
263779.508411458
normal
simd_float4x4([[-0.98444, -0.148743, 0.0935642, 0.0)], [0.169553, -0.943888, 0.283422, 0.0)], [0.0461571, 0.294876, 0.95442, 0.0)], [0.0342828, -0.105564, -0.0441934, 1.0)]])
0.0342828, -0.105564, -0.0441934
float3(-0.299326, 0.0483237, -2.98529)
263779.641730083
normal
simd_float4x4([[-0.981222, -0.176278, 0.0782882, 0.0)], [0.192877, -0.899365, 0.392354, 0.0)], [0.00124609, 0.400086, 0.916476, 0.0)], [0.0313771, -0.09057, -0.0442396, 1.0)]])
0.0313771, -0.09057, -0.0442396
float3(-0.411611, 0.00135966, -2.94804)
263779.775048583
normal
simd_float4x4([[-0.984022, -0.142076, 0.107309, 0.0)], [0.171475, -0.918479, 0.356359, 0.0)], [0.0479314, 0.369066, 0.928166, 0.0)], [0.0341829, -0.0899743, -0.0531833, 1.0)]])
0.0341829, -0.0899743, -0.0531833
float3(-0.378004, 0.0515951, -2.98812)
263779.90836725
normal
simd_float4x4([[-0.987915, -0.127407, 0.0882655, 0.0)], [0.147768, -0.946072, 0.288292, 0.0)], [0.0467751, 0.297851, 0.953466, 0.0)], [0.036313, -0.0838352, -0.0500789, 1.0)]])
0.036313, -0.0838352, -0.0500789
float3(-0.30244, 0.0490187, -3.00773)
263780.0416855
normal
simd_float4x4([[-0.989621, -0.1366, 0.0446174, 0.0)], [0.13985, -0.986902, 0.0804121, 0.0)], [0.0330488, 0.0858172, 0.995763, 0.0)], [0.040722, -0.077309, -0.0435941, 1.0)]])
0.040722, -0.077309, -0.0435941
float3(-0.0859229, 0.0331772, -3.00405)
263780.175004083
normal
simd_float4x4([[-0.990765, -0.134093, 0.020114, 0.0)], [0.135155, -0.988554, 0.0670447, 0.0)], [0.0108936, 0.069144, 0.997547, 0.0)], [0.0462718, -0.0749694, -0.0384806, 1.0)]])
0.0462718, -0.0749694, -0.0384806
float3(-0.0691992, 0.0109199, -3.00677)
263780.308322666
normal
simd_float4x4([[-0.992379, -0.123054, 0.00646028, 0.0)], [0.122956, -0.985407, 0.117707, 0.0)], [-0.00811827, 0.117604, 0.993027, 0.0)], [0.0427113, -0.0896826, -0.0354475, 1.0)]])
0.0427113, -0.0896826, -0.0354475
float3(-0.117877, -0.00817509, -3.01736)
263780.44164125
normal
simd_float4x4([[-0.991303, -0.131578, 0.00225595, 0.0)], [0.130947, -0.984554, 0.116218, 0.0)], [-0.0130707, 0.115503, 0.993221, 0.0)], [0.0456381, -0.0845844, -0.032193, 1.0)]])
0.0456381, -0.0845844, -0.032193
float3(-0.115762, -0.0131592, -3.00874)
263780.574959875
normal
simd_float4x4([[-0.992292, -0.12388, 0.00327845, 0.0)], [0.123298, -0.984284, 0.126424, 0.0)], [-0.0124346, 0.125854, 0.991971, 0.0)], [0.05049, -0.085817, -0.0346243, 1.0)]])
0.05049, -0.085817, -0.0346243
float3(-0.126189, -0.0125346, -3.01639)
263780.708278458
normal
simd_float4x4([[-0.993211, -0.116325, -0.00031737, 0.0)], [0.115439, -0.985974, 0.12054, 0.0)], [-0.0143348, 0.119685, 0.992708, 0.0)], [0.0556858, -0.0854133, -0.0354223, 1.0)]])
0.0556858, -0.0854133, -0.0354223
float3(-0.119973, -0.0144391, -3.02416)
263780.841597
normal
simd_float4x4([[-0.993642, -0.112584, 0.00012703, 0.0)], [0.111873, -0.987239, 0.113325, 0.0)], [-0.0126332, 0.112619, 0.993558, 0.0)], [0.0561309, -0.0820726, -0.0366579, 1.0)]])
0.0561309, -0.0820726, -0.0366579
float3(-0.112858, -0.0127145, -3.02804)
263780.9749155
normal
simd_float4x4([[-0.99357, -0.112915, -0.00828062, 0.0)], [0.111377, -0.98793, 0.107653, 0.0)], [-0.0203364, 0.106039, 0.994154, 0.0)], [0.0575234, -0.0787307, -0.0350671, 1.0)]])
0.0575234, -0.0787307, -0.0350671
float3(-0.106238, -0.0204531, -3.02779)
263781.108234
normal
simd_float4x4([[-0.992663, -0.119938, -0.015351, 0.0)], [0.117841, -0.98804, 0.0994543, 0.0)], [-0.0270957, 0.0969156, 0.994924, 0.0)], [0.061054, -0.0747532, -0.0315149, 1.0)]])
0.061054, -0.0747532, -0.0315149
float3(-0.097068, -0.0272272, -3.02079)
263781.241552625
normal
simd_float4x4([[-0.992706, -0.119149, -0.0183804, 0.0)], [0.116765, -0.988172, 0.0994097, 0.0)], [-0.0300076, 0.0965385, 0.994877, 0.0)], [0.0625599, -0.0774091, -0.0296801, 1.0)]])
0.0625599, -0.0774091, -0.0296801
float3(-0.096689, -0.030153, -3.0216)
263781.374871208
normal
simd_float4x4([[-0.992735, -0.118026, -0.0233795, 0.0)], [0.11527, -0.988646, 0.0963979, 0.0)], [-0.0344915, 0.0930026, 0.995068, 0.0)], [0.0618947, -0.0740045, -0.0289795, 1.0)]])
0.0618947, -0.0740045, -0.0289795
float3(-0.0931372, -0.0346486, -3.02277)
263781.508189791
normal
simd_float4x4([[-0.992748, -0.117638, -0.0247547, 0.0)], [0.114812, -0.988852, 0.0948176, 0.0)], [-0.0356329, 0.0912878, 0.995187, 0.0)], [0.0618677, -0.0744837, -0.0323228, 1.0)]])
0.0618677, -0.0744837, -0.0323228
float3(-0.0914151, -0.0357899, -3.02319)
263781.641508375
normal
simd_float4x4([[-0.992865, -0.115885, -0.0280924, 0.0)], [0.112694, -0.988929, 0.0965346, 0.0)], [-0.0389682, 0.09268, 0.994933, 0.0)], [0.0623123, -0.0778946, -0.032375, 1.0)]])
0.0623123, -0.0778946, -0.032375
float3(-0.0928132, -0.0391467, -3.02494)
263781.774826833
normal
simd_float4x4([[-0.993162, -0.112522, -0.0311258, 0.0)], [0.108825, -0.988796, 0.102178, 0.0)], [-0.0422742, 0.0980915, 0.994279, 0.0)], [0.0617899, -0.0795212, -0.0306321, 1.0)]])
0.0617899, -0.0795212, -0.0306321
float3(-0.0982495, -0.0424919, -3.02828)
263781.908145333
normal
simd_float4x4([[-0.993368, -0.109937, -0.0336612, 0.0)], [0.104029, -0.984088, 0.144044, 0.0)], [-0.0489614, 0.139587, 0.988999, 0.0)], [0.0625819, -0.0836717, -0.0298023, 1.0)]])
0.0625819, -0.0836717, -0.0298023
float3(-0.140045, -0.0494656, -3.03034)
263782.041464
normal
simd_float4x4([[-0.994361, -0.104167, -0.0199003, 0.0)], [0.0984439, -0.976424, 0.192105, 0.0)], [-0.0394422, 0.189063, 0.981173, 0.0)], [0.0627899, -0.0889087, -0.0267307, 1.0)]])
0.0627899, -0.0889087, -0.0267307
float3(-0.190208, -0.0401775, -3.03531)
263782.174782583
normal
simd_float4x4([[-0.994954, -0.0993232, -0.0142178, 0.0)], [0.0942604, -0.973837, 0.206775, 0.0)], [-0.0343834, 0.204392, 0.978285, 0.0)], [0.0620804, -0.0917686, -0.0203327, 1.0)]])
0.0620804, -0.0917686, -0.0203327
float3(-0.205842, -0.0351322, -3.03995)
263782.30810125
normal
simd_float4x4([[-0.994151, -0.107413, -0.0112386, 0.0)], [0.103776, -0.978904, 0.176002, 0.0)], [-0.0299064, 0.173806, 0.984326, 0.0)], [0.0602683, -0.0922312, -0.016157, 1.0)]])
0.0602683, -0.0922312, -0.016157
float3(-0.174693, -0.0303733, -3.0323)
263782.441419833
normal
simd_float4x4([[-0.993947, -0.10943, -0.00969398, 0.0)], [0.106325, -0.980425, 0.165717, 0.0)], [-0.0276387, 0.163684, 0.986126, 0.0)], [0.0588839, -0.091534, -0.0127003, 1.0)]])
0.0588839, -0.091534, -0.0127003
float3(-0.164423, -0.0280202, -3.03044)
263782.574738333
normal
simd_float4x4([[-0.993708, -0.111511, -0.0105068, 0.0)], [0.108406, -0.981121, 0.160157, 0.0)], [-0.0281678, 0.15801, 0.987036, 0.0)], [0.0595605, -0.0910452, -0.0131151, 1.0)]])
0.0595605, -0.0910452, -0.0131151
float3(-0.158675, -0.0285301, -3.02842)
263782.708056791
normal
simd_float4x4([[-0.993524, -0.113359, -0.0077287, 0.0)], [0.110808, -0.981718, 0.154765, 0.0)], [-0.0251314, 0.152906, 0.987921, 0.0)], [0.0582826, -0.0914164, -0.0162898, 1.0)]])
0.0582826, -0.0914164, -0.0162898
float3(-0.153508, -0.0254332, -3.02663)
263782.841375333
normal
simd_float4x4([[-0.992674, -0.120637, 0.00674119, 0.0)], [0.120221, -0.980592, 0.154874, 0.0)], [-0.0120732, 0.15455, 0.987911, 0.0)], [0.0549693, -0.0911808, -0.0180071, 1.0)]])
0.0549693, -0.0911808, -0.0180071
float3(-0.155172, -0.0122204, -3.01918)
263782.974694
normal
simd_float4x4([[-0.992811, -0.11867, 0.0156099, 0.0)], [0.119656, -0.980833, 0.153779, 0.0)], [-0.00293813, 0.154541, 0.987982, 0.0)], [0.0533004, -0.0925698, -0.0170863, 1.0)]])
0.0533004, -0.0925698, -0.0170863
float3(-0.155163, -0.00297386, -3.02119)
263783.108012625
normal
simd_float4x4([[-0.992741, -0.117756, 0.0244768, 0.0)], [0.120102, -0.981438, 0.149517, 0.0)], [0.00641588, 0.151372, 0.988456, 0.0)], [0.0509062, -0.0908513, -0.016318, 1.0)]])
0.0509062, -0.0908513, -0.016318
float3(-0.151956, 0.00649072, -3.02218)
263783.241331083
normal
simd_float4x4([[-0.992734, -0.116469, 0.0302449, 0.0)], [0.119628, -0.98239, 0.143525, 0.0)], [0.012996, 0.1461, 0.989184, 0.0)], [0.048846, -0.089011, -0.0148565, 1.0)]])
0.048846, -0.089011, -0.0148565
float3(-0.146625, 0.0131374, -3.02359)
263783.374649708
normal
simd_float4x4([[-0.992725, -0.115721, 0.0332607, 0.0)], [0.119273, -0.982926, 0.140108, 0.0)], [0.0164794, 0.143056, 0.989577, 0.0)], [0.0472675, -0.0882117, -0.0137218, 1.0)]])
0.0472675, -0.0882117, -0.0137218
float3(-0.143548, 0.0166514, -3.0244)
263783.50796825
normal
simd_float4x4([[-0.993017, -0.113756, 0.0312498, 0.0)], [0.117077, -0.982832, 0.142598, 0.0)], [0.0144919, 0.145261, 0.989287, 0.0)], [0.0483191, -0.0892058, -0.0167628, 1.0)]])
0.0483191, -0.0892058, -0.0167628
float3(-0.145776, 0.0146478, -3.02636)
263783.64128675
normal
simd_float4x4([[-0.993065, -0.113286, 0.0314336, 0.0)], [0.116649, -0.982773, 0.143353, 0.0)], [0.0146523, 0.146025, 0.989172, 0.0)], [0.0491649, -0.0904086, -0.0159165, 1.0)]])
0.0491649, -0.0904086, -0.0159165
float3(-0.146549, 0.0148116, -3.02683)
263783.774605416
normal
simd_float4x4([[-0.993019, -0.114527, 0.0282263, 0.0)], [0.117413, -0.98264, 0.143642, 0.0)], [0.0112854, 0.145954, 0.989227, 0.0)], [0.0503005, -0.0904613, -0.0158139, 1.0)]])
0.0503005, -0.0904613, -0.0158139
float3(-0.146477, 0.0114078, -3.02557)
263783.907923958
normal
simd_float4x4([[-0.993032, -0.114661, 0.0272047, 0.0)], [0.117422, -0.982273, 0.14612, 0.0)], [0.00996815, 0.148296, 0.988893, 0.0)], [0.0513324, -0.0919085, -0.0154406, 1.0)]])
0.0513324, -0.0919085, -0.0154406
float3(-0.148845, 0.0100798, -3.02539)
263784.0412425
normal
simd_float4x4([[-0.993064, -0.115024, 0.024366, 0.0)], [0.11736, -0.982272, 0.146179, 0.0)], [0.00712006, 0.148024, 0.988958, 0.0)], [0.051715, -0.0921537, -0.0139658, 1.0)]])
0.051715, -0.0921537, -0.0139658
float3(-0.14857, 0.00719943, -3.02502)
263784.174561041
normal
simd_float4x4([[-0.993007, -0.115436, 0.0247347, 0.0)], [0.117821, -0.982242, 0.146011, 0.0)], [0.00744061, 0.147904, 0.988974, 0.0)], [0.0508909, -0.0921557, -0.0126346, 1.0)]])
0.0508909, -0.0921557, -0.0126346
float3(-0.148449, 0.00752343, -3.02461)
263784.307879708
normal
simd_float4x4([[-0.992883, -0.115903, 0.0273916, 0.0)], [0.118664, -0.982325, 0.144761, 0.0)], [0.0101291, 0.146981, 0.989087, 0.0)], [0.0508268, -0.0924525, -0.0121522, 1.0)]])
0.0508268, -0.0924525, -0.0121522
float3(-0.147516, 0.0102405, -3.02415)
263784.441198083
normal
simd_float4x4([[-0.992928, -0.11476, 0.0303872, 0.0)], [0.117974, -0.982408, 0.144762, 0.0)], [0.0132397, 0.147323, 0.989, 0.0)], [0.0503801, -0.0931006, -0.0138321, 1.0)]])
0.0503801, -0.0931006, -0.0138321
float3(-0.147862, 0.0133862, -3.0253)
263784.574516833
normal
simd_float4x4([[-0.993029, -0.113861, 0.0304838, 0.0)], [0.11713, -0.982162, 0.147097, 0.0)], [0.0131915, 0.149642, 0.988652, 0.0)], [0.0503869, -0.0939475, -0.0132277, 1.0)]])
0.0503869, -0.0939475, -0.0132277
float3(-0.150206, 0.0133421, -3.02618)
263784.707835291
normal
simd_float4x4([[-0.992995, -0.114726, 0.0282799, 0.0)], [0.117647, -0.982229, 0.146241, 0.0)], [0.0109998, 0.148543, 0.988845, 0.0)], [0.0515016, -0.0934296, -0.0138975, 1.0)]])
0.0515016, -0.0934296, -0.0138975
float3(-0.149095, 0.0111234, -3.02532)
263784.841153875
normal
simd_float4x4([[-0.992972, -0.11691, 0.0184385, 0.0)], [0.118353, -0.981633, 0.14963, 0.0)], [0.000606697, 0.15076, 0.98857, 0.0)], [0.0519423, -0.0948336, -0.0117678, 1.0)]])
0.0519423, -0.0948336, -0.0117678
float3(-0.151337, 0.000613711, -3.02305)
263784.974472458
normal
simd_float4x4([[-0.992983, -0.117048, 0.0168547, 0.0)], [0.118231, -0.979705, 0.161863, 0.0)], [-0.00243321, 0.16272, 0.986669, 0.0)], [0.0549315, -0.1015, -0.0146218, 1.0)]])
0.0549315, -0.1015, -0.0146218
float3(-0.163447, -0.00246608, -3.02268)
263785.107791166
normal
simd_float4x4([[-0.992872, -0.119182, -0.000499181, 0.0)], [0.117548, -0.979936, 0.160957, 0.0)], [-0.0196722, 0.159751, 0.986961, 0.0)], [0.0602164, -0.0983036, -0.014578, 1.0)]])
0.0602164, -0.0983036, -0.014578
float3(-0.160438, -0.0199295, -3.02057)
263785.241109666
normal
simd_float4x4([[-0.993746, -0.111423, -0.00740465, 0.0)], [0.108796, -0.980998, 0.160644, 0.0)], [-0.0251633, 0.158834, 0.986985, 0.0)], [0.0629601, -0.100461, -0.0147228, 1.0)]])
0.0629601, -0.100461, -0.0147228
float3(-0.159509, -0.0254896, -3.0285)
263785.374428125
normal
simd_float4x4([[-0.993127, -0.116145, -0.014485, 0.0)], [0.11262, -0.981943, 0.152003, 0.0)], [-0.0318779, 0.149327, 0.988274, 0.0)], [0.0640666, -0.0957809, -0.0120879, 1.0)]])
0.0640666, -0.0957809, -0.0120879
float3(-0.149888, -0.0322449, -3.02386)
263785.507746666
normal
simd_float4x4([[-0.992817, -0.117671, -0.021613, 0.0)], [0.113236, -0.982529, 0.147698, 0.0)], [-0.0386152, 0.14419, 0.988796, 0.0)], [0.0679746, -0.0953123, -0.0106663, 1.0)]])
0.0679746, -0.0953123, -0.0106663
float3(-0.144694, -0.0390329, -3.0224)
263785.641065291
normal
simd_float4x4([[-0.99275, -0.117935, -0.0232111, 0.0)], [0.113375, -0.982908, 0.145045, 0.0)], [-0.0399202, 0.141362, 0.989153, 0.0)], [0.0675695, -0.0939471, -0.00785768, 1.0)]])
0.0675695, -0.0939471, -0.00785768
float3(-0.141837, -0.0403361, -3.02218)
263785.774383833
normal
simd_float4x4([[-0.992721, -0.120147, -0.00828672, 0.0)], [0.117573, -0.981758, 0.149425, 0.0)], [-0.0260886, 0.147363, 0.988738, 0.0)], [0.0625778, -0.0954044, -0.00813969, 1.0)]])
0.0625778, -0.0954044, -0.00813969
float3(-0.147902, -0.0263796, -3.01982)
263785.907702416
normal
simd_float4x4([[-0.992849, -0.119261, 0.00522677, 0.0)], [0.118617, -0.980666, 0.155641, 0.0)], [-0.0134361, 0.155148, 0.9878, 0.0)], [0.0584469, -0.098499, -0.0106264, 1.0)]])
0.0584469, -0.098499, -0.0106264
float3(-0.155777, -0.0136012, -3.02057)
263786.041021041
normal
simd_float4x4([[-0.993042, -0.117355, 0.00974774, 0.0)], [0.117428, -0.980639, 0.156707, 0.0)], [-0.00883142, 0.156762, 0.987597, 0.0)], [0.0575394, -0.0997844, -0.013412, 1.0)]])
0.0575394, -0.0997844, -0.013412
float3(-0.157411, -0.00894209, -3.02249)
263786.1743395
normal
simd_float4x4([[-0.993616, -0.112811, -0.00107009, 0.0)], [0.111351, -0.982192, 0.151327, 0.0)], [-0.0181224, 0.150242, 0.988483, 0.0)], [0.0616398, -0.0990542, -0.0141751, 1.0)]])
0.0616398, -0.0990542, -0.0141751
float3(-0.150813, -0.0183315, -3.02724)
263786.307657958
normal
simd_float4x4([[-0.993493, -0.112864, -0.0152502, 0.0)], [0.109573, -0.983746, 0.142257, 0.0)], [-0.031058, 0.139661, 0.989712, 0.0)], [0.0656466, -0.0965481, -0.00874397, 1.0)]])
0.0656466, -0.0965481, -0.00874397
float3(-0.140119, -0.0313706, -3.02736)
263786.440976666
normal
simd_float4x4([[-0.994017, -0.10304, -0.0362235, 0.0)], [0.0974411, -0.986438, 0.132081, 0.0)], [-0.0493418, 0.127761, 0.990577, 0.0)], [0.0719014, -0.097357, -0.0015435, 1.0)]])
0.0719014, -0.097357, -0.0015435
float3(-0.128111, -0.0497701, -3.03751)
263786.57429525
normal
simd_float4x4([[-0.995139, -0.0825838, -0.0536508, 0.0)], [0.0762885, -0.990962, 0.110338, 0.0)], [-0.0622781, 0.105709, 0.992445, 0.0)], [0.0760119, -0.099209, 0.00594878, 1.0)]])
0.0760119, -0.099209, 0.00594878
float3(-0.105907, -0.06267, -3.05845)
263786.707613791
normal
simd_float4x4([[-0.995079, -0.0778139, -0.0613424, 0.0)], [0.0708197, -0.991522, 0.108945, 0.0)], [-0.0692998, 0.104065, 0.992153, 0.0)], [0.0765992, -0.100603, 0.0136231, 1.0)]])
0.0765992, -0.100603, 0.0136231
float3(-0.104254, -0.0697346, -3.06327)
263786.840932375
normal
simd_float4x4([[-0.993497, -0.0915077, -0.0677454, 0.0)], [0.0823342, -0.988397, 0.127641, 0.0)], [-0.0786396, 0.121233, 0.989504, 0.0)], [0.0789699, -0.101333, 0.0210822, 1.0)]])
0.0789699, -0.101333, 0.0210822
float3(-0.121532, -0.079307, -3.04927)
263786.974250916
normal
simd_float4x4([[-0.991345, -0.103364, -0.0809411, 0.0)], [0.0906755, -0.984939, 0.147219, 0.0)], [-0.0949391, 0.138606, 0.985786, 0.0)], [0.0830455, -0.100272, 0.0302116, 1.0)]])
0.0830455, -0.100272, 0.0302116
float3(-0.139054, -0.0960119, -3.03703)
263787.107569375
normal
simd_float4x4([[-0.990292, -0.106865, -0.0888866, 0.0)], [0.0938808, -0.985797, 0.139252, 0.0)], [-0.102505, 0.129555, 0.98626, 0.0)], [0.0846537, -0.0948151, 0.0353296, 1.0)]])
0.0846537, -0.0948151, 0.0353296
float3(-0.129921, -0.103562, -3.03361)
263787.240888041
normal
simd_float4x4([[-0.990487, -0.105691, -0.0881191, 0.0)], [0.093275, -0.98648, 0.134749, 0.0)], [-0.101169, 0.125248, 0.986954, 0.0)], [0.0845872, -0.0941491, 0.0421259, 1.0)]])
0.0845872, -0.0941491, 0.0421259
float3(-0.125578, -0.10215, -3.03486)
263787.374206666
normal
simd_float4x4([[-0.990351, -0.105505, -0.0898549, 0.0)], [0.0929051, -0.98656, 0.134421, 0.0)], [-0.102829, 0.124776, 0.986842, 0.0)], [0.0850776, -0.093449, 0.0480648, 1.0)]])
0.0850776, -0.093449, 0.0480648
float3(-0.125102, -0.103826, -3.03506)
263787.50752525
normal
simd_float4x4([[-0.990205, -0.106414, -0.0903902, 0.0)], [0.0937938, -0.986541, 0.133938, 0.0)], [-0.103427, 0.124148, 0.986859, 0.0)], [0.0851081, -0.0916638, 0.0512454, 1.0)]])
0.0851081, -0.0916638, 0.0512454
float3(-0.124469, -0.104423, -3.03414)
263787.64084375
normal
simd_float4x4([[-0.990173, -0.102625, -0.0950065, 0.0)], [0.0878541, -0.985021, 0.148378, 0.0)], [-0.108811, 0.138574, 0.984357, 0.0)], [0.0847162, -0.0919136, 0.0534944, 1.0)]])
0.0847162, -0.0919136, 0.0534944
float3(-0.139021, -0.110093, -3.03778)
263787.774162416
normal
simd_float4x4([[-0.988973, -0.0911078, -0.116759, 0.0)], [0.0508032, -0.94925, 0.310391, 0.0)], [-0.139113, 0.301037, 0.943411, 0.0)], [0.0811768, -0.0993106, 0.0563857, 1.0)]])
0.0811768, -0.0993106, 0.0563857
float3(-0.30578, -0.146402, -3.04591)
263787.907480791
normal
simd_float4x4([[-0.990326, -0.0667823, -0.121634, 0.0)], [0.00162791, -0.882101, 0.471058, 0.0)], [-0.138752, 0.466303, 0.873676, 0.0)], [0.0771751, -0.119724, 0.0503589, 1.0)]])
0.0771751, -0.119724, 0.0503589
float3(-0.485106, -0.157498, -3.06603)
263788.040799458
normal
simd_float4x4([[-0.989879, -0.0761634, -0.119744, 0.0)], [-0.00648984, -0.818602, 0.574324, 0.0)], [-0.141765, 0.569289, 0.809823, 0.0)], [0.0703034, -0.133377, 0.0421446, 1.0)]])
0.0703034, -0.133377, 0.0421446
float3(-0.605641, -0.173301, -3.04882)
263788.174118083
normal
simd_float4x4([[-0.99384, -0.069735, -0.0861293, 0.0)], [-0.00652081, -0.73905, 0.673619, 0.0)], [-0.110629, 0.670031, 0.734043, 0.0)], [0.0629396, -0.150486, 0.0300934, 1.0)]])
0.0629396, -0.150486, 0.0300934
float3(-0.734251, -0.149586, -3.04751)
263788.3074365
normal
simd_float4x4([[-0.996217, -0.0603113, -0.0625622, 0.0)], [-0.00512388, -0.677919, 0.735119, 0.0)], [-0.086748, 0.732658, 0.675046, 0.0)], [0.0558676, -0.166113, 0.0248172, 1.0)]])
0.0558676, -0.166113, 0.0248172
float3(-0.82222, -0.127806, -3.05286)
263788.440755166
normal
simd_float4x4([[-0.997286, -0.0533917, -0.0506972, 0.0)], [-0.00328815, -0.655586, 0.755113, 0.0)], [-0.0735531, 0.75323, 0.653631, 0.0)], [0.0501644, -0.173161, 0.0250331, 1.0)]])
0.0501644, -0.173161, 0.0250331
float3(-0.85296, -0.112059, -3.06033)
263788.574073666
normal
simd_float4x4([[-0.997352, -0.0545251, -0.0481284, 0.0)], [0.000245674, -0.664283, 0.747481, 0.0)], [-0.0727274, 0.74549, 0.662537, 0.0)], [0.0448616, -0.166396, 0.0252891, 1.0)]])
0.0448616, -0.166396, 0.0252891
float3(-0.84127, -0.109333, -3.0597)
263788.707392333
normal
simd_float4x4([[-0.998001, -0.0566067, -0.0281104, 0.0)], [0.0266505, -0.780206, 0.624954, 0.0)], [-0.0573085, 0.622956, 0.780155, 0.0)], [0.0423455, -0.143044, 0.0200128, 1.0)]])
0.0423455, -0.143044, 0.0200128
float3(-0.672515, -0.0733261, -3.06917)
263788.840710833
normal
simd_float4x4([[-0.998079, -0.0619487, 0.00103526, 0.0)], [0.0590343, -0.945787, 0.319377, 0.0)], [-0.0188058, 0.318824, 0.947627, 0.0)], [0.0410739, -0.0970078, 0.0153401, 1.0)]])
0.0410739, -0.0970078, 0.0153401
float3(-0.324489, -0.0198426, -3.07619)
263788.974029375
normal
simd_float4x4([[-0.996554, -0.0815556, 0.0151109, 0.0)], [0.0814267, -0.996639, -0.00896107, 0.0)], [0.0157909, -0.00769977, 0.999846, 0.0)], [0.0381024, -0.0450792, 0.0185647, 1.0)]])
0.0381024, -0.0450792, 0.0185647
float3(0.00769984, 0.015792, -3.05994)
263789.107347958
normal
