ARKit Data
255.740651125
normal
simd_float4x4([[0.0704808, -0.919814, 0.385973, 0.0)], [0.996092, 0.0442538, -0.0764305, 0.0)], [0.053221, 0.389852, 0.919338, 0.0)], [-0.0104, -0.00860275, -0.0312945, 1.0)]])
-0.0104, -0.00860275, -0.0312945
float3(-0.400471, 0.057826, -1.52272)
256.078376958
notAvailable
simd_float4x4([[1.0, 0.0, 0.0, 0.0)], [0.0, 1.0, 0.0, 0.0)], [0.0, 0.0, 1.0, 0.0)], [0.0, 0.0, 0.0, 1.0)]])
0.0, 0.0, 0.0
float3(-0.0, 0.0, 0.0)
256.145034333
notAvailable
simd_float4x4([[1.0, 0.0, 0.0, 0.0)], [0.0, 1.0, 0.0, 0.0)], [0.0, 0.0, 1.0, 0.0)], [0.0, 0.0, 0.0, 1.0)]])
0.0, 0.0, 0.0
float3(-0.0, 0.0, 0.0)
256.211691625
limited(__ObjC.ARCamera.TrackingState.Reason.initializing)
simd_float4x4([[0.0533385, -0.918261, 0.392366, 0.0)], [0.998576, 0.0490485, -0.020958, 0.0)], [1.67009e-09, 0.392926, 0.91957, 0.0)], [0.0, 0.0, 0.0, 1.0)]])
0.0, 0.0, 0.0
float3(-0.403811, 1.81617e-09, -1.51743)
256.278348916
limited(__ObjC.ARCamera.TrackingState.Reason.initializing)
simd_float4x4([[0.0535566, -0.918626, 0.391482, 0.0)], [0.998564, 0.0496216, -0.0201696, 0.0)], [-0.000897694, 0.392001, 0.919964, 0.0)], [0.0, 0.0, 0.0, 1.0)]])
0.0, 0.0, 0.0
float3(-0.402805, -0.000975792, -1.51683)
256.34500625
limited(__ObjC.ARCamera.TrackingState.Reason.initializing)
simd_float4x4([[0.0530377, -0.919272, 0.390033, 0.0)], [0.998591, 0.0495388, -0.0190324, 0.0)], [-0.00182576, 0.390493, 0.920604, 0.0)], [0.0, 0.0, 0.0, 1.0)]])
0.0, 0.0, 0.0
float3(-0.401167, -0.00198322, -1.51696)
256.411663416
limited(__ObjC.ARCamera.TrackingState.Reason.initializing)
simd_float4x4([[0.0513509, -0.921341, 0.385349, 0.0)], [0.998677, 0.0483472, -0.0174874, 0.0)], [-0.00251864, 0.385737, 0.922605, 0.0)], [0.0, 0.0, 0.0, 1.0)]])
0.0, 0.0, 0.0
float3(-0.396007, -0.00272992, -1.51837)
256.478320791
limited(__ObjC.ARCamera.TrackingState.Reason.initializing)
simd_float4x4([[0.0504522, -0.921667, 0.384687, 0.0)], [0.998722, 0.0476605, -0.0167946, 0.0)], [-0.00285534, 0.385043, 0.922894, 0.0)], [0.0, 0.0, 0.0, 1.0)]])
0.0, 0.0, 0.0
float3(-0.395254, -0.00309389, -1.51913)
256.544978041
limited(__ObjC.ARCamera.TrackingState.Reason.initializing)
simd_float4x4([[0.0500213, -0.922118, 0.38366, 0.0)], [0.998743, 0.0474202, -0.0162418, 0.0)], [-0.00321644, 0.38399, 0.923331, 0.0)], [0.0, 0.0, 0.0, 1.0)]])
0.0, 0.0, 0.0
float3(-0.394114, -0.0034835, -1.51942)
256.611635375
limited(__ObjC.ARCamera.TrackingState.Reason.initializing)
simd_float4x4([[0.0489015, -0.922336, 0.383281, 0.0)], [0.998799, 0.0463115, -0.0159884, 0.0)], [-0.00300364, 0.383602, 0.923493, 0.0)], [0.0, 0.0, 0.0, 1.0)]])
0.0, 0.0, 0.0
float3(-0.393694, -0.00325247, -1.52063)
256.678292666
limited(__ObjC.ARCamera.TrackingState.Reason.initializing)
simd_float4x4([[0.0492114, -0.922683, 0.382406, 0.0)], [0.998782, 0.0468568, -0.0154743, 0.0)], [-0.00364046, 0.382701, 0.923865, 0.0)], [0.0, 0.0, 0.0, 1.0)]])
0.0, 0.0, 0.0
float3(-0.392718, -0.00394044, -1.52006)
256.744949833
limited(__ObjC.ARCamera.TrackingState.Reason.initializing)
simd_float4x4([[0.0486235, -0.922074, 0.383946, 0.0)], [0.998808, 0.0465526, -0.014691, 0.0)], [-0.00432746, 0.384203, 0.923239, 0.0)], [0.0, 0.0, 0.0, 1.0)]])
0.0, 0.0, 0.0
float3(-0.394344, -0.00468723, -1.52035)
256.81160725
limited(__ObjC.ARCamera.TrackingState.Reason.initializing)
simd_float4x4([[0.0495268, -0.921826, 0.384427, 0.0)], [0.998767, 0.0470053, -0.0159589, 0.0)], [-0.00335872, 0.384743, 0.923018, 0.0)], [0.0, 0.0, 0.0, 1.0)]])
0.0, 0.0, 0.0
float3(-0.394929, -0.00363883, -1.51985)
256.878264416
limited(__ObjC.ARCamera.TrackingState.Reason.initializing)
simd_float4x4([[0.050051, -0.921837, 0.384332, 0.0)], [0.998739, 0.0476601, -0.0157496, 0.0)], [-0.00379876, 0.384636, 0.923061, 0.0)], [0.0, 0.0, 0.0, 1.0)]])
0.0, 0.0, 0.0
float3(-0.394813, -0.00411538, -1.51914)
256.944921791
limited(__ObjC.ARCamera.TrackingState.Reason.initializing)
simd_float4x4([[0.0495939, -0.9223, 0.383279, 0.0)], [0.998757, 0.0477038, -0.0144413, 0.0)], [-0.00496465, 0.383519, 0.92352, 0.0)], [0.0, 0.0, 0.0, 1.0)]])
0.0, 0.0, 0.0
float3(-0.393603, -0.00537574, -1.51912)
257.011579041
limited(__ObjC.ARCamera.TrackingState.Reason.initializing)
simd_float4x4([[0.0506159, -0.92205, 0.383746, 0.0)], [0.998711, 0.0482078, -0.0158974, 0.0)], [-0.0038413, 0.384056, 0.923302, 0.0)], [0.0, 0.0, 0.0, 1.0)]])
0.0, 0.0, 0.0
float3(-0.394185, -0.00416038, -1.51856)
257.078236375
limited(__ObjC.ARCamera.TrackingState.Reason.initializing)
simd_float4x4([[0.0509077, -0.922911, 0.381632, 0.0)], [0.998697, 0.0483835, -0.0162138, 0.0)], [-0.00350079, 0.38196, 0.924172, 0.0)], [0.0, 0.0, 0.0, 1.0)]])
0.0, 0.0, 0.0
float3(-0.391917, -0.00378801, -1.51842)
257.1448935
limited(__ObjC.ARCamera.TrackingState.Reason.initializing)
simd_float4x4([[0.0508263, -0.923263, 0.380791, 0.0)], [0.998701, 0.0483791, -0.0160026, 0.0)], [-0.0036477, 0.38111, 0.924523, 0.0)], [0.0, 0.0, 0.0, 1.0)]])
0.0, 0.0, 0.0
float3(-0.390997, -0.00394547, -1.51844)
257.211551
limited(__ObjC.ARCamera.TrackingState.Reason.initializing)
simd_float4x4([[0.0534403, -0.922426, 0.382459, 0.0)], [0.998563, 0.0508979, -0.0167703, 0.0)], [-0.003997, 0.382806, 0.92382, 0.0)], [0.0, 0.0, 0.0, 1.0)]])
0.0, 0.0, 0.0
float3(-0.392832, -0.00432657, -1.51567)
257.278208375
limited(__ObjC.ARCamera.TrackingState.Reason.initializing)
simd_float4x4([[0.0524356, -0.921971, 0.383692, 0.0)], [0.998619, 0.049679, -0.0170986, 0.0)], [-0.00329709, 0.384059, 0.923303, 0.0)], [0.0, 0.0, 0.0, 1.0)]])
0.0, 0.0, 0.0
float3(-0.394188, -0.00357095, -1.51696)
257.344865541
limited(__ObjC.ARCamera.TrackingState.Reason.initializing)
simd_float4x4([[0.0528879, -0.92242, 0.38255, 0.0)], [0.998591, 0.0504816, -0.016333, 0.0)], [-0.00424588, 0.382875, 0.92379, 0.0)], [0.0, 0.0, 0.0, 1.0)]])
0.0, 0.0, 0.0
float3(-0.392906, -0.00459612, -1.51612)
257.411522833
limited(__ObjC.ARCamera.TrackingState.Reason.initializing)
simd_float4x4([[0.0543897, -0.922115, 0.383074, 0.0)], [0.998512, 0.0516996, -0.0173225, 0.0)], [-0.0038315, 0.383446, 0.923555, 0.0)], [0.0, 0.0, 0.0, 1.0)]])
0.0, 0.0, 0.0
float3(-0.393525, -0.00414861, -1.51479)
257.47818
limited(__ObjC.ARCamera.TrackingState.Reason.initializing)
simd_float4x4([[0.0549945, -0.922289, 0.382567, 0.0)], [0.998481, 0.0520511, -0.0180483, 0.0)], [-0.00326726, 0.382979, 0.923751, 0.0)], [0.0, 0.0, 0.0, 1.0)]])
0.0, 0.0, 0.0
float3(-0.393019, -0.00353693, -1.51442)
257.544837416
limited(__ObjC.ARCamera.TrackingState.Reason.initializing)
simd_float4x4([[0.055834, -0.921934, 0.383303, 0.0)], [0.998439, 0.0522176, -0.0198425, 0.0)], [-0.00172172, 0.383812, 0.92341, 0.0)], [0.0, 0.0, 0.0, 1.0)]])
0.0, 0.0, 0.0
float3(-0.393921, -0.00186453, -1.51422)
257.611494625
limited(__ObjC.ARCamera.TrackingState.Reason.initializing)
simd_float4x4([[0.0571847, -0.921945, 0.383075, 0.0)], [0.998363, 0.0530067, -0.0214626, 0.0)], [-0.000518192, 0.383676, 0.923468, 0.0)], [0.0, 0.0, 0.0, 1.0)]])
0.0, 0.0, 0.0
float3(-0.393773, -0.000561137, -1.51337)
257.678151916
limited(__ObjC.ARCamera.TrackingState.Reason.initializing)
simd_float4x4([[0.058941, -0.922492, 0.381489, 0.0)], [0.998261, 0.0542967, -0.022937, 0.0)], [0.000445616, 0.382178, 0.924088, 0.0)], [0.0, 0.0, 0.0, 1.0)]])
0.0, 0.0, 0.0
float3(-0.392152, 0.000482223, -1.51201)
257.744809333
limited(__ObjC.ARCamera.TrackingState.Reason.initializing)
simd_float4x4([[0.0614567, -0.922245, 0.381689, 0.0)], [0.998109, 0.0563662, -0.0245147, 0.0)], [0.0010942, 0.382474, 0.923966, 0.0)], [0.0, 0.0, 0.0, 1.0)]])
0.0, 0.0, 0.0
float3(-0.392473, 0.00118424, -1.50975)
257.811466625
limited(__ObjC.ARCamera.TrackingState.Reason.initializing)
simd_float4x4([[0.0617043, -0.921485, 0.38348, 0.0)], [0.998088, 0.0555695, -0.0270674, 0.0)], [0.00363239, 0.384417, 0.923152, 0.0)], [0.0, 0.0, 0.0, 1.0)]])
0.0, 0.0, 0.0
float3(-0.394576, 0.00393475, -1.51056)
257.878123958
limited(__ObjC.ARCamera.TrackingState.Reason.initializing)
simd_float4x4([[0.0628841, -0.92152, 0.383205, 0.0)], [0.998009, 0.0561663, -0.0287064, 0.0)], [0.00493027, 0.384247, 0.923217, 0.0)], [0.0, 0.0, 0.0, 1.0)]])
0.0, 0.0, 0.0
float3(-0.394392, 0.00534027, -1.50992)
257.944781166
limited(__ObjC.ARCamera.TrackingState.Reason.initializing)
simd_float4x4([[0.0653214, -0.920016, 0.386399, 0.0)], [0.997843, 0.0576754, -0.0313619, 0.0)], [0.00656769, 0.387614, 0.921798, 0.0)], [0.0, 0.0, 0.0, 1.0)]])
0.0, 0.0, 0.0
float3(-0.398042, 0.00712475, -1.50819)
258.0114385
limited(__ObjC.ARCamera.TrackingState.Reason.initializing)
simd_float4x4([[0.0642396, -0.920213, 0.386111, 0.0)], [0.997901, 0.0560635, -0.0324114, 0.0)], [0.00817868, 0.387383, 0.921883, 0.0)], [0.0, 0.0, 0.0, 1.0)]])
0.0, 0.0, 0.0
float3(-0.397791, 0.00887148, -1.50995)
258.078095666
limited(__ObjC.ARCamera.TrackingState.Reason.initializing)
simd_float4x4([[0.0639233, -0.918333, 0.390612, 0.0)], [0.997896, 0.0545767, -0.0349944, 0.0)], [0.0108182, 0.392027, 0.91989, 0.0)], [0.0, 0.0, 0.0, 1.0)]])
0.0, 0.0, 0.0
float3(-0.402834, 0.0117598, -1.51144)
258.144753125
limited(__ObjC.ARCamera.TrackingState.Reason.initializing)
simd_float4x4([[0.0628548, -0.917657, 0.39237, 0.0)], [0.99792, 0.0521552, -0.0378813, 0.0)], [0.014298, 0.393935, 0.919027, 0.0)], [0.0, 0.0, 0.0, 1.0)]])
0.0, 0.0, 0.0
float3(-0.404908, 0.0155565, -1.51402)
258.211410166
limited(__ObjC.ARCamera.TrackingState.Reason.initializing)
simd_float4x4([[0.0630105, -0.915502, 0.397348, 0.0)], [0.997853, 0.0506744, -0.0414817, 0.0)], [0.0178412, 0.399109, 0.916729, 0.0)], [0.0, 0.0, 0.0, 1.0)]])
0.0, 0.0, 0.0
float3(-0.410545, 0.0194594, -1.5155)
258.278067541
limited(__ObjC.ARCamera.TrackingState.Reason.initializing)
simd_float4x4([[0.0626015, -0.912911, 0.403327, 0.0)], [0.997752, 0.0475587, -0.047217, 0.0)], [0.0239233, 0.405376, 0.913836, 0.0)], [0.0, 0.0, 0.0, 1.0)]])
0.0, 0.0, 0.0
float3(-0.41739, 0.026173, -1.51875)
258.344725041
limited(__ObjC.ARCamera.TrackingState.Reason.initializing)
simd_float4x4([[0.0634738, -0.909328, 0.411209, 0.0)], [0.997334, 0.0429318, -0.0590099, 0.0)], [0.0360055, 0.413858, 0.909628, 0.0)], [0.0, 0.0, 0.0, 1.0)]])
0.0, 0.0, 0.0
float3(-0.426688, 0.039562, -1.52362)
258.411382166
limited(__ObjC.ARCamera.TrackingState.Reason.initializing)
simd_float4x4([[0.0644013, -0.906197, 0.417921, 0.0)], [0.996933, 0.0397592, -0.0674149, 0.0)], [0.0444751, 0.420981, 0.905978, 0.0)], [0.0, 0.0, 0.0, 1.0)]])
0.0, 0.0, 0.0
float3(-0.434526, 0.0490513, -1.52695)
258.478039541
limited(__ObjC.ARCamera.TrackingState.Reason.initializing)
simd_float4x4([[0.0630977, -0.904965, 0.42078, 0.0)], [0.996532, 0.0342117, -0.0758557, 0.0)], [0.0542513, 0.424107, 0.903985, 0.0)], [0.0, 0.0, 0.0, 1.0)]])
0.0, 0.0, 0.0
float3(-0.437975, 0.0599417, -1.53301)
258.544696666
limited(__ObjC.ARCamera.TrackingState.Reason.initializing)
simd_float4x4([[0.0650996, -0.903582, 0.423437, 0.0)], [0.9959, 0.0321183, -0.0845725, 0.0)], [0.0628183, 0.427207, 0.901968, 0.0)], [0.0, 0.0, 0.0, 1.0)]])
0.0, 0.0, 0.0
float3(-0.441401, 0.0695335, -1.53527)
258.611354125
limited(__ObjC.ARCamera.TrackingState.Reason.initializing)
simd_float4x4([[0.0706951, -0.905408, 0.418612, 0.0)], [0.994899, 0.033725, -0.0950752, 0.0)], [0.0719644, 0.423198, 0.903173, 0.0)], [0.0, 0.0, 0.0, 1.0)]])
0.0, 0.0, 0.0
float3(-0.436972, 0.0795115, -1.53357)
258.678011375
limited(__ObjC.ARCamera.TrackingState.Reason.initializing)
simd_float4x4([[0.0852422, -0.907266, 0.411823, 0.0)], [0.992041, 0.0388394, -0.119775, 0.0)], [0.0926731, 0.418755, 0.903356, 0.0)], [0.0, 0.0, 0.0, 1.0)]])
0.0, 0.0, 0.0
float3(-0.432074, 0.10223, -1.52801)
258.744668791
limited(__ObjC.ARCamera.TrackingState.Reason.initializing)
simd_float4x4([[0.0932929, -0.914228, 0.39431, 0.0)], [0.986588, 0.0316075, -0.160141, 0.0)], [0.133943, 0.403962, 0.904915, 0.0)], [0.0, 0.0, 0.0, 1.0)]])
0.0, 0.0, 0.0
float3(-0.415844, 0.14695, -1.53624)
258.811326
limited(__ObjC.ARCamera.TrackingState.Reason.initializing)
simd_float4x4([[0.10507, -0.917732, 0.383047, 0.0)], [0.982091, 0.0351845, -0.185091, 0.0)], [0.156387, 0.395634, 0.904994, 0.0)], [0.0, 0.0, 0.0, 1.0)]])
0.0, 0.0, 0.0
float3(-0.406759, 0.171115, -1.53248)
258.877983166
limited(__ObjC.ARCamera.TrackingState.Reason.initializing)
simd_float4x4([[0.110716, -0.914807, 0.388415, 0.0)], [0.97547, 0.0252065, -0.218686, 0.0)], [0.190266, 0.403099, 0.895158, 0.0)], [0.0, 0.0, 0.0, 1.0)]])
0.0, 0.0, 0.0
float3(-0.414901, 0.209433, -1.54325)
258.94464075
limited(__ObjC.ARCamera.TrackingState.Reason.initializing)
simd_float4x4([[0.147645, -0.90547, 0.397899, 0.0)], [0.962056, 0.0381485, -0.270171, 0.0)], [0.229453, 0.42269, 0.876745, 0.0)], [0.0, 0.0, 0.0, 1.0)]])
0.0, 0.0, 0.0
float3(-0.436412, 0.255969, -1.52869)
259.011308875
limited(__ObjC.ARCamera.TrackingState.Reason.initializing)
simd_float4x4([[0.157709, -0.926892, 0.340583, 0.0)], [0.948846, 0.0467039, -0.312265, 0.0)], [0.27353, 0.372408, 0.886843, 0.0)], [0.0, 0.0, 0.0, 1.0)]])
0.0, 0.0, 0.0
float3(-0.381603, 0.299173, -1.52045)
259.061335166
limited(__ObjC.ARCamera.TrackingState.Reason.initializing)
simd_float4x4([[0.168708, -0.934539, 0.313324, 0.0)], [0.941733, 0.0589818, -0.331151, 0.0)], [0.290994, 0.350935, 0.890036, 0.0)], [0.0, 0.0, 0.0, 1.0)]])
0.0, 0.0, 0.0
float3(-0.35857, 0.315991, -1.50777)
259.111361291
limited(__ObjC.ARCamera.TrackingState.Reason.initializing)
simd_float4x4([[0.172602, -0.937358, 0.302597, 0.0)], [0.931804, 0.0558013, -0.358647, 0.0)], [0.319297, 0.343865, 0.883065, 0.0)], [0.0, 0.0, 0.0, 1.0)]])
0.0, 0.0, 0.0
float3(-0.35103, 0.346951, -1.51134)
259.161387291
limited(__ObjC.ARCamera.TrackingState.Reason.initializing)
simd_float4x4([[0.160401, -0.946396, 0.280363, 0.0)], [0.920532, 0.0409226, -0.388517, 0.0)], [0.356218, 0.320401, 0.877752, 0.0)], [0.0, 0.0, 0.0, 1.0)]])
0.0, 0.0, 0.0
float3(-0.326153, 0.385522, -1.52758)
259.211413583
limited(__ObjC.ARCamera.TrackingState.Reason.initializing)
simd_float4x4([[0.142109, -0.955633, 0.258011, 0.0)], [0.905896, 0.0205065, -0.423003, 0.0)], [0.398945, 0.293843, 0.868618, 0.0)], [0.0, 0.0, 0.0, 1.0)]])
0.0, 0.0, 0.0
float3(-0.298245, 0.43055, -1.54934)
259.261439583
limited(__ObjC.ARCamera.TrackingState.Reason.initializing)
simd_float4x4([[0.127416, -0.960843, 0.246057, 0.0)], [0.905007, 0.0111113, -0.425252, 0.0)], [0.405867, 0.276868, 0.870985, 0.0)], [0.0, 0.0, 0.0, 1.0)]])
0.0, 0.0, 0.0
float3(-0.280533, 0.436068, -1.55923)
259.311465833
limited(__ObjC.ARCamera.TrackingState.Reason.initializing)
simd_float4x4([[0.112755, -0.964463, 0.238947, 0.0)], [0.910761, 0.00417745, -0.412913, 0.0)], [0.397241, 0.264182, 0.878866, 0.0)], [0.0, 0.0, 0.0, 1.0)]])
0.0, 0.0, 0.0
float3(-0.267356, 0.42451, -1.56647)
259.361492
limited(__ObjC.ARCamera.TrackingState.Reason.initializing)
simd_float4x4([[0.0995235, -0.966694, 0.235789, 0.0)], [0.918892, -0.00162199, -0.394504, 0.0)], [0.381748, 0.255927, 0.888126, 0.0)], [0.0, 0.0, 0.0, 1.0)]])
0.0, 0.0, 0.0
float3(-0.258806, 0.405959, -1.57247)
259.411518208
limited(__ObjC.ARCamera.TrackingState.Reason.initializing)
simd_float4x4([[0.088995, -0.968, 0.234637, 0.0)], [0.931035, -0.00285681, -0.364918, 0.0)], [0.353911, 0.250931, 0.900988, 0.0)], [0.0, 0.0, 0.0, 1.0)]])
0.0, 0.0, 0.0
float3(-0.253642, 0.374287, -1.57375)
259.461544208
limited(__ObjC.ARCamera.TrackingState.Reason.initializing)
simd_float4x4([[0.077399, -0.970184, 0.229678, 0.0)], [0.942861, -0.00365308, -0.333166, 0.0)], [0.324071, 0.242341, 0.914466, 0.0)], [0.0, 0.0, 0.0, 1.0)]])
0.0, 0.0, 0.0
float3(-0.244778, 0.340574, -1.57456)
259.5115705
limited(__ObjC.ARCamera.TrackingState.Reason.initializing)
simd_float4x4([[0.0676782, -0.970734, 0.230422, 0.0)], [0.956201, -0.00281206, -0.292697, 0.0)], [0.284779, 0.240139, 0.928026, 0.0)], [0.0, 0.0, 0.0, 1.0)]])
0.0, 0.0, 0.0
float3(-0.242509, 0.297743, -1.57369)
259.561596583
limited(__ObjC.ARCamera.TrackingState.Reason.initializing)
simd_float4x4([[0.0563026, -0.972134, 0.227563, 0.0)], [0.969417, -0.0013034, -0.245418, 0.0)], [0.238876, 0.234421, 0.942329, 0.0)], [0.0, 0.0, 0.0, 1.0)]])
0.0, 0.0, 0.0
float3(-0.236622, 0.248265, -1.57214)
259.61162275
limited(__ObjC.ARCamera.TrackingState.Reason.initializing)
simd_float4x4([[0.0428225, -0.97292, 0.227141, 0.0)], [0.979512, -0.00389405, -0.201346, 0.0)], [0.196778, 0.231109, 0.95282, 0.0)], [0.0, 0.0, 0.0, 1.0)]])
0.0, 0.0, 0.0
float3(-0.233218, 0.203658, -1.5748)
259.661648875
limited(__ObjC.ARCamera.TrackingState.Reason.initializing)
simd_float4x4([[0.0300417, -0.97395, 0.224765, 0.0)], [0.987615, -0.00572095, -0.156793, 0.0)], [0.153995, 0.226691, 0.961715, 0.0)], [0.0, 0.0, 0.0, 1.0)]])
0.0, 0.0, 0.0
float3(-0.228679, 0.158777, -1.57667)
259.711663958
limited(__ObjC.ARCamera.TrackingState.Reason.initializing)
simd_float4x4([[0.0193297, -0.974164, 0.225012, 0.0)], [0.994245, -0.00499016, -0.107015, 0.0)], [0.105373, 0.225786, 0.968461, 0.0)], [0.0, 0.0, 0.0, 1.0)]])
0.0, 0.0, 0.0
float3(-0.22775, 0.108379, -1.57592)
259.778321375
limited(__ObjC.ARCamera.TrackingState.Reason.initializing)
simd_float4x4([[-0.000122841, -0.974082, 0.226195, 0.0)], [0.99896, -0.0104304, -0.0443748, 0.0)], [0.045584, 0.225954, 0.97307, 0.0)], [0.0, 0.0, 0.0, 1.0)]])
0.0, 0.0, 0.0
float3(-0.227923, 0.0468113, -1.5815)
259.844978625
limited(__ObjC.ARCamera.TrackingState.Reason.initializing)
simd_float4x4([[-0.0195732, -0.974568, 0.223237, 0.0)], [0.999545, -0.013945, 0.0267606, 0.0)], [-0.0229669, 0.223659, 0.974397, 0.0)], [0.0, 0.0, 0.0, 1.0)]])
0.0, 0.0, 0.0
float3(-0.225567, -0.0235661, -1.5851)
259.911635916
limited(__ObjC.ARCamera.TrackingState.Reason.initializing)
simd_float4x4([[-0.0361802, -0.974633, 0.220864, 0.0)], [0.995215, -0.0150657, 0.0965458, 0.0)], [-0.0907692, 0.2233, 0.970514, 0.0)], [0.0, 0.0, 0.0, 1.0)]])
0.0, 0.0, 0.0
float3(-0.225199, -0.0932557, -1.58625)
259.978293166
limited(__ObjC.ARCamera.TrackingState.Reason.initializing)
simd_float4x4([[-0.0511921, -0.975036, 0.216063, 0.0)], [0.986479, -0.0156417, 0.16314, 0.0)], [-0.155688, 0.221494, 0.962654, 0.0)], [0.0, 0.0, 0.0, 1.0)]])
0.0, 0.0, 0.0
float3(-0.223346, -0.16034, -1.58684)
260.044950583
normal
simd_float4x4([[-0.0805542, -0.970796, 0.225979, 0.0)], [0.971921, -0.0262143, 0.233843, 0.0)], [-0.221089, 0.238471, 0.945649, 0.0)], [0.0233304, -0.000384441, -0.00507658, 1.0)]])
0.0233304, -0.000384441, -0.00507658
float3(-0.240791, -0.229671, -1.59779)
260.111607875
normal
simd_float4x4([[-0.0945374, -0.970813, 0.220419, 0.0)], [0.953428, -0.0245903, 0.300618, 0.0)], [-0.286423, 0.238574, 0.927925, 0.0)], [0.0520927, 0.000495821, -0.0112237, 1.0)]])
0.0520927, 0.000495821, -0.0112237
float3(-0.240897, -0.299393, -1.59612)
260.178265125
normal
simd_float4x4([[-0.107342, -0.970896, 0.2141, 0.0)], [0.931571, -0.0229832, 0.362831, 0.0)], [-0.347351, 0.238397, 0.906926, 0.0)], [0.0800884, 0.00083276, -0.0152633, 1.0)]])
0.0800884, 0.00083276, -0.0152633
float3(-0.240715, -0.365764, -1.59446)
260.244922416
normal
simd_float4x4([[-0.117313, -0.971971, 0.20374, 0.0)], [0.907184, -0.0214155, 0.420189, 0.0)], [-0.404048, 0.234123, 0.884269, 0.0)], [0.104021, 0.000824019, -0.0148331, 1.0)]])
0.104021, 0.000824019, -0.0148331
float3(-0.236317, -0.428601, -1.59283)
260.311579791
normal
simd_float4x4([[-0.129196, -0.972217, 0.1952, 0.0)], [0.880648, -0.0220071, 0.473259, 0.0)], [-0.455815, 0.233046, 0.859024, 0.0)], [0.128284, -0.00178607, -0.0151296, 1.0)]])
0.128284, -0.00178607, -0.0151296
float3(-0.235208, -0.487842, -1.59343)
260.378237041
normal
simd_float4x4([[-0.137979, -0.972848, 0.185817, 0.0)], [0.853364, -0.0215449, 0.52087, 0.0)], [-0.502724, 0.230439, 0.833166, 0.0)], [0.149943, -0.00258948, -0.0155338, 1.0)]])
0.149943, -0.00258948, -0.0155338
float3(-0.232529, -0.542908, -1.59294)
260.444894416
normal
simd_float4x4([[-0.141575, -0.9739, 0.177413, 0.0)], [0.827109, -0.0179019, 0.561757, 0.0)], [-0.543919, 0.22627, 0.808056, 0.0)], [0.166988, -0.0060095, -0.0148594, 1.0)]])
0.166988, -0.0060095, -0.0148594
float3(-0.228247, -0.592458, -1.58918)
260.511551708
normal
simd_float4x4([[-0.142002, -0.975364, 0.168819, 0.0)], [0.807043, -0.0153269, 0.590293, 0.0)], [-0.573163, 0.220067, 0.789338, 0.0)], [0.181643, -0.00685011, -0.0168031, 1.0)]])
0.181643, -0.00685011, -0.0168031
float3(-0.221883, -0.62805, -1.58651)
260.578208875
normal
simd_float4x4([[-0.144183, -0.976049, 0.162909, 0.0)], [0.793698, -0.0157485, 0.608108, 0.0)], [-0.590978, 0.21698, 0.776959, 0.0)], [0.192847, -0.00820284, -0.021362, 1.0)]])
0.192847, -0.00820284, -0.021362
float3(-0.21872, -0.65027, -1.58693)
260.644866333
normal
simd_float4x4([[-0.140582, -0.976832, 0.161355, 0.0)], [0.78979, -0.0123651, 0.613253, 0.0)], [-0.59705, 0.213649, 0.77323, 0.0)], [0.201167, -0.00893959, -0.0287108, 1.0)]])
0.201167, -0.00893959, -0.0287108
float3(-0.215309, -0.657528, -1.58345)
260.7115235
normal
simd_float4x4([[-0.143083, -0.975548, 0.166835, 0.0)], [0.797727, -0.0139027, 0.602859, 0.0)], [-0.585798, 0.219348, 0.78021, 0.0)], [0.211134, -0.00929271, -0.0404657, 1.0)]])
0.211134, -0.00929271, -0.0404657
float3(-0.221146, -0.644027, -1.58505)
260.778180958
normal
simd_float4x4([[-0.136506, -0.977003, 0.1638, 0.0)], [0.812497, -0.0158198, 0.58275, 0.0)], [-0.566758, 0.212636, 0.795972, 0.0)], [0.210222, -0.0116688, -0.053349, 1.0)]])
0.210222, -0.0116688, -0.053349
float3(-0.214272, -0.618756, -1.58699)
260.844838125
normal
simd_float4x4([[-0.127668, -0.977262, 0.169292, 0.0)], [0.834933, -0.0137666, 0.550179, 0.0)], [-0.535338, 0.211588, 0.817706, 0.0)], [0.209328, -0.0137938, -0.0709956, 1.0)]])
0.209328, -0.0137938, -0.0709956
float3(-0.2132, -0.57966, -1.58488)
260.911495458
normal
simd_float4x4([[-0.117527, -0.977738, 0.173826, 0.0)], [0.862544, -0.0137581, 0.505795, 0.0)], [-0.492144, 0.209377, 0.844959, 0.0)], [0.201891, -0.0181411, -0.0897761, 1.0)]])
0.201891, -0.0181411, -0.0897761
float3(-0.210938, -0.527413, -1.58487)
260.978152958
normal
simd_float4x4([[-0.106883, -0.9778, 0.180232, 0.0)], [0.892229, -0.0143336, 0.451355, 0.0)], [-0.438751, 0.20905, 0.873954, 0.0)], [0.192466, -0.0213334, -0.109603, 1.0)]])
0.192466, -0.0213334, -0.109603
float3(-0.210604, -0.465271, -1.58545)
261.044810208
normal
simd_float4x4([[-0.0948919, -0.978318, 0.184091, 0.0)], [0.920169, -0.0156381, 0.391208, 0.0)], [-0.379847, 0.206517, 0.901702, 0.0)], [0.181213, -0.0248753, -0.128993, 1.0)]])
0.181213, -0.0248753, -0.128993
float3(-0.208014, -0.398694, -1.58678)
261.111467458
normal
simd_float4x4([[-0.0818321, -0.978692, 0.188325, 0.0)], [0.945549, -0.0165112, 0.325061, 0.0)], [-0.315025, 0.20467, 0.926752, 0.0)], [0.168369, -0.028676, -0.148324, 1.0)]])
0.168369, -0.028676, -0.148324
float3(-0.206127, -0.32767, -1.58767)
261.178124708
normal
simd_float4x4([[-0.0663082, -0.978675, 0.19442, 0.0)], [0.967129, -0.0150997, 0.253837, 0.0)], [-0.245488, 0.204861, 0.947506, 0.0)], [0.154082, -0.0325968, -0.167521, 1.0)]])
0.154082, -0.0325968, -0.167521
float3(-0.206322, -0.253514, -1.58622)
261.244782041
normal
simd_float4x4([[-0.050951, -0.97873, 0.198726, 0.0)], [0.982599, -0.0135392, 0.185245, 0.0)], [-0.178614, 0.204707, 0.962389, 0.0)], [0.140305, -0.0370556, -0.185317, 1.0)]])
0.140305, -0.0370556, -0.185317
float3(-0.206164, -0.183507, -1.58463)
261.311439333
normal
simd_float4x4([[-0.0361352, -0.979281, 0.199256, 0.0)], [0.993139, -0.0130005, 0.116213, 0.0)], [-0.111215, 0.202088, 0.973032, 0.0)], [0.126148, -0.0404155, -0.202112, 1.0)]])
0.126148, -0.0404155, -0.202112
float3(-0.20349, -0.113803, -1.58407)
261.37809675
normal
simd_float4x4([[-0.0223556, -0.978932, 0.202959, 0.0)], [0.998304, -0.0109454, 0.0571686, 0.0)], [-0.0537427, 0.203893, 0.977517, 0.0)], [0.11397, -0.0449686, -0.217904, 1.0)]])
0.11397, -0.0449686, -0.217904
float3(-0.205333, -0.0549235, -1.58198)
261.444753916
normal
simd_float4x4([[-0.0122041, -0.979152, 0.20276, 0.0)], [0.999925, -0.0121972, 0.00128348, 0.0)], [0.0012164, 0.202761, 0.979228, 0.0)], [0.103882, -0.0489212, -0.232281, 1.0)]])
0.103882, -0.0489212, -0.232281
float3(-0.204176, 0.0012422, -1.58325)
261.511411291
normal
simd_float4x4([[-0.00209106, -0.979485, 0.201505, 0.0)], [0.998826, -0.0117984, -0.046985, 0.0)], [0.0483986, 0.201171, 0.97836, 0.0)], [0.0995537, -0.0513815, -0.245872, 1.0)]])
0.0995537, -0.0513815, -0.245872
float3(-0.202553, 0.0494288, -1.58284)
261.578068666
normal
simd_float4x4([[0.00738148, -0.980345, 0.197152, 0.0)], [0.995759, -0.0108751, -0.0913585, 0.0)], [0.091707, 0.196991, 0.976107, 0.0)], [0.0935407, -0.0562849, -0.258944, 1.0)]])
0.0935407, -0.0562849, -0.258944
float3(-0.198287, 0.0936768, -1.58189)
261.644725791
normal
simd_float4x4([[0.0205267, -0.979861, 0.19862, 0.0)], [0.991524, -0.0055407, -0.129804, 0.0)], [0.128291, 0.199601, 0.971443, 0.0)], [0.0801175, -0.0555297, -0.272372, 1.0)]])
0.0801175, -0.0555297, -0.272372
float3(-0.200951, 0.131302, -1.57645)
261.711383208
normal
simd_float4x4([[0.0292833, -0.980215, 0.195759, 0.0)], [0.985737, -0.00415088, -0.16824, 0.0)], [0.165724, 0.197893, 0.966113, 0.0)], [0.0654853, -0.0574128, -0.285301, 1.0)]])
0.0654853, -0.0574128, -0.285301
float3(-0.199208, 0.169883, -1.57503)
261.778040583
normal
simd_float4x4([[0.036187, -0.979866, 0.196349, 0.0)], [0.979056, -0.00462842, -0.203537, 0.0)], [0.200348, 0.199602, 0.959176, 0.0)], [0.0614074, -0.063229, -0.300154, 1.0)]])
0.0614074, -0.063229, -0.300154
float3(-0.200952, 0.205914, -1.57552)
261.844697916
normal
simd_float4x4([[0.0457163, -0.979743, 0.194972, 0.0)], [0.970314, -0.00284872, -0.24183, 0.0)], [0.237487, 0.20024, 0.950528, 0.0)], [0.0383607, -0.0664919, -0.316262, 1.0)]])
0.0383607, -0.0664919, -0.316262
float3(-0.201603, 0.244835, -1.5737)
261.911355125
normal
simd_float4x4([[0.0536425, -0.978806, 0.197637, 0.0)], [0.960136, -0.00381753, -0.279506, 0.0)], [0.274337, 0.204752, 0.939583, 0.0)], [0.0165793, -0.0701876, -0.334466, 1.0)]])
0.0165793, -0.0701876, -0.334466
float3(-0.20621, 0.284081, -1.5747)
261.9780125
normal
simd_float4x4([[0.062155, -0.979238, 0.192952, 0.0)], [0.949231, -0.00173441, -0.314575, 0.0)], [0.308379, 0.202708, 0.929415, 0.0)], [0.0110788, -0.0769783, -0.352345, 1.0)]])
0.0110788, -0.0769783, -0.352345
float3(-0.204123, 0.320369, -1.57257)
262.044669833
normal
simd_float4x4([[0.0631853, -0.978524, 0.196207, 0.0)], [0.951226, -0.000434418, -0.308493, 0.0)], [0.301953, 0.20613, 0.930771, 0.0)], [-0.202053, 0.00197994, 0.0539939, 1.0)]])
-0.202053, 0.00197994, 0.0539939
float3(-0.207618, 0.3137, -1.57124)
262.111327041
normal
simd_float4x4([[0.0696803, -0.977475, 0.199215, 0.0)], [0.943065, -0.000559896, -0.332607, 0.0)], [0.325226, 0.211049, 0.921784, 0.0)], [-0.238232, 0.003836, 0.0510554, 1.0)]])
-0.238232, 0.003836, 0.0510554
float3(-0.212648, 0.339187, -1.57137)
262.177984458
normal
simd_float4x4([[0.0831227, -0.975301, 0.204641, 0.0)], [0.932125, 0.00346138, -0.36212, 0.0)], [0.352468, 0.220852, 0.90939, 0.0)], [-0.249597, -0.00295082, 0.0275462, 1.0)]])
-0.249597, -0.00295082, 0.0275462
float3(-0.222688, 0.36976, -1.56725)
262.244641708
normal
simd_float4x4([[0.090988, -0.973666, 0.209032, 0.0)], [0.924713, 0.00469648, -0.380635, 0.0)], [0.36963, 0.227928, 0.90079, 0.0)], [-0.294431, -0.00505947, 0.0230197, 1.0)]])
-0.294431, -0.00505947, 0.0230197
float3(-0.22995, 0.389388, -1.56597)
262.311310166
normal
simd_float4x4([[0.0994042, -0.972048, 0.212701, 0.0)], [0.917795, 0.00698752, -0.396992, 0.0)], [0.384409, 0.234679, 0.892836, 0.0)], [-0.347224, -0.00738765, 0.0276859, 1.0)]])
-0.347224, -0.00738765, 0.0276859
float3(-0.236888, 0.406561, -1.56361)
262.36133625
normal
simd_float4x4([[0.103875, -0.971637, 0.21244, 0.0)], [0.912961, 0.00840544, -0.40796, 0.0)], [0.394604, 0.236326, 0.88794, 0.0)], [-0.360955, -0.0119555, 0.00943172, 1.0)]])
-0.360955, -0.0119555, 0.00943172
float3(-0.238583, 0.41819, -1.56215)
262.41136225
limited(__ObjC.ARCamera.TrackingState.Reason.insufficientFeatures)
simd_float4x4([[0.10981, -0.969996, 0.216909, 0.0)], [0.910495, 0.0106337, -0.413384, 0.0)], [0.398675, 0.242888, 0.884344, 0.0)], [-0.390416, -0.0147406, 0.0136377, 1.0)]])
-0.390416, -0.0147406, 0.0136377
float3(-0.245342, 0.423531, -1.55983)
262.461388583
limited(__ObjC.ARCamera.TrackingState.Reason.insufficientFeatures)
simd_float4x4([[0.114861, -0.967394, 0.225735, 0.0)], [0.905992, 0.00881884, -0.423202, 0.0)], [0.407412, 0.253123, 0.877464, 0.0)], [-0.405949, -0.019746, -0.00733806, 1.0)]])
-0.405949, -0.019746, -0.00733806
float3(-0.255907, 0.434687, -1.56168)
262.511414833
normal
simd_float4x4([[0.117283, -0.965755, 0.231434, 0.0)], [0.902634, 0.00648587, -0.430359, 0.0)], [0.414121, 0.259374, 0.872484, 0.0)], [-0.434994, -0.0234175, -0.00286473, 1.0)]])
-0.434994, -0.0234175, -0.00286473
float3(-0.262373, 0.443159, -1.56408)
262.561440958
normal
simd_float4x4([[0.127733, -0.96876, 0.212575, 0.0)], [0.89713, 0.0214659, -0.441244, 0.0)], [0.422897, 0.247069, 0.871846, 0.0)], [-0.453286, -0.0277596, -0.0207332, 1.0)]])
-0.453286, -0.0277596, -0.0207332
float3(-0.249654, 0.451623, -1.54864)
262.611467041
normal
simd_float4x4([[0.123984, -0.974536, 0.186835, 0.0)], [0.893712, 0.027855, -0.447776, 0.0)], [0.43117, 0.222493, 0.874408, 0.0)], [-0.47007, -0.0317801, -0.0173453, 1.0)]])
-0.47007, -0.0317801, -0.0173453
float3(-0.224371, 0.458112, -1.54222)
262.661493208
normal
simd_float4x4([[0.120347, -0.978113, 0.169742, 0.0)], [0.895437, 0.0331307, -0.443953, 0.0)], [0.428612, 0.205421, 0.879826, 0.0)], [-0.488463, -0.0332911, -0.0334739, 1.0)]])
-0.488463, -0.0332911, -0.0334739
float3(-0.206894, 0.453319, -1.53694)
262.711519416
normal
simd_float4x4([[0.129037, -0.97851, 0.160835, 0.0)], [0.89747, 0.046252, -0.438643, 0.0)], [0.421778, 0.200946, 0.884152, 0.0)], [-0.510791, -0.0358814, -0.0314655, 1.0)]])
-0.510791, -0.0358814, -0.0314655
float3(-0.202323, 0.445113, -1.52356)
262.761545583
normal
simd_float4x4([[0.128168, -0.979235, 0.157074, 0.0)], [0.896058, 0.0464626, -0.4415, 0.0)], [0.425034, 0.197334, 0.883406, 0.0)], [-0.531255, -0.0360352, -0.0504933, 1.0)]])
-0.531255, -0.0360352, -0.0504933
float3(-0.198638, 0.448439, -1.52338)
262.811571666
normal
simd_float4x4([[0.12164, -0.981893, 0.145222, 0.0)], [0.89655, 0.0459092, -0.440557, 0.0)], [0.425912, 0.183788, 0.885901, 0.0)], [-0.542054, -0.0381637, -0.0534411, 1.0)]])
-0.542054, -0.0381637, -0.0534411
float3(-0.184839, 0.448144, -1.52407)
262.861597791
normal
simd_float4x4([[0.124638, -0.981732, 0.143765, 0.0)], [0.899425, 0.0506135, -0.434135, 0.0)], [0.418927, 0.183416, 0.889302, 0.0)], [-0.561673, -0.0392119, -0.070635, 1.0)]])
-0.561673, -0.0392119, -0.070635
float3(-0.18446, 0.44024, -1.51929)
262.911624166
normal
simd_float4x4([[0.125641, -0.981712, 0.143024, 0.0)], [0.900309, 0.0522705, -0.432101, 0.0)], [0.416723, 0.183056, 0.890412, 0.0)], [-0.575074, -0.0399764, -0.0803737, 1.0)]])
-0.575074, -0.0399764, -0.0803737
float3(-0.184094, 0.437731, -1.5176)
262.961650291
normal
simd_float4x4([[0.118236, -0.983763, 0.135023, 0.0)], [0.902309, 0.0496728, -0.428219, 0.0)], [0.414559, 0.172463, 0.893531, 0.0)], [-0.592543, -0.041753, -0.0966055, 1.0)]])
-0.592543, -0.041753, -0.0966055
float3(-0.17333, 0.434399, -1.52035)
263.011676375
normal
simd_float4x4([[0.11605, -0.985341, 0.125038, 0.0)], [0.90163, 0.0516998, -0.429407, 0.0)], [0.416648, 0.162571, 0.894413, 0.0)], [-0.607184, -0.0436079, -0.105282, 1.0)]])
-0.607184, -0.0436079, -0.105282
float3(-0.163295, 0.435943, -1.51838)
263.061702458
normal
simd_float4x4([[0.121291, -0.984013, 0.130406, 0.0)], [0.900172, 0.0536776, -0.432214, 0.0)], [0.418304, 0.169812, 0.892292, 0.0)], [-0.625451, -0.0465994, -0.125193, 1.0)]])
-0.625451, -0.0465994, -0.125193
float3(-0.170639, 0.438375, -1.5163)
263.1117285
normal
simd_float4x4([[0.132137, -0.980489, 0.145536, 0.0)], [0.89587, 0.0552953, -0.440862, 0.0)], [0.424213, 0.188635, 0.885698, 0.0)], [-0.642758, -0.0472288, -0.144606, 1.0)]])
-0.642758, -0.0472288, -0.144606
float3(-0.189772, 0.446673, -1.51446)
263.161754791
normal
simd_float4x4([[0.134615, -0.978184, 0.158224, 0.0)], [0.891259, 0.0497414, -0.450758, 0.0)], [0.433054, 0.201698, 0.878511, 0.0)], [-0.659399, -0.0507033, -0.168551, 1.0)]])
-0.659399, -0.0507033, -0.168551
float3(-0.203091, 0.457984, -1.51999)
263.211781083
normal
simd_float4x4([[0.133566, -0.978753, 0.155571, 0.0)], [0.887819, 0.0484158, -0.45764, 0.0)], [0.440384, 0.199244, 0.875422, 0.0)], [-0.668626, -0.0528703, -0.183338, 1.0)]])
-0.668626, -0.0528703, -0.183338
float3(-0.200586, 0.466088, -1.52137)
263.261807166
normal
simd_float4x4([[0.136895, -0.978004, 0.157376, 0.0)], [0.882621, 0.0483, -0.467598, 0.0)], [0.449712, 0.202915, 0.869819, 0.0)], [-0.683289, -0.0588445, -0.205393, 1.0)]])
-0.683289, -0.0588445, -0.205393
float3(-0.204334, 0.477169, -1.52145)
263.31183325
normal
simd_float4x4([[0.13983, -0.976926, 0.161442, 0.0)], [0.877746, 0.0468356, -0.476831, 0.0)], [0.458267, 0.208381, 0.864042, 0.0)], [-0.690999, -0.0629896, -0.225329, 1.0)]])
-0.690999, -0.0629896, -0.225329
float3(-0.209919, 0.487652, -1.52289)
263.361859333
normal
simd_float4x4([[0.140493, -0.975934, 0.166774, 0.0)], [0.868118, 0.040433, -0.494709, 0.0)], [0.47606, 0.214282, 0.852907, 0.0)], [-0.70236, -0.0692284, -0.252208, 1.0)]])
-0.70236, -0.0692284, -0.252208
float3(-0.215957, 0.509088, -1.52939)
263.411885666
normal
simd_float4x4([[0.136346, -0.974947, 0.175751, 0.0)], [0.85987, 0.0283661, -0.509725, 0.0)], [0.491969, 0.220622, 0.842195, 0.0)], [-0.702581, -0.073308, -0.273803, 1.0)]])
-0.702581, -0.073308, -0.273803
float3(-0.222452, 0.528685, -1.54171)
263.461911708
normal
simd_float4x4([[0.132015, -0.975383, 0.176632, 0.0)], [0.848825, 0.0192114, -0.528325, 0.0)], [0.511926, 0.219677, 0.830466, 0.0)], [-0.710738, -0.0775248, -0.302075, 1.0)]])
-0.710738, -0.0775248, -0.302075
float3(-0.221483, 0.552415, -1.5511)
263.511937875
normal
simd_float4x4([[0.130916, -0.976452, 0.17147, 0.0)], [0.835502, 0.0155643, -0.549267, 0.0)], [0.533664, 0.215172, 0.817865, 0.0)], [-0.709115, -0.077799, -0.323088, 1.0)]])
-0.709115, -0.077799, -0.323088
float3(-0.216868, 0.578137, -1.55486)
263.561964125
normal
simd_float4x4([[0.143665, -0.974378, 0.173056, 0.0)], [0.823324, 0.020656, -0.567195, 0.0)], [0.549088, 0.223968, 0.805196, 0.0)], [-0.717162, -0.0788837, -0.352699, 1.0)]])
-0.717162, -0.0788837, -0.352699
float3(-0.225884, 0.598495, -1.5496)
263.611990291
normal
simd_float4x4([[0.153173, -0.972395, 0.176026, 0.0)], [0.814104, 0.0231993, -0.580255, 0.0)], [0.560154, 0.232183, 0.795185, 0.0)], [-0.721139, -0.0762896, -0.383676, 1.0)]])
-0.721139, -0.0762896, -0.383676
float3(-0.234321, 0.613694, -1.54694)
263.662016416
normal
simd_float4x4([[0.158762, -0.970806, 0.179804, 0.0)], [0.802147, 0.0206521, -0.596769, 0.0)], [0.575634, 0.238974, 0.782008, 0.0)], [-0.725474, -0.0766627, -0.414924, 1.0)]])
-0.725474, -0.0766627, -0.414924
float3(-0.241309, 0.634544, -1.54953)
263.712042541
normal
simd_float4x4([[0.173421, -0.967854, 0.182162, 0.0)], [0.792255, 0.0272261, -0.609582, 0.0)], [0.585027, 0.250033, 0.771509, 0.0)], [-0.73115, -0.0734578, -0.442592, 1.0)]])
-0.73115, -0.0734578, -0.442592
float3(-0.252715, 0.648785, -1.54267)
263.762068708
normal
simd_float4x4([[0.171572, -0.971515, 0.163464, 0.0)], [0.792186, 0.037411, -0.609131, 0.0)], [0.585665, 0.234004, 0.77604, 0.0)], [-0.733958, -0.0738747, -0.467321, 1.0)]])
-0.733958, -0.0738747, -0.467321
float3(-0.236194, 0.646492, -1.53231)
263.812094833
normal
simd_float4x4([[0.168497, -0.973453, 0.154912, 0.0)], [0.789752, 0.0392812, -0.612167, 0.0)], [0.589831, 0.22549, 0.775405, 0.0)], [-0.737477, -0.0773918, -0.491532, 1.0)]])
-0.737477, -0.0773918, -0.491532
float3(-0.227446, 0.650298, -1.53047)
263.862121166
normal
simd_float4x4([[0.174925, -0.969757, 0.170213, 0.0)], [0.788239, 0.0343401, -0.614411, 0.0)], [0.589984, 0.241644, 0.770407, 0.0)], [-0.742611, -0.0814087, -0.520186, 1.0)]])
-0.742611, -0.0814087, -0.520186
float3(-0.24406, 0.653542, -1.5354)
263.912147375
normal
simd_float4x4([[0.18531, -0.966228, 0.17906, 0.0)], [0.782286, 0.0347744, -0.621948, 0.0)], [0.594717, 0.255329, 0.762312, 0.0)], [-0.753229, -0.079535, -0.543712, 1.0)]])
-0.753229, -0.079535, -0.543712
float3(-0.258188, 0.662519, -1.53482)
263.962173458
normal
simd_float4x4([[0.20119, -0.963504, 0.176586, 0.0)], [0.780476, 0.0487394, -0.623283, 0.0)], [0.591929, 0.26322, 0.761798, 0.0)], [-0.765144, -0.081246, -0.566049, 1.0)]])
-0.765144, -0.081246, -0.566049
float3(-0.266358, 0.660568, -1.52025)
264.012199583
normal
simd_float4x4([[0.209411, -0.962124, 0.174539, 0.0)], [0.773538, 0.0538116, -0.631461, 0.0)], [0.598151, 0.267247, 0.755509, 0.0)], [-0.777924, -0.0839534, -0.583998, 1.0)]])
-0.777924, -0.0839534, -0.583998
float3(-0.270535, 0.669672, -1.51492)
264.062225708
normal
simd_float4x4([[0.214937, -0.961252, 0.172619, 0.0)], [0.771292, 0.0586504, -0.633773, 0.0)], [0.599091, 0.269361, 0.754012, 0.0)], [-0.789241, -0.0888424, -0.60433, 1.0)]])
-0.789241, -0.0888424, -0.60433
float3(-0.27273, 0.671401, -1.50986)
264.112251875
normal
simd_float4x4([[0.231757, -0.955963, 0.180062, 0.0)], [0.764612, 0.0645839, -0.641247, 0.0)], [0.601379, 0.286291, 0.745909, 0.0)], [-0.802878, -0.0930746, -0.609117, 1.0)]])
-0.802878, -0.0930746, -0.609117
float3(-0.290354, 0.678532, -1.50334)
264.162278166
normal
simd_float4x4([[0.239178, -0.952537, 0.188325, 0.0)], [0.759149, 0.0625221, -0.647907, 0.0)], [0.605382, 0.297931, 0.738072, 0.0)], [-0.818769, -0.0986059, -0.630672, 1.0)]])
-0.818769, -0.0986059, -0.630672
float3(-0.302525, 0.68695, -1.50525)
264.212304166
normal
simd_float4x4([[0.244145, -0.951874, 0.185282, 0.0)], [0.754976, 0.0666619, -0.652356, 0.0)], [0.608609, 0.299153, 0.734917, 0.0)], [-0.831443, -0.102848, -0.627539, 1.0)]])
-0.831443, -0.102848, -0.627539
float3(-0.303805, 0.691661, -1.50088)
264.262330375
normal
simd_float4x4([[0.250349, -0.951418, 0.179249, 0.0)], [0.750869, 0.07393, -0.6563, 0.0)], [0.611164, 0.298896, 0.732898, 0.0)], [-0.852268, -0.105464, -0.644202, 1.0)]])
-0.852268, -0.105464, -0.644202
float3(-0.303536, 0.695073, -1.49325)
264.312356541
normal
simd_float4x4([[0.248137, -0.954675, 0.164386, 0.0)], [0.746558, 0.0803197, -0.660455, 0.0)], [0.617316, 0.286607, 0.732651, 0.0)], [-0.86989, -0.106997, -0.643231, 1.0)]])
-0.86989, -0.106997, -0.643231
float3(-0.290683, 0.70017, -1.48686)
264.36238275
normal
simd_float4x4([[0.243105, -0.956731, 0.159891, 0.0)], [0.742872, 0.0776408, -0.664916, 0.0)], [0.623732, 0.280423, 0.729604, 0.0)], [-0.893489, -0.107657, -0.658199, 1.0)]])
-0.893489, -0.107657, -0.658199
float3(-0.284235, 0.707327, -1.48982)
264.412408875
normal
simd_float4x4([[0.235453, -0.960195, 0.150294, 0.0)], [0.738542, 0.0762473, -0.669882, 0.0)], [0.631758, 0.268724, 0.727096, 0.0)], [-0.914203, -0.106858, -0.659319, 1.0)]])
-0.914203, -0.106858, -0.659319
float3(-0.272068, 0.715352, -1.49155)
264.462435
normal
simd_float4x4([[0.230751, -0.962194, 0.144697, 0.0)], [0.737744, 0.0760503, -0.670783, 0.0)], [0.634419, 0.261534, 0.727402, 0.0)], [-0.939673, -0.103851, -0.672261, 1.0)]])
-0.939673, -0.103851, -0.672261
float3(-0.264611, 0.717225, -1.49192)
264.512461041
normal
simd_float4x4([[0.231959, -0.961408, 0.147953, 0.0)], [0.731597, 0.0721892, -0.677904, 0.0)], [0.641061, 0.265488, 0.720108, 0.0)], [-0.962407, -0.0994, -0.680906, 1.0)]])
-0.962407, -0.0994, -0.680906
float3(-0.26871, 0.727391, -1.49585)
264.562487416
normal
simd_float4x4([[0.226958, -0.961833, 0.152864, 0.0)], [0.728145, 0.0633483, -0.68249, 0.0)], [0.646757, 0.266203, 0.714731, 0.0)], [-0.986135, -0.0963697, -0.695713, 1.0)]])
-0.986135, -0.0963697, -0.695713
float3(-0.269452, 0.735513, -1.50503)
264.6125135
normal
simd_float4x4([[0.200028, -0.968219, 0.150133, 0.0)], [0.721188, 0.0417717, -0.691479, 0.0)], [0.663232, 0.246589, 0.706624, 0.0)], [-1.00347, -0.0946534, -0.703192, 1.0)]])
-1.00347, -0.0946534, -0.703192
float3(-0.249159, 0.753733, -1.52768)
264.662539708
normal
simd_float4x4([[0.182215, -0.972567, 0.144605, 0.0)], [0.713443, 0.029575, -0.700089, 0.0)], [0.676607, 0.230734, 0.699261, 0.0)], [-1.02193, -0.093813, -0.716211, 1.0)]])
-1.02193, -0.093813, -0.716211
float3(-0.232832, 0.768934, -1.5404)
264.712565833
normal
