ARKit Data
5735.101559333
normal
simd_float4x4([[0.107471, -0.994178, 0.00779013, 0.0)], [0.0669376, -0.000582226, -0.997757, 0.0)], [0.991952, 0.107751, 0.0664853, 0.0)], [6.14317, 0.147607, -16.1159, 1.0)]])
6.14317, 0.147607, -16.1159
float3(-0.107961, 1.50387, -1.57138)
5735.447364416
notAvailable
simd_float4x4([[1.0, 0.0, 0.0, 0.0)], [0.0, 1.0, 0.0, 0.0)], [0.0, 0.0, 1.0, 0.0)], [0.0, 0.0, 0.0, 1.0)]])
0.0, 0.0, 0.0
float3(-0.0, 0.0, 0.0)
5735.564018083
limited(__ObjC.ARCamera.TrackingState.Reason.initializing)
simd_float4x4([[-0.0133644, -0.990469, 0.137087, 0.0)], [0.999911, -0.0132382, 0.00183225, 0.0)], [-2.02548e-09, 0.1371, 0.990557, 0.0)], [0.0, 0.0, 0.0, 1.0)]])
0.0, 0.0, 0.0
float3(-0.137533, -2.04478e-09, -1.58416)
5735.697336625
limited(__ObjC.ARCamera.TrackingState.Reason.initializing)
simd_float4x4([[-0.00834353, -0.991046, 0.133261, 0.0)], [0.999965, -0.00824135, 0.00131837, 0.0)], [-0.000208314, 0.133268, 0.99108, 0.0)], [0.0, 0.0, 0.0, 1.0)]])
0.0, 0.0, 0.0
float3(-0.133665, -0.000210189, -1.57911)
5735.830655166
limited(__ObjC.ARCamera.TrackingState.Reason.initializing)
simd_float4x4([[-0.00146969, -0.9914, 0.130859, 0.0)], [0.999999, -0.00135291, 0.00098127, 0.0)], [-0.00079579, 0.13086, 0.991401, 0.0)], [0.0, 0.0, 0.0, 1.0)]])
0.0, 0.0, 0.0
float3(-0.131237, -0.000802692, -1.57216)
5735.963973666
limited(__ObjC.ARCamera.TrackingState.Reason.initializing)
simd_float4x4([[-0.00797314, -0.991305, 0.131338, 0.0)], [0.99996, -0.00844209, -0.00301418, 0.0)], [0.00409674, 0.131309, 0.991332, 0.0)], [0.0, 0.0, 0.0, 1.0)]])
0.0, 0.0, 0.0
float3(-0.131689, 0.00413254, -1.57931)
5736.097292125
limited(__ObjC.ARCamera.TrackingState.Reason.initializing)
simd_float4x4([[-0.00577329, -0.991808, 0.127602, 0.0)], [0.999971, -0.00634822, -0.00409947, 0.0)], [0.00487594, 0.127575, 0.991816, 0.0)], [0.0, 0.0, 0.0, 1.0)]])
0.0, 0.0, 0.0
float3(-0.127923, 0.00491613, -1.5772)
5736.230610583
limited(__ObjC.ARCamera.TrackingState.Reason.initializing)
simd_float4x4([[-0.000879197, -0.991793, 0.127845, 0.0)], [0.999999, -0.00105072, -0.00127422, 0.0)], [0.00139809, 0.127844, 0.991793, 0.0)], [0.0, 0.0, 0.0, 1.0)]])
0.0, 0.0, 0.0
float3(-0.128195, 0.00140966, -1.57186)
5736.363928875
limited(__ObjC.ARCamera.TrackingState.Reason.initializing)
simd_float4x4([[-0.00263873, -0.991807, 0.12772, 0.0)], [0.999992, -0.00222702, 0.00336624, 0.0)], [-0.00305422, 0.127727, 0.991805, 0.0)], [0.0, 0.0, 0.0, 1.0)]])
0.0, 0.0, 0.0
float3(-0.128077, -0.00307945, -1.57304)
5736.497247333
limited(__ObjC.ARCamera.TrackingState.Reason.initializing)
simd_float4x4([[-0.00592862, -0.9919, 0.126882, 0.0)], [0.999974, -0.00537227, 0.00472649, 0.0)], [-0.00400656, 0.126907, 0.991907, 0.0)], [0.0, 0.0, 0.0, 1.0)]])
0.0, 0.0, 0.0
float3(-0.12725, -0.00403923, -1.57621)
5736.630565833
limited(__ObjC.ARCamera.TrackingState.Reason.initializing)
simd_float4x4([[-0.00872981, -0.992474, 0.122137, 0.0)], [0.999961, -0.00878129, 0.000116717, 0.0)], [0.000956678, 0.122133, 0.992513, 0.0)], [0.0, 0.0, 0.0, 1.0)]])
0.0, 0.0, 0.0
float3(-0.122439, 0.000963895, -1.57964)
5736.763884291
limited(__ObjC.ARCamera.TrackingState.Reason.initializing)
simd_float4x4([[-0.00774613, -0.992578, 0.121353, 0.0)], [0.999964, -0.00725185, 0.00451414, 0.0)], [-0.00360061, 0.121384, 0.992598, 0.0)], [0.0, 0.0, 0.0, 1.0)]])
0.0, 0.0, 0.0
float3(-0.121684, -0.00362744, -1.5781)
5736.897202875
limited(__ObjC.ARCamera.TrackingState.Reason.initializing)
simd_float4x4([[-0.000870828, -0.993051, 0.117679, 0.0)], [0.999959, 0.000198858, 0.00907784, 0.0)], [-0.00903816, 0.117682, 0.99301, 0.0)], [0.0, 0.0, 0.0, 1.0)]])
0.0, 0.0, 0.0
float3(-0.117955, -0.00910153, -1.5706)
5737.03052125
limited(__ObjC.ARCamera.TrackingState.Reason.initializing)
simd_float4x4([[-0.000951551, -0.992944, 0.118583, 0.0)], [0.999973, -8.29026e-05, 0.00732997, 0.0)], [-0.00726842, 0.118586, 0.992917, 0.0)], [0.0, 0.0, 0.0, 1.0)]])
0.0, 0.0, 0.0
float3(-0.118866, -0.00732013, -1.57088)
5737.163839625
limited(__ObjC.ARCamera.TrackingState.Reason.initializing)
simd_float4x4([[-0.00552272, -0.993038, 0.117661, 0.0)], [0.999975, -0.00495329, 0.00513149, 0.0)], [-0.00451296, 0.117686, 0.993041, 0.0)], [0.0, 0.0, 0.0, 1.0)]])
0.0, 0.0, 0.0
float3(-0.117959, -0.00454456, -1.57578)
5737.297158041
limited(__ObjC.ARCamera.TrackingState.Reason.initializing)
simd_float4x4([[-0.00383152, -0.993206, 0.116308, 0.0)], [0.999987, -0.003422, 0.00372045, 0.0)], [-0.00329716, 0.116321, 0.993206, 0.0)], [0.0, 0.0, 0.0, 1.0)]])
0.0, 0.0, 0.0
float3(-0.116585, -0.0033197, -1.57424)
5737.430476541
limited(__ObjC.ARCamera.TrackingState.Reason.initializing)
simd_float4x4([[-0.00476634, -0.993548, 0.113312, 0.0)], [0.999988, -0.0048033, -5.31919e-05, 0.0)], [0.000597122, 0.113311, 0.993559, 0.0)], [0.0, 0.0, 0.0, 1.0)]])
0.0, 0.0, 0.0
float3(-0.113555, 0.000600993, -1.57563)
5737.563795125
limited(__ObjC.ARCamera.TrackingState.Reason.initializing)
simd_float4x4([[-0.00129523, -0.993879, 0.110468, 0.0)], [0.999999, -0.00131761, -0.000129586, 0.0)], [0.000274346, 0.110468, 0.99388, 0.0)], [0.0, 0.0, 0.0, 1.0)]])
0.0, 0.0, 0.0
float3(-0.110694, 0.000276036, -1.57212)
5737.697113625
limited(__ObjC.ARCamera.TrackingState.Reason.initializing)
simd_float4x4([[-0.00190267, -0.99417, 0.10781, 0.0)], [0.999998, -0.00184905, 0.000597298, 0.0)], [-0.000394469, 0.107811, 0.994171, 0.0)], [0.0, 0.0, 0.0, 1.0)]])
0.0, 0.0, 0.0
float3(-0.108021, -0.000396782, -1.57266)
5737.830432041
limited(__ObjC.ARCamera.TrackingState.Reason.initializing)
simd_float4x4([[-0.00117198, -0.994207, 0.107477, 0.0)], [0.999993, -0.000783093, 0.00366051, 0.0)], [-0.00355514, 0.10748, 0.994201, 0.0)], [0.0, 0.0, 0.0, 1.0)]])
0.0, 0.0, 0.0
float3(-0.107688, -0.00357587, -1.57158)
5737.963750583
limited(__ObjC.ARCamera.TrackingState.Reason.initializing)
simd_float4x4([[0.000378502, -0.994008, 0.109304, 0.0)], [0.999992, 0.000803656, 0.00384562, 0.0)], [-0.00391042, 0.109302, 0.994001, 0.0)], [0.0, 0.0, 0.0, 1.0)]])
0.0, 0.0, 0.0
float3(-0.109521, -0.003934, -1.56999)
5738.097068833
limited(__ObjC.ARCamera.TrackingState.Reason.initializing)
simd_float4x4([[0.00459425, -0.993921, 0.109999, 0.0)], [0.999982, 0.00498337, 0.0032629, 0.0)], [-0.00379123, 0.109982, 0.993926, 0.0)], [0.0, 0.0, 0.0, 1.0)]])
0.0, 0.0, 0.0
float3(-0.110205, -0.00381438, -1.56578)
5738.23038725
limited(__ObjC.ARCamera.TrackingState.Reason.initializing)
simd_float4x4([[0.00672447, -0.993535, 0.113323, 0.0)], [0.999951, 0.00750048, 0.00642285, 0.0)], [-0.0072313, 0.113274, 0.993537, 0.0)], [0.0, 0.0, 0.0, 1.0)]])
0.0, 0.0, 0.0
float3(-0.113517, -0.00727821, -1.56325)
5738.363705791
limited(__ObjC.ARCamera.TrackingState.Reason.initializing)
simd_float4x4([[0.00529034, -0.992584, 0.121444, 0.0)], [0.999954, 0.00622719, 0.00733606, 0.0)], [-0.00803791, 0.121399, 0.992571, 0.0)], [0.0, 0.0, 0.0, 1.0)]])
0.0, 0.0, 0.0
float3(-0.121699, -0.00809789, -1.56452)
5738.497024291
limited(__ObjC.ARCamera.TrackingState.Reason.initializing)
simd_float4x4([[0.00941637, -0.9932, 0.116037, 0.0)], [0.999941, 0.00997585, 0.00424173, 0.0)], [-0.00537045, 0.11599, 0.993236, 0.0)], [0.0, 0.0, 0.0, 1.0)]])
0.0, 0.0, 0.0
float3(-0.116252, -0.00540697, -1.56075)
5738.630342875
limited(__ObjC.ARCamera.TrackingState.Reason.initializing)
simd_float4x4([[0.010052, -0.993539, 0.113042, 0.0)], [0.999949, 0.00987098, -0.00216082, 0.0)], [0.00103102, 0.113058, 0.993588, 0.0)], [0.0, 0.0, 0.0, 1.0)]])
0.0, 0.0, 0.0
float3(-0.113301, 0.00103768, -1.56086)
5738.763661291
limited(__ObjC.ARCamera.TrackingState.Reason.initializing)
simd_float4x4([[0.00830818, -0.993926, 0.109734, 0.0)], [0.999948, 0.00761147, -0.00676649, 0.0)], [0.00589016, 0.109784, 0.993938, 0.0)], [0.0, 0.0, 0.0, 1.0)]])
0.0, 0.0, 0.0
float3(-0.110006, 0.00592602, -1.56314)
5738.896979875
limited(__ObjC.ARCamera.TrackingState.Reason.initializing)
simd_float4x4([[0.0106666, -0.993999, 0.108867, 0.0)], [0.99992, 0.00986451, -0.00790353, 0.0)], [0.00678218, 0.108943, 0.994025, 0.0)], [0.0, 0.0, 0.0, 1.0)]])
0.0, 0.0, 0.0
float3(-0.109159, 0.00682284, -1.56087)
5739.030298208
limited(__ObjC.ARCamera.TrackingState.Reason.initializing)
simd_float4x4([[0.00828529, -0.99399, 0.109151, 0.0)], [0.999932, 0.0073355, -0.00910037, 0.0)], [0.00824501, 0.109219, 0.993983, 0.0)], [0.0, 0.0, 0.0, 1.0)]])
0.0, 0.0, 0.0
float3(-0.109437, 0.00829473, -1.56342)
5739.163616708
limited(__ObjC.ARCamera.TrackingState.Reason.initializing)
simd_float4x4([[0.00475957, -0.993815, 0.110947, 0.0)], [0.999969, 0.00402585, -0.00683629, 0.0)], [0.00634735, 0.110976, 0.993803, 0.0)], [0.0, 0.0, 0.0, 1.0)]])
0.0, 0.0, 0.0
float3(-0.111205, 0.00638685, -1.56675)
5739.29693525
limited(__ObjC.ARCamera.TrackingState.Reason.initializing)
simd_float4x4([[0.00555774, -0.993759, 0.11141, 0.0)], [0.999974, 0.00501924, -0.00511339, 0.0)], [0.00452228, 0.111436, 0.993761, 0.0)], [0.0, 0.0, 0.0, 1.0)]])
0.0, 0.0, 0.0
float3(-0.111668, 0.00455064, -1.56575)
5739.43025375
normal
simd_float4x4([[0.00736512, -0.994161, 0.107659, 0.0)], [0.999969, 0.00700317, -0.00373967, 0.0)], [0.00296387, 0.107683, 0.994181, 0.0)], [0.000116658, -0.000252239, -5.93513e-05, 1.0)]])
0.000116658, -0.000252239, -5.93513e-05
float3(-0.107892, 0.00298121, -1.56375)
5739.563572125
normal
simd_float4x4([[0.00558583, -0.994116, 0.108176, 0.0)], [0.999984, 0.00544314, -0.00161429, 0.0)], [0.00101598, 0.108183, 0.994131, 0.0)], [0.00110347, -0.000418972, 0.000409828, 1.0)]])
0.00110347, -0.000418972, 0.000409828
float3(-0.108395, 0.00102198, -1.56532)
5739.696890666
normal
simd_float4x4([[0.00960587, -0.991753, 0.127802, 0.0)], [0.999947, 0.00999065, 0.00237007, 0.0)], [-0.00362736, 0.127773, 0.991797, 0.0)], [0.000487247, -0.0084708, -0.00139648, 1.0)]])
0.000487247, -0.0084708, -0.00139648
float3(-0.128123, -0.00365735, -1.56072)
5739.830209041
normal
simd_float4x4([[0.0488782, -0.974957, 0.216958, 0.0)], [0.995264, 0.0658171, 0.0715444, 0.0)], [-0.0840322, 0.212433, 0.973556, 0.0)], [-0.00991833, -0.0491622, -0.0207116, 1.0)]])
-0.00991833, -0.0491622, -0.0207116
float3(-0.214065, -0.0861014, -1.50339)
5739.963527458
normal
simd_float4x4([[0.101067, -0.94268, 0.318026, 0.0)], [0.984983, 0.139787, 0.101331, 0.0)], [-0.139979, 0.303009, 0.942652, 0.0)], [-0.0225468, -0.101717, -0.0309505, 1.0)]])
-0.0225468, -0.101717, -0.0309505
float3(-0.307848, -0.147417, -1.42358)
5740.096846
normal
simd_float4x4([[0.1345, -0.930585, 0.340472, 0.0)], [0.980554, 0.174545, 0.0897104, 0.0)], [-0.142911, 0.321785, 0.935965, 0.0)], [-0.0243829, -0.133425, -0.0215024, 1.0)]])
-0.0243829, -0.133425, -0.0215024
float3(-0.327614, -0.151518, -1.38539)
5740.230164458
normal
simd_float4x4([[0.132193, -0.942151, 0.308021, 0.0)], [0.982329, 0.166058, 0.0863383, 0.0)], [-0.132493, 0.291165, 0.947454, 0.0)], [-0.0138542, -0.137592, -0.00538412, 1.0)]])
-0.0138542, -0.137592, -0.00538412
float3(-0.295444, -0.13894, -1.39633)
5740.363482958
normal
simd_float4x4([[0.107053, -0.950618, 0.291317, 0.0)], [0.984563, 0.142166, 0.102103, 0.0)], [-0.138476, 0.27589, 0.951162, 0.0)], [-0.00590477, -0.132025, 0.00168807, 1.0)]])
-0.00590477, -0.132025, 0.00168807
float3(-0.279515, -0.144571, -1.42235)
5740.496801625
normal
simd_float4x4([[0.0935774, -0.953625, 0.286083, 0.0)], [0.984622, 0.131219, 0.115335, 0.0)], [-0.147526, 0.270891, 0.951238, 0.0)], [-0.00419105, -0.123374, -0.00142201, 1.0)]])
-0.00419105, -0.123374, -0.00142201
float3(-0.274318, -0.153863, -1.43405)
5740.630120125
normal
simd_float4x4([[0.0968136, -0.960698, 0.260165, 0.0)], [0.983697, 0.13216, 0.121962, 0.0)], [-0.151552, 0.244116, 0.957831, 0.0)], [-0.00533044, -0.109127, -1.52317e-05, 1.0)]])
-0.00533044, -0.109127, -1.52317e-05
float3(-0.246608, -0.156923, -1.43409)
5740.763438375
normal
simd_float4x4([[0.112709, -0.97091, 0.211259, 0.0)], [0.98153, 0.141869, 0.128345, 0.0)], [-0.154583, 0.192891, 0.968967, 0.0)], [-0.00741759, -0.0876695, 0.00520571, 1.0)]])
-0.00741759, -0.0876695, 0.00520571
float3(-0.194108, -0.1582, -1.4257)
5740.896756916
normal
simd_float4x4([[0.0735621, -0.979646, 0.186768, 0.0)], [0.988028, 0.0970547, 0.119923, 0.0)], [-0.135609, 0.17571, 0.975057, 0.0)], [0.00147169, -0.0675455, 0.00429695, 1.0)]])
0.00147169, -0.0675455, 0.00429695
float3(-0.176627, -0.138192, -1.47205)
5741.030075416
normal
simd_float4x4([[0.0219031, -0.980499, 0.195298, 0.0)], [0.992148, 0.045377, 0.116545, 0.0)], [-0.123134, 0.191212, 0.973795, 0.0)], [0.00580871, -0.0405972, 0.00859683, 1.0)]])
0.00580871, -0.0405972, 0.00859683
float3(-0.192396, -0.12578, -1.52455)
5741.163393875
normal
simd_float4x4([[0.00944261, -0.982404, 0.18653, 0.0)], [0.994755, 0.0282293, 0.0983193, 0.0)], [-0.101855, 0.184624, 0.977517, 0.0)], [0.00418621, -0.0220809, 0.0164846, 1.0)]])
0.00418621, -0.0220809, 0.0164846
float3(-0.185689, -0.103823, -1.54207)
5741.296712458
normal
simd_float4x4([[0.0122169, -0.984574, 0.174543, 0.0)], [0.994413, 0.0302666, 0.101127, 0.0)], [-0.10485, 0.172332, 0.979443, 0.0)], [-0.001469, -0.0238781, 0.0178308, 1.0)]])
-0.001469, -0.0238781, 0.0178308
float3(-0.173197, -0.106645, -1.54007)
5741.430031
normal
simd_float4x4([[0.00959583, -0.981632, 0.190542, 0.0)], [0.992554, 0.0324902, 0.117397, 0.0)], [-0.121431, 0.187997, 0.974634, 0.0)], [-0.0295187, -0.0341995, 0.0107956, 1.0)]])
-0.0295187, -0.0341995, 0.0107956
float3(-0.189122, -0.123953, -1.53771)
5741.56334925
normal
simd_float4x4([[0.000154613, -0.976431, 0.215828, 0.0)], [0.991597, 0.0280708, 0.126285, 0.0)], [-0.129367, 0.213995, 0.968231, 0.0)], [-0.0202944, -0.0355772, 0.00612871, 1.0)]])
-0.0202944, -0.0355772, 0.00612871
float3(-0.215663, -0.132825, -1.54206)
5741.696667875
normal
simd_float4x4([[-0.000808412, -0.969066, 0.2468, 0.0)], [0.989707, 0.0345441, 0.13888, 0.0)], [-0.143109, 0.244372, 0.959063, 0.0)], [-0.0333376, -0.0425568, -0.0129252, 1.0)]])
-0.0333376, -0.0425568, -0.0129252
float3(-0.246872, -0.148125, -1.53516)
5741.829986291
normal
simd_float4x4([[0.0186263, -0.969766, 0.243325, 0.0)], [0.991349, 0.0495373, 0.121543, 0.0)], [-0.129922, 0.238956, 0.9623, 0.0)], [-0.0431181, -0.0441577, -0.00534787, 1.0)]])
-0.0431181, -0.0441577, -0.00534787
float3(-0.241291, -0.1342, -1.51976)
5741.963304833
normal
simd_float4x4([[0.0492373, -0.971274, 0.232816, 0.0)], [0.993023, 0.0726121, 0.0929166, 0.0)], [-0.107153, 0.226617, 0.968072, 0.0)], [-0.0688232, -0.0476276, -0.0354604, 1.0)]])
-0.0688232, -0.0476276, -0.0354604
float3(-0.228603, -0.110238, -1.49618)
5742.096623416
normal
simd_float4x4([[0.0585297, -0.970402, 0.234294, 0.0)], [0.996574, 0.0705359, 0.0431897, 0.0)], [-0.0584375, 0.230963, 0.971206, 0.0)], [-0.0344251, -0.0612495, -0.0771693, 1.0)]])
-0.0344251, -0.0612495, -0.0771693
float3(-0.233068, -0.0600976, -1.49824)
5742.229941875
normal
simd_float4x4([[0.102661, -0.972599, 0.208594, 0.0)], [0.994447, 0.10523, 0.00122485, 0.0)], [-0.0231416, 0.20731, 0.978002, 0.0)], [-0.0264388, -0.0742291, -0.147252, 1.0)]])
-0.0264388, -0.0742291, -0.147252
float3(-0.208824, -0.0236577, -1.46302)
5742.363260458
normal
simd_float4x4([[0.127627, -0.979977, 0.152826, 0.0)], [0.991583, 0.122691, -0.0413472, 0.0)], [0.021769, 0.156817, 0.987388, 0.0)], [-0.00657922, -0.0807249, -0.23478, 1.0)]])
-0.00657922, -0.0807249, -0.23478
float3(-0.157467, 0.0220435, -1.44625)
5742.496578833
normal
simd_float4x4([[0.125648, -0.980654, 0.150103, 0.0)], [0.99004, 0.114259, -0.0822575, 0.0)], [0.0635154, 0.158944, 0.985242, 0.0)], [0.0268844, -0.0556475, -0.324328, 1.0)]])
0.0268844, -0.0556475, -0.324328
float3(-0.159621, 0.0643777, -1.45481)
5742.629897375
normal
simd_float4x4([[0.0997296, -0.985635, 0.136303, 0.0)], [0.99142, 0.0867991, -0.0977363, 0.0)], [0.0845014, 0.14488, 0.985834, 0.0)], [0.0303762, -0.0426652, -0.407525, 1.0)]])
0.0303762, -0.0426652, -0.407525
float3(-0.145392, 0.0855066, -1.48296)
5742.763215875
normal
simd_float4x4([[0.0935147, -0.983072, 0.157559, 0.0)], [0.988853, 0.0732923, -0.129607, 0.0)], [0.115865, 0.167922, 0.978968, 0.0)], [0.0163108, -0.0428185, -0.477024, 1.0)]])
0.0163108, -0.0428185, -0.477024
float3(-0.168722, 0.117806, -1.49638)
5742.896534375
normal
simd_float4x4([[0.103983, -0.980909, 0.16433, 0.0)], [0.986269, 0.0803817, -0.144269, 0.0)], [0.128306, 0.177075, 0.975798, 0.0)], [-0.0145505, -0.0505509, -0.535617, 1.0)]])
-0.0145505, -0.0505509, -0.535617
float3(-0.178013, 0.130738, -1.48903)
5743.029852875
normal
simd_float4x4([[0.127957, -0.982996, 0.131703, 0.0)], [0.98562, 0.111258, -0.127183, 0.0)], [0.110368, 0.146083, 0.983097, 0.0)], [-0.0519548, -0.0647451, -0.591213, 1.0)]])
-0.0519548, -0.0647451, -0.591213
float3(-0.146608, 0.111797, -1.45809)
5743.163171375
normal
simd_float4x4([[0.124549, -0.98807, 0.0905845, 0.0)], [0.991835, 0.12146, -0.0388678, 0.0)], [0.0274017, 0.0946858, 0.99513, 0.0)], [-0.0922959, -0.0614737, -0.660471, 1.0)]])
-0.0922959, -0.0614737, -0.660471
float3(-0.0948279, 0.0275289, -1.44848)
5743.296489958
normal
simd_float4x4([[0.0810238, -0.990963, 0.106903, 0.0)], [0.995808, 0.085051, 0.0336594, 0.0)], [-0.0424475, 0.103728, 0.9937, 0.0)], [-0.121147, -0.0413707, -0.735523, 1.0)]])
-0.121147, -0.0413707, -0.735523
float3(-0.103915, -0.0426907, -1.48518)
5743.429808291
normal
simd_float4x4([[0.0386232, -0.988256, 0.147847, 0.0)], [0.99382, 0.0533992, 0.0973144, 0.0)], [-0.104066, 0.143174, 0.984211, 0.0)], [-0.136031, -0.0428322, -0.806658, 1.0)]])
-0.136031, -0.0428322, -0.806658
float3(-0.143668, -0.105344, -1.51681)
5743.563126833
normal
simd_float4x4([[0.0573903, -0.983649, 0.170707, 0.0)], [0.982186, 0.0862759, 0.166937, 0.0)], [-0.178935, 0.158086, 0.971078, 0.0)], [-0.150728, -0.0577577, -0.878724, 1.0)]])
-0.150728, -0.0577577, -0.878724
float3(-0.158752, -0.182221, -1.48331)
5743.696445416
normal
simd_float4x4([[0.0425058, -0.987065, 0.154581, 0.0)], [0.975677, 0.0743127, 0.206233, 0.0)], [-0.215053, 0.142055, 0.966216, 0.0)], [-0.156955, -0.0733521, -0.957606, 1.0)]])
-0.156955, -0.0733521, -0.957606
float3(-0.142537, -0.219002, -1.49565)
5743.829763916
normal
simd_float4x4([[0.0300123, -0.991612, 0.12572, 0.0)], [0.974729, 0.05689, 0.216027, 0.0)], [-0.221367, 0.11606, 0.96826, 0.0)], [-0.160103, -0.0826046, -1.05655, 1.0)]])
-0.160103, -0.0826046, -1.05655
float3(-0.116322, -0.22476, -1.51349)
5743.963082333
normal
simd_float4x4([[0.0179028, -0.991588, 0.128191, 0.0)], [0.974546, 0.0459624, 0.219428, 0.0)], [-0.223474, 0.121, 0.96717, 0.0)], [-0.163468, -0.0721641, -1.17393, 1.0)]])
-0.163468, -0.0721641, -1.17393
float3(-0.121297, -0.227075, -1.52448)
5744.096401
normal
simd_float4x4([[0.023647, -0.987951, 0.152952, 0.0)], [0.969423, 0.0600404, 0.237938, 0.0)], [-0.244255, 0.142648, 0.959162, 0.0)], [-0.171332, -0.0645741, -1.27845, 1.0)]])
-0.171332, -0.0645741, -1.27845
float3(-0.143136, -0.249354, -1.5101)
5744.229719333
normal
simd_float4x4([[0.0242546, -0.986498, 0.161967, 0.0)], [0.961515, 0.067373, 0.266365, 0.0)], [-0.273681, 0.149273, 0.950167, 0.0)], [-0.178992, -0.066339, -1.37075, 1.0)]])
-0.178992, -0.066339, -1.37075
float3(-0.149833, -0.280443, -1.50261)
5744.36303775
normal
simd_float4x4([[-0.0406208, -0.982209, 0.183344, 0.0)], [0.952065, 0.017631, 0.305388, 0.0)], [-0.303188, 0.18696, 0.934411, 0.0)], [-0.175479, -0.0736381, -1.48235, 1.0)]])
-0.175479, -0.0736381, -1.48235
float3(-0.188067, -0.313752, -1.55285)
5744.496356375
normal
simd_float4x4([[-0.0532032, -0.986877, 0.15246, 0.0)], [0.946238, -0.00104, 0.323471, 0.0)], [-0.319068, 0.161473, 0.933875, 0.0)], [-0.194989, -0.065973, -1.59105, 1.0)]])
-0.194989, -0.065973, -1.59105
float3(-0.162183, -0.329226, -1.57185)
5744.629674958
normal
simd_float4x4([[-0.063691, -0.989143, 0.132437, 0.0)], [0.951293, -0.0200643, 0.307636, 0.0)], [-0.301638, 0.14558, 0.942243, 0.0)], [-0.218511, -0.0458877, -1.69574, 1.0)]])
-0.218511, -0.0458877, -1.69574
float3(-0.146099, -0.309819, -1.59108)
5744.762993458
normal
simd_float4x4([[-0.0240954, -0.988808, 0.147232, 0.0)], [0.953105, 0.0217212, 0.301861, 0.0)], [-0.30168, 0.147601, 0.941915, 0.0)], [-0.241205, -0.0421523, -1.79707, 1.0)]])
-0.241205, -0.0421523, -1.79707
float3(-0.148142, -0.309961, -1.54883)
5744.896312
normal
simd_float4x4([[-0.0111972, -0.992355, 0.122909, 0.0)], [0.961113, 0.0232374, 0.275175, 0.0)], [-0.275927, 0.121211, 0.953505, 0.0)], [-0.258876, -0.0479087, -1.90011, 1.0)]])
-0.258876, -0.0479087, -1.90011
float3(-0.12151, -0.281687, -1.54738)
5745.0296305
normal
simd_float4x4([[0.000258204, -0.993759, 0.111547, 0.0)], [0.969334, 0.0276611, 0.244186, 0.0)], [-0.245747, 0.108063, 0.963292, 0.0)], [-0.274631, -0.0613431, -2.01618, 1.0)]])
-0.274631, -0.0613431, -2.01618
float3(-0.108275, -0.249784, -1.54297)
5745.162948833
normal
simd_float4x4([[0.0116565, -0.996765, 0.0795147, 0.0)], [0.973767, 0.0293878, 0.225644, 0.0)], [-0.227251, 0.0747985, 0.97096, 0.0)], [-0.281482, -0.0570229, -2.1358, 1.0)]])
-0.281482, -0.0570229, -2.1358
float3(-0.0748684, -0.22991, -1.54132)
5745.29626725
normal
simd_float4x4([[-0.0261582, -0.99358, 0.110065, 0.0)], [0.976169, -0.00166054, 0.217006, 0.0)], [-0.215431, 0.113119, 0.969945, 0.0)], [-0.275972, -0.0500065, -2.25417, 1.0)]])
-0.275972, -0.0500065, -2.25417
float3(-0.113362, -0.218558, -1.57247)
5745.429585916
normal
simd_float4x4([[-0.0360223, -0.989078, 0.142921, 0.0)], [0.976977, -0.00476089, 0.213293, 0.0)], [-0.210283, 0.147314, 0.966478, 0.0)], [-0.2748, -0.0579725, -2.36269, 1.0)]])
-0.2748, -0.0579725, -2.36269
float3(-0.147852, -0.214238, -1.57561)
5745.562904458
normal
simd_float4x4([[-0.0124721, -0.99064, 0.135932, 0.0)], [0.97206, 0.0198559, 0.233893, 0.0)], [-0.234403, 0.135051, 0.962713, 0.0)], [-0.281129, -0.0753584, -2.46688, 1.0)]])
-0.281129, -0.0753584, -2.46688
float3(-0.135465, -0.238835, -1.55076)
5745.696222875
normal
simd_float4x4([[-0.00658615, -0.989001, 0.147764, 0.0)], [0.959368, 0.035434, 0.279924, 0.0)], [-0.282081, 0.143604, 0.948582, 0.0)], [-0.285789, -0.0847794, -2.5767, 1.0)]])
-0.285789, -0.0847794, -2.5767
float3(-0.144102, -0.289043, -1.53498)
5745.829541416
normal
simd_float4x4([[-0.0163749, -0.983264, 0.181451, 0.0)], [0.949015, 0.041853, 0.31244, 0.0)], [-0.314805, 0.177316, 0.932447, 0.0)], [-0.280903, -0.0790155, -2.67219, 1.0)]])
-0.280903, -0.0790155, -2.67219
float3(-0.178258, -0.325596, -1.52826)
5745.962859833
normal
simd_float4x4([[-0.00703974, -0.982926, 0.183865, 0.0)], [0.942032, 0.0551615, 0.330958, 0.0)], [-0.335449, 0.175536, 0.92556, 0.0)], [-0.270217, -0.0735898, -2.74426, 1.0)]])
-0.270217, -0.0735898, -2.74426
float3(-0.17645, -0.347704, -1.51474)
5746.096178291
normal
simd_float4x4([[0.00727857, -0.990561, 0.136876, 0.0)], [0.959892, 0.0452863, 0.27669, 0.0)], [-0.280277, 0.129372, 0.951161, 0.0)], [-0.258618, -0.0826553, -2.81906, 1.0)]])
-0.258618, -0.0826553, -2.81906
float3(-0.129736, -0.286558, -1.52511)
5746.229496791
normal
simd_float4x4([[0.0471042, -0.995238, 0.0853338, 0.0)], [0.977798, 0.0634037, 0.199727, 0.0)], [-0.204186, 0.0740313, 0.976129, 0.0)], [-0.25204, -0.0934343, -2.90063, 1.0)]])
-0.25204, -0.0934343, -2.90063
float3(-0.0740991, -0.206206, -1.50718)
5746.362815375
normal
simd_float4x4([[0.0181672, -0.991614, 0.127954, 0.0)], [0.995968, 0.0291924, 0.084825, 0.0)], [-0.0878489, 0.125897, 0.988146, 0.0)], [-0.249772, -0.0940854, -3.00421, 1.0)]])
-0.249772, -0.0940854, -3.00421
float3(-0.126232, -0.0886696, -1.54137)
5746.496133916
normal
simd_float4x4([[0.0389801, -0.981762, 0.186077, 0.0)], [0.999237, 0.0378534, -0.00960518, 0.0)], [0.00238635, 0.186309, 0.982488, 0.0)], [-0.285899, -0.103025, -3.1011, 1.0)]])
-0.285899, -0.103025, -3.1011
float3(-0.187404, 0.00242888, -1.53226)
5746.629452333
normal
simd_float4x4([[0.0835105, -0.981764, 0.170781, 0.0)], [0.992631, 0.0668543, -0.101065, 0.0)], [0.0878043, 0.177963, 0.980112, 0.0)], [-0.350987, -0.117692, -3.18383, 1.0)]])
-0.350987, -0.117692, -3.18383
float3(-0.178916, 0.0893474, -1.50281)
5746.762770833
normal
simd_float4x4([[0.0889593, -0.986881, 0.13473, 0.0)], [0.985819, 0.0679136, -0.153456, 0.0)], [0.142292, 0.146471, 0.978928, 0.0)], [-0.433047, -0.125094, -3.26718, 1.0)]])
-0.433047, -0.125094, -3.26718
float3(-0.147, 0.144344, -1.50209)
5746.89608925
limited(__ObjC.ARCamera.TrackingState.Reason.insufficientFeatures)
simd_float4x4([[0.0738637, -0.992522, 0.0971825, 0.0)], [0.978058, 0.0530614, -0.201461, 0.0)], [0.194798, 0.109931, 0.974664, 0.0)], [-0.532741, -0.114158, -3.34756, 1.0)]])
-0.532741, -0.114158, -3.34756
float3(-0.110153, 0.197262, -1.51739)
5747.029407791
limited(__ObjC.ARCamera.TrackingState.Reason.insufficientFeatures)
simd_float4x4([[0.0814655, -0.987067, 0.138063, 0.0)], [0.946099, 0.0330187, -0.322191, 0.0)], [0.313465, 0.156869, 0.936553, 0.0)], [-0.640832, -0.10258, -3.42005, 1.0)]])
-0.640832, -0.10258, -3.42005
float3(-0.157519, 0.322981, -1.53736)
5747.162726291
limited(__ObjC.ARCamera.TrackingState.Reason.insufficientFeatures)
simd_float4x4([[0.0935562, -0.989292, 0.11202, 0.0)], [0.904387, 0.0373949, -0.425071, 0.0)], [0.416331, 0.141077, 0.898202, 0.0)], [-0.756196, -0.101575, -3.47823, 1.0)]])
-0.756196, -0.101575, -3.47823
float3(-0.14155, 0.434037, -1.53301)
5747.29604475
limited(__ObjC.ARCamera.TrackingState.Reason.insufficientFeatures)
simd_float4x4([[0.0919083, -0.987255, 0.129923, 0.0)], [0.846964, 0.00889219, -0.531576, 0.0)], [0.523646, 0.158897, 0.836987, 0.0)], [-0.884542, -0.120378, -3.54705, 1.0)]])
-0.884542, -0.120378, -3.54705
float3(-0.159573, 0.559053, -1.56179)
5747.429363208
limited(__ObjC.ARCamera.TrackingState.Reason.insufficientFeatures)
simd_float4x4([[0.101669, -0.991802, 0.0774085, 0.0)], [0.775586, 0.0302944, -0.630515, 0.0)], [0.623001, 0.124141, 0.772308, 0.0)], [-1.01398, -0.130477, -3.60074, 1.0)]])
-1.01398, -0.130477, -3.60074
float3(-0.124462, 0.678797, -1.54026)
5747.562681708
limited(__ObjC.ARCamera.TrackingState.Reason.insufficientFeatures)
simd_float4x4([[0.122128, -0.977509, 0.171932, 0.0)], [0.709141, -0.0352588, -0.704184, 0.0)], [0.694409, 0.207925, 0.688886, 0.0)], [-1.1495, -0.124758, -3.6598, 1.0)]])
-1.1495, -0.124758, -3.6598
float3(-0.209453, 0.78939, -1.60685)
5747.696000291
limited(__ObjC.ARCamera.TrackingState.Reason.insufficientFeatures)
simd_float4x4([[0.184589, -0.973509, 0.134935, 0.0)], [0.630098, 0.0118561, -0.776426, 0.0)], [0.754257, 0.228342, 0.615594, 0.0)], [-1.27366, -0.130288, -3.73226, 1.0)]])
-1.27366, -0.130288, -3.73226
float3(-0.230375, 0.88628, -1.55862)
5747.829318583
limited(__ObjC.ARCamera.TrackingState.Reason.insufficientFeatures)
simd_float4x4([[0.192681, -0.974884, 0.111694, 0.0)], [0.597314, 0.0262184, -0.801579, 0.0)], [0.778518, 0.221166, 0.587363, 0.0)], [-1.41111, -0.137923, -3.76257, 1.0)]])
-1.41111, -0.137923, -3.76257
float3(-0.223009, 0.924445, -1.54391)
5747.962637208
limited(__ObjC.ARCamera.TrackingState.Reason.insufficientFeatures)
simd_float4x4([[0.175419, -0.981335, 0.0788036, 0.0)], [0.600057, 0.0431181, -0.798795, 0.0)], [0.780487, 0.18741, 0.596421, 0.0)], [-1.55507, -0.124867, -3.78536, 1.0)]])
-1.55507, -0.124867, -3.78536
float3(-0.188525, 0.918291, -1.52689)
5748.095955708
limited(__ObjC.ARCamera.TrackingState.Reason.insufficientFeatures)
simd_float4x4([[0.204455, -0.973809, 0.0994661, 0.0)], [0.58769, 0.0408521, -0.808054, 0.0)], [0.782827, 0.223666, 0.58065, 0.0)], [-1.67488, -0.0930274, -3.82055, 1.0)]])
-1.67488, -0.0930274, -3.82055
float3(-0.225574, 0.932606, -1.52887)
5748.229274166
limited(__ObjC.ARCamera.TrackingState.Reason.excessiveMotion)
simd_float4x4([[0.215801, -0.975024, 0.0525207, 0.0)], [0.573675, 0.0830776, -0.814859, 0.0)], [0.790144, 0.205977, 0.577275, 0.0)], [-1.77828, -0.0685679, -3.84121, 1.0)]])
-1.77828, -0.0685679, -3.84121
float3(-0.207462, 0.939831, -1.4858)
5748.362592583
limited(__ObjC.ARCamera.TrackingState.Reason.insufficientFeatures)
simd_float4x4([[0.173233, -0.984256, 0.0350751, 0.0)], [0.524768, 0.0621067, -0.848977, 0.0)], [0.833432, 0.165477, 0.527265, 0.0)], [-1.89797, -0.071488, -3.87238, 1.0)]])
-1.89797, -0.071488, -3.87238
float3(-0.166241, 1.00672, -1.50778)
5748.495911083
limited(__ObjC.ARCamera.TrackingState.Reason.excessiveMotion)
simd_float4x4([[0.154114, -0.987104, 0.0432904, 0.0)], [0.497317, 0.0396367, -0.866663, 0.0)], [0.853771, 0.155094, 0.497013, 0.0)], [-2.06136, -0.0904332, -3.9398, 1.0)]])
-2.06136, -0.0904332, -3.9398
float3(-0.155723, 1.04361, -1.53066)
5748.629229541
limited(__ObjC.ARCamera.TrackingState.Reason.excessiveMotion)
simd_float4x4([[0.151744, -0.986713, 0.0580609, 0.0)], [0.499746, 0.0259098, -0.865784, 0.0)], [0.852776, 0.160394, 0.497038, 0.0)], [-2.24307, -0.0887077, -4.00412, 1.0)]])
-2.24307, -0.0887077, -4.00412
float3(-0.161089, 1.04308, -1.54454)
5748.762548
limited(__ObjC.ARCamera.TrackingState.Reason.insufficientFeatures)
simd_float4x4([[0.224423, -0.968341, 0.109317, 0.0)], [0.455489, 0.00506566, -0.890227, 0.0)], [0.86149, 0.24958, 0.442206, 0.0)], [-2.38773, -0.0952621, -4.0511, 1.0)]])
-2.38773, -0.0952621, -4.0511
float3(-0.252246, 1.09656, -1.56557)
5748.895866541
limited(__ObjC.ARCamera.TrackingState.Reason.insufficientFeatures)
simd_float4x4([[0.229321, -0.968532, 0.0967377, 0.0)], [0.466489, 0.0221319, -0.88425, 0.0)], [0.854283, 0.247904, 0.456885, 0.0)], [-2.5045, -0.10555, -4.09362, 1.0)]])
-2.5045, -0.10555, -4.09362
float3(-0.250516, 1.07968, -1.54795)
5749.029184958
normal
simd_float4x4([[0.193206, -0.977563, 0.0839155, 0.0)], [0.490812, 0.0222382, -0.870982, 0.0)], [0.849573, 0.209466, 0.484096, 0.0)], [-2.60804, -0.0991781, -4.11872, 1.0)]])
-2.60804, -0.0991781, -4.11872
float3(-0.211029, 1.05287, -1.54805)
5749.162503416
normal
simd_float4x4([[0.206366, -0.97108, 0.120069, 0.0)], [0.51277, 0.0028178, -0.858521, 0.0)], [0.833354, 0.238738, 0.498523, 0.0)], [-2.68618, -0.0876329, -4.15319, 1.0)]])
-2.68618, -0.0876329, -4.15319
float3(-0.241066, 1.03169, -1.56789)
5749.295821875
normal
simd_float4x4([[0.242947, -0.962901, 0.117465, 0.0)], [0.523571, 0.0282237, -0.851515, 0.0)], [0.816609, 0.268374, 0.511004, 0.0)], [-2.72472, -0.0890926, -4.17177, 1.0)]])
-2.72472, -0.0890926, -4.17177
float3(-0.271704, 1.01165, -1.54149)
5749.429140375
normal
simd_float4x4([[0.217679, -0.970159, 0.106806, 0.0)], [0.526829, 0.0246719, -0.849613, 0.0)], [0.821625, 0.241211, 0.516478, 0.0)], [-2.8275, -0.105626, -4.20908, 1.0)]])
-2.8275, -0.105626, -4.20908
float3(-0.243614, 1.00961, -1.54537)
5749.562458708
normal
simd_float4x4([[0.170238, -0.983233, 0.0653644, 0.0)], [0.515114, 0.0322471, -0.856515, 0.0)], [0.840045, 0.179481, 0.511967, 0.0)], [-2.93764, -0.109105, -4.25, 1.0)]])
-2.93764, -0.109105, -4.25
float3(-0.180459, 1.02346, -1.53801)
5749.69577725
normal
simd_float4x4([[0.115677, -0.992898, 0.0277777, 0.0)], [0.508867, 0.0352219, -0.860124, 0.0)], [0.853038, 0.113631, 0.509328, 0.0)], [-3.05287, -0.0904364, -4.2878, 1.0)]])
-3.05287, -0.0904364, -4.2878
float3(-0.113877, 1.03253, -1.53534)
5749.829095708
normal
simd_float4x4([[0.179825, -0.980817, 0.0752428, 0.0)], [0.445521, 0.0130098, -0.895177, 0.0)], [0.877026, 0.194498, 0.439314, 0.0)], [-3.16135, -0.0762153, -4.31831, 1.0)]])
-3.16135, -0.0762153, -4.31831
float3(-0.195745, 1.10642, -1.55753)
5749.962414208
normal
simd_float4x4([[0.147871, -0.988526, 0.0308225, 0.0)], [0.48675, 0.0456115, -0.87235, 0.0)], [0.860935, 0.143998, 0.487909, 0.0)], [-3.26798, -0.0813354, -4.33832, 1.0)]])
-3.26798, -0.0813354, -4.33832
float3(-0.144501, 1.05521, -1.52469)
5750.095732625
normal
simd_float4x4([[0.125514, -0.992047, 0.00940951, 0.0)], [0.502685, 0.0554173, -0.862692, 0.0)], [0.85531, 0.11301, 0.505643, 0.0)], [-3.37063, -0.0884106, -4.35695, 1.0)]])
-3.37063, -0.0884106, -4.35695
float3(-0.113252, 1.03689, -1.51499)
5750.229051208
normal
simd_float4x4([[0.192472, -0.980388, 0.0423534, 0.0)], [0.557769, 0.0737879, -0.82671, 0.0)], [0.807372, 0.182742, 0.561032, 0.0)], [-3.47905, -0.0792834, -4.38219, 1.0)]])
-3.47905, -0.0792834, -4.38219
float3(-0.183775, 0.96351, -1.49567)
5750.362369458
normal
simd_float4x4([[0.220542, -0.975046, 0.025426, 0.0)], [0.581537, 0.110519, -0.805978, 0.0)], [0.783055, 0.192538, 0.5914, 0.0)], [-3.55729, -0.0834298, -4.41558, 1.0)]])
-3.55729, -0.0834298, -4.41558
float3(-0.193748, 0.923946, -1.45793)
5750.495688
normal
simd_float4x4([[0.221198, -0.975179, -0.00982727, 0.0)], [0.622399, 0.148921, -0.768403, 0.0)], [0.750794, 0.163853, 0.639892, 0.0)], [-3.66537, -0.108686, -4.46299, 1.0)]])
-3.66537, -0.108686, -4.46299
float3(-0.164595, 0.864976, -1.41926)
5750.629006458
normal
simd_float4x4([[0.195572, -0.980638, 0.0100188, 0.0)], [0.641119, 0.120117, -0.757983, 0.0)], [0.742104, 0.154664, 0.652197, 0.0)], [-3.7876, -0.117107, -4.51779, 1.0)]])
-3.7876, -0.117107, -4.51779
float3(-0.155287, 0.84979, -1.44892)
5750.762325
normal
simd_float4x4([[0.230225, -0.963582, 0.136035, 0.0)], [0.634357, 0.0425947, -0.771866, 0.0)], [0.737962, 0.263997, 0.621061, 0.0)], [-3.91759, -0.0982479, -4.57256, 1.0)]])
-3.91759, -0.0982479, -4.57256
float3(-0.267164, 0.871205, -1.52662)
5750.895643416
normal
simd_float4x4([[0.239235, -0.955291, 0.173739, 0.0)], [0.580937, -0.00254684, -0.813945, 0.0)], [0.777997, 0.295655, 0.554355, 0.0)], [-4.06663, -0.0804546, -4.58364, 1.0)]])
-4.06663, -0.0804546, -4.58364
float3(-0.300141, 0.951703, -1.57346)
5751.028961875
normal
simd_float4x4([[0.149865, -0.985534, 0.0791373, 0.0)], [0.556083, 0.0178374, -0.830935, 0.0)], [0.817504, 0.168535, 0.550712, 0.0)], [-4.19449, -0.0614567, -4.56594, 1.0)]])
-4.19449, -0.0614567, -4.56594
float3(-0.169343, 0.977974, -1.5527)
5751.1622805
normal
simd_float4x4([[0.0249686, -0.99887, 0.040433, 0.0)], [0.525084, -0.0213132, -0.850783, 0.0)], [0.850684, 0.0424736, 0.523959, 0.0)], [-4.312, -0.0311288, -4.55935, 1.0)]])
-4.312, -0.0311288, -4.55935
float3(-0.0424864, 1.01875, -1.59213)
5751.295598791
normal
simd_float4x4([[0.0641984, -0.993941, 0.0892145, 0.0)], [0.457396, -0.0501487, -0.887848, 0.0)], [0.886943, 0.0978047, 0.451405, 0.0)], [-4.4948, -0.0195676, -4.58331, 1.0)]])
-4.4948, -0.0195676, -4.58331
float3(-0.0979613, 1.10002, -1.62121)
5751.428917291
normal
simd_float4x4([[0.083505, -0.996024, 0.0310454, 0.0)], [0.440838, 0.00898337, -0.897542, 0.0)], [0.893694, 0.0886352, 0.439835, 0.0)], [-4.64745, -0.0403683, -4.61018, 1.0)]])
-4.64745, -0.0403683, -4.61018
float3(-0.0887517, 1.11344, -1.56178)
5751.56223575
normal
simd_float4x4([[0.0612107, -0.99808, 0.00942527, 0.0)], [0.414569, 0.0168327, -0.909862, 0.0)], [0.907957, 0.0596007, 0.414804, 0.0)], [-4.8113, -0.080189, -4.65806, 1.0)]])
-4.8113, -0.080189, -4.65806
float3(-0.0596361, 1.14226, -1.55393)
5751.695554208
normal
simd_float4x4([[0.0638328, -0.997019, -0.0433314, 0.0)], [0.415676, 0.066037, -0.907112, 0.0)], [0.90727, 0.0398917, 0.418652, 0.0)], [-5.02407, -0.0786049, -4.71353, 1.0)]])
-5.02407, -0.0786049, -4.71353
float3(-0.0399023, 1.13847, -1.50466)
5751.82887275
normal
simd_float4x4([[0.148254, -0.987777, 0.0481316, 0.0)], [0.395165, 0.014554, -0.918495, 0.0)], [0.906568, 0.15519, 0.392493, 0.0)], [-5.20039, -0.0508463, -4.7626, 1.0)]])
-5.20039, -0.0508463, -4.7626
float3(-0.15582, 1.16222, -1.55606)
5751.962191166
normal
simd_float4x4([[0.107307, -0.994226, 0.000536799, 0.0)], [0.38308, 0.0408476, -0.922812, 0.0)], [0.917461, 0.0992298, 0.385251, 0.0)], [-5.35252, -0.0625851, -4.788, 1.0)]])
-5.35252, -0.0625851, -4.788
float3(-0.0993934, 1.17324, -1.52973)
5752.095509625
normal
simd_float4x4([[0.0580316, -0.997389, -0.0429746, 0.0)], [0.478692, 0.065576, -0.875531, 0.0)], [0.876063, 0.0302368, 0.481248, 0.0)], [-5.52504, -0.0719491, -4.8276, 1.0)]])
-5.52504, -0.0719491, -4.8276
float3(-0.0302414, 1.06847, -1.50514)
5752.228828
normal
simd_float4x4([[0.118876, -0.992909, 0.000634224, 0.0)], [0.502124, 0.0595659, -0.862742, 0.0)], [0.856586, 0.102878, 0.505645, 0.0)], [-5.69443, -0.0561126, -4.87504, 1.0)]])
-5.69443, -0.0561126, -4.87504
float3(-0.10306, 1.03754, -1.51088)
5752.3621465
normal
simd_float4x4([[0.171231, -0.984662, 0.0334691, 0.0)], [0.534297, 0.0642645, -0.84285, 0.0)], [0.827772, 0.162204, 0.537107, 0.0)], [-5.85645, -0.0561301, -4.93158, 1.0)]])
-5.85645, -0.0561301, -4.93158
float3(-0.162924, 0.995224, -1.50562)
5752.495464958
normal
simd_float4x4([[0.139695, -0.989293, 0.0422363, 0.0)], [0.54252, 0.0407857, -0.839052, 0.0)], [0.828346, 0.140126, 0.542409, 0.0)], [-6.02556, -0.0881175, -4.98116, 1.0)]])
-6.02556, -0.0881175, -4.98116
float3(-0.140588, 0.991047, -1.52959)
5752.628783458
normal
simd_float4x4([[0.100829, -0.994872, -0.00791366, 0.0)], [0.512442, 0.05875, -0.85671, 0.0)], [0.852782, 0.0823259, 0.515738, 0.0)], [-6.16994, -0.092771, -5.02734, 1.0)]])
-6.16994, -0.092771, -5.02734
float3(-0.0824192, 1.02688, -1.51181)
5752.762101916
normal
simd_float4x4([[0.179625, -0.982303, 0.0530659, 0.0)], [0.520372, 0.0491005, -0.852527, 0.0)], [0.834834, 0.180749, 0.519983, 0.0)], [-6.31077, -0.0725401, -5.08207, 1.0)]])
-6.31077, -0.0725401, -5.08207
float3(-0.181748, 1.01374, -1.52085)
5752.895420458
normal
simd_float4x4([[0.168557, -0.98035, 0.102477, 0.0)], [0.497703, -0.00509001, -0.867333, 0.0)], [0.850812, 0.197198, 0.487065, 0.0)], [-6.43535, -0.064745, -5.13466, 1.0)]])
-6.43535, -0.064745, -5.13466
float3(-0.198499, 1.05086, -1.57599)
5753.028738833
normal
simd_float4x4([[0.0950518, -0.99459, 0.0418933, 0.0)], [0.60077, 0.0237571, -0.799069, 0.0)], [0.793751, 0.101121, 0.599778, 0.0)], [-6.55348, -0.0785993, -5.17658, 1.0)]])
-6.55348, -0.0785993, -5.17658
float3(-0.101294, 0.923705, -1.54691)
5753.162057208
normal
simd_float4x4([[0.113449, -0.99128, 0.0670276, 0.0)], [0.658509, 0.0245042, -0.752174, 0.0)], [0.743972, 0.129471, 0.655547, 0.0)], [-6.68239, -0.0865925, -5.22366, 1.0)]])
-6.68239, -0.0865925, -5.22366
float3(-0.129836, 0.848497, -1.54608)
5753.29537575
normal
simd_float4x4([[0.209295, -0.974339, 0.0828263, 0.0)], [0.624018, 0.0678686, -0.778457, 0.0)], [0.752859, 0.214612, 0.622209, 0.0)], [-6.81177, -0.0846455, -5.23957, 1.0)]])
-6.81177, -0.0846455, -5.23957
float3(-0.216295, 0.880127, -1.50125)
5753.428694291
normal
simd_float4x4([[0.188462, -0.980349, 0.0582862, 0.0)], [0.549201, 0.0560042, -0.833812, 0.0)], [0.814163, 0.189153, 0.548963, 0.0)], [-6.92414, -0.0858385, -5.25735, 1.0)]])
-6.92414, -0.0858385, -5.25735
float3(-0.190299, 0.97755, -1.51373)
5753.562012666
normal
simd_float4x4([[0.163053, -0.985827, 0.0394766, 0.0)], [0.504958, 0.0490105, -0.861751, 0.0)], [0.847603, 0.160445, 0.505793, 0.0)], [-7.05554, -0.112982, -5.27707, 1.0)]])
-7.05554, -0.112982, -5.27707
float3(-0.161142, 1.03278, -1.52112)
5753.695331166
normal
simd_float4x4([[0.128271, -0.991735, 0.00269264, 0.0)], [0.455986, 0.0565658, -0.888187, 0.0)], [0.880695, 0.115157, 0.459474, 0.0)], [-7.20729, -0.112923, -5.30291, 1.0)]])
-7.20729, -0.112923, -5.30291
float3(-0.115413, 1.08993, -1.51382)
5753.828649708
normal
simd_float4x4([[0.193657, -0.979589, 0.0538711, 0.0)], [0.420086, 0.033175, -0.906878, 0.0)], [0.886581, 0.198253, 0.417936, 0.0)], [-7.34593, -0.0963791, -5.33468, 1.0)]])
-7.34593, -0.0963791, -5.33468
float3(-0.199576, 1.13029, -1.53694)
5753.961968083
normal
simd_float4x4([[0.171956, -0.98389, 0.0489138, 0.0)], [0.374876, 0.0194384, -0.926872, 0.0)], [0.910988, 0.177717, 0.372179, 0.0)], [-7.46649, -0.0992503, -5.36051, 1.0)]])
-7.46649, -0.0992503, -5.36051
float3(-0.178667, 1.18295, -1.55104)
5754.095286583
normal
simd_float4x4([[0.125192, -0.990417, 0.058325, 0.0)], [0.394305, -0.00427606, -0.91897, 0.0)], [0.910412, 0.138045, 0.389991, 0.0)], [-7.58353, -0.113747, -5.39816, 1.0)]])
-7.58353, -0.113747, -5.39816
float3(-0.138488, 1.16608, -1.57511)
5754.228605083
normal
simd_float4x4([[0.109181, -0.993175, 0.0410315, 0.0)], [0.451722, 0.0128041, -0.892067, 0.0)], [0.885453, 0.115932, 0.450037, 0.0)], [-7.70674, -0.101639, -5.42573, 1.0)]])
-7.70674, -0.101639, -5.42573
float3(-0.116193, 1.10057, -1.5579)
5754.361923583
normal
simd_float4x4([[0.177776, -0.979097, 0.09882, 0.0)], [0.47942, -0.00152558, -0.877584, 0.0)], [0.859391, 0.203389, 0.469128, 0.0)], [-7.82026, -0.0918958, -5.47302, 1.0)]])
-7.82026, -0.0918958, -5.47302
float3(-0.204818, 1.07112, -1.57235)
5754.495242083
normal
