ARKit Data
379.479831666
normal
simd_float4x4([[-0.315937, -0.920132, -0.231389, 0.0)], [-0.566397, -0.012745, 0.824034, 0.0)], [-0.761169, 0.391401, -0.517133, 0.0)], [0.565817, -0.839345, 0.057343, 1.0)]])
0.565817, -0.839345, 0.057343
float3(-0.402154, -2.16756, -1.58465)
379.52985775
normal
simd_float4x4([[-0.317194, -0.919199, -0.233368, 0.0)], [-0.567231, -0.0133214, 0.823451, 0.0)], [-0.760024, 0.393567, -0.517173, 0.0)], [0.566833, -0.839418, 0.05795, 1.0)]])
0.566833, -0.839418, 0.05795
float3(-0.404509, -2.16829, -1.58529)
379.835084541
notAvailable
simd_float4x4([[1.0, 0.0, 0.0, 0.0)], [0.0, 1.0, 0.0, 0.0)], [0.0, 0.0, 1.0, 0.0)], [0.0, 0.0, 0.0, 1.0)]])
0.0, 0.0, 0.0
float3(-0.0, 0.0, 0.0)
379.901741875
notAvailable
simd_float4x4([[1.0, 0.0, 0.0, 0.0)], [0.0, 1.0, 0.0, 0.0)], [0.0, 0.0, 1.0, 0.0)], [0.0, 0.0, 0.0, 1.0)]])
0.0, 0.0, 0.0
float3(-0.0, 0.0, 0.0)
379.968399291
limited(__ObjC.ARCamera.TrackingState.Reason.initializing)
simd_float4x4([[-0.0162284, -0.916112, 0.400594, 0.0)], [0.999868, -0.014869, 0.00650182, 0.0)], [4.47522e-08, 0.400647, 0.916233, 0.0)], [0.0, 0.0, 0.0, 1.0)]])
0.0, 0.0, 0.0
float3(-0.412223, 4.88438e-08, -1.58703)
380.0350565
limited(__ObjC.ARCamera.TrackingState.Reason.initializing)
simd_float4x4([[-0.0168212, -0.916046, 0.40072, 0.0)], [0.999857, -0.0147018, 0.00836312, 0.0)], [-0.0017697, 0.400804, 0.916162, 0.0)], [0.0, 0.0, 0.0, 1.0)]])
0.0, 0.0, 0.0
float3(-0.412394, -0.00193164, -1.58684)
380.101714041
limited(__ObjC.ARCamera.TrackingState.Reason.initializing)
simd_float4x4([[-0.0172401, -0.915906, 0.401023, 0.0)], [0.999847, -0.0145895, 0.00966255, 0.0)], [-0.00299927, 0.401128, 0.916017, 0.0)], [0.0, 0.0, 0.0, 1.0)]])
0.0, 0.0, 0.0
float3(-0.412748, -0.00327424, -1.58672)
380.168371416
limited(__ObjC.ARCamera.TrackingState.Reason.initializing)
simd_float4x4([[-0.0151624, -0.915645, 0.401701, 0.0)], [0.999875, -0.0120515, 0.0102702, 0.0)], [-0.00456277, 0.401807, 0.915713, 0.0)], [0.0, 0.0, 0.0, 1.0)]])
0.0, 0.0, 0.0
float3(-0.413489, -0.0049827, -1.58396)
380.23502875
limited(__ObjC.ARCamera.TrackingState.Reason.initializing)
simd_float4x4([[-0.0140801, -0.914302, 0.404788, 0.0)], [0.999883, -0.0104544, 0.0111663, 0.0)], [-0.0059776, 0.404898, 0.914342, 0.0)], [0.0, 0.0, 0.0, 1.0)]])
0.0, 0.0, 0.0
float3(-0.416868, -0.00653751, -1.58223)
380.301686125
limited(__ObjC.ARCamera.TrackingState.Reason.initializing)
simd_float4x4([[-0.0144847, -0.916314, 0.400198, 0.0)], [0.999867, -0.0102828, 0.012645, 0.0)], [-0.00747166, 0.400329, 0.916341, 0.0)], [0.0, 0.0, 0.0, 1.0)]])
0.0, 0.0, 0.0
float3(-0.411875, -0.00815361, -1.58202)
380.368343416
limited(__ObjC.ARCamera.TrackingState.Reason.initializing)
simd_float4x4([[-0.0130879, -0.913949, 0.405617, 0.0)], [0.999883, -0.00872648, 0.0126002, 0.0)], [-0.00797632, 0.405734, 0.913956, 0.0)], [0.0, 0.0, 0.0, 1.0)]])
0.0, 0.0, 0.0
float3(-0.417782, -0.00872702, -1.58034)
380.435000833
limited(__ObjC.ARCamera.TrackingState.Reason.initializing)
simd_float4x4([[-0.0124152, -0.915097, 0.403043, 0.0)], [0.99988, -0.00762475, 0.0134881, 0.0)], [-0.00926984, 0.403162, 0.915081, 0.0)], [0.0, 0.0, 0.0, 1.0)]])
0.0, 0.0, 0.0
float3(-0.414969, -0.0101297, -1.57913)
380.501658083
limited(__ObjC.ARCamera.TrackingState.Reason.initializing)
simd_float4x4([[-0.0124238, -0.913829, 0.405909, 0.0)], [0.999869, -0.00714646, 0.0145143, 0.0)], [-0.0103628, 0.406036, 0.913798, 0.0)], [0.0, 0.0, 0.0, 1.0)]])
0.0, 0.0, 0.0
float3(-0.418112, -0.0113399, -1.57862)
380.568315541
limited(__ObjC.ARCamera.TrackingState.Reason.initializing)
simd_float4x4([[-0.012989, -0.915483, 0.402147, 0.0)], [0.999838, -0.0068642, 0.0166675, 0.0)], [-0.0124984, 0.402298, 0.915423, 0.0)], [0.0, 0.0, 0.0, 1.0)]])
0.0, 0.0, 0.0
float3(-0.414025, -0.0136523, -1.57829)
380.634972791
limited(__ObjC.ARCamera.TrackingState.Reason.initializing)
simd_float4x4([[-0.0128546, -0.914438, 0.404521, 0.0)], [0.999833, -0.00650737, 0.0170618, 0.0)], [-0.0129696, 0.404673, 0.914369, 0.0)], [0.0, 0.0, 0.0, 1.0)]])
0.0, 0.0, 0.0
float3(-0.416621, -0.0141832, -1.57791)
380.701630208
limited(__ObjC.ARCamera.TrackingState.Reason.initializing)
simd_float4x4([[-0.0124753, -0.916027, 0.400923, 0.0)], [0.999813, -0.00551521, 0.0185097, 0.0)], [-0.0147442, 0.401079, 0.915925, 0.0)], [0.0, 0.0, 0.0, 1.0)]])
0.0, 0.0, 0.0
float3(-0.412694, -0.0160962, -1.57682)
380.768287708
limited(__ObjC.ARCamera.TrackingState.Reason.initializing)
simd_float4x4([[-0.012806, -0.915203, 0.402789, 0.0)], [0.999821, -0.00612319, 0.0178746, 0.0)], [-0.0138926, 0.402946, 0.915118, 0.0)], [0.0, 0.0, 0.0, 1.0)]])
0.0, 0.0, 0.0
float3(-0.414733, -0.01518, -1.57749)
380.834944791
limited(__ObjC.ARCamera.TrackingState.Reason.initializing)
simd_float4x4([[-0.01157, -0.916732, 0.399336, 0.0)], [0.999823, -0.00467091, 0.0182453, 0.0)], [-0.0148608, 0.399476, 0.916623, 0.0)], [0.0, 0.0, 0.0, 1.0)]])
0.0, 0.0, 0.0
float3(-0.410946, -0.0162111, -1.57589)
380.901602333
limited(__ObjC.ARCamera.TrackingState.Reason.initializing)
simd_float4x4([[-0.011028, -0.915421, 0.402348, 0.0)], [0.999817, -0.00381481, 0.0187247, 0.0)], [-0.0156061, 0.402481, 0.915295, 0.0)], [0.0, 0.0, 0.0, 1.0)]])
0.0, 0.0, 0.0
float3(-0.414225, -0.0170487, -1.57496)
380.968259583
limited(__ObjC.ARCamera.TrackingState.Reason.initializing)
simd_float4x4([[-0.0110153, -0.916631, 0.399583, 0.0)], [0.999828, -0.00414221, 0.0180602, 0.0)], [-0.0148993, 0.399713, 0.916519, 0.0)], [0.0, 0.0, 0.0, 1.0)]])
0.0, 0.0, 0.0
float3(-0.411204, -0.016255, -1.57532)
381.034916958
limited(__ObjC.ARCamera.TrackingState.Reason.initializing)
simd_float4x4([[-0.010492, -0.916276, 0.400411, 0.0)], [0.999795, -0.00266887, 0.0200905, 0.0)], [-0.0173398, 0.40054, 0.916115, 0.0)], [0.0, 0.0, 0.0, 1.0)]])
0.0, 0.0, 0.0
float3(-0.412106, -0.0189252, -1.57371)
381.10157425
limited(__ObjC.ARCamera.TrackingState.Reason.initializing)
simd_float4x4([[-0.0110283, -0.916922, 0.398914, 0.0)], [0.999758, -0.00251479, 0.0218588, 0.0)], [-0.0190396, 0.399059, 0.916728, 0.0)], [0.0, 0.0, 0.0, 1.0)]])
0.0, 0.0, 0.0
float3(-0.41049, -0.0207661, -1.57354)
381.168231666
limited(__ObjC.ARCamera.TrackingState.Reason.initializing)
simd_float4x4([[-0.0118697, -0.91711, 0.398458, 0.0)], [0.999726, -0.00284688, 0.0232284, 0.0)], [-0.0201687, 0.398624, 0.916892, 0.0)], [0.0, 0.0, 0.0, 1.0)]])
0.0, 0.0, 0.0
float3(-0.410016, -0.0219932, -1.5739)
381.234889
limited(__ObjC.ARCamera.TrackingState.Reason.initializing)
simd_float4x4([[-0.0110138, -0.917284, 0.398082, 0.0)], [0.999681, -0.00104883, 0.0252416, 0.0)], [-0.0227362, 0.398233, 0.917002, 0.0)], [0.0, 0.0, 0.0, 1.0)]])
0.0, 0.0, 0.0
float3(-0.40959, -0.024789, -1.57194)
381.301546416
limited(__ObjC.ARCamera.TrackingState.Reason.initializing)
simd_float4x4([[-0.0114189, -0.917462, 0.39766, 0.0)], [0.999626, -0.000587946, 0.0273482, 0.0)], [-0.0248571, 0.397823, 0.917125, 0.0)], [0.0, 0.0, 0.0, 1.0)]])
0.0, 0.0, 0.0
float3(-0.409143, -0.0270966, -1.57144)
381.368203791
limited(__ObjC.ARCamera.TrackingState.Reason.initializing)
simd_float4x4([[-0.0115009, -0.917261, 0.398121, 0.0)], [0.99957, 0.000189454, 0.029312, 0.0)], [-0.0269622, 0.398287, 0.916865, 0.0)], [0.0, 0.0, 0.0, 1.0)]])
0.0, 0.0, 0.0
float3(-0.409648, -0.0293985, -1.57059)
381.434861083
limited(__ObjC.ARCamera.TrackingState.Reason.initializing)
simd_float4x4([[-0.0122982, -0.918158, 0.396023, 0.0)], [0.99944, 0.00103719, 0.0334415, 0.0)], [-0.0311153, 0.396212, 0.917631, 0.0)], [0.0, 0.0, 0.0, 1.0)]])
0.0, 0.0, 0.0
float3(-0.407388, -0.0338953, -1.56967)
381.501518583
limited(__ObjC.ARCamera.TrackingState.Reason.initializing)
simd_float4x4([[-0.0132893, -0.91712, 0.398389, 0.0)], [0.999303, 0.00171964, 0.0372931, 0.0)], [-0.0348874, 0.398607, 0.916458, 0.0)], [0.0, 0.0, 0.0, 1.0)]])
0.0, 0.0, 0.0
float3(-0.409998, -0.0380492, -1.56892)
381.568175708
limited(__ObjC.ARCamera.TrackingState.Reason.initializing)
simd_float4x4([[-0.0140181, -0.917493, 0.397505, 0.0)], [0.999189, 0.00215157, 0.0402026, 0.0)], [-0.0377409, 0.397746, 0.916719, 0.0)], [0.0, 0.0, 0.0, 1.0)]])
0.0, 0.0, 0.0
float3(-0.409059, -0.0411463, -1.56845)
381.634833125
limited(__ObjC.ARCamera.TrackingState.Reason.initializing)
simd_float4x4([[-0.0144373, -0.918141, 0.39599, 0.0)], [0.999204, 0.00148176, 0.0398654, 0.0)], [-0.0371888, 0.396251, 0.917389, 0.0)], [0.0, 0.0, 0.0, 1.0)]])
0.0, 0.0, 0.0
float3(-0.40743, -0.0405155, -1.56918)
381.7014905
limited(__ObjC.ARCamera.TrackingState.Reason.initializing)
simd_float4x4([[-0.0144802, -0.92112, 0.389008, 0.0)], [0.999264, 0.000492377, 0.038362, 0.0)], [-0.0355275, 0.389277, 0.920435, 0.0)], [0.0, 0.0, 0.0, 1.0)]])
0.0, 0.0, 0.0
float3(-0.399847, -0.0385795, -1.57026)
381.768147916
limited(__ObjC.ARCamera.TrackingState.Reason.initializing)
simd_float4x4([[-0.0141401, -0.924975, 0.379764, 0.0)], [0.999368, -0.000679822, 0.0355546, 0.0)], [-0.0326289, 0.380027, 0.924399, 0.0)], [0.0, 0.0, 0.0, 1.0)]])
0.0, 0.0, 0.0
float3(-0.389825, -0.0352828, -1.57153)
381.834805083
limited(__ObjC.ARCamera.TrackingState.Reason.initializing)
simd_float4x4([[-0.0147987, -0.92928, 0.369077, 0.0)], [0.999471, -0.00305861, 0.0323742, 0.0)], [-0.0289558, 0.369361, 0.928834, 0.0)], [0.0, 0.0, 0.0, 1.0)]])
0.0, 0.0, 0.0
float3(-0.378321, -0.0311643, -1.57409)
381.901462583
limited(__ObjC.ARCamera.TrackingState.Reason.initializing)
simd_float4x4([[-0.0151043, -0.936437, 0.350507, 0.0)], [0.999555, -0.00512679, 0.0293765, 0.0)], [-0.0257123, 0.350795, 0.936098, 0.0)], [0.0, 0.0, 0.0, 1.0)]])
0.0, 0.0, 0.0
float3(-0.35842, -0.0274607, -1.57627)
381.968119958
limited(__ObjC.ARCamera.TrackingState.Reason.initializing)
simd_float4x4([[-0.0173197, -0.941834, 0.335631, 0.0)], [0.999628, -0.00923427, 0.0256715, 0.0)], [-0.021079, 0.335951, 0.941643, 0.0)], [0.0, 0.0, 0.0, 1.0)]])
0.0, 0.0, 0.0
float3(-0.342615, -0.0223816, -1.5806)
382.034777375
limited(__ObjC.ARCamera.TrackingState.Reason.initializing)
simd_float4x4([[-0.0188123, -0.947219, 0.320034, 0.0)], [0.999621, -0.0113879, 0.0250546, 0.0)], [-0.0200876, 0.320384, 0.947074, 0.0)], [0.0, 0.0, 0.0, 1.0)]])
0.0, 0.0, 0.0
float3(-0.326135, -0.021207, -1.58282)
382.101434791
limited(__ObjC.ARCamera.TrackingState.Reason.initializing)
simd_float4x4([[-0.0221374, -0.956145, 0.292054, 0.0)], [0.999498, -0.0145473, 0.0281352, 0.0)], [-0.0226527, 0.29253, 0.955988, 0.0)], [0.0, 0.0, 0.0, 1.0)]])
0.0, 0.0, 0.0
float3(-0.296872, -0.0236912, -1.58601)
382.168091958
limited(__ObjC.ARCamera.TrackingState.Reason.initializing)
simd_float4x4([[-0.0209375, -0.963543, 0.266731, 0.0)], [0.999427, -0.0130741, 0.0312227, 0.0)], [-0.0265972, 0.267232, 0.963265, 0.0)], [0.0, 0.0, 0.0, 1.0)]])
0.0, 0.0, 0.0
float3(-0.270519, -0.0276045, -1.58436)
382.234749375
limited(__ObjC.ARCamera.TrackingState.Reason.initializing)
simd_float4x4([[-0.0215852, -0.97228, 0.23282, 0.0)], [0.999474, -0.0153499, 0.0285607, 0.0)], [-0.0241953, 0.233314, 0.9721, 0.0)], [0.0, 0.0, 0.0, 1.0)]])
0.0, 0.0, 0.0
float3(-0.235484, -0.0248846, -1.58658)
382.30140675
limited(__ObjC.ARCamera.TrackingState.Reason.initializing)
simd_float4x4([[-0.0187144, -0.977559, 0.209829, 0.0)], [0.999408, -0.012227, 0.0321725, 0.0)], [-0.0288849, 0.210307, 0.977208, 0.0)], [0.0, 0.0, 0.0, 1.0)]])
0.0, 0.0, 0.0
float3(-0.211889, -0.02955, -1.5833)
382.368064041
limited(__ObjC.ARCamera.TrackingState.Reason.initializing)
simd_float4x4([[-0.0199685, -0.982043, 0.187595, 0.0)], [0.998413, -0.009704, 0.0554762, 0.0)], [-0.0526596, 0.188405, 0.980678, 0.0)], [0.0, 0.0, 0.0, 1.0)]])
0.0, 0.0, 0.0
float3(-0.189538, -0.0536456, -1.58068)
382.434721416
limited(__ObjC.ARCamera.TrackingState.Reason.initializing)
simd_float4x4([[-0.0300719, -0.983425, 0.178802, 0.0)], [0.99743, -0.0178851, 0.0693842, 0.0)], [-0.0650363, 0.180428, 0.981435, 0.0)], [0.0, 0.0, 0.0, 1.0)]])
0.0, 0.0, 0.0
float3(-0.181422, -0.0661698, -1.58898)
382.501378791
limited(__ObjC.ARCamera.TrackingState.Reason.initializing)
simd_float4x4([[-0.0319546, -0.981597, 0.188271, 0.0)], [0.996342, -0.0163477, 0.083873, 0.0)], [-0.0792517, 0.190263, 0.978529, 0.0)], [0.0, 0.0, 0.0, 1.0)]])
0.0, 0.0, 0.0
float3(-0.19143, -0.0808142, -1.58745)
382.568036208
limited(__ObjC.ARCamera.TrackingState.Reason.initializing)
simd_float4x4([[-0.00521361, -0.986482, 0.163787, 0.0)], [0.994534, 0.0119659, 0.103728, 0.0)], [-0.104285, 0.163432, 0.981027, 0.0)], [0.0, 0.0, 0.0, 1.0)]])
0.0, 0.0, 0.0
float3(-0.164169, -0.105904, -1.55867)
382.634693583
limited(__ObjC.ARCamera.TrackingState.Reason.initializing)
simd_float4x4([[0.0102956, -0.990138, 0.139718, 0.0)], [0.990561, 0.0291981, 0.133926, 0.0)], [-0.136685, 0.13702, 0.981092, 0.0)], [0.0, 0.0, 0.0, 1.0)]])
0.0, 0.0, 0.0
float3(-0.137452, -0.138428, -1.54132)
382.701350916
limited(__ObjC.ARCamera.TrackingState.Reason.initializing)
simd_float4x4([[0.0189455, -0.990535, 0.135948, 0.0)], [0.985145, 0.0417052, 0.166581, 0.0)], [-0.170674, 0.130773, 0.976611, 0.0)], [0.0, 0.0, 0.0, 1.0)]])
0.0, 0.0, 0.0
float3(-0.131148, -0.173015, -1.52872)
382.768008125
limited(__ObjC.ARCamera.TrackingState.Reason.initializing)
simd_float4x4([[0.0226161, -0.991452, 0.128493, 0.0)], [0.980077, 0.0473552, 0.19289, 0.0)], [-0.197326, 0.121571, 0.97277, 0.0)], [0.0, 0.0, 0.0, 1.0)]])
0.0, 0.0, 0.0
float3(-0.121872, -0.200134, -1.52307)
382.834665708
limited(__ObjC.ARCamera.TrackingState.Reason.initializing)
simd_float4x4([[0.0246048, -0.991974, 0.124025, 0.0)], [0.977136, 0.0500719, 0.206634, 0.0)], [-0.211186, 0.116105, 0.970526, 0.0)], [0.0, 0.0, 0.0, 1.0)]])
0.0, 0.0, 0.0
float3(-0.116368, -0.21426, -1.52036)
382.901322875
limited(__ObjC.ARCamera.TrackingState.Reason.initializing)
simd_float4x4([[0.0270103, -0.992624, 0.118186, 0.0)], [0.976131, 0.0516773, 0.210943, 0.0)], [-0.215495, 0.109668, 0.970327, 0.0)], [0.0, 0.0, 0.0, 1.0)]])
0.0, 0.0, 0.0
float3(-0.109889, -0.218538, -1.51878)
382.9679805
limited(__ObjC.ARCamera.TrackingState.Reason.initializing)
simd_float4x4([[0.0289741, -0.99316, 0.113104, 0.0)], [0.9783, 0.0513987, 0.200717, 0.0)], [-0.205157, 0.104834, 0.973098, 0.0)], [0.0, 0.0, 0.0, 1.0)]])
0.0, 0.0, 0.0
float3(-0.105027, -0.207786, -1.51909)
383.034637625
limited(__ObjC.ARCamera.TrackingState.Reason.initializing)
simd_float4x4([[0.0256691, -0.993965, 0.106652, 0.0)], [0.981469, 0.0453241, 0.186185, 0.0)], [-0.189896, 0.0998967, 0.976709, 0.0)], [0.0, 0.0, 0.0, 1.0)]])
0.0, 0.0, 0.0
float3(-0.100064, -0.192028, -1.52523)
383.101295083
limited(__ObjC.ARCamera.TrackingState.Reason.initializing)
simd_float4x4([[0.0223725, -0.995232, 0.0949382, 0.0)], [0.987048, 0.0370774, 0.156079, 0.0)], [-0.158855, 0.0902167, 0.983172, 0.0)], [0.0, 0.0, 0.0, 1.0)]])
0.0, 0.0, 0.0
float3(-0.0903395, -0.160189, -1.53356)
383.167952541
limited(__ObjC.ARCamera.TrackingState.Reason.initializing)
simd_float4x4([[0.0217862, -0.9957, 0.0900401, 0.0)], [0.992153, 0.0326235, 0.120702, 0.0)], [-0.12312, 0.0867039, 0.988597, 0.0)], [0.0, 0.0, 0.0, 1.0)]])
0.0, 0.0, 0.0
float3(-0.0868129, -0.123902, -1.53804)
383.234609833
limited(__ObjC.ARCamera.TrackingState.Reason.initializing)
simd_float4x4([[0.0209113, -0.99594, 0.0875589, 0.0)], [0.996384, 0.0279741, 0.08023, 0.0)], [-0.0823536, 0.0855645, 0.992923, 0.0)], [0.0, 0.0, 0.0, 1.0)]])
0.0, 0.0, 0.0
float3(-0.0856693, -0.0827512, -1.54272)
383.301267166
limited(__ObjC.ARCamera.TrackingState.Reason.initializing)
simd_float4x4([[0.023945, -0.995999, 0.0860915, 0.0)], [0.999061, 0.0269514, 0.0339297, 0.0)], [-0.0361142, 0.0851982, 0.995709, 0.0)], [0.0, 0.0, 0.0, 1.0)]])
0.0, 0.0, 0.0
float3(-0.0853016, -0.036254, -1.54374)
383.3679245
limited(__ObjC.ARCamera.TrackingState.Reason.initializing)
simd_float4x4([[0.0285042, -0.996267, 0.08148, 0.0)], [0.999569, 0.027835, -0.00933755, 0.0)], [0.0070347, 0.081711, 0.996631, 0.0)], [0.0, 0.0, 0.0, 1.0)]])
0.0, 0.0, 0.0
float3(-0.0818022, 0.00705836, -1.54286)
383.434581958
limited(__ObjC.ARCamera.TrackingState.Reason.initializing)
simd_float4x4([[0.0309245, -0.996516, 0.077453, 0.0)], [0.997689, 0.0260841, -0.0627451, 0.0)], [0.0605062, 0.0792144, 0.99502, 0.0)], [0.0, 0.0, 0.0, 1.0)]])
0.0, 0.0, 0.0
float3(-0.0792975, 0.0607343, -1.54463)
383.50123925
limited(__ObjC.ARCamera.TrackingState.Reason.initializing)
simd_float4x4([[0.0363032, -0.996295, 0.0779619, 0.0)], [0.991606, 0.0262249, -0.126611, 0.0)], [0.124097, 0.0819038, 0.988884, 0.0)], [0.0, 0.0, 0.0, 1.0)]])
0.0, 0.0, 0.0
float3(-0.0819957, 0.124839, -1.54448)
383.567896708
limited(__ObjC.ARCamera.TrackingState.Reason.initializing)
simd_float4x4([[0.0398296, -0.995955, 0.0805386, 0.0)], [0.981664, 0.023966, -0.189105, 0.0)], [0.18641, 0.0865938, 0.978648, 0.0)], [0.0, 0.0, 0.0, 1.0)]])
0.0, 0.0, 0.0
float3(-0.0867024, 0.188222, -1.54674)
383.617922875
limited(__ObjC.ARCamera.TrackingState.Reason.initializing)
simd_float4x4([[0.0415696, -0.995788, 0.0817153, 0.0)], [0.972598, 0.0216053, -0.231489, 0.0)], [0.228749, 0.089099, 0.9694, 0.0)], [0.0, 0.0, 0.0, 1.0)]])
0.0, 0.0, 0.0
float3(-0.0892173, 0.231731, -1.5491)
383.667949
limited(__ObjC.ARCamera.TrackingState.Reason.initializing)
simd_float4x4([[0.0425671, -0.996, 0.0785579, 0.0)], [0.961275, 0.0194001, -0.274907, 0.0)], [0.272284, 0.0872177, 0.958256, 0.0)], [0.0, 0.0, 0.0, 1.0)]])
0.0, 0.0, 0.0
float3(-0.0873287, 0.276848, -1.55132)
383.717975291
limited(__ObjC.ARCamera.TrackingState.Reason.initializing)
simd_float4x4([[0.043173, -0.996226, 0.075302, 0.0)], [0.948738, 0.0172604, -0.315592, 0.0)], [0.313101, 0.0850669, 0.945902, 0.0)], [0.0, 0.0, 0.0, 1.0)]])
0.0, 0.0, 0.0
float3(-0.0851698, 0.319656, -1.55347)
383.768001333
normal
simd_float4x4([[0.0560897, -0.996612, 0.0601526, 0.0)], [0.934631, 0.0312201, -0.354247, 0.0)], [0.351169, 0.07609, 0.933215, 0.0)], [0.0, 0.0, 7.45058e-09, 1.0)]])
0.0, 0.0, 7.45058e-09
float3(-0.0761636, 0.35991, -1.53948)
383.818027625
normal
simd_float4x4([[0.058509, -0.996598, 0.0580529, 0.0)], [0.920091, 0.031273, -0.390455, 0.0)], [0.387311, 0.0762591, 0.91879, 0.0)], [-0.010544, -0.00241798, 0.00363792, 1.0)]])
-0.010544, -0.00241798, 0.00363792
float3(-0.0763332, 0.398941, -1.53943)
383.86805375
normal
simd_float4x4([[0.0591838, -0.996707, 0.0554271, 0.0)], [0.903623, 0.0298951, -0.427285, 0.0)], [0.424221, 0.0753736, 0.902416, 0.0)], [-0.0201303, -0.00237568, 0.012379, 1.0)]])
-0.0201303, -0.00237568, 0.012379
float3(-0.0754451, 0.439438, -1.54081)
383.918079875
normal
simd_float4x4([[0.0598901, -0.996736, 0.0541337, 0.0)], [0.888603, 0.0285299, -0.457788, 0.0)], [0.45475, 0.0755204, 0.887412, 0.0)], [-0.0284268, -0.00512856, 0.015645, 1.0)]])
-0.0284268, -0.00512856, 0.015645
float3(-0.0755924, 0.473554, -1.54218)
383.968106333
normal
simd_float4x4([[0.062231, -0.996599, 0.0540063, 0.0)], [0.873869, 0.0282665, -0.485339, 0.0)], [0.482162, 0.0773975, 0.872657, 0.0)], [-0.0397601, -0.00408675, 0.0234925, 1.0)]])
-0.0397601, -0.00408675, 0.0234925
float3(-0.077475, 0.504777, -1.54244)
384.018132458
normal
simd_float4x4([[0.0630685, -0.996675, 0.0515853, 0.0)], [0.861203, 0.0282303, -0.507477, 0.0)], [0.504333, 0.0764312, 0.86012, 0.0)], [-0.0460275, -0.00639425, 0.0265891, 1.0)]])
-0.0460275, -0.00639425, 0.0265891
float3(-0.0765058, 0.530324, -1.54248)
384.068158541
normal
simd_float4x4([[0.0619428, -0.996906, 0.0483997, 0.0)], [0.849402, 0.0271897, -0.527045, 0.0)], [0.524098, 0.0737574, 0.848458, 0.0)], [-0.0559063, -0.00550088, 0.0331981, 1.0)]])
-0.0559063, -0.00550088, 0.0331981
float3(-0.0738245, 0.553337, -1.54353)
384.118184708
normal
simd_float4x4([[0.0629459, -0.996726, 0.0507414, 0.0)], [0.840679, 0.0255534, -0.540931, 0.0)], [0.537863, 0.0767065, 0.839535, 0.0)], [-0.0601201, -0.00737031, 0.0345505, 1.0)]])
-0.0601201, -0.00737031, 0.0345505
float3(-0.076782, 0.569787, -1.54516)
384.168210958
normal
simd_float4x4([[0.0628496, -0.996815, 0.0490928, 0.0)], [0.835634, 0.0256645, -0.548687, 0.0)], [0.545679, 0.0755083, 0.834586, 0.0)], [-0.0719478, -0.00767563, 0.040814, 1.0)]])
-0.0719478, -0.00767563, 0.040814
float3(-0.0755803, 0.579064, -1.54506)
384.234868375
normal
simd_float4x4([[0.0608548, -0.99698, 0.0482541, 0.0)], [0.832498, 0.0240251, -0.553507, 0.0)], [0.550676, 0.073855, 0.831445, 0.0)], [-0.0733636, -0.0100792, 0.0415734, 1.0)]])
-0.0733636, -0.0100792, 0.0415734
float3(-0.0739223, 0.584982, -1.5467)
384.301525791
normal
simd_float4x4([[0.0613672, -0.996951, 0.04819, 0.0)], [0.835708, 0.0249236, -0.548608, 0.0)], [0.545735, 0.0739393, 0.834689, 0.0)], [-0.0871087, -0.0114655, 0.0454361, 1.0)]])
-0.0871087, -0.0114655, 0.0454361
float3(-0.0740069, 0.579054, -1.5458)
384.368183083
normal
simd_float4x4([[0.0607865, -0.996891, 0.0501312, 0.0)], [0.844388, 0.0245752, -0.535168, 0.0)], [0.532273, 0.0748612, 0.843257, 0.0)], [-0.0953292, -0.0128051, 0.0461292, 1.0)]])
-0.0953292, -0.0128051, 0.0461292
float3(-0.0749313, 0.563053, -1.54615)
384.434840583
normal
simd_float4x4([[0.0618695, -0.996592, 0.0545558, 0.0)], [0.858706, 0.0252898, -0.511844, 0.0)], [0.50872, 0.0785149, 0.857344, 0.0)], [-0.0924545, -0.0165772, 0.0419934, 1.0)]])
-0.0924545, -0.0165772, 0.0419934
float3(-0.0785958, 0.535528, -1.54543)
384.50149775
normal
simd_float4x4([[0.0631751, -0.996196, 0.0600274, 0.0)], [0.875722, 0.026486, -0.482089, 0.0)], [0.478665, 0.0830233, 0.874063, 0.0)], [-0.0920009, -0.0164698, 0.0405817, 1.0)]])
-0.0920009, -0.0164698, 0.0405817
float3(-0.083119, 0.501023, -1.54422)
384.568155291
normal
simd_float4x4([[0.0625296, -0.995896, 0.065424, 0.0)], [0.89476, 0.0268974, -0.445737, 0.0)], [0.442148, 0.0864105, 0.89277, 0.0)], [-0.0873567, -0.0157288, 0.036258, 1.0)]])
-0.0873567, -0.0157288, 0.036258
float3(-0.0865184, 0.459844, -1.54379)
384.634812458
normal
simd_float4x4([[0.0589551, -0.995799, 0.0700543, 0.0)], [0.914644, 0.0257685, -0.403439, 0.0)], [0.39994, 0.0878595, 0.912321, 0.0)], [-0.0806248, -0.0193343, 0.03076, 1.0)]])
-0.0806248, -0.0193343, 0.03076
float3(-0.087973, 0.413146, -1.54492)
384.684816625
normal
simd_float4x4([[0.0558838, -0.995732, 0.0734547, 0.0)], [0.928934, 0.0248838, -0.369408, 0.0)], [0.366004, 0.0888785, 0.926359, 0.0)], [-0.0745898, -0.015605, 0.0287952, 1.0)]])
-0.0745898, -0.015605, 0.0287952
float3(-0.088996, 0.376274, -1.54581)
384.73484275
normal
simd_float4x4([[0.0518923, -0.995655, 0.0773166, 0.0)], [0.942588, 0.0232564, -0.333146, 0.0)], [0.3299, 0.0901655, 0.9397, 0.0)], [-0.0688744, -0.0176978, 0.0248153, 1.0)]])
-0.0688744, -0.0176978, 0.0248153
float3(-0.0902881, 0.337628, -1.54744)
384.784868958
normal
simd_float4x4([[0.0470852, -0.99572, 0.0795321, 0.0)], [0.954376, 0.0213402, -0.297843, 0.0)], [0.294871, 0.0899275, 0.951296, 0.0)], [-0.0649775, -0.0146003, 0.0231383, 1.0)]])
-0.0649775, -0.0146003, 0.0231383
float3(-0.0900492, 0.300577, -1.54937)
384.834895041
normal
simd_float4x4([[0.0429481, -0.995631, 0.0829143, 0.0)], [0.964613, 0.0197135, -0.262933, 0.0)], [0.260149, 0.0912727, 0.961245, 0.0)], [-0.0599512, -0.0168412, 0.0200392, 1.0)]])
-0.0599512, -0.0168412, 0.0200392
float3(-0.0913999, 0.264306, -1.551)
384.884921416
normal
simd_float4x4([[0.0390195, -0.995412, 0.0873604, 0.0)], [0.973486, 0.0181479, -0.228025, 0.0)], [0.225393, 0.0939415, 0.969728, 0.0)], [-0.0583499, -0.0168182, 0.0161636, 1.0)]])
-0.0583499, -0.0168182, 0.0161636
float3(-0.0940802, 0.228374, -1.55257)
384.934947541
normal
simd_float4x4([[0.0341686, -0.995222, 0.0914676, 0.0)], [0.980702, 0.01576, -0.194872, 0.0)], [0.1925, 0.096361, 0.976554, 0.0)], [-0.0540046, -0.019438, 0.0137366, 1.0)]])
-0.0540046, -0.019438, 0.0137366
float3(-0.0965107, 0.194626, -1.55496)
384.984973708
normal
simd_float4x4([[0.0295811, -0.995099, 0.0943571, 0.0)], [0.986702, 0.013976, -0.16194, 0.0)], [0.159828, 0.0978927, 0.982279, 0.0)], [-0.0501732, -0.0176118, 0.00901251, 1.0)]])
-0.0501732, -0.0176118, 0.00901251
float3(-0.0980497, 0.161298, -1.55675)
385.034999916
normal
simd_float4x4([[0.0251303, -0.994954, 0.097135, 0.0)], [0.991594, 0.0124719, -0.12879, 0.0)], [0.126929, 0.099555, 0.986903, 0.0)], [-0.046053, -0.0201449, 0.00760306, 1.0)]])
-0.046053, -0.0201449, 0.00760306
float3(-0.0997202, 0.127911, -1.55826)
385.085026291
normal
simd_float4x4([[0.0211954, -0.994668, 0.100924, 0.0)], [0.995333, 0.0114877, -0.095815, 0.0)], [0.0941447, 0.102484, 0.99027, 0.0)], [-0.0401735, -0.019846, 0.00403292, 1.0)]])
-0.0401735, -0.019846, 0.00403292
float3(-0.102664, 0.0947849, -1.55925)
385.1350525
normal
simd_float4x4([[0.0168164, -0.994358, 0.104738, 0.0)], [0.997906, 0.0101482, -0.0638763, 0.0)], [0.062453, 0.105593, 0.992446, 0.0)], [-0.0356178, -0.0222189, 0.00308488, 1.0)]])
-0.0356178, -0.0222189, 0.00308488
float3(-0.10579, 0.0628455, -1.56059)
385.185078625
normal
simd_float4x4([[0.0125527, -0.994261, 0.106242, 0.0)], [0.999418, 0.00910432, -0.0328804, 0.0)], [0.0317244, 0.106593, 0.993796, 0.0)], [-0.028103, -0.0214947, -0.000349484, 1.0)]])
-0.028103, -0.0214947, -0.000349484
float3(-0.106796, 0.0319116, -1.56164)
385.235104625
normal
simd_float4x4([[0.0102922, -0.994222, 0.106851, 0.0)], [0.999945, 0.0100164, -0.00311803, 0.0)], [0.00202974, 0.106877, 0.99427, 0.0)], [-0.0234834, -0.0230787, 0.000405186, 1.0)]])
-0.0234834, -0.0230787, 0.000405186
float3(-0.107081, 0.00204143, -1.56072)
385.285130833
normal
simd_float4x4([[0.00976394, -0.994405, 0.105181, 0.0)], [0.999596, 0.0125147, 0.0255241, 0.0)], [-0.0266976, 0.104889, 0.994125, 0.0)], [-0.0181679, -0.0223794, 0.000251897, 1.0)]])
-0.0181679, -0.0223794, 0.000251897
float3(-0.105082, -0.0268489, -1.55821)
385.335157166
normal
simd_float4x4([[0.00921202, -0.99458, 0.103569, 0.0)], [0.998487, 0.0147642, 0.0529706, 0.0)], [-0.0542126, 0.102924, 0.993211, 0.0)], [-0.0135936, -0.0234199, 0.00239533, 1.0)]])
-0.0135936, -0.0234199, 0.00239533
float3(-0.103107, -0.054529, -1.55595)
385.385183458
normal
simd_float4x4([[0.00868917, -0.994661, 0.102829, 0.0)], [0.996765, 0.0168328, 0.0785949, 0.0)], [-0.0799062, 0.101814, 0.991589, 0.0)], [-0.00817543, -0.0231693, 0.00496724, 1.0)]])
-0.00817543, -0.0231693, 0.00496724
float3(-0.10199, -0.0804103, -1.55387)
385.435209541
normal
simd_float4x4([[0.00745475, -0.994858, 0.101008, 0.0)], [0.994126, 0.0182803, 0.106678, 0.0)], [-0.107976, 0.0996198, 0.98915, 0.0)], [-0.00317071, -0.0244469, 0.00795283, 1.0)]])
-0.00317071, -0.0244469, 0.00795283
float3(-0.0997854, -0.10873, -1.55242)
385.48523575
normal
simd_float4x4([[0.00441186, -0.994984, 0.099935, 0.0)], [0.990764, 0.0178933, 0.134411, 0.0)], [-0.135525, 0.098419, 0.985874, 0.0)], [0.00167645, -0.0241999, 0.0137507, 1.0)]])
0.00167645, -0.0241999, 0.0137507
float3(-0.0985786, -0.136611, -1.55281)
385.535261833
normal
simd_float4x4([[0.000384264, -0.99477, 0.102136, 0.0)], [0.986905, 0.016852, 0.160419, 0.0)], [-0.161301, 0.100737, 0.98175, 0.0)], [0.0079809, -0.0259704, 0.0165302, 1.0)]])
0.0079809, -0.0259704, 0.0165302
float3(-0.100909, -0.162845, -1.55386)
385.585288125
normal
simd_float4x4([[-0.00548203, -0.995064, 0.0990868, 0.0)], [0.982235, 0.0132286, 0.187188, 0.0)], [-0.187575, 0.0983527, 0.977314, 0.0)], [0.0135225, -0.0256975, 0.0222159, 1.0)]])
0.0135225, -0.0256975, 0.0222159
float3(-0.0985119, -0.189623, -1.5575)
385.635314375
normal
simd_float4x4([[-0.0119823, -0.995185, 0.0972776, 0.0)], [0.977554, 0.00880611, 0.210501, 0.0)], [-0.210344, 0.0976164, 0.972742, 0.0)], [0.0203349, -0.0280471, 0.0254904, 1.0)]])
0.0203349, -0.0280471, 0.0254904
float3(-0.0977721, -0.21296, -1.56195)
385.685340541
normal
simd_float4x4([[-0.0144655, -0.995015, 0.0986743, 0.0)], [0.972439, 0.0089676, 0.232985, 0.0)], [-0.232709, 0.0993249, 0.967461, 0.0)], [0.0226565, -0.0254208, 0.0283833, 1.0)]])
0.0226565, -0.0254208, 0.0283833
float3(-0.099489, -0.236051, -1.56178)
385.735366708
normal
simd_float4x4([[-0.0138464, -0.995002, 0.098893, 0.0)], [0.967512, 0.0116377, 0.252556, 0.0)], [-0.252445, 0.0991771, 0.962515, 0.0)], [0.0270272, -0.0267586, 0.0300698, 1.0)]])
0.0270272, -0.0267586, 0.0300698
float3(-0.0993405, -0.256499, -1.5591)
385.785392875
normal
simd_float4x4([[-0.0128885, -0.994916, 0.0998752, 0.0)], [0.962887, 0.0145813, 0.26951, 0.0)], [-0.269597, 0.0996421, 0.957804, 0.0)], [0.0285004, -0.0266494, 0.031861, 1.0)]])
0.0285004, -0.0266494, 0.031861
float3(-0.0998077, -0.274375, -1.55614)
385.835419125
normal
simd_float4x4([[-0.012234, -0.994612, 0.102948, 0.0)], [0.959428, 0.0173276, 0.281421, 0.0)], [-0.281689, 0.102214, 0.954046, 0.0)], [0.0309082, -0.0282902, 0.0323172, 1.0)]])
0.0309082, -0.0282902, 0.0323172
float3(-0.102393, -0.2871, -1.55338)
385.885445375
normal
simd_float4x4([[-0.0121633, -0.99435, 0.105453, 0.0)], [0.957127, 0.0189462, 0.289049, 0.0)], [-0.289414, 0.104447, 0.951489, 0.0)], [0.0331597, -0.0282878, 0.0333526, 1.0)]])
0.0331597, -0.0282878, 0.0333526
float3(-0.104638, -0.295278, -1.55174)
385.935471541
normal
simd_float4x4([[-0.0110292, -0.994301, 0.106038, 0.0)], [0.956313, 0.0204929, 0.291627, 0.0)], [-0.292138, 0.104622, 0.950636, 0.0)], [0.0331664, -0.0297134, 0.0334281, 1.0)]])
0.0331664, -0.0297134, 0.0334281
float3(-0.104814, -0.298147, -1.55019)
385.985497708
normal
simd_float4x4([[-0.00852872, -0.994164, 0.107545, 0.0)], [0.956219, 0.0233537, 0.291718, 0.0)], [-0.292527, 0.105324, 0.950439, 0.0)], [0.034825, -0.0295311, 0.0342899, 1.0)]])
0.034825, -0.0295311, 0.0342899
float3(-0.10552, -0.29858, -1.54731)
386.035523833
normal
simd_float4x4([[-0.00657388, -0.993953, 0.109613, 0.0)], [0.957538, 0.0253384, 0.287191, 0.0)], [-0.288232, 0.106847, 0.951581, 0.0)], [0.0319694, -0.0305804, 0.0338544, 1.0)]])
0.0319694, -0.0305804, 0.0338544
float3(-0.107051, -0.294113, -1.54531)
386.08555025
normal
simd_float4x4([[-0.00678063, -0.993968, 0.109457, 0.0)], [0.960182, 0.0241003, 0.278334, 0.0)], [-0.279293, 0.106986, 0.954227, 0.0)], [0.0354535, -0.029943, 0.0348024, 1.0)]])
0.0354535, -0.029943, 0.0348024
float3(-0.107191, -0.284737, -1.54655)
386.135576375
normal
simd_float4x4([[-0.00602059, -0.993912, 0.110014, 0.0)], [0.963146, 0.0238213, 0.267921, 0.0)], [-0.268911, 0.107572, 0.957139, 0.0)], [0.0314065, -0.0309407, 0.0343591, 1.0)]])
0.0314065, -0.0309407, 0.0343591
float3(-0.107781, -0.273892, -1.54683)
386.185602625
normal
simd_float4x4([[-0.00645582, -0.993904, 0.110063, 0.0)], [0.966749, 0.0219352, 0.254786, 0.0)], [-0.255647, 0.108048, 0.960713, 0.0)], [0.024952, -0.0313344, 0.0335868, 1.0)]])
0.024952, -0.0313344, 0.0335868
float3(-0.10826, -0.260075, -1.54873)
386.235628666
normal
simd_float4x4([[-0.00701656, -0.99365, 0.112294, 0.0)], [0.970676, 0.0202165, 0.239541, 0.0)], [-0.24029, 0.110682, 0.96437, 0.0)], [0.0194494, -0.032993, 0.0320626, 1.0)]])
0.0194494, -0.032993, 0.0320626
float3(-0.110909, -0.244195, -1.55045)
386.285655041
normal
simd_float4x4([[-0.00654321, -0.993416, 0.11438, 0.0)], [0.975177, 0.0189781, 0.220615, 0.0)], [-0.221333, 0.112984, 0.968631, 0.0)], [0.012636, -0.0327801, 0.0291453, 1.0)]])
0.012636, -0.0327801, 0.0291453
float3(-0.113226, -0.224644, -1.55169)
386.335681208
normal
simd_float4x4([[-0.0070092, -0.993111, 0.116965, 0.0)], [0.979343, 0.0168206, 0.201505, 0.0)], [-0.202085, 0.115962, 0.972479, 0.0)], [0.00610691, -0.0343452, 0.0263399, 1.0)]])
0.00610691, -0.0343452, 0.0263399
float3(-0.116223, -0.204888, -1.55386)
386.385707375
normal
simd_float4x4([[-0.00715421, -0.992896, 0.11877, 0.0)], [0.983207, 0.0146749, 0.181904, 0.0)], [-0.182354, 0.118077, 0.976117, 0.0)], [-0.000836074, -0.0350084, 0.022649, 1.0)]])
-0.000836074, -0.0350084, 0.022649
float3(-0.118353, -0.184687, -1.55602)
386.435733458
normal
simd_float4x4([[-0.0067713, -0.992558, 0.121584, 0.0)], [0.986803, 0.0130384, 0.161398, 0.0)], [-0.161782, 0.121072, 0.979371, 0.0)], [-0.00698794, -0.0367791, 0.018755, 1.0)]])
-0.00698794, -0.0367791, 0.018755
float3(-0.12137, -0.163711, -1.55766)
386.485759583
normal
simd_float4x4([[-0.00696288, -0.992113, 0.125151, 0.0)], [0.989465, 0.0112624, 0.144331, 0.0)], [-0.144602, 0.124837, 0.981583, 0.0)], [-0.0123196, -0.0379191, 0.0151055, 1.0)]])
-0.0123196, -0.0379191, 0.0151055
float3(-0.125164, -0.146263, -1.55944)
386.535786125
normal
simd_float4x4([[-0.00521162, -0.991973, 0.126346, 0.0)], [0.991649, 0.0111546, 0.128482, 0.0)], [-0.12886, 0.12596, 0.983631, 0.0)], [-0.0163081, -0.039664, 0.0100999, 1.0)]])
-0.0163081, -0.039664, 0.0100999
float3(-0.126296, -0.130263, -1.55955)
386.585812208
normal
simd_float4x4([[-0.00228245, -0.991274, 0.131796, 0.0)], [0.9931, 0.0132063, 0.116527, 0.0)], [-0.117251, 0.131153, 0.984404, 0.0)], [-0.0209669, -0.0400406, 0.00417958, 1.0)]])
-0.0209669, -0.0400406, 0.00417958
float3(-0.131531, -0.11855, -1.55747)
386.635838416
normal
simd_float4x4([[-0.000469642, -0.990539, 0.137228, 0.0)], [0.994015, 0.0145284, 0.108271, 0.0)], [-0.10924, 0.136457, 0.984604, 0.0)], [-0.0225181, -0.0424089, -0.00339288, 1.0)]])
-0.0225181, -0.0424089, -0.00339288
float3(-0.136884, -0.110497, -1.55613)
386.685864583
normal
simd_float4x4([[0.000275705, -0.989835, 0.142218, 0.0)], [0.994506, 0.0151586, 0.103576, 0.0)], [-0.104679, 0.141408, 0.984401, 0.0)], [-0.0233195, -0.0451195, -0.0128114, 1.0)]])
-0.0233195, -0.0451195, -0.0128114
float3(-0.141884, -0.105939, -1.55548)
386.735890708
normal
simd_float4x4([[-6.51057e-05, -0.988948, 0.148266, 0.0)], [0.994621, 0.0152933, 0.102445, 0.0)], [-0.10358, 0.147475, 0.983627, 0.0)], [-0.0218197, -0.0482189, -0.023445, 1.0)]])
-0.0218197, -0.0482189, -0.023445
float3(-0.148015, -0.104918, -1.55533)
386.785916958
normal
simd_float4x4([[0.000746749, -0.988351, 0.152192, 0.0)], [0.994649, 0.0164566, 0.101991, 0.0)], [-0.103307, 0.151301, 0.983074, 0.0)], [-0.022014, -0.0502797, -0.0346408, 1.0)]])
-0.022014, -0.0502797, -0.0346408
float3(-0.151884, -0.104702, -1.55415)
386.835943208
normal
simd_float4x4([[0.00212901, -0.987859, 0.155341, 0.0)], [0.994776, 0.017947, 0.100497, 0.0)], [-0.102064, 0.154315, 0.982736, 0.0)], [-0.0199894, -0.0540954, -0.048983, 1.0)]])
-0.0199894, -0.0540954, -0.048983
float3(-0.154934, -0.103486, -1.55263)
386.885969333
normal
simd_float4x4([[0.00440778, -0.987367, 0.158391, 0.0)], [0.994713, 0.0205801, 0.10061, 0.0)], [-0.102598, 0.15711, 0.982237, 0.0)], [-0.0194649, -0.0581243, -0.0651249, 1.0)]])
-0.0194649, -0.0581243, -0.0651249
float3(-0.157764, -0.104076, -1.54996)
386.935995583
normal
simd_float4x4([[0.0041785, -0.987365, 0.158407, 0.0)], [0.994936, 0.0200126, 0.0984958, 0.0)], [-0.100422, 0.157193, 0.982449, 0.0)], [-0.0168767, -0.0628298, -0.0835804, 1.0)]])
-0.0168767, -0.0628298, -0.0835804
float3(-0.157848, -0.101862, -1.55053)
386.98602175
normal
simd_float4x4([[0.002324, -0.987521, 0.157468, 0.0)], [0.995182, 0.0177182, 0.096428, 0.0)], [-0.0980148, 0.156485, 0.982805, 0.0)], [-0.0133763, -0.0656853, -0.103826, 1.0)]])
-0.0133763, -0.0656853, -0.103826
float3(-0.157131, -0.099401, -1.55286)
387.036048125
normal
simd_float4x4([[-0.00136289, -0.987461, 0.157855, 0.0)], [0.995192, 0.0141195, 0.0969169, 0.0)], [-0.0979305, 0.157228, 0.982695, 0.0)], [-0.00973916, -0.0692661, -0.127093, 1.0)]])
-0.00973916, -0.0692661, -0.127093
float3(-0.157884, -0.0993272, -1.5565)
387.086074125
normal
simd_float4x4([[-0.00620734, -0.987229, 0.159184, 0.0)], [0.995673, 0.00865744, 0.092518, 0.0)], [-0.0927146, 0.159069, 0.982904, 0.0)], [-0.00480561, -0.0697227, -0.152775, 1.0)]])
-0.00480561, -0.0697227, -0.152775
float3(-0.159748, -0.0940489, -1.56203)
387.136100375
normal
simd_float4x4([[-0.00737306, -0.987496, 0.157472, 0.0)], [0.996406, 0.00603329, 0.0844874, 0.0)], [-0.0843811, 0.157529, 0.983903, 0.0)], [0.000532939, -0.0696139, -0.179214, 1.0)]])
0.000532939, -0.0696139, -0.179214
float3(-0.158188, -0.0855523, -1.56469)
387.186126458
normal
simd_float4x4([[-0.00368599, -0.987641, 0.156691, 0.0)], [0.997156, 0.00816547, 0.0749248, 0.0)], [-0.0752782, 0.156522, 0.984802, 0.0)], [0.00570929, -0.0670147, -0.203969, 1.0)]])
0.00570929, -0.0670147, -0.203969
float3(-0.157168, -0.0762916, -1.56253)
387.236152833
normal
simd_float4x4([[0.00563397, -0.987747, 0.155962, 0.0)], [0.997817, 0.0158153, 0.0641173, 0.0)], [-0.0657982, 0.155261, 0.98568, 0.0)], [0.00936806, -0.0639045, -0.228773, 1.0)]])
0.00936806, -0.0639045, -0.228773
float3(-0.155891, -0.0666553, -1.55479)
387.286178958
normal
simd_float4x4([[0.0145242, -0.987633, 0.156109, 0.0)], [0.998039, 0.0238263, 0.0578822, 0.0)], [-0.0608859, 0.154962, 0.986042, 0.0)], [0.0132416, -0.0612865, -0.251927, 1.0)]])
0.0132416, -0.0612865, -0.251927
float3(-0.155589, -0.0616694, -1.54668)
387.33620525
normal
simd_float4x4([[0.0226061, -0.988551, 0.149184, 0.0)], [0.998448, 0.0299208, 0.0469709, 0.0)], [-0.0508968, 0.147891, 0.987693, 0.0)], [0.0166676, -0.0589707, -0.274224, 1.0)]])
0.0166676, -0.0589707, -0.274224
float3(-0.148435, -0.0514855, -1.54054)
387.386231333
normal
simd_float4x4([[0.0277434, -0.989384, 0.14265, 0.0)], [0.99843, 0.034373, 0.0442217, 0.0)], [-0.0486556, 0.141199, 0.988785, 0.0)], [0.0208347, -0.0596296, -0.29417, 1.0)]])
0.0208347, -0.0596296, -0.29417
float3(-0.141673, -0.0491678, -1.53607)
387.436257458
normal
simd_float4x4([[0.0308194, -0.989938, 0.138101, 0.0)], [0.998525, 0.0366734, 0.040047, 0.0)], [-0.0447087, 0.136663, 0.989608, 0.0)], [0.0241906, -0.0605972, -0.314182, 1.0)]])
0.0241906, -0.0605972, -0.314182
float3(-0.137092, -0.0451475, -1.53377)
387.486283833
normal
simd_float4x4([[0.0333327, -0.988669, 0.146364, 0.0)], [0.998263, 0.0400534, 0.0432129, 0.0)], [-0.0485856, 0.144669, 0.988286, 0.0)], [0.0251247, -0.061291, -0.336442, 1.0)]])
0.0251247, -0.061291, -0.336442
float3(-0.145179, -0.0491219, -1.53031)
387.536309958
normal
simd_float4x4([[0.0389461, -0.987143, 0.155024, 0.0)], [0.997867, 0.0465567, 0.0457678, 0.0)], [-0.0523967, 0.152911, 0.98685, 0.0)], [0.0259886, -0.0628707, -0.359694, 1.0)]])
0.0259886, -0.0628707, -0.359694
float3(-0.153513, -0.0530451, -1.52367)
387.586336125
normal
simd_float4x4([[0.0447155, -0.986475, 0.157697, 0.0)], [0.997362, 0.0531167, 0.0494665, 0.0)], [-0.0571738, 0.155069, 0.986248, 0.0)], [0.0245668, -0.063309, -0.383971, 1.0)]])
0.0245668, -0.063309, -0.383971
float3(-0.155697, -0.0579062, -1.517)
387.636362333
normal
simd_float4x4([[0.0475777, -0.986747, 0.155133, 0.0)], [0.997384, 0.0553936, 0.046452, 0.0)], [-0.0544298, 0.152517, 0.986801, 0.0)], [0.0242833, -0.0666057, -0.408881, 1.0)]])
0.0242833, -0.0666057, -0.408881
float3(-0.153115, -0.055102, -1.51472)
387.6863885
normal
simd_float4x4([[0.0438796, -0.987657, 0.150357, 0.0)], [0.997704, 0.0510945, 0.044461, 0.0)], [-0.0515947, 0.148061, 0.987631, 0.0)], [0.0261994, -0.0703323, -0.43555, 1.0)]])
0.0261994, -0.0703323, -0.43555
float3(-0.148607, -0.0521934, -1.51911)
387.736414833
normal
simd_float4x4([[0.0380048, -0.988245, 0.148078, 0.0)], [0.998167, 0.0445278, 0.0409875, 0.0)], [-0.0470993, 0.146248, 0.988126, 0.0)], [0.0257736, -0.0776562, -0.463996, 1.0)]])
0.0257736, -0.0776562, -0.463996
float3(-0.146775, -0.0476292, -1.52577)
387.786440916
normal
simd_float4x4([[0.0362975, -0.987308, 0.154612, 0.0)], [0.998458, 0.0423303, 0.0359063, 0.0)], [-0.0419953, 0.15307, 0.987323, 0.0)], [0.0244317, -0.0836272, -0.498513, 1.0)]])
0.0244317, -0.0836272, -0.498513
float3(-0.153674, -0.0425089, -1.52795)
387.836467208
normal
simd_float4x4([[0.0348639, -0.987543, 0.153438, 0.0)], [0.998561, 0.0406811, 0.0349364, 0.0)], [-0.0407433, 0.151999, 0.98754, 0.0)], [0.0204905, -0.090248, -0.531622, 1.0)]])
0.0204905, -0.090248, -0.531622
float3(-0.152591, -0.0412339, -1.52963)
387.88649325
normal
simd_float4x4([[0.0379976, -0.98903, 0.142746, 0.0)], [0.998644, 0.04267, 0.0298134, 0.0)], [-0.0355773, 0.141419, 0.98931, 0.0)], [0.0144845, -0.0943365, -0.564269, 1.0)]])
0.0144845, -0.0943365, -0.564269
float3(-0.141895, -0.0359462, -1.52768)
387.9364975
normal
simd_float4x4([[0.0398157, -0.989874, 0.136252, 0.0)], [0.998674, 0.0438749, 0.0269184, 0.0)], [-0.0326239, 0.135, 0.990308, 0.0)], [0.00694805, -0.0973965, -0.598218, 1.0)]])
0.00694805, -0.0973965, -0.598218
float3(-0.135413, -0.0329313, -1.5265)
388.003154833
normal
simd_float4x4([[0.0359981, -0.991701, 0.123424, 0.0)], [0.998184, 0.0416506, 0.0435264, 0.0)], [-0.0483059, 0.121633, 0.991399, 0.0)], [-0.00109679, -0.0970403, -0.645369, 1.0)]])
-0.00109679, -0.0970403, -0.645369
