ARKit Data
5980.655584791
normal
simd_float4x4([[0.74062, -0.671679, -0.0181593, 0.0)], [-0.665368, -0.736891, 0.119485, 0.0)], [-0.0936369, -0.0764102, -0.99267, 0.0)], [-0.813045, -0.431668, -1.44059, 1.0)]])
-0.813045, -0.431668, -1.44059
float3(0.0764848, -3.04754, -2.40246)
5981.060248958
notAvailable
simd_float4x4([[1.0, 0.0, 0.0, 0.0)], [0.0, 1.0, 0.0, 0.0)], [0.0, 0.0, 1.0, 0.0)], [0.0, 0.0, 0.0, 1.0)]])
0.0, 0.0, 0.0
float3(-0.0, 0.0, 0.0)
5981.17690275
limited(__ObjC.ARCamera.TrackingState.Reason.initializing)
simd_float4x4([[-0.740682, -0.671407, -0.0245498, 0.0)], [0.671855, -0.740188, -0.0270649, 0.0)], [6.44134e-08, -0.0365404, 0.999332, 0.0)], [0.0, 0.0, 0.0, 1.0)]])
0.0, 0.0, 0.0
float3(0.0365486, 6.44564e-08, -2.40488)
5981.310221166
limited(__ObjC.ARCamera.TrackingState.Reason.initializing)
simd_float4x4([[-0.740044, -0.672276, -0.0194704, 0.0)], [0.672533, -0.739459, -0.0299986, 0.0)], [0.00576967, -0.0352948, 0.99936, 0.0)], [0.0, 0.0, 0.0, 1.0)]])
0.0, 0.0, 0.0
float3(0.0353021, 0.0057733, -2.40375)
5981.4435395
limited(__ObjC.ARCamera.TrackingState.Reason.initializing)
simd_float4x4([[-0.736353, -0.676362, -0.0178276, 0.0)], [0.676471, -0.73545, -0.0387415, 0.0)], [0.013092, -0.0405872, 0.99909, 0.0)], [0.0, 0.0, 0.0, 1.0)]])
0.0, 0.0, 0.0
float3(0.0405984, 0.0131032, -2.39802)
5981.576858208
limited(__ObjC.ARCamera.TrackingState.Reason.initializing)
simd_float4x4([[-0.732269, -0.68093, -0.0108026, 0.0)], [0.680787, -0.731519, -0.0375408, 0.0)], [0.0176603, -0.0348442, 0.999236, 0.0)], [0.0, 0.0, 0.0, 1.0)]])
0.0, 0.0, 0.0
float3(0.0348513, 0.017672, -2.392)
5981.710176708
limited(__ObjC.ARCamera.TrackingState.Reason.initializing)
simd_float4x4([[-0.724633, -0.689091, -0.00777537, 0.0)], [0.688925, -0.724085, -0.0328891, 0.0)], [0.0170336, -0.0291891, 0.999427, 0.0)], [0.0, 0.0, 0.0, 1.0)]])
0.0, 0.0, 0.0
float3(0.0291933, 0.0170417, -2.38095)
5981.843495208
limited(__ObjC.ARCamera.TrackingState.Reason.initializing)
simd_float4x4([[-0.715224, -0.698729, -0.0151347, 0.0)], [0.698893, -0.715, -0.0179103, 0.0)], [0.00169332, -0.0233874, 0.999722, 0.0)], [0.0, 0.0, 0.0, 1.0)]])
0.0, 0.0, 0.0
float3(0.0233895, 0.00169378, -2.3677)
5981.976813708
limited(__ObjC.ARCamera.TrackingState.Reason.initializing)
simd_float4x4([[-0.705549, -0.708071, -0.0288587, 0.0)], [0.708346, -0.705862, 0.00106695, 0.0)], [-0.0211256, -0.0196891, 0.999579, 0.0)], [0.0, 0.0, 0.0, 1.0)]])
0.0, 0.0, 0.0
float3(0.0196904, -0.0211314, -2.35463)
5982.110132333
limited(__ObjC.ARCamera.TrackingState.Reason.initializing)
simd_float4x4([[-0.702846, -0.710281, -0.0387929, 0.0)], [0.710515, -0.70361, 0.00985521, 0.0)], [-0.034295, -0.0206362, 0.999195, 0.0)], [0.0, 0.0, 0.0, 1.0)]])
0.0, 0.0, 0.0
float3(0.0206377, -0.0343092, -2.35148)
5982.243450833
limited(__ObjC.ARCamera.TrackingState.Reason.initializing)
simd_float4x4([[-0.699476, -0.712937, -0.0494828, 0.0)], [0.713172, -0.700804, 0.0159256, 0.0)], [-0.0460316, -0.0241502, 0.998642, 0.0)], [0.0, 0.0, 0.0, 1.0)]])
0.0, 0.0, 0.0
float3(0.0241525, -0.0460616, -2.34761)
5982.376769166
limited(__ObjC.ARCamera.TrackingState.Reason.initializing)
simd_float4x4([[-0.699273, -0.712559, -0.0571783, 0.0)], [0.712965, -0.700997, 0.0166341, 0.0)], [-0.0519345, -0.0291343, 0.998219, 0.0)], [0.0, 0.0, 0.0, 1.0)]])
0.0, 0.0, 0.0
float3(0.0291385, -0.0519803, -2.34802)
5982.510087708
limited(__ObjC.ARCamera.TrackingState.Reason.initializing)
simd_float4x4([[-0.69975, -0.711085, -0.0685569, 0.0)], [0.711498, -0.702321, 0.0225491, 0.0)], [-0.0641833, -0.0329995, 0.997385, 0.0)], [0.0, 0.0, 0.0, 1.0)]])
0.0, 0.0, 0.0
float3(0.0330054, -0.064263, -2.34999)
5982.643406208
limited(__ObjC.ARCamera.TrackingState.Reason.initializing)
simd_float4x4([[-0.702302, -0.707644, -0.0774726, 0.0)], [0.708289, -0.70552, 0.0236624, 0.0)], [-0.0714031, -0.0382548, 0.996705, 0.0)], [0.0, 0.0, 0.0, 1.0)]])
0.0, 0.0, 0.0
float3(0.0382641, -0.071517, -2.35469)
5982.776724708
limited(__ObjC.ARCamera.TrackingState.Reason.initializing)
simd_float4x4([[-0.704387, -0.704811, -0.0840929, 0.0)], [0.705658, -0.708128, 0.0243519, 0.0)], [-0.0767123, -0.0421877, 0.996152, 0.0)], [0.0, 0.0, 0.0, 1.0)]])
0.0, 0.0, 0.0
float3(0.0422002, -0.0768569, -2.35854)
5982.910043416
limited(__ObjC.ARCamera.TrackingState.Reason.initializing)
simd_float4x4([[-0.706548, -0.702886, -0.0820553, 0.0)], [0.703541, -0.710187, 0.0256347, 0.0)], [-0.0762931, -0.0396171, 0.99629, 0.0)], [0.0, 0.0, 0.0, 1.0)]])
0.0, 0.0, 0.0
float3(0.0396274, -0.076428, -2.36136)
5983.043361875
limited(__ObjC.ARCamera.TrackingState.Reason.initializing)
simd_float4x4([[-0.707153, -0.702929, -0.0762755, 0.0)], [0.70327, -0.710408, 0.0269182, 0.0)], [-0.0731085, -0.034607, 0.996716, 0.0)], [0.0, 0.0, 0.0, 1.0)]])
0.0, 0.0, 0.0
float3(0.0346139, -0.0732182, -2.36149)
5983.176680458
limited(__ObjC.ARCamera.TrackingState.Reason.initializing)
simd_float4x4([[-0.707601, -0.703186, -0.0694551, 0.0)], [0.703202, -0.710417, 0.02843, 0.0)], [-0.0693338, -0.0287239, 0.997174, 0.0)], [0.0, 0.0, 0.0, 1.0)]])
0.0, 0.0, 0.0
float3(0.0287278, -0.0694186, -2.36131)
5983.309998833
limited(__ObjC.ARCamera.TrackingState.Reason.initializing)
simd_float4x4([[-0.70742, -0.703182, -0.071316, 0.0)], [0.703673, -0.71017, 0.022323, 0.0)], [-0.0663437, -0.0343914, 0.997199, 0.0)], [0.0, 0.0, 0.0, 1.0)]])
0.0, 0.0, 0.0
float3(0.0343982, -0.0664322, -2.36114)
5983.443317291
limited(__ObjC.ARCamera.TrackingState.Reason.initializing)
simd_float4x4([[-0.704638, -0.705698, -0.0739684, 0.0)], [0.706582, -0.7074, 0.0179844, 0.0)], [-0.0650168, -0.0395923, 0.997094, 0.0)], [0.0, 0.0, 0.0, 1.0)]])
0.0, 0.0, 0.0
float3(0.0396026, -0.0651141, -2.3574)
5983.576636
limited(__ObjC.ARCamera.TrackingState.Reason.initializing)
simd_float4x4([[-0.703741, -0.706978, -0.0701854, 0.0)], [0.708079, -0.706027, 0.012066, 0.0)], [-0.0580833, -0.0412055, 0.997456, 0.0)], [0.0, 0.0, 0.0, 1.0)]])
0.0, 0.0, 0.0
float3(0.0412171, -0.0581658, -2.35552)
5983.709954458
limited(__ObjC.ARCamera.TrackingState.Reason.initializing)
simd_float4x4([[-0.70323, -0.707757, -0.0673887, 0.0)], [0.70887, -0.705266, 0.00986886, 0.0)], [-0.0545117, -0.0408297, 0.997671, 0.0)], [0.0, 0.0, 0.0, 1.0)]])
0.0, 0.0, 0.0
float3(0.0408411, -0.0545846, -2.35443)
5983.843273041
limited(__ObjC.ARCamera.TrackingState.Reason.initializing)
simd_float4x4([[-0.699787, -0.709731, -0.0810753, 0.0)], [0.710912, -0.703037, 0.0183446, 0.0)], [-0.0700188, -0.0448001, 0.996532, 0.0)], [0.0, 0.0, 0.0, 1.0)]])
0.0, 0.0, 0.0
float3(0.0448151, -0.0701472, -2.35146)
5983.9765915
limited(__ObjC.ARCamera.TrackingState.Reason.initializing)
simd_float4x4([[-0.697788, -0.710679, -0.0895467, 0.0)], [0.71151, -0.702114, 0.0279484, 0.0)], [-0.0827346, -0.0442114, 0.995583, 0.0)], [0.0, 0.0, 0.0, 1.0)]])
0.0, 0.0, 0.0
float3(0.0442258, -0.0829112, -2.35013)
5984.109909916
limited(__ObjC.ARCamera.TrackingState.Reason.initializing)
simd_float4x4([[-0.699665, -0.709371, -0.0851749, 0.0)], [0.709984, -0.703647, 0.0282227, 0.0)], [-0.0799536, -0.0407264, 0.995959, 0.0)], [0.0, 0.0, 0.0, 1.0)]])
0.0, 0.0, 0.0
float3(0.0407376, -0.0801062, -2.35214)
5984.243228583
limited(__ObjC.ARCamera.TrackingState.Reason.initializing)
simd_float4x4([[-0.702373, -0.70697, -0.0828121, 0.0)], [0.707434, -0.706191, 0.0287372, 0.0)], [-0.0787977, -0.0383998, 0.996144, 0.0)], [0.0, 0.0, 0.0, 1.0)]])
0.0, 0.0, 0.0
float3(0.0384092, -0.0789383, -2.35564)
5984.376547041
limited(__ObjC.ARCamera.TrackingState.Reason.initializing)
simd_float4x4([[-0.702977, -0.705936, -0.0864314, 0.0)], [0.706402, -0.707152, 0.0304079, 0.0)], [-0.0825865, -0.0396793, 0.995786, 0.0)], [0.0, 0.0, 0.0, 1.0)]])
0.0, 0.0, 0.0
float3(0.0396897, -0.0827467, -2.35706)
5984.509865625
limited(__ObjC.ARCamera.TrackingState.Reason.initializing)
simd_float4x4([[-0.704115, -0.705993, -0.0760678, 0.0)], [0.706365, -0.707341, 0.02661, 0.0)], [-0.0725926, -0.0349951, 0.996739, 0.0)], [0.0, 0.0, 0.0, 1.0)]])
0.0, 0.0, 0.0
float3(0.0350023, -0.0727018, -2.35715)
5984.64318425
limited(__ObjC.ARCamera.TrackingState.Reason.initializing)
simd_float4x4([[-0.709011, -0.703995, -0.0410544, 0.0)], [0.703408, -0.710151, 0.0299054, 0.0)], [-0.0502082, -0.00767469, 0.9987, 0.0)], [0.0, 0.0, 0.0, 1.0)]])
0.0, 0.0, 0.0
float3(0.00767477, -0.0502312, -2.36055)
5984.77650275
limited(__ObjC.ARCamera.TrackingState.Reason.initializing)
simd_float4x4([[-0.709907, -0.703401, -0.0353537, 0.0)], [0.702496, -0.71078, 0.0357992, 0.0)], [-0.0503099, 0.000578254, 0.998724, 0.0)], [0.0, 0.0, 0.0, 1.0)]])
0.0, 0.0, 0.0
float3(-0.000578255, -0.0503316, -2.36141)
5984.909821375
limited(__ObjC.ARCamera.TrackingState.Reason.initializing)
simd_float4x4([[-0.711133, -0.702759, -0.0202526, 0.0)], [0.702172, -0.711381, 0.0297137, 0.0)], [-0.0352887, 0.00690961, 0.999344, 0.0)], [0.0, 0.0, 0.0, 1.0)]])
0.0, 0.0, 0.0
float3(-0.00690966, -0.0352973, -2.36229)
5985.043139666
normal
simd_float4x4([[-0.707431, -0.706469, -0.0210405, 0.0)], [0.706377, -0.70772, 0.0127993, 0.0)], [-0.0239331, -0.00580783, 0.999697, 0.0)], [0.000477106, 0.000187644, -0.00041073, 1.0)]])
0.000477106, 0.000187644, -0.00041073
float3(0.00580786, -0.0239358, -2.35708)
5985.176458291
normal
simd_float4x4([[-0.705207, -0.708794, -0.017135, 0.0)], [0.708849, -0.705351, 0.00370436, 0.0)], [-0.0147118, -0.00953384, 0.999846, 0.0)], [0.00417582, 0.000738349, -0.00273324, 1.0)]])
0.00417582, 0.000738349, -0.00273324
float3(0.00953398, -0.014713, -2.35376)
5985.309776833
normal
simd_float4x4([[-0.698791, -0.714099, -0.0418709, 0.0)], [0.714414, -0.699659, 0.00954746, 0.0)], [-0.0361132, -0.0232415, 0.999078, 0.0)], [0.0173594, 0.00202927, 0.00482701, 1.0)]])
0.0173594, 0.00202927, 0.00482701
float3(0.0232436, -0.0361308, -2.34598)
5985.443095458
normal
simd_float4x4([[-0.697068, -0.71596, -0.0386911, 0.0)], [0.71629, -0.697768, 0.0070034, 0.0)], [-0.0320116, -0.0228322, 0.999227, 0.0)], [0.0241793, 0.00305503, 0.00689231, 1.0)]])
0.0241793, 0.00305503, 0.00689231
float3(0.0228342, -0.0320254, -2.34333)
5985.576413958
normal
simd_float4x4([[-0.693164, -0.718634, -0.0555782, 0.0)], [0.71879, -0.694918, 0.0207335, 0.0)], [-0.0535221, -0.0255774, 0.998239, 0.0)], [0.0246205, 0.00537519, 0.0155602, 1.0)]])
0.0246205, 0.00537519, 0.0155602
float3(0.0255802, -0.0535652, -2.33942)
5985.709732583
normal
simd_float4x4([[-0.69164, -0.718603, -0.0724127, 0.0)], [0.718822, -0.694642, 0.0277049, 0.0)], [-0.0702097, -0.03289, 0.99699, 0.0)], [0.0178276, 0.003082, 0.0179687, 1.0)]])
0.0178276, 0.003082, 0.0179687
float3(0.0328959, -0.0703056, -2.33924)
5985.843050958
normal
simd_float4x4([[-0.69468, -0.714904, -0.0795756, 0.0)], [0.715618, -0.698071, 0.0242296, 0.0)], [-0.0728713, -0.0401139, 0.996534, 0.0)], [0.0177842, 0.00364554, 0.0184492, 1.0)]])
0.0177842, 0.00364554, 0.0184492
float3(0.0401247, -0.0729948, -2.34428)
5985.9763695
normal
simd_float4x4([[-0.692328, -0.712411, -0.114684, 0.0)], [0.713865, -0.699401, 0.0351599, 0.0)], [-0.105259, -0.0575269, 0.99278, 0.0)], [0.0181562, 0.00522526, 0.021203, 1.0)]])
0.0181562, 0.00522526, 0.021203
float3(0.0575587, -0.10563, -2.34698)
5986.109688
normal
simd_float4x4([[-0.695086, -0.706544, -0.132859, 0.0)], [0.709364, -0.704069, 0.03302, 0.0)], [-0.116872, -0.0712934, 0.990585, 0.0)], [0.0177842, 0.0056629, 0.0209976, 1.0)]])
0.0177842, 0.0056629, 0.0209976
float3(0.0713539, -0.11744, -2.35444)
5986.2430065
normal
simd_float4x4([[-0.696792, -0.70261, -0.144294, 0.0)], [0.706096, -0.707287, 0.0342681, 0.0)], [-0.126134, -0.0780076, 0.988941, 0.0)], [0.0184869, 0.00628255, 0.019022, 1.0)]])
0.0184869, 0.00628255, 0.019022
float3(0.0780869, -0.12686, -2.35951)
5986.376325125
normal
simd_float4x4([[-0.695509, -0.701579, -0.155094, 0.0)], [0.704906, -0.708064, 0.0418724, 0.0)], [-0.139193, -0.0802044, 0.987012, 0.0)], [0.0191534, 0.00591759, 0.0169787, 1.0)]])
0.0191534, 0.00591759, 0.0169787
float3(0.0802906, -0.140101, -2.36079)
5986.509643708
normal
simd_float4x4([[-0.695418, -0.701695, -0.154976, 0.0)], [0.703193, -0.708916, 0.0543951, 0.0)], [-0.148034, -0.0711506, 0.98642, 0.0)], [0.0226963, 0.00646206, 0.0182963, 1.0)]])
0.0226963, 0.00646206, 0.0182963
float3(0.0712108, -0.14896, -2.36131)
5986.642962333
normal
simd_float4x4([[-0.691825, -0.703452, -0.162889, 0.0)], [0.701822, -0.708138, 0.0773747, 0.0)], [-0.169777, -0.0607889, 0.983606, 0.0)], [0.0266738, 0.00587945, 0.0164367, 1.0)]])
0.0266738, 0.00587945, 0.0164367
float3(0.0608264, -0.170923, -2.35951)
5986.77628075
normal
simd_float4x4([[-0.683122, -0.707867, -0.179637, 0.0)], [0.703049, -0.703994, 0.100569, 0.0)], [-0.197653, -0.0575931, 0.978579, 0.0)], [0.0300875, 0.00422645, 0.0128797, 1.0)]])
0.0300875, 0.00422645, 0.0128797
float3(0.057625, -0.199298, -2.35345)
5986.909599208
normal
simd_float4x4([[-0.678949, -0.710431, -0.185244, 0.0)], [0.695299, -0.703211, 0.148508, 0.0)], [-0.23577, -0.0279702, 0.971406, 0.0)], [0.0364572, 0.00189691, 0.00572205, 1.0)]])
0.0364572, 0.00189691, 0.00572205
float3(0.0279739, -0.238106, -2.35109)
5987.042917791
normal
simd_float4x4([[-0.631518, -0.728464, -0.265564, 0.0)], [0.701629, -0.682674, 0.204141, 0.0)], [-0.330004, -0.0574087, 0.942232, 0.0)], [0.0357832, 0.000894632, 0.00477251, 1.0)]])
0.0357832, 0.000894632, 0.00477251
float3(0.0574403, -0.336885, -2.32376)
5987.176236458
normal
simd_float4x4([[-0.544683, -0.747591, -0.380038, 0.0)], [0.703104, -0.654082, 0.278966, 0.0)], [-0.457128, -0.115258, 0.881901, 0.0)], [0.0338813, -0.00724393, -0.000542955, 1.0)]])
0.0338813, -0.00724393, -0.000542955
float3(0.115515, -0.478215, -2.28958)
5987.309555
normal
simd_float4x4([[-0.523732, -0.762084, -0.380701, 0.0)], [0.700748, -0.639523, 0.316169, 0.0)], [-0.484414, -0.101188, 0.868967, 0.0)], [0.0366023, -0.00578892, -0.0271488, 1.0)]])
0.0366023, -0.00578892, -0.0271488
float3(0.101361, -0.508553, -2.26897)
5987.442873458
normal
simd_float4x4([[-0.517193, -0.787597, -0.334968, 0.0)], [0.721993, -0.611661, 0.323413, 0.0)], [-0.459606, -0.0745775, 0.884986, 0.0)], [0.036112, -0.00992455, -0.0735759, 1.0)]])
0.036112, -0.00992455, -0.0735759
float3(0.0746469, -0.478997, -2.23112)
5987.576192125
normal
simd_float4x4([[-0.533319, -0.798172, -0.280166, 0.0)], [0.731695, -0.601472, 0.320709, 0.0)], [-0.424493, -0.0339558, 0.904794, 0.0)], [0.0456527, -0.021695, -0.142222, 1.0)]])
0.0456527, -0.021695, -0.142222
float3(0.0339623, -0.438672, -2.21657)
5987.709510541
normal
simd_float4x4([[-0.549138, -0.799542, -0.24327, 0.0)], [0.739289, -0.600481, 0.304755, 0.0)], [-0.389743, -0.0124946, 0.920839, 0.0)], [0.0802882, -0.039802, -0.230097, 1.0)]])
0.0802882, -0.039802, -0.230097
float3(0.0124949, -0.400386, -2.21496)
5987.842828958
normal
simd_float4x4([[-0.564376, -0.809708, -0.160786, 0.0)], [0.748096, -0.584003, 0.315108, 0.0)], [-0.349046, 0.0575561, 0.935337, 0.0)], [0.113665, -0.0347534, -0.336895, 1.0)]])
0.113665, -0.0347534, -0.336895
float3(-0.0575879, -0.357171, -2.19564)
5987.976147625
normal
simd_float4x4([[-0.606487, -0.783601, -0.134697, 0.0)], [0.705222, -0.608398, 0.364026, 0.0)], [-0.367201, 0.125786, 0.921597, 0.0)], [0.151583, -0.0310907, -0.433044, 1.0)]])
0.151583, -0.0310907, -0.433044
float3(-0.12612, -0.37916, -2.23099)
5988.109466166
normal
simd_float4x4([[-0.617561, -0.760736, -0.199747, 0.0)], [0.687964, -0.645556, 0.331607, 0.0)], [-0.381214, 0.0673688, 0.922029, 0.0)], [0.169243, -0.0307686, -0.492136, 1.0)]])
0.169243, -0.0307686, -0.492136
float3(-0.0674199, -0.392048, -2.27447)
5988.242784833
normal
simd_float4x4([[-0.594375, -0.755208, -0.27637, 0.0)], [0.646554, -0.653122, 0.394207, 0.0)], [-0.478212, 0.0556183, 0.876482, 0.0)], [0.17022, -0.0328211, -0.550076, 1.0)]])
0.17022, -0.0328211, -0.550076
float3(-0.055647, -0.499462, -2.28383)
5988.376103333
normal
simd_float4x4([[-0.552583, -0.760845, -0.340246, 0.0)], [0.62151, -0.64816, 0.440015, 0.0)], [-0.555317, 0.0316792, 0.831035, 0.0)], [0.162971, -0.0419073, -0.623069, 1.0)]])
0.162971, -0.0419073, -0.623069
float3(-0.0316845, -0.58908, -2.27639)
5988.509421708
normal
simd_float4x4([[-0.54329, -0.765235, -0.345328, 0.0)], [0.625408, -0.643305, 0.441614, 0.0)], [-0.56009, 0.0239535, 0.828086, 0.0)], [0.149804, -0.0599817, -0.748363, 1.0)]])
0.149804, -0.0599817, -0.748363
float3(-0.0239558, -0.594688, -2.26985)
5988.642740291
normal
simd_float4x4([[-0.55034, -0.753527, -0.359615, 0.0)], [0.641547, -0.657287, 0.395463, 0.0)], [-0.534362, -0.0130712, 0.845155, 0.0)], [0.179586, -0.0780574, -0.836604, 1.0)]])
0.179586, -0.0780574, -0.836604
float3(0.0130716, -0.563807, -2.28808)
5988.776058916
normal
simd_float4x4([[-0.586999, -0.746796, -0.312616, 0.0)], [0.658576, -0.665053, 0.352111, 0.0)], [-0.470861, 0.000807403, 0.882207, 0.0)], [0.241603, -0.0724248, -0.989723, 1.0)]])
0.241603, -0.0724248, -0.989723
float3(-0.000807403, -0.490266, -2.29836)
5988.909377458
normal
simd_float4x4([[-0.616867, -0.7427, -0.260525, 0.0)], [0.704606, -0.668605, 0.237694, 0.0)], [-0.350724, -0.036942, 0.93575, 0.0)], [0.255526, -0.0534103, -0.977441, 1.0)]])
0.255526, -0.0534103, -0.977441
float3(0.0369504, -0.358599, -2.30374)
5989.042696166
normal
simd_float4x4([[-0.627492, -0.752652, -0.199421, 0.0)], [0.728622, -0.657913, 0.190425, 0.0)], [-0.274525, -0.0258116, 0.961233, 0.0)], [0.229252, -0.0541467, -1.07825, 1.0)]])
0.229252, -0.0541467, -1.07825
float3(0.0258145, -0.278191, -2.28913)
5989.176014708
normal
simd_float4x4([[-0.637831, -0.744503, -0.197201, 0.0)], [0.728762, -0.666245, 0.158189, 0.0)], [-0.249156, -0.0428149, 0.967517, 0.0)], [0.214779, -0.0707876, -1.1892, 1.0)]])
0.214779, -0.0707876, -1.1892
float3(0.042828, -0.252045, -2.30078)
5989.309333333
normal
simd_float4x4([[-0.665704, -0.730997, -0.149941, 0.0)], [0.718841, -0.682129, 0.134047, 0.0)], [-0.200267, -0.0185476, 0.979566, 0.0)], [0.210015, -0.0725166, -1.31376, 1.0)]])
0.210015, -0.0725166, -1.31376
float3(0.0185487, -0.201665, -2.32163)
5989.442651583
normal
simd_float4x4([[-0.643187, -0.749876, -0.154909, 0.0)], [0.724107, -0.661442, 0.195356, 0.0)], [-0.248956, 0.0134798, 0.968421, 0.0)], [0.202117, -0.0631272, -1.42619, 1.0)]])
0.202117, -0.0631272, -1.42619
float3(-0.0134802, -0.251626, -2.29362)
5989.575970166
normal
simd_float4x4([[-0.558096, -0.768701, -0.312454, 0.0)], [0.709949, -0.637279, 0.299747, 0.0)], [-0.429536, -0.0545381, 0.901401, 0.0)], [0.187157, -0.0516474, -1.50487, 1.0)]])
0.187157, -0.0516474, -1.50487
float3(0.0545651, -0.444688, -2.26299)
5989.709288958
normal
simd_float4x4([[-0.545548, -0.780708, -0.304749, 0.0)], [0.708272, -0.623879, 0.330342, 0.0)], [-0.448027, -0.0356274, 0.89331, 0.0)], [0.166388, -0.0651988, -1.61904, 1.0)]])
0.166388, -0.0651988, -1.61904
float3(0.0356349, -0.464876, -2.245)
5989.842607416
normal
simd_float4x4([[-0.552599, -0.764832, -0.33116, 0.0)], [0.699534, -0.641631, 0.314584, 0.0)], [-0.453086, -0.0578191, 0.88959, 0.0)], [0.133885, -0.0769564, -1.74813, 1.0)]])
0.133885, -0.0769564, -1.74813
float3(0.0578514, -0.471076, -2.26882)
5989.975926
normal
simd_float4x4([[-0.541646, -0.759611, -0.360015, 0.0)], [0.687888, -0.646691, 0.329547, 0.0)], [-0.483146, -0.0691521, 0.872805, 0.0)], [0.102594, -0.0637332, -1.86357, 1.0)]])
0.102594, -0.0637332, -1.86357
float3(0.0692074, -0.505569, -2.27607)
5990.109244625
normal
simd_float4x4([[-0.53908, -0.749733, -0.383787, 0.0)], [0.676191, -0.656919, 0.333499, 0.0)], [-0.502153, -0.0797305, 0.861096, 0.0)], [0.0907243, -0.055961, -1.97342, 1.0)]])
0.0907243, -0.055961, -1.97342
float3(0.0798152, -0.527942, -2.29031)
5990.242563125
normal
simd_float4x4([[-0.573749, -0.7577, -0.31097, 0.0)], [0.690817, -0.651658, 0.313231, 0.0)], [-0.439981, -0.0351077, 0.897321, 0.0)], [0.0873263, -0.0656937, -2.08985, 1.0)]])
0.0873263, -0.0656937, -2.08985
float3(0.0351149, -0.45588, -2.28109)
5990.375881583
normal
simd_float4x4([[-0.604078, -0.750236, -0.268768, 0.0)], [0.692149, -0.661078, 0.289666, 0.0)], [-0.394994, -0.0110464, 0.918617, 0.0)], [0.0975346, -0.0887068, -2.21873, 1.0)]])
0.0975346, -0.0887068, -2.21873
float3(0.0110466, -0.406088, -2.2931)
5990.509200125
normal
simd_float4x4([[-0.594606, -0.749574, -0.29083, 0.0)], [0.693021, -0.661207, 0.287278, 0.0)], [-0.407635, -0.0307342, 0.912628, 0.0)], [0.132057, -0.0904054, -2.35993, 1.0)]])
0.132057, -0.0904054, -2.35993
float3(0.0307391, -0.420074, -2.29364)
5990.642518666
normal
simd_float4x4([[-0.612266, -0.756521, -0.229798, 0.0)], [0.68732, -0.652928, 0.318238, 0.0)], [-0.390795, 0.036902, 0.919738, 0.0)], [0.15605, -0.0757116, -2.48217, 1.0)]])
0.15605, -0.0757116, -2.48217
float3(-0.0369103, -0.401785, -2.28283)
5990.77583725
normal
simd_float4x4([[-0.526924, -0.768826, -0.362295, 0.0)], [0.661676, -0.638621, 0.392871, 0.0)], [-0.533419, -0.0327088, 0.845219, 0.0)], [0.16384, -0.0603691, -2.56048, 1.0)]])
0.16384, -0.0603691, -2.56048
float3(0.0327146, -0.562975, -2.26395)
5990.909155833
normal
simd_float4x4([[-0.532391, -0.777579, -0.334561, 0.0)], [0.668521, -0.628668, 0.397311, 0.0)], [-0.519269, -0.0121358, 0.854525, 0.0)], [0.145168, -0.0726522, -2.67493, 1.0)]])
0.145168, -0.0726522, -2.67493
float3(0.0121361, -0.54604, -2.2507)
5991.042474375
normal
simd_float4x4([[-0.51779, -0.774862, -0.362604, 0.0)], [0.67292, -0.630611, 0.386663, 0.0)], [-0.528273, -0.0437927, 0.847945, 0.0)], [0.113855, -0.0845778, -2.80505, 1.0)]])
0.113855, -0.0845778, -2.80505
float3(0.0438067, -0.557162, -2.25392)
5991.175792833
normal
simd_float4x4([[-0.581286, -0.749656, -0.316421, 0.0)], [0.679531, -0.66114, 0.318012, 0.0)], [-0.447598, -0.0301625, 0.893726, 0.0)], [0.0505176, -0.0786144, -2.962, 1.0)]])
0.0505176, -0.0786144, -2.962
float3(0.030167, -0.464306, -2.29353)
5991.309111416
normal
simd_float4x4([[-0.646695, -0.726523, -0.232271, 0.0)], [0.709465, -0.684769, 0.166584, 0.0)], [-0.280079, -0.0570595, 0.95828, 0.0)], [-0.0112231, -0.0762668, -3.09649, 1.0)]])
-0.0112231, -0.0762668, -3.09649
float3(0.0570905, -0.284352, -2.32662)
5991.44243
normal
simd_float4x4([[-0.682706, -0.727845, 0.0644563, 0.0)], [0.725353, -0.68572, -0.0604198, 0.0)], [0.0881753, 0.00550462, 0.99609, 0.0)], [-0.10204, -0.0841146, -3.25092, 1.0)]])
-0.10204, -0.0841146, -3.25092
float3(-0.00550465, 0.0882913, -2.3264)
5991.575748541
normal
simd_float4x4([[-0.680465, -0.731775, 0.0383711, 0.0)], [0.724867, -0.679867, -0.111126, 0.0)], [0.107406, -0.0478031, 0.993065, 0.0)], [-0.188759, -0.106027, -3.36245, 1.0)]])
-0.188759, -0.106027, -3.36245
float3(0.0478214, 0.107737, -2.31944)
5991.709067125
normal
simd_float4x4([[-0.657156, -0.71847, 0.227917, 0.0)], [0.669615, -0.695299, -0.261104, 0.0)], [0.346066, -0.0189699, 0.938018, 0.0)], [-0.310458, -0.112364, -3.53628, 1.0)]])
-0.310458, -0.112364, -3.53628
float3(0.018971, 0.353441, -2.33981)
5991.842385791
normal
simd_float4x4([[-0.560767, -0.737758, 0.375837, 0.0)], [0.650562, -0.673386, -0.351171, 0.0)], [0.512162, 0.0475803, 0.85757, 0.0)], [-0.426021, -0.090603, -3.65895, 1.0)]])
-0.426021, -0.090603, -3.65895
float3(-0.0475983, 0.538377, -2.31061)
5991.975704333
normal
simd_float4x4([[-0.585162, -0.771183, 0.250722, 0.0)], [0.709272, -0.636613, -0.302749, 0.0)], [0.393088, 0.000673082, 0.919501, 0.0)], [-0.517756, -0.0648645, -3.732, 1.0)]])
-0.517756, -0.0648645, -3.732
float3(-0.000673082, 0.403987, -2.2609)
5992.109022666
normal
simd_float4x4([[-0.538237, -0.796959, 0.274149, 0.0)], [0.720381, -0.603875, -0.341155, 0.0)], [0.437439, 0.0138694, 0.899141, 0.0)], [-0.655035, -0.0920875, -3.8161, 1.0)]])
-0.655035, -0.0920875, -3.8161
float3(-0.0138699, 0.452795, -2.21922)
5992.24234125
normal
simd_float4x4([[-0.560946, -0.779803, 0.277934, 0.0)], [0.687938, -0.625847, -0.367501, 0.0)], [0.460522, -0.0149474, 0.887522, 0.0)], [-0.825771, -0.0940938, -3.89344, 1.0)]])
-0.825771, -0.0940938, -3.89344
float3(0.0149479, 0.478641, -2.2471)
5992.375659875
normal
simd_float4x4([[-0.500193, -0.749497, 0.433661, 0.0)], [0.625857, -0.659025, -0.417119, 0.0)], [0.598423, 0.0627693, 0.798718, 0.0)], [-0.993036, -0.0824066, -3.96365, 1.0)]])
-0.993036, -0.0824066, -3.96365
float3(-0.0628106, 0.643008, -2.29205)
5992.508978458
normal
simd_float4x4([[-0.55394, -0.761674, 0.33616, 0.0)], [0.637163, -0.647732, -0.417691, 0.0)], [0.535886, -0.017187, 0.844115, 0.0)], [-1.12809, -0.0583132, -4.01424, 1.0)]])
-1.12809, -0.0583132, -4.01424
float3(0.0171879, 0.565651, -2.27553)
5992.642296958
normal
simd_float4x4([[-0.462211, -0.767448, 0.44428, 0.0)], [0.556456, -0.641104, -0.528528, 0.0)], [0.690447, 0.00293088, 0.723377, 0.0)], [-1.30266, -0.0920584, -4.07782, 1.0)]])
-1.30266, -0.0920584, -4.07782
float3(-0.00293088, 0.762111, -2.26674)
5992.775615583
normal
simd_float4x4([[-0.412205, -0.747745, 0.520542, 0.0)], [0.490407, -0.663607, -0.564913, 0.0)], [0.767847, 0.0224174, 0.640241, 0.0)], [-1.48432, -0.0940549, -4.15927, 1.0)]])
-1.48432, -0.0940549, -4.15927
float3(-0.0224192, 0.875775, -2.29665)
5992.908934041
normal
simd_float4x4([[-0.398313, -0.755017, 0.520861, 0.0)], [0.441619, -0.655556, -0.612551, 0.0)], [0.80394, -0.0139653, 0.594546, 0.0)], [-1.61324, -0.059489, -4.21242, 1.0)]])
-1.61324, -0.059489, -4.21242
float3(0.0139658, 0.934023, -2.2858)
5993.0422525
normal
simd_float4x4([[-0.438167, -0.769596, 0.464469, 0.0)], [0.508756, -0.638309, -0.577693, 0.0)], [0.741065, -0.0168247, 0.671223, 0.0)], [-1.74343, -0.0493935, -4.22616, 1.0)]])
-1.74343, -0.0493935, -4.22616
float3(0.0168255, 0.834811, -2.26321)
5993.175571041
normal
simd_float4x4([[-0.45313, -0.776535, 0.437798, 0.0)], [0.529264, -0.629536, -0.568826, 0.0)], [0.717323, -0.0260415, 0.696254, 0.0)], [-1.89514, -0.0702809, -4.24094, 1.0)]])
-1.89514, -0.0702809, -4.24094
float3(0.0260445, 0.800302, -2.25203)
5993.308889708
limited(__ObjC.ARCamera.TrackingState.Reason.insufficientFeatures)
simd_float4x4([[-0.501438, -0.751388, 0.428924, 0.0)], [0.521795, -0.658085, -0.542821, 0.0)], [0.690137, -0.0483801, 0.722059, 0.0)], [-2.09099, -0.0753404, -4.26178, 1.0)]])
-2.09099, -0.0753404, -4.26178
float3(0.048399, 0.762797, -2.29009)
5993.442208166
limited(__ObjC.ARCamera.TrackingState.Reason.insufficientFeatures)
simd_float4x4([[-0.512631, -0.747153, 0.423051, 0.0)], [0.52189, -0.662395, -0.53746, 0.0)], [0.681792, -0.0547322, 0.729496, 0.0)], [-2.25063, -0.0616389, -4.28885, 1.0)]])
-2.25063, -0.0616389, -4.28885
float3(0.0547596, 0.751609, -2.29614)
5993.575526791
limited(__ObjC.ARCamera.TrackingState.Reason.insufficientFeatures)
simd_float4x4([[-0.415548, -0.73342, 0.537973, 0.0)], [0.451519, -0.67977, -0.577965, 0.0)], [0.789589, 0.00273308, 0.61363, 0.0)], [-2.44642, -0.0677915, -4.31838, 1.0)]])
-2.44642, -0.0677915, -4.31838
float3(-0.00273308, 0.910144, -2.31825)
5993.708845291
limited(__ObjC.ARCamera.TrackingState.Reason.excessiveMotion)
simd_float4x4([[-0.336185, -0.737954, 0.585152, 0.0)], [0.391265, -0.674597, -0.625964, 0.0)], [0.856675, 0.0185101, 0.515525, 0.0)], [-2.6659, -0.119245, -4.36201, 1.0)]])
-2.6659, -0.119245, -4.36201
float3(-0.0185111, 1.02907, -2.31137)
5993.842163791
limited(__ObjC.ARCamera.TrackingState.Reason.excessiveMotion)
simd_float4x4([[-0.312712, -0.719184, 0.620472, 0.0)], [0.401823, -0.692066, -0.599652, 0.0)], [0.860668, 0.0618016, 0.505402, 0.0)], [-2.85913, -0.108627, -4.42163, 1.0)]])
-2.85913, -0.108627, -4.42163
float3(-0.061841, 1.03983, -2.33698)
5993.975482333
limited(__ObjC.ARCamera.TrackingState.Reason.excessiveMotion)
simd_float4x4([[-0.414259, -0.753728, 0.510181, 0.0)], [0.451157, -0.65688, -0.604125, 0.0)], [0.790473, -0.0200927, 0.612167, 0.0)], [-2.96523, -0.0805743, -4.44565, 1.0)]])
-2.96523, -0.0805743, -4.44565
float3(0.020094, 0.911841, -2.28764)
5994.10880075
limited(__ObjC.ARCamera.TrackingState.Reason.insufficientFeatures)
simd_float4x4([[-0.486786, -0.779921, 0.393398, 0.0)], [0.561007, -0.624336, -0.543577, 0.0)], [0.669559, -0.0439069, 0.74146, 0.0)], [-3.12423, -0.0730506, -4.47937, 1.0)]])
-3.12423, -0.0730506, -4.47937
float3(0.043921, 0.734486, -2.24585)
5994.242119375
limited(__ObjC.ARCamera.TrackingState.Reason.insufficientFeatures)
simd_float4x4([[-0.482204, -0.78727, 0.3843, 0.0)], [0.592323, -0.616192, -0.519097, 0.0)], [0.645471, -0.022681, 0.763448, 0.0)], [-3.29134, -0.102018, -4.50464, 1.0)]])
-3.29134, -0.102018, -4.50464
float3(0.022683, 0.701858, -2.2349)
5994.375437875
normal
simd_float4x4([[-0.518291, -0.740885, 0.427158, 0.0)], [0.553866, -0.671374, -0.492433, 0.0)], [0.651619, -0.0186352, 0.758318, 0.0)], [-3.4986, -0.0922702, -4.51668, 1.0)]])
-3.4986, -0.0922702, -4.51668
float3(0.0186363, 0.709866, -2.30701)
5994.508756458
normal
simd_float4x4([[-0.554249, -0.714517, 0.426935, 0.0)], [0.517175, -0.697524, -0.495974, 0.0)], [0.652179, -0.0540929, 0.756133, 0.0)], [-3.64705, -0.0681414, -4.54611, 1.0)]])
-3.64705, -0.0681414, -4.54611
float3(0.0541193, 0.711717, -2.34416)
5994.642074875
normal
simd_float4x4([[-0.466593, -0.704176, 0.535189, 0.0)], [0.443549, -0.709799, -0.547221, 0.0)], [0.765216, -0.0179469, 0.643524, 0.0)], [-3.82258, -0.0854129, -4.5801, 1.0)]])
-3.82258, -0.0854129, -4.5801
float3(0.0179479, 0.871568, -2.36017)
5994.775393416
normal
simd_float4x4([[-0.395905, -0.708164, 0.584605, 0.0)], [0.368431, -0.705632, -0.605262, 0.0)], [0.841141, -0.0242395, 0.540273, 0.0)], [-4.02985, -0.125115, -4.62483, 1.0)]])
-4.02985, -0.125115, -4.62483
float3(0.0242419, 0.999846, -2.3544)
5994.908712
normal
simd_float4x4([[-0.246193, -0.717965, 0.651087, 0.0)], [0.37591, -0.689913, -0.618637, 0.0)], [0.893353, 0.0924459, 0.439743, 0.0)], [-4.22977, -0.104471, -4.69237, 1.0)]])
-4.22977, -0.104471, -4.69237
float3(-0.0925781, 1.11338, -2.33627)
5995.042030583
normal
simd_float4x4([[-0.597057, -0.734401, 0.322767, 0.0)], [0.569802, -0.671463, -0.473775, 0.0)], [0.564667, -0.0989573, 0.819365, 0.0)], [-4.31445, -0.0686426, -4.71008, 1.0)]])
-4.31445, -0.0686426, -4.71008
float3(0.0991195, 0.603409, -2.31146)
5995.175349
normal
simd_float4x4([[-0.536809, -0.765475, 0.354803, 0.0)], [0.623674, -0.643238, -0.444158, 0.0)], [0.568214, -0.0171469, 0.822702, 0.0)], [-4.47616, -0.10985, -4.75543, 1.0)]])
-4.47616, -0.10985, -4.75543
float3(0.0171478, 0.604436, -2.26964)
5995.308667625
limited(__ObjC.ARCamera.TrackingState.Reason.excessiveMotion)
simd_float4x4([[-0.560994, -0.766657, 0.312286, 0.0)], [0.617171, -0.638756, -0.459446, 0.0)], [0.551712, -0.0650126, 0.831497, 0.0)], [-4.68497, -0.11439, -4.7823, 1.0)]])
-4.68497, -0.11439, -4.7823
float3(0.0650585, 0.585819, -2.26544)
5995.441986125
limited(__ObjC.ARCamera.TrackingState.Reason.excessiveMotion)
simd_float4x4([[-0.50097, -0.759681, 0.414625, 0.0)], [0.579161, -0.650267, -0.491656, 0.0)], [0.643119, -0.00617017, 0.765742, 0.0)], [-4.86075, -0.102287, -4.82927, 1.0)]])
-4.86075, -0.102287, -4.82927
float3(0.00617021, 0.69858, -2.27875)
5995.575304458
limited(__ObjC.ARCamera.TrackingState.Reason.excessiveMotion)
simd_float4x4([[-0.557916, -0.73279, 0.389549, 0.0)], [0.545624, -0.67757, -0.493146, 0.0)], [0.625319, -0.0625869, 0.777855, 0.0)], [-5.04172, -0.0954705, -4.86331, 1.0)]])
-5.04172, -0.0954705, -4.86331
float3(0.0626279, 0.677115, -2.31706)
5995.708623
limited(__ObjC.ARCamera.TrackingState.Reason.excessiveMotion)
simd_float4x4([[-0.270628, -0.72345, 0.635123, 0.0)], [0.385863, -0.685943, -0.616921, 0.0)], [0.88197, 0.078114, 0.464788, 0.0)], [-5.28253, -0.146906, -4.94108, 1.0)]])
-5.28253, -0.146906, -4.94108
float3(-0.0781937, 1.08579, -2.32959)
5995.841941666
limited(__ObjC.ARCamera.TrackingState.Reason.excessiveMotion)
simd_float4x4([[-0.282359, -0.727418, 0.625409, 0.0)], [0.434633, -0.678191, -0.59258, 0.0)], [0.8552, 0.104503, 0.507653, 0.0)], [-5.49568, -0.133209, -5.01059, 1.0)]])
-5.49568, -0.133209, -5.01059
float3(-0.104694, 1.03509, -2.32119)
5995.975260083
limited(__ObjC.ARCamera.TrackingState.Reason.excessiveMotion)
simd_float4x4([[-0.51975, -0.754985, 0.399822, 0.0)], [0.512101, -0.649929, -0.561556, 0.0)], [0.683822, -0.0871194, 0.724429, 0.0)], [-5.59446, -0.0932772, -5.0249, 1.0)]])
-5.59446, -0.0932772, -5.0249
float3(0.08723, 0.756571, -2.28156)
5996.108578708
limited(__ObjC.ARCamera.TrackingState.Reason.insufficientFeatures)
simd_float4x4([[-0.580176, -0.773383, 0.255487, 0.0)], [0.612418, -0.621019, -0.489163, 0.0)], [0.536973, -0.127336, 0.833934, 0.0)], [-5.82519, -0.125724, -5.06451, 1.0)]])
-5.82519, -0.125724, -5.06451
float3(0.127682, 0.572077, -2.24736)
5996.241897208
limited(__ObjC.ARCamera.TrackingState.Reason.insufficientFeatures)
simd_float4x4([[-0.535044, -0.79067, 0.297607, 0.0)], [0.616097, -0.606211, -0.502924, 0.0)], [0.578059, -0.0857322, 0.811479, 0.0)], [-6.03467, -0.152937, -5.09998, 1.0)]])
-6.03467, -0.152937, -5.09998
float3(0.0858376, 0.618969, -2.2249)
5996.375215666
limited(__ObjC.ARCamera.TrackingState.Reason.excessiveMotion)
simd_float4x4([[-0.522923, -0.747873, 0.408946, 0.0)], [0.559252, -0.663095, -0.497536, 0.0)], [0.643264, -0.0314692, 0.764997, 0.0)], [-6.25304, -0.152084, -5.12436, 1.0)]])
-6.25304, -0.152084, -5.12436
float3(0.0314744, 0.699171, -2.29618)
5996.508534083
limited(__ObjC.ARCamera.TrackingState.Reason.excessiveMotion)
simd_float4x4([[-0.614853, -0.728419, 0.302261, 0.0)], [0.549043, -0.670499, -0.498982, 0.0)], [0.566134, -0.140846, 0.812191, 0.0)], [-6.48781, -0.135108, -5.16437, 1.0)]])
-6.48781, -0.135108, -5.16437
float3(0.141316, 0.60874, -2.31481)
5996.6418525
limited(__ObjC.ARCamera.TrackingState.Reason.excessiveMotion)
simd_float4x4([[-0.388899, -0.747883, 0.537985, 0.0)], [0.451963, -0.663733, -0.595977, 0.0)], [0.8028, 0.0113743, 0.59614, 0.0)], [-6.74414, -0.178543, -5.2242, 1.0)]])
-6.74414, -0.178543, -5.2242
float3(-0.0113745, 0.932063, -2.29665)
5996.775171125
limited(__ObjC.ARCamera.TrackingState.Reason.excessiveMotion)
simd_float4x4([[-0.383526, -0.743224, 0.548202, 0.0)], [0.453243, -0.668667, -0.589453, 0.0)], [0.80466, 0.0223977, 0.593313, 0.0)], [-7.00584, -0.200648, -5.29712, 1.0)]])
-7.00584, -0.200648, -5.29712
float3(-0.0223996, 0.935444, -2.30344)
5996.908489625
limited(__ObjC.ARCamera.TrackingState.Reason.insufficientFeatures)
simd_float4x4([[-0.331179, -0.768418, 0.54759, 0.0)], [0.492204, -0.635814, -0.594538, 0.0)], [0.805019, 0.0726274, 0.588786, 0.0)], [-7.37195, -0.185308, -5.39065, 1.0)]])
-7.37195, -0.185308, -5.39065
float3(-0.0726914, 0.93931, -2.26204)
5997.041808291
limited(__ObjC.ARCamera.TrackingState.Reason.excessiveMotion)
simd_float4x4([[-0.544724, -0.789406, 0.283045, 0.0)], [0.639264, -0.609322, -0.469114, 0.0)], [0.542787, -0.0745967, 0.836551, 0.0)], [-7.61458, -0.177505, -5.43957, 1.0)]])
-7.61458, -0.177505, -5.43957
float3(0.074666, 0.575558, -2.22815)
5997.175126666
limited(__ObjC.ARCamera.TrackingState.Reason.insufficientFeatures)
simd_float4x4([[-0.495059, -0.815811, 0.298946, 0.0)], [0.663534, -0.577112, -0.476093, 0.0)], [0.560928, -0.0373331, 0.827023, 0.0)], [-7.92736, -0.219284, -5.50467, 1.0)]])
-7.92736, -0.219284, -5.50467
float3(0.0373418, 0.595978, -2.18648)
5997.308445166
limited(__ObjC.ARCamera.TrackingState.Reason.excessiveMotion)
simd_float4x4([[-0.540478, -0.783998, 0.305338, 0.0)], [0.627281, -0.617344, -0.474769, 0.0)], [0.560716, -0.0650699, 0.825447, 0.0)], [-8.29918, -0.245613, -5.54815, 1.0)]])
-8.29918, -0.245613, -5.54815
float3(0.0651159, 0.59669, -2.23783)
5997.44176375
limited(__ObjC.ARCamera.TrackingState.Reason.excessiveMotion)
simd_float4x4([[-0.569007, -0.769938, 0.288838, 0.0)], [0.607378, -0.630279, -0.48357, 0.0)], [0.554367, -0.0997208, 0.826276, 0.0)], [-8.52759, -0.2193, -5.58618, 1.0)]])
-8.52759, -0.2193, -5.58618
float3(0.0998868, 0.590943, -2.25678)
5997.575082291
limited(__ObjC.ARCamera.TrackingState.Reason.excessiveMotion)
simd_float4x4([[-0.505605, -0.753323, 0.420556, 0.0)], [0.536187, -0.656248, -0.530887, 0.0)], [0.675919, -0.0429225, 0.735725, 0.0)], [-8.66961, -0.232718, -5.61033, 1.0)]])
-8.66961, -0.232718, -5.61033
float3(0.0429357, 0.743057, -2.28743)
5997.708400708
limited(__ObjC.ARCamera.TrackingState.Reason.excessiveMotion)
simd_float4x4([[-0.387494, -0.751266, 0.534273, 0.0)], [0.460365, -0.659809, -0.593898, 0.0)], [0.798694, 0.0158287, 0.601529, 0.0)], [-8.91143, -0.275537, -5.67164, 1.0)]])
-8.91143, -0.275537, -5.67164
float3(-0.0158294, 0.925288, -2.29147)
5997.84171925
limited(__ObjC.ARCamera.TrackingState.Reason.excessiveMotion)
simd_float4x4([[-0.335088, -0.748115, 0.572747, 0.0)], [0.510418, -0.6551, -0.557061, 0.0)], [0.791953, 0.105676, 0.601368, 0.0)], [-9.13594, -0.249327, -5.75134, 1.0)]])
-9.13594, -0.249327, -5.75134
float3(-0.105874, 0.921339, -2.29)
5997.975037833
limited(__ObjC.ARCamera.TrackingState.Reason.excessiveMotion)
simd_float4x4([[-0.578946, -0.767094, 0.276386, 0.0)], [0.593363, -0.62886, -0.50245, 0.0)], [0.559234, -0.126894, 0.819241, 0.0)], [-9.27516, -0.21127, -5.76982, 1.0)]])
-9.27516, -0.21127, -5.76982
float3(0.127237, 0.598969, -2.25749)
5998.10835625
limited(__ObjC.ARCamera.TrackingState.Reason.excessiveMotion)
simd_float4x4([[-0.506088, -0.802328, 0.316457, 0.0)], [0.643606, -0.595568, -0.480698, 0.0)], [0.574149, -0.0396019, 0.817793, 0.0)], [-9.49272, -0.227671, -5.83929, 1.0)]])
-9.49272, -0.227671, -5.83929
float3(0.0396123, 0.612115, -2.20935)
5998.24167475
limited(__ObjC.ARCamera.TrackingState.Reason.excessiveMotion)
simd_float4x4([[-0.536565, -0.794336, 0.284832, 0.0)], [0.655067, -0.604858, -0.452807, 0.0)], [0.531964, -0.0563763, 0.844889, 0.0)], [-9.71729, -0.249814, -5.88091, 1.0)]])
-9.71729, -0.249814, -5.88091
float3(0.0564062, 0.561919, -2.22159)
5998.37499325
limited(__ObjC.ARCamera.TrackingState.Reason.excessiveMotion)
simd_float4x4([[-0.529248, -0.769243, 0.357997, 0.0)], [0.624893, -0.638807, -0.448815, 0.0)], [0.573939, -0.0138249, 0.818781, 0.0)], [-9.92358, -0.23913, -5.91986, 1.0)]])
-9.92358, -0.23913, -5.91986
float3(0.0138253, 0.611375, -2.26382)
5998.508311833
limited(__ObjC.ARCamera.TrackingState.Reason.excessiveMotion)
simd_float4x4([[-0.599586, -0.73939, 0.306267, 0.0)], [0.617761, -0.67088, -0.410234, 0.0)], [0.508792, -0.0567704, 0.859016, 0.0)], [-9.99326, -0.219341, -5.94352, 1.0)]])
-9.99326, -0.219341, -5.94352
float3(0.0568009, 0.534735, -2.30765)
5998.64163025
limited(__ObjC.ARCamera.TrackingState.Reason.excessiveMotion)
simd_float4x4([[-0.441304, -0.739196, 0.508764, 0.0)], [0.522829, -0.672587, -0.523715, 0.0)], [0.729315, 0.0348789, 0.683288, 0.0)], [-10.2056, -0.268298, -6.00942, 1.0)]])
-10.2056, -0.268298, -6.00942
float3(-0.034886, 0.81797, -2.30905)
5998.774948875
limited(__ObjC.ARCamera.TrackingState.Reason.excessiveMotion)
simd_float4x4([[-0.444469, -0.736649, 0.509702, 0.0)], [0.522638, -0.675363, -0.520322, 0.0)], [0.727528, 0.0351225, 0.685178, 0.0)], [-10.3507, -0.274767, -6.08213, 1.0)]])
-10.3507, -0.274767, -6.08213
float3(-0.0351297, 0.815367, -2.31282)
5998.908267458
limited(__ObjC.ARCamera.TrackingState.Reason.excessiveMotion)
simd_float4x4([[-0.524229, -0.778152, 0.345923, 0.0)], [0.604109, -0.626126, -0.49297, 0.0)], [0.600197, -0.0494542, 0.798322, 0.0)], [-10.3328, -0.231559, -6.08131, 1.0)]])
-10.3328, -0.231559, -6.08131
float3(0.0494743, 0.644667, -2.24835)
5999.04158575
limited(__ObjC.ARCamera.TrackingState.Reason.excessiveMotion)
simd_float4x4([[-0.57892, -0.791621, 0.195417, 0.0)], [0.694324, -0.604258, -0.390879, 0.0)], [0.427511, -0.0906052, 0.899458, 0.0)], [-10.4269, -0.2197, -6.10277, 1.0)]])
-10.4269, -0.2197, -6.10277
float3(0.0907296, 0.443691, -2.22277)
5999.17490425
limited(__ObjC.ARCamera.TrackingState.Reason.excessiveMotion)
simd_float4x4([[-0.548615, -0.806464, 0.220541, 0.0)], [0.697154, -0.586864, -0.411785, 0.0)], [0.461517, -0.0721597, 0.884192, 0.0)], [-10.5837, -0.25621, -6.13507, 1.0)]])
-10.5837, -0.25621, -6.13507
float3(0.0722225, 0.481065, -2.19987)
5999.30822275
limited(__ObjC.ARCamera.TrackingState.Reason.excessiveMotion)
simd_float4x4([[-0.589226, -0.75983, 0.27472, 0.0)], [0.633164, -0.645454, -0.427192, 0.0)], [0.501913, -0.07777, 0.861415, 0.0)], [-10.7321, -0.251892, -6.14213, 1.0)]])
-10.7321, -0.251892, -6.14213
float3(0.0778486, 0.527573, -2.27498)
5999.441541291
limited(__ObjC.ARCamera.TrackingState.Reason.insufficientFeatures)
