ARKit Data
613.203221083
limited(__ObjC.ARCamera.TrackingState.Reason.initializing)
simd_float4x4([[0.0326347, -0.998922, 0.0330076, 0.0)], [0.371926, -0.0185157, -0.928077, 0.0)], [0.927688, 0.0425641, 0.370921, 0.0)], [0.0, 0.0, 0.0, 1.0)]])
0.0, 0.0, 0.0
float3(-0.0425769, 1.19043, -1.58933)
613.524493791
notAvailable
simd_float4x4([[1.0, 0.0, 0.0, 0.0)], [0.0, 1.0, 0.0, 0.0)], [0.0, 0.0, 1.0, 0.0)], [0.0, 0.0, 0.0, 1.0)]])
0.0, 0.0, 0.0
float3(-0.0, 0.0, 0.0)
613.624511916
notAvailable
simd_float4x4([[1.0, 0.0, 0.0, 0.0)], [0.0, 1.0, 0.0, 0.0)], [0.0, 0.0, 1.0, 0.0)], [0.0, 0.0, 0.0, 1.0)]])
0.0, 0.0, 0.0
float3(-0.0, 0.0, 0.0)
613.724562666
limited(__ObjC.ARCamera.TrackingState.Reason.initializing)
simd_float4x4([[-0.0225231, -0.998656, 0.0466751, 0.0)], [0.999746, -0.022553, -0.000115035, 0.0)], [0.00116754, 0.0466606, 0.99891, 0.0)], [0.0, 0.0, 0.0, 1.0)]])
0.0, 0.0, 0.0
float3(-0.0466776, 0.00116882, -1.59338)
613.824613791
limited(__ObjC.ARCamera.TrackingState.Reason.initializing)
simd_float4x4([[-0.0212829, -0.998478, 0.0508776, 0.0)], [0.999772, -0.0213342, -0.000465625, 0.0)], [0.00155035, 0.0508561, 0.998705, 0.0)], [0.0, 0.0, 0.0, 1.0)]])
0.0, 0.0, 0.0
float3(-0.050878, 0.00155236, -1.59216)
613.92466475
limited(__ObjC.ARCamera.TrackingState.Reason.initializing)
simd_float4x4([[-0.0187994, -0.998707, 0.0472145, 0.0)], [0.999822, -0.0188412, -0.000439157, 0.0)], [0.00132816, 0.0471978, 0.998884, 0.0)], [0.0, 0.0, 0.0, 1.0)]])
0.0, 0.0, 0.0
float3(-0.0472154, 0.00132964, -1.58966)
614.024715833
limited(__ObjC.ARCamera.TrackingState.Reason.initializing)
simd_float4x4([[-0.0178862, -0.998829, 0.0449372, 0.0)], [0.999838, -0.0177796, 0.00277103, 0.0)], [-0.00196882, 0.0449795, 0.998985, 0.0)], [0.0, 0.0, 0.0, 1.0)]])
0.0, 0.0, 0.0
float3(-0.0449947, -0.00197082, -1.58859)
614.12476675
limited(__ObjC.ARCamera.TrackingState.Reason.initializing)
simd_float4x4([[-0.0176297, -0.998793, 0.0458488, 0.0)], [0.999816, -0.0172634, 0.00837168, 0.0)], [-0.00757006, 0.045988, 0.998913, 0.0)], [0.0, 0.0, 0.0, 1.0)]])
0.0, 0.0, 0.0
float3(-0.0460042, -0.00757816, -1.58808)
614.224817833
limited(__ObjC.ARCamera.TrackingState.Reason.initializing)
simd_float4x4([[-0.0190856, -0.99867, 0.0479011, 0.0)], [0.999686, -0.0182828, 0.017143, 0.0)], [-0.0162444, 0.0482133, 0.998705, 0.0)], [0.0, 0.0, 0.0, 1.0)]])
0.0, 0.0, 0.0
float3(-0.048232, -0.0162641, -1.5891)
614.324868875
limited(__ObjC.ARCamera.TrackingState.Reason.initializing)
simd_float4x4([[-0.0198978, -0.998575, 0.0495203, 0.0)], [0.999523, -0.0186986, 0.024563, 0.0)], [-0.0236021, 0.0499855, 0.998471, 0.0)], [0.0, 0.0, 0.0, 1.0)]])
0.0, 0.0, 0.0
float3(-0.0500063, -0.0236338, -1.58952)
614.42491975
limited(__ObjC.ARCamera.TrackingState.Reason.initializing)
simd_float4x4([[-0.0218738, -0.998487, 0.050449, 0.0)], [0.99933, -0.0203551, 0.0304251, 0.0)], [-0.0293522, 0.0510807, 0.998263, 0.0)], [0.0, 0.0, 0.0, 1.0)]])
0.0, 0.0, 0.0
float3(-0.0511029, -0.0293948, -1.59118)
614.524970833
limited(__ObjC.ARCamera.TrackingState.Reason.initializing)
simd_float4x4([[-0.0226666, -0.998441, 0.0509994, 0.0)], [0.999132, -0.0208404, 0.0360592, 0.0)], [-0.0349402, 0.0517724, 0.998048, 0.0)], [0.0, 0.0, 0.0, 1.0)]])
0.0, 0.0, 0.0
float3(-0.0517956, -0.0349942, -1.59167)
614.625021791
limited(__ObjC.ARCamera.TrackingState.Reason.initializing)
simd_float4x4([[-0.023044, -0.998469, 0.0502897, 0.0)], [0.998846, -0.0208735, 0.0432647, 0.0)], [-0.0421487, 0.0512286, 0.997797, 0.0)], [0.0, 0.0, 0.0, 1.0)]])
0.0, 0.0, 0.0
float3(-0.051251, -0.0422167, -1.5917)
614.725072958
limited(__ObjC.ARCamera.TrackingState.Reason.initializing)
simd_float4x4([[-0.0227029, -0.998456, 0.0506721, 0.0)], [0.998315, -0.0199342, 0.0544932, 0.0)], [-0.0533991, 0.0518238, 0.997227, 0.0)], [0.0, 0.0, 0.0, 1.0)]])
0.0, 0.0, 0.0
float3(-0.0518471, -0.0534965, -1.59076)
614.825124
limited(__ObjC.ARCamera.TrackingState.Reason.initializing)
simd_float4x4([[-0.0229894, -0.998522, 0.0492342, 0.0)], [0.997797, -0.0198517, 0.0632987, 0.0)], [-0.0622278, 0.050581, 0.996778, 0.0)], [0.0, 0.0, 0.0, 1.0)]])
0.0, 0.0, 0.0
float3(-0.0506026, -0.062348, -1.59067)
614.925175
limited(__ObjC.ARCamera.TrackingState.Reason.initializing)
simd_float4x4([[-0.0236136, -0.998568, 0.0479794, 0.0)], [0.997537, -0.0203644, 0.0671179, 0.0)], [-0.0660448, 0.0494461, 0.99659, 0.0)], [0.0, 0.0, 0.0, 1.0)]])
0.0, 0.0, 0.0
float3(-0.0494663, -0.066174, -1.59119)
615.025226083
limited(__ObjC.ARCamera.TrackingState.Reason.initializing)
simd_float4x4([[-0.024646, -0.998629, 0.0461546, 0.0)], [0.997523, -0.0215238, 0.0669645, 0.0)], [-0.0658793, 0.0476907, 0.996686, 0.0)], [0.0, 0.0, 0.0, 1.0)]])
0.0, 0.0, 0.0
float3(-0.0477088, -0.0660023, -1.59235)
615.125277083
limited(__ObjC.ARCamera.TrackingState.Reason.initializing)
simd_float4x4([[-0.0255266, -0.998673, 0.0447031, 0.0)], [0.997969, -0.0228468, 0.0594655, 0.0)], [-0.0583654, 0.0461302, 0.997228, 0.0)], [0.0, 0.0, 0.0, 1.0)]])
0.0, 0.0, 0.0
float3(-0.0461466, -0.0584609, -1.59367)
615.22532825
limited(__ObjC.ARCamera.TrackingState.Reason.initializing)
simd_float4x4([[-0.0246128, -0.99872, 0.0441193, 0.0)], [0.998579, -0.0224745, 0.0483277, 0.0)], [-0.0472745, 0.0452461, 0.997854, 0.0)], [0.0, 0.0, 0.0, 1.0)]])
0.0, 0.0, 0.0
float3(-0.0452615, -0.0473408, -1.5933)
615.325379208
limited(__ObjC.ARCamera.TrackingState.Reason.initializing)
simd_float4x4([[-0.0233496, -0.99872, 0.0448049, 0.0)], [0.999147, -0.0217865, 0.0350666, 0.0)], [-0.0340457, 0.0455855, 0.998377, 0.0)], [0.0, 0.0, 0.0, 1.0)]])
0.0, 0.0, 0.0
float3(-0.0456013, -0.0340878, -1.59261)
615.425430541
limited(__ObjC.ARCamera.TrackingState.Reason.initializing)
simd_float4x4([[-0.0210427, -0.998739, 0.0454964, 0.0)], [0.999608, -0.020178, 0.0193829, 0.0)], [-0.0184406, 0.0458864, 0.998773, 0.0)], [0.0, 0.0, 0.0, 1.0)]])
0.0, 0.0, 0.0
float3(-0.0459026, -0.0184612, -1.591)
615.525481458
limited(__ObjC.ARCamera.TrackingState.Reason.initializing)
simd_float4x4([[-0.0192337, -0.998737, 0.0463145, 0.0)], [0.999804, -0.0189911, 0.00567433, 0.0)], [-0.0047877, 0.0464146, 0.998906, 0.0)], [0.0, 0.0, 0.0, 1.0)]])
0.0, 0.0, 0.0
float3(-0.0464313, -0.00479291, -1.58981)
615.6255325
limited(__ObjC.ARCamera.TrackingState.Reason.initializing)
simd_float4x4([[-0.0195007, -0.99868, 0.0473966, 0.0)], [0.999777, -0.019861, -0.00714367, 0.0)], [0.00807552, 0.0472468, 0.998845, 0.0)], [0.0, 0.0, 0.0, 1.0)]])
0.0, 0.0, 0.0
float3(-0.0472644, 0.00808469, -1.59068)
615.725583791
limited(__ObjC.ARCamera.TrackingState.Reason.initializing)
simd_float4x4([[-0.0191473, -0.99859, 0.0493573, 0.0)], [0.999618, -0.0201045, -0.0189722, 0.0)], [0.0199377, 0.0489751, 0.998594, 0.0)], [0.0, 0.0, 0.0, 1.0)]])
0.0, 0.0, 0.0
float3(-0.0489947, 0.0199632, -1.59093)
615.82563475
limited(__ObjC.ARCamera.TrackingState.Reason.initializing)
simd_float4x4([[-0.0181772, -0.998486, 0.0517659, 0.0)], [0.999287, -0.0198558, -0.0321039, 0.0)], [0.0330833, 0.0511454, 0.998135, 0.0)], [0.0, 0.0, 0.0, 1.0)]])
0.0, 0.0, 0.0
float3(-0.0511677, 0.033133, -1.59068)
615.925686
limited(__ObjC.ARCamera.TrackingState.Reason.initializing)
simd_float4x4([[-0.0180346, -0.99843, 0.0528519, 0.0)], [0.998912, -0.0202664, -0.0420089, 0.0)], [0.0430143, 0.0520368, 0.997709, 0.0)], [0.0, 0.0, 0.0, 1.0)]])
0.0, 0.0, 0.0
float3(-0.0520603, 0.0430864, -1.59109)
616.025737
limited(__ObjC.ARCamera.TrackingState.Reason.initializing)
simd_float4x4([[-0.0168775, -0.998398, 0.0538234, 0.0)], [0.998553, -0.0195794, -0.0500826, 0.0)], [0.0510566, 0.0529002, 0.997284, 0.0)], [0.0, 0.0, 0.0, 1.0)]])
0.0, 0.0, 0.0
float3(-0.0529249, 0.0511509, -1.5904)
616.12578825
limited(__ObjC.ARCamera.TrackingState.Reason.initializing)
simd_float4x4([[-0.0151979, -0.998335, 0.0554832, 0.0)], [0.998107, -0.0184545, -0.0586746, 0.0)], [0.0596012, 0.0544864, 0.996725, 0.0)], [0.0, 0.0, 0.0, 1.0)]])
0.0, 0.0, 0.0
float3(-0.0545134, 0.0597259, -1.58928)
616.225839333
limited(__ObjC.ARCamera.TrackingState.Reason.initializing)
simd_float4x4([[-0.0140847, -0.9983, 0.0564104, 0.0)], [0.997614, -0.0178426, -0.0666884, 0.0)], [0.067582, 0.0553366, 0.996169, 0.0)], [0.0, 0.0, 0.0, 1.0)]])
0.0, 0.0, 0.0
float3(-0.0553649, 0.0677381, -1.58867)
616.325890416
limited(__ObjC.ARCamera.TrackingState.Reason.initializing)
simd_float4x4([[-0.0127248, -0.998364, 0.0555828, 0.0)], [0.997024, -0.0168944, -0.0752158, 0.0)], [0.0760324, 0.0544603, 0.995608, 0.0)], [0.0, 0.0, 0.0, 1.0)]])
0.0, 0.0, 0.0
float3(-0.0544873, 0.0762198, -1.58772)
616.425941791
limited(__ObjC.ARCamera.TrackingState.Reason.initializing)
simd_float4x4([[-0.0107515, -0.99838, 0.0557077, 0.0)], [0.996328, -0.0154274, -0.0842112, 0.0)], [0.0849349, 0.0545978, 0.994881, 0.0)], [0.0, 0.0, 0.0, 1.0)]])
0.0, 0.0, 0.0
float3(-0.054625, 0.0851654, -1.58625)
616.525992791
limited(__ObjC.ARCamera.TrackingState.Reason.initializing)
simd_float4x4([[-0.0099375, -0.998406, 0.0553894, 0.0)], [0.995445, -0.0151289, -0.0941251, 0.0)], [0.0948139, 0.0542018, 0.994009, 0.0)], [0.0, 0.0, 0.0, 1.0)]])
0.0, 0.0, 0.0
float3(-0.0542283, 0.0950976, -1.58595)
616.626044083
limited(__ObjC.ARCamera.TrackingState.Reason.initializing)
simd_float4x4([[-0.0105434, -0.998454, 0.0543932, 0.0)], [0.994602, -0.0160862, -0.102512, 0.0)], [0.10323, 0.0530187, 0.993234, 0.0)], [0.0, 0.0, 0.0, 1.0)]])
0.0, 0.0, 0.0
float3(-0.0530436, 0.103561, -1.58691)
616.726095208
limited(__ObjC.ARCamera.TrackingState.Reason.initializing)
simd_float4x4([[-0.0105479, -0.998414, 0.0551399, 0.0)], [0.993943, -0.0164998, -0.108647, 0.0)], [0.109385, 0.05366, 0.992541, 0.0)], [0.0, 0.0, 0.0, 1.0)]])
0.0, 0.0, 0.0
float3(-0.0536858, 0.109765, -1.58732)
616.826146166
limited(__ObjC.ARCamera.TrackingState.Reason.initializing)
simd_float4x4([[-0.0112032, -0.998384, 0.0555457, 0.0)], [0.993778, -0.0172722, -0.110033, 0.0)], [0.110816, 0.0539674, 0.992366, 0.0)], [0.0, 0.0, 0.0, 1.0)]])
0.0, 0.0, 0.0
float3(-0.0539937, 0.111208, -1.58809)
616.926197625
limited(__ObjC.ARCamera.TrackingState.Reason.initializing)
simd_float4x4([[-0.0112407, -0.998341, 0.0563133, 0.0)], [0.994218, -0.0171721, -0.105996, 0.0)], [0.106788, 0.0547963, 0.992762, 0.0)], [0.0, 0.0, 0.0, 1.0)]])
0.0, 0.0, 0.0
float3(-0.0548237, 0.107155, -1.588)
617.026248708
limited(__ObjC.ARCamera.TrackingState.Reason.initializing)
simd_float4x4([[-0.0116222, -0.998279, 0.057338, 0.0)], [0.995141, -0.0171536, -0.0969567, 0.0)], [0.0977741, 0.0559326, 0.993628, 0.0)], [0.0, 0.0, 0.0, 1.0)]])
0.0, 0.0, 0.0
float3(-0.0559618, 0.0980853, -1.58798)
617.126300041
limited(__ObjC.ARCamera.TrackingState.Reason.initializing)
simd_float4x4([[-0.0104642, -0.998232, 0.0583572, 0.0)], [0.996279, -0.0154001, -0.0847971, 0.0)], [0.0855466, 0.0572528, 0.994678, 0.0)], [0.0, 0.0, 0.0, 1.0)]])
0.0, 0.0, 0.0
float3(-0.0572841, 0.0857931, -1.58622)
617.226351166
limited(__ObjC.ARCamera.TrackingState.Reason.initializing)
simd_float4x4([[-0.00869291, -0.998186, 0.0594144, 0.0)], [0.99751, -0.0128145, -0.0693575, 0.0)], [0.0699937, 0.0586635, 0.995811, 0.0)], [0.0, 0.0, 0.0, 1.0)]])
0.0, 0.0, 0.0
float3(-0.0586972, 0.0701727, -1.58363)
617.326402375
limited(__ObjC.ARCamera.TrackingState.Reason.initializing)
simd_float4x4([[-0.00659618, -0.998152, 0.0602423, 0.0)], [0.998461, -0.00989054, -0.0545611, 0.0)], [0.0550566, 0.0597897, 0.996682, 0.0)], [0.0, 0.0, 0.0, 1.0)]])
0.0, 0.0, 0.0
float3(-0.0598254, 0.0551838, -1.5807)
617.426453666
normal
simd_float4x4([[-0.000376132, -0.998689, 0.0511829, 0.0)], [0.999141, -0.00249609, -0.0413617, 0.0)], [0.0414352, 0.0511234, 0.997832, 0.0)], [0.000782441, 0.000550352, 1.11568e-05, 1.0)]])
0.000782441, 0.000550352, 1.11568e-05
float3(-0.0511457, 0.0415014, -1.5733)
617.52650475
normal
simd_float4x4([[0.000688604, -0.99872, 0.0505709, 0.0)], [0.999646, -0.000656971, -0.0265863, 0.0)], [0.0265855, 0.0505713, 0.998367, 0.0)], [0.0014805, 0.00126472, -9.34377e-05, 1.0)]])
0.0014805, 0.00126472, -9.34377e-05
float3(-0.0505929, 0.0266227, -1.57145)
617.626556
normal
simd_float4x4([[0.00246349, -0.998539, 0.0539808, 0.0)], [0.999883, 0.00164464, -0.0152085, 0.0)], [0.0150975, 0.054012, 0.998426, 0.0)], [0.00147238, 0.00190263, -0.000611493, 1.0)]])
0.00147238, 0.00190263, -0.000611493
float3(-0.0540383, 0.0151202, -1.56915)
617.72660725
normal
simd_float4x4([[0.00382674, -0.997912, 0.0644793, 0.0)], [0.999971, 0.00338973, -0.00688548, 0.0)], [0.00665254, 0.0645037, 0.997895, 0.0)], [0.00259024, 0.00179369, -0.00268093, 1.0)]])
0.00259024, 0.00179369, -0.00268093
float3(-0.0645486, 0.00666647, -1.5674)
617.8266585
normal
simd_float4x4([[0.0029643, -0.997313, 0.0731913, 0.0)], [0.999992, 0.00275532, -0.00295606, 0.0)], [0.00274645, 0.0731994, 0.997314, 0.0)], [0.00294, 0.00116373, -0.00510515, 1.0)]])
0.00294, 0.00116373, -0.00510515
float3(-0.073265, 0.00275384, -1.56803)
617.926709791
normal
simd_float4x4([[0.00166549, -0.997188, 0.074923, 0.0)], [0.999999, 0.00162819, -0.000558939, 0.0)], [0.000435383, 0.0749238, 0.997189, 0.0)], [0.00323492, 0.0011818, -0.00490995, 1.0)]])
0.00323492, 0.0011818, -0.00490995
float3(-0.074994, 0.00043661, -1.56916)
618.026760958
normal
simd_float4x4([[0.000502008, -0.997448, 0.0713926, 0.0)], [1.0, 0.000468326, -0.000488532, 0.0)], [0.000453846, 0.0713928, 0.997448, 0.0)], [0.00390167, 0.00139094, -0.00406022, 1.0)]])
0.00390167, 0.00139094, -0.00406022
float3(-0.0714536, 0.000455007, -1.57033)
618.126812416
normal
simd_float4x4([[0.000802461, -0.997495, 0.0707385, 0.0)], [0.999998, 0.00092329, 0.00167542, 0.0)], [-0.00173654, 0.070737, 0.997494, 0.0)], [0.00359895, 0.00128226, -0.00340829, 1.0)]])
0.00359895, 0.00128226, -0.00340829
float3(-0.0707961, -0.0017409, -1.56987)
618.2268635
normal
simd_float4x4([[0.000724698, -0.997827, 0.0658887, 0.0)], [0.999998, 0.00085069, 0.00188416, 0.0)], [-0.00193612, 0.0658872, 0.997825, 0.0)], [0.00385802, 0.00145873, -0.000838923, 1.0)]])
0.00385802, 0.00145873, -0.000838923
float3(-0.065935, -0.00194033, -1.56994)
618.326915
normal
simd_float4x4([[-0.00042748, -0.998061, 0.0622349, 0.0)], [0.999987, -0.000107696, 0.0051416, 0.0)], [-0.00512494, 0.0622363, 0.998048, 0.0)], [0.00391142, 0.00192387, 0.00150705, 1.0)]])
0.00391142, 0.00192387, 0.00150705
float3(-0.0622765, -0.00513491, -1.5709)
618.426966208
normal
simd_float4x4([[-0.00154482, -0.998223, 0.0595733, 0.0)], [0.999951, -0.00096169, 0.00981584, 0.0)], [-0.0097411, 0.0595856, 0.998176, 0.0)], [0.00351274, 0.00216559, 0.0027058, 1.0)]])
0.00351274, 0.00216559, 0.0027058
float3(-0.0596209, -0.0097586, -1.57176)
618.527017583
normal
simd_float4x4([[-0.000753317, -0.998208, 0.0598297, 0.0)], [0.999926, -2.41721e-05, 0.0121868, 0.0)], [-0.0121635, 0.0598344, 0.998134, 0.0)], [0.0033995, 0.00221019, 0.00265141, 1.0)]])
0.0033995, 0.00221019, 0.00265141
float3(-0.0598702, -0.0121856, -1.57082)
618.627068791
normal
simd_float4x4([[-0.00126308, -0.99827, 0.0587854, 0.0)], [0.999901, -0.000438333, 0.0140406, 0.0)], [-0.0139905, 0.0587974, 0.998172, 0.0)], [0.00316419, 0.00252474, 0.00403178, 1.0)]])
0.00316419, 0.00252474, 0.00403178
float3(-0.0588313, -0.0140152, -1.57124)
618.72712
normal
simd_float4x4([[-0.00172044, -0.998225, 0.0595345, 0.0)], [0.999896, -0.000866043, 0.0143742, 0.0)], [-0.0142971, 0.059553, 0.998123, 0.0)], [0.0030594, 0.00213658, 0.00325706, 1.0)]])
0.0030594, 0.00213658, 0.00325706
float3(-0.0595883, -0.014323, -1.57166)
618.827171375
normal
simd_float4x4([[-0.00364684, -0.998359, 0.0571512, 0.0)], [0.999904, -0.0028748, 0.0135852, 0.0)], [-0.0133986, 0.0571953, 0.998273, 0.0)], [0.00318295, 0.00253068, 0.00396756, 1.0)]])
0.00318295, 0.00253068, 0.00396756
float3(-0.0572265, -0.013421, -1.57368)
618.927222666
normal
simd_float4x4([[-0.00400883, -0.998422, 0.0560055, 0.0)], [0.999916, -0.00331324, 0.0125075, 0.0)], [-0.0123022, 0.0560509, 0.998352, 0.0)], [0.00272554, 0.00229808, 0.00410144, 1.0)]])
0.00272554, 0.00229808, 0.00410144
float3(-0.0560803, -0.0123218, -1.57411)
619.027274166
normal
simd_float4x4([[0.0043455, -0.998407, 0.0562604, 0.0)], [0.991632, -0.0029569, -0.129066, 0.0)], [0.129027, 0.0563505, 0.990039, 0.0)], [0.0311097, 0.00796742, 0.00365019, 1.0)]])
0.0311097, 0.00796742, 0.00365019
float3(-0.0563804, 0.129595, -1.57376)
619.127325375
normal
simd_float4x4([[0.00495622, -0.998431, 0.0557747, 0.0)], [0.991636, -0.00228649, -0.129049, 0.0)], [0.128974, 0.0559477, 0.990069, 0.0)], [0.0294216, 0.00787457, 0.00365153, 1.0)]])
0.0294216, 0.00787457, 0.00365153
float3(-0.055977, 0.129538, -1.57309)
619.227376708
normal
simd_float4x4([[0.00516706, -0.998404, 0.0562301, 0.0)], [0.991711, -0.00210317, -0.128473, 0.0)], [0.128386, 0.0564279, 0.990118, 0.0)], [0.02837, 0.00732799, 0.00330458, 1.0)]])
0.02837, 0.00732799, 0.00330458
float3(-0.0564579, 0.128948, -1.5729)
619.327428083
normal
simd_float4x4([[0.00537905, -0.998386, 0.056534, 0.0)], [0.991596, -0.00198259, -0.12936, 0.0)], [0.129263, 0.0567547, 0.989985, 0.0)], [0.0280265, 0.00689205, 0.00291959, 1.0)]])
0.0280265, 0.00689205, 0.00291959
float3(-0.0567852, 0.129836, -1.57278)
619.427479333
normal
simd_float4x4([[0.00555103, -0.998402, 0.0562407, 0.0)], [0.991604, -0.0017703, -0.129299, 0.0)], [0.129192, 0.0564862, 0.990009, 0.0)], [0.0270055, 0.0070441, 0.00269142, 1.0)]])
0.0270055, 0.0070441, 0.00269142
float3(-0.0565163, 0.129763, -1.57257)
619.527530916
normal
simd_float4x4([[0.00578156, -0.998393, 0.0563756, 0.0)], [0.9915, -0.00160459, -0.130099, 0.0)], [0.129981, 0.0566485, 0.989897, 0.0)], [0.026716, 0.00691987, 0.00223627, 1.0)]])
0.026716, 0.00691987, 0.00223627
float3(-0.0566789, 0.13056, -1.5724)
619.627582083
normal
simd_float4x4([[0.0052435, -0.998332, 0.0574969, 0.0)], [0.99122, -0.00240779, -0.132202, 0.0)], [0.13212, 0.0576853, 0.989554, 0.0)], [0.0261613, 0.00681566, 0.00105513, 1.0)]])
0.0261613, 0.00681566, 0.00105513
float3(-0.0577173, 0.13273, -1.57321)
619.727633541
normal
simd_float4x4([[0.00488557, -0.998325, 0.0576524, 0.0)], [0.990975, -0.00288954, -0.134013, 0.0)], [0.133955, 0.0577868, 0.989301, 0.0)], [0.0262088, 0.00681182, 0.00130604, 1.0)]])
0.0262088, 0.00681182, 0.00130604
float3(-0.0578191, 0.134585, -1.57369)
619.827684916
normal
simd_float4x4([[0.0040914, -0.998301, 0.0581165, 0.0)], [0.990852, -0.00379227, -0.134898, 0.0)], [0.134889, 0.0581368, 0.989154, 0.0)], [0.0267645, 0.007002, 0.000838161, 1.0)]])
0.0267645, 0.007002, 0.000838161
float3(-0.0581696, 0.135532, -1.5746)
619.927736125
normal
simd_float4x4([[0.00270812, -0.998311, 0.0580283, 0.0)], [0.990942, -0.00511196, -0.134192, 0.0)], [0.134262, 0.0578661, 0.989255, 0.0)], [0.0273966, 0.00700258, 0.00023029, 1.0)]])
0.0273966, 0.00700258, 0.00023029
float3(-0.0578984, 0.134896, -1.57592)
620.02778775
normal
simd_float4x4([[0.000516116, -0.998256, 0.0590221, 0.0)], [0.991404, -0.00721152, -0.13064, 0.0)], [0.130838, 0.0585821, 0.989671, 0.0)], [0.0283649, 0.00678048, -0.00113498, 1.0)]])
0.0283649, 0.00678048, -0.00113498
float3(-0.0586157, 0.131441, -1.57802)
620.127838958
normal
simd_float4x4([[-0.000790356, -0.998078, 0.0619676, 0.0)], [0.991798, -0.00870272, -0.12752, 0.0)], [0.127814, 0.0613585, 0.989898, 0.0)], [0.0296584, 0.00649685, -0.0029457, 1.0)]])
0.0296584, 0.00649685, -0.0029457
float3(-0.0613971, 0.128408, -1.57952)
620.227890625
normal
simd_float4x4([[-0.0032189, -0.99802, 0.0628144, 0.0)], [0.992398, -0.0109162, -0.122585, 0.0)], [0.123028, 0.0619423, 0.990468, 0.0)], [0.0321145, 0.00675195, -0.00375338, 1.0)]])
0.0321145, 0.00675195, -0.00375338
float3(-0.0619819, 0.123579, -1.58173)
620.327941833
normal
simd_float4x4([[-0.00560197, -0.997974, 0.0633717, 0.0)], [0.993336, -0.0128492, -0.114539, 0.0)], [0.115121, 0.0623077, 0.991395, 0.0)], [0.0345637, 0.00673938, -0.00370495, 1.0)]])
0.0345637, 0.00673938, -0.00370495
float3(-0.0623481, 0.115603, -1.58367)
620.427993416
normal
simd_float4x4([[-0.00681023, -0.997866, 0.064939, 0.0)], [0.994664, -0.0134448, -0.102284, 0.0)], [0.102938, 0.063896, 0.992633, 0.0)], [0.0375713, 0.00669722, -0.00432974, 1.0)]])
0.0375713, 0.00669722, -0.00432974
float3(-0.0639395, 0.103333, -1.58427)
620.528044666
normal
simd_float4x4([[-0.0099421, -0.997896, 0.0640659, 0.0)], [0.99632, -0.01534, -0.0843229, 0.0)], [0.0851283, 0.0629918, 0.994377, 0.0)], [0.0416353, 0.00704714, -0.00406527, 1.0)]])
0.0416353, 0.00704714, -0.00406527
float3(-0.0630335, 0.0854014, -1.58617)
620.628096125
normal
simd_float4x4([[-0.0122035, -0.997919, 0.0633201, 0.0)], [0.998024, -0.016059, -0.0607418, 0.0)], [0.0616322, 0.0624538, 0.996143, 0.0)], [0.046843, 0.00739539, -0.00452349, 1.0)]])
0.046843, 0.00739539, -0.00452349
float3(-0.0624944, 0.0617921, -1.58689)
620.728147666
normal
simd_float4x4([[-0.0137196, -0.997785, 0.0650908, 0.0)], [0.999426, -0.015701, -0.0300266, 0.0)], [0.030982, 0.0646415, 0.997428, 0.0)], [0.0511462, 0.00793947, -0.0055784, 1.0)]])
0.0511462, 0.00793947, -0.0055784
float3(-0.0646866, 0.031052, -1.58653)
620.828198958
normal
simd_float4x4([[-0.0156979, -0.997663, 0.0664984, 0.0)], [0.999876, -0.0155992, 0.00200391, 0.0)], [-0.000961906, 0.0665217, 0.997784, 0.0)], [0.0561053, 0.00866381, -0.00710687, 1.0)]])
0.0561053, 0.00866381, -0.00710687
float3(-0.0665708, -0.000964041, -1.58643)
620.928250375
normal
simd_float4x4([[-0.0177785, -0.997565, 0.0674335, 0.0)], [0.999264, -0.0154341, 0.0351287, 0.0)], [-0.0340024, 0.0680084, 0.997105, 0.0)], [0.0604734, 0.00988132, -0.00790181, 1.0)]])
0.0604734, 0.00988132, -0.00790181
float3(-0.0680609, -0.0340879, -1.58627)
621.028301875
normal
simd_float4x4([[-0.0249331, -0.9974, 0.0676138, 0.0)], [0.994369, -0.017775, 0.104475, 0.0)], [-0.103002, 0.0698379, 0.992226, 0.0)], [0.0401506, 0.0119695, 0.00103228, 1.0)]])
0.0401506, 0.0119695, 0.00103228
float3(-0.0698948, -0.103438, -1.58862)
621.128353125
normal
simd_float4x4([[-0.0285774, -0.997262, 0.0682033, 0.0)], [0.990089, -0.018854, 0.139168, 0.0)], [-0.137501, 0.0715044, 0.987917, 0.0)], [0.0472302, 0.0126544, 0.0013978, 1.0)]])
0.0472302, 0.0126544, 0.0013978
float3(-0.0715655, -0.138295, -1.5897)
621.228404833
normal
simd_float4x4([[-0.0298304, -0.997376, 0.0659577, 0.0)], [0.984329, -0.0178383, 0.175436, 0.0)], [-0.173799, 0.0701574, 0.982279, 0.0)], [0.0560809, 0.0136875, 0.0017229, 1.0)]])
0.0560809, 0.0136875, 0.0017229
float3(-0.0702151, -0.175122, -1.58868)
621.328456125
normal
simd_float4x4([[-0.031984, -0.997387, 0.0647852, 0.0)], [0.976365, -0.0173165, 0.215432, 0.0)], [-0.213747, 0.0701444, 0.974367, 0.0)], [0.0681204, 0.0147707, 0.000588942, 1.0)]])
0.0681204, 0.0147707, 0.000588942
float3(-0.0702021, -0.215949, -1.58816)
621.42850775
normal
simd_float4x4([[-0.0342138, -0.997251, 0.065728, 0.0)], [0.966506, -0.0162779, 0.256126, 0.0)], [-0.254352, 0.0722895, 0.964406, 0.0)], [0.0807972, 0.0155908, -0.000256974, 1.0)]])
0.0807972, 0.0155908, -0.000256974
float3(-0.0723526, -0.257868, -1.58712)
621.528559083
normal
simd_float4x4([[-0.0354093, -0.997229, 0.0654313, 0.0)], [0.956174, -0.0147644, 0.292427, 0.0)], [-0.290651, 0.0729184, 0.954047, 0.0)], [0.0916551, 0.0168798, -0.00149895, 1.0)]])
0.0916551, 0.0168798, -0.00149895
float3(-0.0729831, -0.295718, -1.5856)
621.628610583
normal
simd_float4x4([[-0.038501, -0.997229, 0.0636533, 0.0)], [0.945445, -0.0157313, 0.325402, 0.0)], [-0.323499, 0.072709, 0.943431, 0.0)], [0.103426, 0.0174815, -0.00123527, 1.0)]])
0.103426, 0.0174815, -0.00123527
float3(-0.0727732, -0.330332, -1.58657)
621.728662166
normal
simd_float4x4([[-0.0417087, -0.997279, 0.0607939, 0.0)], [0.934087, -0.0173261, 0.356626, 0.0)], [-0.354602, 0.0716612, 0.932267, 0.0)], [0.116172, 0.0188981, -0.000338839, 1.0)]])
0.116172, 0.0188981, -0.000338839
float3(-0.0717226, -0.363466, -1.58817)
621.828713541
normal
simd_float4x4([[-0.0453108, -0.997387, 0.056271, 0.0)], [0.922004, -0.0200715, 0.386659, 0.0)], [-0.384519, 0.0694019, 0.920504, 0.0)], [0.128378, 0.0203634, 0.000644628, 1.0)]])
0.128378, 0.0203634, 0.000644628
float3(-0.0694577, -0.395694, -1.59092)
621.928765041
normal
simd_float4x4([[-0.0476848, -0.997531, 0.0515554, 0.0)], [0.906469, -0.0215359, 0.421723, 0.0)], [-0.419571, 0.0668432, 0.905258, 0.0)], [0.141134, 0.02271, 0.00462331, 1.0)]])
0.141134, 0.02271, 0.00462331
float3(-0.066893, -0.434009, -1.59238)
622.028816583
normal
simd_float4x4([[-0.0492417, -0.997623, 0.0481959, 0.0)], [0.888724, -0.0217437, 0.457927, 0.0)], [-0.455791, 0.0653819, 0.887682, 0.0)], [0.151416, 0.0245248, 0.00775302, 1.0)]])
0.151416, 0.0245248, 0.00775302
float3(-0.0654286, -0.474359, -1.59259)
622.128868
normal
simd_float4x4([[-0.050977, -0.997596, 0.0469486, 0.0)], [0.869776, -0.0212446, 0.492988, 0.0)], [-0.490806, 0.0659658, 0.868768, 0.0)], [0.161186, 0.0265739, 0.0109626, 1.0)]])
0.161186, 0.0265739, 0.0109626
float3(-0.0660138, -0.514244, -1.59209)
622.228919583
normal
simd_float4x4([[-0.0545472, -0.997509, 0.044717, 0.0)], [0.849321, -0.0228018, 0.527385, 0.0)], [-0.525052, 0.0667465, 0.848449, 0.0)], [0.170037, 0.0283305, 0.0148934, 1.0)]])
0.170037, 0.0283305, 0.0148934
float3(-0.0667961, -0.554155, -1.59365)
622.328971166
normal
simd_float4x4([[-0.0578731, -0.997328, 0.0445747, 0.0)], [0.825812, -0.0227358, 0.563487, 0.0)], [-0.560968, 0.0694211, 0.824921, 0.0)], [0.177874, 0.0281972, 0.0167118, 1.0)]])
0.177874, 0.0281972, 0.0167118
float3(-0.0694769, -0.597194, -1.59359)
622.429022625
normal
simd_float4x4([[-0.060165, -0.997299, 0.0421322, 0.0)], [0.799604, -0.0228869, 0.600091, 0.0)], [-0.597506, 0.0697935, 0.798821, 0.0)], [0.186748, 0.0309792, 0.0210492, 1.0)]])
0.186748, 0.0309792, 0.0210492
float3(-0.0698503, -0.64221, -1.59374)
622.529074
normal
simd_float4x4([[-0.0661501, -0.996933, 0.0418171, 0.0)], [0.773521, -0.0247623, 0.633287, 0.0)], [-0.630309, 0.0742384, 0.772786, 0.0)], [0.195782, 0.0327801, 0.0247114, 1.0)]])
0.195782, 0.0327801, 0.0247114
float3(-0.0743067, -0.6842, -1.59563)
622.629125541
normal
simd_float4x4([[-0.0737529, -0.996364, 0.0426543, 0.0)], [0.74642, -0.0267857, 0.664935, 0.0)], [-0.661375, 0.0808789, 0.745682, 0.0)], [0.20337, 0.033561, 0.0279775, 1.0)]])
0.20337, 0.033561, 0.0279775
float3(-0.0809674, -0.725552, -1.59767)
622.729177083
normal
simd_float4x4([[-0.077952, -0.996146, 0.0402173, 0.0)], [0.715135, -0.027764, 0.698435, 0.0)], [-0.694626, 0.0832051, 0.714543, 0.0)], [0.209702, 0.0353777, 0.0331277, 1.0)]])
0.209702, 0.0353777, 0.0331277
float3(-0.0833015, -0.771266, -1.59866)
622.829228833
normal
simd_float4x4([[-0.0792174, -0.996287, 0.0337051, 0.0)], [0.680979, -0.029392, 0.731713, 0.0)], [-0.728006, 0.0809169, 0.680779, 0.0)], [0.214991, 0.0371621, 0.0400483, 1.0)]])
0.214991, 0.0371621, 0.0400483
float3(-0.0810055, -0.818909, -1.60029)
622.929280166
normal
simd_float4x4([[-0.0793675, -0.996484, 0.0268527, 0.0)], [0.641017, -0.0303888, 0.766925, 0.0)], [-0.763412, 0.0780819, 0.641175, 0.0)], [0.221823, 0.0381745, 0.0474117, 1.0)]])
0.221823, 0.0381745, 0.0474117
float3(-0.0781614, -0.872206, -1.60128)
623.029331583
normal
simd_float4x4([[-0.0825058, -0.996383, 0.0203476, 0.0)], [0.595024, -0.0328719, 0.803036, 0.0)], [-0.799462, 0.0783625, 0.595583, 0.0)], [0.227817, 0.0396818, 0.0543719, 1.0)]])
0.227817, 0.0396818, 0.0543719
float3(-0.0784429, -0.930516, -1.60378)
623.129383166
normal
simd_float4x4([[-0.0894083, -0.99587, 0.0157927, 0.0)], [0.547499, -0.0358959, 0.836036, 0.0)], [-0.832016, 0.083395, 0.548447, 0.0)], [0.233862, 0.0403704, 0.0609644, 1.0)]])
0.233862, 0.0403704, 0.0609644
float3(-0.083492, -0.987996, -1.60683)
623.229434666
normal
simd_float4x4([[-0.0919325, -0.995698, 0.0116023, 0.0)], [0.506943, -0.0367709, 0.861195, 0.0)], [-0.857063, 0.0850535, 0.508143, 0.0)], [0.239004, 0.0413928, 0.0647258, 1.0)]])
0.239004, 0.0413928, 0.0647258
float3(-0.0851564, -1.03562, -1.60771)
623.32948625
normal
simd_float4x4([[-0.0986171, -0.995074, 0.0101004, 0.0)], [0.476342, -0.0382917, 0.878426, 0.0)], [-0.873712, 0.091439, 0.477772, 0.0)], [0.247307, 0.0428002, 0.06794, 1.0)]])
0.247307, 0.0428002, 0.06794
float3(-0.0915669, -1.07039, -1.60926)
623.429537708
normal
simd_float4x4([[-0.101552, -0.994818, 0.00487516, 0.0)], [0.448917, -0.0414517, 0.892612, 0.0)], [-0.887784, 0.0928353, 0.4508, 0.0)], [0.259295, 0.0459454, 0.0751106, 1.0)]])
0.259295, 0.0459454, 0.0751106
float3(-0.0929692, -1.10094, -1.61244)
623.529589291
normal
simd_float4x4([[-0.107786, -0.994174, 0.000172223, 0.0)], [0.414502, -0.0447819, 0.908946, 0.0)], [-0.903643, 0.0980431, 0.416914, 0.0)], [0.271783, 0.0483035, 0.0839342, 1.0)]])
0.271783, 0.0483035, 0.0839342
float3(-0.0982008, -1.13853, -1.61581)
623.629640875
normal
simd_float4x4([[-0.108997, -0.994021, -0.00644799, 0.0)], [0.38216, -0.0478913, 0.922854, 0.0)], [-0.917646, 0.0981246, 0.385095, 0.0)], [0.280433, 0.0490997, 0.0941506, 1.0)]])
0.280433, 0.0490997, 0.0941506
float3(-0.0982828, -1.17346, -1.61894)
623.729692375
normal
simd_float4x4([[-0.107591, -0.994127, -0.0116121, 0.0)], [0.346788, -0.0484728, 0.93669, 0.0)], [-0.931752, 0.0967523, 0.349967, 0.0)], [0.287787, 0.0492931, 0.102618, 1.0)]])
0.287787, 0.0492931, 0.102618
float3(-0.0969039, -1.2115, -1.61952)
623.829743916
normal
simd_float4x4([[-0.105725, -0.994262, -0.0162977, 0.0)], [0.315129, -0.0490452, 0.947781, 0.0)], [-0.943141, 0.0950685, 0.318506, 0.0)], [0.295451, 0.0485762, 0.108968, 1.0)]])
0.295451, 0.0485762, 0.108968
float3(-0.0952123, -1.24511, -1.62008)
623.9297955
normal
simd_float4x4([[-0.108433, -0.9939, -0.0201115, 0.0)], [0.286746, -0.0506418, 0.956667, 0.0)], [-0.95185, 0.0979678, 0.290489, 0.0)], [0.304389, 0.0478668, 0.115666, 1.0)]])
0.304389, 0.0478668, 0.115666
float3(-0.0981252, -1.27459, -1.6217)
624.029847208
normal
simd_float4x4([[-0.109687, -0.993678, -0.0239225, 0.0)], [0.264508, -0.0523805, 0.96296, 0.0)], [-0.958126, 0.0992962, 0.268581, 0.0)], [0.309714, 0.0469223, 0.122006, 1.0)]])
0.309714, 0.0469223, 0.122006
float3(-0.0994601, -1.29749, -1.62346)
624.129898541
normal
simd_float4x4([[-0.105919, -0.993987, -0.0277529, 0.0)], [0.241228, -0.0527613, 0.969033, 0.0)], [-0.964671, 0.095944, 0.245366, 0.0)], [0.311926, 0.0460206, 0.128316, 1.0)]])
0.311926, 0.0460206, 0.128316
float3(-0.0960919, -1.32173, -1.62383)
624.229950125
normal
simd_float4x4([[-0.100077, -0.994454, -0.0323551, 0.0)], [0.223834, -0.0541866, 0.97312, 0.0)], [-0.969476, 0.0901445, 0.228015, 0.0)], [0.313141, 0.0449652, 0.135319, 1.0)]])
0.313141, 0.0449652, 0.135319
float3(-0.0902671, -1.3398, -1.62523)
624.330001666
normal
simd_float4x4([[-0.0961136, -0.994715, -0.0361049, 0.0)], [0.206571, -0.0554166, 0.976861, 0.0)], [-0.973699, 0.0864314, 0.210806, 0.0)], [0.315606, 0.0443774, 0.141964, 1.0)]])
0.315606, 0.0443774, 0.141964
float3(-0.0865394, -1.35759, -1.62645)
624.43005325
normal
simd_float4x4([[-0.0946087, -0.994746, -0.0391076, 0.0)], [0.19239, -0.056813, 0.979672, 0.0)], [-0.976747, 0.0851616, 0.196755, 0.0)], [0.319432, 0.0435338, 0.146751, 1.0)]])
0.319432, 0.0435338, 0.146751
float3(-0.0852649, -1.37202, -1.62785)
624.530105
normal
simd_float4x4([[-0.0944546, -0.994705, -0.0405002, 0.0)], [0.181602, -0.0572154, 0.981706, 0.0)], [-0.978825, 0.0853717, 0.186045, 0.0)], [0.321834, 0.0416846, 0.152788, 1.0)]])
0.321834, 0.0416846, 0.152788
float3(-0.0854758, -1.38297, -1.62825)
624.630156458
normal
simd_float4x4([[-0.0935534, -0.994775, -0.0408775, 0.0)], [0.174539, -0.0568085, 0.98301, 0.0)], [-0.980196, 0.0848292, 0.178941, 0.0)], [0.325436, 0.041097, 0.15509, 1.0)]])
0.325436, 0.041097, 0.15509
float3(-0.0849313, -1.39023, -1.62784)
624.730208083
normal
simd_float4x4([[-0.095098, -0.994478, -0.044377, 0.0)], [0.175872, -0.0606623, 0.982542, 0.0)], [-0.979809, 0.0856332, 0.18067, 0.0)], [0.324994, 0.0397712, 0.154965, 1.0)]])
0.324994, 0.0397712, 0.154965
float3(-0.0857382, -1.38845, -1.63172)
624.830259625
normal
simd_float4x4([[-0.0928885, -0.994559, -0.0471535, 0.0)], [0.178799, -0.0632502, 0.98185, 0.0)], [-0.979491, 0.0827717, 0.183702, 0.0)], [0.323794, 0.0410878, 0.15483, 1.0)]])
0.323794, 0.0410878, 0.15483
float3(-0.0828665, -1.3854, -1.63431)
624.930311041
normal
simd_float4x4([[-0.0900117, -0.994638, -0.0509189, 0.0)], [0.175808, -0.066192, 0.982197, 0.0)], [-0.980301, 0.0794572, 0.180823, 0.0)], [0.285603, -0.00624222, 0.148953, 1.0)]])
0.285603, -0.00624222, 0.148953
float3(-0.0795411, -1.38839, -1.63725)
625.030362708
normal
simd_float4x4([[-0.0890746, -0.994555, -0.0540928, 0.0)], [0.18078, -0.06955, 0.981061, 0.0)], [-0.979482, 0.0776087, 0.185991, 0.0)], [0.291669, -0.00484336, 0.153512, 1.0)]])
0.291669, -0.00484336, 0.153512
float3(-0.0776868, -1.38314, -1.64061)
625.13041425
normal
simd_float4x4([[-0.0888325, -0.994485, -0.0557535, 0.0)], [0.183866, -0.0713852, 0.980356, 0.0)], [-0.978929, 0.0768363, 0.189193, 0.0)], [0.295761, -0.0121495, 0.161608, 1.0)]])
0.295761, -0.0121495, 0.161608
float3(-0.0769121, -1.37988, -1.64245)
625.230465958
normal
simd_float4x4([[-0.088905, -0.994508, -0.0552162, 0.0)], [0.186354, -0.0710649, 0.979909, 0.0)], [-0.978452, 0.076829, 0.191649, 0.0)], [0.297649, -0.0126136, 0.16219, 1.0)]])
0.297649, -0.0126136, 0.16219
float3(-0.0769048, -1.37738, -1.64213)
625.3305175
normal
simd_float4x4([[-0.0875681, -0.994499, -0.0574842, 0.0)], [0.183019, -0.0727852, 0.980411, 0.0)], [-0.979202, 0.075332, 0.188386, 0.0)], [0.300805, -0.0104992, 0.156419, 1.0)]])
0.300805, -0.0104992, 0.156419
float3(-0.0754034, -1.38073, -1.64385)
625.430569166
normal
simd_float4x4([[-0.0879025, -0.99442, -0.0583346, 0.0)], [0.182309, -0.0736322, 0.98048, 0.0)], [-0.979304, 0.0755518, 0.187764, 0.0)], [0.30165, -0.0104051, 0.155973, 1.0)]])
0.30165, -0.0104051, 0.155973
float3(-0.0756239, -1.38136, -1.64471)
625.53062075
normal
simd_float4x4([[-0.0878129, -0.99436, -0.0594747, 0.0)], [0.172019, -0.0739454, 0.982314, 0.0)], [-0.981172, 0.0760291, 0.177542, 0.0)], [0.260713, -0.0155219, 0.146344, 1.0)]])
0.260713, -0.0155219, 0.146344
float3(-0.0761025, -1.39178, -1.64502)
625.63067225
normal
simd_float4x4([[-0.089949, -0.99425, -0.0580983, 0.0)], [0.172831, -0.0730324, 0.98224, 0.0)], [-0.980836, 0.0783104, 0.178406, 0.0)], [0.265339, -0.0156959, 0.146225, 1.0)]])
0.265339, -0.0156959, 0.146225
float3(-0.0783906, -1.39087, -1.64412)
625.730724041
normal
simd_float4x4([[-0.0904104, -0.994242, -0.0575144, 0.0)], [0.174671, -0.0726862, 0.98194, 0.0)], [-0.980467, 0.0787316, 0.180236, 0.0)], [0.267223, -0.01454, 0.144866, 1.0)]])
0.267223, -0.01454, 0.144866
float3(-0.0788132, -1.389, -1.64377)
625.830775541
normal
simd_float4x4([[-0.088524, -0.994427, -0.0572583, 0.0)], [0.176172, -0.0722088, 0.981707, 0.0)], [-0.980371, 0.0768174, 0.181582, 0.0)], [0.267686, -0.0131405, 0.144864, 1.0)]])
0.267686, -0.0131405, 0.144864
float3(-0.0768931, -1.38765, -1.64328)
625.93082725
normal
simd_float4x4([[-0.0879643, -0.994456, -0.0576135, 0.0)], [0.170779, -0.072037, 0.982672, 0.0)], [-0.981375, 0.0766009, 0.176169, 0.0)], [0.283415, 0.0195473, 0.124764, 1.0)]])
0.283415, 0.0195473, 0.124764
float3(-0.076676, -1.39318, -1.64311)
626.030878875
normal
simd_float4x4([[-0.0882161, -0.994386, -0.0584333, 0.0)], [0.168658, -0.0727259, 0.982988, 0.0)], [-0.981719, 0.0768601, 0.174127, 0.0)], [0.280528, 0.0171923, 0.126871, 1.0)]])
0.280528, 0.0171923, 0.126871
float3(-0.076936, -1.39525, -1.6438)
626.130930291
normal
simd_float4x4([[-0.0873025, -0.994478, -0.0582323, 0.0)], [0.169552, -0.0724362, 0.982856, 0.0)], [-0.981647, 0.0759324, 0.174939, 0.0)], [0.278826, 0.0147579, 0.129292, 1.0)]])
0.278826, 0.0147579, 0.129292
float3(-0.0760055, -1.39444, -1.64351)
626.230982083
normal
simd_float4x4([[-0.088036, -0.994403, -0.0584202, 0.0)], [0.174511, -0.0731374, 0.981935, 0.0)], [-0.980712, 0.0762507, 0.179973, 0.0)], [0.277645, 0.012669, 0.129936, 1.0)]])
0.277645, 0.012669, 0.129936
float3(-0.0763248, -1.3893, -1.64421)
626.331033708
normal
simd_float4x4([[-0.0904306, -0.994339, -0.0557804, 0.0)], [0.189131, -0.0721372, 0.979298, 0.0)], [-0.977779, 0.0780087, 0.194584, 0.0)], [0.278187, 0.0111107, 0.128568, 1.0)]])
0.278187, 0.0111107, 0.128568
float3(-0.0780881, -1.37436, -1.64322)
626.431085416
normal
simd_float4x4([[-0.0931466, -0.994402, -0.0498733, 0.0)], [0.218014, -0.0692458, 0.973486, 0.0)], [-0.97149, 0.0798039, 0.223244, 0.0)], [0.277168, 0.0102871, 0.121959, 1.0)]])
0.277168, 0.0102871, 0.121959
float3(-0.0798888, -1.34492, -1.64032)
626.531137041
normal
simd_float4x4([[-0.0915009, -0.994862, -0.0433318, 0.0)], [0.263635, -0.0661632, 0.962351, 0.0)], [-0.960273, 0.0766321, 0.268335, 0.0)], [0.274458, 0.0106953, 0.111587, 1.0)]])
0.274458, 0.0106953, 0.111587
float3(-0.0767074, -1.29831, -1.6372)
626.631188791
normal
simd_float4x4([[-0.0912532, -0.995146, -0.0368429, 0.0)], [0.322227, -0.0645141, 0.944462, 0.0)], [-0.942254, 0.0743133, 0.32655, 0.0)], [0.270979, 0.0112269, 0.098346, 1.0)]])
0.270979, 0.0112269, 0.098346
float3(-0.0743819, -1.23719, -1.63553)
626.731240291
normal
simd_float4x4([[-0.0930126, -0.995273, -0.0279237, 0.0)], [0.388203, -0.0620765, 0.919481, 0.0)], [-0.916868, 0.0746833, 0.392142, 0.0)], [0.267607, 0.0115459, 0.0836603, 1.0)]])
0.267607, 0.0115459, 0.0836603
float3(-0.0747529, -1.16664, -1.63309)
626.831291833
normal
simd_float4x4([[-0.0912637, -0.995653, -0.0186084, 0.0)], [0.457826, -0.0585451, 0.887112, 0.0)], [-0.884345, 0.0724417, 0.461178, 0.0)], [0.262426, 0.0119564, 0.0683998, 1.0)]])
0.262426, 0.0119564, 0.0683998
float3(-0.0725052, -1.0901, -1.62953)
626.931343625
normal
simd_float4x4([[-0.0910733, -0.995768, -0.0122926, 0.0)], [0.5285, -0.0587916, 0.846895, 0.0)], [-0.844034, 0.0706329, 0.531618, 0.0)], [0.254148, 0.0124917, 0.0525625, 1.0)]])
0.254148, 0.0124917, 0.0525625
float3(-0.0706918, -1.00871, -1.62977)
627.03139525
normal
simd_float4x4([[-0.0891319, -0.996005, -0.00544945, 0.0)], [0.598618, -0.0579412, 0.798936, 0.0)], [-0.79606, 0.0679485, 0.601391, 0.0)], [0.244748, 0.0124509, 0.0365713, 1.0)]])
0.244748, 0.0124509, 0.0365713
float3(-0.0680009, -0.923811, -1.6289)
627.131446916
normal
simd_float4x4([[-0.0826479, -0.996579, -0.000222666, 0.0)], [0.664906, -0.0553082, 0.744876, 0.0)], [-0.74234, 0.0614144, 0.667203, 0.0)], [0.23064, 0.0127774, 0.0262906, 1.0)]])
0.23064, 0.0127774, 0.0262906
float3(-0.0614531, -0.838654, -1.62624)
627.231498625
normal
simd_float4x4([[-0.0774448, -0.996989, 0.00383419, 0.0)], [0.725918, -0.0537514, 0.685678, 0.0)], [-0.683407, 0.0558855, 0.727895, 0.0)], [0.217506, 0.0129895, 0.0168984, 1.0)]])
0.217506, 0.0129895, 0.0168984
float3(-0.0559146, -0.753886, -1.62466)
627.331550083
normal
simd_float4x4([[-0.0738816, -0.997225, 0.00911895, 0.0)], [0.778158, -0.051928, 0.625918, 0.0)], [-0.623708, 0.0533398, 0.779836, 0.0)], [0.204313, 0.0124811, 0.00858274, 1.0)]])
0.204313, 0.0124811, 0.00858274
float3(-0.0533651, -0.674615, -1.62282)
627.431601916
normal
simd_float4x4([[-0.0726917, -0.997267, 0.0132009, 0.0)], [0.820009, -0.0522266, 0.569963, 0.0)], [-0.567716, 0.0522564, 0.821564, 0.0)], [0.190769, 0.011544, 0.00196971, 1.0)]])
0.190769, 0.011544, 0.00196971
float3(-0.0522802, -0.604672, -1.62312)
627.531653541
normal
simd_float4x4([[-0.0692833, -0.997381, 0.020746, 0.0)], [0.855013, -0.0486539, 0.51632, 0.0)], [-0.513958, 0.0535104, 0.856145, 0.0)], [0.179616, 0.0105114, -0.00269253, 1.0)]])
0.179616, 0.0105114, -0.00269253
float3(-0.053536, -0.540653, -1.61954)
627.631705333
normal
simd_float4x4([[-0.0678402, -0.997321, 0.0273542, 0.0)], [0.886365, -0.0476614, 0.460528, 0.0)], [-0.45799, 0.0554881, 0.887224, 0.0)], [0.169083, 0.00965243, -0.00812772, 1.0)]])
0.169083, 0.00965243, -0.00812772
float3(-0.0555166, -0.476528, -1.61855)
627.731756875
normal
simd_float4x4([[-0.0681265, -0.997033, 0.0358437, 0.0)], [0.914147, -0.0479918, 0.402531, 0.0)], [-0.399617, 0.0601895, 0.914704, 0.0)], [0.157387, 0.00866879, -0.0141383, 1.0)]])
0.157387, 0.00866879, -0.0141383
float3(-0.0602259, -0.411891, -1.61889)
627.831808625
normal
simd_float4x4([[-0.0641994, -0.997133, 0.0400545, 0.0)], [0.937073, -0.0464326, 0.346032, 0.0)], [-0.34318, 0.0597491, 0.937367, 0.0)], [0.145681, 0.00937901, -0.018291, 1.0)]])
0.145681, 0.00937901, -0.018291
float3(-0.0597847, -0.350954, -1.61733)
627.93186025
normal
