ARKit Data
601915.210972291
normal
simd_float4x4([[0.00732565, -0.999829, 0.0169977, 0.0)], [0.999855, 0.00758552, 0.015275, 0.0)], [-0.0154013, 0.0168834, 0.999739, 0.0)], [0.00999945, -0.0124509, 0.00981892, 1.0)]])
0.00999945, -0.0124509, 0.00981892
float3(-0.0168842, -0.0154041, -1.56321)
601915.411085416
normal
simd_float4x4([[0.00762188, -0.999824, 0.0171626, 0.0)], [0.999946, 0.00774193, 0.00693983, 0.0)], [-0.00707148, 0.0171088, 0.999829, 0.0)], [0.0113186, -0.0138527, 0.0101507, 1.0)]])
0.0113186, -0.0138527, 0.0101507
float3(-0.0171096, -0.00707257, -1.56305)
601915.6111985
normal
simd_float4x4([[0.00783907, -0.999751, 0.0208819, 0.0)], [0.999962, 0.00791573, 0.00359081, 0.0)], [-0.00375521, 0.0208529, 0.999776, 0.0)], [0.0104512, -0.0139955, 0.00816875, 1.0)]])
0.0104512, -0.0139955, 0.00816875
float3(-0.0208545, -0.00375604, -1.56288)
601916.1949455
notAvailable
simd_float4x4([[-0.000676437, 0.0, 1.0, 0.0)], [0.0, 1.0, 0.0, 0.0)], [-1.0, 0.0, -0.000676437, 0.0)], [-0.00914475, -0.153676, -0.0297708, 1.0)]])
-0.00914475, -0.153676, -0.0297708
float3(-0.0, -1.57147, 0.0)
601916.411589166
limited(__ObjC.ARCamera.TrackingState.Reason.initializing)
simd_float4x4([[-0.0074927, -0.999508, 0.0304604, 0.0)], [0.999958, -0.00732689, 0.0055517, 0.0)], [-0.00532578, 0.0305007, 0.999521, 0.0)], [0.0, 0.0, 0.0, 1.0)]])
0.0, 0.0, 0.0
float3(-0.0305054, -0.00532829, -1.57813)
601916.628232916
limited(__ObjC.ARCamera.TrackingState.Reason.initializing)
simd_float4x4([[-0.00443697, -0.999711, 0.0236452, 0.0)], [0.999851, -0.00404101, 0.0167676, 0.0)], [-0.0166672, 0.0237161, 0.99958, 0.0)], [0.0, 0.0, 0.0, 1.0)]])
0.0, 0.0, 0.0
float3(-0.0237184, -0.0166727, -1.57484)
601916.828334875
limited(__ObjC.ARCamera.TrackingState.Reason.initializing)
simd_float4x4([[-0.00513119, -0.999575, 0.0286799, 0.0)], [0.999817, -0.00459915, 0.0185863, 0.0)], [-0.0184465, 0.02877, 0.999416, 0.0)], [0.0, 0.0, 0.0, 1.0)]])
0.0, 0.0, 0.0
float3(-0.0287739, -0.0184552, -1.5754)
601917.028447916
limited(__ObjC.ARCamera.TrackingState.Reason.initializing)
simd_float4x4([[-0.0066934, -0.999549, 0.0292812, 0.0)], [0.999902, -0.00632971, 0.0124955, 0.0)], [-0.0123045, 0.0293619, 0.999493, 0.0)], [0.0, 0.0, 0.0, 1.0)]])
0.0, 0.0, 0.0
float3(-0.0293662, -0.0123102, -1.57713)
601917.245237125
normal
simd_float4x4([[-0.00261082, -0.999418, 0.0340182, 0.0)], [0.999982, -0.00242387, 0.0055357, 0.0)], [-0.00545002, 0.034032, 0.999406, 0.0)], [-0.000528242, 0.00105391, -0.00115827, 1.0)]])
-0.000528242, 0.00105391, -0.00115827
float3(-0.0340386, -0.00545321, -1.57322)
601917.445350291
normal
simd_float4x4([[-0.000626516, -0.999448, 0.0332024, 0.0)], [0.999976, -0.000396459, 0.00693507, 0.0)], [-0.00691808, 0.0332059, 0.999425, 0.0)], [-0.00348088, 0.00219698, -0.000794665, 1.0)]])
-0.00348088, 0.00219698, -0.000794665
float3(-0.033212, -0.00692195, -1.57119)
601917.645463375
normal
simd_float4x4([[-0.00239989, -0.999399, 0.0345898, 0.0)], [0.999984, -0.00257852, -0.00512083, 0.0)], [0.00520694, 0.0345769, 0.999388, 0.0)], [-0.00449272, 0.00298976, -0.00279091, 1.0)]])
-0.00449272, 0.00298976, -0.00279091
float3(-0.0345838, 0.00521008, -1.57338)
601917.862252625
normal
simd_float4x4([[0.000231941, -0.999324, 0.0367587, 0.0)], [0.999799, -0.000504529, -0.0200247, 0.0)], [0.0200297, 0.036756, 0.999124, 0.0)], [-0.00587043, 0.00277894, -0.00523047, 1.0)]])
-0.00587043, 0.00277894, -0.00523047
float3(-0.0367642, 0.0200446, -1.5713)
601918.062365708
normal
simd_float4x4([[0.00141454, -0.999341, 0.0362792, 0.0)], [0.999462, 0.000224091, -0.0327967, 0.0)], [0.0327669, 0.0363061, 0.998803, 0.0)], [-0.00579256, 0.00171661, -0.00644532, 1.0)]])
-0.00579256, 0.00171661, -0.00644532
float3(-0.0363141, 0.0327944, -1.57057)
601918.262478833
normal
simd_float4x4([[0.00149337, -0.999319, 0.0368683, 0.0)], [0.999276, 8.94484e-05, -0.0380518, 0.0)], [0.0380225, 0.0368984, 0.998595, 0.0)], [-0.0057761, 0.00132433, -0.00768297, 1.0)]])
-0.0057761, 0.00132433, -0.00768297
float3(-0.0369068, 0.0380576, -1.57071)
601918.479268
normal
simd_float4x4([[0.00192967, -0.999327, 0.0366246, 0.0)], [0.999347, 0.000605477, -0.0361327, 0.0)], [0.0360862, 0.0366704, 0.998676, 0.0)], [-0.0045989, 0.000942104, -0.00763094, 1.0)]])
-0.0045989, 0.000942104, -0.00763094
float3(-0.0366786, 0.0361184, -1.57019)
601918.696057166
normal
simd_float4x4([[-0.000573924, -0.999374, 0.035375, 0.0)], [0.99956, -0.00162173, -0.0295984, 0.0)], [0.0296372, 0.0353424, 0.998936, 0.0)], [-0.00192163, 0.00108739, -0.00804656, 1.0)]])
-0.00192163, 0.00108739, -0.00804656
float3(-0.0353498, 0.0296601, -1.57242)
601918.9128465
normal
simd_float4x4([[-0.00153339, -0.999351, 0.0359931, 0.0)], [0.999802, -0.00224566, -0.019757, 0.0)], [0.019825, 0.0359557, 0.999157, 0.0)], [-0.000494352, 0.000466561, -0.0089117, 1.0)]])
-0.000494352, 0.000466561, -0.0089117
float3(-0.0359634, 0.0198391, -1.57304)
601919.112959541
normal
simd_float4x4([[-0.00107164, -0.999343, 0.0362198, 0.0)], [0.999846, -0.00170619, -0.0174931, 0.0)], [0.0175435, 0.0361955, 0.999191, 0.0)], [-0.000626333, 0.000583693, -0.0113887, 1.0)]])
-0.000626333, 0.000583693, -0.0113887
float3(-0.0362034, 0.0175559, -1.5725)
601919.313072625
normal
simd_float4x4([[-0.0022156, -0.99932, 0.0368032, 0.0)], [0.999798, -0.00294791, -0.0198555, 0.0)], [0.0199505, 0.0367518, 0.999125, 0.0)], [0.0022022, 0.000536993, -0.0137469, 1.0)]])
0.0022022, 0.000536993, -0.0137469
float3(-0.0367601, 0.0199653, -1.57375)
601919.513185708
normal
simd_float4x4([[-0.000801259, -0.999377, 0.035276, 0.0)], [0.99982, -0.00146999, -0.0189354, 0.0)], [0.0189754, 0.0352545, 0.999198, 0.0)], [0.0022425, 0.000691905, -0.014628, 1.0)]])
0.0022425, 0.000691905, -0.014628
float3(-0.0352618, 0.0189884, -1.57227)
601919.71329875
normal
simd_float4x4([[0.00147342, -0.999332, 0.0365147, 0.0)], [0.999887, 0.000925015, -0.0150309, 0.0)], [0.0149871, 0.0365327, 0.99922, 0.0)], [0.00178028, 0.000340611, -0.0156782, 1.0)]])
0.00178028, 0.000340611, -0.0156782
float3(-0.0365408, 0.0149977, -1.56987)
601919.946764291
normal
simd_float4x4([[0.00267253, -0.999322, 0.0367076, 0.0)], [0.999923, 0.00222498, -0.0122278, 0.0)], [0.0121378, 0.0367374, 0.999251, 0.0)], [0.00118972, 0.000379485, -0.015845, 1.0)]])
0.00118972, 0.000379485, -0.015845
float3(-0.0367457, 0.0121463, -1.56857)
601920.146877291
normal
simd_float4x4([[0.00172719, -0.999302, 0.0373065, 0.0)], [0.999933, 0.00129924, -0.0114924, 0.0)], [0.011436, 0.0373238, 0.999238, 0.0)], [0.00140612, -0.00018014, -0.0152855, 1.0)]])
0.00140612, -0.00018014, -0.0152855
float3(-0.0373325, 0.0114442, -1.5695)
601920.346990375
normal
simd_float4x4([[0.0024716, -0.999286, 0.0376933, 0.0)], [0.99996, 0.00214424, -0.00872264, 0.0)], [0.00863559, 0.0377133, 0.999251, 0.0)], [0.000958426, -0.000266977, -0.0157996, 1.0)]])
0.000958426, -0.000266977, -0.0157996
float3(-0.0377223, 0.00864185, -1.56865)
601920.547103583
normal
simd_float4x4([[0.00444146, -0.999309, 0.0369154, 0.0)], [0.999972, 0.00421598, -0.00618354, 0.0)], [0.00602362, 0.0369419, 0.999299, 0.0)], [0.000486782, -0.000110309, -0.0168076, 1.0)]])
0.000486782, -0.000110309, -0.0168076
float3(-0.0369503, 0.00602777, -1.56658)
601920.763892791
normal
simd_float4x4([[0.00315192, -0.999387, 0.0348743, 0.0)], [0.999971, 0.00291025, -0.00697812, 0.0)], [0.00687235, 0.0348953, 0.999367, 0.0)], [0.000812696, 0.000350867, -0.0166261, 1.0)]])
0.000812696, 0.000350867, -0.0166261
float3(-0.0349024, 0.00687659, -1.56788)
601920.980681916
normal
simd_float4x4([[0.00224735, -0.999369, 0.0354375, 0.0)], [0.999986, 0.00207749, -0.00482946, 0.0)], [0.0047528, 0.0354478, 0.99936, 0.0)], [0.00189016, -0.000167658, -0.0161615, 1.0)]])
0.00189016, -0.000167658, -0.0161615
float3(-0.0354553, 0.0047558, -1.56872)
