ARKit Data
439602.325745541
normal
simd_float4x4([[-0.036177, -0.745867, -0.665111, 0.0)], [-0.999255, 0.018036, 0.0341259, 0.0)], [-0.0134575, 0.66585, -0.745964, 0.0)], [0.0800862, 0.0626404, -0.039594, 1.0)]])
0.0800862, 0.0626404, -0.039594
float3(-0.728633, -3.12355, -1.54662)
439602.525854791
normal
simd_float4x4([[-0.0474382, -0.74684, -0.663309, 0.0)], [-0.998549, 0.0185231, 0.0505579, 0.0)], [-0.0254722, 0.664746, -0.746635, 0.0)], [0.0965217, 0.068593, -0.0326199, 1.0)]])
0.0965217, 0.068593, -0.0326199
float3(-0.727153, -3.10749, -1.546)
439603.290803333
notAvailable
simd_float4x4([[-0.767431, 0.0, -0.641132, 0.0)], [0.0, 1.0, 0.0, 0.0)], [0.641132, 0.0, -0.767431, 0.0)], [-0.0791557, -0.0600547, -0.0775363, 1.0)]])
-0.0791557, -0.0600547, -0.0775363
float3(-0.0, 2.44562, 0.0)
439603.49087925
limited(__ObjC.ARCamera.TrackingState.Reason.initializing)
simd_float4x4([[0.0183904, -0.808503, 0.588205, 0.0)], [0.999688, 0.0248059, 0.00284088, 0.0)], [-0.0168878, 0.587969, 0.808707, 0.0)], [0.0, 0.0, 0.0, 1.0)]])
0.0, 0.0, 0.0
float3(-0.628546, -0.0208794, -1.54012)
439603.690988666
limited(__ObjC.ARCamera.TrackingState.Reason.initializing)
simd_float4x4([[-0.0785195, -0.777996, 0.623344, 0.0)], [0.99632, -0.0396898, 0.0759645, 0.0)], [-0.0343597, 0.627015, 0.778249, 0.0)], [0.0, 0.0, 0.0, 1.0)]])
0.0, 0.0, 0.0
float3(-0.677715, -0.0441213, -1.62177)
439603.891098083
limited(__ObjC.ARCamera.TrackingState.Reason.initializing)
simd_float4x4([[-0.115883, -0.736042, 0.666943, 0.0)], [0.991654, -0.0475286, 0.119849, 0.0)], [-0.0565151, 0.675265, 0.735406, 0.0)], [0.0, 0.0, 0.0, 1.0)]])
0.0, 0.0, 0.0
float3(-0.741324, -0.076698, -1.63528)
439604.091207458
limited(__ObjC.ARCamera.TrackingState.Reason.initializing)
simd_float4x4([[-0.0891626, -0.654504, 0.750782, 0.0)], [0.99592, -0.0480798, 0.0763609, 0.0)], [-0.0138811, 0.754528, 0.656121, 0.0)], [0.0, 0.0, 0.0, 1.0)]])
0.0, 0.0, 0.0
float3(-0.854934, -0.0211532, -1.64412)
439604.307992583
limited(__ObjC.ARCamera.TrackingState.Reason.initializing)
simd_float4x4([[0.0179861, -0.565189, 0.824765, 0.0)], [0.998815, -0.0271563, -0.0403911, 0.0)], [0.0452262, 0.824514, 0.564031, 0.0)], [0.0, 0.0, 0.0, 1.0)]])
0.0, 0.0, 0.0
float3(-0.969343, 0.0800126, -1.61881)
439604.541453875
normal
simd_float4x4([[0.216942, -0.453772, 0.864307, 0.0)], [0.970681, 0.00639574, -0.240284, 0.0)], [0.103506, 0.891095, 0.441855, 0.0)], [-0.0661729, -0.0484355, 0.00704985, 1.0)]])
-0.0661729, -0.0484355, 0.00704985
float3(-1.09975, 0.230105, -1.5567)
439604.758239083
normal
simd_float4x4([[0.317607, -0.429926, 0.845156, 0.0)], [0.936717, 0.00383103, -0.350066, 0.0)], [0.147265, 0.902856, 0.403936, 0.0)], [-0.150457, -0.110774, 0.00806602, 1.0)]])
-0.150457, -0.110774, 0.00806602
float3(-1.12637, 0.3496, -1.56189)
439604.958348708
normal
simd_float4x4([[0.462299, -0.376206, 0.802962, 0.0)], [0.87177, 0.0272283, -0.489158, 0.0)], [0.162161, 0.926136, 0.340553, 0.0)], [-0.268772, -0.163573, -0.0116141, 1.0)]])
-0.268772, -0.163573, -0.0116141
float3(-1.18404, 0.444402, -1.49855)
439605.175133875
normal
simd_float4x4([[0.636869, -0.313118, 0.704524, 0.0)], [0.750258, 0.0413045, -0.659854, 0.0)], [0.177512, 0.948816, 0.261225, 0.0)], [-0.379777, -0.179253, -0.0128002, 1.0)]])
-0.379777, -0.179253, -0.0128002
float3(-1.24946, 0.59686, -1.43964)
439605.375243708
normal
simd_float4x4([[0.762616, -0.24289, 0.599517, 0.0)], [0.626024, 0.0438471, -0.77857, 0.0)], [0.16282, 0.969062, 0.185493, 0.0)], [-0.471242, -0.197009, 0.00724384, 1.0)]])
-0.471242, -0.197009, 0.00724384
float3(-1.3214, 0.720394, -1.3922)
439605.575353333
normal
simd_float4x4([[0.818516, -0.20495, 0.536681, 0.0)], [0.553625, 0.0319624, -0.832153, 0.0)], [0.153396, 0.978251, 0.139627, 0.0)], [-0.52151, -0.208348, 0.0444287, 1.0)]])
-0.52151, -0.208348, 0.0444287
float3(-1.36185, 0.832353, -1.41609)
439605.775462875
normal
simd_float4x4([[0.795744, -0.182958, 0.577336, 0.0)], [0.584737, -0.0161467, -0.811062, 0.0)], [0.157712, 0.982988, 0.0941337, 0.0)], [-0.488033, -0.2099, 0.0444885, 1.0)]])
-0.488033, -0.2099, 0.0444885
float3(-1.38608, 1.03268, -1.65882)
439605.975572666
normal
simd_float4x4([[0.734138, -0.161349, 0.659551, 0.0)], [0.661507, -0.0491123, -0.748329, 0.0)], [0.153134, 0.985675, 0.0706785, 0.0)], [-0.426368, -0.206092, 0.0256466, 1.0)]])
-0.426368, -0.206092, 0.0256466
float3(-1.40133, 1.13838, -1.86627)
439606.175682375
normal
simd_float4x4([[0.644537, -0.147258, 0.750257, 0.0)], [0.749977, -0.0690526, -0.65785, 0.0)], [0.148681, 0.986685, 0.0659333, 0.0)], [-0.340942, -0.20845, 0.00168733, 1.0)]])
-0.340942, -0.20845, 0.00168733
float3(-1.40743, 1.1534, -2.00927)
439606.392467875
normal
simd_float4x4([[0.54355, -0.140452, 0.827542, 0.0)], [0.828419, -0.069021, -0.55584, 0.0)], [0.135187, 0.987679, 0.0788368, 0.0)], [-0.261457, -0.209981, -0.018666, 1.0)]])
-0.261457, -0.209981, -0.018666
float3(-1.41365, 1.04284, -2.02756)
439606.62592925
normal
simd_float4x4([[0.420859, -0.152489, 0.894218, 0.0)], [0.899575, -0.0567733, -0.433061, 0.0)], [0.116805, 0.986673, 0.113281, 0.0)], [-0.1959, -0.202195, -0.0309624, 1.0)]])
-0.1959, -0.202195, -0.0309624
float3(-1.40736, 0.80071, -1.92721)
439606.84271475
normal
simd_float4x4([[0.321595, -0.174688, 0.930624, 0.0)], [0.94179, -0.0427332, -0.333475, 0.0)], [0.0980227, 0.983696, 0.150777, 0.0)], [-0.1489, -0.187221, -0.036962, 1.0)]])
-0.1489, -0.187221, -0.036962
float3(-1.38997, 0.576459, -1.81071)
439607.042824541
normal
simd_float4x4([[0.261196, -0.199125, 0.944524, 0.0)], [0.961891, -0.0282957, -0.271964, 0.0)], [0.0808806, 0.979566, 0.184145, 0.0)], [-0.117493, -0.165255, -0.0400129, 1.0)]])
-0.117493, -0.165255, -0.0400129
float3(-1.36829, 0.413854, -1.71195)
439607.242934333
normal
simd_float4x4([[0.211897, -0.229631, 0.949931, 0.0)], [0.975037, -0.0163108, -0.22144, 0.0)], [0.0663436, 0.973141, 0.220442, 0.0)], [-0.0974076, -0.141826, -0.0413098, 1.0)]])
-0.0974076, -0.141826, -0.0413098
float3(-1.3385, 0.292334, -1.64171)
439607.443044208
normal
simd_float4x4([[0.1724, -0.279395, 0.944572, 0.0)], [0.983126, -0.0107398, -0.182613, 0.0)], [0.0611656, 0.960116, 0.272829, 0.0)], [-0.0861026, -0.112642, -0.0441109, 1.0)]])
-0.0861026, -0.112642, -0.0441109
float3(-1.28742, 0.220544, -1.60922)
439607.643154333
normal
simd_float4x4([[0.113659, -0.456706, 0.882327, 0.0)], [0.991225, -0.00819637, -0.131929, 0.0)], [0.0674847, 0.88958, 0.451767, 0.0)], [-0.0680021, -0.0359189, -0.0458954, 1.0)]])
-0.0680021, -0.0359189, -0.0458954
float3(-1.09642, 0.148283, -1.58874)
439607.84326425
normal
simd_float4x4([[0.0380804, -0.630337, 0.775387, 0.0)], [0.998207, -0.0118709, -0.0586736, 0.0)], [0.0461886, 0.776231, 0.628754, 0.0)], [-0.0471723, 0.0424747, -0.0363501, 1.0)]])
-0.0471723, 0.0424747, -0.0363501
float3(-0.888665, 0.0733288, -1.58963)
439608.043374083
normal
simd_float4x4([[-0.00436741, -0.755355, 0.655302, 0.0)], [0.999975, 0.000279827, 0.00698713, 0.0)], [-0.00546112, 0.655316, 0.755335, 0.0)], [-0.0353455, 0.112548, -0.0233165, 1.0)]])
-0.0353455, 0.112548, -0.0233165
float3(-0.714601, -0.00722995, -1.57043)
439608.243484166
normal
simd_float4x4([[-0.0164863, -0.849602, 0.527166, 0.0)], [0.999807, -0.00839881, 0.0177315, 0.0)], [-0.0106372, 0.527357, 0.849577, 0.0)], [-0.0296867, 0.1653, -0.0115632, 1.0)]])
-0.0296867, 0.1653, -0.0115632
float3(-0.555487, -0.0125199, -1.58068)
439608.443593958
normal
simd_float4x4([[0.00543398, -0.921247, 0.388939, 0.0)], [0.999522, 0.0168419, 0.0259274, 0.0)], [-0.0304361, 0.388613, 0.920898, 0.0)], [-0.0331862, 0.216613, 0.00495899, 1.0)]])
-0.0331862, 0.216613, 0.00495899
float3(-0.399125, -0.0330384, -1.55252)
439608.643704041
normal
simd_float4x4([[0.00525192, -0.959467, 0.281772, 0.0)], [0.999372, 0.0149078, 0.0321357, 0.0)], [-0.0350338, 0.281427, 0.958943, 0.0)], [-0.0318377, 0.249475, 0.0229489, 1.0)]])
-0.0318377, 0.249475, 0.0229489
float3(-0.285281, -0.0365175, -1.55526)
439608.843814125
normal
simd_float4x4([[-0.00447569, -0.975939, 0.217996, 0.0)], [0.998653, 0.00690566, 0.0514192, 0.0)], [-0.0516874, 0.217932, 0.974594, 0.0)], [-0.0262645, 0.249088, 0.0377062, 1.0)]])
-0.0262645, 0.249088, 0.0377062
float3(-0.219695, -0.0529852, -1.56372)
439609.043890666
normal
simd_float4x4([[-0.0101558, -0.983595, 0.180107, 0.0)], [0.998154, 0.00081344, 0.0607257, 0.0)], [-0.059876, 0.180391, 0.981771, 0.0)], [-0.0229397, 0.243529, 0.0452567, 1.0)]])
-0.0229397, 0.243529, 0.0452567
float3(-0.181384, -0.0609123, -1.56997)
439609.260531
normal
simd_float4x4([[0.00203024, -0.986456, 0.164014, 0.0)], [0.9974, 0.013812, 0.0707257, 0.0)], [-0.0720332, 0.163444, 0.983919, 0.0)], [-0.0231196, 0.243728, 0.0508804, 1.0)]])
-0.0231196, 0.243728, 0.0508804
float3(-0.16418, -0.0730801, -1.5568)
439609.493836
normal
simd_float4x4([[0.00319115, -0.990161, 0.139894, 0.0)], [0.996736, 0.0144344, 0.0794294, 0.0)], [-0.0806672, 0.139183, 0.986975, 0.0)], [-0.0224206, 0.245353, 0.0616674, 1.0)]])
-0.0224206, 0.245353, 0.0616674
float3(-0.139637, -0.0815505, -1.55622)
439609.710476416
normal
simd_float4x4([[0.0050634, -0.991912, 0.126824, 0.0)], [0.996495, 0.0155943, 0.0821812, 0.0)], [-0.0834943, 0.125963, 0.988515, 0.0)], [-0.0242858, 0.244064, 0.0668265, 1.0)]])
-0.0242858, 0.244064, 0.0668265
float3(-0.126299, -0.0842644, -1.55508)
439609.943781625
normal
simd_float4x4([[0.00571063, -0.992775, 0.119855, 0.0)], [0.997099, 0.0147504, 0.0746721, 0.0)], [-0.0759005, 0.11908, 0.989979, 0.0)], [-0.0255094, 0.243124, 0.0689325, 1.0)]])
-0.0255094, 0.243124, 0.0689325
float3(-0.119364, -0.0765191, -1.55594)
439610.17708675
normal
simd_float4x4([[0.00960209, -0.993478, 0.113622, 0.0)], [0.99744, 0.0175686, 0.069322, 0.0)], [-0.0708661, 0.112666, 0.991103, 0.0)], [-0.028881, 0.243786, 0.0716652, 1.0)]])
-0.028881, 0.243786, 0.0716652
float3(-0.112906, -0.0713808, -1.55311)
439610.410391958
normal
simd_float4x4([[0.011715, -0.993921, 0.109471, 0.0)], [0.997417, 0.0193737, 0.0691611, 0.0)], [-0.0708615, 0.108378, 0.991581, 0.0)], [-0.0308513, 0.24419, 0.0739809, 1.0)]])
-0.0308513, 0.24419, 0.0739809
float3(-0.108592, -0.0713419, -1.55131)
439610.6270325
normal
simd_float4x4([[0.0126162, -0.994553, 0.103461, 0.0)], [0.997003, 0.0204103, 0.0746246, 0.0)], [-0.0763298, 0.10221, 0.99183, 0.0)], [-0.0327228, 0.24576, 0.0786241, 1.0)]])
-0.0327228, 0.24576, 0.0786241
float3(-0.102389, -0.0768072, -1.55028)
439610.860337875
normal
simd_float4x4([[0.0144553, -0.994733, 0.101479, 0.0)], [0.996708, 0.0224324, 0.0779124, 0.0)], [-0.0797784, 0.100019, 0.991782, 0.0)], [-0.0359552, 0.248725, 0.0811192, 1.0)]])
-0.0359552, 0.248725, 0.0811192
float3(-0.100186, -0.0802666, -1.54825)
439611.076978458
normal
simd_float4x4([[0.0146903, -0.994343, 0.105198, 0.0)], [0.996754, 0.0228917, 0.0771845, 0.0)], [-0.079156, 0.103723, 0.991451, 0.0)], [-0.0366482, 0.248826, 0.0782953, 1.0)]])
-0.0366482, 0.248826, 0.0782953
float3(-0.103909, -0.0796696, -1.54778)
439611.310283625
normal
simd_float4x4([[0.0123068, -0.994114, 0.107638, 0.0)], [0.996965, 0.0204739, 0.0751028, 0.0)], [-0.0768645, 0.106387, 0.991349, 0.0)], [-0.0365295, 0.247263, 0.0771126, 1.0)]])
-0.0365295, 0.247263, 0.0771126
float3(-0.106589, -0.0773804, -1.5502)
439611.543589041
normal
simd_float4x4([[0.0120048, -0.993859, 0.109996, 0.0)], [0.997046, 0.0202428, 0.0740866, 0.0)], [-0.0758583, 0.108782, 0.991167, 0.0)], [-0.0363616, 0.246967, 0.0777325, 1.0)]])
-0.0363616, 0.246967, 0.0777325
float3(-0.108997, -0.0763854, -1.55043)
439611.76022975
normal
simd_float4x4([[0.0119166, -0.993797, 0.110567, 0.0)], [0.99678, 0.0205742, 0.0774942, 0.0)], [-0.0792884, 0.109288, 0.990843, 0.0)], [-0.0362799, 0.246369, 0.0788712, 1.0)]])
-0.0362799, 0.246369, 0.0788712
float3(-0.109507, -0.079851, -1.5501)
439611.976870333
normal
simd_float4x4([[0.0117123, -0.99394, 0.109302, 0.0)], [0.996393, 0.0207887, 0.0822731, 0.0)], [-0.0840467, 0.107944, 0.990598, 0.0)], [-0.0354383, 0.246021, 0.0799922, 1.0)]])
-0.0354383, 0.246021, 0.0799922
float3(-0.108155, -0.0846417, -1.54988)
439612.210175916
normal
simd_float4x4([[0.0120272, -0.994184, 0.107018, 0.0)], [0.995814, 0.0216074, 0.0888151, 0.0)], [-0.090611, 0.105502, 0.990282, 0.0)], [-0.0352977, 0.24571, 0.0821954, 1.0)]])
-0.0352977, 0.24571, 0.0821954
float3(-0.105699, -0.0912461, -1.54907)
439612.426816666
normal
simd_float4x4([[0.0179932, -0.992589, 0.120182, 0.0)], [0.995312, 0.0292059, 0.0921988, 0.0)], [-0.0950255, 0.117959, 0.988461, 0.0)], [-0.0377848, 0.243653, 0.0743397, 1.0)]])
-0.0377848, 0.243653, 0.0743397
float3(-0.118235, -0.0958403, -1.54138)
439612.643457458
normal
simd_float4x4([[0.0196623, -0.990606, 0.135326, 0.0)], [0.994321, 0.0335341, 0.101003, 0.0)], [-0.104593, 0.132572, 0.985639, 0.0)], [-0.035568, 0.240305, 0.0627083, 1.0)]])
-0.035568, 0.240305, 0.0627083
float3(-0.132963, -0.105721, -1.53696)
439612.8934275
normal
simd_float4x4([[-0.0154578, -0.984058, 0.177174, 0.0)], [0.979385, 0.0207915, 0.200928, 0.0)], [-0.201408, 0.176628, 0.963451, 0.0)], [0.00206079, 0.223308, 0.0400502, 1.0)]])
0.00206079, 0.223308, 0.0400502
float3(-0.177559, -0.206081, -1.54967)
439613.110068333
normal
simd_float4x4([[-0.0939554, -0.973861, 0.2068, 0.0)], [0.934798, -0.0148296, 0.354871, 0.0)], [-0.342528, 0.226658, 0.911757, 0.0)], [0.0854161, 0.198862, 0.0184297, 1.0)]])
0.0854161, 0.198862, 0.0184297
float3(-0.228645, -0.359366, -1.58602)
439613.360038625
normal
simd_float4x4([[-0.167415, -0.970779, 0.171934, 0.0)], [0.806406, -0.0345106, 0.590354, 0.0)], [-0.56717, 0.237483, 0.788619, 0.0)], [0.210516, 0.198242, 0.0284324, 1.0)]])
0.210516, 0.198242, 0.0284324
float3(-0.239773, -0.623491, -1.60633)
439613.576679375
normal
simd_float4x4([[-0.175197, -0.982227, 0.0673447, 0.0)], [0.565406, -0.04438, 0.823618, 0.0)], [-0.805991, 0.182373, 0.563133, 0.0)], [0.305271, 0.220495, 0.0999624, 1.0)]])
0.305271, 0.220495, 0.0999624
float3(-0.183399, -0.960954, -1.61595)
439613.809985
normal
simd_float4x4([[-0.146393, -0.987563, -0.057344, 0.0)], [-0.00479871, -0.0572589, 0.998348, 0.0)], [-0.989215, 0.146427, 0.0036433, 0.0)], [0.355416, 0.238615, 0.244993, 1.0)]])
0.355416, 0.238615, 0.244993
float3(-0.146955, -1.56711, -1.62871)
439614.026626
normal
simd_float4x4([[-0.123059, -0.984655, -0.123739, 0.0)], [-0.45988, -0.0539103, 0.886343, 0.0)], [-0.879413, 0.165977, -0.446189, 0.0)], [0.347902, 0.240889, 0.343191, 1.0)]])
0.347902, 0.240889, 0.343191
float3(-0.166749, -2.04032, -1.62549)
439614.243401125
normal
simd_float4x4([[-0.0757721, -0.985115, -0.154293, 0.0)], [-0.707536, -0.055914, 0.704462, 0.0)], [-0.702603, 0.162546, -0.692768, 0.0)], [0.321115, 0.23918, 0.391339, 1.0)]])
0.321115, 0.23918, 0.391339
float3(-0.163271, -2.34915, -1.62749)
439614.4768635
normal
simd_float4x4([[-0.0663484, -0.981371, -0.180303, 0.0)], [-0.836275, -0.043877, 0.546552, 0.0)], [-0.544282, 0.187046, -0.817784, 0.0)], [0.318777, 0.238069, 0.425196, 1.0)]])
0.318777, 0.238069, 0.425196
float3(-0.188154, -2.55436, -1.61548)
439614.676974083
normal
simd_float4x4([[-0.0417575, -0.976151, -0.213039, 0.0)], [-0.90676, -0.0525166, 0.418365, 0.0)], [-0.419575, 0.210645, -0.882941, 0.0)], [0.319419, 0.233283, 0.450342, 1.0)]])
0.319419, 0.233283, 0.450342
float3(-0.212235, -2.69798, -1.62454)
439614.877084541
normal
simd_float4x4([[-0.00206285, -0.969778, -0.243981, 0.0)], [-0.952102, -0.0726988, 0.297014, 0.0)], [-0.305774, 0.232907, -0.923177, 0.0)], [0.321852, 0.225823, 0.45886, 1.0)]])
0.321852, 0.225823, 0.45886
float3(-0.235066, -2.82175, -1.64562)
439615.093871083
normal
simd_float4x4([[0.0471597, -0.969405, -0.240894, 0.0)], [-0.988222, -0.0804256, 0.130184, 0.0)], [-0.145575, 0.231918, -0.96178, 0.0)], [0.337855, 0.215899, 0.447061, 1.0)]])
0.337855, 0.215899, 0.447061
float3(-0.234049, -2.99137, -1.65357)
439615.293981791
normal
simd_float4x4([[0.0508584, -0.960737, -0.272759, 0.0)], [-0.998705, -0.048637, -0.014904, 0.0)], [0.00105264, 0.273164, -0.961967, 0.0)], [0.381536, 0.204443, 0.416859, 1.0)]])
0.381536, 0.204443, 0.416859
float3(-0.276681, 3.1405, -1.62138)
439615.494092333
normal
simd_float4x4([[0.0467655, -0.963525, -0.263502, 0.0)], [-0.996007, -0.0248962, -0.0857325, 0.0)], [0.0760452, 0.266459, -0.960841, 0.0)], [0.428274, 0.201201, 0.366423, 1.0)]])
0.428274, 0.201201, 0.366423
float3(-0.269718, 3.06261, -1.59663)
439615.710878958
normal
simd_float4x4([[0.0443986, -0.970706, -0.236132, 0.0)], [-0.990674, -0.0123027, -0.135697, 0.0)], [0.128816, 0.239954, -0.9622, 0.0)], [0.462328, 0.199926, 0.309884, 1.0)]])
0.462328, 0.199926, 0.309884
float3(-0.242319, 3.00851, -1.58347)
439615.910989625
normal
simd_float4x4([[0.0231274, -0.978454, -0.205164, 0.0)], [-0.985162, 0.0126035, -0.171162, 0.0)], [0.17006, 0.206078, -0.963645, 0.0)], [0.476283, 0.20459, 0.269324, 1.0)]])
0.476283, 0.20459, 0.269324
float3(-0.207565, 2.96692, -1.55792)
439616.111100416
normal
simd_float4x4([[0.0264887, -0.979213, -0.201097, 0.0)], [-0.977384, 0.0168515, -0.210798, 0.0)], [0.209805, 0.202133, -0.956621, 0.0)], [0.462273, 0.20767, 0.271095, 1.0)]])
0.462273, 0.20767, 0.271095
float3(-0.203536, 2.92569, -1.55359)
439616.327887041
normal
simd_float4x4([[0.0538527, -0.975072, -0.215253, 0.0)], [-0.962006, 0.00712072, -0.272934, 0.0)], [0.267663, 0.221773, -0.937642, 0.0)], [0.448434, 0.203717, 0.262804, 1.0)]])
0.448434, 0.203717, 0.262804
float3(-0.223633, 2.86352, -1.56349)
439616.544673625
normal
simd_float4x4([[0.0582218, -0.968363, -0.242661, 0.0)], [-0.949926, 0.0210125, -0.311769, 0.0)], [0.307004, 0.248661, -0.918649, 0.0)], [0.450075, 0.194957, 0.269495, 1.0)]])
0.450075, 0.194957, 0.269495
float3(-0.251298, 2.81907, -1.5491)
439616.761460291
normal
simd_float4x4([[0.0777387, -0.962779, -0.258871, 0.0)], [-0.938477, 0.0169663, -0.344924, 0.0)], [0.336478, 0.269759, -0.902227, 0.0)], [0.439037, 0.180222, 0.278291, 1.0)]])
0.439037, 0.180222, 0.278291
float3(-0.273142, 2.78463, -1.55318)
439616.978247041
normal
simd_float4x4([[0.0791221, -0.953457, -0.290964, 0.0)], [-0.934469, 0.0307017, -0.354717, 0.0)], [0.347141, 0.299963, -0.888547, 0.0)], [0.430973, 0.167021, 0.289992, 1.0)]])
0.430973, 0.167021, 0.289992
float3(-0.304654, 2.76914, -1.53861)
439617.19503375
normal
simd_float4x4([[0.0737991, -0.961749, -0.263803, 0.0)], [-0.957706, 0.00542502, -0.287697, 0.0)], [0.278124, 0.273877, -0.920673, 0.0)], [0.438072, 0.164965, 0.282059, 1.0)]])
0.438072, 0.164965, 0.282059
float3(-0.277422, 2.84822, -1.56516)
439617.395144458
normal
simd_float4x4([[0.0577172, -0.970832, -0.23271, 0.0)], [-0.981213, -0.0121815, -0.192543, 0.0)], [0.184092, 0.239451, -0.953296, 0.0)], [0.446369, 0.17043, 0.274313, 1.0)]])
0.446369, 0.17043, 0.274313
float3(-0.2418, 2.95083, -1.58334)
439617.628606958
normal
simd_float4x4([[0.0241888, -0.979701, -0.199002, 0.0)], [-0.993692, -0.00175807, -0.112129, 0.0)], [0.109503, 0.200459, -0.973563, 0.0)], [0.461925, 0.185141, 0.246277, 1.0)]])
0.461925, 0.185141, 0.246277
float3(-0.201826, 3.02959, -1.57259)
439617.828718041
normal
simd_float4x4([[0.0340959, -0.981679, -0.187466, 0.0)], [-0.998435, -0.025137, -0.0499613, 0.0)], [0.0443336, 0.188876, -0.981, 0.0)], [0.464092, 0.196488, 0.199892, 1.0)]])
0.464092, 0.196488, 0.199892
float3(-0.190018, 3.09643, -1.5964)
439618.02882875
normal
simd_float4x4([[0.0296913, -0.983613, -0.17783, 0.0)], [-0.999242, -0.0336856, 0.0194841, 0.0)], [-0.0251551, 0.177117, -0.983868, 0.0)], [0.489672, 0.209076, 0.184587, 1.0)]])
0.489672, 0.209076, 0.184587
float3(-0.178056, -3.11603, -1.60503)
439618.245615416
normal
simd_float4x4([[0.0101584, -0.981993, -0.188644, 0.0)], [-0.996977, -0.024478, 0.073734, 0.0)], [-0.0770239, 0.187325, -0.979273, 0.0)], [0.520335, 0.212041, 0.209638, 1.0)]])
0.520335, 0.212041, 0.209638
float3(-0.188438, -3.0631, -1.59572)
439618.47907825
normal
simd_float4x4([[-0.0181772, -0.975514, -0.219184, 0.0)], [-0.990397, -0.0124823, 0.137689, 0.0)], [-0.137053, 0.219582, -0.965919, 0.0)], [0.562966, 0.206609, 0.27323, 1.0)]])
0.562966, 0.206609, 0.27323
float3(-0.221386, -3.00064, -1.58359)
439618.679189125
normal
simd_float4x4([[-0.0267345, -0.977028, -0.211427, 0.0)], [-0.981745, -0.0141814, 0.189674, 0.0)], [-0.188315, 0.212638, -0.958813, 0.0)], [0.592454, 0.196528, 0.349471, 1.0)]])
0.592454, 0.196528, 0.349471
float3(-0.214274, -2.94766, -1.58531)
439618.879299958
normal
simd_float4x4([[-0.0322958, -0.975166, -0.219109, 0.0)], [-0.982252, -0.00955871, 0.187322, 0.0)], [-0.184765, 0.22127, -0.95755, 0.0)], [0.609784, 0.190145, 0.459076, 1.0)]])
0.609784, 0.190145, 0.459076
float3(-0.223116, -2.95098, -1.5806)
439619.079411041
normal
simd_float4x4([[-0.00759487, -0.984148, -0.177188, 0.0)], [-0.986582, -0.0215244, 0.16184, 0.0)], [-0.163088, 0.17604, -0.970779, 0.0)], [0.615168, 0.202085, 0.573054, 1.0)]])
0.615168, 0.202085, 0.573054
float3(-0.176962, -2.97515, -1.59266)
439619.29619775
normal
simd_float4x4([[-0.0217124, -0.987447, -0.156454, 0.0)], [-0.994248, 0.00491073, 0.106987, 0.0)], [-0.104875, 0.157877, -0.981874, 0.0)], [0.626043, 0.211876, 0.668725, 1.0)]])
0.626043, 0.211876, 0.668725
float3(-0.15854, -3.03518, -1.56582)
439619.496308708
normal
simd_float4x4([[-0.0366638, -0.987028, -0.156307, 0.0)], [-0.998814, 0.0311813, 0.0373848, 0.0)], [-0.032026, 0.157492, -0.987001, 0.0)], [0.644129, 0.196388, 0.788828, 1.0)]])
0.644129, 0.196388, 0.788828
float3(-0.158151, -3.10916, -1.53922)
439619.713095708
normal
simd_float4x4([[-0.0314699, -0.991722, -0.124486, 0.0)], [-0.999139, 0.0345809, -0.022909, 0.0)], [0.0270242, 0.123658, -0.991957, 0.0)], [0.686248, 0.182541, 0.94871, 1.0)]])
0.686248, 0.182541, 0.94871
float3(-0.123976, 3.11436, -1.53594)
439619.946558666
normal
simd_float4x4([[0.0188342, -0.992362, -0.121914, 0.0)], [-0.99824, -0.0118054, -0.0581218, 0.0)], [0.0562387, 0.122794, -0.990837, 0.0)], [0.718361, 0.189928, 1.12855, 1.0)]])
0.718361, 0.189928, 1.12855
float3(-0.123105, 3.08489, -1.58269)
439620.163345458
normal
simd_float4x4([[0.00724409, -0.985649, -0.168651, 0.0)], [-0.997161, 0.00552065, -0.0750956, 0.0)], [0.074949, 0.168716, -0.982811, 0.0)], [0.720187, 0.181496, 1.29813, 1.0)]])
0.720187, 0.181496, 1.29813
float3(-0.169527, 3.06548, -1.5652)
439620.380132375
normal
simd_float4x4([[-0.0122202, -0.985038, -0.171903, 0.0)], [-0.998725, 0.0204443, -0.0461526, 0.0)], [0.0489765, 0.17112, -0.984032, 0.0)], [0.691005, 0.171469, 1.47881, 1.0)]])
0.691005, 0.171469, 1.47881
float3(-0.171967, 3.09186, -1.55004)
439620.580243541
normal
simd_float4x4([[-0.010968, -0.985702, -0.168138, 0.0)], [-0.998982, 0.0181605, -0.0412997, 0.0)], [0.0437627, 0.167514, -0.984898, 0.0)], [0.651096, 0.188716, 1.62608, 1.0)]])
0.651096, 0.188716, 1.62608
float3(-0.168307, 3.09719, -1.55237)
439620.780354666
normal
simd_float4x4([[-0.0383715, -0.978565, -0.20233, 0.0)], [-0.996723, 0.0519088, -0.0620289, 0.0)], [0.0712021, 0.199287, -0.977351, 0.0)], [0.624511, 0.187682, 1.77709, 1.0)]])
0.624511, 0.187682, 1.77709
float3(-0.200631, 3.06887, -1.5178)
439620.980465666
normal
simd_float4x4([[-0.0194844, -0.98078, -0.194143, 0.0)], [-0.993851, 0.040169, -0.103184, 0.0)], [0.108999, 0.190939, -0.975531, 0.0)], [0.598725, 0.168814, 1.95234, 1.0)]])
0.598725, 0.168814, 1.95234
float3(-0.192119, 3.03032, -1.52986)
439621.180576625
normal
simd_float4x4([[0.0179934, -0.983393, -0.180597, 0.0)], [-0.98917, 0.00880693, -0.14651, 0.0)], [0.145667, 0.181277, -0.972584, 0.0)], [0.572013, 0.171249, 2.13175, 1.0)]])
0.572013, 0.171249, 2.13175
float3(-0.182285, 2.99292, -1.56184)
439621.380687916
normal
simd_float4x4([[0.0621121, -0.966578, -0.248735, 0.0)], [-0.985899, -0.0206187, -0.166067, 0.0)], [0.155388, 0.255542, -0.954229, 0.0)], [0.533619, 0.158695, 2.30885, 1.0)]])
0.533619, 0.158695, 2.30885
float3(-0.258409, 2.98017, -1.59212)
439621.580798791
normal
simd_float4x4([[0.048876, -0.971441, -0.232192, 0.0)], [-0.99203, -0.0201847, -0.124372, 0.0)], [0.116133, 0.236421, -0.964685, 0.0)], [0.490952, 0.138263, 2.48701, 1.0)]])
0.490952, 0.138263, 2.48701
float3(-0.238681, 3.02178, -1.59157)
439621.78091
normal
simd_float4x4([[-0.0172035, -0.972183, -0.233588, 0.0)], [-0.998309, 0.0296738, -0.0499769, 0.0)], [0.0555182, 0.232333, -0.97105, 0.0)], [0.457744, 0.160988, 2.66573, 1.0)]])
0.457744, 0.160988, 2.66573
float3(-0.234476, 3.08448, -1.54028)
439621.981021208
normal
simd_float4x4([[-0.0577344, -0.969015, -0.240158, 0.0)], [-0.998285, 0.0583619, 0.00450474, 0.0)], [0.00965092, 0.240006, -0.970723, 0.0)], [0.435697, 0.156409, 2.83709, 1.0)]])
0.435697, 0.156409, 2.83709
float3(-0.242372, 3.13165, -1.51064)
439622.18113225
normal
simd_float4x4([[-0.0835341, -0.974805, -0.206825, 0.0)], [-0.996407, 0.0846198, 0.00360703, 0.0)], [0.0139853, 0.206383, -0.978371, 0.0)], [0.414535, 0.129758, 3.0309, 1.0)]])
0.414535, 0.129758, 3.0309
float3(-0.207877, 3.1273, -1.48421)
439622.381243416
normal
simd_float4x4([[-0.0307089, -0.986246, -0.162404, 0.0)], [-0.997993, 0.0392561, -0.0496843, 0.0)], [0.0553763, 0.160552, -0.985473, 0.0)], [0.381642, 0.143012, 3.21913, 1.0)]])
0.381642, 0.143012, 3.21913
float3(-0.16125, 3.08546, -1.53101)
439622.581354625
normal
simd_float4x4([[0.0147551, -0.990003, -0.140275, 0.0)], [-0.997254, -0.00438872, -0.0739243, 0.0)], [0.0725696, 0.14098, -0.987349, 0.0)], [0.345628, 0.143757, 3.39433, 1.0)]])
0.345628, 0.143757, 3.39433
float3(-0.141452, 3.06823, -1.57523)
439622.781465958
normal
simd_float4x4([[0.00603001, -0.991073, -0.133183, 0.0)], [-0.999503, -0.00185066, -0.0314819, 0.0)], [0.0309544, 0.133307, -0.990591, 0.0)], [0.306566, 0.122574, 3.58637, 1.0)]])
0.306566, 0.122574, 3.58637
float3(-0.133705, 3.11035, -1.57266)
439622.998252916
normal
simd_float4x4([[0.0164492, -0.994771, -0.100797, 0.0)], [-0.999864, -0.0165171, -0.000161255, 0.0)], [-0.00150447, 0.100786, -0.994907, 0.0)], [0.260353, 0.150305, 3.76896, 1.0)]])
0.260353, 0.150305, 3.76896
float3(-0.100957, -3.14008, -1.5874)
439623.215040083
normal
simd_float4x4([[-0.0253204, -0.991523, -0.12744, 0.0)], [-0.999187, 0.0291, -0.0278839, 0.0)], [0.031356, 0.12663, -0.991454, 0.0)], [0.224324, 0.136915, 3.95906, 1.0)]])
0.224324, 0.136915, 3.95906
float3(-0.126971, 3.10998, -1.54146)
439623.431827333
normal
simd_float4x4([[-0.00224163, -0.994079, -0.108638, 0.0)], [-0.995074, 0.0129849, -0.0982843, 0.0)], [0.099113, 0.107883, -0.989211, 0.0)], [0.179882, 0.119573, 4.19146, 1.0)]])
0.179882, 0.119573, 4.19146
float3(-0.108093, 3.04173, -1.55773)
439623.648614541
normal
simd_float4x4([[0.0258292, -0.989115, -0.144863, 0.0)], [-0.98215, 0.00189948, -0.188087, 0.0)], [0.186315, 0.147136, -0.97141, 0.0)], [0.117973, 0.138465, 4.42777, 1.0)]])
0.117973, 0.138465, 4.42777
float3(-0.147672, 2.9521, -1.56888)
439623.865401791
normal
simd_float4x4([[0.0493706, -0.983966, -0.171388, 0.0)], [-0.97493, -0.0102009, -0.222277, 0.0)], [0.216965, 0.178065, -0.959801, 0.0)], [0.0448215, 0.120307, 4.67142, 1.0)]])
0.0448215, 0.120307, 4.67142
float3(-0.17902, 2.91928, -1.58116)
439624.082189083
normal
simd_float4x4([[0.0109583, -0.981227, -0.192545, 0.0)], [-0.986921, 0.0203572, -0.15991, 0.0)], [0.160828, 0.191779, -0.968171, 0.0)], [-0.0158227, 0.138282, 4.91617, 1.0)]])
-0.0158227, 0.138282, 4.91617
float3(-0.192975, 2.97698, -1.55005)
439624.298976041
normal
simd_float4x4([[-0.0320587, -0.977445, -0.208743, 0.0)], [-0.990566, 0.0589118, -0.123724, 0.0)], [0.133231, 0.202808, -0.970112, 0.0)], [-0.0441333, 0.141942, 5.14361, 1.0)]])
-0.0441333, 0.141942, 5.14361
float3(-0.204225, 3.00511, -1.5106)
439624.515763333
normal
simd_float4x4([[-0.0115039, -0.988296, -0.152115, 0.0)], [-0.986848, 0.0357512, -0.157645, 0.0)], [0.161238, 0.148301, -0.975709, 0.0)], [-0.0726409, 0.127407, 5.37764, 1.0)]])
-0.0726409, 0.127407, 5.37764
float3(-0.14885, 2.97782, -1.53464)
439624.715874666
normal
simd_float4x4([[0.0147871, -0.984905, -0.172462, 0.0)], [-0.985435, 0.0148673, -0.169397, 0.0)], [0.169404, 0.172455, -0.970341, 0.0)], [-0.0934822, 0.141495, 5.60892, 1.0)]])
-0.0934822, 0.141495, 5.60892
float3(-0.173322, 2.96875, -1.5557)
439624.932662041
normal
simd_float4x4([[0.023764, -0.985604, -0.16739, 0.0)], [-0.987053, 0.00343489, -0.160354, 0.0)], [0.158621, 0.169034, -0.972762, 0.0)], [-0.120727, 0.127626, 5.84548, 1.0)]])
-0.120727, 0.127626, 5.84548
float3(-0.16985, 2.97995, -1.56731)
439625.166125333
normal
simd_float4x4([[0.0230007, -0.988348, -0.150464, 0.0)], [-0.992152, -0.00406391, -0.124971, 0.0)], [0.122903, 0.152158, -0.980685, 0.0)], [-0.154722, 0.143758, 6.08482, 1.0)]])
-0.154722, 0.143758, 6.08482
float3(-0.152751, 3.01692, -1.57491)
439625.382912625
normal
simd_float4x4([[-0.0125768, -0.988117, -0.153186, 0.0)], [-0.993024, 0.0303052, -0.113954, 0.0)], [0.117242, 0.150684, -0.981605, 0.0)], [-0.149592, 0.148975, 6.28729, 1.0)]])
-0.149592, 0.148975, 6.28729
float3(-0.15126, 3.02272, -1.54014)
439625.616375916
normal
simd_float4x4([[0.0256093, -0.995301, -0.0933832, 0.0)], [-0.980279, -0.00669194, -0.197506, 0.0)], [0.195953, 0.0965995, -0.975844, 0.0)], [-0.152672, 0.128536, 6.51377, 1.0)]])
-0.152672, 0.128536, 6.51377
float3(-0.0967504, 2.94342, -1.57752)
439625.816487208
normal
simd_float4x4([[0.0466649, -0.991043, -0.125122, 0.0)], [-0.971776, -0.0160429, -0.235359, 0.0)], [0.231243, 0.132574, -0.963821, 0.0)], [-0.151722, 0.136503, 6.71162, 1.0)]])
-0.151722, 0.136503, 6.71162
float3(-0.132965, 2.90612, -1.58698)
439626.01659875
normal
simd_float4x4([[0.0603033, -0.987161, -0.147909, 0.0)], [-0.982673, -0.0326934, -0.182442, 0.0)], [0.175264, 0.156348, -0.972028, 0.0)], [-0.151729, 0.110504, 6.91136, 1.0)]])
-0.151729, 0.110504, 6.91136
float3(-0.156992, 2.9632, -1.6039)
439626.216710208
normal
simd_float4x4([[0.0335011, -0.987802, -0.15207, 0.0)], [-0.988606, -0.0104112, -0.150163, 0.0)], [0.146748, 0.155368, -0.976896, 0.0)], [-0.163659, 0.107427, 7.10191, 1.0)]])
-0.163659, 0.107427, 7.10191
float3(-0.156, 2.99249, -1.58134)
439626.416821541
normal
simd_float4x4([[0.0140751, -0.986291, -0.164412, 0.0)], [-0.991783, 0.00713852, -0.127729, 0.0)], [0.127151, 0.164859, -0.978087, 0.0)], [-0.162166, 0.125071, 7.25917, 1.0)]])
-0.162166, 0.125071, 7.25917
float3(-0.165615, 3.01232, -1.56356)
439626.616933
normal
simd_float4x4([[-0.0179832, -0.985359, -0.169543, 0.0)], [-0.990347, 0.0408641, -0.132451, 0.0)], [0.13744, 0.165525, -0.976582, 0.0)], [-0.158864, 0.116001, 7.41082, 1.0)]])
-0.158864, 0.116001, 7.41082
float3(-0.16629, 3.00178, -1.52935)
439626.833720416
normal
simd_float4x4([[0.0188093, -0.980079, -0.197716, 0.0)], [-0.984408, 0.0164372, -0.175129, 0.0)], [0.17489, 0.197927, -0.964489, 0.0)], [-0.152754, 0.113087, 7.58832, 1.0)]])
-0.152754, 0.113087, 7.58832
float3(-0.199243, 2.96221, -1.55403)
439627.033831833
normal
simd_float4x4([[0.0600597, -0.983402, -0.171213, 0.0)], [-0.985008, -0.0306002, -0.169771, 0.0)], [0.161714, 0.178843, -0.970497, 0.0)], [-0.156103, 0.119472, 7.73202, 1.0)]])
-0.156103, 0.119472, 7.73202
float3(-0.17981, 2.97648, -1.6019)
439627.233943375
normal
simd_float4x4([[0.0723347, -0.981696, -0.176183, 0.0)], [-0.986363, -0.0442282, -0.158527, 0.0)], [0.147833, 0.185247, -0.971509, 0.0)], [-0.174325, 0.10453, 7.88188, 1.0)]])
-0.174325, 0.10453, 7.88188
float3(-0.186323, 2.99058, -1.61582)
439627.434054791
normal
simd_float4x4([[0.0516928, -0.985086, -0.164115, 0.0)], [-0.995826, -0.0384674, -0.0827668, 0.0)], [0.0752193, 0.167709, -0.982963, 0.0)], [-0.2059, 0.0986439, 8.03817, 1.0)]])
-0.2059, 0.0986439, 8.03817
float3(-0.168505, 3.06522, -1.60983)
439627.634166291
normal
simd_float4x4([[-0.00774465, -0.982295, -0.187179, 0.0)], [-0.99922, 0.0148518, -0.0365974, 0.0)], [0.0387295, 0.18675, -0.981644, 0.0)], [-0.233611, 0.111526, 8.18438, 1.0)]])
-0.233611, 0.111526, 8.18438
float3(-0.187853, 3.10216, -1.55568)
439627.834277791
normal
simd_float4x4([[-0.0435327, -0.978655, -0.200847, 0.0)], [-0.998338, 0.0502098, -0.0282687, 0.0)], [0.0377498, 0.199283, -0.979215, 0.0)], [-0.252751, 0.105859, 8.32116, 1.0)]])
-0.252751, 0.105859, 8.32116
float3(-0.200626, 3.10306, -1.51954)
439628.034389291
normal
simd_float4x4([[-0.025031, -0.990406, -0.135905, 0.0)], [-0.996181, 0.0360863, -0.0795023, 0.0)], [0.0836439, 0.133396, -0.987527, 0.0)], [-0.268202, 0.0980679, 8.46253, 1.0)]])
-0.268202, 0.0980679, 8.46253
float3(-0.133794, 3.05709, -1.53438)
439628.234500708
normal
simd_float4x4([[0.00244723, -0.996492, -0.0836563, 0.0)], [-0.976553, 0.0156266, -0.214708, 0.0)], [0.215262, 0.0822203, -0.973089, 0.0)], [-0.28492, 0.110014, 8.61226, 1.0)]])
-0.28492, 0.110014, 8.61226
float3(-0.0823132, 2.92388, -1.55512)
439628.45128825
normal
simd_float4x4([[0.0714471, -0.99053, -0.117238, 0.0)], [-0.974539, -0.0442777, -0.219804, 0.0)], [0.212532, 0.129958, -0.968473, 0.0)], [-0.312987, 0.107891, 8.75788, 1.0)]])
-0.312987, 0.107891, 8.75788
float3(-0.130326, 2.92557, -1.61547)
439628.651399875
normal
simd_float4x4([[0.0379653, -0.987998, -0.149726, 0.0)], [-0.991717, -0.018854, -0.127052, 0.0)], [0.122705, 0.15331, -0.98053, 0.0)], [-0.306528, 0.0990417, 8.91024, 1.0)]])
-0.306528, 0.0990417, 8.91024
float3(-0.153917, 3.0171, -1.58988)
439628.851511416
normal
simd_float4x4([[0.0356234, -0.992665, -0.115534, 0.0)], [-0.997345, -0.0279658, -0.0672366, 0.0)], [0.0635124, 0.117623, -0.991025, 0.0)], [-0.333578, 0.114357, 9.07145, 1.0)]])
-0.333578, 0.114357, 9.07145
float3(-0.117896, 3.07759, -1.59896)
439629.051622916
normal
simd_float4x4([[0.0242404, -0.991672, -0.126485, 0.0)], [-0.999339, -0.0206104, -0.0299291, 0.0)], [0.027073, 0.127127, -0.991517, 0.0)], [-0.357776, 0.124618, 9.21679, 1.0)]])
-0.357776, 0.124618, 9.21679
float3(-0.127472, 3.11429, -1.59158)
439629.268410541
normal
simd_float4x4([[0.00597899, -0.991101, -0.132978, 0.0)], [-0.997119, 0.00414632, -0.0757356, 0.0)], [0.075613, 0.133048, -0.988221, 0.0)], [-0.378536, 0.118281, 9.35308, 1.0)]])
-0.378536, 0.118281, 9.35308
float3(-0.133444, 3.06523, -1.56661)
439629.468522041
normal
simd_float4x4([[0.0196682, -0.991785, -0.126391, 0.0)], [-0.991697, -0.00328371, -0.128555, 0.0)], [0.127084, 0.12787, -0.983615, 0.0)], [-0.382979, 0.100557, 9.47853, 1.0)]])
-0.382979, 0.100557, 9.47853
float3(-0.128221, 3.0131, -1.57411)
439629.685309791
normal
simd_float4x4([[0.034266, -0.990408, -0.133856, 0.0)], [-0.985012, -0.0108134, -0.172146, 0.0)], [0.169048, 0.137748, -0.975935, 0.0)], [-0.374328, 0.104272, 9.61469, 1.0)]])
-0.374328, 0.104272, 9.61469
float3(-0.138187, 2.97008, -1.58171)
439629.885421333
normal
simd_float4x4([[0.0453784, -0.986221, -0.159085, 0.0)], [-0.987099, -0.0197898, -0.158883, 0.0)], [0.153545, 0.164243, -0.974396, 0.0)], [-0.376123, 0.110034, 9.71314, 1.0)]])
-0.376123, 0.110034, 9.71314
float3(-0.16499, 2.9853, -1.59086)
439630.085532958
normal
simd_float4x4([[0.0433857, -0.98575, -0.162527, 0.0)], [-0.993429, -0.0253216, -0.111611, 0.0)], [0.105905, 0.166302, -0.980371, 0.0)], [-0.387107, 0.107302, 9.79505, 1.0)]])
-0.387107, 0.107302, 9.79505
float3(-0.167078, 3.03398, -1.59648)
439630.2856445
normal
simd_float4x4([[0.0169082, -0.985739, -0.167429, 0.0)], [-0.999075, -0.010034, -0.0418186, 0.0)], [0.0395422, 0.167982, -0.984997, 0.0)], [-0.401073, 0.103018, 9.86311, 1.0)]])
-0.401073, 0.103018, 9.86311
float3(-0.168782, 3.10147, -1.58098)
439630.485756375
normal
simd_float4x4([[0.0110536, -0.984245, -0.176464, 0.0)], [-0.999769, -0.00762507, -0.0200951, 0.0)], [0.0184329, 0.176646, -0.984102, 0.0)], [-0.412572, 0.103397, 9.9061, 1.0)]])
-0.412572, 0.103397, 9.9061
float3(-0.177577, 3.12286, -1.57854)
