ARKit Data
440550.60597425
limited(__ObjC.ARCamera.TrackingState.Reason.initializing)
simd_float4x4([[-0.0389367, -0.380032, 0.924153, 0.0)], [0.998651, 0.0169901, 0.0490622, 0.0)], [-0.0343467, 0.924817, 0.378858, 0.0)], [0.0, 0.0, 0.0, 1.0)]])
0.0, 0.0, 0.0
float3(-1.18056, -0.0904113, -1.52612)
440550.806085583
limited(__ObjC.ARCamera.TrackingState.Reason.initializing)
simd_float4x4([[-0.0319617, -0.436989, 0.898899, 0.0)], [0.996139, 0.0596479, 0.0644164, 0.0)], [-0.0817668, 0.897487, 0.433396, 0.0)], [0.0, 0.0, 0.0, 1.0)]])
0.0, 0.0, 0.0
float3(-1.11404, -0.186474, -1.43514)
440551.40740425
notAvailable
simd_float4x4([[1.0, 0.0, 0.0, 0.0)], [0.0, 1.0, 0.0, 0.0)], [0.0, 0.0, 1.0, 0.0)], [0.0, 0.0, 0.0, 1.0)]])
0.0, 0.0, 0.0
float3(-0.0, 0.0, 0.0)
440551.607482125
limited(__ObjC.ARCamera.TrackingState.Reason.initializing)
simd_float4x4([[0.321004, -0.206355, 0.924324, 0.0)], [0.947076, 0.0680112, -0.313722, 0.0)], [0.00187383, 0.976111, 0.217266, 0.0)], [0.0, 0.0, 0.0, 1.0)]])
0.0, 0.0, 0.0
float3(-1.35178, 0.00862436, -1.25242)
440551.807593541
limited(__ObjC.ARCamera.TrackingState.Reason.initializing)
simd_float4x4([[0.303461, -0.212799, 0.928778, 0.0)], [0.952062, 0.0282316, -0.304601, 0.0)], [0.0385978, 0.976688, 0.211165, 0.0)], [0.0, 0.0, 0.0, 1.0)]])
0.0, 0.0, 0.0
float3(-1.35445, 0.180789, -1.4389)
440552.007705083
limited(__ObjC.ARCamera.TrackingState.Reason.initializing)
simd_float4x4([[0.279279, -0.250217, 0.927036, 0.0)], [0.95822, 0.0104914, -0.285841, 0.0)], [0.0617965, 0.968133, 0.242693, 0.0)], [0.0, 0.0, 0.0, 1.0)]])
0.0, 0.0, 0.0
float3(-1.31766, 0.24933, -1.52889)
440552.207816458
limited(__ObjC.ARCamera.TrackingState.Reason.initializing)
simd_float4x4([[0.232916, -0.289118, 0.928526, 0.0)], [0.971077, 0.0175711, -0.238119, 0.0)], [0.0525293, 0.957132, 0.284849, 0.0)], [0.0, 0.0, 0.0, 1.0)]])
0.0, 0.0, 0.0
float3(-1.27693, 0.182362, -1.5101)
440552.407928083
limited(__ObjC.ARCamera.TrackingState.Reason.initializing)
simd_float4x4([[0.143521, -0.330132, 0.93296, 0.0)], [0.989635, 0.0432845, -0.136923, 0.0)], [0.00481995, 0.942942, 0.332923, 0.0)], [0.0, 0.0, 0.0, 1.0)]])
0.0, 0.0, 0.0
float3(-1.23136, 0.0144767, -1.44043)
440552.624715666
limited(__ObjC.ARCamera.TrackingState.Reason.initializing)
simd_float4x4([[0.0335852, -0.33156, 0.942836, 0.0)], [0.999123, 0.0347207, -0.0233802, 0.0)], [-0.0249843, 0.942795, 0.332436, 0.0)], [0.0, 0.0, 0.0, 1.0)]])
0.0, 0.0, 0.0
float3(-1.23092, -0.0750144, -1.46646)
440552.858179208
normal
simd_float4x4([[-0.250362, -0.343526, 0.905157, 0.0)], [0.964551, -0.00794169, 0.263776, 0.0)], [-0.0834255, 0.93911, 0.333337, 0.0)], [0.048472, 0.0275608, 0.0270418, 1.0)]])
0.048472, 0.0275608, 0.0270418
float3(-1.22003, -0.245236, -1.59391)
440553.091642583
normal
simd_float4x4([[-0.375408, -0.324078, 0.868356, 0.0)], [0.914423, 0.0234616, 0.404079, 0.0)], [-0.151326, 0.94574, 0.287536, 0.0)], [0.0855638, -0.0173005, 0.0423286, 1.0)]])
0.0855638, -0.0173005, 0.0423286
float3(-1.23986, -0.484454, -1.49853)
440553.29175425
normal
simd_float4x4([[-0.4328, -0.294454, 0.852045, 0.0)], [0.886437, 0.0329958, 0.461672, 0.0)], [-0.164055, 0.955096, 0.246734, 0.0)], [0.0810394, -0.0545219, 0.0479251, 1.0)]])
0.0810394, -0.0545219, 0.0479251
float3(-1.26998, -0.586783, -1.4592)
440553.525218125
normal
simd_float4x4([[-0.410902, -0.264068, 0.872598, 0.0)], [0.899044, 0.0414295, 0.435893, 0.0)], [-0.151257, 0.963614, 0.220386, 0.0)], [0.0477884, -0.0738004, 0.0309353, 1.0)]])
0.0477884, -0.0738004, 0.0309353
float3(-1.30021, -0.601491, -1.41518)
440553.742005791
normal
simd_float4x4([[-0.358565, -0.263234, 0.895622, 0.0)], [0.922222, 0.048829, 0.383565, 0.0)], [-0.1447, 0.963496, 0.225252, 0.0)], [0.00898572, -0.0803254, 0.0108489, 1.0)]])
0.00898572, -0.0803254, 0.0108489
float3(-1.29977, -0.571008, -1.38738)
440553.958793708
normal
simd_float4x4([[-0.30096, -0.298805, 0.905615, 0.0)], [0.945084, 0.0334444, 0.325112, 0.0)], [-0.127433, 0.953728, 0.272331, 0.0)], [-0.0195225, -0.0734266, -0.0059416, 1.0)]])
-0.0195225, -0.0734266, -0.0059416
float3(-1.2654, -0.437667, -1.45933)
440554.158905416
normal
simd_float4x4([[-0.307226, -0.408583, 0.85946, 0.0)], [0.933904, 0.044089, 0.354796, 0.0)], [-0.182857, 0.911656, 0.368032, 0.0)], [-0.00762053, -0.0386656, 0.00312572, 1.0)]])
-0.00762053, -0.0386656, 0.00312572
float3(-1.14729, -0.461124, -1.46331)
440554.35901725
normal
simd_float4x4([[-0.329086, -0.562289, 0.758639, 0.0)], [0.881885, 0.104226, 0.459799, 0.0)], [-0.33761, 0.820347, 0.461575, 0.0)], [0.0274042, 0.0255252, 0.0431368, 1.0)]])
0.0274042, 0.0255252, 0.0431368
float3(-0.962017, -0.631511, -1.38752)
440554.575805291
normal
simd_float4x4([[-0.358747, -0.708008, 0.608297, 0.0)], [0.784679, 0.124204, 0.607332, 0.0)], [-0.505549, 0.695197, 0.511001, 0.0)], [0.0621586, 0.0975557, 0.0997502, 1.0)]])
0.0621586, 0.0975557, 0.0997502
float3(-0.768693, -0.780035, -1.39714)
440554.792593166
normal
simd_float4x4([[-0.3485, -0.809382, 0.472703, 0.0)], [0.680894, 0.127976, 0.721115, 0.0)], [-0.644152, 0.573169, 0.506503, 0.0)], [0.0834887, 0.160415, 0.151246, 1.0)]])
0.0834887, 0.160415, 0.151246
float3(-0.610368, -0.904459, -1.41398)
440555.009381083
normal
simd_float4x4([[-0.311366, -0.870271, 0.381679, 0.0)], [0.604049, 0.128809, 0.786469, 0.0)], [-0.733605, 0.475432, 0.48558, 0.0)], [0.0821117, 0.206293, 0.18668, 1.0)]])
0.0821117, 0.206293, 0.18668
float3(-0.495456, -0.986095, -1.42385)
440555.209493208
normal
simd_float4x4([[-0.279209, -0.905249, 0.320262, 0.0)], [0.561745, 0.116511, 0.819065, 0.0)], [-0.778771, 0.408596, 0.475988, 0.0)], [0.094459, 0.233702, 0.221507, 1.0)]])
0.094459, 0.233702, 0.221507
float3(-0.420915, -1.02218, -1.44279)
440555.442957041
normal
simd_float4x4([[-0.225463, -0.939169, 0.259092, 0.0)], [0.522858, 0.107754, 0.845582, 0.0)], [-0.822062, 0.326115, 0.466757, 0.0)], [0.0988505, 0.266501, 0.248161, 1.0)]])
0.0988505, 0.266501, 0.248161
float3(-0.332191, -1.0544, -1.45656)
440555.676421083
normal
simd_float4x4([[-0.156184, -0.965866, 0.206661, 0.0)], [0.461739, 0.113564, 0.879716, 0.0)], [-0.873157, 0.232821, 0.428241, 0.0)], [0.101174, 0.297621, 0.275786, 1.0)]])
0.101174, 0.297621, 0.275786
float3(-0.234978, -1.11482, -1.45376)
440555.876499541
normal
simd_float4x4([[-0.134625, -0.979273, 0.151328, 0.0)], [0.421703, 0.0815765, 0.903057, 0.0)], [-0.896684, 0.18539, 0.40198, 0.0)], [0.108129, 0.310084, 0.297592, 1.0)]])
0.108129, 0.310084, 0.297592
float3(-0.186468, -1.14936, -1.48769)
440556.126471833
normal
simd_float4x4([[-0.117318, -0.988171, 0.098769, 0.0)], [0.373744, 0.0482112, 0.926278, 0.0)], [-0.920082, 0.145583, 0.363667, 0.0)], [0.113293, 0.324005, 0.325027, 1.0)]])
0.113293, 0.324005, 0.325027
float3(-0.146102, -1.19439, -1.52205)
440556.343114458
normal
simd_float4x4([[-0.0897149, -0.994501, 0.0540229, 0.0)], [0.328531, 0.0216558, 0.944245, 0.0)], [-0.940223, 0.102461, 0.324782, 0.0)], [0.114189, 0.331128, 0.343737, 1.0)]])
0.114189, 0.331128, 0.343737
float3(-0.102641, -1.2382, -1.54902)
440556.559757166
normal
simd_float4x4([[-0.0838912, -0.99622, 0.0225329, 0.0)], [0.303193, -0.00397821, 0.952921, 0.0)], [-0.949229, 0.0867735, 0.302381, 0.0)], [0.119274, 0.332008, 0.357347, 1.0)]])
0.119274, 0.332008, 0.357347
float3(-0.0868828, -1.26241, -1.57479)
440556.8097295
normal
simd_float4x4([[-0.0941832, -0.995424, 0.0161361, 0.0)], [0.302199, -0.0131421, 0.953154, 0.0)], [-0.948581, 0.0946474, 0.302054, 0.0)], [0.127015, 0.325819, 0.360098, 1.0)]])
0.127015, 0.325819, 0.360098
float3(-0.0947893, -1.26252, -1.584)
440557.026372291
normal
simd_float4x4([[-0.08522, -0.996281, 0.0127085, 0.0)], [0.303599, -0.0138167, 0.9527, 0.0)], [-0.948981, 0.0850474, 0.303648, 0.0)], [0.127615, 0.322947, 0.361958, 1.0)]])
0.127615, 0.322947, 0.361958
float3(-0.0851503, -1.26112, -1.58466)
440557.243015083
normal
simd_float4x4([[-0.0774171, -0.996934, 0.0113625, 0.0)], [0.303588, -0.0127167, 0.952718, 0.0)], [-0.949653, 0.0772062, 0.303642, 0.0)], [0.124072, 0.322249, 0.363478, 1.0)]])
0.124072, 0.322249, 0.363478
float3(-0.0772831, -1.26133, -1.58355)
440557.476322666
normal
simd_float4x4([[-0.0716764, -0.997371, 0.0106387, 0.0)], [0.300012, -0.0113858, 0.953867, 0.0)], [-0.951239, 0.0715615, 0.300039, 0.0)], [0.120864, 0.321897, 0.365926, 1.0)]])
0.120864, 0.321897, 0.365926
float3(-0.0716227, -1.26525, -1.58221)
440557.692965541
normal
simd_float4x4([[-0.0773726, -0.996911, 0.0134795, 0.0)], [0.301805, -0.0105338, 0.953311, 0.0)], [-0.950225, 0.0778284, 0.301688, 0.0)], [0.122046, 0.321412, 0.36531, 1.0)]])
0.122046, 0.321412, 0.36531
float3(-0.0779071, -1.26337, -1.58136)
440557.926273208
normal
simd_float4x4([[-0.0763788, -0.996932, 0.0171049, 0.0)], [0.307147, -0.00720405, 0.951635, 0.0)], [-0.948592, 0.0779384, 0.306755, 0.0)], [0.120505, 0.323366, 0.364868, 1.0)]])
0.120505, 0.323366, 0.364868
float3(-0.0780175, -1.25803, -1.57802)
440558.142916083
normal
simd_float4x4([[-0.0727273, -0.997184, 0.0182824, 0.0)], [0.310392, -0.00520946, 0.950594, 0.0)], [-0.947823, 0.0748088, 0.309897, 0.0)], [0.11909, 0.323633, 0.363989, 1.0)]])
0.11909, 0.323633, 0.363989
float3(-0.0748788, -1.2548, -1.57602)
440558.392888541
normal
simd_float4x4([[-0.0755505, -0.996943, 0.0199102, 0.0)], [0.312409, -0.00470357, 0.949936, 0.0)], [-0.946939, 0.0779882, 0.311809, 0.0)], [0.118749, 0.323311, 0.363537, 1.0)]])
0.118749, 0.323311, 0.363537
float3(-0.0780675, -1.2527, -1.57551)
440558.609531625
normal
simd_float4x4([[-0.0766776, -0.996747, 0.024825, 0.0)], [0.306456, 0.000132706, 0.951885, 0.0)], [-0.948792, 0.080596, 0.305449, 0.0)], [0.119479, 0.322495, 0.365563, 1.0)]])
0.119479, 0.322495, 0.365563
float3(-0.0806835, -1.25934, -1.57066)
440558.859504208
normal
simd_float4x4([[-0.0764443, -0.996774, 0.0244675, 0.0)], [0.290674, 0.00119447, 0.956821, 0.0)], [-0.953763, 0.0802556, 0.289645, 0.0)], [0.118963, 0.322123, 0.372304, 1.0)]])
0.118963, 0.322123, 0.372304
float3(-0.080342, -1.27596, -1.5696)
440559.076147291
normal
simd_float4x4([[-0.0799005, -0.996528, 0.023414, 0.0)], [0.274678, 0.00056842, 0.961536, 0.0)], [-0.958211, 0.0832585, 0.273679, 0.0)], [0.116174, 0.320668, 0.379256, 1.0)]])
0.116174, 0.320668, 0.379256
float3(-0.083355, -1.29259, -1.57023)
440559.292790166
normal
simd_float4x4([[-0.0799966, -0.996627, 0.0183119, 0.0)], [0.255585, -0.00275159, 0.966782, 0.0)], [-0.963471, 0.0820196, 0.254943, 0.0)], [0.114393, 0.320336, 0.386608, 1.0)]])
0.114393, 0.320336, 0.386608
float3(-0.0821118, -1.31212, -1.57356)
440559.542762833
normal
simd_float4x4([[-0.0877444, -0.99603, 0.0149861, 0.0)], [0.21489, -0.00423638, 0.976629, 0.0)], [-0.972689, 0.0889141, 0.214409, 0.0)], [0.116602, 0.318261, 0.396664, 1.0)]])
0.116602, 0.318261, 0.396664
float3(-0.0890317, -1.35384, -1.57505)
440559.792735541
normal
simd_float4x4([[-0.110971, -0.993806, 0.00594002, 0.0)], [0.144105, -0.0101769, 0.98951, 0.0)], [-0.98332, 0.110663, 0.144342, 0.0)], [0.124268, 0.310345, 0.413766, 1.0)]])
0.124268, 0.310345, 0.413766
float3(-0.11089, -1.42505, -1.58104)
440560.026043333
normal
simd_float4x4([[-0.139682, -0.990144, -0.0102152, 0.0)], [0.0328263, -0.0149411, 0.999349, 0.0)], [-0.989652, 0.139256, 0.0345898, 0.0)], [0.138825, 0.297706, 0.441141, 1.0)]])
0.138825, 0.297706, 0.441141
float3(-0.13971, -1.53586, -1.58589)
440560.242686458
normal
simd_float4x4([[-0.158551, -0.98728, -0.0118409, 0.0)], [-0.0768141, 0.000377861, 0.997045, 0.0)], [-0.984358, 0.158992, -0.0758969, 0.0)], [0.158321, 0.282508, 0.475905, 1.0)]])
0.158321, 0.282508, 0.475905
float3(-0.159669, -1.64775, -1.57041)
440560.459329666
normal
simd_float4x4([[-0.165586, -0.985973, -0.0209225, 0.0)], [-0.162396, 0.00633487, 0.986705, 0.0)], [-0.972733, 0.166782, -0.161167, 0.0)], [0.176416, 0.270774, 0.522759, 1.0)]])
0.176416, 0.270774, 0.522759
float3(-0.167565, -1.73499, -1.56437)
440560.675972708
normal
simd_float4x4([[-0.168638, -0.985619, 0.0107319, 0.0)], [-0.161005, 0.0382861, 0.986211, 0.0)], [-0.97244, 0.164585, -0.165146, 0.0)], [0.189172, 0.267043, 0.555377, 1.0)]])
0.189172, 0.267043, 0.555377
float3(-0.165337, -1.73902, -1.53197)
440560.89261575
normal
simd_float4x4([[-0.142848, -0.989287, 0.0300839, 0.0)], [-0.0425602, 0.0365073, 0.998427, 0.0)], [-0.988829, 0.141343, -0.0473192, 0.0)], [0.192583, 0.273352, 0.552484, 1.0)]])
0.192583, 0.273352, 0.552484
float3(-0.141818, -1.61861, -1.53391)
440561.109259041
normal
simd_float4x4([[-0.0985709, -0.994656, 0.03071, 0.0)], [0.102516, 0.0205464, 0.994519, 0.0)], [-0.989835, 0.101179, 0.099943, 0.0)], [0.179322, 0.291145, 0.523896, 1.0)]])
0.179322, 0.291145, 0.523896
float3(-0.101352, -1.47017, -1.55014)
440561.325902291
normal
simd_float4x4([[-0.0686418, -0.997078, 0.0335176, 0.0)], [0.193243, 0.0196722, 0.980954, 0.0)], [-0.978747, 0.0738114, 0.191328, 0.0)], [0.158577, 0.299336, 0.493405, 1.0)]])
0.158577, 0.299336, 0.493405
float3(-0.0738786, -1.37775, -1.55107)
440561.55921025
normal
simd_float4x4([[-0.0491663, -0.997999, 0.0397537, 0.0)], [0.249503, 0.0262677, 0.968018, 0.0)], [-0.967125, 0.0575126, 0.247712, 0.0)], [0.131019, 0.304386, 0.461576, 1.0)]])
0.131019, 0.304386, 0.461576
float3(-0.0575443, -1.32005, -1.54448)
440561.809183166
normal
simd_float4x4([[-0.0292303, -0.999169, 0.0283941, 0.0)], [0.294353, 0.0185425, 0.955517, 0.0)], [-0.95525, 0.0362879, 0.293566, 0.0)], [0.10155, 0.307274, 0.431609, 1.0)]])
0.10155, 0.307274, 0.431609
float3(-0.0362959, -1.27264, -1.55224)
440562.025826375
normal
simd_float4x4([[-0.0305704, -0.999186, 0.0263072, 0.0)], [0.33247, 0.0146558, 0.943, 0.0)], [-0.942618, 0.0375742, 0.331752, 0.0)], [0.084358, 0.309679, 0.407374, 1.0)]])
0.084358, 0.309679, 0.407374
float3(-0.0375831, -1.23239, -1.55613)
440562.259134666
normal
simd_float4x4([[-0.0237921, -0.999083, 0.0356071, 0.0)], [0.362264, 0.0245805, 0.931751, 0.0)], [-0.931772, 0.0350675, 0.361347, 0.0)], [0.0724197, 0.313006, 0.386614, 1.0)]])
0.0724197, 0.313006, 0.386614
float3(-0.0350747, -1.20085, -1.5462)
440562.492442708
normal
simd_float4x4([[-0.033828, -0.998644, 0.0395672, 0.0)], [0.390615, 0.0232299, 0.920261, 0.0)], [-0.919932, 0.0465861, 0.3893, 0.0)], [0.0736584, 0.312881, 0.375691, 1.0)]])
0.0736584, 0.312881, 0.375691
float3(-0.046603, -1.17047, -1.54754)
440562.742415833
normal
simd_float4x4([[-0.0427744, -0.998466, 0.0351475, 0.0)], [0.404874, 0.0148382, 0.914252, 0.0)], [-0.913371, 0.0533369, 0.403619, 0.0)], [0.0794679, 0.314499, 0.370964, 1.0)]])
0.0794679, 0.314499, 0.370964
float3(-0.0533622, -1.1547, -1.55594)
440562.975724166
normal
simd_float4x4([[-0.0500066, -0.998216, 0.0326228, 0.0)], [0.40901, 0.00933118, 0.912482, 0.0)], [-0.911159, 0.0589732, 0.407814, 0.0)], [0.084673, 0.315492, 0.364941, 1.0)]])
0.084673, 0.315492, 0.364941
float3(-0.0590075, -1.14996, -1.56145)
440563.192367375
normal
simd_float4x4([[-0.053729, -0.9981, 0.0301504, 0.0)], [0.405672, 0.00577206, 0.914, 0.0)], [-0.912438, 0.0613394, 0.404591, 0.0)], [0.0856926, 0.315416, 0.36042, 1.0)]])
0.0856926, 0.315416, 0.36042
float3(-0.061378, -1.15343, -1.56501)
440563.4423405
normal
simd_float4x4([[-0.0625128, -0.997658, 0.0277736, 0.0)], [0.394679, 0.000848419, 0.918819, 0.0)], [-0.91669, 0.0683996, 0.393701, 0.0)], [0.08978, 0.314017, 0.360335, 1.0)]])
0.08978, 0.314017, 0.360335
float3(-0.068453, -1.16514, -1.56995)
440563.692313708
normal
simd_float4x4([[-0.0655938, -0.997599, 0.0222032, 0.0)], [0.374836, -0.00401236, 0.927082, 0.0)], [-0.924768, 0.0691334, 0.3742, 0.0)], [0.0896313, 0.313126, 0.366419, 1.0)]])
0.0896313, 0.313126, 0.366419
float3(-0.0691886, -1.18629, -1.57482)
440563.925621875
normal
simd_float4x4([[-0.0636676, -0.997761, 0.0204818, 0.0)], [0.357818, -0.00366402, 0.933784, 0.0)], [-0.931619, 0.0667806, 0.35725, 0.0)], [0.0898647, 0.313682, 0.369532, 1.0)]])
0.0898647, 0.313682, 0.369532
float3(-0.0668303, -1.20462, -1.57447)
440564.158930125
normal
simd_float4x4([[-0.0644977, -0.997728, 0.0194523, 0.0)], [0.347582, -0.00418849, 0.93764, 0.0)], [-0.935429, 0.0672369, 0.347062, 0.0)], [0.0973993, 0.314244, 0.370543, 1.0)]])
0.0973993, 0.314244, 0.370543
float3(-0.0672877, -1.21552, -1.57499)
440564.392238416
normal
simd_float4x4([[-0.0648507, -0.997616, 0.0236035, 0.0)], [0.340403, 0.000118787, 0.94028, 0.0)], [-0.938041, 0.0690125, 0.339584, 0.0)], [0.101749, 0.316021, 0.369, 1.0)]])
0.101749, 0.316021, 0.369
float3(-0.0690674, -1.22346, -1.57068)
440564.64221175
normal
simd_float4x4([[-0.0717689, -0.997089, 0.0257407, 0.0)], [0.328345, 0.000750784, 0.944558, 0.0)], [-0.941827, 0.0762417, 0.327335, 0.0)], [0.103894, 0.313958, 0.368003, 1.0)]])
0.103894, 0.313958, 0.368003
float3(-0.0763157, -1.2363, -1.57004)
440564.875520125
normal
simd_float4x4([[-0.0677707, -0.997336, 0.0269911, 0.0)], [0.323763, 0.00360503, 0.946131, 0.0)], [-0.943708, 0.0728587, 0.322657, 0.0)], [0.09868, 0.313535, 0.368311, 1.0)]])
0.09868, 0.313535, 0.368311
float3(-0.0729233, -1.24135, -1.56718)
440565.10882825
normal
simd_float4x4([[-0.0603418, -0.99778, 0.028158, 0.0)], [0.324658, 0.00705718, 0.945805, 0.0)], [-0.943905, 0.0662133, 0.323512, 0.0)], [0.0947334, 0.314773, 0.369905, 1.0)]])
0.0947334, 0.314773, 0.369905
float3(-0.0662618, -1.24061, -1.56372)
440565.34213675
normal
simd_float4x4([[-0.0572974, -0.997992, 0.0270066, 0.0)], [0.329649, 0.00662162, 0.94408, 0.0)], [-0.942363, 0.0629961, 0.328608, 0.0)], [0.094797, 0.315319, 0.372164, 1.0)]])
0.094797, 0.315319, 0.372164
float3(-0.0630378, -1.23527, -1.56416)
440565.558780291
normal
simd_float4x4([[-0.0584915, -0.998039, 0.0222714, 0.0)], [0.329351, 0.00176805, 0.944206, 0.0)], [-0.942394, 0.0625631, 0.328602, 0.0)], [0.095798, 0.314091, 0.375427, 1.0)]])
0.095798, 0.314091, 0.375427
float3(-0.062604, -1.23529, -1.56902)
440565.808753416
normal
simd_float4x4([[-0.0640304, -0.99766, 0.0239727, 0.0)], [0.334553, 0.00117254, 0.942376, 0.0)], [-0.940199, 0.0683609, 0.333695, 0.0)], [0.09881, 0.312331, 0.376935, 1.0)]])
0.09881, 0.312331, 0.376935
float3(-0.0684142, -1.22975, -1.56962)
440566.042061666
normal
simd_float4x4([[-0.0660288, -0.997501, 0.0251463, 0.0)], [0.34098, 0.00112759, 0.94007, 0.0)], [-0.937749, 0.070646, 0.340053, 0.0)], [0.0996494, 0.311219, 0.378986, 1.0)]])
0.0996494, 0.311219, 0.378986
float3(-0.0707049, -1.22292, -1.56967)
440566.258705083
normal
simd_float4x4([[-0.0635187, -0.997666, 0.0250499, 0.0)], [0.348333, 0.00135856, 0.93737, 0.0)], [-0.935216, 0.0682662, 0.347433, 0.0)], [0.097455, 0.312094, 0.379635, 1.0)]])
0.097455, 0.312094, 0.379635
float3(-0.0683194, -1.2151, -1.56943)
440566.475348666
normal
simd_float4x4([[-0.0590348, -0.997936, 0.0252692, 0.0)], [0.350769, 0.00296201, 0.936457, 0.0)], [-0.934599, 0.0641472, 0.34987, 0.0)], [0.0957082, 0.312836, 0.378157, 1.0)]])
0.0957082, 0.312836, 0.378157
float3(-0.0641913, -1.21259, -1.56783)
440566.691992125
normal
simd_float4x4([[-0.0613005, -0.997796, 0.0253965, 0.0)], [0.351174, 0.00225675, 0.936307, 0.0)], [-0.934301, 0.0663147, 0.350262, 0.0)], [0.0981014, 0.312422, 0.376761, 1.0)]])
0.0981014, 0.312422, 0.376761
float3(-0.0663634, -1.21212, -1.56853)
440566.941965333
normal
simd_float4x4([[-0.0812267, -0.996317, 0.0274585, 0.0)], [0.351351, -0.00284179, 0.936239, 0.0)], [-0.932714, 0.0856952, 0.350288, 0.0)], [0.106465, 0.306938, 0.374289, 1.0)]])
0.106465, 0.306938, 0.374289
float3(-0.0858005, -1.21154, -1.57365)
440567.158609083
normal
simd_float4x4([[-0.103316, -0.994072, 0.0338496, 0.0)], [0.348678, -0.0043249, 0.937232, 0.0)], [-0.931531, 0.108634, 0.347058, 0.0)], [0.114579, 0.29912, 0.369981, 1.0)]])
0.114579, 0.29912, 0.369981
float3(-0.108849, -1.21416, -1.57515)
440567.375252458
normal
simd_float4x4([[-0.1891, -0.979852, 0.0642697, 0.0)], [0.340969, -0.00414298, 0.940066, 0.0)], [-0.920859, 0.199681, 0.334882, 0.0)], [0.133324, 0.274485, 0.360195, 1.0)]])
0.133324, 0.274485, 0.360195
float3(-0.201032, -1.222, -1.57502)
440567.591896
normal
simd_float4x4([[-0.304872, -0.943499, 0.129857, 0.0)], [0.357415, 0.0130384, 0.933855, 0.0)], [-0.882784, 0.331119, 0.333245, 0.0)], [0.151421, 0.234746, 0.340878, 1.0)]])
0.151421, 0.234746, 0.340878
float3(-0.337489, -1.20984, -1.55698)
440567.808640375
normal
simd_float4x4([[-0.483905, -0.847625, 0.217642, 0.0)], [0.385287, 0.0169456, 0.922641, 0.0)], [-0.785742, 0.530326, 0.318378, 0.0)], [0.169624, 0.168388, 0.325984, 1.0)]])
0.169624, 0.168388, 0.325984
float3(-0.558985, -1.18582, -1.55081)
440568.008753375
normal
simd_float4x4([[-0.645198, -0.697578, 0.311616, 0.0)], [0.408514, 0.0296821, 0.912269, 0.0)], [-0.645629, 0.715894, 0.26582, 0.0)], [0.180362, 0.102802, 0.313581, 1.0)]])
0.180362, 0.102802, 0.313581
float3(-0.797903, -1.18023, -1.52827)
440568.225542291
normal
simd_float4x4([[-0.73817, -0.577497, 0.348715, 0.0)], [0.400991, 0.0400796, 0.915205, 0.0)], [-0.542504, 0.815408, 0.201985, 0.0)], [0.178319, 0.050886, 0.312665, 1.0)]])
0.178319, 0.050886, 0.312665
float3(-0.953434, -1.21438, -1.50151)
440568.425655208
normal
simd_float4x4([[-0.806269, -0.468505, 0.361156, 0.0)], [0.395362, 0.0273546, 0.918118, 0.0)], [-0.440022, 0.883037, 0.163174, 0.0)], [0.172417, 0.00375477, 0.314927, 1.0)]])
0.172417, 0.00375477, 0.314927
float3(-1.08229, -1.21569, -1.51248)
440568.642444291
normal
simd_float4x4([[-0.856464, -0.353502, 0.376172, 0.0)], [0.396944, 0.0148593, 0.917723, 0.0)], [-0.330007, 0.935316, 0.127594, 0.0)], [0.165048, -0.0388744, 0.316602, 1.0)]])
0.165048, -0.0388744, 0.316602
float3(-1.20915, -1.20186, -1.52879)
440568.842557291
normal
simd_float4x4([[-0.878009, -0.278811, 0.389055, 0.0)], [0.400686, 0.01648, 0.916067, 0.0)], [-0.261821, 0.960205, 0.0972459, 0.0)], [0.169079, -0.0566042, 0.318741, 1.0)]])
0.169079, -0.0566042, 0.318741
float3(-1.28773, -1.21517, -1.51176)
440569.042670333
normal
simd_float4x4([[-0.890034, -0.231394, 0.392805, 0.0)], [0.401447, 0.0105352, 0.915822, 0.0)], [-0.216054, 0.972803, 0.0835159, 0.0)], [0.177598, -0.0645363, 0.319094, 1.0)]])
0.177598, -0.0645363, 0.319094
float3(-1.33704, -1.20194, -1.5253)
440569.2594595
normal
simd_float4x4([[-0.889318, -0.223009, 0.399224, 0.0)], [0.40632, 0.0151798, 0.913605, 0.0)], [-0.209802, 0.974698, 0.0771133, 0.0)], [0.178282, -0.0664994, 0.318872, 1.0)]])
0.178282, -0.0664994, 0.318872
float3(-1.34537, -1.21857, -1.50283)
440569.459572333
normal
simd_float4x4([[-0.88918, -0.226051, 0.397818, 0.0)], [0.404547, 0.0178178, 0.914344, 0.0)], [-0.213776, 0.973953, 0.0756048, 0.0)], [0.178195, -0.0690815, 0.32096, 1.0)]])
0.178195, -0.0690815, 0.32096
float3(-1.34206, -1.23086, -1.49214)
440569.659685291
normal
simd_float4x4([[-0.889749, -0.230009, 0.394261, 0.0)], [0.400199, 0.0222985, 0.916157, 0.0)], [-0.219516, 0.972933, 0.0722094, 0.0)], [0.177677, -0.0710564, 0.322004, 1.0)]])
0.177677, -0.0710564, 0.322004
float3(-1.3376, -1.253, -1.47415)
440569.859798458
normal
simd_float4x4([[-0.889278, -0.233389, 0.393338, 0.0)], [0.399326, 0.0230925, 0.916518, 0.0)], [-0.222989, 0.972109, 0.0726627, 0.0)], [0.177418, -0.0708311, 0.3212, 1.0)]])
0.177418, -0.0708311, 0.3212
float3(-1.33406, -1.25579, -1.47217)
440570.059911458
normal
simd_float4x4([[-0.88886, -0.230952, 0.395714, 0.0)], [0.401328, 0.0242344, 0.915614, 0.0)], [-0.221052, 0.972663, 0.0711463, 0.0)], [0.177687, -0.0697309, 0.318747, 1.0)]])
0.177687, -0.0697309, 0.318747
float3(-1.33644, -1.25941, -1.46625)
440570.260024416
normal
simd_float4x4([[-0.887528, -0.233837, 0.397007, 0.0)], [0.40199, 0.0280891, 0.915213, 0.0)], [-0.225162, 0.97187, 0.0690704, 0.0)], [0.177985, -0.0685267, 0.315922, 1.0)]])
0.177985, -0.0685267, 0.315922
float3(-1.33304, -1.27315, -1.45125)
440570.460137416
normal
simd_float4x4([[-0.887839, -0.230645, 0.398178, 0.0)], [0.402442, 0.0303755, 0.914941, 0.0)], [-0.223121, 0.972564, 0.0658524, 0.0)], [0.177653, -0.074026, 0.315822, 1.0)]])
0.177653, -0.074026, 0.315822
float3(-1.33601, -1.2838, -1.43985)
440570.6769265
normal
simd_float4x4([[-0.887423, -0.229883, 0.399542, 0.0)], [0.403172, 0.0330914, 0.914526, 0.0)], [-0.223455, 0.972656, 0.0633162, 0.0)], [0.176749, -0.0743864, 0.317253, 1.0)]])
0.176749, -0.0743864, 0.317253
float3(-1.3364, -1.29468, -1.42783)
440570.877039583
normal
simd_float4x4([[-0.887058, -0.227002, 0.401992, 0.0)], [0.405646, 0.0324643, 0.913454, 0.0)], [-0.220406, 0.973353, 0.0632848, 0.0)], [0.176836, -0.0746428, 0.316945, 1.0)]])
0.176836, -0.0746428, 0.316945
float3(-1.33943, -1.29119, -1.42875)
440571.077152666
normal
simd_float4x4([[-0.885858, -0.227691, 0.404243, 0.0)], [0.40777, 0.0335205, 0.912469, 0.0)], [-0.221312, 0.973156, 0.0631514, 0.0)], [0.176845, -0.0749473, 0.316897, 1.0)]])
0.176845, -0.0749473, 0.316897
float3(-1.33857, -1.29283, -1.42463)
440571.27726575
normal
simd_float4x4([[-0.885971, -0.227559, 0.40407, 0.0)], [0.407947, 0.0319191, 0.912448, 0.0)], [-0.220533, 0.973241, 0.0645525, 0.0)], [0.17717, -0.0743874, 0.317479, 1.0)]])
0.17717, -0.0743874, 0.317479
float3(-1.33894, -1.28604, -1.43144)
440571.49405475
normal
simd_float4x4([[-0.886515, -0.225047, 0.404284, 0.0)], [0.408084, 0.0315325, 0.9124, 0.0)], [-0.218081, 0.973837, 0.0638842, 0.0)], [0.176533, -0.0743546, 0.317579, 1.0)]])
0.176533, -0.0743546, 0.317579
float3(-1.34155, -1.28583, -1.43159)
440571.694167916
normal
simd_float4x4([[-0.886771, -0.224887, 0.403811, 0.0)], [0.407672, 0.03115, 0.912597, 0.0)], [-0.21781, 0.973887, 0.0640571, 0.0)], [0.175329, -0.0760468, 0.316804, 1.0)]])
0.175329, -0.0760468, 0.316804
float3(-1.34177, -1.28476, -1.43316)
440571.910956958
normal
simd_float4x4([[-0.887729, -0.226583, 0.400745, 0.0)], [0.404784, 0.0304713, 0.913904, 0.0)], [-0.219286, 0.973515, 0.0646668, 0.0)], [0.173553, -0.0752566, 0.318135, 1.0)]])
0.173553, -0.0752566, 0.318135
float3(-1.34013, -1.28403, -1.43712)
440572.111070041
normal
simd_float4x4([[-0.887911, -0.226971, 0.400124, 0.0)], [0.404626, 0.0284485, 0.91404, 0.0)], [-0.218843, 0.973486, 0.0665787, 0.0)], [0.173104, -0.0753833, 0.319244, 1.0)]])
0.173104, -0.0753833, 0.319244
float3(-1.34001, -1.27546, -1.44611)
440572.327859291
normal
simd_float4x4([[-0.891509, -0.221274, 0.395285, 0.0)], [0.399925, 0.0254072, 0.916196, 0.0)], [-0.212774, 0.974881, 0.0658423, 0.0)], [0.174156, -0.0767726, 0.32197, 1.0)]])
0.174156, -0.0767726, 0.32197
float3(-1.34618, -1.27069, -1.45647)
440572.527972416
normal
simd_float4x4([[-0.906624, -0.218882, 0.360727, 0.0)], [0.364536, 0.0241887, 0.930875, 0.0)], [-0.212477, 0.975451, 0.0578605, 0.0)], [0.1781, -0.0775804, 0.338209, 1.0)]])
0.1781, -0.0775804, 0.338209
float3(-1.34876, -1.30493, -1.46073)
440572.728085416
normal
simd_float4x4([[-0.923042, -0.215122, 0.318929, 0.0)], [0.322306, 0.0201694, 0.946421, 0.0)], [-0.210029, 0.976379, 0.050718, 0.0)], [0.181859, -0.079693, 0.35645, 1.0)]])
0.181859, -0.079693, 0.35645
float3(-1.35301, -1.33385, -1.47731)
440572.944874625
normal
simd_float4x4([[-0.935943, -0.21365, 0.279938, 0.0)], [0.282036, 0.0212377, 0.959169, 0.0)], [-0.210872, 0.976679, 0.0403798, 0.0)], [0.187557, -0.0809925, 0.373419, 1.0)]])
0.187557, -0.0809925, 0.373419
float3(-1.35441, -1.3816, -1.47172)
440573.161663791
normal
simd_float4x4([[-0.947069, -0.205074, 0.246991, 0.0)], [0.247789, 0.022198, 0.96856, 0.0)], [-0.204109, 0.978495, 0.029792, 0.0)], [0.192084, -0.0831644, 0.384964, 1.0)]])
0.192084, -0.0831644, 0.384964
float3(-1.36303, -1.42586, -1.46297)
440573.361777
normal
simd_float4x4([[-0.949679, -0.204652, 0.237124, 0.0)], [0.237102, 0.0249967, 0.971163, 0.0)], [-0.204678, 0.978516, 0.0247846, 0.0)], [0.195896, -0.0850839, 0.38742, 1.0)]])
0.195896, -0.0850839, 0.38742
float3(-1.36313, -1.45029, -1.44926)
440573.561890041
normal
simd_float4x4([[-0.946733, -0.203363, 0.24968, 0.0)], [0.249594, 0.0264973, 0.967988, 0.0)], [-0.203468, 0.978745, 0.0256723, 0.0)], [0.198181, -0.0867901, 0.381928, 1.0)]])
0.198181, -0.0867901, 0.381928
float3(-1.36425, -1.44529, -1.44123)
440573.762003166
normal
simd_float4x4([[-0.941683, -0.198292, 0.271871, 0.0)], [0.272203, 0.0261218, 0.961885, 0.0)], [-0.197836, 0.979795, 0.0293772, 0.0)], [0.198313, -0.0876966, 0.373169, 1.0)]])
0.198313, -0.0876966, 0.373169
float3(-1.36943, -1.42338, -1.43982)
440573.962116291
normal
simd_float4x4([[-0.932687, -0.196884, 0.30221, 0.0)], [0.302698, 0.0283513, 0.952665, 0.0)], [-0.196133, 0.980017, 0.0331536, 0.0)], [0.195713, -0.0884867, 0.361156, 1.0)]])
0.195713, -0.0884867, 0.361156
float3(-1.37055, -1.40334, -1.42778)
440574.162229333
normal
simd_float4x4([[-0.920087, -0.193695, 0.340475, 0.0)], [0.34135, 0.0298986, 0.939461, 0.0)], [-0.192149, 0.980606, 0.0386084, 0.0)], [0.190063, -0.0900357, 0.345195, 1.0)]])
0.190063, -0.0900357, 0.345195
float3(-1.37353, -1.37251, -1.41765)
440574.362342458
normal
simd_float4x4([[-0.903018, -0.19363, 0.383491, 0.0)], [0.385038, 0.0311213, 0.922376, 0.0)], [-0.190535, 0.980581, 0.0464519, 0.0)], [0.183726, -0.0905441, 0.327891, 1.0)]])
0.183726, -0.0905441, 0.327891
float3(-1.3734, -1.33166, -1.41143)
440574.56245575
normal
simd_float4x4([[-0.87992, -0.190174, 0.435402, 0.0)], [0.438139, 0.0296841, 0.898417, 0.0)], [-0.18378, 0.981302, 0.057203, 0.0)], [0.175418, -0.0928462, 0.307684, 1.0)]])
0.175418, -0.0928462, 0.307684
float3(-1.37711, -1.26904, -1.41596)
440574.762568875
normal
simd_float4x4([[-0.860271, -0.185703, 0.474814, 0.0)], [0.478633, 0.0266401, 0.877611, 0.0)], [-0.175624, 0.982245, 0.0659659, 0.0)], [0.168222, -0.0937187, 0.295697, 1.0)]])
0.168222, -0.0937187, 0.295697
float3(-1.38207, -1.21149, -1.42831)
440574.962681958
normal
simd_float4x4([[-0.844727, -0.181931, 0.503326, 0.0)], [0.508264, 0.0218794, 0.860923, 0.0)], [-0.167641, 0.983068, 0.0739868, 0.0)], [0.162307, -0.0961258, 0.287455, 1.0)]])
0.162307, -0.0961258, 0.287455
float3(-1.38651, -1.15517, -1.45111)
440575.179471166
normal
simd_float4x4([[-0.834341, -0.182862, 0.520036, 0.0)], [0.525841, 0.0190946, 0.850368, 0.0)], [-0.16543, 0.982953, 0.0802251, 0.0)], [0.156988, -0.0949132, 0.283853, 1.0)]])
0.156988, -0.0949132, 0.283853
float3(-1.38589, -1.11926, -1.46675)
440575.379584291
normal
simd_float4x4([[-0.823612, -0.250498, 0.508835, 0.0)], [0.524618, 0.00440266, 0.851326, 0.0)], [-0.215496, 0.968107, 0.12779, 0.0)], [0.1579, -0.0719949, 0.287354, 1.0)]])
0.1579, -0.0719949, 0.287354
float3(-1.31756, -1.03554, -1.55322)
440575.579697541
normal
simd_float4x4([[-0.764841, -0.490451, 0.417703, 0.0)], [0.495644, -0.0338019, 0.867868, 0.0)], [-0.411528, 0.870813, 0.268942, 0.0)], [0.16463, 0.00620416, 0.304474, 1.0)]])
0.16463, 0.00620416, 0.304474
float3(-1.05685, -0.991949, -1.63961)
440575.779810625
normal
simd_float4x4([[-0.664888, -0.670697, 0.328771, 0.0)], [0.456268, -0.0161931, 0.889695, 0.0)], [-0.591392, 0.741555, 0.316784, 0.0)], [0.161882, 0.0865194, 0.324512, 1.0)]])
0.161882, 0.0865194, 0.324512
float3(-0.835385, -1.07903, -1.59494)
440575.9966
normal
simd_float4x4([[-0.544695, -0.800621, 0.249626, 0.0)], [0.415403, 0.00100114, 0.909637, 0.0)], [-0.728525, 0.59917, 0.332035, 0.0)], [0.149943, 0.157414, 0.344787, 1.0)]])
0.149943, 0.157414, 0.344787
float3(-0.642464, -1.14316, -1.56955)
440576.196713166
normal
simd_float4x4([[-0.455294, -0.867242, 0.201491, 0.0)], [0.374909, 0.0185223, 0.926876, 0.0)], [-0.807558, 0.497542, 0.316704, 0.0)], [0.138922, 0.205956, 0.354875, 1.0)]])
0.138922, 0.205956, 0.354875
float3(-0.520763, -1.19705, -1.54944)
440576.396826208
normal
simd_float4x4([[-0.411694, -0.895806, 0.16745, 0.0)], [0.348362, 0.0150948, 0.937238, 0.0)], [-0.842112, 0.444189, 0.305851, 0.0)], [0.128091, 0.225247, 0.362759, 1.0)]])
0.128091, 0.225247, 0.362759
float3(-0.460268, -1.22242, -1.55395)
440576.596939333
normal
simd_float4x4([[-0.373214, -0.917241, 0.13921, 0.0)], [0.333488, 0.00738505, 0.942725, 0.0)], [-0.865735, 0.398263, 0.303133, 0.0)], [0.11756, 0.238619, 0.368165, 1.0)]])
0.11756, 0.238619, 0.368165
float3(-0.409623, -1.23399, -1.56275)
440576.797052541
normal
simd_float4x4([[-0.336844, -0.933013, 0.12658, 0.0)], [0.329939, 0.00894755, 0.94396, 0.0)], [-0.88186, 0.359731, 0.304824, 0.0)], [0.11093, 0.248897, 0.370785, 1.0)]])
0.11093, 0.248897, 0.370785
float3(-0.367979, -1.23799, -1.56121)
440576.997165833
normal
simd_float4x4([[-0.314562, -0.941253, 0.122859, 0.0)], [0.33301, 0.0117774, 0.94285, 0.0)], [-0.888907, 0.337498, 0.309742, 0.0)], [0.10689, 0.254839, 0.368678, 1.0)]])
0.10689, 0.254839, 0.368678
float3(-0.344258, -1.2355, -1.55828)
440577.197278916
normal
simd_float4x4([[-0.277991, -0.953675, 0.115, 0.0)], [0.347634, 0.0117231, 0.937557, 0.0)], [-0.895473, 0.30061, 0.328271, 0.0)], [0.101842, 0.262406, 0.366076, 1.0)]])
0.101842, 0.262406, 0.366076
float3(-0.305332, -1.21942, -1.5585)
440577.414068291
normal
simd_float4x4([[-0.233657, -0.966977, 0.101782, 0.0)], [0.343797, 0.0157538, 0.938912, 0.0)], [-0.90951, 0.254375, 0.328763, 0.0)], [0.0942737, 0.272931, 0.365539, 1.0)]])
0.0942737, 0.272931, 0.365539
float3(-0.257202, -1.22394, -1.55451)
440577.647533791
normal
simd_float4x4([[-0.190821, -0.97808, 0.0833474, 0.0)], [0.349678, 0.0116084, 0.936798, 0.0)], [-0.917231, 0.207905, 0.339798, 0.0)], [0.091784, 0.282409, 0.364801, 1.0)]])
0.091784, 0.282409, 0.364801
float3(-0.209433, -1.21601, -1.55893)
440577.864199875
normal
simd_float4x4([[-0.147879, -0.986975, 0.0633462, 0.0)], [0.349776, 0.00771883, 0.936801, 0.0)], [-0.925088, 0.16069, 0.344079, 0.0)], [0.0877651, 0.293287, 0.365526, 1.0)]])
0.0877651, 0.293287, 0.365526
float3(-0.16139, -1.21471, -1.56298)
440578.080843791
normal
simd_float4x4([[-0.123099, -0.991232, 0.0480086, 0.0)], [0.338921, 0.00347636, 0.940808, 0.0)], [-0.932727, 0.132084, 0.335522, 0.0)], [0.0838634, 0.297449, 0.367613, 1.0)]])
0.0838634, 0.297449, 0.367613
float3(-0.132471, -1.22549, -1.56729)
440578.314152375
normal
simd_float4x4([[-0.111262, -0.99243, 0.0519993, 0.0)], [0.344702, 0.0105367, 0.938653, 0.0)], [-0.932095, 0.122361, 0.340921, 0.0)], [0.081824, 0.300721, 0.364703, 1.0)]])
0.081824, 0.300721, 0.364703
float3(-0.122668, -1.22015, -1.56018)
440578.547461166
normal
simd_float4x4([[-0.109633, -0.992506, 0.0539648, 0.0)], [0.34234, 0.0132665, 0.939482, 0.0)], [-0.933158, 0.121473, 0.33832, 0.0)], [0.0858473, 0.30026, 0.363398, 1.0)]])
0.0858473, 0.30026, 0.363398
float3(-0.121774, -1.22298, -1.55743)
440578.780769875
normal
simd_float4x4([[-0.115114, -0.992129, 0.0492879, 0.0)], [0.323365, 0.0094885, 0.946227, 0.0)], [-0.939246, 0.124862, 0.319728, 0.0)], [0.0921249, 0.3008, 0.367854, 1.0)]])
0.0921249, 0.3008, 0.367854
float3(-0.125188, -1.24269, -1.56123)
440578.997413625
normal
simd_float4x4([[-0.120236, -0.991486, 0.0499913, 0.0)], [0.306859, 0.0107727, 0.951694, 0.0)], [-0.94413, 0.129768, 0.302951, 0.0)], [0.0945399, 0.300855, 0.371132, 1.0)]])
0.0945399, 0.300855, 0.371132
float3(-0.130135, -1.2603, -1.55993)
440579.214057458
normal
simd_float4x4([[-0.123569, -0.991073, 0.0500565, 0.0)], [0.294879, 0.0114919, 0.955465, 0.0)], [-0.947511, 0.132827, 0.290826, 0.0)], [0.097409, 0.30073, 0.374319, 1.0)]])
0.097409, 0.30073, 0.374319
float3(-0.13322, -1.27299, -1.5592)
440579.430701291
normal
simd_float4x4([[-0.12711, -0.990782, 0.0468333, 0.0)], [0.288923, 0.00818489, 0.957317, 0.0)], [-0.948877, 0.135216, 0.285219, 0.0)], [0.0971589, 0.299471, 0.379613, 1.0)]])
0.0971589, 0.299471, 0.379613
float3(-0.135631, -1.2788, -1.56254)
440579.647345208
normal
simd_float4x4([[-0.128645, -0.990939, 0.0385954, 0.0)], [0.272047, 0.00216167, 0.962281, 0.0)], [-0.953646, 0.134293, 0.269304, 0.0)], [0.0991257, 0.299193, 0.387327, 1.0)]])
0.0991257, 0.299193, 0.387327
float3(-0.1347, -1.29557, -1.56861)
440579.863989041
normal
simd_float4x4([[-0.131704, -0.990759, 0.032411, 0.0)], [0.263614, -0.00348699, 0.964622, 0.0)], [-0.955595, 0.135589, 0.261638, 0.0)], [0.101514, 0.298191, 0.393189, 1.0)]])
0.101514, 0.298191, 0.393189
float3(-0.136008, -1.30355, -1.57432)
440580.080632916
normal
simd_float4x4([[-0.134525, -0.990488, 0.0289255, 0.0)], [0.264484, -0.00775884, 0.964359, 0.0)], [-0.954961, 0.137381, 0.263012, 0.0)], [0.103568, 0.297579, 0.397164, 1.0)]])
0.103568, 0.297579, 0.397164
float3(-0.137816, -1.30204, -1.57863)
440580.297276625
normal
simd_float4x4([[-0.136143, -0.990275, 0.0286467, 0.0)], [0.265682, -0.0086387, 0.964022, 0.0)], [-0.954399, 0.138856, 0.264275, 0.0)], [0.107935, 0.296928, 0.399495, 1.0)]])
0.107935, 0.296928, 0.399495
float3(-0.139306, -1.30066, -1.57952)
440580.513920333
normal
simd_float4x4([[-0.138186, -0.990009, 0.0280545, 0.0)], [0.262404, -0.00928325, 0.964913, 0.0)], [-0.955012, 0.140699, 0.261065, 0.0)], [0.111404, 0.296776, 0.403746, 1.0)]])
0.111404, 0.296776, 0.403746
float3(-0.141168, -1.30395, -1.58017)
440580.730564291
normal
simd_float4x4([[-0.140047, -0.989761, 0.0275747, 0.0)], [0.257477, -0.00951255, 0.966237, 0.0)], [-0.956082, 0.142418, 0.256173, 0.0)], [0.112998, 0.295487, 0.409049, 1.0)]])
0.112998, 0.295487, 0.409049
float3(-0.142904, -1.309, -1.58041)
440580.963873125
normal
simd_float4x4([[-0.141291, -0.989694, 0.02328, 0.0)], [0.221222, -0.00864331, 0.975185, 0.0)], [-0.964934, 0.142935, 0.220163, 0.0)], [0.116912, 0.296259, 0.42479, 1.0)]])
0.116912, 0.296259, 0.42479
float3(-0.143426, -1.34647, -1.57953)
440581.180517083
normal
simd_float4x4([[-0.13866, -0.990308, 0.00797369, 0.0)], [0.13068, -0.0103152, 0.991371, 0.0)], [-0.98168, 0.138505, 0.130844, 0.0)], [0.118559, 0.296672, 0.45611, 1.0)]])
0.118559, 0.296672, 0.45611
float3(-0.138952, -1.43829, -1.58121)
440581.413825666
normal
simd_float4x4([[-0.132856, -0.990932, -0.0200718, 0.0)], [-0.032347, -0.0159055, 0.99935, 0.0)], [-0.990607, 0.133419, -0.0299405, 0.0)], [0.122718, 0.293715, 0.507965, 1.0)]])
0.122718, 0.293715, 0.507965
float3(-0.133818, -1.60101, -1.58685)
440581.630469541
normal
simd_float4x4([[-0.130362, -0.990828, -0.0355732, 0.0)], [-0.186926, -0.010674, 0.982316, 0.0)], [-0.973686, 0.134707, -0.18382, 0.0)], [0.130149, 0.296247, 0.562053, 1.0)]])
0.130149, 0.296247, 0.562053
float3(-0.135117, -1.75739, -1.58157)
440581.86377825
normal
simd_float4x4([[-0.127856, -0.990632, -0.0479615, 0.0)], [-0.306479, -0.00652847, 0.951855, 0.0)], [-0.943252, 0.136399, -0.302773, 0.0)], [0.135161, 0.297973, 0.616844, 1.0)]])
0.135161, 0.297973, 0.616844
float3(-0.136826, -1.8814, -1.57739)
440582.080422125
normal
simd_float4x4([[-0.127564, -0.990249, -0.0559927, 0.0)], [-0.382746, -0.00293303, 0.923849, 0.0)], [-0.915005, 0.13928, -0.378639, 0.0)], [0.141748, 0.296002, 0.661913, 1.0)]])
0.141748, 0.296002, 0.661913
float3(-0.139735, -1.96315, -1.57376)
440582.297065958
normal
simd_float4x4([[-0.129915, -0.990049, -0.0540893, 0.0)], [-0.443041, 0.00916004, 0.896455, 0.0)], [-0.887038, 0.140426, -0.439822, 0.0)], [0.148673, 0.296073, 0.701626, 1.0)]])
0.148673, 0.296073, 0.701626
float3(-0.140892, -2.0311, -1.56154)
440582.547039625
normal
simd_float4x4([[-0.10906, -0.992037, -0.0629996, 0.0)], [-0.546089, 0.00683632, 0.837699, 0.0)], [-0.830598, 0.125763, -0.542486, 0.0)], [0.139029, 0.294815, 0.748736, 1.0)]])
0.139029, 0.294815, 0.748736
float3(-0.126097, -2.14937, -1.56391)
440582.763683625
normal
simd_float4x4([[-0.0992398, -0.992143, -0.0761757, 0.0)], [-0.662431, 0.0087472, 0.749072, 0.0)], [-0.74252, 0.124799, -0.658095, 0.0)], [0.126367, 0.289142, 0.787795, 1.0)]])
0.126367, 0.289142, 0.787795
float3(-0.125125, -2.29599, -1.56198)
440582.9803275
normal
simd_float4x4([[-0.108033, -0.990724, -0.0824274, 0.0)], [-0.758089, 0.028459, 0.65153, 0.0)], [-0.643141, 0.132874, -0.754131, 0.0)], [0.12195, 0.28692, 0.810266, 1.0)]])
0.12195, 0.28692, 0.810266
float3(-0.133268, -2.43546, -1.54208)
440583.21363625
normal
simd_float4x4([[-0.0996592, -0.990699, -0.092644, 0.0)], [-0.837865, 0.033333, 0.544859, 0.0)], [-0.536703, 0.131923, -0.833394, 0.0)], [0.130305, 0.28476, 0.819493, 1.0)]])
0.130305, 0.28476, 0.819493
float3(-0.132309, -2.56945, -1.53716)
440583.46361
normal
simd_float4x4([[-0.0904762, -0.989596, -0.111869, 0.0)], [-0.900715, 0.0333875, 0.433125, 0.0)], [-0.424883, 0.139949, -0.894365, 0.0)], [0.158996, 0.287874, 0.813915, 1.0)]])
0.158996, 0.287874, 0.813915
float3(-0.14041, -2.69809, -1.53707)
440583.680253666
normal
