ARKit Data
90558.067325666
normal
simd_float4x4([[-0.485716, -0.670869, 0.560371, 0.0)], [0.801756, -0.0865262, 0.591355, 0.0)], [-0.348234, 0.736511, 0.5799, 0.0)], [1.01655, 0.881059, 1.95112, 1.0)]])
1.01655, 0.881059, 1.95112
float3(-0.827898, -0.540793, -1.69906)
90558.26743675
normal
simd_float4x4([[-0.485952, -0.666417, 0.565455, 0.0)], [0.799875, -0.0783913, 0.595025, 0.0)], [-0.352208, 0.741446, 0.571145, 0.0)], [1.11017, 0.950233, 1.88915, 1.0)]])
1.11017, 0.950233, 1.88915
float3(-0.835223, -0.552587, -1.68789)
90558.467547958
normal
simd_float4x4([[-0.491838, -0.663267, 0.564068, 0.0)], [0.794633, -0.0771416, 0.60217, 0.0)], [-0.355886, 0.744397, 0.564994, 0.0)], [1.23428, 1.08375, 1.95052, 1.0)]])
1.23428, 1.08375, 1.95052
float3(-0.839631, -0.56211, -1.68658)
90559.152307166
notAvailable
simd_float4x4([[-0.551643, 0.0, 0.83408, 0.0)], [0.0, 1.0, 0.0, 0.0)], [-0.83408, 0.0, -0.551643, 0.0)], [-0.0124142, -0.0901925, 0.138685, 1.0)]])
-0.0124142, -0.0901925, 0.138685
float3(-0.0, -2.15513, 0.0)
90559.352362375
limited(__ObjC.ARCamera.TrackingState.Reason.initializing)
simd_float4x4([[-0.0674861, -0.737048, 0.672462, 0.0)], [0.997691, -0.044737, 0.0510914, 0.0)], [-0.00757291, 0.674358, 0.738366, 0.0)], [0.0, 0.0, 0.0, 1.0)]])
0.0, 0.0, 0.0
float3(-0.740094, -0.0102559, -1.63142)
90559.552473833
limited(__ObjC.ARCamera.TrackingState.Reason.initializing)
simd_float4x4([[-0.0850503, -0.756337, 0.64863, 0.0)], [0.996289, -0.0559191, 0.0654318, 0.0)], [-0.0132177, 0.651788, 0.758286, 0.0)], [0.0, 0.0, 0.0, 1.0)]])
0.0, 0.0, 0.0
float3(-0.709939, -0.0174292, -1.6446)
90559.752585041
limited(__ObjC.ARCamera.TrackingState.Reason.initializing)
simd_float4x4([[-0.0870959, -0.798496, 0.595666, 0.0)], [0.996, -0.0578026, 0.068146, 0.0)], [-0.0199833, 0.599218, 0.800336, 0.0)], [0.0, 0.0, 0.0, 1.0)]])
0.0, 0.0, 0.0
float3(-0.642524, -0.0249634, -1.64306)
90559.969372
limited(__ObjC.ARCamera.TrackingState.Reason.initializing)
simd_float4x4([[-0.0910044, -0.85184, 0.515836, 0.0)], [0.994965, -0.0559342, 0.0831645, 0.0)], [-0.04199, 0.520807, 0.852641, 0.0)], [0.0, 0.0, 0.0, 1.0)]])
0.0, 0.0, 0.0
float3(-0.547796, -0.0492073, -1.63636)
90560.169483416
limited(__ObjC.ARCamera.TrackingState.Reason.initializing)
simd_float4x4([[-0.0846265, -0.915097, 0.394253, 0.0)], [0.991385, -0.0376296, 0.125459, 0.0)], [-0.0999718, 0.401473, 0.910398, 0.0)], [0.0, 0.0, 0.0, 1.0)]])
0.0, 0.0, 0.0
float3(-0.413125, -0.109373, -1.61189)
90560.369594791
limited(__ObjC.ARCamera.TrackingState.Reason.initializing)
simd_float4x4([[-0.0725939, -0.956349, 0.283063, 0.0)], [0.986116, -0.0263244, 0.163959, 0.0)], [-0.14935, 0.291036, 0.944983, 0.0)], [0.0, 0.0, 0.0, 1.0)]])
0.0, 0.0, 0.0
float3(-0.295309, -0.156749, -1.59832)
90560.569706041
limited(__ObjC.ARCamera.TrackingState.Reason.initializing)
simd_float4x4([[-0.0513855, -0.980151, 0.191474, 0.0)], [0.983855, -0.0167718, 0.178182, 0.0)], [-0.171434, 0.197538, 0.965188, 0.0)], [0.0, 0.0, 0.0, 1.0)]])
0.0, 0.0, 0.0
float3(-0.198846, -0.175784, -1.58791)
90560.769817291
limited(__ObjC.ARCamera.TrackingState.Reason.initializing)
simd_float4x4([[-0.0334939, -0.990253, 0.135182, 0.0)], [0.984563, -0.00944247, 0.174775, 0.0)], [-0.171796, 0.138949, 0.975283, 0.0)], [0.0, 0.0, 0.0, 1.0)]])
0.0, 0.0, 0.0
float3(-0.1394, -0.174361, -1.58033)
90560.969928666
limited(__ObjC.ARCamera.TrackingState.Reason.initializing)
simd_float4x4([[-0.0289532, -0.991389, 0.127697, 0.0)], [0.986652, -0.00786439, 0.162653, 0.0)], [-0.160248, 0.130702, 0.978384, 0.0)], [0.0, 0.0, 0.0, 1.0)]])
0.0, 0.0, 0.0
float3(-0.131077, -0.162347, -1.57873)
90561.170028833
limited(__ObjC.ARCamera.TrackingState.Reason.initializing)
simd_float4x4([[-0.0247321, -0.99178, 0.125529, 0.0)], [0.98657, -0.00393473, 0.16329, 0.0)], [-0.161454, 0.127882, 0.978558, 0.0)], [0.0, 0.0, 0.0, 1.0)]])
0.0, 0.0, 0.0
float3(-0.128233, -0.163519, -1.57476)
90561.403335291
limited(__ObjC.ARCamera.TrackingState.Reason.initializing)
simd_float4x4([[-0.0250239, -0.991963, 0.124028, 0.0)], [0.987435, -0.00516184, 0.157941, 0.0)], [-0.156031, 0.126422, 0.979628, 0.0)], [0.0, 0.0, 0.0, 1.0)]])
0.0, 0.0, 0.0
float3(-0.126761, -0.157949, -1.576)
90561.619977041
limited(__ObjC.ARCamera.TrackingState.Reason.initializing)
simd_float4x4([[-0.0239565, -0.992503, 0.119851, 0.0)], [0.987581, -0.00487485, 0.157034, 0.0)], [-0.155272, 0.122125, 0.980294, 0.0)], [0.0, 0.0, 0.0, 1.0)]])
0.0, 0.0, 0.0
float3(-0.12243, -0.157089, -1.57571)
90561.836619041
normal
simd_float4x4([[0.0103666, -0.993471, 0.113609, 0.0)], [0.987515, 0.028031, 0.155013, 0.0)], [-0.157186, 0.110583, 0.981358, 0.0)], [-0.000116379, 4.97682e-05, -0.00110375, 1.0)]])
-0.000116379, 4.97682e-05, -0.00110375
float3(-0.11081, -0.158823, -1.54259)
90562.053260833
normal
simd_float4x4([[0.00906682, -0.993629, 0.112337, 0.0)], [0.987487, 0.0265851, 0.155446, 0.0)], [-0.157442, 0.109522, 0.981436, 0.0)], [-0.00241996, 0.000540219, -0.00252114, 1.0)]])
-0.00241996, 0.000540219, -0.00252114
float3(-0.109742, -0.159065, -1.54405)
90562.269902833
normal
simd_float4x4([[0.0108077, -0.993216, 0.115779, 0.0)], [0.987472, 0.0288292, 0.155135, 0.0)], [-0.157421, 0.112652, 0.981085, 0.0)], [-0.00591749, 0.00142326, -0.00603337, 1.0)]])
-0.00591749, 0.00142326, -0.00603337
float3(-0.112891, -0.1591, -1.54178)
90562.486544875
normal
simd_float4x4([[0.00995034, -0.993358, 0.114632, 0.0)], [0.987328, 0.0279169, 0.156215, 0.0)], [-0.158378, 0.111625, 0.981049, 0.0)], [-0.00637818, 0.00198672, -0.00609509, 1.0)]])
-0.00637818, 0.00198672, -0.00609509
float3(-0.111858, -0.160057, -1.5427)
90562.70318675
normal
simd_float4x4([[0.0091315, -0.992737, 0.119958, 0.0)], [0.987842, 0.0275737, 0.152995, 0.0)], [-0.155192, 0.117103, 0.980919, 0.0)], [-0.00627171, 0.00108181, -0.0086727, 1.0)]])
-0.00627171, 0.00108181, -0.0086727
float3(-0.117372, -0.15691, -1.54303)
90562.936493541
normal
simd_float4x4([[0.00904209, -0.992729, 0.120034, 0.0)], [0.988161, 0.0272561, 0.150982, 0.0)], [-0.153155, 0.117247, 0.981222, 0.0)], [-0.0054607, 0.00139572, -0.00987969, 1.0)]])
-0.0054607, 0.00139572, -0.00987969
float3(-0.117518, -0.154837, -1.54335)
90563.169800208
normal
simd_float4x4([[0.00985088, -0.992495, 0.121883, 0.0)], [0.988156, 0.0283285, 0.150813, 0.0)], [-0.153134, 0.118954, 0.98102, 0.0)], [-0.00456732, 0.0015196, -0.00997886, 1.0)]])
-0.00456732, 0.0015196, -0.00997886
float3(-0.119237, -0.154848, -1.54226)
90563.386442166
normal
simd_float4x4([[0.0100214, -0.992222, 0.124079, 0.0)], [0.987972, 0.0289732, 0.151895, 0.0)], [-0.154308, 0.121064, 0.980578, 0.0)], [-0.00464777, 0.00144338, -0.00904623, 1.0)]])
-0.00464777, 0.00144338, -0.00904623
float3(-0.121362, -0.156085, -1.5416)
90563.619749083
normal
simd_float4x4([[0.0103467, -0.992114, 0.124911, 0.0)], [0.988263, 0.0291858, 0.14995, 0.0)], [-0.152413, 0.121893, 0.980771, 0.0)], [-0.00507484, 0.00139899, -0.00839031, 1.0)]])
-0.00507484, 0.00139899, -0.00839031
float3(-0.122197, -0.154168, -1.54139)
90563.836391208
normal
simd_float4x4([[0.0109977, -0.991928, 0.126323, 0.0)], [0.98833, 0.0299775, 0.149349, 0.0)], [-0.15193, 0.123206, 0.980682, 0.0)], [-0.00560514, 0.00148781, -0.0074859, 1.0)]])
-0.00560514, 0.00148781, -0.0074859
float3(-0.12352, -0.153701, -1.54058)
90564.069697958
normal
simd_float4x4([[0.01259, -0.992013, 0.125503, 0.0)], [0.988024, 0.031645, 0.151017, 0.0)], [-0.153783, 0.122098, 0.980532, 0.0)], [-0.00749661, 0.00204219, -0.0064899, 1.0)]])
-0.00749661, 0.00204219, -0.0064899
float3(-0.122404, -0.155569, -1.53891)
90564.28634
normal
simd_float4x4([[0.0146937, -0.992081, 0.124737, 0.0)], [0.988138, 0.0334797, 0.149877, 0.0)], [-0.152866, 0.121056, 0.980805, 0.0)], [-0.00965837, 0.00269, -0.00651665, 1.0)]])
-0.00965837, 0.00269, -0.00651665
float3(-0.121353, -0.154614, -1.53706)
90564.519647166
normal
simd_float4x4([[0.0144626, -0.992045, 0.125052, 0.0)], [0.988414, 0.0330822, 0.14813, 0.0)], [-0.151089, 0.121461, 0.98103, 0.0)], [-0.0113944, 0.00194966, -0.00644646, 1.0)]])
-0.0113944, 0.00194966, -0.00644646
float3(-0.121762, -0.15281, -1.53746)
90564.752953875
normal
simd_float4x4([[0.0114658, -0.991963, 0.126007, 0.0)], [0.988667, 0.0301103, 0.147074, 0.0)], [-0.149686, 0.122893, 0.981066, 0.0)], [-0.011738, 0.00185999, -0.00692581, 1.0)]])
-0.011738, 0.00185999, -0.00692581
float3(-0.123205, -0.151407, -1.54045)
90564.986260916
normal
simd_float4x4([[0.0103956, -0.992053, 0.12539, 0.0)], [0.988609, 0.0290258, 0.147683, 0.0)], [-0.150149, 0.122426, 0.981054, 0.0)], [-0.0121145, 0.00198797, -0.00801828, 1.0)]])
-0.0121145, 0.00198797, -0.00801828
float3(-0.122734, -0.15187, -1.54155)
90565.219567833
normal
simd_float4x4([[0.0103717, -0.991655, 0.128499, 0.0)], [0.988678, 0.0294071, 0.147141, 0.0)], [-0.149692, 0.125519, 0.980733, 0.0)], [-0.0124073, 0.00203812, -0.00907327, 1.0)]])
-0.0124073, 0.00203812, -0.00907327
float3(-0.12585, -0.151463, -1.54115)
90565.436210083
normal
simd_float4x4([[0.0111659, -0.991504, 0.129594, 0.0)], [0.988533, 0.030464, 0.147903, 0.0)], [-0.150595, 0.126456, 0.980474, 0.0)], [-0.0130866, 0.00262227, -0.00853707, 1.0)]])
-0.0130866, 0.00262227, -0.00853707
float3(-0.126796, -0.152403, -1.54008)
90565.669517083
normal
simd_float4x4([[0.0110904, -0.990498, 0.137079, 0.0)], [0.987308, 0.0325667, 0.155441, 0.0)], [-0.158428, 0.133615, 0.978288, 0.0)], [-0.0150339, 0.00103062, -0.012362, 1.0)]])
-0.0150339, 0.00103062, -0.012362
float3(-0.134016, -0.16055, -1.53793)
90565.886193041
normal
simd_float4x4([[0.0192194, -0.988774, 0.14818, 0.0)], [0.981632, 0.046798, 0.184952, 0.0)], [-0.189811, 0.141903, 0.971512, 0.0)], [-0.0182533, -0.0046963, -0.0202276, 1.0)]])
-0.0182533, -0.0046963, -0.0202276
float3(-0.142384, -0.192946, -1.5235)
90566.086304708
normal
simd_float4x4([[0.0258051, -0.989021, 0.145501, 0.0)], [0.957706, 0.0661855, 0.280034, 0.0)], [-0.286589, 0.132121, 0.9489, 0.0)], [-0.01441, -0.00780926, -0.026566, 1.0)]])
-0.01441, -0.00780926, -0.026566
float3(-0.132508, -0.293312, -1.50398)
90566.286416666
normal
simd_float4x4([[0.0123383, -0.990514, 0.136854, 0.0)], [0.906117, 0.0689527, 0.417369, 0.0)], [-0.422846, 0.118856, 0.898373, 0.0)], [0.0233394, -0.0384672, -0.0270142, 1.0)]])
0.0233394, -0.0384672, -0.0270142
float3(-0.119138, -0.439918, -1.5013)
90566.486528458
normal
simd_float4x4([[-0.0291453, -0.99146, 0.127116, 0.0)], [0.79477, 0.0541388, 0.604491, 0.0)], [-0.60621, 0.118646, 0.786404, 0.0)], [0.058732, -0.0401707, -0.0145817, 1.0)]])
0.058732, -0.0401707, -0.0145817
float3(-0.118926, -0.656721, -1.51625)
90566.686640166
normal
simd_float4x4([[-0.0750293, -0.987375, 0.139504, 0.0)], [0.663317, 0.0550399, 0.746312, 0.0)], [-0.744568, 0.14853, 0.650813, 0.0)], [0.110278, -0.0467633, -0.0077932, 1.0)]])
0.110278, -0.0467633, -0.0077932
float3(-0.149082, -0.852487, -1.51511)
90566.886752
normal
simd_float4x4([[-0.0951505, -0.988708, 0.115767, 0.0)], [0.543321, 0.0458646, 0.838271, 0.0)], [-0.834116, 0.14266, 0.532822, 0.0)], [0.17162, -0.0525485, 0.00211248, 1.0)]])
0.17162, -0.0525485, 0.00211248
float3(-0.143149, -1.00234, -1.52444)
90567.086863916
normal
simd_float4x4([[-0.0940221, -0.991431, 0.0906874, 0.0)], [0.443901, 0.0397872, 0.895192, 0.0)], [-0.89113, 0.124424, 0.436356, 0.0)], [0.231624, -0.0552909, 0.0139893, 1.0)]])
0.231624, -0.0552909, 0.0139893
float3(-0.124747, -1.11545, -1.53069)
90567.303651791
normal
simd_float4x4([[-0.0961671, -0.993024, 0.0682281, 0.0)], [0.301784, 0.036231, 0.952688, 0.0)], [-0.948514, 0.112207, 0.296195, 0.0)], [0.286554, -0.0570065, 0.0403871, 1.0)]])
0.286554, -0.0570065, 0.0403871
float3(-0.112444, -1.26812, -1.53433)
90567.503763708
normal
simd_float4x4([[-0.12643, -0.991153, 0.0403834, 0.0)], [0.148745, 0.0213074, 0.988646, 0.0)], [-0.98076, 0.131002, 0.144736, 0.0)], [0.313131, -0.0574934, 0.0711925, 1.0)]])
0.313131, -0.0574934, 0.0711925
float3(-0.131379, -1.42428, -1.5493)
90567.720506875
normal
simd_float4x4([[-0.146384, -0.988987, 0.0218457, 0.0)], [-0.00648797, 0.0230429, 0.999713, 0.0)], [-0.989207, 0.1462, -0.00978961, 0.0)], [0.322413, -0.0570224, 0.0776175, 1.0)]])
0.322413, -0.0570224, 0.0776175
float3(-0.146726, -1.58069, -1.5475)
90567.937149166
normal
simd_float4x4([[-0.138347, -0.990329, 0.0103968, 0.0)], [-0.160663, 0.0328005, 0.986464, 0.0)], [-0.977265, 0.134804, -0.163648, 0.0)], [0.31607, -0.0543394, 0.0479188, 1.0)]])
0.31607, -0.0543394, 0.0479188
float3(-0.135215, -1.73671, -1.53769)
90568.170456416
normal
simd_float4x4([[-0.123027, -0.991524, -0.0417679, 0.0)], [-0.38635, 0.00908569, 0.922308, 0.0)], [-0.91411, 0.129606, -0.384193, 0.0)], [0.287059, -0.0486924, -0.00833065, 1.0)]])
0.287059, -0.0486924, -0.00833065
float3(-0.129972, -1.96867, -1.56163)
90568.387244375
normal
simd_float4x4([[-0.10611, -0.992127, -0.0665186, 0.0)], [-0.556847, 0.00386671, 0.830606, 0.0)], [-0.823809, 0.125176, -0.552874, 0.0)], [0.23215, -0.0443719, -0.0801052, 1.0)]])
0.23215, -0.0443719, -0.0801052
float3(-0.125505, -2.16187, -1.5669)
90568.587356375
normal
simd_float4x4([[-0.104478, -0.990385, -0.0906768, 0.0)], [-0.707532, 0.00994423, 0.706611, 0.0)], [-0.698915, 0.137982, -0.701768, 0.0)], [0.147669, -0.0464162, -0.142165, 1.0)]])
0.147669, -0.0464162, -0.142165
float3(-0.138424, -2.35823, -1.56076)
90568.804144291
normal
simd_float4x4([[-0.0939934, -0.990428, -0.101081, 0.0)], [-0.821914, 0.0199031, 0.569264, 0.0)], [-0.561803, 0.136587, -0.815917, 0.0)], [0.0477475, -0.0396867, -0.222793, 1.0)]])
0.0477475, -0.0396867, -0.222793
float3(-0.137015, -2.53859, -1.5507)
90569.00425625
normal
simd_float4x4([[-0.0805905, -0.991388, -0.103222, 0.0)], [-0.883391, 0.0230769, 0.468069, 0.0)], [-0.461656, 0.128907, -0.877643, 0.0)], [-0.0783956, -0.0196084, -0.270279, 1.0)]])
-0.0783956, -0.0196084, -0.270279
float3(-0.129267, -2.65735, -1.54752)
90569.221044291
normal
simd_float4x4([[-0.0641769, -0.991469, -0.113449, 0.0)], [-0.919707, 0.0146391, 0.392332, 0.0)], [-0.387324, 0.129519, -0.912801, 0.0)], [-0.170282, -0.00374252, -0.147195, 1.0)]])
-0.170282, -0.00374252, -0.147195
float3(-0.129883, -2.74029, -1.55603)
90569.437832125
normal
simd_float4x4([[-0.0623052, -0.989952, -0.126941, 0.0)], [-0.944234, 0.0172632, 0.328822, 0.0)], [-0.323327, 0.140349, -0.935822, 0.0)], [0.047214, -0.0132793, 0.0477039, 1.0)]])
0.047214, -0.0132793, 0.0477039
float3(-0.140814, -2.80893, -1.55336)
90569.637944375
normal
simd_float4x4([[-0.0584159, -0.988807, -0.137292, 0.0)], [-0.958947, 0.017351, 0.283054, 0.0)], [-0.277503, 0.14819, -0.949227, 0.0)], [0.242785, -0.033507, 0.131331, 1.0)]])
0.242785, -0.033507, 0.131331
float3(-0.148738, -2.85717, -1.55325)
90569.838056458
normal
simd_float4x4([[-0.0584752, -0.988973, -0.13606, 0.0)], [-0.968665, 0.0232543, 0.24728, 0.0)], [-0.24139, 0.146256, -0.959344, 0.0)], [0.270656, -0.0390266, 0.143964, 1.0)]])
0.270656, -0.0390266, 0.143964
float3(-0.146783, -2.89509, -1.54729)
90570.0381685
normal
simd_float4x4([[-0.0562106, -0.988821, -0.138104, 0.0)], [-0.978565, 0.0271157, 0.204145, 0.0)], [-0.198118, 0.146619, -0.96915, 0.0)], [0.268174, -0.0432182, 0.146438, 1.0)]])
0.268174, -0.0432182, 0.146438
float3(-0.147149, -2.93995, -1.54338)
90570.2382805
normal
simd_float4x4([[-0.0501232, -0.987498, -0.149451, 0.0)], [-0.988201, 0.0273519, 0.150698, 0.0)], [-0.144726, 0.155241, -0.977218, 0.0)], [0.260607, -0.046869, 0.155993, 1.0)]])
0.260607, -0.046869, 0.155993
float3(-0.155871, -2.99456, -1.54311)
90570.438392666
normal
simd_float4x4([[-0.0596583, -0.983601, -0.170206, 0.0)], [-0.994799, 0.0444821, 0.0916265, 0.0)], [-0.0825528, 0.174788, -0.981139, 0.0)], [0.264997, -0.053534, 0.176548, 1.0)]])
0.264997, -0.053534, 0.176548
float3(-0.17569, -3.05765, -1.5256)
90570.638504666
normal
simd_float4x4([[-0.0685007, -0.982075, -0.175603, 0.0)], [-0.997255, 0.0624466, 0.0397797, 0.0)], [-0.0281008, 0.177846, -0.983657, 0.0)], [0.279586, -0.0584767, 0.210813, 1.0)]])
0.279586, -0.0584767, 0.210813
float3(-0.178797, -3.11303, -1.5073)
90570.838616708
normal
simd_float4x4([[-0.0478191, -0.981721, -0.184218, 0.0)], [-0.998844, 0.0478866, 0.00408536, 0.0)], [0.00481089, 0.1842, -0.982877, 0.0)], [0.288889, -0.0608203, 0.274506, 1.0)]])
0.288889, -0.0608203, 0.274506
float3(-0.185258, 3.1367, -1.52206)
90571.038728833
normal
simd_float4x4([[-0.0298464, -0.983918, -0.176108, 0.0)], [-0.999424, 0.0322242, -0.0106568, 0.0)], [0.0161604, 0.175689, -0.984313, 0.0)], [0.29444, -0.0569331, 0.34706, 1.0)]])
0.29444, -0.0569331, 0.34706
float3(-0.176605, 3.12518, -1.53806)
90571.238840958
normal
simd_float4x4([[-0.040335, -0.982595, -0.181329, 0.0)], [-0.9991, 0.0420474, -0.00560778, 0.0)], [0.0131346, 0.180939, -0.983407, 0.0)], [0.291622, -0.0528158, 0.429672, 1.0)]])
0.291622, -0.0528158, 0.429672
float3(-0.181941, 3.12824, -1.52803)
90571.438953041
normal
simd_float4x4([[-0.0269367, -0.98162, -0.188933, 0.0)], [-0.998536, 0.0352889, -0.0409829, 0.0)], [0.0468968, 0.187552, -0.981135, 0.0)], [0.287073, -0.0544631, 0.511321, 1.0)]])
0.287073, -0.0544631, 0.511321
float3(-0.18867, 3.09383, -1.53486)
90571.639065333
normal
simd_float4x4([[-0.0255986, -0.981856, -0.187894, 0.0)], [-0.994339, 0.044398, -0.096537, 0.0)], [0.103128, 0.184359, -0.977434, 0.0)], [0.302154, -0.0600972, 0.609337, 1.0)]])
0.302154, -0.0600972, 0.609337
float3(-0.18542, 3.03647, -1.52561)
90571.839177666
normal
simd_float4x4([[-0.0100954, -0.99046, -0.137433, 0.0)], [-0.980124, 0.0370337, -0.1949, 0.0)], [0.19813, 0.132734, -0.971147, 0.0)], [0.331287, -0.0595116, 0.719792, 1.0)]])
0.331287, -0.0595116, 0.719792
float3(-0.133126, 2.94034, -1.53342)
90572.039289625
normal
simd_float4x4([[0.036135, -0.991937, -0.121469, 0.0)], [-0.967413, -0.00423946, -0.25317, 0.0)], [0.250613, 0.126659, -0.959766, 0.0)], [0.36702, -0.0458358, 0.835374, 1.0)]])
0.36702, -0.0458358, 0.835374
float3(-0.127, 2.88618, -1.57507)
90572.256077958
normal
simd_float4x4([[0.0553504, -0.989569, -0.133001, 0.0)], [-0.965971, -0.0193645, -0.257926, 0.0)], [0.25266, 0.142751, -0.956967, 0.0)], [0.396978, -0.0397131, 0.949025, 1.0)]])
0.396978, -0.0397131, 0.949025
float3(-0.14324, 2.88346, -1.59036)
90572.45619025
normal
simd_float4x4([[0.0456164, -0.989586, -0.136521, 0.0)], [-0.967209, -0.00957135, -0.2538, 0.0)], [0.249851, 0.143621, -0.957574, 0.0)], [0.395422, -0.0453623, 1.05471, 1.0)]])
0.395422, -0.0453623, 1.05471
float3(-0.14412, 2.88636, -1.58047)
90572.672978333
normal
simd_float4x4([[0.0081976, -0.995566, -0.0937077, 0.0)], [-0.969945, 0.0148734, -0.242869, 0.0)], [0.243186, 0.0928823, -0.965522, 0.0)], [0.358275, -0.0443243, 1.15664, 1.0)]])
0.358275, -0.0443243, 1.15664
float3(-0.0930164, 2.89486, -1.55586)
90572.873090625
normal
simd_float4x4([[-0.0132441, -0.994998, -0.0990097, 0.0)], [-0.973763, 0.0353313, -0.224805, 0.0)], [0.227179, 0.0934347, -0.96936, 0.0)], [0.317908, -0.0350314, 1.26802, 1.0)]])
0.317908, -0.0350314, 1.26802
float3(-0.0935711, 2.91139, -1.5353)
90573.073202875
normal
simd_float4x4([[-0.00956719, -0.990896, -0.13429, 0.0)], [-0.9744, 0.0394046, -0.221339, 0.0)], [0.224616, 0.128734, -0.965906, 0.0)], [0.286756, -0.0338831, 1.39068, 1.0)]])
0.286756, -0.0338831, 1.39068
float3(-0.129093, 2.91311, -1.53105)
90573.273315083
normal
simd_float4x4([[-0.0110547, -0.991708, -0.128039, 0.0)], [-0.970661, 0.0414011, -0.236861, 0.0)], [0.240198, 0.121664, -0.963069, 0.0)], [0.267913, -0.0442852, 1.51817, 1.0)]])
0.267913, -0.0442852, 1.51817
float3(-0.121966, 2.89717, -1.52907)
90573.473427458
normal
simd_float4x4([[-0.00585055, -0.993285, -0.115543, 0.0)], [-0.958929, 0.03834, -0.281042, 0.0)], [0.283584, 0.109153, -0.952715, 0.0)], [0.253605, -0.0476053, 1.65066, 1.0)]])
0.253605, -0.0476053, 1.65066
float3(-0.109371, 2.85228, -1.53222)
90573.673539708
normal
simd_float4x4([[0.0207597, -0.99127, -0.130205, 0.0)], [-0.946815, 0.0223354, -0.321002, 0.0)], [0.321107, 0.129944, -0.938086, 0.0)], [0.229867, -0.0377201, 1.77065, 1.0)]])
0.229867, -0.0377201, 1.77065
float3(-0.130312, 2.81179, -1.54827)
90573.890328083
normal
simd_float4x4([[0.0273626, -0.992241, -0.12128, 0.0)], [-0.944845, 0.01394, -0.32722, 0.0)], [0.326372, 0.123545, -0.937133, 0.0)], [0.19831, -0.0321752, 1.87895, 1.0)]])
0.19831, -0.0321752, 1.87895
float3(-0.123861, 2.80646, -1.55675)
90574.090440291
normal
simd_float4x4([[0.0314745, -0.991023, -0.129935, 0.0)], [-0.950101, 0.0107004, -0.311757, 0.0)], [0.310349, 0.133264, -0.941235, 0.0)], [0.145925, -0.0413008, 1.98328, 1.0)]])
0.145925, -0.0413008, 1.98328
float3(-0.133662, 2.82309, -1.56)
90574.290552666
normal
simd_float4x4([[0.0179826, -0.991452, -0.129227, 0.0)], [-0.95889, 0.0195087, -0.283107, 0.0)], [0.283209, 0.129006, -0.950342, 0.0)], [0.0816882, -0.0356439, 2.08223, 1.0)]])
0.0816882, -0.0356439, 2.08223
float3(-0.129366, 2.85197, -1.55112)
90574.490664916
normal
simd_float4x4([[-0.00719382, -0.992372, -0.123067, 0.0)], [-0.965768, 0.0388088, -0.256489, 0.0)], [0.259308, 0.117009, -0.958681, 0.0)], [0.0366153, -0.0296267, 2.16349, 1.0)]])
0.0366153, -0.0296267, 2.16349
float3(-0.117277, 2.87743, -1.53171)
90574.690777125
normal
simd_float4x4([[-0.0157127, -0.992408, -0.121978, 0.0)], [-0.968455, 0.0454476, -0.245008, 0.0)], [0.248691, 0.11428, -0.961817, 0.0)], [0.00382958, -0.0251498, 2.23853, 1.0)]])
0.00382958, -0.0251498, 2.23853
float3(-0.114531, 2.88857, -1.52503)
90574.8908895
normal
simd_float4x4([[-0.00972328, -0.991514, -0.129635, 0.0)], [-0.966218, 0.0427059, -0.254165, 0.0)], [0.257544, 0.122784, -0.958434, 0.0)], [-0.0221574, -0.0310047, 2.32413, 1.0)]])
-0.0221574, -0.0310047, 2.32413
float3(-0.123095, 2.87908, -1.52775)
90575.107677916
normal
simd_float4x4([[-0.0183385, -0.994321, -0.104834, 0.0)], [-0.957454, 0.0476671, -0.284622, 0.0)], [0.288003, 0.0951544, -0.95289, 0.0)], [-0.0446982, -0.0349203, 2.43839, 1.0)]])
-0.0446982, -0.0349203, 2.43839
float3(-0.0952986, 2.84808, -1.52289)
90575.307790333
normal
simd_float4x4([[0.00110483, -0.996118, -0.0880206, 0.0)], [-0.946707, 0.0273089, -0.320935, 0.0)], [0.322093, 0.0836843, -0.943002, 0.0)], [-0.0646938, -0.0302333, 2.54888, 1.0)]])
-0.0646938, -0.0302333, 2.54888
float3(-0.0837823, 2.81246, -1.54339)
90575.507902708
normal
simd_float4x4([[0.0234971, -0.993575, -0.110712, 0.0)], [-0.945461, 0.0139035, -0.325438, 0.0)], [0.324887, 0.11232, -0.93906, 0.0)], [-0.083422, -0.0264219, 2.6527, 1.0)]])
-0.083422, -0.0264219, 2.6527
float3(-0.112558, 2.80851, -1.5568)
90575.708015083
normal
simd_float4x4([[0.0345729, -0.992948, -0.113394, 0.0)], [-0.949167, 0.00289675, -0.314759, 0.0)], [0.312868, 0.118512, -0.942374, 0.0)], [-0.116649, -0.0318712, 2.75358, 1.0)]])
-0.116649, -0.0318712, 2.75358
float3(-0.118791, 2.82104, -1.56788)
90575.9081275
normal
simd_float4x4([[0.0192757, -0.993864, -0.108917, 0.0)], [-0.957332, 0.0130708, -0.288694, 0.0)], [0.288346, 0.109835, -0.951206, 0.0)], [-0.162573, -0.0371748, 2.86042, 1.0)]])
-0.162573, -0.0371748, 2.86042
float3(-0.110057, 2.84726, -1.55765)
90576.10824
normal
simd_float4x4([[0.0110492, -0.996513, -0.082703, 0.0)], [-0.964385, 0.011239, -0.264265, 0.0)], [0.264273, 0.0826774, -0.960898, 0.0)], [-0.217251, -0.0233537, 2.96116, 1.0)]])
-0.217251, -0.0233537, 2.96116
float3(-0.0827719, 2.8732, -1.55952)
90576.3083525
normal
simd_float4x4([[0.0168619, -0.993908, -0.108913, 0.0)], [-0.967138, 0.0114253, -0.253995, 0.0)], [0.253692, 0.109617, -0.961054, 0.0)], [-0.256089, -0.0187116, 3.05614, 1.0)]])
-0.256089, -0.0187116, 3.05614
float3(-0.109838, 2.88351, -1.5593)
90576.508464958
normal
simd_float4x4([[0.00591533, -0.993573, -0.113037, 0.0)], [-0.965221, 0.0238721, -0.260341, 0.0)], [0.261367, 0.110646, -0.958877, 0.0)], [-0.280456, -0.024411, 3.1559, 1.0)]])
-0.280456, -0.024411, 3.1559
float3(-0.110873, 2.87548, -1.54677)
90576.725253333
normal
simd_float4x4([[-0.0138248, -0.990723, -0.13519, 0.0)], [-0.954302, 0.0534384, -0.294029, 0.0)], [0.298525, 0.124947, -0.946187, 0.0)], [-0.298438, -0.0376174, 3.29961, 1.0)]])
-0.298438, -0.0376174, 3.29961
float3(-0.125274, 2.83597, -1.51691)
90576.925365958
normal
simd_float4x4([[-0.0141912, -0.993017, -0.117115, 0.0)], [-0.941998, 0.0525562, -0.331478, 0.0)], [0.335318, 0.105618, -0.936166, 0.0)], [-0.315212, -0.0351177, 3.43708, 1.0)]])
-0.315212, -0.0351177, 3.43708
float3(-0.105816, 2.79765, -1.51792)
90577.125478416
normal
simd_float4x4([[0.0135376, -0.991494, -0.129449, 0.0)], [-0.942981, 0.0303993, -0.331455, 0.0)], [0.332571, 0.126555, -0.934548, 0.0)], [-0.345291, -0.0314436, 3.56372, 1.0)]])
-0.345291, -0.0314436, 3.56372
float3(-0.126895, 2.7997, -1.54015)
90577.325590833
normal
simd_float4x4([[0.0277333, -0.990937, -0.131433, 0.0)], [-0.947738, 0.0157413, -0.318662, 0.0)], [0.317843, 0.133401, -0.938712, 0.0)], [-0.392931, -0.0376672, 3.69296, 1.0)]])
-0.392931, -0.0376672, 3.69296
float3(-0.1338, 2.81511, -1.55491)
90577.542379458
normal
simd_float4x4([[-0.0109433, -0.992848, -0.118881, 0.0)], [-0.96445, 0.0418732, -0.260928, 0.0)], [0.26404, 0.1118, -0.95801, 0.0)], [-0.452193, -0.0399088, 3.83681, 1.0)]])
-0.452193, -0.0399088, 3.83681
float3(-0.112034, 2.87266, -1.52865)
90577.742491958
normal
simd_float4x4([[-0.0138751, -0.990791, -0.134687, 0.0)], [-0.97331, 0.0442424, -0.22519, 0.0)], [0.229075, 0.127968, -0.964961, 0.0)], [-0.509356, -0.0327981, 3.95891, 1.0)]])
-0.509356, -0.0327981, 3.95891
float3(-0.12832, 2.90851, -1.52617)
90577.942604416
normal
simd_float4x4([[-0.040438, -0.990712, -0.129824, 0.0)], [-0.973552, 0.0683066, -0.218017, 0.0)], [0.22486, 0.117574, -0.967272, 0.0)], [-0.546906, -0.0300714, 4.07657, 1.0)]])
-0.546906, -0.0300714, 4.07657
float3(-0.117847, 2.91318, -1.50196)
90578.142716916
normal
simd_float4x4([[-0.0294366, -0.99439, -0.101599, 0.0)], [-0.968514, 0.0535127, -0.243138, 0.0)], [0.247211, 0.0912432, -0.964656, 0.0)], [-0.578546, -0.038835, 4.2025, 1.0)]])
-0.578546, -0.038835, 4.2025
float3(-0.0913702, 2.89072, -1.51703)
90578.359505625
normal
simd_float4x4([[-0.00681449, -0.998382, -0.0564468, 0.0)], [-0.959026, 0.0225134, -0.28242, 0.0)], [0.283234, 0.0522094, -0.957629, 0.0)], [-0.598117, -0.0425571, 4.3519, 1.0)]])
-0.598117, -0.0425571, 4.3519
float3(-0.0522331, 2.85402, -1.54825)
90578.576294125
normal
simd_float4x4([[0.0310335, -0.997749, -0.059453, 0.0)], [-0.956482, -0.0123786, -0.291529, 0.0)], [0.290137, 0.0659129, -0.954713, 0.0)], [-0.620557, -0.0354499, 4.48725, 1.0)]])
-0.620557, -0.0354499, 4.48725
float3(-0.0659607, 2.84656, -1.5832)
90578.776406791
normal
simd_float4x4([[0.0369791, -0.997508, -0.0600835, 0.0)], [-0.960802, -0.0189585, -0.276587, 0.0)], [0.274759, 0.0679562, -0.959109, 0.0)], [-0.650106, -0.0357853, 4.60779, 1.0)]])
-0.650106, -0.0357853, 4.60779
float3(-0.0680087, 2.86259, -1.5898)
90578.976519291
normal
simd_float4x4([[0.00985703, -0.998387, -0.0559135, 0.0)], [-0.966998, 0.00471936, -0.254741, 0.0)], [0.254594, 0.0565793, -0.965391, 0.0)], [-0.691056, -0.0386181, 4.73118, 1.0)]])
-0.691056, -0.0386181, 4.73118
float3(-0.0566095, 2.88374, -1.56607)
90579.193308
normal
simd_float4x4([[-0.0174013, -0.998189, -0.0575838, 0.0)], [-0.971451, 0.0305076, -0.235272, 0.0)], [0.236602, 0.0518458, -0.970222, 0.0)], [-0.739032, -0.0278591, 4.85991, 1.0)]])
-0.739032, -0.0278591, 4.85991
float3(-0.051869, 2.9024, -1.54024)
90579.393420541
normal
simd_float4x4([[-0.0286681, -0.996488, -0.0786773, 0.0)], [-0.972684, 0.0459485, -0.227539, 0.0)], [0.230355, 0.0700051, -0.970585, 0.0)], [-0.768782, -0.0252259, 4.97649, 1.0)]])
-0.768782, -0.0252259, 4.97649
float3(-0.0700624, 2.90857, -1.52472)
90579.593533083
normal
simd_float4x4([[-0.0226582, -0.995932, -0.0872075, 0.0)], [-0.966332, 0.0441802, -0.253477, 0.0)], [0.256299, 0.078528, -0.963402, 0.0)], [-0.794626, -0.0356418, 5.10336, 1.0)]])
-0.794626, -0.0356418, 5.10336
float3(-0.078609, 2.88158, -1.52646)
90579.793645708
normal
simd_float4x4([[-0.0123509, -0.998155, -0.0594508, 0.0)], [-0.954547, 0.029477, -0.2966, 0.0)], [0.297805, 0.0530853, -0.953149, 0.0)], [-0.810495, -0.0360068, 5.22447, 1.0)]])
-0.810495, -0.0360068, 5.22447
float3(-0.0531102, 2.83876, -1.54127)
90579.993758375
normal
simd_float4x4([[0.0267209, -0.998669, -0.0441062, 0.0)], [-0.947651, -0.0112624, -0.319108, 0.0)], [0.318187, 0.0503242, -0.946691, 0.0)], [-0.835308, -0.0251193, 5.3344, 1.0)]])
-0.835308, -0.0251193, 5.3344
float3(-0.0503454, 2.81735, -1.58207)
90580.210547
normal
simd_float4x4([[0.0350669, -0.998283, -0.0469207, 0.0)], [-0.94979, -0.0186835, -0.31233, 0.0)], [0.310917, 0.0555172, -0.948814, 0.0)], [-0.871869, -0.0282642, 5.45696, 1.0)]])
-0.871869, -0.0282642, 5.45696
float3(-0.0555458, 2.82493, -1.58951)
90580.427335833
normal
simd_float4x4([[0.0183231, -0.998985, -0.0411461, 0.0)], [-0.958631, -0.00586127, -0.28459, 0.0)], [0.28406, 0.0446585, -0.957766, 0.0)], [-0.926314, -0.032141, 5.57324, 1.0)]])
-0.926314, -0.032141, 5.57324
float3(-0.0446734, 2.85327, -1.57666)
90580.644124666
normal
simd_float4x4([[-0.012502, -0.999348, -0.033855, 0.0)], [-0.965967, 0.0208187, -0.257824, 0.0)], [0.258361, 0.0294795, -0.965599, 0.0)], [-0.980617, -0.0199404, 5.67772, 1.0)]])
-0.980617, -0.0199404, 5.67772
float3(-0.0294838, 2.88015, -1.54997)
90580.844237291
normal
simd_float4x4([[-0.00569672, -0.997223, -0.0742489, 0.0)], [-0.965707, 0.0247598, -0.25845, 0.0)], [0.259571, 0.0702304, -0.963167, 0.0)], [-1.02476, -0.0214937, 5.76763, 1.0)]])
-1.02476, -0.0214937, 5.76763
float3(-0.0702882, 2.87835, -1.54597)
90581.044349875
normal
simd_float4x4([[-0.00459069, -0.997191, -0.0747628, 0.0)], [-0.960436, 0.0252159, -0.277357, 0.0)], [0.278463, 0.0705316, -0.957854, 0.0)], [-1.0584, -0.0282142, 5.86143, 1.0)]])
-1.0584, -0.0282142, 5.86143
float3(-0.0705902, 2.85868, -1.54551)
90581.244462708
normal
simd_float4x4([[-0.00874702, -0.997942, -0.0635281, 0.0)], [-0.948662, 0.0283688, -0.315017, 0.0)], [0.316171, 0.0575112, -0.946958, 0.0)], [-1.07751, -0.0372167, 5.96315, 1.0)]])
-1.07751, -0.0372167, 5.96315
float3(-0.057543, 2.81935, -1.54238)
90581.444575208
normal
simd_float4x4([[0.0018454, -0.99934, -0.0362847, 0.0)], [-0.938468, 0.0108007, -0.345197, 0.0)], [0.345361, 0.0346891, -0.937828, 0.0)], [-1.08795, -0.0321438, 6.05714, 1.0)]])
-1.08795, -0.0321438, 6.05714
float3(-0.034696, 2.78875, -1.55999)
90581.644688166
normal
simd_float4x4([[0.0206437, -0.998124, -0.0576402, 0.0)], [-0.934415, 0.00124312, -0.356184, 0.0)], [0.355587, 0.0612128, -0.932636, 0.0)], [-1.10142, -0.0265092, 6.14156, 1.0)]])
-1.10142, -0.0265092, 6.14156
float3(-0.0612511, 2.77734, -1.56955)
90581.861476875
normal
simd_float4x4([[0.0320558, -0.998341, -0.0478376, 0.0)], [-0.940732, -0.0139687, -0.338863, 0.0)], [0.337633, 0.0558649, -0.939619, 0.0)], [-1.1245, -0.0209783, 6.20766, 1.0)]])
-1.1245, -0.0209783, 6.20766
float3(-0.055894, 2.79663, -1.58479)
90582.061589625
normal
simd_float4x4([[0.0130563, -0.999319, -0.0345123, 0.0)], [-0.953787, -0.00208415, -0.300477, 0.0)], [0.300201, 0.0368405, -0.953164, 0.0)], [-1.14789, -0.0161739, 6.25634, 1.0)]])
-1.14789, -0.0161739, 6.25634
float3(-0.0368488, 2.83648, -1.57288)
90582.261702333
normal
simd_float4x4([[-0.00282665, -0.999746, -0.0223444, 0.0)], [-0.965214, 0.00856956, -0.261321, 0.0)], [0.261446, 0.0208284, -0.964993, 0.0)], [-1.17798, -0.00893481, 6.29381, 1.0)]])
-1.17798, -0.00893481, 6.29381
float3(-0.0208299, 2.87701, -1.56222)
90582.461815125
normal
simd_float4x4([[-0.0105512, -0.999782, -0.0180133, 0.0)], [-0.970575, 0.0145736, -0.240356, 0.0)], [0.240566, 0.0149472, -0.970518, 0.0)], [-1.20571, -0.00610486, 6.3276, 1.0)]])
-1.20571, -0.00610486, 6.3276
float3(-0.0149478, 2.89862, -1.55622)
90582.678603833
normal
simd_float4x4([[-0.00893403, -0.999565, -0.028096, 0.0)], [-0.973907, 0.0150696, -0.226444, 0.0)], [0.226769, 0.0253398, -0.973619, 0.0)], [-1.22556, -0.00952841, 6.35251, 1.0)]])
-1.22556, -0.00952841, 6.35251
float3(-0.0253425, 2.91276, -1.55572)
90582.878716666
normal
simd_float4x4([[-0.00771791, -0.999765, -0.0202754, 0.0)], [-0.974538, 0.0120638, -0.223896, 0.0)], [0.224088, 0.0180312, -0.974402, 0.0)], [-1.23657, -0.0101878, 6.36474, 1.0)]])
-1.23657, -0.0101878, 6.36474
float3(-0.0180322, 2.91555, -1.55873)
90583.078829458
normal
simd_float4x4([[-0.00396325, -0.999821, -0.0185135, 0.0)], [-0.974208, 0.00803742, -0.225509, 0.0)], [0.225617, 0.0171422, -0.974065, 0.0)], [-1.24231, -0.00997055, 6.37068, 1.0)]])
-1.24231, -0.00997055, 6.37068
float3(-0.017143, 2.91398, -1.56276)
90583.278942166
normal
simd_float4x4([[-0.00528278, -0.99983, -0.0176906, 0.0)], [-0.973264, 0.00920316, -0.229503, 0.0)], [0.229627, 0.0160052, -0.973147, 0.0)], [-1.24469, -0.0112535, 6.37538, 1.0)]])
-1.24469, -0.0112535, 6.37538
float3(-0.0160059, 2.90987, -1.56159)
90583.479055041
normal
simd_float4x4([[-0.00733683, -0.999789, -0.0192003, 0.0)], [-0.972793, 0.0115824, -0.231387, 0.0)], [0.23156, 0.0169803, -0.972672, 0.0)], [-1.24413, -0.00981782, 6.36607, 1.0)]])
-1.24413, -0.00981782, 6.36607
float3(-0.0169811, 2.90788, -1.55921)
90583.679167833
normal
simd_float4x4([[-0.00611897, -0.999854, -0.0159392, 0.0)], [-0.972956, 0.00963348, -0.230789, 0.0)], [0.230909, 0.0140959, -0.972873, 0.0)], [-1.2396, -0.010199, 6.35929, 1.0)]])
-1.2396, -0.010199, 6.35929
float3(-0.0140964, 2.90856, -1.56116)
90583.879280833
normal
simd_float4x4([[-0.00696382, -0.999917, -0.0108368, 0.0)], [-0.973381, 0.00926093, -0.229007, 0.0)], [0.229088, 0.0089536, -0.973364, 0.0)], [-1.237, -0.00795958, 6.35551, 1.0)]])
-1.237, -0.00795958, 6.35551
float3(-0.00895372, 2.91044, -1.56153)
90584.0960695
normal
simd_float4x4([[-0.0103297, -0.999868, -0.0125223, 0.0)], [-0.973849, 0.0129017, -0.226831, 0.0)], [0.226963, 0.00985177, -0.973854, 0.0)], [-1.23335, -0.00728296, 6.35523, 1.0)]])
-1.23335, -0.00728296, 6.35523
float3(-0.00985193, 2.91262, -1.55789)
90584.296182375
normal
simd_float4x4([[-0.0106984, -0.999826, -0.0152752, 0.0)], [-0.973897, 0.0138824, -0.226564, 0.0)], [0.226737, 0.0124526, -0.973876, 0.0)], [-1.22887, -0.00669473, 6.35879, 1.0)]])
-1.22887, -0.00669473, 6.35879
float3(-0.0124529, 2.91285, -1.55691)
90584.496295333
normal
simd_float4x4([[-0.0104913, -0.999798, -0.0171523, 0.0)], [-0.973758, 0.014115, -0.227146, 0.0)], [0.227343, 0.0143191, -0.97371, 0.0)], [-1.23074, -0.00552763, 6.3566, 1.0)]])
-1.23074, -0.00552763, 6.3566
float3(-0.0143196, 2.91222, -1.55668)
90584.696408125
normal
simd_float4x4([[-0.00934069, -0.999845, -0.0149022, 0.0)], [-0.973868, 0.0124779, -0.226773, 0.0)], [0.226924, 0.0123946, -0.973834, 0.0)], [-1.22872, -0.00381457, 6.35982, 1.0)]])
-1.22872, -0.00381457, 6.35982
float3(-0.0123949, 2.91266, -1.55832)
90584.896521083
normal
simd_float4x4([[-0.0113812, -0.999877, -0.0107928, 0.0)], [-0.973676, 0.013539, -0.227534, 0.0)], [0.227652, 0.00791908, -0.97371, 0.0)], [-1.22637, -0.00491866, 6.35566, 1.0)]])
-1.22637, -0.00491866, 6.35566
float3(-0.00791917, 2.91192, -1.55726)
90585.096633916
normal
simd_float4x4([[-0.00963944, -0.999875, -0.0125048, 0.0)], [-0.974658, 0.0121899, -0.223368, 0.0)], [0.223493, 0.0100348, -0.974654, 0.0)], [-1.22923, -0.00748635, 6.35836, 1.0)]])
-1.22923, -0.00748635, 6.35836
float3(-0.0100349, 2.91618, -1.55861)
90585.29674675
normal
simd_float4x4([[-0.0212138, -0.99977, -0.00298688, 0.0)], [-0.978404, 0.0213747, -0.205595, 0.0)], [0.205612, -0.00143909, -0.978633, 0.0)], [-1.241, -0.0047078, 6.36622, 1.0)]])
-1.241, -0.0047078, 6.36622
float3(0.00143909, 2.9345, -1.54942)
90585.496859625
normal
simd_float4x4([[-0.0231739, -0.999613, -0.0153679, 0.0)], [-0.978153, 0.0258476, -0.206272, 0.0)], [0.20659, 0.010252, -0.978374, 0.0)], [-1.2574, -0.0109921, 6.39367, 1.0)]])
-1.2574, -0.0109921, 6.39367
float3(-0.0102522, 2.93349, -1.54494)
90585.713648625
normal
simd_float4x4([[-0.0373887, -0.998549, -0.0387622, 0.0)], [-0.973843, 0.0451086, -0.2227, 0.0)], [0.224125, 0.0294219, -0.974116, 0.0)], [-1.26755, -0.0149543, 6.44447, 1.0)]])
-1.26755, -0.0149543, 6.44447
float3(-0.0294261, 2.91545, -1.52565)
90585.930437625
normal
simd_float4x4([[-0.0503247, -0.997803, -0.0430984, 0.0)], [-0.963029, 0.0599156, -0.26265, 0.0)], [0.264656, 0.0282872, -0.963928, 0.0)], [-1.27779, -0.0205226, 6.52197, 1.0)]])
-1.27779, -0.0205226, 6.52197
float3(-0.028291, 2.87364, -1.51082)
90586.147226666
normal
simd_float4x4([[-0.05517, -0.998441, -0.00847583, 0.0)], [-0.950133, 0.0551063, -0.306938, 0.0)], [0.306926, -0.00888056, -0.951692, 0.0)], [-1.28291, -0.0150725, 6.60907, 1.0)]])
-1.28291, -0.0150725, 6.60907
float3(0.00888068, 2.82962, -1.51566)
90586.347339708
normal
simd_float4x4([[-0.0269992, -0.999354, 0.0237028, 0.0)], [-0.945935, 0.0178746, -0.323862, 0.0)], [0.323229, -0.0311654, -0.945807, 0.0)], [-1.28579, -0.00736108, 6.68632, 1.0)]])
-1.28579, -0.00736108, 6.68632
float3(0.0311704, 2.81229, -1.55291)
90586.547452583
normal
simd_float4x4([[-0.0069773, -0.999893, 0.0128639, 0.0)], [-0.945288, 0.00239924, -0.326229, 0.0)], [0.326163, -0.0144363, -0.945203, 0.0)], [-1.29483, -0.00488025, 6.75697, 1.0)]])
-1.29483, -0.00488025, 6.75697
float3(0.0144368, 2.80931, -1.5684)
90586.764241625
normal
simd_float4x4([[-0.00824079, -0.999868, 0.0139943, 0.0)], [-0.94754, 0.00333608, -0.319619, 0.0)], [0.31953, -0.0158941, -0.947443, 0.0)], [-1.31739, -0.005658, 6.83116, 1.0)]])
-1.31739, -0.005658, 6.83116
float3(0.0158947, 2.81632, -1.56746)
90586.964354541
normal
simd_float4x4([[-0.0228123, -0.999494, 0.0221517, 0.0)], [-0.954614, 0.0151954, -0.297459, 0.0)], [0.296972, -0.027932, -0.954478, 0.0)], [-1.35517, -0.0100548, 6.908, 1.0)]])
-1.35517, -0.0100548, 6.908
float3(0.0279357, 2.83995, -1.55559)
90587.181143541
normal
simd_float4x4([[-0.0272562, -0.999354, 0.0234117, 0.0)], [-0.962733, 0.0199387, -0.269719, 0.0)], [0.269078, -0.0298907, -0.962654, 0.0)], [-1.41009, -0.00341085, 6.99544, 1.0)]])
-1.41009, -0.00341085, 6.99544
float3(0.0298952, 2.86903, -1.55085)
90587.381256541
normal
simd_float4x4([[-0.0556886, -0.997373, 0.0463315, 0.0)], [-0.965188, 0.0418982, -0.258179, 0.0)], [0.25556, -0.0590962, -0.964985, 0.0)], [-1.44977, 0.00451869, 7.05361, 1.0)]])
-1.44977, 0.00451869, 7.05361
float3(0.0591307, 2.8827, -1.52881)
90587.581369375
normal
simd_float4x4([[-0.064235, -0.997634, 0.0244777, 0.0)], [-0.965038, 0.0558529, -0.256089, 0.0)], [0.254116, -0.0400718, -0.966343, 0.0)], [-1.47409, 0.00521211, 7.11417, 1.0)]])
-1.47409, 0.00521211, 7.11417
float3(0.0400825, 2.88445, -1.51487)
90587.781482416
normal
simd_float4x4([[-0.0561833, -0.998222, 0.0199109, 0.0)], [-0.968039, 0.0495806, -0.245851, 0.0)], [0.244427, -0.0330873, -0.969103, 0.0)], [-1.48741, -0.000260621, 7.1817, 1.0)]])
-1.48741, -0.000260621, 7.1817
float3(0.0330933, 2.89453, -1.52117)
90587.981595458
normal
simd_float4x4([[-0.052633, -0.998539, 0.0122256, 0.0)], [-0.963379, 0.0475487, -0.263894, 0.0)], [0.262928, -0.0256674, -0.964474, 0.0)], [-1.49573, -0.0073178, 7.2709, 1.0)]])
-1.49573, -0.0073178, 7.2709
float3(0.0256702, 2.87545, -1.52321)
90588.181708291
normal
simd_float4x4([[-0.0550203, -0.997341, 0.0477939, 0.0)], [-0.954499, 0.0384855, -0.295721, 0.0)], [0.293095, -0.0618898, -0.954078, 0.0)], [-1.49693, -0.00033614, 7.35714, 1.0)]])
-1.49693, -0.00033614, 7.35714
float3(0.0619294, 2.84354, -1.53223)
90588.381821208
normal
simd_float4x4([[-0.0425518, -0.997411, 0.0579768, 0.0)], [-0.952151, 0.0229057, -0.304767, 0.0)], [0.30265, -0.0681711, -0.950661, 0.0)], [-1.49324, 0.00257932, 7.43483, 1.0)]])
-1.49324, 0.00257932, 7.43483
float3(0.068224, 2.83338, -1.54784)
90588.598610416
normal
simd_float4x4([[-0.0399302, -0.998326, 0.0418284, 0.0)], [-0.954518, 0.0257325, -0.297039, 0.0)], [0.295466, -0.0517868, -0.953949, 0.0)], [-1.50068, 0.00690097, 7.51369, 1.0)]])
-1.50068, 0.00690097, 7.51369
float3(0.05181, 2.84123, -1.54503)
90588.798723375
normal
simd_float4x4([[-0.0444454, -0.99863, 0.0276098, 0.0)], [-0.959736, 0.0350086, -0.278712, 0.0)], [0.277364, -0.0388856, -0.959978, 0.0)], [-1.52112, 0.00121792, 7.5943, 1.0)]])
-1.52112, 0.00121792, 7.5943
float3(0.0388954, 2.86033, -1.53575)
90588.998836375
normal
