ARKit Data
1197095.89335767
limited(__ObjC.ARCamera.TrackingState.Reason.initializing)
simd_float4x4([[-0.337968, -0.937514, -0.0826965, 0.0)], [-0.0719098, -0.0618876, 0.995489, 0.0)], [-0.938403, 0.34239, -0.0465014, 0.0)], [25.0556, -1.03314, -1.35327, 1.0)]])
25.0556, -1.03314, -1.35327
float3(-0.34946, -1.62031, -1.63671)
1197096.21336746
notAvailable
simd_float4x4([[1.0, 0.0, 0.0, 0.0)], [0.0, 1.0, 0.0, 0.0)], [0.0, 0.0, 1.0, 0.0)], [0.0, 0.0, 0.0, 1.0)]])
0.0, 0.0, 0.0
float3(-0.0, 0.0, 0.0)
1197096.4133695
limited(__ObjC.ARCamera.TrackingState.Reason.initializing)
simd_float4x4([[-0.00895879, -0.959629, 0.281126, 0.0)], [0.999948, -0.00996547, -0.00215148, 0.0)], [0.00486618, 0.281092, 0.959668, 0.0)], [0.0, 0.0, 0.0, 1.0)]])
0.0, 0.0, 0.0
float3(-0.284932, 0.00507064, -1.58118)
1197096.61347113
limited(__ObjC.ARCamera.TrackingState.Reason.initializing)
simd_float4x4([[-0.00867819, -0.96058, 0.277863, 0.0)], [0.999874, -0.0120272, -0.0103506, 0.0)], [0.0132845, 0.277738, 0.960564, 0.0)], [0.0, 0.0, 0.0, 1.0)]])
0.0, 0.0, 0.0
float3(-0.281439, 0.0138291, -1.58332)
1197096.81357262
limited(__ObjC.ARCamera.TrackingState.Reason.initializing)
simd_float4x4([[-0.0162881, -0.965374, 0.260353, 0.0)], [0.999763, -0.0119555, 0.0182162, 0.0)], [-0.0144728, 0.260588, 0.965339, 0.0)], [0.0, 0.0, 0.0, 1.0)]])
0.0, 0.0, 0.0
float3(-0.263631, -0.0149913, -1.58318)
1197097.01367408
limited(__ObjC.ARCamera.TrackingState.Reason.initializing)
simd_float4x4([[-0.0289039, -0.971019, 0.237237, 0.0)], [0.994941, -0.00510246, 0.100336, 0.0)], [-0.0962175, 0.238937, 0.966254, 0.0)], [0.0, 0.0, 0.0, 1.0)]])
0.0, 0.0, 0.0
float3(-0.241271, -0.0992507, -1.57605)
1197097.21377546
limited(__ObjC.ARCamera.TrackingState.Reason.initializing)
simd_float4x4([[-0.0506874, -0.97486, 0.216967, 0.0)], [0.975754, -0.00202458, 0.218859, 0.0)], [-0.212918, 0.2228, 0.951326, 0.0)], [0.0, 0.0, 0.0, 1.0)]])
0.0, 0.0, 0.0
float3(-0.224686, -0.220183, -1.57287)
1197097.41386592
limited(__ObjC.ARCamera.TrackingState.Reason.initializing)
simd_float4x4([[-0.0732311, -0.977507, 0.197765, 0.0)], [0.944151, -0.00407286, 0.329487, 0.0)], [-0.321272, 0.210849, 0.923213, 0.0)], [0.0, 0.0, 0.0, 1.0)]])
0.0, 0.0, 0.0
float3(-0.212443, -0.334886, -1.57496)
1197097.63049892
limited(__ObjC.ARCamera.TrackingState.Reason.initializing)
simd_float4x4([[-0.0891862, -0.980089, 0.177389, 0.0)], [0.9025, -0.00417905, 0.430669, 0.0)], [-0.421354, 0.198503, 0.884902, 0.0)], [0.0, 0.0, 0.0, 1.0)]])
0.0, 0.0, 0.0
float3(-0.199831, -0.444393, -1.57506)
1197097.84713188
limited(__ObjC.ARCamera.TrackingState.Reason.initializing)
simd_float4x4([[-0.0984176, -0.983001, 0.154977, 0.0)], [0.85373, -0.00338334, 0.520704, 0.0)], [-0.51133, 0.183556, 0.83955, 0.0)], [0.0, 0.0, 0.0, 1.0)]])
0.0, 0.0, 0.0
float3(-0.184603, -0.547049, -1.57424)
1197098.06376467
limited(__ObjC.ARCamera.TrackingState.Reason.initializing)
simd_float4x4([[-0.105588, -0.984808, 0.137839, 0.0)], [0.8044, -0.00309643, 0.59408, 0.0)], [-0.584629, 0.173606, 0.792505, 0.0)], [0.0, 0.0, 0.0, 1.0)]])
0.0, 0.0, 0.0
float3(-0.17449, -0.635581, -1.57394)
1197098.28039758
limited(__ObjC.ARCamera.TrackingState.Reason.initializing)
simd_float4x4([[-0.110517, -0.985621, 0.127799, 0.0)], [0.756812, -0.000110477, 0.653631, 0.0)], [-0.644221, 0.168958, 0.745941, 0.0)], [0.0, 0.0, 0.0, 1.0)]])
0.0, 0.0, 0.0
float3(-0.169772, -0.712357, -1.57091)
1197098.49703054
limited(__ObjC.ARCamera.TrackingState.Reason.initializing)
simd_float4x4([[-0.116054, -0.986191, 0.11813, 0.0)], [0.720471, -0.00171772, 0.693482, 0.0)], [-0.683705, 0.165592, 0.71072, 0.0)], [0.0, 0.0, 0.0, 1.0)]])
0.0, 0.0, 0.0
float3(-0.166358, -0.766027, -1.57254)
1197098.71366363
limited(__ObjC.ARCamera.TrackingState.Reason.initializing)
simd_float4x4([[-0.118752, -0.98645, 0.113187, 0.0)], [0.707728, -0.00413811, 0.706472, 0.0)], [-0.696432, 0.164001, 0.698629, 0.0)], [0.0, 0.0, 0.0, 1.0)]])
0.0, 0.0, 0.0
float3(-0.164746, -0.783823, -1.57499)
1197098.93029654
limited(__ObjC.ARCamera.TrackingState.Reason.initializing)
simd_float4x4([[-0.113033, -0.987151, 0.112938, 0.0)], [0.733094, -0.00613415, 0.6801, 0.0)], [-0.670669, 0.159668, 0.724367, 0.0)], [0.0, 0.0, 0.0, 1.0)]])
0.0, 0.0, 0.0
float3(-0.160354, -0.746925, -1.57701)
1197099.14692988
limited(__ObjC.ARCamera.TrackingState.Reason.initializing)
simd_float4x4([[-0.09311, -0.98811, 0.122337, 0.0)], [0.795306, 0.000111133, 0.606208, 0.0)], [-0.599014, 0.153739, 0.78584, 0.0)], [0.0, 0.0, 0.0, 1.0)]])
0.0, 0.0, 0.0
float3(-0.154352, -0.651302, -1.57068)
1197099.36356271
limited(__ObjC.ARCamera.TrackingState.Reason.initializing)
simd_float4x4([[-0.0758044, -0.989642, 0.121906, 0.0)], [0.870266, -0.00598806, 0.492546, 0.0)], [-0.486715, 0.143428, 0.861705, 0.0)], [0.0, 0.0, 0.0, 1.0)]])
0.0, 0.0, 0.0
float3(-0.143924, -0.514156, -1.57685)
1197099.58019592
limited(__ObjC.ARCamera.TrackingState.Reason.initializing)
simd_float4x4([[-0.0598613, -0.989823, 0.129092, 0.0)], [0.924699, -0.00627913, 0.380648, 0.0)], [-0.375964, 0.142157, 0.915664, 0.0)], [0.0, 0.0, 0.0, 1.0)]])
0.0, 0.0, 0.0
float3(-0.142641, -0.389604, -1.57714)
1197099.79682904
limited(__ObjC.ARCamera.TrackingState.Reason.initializing)
simd_float4x4([[-0.0453813, -0.989168, 0.139593, 0.0)], [0.96398, -0.0067032, 0.26589, 0.0)], [-0.262074, 0.146631, 0.953842, 0.0)], [0.0, 0.0, 0.0, 1.0)]])
0.0, 0.0, 0.0
float3(-0.147162, -0.26814, -1.57757)
1197100.01346217
limited(__ObjC.ARCamera.TrackingState.Reason.initializing)
simd_float4x4([[-0.0322766, -0.988024, 0.150876, 0.0)], [0.986124, -0.00688565, 0.16587, 0.0)], [-0.162845, 0.154136, 0.974536, 0.0)], [0.0, 0.0, 0.0, 1.0)]])
0.0, 0.0, 0.0
float3(-0.154753, -0.16557, -1.57777)
1197100.23009521
normal
simd_float4x4([[-0.0213594, -0.982446, 0.185322, 0.0)], [0.9953, -0.00338221, 0.096784, 0.0)], [-0.0944582, 0.186518, 0.9779, 0.0)], [-0.0240541, -0.0118871, -0.00708775, 1.0)]])
-0.0240541, -0.0118871, -0.00708775
float3(-0.187617, -0.0962942, -1.57424)
1197100.44673937
normal
simd_float4x4([[-0.0194801, -0.956715, 0.290374, 0.0)], [0.997315, 0.00191054, 0.0732009, 0.0)], [-0.0705871, 0.291021, 0.954109, 0.0)], [-0.0189811, -0.0393435, -0.025287, 1.0)]])
-0.0189811, -0.0393435, -0.025287
float3(-0.295293, -0.0738477, -1.5688)
1197100.64684117
normal
simd_float4x4([[-0.0496477, -0.955866, 0.289576, 0.0)], [0.992131, -0.013833, 0.124439, 0.0)], [-0.114941, 0.293476, 0.949031, 0.0)], [0.00743001, -0.0447574, -0.0283456, 1.0)]])
0.00743001, -0.0447574, -0.0283456
float3(-0.297861, -0.120527, -1.58527)
1197100.84694304
normal
simd_float4x4([[-0.08682, -0.965833, 0.24419, 0.0)], [0.968862, -0.0248072, 0.246353, 0.0)], [-0.231879, 0.257975, 0.937913, 0.0)], [0.0490208, -0.0371038, -0.0113422, 1.0)]])
0.0490208, -0.0371038, -0.0113422
float3(-0.260926, -0.242368, -1.59648)
1197101.04704492
normal
simd_float4x4([[-0.112527, -0.975667, 0.188181, 0.0)], [0.922762, -0.0323598, 0.384009, 0.0)], [-0.368576, 0.216858, 0.90395, 0.0)], [0.0909716, -0.0274416, 0.0177697, 1.0)]])
0.0909716, -0.0274416, 0.0177697
float3(-0.218594, -0.38716, -1.60395)
1197101.24705838
normal
simd_float4x4([[-0.125288, -0.980343, 0.152416, 0.0)], [0.873324, -0.0360822, 0.485802, 0.0)], [-0.470753, 0.193973, 0.860678, 0.0)], [0.123543, -0.0224691, 0.0410109, 1.0)]])
0.123543, -0.0224691, 0.0410109
float3(-0.195211, -0.500503, -1.60759)
1197101.4636915
normal
simd_float4x4([[-0.123163, -0.983872, 0.129719, 0.0)], [0.838371, -0.0332133, 0.544088, 0.0)], [-0.531004, 0.175764, 0.82894, 0.0)], [0.14114, -0.0172764, 0.0544816, 1.0)]])
0.14114, -0.0172764, 0.0544816
float3(-0.176682, -0.569726, -1.60454)
1197101.68032492
normal
simd_float4x4([[-0.116911, -0.987524, 0.105489, 0.0)], [0.821415, -0.0364465, 0.569165, 0.0)], [-0.55822, 0.153192, 0.815428, 0.0)], [0.113435, -0.0261887, 0.0162587, 1.0)]])
0.113435, -0.0261887, 0.0162587
float3(-0.153797, -0.600297, -1.60769)
1197101.89695825
normal
simd_float4x4([[-0.108746, -0.989919, 0.0907481, 0.0)], [0.823941, -0.0386857, 0.565354, 0.0)], [-0.556144, 0.136251, 0.819841, 0.0)], [0.110398, -0.023217, 0.00986547, 1.0)]])
0.110398, -0.023217, 0.00986547
float3(-0.136676, -0.596051, -1.60986)
1197102.1135915
normal
simd_float4x4([[-0.10138, -0.99108, 0.0865074, 0.0)], [0.841377, -0.0390162, 0.539038, 0.0)], [-0.530854, 0.127433, 0.837828, 0.0)], [0.105261, -0.0238104, 0.00217922, 1.0)]])
0.105261, -0.0238104, 0.00217922
float3(-0.12778, -0.564765, -1.61014)
1197102.33022479
normal
simd_float4x4([[-0.0978908, -0.990865, 0.0927552, 0.0)], [0.870903, -0.0401882, 0.489809, 0.0)], [-0.481607, 0.128729, 0.866881, 0.0)], [0.0977149, -0.0243071, -0.00603717, 1.0)]])
0.0977149, -0.0243071, -0.00603717
float3(-0.129087, -0.507104, -1.61133)
1197102.54685817
normal
simd_float4x4([[-0.0936295, -0.991196, 0.0936125, 0.0)], [0.903883, -0.0452068, 0.425384, 0.0)], [-0.417407, 0.124443, 0.900158, 0.0)], [0.0943947, -0.025682, -0.0141199, 1.0)]])
0.0943947, -0.025682, -0.0141199
float3(-0.124767, -0.434192, -1.61637)
1197102.76349146
normal
simd_float4x4([[-0.0840933, -0.991568, 0.0985989, 0.0)], [0.941328, -0.0465944, 0.334262, 0.0)], [-0.326849, 0.120923, 0.937309, 0.0)], [0.0888978, -0.0262551, -0.0234058, 1.0)]])
0.0888978, -0.0262551, -0.0234058
float3(-0.12122, -0.335525, -1.61775)
1197102.98012483
normal
simd_float4x4([[-0.0666043, -0.992454, 0.102952, 0.0)], [0.980334, -0.04588, 0.191939, 0.0)], [-0.185767, 0.113712, 0.975992, 0.0)], [0.0767453, -0.0270512, -0.0337667, 1.0)]])
0.0767453, -0.0270512, -0.0337667
float3(-0.113958, -0.188087, -1.61699)
1197103.19675825
normal
simd_float4x4([[-0.0451317, -0.992917, 0.109901, 0.0)], [0.998546, -0.0415915, 0.0342955, 0.0)], [-0.0294817, 0.111289, 0.993351, 0.0)], [0.0579075, -0.0285512, -0.0451768, 1.0)]])
0.0579075, -0.0285512, -0.0451768
float3(-0.11152, -0.0296703, -1.61266)
1197103.41339158
normal
simd_float4x4([[-0.0275082, -0.991987, 0.123312, 0.0)], [0.994897, -0.0391484, -0.0929907, 0.0)], [0.097073, 0.120124, 0.988002, 0.0)], [0.038294, -0.0348091, -0.0642174, 1.0)]])
0.038294, -0.0348091, -0.0642174
float3(-0.120415, 0.0979375, -1.61024)
1197103.63002504
normal
simd_float4x4([[0.0096379, -0.987452, 0.157626, 0.0)], [0.98207, -0.0203314, -0.187415, 0.0)], [0.188268, 0.156606, 0.969551, 0.0)], [0.00325912, -0.0433731, -0.118136, 1.0)]])
0.00325912, -0.0433731, -0.118136
float3(-0.157253, 0.191794, -1.59138)
1197103.83012712
normal
simd_float4x4([[0.0556292, -0.985986, 0.157282, 0.0)], [0.968459, 0.0149648, -0.248723, 0.0)], [0.242883, 0.166157, 0.955719, 0.0)], [-0.0251486, -0.0778188, -0.17748, 1.0)]])
-0.0251486, -0.0778188, -0.17748
float3(-0.166931, 0.248868, -1.55562)
1197104.03022921
normal
simd_float4x4([[0.0896097, -0.988733, 0.119901, 0.0)], [0.948749, 0.0481087, -0.312346, 0.0)], [0.303058, 0.141745, 0.942371, 0.0)], [-0.10719, -0.0700762, -0.26416, 1.0)]])
-0.10719, -0.0700762, -0.26416
float3(-0.142224, 0.311146, -1.52218)
1197104.23033133
normal
simd_float4x4([[0.0637273, -0.987719, 0.14265, 0.0)], [0.923126, 0.00403226, -0.384477, 0.0)], [0.37918, 0.156185, 0.912046, 0.0)], [-0.158773, -0.0684524, -0.357599, 1.0)]])
-0.158773, -0.0684524, -0.357599
float3(-0.156828, 0.394007, -1.56671)
1197104.43043333
normal
simd_float4x4([[0.0991989, -0.983564, 0.150866, 0.0)], [0.887051, 0.0187084, -0.461293, 0.0)], [0.450889, 0.179586, 0.874327, 0.0)], [-0.211119, -0.0769044, -0.459926, 1.0)]])
-0.211119, -0.0769044, -0.459926
float3(-0.180565, 0.476127, -1.55178)
1197104.63053529
normal
simd_float4x4([[0.142611, -0.980928, 0.132069, 0.0)], [0.818099, 0.0417157, -0.573562, 0.0)], [0.557114, 0.189842, 0.808445, 0.0)], [-0.272121, -0.0940877, -0.576829, 1.0)]])
-0.272121, -0.0940877, -0.576829
float3(-0.191001, 0.603385, -1.5283)
1197104.83063721
normal
simd_float4x4([[0.173951, -0.979852, 0.0981411, 0.0)], [0.681186, 0.0477584, -0.730551, 0.0)], [0.711145, 0.193933, 0.675769, 0.0)], [-0.331782, -0.0888611, -0.695079, 1.0)]])
-0.331782, -0.0888611, -0.695079
float3(-0.195169, 0.810899, -1.52209)
1197105.03073946
normal
simd_float4x4([[0.198316, -0.978268, 0.0605242, 0.0)], [0.514817, 0.0514197, -0.855757, 0.0)], [0.834047, 0.200869, 0.513826, 0.0)], [-0.406639, -0.0854006, -0.760698, 1.0)]])
-0.406639, -0.0854006, -0.760698
float3(-0.202245, 1.01865, -1.51828)
1197105.2308415
normal
simd_float4x4([[0.226224, -0.973653, 0.0286787, 0.0)], [0.322449, 0.0470726, -0.945416, 0.0)], [0.919157, 0.223123, 0.324603, 0.0)], [-0.509974, -0.110058, -0.813479, 1.0)]])
-0.509974, -0.110058, -0.813479
float3(-0.225017, 1.23132, -1.52249)
1197105.43094367
normal
simd_float4x4([[0.198426, -0.979985, 0.0160067, 0.0)], [0.136394, 0.0114369, -0.990589, 0.0)], [0.970579, 0.198742, 0.135933, 0.0)], [-0.633975, -0.120448, -0.873203, 1.0)]])
-0.633975, -0.120448, -0.873203
float3(-0.200074, 1.43165, -1.55913)
1197105.63104575
normal
simd_float4x4([[0.185331, -0.981334, 0.0513375, 0.0)], [0.0172376, -0.048988, -0.998651, 0.0)], [0.982525, 0.185966, 0.00783684, 0.0)], [-0.742161, -0.107193, -0.949015, 1.0)]])
-0.742161, -0.107193, -0.949015
float3(-0.187054, 1.56282, -1.62067)
1197105.83114779
normal
simd_float4x4([[0.169143, -0.983033, 0.0709658, 0.0)], [0.0958916, -0.0552479, -0.993857, 0.0)], [0.980915, 0.174909, 0.0849198, 0.0)], [-0.819951, -0.097165, -1.09055, 1.0)]])
-0.819951, -0.097165, -1.09055
float3(-0.175814, 1.48444, -1.62694)
1197106.03124979
normal
simd_float4x4([[0.10613, -0.992206, 0.0652936, 0.0)], [0.29791, -0.0309199, -0.954093, 0.0)], [0.948676, 0.120709, 0.292307, 0.0)], [-0.857816, -0.0863516, -1.30552, 1.0)]])
-0.857816, -0.0863516, -1.30552
float3(-0.121005, 1.27191, -1.60195)
1197106.23135192
normal
simd_float4x4([[0.0606105, -0.995974, 0.0660481, 0.0)], [0.569519, -0.0198352, -0.821739, 0.0)], [0.81974, 0.0874216, 0.566024, 0.0)], [-0.849363, -0.0658552, -1.55127, 1.0)]])
-0.849363, -0.0658552, -1.55127
float3(-0.0875334, 0.96648, -1.59071)
1197106.43145417
normal
simd_float4x4([[0.0714006, -0.991971, 0.104383, 0.0)], [0.830755, 0.00122308, -0.556636, 0.0)], [0.552039, 0.126461, 0.824173, 0.0)], [-0.798027, -0.0659383, -1.79239, 1.0)]])
-0.798027, -0.0659383, -1.79239
float3(-0.1268, 0.590176, -1.56956)
1197106.63155629
normal
simd_float4x4([[0.0258298, -0.991188, 0.129917, 0.0)], [0.973388, -0.00466448, -0.229115, 0.0)], [0.227702, 0.132377, 0.964691, 0.0)], [-0.742866, -0.0781625, -2.01881, 1.0)]])
-0.742866, -0.0781625, -2.01881
float3(-0.132767, 0.231793, -1.5755)
1197106.83165842
normal
simd_float4x4([[-0.0204644, -0.992105, 0.123731, 0.0)], [0.999155, -0.0158813, 0.0379142, 0.0)], [-0.0356499, 0.124402, 0.991591, 0.0)], [-0.771834, -0.073525, -2.22192, 1.0)]])
-0.771834, -0.073525, -2.22192
float3(-0.124726, -0.0359367, -1.5868)
1197107.03176063
normal
simd_float4x4([[-0.0617137, -0.989109, 0.13362, 0.0)], [0.988311, -0.0418603, 0.146594, 0.0)], [-0.139404, 0.141105, 0.980131, 0.0)], [-0.767158, -0.067151, -2.41177, 1.0)]])
-0.767158, -0.067151, -2.41177
float3(-0.141578, -0.141282, -1.61309)
1197107.23186263
normal
simd_float4x4([[-0.0685886, -0.98807, 0.137892, 0.0)], [0.984906, -0.0450457, 0.167125, 0.0)], [-0.158919, 0.147273, 0.976246, 0.0)], [-0.772476, -0.0885186, -2.61587, 1.0)]])
-0.772476, -0.0885186, -2.61587
float3(-0.147811, -0.161371, -1.61635)
1197107.43196479
normal
simd_float4x4([[-0.0264512, -0.992876, 0.116181, 0.0)], [0.983842, -0.00526966, 0.178959, 0.0)], [-0.177072, 0.119038, 0.976973, 0.0)], [-0.749234, -0.0826044, -2.81948, 1.0)]])
-0.749234, -0.0826044, -2.81948
float3(-0.11932, -0.179299, -1.5761)
1197107.63206696
normal
simd_float4x4([[0.00983401, -0.981842, 0.189443, 0.0)], [0.985769, 0.0413137, 0.162949, 0.0)], [-0.167817, 0.185145, 0.968276, 0.0)], [-0.735035, -0.0818726, -3.01701, 1.0)]])
-0.735035, -0.0818726, -3.01701
float3(-0.186219, -0.17161, -1.52874)
1197107.83216917
normal
simd_float4x4([[0.0457064, -0.971973, 0.230605, 0.0)], [0.984042, 0.0835479, 0.157105, 0.0)], [-0.171969, 0.219745, 0.960281, 0.0)], [-0.732488, -0.111584, -3.21323, 1.0)]])
-0.732488, -0.111584, -3.21323
float3(-0.221553, -0.177203, -1.48505)
1197108.03227142
normal
simd_float4x4([[-0.00147143, -0.976763, 0.214319, 0.0)], [0.982477, 0.0385327, 0.182359, 0.0)], [-0.18638, 0.210832, 0.95959, 0.0)], [-0.728728, -0.10348, -3.39401, 1.0)]])
-0.728728, -0.10348, -3.39401
float3(-0.212426, -0.19184, -1.53137)
1197108.23237363
normal
simd_float4x4([[-0.0445925, -0.97973, 0.195297, 0.0)], [0.979843, -0.00478764, 0.199711, 0.0)], [-0.194728, 0.200266, 0.960195, 0.0)], [-0.698834, -0.085581, -3.56897, 1.0)]])
-0.698834, -0.085581, -3.56897
float3(-0.20163, -0.200087, -1.57568)
1197108.43247571
normal
simd_float4x4([[-0.0388881, -0.983735, 0.175365, 0.0)], [0.983316, -0.00646514, 0.181788, 0.0)], [-0.177698, 0.179509, 0.967574, 0.0)], [-0.651004, -0.111782, -3.77307, 1.0)]])
-0.651004, -0.111782, -3.77307
float3(-0.180487, -0.181629, -1.57737)
1197108.63257783
normal
simd_float4x4([[-0.0419216, -0.9843, 0.17145, 0.0)], [0.986166, -0.0132201, 0.165232, 0.0)], [-0.160372, 0.176005, 0.971238, 0.0)], [-0.60228, -0.0964484, -3.96649, 1.0)]])
-0.60228, -0.0964484, -3.96649
float3(-0.176927, -0.163644, -1.58423)
1197108.83268021
normal
simd_float4x4([[0.00466484, -0.989094, 0.147209, 0.0)], [0.988778, 0.0265437, 0.147014, 0.0)], [-0.149318, 0.144871, 0.978119, 0.0)], [-0.58674, -0.0893078, -4.16359, 1.0)]])
-0.58674, -0.0893078, -4.16359
float3(-0.145383, -0.151489, -1.54397)
1197109.03278238
normal
simd_float4x4([[0.00642901, -0.994073, 0.108526, 0.0)], [0.989602, 0.0219196, 0.142155, 0.0)], [-0.143691, 0.106484, 0.983877, 0.0)], [-0.567792, -0.107106, -4.39375, 1.0)]])
-0.567792, -0.107106, -4.39375
float3(-0.106686, -0.145021, -1.54875)
1197109.23288458
normal
simd_float4x4([[-0.0266437, -0.994646, 0.0998442, 0.0)], [0.98339, -0.00814084, 0.181321, 0.0)], [-0.179538, 0.103017, 0.978342, 0.0)], [-0.547714, -0.0897438, -4.61812, 1.0)]])
-0.547714, -0.0897438, -4.61812
float3(-0.1032, -0.181493, -1.57898)
1197109.43298688
normal
simd_float4x4([[-0.0534898, -0.991279, 0.120433, 0.0)], [0.981915, -0.0302796, 0.186884, 0.0)], [-0.181608, 0.128251, 0.974972, 0.0)], [-0.517782, -0.0920996, -4.84632, 1.0)]])
-0.517782, -0.0920996, -4.84632
float3(-0.128605, -0.184159, -1.60133)
1197109.63308888
normal
simd_float4x4([[-0.0348676, -0.994136, 0.102365, 0.0)], [0.988399, -0.0191526, 0.150665, 0.0)], [-0.147821, 0.106431, 0.983271, 0.0)], [-0.480758, -0.106725, -5.04225, 1.0)]])
-0.480758, -0.106725, -5.04225
float3(-0.106633, -0.149218, -1.59006)
1197109.83319117
normal
simd_float4x4([[-0.0491822, -0.993578, 0.101903, 0.0)], [0.992244, -0.0369436, 0.118685, 0.0)], [-0.114158, 0.10695, 0.987689, 0.0)], [-0.44707, -0.0822974, -5.21659, 1.0)]])
-0.44707, -0.0822974, -5.21659
float3(-0.107155, -0.115071, -1.60796)
1197110.03329354
normal
simd_float4x4([[0.0108814, -0.993212, 0.115805, 0.0)], [0.99364, 0.0237209, 0.110078, 0.0)], [-0.112078, 0.113871, 0.987153, 0.0)], [-0.425068, -0.0881555, -5.40865, 1.0)]])
-0.425068, -0.0881555, -5.40865
float3(-0.114119, -0.113053, -1.54692)
1197110.23339583
normal
simd_float4x4([[0.00834194, -0.995499, 0.0944084, 0.0)], [0.990795, 0.0209849, 0.13373, 0.0)], [-0.13511, 0.0924239, 0.986511, 0.0)], [-0.408678, -0.108113, -5.61421, 1.0)]])
-0.408678, -0.108113, -5.61421
float3(-0.092556, -0.13611, -1.54972)
1197110.43349808
normal
simd_float4x4([[-0.0404587, -0.990642, 0.130352, 0.0)], [0.991419, -0.0235718, 0.128577, 0.0)], [-0.124301, 0.134435, 0.983095, 0.0)], [-0.381708, -0.0979669, -5.84362, 1.0)]])
-0.381708, -0.0979669, -5.84362
float3(-0.134843, -0.125771, -1.59459)
1197110.6336005
normal
simd_float4x4([[-0.0433238, -0.979496, 0.19675, 0.0)], [0.991713, -0.018321, 0.127163, 0.0)], [-0.120951, 0.200628, 0.972172, 0.0)], [-0.347731, -0.116269, -6.05883, 1.0)]])
-0.347731, -0.116269, -6.05883
float3(-0.201999, -0.123778, -1.5895)
1197110.83370258
normal
simd_float4x4([[-0.0181614, -0.986057, 0.165416, 0.0)], [0.994352, -0.000509808, 0.106133, 0.0)], [-0.104569, 0.166409, 0.980496, 0.0)], [-0.308527, -0.116614, -6.24326, 1.0)]])
-0.308527, -0.116614, -6.24326
float3(-0.167187, -0.106247, -1.57131)
1197111.03380496
normal
simd_float4x4([[-0.020897, -0.992006, 0.124447, 0.0)], [0.99475, -0.00815823, 0.102005, 0.0)], [-0.100175, 0.125926, 0.986969, 0.0)], [-0.27108, -0.092269, -6.41472, 1.0)]])
-0.27108, -0.092269, -6.41472
float3(-0.126261, -0.101151, -1.57902)
1197111.23390721
normal
simd_float4x4([[0.0246211, -0.992201, 0.12219, 0.0)], [0.996663, 0.0338775, 0.0742645, 0.0)], [-0.0778249, 0.119954, 0.989724, 0.0)], [-0.269627, -0.114379, -6.62432, 1.0)]])
-0.269627, -0.114379, -6.62432
float3(-0.120244, -0.0784714, -1.53667)
1197111.43400958
normal
simd_float4x4([[-0.0185993, -0.994387, 0.10416, 0.0)], [0.994169, -0.0073259, 0.107585, 0.0)], [-0.106218, 0.105553, 0.988725, 0.0)], [-0.263775, -0.112211, -6.83787, 1.0)]])
-0.263775, -0.112211, -6.83787
float3(-0.10575, -0.107019, -1.57816)
1197111.63411192
normal
simd_float4x4([[-0.033166, -0.989943, 0.137525, 0.0)], [0.991657, -0.0154449, 0.127975, 0.0)], [-0.124564, 0.140622, 0.982196, 0.0)], [-0.243029, -0.0994292, -7.04351, 1.0)]])
-0.243029, -0.0994292, -7.04351
float3(-0.14109, -0.126148, -1.5864)
1197111.83421421
normal
simd_float4x4([[-0.043989, -0.988734, 0.143075, 0.0)], [0.992208, -0.0265279, 0.121735, 0.0)], [-0.116568, 0.147315, 0.982197, 0.0)], [-0.20984, -0.128856, -7.25403, 1.0)]])
-0.20984, -0.128856, -7.25403
float3(-0.147853, -0.118128, -1.59762)
1197112.03431662
normal
simd_float4x4([[-0.0420717, -0.992503, 0.114754, 0.0)], [0.992247, -0.0280626, 0.12107, 0.0)], [-0.116942, 0.118958, 0.985989, 0.0)], [-0.164083, -0.112034, -7.44017, 1.0)]])
-0.164083, -0.112034, -7.44017
float3(-0.119241, -0.118052, -1.59906)
1197112.23441904
normal
simd_float4x4([[-0.0131019, -0.990894, 0.134008, 0.0)], [0.994553, 0.000945543, 0.104228, 0.0)], [-0.103406, 0.134644, 0.985484, 0.0)], [-0.152885, -0.106651, -7.61428, 1.0)]])
-0.152885, -0.106651, -7.61428
float3(-0.135054, -0.104546, -1.56984)
1197112.43452117
normal
simd_float4x4([[0.00351524, -0.994332, 0.106266, 0.0)], [0.995814, 0.0131862, 0.0904417, 0.0)], [-0.0913303, 0.105503, 0.990216, 0.0)], [-0.146801, -0.130269, -7.81577, 1.0)]])
-0.146801, -0.130269, -7.81577
float3(-0.1057, -0.0919725, -1.55754)
1197112.63462358
normal
simd_float4x4([[-0.0226139, -0.991998, 0.12421, 0.0)], [0.993554, -0.00849573, 0.113038, 0.0)], [-0.111078, 0.125966, 0.985796, 0.0)], [-0.137693, -0.113588, -8.03722, 1.0)]])
-0.137693, -0.113588, -8.03722
float3(-0.126301, -0.112205, -1.57936)
1197112.83472592
normal
simd_float4x4([[-0.0401306, -0.987172, 0.154536, 0.0)], [0.992329, -0.021276, 0.121782, 0.0)], [-0.116932, 0.158238, 0.980453, 0.0)], [-0.113736, -0.116785, -8.24358, 1.0)]])
-0.113736, -0.116785, -8.24358
float3(-0.158906, -0.118703, -1.59235)
1197113.03482833
normal
simd_float4x4([[-0.00338028, -0.9898, 0.142423, 0.0)], [0.996816, 0.00801038, 0.0793283, 0.0)], [-0.07966, 0.142238, 0.986622, 0.0)], [-0.082031, -0.132872, -8.43111, 1.0)]])
-0.082031, -0.132872, -8.43111
float3(-0.142722, -0.0805654, -1.5627)
1197113.23493079
normal
simd_float4x4([[-0.0371378, -0.993261, 0.109791, 0.0)], [0.997688, -0.030596, 0.0606798, 0.0)], [-0.0569116, 0.111791, 0.992101, 0.0)], [-0.0454665, -0.106981, -8.60702, 1.0)]])
-0.0454665, -0.106981, -8.60702
float3(-0.112025, -0.057302, -1.60159)
1197113.43503321
normal
simd_float4x4([[0.0107561, -0.99466, 0.102645, 0.0)], [0.999118, 0.0148566, 0.0392675, 0.0)], [-0.0405828, 0.102132, 0.993943, 0.0)], [-0.0315625, -0.121675, -8.8049, 1.0)]])
-0.0315625, -0.121675, -8.8049
float3(-0.102311, -0.0408074, -1.55586)
1197113.63513558
normal
simd_float4x4([[0.0106446, -0.99486, 0.100695, 0.0)], [0.99714, 0.0180957, 0.0733749, 0.0)], [-0.07482, 0.0996262, 0.992208, 0.0)], [-0.0190942, -0.125316, -9.02542, 1.0)]])
-0.0190942, -0.125316, -9.02542
float3(-0.0997918, -0.0752651, -1.55261)
1197113.83523792
normal
simd_float4x4([[-0.00255733, -0.990939, 0.13429, 0.0)], [0.995042, 0.0108297, 0.0988622, 0.0)], [-0.0994207, 0.133877, 0.985998, 0.0)], [0.0102865, -0.108626, -9.23835, 1.0)]])
0.0102865, -0.108626, -9.23835
float3(-0.13428, -0.100493, -1.55987)
1197114.03534033
normal
simd_float4x4([[-0.026342, -0.990372, 0.135901, 0.0)], [0.995365, -0.0134078, 0.0952252, 0.0)], [-0.0924862, 0.13778, 0.986135, 0.0)], [0.0559312, -0.132097, -9.44827, 1.0)]])
0.0559312, -0.132097, -9.44827
float3(-0.13822, -0.093513, -1.58433)
1197114.23544279
normal
simd_float4x4([[-0.00429515, -0.985792, 0.167917, 0.0)], [0.997994, 0.00638106, 0.0629891, 0.0)], [-0.0631656, 0.167851, 0.983787, 0.0)], [0.105465, -0.118608, -9.65992, 1.0)]])
0.105465, -0.118608, -9.65992
float3(-0.168649, -0.0641186, -1.56432)
1197114.43554529
normal
simd_float4x4([[0.0265548, -0.985423, 0.168035, 0.0)], [0.99888, 0.0327439, 0.0341685, 0.0)], [-0.0391726, 0.166939, 0.985189, 0.0)], [0.12047, -0.108425, -9.83492, 1.0)]])
0.12047, -0.108425, -9.83492
float3(-0.167725, -0.0397406, -1.53758)
1197114.63564767
normal
simd_float4x4([[0.030203, -0.987966, 0.151693, 0.0)], [0.998141, 0.0378475, 0.0477615, 0.0)], [-0.052928, 0.149969, 0.987273, 0.0)], [0.131814, -0.138976, -10.0198, 1.0)]])
0.131814, -0.138976, -10.0198
float3(-0.150537, -0.053559, -1.53251)
1197114.83574979
normal
simd_float4x4([[0.00878139, -0.986898, 0.161109, 0.0)], [0.994523, 0.0253995, 0.101381, 0.0)], [-0.104145, 0.159336, 0.981716, 0.0)], [0.139888, -0.124691, -10.2244, 1.0)]])
0.139888, -0.124691, -10.2244
float3(-0.160018, -0.105689, -1.54507)
1197115.03585246
normal
simd_float4x4([[-0.0401109, -0.984519, 0.17063, 0.0)], [0.99396, -0.0218565, 0.107546, 0.0)], [-0.102152, 0.173913, 0.979449, 0.0)], [0.166577, -0.119512, -10.4109, 1.0)]])
0.166577, -0.119512, -10.4109
float3(-0.174802, -0.103919, -1.59299)
1197115.23595496
normal
simd_float4x4([[-0.0484588, -0.987703, 0.148644, 0.0)], [0.994627, -0.0340878, 0.0977492, 0.0)], [-0.0914802, 0.152582, 0.984048, 0.0)], [0.201759, -0.144984, -10.6017, 1.0)]])
0.201759, -0.144984, -10.6017
float3(-0.15318, -0.0926967, -1.60529)
1197115.43605742
normal
simd_float4x4([[-0.0254635, -0.993432, 0.111553, 0.0)], [0.997584, -0.0180372, 0.0670833, 0.0)], [-0.0646306, 0.112991, 0.991492, 0.0)], [0.23669, -0.11384, -10.7726, 1.0)]])
0.23669, -0.11384, -10.7726
float3(-0.113233, -0.0650932, -1.58895)
1197115.63615987
normal
simd_float4x4([[0.00436297, -0.987528, 0.157384, 0.0)], [0.997204, 0.016038, 0.0729886, 0.0)], [-0.0746024, 0.156625, 0.984837, 0.0)], [0.252445, -0.114706, -10.9533, 1.0)]])
0.252445, -0.114706, -10.9533
float3(-0.157273, -0.0756066, -1.55456)
1197115.83626229
normal
simd_float4x4([[0.00757791, -0.985033, 0.172201, 0.0)], [0.996915, 0.020896, 0.0756598, 0.0)], [-0.0781257, 0.171096, 0.982152, 0.0)], [0.259864, -0.147674, -11.1524, 1.0)]])
0.259864, -0.147674, -11.1524
float3(-0.171942, -0.0793783, -1.54959)
1197116.03636458
normal
simd_float4x4([[-0.0246224, -0.977902, 0.20761, 0.0)], [0.990969, 0.00350723, 0.134048, 0.0)], [-0.131814, 0.209036, 0.968984, 0.0)], [0.267976, -0.138232, -11.3642, 1.0)]])
0.267976, -0.138232, -11.3642
float3(-0.210589, -0.135204, -1.56721)
1197116.23646729
normal
simd_float4x4([[-0.0377699, -0.968701, 0.245339, 0.0)], [0.990997, -0.00475196, 0.133801, 0.0)], [-0.128448, 0.248183, 0.960159, 0.0)], [0.283697, -0.132686, -11.5479, 1.0)]])
0.283697, -0.132686, -11.5479
float3(-0.250805, -0.132988, -1.5757)
1197116.43656971
normal
simd_float4x4([[-0.0172247, -0.97209, 0.233976, 0.0)], [0.994015, 0.00859899, 0.108903, 0.0)], [-0.107875, 0.234452, 0.966124, 0.0)], [0.3143, -0.151596, -11.7333, 1.0)]])
0.3143, -0.151596, -11.7333
float3(-0.236655, -0.111197, -1.56195)
1197116.63667225
normal
simd_float4x4([[-0.0251796, -0.982249, 0.185885, 0.0)], [0.997088, -0.0112885, 0.0754129, 0.0)], [-0.0719759, 0.187243, 0.979673, 0.0)], [0.359826, -0.125164, -11.895, 1.0)]])
0.359826, -0.125164, -11.895
float3(-0.188355, -0.0733375, -1.58229)
1197116.83677471
normal
simd_float4x4([[0.000665008, -0.976066, 0.217474, 0.0)], [0.997474, 0.0160953, 0.0691888, 0.0)], [-0.0710331, 0.216878, 0.973611, 0.0)], [0.378114, -0.127564, -12.0559, 1.0)]])
0.378114, -0.127564, -12.0559
float3(-0.218616, -0.0728294, -1.55431)
1197117.03687725
normal
simd_float4x4([[0.00202706, -0.974636, 0.223788, 0.0)], [0.996945, 0.0194433, 0.0756486, 0.0)], [-0.078081, 0.222951, 0.971698, 0.0)], [0.387126, -0.154428, -12.2388, 1.0)]])
0.387126, -0.154428, -12.2388
float3(-0.224841, -0.080183, -1.55085)
1197117.23697958
normal
simd_float4x4([[-0.0422896, -0.977999, 0.20428, 0.0)], [0.992483, -0.0176186, 0.121112, 0.0)], [-0.114848, 0.207866, 0.971392, 0.0)], [0.397465, -0.144045, -12.418, 1.0)]])
0.397465, -0.144045, -12.418
float3(-0.209393, -0.117684, -1.58881)
1197117.43708208
normal
simd_float4x4([[-0.0867516, -0.968865, 0.231893, 0.0)], [0.987218, -0.0523664, 0.150529, 0.0)], [-0.133699, 0.241988, 0.961024, 0.0)], [0.421896, -0.138224, -12.586, 1.0)]])
0.421896, -0.138224, -12.586
float3(-0.244414, -0.138234, -1.62479)
1197117.63718458
normal
simd_float4x4([[-0.0748595, -0.969033, 0.235311, 0.0)], [0.988283, -0.0406195, 0.147128, 0.0)], [-0.133014, 0.243567, 0.96072, 0.0)], [0.451554, -0.160885, -12.7579, 1.0)]])
0.451554, -0.160885, -12.7579
float3(-0.246042, -0.137577, -1.61269)
1197117.83728717
normal
simd_float4x4([[-0.0491258, -0.974254, 0.220038, 0.0)], [0.993612, -0.0252614, 0.109986, 0.0)], [-0.101595, 0.224035, 0.969271, 0.0)], [0.484656, -0.137993, -12.9209, 1.0)]])
0.484656, -0.137993, -12.9209
float3(-0.225953, -0.104435, -1.59672)
1197118.03738967
normal
simd_float4x4([[-0.0198379, -0.976062, 0.216585, 0.0)], [0.996005, -0.000428808, 0.0892958, 0.0)], [-0.0870654, 0.217491, 0.972172, 0.0)], [0.493432, -0.13115, -13.0577, 1.0)]])
0.493432, -0.13115, -13.0577
float3(-0.219243, -0.0893193, -1.57124)
1197118.23749233
normal
simd_float4x4([[-0.00339348, -0.984514, 0.175272, 0.0)], [0.995468, 0.0133313, 0.0941559, 0.0)], [-0.0950344, 0.174797, 0.980007, 0.0)], [0.497159, -0.1479, -13.2169, 1.0)]])
0.497159, -0.1479, -13.2169
float3(-0.1757, -0.0966709, -1.55726)
1197118.43759475
normal
simd_float4x4([[-0.0537266, -0.980128, 0.190954, 0.0)], [0.988364, -0.0249453, 0.150046, 0.0)], [-0.142301, 0.196793, 0.970063, 0.0)], [0.513503, -0.149026, -13.397, 1.0)]])
0.513503, -0.149026, -13.397
float3(-0.198086, -0.145654, -1.59624)
1197118.63769729
normal
simd_float4x4([[-0.0644834, -0.970325, 0.233049, 0.0)], [0.989099, -0.0311652, 0.143918, 0.0)], [-0.132384, 0.239789, 0.961757, 0.0)], [0.527831, -0.139416, -13.5614, 1.0)]])
0.527831, -0.139416, -13.5614
float3(-0.242149, -0.136789, -1.6029)
1197118.83779988
normal
simd_float4x4([[-0.0542456, -0.973854, 0.220602, 0.0)], [0.991387, -0.0261523, 0.12833, 0.0)], [-0.119205, 0.225663, 0.966885, 0.0)], [0.559556, -0.15866, -13.7193, 1.0)]])
0.559556, -0.15866, -13.7193
float3(-0.227624, -0.122669, -1.59764)
1197119.03790237
normal
simd_float4x4([[-0.0495622, -0.984253, 0.169673, 0.0)], [0.994998, -0.033904, 0.0939704, 0.0)], [-0.0867381, 0.173481, 0.98101, 0.0)], [0.596054, -0.127783, -13.8682, 1.0)]])
0.596054, -0.127783, -13.8682
float3(-0.174363, -0.0881878, -1.60523)
1197119.23800512
normal
simd_float4x4([[-0.0199945, -0.97927, 0.20157, 0.0)], [0.995721, -0.00131062, 0.0924021, 0.0)], [-0.0902224, 0.202555, 0.975106, 0.0)], [0.611377, -0.120023, -14.0354, 1.0)]])
0.611377, -0.120023, -14.0354
float3(-0.203966, -0.092263, -1.57213)
1197119.43810771
normal
simd_float4x4([[-0.0050837, -0.9784, 0.206657, 0.0)], [0.995646, 0.0142831, 0.0921148, 0.0)], [-0.0930768, 0.206226, 0.974068, 0.0)], [0.620172, -0.147127, -14.2301, 1.0)]])
0.620172, -0.147127, -14.2301
float3(-0.207716, -0.0952655, -1.5562)
1197119.63821029
normal
simd_float4x4([[-0.0514312, -0.97512, 0.215627, 0.0)], [0.989922, -0.0212525, 0.140007, 0.0)], [-0.131941, 0.220655, 0.966387, 0.0)], [0.636465, -0.146314, -14.4365, 1.0)]])
0.636465, -0.146314, -14.4365
float3(-0.222486, -0.135691, -1.59259)
1197119.83831262
normal
simd_float4x4([[-0.0791943, -0.969124, 0.233511, 0.0)], [0.986948, -0.0432763, 0.155113, 0.0)], [-0.140218, 0.242747, 0.959902, 0.0)], [0.658417, -0.137409, -14.6125, 1.0)]])
0.658417, -0.137409, -14.6125
float3(-0.245197, -0.14505, -1.61542)
1197120.03841521
normal
simd_float4x4([[-0.08659, -0.975179, 0.203783, 0.0)], [0.990071, -0.061499, 0.126398, 0.0)], [-0.110728, 0.212704, 0.970822, 0.0)], [0.695779, -0.167901, -14.797, 1.0)]])
0.695779, -0.167901, -14.797
float3(-0.214342, -0.113565, -1.63378)
1197120.23851792
normal
simd_float4x4([[-0.0666068, -0.973136, 0.220387, 0.0)], [0.993714, -0.0447787, 0.102603, 0.0)], [-0.0899778, 0.225836, 0.970001, 0.0)], [0.736743, -0.141892, -14.9873, 1.0)]])
0.736743, -0.141892, -14.9873
float3(-0.227801, -0.0924958, -1.61678)
1197120.4386205
normal
simd_float4x4([[-0.0226526, -0.980072, 0.197348, 0.0)], [0.996723, -0.00680763, 0.0806008, 0.0)], [-0.077651, 0.198528, 0.977014, 0.0)], [0.746358, -0.126264, -15.1631, 1.0)]])
0.746358, -0.126264, -15.1631
float3(-0.199855, -0.0793112, -1.57774)
1197120.63872312
normal
simd_float4x4([[0.00385815, -0.987224, 0.159292, 0.0)], [0.997319, 0.0154386, 0.071526, 0.0)], [-0.0730714, 0.158589, 0.984637, 0.0)], [0.754591, -0.146499, -15.3663, 1.0)]])
0.754591, -0.146499, -15.3663
float3(-0.159262, -0.0740758, -1.55516)
1197120.83882575
normal
simd_float4x4([[-0.0266373, -0.987759, 0.153697, 0.0)], [0.992894, -0.00830407, 0.118712, 0.0)], [-0.115982, 0.155767, 0.980961, 0.0)], [0.771092, -0.133443, -15.5791, 1.0)]])
0.771092, -0.133443, -15.5791
float3(-0.156404, -0.117687, -1.5792)
1197121.03892808
normal
simd_float4x4([[-0.0460954, -0.983625, 0.174235, 0.0)], [0.991862, -0.0243454, 0.124966, 0.0)], [-0.118678, 0.178578, 0.976742, 0.0)], [0.794379, -0.131806, -15.7844, 1.0)]])
0.794379, -0.131806, -15.7844
float3(-0.179541, -0.120911, -1.59554)
1197121.23903088
normal
simd_float4x4([[-0.0310276, -0.987096, 0.157092, 0.0)], [0.99615, -0.017647, 0.0858664, 0.0)], [-0.0819862, 0.159151, 0.983844, 0.0)], [0.825512, -0.152436, -15.9806, 1.0)]])
0.825512, -0.152436, -15.9806
float3(-0.159831, -0.0831404, -1.58867)
1197121.43913342
normal
simd_float4x4([[-0.0315319, -0.987656, 0.153433, 0.0)], [0.997809, -0.0221725, 0.0623334, 0.0)], [-0.0581619, 0.155062, 0.986191, 0.0)], [0.861737, -0.131937, -16.1698, 1.0)]])
0.861737, -0.131937, -16.1698
float3(-0.155691, -0.0589081, -1.59324)
1197121.63923612
normal
simd_float4x4([[-0.00505068, -0.9856, 0.169017, 0.0)], [0.998296, 0.00485738, 0.058157, 0.0)], [-0.0581405, 0.169022, 0.983896, 0.0)], [0.877883, -0.133725, -16.3468, 1.0)]])
0.877883, -0.133725, -16.3468
float3(-0.169838, -0.0590235, -1.56587)
1197121.83933875
normal
simd_float4x4([[0.00292179, -0.988095, 0.153819, 0.0)], [0.996906, 0.0149599, 0.0771623, 0.0)], [-0.0785448, 0.153117, 0.985082, 0.0)], [0.890995, -0.149885, -16.5325, 1.0)]])
0.890995, -0.149885, -16.5325
float3(-0.153722, -0.079566, -1.55566)
1197122.03944142
normal
simd_float4x4([[-0.026703, -0.989234, 0.143886, 0.0)], [0.993596, -0.0104568, 0.112504, 0.0)], [-0.109788, 0.145969, 0.983178, 0.0)], [0.906528, -0.133373, -16.7134, 1.0)]])
0.906528, -0.133373, -16.7134
float3(-0.146492, -0.111206, -1.58137)
1197122.23954404
normal
simd_float4x4([[-0.0505954, -0.978871, 0.198122, 0.0)], [0.991818, -0.0259668, 0.12499, 0.0)], [-0.117205, 0.202825, 0.972176, 0.0)], [0.937109, -0.136935, -16.8877, 1.0)]])
0.937109, -0.136935, -16.8877
float3(-0.204242, -0.11998, -1.59732)
1197122.43964658
normal
simd_float4x4([[-0.0361952, -0.982439, 0.18304, 0.0)], [0.996086, -0.0206867, 0.0859383, 0.0)], [-0.0806426, 0.185434, 0.979342, 0.0)], [0.968356, -0.155153, -17.0392, 1.0)]])
0.968356, -0.155153, -17.0392
float3(-0.186514, -0.0821583, -1.59185)
1197122.63974933
normal
simd_float4x4([[-0.0369756, -0.988086, 0.149398, 0.0)], [0.998829, -0.0318755, 0.03639, 0.0)], [-0.0311942, 0.150569, 0.988107, 0.0)], [1.00879, -0.135613, -17.1853, 1.0)]])
1.00879, -0.135613, -17.1853
float3(-0.151143, -0.0315592, -1.60304)
1197122.83985188
normal
simd_float4x4([[0.00115754, -0.986152, 0.165843, 0.0)], [0.999982, 0.0021261, 0.00566282, 0.0)], [-0.00593698, 0.165833, 0.986136, 0.0)], [1.01852, -0.12418, -17.321, 1.0)]])
1.01852, -0.12418, -17.321
float3(-0.166603, -0.00602037, -1.56864)
1197123.03995471
normal
simd_float4x4([[0.0320174, -0.989209, 0.142973, 0.0)], [0.998239, 0.0245013, -0.054025, 0.0)], [0.049939, 0.144451, 0.988251, 0.0)], [0.998484, -0.137055, -17.4559, 1.0)]])
0.998484, -0.137055, -17.4559
float3(-0.144958, 0.0504898, -1.54603)
1197123.24005742
normal
simd_float4x4([[0.0251638, -0.993839, 0.107941, 0.0)], [0.987249, 0.0077283, -0.158997, 0.0)], [0.157183, 0.110565, 0.981361, 0.0)], [0.94937, -0.132802, -17.5898, 1.0)]])
0.94937, -0.132802, -17.5898
float3(-0.110792, 0.15882, -1.56302)
1197123.44015987
normal
simd_float4x4([[0.0334055, -0.994123, 0.102977, 0.0)], [0.939601, -0.00387864, -0.342248, 0.0)], [0.340636, 0.10819, 0.93395, 0.0)], [0.899248, -0.117302, -17.7155, 1.0)]])
0.899248, -0.117302, -17.7155
float3(-0.108402, 0.349733, -1.5747)
1197123.64026254
normal
simd_float4x4([[0.0755123, -0.991553, 0.105455, 0.0)], [0.816677, 0.000818476, -0.577095, 0.0)], [0.572134, 0.1297, 0.80984, 0.0)], [0.847651, -0.115674, -17.8394, 1.0)]])
0.847651, -0.115674, -17.8394
float3(-0.130067, 0.61506, -1.56997)
1197123.84036525
normal
simd_float4x4([[0.163731, -0.982759, 0.0858823, 0.0)], [0.586658, 0.027008, -0.809384, 0.0)], [0.793111, 0.182905, 0.580966, 0.0)], [0.79828, -0.125499, -17.9173, 1.0)]])
0.79828, -0.125499, -17.9173
float3(-0.18394, 0.93858, -1.54332)
1197124.04046796
normal
simd_float4x4([[0.181152, -0.983082, 0.0270992, 0.0)], [0.281635, 0.0254564, -0.959184, 0.0)], [0.942266, 0.181391, 0.281482, 0.0)], [0.780115, -0.122915, -17.9391, 1.0)]])
0.780115, -0.122915, -17.9391
float3(-0.1824, 1.28051, -1.54491)
1197124.24057058
normal
simd_float4x4([[0.180994, -0.98344, 0.00937554, 0.0)], [0.056598, 0.000898265, -0.998397, 0.0)], [0.981854, 0.181234, 0.0558233, 0.0)], [0.777262, -0.127787, -17.9593, 1.0)]])
0.777262, -0.127787, -17.9593
float3(-0.182241, 1.514, -1.56988)
