ARKit Data
125.778529333
normal
simd_float4x4([[-0.146189, -0.920017, -0.363589, 0.0)], [-0.794779, -0.109612, 0.596918, 0.0)], [-0.589029, 0.376236, -0.715187, 0.0)], [0.16924, 0.0759036, -0.300124, 1.0)]])
0.16924, 0.0759036, -0.300124
float3(-0.38573, -2.45263, -1.68938)
126.130011625
notAvailable
simd_float4x4([[1.0, 0.0, 0.0, 0.0)], [0.0, 1.0, 0.0, 0.0)], [0.0, 0.0, 1.0, 0.0)], [0.0, 0.0, 0.0, 1.0)]])
0.0, 0.0, 0.0
float3(-0.0, 0.0, 0.0)
126.1966685
notAvailable
simd_float4x4([[1.0, 0.0, 0.0, 0.0)], [0.0, 1.0, 0.0, 0.0)], [0.0, 0.0, 1.0, 0.0)], [0.0, 0.0, 0.0, 1.0)]])
0.0, 0.0, 0.0
float3(-0.0, 0.0, 0.0)
126.263325208
limited(__ObjC.ARCamera.TrackingState.Reason.initializing)
simd_float4x4([[-0.121706, -0.908584, 0.399577, 0.0)], [0.992566, -0.111409, 0.0489952, 0.0)], [3.07345e-08, 0.40257, 0.915389, 0.0)], [0.0, 0.0, 0.0, 1.0)]])
0.0, 0.0, 0.0
float3(-0.414322, 3.35753e-08, -1.69281)
126.329981916
limited(__ObjC.ARCamera.TrackingState.Reason.initializing)
simd_float4x4([[-0.120836, -0.908689, 0.399603, 0.0)], [0.992672, -0.110156, 0.0496818, 0.0)], [-0.00112657, 0.402678, 0.915341, 0.0)], [0.0, 0.0, 0.0, 1.0)]])
0.0, 0.0, 0.0
float3(-0.414441, -0.00123076, -1.69143)
126.396638666
limited(__ObjC.ARCamera.TrackingState.Reason.initializing)
simd_float4x4([[-0.120604, -0.908972, 0.399029, 0.0)], [0.992698, -0.109536, 0.050518, 0.0)], [-0.00221153, 0.402208, 0.915546, 0.0)], [0.0, 0.0, 0.0, 1.0)]])
0.0, 0.0, 0.0
float3(-0.413927, -0.00241553, -1.69072)
126.463295333
limited(__ObjC.ARCamera.TrackingState.Reason.initializing)
simd_float4x4([[-0.116397, -0.909464, 0.399157, 0.0)], [0.993196, -0.105073, 0.0502189, 0.0)], [-0.00373186, 0.402286, 0.915506, 0.0)], [0.0, 0.0, 0.0, 1.0)]])
0.0, 0.0, 0.0
float3(-0.414013, -0.00407626, -1.68582)
126.529952125
limited(__ObjC.ARCamera.TrackingState.Reason.initializing)
simd_float4x4([[-0.117211, -0.910522, 0.396497, 0.0)], [0.993098, -0.105741, 0.0507491, 0.0)], [-0.00428217, 0.399709, 0.916632, 0.0)], [0.0, 0.0, 0.0, 1.0)]])
0.0, 0.0, 0.0
float3(-0.411199, -0.0046716, -1.68641)
126.596608875
limited(__ObjC.ARCamera.TrackingState.Reason.initializing)
simd_float4x4([[-0.117664, -0.909885, 0.397824, 0.0)], [0.993039, -0.105616, 0.0521501, 0.0)], [-0.0054341, 0.40119, 0.915978, 0.0)], [0.0, 0.0, 0.0, 1.0)]])
0.0, 0.0, 0.0
float3(-0.412816, -0.0059325, -1.68636)
126.66326575
limited(__ObjC.ARCamera.TrackingState.Reason.initializing)
simd_float4x4([[-0.11901, -0.909551, 0.398188, 0.0)], [0.992884, -0.107337, 0.0515698, 0.0)], [-0.00416505, 0.401492, 0.915853, 0.0)], [0.0, 0.0, 0.0, 1.0)]])
0.0, 0.0, 0.0
float3(-0.413145, -0.0045477, -1.68826)
126.729922416
limited(__ObjC.ARCamera.TrackingState.Reason.initializing)
simd_float4x4([[-0.118427, -0.91011, 0.397083, 0.0)], [0.992949, -0.106469, 0.0521143, 0.0)], [-0.0051528, 0.400455, 0.916302, 0.0)], [0.0, 0.0, 0.0, 1.0)]])
0.0, 0.0, 0.0
float3(-0.412014, -0.00562342, -1.68725)
126.796579083
limited(__ObjC.ARCamera.TrackingState.Reason.initializing)
simd_float4x4([[-0.11938, -0.910209, 0.39657, 0.0)], [0.992833, -0.107221, 0.0527783, 0.0)], [-0.00551856, 0.400028, 0.916486, 0.0)], [0.0, 0.0, 0.0, 1.0)]])
0.0, 0.0, 0.0
float3(-0.411547, -0.00602136, -1.68805)
126.863235875
limited(__ObjC.ARCamera.TrackingState.Reason.initializing)
simd_float4x4([[-0.119088, -0.91045, 0.396104, 0.0)], [0.992868, -0.106966, 0.0526428, 0.0)], [-0.00555909, 0.399548, 0.916695, 0.0)], [0.0, 0.0, 0.0, 1.0)]])
0.0, 0.0, 0.0
float3(-0.411024, -0.00606419, -1.68775)
126.929892583
limited(__ObjC.ARCamera.TrackingState.Reason.initializing)
simd_float4x4([[-0.11842, -0.911405, 0.394102, 0.0)], [0.992947, -0.106375, 0.0523576, 0.0)], [-0.00579637, 0.397523, 0.917574, 0.0)], [0.0, 0.0, 0.0, 1.0)]])
0.0, 0.0, 0.0
float3(-0.408816, -0.00631697, -1.68699)
126.996549291
limited(__ObjC.ARCamera.TrackingState.Reason.initializing)
simd_float4x4([[-0.119863, -0.911403, 0.393671, 0.0)], [0.992768, -0.107343, 0.0537597, 0.0)], [-0.006739, 0.397267, 0.917678, 0.0)], [0.0, 0.0, 0.0, 1.0)]])
0.0, 0.0, 0.0
float3(-0.408537, -0.0073434, -1.68803)
127.063206166
limited(__ObjC.ARCamera.TrackingState.Reason.initializing)
simd_float4x4([[-0.120053, -0.912126, 0.391935, 0.0)], [0.992733, -0.107002, 0.0550628, 0.0)], [-0.00828654, 0.395697, 0.918344, 0.0)], [0.0, 0.0, 0.0, 1.0)]])
0.0, 0.0, 0.0
float3(-0.406827, -0.00902311, -1.68757)
127.12986275
limited(__ObjC.ARCamera.TrackingState.Reason.initializing)
simd_float4x4([[-0.119698, -0.911669, 0.393104, 0.0)], [0.992767, -0.106207, 0.0559814, 0.0)], [-0.00928614, 0.396961, 0.917788, 0.0)], [0.0, 0.0, 0.0, 1.0)]])
0.0, 0.0, 0.0
float3(-0.408204, -0.0101176, -1.68677)
127.196519541
limited(__ObjC.ARCamera.TrackingState.Reason.initializing)
simd_float4x4([[-0.119626, -0.912336, 0.391577, 0.0)], [0.992785, -0.10665, 0.0548101, 0.0)], [-0.00824342, 0.395309, 0.918511, 0.0)], [0.0, 0.0, 0.0, 1.0)]])
0.0, 0.0, 0.0
float3(-0.406404, -0.00897452, -1.68717)
127.263176458
limited(__ObjC.ARCamera.TrackingState.Reason.initializing)
simd_float4x4([[-0.119977, -0.912805, 0.390375, 0.0)], [0.992731, -0.106556, 0.0559477, 0.0)], [-0.00947267, 0.39425, 0.918954, 0.0)], [0.0, 0.0, 0.0, 1.0)]])
0.0, 0.0, 0.0
float3(-0.405252, -0.0103077, -1.687)
127.329833083
limited(__ObjC.ARCamera.TrackingState.Reason.initializing)
simd_float4x4([[-0.119875, -0.912834, 0.390338, 0.0)], [0.992729, -0.105892, 0.0572361, 0.0)], [-0.0109134, 0.394361, 0.918891, 0.0)], [0.0, 0.0, 0.0, 1.0)]])
0.0, 0.0, 0.0
float3(-0.405372, -0.0118761, -1.68628)
127.396489916
limited(__ObjC.ARCamera.TrackingState.Reason.initializing)
simd_float4x4([[-0.120054, -0.9131, 0.389661, 0.0)], [0.992703, -0.105944, 0.0575893, 0.0)], [-0.0113025, 0.393732, 0.919156, 0.0)], [0.0, 0.0, 0.0, 1.0)]])
0.0, 0.0, 0.0
float3(-0.404688, -0.012296, -1.68631)
127.463146458
limited(__ObjC.ARCamera.TrackingState.Reason.initializing)
simd_float4x4([[-0.120532, -0.913032, 0.389671, 0.0)], [0.992641, -0.106241, 0.0581095, 0.0)], [-0.0116569, 0.393807, 0.919119, 0.0)], [0.0, 0.0, 0.0, 1.0)]])
0.0, 0.0, 0.0
float3(-0.40477, -0.012682, -1.68664)
127.529803375
limited(__ObjC.ARCamera.TrackingState.Reason.initializing)
simd_float4x4([[-0.119933, -0.913047, 0.389821, 0.0)], [0.992693, -0.105021, 0.0594309, 0.0)], [-0.0133239, 0.394101, 0.918971, 0.0)], [0.0, 0.0, 0.0, 1.0)]])
0.0, 0.0, 0.0
float3(-0.405089, -0.0144977, -1.68532)
127.59646
limited(__ObjC.ARCamera.TrackingState.Reason.initializing)
simd_float4x4([[-0.120098, -0.913698, 0.388241, 0.0)], [0.992661, -0.104943, 0.0600943, 0.0)], [-0.0141651, 0.392609, 0.919596, 0.0)], [0.0, 0.0, 0.0, 1.0)]])
0.0, 0.0, 0.0
float3(-0.403467, -0.0154024, -1.68515)
127.663116791
limited(__ObjC.ARCamera.TrackingState.Reason.initializing)
simd_float4x4([[-0.12015, -0.914226, 0.386981, 0.0)], [0.992638, -0.104629, 0.0610123, 0.0)], [-0.0152896, 0.391463, 0.920067, 0.0)], [0.0, 0.0, 0.0, 1.0)]])
0.0, 0.0, 0.0
float3(-0.40222, -0.0166164, -1.68475)
127.7297735
limited(__ObjC.ARCamera.TrackingState.Reason.initializing)
simd_float4x4([[-0.119737, -0.913906, 0.387865, 0.0)], [0.9927, -0.104515, 0.0601892, 0.0)], [-0.0144693, 0.392241, 0.919749, 0.0)], [0.0, 0.0, 0.0, 1.0)]])
0.0, 0.0, 0.0
float3(-0.403066, -0.0157305, -1.68466)
127.796430208
limited(__ObjC.ARCamera.TrackingState.Reason.initializing)
simd_float4x4([[-0.119091, -0.914092, 0.387623, 0.0)], [0.992777, -0.103928, 0.0599324, 0.0)], [-0.014499, 0.391961, 0.919867, 0.0)], [0.0, 0.0, 0.0, 1.0)]])
0.0, 0.0, 0.0
float3(-0.402762, -0.0157607, -1.68401)
127.863087083
limited(__ObjC.ARCamera.TrackingState.Reason.initializing)
simd_float4x4([[-0.11879, -0.913515, 0.389074, 0.0)], [0.992789, -0.102936, 0.0614257, 0.0)], [-0.0160635, 0.393566, 0.919156, 0.0)], [0.0, 0.0, 0.0, 1.0)]])
0.0, 0.0, 0.0
float3(-0.404507, -0.0174746, -1.683)
127.929743791
limited(__ObjC.ARCamera.TrackingState.Reason.initializing)
simd_float4x4([[-0.119038, -0.913786, 0.388363, 0.0)], [0.992742, -0.102802, 0.062404, 0.0)], [-0.0170995, 0.392973, 0.919391, 0.0)], [0.0, 0.0, 0.0, 1.0)]])
0.0, 0.0, 0.0
float3(-0.403862, -0.0185966, -1.68283)
127.996400583
limited(__ObjC.ARCamera.TrackingState.Reason.initializing)
simd_float4x4([[-0.11974, -0.913311, 0.389262, 0.0)], [0.99266, -0.103424, 0.0626909, 0.0)], [-0.0169973, 0.393912, 0.918991, 0.0)], [0.0, 0.0, 0.0, 1.0)]])
0.0, 0.0, 0.0
float3(-0.404884, -0.0184935, -1.68356)
128.063057333
limited(__ObjC.ARCamera.TrackingState.Reason.initializing)
simd_float4x4([[-0.119357, -0.913267, 0.389483, 0.0)], [0.992709, -0.103144, 0.0623633, 0.0)], [-0.0167817, 0.394087, 0.91892, 0.0)], [0.0, 0.0, 0.0, 1.0)]])
0.0, 0.0, 0.0
float3(-0.405074, -0.0182604, -1.68326)
128.129714166
limited(__ObjC.ARCamera.TrackingState.Reason.initializing)
simd_float4x4([[-0.119297, -0.913218, 0.389616, 0.0)], [0.992728, -0.10334, 0.0617467, 0.0)], [-0.0161252, 0.394149, 0.918905, 0.0)], [0.0, 0.0, 0.0, 1.0)]])
0.0, 0.0, 0.0
float3(-0.405141, -0.0175464, -1.68348)
128.196370875
limited(__ObjC.ARCamera.TrackingState.Reason.initializing)
simd_float4x4([[-0.119386, -0.91317, 0.389701, 0.0)], [0.992692, -0.102841, 0.0631327, 0.0)], [-0.0175738, 0.394391, 0.918775, 0.0)], [0.0, 0.0, 0.0, 1.0)]])
0.0, 0.0, 0.0
float3(-0.405405, -0.0191251, -1.68294)
128.263027583
limited(__ObjC.ARCamera.TrackingState.Reason.initializing)
simd_float4x4([[-0.119106, -0.913438, 0.38916, 0.0)], [0.992706, -0.102195, 0.0639547, 0.0)], [-0.0186485, 0.393939, 0.918948, 0.0)], [0.0, 0.0, 0.0, 1.0)]])
0.0, 0.0, 0.0
float3(-0.404913, -0.0202905, -1.68221)
128.329684333
limited(__ObjC.ARCamera.TrackingState.Reason.initializing)
simd_float4x4([[-0.118456, -0.91323, 0.389844, 0.0)], [0.992784, -0.101552, 0.0637704, 0.0)], [-0.0186476, 0.394585, 0.91867, 0.0)], [0.0, 0.0, 0.0, 1.0)]])
0.0, 0.0, 0.0
float3(-0.405616, -0.0202957, -1.68154)
128.396341166
limited(__ObjC.ARCamera.TrackingState.Reason.initializing)
simd_float4x4([[-0.11828, -0.913362, 0.389588, 0.0)], [0.992777, -0.10084, 0.0649967, 0.0)], [-0.0200795, 0.394462, 0.918693, 0.0)], [0.0, 0.0, 0.0, 1.0)]])
0.0, 0.0, 0.0
float3(-0.405482, -0.0218531, -1.68076)
128.462997958
limited(__ObjC.ARCamera.TrackingState.Reason.initializing)
simd_float4x4([[-0.118232, -0.91321, 0.38996, 0.0)], [0.992762, -0.100368, 0.0659525, 0.0)], [-0.0210888, 0.394935, 0.918467, 0.0)], [0.0, 0.0, 0.0, 1.0)]])
0.0, 0.0, 0.0
float3(-0.405997, -0.0229569, -1.68026)
128.52965475
limited(__ObjC.ARCamera.TrackingState.Reason.initializing)
simd_float4x4([[-0.119311, -0.913974, 0.387836, 0.0)], [0.992637, -0.101584, 0.0659733, 0.0)], [-0.0208998, 0.392852, 0.919364, 0.0)], [0.0, 0.0, 0.0, 1.0)]])
0.0, 0.0, 0.0
float3(-0.403731, -0.022729, -1.68149)
128.596311458
limited(__ObjC.ARCamera.TrackingState.Reason.initializing)
simd_float4x4([[-0.119182, -0.913851, 0.388164, 0.0)], [0.992611, -0.100692, 0.0677118, 0.0)], [-0.0227935, 0.393365, 0.919099, 0.0)], [0.0, 0.0, 0.0, 1.0)]])
0.0, 0.0, 0.0
float3(-0.404289, -0.0247948, -1.68054)
128.662968208
limited(__ObjC.ARCamera.TrackingState.Reason.initializing)
simd_float4x4([[-0.120521, -0.913082, 0.389559, 0.0)], [0.992484, -0.102435, 0.0669579, 0.0)], [-0.0212336, 0.394701, 0.918564, 0.0)], [0.0, 0.0, 0.0, 1.0)]])
0.0, 0.0, 0.0
float3(-0.405742, -0.023112, -1.68252)
128.729625083
limited(__ObjC.ARCamera.TrackingState.Reason.initializing)
simd_float4x4([[-0.119602, -0.913364, 0.389181, 0.0)], [0.992591, -0.101552, 0.0667098, 0.0)], [-0.0214082, 0.394277, 0.918742, 0.0)], [0.0, 0.0, 0.0, 1.0)]])
0.0, 0.0, 0.0
float3(-0.405281, -0.0232974, -1.68153)
128.79628175
limited(__ObjC.ARCamera.TrackingState.Reason.initializing)
simd_float4x4([[-0.119035, -0.913575, 0.388859, 0.0)], [0.992664, -0.101137, 0.0662595, 0.0)], [-0.0212052, 0.393893, 0.918912, 0.0)], [0.0, 0.0, 0.0, 1.0)]])
0.0, 0.0, 0.0
float3(-0.404863, -0.0230723, -1.68105)
128.862938583
limited(__ObjC.ARCamera.TrackingState.Reason.initializing)
simd_float4x4([[-0.118862, -0.913469, 0.389161, 0.0)], [0.992683, -0.100925, 0.0662969, 0.0)], [-0.0212842, 0.394193, 0.918781, 0.0)], [0.0, 0.0, 0.0, 1.0)]])
0.0, 0.0, 0.0
float3(-0.40519, -0.0231615, -1.68084)
128.929595166
limited(__ObjC.ARCamera.TrackingState.Reason.initializing)
simd_float4x4([[-0.118307, -0.913334, 0.389647, 0.0)], [0.992739, -0.100197, 0.0665587, 0.0)], [-0.021749, 0.394692, 0.918556, 0.0)], [0.0, 0.0, 0.0, 1.0)]])
0.0, 0.0, 0.0
float3(-0.405732, -0.0236729, -1.68006)
128.996252041
limited(__ObjC.ARCamera.TrackingState.Reason.initializing)
simd_float4x4([[-0.118194, -0.912737, 0.391077, 0.0)], [0.99276, -0.100137, 0.0663291, 0.0)], [-0.0213798, 0.396086, 0.917964, 0.0)], [0.0, 0.0, 0.0, 1.0)]])
0.0, 0.0, 0.0
float3(-0.40725, -0.0232862, -1.68007)
129.062908833
limited(__ObjC.ARCamera.TrackingState.Reason.initializing)
simd_float4x4([[-0.117989, -0.913927, 0.38835, 0.0)], [0.992768, -0.0998388, 0.0666668, 0.0)], [-0.0221562, 0.393407, 0.919097, 0.0)], [0.0, 0.0, 0.0, 1.0)]])
0.0, 0.0, 0.0
float3(-0.404335, -0.0241018, -1.67961)
129.129565666
limited(__ObjC.ARCamera.TrackingState.Reason.initializing)
simd_float4x4([[-0.11796, -0.913321, 0.389782, 0.0)], [0.992754, -0.09941, 0.0675056, 0.0)], [-0.022906, 0.39492, 0.918429, 0.0)], [0.0, 0.0, 0.0, 1.0)]])
0.0, 0.0, 0.0
float3(-0.405981, -0.0249353, -1.67921)
129.196222458
limited(__ObjC.ARCamera.TrackingState.Reason.initializing)
simd_float4x4([[-0.118126, -0.913709, 0.388821, 0.0)], [0.992714, -0.099296, 0.0682526, 0.0)], [-0.0237547, 0.39405, 0.918782, 0.0)], [0.0, 0.0, 0.0, 1.0)]])
0.0, 0.0, 0.0
float3(-0.405034, -0.0258488, -1.67905)
129.262879083
limited(__ObjC.ARCamera.TrackingState.Reason.initializing)
simd_float4x4([[-0.118499, -0.912616, 0.391267, 0.0)], [0.992653, -0.0991668, 0.0693321, 0.0)], [-0.0244728, 0.396608, 0.917662, 0.0)], [0.0, 0.0, 0.0, 1.0)]])
0.0, 0.0, 0.0
float3(-0.407819, -0.0266624, -1.67903)
129.329535958
limited(__ObjC.ARCamera.TrackingState.Reason.initializing)
simd_float4x4([[-0.118269, -0.913544, 0.389164, 0.0)], [0.992626, -0.0982755, 0.0709664, 0.0)], [-0.0265856, 0.394688, 0.918431, 0.0)], [0.0, 0.0, 0.0, 1.0)]])
0.0, 0.0, 0.0
float3(-0.405728, -0.0289387, -1.67796)
129.396192625
limited(__ObjC.ARCamera.TrackingState.Reason.initializing)
simd_float4x4([[-0.117103, -0.913463, 0.389709, 0.0)], [0.992736, -0.0967558, 0.0715131, 0.0)], [-0.0276179, 0.395252, 0.918157, 0.0)], [0.0, 0.0, 0.0, 1.0)]])
0.0, 0.0, 0.0
float3(-0.406343, -0.0300707, -1.67632)
129.4628495
limited(__ObjC.ARCamera.TrackingState.Reason.initializing)
simd_float4x4([[-0.117752, -0.91313, 0.390292, 0.0)], [0.992669, -0.097457, 0.0714807, 0.0)], [-0.0272344, 0.395848, 0.917912, 0.0)], [0.0, 0.0, 0.0, 1.0)]])
0.0, 0.0, 0.0
float3(-0.406991, -0.0296613, -1.67712)
129.529506166
limited(__ObjC.ARCamera.TrackingState.Reason.initializing)
simd_float4x4([[-0.117949, -0.913513, 0.389336, 0.0)], [0.992593, -0.0969643, 0.0731941, 0.0)], [-0.0291121, 0.395085, 0.918183, 0.0)], [0.0, 0.0, 0.0, 1.0)]])
0.0, 0.0, 0.0
float3(-0.406161, -0.0316955, -1.67654)
129.596163041
limited(__ObjC.ARCamera.TrackingState.Reason.initializing)
simd_float4x4([[-0.118221, -0.91371, 0.388791, 0.0)], [0.992533, -0.0968924, 0.0740941, 0.0)], [-0.0300296, 0.394647, 0.918342, 0.0)], [0.0, 0.0, 0.0, 1.0)]])
0.0, 0.0, 0.0
float3(-0.405684, -0.0326882, -1.67644)
129.66282
limited(__ObjC.ARCamera.TrackingState.Reason.initializing)
simd_float4x4([[-0.119345, -0.913589, 0.388731, 0.0)], [0.992402, -0.0979755, 0.0744199, 0.0)], [-0.0299032, 0.394659, 0.918341, 0.0)], [0.0, 0.0, 0.0, 1.0)]])
0.0, 0.0, 0.0
float3(-0.405696, -0.0325507, -1.67763)
129.729476583
limited(__ObjC.ARCamera.TrackingState.Reason.initializing)
simd_float4x4([[-0.119267, -0.913309, 0.389413, 0.0)], [0.99242, -0.0979564, 0.0742102, 0.0)], [-0.0296313, 0.395312, 0.918069, 0.0)], [0.0, 0.0, 0.0, 1.0)]])
0.0, 0.0, 0.0
float3(-0.406407, -0.0322645, -1.67764)
129.7961335
limited(__ObjC.ARCamera.TrackingState.Reason.initializing)
simd_float4x4([[-0.11867, -0.912991, 0.390339, 0.0)], [0.992446, -0.0967442, 0.0754387, 0.0)], [-0.0311119, 0.396342, 0.917576, 0.0)], [0.0, 0.0, 0.0, 1.0)]])
0.0, 0.0, 0.0
float3(-0.407529, -0.0338936, -1.67637)
129.862790208
limited(__ObjC.ARCamera.TrackingState.Reason.initializing)
simd_float4x4([[-0.119415, -0.912657, 0.390893, 0.0)], [0.992337, -0.0971311, 0.0763697, 0.0)], [-0.0317315, 0.397017, 0.917263, 0.0)], [0.0, 0.0, 0.0, 1.0)]])
0.0, 0.0, 0.0
float3(-0.408264, -0.0345799, -1.67682)
129.929447041
limited(__ObjC.ARCamera.TrackingState.Reason.initializing)
simd_float4x4([[-0.118776, -0.912838, 0.390664, 0.0)], [0.992343, -0.0957087, 0.0780734, 0.0)], [-0.0338785, 0.396946, 0.917217, 0.0)], [0.0, 0.0, 0.0, 1.0)]])
0.0, 0.0, 0.0
float3(-0.408187, -0.0369194, -1.67526)
129.996103791
limited(__ObjC.ARCamera.TrackingState.Reason.initializing)
simd_float4x4([[-0.118636, -0.914847, 0.385979, 0.0)], [0.992239, -0.0946454, 0.080649, 0.0)], [-0.0372505, 0.392551, 0.918976, 0.0)], [0.0, 0.0, 0.0, 1.0)]])
0.0, 0.0, 0.0
float3(-0.403403, -0.0405126, -1.67388)
130.062760541
normal
simd_float4x4([[-0.12453, -0.917932, 0.376686, 0.0)], [0.991347, -0.0992248, 0.0859362, 0.0)], [-0.041507, 0.384128, 0.922346, 0.0)], [-2.89242e-09, -8.88425e-09, -3.32069e-10, 1.0)]])
-2.89242e-09, -8.88425e-09, -3.32069e-10
float3(-0.394263, -0.0449712, -1.67847)
130.129417291
normal
simd_float4x4([[-0.127915, -0.918131, 0.375064, 0.0)], [0.99077, -0.101188, 0.0901993, 0.0)], [-0.0448628, 0.38314, 0.9226, 0.0)], [0.00218779, 0.00141413, 0.00107547, 1.0)]])
0.00218779, 0.00141413, 0.00107547
float3(-0.393194, -0.0485882, -1.68056)
130.196074291
normal
simd_float4x4([[-0.131205, -0.920103, 0.369047, 0.0)], [0.990009, -0.102217, 0.0971258, 0.0)], [-0.0516429, 0.378103, 0.924322, 0.0)], [0.00522405, 0.00233299, 0.00127656, 1.0)]])
0.00522405, 0.00233299, 0.00127656
float3(-0.387746, -0.0558131, -1.68144)
130.262731041
normal
simd_float4x4([[-0.135183, -0.922086, 0.362606, 0.0)], [0.989105, -0.104063, 0.104122, 0.0)], [-0.0582753, 0.372731, 0.926108, 0.0)], [0.00836975, 0.00276974, 0.00105403, 1.0)]])
0.00836975, 0.00276974, 0.00105403
float3(-0.38195, -0.0628421, -1.68318)
130.329387833
normal
simd_float4x4([[-0.13863, -0.92345, 0.357802, 0.0)], [0.988158, -0.10499, 0.111893, 0.0)], [-0.065762, 0.369077, 0.927069, 0.0)], [0.0113529, 0.00413613, 0.00187697, 1.0)]])
0.0113529, 0.00413613, 0.00187697
float3(-0.378016, -0.0708168, -1.684)
130.396044666
normal
simd_float4x4([[-0.143228, -0.92348, 0.355907, 0.0)], [0.98733, -0.108508, 0.115785, 0.0)], [-0.0683068, 0.367981, 0.927321, 0.0)], [0.0162574, 0.00383355, -0.000116639, 1.0)]])
0.0162574, 0.00383355, -0.000116639
float3(-0.376837, -0.0735275, -1.68776)
130.462701375
normal
simd_float4x4([[-0.143155, -0.923851, 0.354974, 0.0)], [0.986757, -0.105591, 0.123133, 0.0)], [-0.0762747, 0.3679, 0.926732, 0.0)], [0.019431, 0.00541535, -0.000307089, 1.0)]])
0.019431, 0.00541535, -0.000307089
float3(-0.37675, -0.08212, -1.6846)
130.529358291
normal
simd_float4x4([[-0.145346, -0.925172, 0.350615, 0.0)], [0.985728, -0.104986, 0.1316, 0.0)], [-0.084943, 0.364739, 0.927227, 0.0)], [0.0228726, 0.00671343, 0.000316443, 1.0)]])
0.0228726, 0.00671343, 0.000316443
float3(-0.373352, -0.0913547, -1.68379)
130.596015
normal
simd_float4x4([[-0.147631, -0.927455, 0.343558, 0.0)], [0.985055, -0.10672, 0.135192, 0.0)], [-0.0887201, 0.358382, 0.92935, 0.0)], [0.0273776, 0.00707494, -0.000102585, 1.0)]])
0.0273776, 0.00707494, -0.000102585
float3(-0.366535, -0.0951763, -1.68536)
130.66267175
normal
simd_float4x4([[-0.147906, -0.929652, 0.337447, 0.0)], [0.984586, -0.106205, 0.138961, 0.0)], [-0.0933471, 0.352799, 0.931031, 0.0)], [0.0292899, 0.00861007, -0.00016409, 1.0)]])
0.0292899, 0.00861007, -0.00016409
float3(-0.360561, -0.0999281, -1.68454)
130.729328666
normal
simd_float4x4([[-0.142269, -0.93261, 0.33166, 0.0)], [0.98497, -0.100233, 0.140663, 0.0)], [-0.0979406, 0.346687, 0.932853, 0.0)], [0.0296391, 0.0104696, 0.000227115, 1.0)]])
0.0296391, 0.0104696, 0.000227115
float3(-0.354037, -0.104607, -1.67786)
130.795985416
normal
simd_float4x4([[-0.137912, -0.935201, 0.326158, 0.0)], [0.985838, -0.097891, 0.136164, 0.0)], [-0.0954133, 0.340317, 0.935457, 0.0)], [0.0298827, 0.0110626, -0.00288209, 1.0)]])
0.0298827, 0.0110626, -0.00288209
float3(-0.347254, -0.101645, -1.67509)
130.862642291
normal
simd_float4x4([[-0.129973, -0.937172, 0.323751, 0.0)], [0.987149, -0.0916908, 0.130881, 0.0)], [-0.0929731, 0.336602, 0.937046, 0.0)], [0.0293602, 0.0134748, -0.00546317, 1.0)]])
0.0293602, 0.0134748, -0.00546317
float3(-0.343306, -0.0988957, -1.66832)
130.929298958
normal
simd_float4x4([[-0.121568, -0.942105, 0.312503, 0.0)], [0.989541, -0.0904015, 0.112409, 0.0)], [-0.0776508, 0.3229, 0.943242, 0.0)], [0.0288837, 0.0183886, -0.00688121, 1.0)]])
0.0288837, 0.0183886, -0.00688121
float3(-0.328792, -0.082138, -1.66646)
130.995955875
normal
simd_float4x4([[-0.111807, -0.949037, 0.294665, 0.0)], [0.991886, -0.088525, 0.0912443, 0.0)], [-0.0605091, 0.302475, 0.951234, 0.0)], [0.0295483, 0.0251369, -0.00910099, 1.0)]])
0.0295483, 0.0251369, -0.00910099
float3(-0.307289, -0.0635255, -1.66381)
131.062612541
normal
simd_float4x4([[-0.0975434, -0.957313, 0.272097, 0.0)], [0.994086, -0.0806053, 0.0727755, 0.0)], [-0.0477365, 0.277586, 0.959514, 0.0)], [0.0307843, 0.0353471, -0.00995995, 1.0)]])
0.0307843, 0.0353471, -0.00995995
float3(-0.281281, -0.0497097, -1.6548)
131.129269583
normal
simd_float4x4([[-0.093437, -0.963283, 0.251706, 0.0)], [0.995148, -0.0825345, 0.0535532, 0.0)], [-0.0308124, 0.255489, 0.966321, 0.0)], [0.033847, 0.043873, -0.0116015, 1.0)]])
0.033847, 0.043873, -0.0116015
float3(-0.258353, -0.0318755, -1.65627)
131.195926125
normal
simd_float4x4([[-0.0950278, -0.968028, 0.232145, 0.0)], [0.995236, -0.0872839, 0.0434292, 0.0)], [-0.0217782, 0.235166, 0.971711, 0.0)], [0.037861, 0.0500605, -0.0131858, 1.0)]])
0.037861, 0.0500605, -0.0131858
float3(-0.237389, -0.0224084, -1.66072)
131.262583125
normal
simd_float4x4([[-0.0928384, -0.972794, 0.212256, 0.0)], [0.995605, -0.0880704, 0.0318298, 0.0)], [-0.0122704, 0.214278, 0.976695, 0.0)], [0.0402415, 0.0582089, -0.0129631, 1.0)]])
0.0402415, 0.0582089, -0.0129631
float3(-0.215953, -0.0125625, -1.66108)
131.329240083
normal
simd_float4x4([[-0.0910827, -0.979349, 0.1805, 0.0)], [0.995841, -0.0892262, 0.0183955, 0.0)], [-0.00191031, 0.181425, 0.983403, 0.0)], [0.0436422, 0.0657894, -0.0108166, 1.0)]])
0.0436422, 0.0657894, -0.0108166
float3(-0.182435, -0.00194255, -1.66165)
131.395896666
normal
simd_float4x4([[-0.0880787, -0.984116, 0.154137, 0.0)], [0.99608, -0.0882801, 0.00555135, 0.0)], [0.00814404, 0.154022, 0.988034, 0.0)], [0.0464662, 0.0729282, -0.00913522, 1.0)]])
0.0464662, 0.0729282, -0.00913522
float3(-0.154637, 0.00824248, -1.66026)
131.462553541
normal
simd_float4x4([[-0.0843951, -0.986549, 0.139997, 0.0)], [0.996178, -0.0867105, -0.010512, 0.0)], [0.0225098, 0.138575, 0.990096, 0.0)], [0.0488375, 0.078405, -0.00908937, 1.0)]])
0.0488375, 0.078405, -0.00908937
float3(-0.139023, 0.0227311, -1.65846)
131.529210416
normal
simd_float4x4([[-0.0858958, -0.989141, 0.119256, 0.0)], [0.99537, -0.0903807, -0.032713, 0.0)], [0.0431362, 0.115894, 0.992324, 0.0)], [0.0516635, 0.0826147, -0.00840143, 1.0)]])
0.0516635, 0.0826147, -0.00840143
float3(-0.116155, 0.0434425, -1.66192)
131.595867208
normal
simd_float4x4([[-0.0893784, -0.991184, 0.0978062, 0.0)], [0.994651, -0.0939309, -0.0429673, 0.0)], [0.0517755, 0.0934427, 0.994277, 0.0)], [0.0555174, 0.086478, -0.00679456, 1.0)]])
0.0555174, 0.086478, -0.00679456
float3(-0.0935792, 0.0520265, -1.66528)
131.662524
normal
simd_float4x4([[-0.0890778, -0.992013, 0.0893094, 0.0)], [0.99427, -0.093882, -0.0511109, 0.0)], [0.0590872, 0.0842449, 0.994692, 0.0)], [0.0591559, 0.0893945, -0.00758839, 1.0)]])
0.0591559, 0.0893945, -0.00758839
float3(-0.0843448, 0.0593328, -1.66515)
131.729180875
normal
simd_float4x4([[-0.0854787, -0.991389, 0.0992067, 0.0)], [0.995044, -0.0900206, -0.042238, 0.0)], [0.050805, 0.0951045, 0.99417, 0.0)], [0.063829, 0.0903881, -0.0127779, 1.0)]])
0.063829, 0.0903881, -0.0127779
float3(-0.0952485, 0.0510585, -1.66135)
131.795837625
normal
simd_float4x4([[-0.0729303, -0.9907, 0.114866, 0.0)], [0.997196, -0.0743711, -0.00830293, 0.0)], [0.0167684, 0.113939, 0.993346, 0.0)], [0.0694507, 0.094477, -0.0202301, 1.0)]])
0.0694507, 0.094477, -0.0202301
float3(-0.114187, 0.0168792, -1.64573)
131.862494333
normal
simd_float4x4([[-0.0615126, -0.989649, 0.129658, 0.0)], [0.997943, -0.0586321, 0.0259215, 0.0)], [-0.0180511, 0.130986, 0.99122, 0.0)], [0.0772657, 0.097162, -0.0276387, 1.0)]])
0.0772657, 0.097162, -0.0276387
float3(-0.131364, -0.0182089, -1.62997)
131.92915125
normal
simd_float4x4([[-0.0470469, -0.987799, 0.14846, 0.0)], [0.99644, -0.0360008, 0.0762352, 0.0)], [-0.0699603, 0.151518, 0.985975, 0.0)], [0.0849903, 0.0959066, -0.0349706, 1.0)]])
0.0849903, 0.0959066, -0.0349706
float3(-0.152104, -0.0708367, -1.60723)
131.995808125
normal
simd_float4x4([[-0.0420576, -0.987924, 0.149121, 0.0)], [0.99433, -0.0267974, 0.102905, 0.0)], [-0.0976666, 0.152603, 0.98345, 0.0)], [0.0945932, 0.0954141, -0.037594, 1.0)]])
0.0945932, 0.0954141, -0.037594
float3(-0.153202, -0.0989856, -1.59791)
132.062465
normal
simd_float4x4([[-0.0470194, -0.988037, 0.146873, 0.0)], [0.992108, -0.0290827, 0.121967, 0.0)], [-0.116236, 0.151448, 0.981607, 0.0)], [0.106311, 0.0939793, -0.0401233, 1.0)]])
0.106311, 0.0939793, -0.0401233
float3(-0.152033, -0.117865, -1.60022)
132.12912175
normal
simd_float4x4([[-0.0524314, -0.988759, 0.140022, 0.0)], [0.990543, -0.0336909, 0.133003, 0.0)], [-0.126791, 0.145671, 0.981175, 0.0)], [0.116575, 0.0891818, -0.0412176, 1.0)]])
0.116575, 0.0891818, -0.0412176
float3(-0.146191, -0.128511, -1.60486)
132.195778625
normal
simd_float4x4([[-0.0526609, -0.987776, 0.146714, 0.0)], [0.990153, -0.032565, 0.136151, 0.0)], [-0.129709, 0.152439, 0.979764, 0.0)], [0.127139, 0.0899956, -0.046505, 1.0)]])
0.127139, 0.0899956, -0.046505
float3(-0.153036, -0.131623, -1.60375)
132.262435375
normal
simd_float4x4([[-0.0481712, -0.989751, 0.134431, 0.0)], [0.993029, -0.0329598, 0.113168, 0.0)], [-0.107578, 0.138946, 0.984439, 0.0)], [0.134964, 0.0893454, -0.0472064, 1.0)]])
0.134964, 0.0893454, -0.0472064
float3(-0.139397, -0.108846, -1.60409)
132.329092208
normal
simd_float4x4([[-0.0431331, -0.990338, 0.131795, 0.0)], [0.995753, -0.0318745, 0.0863718, 0.0)], [-0.0813364, 0.134961, 0.987507, 0.0)], [0.137721, 0.0841609, -0.0491775, 1.0)]])
0.137721, 0.0841609, -0.0491775
float3(-0.135374, -0.0821799, -1.60297)
132.395749
normal
simd_float4x4([[-0.0345579, -0.990452, 0.13346, 0.0)], [0.998629, -0.0289699, 0.0435886, 0.0)], [-0.0393061, 0.134783, 0.990095, 0.0)], [0.141547, 0.0844662, -0.0517547, 1.0)]])
0.141547, 0.0844662, -0.0517547
float3(-0.135194, -0.0396785, -1.60004)
132.462405916
normal
simd_float4x4([[-0.0288201, -0.989389, 0.142404, 0.0)], [0.999584, -0.0287272, 0.00270888, 0.0)], [0.00141074, 0.142423, 0.989805, 0.0)], [0.14202, 0.0854093, -0.0558524, 1.0)]])
0.14202, 0.0854093, -0.0558524
float3(-0.142909, 0.00142527, -1.59982)
132.529062833
normal
simd_float4x4([[-0.019624, -0.988151, 0.152227, 0.0)], [0.998931, -0.0257525, -0.0383922, 0.0)], [0.0418575, 0.151311, 0.987599, 0.0)], [0.140046, 0.0815658, -0.0601161, 1.0)]])
0.140046, 0.0815658, -0.0601161
float3(-0.151894, 0.0423577, -1.59685)
132.595719458
normal
simd_float4x4([[-0.0130195, -0.987482, 0.15719, 0.0)], [0.995498, -0.0275614, -0.0906894, 0.0)], [0.0938866, 0.155302, 0.983395, 0.0)], [0.137811, 0.0818121, -0.0619878, 1.0)]])
0.137811, 0.0818121, -0.0619878
float3(-0.155933, 0.0951834, -1.5987)
132.662376458
normal
simd_float4x4([[-0.0051282, -0.987466, 0.157748, 0.0)], [0.989851, -0.027416, -0.139439, 0.0)], [0.142016, 0.155432, 0.977585, 0.0)], [0.132756, 0.0819841, -0.0620224, 1.0)]])
0.132756, 0.0819841, -0.0620224
float3(-0.156065, 0.144263, -1.59855)
132.729033125
normal
simd_float4x4([[0.00513265, -0.986628, 0.16291, 0.0)], [0.980473, -0.0270611, -0.19478, 0.0)], [0.196584, 0.160729, 0.967223, 0.0)], [0.128549, 0.0779681, -0.0625114, 1.0)]])
0.128549, 0.0779681, -0.0625114
float3(-0.161429, 0.200515, -1.59822)
132.795690041
normal
simd_float4x4([[0.0154037, -0.986878, 0.160732, 0.0)], [0.96849, -0.0252374, -0.247769, 0.0)], [0.248575, 0.159484, 0.955393, 0.0)], [0.1211, 0.0801835, -0.0595053, 1.0)]])
0.1211, 0.0801835, -0.0595053
float3(-0.160168, 0.254537, -1.59636)
132.862346916
normal
simd_float4x4([[0.0226263, -0.987392, 0.156669, 0.0)], [0.955669, -0.0246556, -0.293408, 0.0)], [0.293571, 0.156363, 0.943062, 0.0)], [0.113838, 0.0816831, -0.052713, 1.0)]])
0.113838, 0.0816831, -0.052713
float3(-0.157007, 0.301787, -1.59576)
132.929003708
normal
simd_float4x4([[0.0285477, -0.98722, 0.156785, 0.0)], [0.943653, -0.0251181, -0.329981, 0.0)], [0.329702, 0.157371, 0.930876, 0.0)], [0.10932, 0.0782946, -0.0473578, 1.0)]])
0.10932, 0.0782946, -0.0473578
float3(-0.158028, 0.340398, -1.59623)
132.9956605
normal
simd_float4x4([[0.0291636, -0.988205, 0.150337, 0.0)], [0.928891, -0.0287591, -0.369236, 0.0)], [0.369204, 0.150415, 0.917095, 0.0)], [0.105319, 0.0771056, -0.0395127, 1.0)]])
0.105319, 0.0771056, -0.0395127
float3(-0.150988, 0.382728, -1.59989)
133.062317333
normal
simd_float4x4([[0.030907, -0.989465, 0.141438, 0.0)], [0.914325, -0.0291791, -0.403929, 0.0)], [0.4038, 0.141804, 0.90379, 0.0)], [0.102162, 0.0740992, -0.0308898, 1.0)]])
0.102162, 0.0740992, -0.0308898
float3(-0.142284, 0.420177, -1.60028)
133.128974375
normal
simd_float4x4([[0.0364427, -0.98926, 0.141546, 0.0)], [0.902785, -0.02815, -0.429171, 0.0)], [0.428546, 0.143426, 0.892063, 0.0)], [0.100323, 0.0698522, -0.0234834, 1.0)]])
0.100323, 0.0698522, -0.0234834
float3(-0.143922, 0.447844, -1.59924)
133.195630958
normal
simd_float4x4([[0.0407229, -0.989346, 0.139773, 0.0)], [0.8913, -0.0272544, -0.452593, 0.0)], [0.451581, 0.143011, 0.880695, 0.0)], [0.0969009, 0.0668716, -0.0137303, 1.0)]])
0.0969009, 0.0668716, -0.0137303
float3(-0.143503, 0.473799, -1.59834)
133.262287833
normal
simd_float4x4([[0.0448945, -0.990081, 0.133133, 0.0)], [0.884094, -0.022675, -0.466759, 0.0)], [0.465148, 0.138657, 0.874306, 0.0)], [0.0933234, 0.0643225, -0.00418982, 1.0)]])
0.0933234, 0.0643225, -0.00418982
float3(-0.139105, 0.488934, -1.59369)
133.328944625
normal
simd_float4x4([[0.0472123, -0.991146, 0.124095, 0.0)], [0.878089, -0.0180398, -0.478156, 0.0)], [0.476162, 0.131541, 0.869464, 0.0)], [0.0938131, 0.0606012, 0.00448147, 1.0)]])
0.0938131, 0.0606012, 0.00448147
float3(-0.131923, 0.501037, -1.589)
133.395601625
normal
simd_float4x4([[0.0496441, -0.99178, 0.11793, 0.0)], [0.873732, -0.0140784, -0.486204, 0.0)], [0.483868, 0.127177, 0.865851, 0.0)], [0.0932552, 0.0590397, 0.0117179, 1.0)]])
0.0932552, 0.0590397, 0.0117179
float3(-0.127522, 0.509601, -1.58499)
133.462258458
normal
simd_float4x4([[0.0497256, -0.992155, 0.114697, 0.0)], [0.87178, -0.012922, -0.489727, 0.0)], [0.487367, 0.124343, 0.864299, 0.0)], [0.0940421, 0.0568993, 0.0188427, 1.0)]])
0.0940421, 0.0568993, 0.0188427
float3(-0.124665, 0.513443, -1.58382)
133.528915208
normal
simd_float4x4([[0.0493889, -0.992709, 0.109949, 0.0)], [0.870746, -0.0111278, -0.491607, 0.0)], [0.489247, 0.120018, 0.863848, 0.0)], [0.0979406, 0.0525057, 0.0234407, 1.0)]])
0.0979406, 0.0525057, 0.0234407
float3(-0.120308, 0.515315, -1.58201)
133.595571916
normal
simd_float4x4([[0.0491494, -0.992907, 0.10826, 0.0)], [0.872696, -0.0100269, -0.48816, 0.0)], [0.485783, 0.118471, 0.866013, 0.0)], [0.0994149, 0.051562, 0.026881, 1.0)]])
0.0994149, 0.051562, 0.026881
float3(-0.11875, 0.511205, -1.58089)
133.662229
normal
simd_float4x4([[0.0519962, -0.993058, 0.105509, 0.0)], [0.877161, -0.00508847, -0.480169, 0.0)], [0.477372, 0.117515, 0.870807, 0.0)], [0.102293, 0.0497657, 0.0288373, 1.0)]])
0.102293, 0.0497657, 0.0288373
float3(-0.117788, 0.501456, -1.57592)
133.728885875
normal
simd_float4x4([[0.0522147, -0.993257, 0.103506, 0.0)], [0.884519, -0.00211489, -0.466498, 0.0)], [0.463572, 0.115911, 0.878445, 0.0)], [0.109577, 0.0469676, 0.0288446, 1.0)]])
0.109577, 0.0469676, 0.0288446
float3(-0.116173, 0.485576, -1.57293)
133.795542541
normal
simd_float4x4([[0.0463856, -0.993819, 0.100857, 0.0)], [0.892573, -0.00409766, -0.450883, 0.0)], [0.44851, 0.110937, 0.886866, 0.0)], [0.118214, 0.0446626, 0.0286106, 1.0)]])
0.118214, 0.0446626, 0.0286106
float3(-0.111166, 0.468216, -1.57492)
133.862199458
normal
simd_float4x4([[0.0403559, -0.99434, 0.0982783, 0.0)], [0.903323, -0.00573183, -0.428923, 0.0)], [0.427058, 0.106087, 0.897979, 0.0)], [0.129487, 0.0414673, 0.0275583, 1.0)]])
0.129487, 0.0414673, 0.0275583
float3(-0.106287, 0.443919, -1.57656)
133.928856208
normal
simd_float4x4([[0.0333515, -0.995103, 0.0930492, 0.0)], [0.913817, -0.00734227, -0.406059, 0.0)], [0.404754, 0.0985726, 0.909097, 0.0)], [0.142958, 0.0374281, 0.025735, 1.0)]])
0.142958, 0.0374281, 0.025735
float3(-0.0987329, 0.418877, -1.57817)
133.995513083
normal
simd_float4x4([[0.0302639, -0.995044, 0.0947139, 0.0)], [0.925994, -0.00776482, -0.377458, 0.0)], [0.376323, 0.0991279, 0.92117, 0.0)], [0.155495, 0.0336185, 0.0208535, 1.0)]])
0.155495, 0.0336185, 0.0208535
float3(-0.099291, 0.387836, -1.5786)
134.062169833
normal
simd_float4x4([[0.0250784, -0.995349, 0.0930142, 0.0)], [0.934598, -0.00968012, -0.355573, 0.0)], [0.354819, 0.0958481, 0.930009, 0.0)], [0.168895, 0.029412, 0.014409, 1.0)]])
0.168895, 0.029412, 0.014409
float3(-0.0959954, 0.364477, -1.58052)
134.128826833
normal
simd_float4x4([[0.0181908, -0.995091, 0.0972788, 0.0)], [0.942991, -0.0152632, -0.332468, 0.0)], [0.332321, 0.0977809, 0.938084, 0.0)], [0.183594, 0.0238619, 0.00861578, 1.0)]])
0.183594, 0.0238619, 0.00861578
float3(-0.0979374, 0.34046, -1.58613)
134.195483583
normal
simd_float4x4([[0.0144276, -0.995671, 0.0918203, 0.0)], [0.95084, -0.0147484, -0.309332, 0.0)], [0.309347, 0.0917693, 0.946511, 0.0)], [0.199085, 0.0197976, 0.00197539, 1.0)]])
0.199085, 0.0197976, 0.00197539
float3(-0.0918986, 0.315885, -1.58561)
134.262140541
normal
simd_float4x4([[0.0142423, -0.995085, 0.0979966, 0.0)], [0.958747, -0.0142369, -0.283904, 0.0)], [0.283904, 0.0979974, 0.953832, 0.0)], [0.214765, 0.0148922, -0.00937667, 1.0)]])
0.214765, 0.0148922, -0.00937667
float3(-0.0981549, 0.289296, -1.5851)
134.328797541
normal
simd_float4x4([[0.0134735, -0.993993, 0.10861, 0.0)], [0.963617, -0.0160904, -0.266801, 0.0)], [0.266946, 0.108253, 0.957612, 0.0)], [0.229361, 0.00746862, -0.0180946, 1.0)]])
0.229361, 0.00746862, -0.0180946
float3(-0.108465, 0.27186, -1.58698)
134.395454333
normal
simd_float4x4([[0.0136567, -0.992858, 0.118519, 0.0)], [0.969479, -0.0158705, -0.244662, 0.0)], [0.244795, 0.118243, 0.962338, 0.0)], [0.244631, 0.00109439, -0.0267878, 1.0)]])
0.244631, 0.00109439, -0.0267878
float3(-0.11852, 0.249093, -1.58678)
134.46211125
normal
simd_float4x4([[0.00474866, -0.99305, 0.117593, 0.0)], [0.973462, -0.0223153, -0.227758, 0.0)], [0.2288, 0.115554, 0.966591, 0.0)], [0.26238, -0.00493225, -0.0337883, 1.0)]])
0.26238, -0.00493225, -0.0337883
float3(-0.115813, 0.23243, -1.59326)
134.528767916
normal
simd_float4x4([[-0.00210335, -0.993098, 0.117271, 0.0)], [0.977818, -0.0266044, -0.207759, 0.0)], [0.209445, 0.114233, 0.971125, 0.0)], [0.279659, -0.0115353, -0.0389625, 1.0)]])
0.279659, -0.0115353, -0.0389625
float3(-0.114482, 0.212419, -1.59758)
134.595424791
normal
simd_float4x4([[-0.00687902, -0.992901, 0.118743, 0.0)], [0.982059, -0.0290857, -0.186314, 0.0)], [0.188445, 0.115332, 0.975288, 0.0)], [0.298895, -0.015841, -0.0511179, 1.0)]])
0.298895, -0.015841, -0.0511179
float3(-0.115589, 0.190868, -1.60008)
134.662081625
normal
simd_float4x4([[-0.0113705, -0.992838, 0.118929, 0.0)], [0.985507, -0.0312582, -0.166727, 0.0)], [0.16925, 0.11531, 0.978804, 0.0)], [0.319178, -0.0189558, -0.0686062, 1.0)]])
0.319178, -0.0189558, -0.0686062
float3(-0.115567, 0.171222, -1.60227)
134.728738541
normal
simd_float4x4([[-0.0142273, -0.992616, 0.120462, 0.0)], [0.988332, -0.0322314, -0.148861, 0.0)], [0.151645, 0.116939, 0.981493, 0.0)], [0.335684, -0.0267737, -0.0753992, 1.0)]])
0.335684, -0.0267737, -0.0753992
float3(-0.117207, 0.153292, -1.60326)
134.79539525
normal
simd_float4x4([[-0.0170055, -0.992175, 0.123693, 0.0)], [0.990155, -0.033902, -0.135809, 0.0)], [0.13894, 0.120165, 0.982983, 0.0)], [0.354967, -0.0298383, -0.0931532, 1.0)]])
0.354967, -0.0298383, -0.0931532
float3(-0.120457, 0.140415, -1.60495)
134.862052125
normal
simd_float4x4([[-0.0162583, -0.992407, 0.121921, 0.0)], [0.991571, -0.0316788, -0.12563, 0.0)], [0.128539, 0.118851, 0.984557, 0.0)], [0.385741, 0.0112319, -0.211328, 1.0)]])
0.385741, 0.0112319, -0.211328
float3(-0.119133, 0.129821, -1.60271)
134.928709208
normal
simd_float4x4([[-0.0192544, -0.991534, 0.128412, 0.0)], [0.992228, -0.0347419, -0.119483, 0.0)], [0.122932, 0.125113, 0.984497, 0.0)], [0.402027, 0.00554211, -0.224648, 1.0)]])
0.402027, 0.00554211, -0.224648
float3(-0.125442, 0.124225, -1.60582)
134.995365833
normal
simd_float4x4([[-0.0201402, -0.992119, 0.123672, 0.0)], [0.993069, -0.034177, -0.112451, 0.0)], [0.115792, 0.12055, 0.985931, 0.0)], [0.405454, 0.0257463, -0.26459, 1.0)]])
0.405454, 0.0257463, -0.26459
float3(-0.120844, 0.116909, -1.60523)
135.062022916
normal
simd_float4x4([[-0.0209297, -0.991239, 0.130411, 0.0)], [0.99334, -0.0353993, -0.109644, 0.0)], [0.1133, 0.127248, 0.985379, 0.0)], [0.402149, 0.0450253, -0.295662, 1.0)]])
0.402149, 0.0450253, -0.295662
float3(-0.127594, 0.114479, -1.60649)
135.128679625
normal
simd_float4x4([[-0.0223164, -0.990832, 0.133242, 0.0)], [0.993668, -0.0366626, -0.106209, 0.0)], [0.11012, 0.130028, 0.985376, 0.0)], [0.415932, 0.0404592, -0.309988, 1.0)]])
0.415932, 0.0404592, -0.309988
float3(-0.130397, 0.111293, -1.60778)
135.195336583
normal
simd_float4x4([[-0.0221966, -0.991433, 0.128714, 0.0)], [0.993142, -0.0366482, -0.111021, 0.0)], [0.114787, 0.125367, 0.985448, 0.0)], [0.420705, 0.0606699, -0.303516, 1.0)]])
0.420705, 0.0606699, -0.303516
float3(-0.125697, 0.115959, -1.60774)
135.261993375
limited(__ObjC.ARCamera.TrackingState.Reason.insufficientFeatures)
simd_float4x4([[-0.0199892, -0.99245, 0.12101, 0.0)], [0.99303, -0.0337695, -0.112922, 0.0)], [0.116156, 0.117909, 0.986208, 0.0)], [0.412319, 0.0646053, -0.310543, 1.0)]])
0.412319, 0.0646053, -0.310543
float3(-0.118184, 0.11724, -1.60481)
135.328650333
limited(__ObjC.ARCamera.TrackingState.Reason.insufficientFeatures)
simd_float4x4([[-0.0165916, -0.99261, 0.120211, 0.0)], [0.992902, -0.0305178, -0.114951, 0.0)], [0.11777, 0.117451, 0.986071, 0.0)], [0.424196, 0.0612911, -0.322887, 1.0)]])
0.424196, 0.0612911, -0.322887
float3(-0.117722, 0.118871, -1.60153)
135.395307083
limited(__ObjC.ARCamera.TrackingState.Reason.insufficientFeatures)
simd_float4x4([[-0.0170205, -0.993039, 0.116551, 0.0)], [0.992432, -0.0309563, -0.118824, 0.0)], [0.121605, 0.113647, 0.986051, 0.0)], [0.413758, 0.0646005, -0.323483, 1.0)]])
0.413758, 0.0646005, -0.323483
float3(-0.113893, 0.122706, -1.60196)
135.461964
limited(__ObjC.ARCamera.TrackingState.Reason.insufficientFeatures)
simd_float4x4([[-0.0141838, -0.993161, 0.115886, 0.0)], [0.992168, -0.0283636, -0.121644, 0.0)], [0.124099, 0.113253, 0.985785, 0.0)], [0.400761, 0.0672183, -0.318751, 1.0)]])
0.400761, 0.0672183, -0.318751
float3(-0.113497, 0.12523, -1.59935)
135.528621
limited(__ObjC.ARCamera.TrackingState.Reason.insufficientFeatures)
simd_float4x4([[-0.0102592, -0.993173, 0.116197, 0.0)], [0.992339, -0.024419, -0.121102, 0.0)], [0.123113, 0.114064, 0.985816, 0.0)], [0.4111, 0.0638804, -0.330722, 1.0)]])
0.4111, 0.0638804, -0.330722
float3(-0.114313, 0.124241, -1.59538)
135.59527775
limited(__ObjC.ARCamera.TrackingState.Reason.insufficientFeatures)
simd_float4x4([[-0.00129139, -0.994223, 0.107321, 0.0)], [0.991397, -0.0153194, -0.129989, 0.0)], [0.130883, 0.10623, 0.98569, 0.0)], [0.37653, 0.0704923, -0.300856, 1.0)]])
0.37653, 0.0704923, -0.300856
float3(-0.106431, 0.132011, -1.5862)
135.661934541
limited(__ObjC.ARCamera.TrackingState.Reason.insufficientFeatures)
