ARKit Data
1197471.33761871
normal
simd_float4x4([[0.370658, -0.919394, -0.131632, 0.0)], [-0.308361, 0.0118674, -0.951195, 0.0)], [0.876086, 0.393158, -0.279107, 0.0)], [-1.97523, 1.26255, 2.31475, 1.0)]])
-1.97523, 1.26255, 2.31475
float3(-0.404064, 1.87921, -1.55789)
1197471.65745496
notAvailable
simd_float4x4([[1.0, 0.0, 0.0, 0.0)], [0.0, 1.0, 0.0, 0.0)], [0.0, 0.0, 1.0, 0.0)], [0.0, 0.0, 0.0, 1.0)]])
0.0, 0.0, 0.0
float3(-0.0, 0.0, 0.0)
1197471.757473
notAvailable
simd_float4x4([[1.0, 0.0, 0.0, 0.0)], [0.0, 1.0, 0.0, 0.0)], [0.0, 0.0, 1.0, 0.0)], [0.0, 0.0, 0.0, 1.0)]])
0.0, 0.0, 0.0
float3(-0.0, 0.0, 0.0)
1197471.85752417
limited(__ObjC.ARCamera.TrackingState.Reason.initializing)
simd_float4x4([[-0.00928156, -0.912568, 0.408819, 0.0)], [0.999954, -0.00954511, 0.00139562, 0.0)], [0.00262863, 0.408813, 0.912614, 0.0)], [0.0, 0.0, 0.0, 1.0)]])
0.0, 0.0, 0.0
float3(-0.421153, 0.00288032, -1.58126)
1197471.95757517
limited(__ObjC.ARCamera.TrackingState.Reason.initializing)
simd_float4x4([[-0.0141723, -0.928783, 0.370353, 0.0)], [0.9999, -0.0131261, 0.00534517, 0.0)], [-0.000103199, 0.370392, 0.928876, 0.0)], [0.0, 0.0, 0.0, 1.0)]])
0.0, 0.0, 0.0
float3(-0.379431, -0.000111101, -1.58493)
1197472.05762625
limited(__ObjC.ARCamera.TrackingState.Reason.initializing)
simd_float4x4([[0.00918864, -0.949314, 0.314196, 0.0)], [0.999957, 0.00917863, -0.00151127, 0.0)], [-0.00144922, 0.314196, 0.949357, 0.0)], [0.0, 0.0, 0.0, 1.0)]])
0.0, 0.0, 0.0
float3(-0.31961, -0.00152653, -1.56113)
1197472.15767729
limited(__ObjC.ARCamera.TrackingState.Reason.initializing)
simd_float4x4([[-0.0180986, -0.961955, 0.272608, 0.0)], [0.99961, -0.0232141, -0.0155512, 0.0)], [0.0212879, 0.27222, 0.961999, 0.0)], [0.0, 0.0, 0.0, 1.0)]])
0.0, 0.0, 0.0
float3(-0.2757, 0.0221252, -1.59492)
1197472.25772825
limited(__ObjC.ARCamera.TrackingState.Reason.initializing)
simd_float4x4([[-0.0253182, -0.969741, 0.242816, 0.0)], [0.998112, -0.0381201, -0.0481692, 0.0)], [0.0559679, 0.241137, 0.968875, 0.0)], [0.0, 0.0, 0.0, 1.0)]])
0.0, 0.0, 0.0
float3(-0.243538, 0.0577017, -1.61009)
1197472.35777954
limited(__ObjC.ARCamera.TrackingState.Reason.initializing)
simd_float4x4([[-0.0260182, -0.973489, 0.227246, 0.0)], [0.994906, -0.0473637, -0.0889891, 0.0)], [0.0973932, 0.223773, 0.969763, 0.0)], [0.0, 0.0, 0.0, 1.0)]])
0.0, 0.0, 0.0
float3(-0.225684, 0.100094, -1.61941)
1197472.45783058
limited(__ObjC.ARCamera.TrackingState.Reason.initializing)
simd_float4x4([[-0.0193336, -0.97421, 0.224808, 0.0)], [0.99013, -0.0498733, -0.130976, 0.0)], [0.13881, 0.220057, 0.96556, 0.0)], [0.0, 0.0, 0.0, 1.0)]])
0.0, 0.0, 0.0
float3(-0.221873, 0.142783, -1.62195)
1197472.55788175
limited(__ObjC.ARCamera.TrackingState.Reason.initializing)
simd_float4x4([[-0.00668129, -0.974021, 0.226355, 0.0)], [0.983216, -0.0476702, -0.176108, 0.0)], [0.182323, 0.221379, 0.957992, 0.0)], [0.0, 0.0, 0.0, 1.0)]])
0.0, 0.0, 0.0
float3(-0.223229, 0.188069, -1.6197)
1197472.65793275
limited(__ObjC.ARCamera.TrackingState.Reason.initializing)
simd_float4x4([[0.00298586, -0.974653, 0.223697, 0.0)], [0.975952, -0.045918, -0.213094, 0.0)], [0.217964, 0.218954, 0.951078, 0.0)], [0.0, 0.0, 0.0, 1.0)]])
0.0, 0.0, 0.0
float3(-0.220742, 0.225286, -1.61787)
1197472.75798392
limited(__ObjC.ARCamera.TrackingState.Reason.initializing)
simd_float4x4([[0.017041, -0.974299, 0.224607, 0.0)], [0.967446, -0.0406628, -0.24979, 0.0)], [0.252503, 0.221552, 0.941889, 0.0)], [0.0, 0.0, 0.0, 1.0)]])
0.0, 0.0, 0.0
float3(-0.223405, 0.261923, -1.61251)
1197472.85803496
limited(__ObjC.ARCamera.TrackingState.Reason.initializing)
simd_float4x4([[0.0273818, -0.974946, 0.220741, 0.0)], [0.958257, -0.0372671, -0.283467, 0.0)], [0.284592, 0.219289, 0.933229, 0.0)], [0.0, 0.0, 0.0, 1.0)]])
0.0, 0.0, 0.0
float3(-0.221085, 0.295996, -1.609)
1197472.95808592
limited(__ObjC.ARCamera.TrackingState.Reason.initializing)
simd_float4x4([[0.0370483, -0.973954, 0.223688, 0.0)], [0.948857, -0.0359423, -0.313653, 0.0)], [0.313525, 0.223868, 0.922812, 0.0)], [0.0, 0.0, 0.0, 1.0)]])
0.0, 0.0, 0.0
float3(-0.225782, 0.327514, -1.60768)
1197473.05813708
limited(__ObjC.ARCamera.TrackingState.Reason.initializing)
simd_float4x4([[0.0443407, -0.972096, 0.230344, 0.0)], [0.940329, -0.0372506, -0.33822, 0.0)], [0.337364, 0.231596, 0.912439, 0.0)], [0.0, 0.0, 0.0, 1.0)]])
0.0, 0.0, 0.0
float3(-0.233718, 0.35415, -1.6091)
1197473.15818821
limited(__ObjC.ARCamera.TrackingState.Reason.initializing)
simd_float4x4([[0.0485847, -0.971732, 0.231024, 0.0)], [0.934197, -0.037635, -0.354767, 0.0)], [0.353434, 0.233058, 0.90596, 0.0)], [0.0, 0.0, 0.0, 1.0)]])
0.0, 0.0, 0.0
float3(-0.235221, 0.371961, -1.60951)
1197473.25823929
limited(__ObjC.ARCamera.TrackingState.Reason.initializing)
simd_float4x4([[0.0507317, -0.971287, 0.232428, 0.0)], [0.931428, -0.0379614, -0.361941, 0.0)], [0.360373, 0.234852, 0.902758, 0.0)], [0.0, 0.0, 0.0, 1.0)]])
0.0, 0.0, 0.0
float3(-0.237067, 0.379809, -1.60986)
1197473.35829037
limited(__ObjC.ARCamera.TrackingState.Reason.initializing)
simd_float4x4([[0.0500738, -0.970273, 0.236766, 0.0)], [0.932995, -0.0391478, -0.357754, 0.0)], [0.356389, 0.238815, 0.903299, 0.0)], [0.0, 0.0, 0.0, 1.0)]])
0.0, 0.0, 0.0
float3(-0.241146, 0.375792, -1.61112)
1197473.45834146
limited(__ObjC.ARCamera.TrackingState.Reason.initializing)
simd_float4x4([[0.0475652, -0.969252, 0.24142, 0.0)], [0.937684, -0.0399608, -0.345184, 0.0)], [0.344219, 0.242794, 0.90695, 0.0)], [0.0, 0.0, 0.0, 1.0)]])
0.0, 0.0, 0.0
float3(-0.245245, 0.36274, -1.612)
1197473.55839263
limited(__ObjC.ARCamera.TrackingState.Reason.initializing)
simd_float4x4([[0.0440284, -0.968747, 0.2441, 0.0)], [0.945249, -0.0386901, -0.324047, 0.0)], [0.323365, 0.245003, 0.914004, 0.0)], [0.0, 0.0, 0.0, 1.0)]])
0.0, 0.0, 0.0
float3(-0.247522, 0.340047, -1.61071)
1197473.65844367
limited(__ObjC.ARCamera.TrackingState.Reason.initializing)
simd_float4x4([[0.0400089, -0.968416, 0.246098, 0.0)], [0.953937, -0.0362679, -0.297805, 0.0)], [0.297326, 0.246677, 0.922357, 0.0)], [0.0, 0.0, 0.0, 1.0)]])
0.0, 0.0, 0.0
float3(-0.24925, 0.311837, -1.60823)
1197473.75849496
limited(__ObjC.ARCamera.TrackingState.Reason.initializing)
simd_float4x4([[0.0332768, -0.967674, 0.249988, 0.0)], [0.962831, -0.0360434, -0.267689, 0.0)], [0.268047, 0.249604, 0.930507, 0.0)], [0.0, 0.0, 0.0, 1.0)]])
0.0, 0.0, 0.0
float3(-0.252271, 0.280472, -1.60803)
1197473.85854596
limited(__ObjC.ARCamera.TrackingState.Reason.initializing)
simd_float4x4([[0.0260151, -0.967211, 0.252626, 0.0)], [0.971202, -0.0354154, -0.235609, 0.0)], [0.236831, 0.251481, 0.938436, 0.0)], [0.0, 0.0, 0.0, 1.0)]])
0.0, 0.0, 0.0
float3(-0.25421, 0.247206, -1.6074)
1197473.95859717
limited(__ObjC.ARCamera.TrackingState.Reason.initializing)
simd_float4x4([[0.0175567, -0.967381, 0.252702, 0.0)], [0.978287, -0.0355799, -0.204176, 0.0)], [0.206508, 0.2508, 0.945752, 0.0)], [0.0, 0.0, 0.0, 1.0)]])
0.0, 0.0, 0.0
float3(-0.253507, 0.214979, -1.60756)
1197474.05864825
limited(__ObjC.ARCamera.TrackingState.Reason.initializing)
simd_float4x4([[0.0101811, -0.96712, 0.254101, 0.0)], [0.984019, -0.035486, -0.174491, 0.0)], [0.177771, 0.251817, 0.951304, 0.0)], [0.0, 0.0, 0.0, 1.0)]])
0.0, 0.0, 0.0
float3(-0.254557, 0.184741, -1.60747)
1197474.15869913
limited(__ObjC.ARCamera.TrackingState.Reason.initializing)
simd_float4x4([[0.00285762, -0.967118, 0.254297, 0.0)], [0.989188, -0.0345525, -0.142525, 0.0)], [0.146626, 0.251955, 0.956563, 0.0)], [0.0, 0.0, 0.0, 1.0)]])
0.0, 0.0, 0.0
float3(-0.2547, 0.1521, -1.60651)
1197474.25875042
limited(__ObjC.ARCamera.TrackingState.Reason.initializing)
simd_float4x4([[-0.00514172, -0.966971, 0.254821, 0.0)], [0.993372, -0.0342008, -0.109741, 0.0)], [0.114831, 0.252567, 0.960737, 0.0)], [0.0, 0.0, 0.0, 1.0)]])
0.0, 0.0, 0.0
float3(-0.255333, 0.11896, -1.60615)
1197474.35880146
limited(__ObjC.ARCamera.TrackingState.Reason.initializing)
simd_float4x4([[-0.0126153, -0.967618, 0.252088, 0.0)], [0.996646, -0.0325541, -0.0750824, 0.0)], [0.0808579, 0.250296, 0.964783, 0.0)], [0.0, 0.0, 0.0, 1.0)]])
0.0, 0.0, 0.0
float3(-0.252986, 0.083614, -1.60443)
1197474.45885267
limited(__ObjC.ARCamera.TrackingState.Reason.initializing)
simd_float4x4([[-0.0212503, -0.968544, 0.247917, 0.0)], [0.998671, -0.0322109, -0.0402395, 0.0)], [0.0469594, 0.246732, 0.967941, 0.0)], [0.0, 0.0, 0.0, 1.0)]])
0.0, 0.0, 0.0
float3(-0.249306, 0.0484768, -1.60404)
1197474.55890375
limited(__ObjC.ARCamera.TrackingState.Reason.initializing)
simd_float4x4([[-0.0294063, -0.969015, 0.245228, 0.0)], [0.999503, -0.0312898, -0.0037878, 0.0)], [0.0113435, 0.244994, 0.969454, 0.0)], [0.0, 0.0, 0.0, 1.0)]])
0.0, 0.0, 0.0
float3(-0.247514, 0.0117004, -1.60308)
1197474.65895488
limited(__ObjC.ARCamera.TrackingState.Reason.initializing)
simd_float4x4([[-0.0413452, -0.969479, 0.241644, 0.0)], [0.998877, -0.0345113, 0.0324473, 0.0)], [-0.0231178, 0.242715, 0.969818, 0.0)], [0.0, 0.0, 0.0, 1.0)]])
0.0, 0.0, 0.0
float3(-0.245163, -0.0238327, -1.60638)
1197474.75900604
limited(__ObjC.ARCamera.TrackingState.Reason.initializing)
simd_float4x4([[-0.0506894, -0.970035, 0.237601, 0.0)], [0.997097, -0.0356197, 0.0672975, 0.0)], [-0.0568182, 0.240322, 0.969024, 0.0)], [0.0, 0.0, 0.0, 1.0)]])
0.0, 0.0, 0.0
float3(-0.242698, -0.0585674, -1.6075)
1197474.85905712
limited(__ObjC.ARCamera.TrackingState.Reason.initializing)
simd_float4x4([[-0.0578382, -0.971099, 0.231544, 0.0)], [0.993968, -0.0343675, 0.10415, 0.0)], [-0.0931831, 0.236171, 0.967229, 0.0)], [0.0, 0.0, 0.0, 1.0)]])
0.0, 0.0, 0.0
float3(-0.238424, -0.0960439, -1.60617)
1197474.95910838
limited(__ObjC.ARCamera.TrackingState.Reason.initializing)
simd_float4x4([[-0.0630127, -0.97164, 0.227896, 0.0)], [0.989673, -0.0313768, 0.139868, 0.0)], [-0.128752, 0.234356, 0.963583, 0.0)], [0.0, 0.0, 0.0, 1.0)]])
0.0, 0.0, 0.0
float3(-0.236556, -0.132831, -1.60308)
1197475.05915938
limited(__ObjC.ARCamera.TrackingState.Reason.initializing)
simd_float4x4([[-0.0700035, -0.971833, 0.225017, 0.0)], [0.984066, -0.0303207, 0.175196, 0.0)], [-0.16344, 0.233696, 0.958471, 0.0)], [0.0, 0.0, 0.0, 1.0)]])
0.0, 0.0, 0.0
float3(-0.235877, -0.168897, -1.60199)
1197475.15921071
limited(__ObjC.ARCamera.TrackingState.Reason.initializing)
simd_float4x4([[-0.0778105, -0.97226, 0.22056, 0.0)], [0.97705, -0.0303659, 0.210836, 0.0)], [-0.198291, 0.231903, 0.952309, 0.0)], [0.0, 0.0, 0.0, 1.0)]])
0.0, 0.0, 0.0
float3(-0.234034, -0.205288, -1.60202)
1197475.25926175
limited(__ObjC.ARCamera.TrackingState.Reason.initializing)
simd_float4x4([[-0.0842836, -0.97325, 0.213713, 0.0)], [0.96885, -0.0299214, 0.245835, 0.0)], [-0.232865, 0.227775, 0.945455, 0.0)], [0.0, 0.0, 0.0, 1.0)]])
0.0, 0.0, 0.0
float3(-0.229792, -0.241493, -1.60153)
1197475.35931279
limited(__ObjC.ARCamera.TrackingState.Reason.initializing)
simd_float4x4([[-0.0883876, -0.974863, 0.204506, 0.0)], [0.959173, -0.0279264, 0.281437, 0.0)], [-0.268652, 0.221032, 0.937531, 0.0)], [0.0, 0.0, 0.0, 1.0)]])
0.0, 0.0, 0.0
float3(-0.222873, -0.279075, -1.59943)
1197475.45936383
limited(__ObjC.ARCamera.TrackingState.Reason.initializing)
simd_float4x4([[-0.0932343, -0.975312, 0.200169, 0.0)], [0.947996, -0.0255113, 0.317257, 0.0)], [-0.30432, 0.219339, 0.92697, 0.0)], [0.0, 0.0, 0.0, 1.0)]])
0.0, 0.0, 0.0
float3(-0.221137, -0.317209, -1.59695)
1197475.559415
limited(__ObjC.ARCamera.TrackingState.Reason.initializing)
simd_float4x4([[-0.0979042, -0.975885, 0.195082, 0.0)], [0.935468, -0.0233569, 0.352639, 0.0)], [-0.33958, 0.217018, 0.915196, 0.0)], [0.0, 0.0, 0.0, 1.0)]])
0.0, 0.0, 0.0
float3(-0.218758, -0.3553, -1.59473)
1197475.65946625
normal
simd_float4x4([[-0.0854018, -0.981402, 0.171919, 0.0)], [0.923519, -0.0132149, 0.383326, 0.0)], [-0.373925, 0.191507, 0.907472, 0.0)], [-0.0021035, 0.000260181, 0.00398984, 1.0)]])
-0.0021035, 0.000260181, 0.00398984
float3(-0.192698, -0.390853, -1.58426)
1197475.75951737
normal
simd_float4x4([[-0.0867273, -0.981748, 0.169262, 0.0)], [0.911055, -0.00941957, 0.412177, 0.0)], [-0.403059, 0.189954, 0.895243, 0.0)], [-0.00269286, 0.0011897, 0.00808993, 1.0)]])
-0.00269286, 0.0011897, 0.00808993
float3(-0.191115, -0.423039, -1.58039)
1197475.85956854
normal
simd_float4x4([[-0.0900445, -0.982915, 0.16053, 0.0)], [0.897537, -0.0102281, 0.44082, 0.0)], [-0.431647, 0.183775, 0.883124, 0.0)], [-0.00394587, 0.00229052, 0.0178076, 1.0)]])
-0.00394587, 0.00229052, 0.0178076
float3(-0.184826, -0.454625, -1.5812)
1197475.95961967
normal
simd_float4x4([[-0.0918786, -0.98409, 0.152072, 0.0)], [0.888459, -0.0120518, 0.458798, 0.0)], [-0.449665, 0.177263, 0.875431, 0.0)], [-0.00403092, 0.00233116, 0.0269012, 1.0)]])
-0.00403092, 0.00233116, 0.0269012
float3(-0.178205, -0.474508, -1.58304)
1197476.05967067
normal
simd_float4x4([[-0.0901879, -0.984544, 0.150133, 0.0)], [0.886317, -0.0105932, 0.462959, 0.0)], [-0.454213, 0.174819, 0.873573, 0.0)], [-0.00917912, 0.00216859, 0.0329357, 1.0)]])
-0.00917912, 0.00216859, 0.0329357
float3(-0.175722, -0.479479, -1.58156)
1197476.159722
normal
simd_float4x4([[-0.0849645, -0.985319, 0.148077, 0.0)], [0.89262, -0.00923595, 0.450715, 0.0)], [-0.442731, 0.170472, 0.880301, 0.0)], [-0.0177959, 0.00302996, 0.0358824, 1.0)]])
-0.0177959, 0.00302996, 0.0358824
float3(-0.171308, -0.46599, -1.58017)
1197476.25977304
normal
simd_float4x4([[-0.079255, -0.984794, 0.154591, 0.0)], [0.906264, -0.00658623, 0.422662, 0.0)], [-0.415217, 0.173599, 0.893005, 0.0)], [-0.032242, 0.00253759, 0.0343968, 1.0)]])
-0.032242, 0.00253759, 0.0343968
float3(-0.174483, -0.435229, -1.57748)
1197476.35982438
normal
simd_float4x4([[-0.0724724, -0.984323, 0.160795, 0.0)], [0.924544, -0.00582725, 0.381031, 0.0)], [-0.374121, 0.176277, 0.910473, 0.0)], [-0.0543176, 0.00174192, 0.0313645, 1.0)]])
-0.0543176, 0.00174192, 0.0313645
float3(-0.177203, -0.389875, -1.57672)
1197476.45987533
normal
simd_float4x4([[-0.0591364, -0.983999, 0.168076, 0.0)], [0.945121, -0.000993478, 0.326719, 0.0)], [-0.321324, 0.178173, 0.930057, 0.0)], [-0.0791057, 0.00141223, 0.025783, 1.0)]])
-0.0791057, 0.00141223, 0.025783
float3(-0.179129, -0.33265, -1.57181)
1197476.55992658
normal
simd_float4x4([[-0.047538, -0.984034, 0.171516, 0.0)], [0.96375, -5.38186e-05, 0.266808, 0.0)], [-0.262538, 0.177982, 0.948365, 0.0)], [-0.105378, 0.000835247, 0.0195086, 1.0)]])
-0.105378, 0.000835247, 0.0195086
float3(-0.178935, -0.270069, -1.57085)
1197476.65997775
normal
simd_float4x4([[-0.0387387, -0.98406, 0.173563, 0.0)], [0.979305, -0.00285817, 0.202372, 0.0)], [-0.198651, 0.177811, 0.963806, 0.0)], [-0.130893, -0.000586503, 0.00893077, 1.0)]])
-0.130893, -0.000586503, 0.00893077
float3(-0.178761, -0.203264, -1.5737)
1197476.76002879
normal
simd_float4x4([[-0.0340601, -0.984114, 0.174242, 0.0)], [0.990737, -0.010315, 0.135406, 0.0)], [-0.131458, 0.17724, 0.975349, 0.0)], [-0.155118, -0.00271631, -0.00228809, 1.0)]])
-0.155118, -0.00271631, -0.00228809
float3(-0.178181, -0.133973, -1.58128)
1197476.86008004
normal
simd_float4x4([[-0.0277887, -0.983702, 0.177648, 0.0)], [0.998073, -0.0174417, 0.0595433, 0.0)], [-0.0554744, 0.178961, 0.982291, 0.0)], [-0.181825, -0.00348042, -0.0141493, 1.0)]])
-0.181825, -0.00348042, -0.0141493
float3(-0.17993, -0.0564146, -1.58853)
1197476.96013108
normal
simd_float4x4([[-0.0132288, -0.983029, 0.182973, 0.0)], [0.999665, -0.0170727, -0.0194489, 0.0)], [0.0222427, 0.182654, 0.982926, 0.0)], [-0.20954, -0.00369047, -0.0256277, 1.0)]])
-0.20954, -0.00369047, -0.0256277
float3(-0.183685, 0.0226252, -1.58816)
1197477.06018225
normal
simd_float4x4([[0.000228753, -0.982835, 0.184487, 0.0)], [0.995525, -0.0172102, -0.0929198, 0.0)], [0.0944999, 0.183683, 0.978433, 0.0)], [-0.235804, -0.00386312, -0.0327402, 1.0)]])
-0.235804, -0.00386312, -0.0327402
float3(-0.184732, 0.0962843, -1.58831)
1197477.1602335
normal
simd_float4x4([[0.0120188, -0.98276, 0.184494, 0.0)], [0.986869, -0.0180635, -0.16051, 0.0)], [0.161075, 0.184, 0.969638, 0.0)], [-0.260412, -0.00271825, -0.0377327, 1.0)]])
-0.260412, -0.00271825, -0.0377327
float3(-0.185055, 0.164616, -1.58917)
1197477.26028454
normal
simd_float4x4([[0.0294814, -0.982653, 0.183096, 0.0)], [0.975421, -0.011735, -0.220038, 0.0)], [0.21837, 0.185083, 0.958154, 0.0)], [-0.158807, -0.0551358, -0.0529877, 1.0)]])
-0.158807, -0.0551358, -0.0529877
float3(-0.186156, 0.22408, -1.58274)
1197477.36033579
normal
simd_float4x4([[0.0448667, -0.982354, 0.181571, 0.0)], [0.961977, -0.00653314, -0.273054, 0.0)], [0.269422, 0.186918, 0.944708, 0.0)], [-0.185159, -0.0565558, -0.0504557, 1.0)]])
-0.185159, -0.0565558, -0.0504557
float3(-0.188024, 0.277815, -1.57745)
1197477.46038679
normal
simd_float4x4([[0.054754, -0.981862, 0.181519, 0.0)], [0.949877, -0.00481826, -0.312587, 0.0)], [0.307792, 0.189536, 0.932384, 0.0)], [-0.211995, -0.058097, -0.04896, 1.0)]])
-0.211995, -0.058097, -0.04896
float3(-0.19069, 0.318849, -1.5757)
1197477.56043812
normal
simd_float4x4([[0.0539906, -0.981696, 0.182641, 0.0)], [0.943863, -0.00952262, -0.330199, 0.0)], [0.325894, 0.190216, 0.926073, 0.0)], [-0.237004, -0.0608107, -0.0509394, 1.0)]])
-0.237004, -0.0608107, -0.0509394
float3(-0.191382, 0.338376, -1.5805)
1197477.66048925
normal
simd_float4x4([[0.0493724, -0.981774, 0.183525, 0.0)], [0.945763, -0.0131152, -0.324592, 0.0)], [0.321083, 0.189597, 0.927878, 0.0)], [-0.26412, -0.0633766, -0.0562447, 1.0)]])
-0.26412, -0.0633766, -0.0562447
float3(-0.190752, 0.333143, -1.58415)
1197477.76054042
normal
simd_float4x4([[0.0407779, -0.981601, 0.18654, 0.0)], [0.954859, -0.0166958, -0.296589, 0.0)], [0.294247, 0.190214, 0.93661, 0.0)], [-0.288125, -0.0664243, -0.0653258, 1.0)]])
-0.288125, -0.0664243, -0.0653258
float3(-0.19138, 0.304398, -1.5878)
1197477.86059158
normal
simd_float4x4([[0.0298551, -0.980907, 0.192174, 0.0)], [0.967076, -0.0202656, -0.25368, 0.0)], [0.25273, 0.193421, 0.948006, 0.0)], [-0.298566, -0.0683364, -0.0788035, 1.0)]])
-0.298566, -0.0683364, -0.0788035
float3(-0.194648, 0.260532, -1.59145)
1197477.96064267
normal
simd_float4x4([[0.0118253, -0.981066, 0.193313, 0.0)], [0.980683, -0.0263704, -0.19382, 0.0)], [0.195248, 0.191871, 0.961802, 0.0)], [-0.290313, -0.0699543, -0.0919218, 1.0)]])
-0.290313, -0.0699543, -0.0919218
float3(-0.193068, 0.200281, -1.59767)
1197478.06069404
normal
simd_float4x4([[-0.0049998, -0.981383, 0.191994, 0.0)], [0.990583, -0.0311299, -0.133325, 0.0)], [0.13682, 0.189519, 0.972298, 0.0)], [-0.272153, -0.0725555, -0.104968, 1.0)]])
-0.272153, -0.0725555, -0.104968
float3(-0.190673, 0.1398, -1.60251)
1197478.16074508
normal
simd_float4x4([[-0.0202315, -0.981267, 0.191588, 0.0)], [0.996455, -0.0354414, -0.0762971, 0.0)], [0.081658, 0.189366, 0.978505, 0.0)], [-0.254151, -0.0760449, -0.116189, 1.0)]])
-0.254151, -0.0760449, -0.116189
float3(-0.190516, 0.0832589, -1.6069)
1197478.2607965
normal
simd_float4x4([[-0.0384925, -0.979574, 0.197365, 0.0)], [0.998486, -0.045472, -0.0309524, 0.0)], [0.0392948, 0.195875, 0.979841, 0.0)], [-0.242999, -0.0804734, -0.129628, 1.0)]])
-0.242999, -0.0804734, -0.129628
float3(-0.197149, 0.0400817, -1.61718)
1197478.36084746
normal
simd_float4x4([[-0.0495308, -0.977212, 0.206406, 0.0)], [0.998752, -0.0497821, 0.00397887, 0.0)], [0.0063871, 0.206345, 0.978458, 0.0)], [-0.234406, -0.0837247, -0.145609, 1.0)]])
-0.234406, -0.0837247, -0.145609
float3(-0.207838, 0.00652762, -1.6217)
1197478.46089858
normal
simd_float4x4([[-0.0471565, -0.974897, 0.217606, 0.0)], [0.998658, -0.0413485, 0.0311697, 0.0)], [-0.0213896, 0.218784, 0.975539, 0.0)], [-0.224784, -0.0837791, -0.161698, 1.0)]])
-0.224784, -0.0837791, -0.161698
float3(-0.220568, -0.0219224, -1.61318)
1197478.56095
normal
simd_float4x4([[-0.0519316, -0.972472, 0.227157, 0.0)], [0.997787, -0.0410695, 0.0522889, 0.0)], [-0.0415203, 0.22937, 0.972453, 0.0)], [-0.20172, -0.0851449, -0.180741, 1.0)]])
-0.20172, -0.0851449, -0.180741
float3(-0.23143, -0.0426705, -1.613)
1197478.66100092
normal
simd_float4x4([[-0.0531161, -0.971681, 0.23025, 0.0)], [0.997083, -0.0389502, 0.0656419, 0.0)], [-0.0548146, 0.233065, 0.970915, 0.0)], [-0.180808, -0.0873102, -0.19717, 1.0)]])
-0.180808, -0.0873102, -0.19717
float3(-0.235228, -0.0563968, -1.61086)
1197478.76105229
normal
simd_float4x4([[-0.0534214, -0.971154, 0.232394, 0.0)], [0.996863, -0.0382574, 0.0692792, 0.0)], [-0.05839, 0.235366, 0.970151, 0.0)], [-0.160635, -0.0905197, -0.214404, 1.0)]])
-0.160635, -0.0905197, -0.214404
float3(-0.237595, -0.060114, -1.61017)
1197478.8611035
normal
simd_float4x4([[-0.055151, -0.973109, 0.223647, 0.0)], [0.996794, -0.0406549, 0.0689144, 0.0)], [-0.0579689, 0.226731, 0.972231, 0.0)], [-0.136324, -0.0929199, -0.233528, 1.0)]])
-0.136324, -0.0929199, -0.233528
float3(-0.22872, -0.0595541, -1.61255)
1197478.96115475
normal
simd_float4x4([[-0.0623624, -0.970617, 0.232406, 0.0)], [0.996035, -0.0457213, 0.0763199, 0.0)], [-0.0634515, 0.236244, 0.96962, 0.0)], [-0.105709, -0.0911751, -0.260321, 1.0)]])
-0.105709, -0.0911751, -0.260321
float3(-0.238499, -0.0653464, -1.61787)
1197479.06120579
normal
simd_float4x4([[-0.07065, -0.974138, 0.214626, 0.0)], [0.994209, -0.0513007, 0.0944289, 0.0)], [-0.0809763, 0.220054, 0.972121, 0.0)], [-0.0676498, -0.0843744, -0.284159, 1.0)]])
-0.0676498, -0.0843744, -0.284159
float3(-0.22187, -0.0831067, -1.62341)
1197479.16125687
normal
simd_float4x4([[-0.0687479, -0.97929, 0.190433, 0.0)], [0.991463, -0.0458679, 0.122054, 0.0)], [-0.110791, 0.197198, 0.974083, 0.0)], [-0.0297252, -0.0811411, -0.307253, 1.0)]])
-0.0297252, -0.0811411, -0.307253
float3(-0.198499, -0.113252, -1.6176)
1197479.26130821
normal
simd_float4x4([[-0.0667359, -0.981195, 0.181115, 0.0)], [0.987399, -0.0388399, 0.153413, 0.0)], [-0.143494, 0.189071, 0.971422, 0.0)], [0.00463747, -0.0810848, -0.328474, 1.0)]])
0.00463747, -0.0810848, -0.328474
float3(-0.190216, -0.146655, -1.61036)
1197479.36135929
normal
simd_float4x4([[-0.0693509, -0.978701, 0.193224, 0.0)], [0.979744, -0.0303458, 0.19794, 0.0)], [-0.187861, 0.203037, 0.960981, 0.0)], [0.0348438, -0.0813488, -0.348312, 1.0)]])
0.0348438, -0.0813488, -0.348312
float3(-0.204459, -0.193054, -1.60179)
1197479.46141071
normal
simd_float4x4([[-0.0828512, -0.978049, 0.191194, 0.0)], [0.969324, -0.0345414, 0.243347, 0.0)], [-0.231401, 0.20549, 0.950908, 0.0)], [0.0673922, -0.0804934, -0.36356, 1.0)]])
0.0673922, -0.0804934, -0.36356
float3(-0.206965, -0.238708, -1.6061)
1197479.56146171
normal
simd_float4x4([[-0.0817524, -0.978651, 0.18857, 0.0)], [0.954157, -0.0221936, 0.298483, 0.0)], [-0.287926, 0.204327, 0.935601, 0.0)], [0.0909939, -0.0789501, -0.377049, 1.0)]])
0.0909939, -0.0789501, -0.377049
float3(-0.205776, -0.298546, -1.59347)
1197479.66151296
normal
simd_float4x4([[-0.093305, -0.977326, 0.190075, 0.0)], [0.935944, -0.0209881, 0.351524, 0.0)], [-0.339564, 0.210699, 0.91668, 0.0)], [0.114374, -0.0802196, -0.391231, 1.0)]])
0.114374, -0.0802196, -0.391231
float3(-0.212289, -0.354756, -1.59227)
1197479.76156413
normal
simd_float4x4([[-0.104386, -0.975872, 0.191774, 0.0)], [0.913521, -0.0178524, 0.4064, 0.0)], [-0.393171, 0.217612, 0.893343, 0.0)], [0.134281, -0.0817628, -0.405882, 1.0)]])
0.134281, -0.0817628, -0.405882
float3(-0.219367, -0.414601, -1.58909)
1197479.86161529
normal
simd_float4x4([[-0.11455, -0.976131, 0.184518, 0.0)], [0.882554, -0.0147277, 0.469981, 0.0)], [-0.456046, 0.216683, 0.863175, 0.0)], [0.152508, -0.0838514, -0.42101, 1.0)]])
0.152508, -0.0838514, -0.42101
float3(-0.218416, -0.486058, -1.58588)
1197479.96166671
normal
simd_float4x4([[-0.125285, -0.977716, 0.168451, 0.0)], [0.840677, -0.0144566, 0.541344, 0.0)], [-0.526845, 0.209435, 0.823754, 0.0)], [0.163865, -0.0837406, -0.430174, 1.0)]])
0.163865, -0.0837406, -0.430174
float3(-0.210997, -0.569005, -1.58558)
1197480.06171771
normal
simd_float4x4([[-0.138747, -0.978226, 0.154347, 0.0)], [0.794637, -0.0169581, 0.606848, 0.0)], [-0.591017, 0.206848, 0.779688, 0.0)], [0.18026, -0.0802924, -0.44094, 1.0)]])
0.18026, -0.0802924, -0.44094
float3(-0.208352, -0.648612, -1.58813)
1197480.16176912
normal
simd_float4x4([[-0.145459, -0.979974, 0.135988, 0.0)], [0.739469, -0.0163709, 0.672992, 0.0)], [-0.657288, 0.198451, 0.727042, 0.0)], [0.197318, -0.0777393, -0.449829, 1.0)]])
0.197318, -0.0777393, -0.449829
float3(-0.199778, -0.735053, -1.5875)
1197480.26182012
normal
simd_float4x4([[-0.150861, -0.982149, 0.11236, 0.0)], [0.677802, -0.0200297, 0.734971, 0.0)], [-0.719601, 0.187037, 0.668724, 0.0)], [0.214001, -0.0755003, -0.454163, 1.0)]])
0.214001, -0.0755003, -0.454163
float3(-0.188145, -0.822028, -1.59119)
1197480.36187142
normal
simd_float4x4([[-0.153751, -0.983551, 0.0948025, 0.0)], [0.614311, -0.0199984, 0.788811, 0.0)], [-0.77394, 0.179518, 0.607281, 0.0)], [0.22881, -0.0753475, -0.460248, 1.0)]])
0.22881, -0.0753475, -0.460248
float3(-0.180497, -0.905478, -1.59113)
1197480.46192258
normal
simd_float4x4([[-0.163034, -0.983452, 0.0790035, 0.0)], [0.550979, -0.0243288, 0.834164, 0.0)], [-0.818439, 0.179526, 0.545828, 0.0)], [0.240668, -0.0771654, -0.462528, 1.0)]])
0.240668, -0.0771654, -0.462528
float3(-0.180505, -0.982623, -1.59553)
1197480.56197379
normal
simd_float4x4([[-0.171434, -0.98254, 0.072293, 0.0)], [0.490125, -0.0214027, 0.871389, 0.0)], [-0.854627, 0.184819, 0.485237, 0.0)], [0.248869, -0.0789995, -0.465666, 1.0)]])
0.248869, -0.0789995, -0.465666
float3(-0.185887, -1.05441, -1.59258)
1197480.66202504
normal
simd_float4x4([[-0.183366, -0.98097, 0.0638343, 0.0)], [0.429799, -0.0216008, 0.902666, 0.0)], [-0.884109, 0.192955, 0.425581, 0.0)], [0.255785, -0.0820599, -0.464258, 1.0)]])
0.255785, -0.0820599, -0.464258
float3(-0.194172, -1.12217, -1.59281)
1197480.76207633
normal
simd_float4x4([[-0.19724, -0.979068, 0.0502281, 0.0)], [0.373211, -0.027612, 0.927335, 0.0)], [-0.906537, 0.201654, 0.370845, 0.0)], [0.257179, -0.0869041, -0.460497, 1.0)]])
0.257179, -0.0869041, -0.460497
float3(-0.203046, -1.18249, -1.59899)
1197480.86212742
normal
simd_float4x4([[-0.210304, -0.976622, 0.0445099, 0.0)], [0.322935, -0.0264236, 0.946052, 0.0)], [-0.92276, 0.213332, 0.320943, 0.0)], [0.253707, -0.0866013, -0.455653, 1.0)]])
0.253707, -0.0866013, -0.455653
float3(-0.214984, -1.23608, -1.59785)
1197480.96217871
normal
simd_float4x4([[-0.2206, -0.974701, 0.0359677, 0.0)], [0.276792, -0.0271997, 0.960545, 0.0)], [-0.935266, 0.221851, 0.275789, 0.0)], [0.255434, -0.0892293, -0.448603, 1.0)]])
0.255434, -0.0892293, -0.448603
float3(-0.223713, -1.28405, -1.59869)
1197481.06222975
normal
simd_float4x4([[-0.228084, -0.973223, 0.0285463, 0.0)], [0.230187, -0.0254122, 0.972814, 0.0)], [-0.94604, 0.228454, 0.22982, 0.0)], [0.263306, -0.0903189, -0.444562, 1.0)]])
0.263306, -0.0903189, -0.444562
float3(-0.230489, -1.33248, -1.5969)
1197481.16228108
normal
simd_float4x4([[-0.233863, -0.971986, 0.0234629, 0.0)], [0.185933, -0.0210233, 0.982338, 0.0)], [-0.954325, 0.234095, 0.185641, 0.0)], [0.270879, -0.0919887, -0.440804, 1.0)]])
0.270879, -0.0919887, -0.440804
float3(-0.236288, -1.37867, -1.59242)
1197481.26233233
normal
simd_float4x4([[-0.237681, -0.971076, 0.0227906, 0.0)], [0.145077, -0.0122896, 0.989344, 0.0)], [-0.960448, 0.238454, 0.143801, 0.0)], [0.278416, -0.0931126, -0.436497, 1.0)]])
0.278416, -0.0931126, -0.436497
float3(-0.240774, -1.42218, -1.58345)
1197481.36238363
normal
simd_float4x4([[-0.240548, -0.97037, 0.0227584, 0.0)], [0.110934, -0.00419159, 0.993819, 0.0)], [-0.964277, 0.241586, 0.108656, 0.0)], [0.285336, -0.0944501, -0.428365, 1.0)]])
0.285336, -0.0944501, -0.428365
float3(-0.244, -1.45859, -1.57512)
1197481.46243483
normal
simd_float4x4([[-0.241445, -0.970198, 0.0204941, 0.0)], [0.0795146, 0.00126865, 0.996833, 0.0)], [-0.967151, 0.24231, 0.0768386, 0.0)], [0.287441, -0.0928495, -0.415297, 1.0)]])
0.287441, -0.0928495, -0.415297
float3(-0.244746, -1.49151, -1.56949)
1197481.56248596
normal
simd_float4x4([[-0.23063, -0.972963, 0.0123732, 0.0)], [0.0475951, 0.00142072, 0.998866, 0.0)], [-0.971877, 0.230958, 0.0459806, 0.0)], [0.285509, -0.0887843, -0.397802, 1.0)]])
0.285509, -0.0887843, -0.397802
float3(-0.233062, -1.52352, -1.56934)
1197481.66253729
normal
simd_float4x4([[-0.229906, -0.973209, 0.00288812, 0.0)], [0.0167046, -0.000978996, 0.99986, 0.0)], [-0.97307, 0.229922, 0.0164822, 0.0)], [0.280691, -0.0845326, -0.377818, 1.0)]])
0.280691, -0.0845326, -0.377818
float3(-0.231997, -1.55386, -1.5718)
1197481.76258838
normal
simd_float4x4([[-0.232988, -0.972434, -0.0094393, 0.0)], [-0.0115657, -0.00693494, 0.999909, 0.0)], [-0.972411, 0.233076, -0.00963113, 0.0)], [0.272318, -0.0811773, -0.358106, 1.0)]])
0.272318, -0.0811773, -0.358106
float3(-0.23524, -1.5807, -1.57793)
1197481.86263963
normal
simd_float4x4([[-0.228149, -0.97354, -0.012925, 0.0)], [-0.035201, -0.00501852, 0.999368, 0.0)], [-0.97299, 0.22846, -0.0331246, 0.0)], [0.258011, -0.0784782, -0.341658, 1.0)]])
0.258011, -0.0784782, -0.341658
float3(-0.230496, -1.60483, -1.57595)
1197481.96269083
normal
simd_float4x4([[-0.225876, -0.973962, -0.0194279, 0.0)], [-0.0533773, -0.00753929, 0.998546, 0.0)], [-0.972693, 0.226584, -0.0502845, 0.0)], [0.246096, -0.0779363, -0.32532, 1.0)]])
0.246096, -0.0779363, -0.32532
float3(-0.228569, -1.62245, -1.57854)
1197482.06274225
normal
simd_float4x4([[-0.222586, -0.974562, -0.0261763, 0.0)], [-0.0710363, -0.0105658, 0.997418, 0.0)], [-0.972322, 0.223871, -0.0668775, 0.0)], [0.232173, -0.07838, -0.310488, 1.0)]])
0.232173, -0.07838, -0.310488
float3(-0.225784, -1.63947, -1.58164)
1197482.16279346
normal
simd_float4x4([[-0.220887, -0.974898, -0.0279781, 0.0)], [-0.0901624, -0.00815219, 0.995894, 0.0)], [-0.971123, 0.222502, -0.0860984, 0.0)], [0.219084, -0.0784538, -0.296252, 1.0)]])
0.219084, -0.0784538, -0.296252
float3(-0.22438, -1.65922, -1.57916)
1197482.26284446
normal
simd_float4x4([[-0.21496, -0.976285, -0.0256953, 0.0)], [-0.107218, -0.00256021, 0.994232, 0.0)], [-0.97072, 0.216475, -0.104125, 0.0)], [0.207071, -0.0786028, -0.283512, 1.0)]])
0.207071, -0.0786028, -0.283512
float3(-0.218202, -1.67765, -1.57342)
1197482.36289588
normal
simd_float4x4([[-0.211614, -0.976789, -0.0331933, 0.0)], [-0.121835, -0.00733327, 0.992523, 0.0)], [-0.96973, 0.214076, -0.117456, 0.0)], [0.1958, -0.0805111, -0.269762, 1.0)]])
0.1958, -0.0805111, -0.269762
float3(-0.215746, -1.69133, -1.5783)
1197482.46294696
normal
simd_float4x4([[-0.210248, -0.976985, -0.0359941, 0.0)], [-0.133258, -0.00783506, 0.99105, 0.0)], [-0.968524, 0.213163, -0.128544, 0.0)], [0.185295, -0.0813719, -0.26134, 1.0)]])
0.185295, -0.0813719, -0.26134
float3(-0.214811, -1.70275, -1.57882)
1197482.56299837
normal
simd_float4x4([[-0.208851, -0.976835, -0.0466232, 0.0)], [-0.142671, -0.0167303, 0.989629, 0.0)], [-0.967485, 0.213337, -0.135872, 0.0)], [0.177396, -0.0821193, -0.251381, 1.0)]])
0.177396, -0.0821193, -0.251381
float3(-0.214989, -1.71032, -1.58792)
1197482.66304946
normal
simd_float4x4([[-0.203878, -0.97762, -0.0518904, 0.0)], [-0.15306, -0.0205215, 0.988004, 0.0)], [-0.966957, 0.209375, -0.145451, 0.0)], [0.171079, -0.0813877, -0.244326, 1.0)]])
0.171079, -0.0813877, -0.244326
float3(-0.210936, -1.7201, -1.59178)
1197482.76310075
normal
simd_float4x4([[-0.199415, -0.978439, -0.05377, 0.0)], [-0.162343, -0.0211267, 0.986508, 0.0)], [-0.966374, 0.205453, -0.154629, 0.0)], [0.166189, -0.0794602, -0.2399, 1.0)]])
0.166189, -0.0794602, -0.2399
float3(-0.206927, -1.72946, -1.59239)
1197482.863152
normal
simd_float4x4([[-0.19576, -0.978853, -0.059361, 0.0)], [-0.170209, -0.0256982, 0.985073, 0.0)], [-0.965768, 0.202942, -0.161579, 0.0)], [0.163235, -0.0792742, -0.234863, 1.0)]])
0.163235, -0.0792742, -0.234863
float3(-0.204362, -1.73657, -1.59704)
1197482.96320312
normal
simd_float4x4([[-0.192224, -0.979101, -0.0664119, 0.0)], [-0.181036, -0.031133, 0.982983, 0.0)], [-0.964508, 0.200976, -0.171268, 0.0)], [0.16066, -0.0781174, -0.230997, 1.0)]])
0.16066, -0.0781174, -0.230997
float3(-0.202354, -1.74653, -1.60258)
1197483.06325446
normal
simd_float4x4([[-0.191498, -0.97892, -0.0710281, 0.0)], [-0.193322, -0.0333297, 0.980569, 0.0)], [-0.962266, 0.201508, -0.182864, 0.0)], [0.158114, -0.0776545, -0.226198, 1.0)]])
0.158114, -0.0776545, -0.226198
float3(-0.202898, -1.75859, -1.60483)
1197483.16330563
normal
simd_float4x4([[-0.190291, -0.978748, -0.0764349, 0.0)], [-0.207905, -0.0359152, 0.977489, 0.0)], [-0.959461, 0.201898, -0.196652, 0.0)], [0.157526, -0.0771634, -0.221828, 1.0)]])
0.157526, -0.0771634, -0.221828
float3(-0.203296, -1.77296, -1.60747)
1197483.263357
normal
simd_float4x4([[-0.187168, -0.979074, -0.0798952, 0.0)], [-0.223637, -0.0367273, 0.97398, 0.0)], [-0.956533, 0.200165, -0.212083, 0.0)], [0.157718, -0.0763241, -0.216595, 1.0)]])
0.157718, -0.0763241, -0.216595
float3(-0.201526, -1.78899, -1.60829)
1197483.36340825
normal
simd_float4x4([[-0.184486, -0.979292, -0.0833813, 0.0)], [-0.238253, -0.0377462, 0.970469, 0.0)], [-0.95352, 0.198904, -0.226356, 0.0)], [0.15847, -0.077512, -0.211698, 1.0)]])
0.15847, -0.077512, -0.211698
float3(-0.20024, -1.80387, -1.60932)
1197483.46345929
normal
simd_float4x4([[-0.181578, -0.979544, -0.0867406, 0.0)], [-0.254494, -0.0383934, 0.966312, 0.0)], [-0.949875, 0.197536, -0.242317, 0.0)], [0.158546, -0.078479, -0.215449, 1.0)]])
0.158546, -0.078479, -0.215449
float3(-0.198843, -1.82057, -1.60997)
1197483.56351075
normal
simd_float4x4([[-0.178071, -0.980058, -0.0881888, 0.0)], [-0.269649, -0.0375904, 0.962225, 0.0)], [-0.946351, 0.195124, -0.257578, 0.0)], [0.155807, -0.077481, -0.212734, 1.0)]])
0.155807, -0.077481, -0.212734
float3(-0.196384, -1.83654, -1.60913)
1197483.66356183
normal
simd_float4x4([[-0.178123, -0.979937, -0.0894229, 0.0)], [-0.2842, -0.0357708, 0.958097, 0.0)], [-0.942073, 0.196073, -0.272127, 0.0)], [0.155857, -0.0765298, -0.2131, 1.0)]])
0.155857, -0.0765298, -0.2131
float3(-0.197352, -1.852, -1.60728)
1197483.76361325
normal
simd_float4x4([[-0.181309, -0.978963, -0.093585, 0.0)], [-0.292495, -0.0371747, 0.955544, 0.0)], [-0.938922, 0.200622, -0.279601, 0.0)], [0.157292, -0.0787865, -0.215334, 1.0)]])
0.157292, -0.0787865, -0.215334
float3(-0.201993, -1.86022, -1.60875)
1197483.86366446
normal
simd_float4x4([[-0.197904, -0.97515, -0.0995767, 0.0)], [-0.288952, -0.0390351, 0.956548, 0.0)], [-0.936665, 0.218078, -0.274046, 0.0)], [0.162335, -0.0838595, -0.217854, 1.0)]])
0.162335, -0.0838595, -0.217854
float3(-0.219844, -1.85543, -1.6108)
1197483.96371558
normal
simd_float4x4([[-0.22102, -0.969984, -0.101398, 0.0)], [-0.271102, -0.0387662, 0.96177, 0.0)], [-0.936832, 0.24006, -0.254396, 0.0)], [0.171065, -0.0890361, -0.223265, 1.0)]])
0.171065, -0.0890361, -0.223265
float3(-0.242427, -1.83595, -1.61074)
1197484.06376692
normal
simd_float4x4([[-0.245915, -0.964548, -0.0957712, 0.0)], [-0.239187, -0.0353638, 0.970329, 0.0)], [-0.939317, 0.261526, -0.222011, 0.0)], [0.181778, -0.0927734, -0.236204, 1.0)]])
0.181778, -0.0927734, -0.236204
float3(-0.264603, -1.80289, -1.60744)
1197484.16381804
normal
simd_float4x4([[-0.266594, -0.960069, -0.084824, 0.0)], [-0.190695, -0.033727, 0.98107, 0.0)], [-0.944756, 0.277723, -0.174089, 0.0)], [0.191639, -0.0979519, -0.254483, 1.0)]])
0.191639, -0.0979519, -0.254483
float3(-0.281423, -1.75302, -1.60591)
1197484.26386933
normal
simd_float4x4([[-0.291345, -0.953938, -0.0715577, 0.0)], [-0.140967, -0.0311739, 0.989523, 0.0)], [-0.946175, 0.29838, -0.125391, 0.0)], [0.203768, -0.10387, -0.279157, 1.0)]])
0.203768, -0.10387, -0.279157
float3(-0.302995, -1.70255, -1.60346)
1197484.36392063
normal
simd_float4x4([[-0.304178, -0.950589, -0.0620917, 0.0)], [-0.102623, -0.0321021, 0.994202, 0.0)], [-0.947071, 0.308787, -0.0877876, 0.0)], [0.210946, -0.104656, -0.302454, 1.0)]])
0.210946, -0.104656, -0.302454
float3(-0.313917, -1.66323, -1.60455)
1197484.46397204
normal
simd_float4x4([[-0.311327, -0.949099, -0.0478121, 0.0)], [-0.0752381, -0.0255372, 0.996839, 0.0)], [-0.94732, 0.31394, -0.063458, 0.0)], [0.220555, -0.105361, -0.331438, 1.0)]])
0.220555, -0.105361, -0.331438
float3(-0.31934, -1.63768, -1.5977)
1197484.56402317
normal
simd_float4x4([[-0.3231, -0.945312, -0.0446221, 0.0)], [-0.0403445, -0.0333494, 0.998629, 0.0)], [-0.945504, 0.324457, -0.027363, 0.0)], [0.26437, -0.108151, -0.344275, 1.0)]])
0.26437, -0.108151, -0.344275
float3(-0.330438, -1.59973, -1.60606)
1197484.66407446
normal
simd_float4x4([[-0.320036, -0.946469, -0.0421046, 0.0)], [-0.0136569, -0.0398286, 0.999113, 0.0)], [-0.947307, 0.320327, -0.000179202, 0.0)], [0.271752, -0.105534, -0.375617, 1.0)]])
0.271752, -0.105534, -0.375617
float3(-0.326075, -1.57099, -1.61285)
1197484.76412571
normal
simd_float4x4([[-0.321338, -0.946347, -0.0342003, 0.0)], [0.00885868, -0.0391182, 0.999195, 0.0)], [-0.946923, 0.320777, 0.0209536, 0.0)], [0.280457, -0.103416, -0.405327, 1.0)]])
0.280457, -0.103416, -0.405327
float3(-0.326549, -1.54867, -1.61211)
1197484.86417696
normal
simd_float4x4([[-0.312817, -0.949379, -0.0287285, 0.0)], [0.0257565, -0.0387142, 0.998918, 0.0)], [-0.949464, 0.311738, 0.0365631, 0.0)], [0.285748, -0.0994893, -0.433075, 1.0)]])
0.285748, -0.0994893, -0.433075
float3(-0.317022, -1.53231, -1.61155)
1197484.96422825
normal
simd_float4x4([[-0.302941, -0.952741, -0.0226061, 0.0)], [0.0405799, -0.0365951, 0.998506, 0.0)], [-0.952145, 0.301571, 0.0497483, 0.0)], [0.291133, -0.0971756, -0.461822, 1.0)]])
0.291133, -0.0971756, -0.461822
float3(-0.30634, -1.5186, -1.60919)
1197485.06427954
normal
simd_float4x4([[-0.293866, -0.955681, -0.0178024, 0.0)], [0.0564855, -0.0359551, 0.997756, 0.0)], [-0.954176, 0.292201, 0.0645481, 0.0)], [0.297308, -0.0954285, -0.489765, 1.0)]])
0.297308, -0.0954285, -0.489765
float3(-0.296527, -1.50325, -1.6084)
1197485.16433062
normal
simd_float4x4([[-0.282544, -0.959143, -0.0146183, 0.0)], [0.0697203, -0.0357323, 0.996926, 0.0)], [-0.956717, 0.280657, 0.0769677, 0.0)], [0.301648, -0.0938514, -0.515218, 1.0)]])
0.301648, -0.0938514, -0.515218
float3(-0.284478, -1.49052, -1.60803)
1197485.26438204
normal
simd_float4x4([[-0.268452, -0.963165, -0.0157271, 0.0)], [0.0777699, -0.0379432, 0.996249, 0.0)], [-0.960149, 0.266222, 0.0850911, 0.0)], [0.305929, -0.0920784, -0.538253, 1.0)]])
0.305929, -0.0920784, -0.538253
float3(-0.269471, -1.4824, -1.61017)
1197485.36443317
normal
simd_float4x4([[-0.256618, -0.966305, -0.0200427, 0.0)], [0.0829173, -0.0426713, 0.995642, 0.0)], [-0.96295, 0.253838, 0.0910736, 0.0)], [0.31146, -0.0914518, -0.559137, 1.0)]])
0.31146, -0.0914518, -0.559137
float3(-0.256646, -1.4765, -1.61493)
1197485.46448463
normal
simd_float4x4([[-0.240175, -0.970385, -0.0258782, 0.0)], [0.0900557, -0.0488169, 0.99474, 0.0)], [-0.966543, 0.236581, 0.0991132, 0.0)], [0.319663, -0.0888733, -0.57554, 1.0)]])
0.319663, -0.0888733, -0.57554
float3(-0.238845, -1.46861, -1.62106)
1197485.56453579
normal
simd_float4x4([[-0.22634, -0.973819, -0.021117, 0.0)], [0.0899071, -0.0424739, 0.995044, 0.0)], [-0.96989, 0.22332, 0.0971669, 0.0)], [0.32966, -0.0855575, -0.588714, 1.0)]])
0.32966, -0.0855575, -0.588714
float3(-0.225219, -1.47095, -1.61438)
1197485.66458708
normal
simd_float4x4([[-0.228223, -0.973468, -0.0165483, 0.0)], [0.0916768, -0.0384081, 0.995048, 0.0)], [-0.969283, 0.225576, 0.0980101, 0.0)], [0.350698, -0.0830023, -0.597385, 1.0)]])
0.350698, -0.0830023, -0.597385
float3(-0.227534, -1.47002, -1.61023)
1197485.76463838
normal
simd_float4x4([[-0.216914, -0.976098, -0.0134753, 0.0)], [0.0907572, -0.033909, 0.995296, 0.0)], [-0.971963, 0.214671, 0.0959432, 0.0)], [0.350496, -0.0877337, -0.588522, 1.0)]])
0.350496, -0.0877337, -0.588522
float3(-0.216355, -1.4724, -1.60552)
1197485.86468946
normal
simd_float4x4([[-0.214377, -0.976726, -0.0069748, 0.0)], [0.0857101, -0.0259244, 0.995983, 0.0)], [-0.972983, 0.212918, 0.0892728, 0.0)], [0.382086, -0.0901319, -0.583663, 1.0)]])
0.382086, -0.0901319, -0.583663
float3(-0.21456, -1.4793, -1.59733)
1197485.96474083
normal
simd_float4x4([[-0.220774, -0.975283, -0.00900633, 0.0)], [0.0751859, -0.026225, 0.996825, 0.0)], [-0.972423, 0.219396, 0.0791173, 0.0)], [0.419212, -0.0950309, -0.571423, 1.0)]])
0.419212, -0.0950309, -0.571423
float3(-0.221195, -1.48961, -1.59768)
1197486.064792
normal
