ARKit Data
88270.630006
limited(__ObjC.ARCamera.TrackingState.Reason.insufficientFeatures)
simd_float4x4([[-0.631844, -0.67658, 0.37817, 0.0)], [0.60517, -0.125771, 0.786098, 0.0)], [-0.484295, 0.725549, 0.488914, 0.0)], [-0.195167, 0.426077, 0.904406, 1.0)]])
-0.195167, 0.426077, 0.904406
float3(-0.811832, -0.780652, -1.75459)
88270.830116791
limited(__ObjC.ARCamera.TrackingState.Reason.insufficientFeatures)
simd_float4x4([[-0.624646, -0.665503, 0.408562, 0.0)], [0.636863, -0.131374, 0.759701, 0.0)], [-0.451909, 0.734743, 0.505897, 0.0)], [-0.141878, 0.485857, 0.993038, 1.0)]])
-0.141878, 0.485857, 0.993038
float3(-0.825287, -0.729092, -1.7657)
88271.0302275
limited(__ObjC.ARCamera.TrackingState.Reason.insufficientFeatures)
simd_float4x4([[-0.603288, -0.658927, 0.449287, 0.0)], [0.674576, -0.121092, 0.728206, 0.0)], [-0.425429, 0.742396, 0.51755, 0.0)], [-0.0245869, 0.515175, 1.00861, 1.0)]])
-0.0245869, 0.515175, 1.00861
float3(-0.83664, -0.688016, -1.75254)
88271.407368416
notAvailable
simd_float4x4([[-0.960188, 0.0, 0.279354, 0.0)], [0.0, 1.0, 0.0, 0.0)], [-0.279354, 0.0, -0.960188, 0.0)], [0.00625546, 0.0240697, 0.0989481, 1.0)]])
0.00625546, 0.0240697, 0.0989481
float3(-0.0, -2.85847, 0.0)
88271.60744575
notAvailable
simd_float4x4([[-0.960188, 0.0, 0.279354, 0.0)], [0.0, 1.0, 0.0, 0.0)], [-0.279354, 0.0, -0.960188, 0.0)], [0.00625546, 0.0240697, 0.0989481, 1.0)]])
0.00625546, 0.0240697, 0.0989481
float3(-0.0, -2.85847, 0.0)
88271.807556708
limited(__ObjC.ARCamera.TrackingState.Reason.initializing)
simd_float4x4([[-0.0870102, -0.700236, 0.708589, 0.0)], [0.996203, -0.0589831, 0.0640395, 0.0)], [-0.00304804, 0.71147, 0.702709, 0.0)], [0.0, 0.0, 0.0, 1.0)]])
0.0, 0.0, 0.0
float3(-0.791588, -0.00433752, -1.65483)
88272.024343416
limited(__ObjC.ARCamera.TrackingState.Reason.initializing)
simd_float4x4([[-0.114071, -0.735881, 0.667432, 0.0)], [0.992926, -0.062162, 0.101164, 0.0)], [-0.0329555, 0.674251, 0.737766, 0.0)], [0.0, 0.0, 0.0, 1.0)]])
0.0, 0.0, 0.0
float3(-0.739949, -0.0446396, -1.65507)
88272.224454375
limited(__ObjC.ARCamera.TrackingState.Reason.initializing)
simd_float4x4([[-0.152566, -0.781231, 0.60531, 0.0)], [0.983145, -0.0575382, 0.173537, 0.0)], [-0.100744, 0.621583, 0.776842, 0.0)], [0.0, 0.0, 0.0, 1.0)]])
0.0, 0.0, 0.0
float3(-0.670762, -0.128964, -1.64431)
88272.424565333
limited(__ObjC.ARCamera.TrackingState.Reason.initializing)
simd_float4x4([[-0.183535, -0.832871, 0.522148, 0.0)], [0.969776, -0.0665338, 0.234749, 0.0)], [-0.160776, 0.549451, 0.81991, 0.0)], [0.0, 0.0, 0.0, 1.0)]])
0.0, 0.0, 0.0
float3(-0.581707, -0.193633, -1.65051)
88272.624676375
normal
simd_float4x4([[-0.206502, -0.882137, 0.423309, 0.0)], [0.953512, -0.0843858, 0.289298, 0.0)], [-0.219479, 0.463371, 0.858555, 0.0)], [-0.0101397, 0.0297836, 0.0138377, 1.0)]])
-0.0101397, 0.0297836, 0.0138377
float3(-0.481795, -0.250278, -1.66617)
88272.824787333
normal
simd_float4x4([[-0.209988, -0.922955, 0.322583, 0.0)], [0.922419, -0.0776446, 0.378305, 0.0)], [-0.324111, 0.376996, 0.867655, 0.0)], [-0.0377656, 0.0875732, 0.0522211, 1.0)]])
-0.0377656, 0.0875732, 0.0522211
float3(-0.386551, -0.357497, -1.65472)
88273.02489825
normal
simd_float4x4([[-0.19711, -0.954298, 0.224641, 0.0)], [0.889016, -0.0773932, 0.451289, 0.0)], [-0.413278, 0.288662, 0.863641, 0.0)], [-0.0899994, 0.168451, 0.141886, 1.0)]])
-0.0899994, 0.168451, 0.141886
float3(-0.292829, -0.446325, -1.65172)
88273.241685291
normal
simd_float4x4([[-0.210763, -0.959809, 0.185324, 0.0)], [0.859517, -0.0916528, 0.502823, 0.0)], [-0.465629, 0.265265, 0.844289, 0.0)], [-0.0667465, 0.134579, 0.119124, 1.0)]])
-0.0667465, 0.134579, 0.119124
float3(-0.268479, -0.503997, -1.666)
88273.47514825
normal
simd_float4x4([[-0.200349, -0.969383, 0.141973, 0.0)], [0.767116, -0.0650767, 0.638199, 0.0)], [-0.609421, 0.236772, 0.756667, 0.0)], [-0.043954, 0.140436, 0.148541, 1.0)]])
-0.043954, 0.140436, 0.148541
float3(-0.239042, -0.678026, -1.63783)
88273.675259375
normal
simd_float4x4([[-0.19515, -0.975031, 0.105975, 0.0)], [0.6478, -0.0470128, 0.760359, 0.0)], [-0.736391, 0.217035, 0.640799, 0.0)], [-0.00593012, 0.134177, 0.178838, 1.0)]])
-0.00593012, 0.134177, 0.178838
float3(-0.218776, -0.854698, -1.61898)
88273.8753705
normal
simd_float4x4([[-0.206708, -0.975712, 0.0725107, 0.0)], [0.506494, -0.0433051, 0.861155, 0.0)], [-0.8371, 0.214734, 0.503144, 0.0)], [0.0411189, 0.119709, 0.218609, 1.0)]])
0.0411189, 0.119709, 0.218609
float3(-0.216419, -1.0296, -1.61515)
88274.075481583
normal
simd_float4x4([[-0.223175, -0.973463, 0.0506161, 0.0)], [0.358928, -0.033788, 0.932754, 0.0)], [-0.906291, 0.226335, 0.356944, 0.0)], [0.0993447, 0.0945262, 0.247751, 1.0)]])
0.0993447, 0.0945262, 0.247751
float3(-0.228313, -1.1956, -1.60549)
88274.292268541
normal
simd_float4x4([[-0.230054, -0.972739, 0.0292291, 0.0)], [0.241991, -0.0280883, 0.969872, 0.0)], [-0.942611, 0.230196, 0.241856, 0.0)], [0.168657, 0.0618451, 0.262382, 1.0)]])
0.168657, 0.0618451, 0.262382
float3(-0.232279, -1.31963, -1.59966)
88274.49237975
normal
simd_float4x4([[-0.232273, -0.97243, 0.0207266, 0.0)], [0.231628, -0.034605, 0.972189, 0.0)], [-0.944668, 0.230614, 0.23328, 0.0)], [0.246049, 0.0293358, 0.249651, 1.0)]])
0.246049, 0.0293358, 0.249651
float3(-0.232709, -1.3287, -1.60637)
88274.692491041
normal
simd_float4x4([[-0.233485, -0.972212, 0.0170059, 0.0)], [0.289166, -0.0527264, 0.955826, 0.0)], [-0.928368, 0.228089, 0.293441, 0.0)], [0.342873, -0.00973604, 0.221475, 1.0)]])
0.342873, -0.00973604, 0.221475
float3(-0.230114, -1.26465, -1.62498)
88274.892602125
normal
simd_float4x4([[-0.235019, -0.971775, 0.0204783, 0.0)], [0.379378, -0.0723125, 0.922412, 0.0)], [-0.894896, 0.224553, 0.385665, 0.0)], [0.452583, -0.0615952, 0.179846, 1.0)]])
0.452583, -0.0615952, 0.179846
float3(-0.226484, -1.16389, -1.64507)
88275.092713375
normal
simd_float4x4([[-0.237644, -0.970962, 0.0275365, 0.0)], [0.498492, -0.0975774, 0.861385, 0.0)], [-0.833685, 0.218429, 0.507206, 0.0)], [0.567687, -0.125331, 0.130103, 1.0)]])
0.567687, -0.125331, 0.130103
float3(-0.220205, -1.02423, -1.67096)
88275.292824583
normal
simd_float4x4([[-0.242766, -0.969237, 0.0405453, 0.0)], [0.63358, -0.126767, 0.763221, 0.0)], [-0.734602, 0.210973, 0.644864, 0.0)], [0.6949, -0.193422, 0.0803225, 1.0)]])
0.6949, -0.193422, 0.0803225
float3(-0.21257, -0.850359, -1.70085)
88275.492935958
normal
simd_float4x4([[-0.235564, -0.969951, 0.0608637, 0.0)], [0.767874, -0.147368, 0.623419, 0.0)], [-0.595717, 0.193591, 0.779515, 0.0)], [0.845316, -0.2619, 0.0495703, 1.0)]])
0.845316, -0.2619, 0.0495703
float3(-0.194821, -0.652536, -1.72158)
88275.69304725
normal
simd_float4x4([[-0.199922, -0.976677, 0.0783139, 0.0)], [0.883145, -0.145004, 0.446126, 0.0)], [-0.424365, 0.158353, 0.891537, 0.0)], [1.0117, -0.330272, 0.0416662, 1.0)]])
1.0117, -0.330272, 0.0416662
float3(-0.159022, -0.444258, -1.71819)
88275.893158583
normal
simd_float4x4([[-0.165724, -0.982792, 0.0815793, 0.0)], [0.953747, -0.138688, 0.266708, 0.0)], [-0.250804, 0.122006, 0.960319, 0.0)], [1.17721, -0.401369, 0.0420689, 1.0)]])
1.17721, -0.401369, 0.0420689
float3(-0.122311, -0.255462, -1.71099)
88276.093269916
normal
simd_float4x4([[-0.131796, -0.988346, 0.0761719, 0.0)], [0.985852, -0.122659, 0.114242, 0.0)], [-0.103568, 0.0901508, 0.990528, 0.0)], [1.31907, -0.49081, 0.0249002, 1.0)]])
1.31907, -0.49081, 0.0249002
float3(-0.0902734, -0.104179, -1.69427)
88276.293381208
limited(__ObjC.ARCamera.TrackingState.Reason.insufficientFeatures)
simd_float4x4([[-0.110523, -0.991202, 0.0728248, 0.0)], [0.993584, -0.111962, -0.0159787, 0.0)], [0.0239917, 0.0705916, 0.997217, 0.0)], [1.56526, -0.596354, 0.0843607, 1.0)]])
1.56526, -0.596354, 0.0843607
float3(-0.0706504, 0.0240541, -1.68328)
88276.510168583
limited(__ObjC.ARCamera.TrackingState.Reason.insufficientFeatures)
simd_float4x4([[-0.096924, -0.992425, 0.0754844, 0.0)], [0.9862, -0.10599, -0.127184, 0.0)], [0.134221, 0.0621155, 0.989003, 0.0)], [1.87689, -0.727786, 0.169116, 1.0)]])
1.87689, -0.727786, 0.169116
float3(-0.0621555, 0.134889, -1.67719)
88276.710279833
limited(__ObjC.ARCamera.TrackingState.Reason.insufficientFeatures)
simd_float4x4([[-0.0954424, -0.99304, 0.0690091, 0.0)], [0.972568, -0.1078, -0.206134, 0.0)], [0.212138, 0.0474421, 0.976087, 0.0)], [2.21288, -0.858637, 0.270312, 1.0)]])
2.21288, -0.858637, 0.270312
float3(-0.0474599, 0.214007, -1.67893)
88276.910391291
limited(__ObjC.ARCamera.TrackingState.Reason.insufficientFeatures)
simd_float4x4([[-0.0953115, -0.9936, 0.0606163, 0.0)], [0.957457, -0.108166, -0.267538, 0.0)], [0.272383, 0.032538, 0.961639, 0.0)], [2.59598, -1.00085, 0.392574, 1.0)]])
2.59598, -1.00085, 0.392574
float3(-0.0325438, 0.276018, -1.67923)
88277.127178708
limited(__ObjC.ARCamera.TrackingState.Reason.insufficientFeatures)
simd_float4x4([[0.00801909, -0.992823, 0.119325, 0.0)], [0.995151, -0.00377436, -0.0982815, 0.0)], [0.0980265, 0.119535, 0.987979, 0.0)], [-0.0273345, -0.0360802, -0.0113971, 1.0)]])
-0.0273345, -0.0360802, -0.0113971
float3(-0.119822, 0.0988955, -1.5746)
88277.327290125
limited(__ObjC.ARCamera.TrackingState.Reason.insufficientFeatures)
simd_float4x4([[0.00979685, -0.99273, 0.119965, 0.0)], [0.987865, -0.00898875, -0.155057, 0.0)], [0.155008, 0.120028, 0.980595, 0.0)], [-0.0266842, -0.0348123, -0.0138771, 1.0)]])
-0.0266842, -0.0348123, -0.0138771
float3(-0.120318, 0.156778, -1.57985)
88277.527401541
limited(__ObjC.ARCamera.TrackingState.Reason.insufficientFeatures)
simd_float4x4([[0.0150293, -0.993422, 0.11352, 0.0)], [0.97405, -0.0110961, -0.22606, 0.0)], [0.225832, 0.113972, 0.967476, 0.0)], [-0.0317801, -0.0351609, -0.0148162, 1.0)]])
-0.0317801, -0.0351609, -0.0148162
float3(-0.11422, 0.229318, -1.58197)
88277.727512958
limited(__ObjC.ARCamera.TrackingState.Reason.insufficientFeatures)
simd_float4x4([[0.0183038, -0.993628, 0.111212, 0.0)], [0.967533, -0.0104411, -0.252527, 0.0)], [0.252079, 0.112224, 0.961177, 0.0)], [-0.0309034, -0.0368579, -0.0166756, 1.0)]])
-0.0309034, -0.0368579, -0.0166756
float3(-0.112461, 0.256485, -1.5813)
88277.927624416
normal
simd_float4x4([[0.0189901, -0.993705, 0.110407, 0.0)], [0.971938, -0.00754871, -0.235115, 0.0)], [0.234468, 0.111774, 0.965676, 0.0)], [-0.0286251, -0.036829, -0.0183971, 1.0)]])
-0.0286251, -0.036829, -0.0183971
float3(-0.112008, 0.238193, -1.57839)
88278.127735875
normal
simd_float4x4([[0.0145125, -0.99371, 0.111042, 0.0)], [0.975639, -0.0102397, -0.219145, 0.0)], [0.218903, 0.111517, 0.969353, 0.0)], [-0.0242082, -0.0379043, -0.0174975, 1.0)]])
-0.0242082, -0.0379043, -0.0174975
float3(-0.111749, 0.222099, -1.5811)
88278.327847291
normal
simd_float4x4([[0.013226, -0.994207, 0.106662, 0.0)], [0.978987, -0.0088336, -0.203733, 0.0)], [0.203495, 0.107115, 0.973199, 0.0)], [-0.0214457, -0.0381493, -0.0176967, 1.0)]])
-0.0214457, -0.0381493, -0.0176967
float3(-0.107321, 0.206129, -1.57968)
88278.527958875
normal
simd_float4x4([[0.00677783, -0.995079, 0.0988498, 0.0)], [0.980085, -0.0130083, -0.19815, 0.0)], [0.198461, 0.0982242, 0.975174, 0.0)], [-0.0188789, -0.037299, -0.0160349, 1.0)]])
-0.0188789, -0.037299, -0.0160349
float3(-0.0983829, 0.200772, -1.58387)
88278.728070375
normal
simd_float4x4([[-0.00801934, -0.99672, 0.080529, 0.0)], [0.979479, -0.0240482, -0.200108, 0.0)], [0.201389, 0.0772717, 0.976459, 0.0)], [-0.016388, -0.0352879, -0.0113636, 1.0)]])
-0.016388, -0.0352879, -0.0113636
float3(-0.0773488, 0.203392, -1.59492)
88278.928182
normal
simd_float4x4([[-0.015676, -0.997515, 0.068684, 0.0)], [0.977306, -0.029799, -0.209726, 0.0)], [0.211251, 0.0638376, 0.975345, 0.0)], [-0.0161464, -0.0348369, -0.0105523, 1.0)]])
-0.0161464, -0.0348369, -0.0105523
float3(-0.063881, 0.213297, -1.60066)
88279.128293666
normal
simd_float4x4([[-0.017174, -0.997764, 0.0645986, 0.0)], [0.975847, -0.0307991, -0.216274, 0.0)], [0.21778, 0.059324, 0.974193, 0.0)], [-0.0154805, -0.0346155, -0.0101489, 1.0)]])
-0.0154805, -0.0346155, -0.0101489
float3(-0.0593589, 0.219933, -1.60165)
88279.328405208
normal
simd_float4x4([[-0.0160768, -0.99795, 0.0619415, 0.0)], [0.974925, -0.0293973, -0.220585, 0.0)], [0.221954, 0.056842, 0.973399, 0.0)], [-0.0143015, -0.0347949, -0.00916864, 1.0)]])
-0.0143015, -0.0347949, -0.00916864
float3(-0.0568726, 0.224187, -1.60025)
88279.528516666
normal
simd_float4x4([[-0.0151247, -0.997848, 0.0638073, 0.0)], [0.975417, -0.0287555, -0.218482, 0.0)], [0.219846, 0.0589342, 0.973753, 0.0)], [-0.0120701, -0.0358183, -0.00887, 1.0)]])
-0.0120701, -0.0358183, -0.00887
float3(-0.0589684, 0.222049, -1.59961)
88279.72862825
normal
simd_float4x4([[-0.0134699, -0.997899, 0.0633745, 0.0)], [0.976274, -0.0268241, -0.214872, 0.0)], [0.21612, 0.0589766, 0.974584, 0.0)], [-0.0114304, -0.0359102, -0.00978303, 1.0)]])
-0.0114304, -0.0359102, -0.00978303
float3(-0.0590108, 0.218225, -1.59767)
88279.928739916
normal
simd_float4x4([[-0.0113017, -0.997788, 0.0655155, 0.0)], [0.977904, -0.024707, -0.20759, 0.0)], [0.20875, 0.0617218, 0.97602, 0.0)], [-0.0106565, -0.0364554, -0.0113524, 1.0)]])
-0.0106565, -0.0364554, -0.0113524
float3(-0.061761, 0.210704, -1.59555)
88280.128851458
normal
simd_float4x4([[-0.00519561, -0.998024, 0.0626172, 0.0)], [0.982868, -0.0166334, -0.183559, 0.0)], [0.184237, 0.0605907, 0.981012, 0.0)], [-0.00781612, -0.0345659, -0.0117102, 1.0)]])
-0.00781612, -0.0345659, -0.0117102
float3(-0.0606278, 0.185641, -1.58746)
88280.328963166
normal
simd_float4x4([[0.00902295, -0.999021, 0.0433177, 0.0)], [0.990467, 0.00297407, -0.137722, 0.0)], [0.137458, 0.0441473, 0.989523, 0.0)], [-0.00537055, -0.0272652, -0.00754209, 1.0)]])
-0.00537055, -0.0272652, -0.00754209
float3(-0.0441617, 0.13803, -1.56782)
88280.529074791
normal
simd_float4x4([[0.0228742, -0.999568, -0.0184415, 0.0)], [0.997717, 0.0239966, -0.0631337, 0.0)], [0.063549, -0.0169553, 0.997835, 0.0)], [-0.00122662, -0.00724715, 0.00758062, 1.0)]])
-0.00122662, -0.00724715, 0.00758062
float3(0.0169561, 0.063601, -1.54679)
88280.729186416
normal
simd_float4x4([[0.0450188, -0.996657, -0.068171, 0.0)], [0.998508, 0.042781, 0.0339378, 0.0)], [-0.0309079, -0.0695971, 0.997096, 0.0)], [0.00287715, 0.0135155, 0.0218454, 1.0)]])
0.00287715, 0.0135155, 0.0218454
float3(0.0696534, -0.030988, -1.5279)
88280.929297958
normal
simd_float4x4([[0.0643198, -0.993547, -0.0934145, 0.0)], [0.990914, 0.0525072, 0.123825, 0.0)], [-0.118121, -0.10053, 0.987897, 0.0)], [0.000700534, 0.0243221, 0.0331689, 1.0)]])
0.000700534, 0.0243221, 0.0331689
float3(0.1007, -0.119003, -1.518)
88281.146085708
normal
simd_float4x4([[0.0695126, -0.992364, -0.101887, 0.0)], [0.97894, 0.048205, 0.198374, 0.0)], [-0.191948, -0.113531, 0.974816, 0.0)], [-0.00346658, 0.0279458, 0.0414412, 1.0)]])
-0.00346658, 0.0279458, 0.0414412
float3(0.113776, -0.19442, -1.52226)
88281.346197291
normal
simd_float4x4([[0.0757285, -0.992062, -0.100391, 0.0)], [0.968818, 0.0493841, 0.242802, 0.0)], [-0.235917, -0.115647, 0.964867, 0.0)], [-0.0120325, 0.0318806, 0.0490146, 1.0)]])
-0.0120325, 0.0318806, 0.0490146
float3(0.115907, -0.239803, -1.52106)
88281.546309291
normal
simd_float4x4([[0.0771712, -0.990659, -0.112425, 0.0)], [0.961657, 0.0441949, 0.27067, 0.0)], [-0.263173, -0.129003, 0.956085, 0.0)], [-0.0149305, 0.0359212, 0.0486191, 1.0)]])
-0.0149305, 0.0359212, 0.0486191
float3(0.129363, -0.268608, -1.52621)
88281.746421
normal
simd_float4x4([[0.0850849, -0.98899, -0.121079, 0.0)], [0.954809, 0.046199, 0.293606, 0.0)], [-0.28478, -0.140589, 0.948228, 0.0)], [-0.0194868, 0.0368889, 0.0486935, 1.0)]])
-0.0194868, 0.0368889, 0.0486935
float3(0.141056, -0.291758, -1.52412)
88281.963208583
normal
simd_float4x4([[0.0862551, -0.989487, -0.116084, 0.0)], [0.942148, 0.0431308, 0.332411, 0.0)], [-0.32391, -0.138041, 0.935963, 0.0)], [-0.0180185, 0.0346961, 0.0478878, 1.0)]])
-0.0180185, 0.0346961, 0.0478878
float3(0.138483, -0.33317, -1.52723)
88282.179996208
normal
simd_float4x4([[0.0922932, -0.989521, -0.111038, 0.0)], [0.932507, 0.0467907, 0.358109, 0.0)], [-0.349161, -0.136594, 0.927054, 0.0)], [-0.0180541, -0.00686807, 0.0628815, 1.0)]])
-0.0180541, -0.00686807, 0.0628815
float3(0.137023, -0.360203, -1.52355)
88282.380107916
normal
simd_float4x4([[0.0865015, -0.990487, -0.107017, 0.0)], [0.921374, 0.0386798, 0.386748, 0.0)], [-0.378929, -0.132057, 0.915955, 0.0)], [-0.0148606, -0.00459757, 0.0668617, 1.0)]])
-0.0148606, -0.00459757, 0.0668617
float3(0.132443, -0.392259, -1.53176)
88282.596895666
normal
simd_float4x4([[0.0903316, -0.990569, -0.103023, 0.0)], [0.910619, 0.0402659, 0.411281, 0.0)], [-0.403254, -0.130967, 0.905668, 0.0)], [-0.0163646, -0.00281428, 0.0715773, 1.0)]])
-0.0163646, -0.00281428, 0.0715773
float3(0.131344, -0.418902, -1.53017)
88282.7970075
normal
simd_float4x4([[0.0911781, -0.991091, -0.097086, 0.0)], [0.902655, 0.0410767, 0.4284, 0.0)], [-0.420595, -0.126696, 0.898358, 0.0)], [-0.0174036, -0.00335285, 0.0746592, 1.0)]])
-0.0174036, -0.00335285, 0.0746592
float3(0.127037, -0.437871, -1.52937)
88282.99711925
normal
simd_float4x4([[0.0955419, -0.99052, -0.0987039, 0.0)], [0.895128, 0.042115, 0.443816, 0.0)], [-0.435452, -0.130756, 0.890665, 0.0)], [-0.0163083, -0.00242205, 0.0764286, 1.0)]])
-0.0163083, -0.00242205, 0.0764286
float3(0.131131, -0.454733, -1.5283)
88283.19723125
normal
simd_float4x4([[0.0913491, -0.990914, -0.0987187, 0.0)], [0.891724, 0.0372705, 0.451043, 0.0)], [-0.443266, -0.129232, 0.887026, 0.0)], [-0.0135457, -0.00344812, 0.0751314, 1.0)]])
-0.0135457, -0.00344812, 0.0751314
float3(0.129595, -0.463424, -1.5332)
88283.41401875
normal
simd_float4x4([[0.0895845, -0.991038, -0.0990821, 0.0)], [0.891998, 0.0355779, 0.450637, 0.0)], [-0.443074, -0.128751, 0.887192, 0.0)], [-0.0106028, -0.00346098, 0.0722599, 1.0)]])
-0.0106028, -0.00346098, 0.0722599
float3(0.129109, -0.463177, -1.53491)
88283.614130708
normal
simd_float4x4([[0.0884923, -0.991182, -0.0986282, 0.0)], [0.894073, 0.0353912, 0.44652, 0.0)], [-0.439092, -0.127694, 0.889321, 0.0)], [-0.00803353, -0.00453506, 0.0721565, 1.0)]])
-0.00803353, -0.00453506, 0.0721565
float3(0.128044, -0.458626, -1.53511)
88283.81424275
normal
simd_float4x4([[0.087651, -0.99118, -0.0993961, 0.0)], [0.896225, 0.0349076, 0.442224, 0.0)], [-0.434854, -0.127843, 0.89138, 0.0)], [-0.00397928, -0.00539549, 0.0722453, 1.0)]])
-0.00397928, -0.00539549, 0.0722453
float3(0.128193, -0.453875, -1.53559)
88284.0143545
normal
simd_float4x4([[0.0867935, -0.990972, -0.102186, 0.0)], [0.898592, 0.033589, 0.437498, 0.0)], [-0.430116, -0.129796, 0.893394, 0.0)], [0.000479095, -0.00608746, 0.0726722, 1.0)]])
0.000479095, -0.00608746, 0.0726722
float3(0.130163, -0.44869, -1.53691)
88284.231142208
normal
simd_float4x4([[0.0803218, -0.991563, -0.101739, 0.0)], [0.897442, 0.0275234, 0.440272, 0.0)], [-0.433757, -0.126669, 0.892082, 0.0)], [0.00480267, -0.00645489, 0.0760524, 1.0)]])
0.00480267, -0.00645489, 0.0760524
float3(0.12701, -0.452572, -1.54305)
88284.431254208
normal
simd_float4x4([[0.0780008, -0.993103, -0.0875313, 0.0)], [0.889839, 0.02976, 0.455304, 0.0)], [-0.449559, -0.113403, 0.886023, 0.0)], [0.00205, -0.00833369, 0.083404, 1.0)]])
0.00205, -0.00833369, 0.083404
float3(0.113647, -0.469542, -1.54084)
88284.648041916
normal
simd_float4x4([[0.0865984, -0.993467, -0.0743271, 0.0)], [0.885179, 0.0424967, 0.463305, 0.0)], [-0.45712, -0.105914, 0.883076, 0.0)], [-0.00404107, -0.00917884, 0.100505, 1.0)]])
-0.00404107, -0.00917884, 0.100505
float3(0.106113, -0.477663, -1.52805)
88284.864829833
normal
simd_float4x4([[0.0944621, -0.992159, -0.0818325, 0.0)], [0.887974, 0.0468082, 0.457504, 0.0)], [-0.450087, -0.115882, 0.885434, 0.0)], [-0.0121499, -0.00398641, 0.123553, 1.0)]])
-0.0121499, -0.00398641, 0.123553
float3(0.116143, -0.470284, -1.52365)
88285.064941791
normal
simd_float4x4([[0.0933073, -0.993393, -0.0668214, 0.0)], [0.894865, 0.0542522, 0.443027, 0.0)], [-0.436475, -0.101134, 0.894015, 0.0)], [-0.0156976, -0.00116978, 0.141636, 1.0)]])
-0.0156976, -0.00116978, 0.141636
float3(0.101307, -0.454178, -1.51624)
88285.281729708
normal
simd_float4x4([[0.0851324, -0.99485, -0.0550106, 0.0)], [0.9081, 0.0547527, 0.415158, 0.0)], [-0.410008, -0.0852985, 0.908085, 0.0)], [-0.0193041, 0.0018742, 0.168647, 1.0)]])
-0.0193041, 0.0018742, 0.168647
float3(0.0854023, -0.424107, -1.51582)
88285.481841708
normal
simd_float4x4([[0.0753528, -0.996759, -0.0281789, 0.0)], [0.915137, 0.0579034, 0.398964, 0.0)], [-0.396039, -0.0558506, 0.916534, 0.0)], [-0.0285246, -0.000770845, 0.20522, 1.0)]])
-0.0285246, -0.000770845, 0.20522
float3(0.0558797, -0.407874, -1.51277)
88285.6986295
normal
simd_float4x4([[0.0704104, -0.996778, -0.0384205, 0.0)], [0.919276, 0.0498864, 0.39044, 0.0)], [-0.387266, -0.0628101, 0.919826, 0.0)], [-0.0487441, -0.000233516, 0.258064, 1.0)]])
-0.0487441, -0.000233516, 0.258064
float3(0.0628515, -0.398495, -1.52079)
88285.915417625
normal
simd_float4x4([[0.0594839, -0.997007, -0.0493764, 0.0)], [0.914416, 0.0345833, 0.403295, 0.0)], [-0.400381, -0.0691402, 0.913737, 0.0)], [-0.0761893, 0.000321276, 0.295994, 1.0)]])
-0.0761893, 0.000321276, 0.295994
float3(0.0691954, -0.412981, -1.53612)
88286.1155295
normal
simd_float4x4([[0.0652612, -0.99628, -0.056271, 0.0)], [0.904765, 0.0352933, 0.424446, 0.0)], [-0.420881, -0.0786119, 0.903703, 0.0)], [-0.109813, 0.00545238, 0.311669, 1.0)]])
-0.109813, 0.00545238, 0.311669
float3(0.0786931, -0.435857, -1.53539)
88286.315641458
normal
simd_float4x4([[0.0605574, -0.99571, -0.0699535, 0.0)], [0.89198, 0.0225278, 0.451512, 0.0)], [-0.448, -0.0897396, 0.889518, 0.0)], [-0.153053, 0.0114418, 0.321816, 1.0)]])
-0.153053, 0.0114418, 0.321816
float3(0.0898604, -0.466558, -1.54818)
88286.515753583
normal
simd_float4x4([[0.0558307, -0.995958, -0.0703639, 0.0)], [0.881588, 0.0160908, 0.471746, 0.0)], [-0.468707, -0.0883698, 0.878922, 0.0)], [-0.205086, 0.0114192, 0.337624, 1.0)]])
-0.205086, 0.0114192, 0.337624
float3(0.0884853, -0.489912, -1.55464)
88286.715865416
normal
simd_float4x4([[0.049084, -0.996884, -0.0617548, 0.0)], [0.874377, 0.0130029, 0.485072, 0.0)], [-0.482757, -0.0778063, 0.872291, 0.0)], [-0.251092, 0.0062865, 0.35939, 1.0)]])
-0.251092, 0.0062865, 0.35939
float3(0.077885, -0.505478, -1.55775)
88286.9326535
normal
simd_float4x4([[0.0592679, -0.996953, -0.0507142, 0.0)], [0.872322, 0.0270253, 0.488184, 0.0)], [-0.485326, -0.0731727, 0.871266, 0.0)], [-0.293571, 0.00403036, 0.385218, 1.0)]])
-0.293571, 0.00403036, 0.385218
float3(0.0732382, -0.508228, -1.5437)
88287.132765583
normal
simd_float4x4([[0.0694748, -0.996609, -0.0440916, 0.0)], [0.868892, 0.0387389, 0.493484, 0.0)], [-0.490103, -0.0725955, 0.868636, 0.0)], [-0.318354, 0.0043025, 0.416045, 1.0)]])
-0.318354, 0.0043025, 0.416045
float3(0.0726595, -0.513696, -1.53195)
88287.366229708
normal
simd_float4x4([[0.0843173, -0.995672, -0.039084, 0.0)], [0.866696, 0.0539286, 0.495913, 0.0)], [-0.491659, -0.075688, 0.867492, 0.0)], [-0.333313, 0.00689419, 0.455483, 1.0)]])
-0.333313, 0.00689419, 0.455483
float3(0.0757604, -0.515619, -1.51669)
88287.566341666
normal
simd_float4x4([[0.0883657, -0.995437, -0.0360232, 0.0)], [0.868979, 0.0593615, 0.491275, 0.0)], [-0.486895, -0.0747153, 0.870259, 0.0)], [-0.337912, 0.00896081, 0.498747, 1.0)]])
-0.337912, 0.00896081, 0.498747
float3(0.074785, -0.510094, -1.51123)
88287.766453791
normal
simd_float4x4([[0.0787889, -0.996734, -0.0176852, 0.0)], [0.87602, 0.0607579, 0.478432, 0.0)], [-0.475795, -0.0531877, 0.877947, 0.0)], [-0.337578, 0.00992578, 0.546374, 1.0)]])
-0.337578, 0.00992578, 0.546374
float3(0.0532128, -0.496635, -1.50991)
88287.966565833
normal
simd_float4x4([[0.0771631, -0.997015, -0.00251756, 0.0)], [0.883125, 0.0671762, 0.464304, 0.0)], [-0.462749, -0.0380504, 0.885673, 0.0)], [-0.344049, 0.00735191, 0.596925, 1.0)]])
-0.344049, 0.00735191, 0.596925
float3(0.0380596, -0.481472, -1.50352)
88288.166677916
normal
simd_float4x4([[0.0637422, -0.997953, -0.00522645, 0.0)], [0.886382, 0.0542079, 0.45977, 0.0)], [-0.458545, -0.0339394, 0.888023, 0.0)], [-0.353928, 0.0057135, 0.644013, 1.0)]])
-0.353928, 0.0057135, 0.644013
float3(0.0339459, -0.476655, -1.51653)
88288.36679
normal
simd_float4x4([[0.0573172, -0.998354, 0.00204034, 0.0)], [0.888514, 0.0519429, 0.4559, 0.0)], [-0.455255, -0.024318, 0.890029, 0.0)], [-0.363983, 0.00174821, 0.674986, 1.0)]])
-0.363983, 0.00174821, 0.674986
float3(0.0243204, -0.47281, -1.51881)
88288.583578166
normal
simd_float4x4([[0.057366, -0.998337, -0.00562281, 0.0)], [0.883902, 0.0481704, 0.465184, 0.0)], [-0.46414, -0.0316558, 0.885196, 0.0)], [-0.368169, 0.00430223, 0.693917, 1.0)]])
-0.368169, 0.00430223, 0.693917
float3(0.031661, -0.482926, -1.52258)
88288.783690208
normal
simd_float4x4([[0.0621315, -0.998002, -0.011483, 0.0)], [0.881857, 0.0495055, 0.468911, 0.0)], [-0.467405, -0.0392605, 0.883171, 0.0)], [-0.371903, 0.00609009, 0.698764, 1.0)]])
-0.371903, 0.00609009, 0.698764
float3(0.0392706, -0.486761, -1.52123)
88288.983802333
normal
simd_float4x4([[0.0634946, -0.997918, -0.0113053, 0.0)], [0.885234, 0.0510871, 0.462333, 0.0)], [-0.460793, -0.0393635, 0.886634, 0.0)], [-0.375934, 0.00702447, 0.697639, 1.0)]])
-0.375934, 0.00702447, 0.697639
float3(0.0393736, -0.479291, -1.51965)
88289.1839145
normal
simd_float4x4([[0.0635439, -0.997904, -0.0122665, 0.0)], [0.886934, 0.0508344, 0.45909, 0.0)], [-0.457504, -0.040052, 0.888305, 0.0)], [-0.378184, 0.00683685, 0.69599, 1.0)]])
-0.378184, 0.00683685, 0.69599
float3(0.0400627, -0.475599, -1.5199)
88289.384026958
normal
simd_float4x4([[0.0614968, -0.998066, -0.0090981, 0.0)], [0.887511, 0.0505097, 0.458011, 0.0)], [-0.456665, -0.0362408, 0.8889, 0.0)], [-0.379585, 0.00460005, 0.69084, 1.0)]])
-0.379585, 0.00460005, 0.69084
float3(0.0362488, -0.47458, -1.52023)
88289.584139041
normal
simd_float4x4([[0.0612223, -0.998116, -0.0041333, 0.0)], [0.890169, 0.052727, 0.452569, 0.0)], [-0.451498, -0.0313866, 0.89172, 0.0)], [-0.377566, 0.00486529, 0.680835, 1.0)]])
-0.377566, 0.00486529, 0.680835
float3(0.0313918, -0.468693, -1.51802)
88289.784251208
normal
simd_float4x4([[0.058444, -0.998275, -0.00561961, 0.0)], [0.892889, 0.049755, 0.44752, 0.0)], [-0.446468, -0.0311725, 0.894256, 0.0)], [-0.369436, 0.00402379, 0.662347, 1.0)]])
-0.369436, 0.00402379, 0.662347
float3(0.0311776, -0.463057, -1.521)
88289.984363333
normal
simd_float4x4([[0.0531757, -0.998584, -0.00169084, 0.0)], [0.891579, 0.0467149, 0.450449, 0.0)], [-0.449732, -0.0254605, 0.892801, 0.0)], [-0.356411, 0.00253826, 0.633684, 1.0)]])
-0.356411, 0.00253826, 0.633684
float3(0.0254632, -0.466629, -1.52405)
88290.201151583
normal
simd_float4x4([[0.0609795, -0.998138, -0.00142426, 0.0)], [0.885171, 0.0534184, 0.46219, 0.0)], [-0.461253, -0.0294448, 0.88678, 0.0)], [-0.341577, 0.00165664, 0.58806, 1.0)]])
-0.341577, 0.00165664, 0.58806
float3(0.029449, -0.479632, -1.51733)
88290.417939833
normal
simd_float4x4([[0.0762051, -0.996918, -0.018616, 0.0)], [0.871485, 0.0575222, 0.487037, 0.0)], [-0.484466, -0.0533383, 0.873183, 0.0)], [-0.328978, 0.00539837, 0.529854, 1.0)]])
-0.328978, 0.00539837, 0.529854
float3(0.0533636, -0.506542, -1.51316)
88290.618052083
normal
simd_float4x4([[0.0682827, -0.997417, -0.0222684, 0.0)], [0.868024, 0.0483919, 0.494158, 0.0)], [-0.491804, -0.0530719, 0.869087, 0.0)], [-0.317931, 0.00240564, 0.470853, 1.0)]])
-0.317931, 0.00240564, 0.470853
float3(0.0530969, -0.514958, -1.52232)
88290.834840083
normal
simd_float4x4([[0.0501601, -0.998413, -0.0256207, 0.0)], [0.867581, 0.0308504, 0.496338, 0.0)], [-0.494759, -0.0471244, 0.867752, 0.0)], [-0.29926, 0.00165787, 0.418382, 1.0)]])
-0.29926, 0.00165787, 0.418382
float3(0.0471418, -0.518191, -1.53991)
88291.034952625
normal
simd_float4x4([[0.0422014, -0.998881, -0.0213329, 0.0)], [0.871498, 0.0263614, 0.48969, 0.0)], [-0.48858, -0.0392572, 0.871636, 0.0)], [-0.271425, -0.00423263, 0.373362, 1.0)]])
-0.271425, -0.00423263, 0.373362
float3(0.0392672, -0.510893, -1.54441)
88291.235064875
normal
simd_float4x4([[0.029294, -0.999313, -0.0227133, 0.0)], [0.874802, 0.0146375, 0.484259, 0.0)], [-0.483593, -0.0340555, 0.87463, 0.0)], [-0.224828, -0.00992686, 0.325209, 1.0)]])
-0.224828, -0.00992686, 0.325209
float3(0.0340621, -0.505076, -1.55615)
88291.435177041
normal
simd_float4x4([[0.0400962, -0.997971, -0.049453, 0.0)], [0.884902, 0.0124808, 0.46561, 0.0)], [-0.464048, -0.0624302, 0.883608, 0.0)], [-0.167451, -0.00187165, 0.277357, 1.0)]])
-0.167451, -0.00187165, 0.277357
float3(0.0624708, -0.483583, -1.55829)
88291.635289375
normal
simd_float4x4([[0.0468353, -0.997538, -0.0521913, 0.0)], [0.905634, 0.0203591, 0.423571, 0.0)], [-0.421465, -0.0671043, 0.904358, 0.0)], [-0.105634, 0.00751328, 0.227914, 1.0)]])
-0.105634, 0.00751328, 0.227914
float3(0.0671548, -0.436111, -1.55039)
88291.835401625
normal
simd_float4x4([[0.0733614, -0.994213, -0.0784802, 0.0)], [0.915589, 0.0359451, 0.400506, 0.0)], [-0.395367, -0.101237, 0.912927, 0.0)], [-0.0506586, 0.0138215, 0.193528, 1.0)]])
-0.0506586, 0.0138215, 0.193528
float3(0.101411, -0.408691, -1.53466)
88292.035513958
normal
simd_float4x4([[0.0659079, -0.995983, -0.060618, 0.0)], [0.914184, 0.0359245, 0.403705, 0.0)], [-0.399906, -0.0820233, 0.912879, 0.0)], [-0.00544305, 0.0147317, 0.156043, 1.0)]])
-0.00544305, 0.0147317, 0.156043
float3(0.0821156, -0.41289, -1.53474)
88292.235626291
normal
simd_float4x4([[0.0704643, -0.996299, -0.0492276, 0.0)], [0.909928, 0.0439774, 0.412429, 0.0)], [-0.408737, -0.073855, 0.909659, 0.0)], [0.0290814, 0.0108804, 0.115406, 1.0)]])
0.0290814, 0.0108804, 0.115406
float3(0.0739223, -0.422297, -1.52668)
88292.452414791
normal
simd_float4x4([[0.0819054, -0.995823, -0.04036, 0.0)], [0.889575, 0.0547869, 0.453492, 0.0)], [-0.449386, -0.0730466, 0.890346, 0.0)], [0.0655819, 0.00594318, 0.0577427, 1.0)]])
0.0655819, 0.00594318, 0.0577427
float3(0.0731118, -0.467426, -1.51583)
88292.652527083
normal
simd_float4x4([[0.111466, -0.99236, -0.0528822, 0.0)], [0.862375, 0.0701468, 0.501387, 0.0)], [-0.493847, -0.101492, 0.863606, 0.0)], [0.094588, 0.010242, -0.00945468, 1.0)]])
0.094588, 0.010242, -0.00945468
float3(0.101667, -0.519458, -1.50023)
88292.869315458
normal
simd_float4x4([[0.119036, -0.990037, -0.0752199, 0.0)], [0.851641, 0.0628617, 0.520343, 0.0)], [-0.51043, -0.126, 0.850638, 0.0)], [0.122991, 0.015649, -0.0953467, 1.0)]])
0.122991, 0.015649, -0.0953467
float3(0.126335, -0.54046, -1.50739)
88293.069427833
normal
simd_float4x4([[0.106019, -0.991412, -0.076561, 0.0)], [0.847009, 0.049706, 0.52925, 0.0)], [-0.520899, -0.120958, 0.845005, 0.0)], [0.151205, 0.013747, -0.161849, 1.0)]])
0.151205, 0.013747, -0.161849
float3(0.121255, -0.552424, -1.5207)
88293.269540208
normal
simd_float4x4([[0.088108, -0.994196, -0.0617291, 0.0)], [0.847469, 0.0422493, 0.529161, 0.0)], [-0.523482, -0.0989368, 0.846273, 0.0)], [0.18503, 0.0107876, -0.219532, 1.0)]])
0.18503, 0.0107876, -0.219532
float3(0.099099, -0.553965, -1.52833)
88293.469652583
normal
simd_float4x4([[0.0746057, -0.995948, -0.0502095, 0.0)], [0.863274, 0.0392988, 0.503204, 0.0)], [-0.499192, -0.0808864, 0.862708, 0.0)], [0.229135, 0.00123625, -0.275175, 1.0)]])
0.229135, 0.00123625, -0.275175
float3(0.0809748, -0.52456, -1.53136)
88293.669764791
normal
simd_float4x4([[0.0666509, -0.996118, -0.0574961, 0.0)], [0.884059, 0.0322401, 0.466263, 0.0)], [-0.462599, -0.0819068, 0.882776, 0.0)], [0.287292, -0.00314597, -0.327816, 1.0)]])
0.287292, -0.00314597, -0.327816
float3(0.0819986, -0.482685, -1.53844)
88293.869877291
normal
simd_float4x4([[0.0559299, -0.997474, -0.0437975, 0.0)], [0.904048, 0.0319762, 0.426233, 0.0)], [-0.423755, -0.0634342, 0.903553, 0.0)], [0.350425, -0.00138408, -0.385778, 1.0)]])
0.350425, -0.00138408, -0.385778
float3(0.0634768, -0.438532, -1.53875)
88294.06998975
normal
simd_float4x4([[0.0717027, -0.997383, -0.00927216, 0.0)], [0.916367, 0.0622018, 0.395476, 0.0)], [-0.393865, -0.0368534, 0.918429, 0.0)], [0.401746, -0.0105501, -0.438372, 1.0)]])
0.401746, -0.0105501, -0.438372
float3(0.0368618, -0.405124, -1.50851)
88294.27010225
normal
simd_float4x4([[0.051364, -0.998328, 0.0265075, 0.0)], [0.925726, 0.0575535, 0.37379, 0.0)], [-0.374691, 0.0053393, 0.927135, 0.0)], [0.442036, -0.0236348, -0.497884, 1.0)]])
0.442036, -0.0236348, -0.497884
float3(-0.00533933, -0.384069, -1.51321)
88294.4868905
normal
simd_float4x4([[0.0279772, -0.996399, 0.0800432, 0.0)], [0.924292, 0.0562793, 0.377515, 0.0)], [-0.38066, 0.0634215, 0.922538, 0.0)], [0.479441, -0.0481407, -0.588668, 1.0)]])
0.479441, -0.0481407, -0.588668
float3(-0.0634641, -0.391341, -1.51437)
88294.687003041
normal
simd_float4x4([[0.0177736, -0.993342, 0.113827, 0.0)], [0.901188, 0.0652259, 0.428493, 0.0)], [-0.433064, 0.094964, 0.896347, 0.0)], [0.50543, -0.0696763, -0.688407, 1.0)]])
0.50543, -0.0696763, -0.688407
float3(-0.0951073, -0.450072, -1.50523)
88294.887115708
normal
simd_float4x4([[-0.00360587, -0.986915, 0.161199, 0.0)], [0.900511, 0.0668885, 0.429659, 0.0)], [-0.434819, 0.146711, 0.888487, 0.0)], [0.523336, -0.0898524, -0.790067, 1.0)]])
0.523336, -0.0898524, -0.790067
float3(-0.147242, -0.455126, -1.50312)
88295.103904
normal
simd_float4x4([[-0.0275177, -0.981724, 0.18831, 0.0)], [0.91252, 0.0522383, 0.405682, 0.0)], [-0.408105, 0.183, 0.894406, 0.0)], [0.537981, -0.0958976, -0.868694, 1.0)]])
0.537981, -0.0958976, -0.868694
float3(-0.184037, -0.428069, -1.51764)
88295.303960666
normal
simd_float4x4([[-0.00980157, -0.981034, 0.193586, 0.0)], [0.928375, 0.0629991, 0.366266, 0.0)], [-0.371515, 0.18331, 0.910151, 0.0)], [0.568837, -0.100935, -0.929989, 1.0)]])
0.568837, -0.100935, -0.929989
float3(-0.184353, -0.387548, -1.50667)
88295.520603541
normal
simd_float4x4([[-0.0338816, -0.983465, 0.177901, 0.0)], [0.947624, 0.0249517, 0.318413, 0.0)], [-0.317587, 0.179372, 0.931109, 0.0)], [0.635752, -0.107912, -0.986535, 1.0)]])
0.635752, -0.107912, -0.986535
float3(-0.180348, -0.32871, -1.54543)
