ARKit Data
93491.95793725
limited(__ObjC.ARCamera.TrackingState.Reason.insufficientFeatures)
simd_float4x4([[0.912993, -0.0583442, 0.403782, 0.0)], [0.0770052, 0.996576, -0.0301173, 0.0)], [-0.400642, 0.0585902, 0.91436, 0.0)], [0.331121, 0.059128, -0.19364, 1.0)]])
0.331121, 0.059128, -0.19364
float3(-0.0586237, -0.41297, -0.0584779)
93492.290957
notAvailable
simd_float4x4([[1.0, 0.0, 0.0, 0.0)], [0.0, 1.0, 0.0, 0.0)], [0.0, 0.0, 1.0, 0.0)], [0.0, 0.0, 0.0, 1.0)]])
0.0, 0.0, 0.0
float3(-0.0, 0.0, 0.0)
93492.407611041
notAvailable
simd_float4x4([[1.0, 0.0, 0.0, 0.0)], [0.0, 1.0, 0.0, 0.0)], [0.0, 0.0, 1.0, 0.0)], [0.0, 0.0, 0.0, 1.0)]])
0.0, 0.0, 0.0
float3(-0.0, 0.0, 0.0)
93492.507656
limited(__ObjC.ARCamera.TrackingState.Reason.initializing)
simd_float4x4([[0.999533, -0.030549, -0.000714636, 0.0)], [0.0302945, 0.993723, -0.107682, 0.0)], [0.00399973, 0.10761, 0.994184, 0.0)], [0.0, 0.0, 0.0, 1.0)]])
0.0, 0.0, 0.0
float3(-0.107819, 0.0040231, -0.0307323)
93492.60771225
limited(__ObjC.ARCamera.TrackingState.Reason.initializing)
simd_float4x4([[0.999828, -0.0164014, 0.00869415, 0.0)], [0.0172573, 0.993804, -0.109783, 0.0)], [-0.00683966, 0.109915, 0.993916, 0.0)], [0.0, 0.0, 0.0, 1.0)]])
0.0, 0.0, 0.0
float3(-0.110137, -0.00688142, -0.0165022)
93492.7077685
limited(__ObjC.ARCamera.TrackingState.Reason.initializing)
simd_float4x4([[0.99979, -0.0145264, 0.0144769, 0.0)], [0.0159745, 0.994287, -0.105526, 0.0)], [-0.0128613, 0.105735, 0.99431, 0.0)], [0.0, 0.0, 0.0, 1.0)]])
0.0, 0.0, 0.0
float3(-0.105933, -0.0129342, -0.0146088)
93492.80782475
limited(__ObjC.ARCamera.TrackingState.Reason.initializing)
simd_float4x4([[0.999786, -0.0118275, 0.0169845, 0.0)], [0.0136022, 0.994003, -0.108496, 0.0)], [-0.0155994, 0.108704, 0.993951, 0.0)], [0.0, 0.0, 0.0, 1.0)]])
0.0, 0.0, 0.0
float3(-0.108919, -0.0156931, -0.0118983)
93492.907880833
limited(__ObjC.ARCamera.TrackingState.Reason.initializing)
simd_float4x4([[0.999742, -0.0214846, 0.00742837, 0.0)], [0.022109, 0.994951, -0.0978876, 0.0)], [-0.00528779, 0.0980265, 0.995169, 0.0)], [0.0, 0.0, 0.0, 1.0)]])
0.0, 0.0, 0.0
float3(-0.0981842, -0.0053134, -0.0215902)
93493.007937291
limited(__ObjC.ARCamera.TrackingState.Reason.initializing)
simd_float4x4([[0.999896, -0.00996752, 0.0103738, 0.0)], [0.0109245, 0.995253, -0.096706, 0.0)], [-0.00936061, 0.0968093, 0.995259, 0.0)], [0.0, 0.0, 0.0, 1.0)]])
0.0, 0.0, 0.0
float3(-0.0969611, -0.00940493, -0.0100147)
93493.107993375
limited(__ObjC.ARCamera.TrackingState.Reason.initializing)
simd_float4x4([[0.999285, 0.0140328, -0.0351027, 0.0)], [-0.0175167, 0.994732, -0.100998, 0.0)], [0.0335005, 0.10154, 0.994267, 0.0)], [0.0, 0.0, 0.0, 1.0)]])
0.0, 0.0, 0.0
float3(-0.101716, 0.0336809, 0.0141062)
93493.208049791
limited(__ObjC.ARCamera.TrackingState.Reason.initializing)
simd_float4x4([[0.995966, 0.0307961, -0.084282, 0.0)], [-0.038744, 0.994784, -0.0943531, 0.0)], [0.0809367, 0.0972379, 0.991964, 0.0)], [0.0, 0.0, 0.0, 1.0)]])
0.0, 0.0, 0.0
float3(-0.0973918, 0.081412, 0.0309477)
93493.308106083
limited(__ObjC.ARCamera.TrackingState.Reason.initializing)
simd_float4x4([[0.992366, 0.0544035, -0.110677, 0.0)], [-0.065243, 0.993163, -0.0967994, 0.0)], [0.104654, 0.103281, 0.989131, 0.0)], [0.0, 0.0, 0.0, 1.0)]])
0.0, 0.0, 0.0
float3(-0.103466, 0.105412, 0.0547234)
93493.408162208
limited(__ObjC.ARCamera.TrackingState.Reason.initializing)
simd_float4x4([[0.987711, 0.0998391, -0.120248, 0.0)], [-0.11418, 0.986311, -0.118961, 0.0)], [0.106726, 0.131229, 0.98559, 0.0)], [0.0, 0.0, 0.0, 1.0)]])
0.0, 0.0, 0.0
float3(-0.131608, 0.107866, 0.100881)
93493.508218583
limited(__ObjC.ARCamera.TrackingState.Reason.initializing)
simd_float4x4([[0.989225, 0.0761753, -0.125022, 0.0)], [-0.0923908, 0.987265, -0.129499, 0.0)], [0.113566, 0.139655, 0.983665, 0.0)], [0.0, 0.0, 0.0, 1.0)]])
0.0, 0.0, 0.0
float3(-0.140113, 0.114943, 0.0770053)
93493.608274833
limited(__ObjC.ARCamera.TrackingState.Reason.initializing)
simd_float4x4([[0.992467, 0.0405426, -0.115609, 0.0)], [-0.0567164, 0.98849, -0.140242, 0.0)], [0.108593, 0.145743, 0.983343, 0.0)], [0.0, 0.0, 0.0, 1.0)]])
0.0, 0.0, 0.0
float3(-0.146264, 0.109987, 0.0409917)
93493.708331166
limited(__ObjC.ARCamera.TrackingState.Reason.initializing)
simd_float4x4([[0.993542, 0.0172799, -0.112143, 0.0)], [-0.0348393, 0.987051, -0.156571, 0.0)], [0.107985, 0.159467, 0.981278, 0.0)], [0.0, 0.0, 0.0, 1.0)]])
0.0, 0.0, 0.0
float3(-0.160151, 0.109605, 0.0175048)
93493.808387083
limited(__ObjC.ARCamera.TrackingState.Reason.initializing)
simd_float4x4([[0.993832, -0.00747541, -0.110643, 0.0)], [-0.0121578, 0.984365, -0.175714, 0.0)], [0.110227, 0.175975, 0.978203, 0.0)], [0.0, 0.0, 0.0, 1.0)]])
0.0, 0.0, 0.0
float3(-0.176897, 0.11221, -0.00759399)
93493.9084435
limited(__ObjC.ARCamera.TrackingState.Reason.initializing)
simd_float4x4([[0.994117, -0.0288199, -0.104408, 0.0)], [0.00840405, 0.981567, -0.190927, 0.0)], [0.107986, 0.188926, 0.976034, 0.0)], [0.0, 0.0, 0.0, 1.0)]])
0.0, 0.0, 0.0
float3(-0.190069, 0.110189, -0.0293527)
93494.008499666
limited(__ObjC.ARCamera.TrackingState.Reason.initializing)
simd_float4x4([[0.995004, -0.0310004, -0.0948953, 0.0)], [0.0120838, 0.980972, -0.193764, 0.0)], [0.0990966, 0.19165, 0.976446, 0.0)], [0.0, 0.0, 0.0, 1.0)]])
0.0, 0.0, 0.0
float3(-0.192843, 0.101141, -0.0315912)
93494.108555916
limited(__ObjC.ARCamera.TrackingState.Reason.initializing)
simd_float4x4([[0.99616, -0.0224684, -0.0846214, 0.0)], [0.00635803, 0.98252, -0.186034, 0.0)], [0.0873224, 0.184781, 0.97889, 0.0)], [0.0, 0.0, 0.0, 1.0)]])
0.0, 0.0, 0.0
float3(-0.185849, 0.08897, -0.0228641)
93494.208612125
limited(__ObjC.ARCamera.TrackingState.Reason.initializing)
simd_float4x4([[0.996061, -0.0188365, -0.0866435, 0.0)], [0.00456465, 0.986768, -0.162055, 0.0)], [0.08855, 0.161021, 0.982967, 0.0)], [0.0, 0.0, 0.0, 1.0)]])
0.0, 0.0, 0.0
float3(-0.161726, 0.0898419, -0.0190868)
93494.308668416
limited(__ObjC.ARCamera.TrackingState.Reason.initializing)
simd_float4x4([[0.995682, -0.014328, -0.0917133, 0.0)], [0.00173012, 0.990704, -0.135996, 0.0)], [0.0928098, 0.13525, 0.986452, 0.0)], [0.0, 0.0, 0.0, 1.0)]])
0.0, 0.0, 0.0
float3(-0.135666, 0.0938083, -0.0144614)
93494.408724875
limited(__ObjC.ARCamera.TrackingState.Reason.initializing)
simd_float4x4([[0.996226, -0.0103496, -0.0861828, 0.0)], [0.000711323, 0.993804, -0.111126, 0.0)], [0.0867992, 0.110645, 0.99006, 0.0)], [0.0, 0.0, 0.0, 1.0)]])
0.0, 0.0, 0.0
float3(-0.110872, 0.087447, -0.0104138)
93494.508780916
limited(__ObjC.ARCamera.TrackingState.Reason.initializing)
simd_float4x4([[0.997644, -0.012612, -0.0674289, 0.0)], [0.00662951, 0.996077, -0.0882236, 0.0)], [0.0682772, 0.0875688, 0.993814, 0.0)], [0.0, 0.0, 0.0, 1.0)]])
0.0, 0.0, 0.0
float3(-0.0876811, 0.0685944, -0.012661)
93494.60883725
limited(__ObjC.ARCamera.TrackingState.Reason.initializing)
simd_float4x4([[0.999031, -0.00962972, -0.0429487, 0.0)], [0.00631805, 0.997041, -0.0765901, 0.0)], [0.0435593, 0.0762446, 0.996135, 0.0)], [0.0, 0.0, 0.0, 1.0)]])
0.0, 0.0, 0.0
float3(-0.0763186, 0.0437005, -0.00965799)
93494.708893375
limited(__ObjC.ARCamera.TrackingState.Reason.initializing)
simd_float4x4([[0.99959, -0.00810556, -0.0274439, 0.0)], [0.00568085, 0.996165, -0.0873054, 0.0)], [0.0280464, 0.0871138, 0.995803, 0.0)], [0.0, 0.0, 0.0, 1.0)]])
0.0, 0.0, 0.0
float3(-0.0872243, 0.0281572, -0.00813659)
93494.808949791
limited(__ObjC.ARCamera.TrackingState.Reason.initializing)
simd_float4x4([[0.999478, -0.00832978, -0.0312176, 0.0)], [0.00388958, 0.990188, -0.139683, 0.0)], [0.0320749, 0.139489, 0.989703, 0.0)], [0.0, 0.0, 0.0, 1.0)]])
0.0, 0.0, 0.0
float3(-0.139945, 0.0323972, -0.00841212)
93494.909005916
limited(__ObjC.ARCamera.TrackingState.Reason.initializing)
simd_float4x4([[0.998205, -0.0140755, -0.0582104, 0.0)], [0.00240035, 0.980608, -0.195956, 0.0)], [0.0598399, 0.195465, 0.978882, 0.0)], [0.0, 0.0, 0.0, 1.0)]])
0.0, 0.0, 0.0
float3(-0.196731, 0.0610549, -0.0143529)
93495.009062291
limited(__ObjC.ARCamera.TrackingState.Reason.initializing)
simd_float4x4([[0.995398, -0.0181251, -0.0940952, 0.0)], [-0.00432693, 0.972444, -0.233093, 0.0)], [0.0957273, 0.232427, 0.96789, 0.0)], [0.0, 0.0, 0.0, 1.0)]])
0.0, 0.0, 0.0
float3(-0.234572, 0.0985824, -0.0186366)
93495.109118416
limited(__ObjC.ARCamera.TrackingState.Reason.initializing)
simd_float4x4([[0.993552, -0.0181718, -0.111913, 0.0)], [-0.00114124, 0.985418, -0.170141, 0.0)], [0.113373, 0.169171, 0.979043, 0.0)], [0.0, 0.0, 0.0, 1.0)]])
0.0, 0.0, 0.0
float3(-0.169989, 0.115286, -0.0184386)
93495.20917475
limited(__ObjC.ARCamera.TrackingState.Reason.initializing)
simd_float4x4([[0.993312, -0.01624, -0.114312, 0.0)], [0.00699696, 0.996705, -0.080801, 0.0)], [0.115247, 0.0794608, 0.990152, 0.0)], [0.0, 0.0, 0.0, 1.0)]])
0.0, 0.0, 0.0
float3(-0.0795447, 0.115872, -0.0162923)
93495.309230958
limited(__ObjC.ARCamera.TrackingState.Reason.initializing)
simd_float4x4([[0.993522, -0.0135369, -0.112835, 0.0)], [0.0096212, 0.999334, -0.0351771, 0.0)], [0.113236, 0.0338636, 0.99299, 0.0)], [0.0, 0.0, 0.0, 1.0)]])
0.0, 0.0, 0.0
float3(-0.03387, 0.113545, -0.0135451)
93495.409287291
limited(__ObjC.ARCamera.TrackingState.Reason.initializing)
simd_float4x4([[0.994883, -0.00750368, -0.100759, 0.0)], [0.0105434, 0.999503, 0.029668, 0.0)], [0.100487, -0.0305785, 0.994467, 0.0)], [0.0, 0.0, 0.0, 1.0)]])
0.0, 0.0, 0.0
float3(0.0305833, 0.100704, -0.00750727)
93495.509343583
limited(__ObjC.ARCamera.TrackingState.Reason.initializing)
simd_float4x4([[0.995552, -0.00214618, -0.0941924, 0.0)], [0.0114663, 0.995068, 0.0985168, 0.0)], [0.0935166, -0.0991586, 0.990666, 0.0)], [0.0, 0.0, 0.0, 1.0)]])
0.0, 0.0, 0.0
float3(0.0993219, 0.0941188, -0.00215681)
93495.609399791
limited(__ObjC.ARCamera.TrackingState.Reason.initializing)
simd_float4x4([[0.995221, 0.00127763, -0.0976361, 0.0)], [0.014122, 0.987517, 0.156869, 0.0)], [0.0966179, -0.157498, 0.98278, 0.0)], [0.0, 0.0, 0.0, 1.0)]])
0.0, 0.0, 0.0
float3(0.158156, 0.0979959, 0.00129378)
93495.709456125
limited(__ObjC.ARCamera.TrackingState.Reason.initializing)
simd_float4x4([[0.994651, 0.00265332, -0.103259, 0.0)], [0.0152056, 0.985017, 0.171778, 0.0)], [0.102168, -0.172429, 0.979708, 0.0)], [0.0, 0.0, 0.0, 1.0)]])
0.0, 0.0, 0.0
float3(0.173295, 0.103908, 0.00269367)
93495.809512166
limited(__ObjC.ARCamera.TrackingState.Reason.initializing)
simd_float4x4([[0.994299, 0.00323548, -0.106575, 0.0)], [0.0070018, 0.995399, 0.0955403, 0.0)], [0.106394, -0.0957418, 0.989702, 0.0)], [0.0, 0.0, 0.0, 1.0)]])
0.0, 0.0, 0.0
float3(0.0958887, 0.10709, 0.00325042)
93495.909568583
limited(__ObjC.ARCamera.TrackingState.Reason.initializing)
simd_float4x4([[0.994417, 0.00380646, -0.105457, 0.0)], [-0.00205937, 0.999857, 0.0166685, 0.0)], [0.105505, -0.0163583, 0.994282, 0.0)], [0.0, 0.0, 0.0, 1.0)]])
0.0, 0.0, 0.0
float3(0.016359, 0.105717, 0.00380699)
93496.009624666
limited(__ObjC.ARCamera.TrackingState.Reason.initializing)
simd_float4x4([[0.994776, 0.00400358, -0.101999, 0.0)], [-0.00883678, 0.998855, -0.0469797, 0.0)], [0.101694, 0.0476356, 0.993673, 0.0)], [0.0, 0.0, 0.0, 1.0)]])
0.0, 0.0, 0.0
float3(-0.0476536, 0.101986, 0.00400815)
93496.109681208
limited(__ObjC.ARCamera.TrackingState.Reason.initializing)
simd_float4x4([[0.994969, 0.00424395, -0.100089, 0.0)], [-0.014995, 0.994154, -0.106911, 0.0)], [0.0990507, 0.107874, 0.989216, 0.0)], [0.0, 0.0, 0.0, 1.0)]])
0.0, 0.0, 0.0
float3(-0.108085, 0.0997978, 0.00426888)
93496.20973725
normal
simd_float4x4([[0.994596, 0.00417722, -0.103739, 0.0)], [-0.0181509, 0.990798, -0.134125, 0.0)], [0.102224, 0.135284, 0.98552, 0.0)], [0.00071381, -0.00070801, 0.00165971, 1.0)]])
0.00071381, -0.00070801, 0.00165971
float3(-0.1357, 0.103356, 0.00421599)
93496.309793666
normal
simd_float4x4([[0.994091, 0.00716926, -0.108314, 0.0)], [-0.0267087, 0.983295, -0.180046, 0.0)], [0.105213, 0.181875, 0.977677, 0.0)], [0.0018522, 0.00150096, 0.00522998, 1.0)]])
0.0018522, 0.00150096, 0.00522998
float3(-0.182893, 0.107203, 0.00729092)
93496.409849791
normal
simd_float4x4([[0.992855, 0.00723208, -0.119109, 0.0)], [-0.0345803, 0.972768, -0.229187, 0.0)], [0.114207, 0.231668, 0.966067, 0.0)], [0.00239744, 0.00360716, 0.00709366, 1.0)]])
0.00239744, 0.00360716, 0.00709366
float3(-0.233792, 0.117673, 0.0074344)
93496.509906166
normal
simd_float4x4([[0.99283, 0.00505574, -0.119424, 0.0)], [-0.0307787, 0.976228, -0.21455, 0.0)], [0.115501, 0.216688, 0.969384, 0.0)], [0.000920257, 0.00816581, 0.00610686, 1.0)]])
0.000920257, 0.00816581, 0.00610686
float3(-0.21842, 0.118589, 0.00517881)
93496.609962416
normal
simd_float4x4([[0.993451, 0.00751462, -0.114012, 0.0)], [-0.0228803, 0.990708, -0.13407, 0.0)], [0.111946, 0.1358, 0.984391, 0.0)], [0.00113816, 0.0133163, 0.0113579, 1.0)]])
0.00113816, 0.0133163, 0.0113579
float3(-0.136221, 0.113234, 0.00758496)
93496.710018583
normal
simd_float4x4([[0.994857, 0.0148952, -0.100185, 0.0)], [-0.0212648, 0.997799, -0.0628136, 0.0)], [0.0990293, 0.0646209, 0.992984, 0.0)], [0.00300223, 0.0180468, 0.0209313, 1.0)]])
0.00300223, 0.0180468, 0.0209313
float3(-0.064666, 0.0994003, 0.014927)
93496.810074958
normal
simd_float4x4([[0.995827, 0.0157029, -0.0898995, 0.0)], [-0.0153996, 0.999873, 0.00406567, 0.0)], [0.0899519, -0.00266429, 0.995943, 0.0)], [0.00205247, 0.020853, 0.0246581, 1.0)]])
0.00205247, 0.020853, 0.0246581
float3(0.00266429, 0.090074, 0.0157036)
93496.910131125
normal
simd_float4x4([[0.995878, 0.0137703, -0.0896473, 0.0)], [-0.00930748, 0.998705, 0.0500111, 0.0)], [0.09022, -0.0489706, 0.994717, 0.0)], [0.00280257, 0.0228583, 0.0293739, 1.0)]])
0.00280257, 0.0228583, 0.0293739
float3(0.0489902, 0.0904516, 0.0137873)
93497.010187458
normal
simd_float4x4([[0.995706, 0.0110591, -0.0919127, 0.0)], [-0.00436941, 0.997347, 0.072668, 0.0)], [0.0924725, -0.0719544, 0.993112, 0.0)], [0.00605724, 0.0250035, 0.0327764, 1.0)]])
0.00605724, 0.0250035, 0.0327764
float3(0.0720166, 0.0928461, 0.0110881)
93497.110243583
normal
simd_float4x4([[0.995785, 0.00819473, -0.0913534, 0.0)], [-0.0040198, 0.998943, 0.0457916, 0.0)], [0.0916321, -0.0452313, 0.994765, 0.0)], [0.00794771, 0.0255606, 0.0341416, 1.0)]])
0.00794771, 0.0255606, 0.0341416
float3(0.0452467, 0.0918551, 0.00820322)
93497.2103
normal
simd_float4x4([[0.995559, 0.00266683, -0.0940989, 0.0)], [-0.00312236, 0.999984, -0.00469406, 0.0)], [0.0940849, 0.00496702, 0.995552, 0.0)], [0.00802902, 0.0287623, 0.0349025, 1.0)]])
0.00802902, 0.0287623, 0.0349025
float3(-0.00496705, 0.0942254, 0.00266686)
93497.310356291
normal
simd_float4x4([[0.995292, 0.000109553, -0.096919, 0.0)], [-0.0045353, 0.998957, -0.0454453, 0.0)], [0.0968129, 0.0456709, 0.994254, 0.0)], [0.00613035, 0.0317668, 0.0301773, 1.0)]])
0.00613035, 0.0317668, 0.0301773
float3(-0.0456868, 0.0970663, 0.000109668)
93497.410412541
normal
simd_float4x4([[0.995148, -0.00231964, -0.0983637, 0.0)], [-0.00534935, 0.996968, -0.0776303, 0.0)], [0.0982455, 0.0777798, 0.992118, 0.0)], [0.00528781, 0.0320341, 0.0247097, 1.0)]])
0.00528781, 0.0320341, 0.0247097
float3(-0.0778584, 0.0987042, -0.00232669)
93497.510468625
normal
simd_float4x4([[0.99452, -0.00430538, -0.104458, 0.0)], [-0.00775502, 0.993361, -0.114776, 0.0)], [0.104259, 0.114957, 0.987884, 0.0)], [0.00557998, 0.0319068, 0.0229079, 1.0)]])
0.00557998, 0.0319068, 0.0229079
float3(-0.115212, 0.105148, -0.00433413)
93497.610525041
normal
simd_float4x4([[0.993725, -0.00432052, -0.111766, 0.0)], [-0.0112604, 0.990312, -0.1384, 0.0)], [0.111281, 0.13879, 0.98405, 0.0)], [0.00491302, 0.0335274, 0.019796, 1.0)]])
0.00491302, 0.0335274, 0.019796
float3(-0.13924, 0.112606, -0.00436276)
93497.71058125
normal
simd_float4x4([[0.993416, -0.00212949, -0.114544, 0.0)], [-0.0158008, 0.987725, -0.155401, 0.0)], [0.113469, 0.156187, 0.981188, 0.0)], [0.00488739, 0.0325885, 0.019448, 1.0)]])
0.00488739, 0.0325885, 0.019448
float3(-0.156829, 0.115133, -0.00215595)
93497.810637583
normal
simd_float4x4([[0.993393, -0.0016175, -0.114754, 0.0)], [-0.0153505, 0.989043, -0.146826, 0.0)], [0.113734, 0.147617, 0.982483, 0.0)], [0.00448614, 0.0327142, 0.0165824, 1.0)]])
0.00448614, 0.0327142, 0.0165824
float3(-0.148159, 0.115249, -0.00163542)
93497.910693833
normal
simd_float4x4([[0.993202, 0.00133089, -0.116393, 0.0)], [-0.0129419, 0.994998, -0.0990583, 0.0)], [0.115679, 0.0998913, 0.988251, 0.0)], [0.00450134, 0.0337431, 0.0212645, 1.0)]])
0.00450134, 0.0337431, 0.0212645
float3(-0.100058, 0.116524, 0.00133758)
93498.010749958
normal
simd_float4x4([[0.993259, 0.00319372, -0.115874, 0.0)], [-0.0104186, 0.998034, -0.0617996, 0.0)], [0.115449, 0.0625902, 0.99134, 0.0)], [0.00370012, 0.0345487, 0.0270375, 1.0)]])
0.00370012, 0.0345487, 0.0270375
float3(-0.0626312, 0.115935, 0.0032)
93498.110806416
normal
simd_float4x4([[0.993126, 0.00318474, -0.11701, 0.0)], [-0.00971093, 0.998426, -0.0552468, 0.0)], [0.11665, 0.0560033, 0.991593, 0.0)], [0.00245187, 0.0327873, 0.0294316, 1.0)]])
0.00245187, 0.0327873, 0.0294316
float3(-0.0560326, 0.117101, 0.00318975)
93498.210862541
normal
simd_float4x4([[0.993708, 0.00232148, -0.111981, 0.0)], [-0.00883466, 0.998295, -0.0577023, 0.0)], [0.111656, 0.0583286, 0.992034, 0.0)], [-0.0214446, -0.030254, -0.060593, 1.0)]])
-0.0214446, -0.030254, -0.060593
float3(-0.0583617, 0.112081, 0.00232545)
93498.310918875
normal
simd_float4x4([[0.994657, 0.00284907, -0.103198, 0.0)], [-0.00878766, 0.998328, -0.0571366, 0.0)], [0.102863, 0.0577382, 0.993018, 0.0)], [-0.0189241, -0.0285872, -0.0577691, 1.0)]])
-0.0189241, -0.0285872, -0.0577691
float3(-0.0577703, 0.103218, 0.00285384)
93498.410975083
normal
simd_float4x4([[0.995889, 0.00374653, -0.0905085, 0.0)], [-0.00889034, 0.998363, -0.0564962, 0.0)], [0.0901487, 0.0570686, 0.994292, 0.0)], [-0.0162681, -0.0270849, -0.059056, 1.0)]])
-0.0162681, -0.0270849, -0.059056
float3(-0.0570996, 0.090419, 0.00375266)
93498.511031416
normal
simd_float4x4([[0.99748, 0.0043836, -0.0708115, 0.0)], [-0.00820317, 0.998521, -0.0537396, 0.0)], [0.0704713, 0.054185, 0.996041, 0.0)], [-0.0133804, -0.0287648, -0.0618464, 1.0)]])
-0.0133804, -0.0287648, -0.0618464
float3(-0.0542116, 0.0706337, 0.00439006)
93498.611087625
normal
simd_float4x4([[0.998694, 0.00456371, -0.0508793, 0.0)], [-0.0073513, 0.998474, -0.0547365, 0.0)], [0.0505519, 0.0550391, 0.997204, 0.0)], [-0.0101862, -0.0300924, -0.0643933, 1.0)]])
-0.0101862, -0.0300924, -0.0643933
float3(-0.0550669, 0.0506503, 0.00457065)
93498.711143916
normal
simd_float4x4([[0.999484, 0.0044589, -0.0318112, 0.0)], [-0.00605747, 0.998714, -0.050334, 0.0)], [0.0315458, 0.0505007, 0.998226, 0.0)], [-0.00853606, -0.0305076, -0.0640685, 1.0)]])
-0.00853606, -0.0305076, -0.0640685
float3(-0.0505222, 0.0315914, 0.00446461)
93498.81120025
normal
simd_float4x4([[0.999597, 0.000936604, -0.0283561, 0.0)], [-0.00235115, 0.998752, -0.049893, 0.0)], [0.028274, 0.0499396, 0.998352, 0.0)], [-0.00737621, -0.0302099, -0.0637322, 1.0)]])
-0.00737621, -0.0302099, -0.0637322
float3(-0.0499603, 0.0283131, 0.000937774)
93498.9112565
normal
simd_float4x4([[0.999421, -0.000283807, -0.034027, 0.0)], [-0.00144197, 0.998714, -0.0506826, 0.0)], [0.0339976, 0.0507023, 0.998135, 0.0)], [-0.00651062, -0.0304333, -0.0615621, 1.0)]])
-0.00651062, -0.0304333, -0.0615621
float3(-0.050724, 0.034048, -0.000284173)
93499.011312791
normal
simd_float4x4([[0.998676, -0.00121663, -0.0514183, 0.0)], [-0.00139261, 0.998714, -0.0506792, 0.0)], [0.0514138, 0.0506837, 0.997391, 0.0)], [-0.00970498, -0.0301041, -0.0609994, 1.0)]])
-0.00970498, -0.0301041, -0.0609994
float3(-0.0507054, 0.0515027, -0.0012182)
93499.111368958
normal
simd_float4x4([[0.9965, -0.000485844, -0.0835873, 0.0)], [-0.00383414, 0.998665, -0.051514, 0.0)], [0.0835007, 0.0516542, 0.995168, 0.0)], [-0.0139545, -0.0293753, -0.0588032, 1.0)]])
-0.0139545, -0.0293753, -0.0588032
float3(-0.0516772, 0.08371, -0.000486493)
93499.211425291
normal
simd_float4x4([[0.992381, 0.00150048, -0.123198, 0.0)], [-0.00765627, 0.998744, -0.0495084, 0.0)], [0.122969, 0.0500745, 0.991146, 0.0)], [-0.02095, -0.0289451, -0.05206, 1.0)]])
-0.02095, -0.0289451, -0.05206
float3(-0.0500954, 0.123437, 0.00150237)
93499.3114815
normal
simd_float4x4([[0.985273, 0.00244611, -0.170971, 0.0)], [-0.0106389, 0.998837, -0.0470193, 0.0)], [0.170657, 0.0481458, 0.984153, 0.0)], [-0.0277589, -0.0289953, -0.0431041, 1.0)]])
-0.0277589, -0.0289953, -0.0431041
float3(-0.0481644, 0.171698, 0.00244895)
93499.411537833
normal
simd_float4x4([[0.974619, 0.00243851, -0.223856, 0.0)], [-0.0131899, 0.998829, -0.0465454, 0.0)], [0.223481, 0.0483167, 0.97351, 0.0)], [-0.035783, -0.0282907, -0.0359871, 1.0)]])
-0.035783, -0.0282907, -0.0359871
float3(-0.0483355, 0.225652, 0.00244136)
93499.511594041
normal
simd_float4x4([[0.960674, 0.00054166, -0.277678, 0.0)], [-0.0139526, 0.998829, -0.046323, 0.0)], [0.277328, 0.0483757, 0.959557, 0.0)], [-0.041635, -0.0276173, -0.029268, 1.0)]])
-0.041635, -0.0276173, -0.029268
float3(-0.0483945, 0.28135, 0.000542295)
93499.611650458
normal
simd_float4x4([[0.944774, -0.00263191, -0.327712, 0.0)], [-0.0127123, 0.998921, -0.0446712, 0.0)], [0.327476, 0.0463702, 0.943721, 0.0)], [-0.0487179, -0.0266991, -0.0200672, 1.0)]])
-0.0487179, -0.0266991, -0.0200672
float3(-0.0463868, 0.334005, -0.00263475)
93499.711706625
normal
simd_float4x4([[0.92615, -0.00741891, -0.377082, 0.0)], [-0.0105583, 0.998905, -0.0455852, 0.0)], [0.377008, 0.0462001, 0.925057, 0.0)], [-0.054238, -0.0241048, -0.0139718, 1.0)]])
-0.054238, -0.0241048, -0.0139718
float3(-0.0462165, 0.386999, -0.00742691)
93499.811762875
normal
simd_float4x4([[0.905104, -0.0135363, -0.424974, 0.0)], [-0.00686792, 0.998897, -0.0464441, 0.0)], [0.425134, 0.0449555, 0.904013, 0.0)], [-0.0636934, -0.0214638, -0.00705566, 1.0)]])
-0.0636934, -0.0214638, -0.00705566
float3(-0.0449706, 0.439585, -0.0135504)
93499.911819166
normal
simd_float4x4([[0.882607, -0.0190122, -0.469728, 0.0)], [-0.00267784, 0.998962, -0.0454645, 0.0)], [0.470105, 0.0413851, 0.88164, 0.0)], [-0.0727129, -0.0203889, 0.00113538, 1.0)]])
-0.0727129, -0.0203889, 0.00113538
float3(-0.0413969, 0.489866, -0.0190296)
93500.011875416
normal
simd_float4x4([[0.857423, -0.024215, -0.514042, 0.0)], [0.000292602, 0.998915, -0.0465679, 0.0)], [0.514612, 0.039778, 0.8565, 0.0)], [-0.0817442, -0.0191357, 0.00788974, 1.0)]])
-0.0817442, -0.0191357, 0.00788974
float3(-0.0397885, 0.54103, -0.0242365)
93500.111931916
normal
simd_float4x4([[0.829278, -0.0274265, -0.558163, 0.0)], [0.00363823, 0.999039, -0.0436845, 0.0)], [0.558824, 0.0341959, 0.828581, 0.0)], [-0.0880411, -0.0175763, 0.0164711, 1.0)]])
-0.0880411, -0.0175763, 0.0164711
float3(-0.0342025, 0.593362, -0.027446)
93500.211988083
normal
simd_float4x4([[0.800241, -0.0291651, -0.598969, 0.0)], [0.00459505, 0.999086, -0.0425086, 0.0)], [0.599661, 0.0312648, 0.799643, 0.0)], [-0.094249, -0.01744, 0.0249925, 1.0)]])
-0.094249, -0.01744, 0.0249925
float3(-0.0312699, 0.643444, -0.0291835)
93500.312044458
normal
simd_float4x4([[0.770711, -0.0314299, -0.63641, 0.0)], [0.00717561, 0.999148, -0.0406542, 0.0)], [0.637145, 0.026766, 0.770279, 0.0)], [-0.0990608, -0.0164201, 0.0337407, 1.0)]])
-0.0990608, -0.0164201, 0.0337407
float3(-0.0267692, 0.691085, -0.0314463)
93500.412100583
normal
simd_float4x4([[0.743356, -0.0322366, -0.668118, 0.0)], [0.00860965, 0.999216, -0.0386328, 0.0)], [0.66884, 0.0229657, 0.743052, 0.0)], [-0.103119, -0.0158593, 0.0422932, 1.0)]])
-0.103119, -0.0158593, 0.0422932
float3(-0.0229677, 0.732885, -0.0322507)
93500.512156833
normal
simd_float4x4([[0.7158, -0.0350258, -0.697427, 0.0)], [0.0101182, 0.999157, -0.0397945, 0.0)], [0.698232, 0.0214282, 0.715551, 0.0)], [-0.106993, -0.0157677, 0.0496765, 1.0)]])
-0.106993, -0.0157677, 0.0496765
float3(-0.0214298, 0.773149, -0.0350411)
93500.612213041
normal
simd_float4x4([[0.693377, -0.0379799, -0.719573, 0.0)], [0.0126303, 0.999097, -0.040563, 0.0)], [0.720464, 0.019037, 0.693231, 0.0)], [-0.109618, -0.0157101, 0.055628, 1.0)]])
-0.109618, -0.0157101, 0.055628
float3(-0.0190382, 0.80466, -0.0379959)
93500.712269375
normal
simd_float4x4([[0.673407, -0.0384358, -0.738272, 0.0)], [0.0140633, 0.999133, -0.039189, 0.0)], [0.739138, 0.0160076, 0.673364, 0.0)], [-0.110721, -0.0154193, 0.0638115, 1.0)]])
-0.110721, -0.0154193, 0.0638115
float3(-0.0160082, 0.831931, -0.0384502)
93500.812325666
normal
simd_float4x4([[0.656033, -0.0379013, -0.75378, 0.0)], [0.0152247, 0.9992, -0.036991, 0.0)], [0.754579, 0.0127913, 0.656085, 0.0)], [-0.112418, -0.0151035, 0.0717534, 1.0)]])
-0.112418, -0.0151035, 0.0717534
float3(-0.0127916, 0.855106, -0.0379135)
93500.912382041
normal
simd_float4x4([[0.641627, -0.0382814, -0.766061, 0.0)], [0.0154972, 0.999197, -0.0369517, 0.0)], [0.766861, 0.0118374, 0.641705, 0.0)], [-0.115138, -0.0156464, 0.0785742, 1.0)]])
-0.115138, -0.0156464, 0.0785742
float3(-0.0118377, 0.874019, -0.0382935)
93501.01243825
normal
simd_float4x4([[0.626982, -0.0393249, -0.778041, 0.0)], [0.0142972, 0.999138, -0.0389785, 0.0)], [0.778903, 0.0133151, 0.627004, 0.0)], [-0.117565, -0.0159882, 0.0821919, 1.0)]])
-0.117565, -0.0159882, 0.0821919
float3(-0.0133155, 0.893024, -0.0393385)
93501.112494458
normal
simd_float4x4([[0.616693, -0.0388905, -0.786242, 0.0)], [0.0135641, 0.999156, -0.0387829, 0.0)], [0.787087, 0.0132525, 0.6167, 0.0)], [-0.119707, -0.016256, 0.0863887, 1.0)]])
-0.119707, -0.016256, 0.0863887
float3(-0.0132529, 0.906184, -0.0389037)
93501.212550958
normal
simd_float4x4([[0.612818, -0.0373417, -0.789342, 0.0)], [0.0102279, 0.999174, -0.0393277, 0.0)], [0.790158, 0.0160275, 0.612693, 0.0)], [-0.122826, -0.0159417, 0.0874873, 1.0)]])
-0.122826, -0.0159417, 0.0874873
float3(-0.0160281, 0.911233, -0.0373552)
93501.312607125
normal
simd_float4x4([[0.618409, -0.0359664, -0.785033, 0.0)], [0.00923053, 0.999216, -0.0385079, 0.0)], [0.785802, 0.0165674, 0.618256, 0.0)], [-0.12558, -0.014827, 0.0831265, 1.0)]])
-0.12558, -0.014827, 0.0831265
float3(-0.0165681, 0.904167, -0.0359791)
93501.412663416
normal
simd_float4x4([[0.632134, -0.034735, -0.77408, 0.0)], [0.00794275, 0.999233, -0.038352, 0.0)], [0.774818, 0.0180953, 0.631925, 0.0)], [-0.125789, -0.0152898, 0.0793833, 1.0)]])
-0.125789, -0.0152898, 0.0793833
float3(-0.0180963, 0.886628, -0.0347477)
93501.512719666
normal
simd_float4x4([[0.653563, -0.0345984, -0.756081, 0.0)], [0.00778664, 0.999209, -0.0389932, 0.0)], [0.756832, 0.0195972, 0.653315, 0.0)], [-0.125043, -0.0156244, 0.0729285, 1.0)]])
-0.125043, -0.0156244, 0.0729285
float3(-0.0195984, 0.858675, -0.034612)
93501.612776
normal
simd_float4x4([[0.68295, -0.0339688, -0.729675, 0.0)], [0.00698938, 0.999176, -0.0399731, 0.0)], [0.730432, 0.0221997, 0.682625, 0.0)], [-0.119341, -0.0158792, 0.0659852, 1.0)]])
-0.119341, -0.0158792, 0.0659852
float3(-0.0222015, 0.819218, -0.0339837)
93501.712832125
normal
simd_float4x4([[0.715226, -0.0327575, -0.698125, 0.0)], [0.00580219, 0.999145, -0.0409377, 0.0)], [0.698869, 0.0252291, 0.714805, 0.0)], [-0.11229, -0.0164046, 0.0576001, 1.0)]])
-0.11229, -0.0164046, 0.0576001
float3(-0.0252318, 0.774126, -0.0327738)
93501.8128885
normal
simd_float4x4([[0.748754, -0.0325965, -0.662046, 0.0)], [0.00430933, 0.999008, -0.0443135, 0.0)], [0.662834, 0.030327, 0.748152, 0.0)], [-0.105204, -0.0173948, 0.0478572, 1.0)]])
-0.105204, -0.0173948, 0.0478572
float3(-0.0303316, 0.725004, -0.0326173)
93501.912944708
normal
simd_float4x4([[0.781249, -0.0351894, -0.623227, 0.0)], [0.00720752, 0.998852, -0.0473634, 0.0)], [0.624178, 0.0325107, 0.780606, 0.0)], [-0.0960748, -0.0171979, 0.037774, 1.0)]])
-0.0960748, -0.0171979, 0.037774
float3(-0.0325164, 0.674501, -0.0352153)
93502.013001125
normal
simd_float4x4([[0.813583, -0.0356405, -0.580355, 0.0)], [0.00880188, 0.99876, -0.0489963, 0.0)], [0.581382, 0.0347544, 0.812888, 0.0)], [-0.0871995, -0.0178575, 0.0281585, 1.0)]])
-0.0871995, -0.0178575, 0.0281585
float3(-0.0347614, 0.620858, -0.0356696)
93502.113057416
normal
simd_float4x4([[0.84493, -0.0357725, -0.533679, 0.0)], [0.0103371, 0.998667, -0.0505748, 0.0)], [0.534777, 0.0372155, 0.844173, 0.0)], [-0.0778388, -0.01804, 0.0194381, 1.0)]])
-0.0778388, -0.01804, 0.0194381
float3(-0.0372241, 0.564682, -0.0358049)
93502.213113625
normal
simd_float4x4([[0.872923, -0.0344871, -0.486637, 0.0)], [0.0112757, 0.998658, -0.050547, 0.0)], [0.487727, 0.0386365, 0.872141, 0.0)], [-0.0671332, -0.018811, 0.0123672, 1.0)]])
-0.0671332, -0.018811, 0.0123672
float3(-0.0386461, 0.509902, -0.0345198)
93502.313169958
normal
simd_float4x4([[0.89765, -0.0317041, -0.439567, 0.0)], [0.0113077, 0.998738, -0.0489431, 0.0)], [0.440564, 0.0389633, 0.896875, 0.0)], [-0.0567599, -0.0197412, 0.00505406, 1.0)]])
-0.0567599, -0.0197412, 0.00505406
float3(-0.0389731, 0.4566, -0.0317335)
93502.413226125
normal
simd_float4x4([[0.920461, -0.0288632, -0.389768, 0.0)], [0.0104578, 0.998731, -0.0492618, 0.0)], [0.390695, 0.0412674, 0.919595, 0.0)], [-0.0468748, -0.0203813, -0.00496447, 1.0)]])
-0.0468748, -0.0203813, -0.00496447
float3(-0.0412792, 0.401748, -0.0288919)
93502.513282541
normal
simd_float4x4([[0.940458, -0.0270136, -0.338834, 0.0)], [0.0109944, 0.998733, -0.0491083, 0.0)], [0.339731, 0.0424591, 0.939564, 0.0)], [-0.0372161, -0.0210836, -0.011866, 1.0)]])
-0.0372161, -0.0210836, -0.011866
float3(-0.0424719, 0.346957, -0.0270412)
93502.61333875
normal
simd_float4x4([[0.955719, -0.0265765, -0.293079, 0.0)], [0.0118671, 0.998584, -0.0518539, 0.0)], [0.294042, 0.0460798, 0.954681, 0.0)], [-0.0273679, -0.0218178, -0.0178751, 1.0)]])
-0.0273679, -0.0218178, -0.0178751
float3(-0.0460961, 0.29878, -0.0266079)
93502.713395
normal
simd_float4x4([[0.967787, -0.0261393, -0.250409, 0.0)], [0.0136456, 0.99858, -0.0515, 0.0)], [0.2514, 0.0464241, 0.966769, 0.0)], [-0.0195256, -0.0225063, -0.0222791, 1.0)]])
-0.0195256, -0.0225063, -0.0222791
float3(-0.0464408, 0.254406, -0.0261705)
93502.81345125
normal
simd_float4x4([[0.977785, -0.0250389, -0.20811, 0.0)], [0.015083, 0.998671, -0.0492902, 0.0)], [0.209067, 0.0450563, 0.976863, 0.0)], [-0.0130189, -0.0232918, -0.0259598, 1.0)]])
-0.0130189, -0.0232918, -0.0259598
float3(-0.0450715, 0.210838, -0.025067)
93502.913507583
normal
simd_float4x4([[0.985152, -0.0236153, -0.170054, 0.0)], [0.0156637, 0.998727, -0.0479498, 0.0)], [0.17097, 0.0445741, 0.984267, 0.0)], [-0.00543783, -0.0245911, -0.0276839, 1.0)]])
-0.00543783, -0.0245911, -0.0276839
float3(-0.0445889, 0.171987, -0.023641)
93503.01356375
normal
simd_float4x4([[0.991144, -0.019396, -0.131364, 0.0)], [0.0132282, 0.998776, -0.047663, 0.0)], [0.132128, 0.0455033, 0.990188, 0.0)], [0.00016374, -0.0255941, -0.0301368, 1.0)]])
0.00016374, -0.0255941, -0.0301368
float3(-0.045519, 0.132653, -0.0194173)
93503.113620208
normal
simd_float4x4([[0.995313, -0.0167171, -0.0952456, 0.0)], [0.0120919, 0.998729, -0.0489328, 0.0)], [0.0959425, 0.0475518, 0.99425, 0.0)], [0.00501821, -0.0260822, -0.0313346, 1.0)]])
0.00501821, -0.0260822, -0.0313346
float3(-0.0475697, 0.0961995, -0.0167368)
93503.213676541
normal
simd_float4x4([[0.997977, -0.0120106, -0.0624336, 0.0)], [0.00889759, 0.998714, -0.0499026, 0.0)], [0.0629527, 0.0492461, 0.996801, 0.0)], [0.00706562, -0.0262659, -0.0348054, 1.0)]])
0.00706562, -0.0262659, -0.0348054
float3(-0.0492661, 0.063071, -0.0120255)
93503.313732708
normal
simd_float4x4([[0.999184, -0.00733092, -0.0397107, 0.0)], [0.00523249, 0.998597, -0.0526912, 0.0)], [0.0400413, 0.0524405, 0.997821, 0.0)], [0.00752306, -0.0277184, -0.0391137, 1.0)]])
0.00752306, -0.0277184, -0.0391137
float3(-0.0524645, 0.0401072, -0.00734108)
93503.413789166
normal
simd_float4x4([[0.999629, -0.00447612, -0.0268818, 0.0)], [0.00300792, 0.998514, -0.0544112, 0.0)], [0.0270854, 0.0543101, 0.998157, 0.0)], [0.00775246, -0.0284161, -0.0419729, 1.0)]])
0.00775246, -0.0284161, -0.0419729
float3(-0.0543368, 0.0271287, -0.00448275)
93503.513845291
normal
simd_float4x4([[0.999775, -0.00384439, -0.0208788, 0.0)], [0.00269928, 0.998505, -0.0545994, 0.0)], [0.0210575, 0.0545308, 0.99829, 0.0)], [0.00746472, -0.0301376, -0.0430804, 1.0)]])
0.00746472, -0.0301376, -0.0430804
float3(-0.0545578, 0.0210905, -0.00385013)
93503.613901625
normal
simd_float4x4([[0.999814, -0.00290753, -0.0190865, 0.0)], [0.00189571, 0.998602, -0.0528181, 0.0)], [0.0192134, 0.052772, 0.998422, 0.0)], [0.00707301, -0.0318637, -0.0452838, 1.0)]])
0.00707301, -0.0318637, -0.0452838
float3(-0.0527966, 0.0192413, -0.00291159)
93503.713957916
normal
simd_float4x4([[0.999812, -0.00322806, -0.0191399, 0.0)], [0.00222914, 0.998645, -0.0519842, 0.0)], [0.0192818, 0.0519317, 0.998465, 0.0)], [0.00635463, -0.0319363, -0.0473216, 1.0)]])
0.00635463, -0.0319363, -0.0473216
float3(-0.0519551, 0.0193091, -0.00323243)
93503.814014291
normal
simd_float4x4([[0.999757, -0.00373674, -0.0217044, 0.0)], [0.00262081, 0.998684, -0.0512175, 0.0)], [0.0218672, 0.0511482, 0.998452, 0.0)], [0.00596633, -0.0320742, -0.049621, 1.0)]])
0.00596633, -0.0320742, -0.049621
float3(-0.0511705, 0.0218976, -0.00374165)
93503.914070541
normal
simd_float4x4([[0.999699, -0.00647066, -0.0236446, 0.0)], [0.00517901, 0.998512, -0.0542862, 0.0)], [0.0239607, 0.0541475, 0.998245, 0.0)], [0.00614695, -0.0326825, -0.0506452, 1.0)]])
0.00614695, -0.0326825, -0.0506452
float3(-0.054174, 0.0239982, -0.00648021)
93504.014126833
normal
simd_float4x4([[0.999738, -0.00569817, -0.0221524, 0.0)], [0.00446288, 0.998453, -0.055418, 0.0)], [0.0224339, 0.0553047, 0.998218, 0.0)], [0.00590355, -0.0333094, -0.0533528, 1.0)]])
0.00590355, -0.0333094, -0.0533528
float3(-0.0553329, 0.0224702, -0.00570694)
93504.114183
normal
simd_float4x4([[0.999617, -0.00758281, -0.0266271, 0.0)], [0.00607047, 0.998388, -0.0564254, 0.0)], [0.027012, 0.0562421, 0.998052, 0.0)], [0.00545491, -0.0334851, -0.0543426, 1.0)]])
0.00545491, -0.0334851, -0.0543426
float3(-0.0562718, 0.0270581, -0.0075949)
93504.214239416
normal
simd_float4x4([[0.999531, -0.00748278, -0.0297078, 0.0)], [0.00579902, 0.998393, -0.0563642, 0.0)], [0.0300819, 0.0561654, 0.997968, 0.0)], [0.00411842, -0.0337746, -0.0544857, 1.0)]])
0.00411842, -0.0337746, -0.0544857
float3(-0.056195, 0.030134, -0.00749468)
93504.31429575
normal
simd_float4x4([[0.999367, -0.0089928, -0.0344168, 0.0)], [0.00703547, 0.998374, -0.0565756, 0.0)], [0.0348696, 0.0562976, 0.997805, 0.0)], [0.00425187, -0.0338999, -0.054997, 1.0)]])
0.00425187, -0.0338999, -0.054997
float3(-0.0563274, 0.0349321, -0.0090072)
93504.414351833
normal
simd_float4x4([[0.99924, -0.0101773, -0.0376199, 0.0)], [0.00799546, 0.998302, -0.0577, 0.0)], [0.0381433, 0.0573554, 0.997625, 0.0)], [0.00383873, -0.0344318, -0.05506, 1.0)]])
0.00383873, -0.0344318, -0.05506
float3(-0.0573869, 0.0382155, -0.0101943)
93504.514408166
normal
simd_float4x4([[0.999113, -0.011821, -0.0404115, 0.0)], [0.00957053, 0.998416, -0.0554349, 0.0)], [0.0410028, 0.0549989, 0.997644, 0.0)], [0.00415856, -0.0346289, -0.0539966, 1.0)]])
0.00415856, -0.0346289, -0.0539966
float3(-0.0550267, 0.0410766, -0.0118392)
93504.614464458
normal
simd_float4x4([[0.998884, -0.0125195, -0.0455494, 0.0)], [0.00998547, 0.998412, -0.05544, 0.0)], [0.0461711, 0.0549232, 0.997423, 0.0)], [0.00393333, -0.0347568, -0.0542307, 1.0)]])
0.00393333, -0.0347568, -0.0542307
float3(-0.0549509, 0.0462574, -0.0125387)
93504.714520958
normal
simd_float4x4([[0.998736, -0.013888, -0.0483125, 0.0)], [0.0111096, 0.998295, -0.0573095, 0.0)], [0.049026, 0.0567004, 0.997187, 0.0)], [0.0026849, -0.0349478, -0.055259, 1.0)]])
0.0026849, -0.0349478, -0.055259
float3(-0.0567308, 0.0491248, -0.0139108)
