ARKit Data
549175.245775166
limited(__ObjC.ARCamera.TrackingState.Reason.initializing)
simd_float4x4([[0.289224, -0.894784, 0.340159, 0.0)], [0.770466, 0.00671118, -0.637445, 0.0)], [0.568094, 0.446446, 0.691341, 0.0)], [0.0, 0.0, 0.0, 1.0)]])
0.0, 0.0, 0.0
float3(-0.46279, 0.687849, -1.5633)
549175.445884916
limited(__ObjC.ARCamera.TrackingState.Reason.initializing)
simd_float4x4([[0.242485, -0.937468, 0.249702, 0.0)], [0.715679, -0.000913829, -0.698428, 0.0)], [0.654984, 0.348065, 0.670704, 0.0)], [0.0, 0.0, 0.0, 1.0)]])
0.0, 0.0, 0.0
float3(-0.355506, 0.773541, -1.57177)
549176.161689666
notAvailable
simd_float4x4([[1.0, 0.0, 0.0, 0.0)], [0.0, 1.0, 0.0, 0.0)], [0.0, 0.0, 1.0, 0.0)], [0.0, 0.0, 0.0, 1.0)]])
0.0, 0.0, 0.0
float3(-0.0, 0.0, 0.0)
549176.361766166
limited(__ObjC.ARCamera.TrackingState.Reason.initializing)
simd_float4x4([[0.00389461, -0.981692, 0.190433, 0.0)], [0.998582, -0.00629382, -0.0528673, 0.0)], [0.053098, 0.190369, 0.980276, 0.0)], [0.0, 0.0, 0.0, 1.0)]])
0.0, 0.0, 0.0
float3(-0.191538, 0.0541135, -1.57721)
549176.561876083
limited(__ObjC.ARCamera.TrackingState.Reason.initializing)
simd_float4x4([[-0.0382148, -0.993988, 0.102599, 0.0)], [0.967624, -0.0624435, -0.24455, 0.0)], [0.249487, 0.0899322, 0.964193, 0.0)], [0.0, 0.0, 0.0, 1.0)]])
0.0, 0.0, 0.0
float3(-0.0900539, 0.253199, -1.63354)
549176.761986166
limited(__ObjC.ARCamera.TrackingState.Reason.initializing)
simd_float4x4([[-0.0306078, -0.998699, 0.0407801, 0.0)], [0.936567, -0.0429074, -0.347852, 0.0)], [0.349149, 0.0275463, 0.936662, 0.0)], [0.0, 0.0, 0.0, 1.0)]])
0.0, 0.0, 0.0
float3(-0.0275498, 0.356804, -1.61373)
549176.978771958
limited(__ObjC.ARCamera.TrackingState.Reason.initializing)
simd_float4x4([[-0.0125371, -0.999893, -0.00752544, 0.0)], [0.937416, -0.0091338, -0.348092, 0.0)], [0.347986, -0.0114185, 0.93743, 0.0)], [0.0, 0.0, 0.0, 1.0)]])
0.0, 0.0, 0.0
float3(0.0114188, 0.355446, -1.57993)
549177.178882041
limited(__ObjC.ARCamera.TrackingState.Reason.initializing)
simd_float4x4([[-0.0207184, -0.999416, -0.0271517, 0.0)], [0.95931, -0.0122231, -0.282091, 0.0)], [0.281594, -0.0318913, 0.959003, 0.0)], [0.0, 0.0, 0.0, 1.0)]])
0.0, 0.0, 0.0
float3(0.0318967, 0.285605, -1.58303)
549177.378992166
normal
simd_float4x4([[-0.0191613, -0.999725, -0.0135016, 0.0)], [0.972777, -0.015522, -0.231222, 0.0)], [0.230949, -0.0175645, 0.972807, 0.0)], [-0.000868328, -1.93715e-05, 0.00142605, 1.0)]])
-0.000868328, -1.93715e-05, 0.00142605
float3(0.0175654, 0.23309, -1.58632)
549177.612454125
normal
simd_float4x4([[-0.00391195, -0.999888, -0.0144256, 0.0)], [0.974792, -0.000594823, -0.223116, 0.0)], [0.223083, -0.0149348, 0.974685, 0.0)], [0.00380836, 0.00625911, -0.0090402, 1.0)]])
0.00380836, 0.00625911, -0.0090402
float3(0.0149353, 0.225001, -1.57139)
549177.812564291
normal
simd_float4x4([[0.0198108, -0.999682, -0.0155996, 0.0)], [0.980685, 0.0224663, -0.194301, 0.0)], [0.19459, -0.011449, 0.980818, 0.0)], [-0.0147876, 0.0136617, -0.00987011, 1.0)]])
-0.0147876, 0.0136617, -0.00987011
float3(0.0114493, 0.195852, -1.54833)
549178.012674541
normal
simd_float4x4([[0.0244356, -0.999615, 0.0131604, 0.0)], [0.991925, 0.0226046, -0.124797, 0.0)], [0.124452, 0.0161037, 0.992095, 0.0)], [-0.0333884, 0.0149749, -0.019543, 1.0)]])
-0.0333884, 0.0149749, -0.019543
float3(-0.0161044, 0.124791, -1.54819)
549178.212784625
normal
simd_float4x4([[0.014052, -0.998857, 0.0456896, 0.0)], [0.996608, 0.0102853, -0.081655, 0.0)], [0.0810917, 0.0466821, 0.995613, 0.0)], [-0.0492981, 0.0116339, -0.0324697, 1.0)]])
-0.0492981, 0.0116339, -0.0324697
float3(-0.046699, 0.0812696, -1.5605)
549178.429571
normal
simd_float4x4([[0.00519537, -0.997146, 0.0753174, 0.0)], [0.998922, 0.00170044, -0.0463928, 0.0)], [0.0461323, 0.0754772, 0.99608, 0.0)], [-0.0672938, 0.00894377, -0.0446499, 1.0)]])
-0.0672938, 0.00894377, -0.0446499
float3(-0.0755491, 0.0462808, -1.56909)
549178.629681208
normal
simd_float4x4([[0.0108838, -0.996589, 0.0818048, 0.0)], [0.999661, 0.00891031, -0.0244508, 0.0)], [0.0236384, 0.0820432, 0.996348, 0.0)], [-0.0874949, 0.00779957, -0.0433851, 1.0)]])
-0.0874949, 0.00779957, -0.0433851
float3(-0.0821355, 0.0237206, -1.56186)
549178.829791625
normal
simd_float4x4([[0.00898672, -0.996349, 0.0849036, 0.0)], [0.999215, 0.00567259, -0.0391951, 0.0)], [0.0385703, 0.0851893, 0.995618, 0.0)], [-0.106531, 0.00420066, -0.0391672, 1.0)]])
-0.106531, 0.00420066, -0.0391672
float3(-0.0852927, 0.0387207, -1.5651)
549179.029901958
normal
simd_float4x4([[0.000974915, -0.994353, 0.106122, 0.0)], [0.997005, -0.00723972, -0.076995, 0.0)], [0.0773285, 0.105879, 0.991368, 0.0)], [-0.123513, -0.00402691, -0.0392707, 1.0)]])
-0.123513, -0.00402691, -0.0392707
float3(-0.106078, 0.0778442, -1.57808)
549179.246688166
normal
simd_float4x4([[0.00343106, -0.993023, 0.117871, 0.0)], [0.989879, -0.01335, -0.141283, 0.0)], [0.141871, 0.117163, 0.982927, 0.0)], [-0.143417, -0.00901888, -0.0423781, 1.0)]])
-0.143417, -0.00901888, -0.0423781
float3(-0.117432, 0.143345, -1.58424)
549179.446798666
normal
simd_float4x4([[0.00730843, -0.993652, 0.112262, 0.0)], [0.981144, -0.0145578, -0.192728, 0.0)], [0.193139, 0.111554, 0.974809, 0.0)], [-0.164807, -0.0104007, -0.0407238, 1.0)]])
-0.164807, -0.0104007, -0.0407238
float3(-0.111787, 0.195596, -1.58545)
549179.646909208
normal
simd_float4x4([[0.00895807, -0.993243, 0.115708, 0.0)], [0.975676, -0.0166644, -0.218584, 0.0)], [0.219035, 0.114852, 0.968934, 0.0)], [-0.186102, -0.0134111, -0.0443337, 1.0)]])
-0.186102, -0.0134111, -0.0443337
float3(-0.115106, 0.222321, -1.58757)
549179.847019625
normal
simd_float4x4([[0.0119823, -0.993581, 0.112483, 0.0)], [0.974681, -0.0135131, -0.223193, 0.0)], [0.22328, 0.112309, 0.968263, 0.0)], [-0.207676, -0.0139999, -0.0503678, 1.0)]])
-0.207676, -0.0139999, -0.0503678
float3(-0.112547, 0.226637, -1.5844)
549180.047130166
normal
simd_float4x4([[0.00480374, -0.994551, 0.104143, 0.0)], [0.981361, -0.0153191, -0.191562, 0.0)], [0.192113, 0.103122, 0.97594, 0.0)], [-0.221621, -0.0145838, -0.0573856, 1.0)]])
-0.221621, -0.0145838, -0.0573856
float3(-0.103306, 0.194364, -1.5862)
549180.247240833
normal
simd_float4x4([[-0.00775412, -0.994847, 0.101089, 0.0)], [0.99544, -0.0172904, -0.0938038, 0.0)], [0.0950683, 0.0999007, 0.990445, 0.0)], [-0.211487, -0.0166827, -0.0655409, 1.0)]])
-0.211487, -0.0166827, -0.0655409
float3(-0.100068, 0.0956922, -1.58817)
549180.447351583
normal
simd_float4x4([[-0.0142799, -0.993494, 0.112984, 0.0)], [0.99958, -0.0113333, 0.0266793, 0.0)], [-0.0252253, 0.113317, 0.993239, 0.0)], [-0.19061, -0.0254258, -0.0740701, 1.0)]])
-0.19061, -0.0254258, -0.0740701
float3(-0.113561, -0.0253916, -1.5822)
549180.647462291
normal
simd_float4x4([[-0.0218213, -0.992004, 0.124303, 0.0)], [0.991317, -0.00534308, 0.131385, 0.0)], [-0.12967, 0.12609, 0.983507, 0.0)], [-0.169142, -0.0320565, -0.0835125, 1.0)]])
-0.169142, -0.0320565, -0.0835125
float3(-0.126427, -0.131089, -1.57618)
549180.847573
normal
simd_float4x4([[-0.0174891, -0.987009, 0.159711, 0.0)], [0.972395, 0.0203827, 0.232447, 0.0)], [-0.232683, 0.159367, 0.959406, 0.0)], [-0.136532, -0.041724, -0.10538, 1.0)]])
-0.136532, -0.041724, -0.10538
float3(-0.16005, -0.237934, -1.55015)
549181.047683625
normal
simd_float4x4([[-0.0441061, -0.979838, 0.194864, 0.0)], [0.956027, 0.0152122, 0.292882, 0.0)], [-0.289941, 0.199213, 0.936081, 0.0)], [-0.0821062, -0.0576225, -0.132338, 1.0)]])
-0.0821062, -0.0576225, -0.132338
float3(-0.200555, -0.300368, -1.55527)
549181.247794291
normal
simd_float4x4([[-0.0798522, -0.975362, 0.205653, 0.0)], [0.956078, -0.0165705, 0.292642, 0.0)], [-0.282024, 0.219989, 0.933845, 0.0)], [-0.0181392, -0.0688048, -0.158421, 1.0)]])
-0.0181392, -0.0688048, -0.158421
float3(-0.221803, -0.293294, -1.58778)
549181.447905083
normal
simd_float4x4([[-0.0706359, -0.971568, 0.225977, 0.0)], [0.955886, -0.00117587, 0.293735, 0.0)], [-0.285118, 0.236756, 0.928792, 0.0)], [0.0613454, -0.0665316, -0.182968, 1.0)]])
0.0613454, -0.0665316, -0.182968
float3(-0.239026, -0.297846, -1.57201)
549181.664691875
normal
simd_float4x4([[-0.0576404, -0.971978, 0.227897, 0.0)], [0.932408, 0.0291681, 0.360229, 0.0)], [-0.356782, 0.233256, 0.904598, 0.0)], [0.172494, -0.0688436, -0.19229, 1.0)]])
0.172494, -0.0688436, -0.19229
float3(-0.235425, -0.375678, -1.5408)
549181.898154291
normal
simd_float4x4([[-0.118154, -0.955858, 0.269024, 0.0)], [0.866926, 0.0328183, 0.497355, 0.0)], [-0.48423, 0.291989, 0.824781, 0.0)], [0.303339, -0.0940717, -0.220561, 1.0)]])
0.303339, -0.0940717, -0.220561
float3(-0.296306, -0.530881, -1.53648)
549182.114941166
normal
simd_float4x4([[-0.182988, -0.943484, 0.276322, 0.0)], [0.794293, 0.0237433, 0.60707, 0.0)], [-0.579322, 0.330567, 0.745058, 0.0)], [0.439209, -0.123108, -0.288242, 1.0)]])
0.439209, -0.123108, -0.288242
float3(-0.336905, -0.660903, -1.54564)
549182.331727958
normal
simd_float4x4([[-0.232191, -0.948777, 0.214264, 0.0)], [0.66178, 0.00734221, 0.749662, 0.0)], [-0.712836, 0.31586, 0.626177, 0.0)], [0.59512, -0.115819, -0.357424, 1.0)]])
0.59512, -0.115819, -0.357424
float3(-0.321363, -0.850027, -1.56306)
549182.531838833
normal
simd_float4x4([[-0.329683, -0.933462, 0.14127, 0.0)], [0.510455, -0.0503698, 0.858428, 0.0)], [-0.794194, 0.355122, 0.493096, 0.0)], [0.740357, -0.116528, -0.388287, 1.0)]])
0.740357, -0.116528, -0.388287
float3(-0.363044, -1.01517, -1.6247)
549182.76530175
normal
simd_float4x4([[-0.328345, -0.939549, 0.0971428, 0.0)], [0.423419, -0.0544751, 0.904294, 0.0)], [-0.844337, 0.338053, 0.41571, 0.0)], [0.88777, -0.127799, -0.417607, 1.0)]])
0.88777, -0.127799, -0.417607
float3(-0.344847, -1.11329, -1.62871)
549182.965412625
normal
simd_float4x4([[-0.336908, -0.936296, 0.0992107, 0.0)], [0.436058, -0.061776, 0.897795, 0.0)], [-0.834473, 0.345736, 0.429093, 0.0)], [1.02504, -0.130853, -0.456573, 1.0)]])
1.02504, -0.130853, -0.456573
float3(-0.353023, -1.09585, -1.63668)
549183.165523666
normal
simd_float4x4([[-0.37577, -0.899107, 0.224507, 0.0)], [0.458244, 0.0302938, 0.88831, 0.0)], [-0.805487, 0.436679, 0.400627, 0.0)], [1.14483, -0.121663, -0.519935, 1.0)]])
1.14483, -0.121663, -0.519935
float3(-0.451904, -1.10925, -1.53712)
549183.365634583
normal
simd_float4x4([[-0.343158, -0.900262, 0.2679, 0.0)], [0.445084, 0.0953101, 0.890402, 0.0)], [-0.827129, 0.424787, 0.367986, 0.0)], [1.24895, -0.131544, -0.577757, 1.0)]])
1.24895, -0.131544, -0.577757
float3(-0.438726, -1.1522, -1.46532)
549183.565745666
normal
simd_float4x4([[-0.35516, -0.918013, 0.176389, 0.0)], [0.355982, 0.0416554, 0.933564, 0.0)], [-0.864371, 0.394356, 0.312002, 0.0)], [1.40032, -0.159606, -0.634788, 1.0)]])
1.40032, -0.159606, -0.634788
float3(-0.405367, -1.22439, -1.52545)
549183.765856708
normal
simd_float4x4([[-0.463146, -0.881359, 0.0932823, 0.0)], [0.219037, -0.0118407, 0.975644, 0.0)], [-0.858789, 0.472298, 0.198535, 0.0)], [1.54067, -0.126467, -0.664642, 1.0)]])
1.54067, -0.126467, -0.664642
float3(-0.491896, -1.34361, -1.58423)
549183.965967708
normal
simd_float4x4([[-0.389438, -0.916327, 0.0931795, 0.0)], [0.224445, 0.00370395, 0.97448, 0.0)], [-0.893287, 0.400413, 0.204223, 0.0)], [1.64412, -0.0928612, -0.725249, 1.0)]])
1.64412, -0.0928612, -0.725249
float3(-0.411967, -1.34604, -1.56675)
549184.166079041
normal
simd_float4x4([[-0.360958, -0.919634, 0.154862, 0.0)], [0.332546, 0.0282155, 0.942665, 0.0)], [-0.871276, 0.391761, 0.295636, 0.0)], [1.76221, -0.0786284, -0.789411, 1.0)]])
1.76221, -0.0786284, -0.789411
float3(-0.402545, -1.24367, -1.54012)
549184.366190208
normal
simd_float4x4([[-0.222477, -0.971844, 0.0776081, 0.0)], [0.414186, -0.0221532, 0.909922, 0.0)], [-0.882584, 0.234581, 0.407453, 0.0)], [1.84769, 0.0176366, -0.832023, 1.0)]])
1.84769, 0.0176366, -0.832023
float3(-0.236787, -1.13829, -1.59359)
549184.566301416
normal
simd_float4x4([[-0.239582, -0.959517, 0.148078, 0.0)], [0.422111, 0.0344051, 0.905891, 0.0)], [-0.874313, 0.279541, 0.39678, 0.0)], [1.94155, 0.0253383, -0.912484, 1.0)]])
1.94155, 0.0253383, -0.912484
float3(-0.283316, -1.14477, -1.53496)
549184.766412458
normal
simd_float4x4([[-0.314384, -0.932112, 0.179808, 0.0)], [0.419525, 0.03349, 0.907126, 0.0)], [-0.851564, 0.360619, 0.380515, 0.0)], [2.07888, 0.00903287, -1.01871, 1.0)]])
2.07888, 0.00903287, -1.01871
float3(-0.368932, -1.15057, -1.53488)
549184.96652375
normal
simd_float4x4([[-0.230392, -0.971732, 0.0515353, 0.0)], [0.397809, -0.045721, 0.916328, 0.0)], [-0.88807, 0.231616, 0.397097, 0.0)], [2.18188, 0.127671, -1.07698, 1.0)]])
2.18188, 0.127671, -1.07698
float3(-0.233738, -1.15032, -1.61781)
549185.183310958
normal
simd_float4x4([[-0.151753, -0.987253, 0.0479742, 0.0)], [0.379627, -0.0134023, 0.925042, 0.0)], [-0.912608, 0.158591, 0.376822, 0.0)], [2.25576, 0.192164, -1.15444, 1.0)]])
2.25576, 0.192164, -1.15444
float3(-0.159263, -1.17921, -1.58437)
549185.416773958
normal
simd_float4x4([[-0.187234, -0.980403, 0.0612724, 0.0)], [0.414178, -0.0222306, 0.909924, 0.0)], [-0.89073, 0.195746, 0.410223, 0.0)], [2.34404, 0.245327, -1.23154, 1.0)]])
2.34404, 0.245327, -1.23154
float3(-0.197018, -1.13921, -1.59347)
549185.633561166
normal
simd_float4x4([[-0.168556, -0.983173, 0.0704324, 0.0)], [0.366479, 0.00382388, 0.930419, 0.0)], [-0.915031, 0.182639, 0.359667, 0.0)], [2.38552, 0.319352, -1.31307, 1.0)]])
2.38552, 0.319352, -1.31307
float3(-0.18367, -1.19628, -1.56691)
549185.833672541
normal
simd_float4x4([[-0.139017, -0.986352, 0.0882324, 0.0)], [0.295898, 0.0436543, 0.954221, 0.0)], [-0.94505, 0.15876, 0.285791, 0.0)], [2.42808, 0.349084, -1.41138, 1.0)]])
2.42808, 0.349084, -1.41138
float3(-0.159435, -1.27713, -1.52657)
549186.033783833
normal
simd_float4x4([[-0.17547, -0.980877, 0.084208, 0.0)], [0.191116, 0.0499692, 0.980295, 0.0)], [-0.965756, 0.188105, 0.178693, 0.0)], [2.48169, 0.404191, -1.51242, 1.0)]])
2.48169, 0.404191, -1.51242
float3(-0.189233, -1.38784, -1.5199)
549186.233895291
normal
simd_float4x4([[-0.18204, -0.983273, -0.00596574, 0.0)], [0.130462, -0.0301658, 0.990994, 0.0)], [-0.974598, 0.179622, 0.133771, 0.0)], [2.48742, 0.46733, -1.58612, 1.0)]])
2.48742, 0.46733, -1.58612
float3(-0.180602, -1.43439, -1.60147)
549186.43400675
normal
simd_float4x4([[-0.161273, -0.986815, -0.0136835, 0.0)], [0.148032, -0.0378961, 0.988256, 0.0)], [-0.975745, 0.157353, 0.152192, 0.0)], [2.47982, 0.491567, -1.68172, 1.0)]])
2.47982, 0.491567, -1.68172
float3(-0.15801, -1.41607, -1.60918)
549186.634118041
normal
simd_float4x4([[-0.171012, -0.985247, -0.00660878, 0.0)], [0.261609, -0.051873, 0.963779, 0.0)], [-0.949903, 0.163089, 0.26662, 0.0)], [2.47612, 0.562796, -1.78981, 1.0)]])
2.47612, 0.562796, -1.78981
float3(-0.163821, -1.29716, -1.6234)
549186.8342295
normal
simd_float4x4([[-0.148152, -0.987747, 0.0490559, 0.0)], [0.275759, 0.00637659, 0.961206, 0.0)], [-0.949741, 0.155933, 0.271435, 0.0)], [2.58197, 0.67698, -1.76869, 1.0)]])
2.58197, 0.67698, -1.76869
float3(-0.156572, -1.29242, -1.56434)
549187.034340833
normal
simd_float4x4([[-0.175275, -0.980068, 0.0935182, 0.0)], [0.264978, 0.0445227, 0.963226, 0.0)], [-0.948191, 0.193609, 0.251892, 0.0)], [2.72939, 0.731015, -1.79882, 1.0)]])
2.72939, 0.731015, -1.79882
float3(-0.19484, -1.31114, -1.5254)
549187.25112825
normal
simd_float4x4([[-0.207305, -0.972869, 0.102715, 0.0)], [0.247583, 0.0494024, 0.967606, 0.0)], [-0.946429, 0.226021, 0.230624, 0.0)], [2.94673, 0.877339, -1.71019, 1.0)]])
2.94673, 0.877339, -1.71019
float3(-0.227991, -1.33178, -1.52006)
549187.467915791
normal
simd_float4x4([[-0.223441, -0.974714, 0.00256115, 0.0)], [0.145961, -0.0308616, 0.988809, 0.0)], [-0.963727, 0.221315, 0.149166, 0.0)], [3.1912, 1.02201, -1.46085, 1.0)]])
3.1912, 1.02201, -1.46085
float3(-0.223162, -1.41723, -1.60245)
549187.668027333
normal
simd_float4x4([[-0.228528, -0.973178, -0.0264516, 0.0)], [0.137602, -0.0591865, 0.988718, 0.0)], [-0.963764, 0.22231, 0.147437, 0.0)], [3.45561, 1.06201, -1.35989, 1.0)]])
3.45561, 1.06201, -1.35989
float3(-0.224184, -1.41899, -1.63154)
549187.868138833
limited(__ObjC.ARCamera.TrackingState.Reason.excessiveMotion)
simd_float4x4([[-0.232285, -0.972551, -0.013703, 0.0)], [0.187152, -0.0585157, 0.980586, 0.0)], [-0.954473, 0.225211, 0.195607, 0.0)], [3.86635, 1.08084, -1.21704, 1.0)]])
3.86635, 1.08084, -1.21704
float3(-0.227159, -1.36866, -1.63089)
549188.068250291
normal
simd_float4x4([[-0.220518, -0.97509, -0.0239135, 0.0)], [0.0840835, -0.0434299, 0.995512, 0.0)], [-0.971752, 0.217517, 0.0915661, 0.0)], [4.1696, 1.01855, -1.16205, 1.0)]])
4.1696, 1.01855, -1.16205
float3(-0.21927, -1.47685, -1.61531)
549188.285037833
normal
simd_float4x4([[-0.23849, -0.970298, -0.0405527, 0.0)], [-0.10904, -0.0147393, 0.993928, 0.0)], [-0.965004, 0.241464, -0.102286, 0.0)], [4.45251, 0.940285, -1.08216, 1.0)]])
4.45251, 0.940285, -1.08216
float3(-0.243874, -1.6764, -1.58599)
549188.485149375
normal
simd_float4x4([[-0.261801, -0.961527, -0.0832216, 0.0)], [-0.315137, 0.0036636, 0.949039, 0.0)], [-0.912222, 0.274685, -0.303972, 0.0)], [4.7612, 0.810777, -0.976748, 1.0)]])
4.7612, 0.810777, -0.976748
float3(-0.278262, -1.89245, -1.56699)
549188.685260958
normal
simd_float4x4([[-0.244657, -0.948426, -0.201573, 0.0)], [-0.544175, -0.0377539, 0.838122, 0.0)], [-0.802506, 0.314744, -0.506873, 0.0)], [4.99986, 0.744865, -0.813594, 1.0)]])
4.99986, 0.744865, -0.813594
float3(-0.320187, -2.13414, -1.61058)
549188.885372541
normal
simd_float4x4([[-0.209289, -0.951994, -0.223395, 0.0)], [-0.697651, -0.0147105, 0.716287, 0.0)], [-0.685187, 0.305763, -0.661081, 0.0)], [5.20694, 0.677966, -0.660244, 1.0)]])
5.20694, 0.677966, -0.660244
float3(-0.310739, -2.33829, -1.58625)
549189.085484208
normal
simd_float4x4([[-0.193278, -0.952927, -0.233608, 0.0)], [-0.738571, -0.0154281, 0.673999, 0.0)], [-0.645876, 0.302806, -0.700823, 0.0)], [5.35959, 0.620497, -0.50317, 1.0)]])
5.35959, 0.620497, -0.50317
float3(-0.307635, -2.39697, -1.58699)
549189.285595875
limited(__ObjC.ARCamera.TrackingState.Reason.excessiveMotion)
simd_float4x4([[-0.180973, -0.953035, -0.242846, 0.0)], [-0.789524, -0.00645178, 0.613686, 0.0)], [-0.586431, 0.302793, -0.751276, 0.0)], [5.46365, 0.589276, -0.368099, 1.0)]])
5.46365, 0.589276, -0.368099
float3(-0.307622, -2.47881, -1.57757)
549189.485707625
normal
simd_float4x4([[-0.1858, -0.953212, -0.238464, 0.0)], [-0.864158, 0.0430126, 0.501379, 0.0)], [-0.467663, 0.299227, -0.831717, 0.0)], [5.50606, 0.55403, -0.237862, 1.0)]])
5.50606, 0.55403, -0.237862
float3(-0.303883, -2.62937, -1.5257)
549189.685819125
limited(__ObjC.ARCamera.TrackingState.Reason.excessiveMotion)
simd_float4x4([[-0.153339, -0.952323, -0.263759, 0.0)], [-0.936923, 0.0552682, 0.345138, 0.0)], [-0.314105, 0.300045, -0.900728, 0.0)], [5.54267, 0.50216, -0.0996483, 1.0)]])
5.54267, 0.50216, -0.0996483
float3(-0.30474, -2.80606, -1.51283)
549189.902607
normal
simd_float4x4([[-0.0688014, -0.927683, -0.366974, 0.0)], [-0.98908, 0.0153715, 0.146577, 0.0)], [-0.130336, 0.373052, -0.91861, 0.0)], [5.42502, 0.461665, 0.0553098, 1.0)]])
5.42502, 0.461665, 0.0553098
float3(-0.382296, -3.00065, -1.55423)
549190.102718666
normal
simd_float4x4([[-0.0751976, -0.888794, -0.452096, 0.0)], [-0.985887, -0.00173894, 0.167402, 0.0)], [-0.149572, 0.458304, -0.87612, 0.0)], [5.44402, 0.444418, 0.231191, 1.0)]])
5.44402, 0.444418, 0.231191
float3(-0.476086, -2.9725, -1.57275)
549190.302830458
normal
simd_float4x4([[-0.0556119, -0.8935, -0.445606, 0.0)], [-0.980385, -0.0356521, 0.19384, 0.0)], [-0.189083, 0.447645, -0.873991, 0.0)], [5.47908, 0.385426, 0.407671, 1.0)]])
5.47908, 0.385426, 0.407671
float3(-0.46413, -2.92853, -1.61068)
549190.502942125
normal
simd_float4x4([[-0.0261689, -0.924165, -0.381095, 0.0)], [-0.961949, -0.0804386, 0.261121, 0.0)], [-0.271973, 0.373427, -0.886895, 0.0)], [5.5878, 0.368259, 0.65241, 1.0)]])
5.5878, 0.368259, 0.65241
float3(-0.382701, -2.84404, -1.65762)
549190.703053916
limited(__ObjC.ARCamera.TrackingState.Reason.excessiveMotion)
simd_float4x4([[-0.162539, -0.94918, -0.269517, 0.0)], [-0.96614, 0.0976271, 0.238834, 0.0)], [-0.200384, 0.299211, -0.932909, 0.0)], [5.74831, 0.3651, 0.911618, 1.0)]])
5.74831, 0.3651, 0.911618
float3(-0.303865, -2.93001, -1.4683)
549190.903165875
normal
simd_float4x4([[-0.141821, -0.974978, -0.171186, 0.0)], [-0.98587, 0.123544, 0.113124, 0.0)], [-0.0891444, 0.18481, -0.978723, 0.0)], [5.83803, 0.365506, 1.13359, 1.0)]])
5.83803, 0.365506, 1.13359
float3(-0.185879, -3.05076, -1.44475)
549191.103277791
normal
simd_float4x4([[-0.138572, -0.971958, -0.189988, 0.0)], [-0.990203, 0.132644, 0.0436325, 0.0)], [-0.0172081, 0.194173, -0.980816, 0.0)], [5.9176, 0.351865, 1.30703, 1.0)]])
5.9176, 0.351865, 1.30703
float3(-0.195414, -3.12405, -1.43516)
549191.353417583
normal
simd_float4x4([[-0.120997, -0.975005, -0.186348, 0.0)], [-0.990202, 0.105368, 0.0916399, 0.0)], [-0.0697142, 0.195611, -0.978201, 0.0)], [6.00959, 0.346741, 1.51319, 1.0)]])
6.00959, 0.346741, 1.51319
float3(-0.19688, -3.07045, -1.46315)
549191.553529333
normal
simd_float4x4([[-0.121449, -0.977994, -0.169639, 0.0)], [-0.992284, 0.12392, -0.00401163, 0.0)], [0.0249449, 0.167843, -0.985498, 0.0)], [6.03238, 0.33729, 1.64325, 1.0)]])
6.03238, 0.33729, 1.64325
float3(-0.168641, 3.11629, -1.44476)
549191.77031725
normal
simd_float4x4([[-0.140511, -0.982846, -0.119455, 0.0)], [-0.989869, 0.141941, -0.00350782, 0.0)], [0.0204032, 0.117752, -0.992833, 0.0)], [6.10497, 0.355259, 1.77621, 1.0)]])
6.10497, 0.355259, 1.77621
float3(-0.118025, 3.12105, -1.42737)
549191.987105375
normal
simd_float4x4([[-0.105593, -0.99236, -0.0638113, 0.0)], [-0.977379, 0.115396, -0.177239, 0.0)], [0.183248, 0.0436527, -0.982097, 0.0)], [6.13447, 0.38876, 1.87311, 1.0)]])
6.13447, 0.38876, 1.87311
float3(-0.0436665, 2.95712, -1.45503)
549192.187217291
normal
simd_float4x4([[-0.0983045, -0.987666, -0.121871, 0.0)], [-0.894658, 0.141342, -0.423803, 0.0)], [0.435802, 0.0673712, -0.897518, 0.0)], [6.13599, 0.388083, 1.90537, 1.0)]])
6.13599, 0.388083, 1.90537
float3(-0.0674223, 2.68956, -1.42865)
549192.387329208
normal
simd_float4x4([[-0.0719514, -0.988344, -0.13416, 0.0)], [-0.764455, 0.141042, -0.629059, 0.0)], [0.640649, 0.0572975, -0.765693, 0.0)], [6.14855, 0.386373, 1.8772, 1.0)]])
6.14855, 0.386373, 1.8772
float3(-0.0573289, 2.44488, -1.42905)
549192.587441291
normal
simd_float4x4([[-0.0223534, -0.989319, -0.14404, 0.0)], [-0.643518, 0.124499, -0.755238, 0.0)], [0.765104, 0.0758101, -0.639428, 0.0)], [6.20059, 0.37668, 1.8147, 1.0)]])
6.20059, 0.37668, 1.8147
float3(-0.0758829, 2.26695, -1.44561)
549192.804229291
normal
simd_float4x4([[0.0194372, -0.991963, -0.12503, 0.0)], [-0.57823, 0.0908652, -0.810798, 0.0)], [0.815642, 0.0880558, -0.571817, 0.0)], [6.3191, 0.352929, 1.71738, 1.0)]])
6.3191, 0.352929, 1.71738
float3(-0.08817, 2.18224, -1.47945)
549193.037693416
normal
simd_float4x4([[-0.00921225, -0.986424, -0.163959, 0.0)], [-0.789945, 0.107712, -0.603643, 0.0)], [0.613109, 0.123958, -0.780213, 0.0)], [6.50197, 0.336844, 1.67599, 1.0)]])
6.50197, 0.336844, 1.67599
float3(-0.124277, 2.47556, -1.46203)
549193.237805458
normal
simd_float4x4([[-0.0785397, -0.98832, -0.130594, 0.0)], [-0.986581, 0.0958658, -0.132167, 0.0)], [0.143143, 0.118461, -0.982587, 0.0)], [6.68883, 0.332157, 1.71551, 1.0)]])
6.68883, 0.332157, 1.71551
float3(-0.11874, 2.99693, -1.4741)
549193.437917458
normal
simd_float4x4([[-0.136793, -0.985087, -0.104359, 0.0)], [-0.951059, 0.101134, 0.291991, 0.0)], [-0.277082, 0.139194, -0.95071, 0.0)], [6.89333, 0.3224, 1.79227, 1.0)]])
6.89333, 0.3224, 1.79227
float3(-0.139648, -2.858, -1.46849)
549193.638029583
normal
simd_float4x4([[-0.22529, -0.972895, -0.0521489, 0.0)], [-0.78589, 0.149828, 0.599941, 0.0)], [-0.575866, 0.176144, -0.798343, 0.0)], [7.11461, 0.315452, 1.87284, 1.0)]])
7.11461, 0.315452, 1.87284
float3(-0.177068, -2.5167, -1.41799)
549193.83814175
normal
simd_float4x4([[-0.296331, -0.95496, -0.0154658, 0.0)], [-0.671859, 0.196919, 0.714023, 0.0)], [-0.678818, 0.221978, -0.699952, 0.0)], [7.29546, 0.333067, 1.96055, 1.0)]])
7.29546, 0.333067, 1.96055
float3(-0.223842, -2.37152, -1.36744)
549194.038253875
normal
simd_float4x4([[-0.283781, -0.958046, -0.0402063, 0.0)], [-0.656718, 0.16363, 0.73617, 0.0)], [-0.698706, 0.235315, -0.675601, 0.0)], [7.42764, 0.330678, 2.01996, 1.0)]])
7.42764, 0.330678, 2.01996
float3(-0.237543, -2.33938, -1.40163)
549194.238366083
normal
simd_float4x4([[-0.281264, -0.958078, -0.0545691, 0.0)], [-0.652548, 0.149256, 0.742903, 0.0)], [-0.703614, 0.24456, -0.667171, 0.0)], [7.56922, 0.314778, 2.03883, 1.0)]])
7.56922, 0.314778, 2.03883
float3(-0.247066, -2.32962, -1.41625)
549194.438478166
normal
simd_float4x4([[-0.278787, -0.958, -0.0671843, 0.0)], [-0.62557, 0.128076, 0.769584, 0.0)], [-0.728657, 0.256579, -0.635001, 0.0)], [7.70564, 0.309327, 2.05302, 1.0)]])
7.70564, 0.309327, 2.05302
float3(-0.259481, -2.28762, -1.43789)
549194.638590416
normal
simd_float4x4([[-0.284484, -0.955728, -0.0751857, 0.0)], [-0.562422, 0.10287, 0.820426, 0.0)], [-0.77637, 0.275684, -0.566788, 0.0)], [7.83373, 0.317346, 2.05914, 1.0)]])
7.83373, 0.317346, 2.05914
float3(-0.279302, -2.20141, -1.46357)
549194.83870275
normal
simd_float4x4([[-0.283679, -0.95712, -0.0587228, 0.0)], [-0.498686, 0.0949441, 0.861567, 0.0)], [-0.819047, 0.273692, -0.504236, 0.0)], [7.95815, 0.322366, 2.0684, 1.0)]])
7.95815, 0.322366, 2.0684
float3(-0.27723, -2.12263, -1.47192)
549195.038814875
normal
simd_float4x4([[-0.256495, -0.966221, -0.0250452, 0.0)], [-0.388203, 0.0792538, 0.91816, 0.0)], [-0.88516, 0.245226, -0.395418, 0.0)], [8.05667, 0.339055, 2.07088, 1.0)]])
8.05667, 0.339055, 2.07088
float3(-0.247753, -1.99092, -1.48896)
549195.23892725
normal
simd_float4x4([[-0.205407, -0.977446, 0.0490662, 0.0)], [-0.168129, 0.0846329, 0.982125, 0.0)], [-0.964127, 0.193486, -0.181722, 0.0)], [8.13808, 0.372755, 2.01941, 1.0)]])
8.13808, 0.372755, 2.01941
float3(-0.194714, -1.75709, -1.48443)
549195.439039583
normal
simd_float4x4([[-0.14362, -0.984525, 0.100414, 0.0)], [0.157278, 0.0774697, 0.984511, 0.0)], [-0.977055, 0.157189, 0.143718, 0.0)], [8.15974, 0.411302, 1.89831, 1.0)]])
8.15974, 0.411302, 1.89831
float3(-0.157844, -1.42475, -1.49227)
549195.63915175
normal
simd_float4x4([[-0.0764072, -0.991438, 0.105892, 0.0)], [0.441094, 0.0616347, 0.895342, 0.0)], [-0.894202, 0.115119, 0.432608, 0.0)], [8.0904, 0.448969, 1.78454, 1.0)]])
8.0904, 0.448969, 1.78454
float3(-0.115375, -1.1202, -1.50871)
549195.855940166
normal
simd_float4x4([[-0.0533667, -0.99209, 0.113621, 0.0)], [0.601564, 0.0588789, 0.796652, 0.0)], [-0.79704, 0.110865, 0.593663, 0.0)], [7.94863, 0.471496, 1.73867, 1.0)]])
7.94863, 0.471496, 1.73867
float3(-0.111094, -0.930609, -1.51152)
549196.056052458
normal
simd_float4x4([[-0.0679752, -0.991162, 0.113915, 0.0)], [0.634311, 0.0451963, 0.771756, 0.0)], [-0.770084, 0.124718, 0.625633, 0.0)], [7.75434, 0.483275, 1.74104, 1.0)]])
7.75434, 0.483275, 1.74104
float3(-0.125043, -0.888527, -1.52523)
549196.256164583
normal
simd_float4x4([[-0.0726074, -0.989132, 0.127852, 0.0)], [0.601204, 0.0588763, 0.796923, 0.0)], [-0.79579, 0.134728, 0.590395, 0.0)], [7.51966, 0.476183, 1.76263, 1.0)]])
7.51966, 0.476183, 1.76263
float3(-0.135139, -0.9325, -1.51134)
549196.456277041
normal
simd_float4x4([[-0.0963202, -0.984474, 0.146745, 0.0)], [0.532819, 0.0735306, 0.843029, 0.0)], [-0.84073, 0.159389, 0.517464, 0.0)], [7.36736, 0.453917, 1.80775, 1.0)]])
7.36736, 0.453917, 1.80775
float3(-0.160072, -1.01906, -1.49624)
549196.656389458
normal
simd_float4x4([[-0.0976253, -0.978464, 0.181872, 0.0)], [0.443437, 0.120836, 0.888123, 0.0)], [-0.890973, 0.167352, 0.42209, 0.0)], [7.32148, 0.453855, 1.85517, 1.0)]])
7.32148, 0.453855, 1.85517
float3(-0.168143, -1.12838, -1.44792)
549196.85650175
normal
simd_float4x4([[-0.0881948, -0.98016, 0.177505, 0.0)], [0.442983, 0.121014, 0.888325, 0.0)], [-0.892181, 0.156977, 0.423522, 0.0)], [7.26554, 0.458555, 1.87219, 1.0)]])
7.26554, 0.458555, 1.87219
float3(-0.157629, -1.12759, -1.44795)
549197.056614208
normal
simd_float4x4([[-0.0758048, -0.981867, 0.173752, 0.0)], [0.521712, 0.109443, 0.846072, 0.0)], [-0.849747, 0.154785, 0.503956, 0.0)], [7.29693, 0.455342, 1.83253, 1.0)]])
7.29693, 0.455342, 1.83253
float3(-0.15541, -1.03549, -1.45979)
549197.256726333
normal
simd_float4x4([[-0.0586859, -0.98453, 0.165097, 0.0)], [0.556697, 0.105003, 0.824052, 0.0)], [-0.82864, 0.140269, 0.541923, 0.0)], [7.35327, 0.44843, 1.77852, 1.0)]])
7.35327, 0.44843, 1.77852
float3(-0.140733, -0.991621, -1.46455)
549197.473514875
normal
simd_float4x4([[-0.0455986, -0.982532, 0.180421, 0.0)], [0.519166, 0.130994, 0.844575, 0.0)], [-0.853456, 0.13218, 0.504124, 0.0)], [7.49446, 0.451423, 1.72683, 1.0)]])
7.49446, 0.451423, 1.72683
float3(-0.132568, -1.03725, -1.43825)
549197.690303333
normal
simd_float4x4([[-0.0918877, -0.980846, 0.171749, 0.0)], [0.39287, 0.122777, 0.911361, 0.0)], [-0.914992, 0.151218, 0.374064, 0.0)], [7.95125, 0.447455, 1.62326, 1.0)]])
7.95125, 0.447455, 1.62326
float3(-0.1518, -1.18271, -1.44627)
549197.890415791
normal
simd_float4x4([[-0.161057, -0.977628, 0.135289, 0.0)], [0.172265, 0.107128, 0.979208, 0.0)], [-0.971795, 0.181014, 0.151158, 0.0)], [8.31802, 0.421734, 1.61613, 1.0)]])
8.31802, 0.421734, 1.61613
float3(-0.182017, -1.41649, -1.46165)
549198.090528208
normal
simd_float4x4([[-0.187056, -0.977722, 0.09524, 0.0)], [-0.0908421, 0.113752, 0.989347, 0.0)], [-0.97814, 0.176411, -0.110096, 0.0)], [8.38035, 0.42442, 1.72381, 1.0)]])
8.38035, 0.42442, 1.72381
float3(-0.177339, -1.68288, -1.45497)
549198.290640708
normal
simd_float4x4([[-0.198026, -0.978648, 0.0550747, 0.0)], [-0.345919, 0.122347, 0.930253, 0.0)], [-0.917129, 0.165163, -0.362761, 0.0)], [8.34468, 0.431679, 1.82163, 1.0)]])
8.34468, 0.431679, 1.82163
float3(-0.165924, -1.94745, -1.44643)
549198.490753083
normal
simd_float4x4([[-0.217014, -0.976121, 0.00961994, 0.0)], [-0.537595, 0.127734, 0.833472, 0.0)], [-0.814798, 0.175703, -0.552478, 0.0)], [8.25451, 0.441782, 1.88143, 1.0)]])
8.25451, 0.441782, 1.88143
float3(-0.17662, -2.16664, -1.44068)
549198.690865625
normal
simd_float4x4([[-0.231049, -0.971494, -0.0530703, 0.0)], [-0.660239, 0.116492, 0.741967, 0.0)], [-0.714634, 0.20647, -0.668333, 0.0)], [8.13645, 0.466375, 1.90327, 1.0)]])
8.13645, 0.466375, 1.90327
float3(-0.207966, -2.32273, -1.45146)
549198.890978041
normal
simd_float4x4([[-0.250585, -0.964405, -0.0844446, 0.0)], [-0.744527, 0.136228, 0.653546, 0.0)], [-0.618779, 0.22664, -0.752162, 0.0)], [8.00772, 0.479329, 1.89897, 1.0)]])
8.00772, 0.479329, 1.89897
float3(-0.228627, -2.45318, -1.43047)
549199.091090708
normal
simd_float4x4([[-0.256124, -0.963728, -0.0750187, 0.0)], [-0.811474, 0.17219, 0.558445, 0.0)], [-0.525272, 0.203907, -0.826142, 0.0)], [7.88108, 0.496755, 1.89293, 1.0)]])
7.88108, 0.496755, 1.89293
float3(-0.205347, -2.57526, -1.39399)
549199.307879208
normal
simd_float4x4([[-0.212349, -0.972778, -0.0927958, 0.0)], [-0.859424, 0.140717, 0.491517, 0.0)], [-0.465079, 0.184124, -0.86591, 0.0)], [7.73007, 0.502615, 1.89796, 1.0)]])
7.73007, 0.502615, 1.89796
float3(-0.18518, -2.64871, -1.42714)
549199.524667791
normal
simd_float4x4([[-0.222495, -0.973312, -0.0562172, 0.0)], [-0.879147, 0.175376, 0.443107, 0.0)], [-0.421422, 0.148012, -0.894704, 0.0)], [7.56875, 0.494187, 1.88177, 1.0)]])
7.56875, 0.494187, 1.88177
float3(-0.148558, -2.7014, -1.39252)
549199.741456541
normal
simd_float4x4([[-0.238716, -0.970556, -0.0321984, 0.0)], [-0.880563, 0.202364, 0.428554, 0.0)], [-0.409419, 0.130655, -0.902942, 0.0)], [7.41622, 0.493168, 1.85008, 1.0)]])
7.41622, 0.493168, 1.85008
float3(-0.13103, -2.71589, -1.36524)
549199.974921208
normal
simd_float4x4([[-0.210819, -0.975716, -0.0594465, 0.0)], [-0.866821, 0.158487, 0.472761, 0.0)], [-0.451859, 0.151196, -0.879183, 0.0)], [7.26309, 0.485148, 1.80433, 1.0)]])
7.26309, 0.485148, 1.80433
float3(-0.151778, -2.66685, -1.40977)
549200.175033833
normal
simd_float4x4([[-0.22689, -0.971268, -0.0718351, 0.0)], [-0.833109, 0.155354, 0.530844, 0.0)], [-0.504431, 0.180289, -0.84442, 0.0)], [7.14334, 0.472173, 1.75814, 1.0)]])
7.14334, 0.472173, 1.75814
float3(-0.181281, -2.60311, -1.41219)
549200.3918225
normal
simd_float4x4([[-0.240504, -0.968297, -0.0675232, 0.0)], [-0.745788, 0.139817, 0.651345, 0.0)], [-0.621255, 0.207009, -0.755771, 0.0)], [7.04079, 0.464453, 1.67176, 1.0)]])
7.04079, 0.464453, 1.67176
float3(-0.208517, -2.45357, -1.42739)
549200.591935083
normal
simd_float4x4([[-0.275706, -0.95716, -0.088493, 0.0)], [-0.669403, 0.125116, 0.732288, 0.0)], [-0.689845, 0.261133, -0.675221, 0.0)], [6.93724, 0.449927, 1.60884, 1.0)]])
6.93724, 0.449927, 1.60884
float3(-0.264196, -2.34548, -1.44082)
549200.792047625
normal
simd_float4x4([[-0.265557, -0.960105, -0.0876172, 0.0)], [-0.680499, 0.122289, 0.722473, 0.0)], [-0.682935, 0.251481, -0.685825, 0.0)], [6.79048, 0.439533, 1.56909, 1.0)]])
6.79048, 0.439533, 1.56909
float3(-0.25421, -2.35831, -1.44411)
549200.992160333
normal
simd_float4x4([[-0.24447, -0.96376, -0.106775, 0.0)], [-0.753281, 0.119424, 0.646766, 0.0)], [-0.610576, 0.238546, -0.755177, 0.0)], [6.60603, 0.434442, 1.55529, 1.0)]])
6.60603, 0.434442, 1.55529
float3(-0.240869, -2.46168, -1.44751)
549201.192273
normal
simd_float4x4([[-0.23375, -0.95811, -0.165485, 0.0)], [-0.901251, 0.149644, 0.406636, 0.0)], [-0.364838, 0.244195, -0.898478, 0.0)], [6.39111, 0.447329, 1.55403, 1.0)]])
6.39111, 0.447329, 1.55403
float3(-0.246689, -2.75587, -1.41586)
549201.392385583
normal
simd_float4x4([[-0.180311, -0.952005, -0.247336, 0.0)], [-0.983017, 0.165683, 0.0789124, 0.0)], [-0.0341456, 0.257364, -0.965711, 0.0)], [6.21152, 0.474062, 1.54312, 1.0)]])
6.21152, 0.474062, 1.54312
float3(-0.260293, -3.10625, -1.39849)
549201.592498375
normal
simd_float4x4([[-0.0642486, -0.973848, -0.217928, 0.0)], [-0.929583, 0.137833, -0.341873, 0.0)], [0.36297, 0.180618, -0.914128, 0.0)], [6.07783, 0.497658, 1.49733, 1.0)]])
6.07783, 0.497658, 1.49733
float3(-0.181614, 2.76362, -1.4302)
549201.84263925
normal
simd_float4x4([[0.0153733, -0.982655, -0.184807, 0.0)], [-0.633029, 0.133504, -0.762529, 0.0)], [0.773975, 0.128711, -0.619997, 0.0)], [5.98486, 0.515515, 1.43882, 1.0)]])
5.98486, 0.515515, 1.43882
float3(-0.129069, 2.24618, -1.43576)
549202.042752
normal
simd_float4x4([[0.067997, -0.989523, -0.127363, 0.0)], [-0.227069, 0.108959, -0.967764, 0.0)], [0.971502, 0.0947253, -0.217281, 0.0)], [5.95686, 0.540842, 1.3704, 1.0)]])
5.95686, 0.540842, 1.3704
float3(-0.0948675, 1.79083, -1.46113)
549202.259540625
normal
simd_float4x4([[0.0462846, -0.996409, -0.0708962, 0.0)], [0.0945462, 0.0750234, -0.992689, 0.0)], [0.994444, 0.0392432, 0.0976791, 0.0)], [5.98868, 0.560914, 1.30643, 1.0)]])
5.98868, 0.560914, 1.30643
float3(-0.0392533, 1.47289, -1.49564)
549202.476329541
normal
simd_float4x4([[0.0351721, -0.997845, -0.0553868, 0.0)], [0.136641, 0.0597022, -0.98882, 0.0)], [0.989996, 0.0272108, 0.138446, 0.0)], [5.99716, 0.57023, 1.32011, 1.0)]])
5.99716, 0.57023, 1.32011
float3(-0.0272142, 1.43185, -1.51104)
549202.676442208
normal
simd_float4x4([[0.0225173, -0.997215, -0.0710941, 0.0)], [0.0312135, 0.0717787, -0.996932, 0.0)], [0.999259, 0.0202291, 0.0327428, 0.0)], [5.95924, 0.556306, 1.40442, 1.0)]])
5.95924, 0.556306, 1.40442
float3(-0.0202305, 1.53804, -1.49894)
549202.876555208
normal
simd_float4x4([[0.0139041, -0.997176, -0.0738046, 0.0)], [-0.132291, 0.0713283, -0.988641, 0.0)], [0.991113, 0.0235098, -0.130925, 0.0)], [5.88761, 0.539722, 1.5202, 1.0)]])
5.88761, 0.539722, 1.5202
float3(-0.023512, 1.70214, -1.49939)
549203.093343791
normal
simd_float4x4([[-0.0147124, -0.998822, -0.0462371, 0.0)], [-0.424663, 0.0481062, -0.904073, 0.0)], [0.905232, 0.00633412, -0.42487, 0.0)], [5.80974, 0.534313, 1.66764, 1.0)]])
5.80974, 0.534313, 1.66764
float3(-0.00633416, 2.00962, -1.52267)
549203.293456458
normal
simd_float4x4([[-0.0431356, -0.998517, -0.0332151, 0.0)], [-0.710543, 0.0540327, -0.701576, 0.0)], [0.702331, -0.00666217, -0.71182, 0.0)], [5.77277, 0.519078, 1.81252, 1.0)]])
5.77277, 0.519078, 1.81252
float3(0.00666222, 2.3629, -1.51674)
549203.510245541
normal
simd_float4x4([[-0.0324279, -0.995735, -0.086377, 0.0)], [-0.909082, 0.0652995, -0.411468, 0.0)], [0.415353, 0.0651807, -0.907322, 0.0)], [5.76483, 0.496489, 1.97715, 1.0)]])
5.76483, 0.496489, 1.97715
float3(-0.0652269, 2.71229, -1.50531)
549203.710358166
normal
simd_float4x4([[-0.0317097, -0.994858, -0.0961896, 0.0)], [-0.974388, 0.0522053, -0.218727, 0.0)], [0.222624, 0.0867903, -0.971033, 0.0)], [5.77138, 0.464975, 2.13419, 1.0)]])
5.77138, 0.464975, 2.13419
float3(-0.0868996, 2.91622, -1.51837)
549203.910471041
normal
simd_float4x4([[-0.0498553, -0.993656, -0.100813, 0.0)], [-0.998432, 0.0521562, -0.0203159, 0.0)], [0.0254451, 0.0996417, -0.994698, 0.0)], [5.78933, 0.443649, 2.30905, 1.0)]])
5.78933, 0.443649, 2.30905
float3(-0.0998073, 3.11602, -1.51836)
549204.12726
normal
simd_float4x4([[-0.0388333, -0.99338, -0.108113, 0.0)], [-0.990807, 0.0242475, 0.133095, 0.0)], [-0.129593, 0.112288, -0.985189, 0.0)], [5.81186, 0.447558, 2.48405, 1.0)]])
5.81186, 0.447558, 2.48405
float3(-0.112525, -3.0108, -1.54639)
549204.327372875
normal
simd_float4x4([[-0.0657601, -0.987941, -0.140172, 0.0)], [-0.961041, 0.0249122, 0.27528, 0.0)], [-0.268468, 0.152813, -0.95109, 0.0)], [5.82155, 0.440287, 2.63136, 1.0)]])
5.82155, 0.440287, 2.63136
float3(-0.153414, -2.86648, -1.54559)
549204.527485791
normal
simd_float4x4([[-0.117068, -0.981417, -0.152039, 0.0)], [-0.914265, 0.0467161, 0.402414, 0.0)], [-0.387833, 0.186114, -0.902744, 0.0)], [5.80371, 0.422036, 2.78166, 1.0)]])
5.80371, 0.422036, 2.78166
float3(-0.187205, -2.73582, -1.52323)
549204.727598708
normal
simd_float4x4([[-0.197905, -0.963154, -0.182121, 0.0)], [-0.899802, 0.104805, 0.423524, 0.0)], [-0.388831, 0.24769, -0.887389, 0.0)], [5.7832, 0.430868, 2.94253, 1.0)]])
5.7832, 0.430868, 2.94253
float3(-0.250295, -2.72862, -1.46241)
549204.927711583
normal
simd_float4x4([[-0.22019, -0.92427, -0.311834, 0.0)], [-0.90573, 0.0750297, 0.417161, 0.0)], [-0.362172, 0.374292, -0.85366, 0.0)], [5.77757, 0.416206, 3.11782, 1.0)]])
5.77757, 0.416206, 3.11782
float3(-0.383633, -2.74035, -1.4898)
549205.127824458
normal
simd_float4x4([[-0.133203, -0.909536, -0.393703, 0.0)], [-0.929681, -0.0229866, 0.367647, 0.0)], [-0.343438, 0.41499, -0.842516, 0.0)], [5.78192, 0.395601, 3.3096, 1.0)]])
5.78192, 0.395601, 3.3096
float3(-0.427932, -2.75452, -1.59606)
549205.327937333
normal
simd_float4x4([[-0.0598689, -0.901282, -0.429076, 0.0)], [-0.971486, -0.0461812, 0.232556, 0.0)], [-0.229413, 0.430764, -0.872818, 0.0)], [5.77158, 0.421069, 3.48792, 1.0)]])
5.77158, 0.421069, 3.48792
float3(-0.445339, -2.88456, -1.62199)
549205.52805025
normal
simd_float4x4([[-0.0272664, -0.910071, -0.413554, 0.0)], [-0.989132, -0.0352314, 0.142746, 0.0)], [-0.144479, 0.412951, -0.89922, 0.0)], [5.74519, 0.441599, 3.63511, 1.0)]])
5.74519, 0.441599, 3.63511
float3(-0.425692, -2.98228, -1.60949)
549205.728163125
normal
simd_float4x4([[-0.00962403, -0.946514, -0.32252, 0.0)], [-0.992677, -0.0297967, 0.117067, 0.0)], [-0.120416, 0.321285, -0.939296, 0.0)], [5.71182, 0.450926, 3.79395, 1.0)]])
5.71182, 0.450926, 3.79395
float3(-0.327086, -3.01409, -1.60227)
549205.928275875
normal
simd_float4x4([[0.0512512, -0.957504, -0.28383, 0.0)], [-0.990976, -0.0840049, 0.104451, 0.0)], [-0.123855, 0.275916, -0.953168, 0.0)], [5.67134, 0.477257, 3.96929, 1.0)]])
5.67134, 0.477257, 3.96929
float3(-0.279542, -3.01238, -1.65831)
549206.128388875
normal
simd_float4x4([[0.0245796, -0.948414, -0.31608, 0.0)], [-0.999095, -0.0342806, 0.0251673, 0.0)], [-0.0347044, 0.315176, -0.948398, 0.0)], [5.65898, 0.481108, 4.14195, 1.0)]])
5.65898, 0.481108, 4.14195
float3(-0.320642, -3.10502, -1.60693)
549206.328501625
normal
simd_float4x4([[0.00484091, -0.95256, -0.304312, 0.0)], [-0.999973, -0.00630401, 0.00382564, 0.0)], [-0.0055625, 0.304286, -0.952564, 0.0)], [5.67383, 0.464337, 4.33877, 1.0)]])
5.67383, 0.464337, 4.33877
float3(-0.309188, -3.13575, -1.57741)
549206.528614666
normal
