ARKit Data
517932.143006375
normal
simd_float4x4([[-0.0037134, -0.999955, -0.00876068, 0.0)], [0.999198, -0.00336109, -0.0398922, 0.0)], [0.039861, -0.00890179, 0.999166, 0.0)], [0.000227527, 8.55821e-05, -0.000434799, 1.0)]])
0.000227527, 8.55821e-05, -0.000434799
float3(0.00890191, 0.0398731, -1.57416)
517932.480775
notAvailable
simd_float4x4([[1.0, 0.0, 0.0, 0.0)], [0.0, 1.0, 0.0, 0.0)], [0.0, 0.0, 1.0, 0.0)], [0.0, 0.0, 0.0, 1.0)]])
0.0, 0.0, 0.0
float3(-0.0, 0.0, 0.0)
517932.597423458
notAvailable
simd_float4x4([[1.0, 0.0, 0.0, 0.0)], [0.0, 1.0, 0.0, 0.0)], [0.0, 0.0, 1.0, 0.0)], [0.0, 0.0, 0.0, 1.0)]])
0.0, 0.0, 0.0
float3(-0.0, 0.0, 0.0)
517932.714072083
limited(__ObjC.ARCamera.TrackingState.Reason.initializing)
simd_float4x4([[-0.00550776, -0.999976, -0.00407155, 0.0)], [0.999985, -0.00550763, -4.37849e-05, 0.0)], [2.13579e-05, -0.00407173, 0.999991, 0.0)], [0.0, 0.0, 0.0, 1.0)]])
0.0, 0.0, 0.0
float3(0.00407174, 2.1358e-05, -1.5763)
517932.830720583
limited(__ObjC.ARCamera.TrackingState.Reason.initializing)
simd_float4x4([[-0.00600128, -0.999976, -0.00350056, 0.0)], [0.999982, -0.00600122, -2.52202e-05, 0.0)], [4.2107e-06, -0.00350065, 0.999994, 0.0)], [0.0, 0.0, 0.0, 1.0)]])
0.0, 0.0, 0.0
float3(0.00350065, 4.21073e-06, -1.5768)
517932.947369125
limited(__ObjC.ARCamera.TrackingState.Reason.initializing)
simd_float4x4([[-0.00530374, -0.999981, -0.00292873, 0.0)], [0.999986, -0.00530349, -9.21672e-05, 0.0)], [7.66321e-05, -0.00292917, 0.999995, 0.0)], [0.0, 0.0, 0.0, 1.0)]])
0.0, 0.0, 0.0
float3(0.00292918, 7.66324e-05, -1.5761)
517933.064017708
limited(__ObjC.ARCamera.TrackingState.Reason.initializing)
simd_float4x4([[-0.00523726, -0.999982, -0.00283644, 0.0)], [0.999986, -0.00523693, -0.00012315, 0.0)], [0.000108292, -0.00283705, 0.999996, 0.0)], [0.0, 0.0, 0.0, 1.0)]])
0.0, 0.0, 0.0
float3(0.00283705, 0.000108293, -1.57603)
517933.180666208
limited(__ObjC.ARCamera.TrackingState.Reason.initializing)
simd_float4x4([[-0.00526229, -0.999982, -0.00272001, 0.0)], [0.999986, -0.00526194, -0.000133574, 0.0)], [0.000119256, -0.00272068, 0.999996, 0.0)], [0.0, 0.0, 0.0, 1.0)]])
0.0, 0.0, 0.0
float3(0.00272068, 0.000119256, -1.57606)
517933.297314833
limited(__ObjC.ARCamera.TrackingState.Reason.initializing)
simd_float4x4([[-0.00506029, -0.999983, -0.00258733, 0.0)], [0.999987, -0.00505986, -0.000169288, 0.0)], [0.00015619, -0.00258816, 0.999996, 0.0)], [0.0, 0.0, 0.0, 1.0)]])
0.0, 0.0, 0.0
float3(0.00258816, 0.00015619, -1.57586)
517933.41396325
limited(__ObjC.ARCamera.TrackingState.Reason.initializing)
simd_float4x4([[-0.00490478, -0.999984, -0.00251513, 0.0)], [0.999988, -0.00490417, -0.00024712, 0.0)], [0.000234778, -0.00251631, 0.999996, 0.0)], [0.0, 0.0, 0.0, 1.0)]])
0.0, 0.0, 0.0
float3(0.00251632, 0.000234779, -1.5757)
517933.530611916
limited(__ObjC.ARCamera.TrackingState.Reason.initializing)
simd_float4x4([[-0.00484215, -0.999985, -0.00246572, 0.0)], [0.999988, -0.00484139, -0.000314202, 0.0)], [0.000302257, -0.00246721, 0.999996, 0.0)], [0.0, 0.0, 0.0, 1.0)]])
0.0, 0.0, 0.0
float3(0.00246721, 0.000302258, -1.57564)
517933.647260541
limited(__ObjC.ARCamera.TrackingState.Reason.initializing)
simd_float4x4([[-0.00484259, -0.999984, -0.00254323, 0.0)], [0.999988, -0.00484156, -0.000410991, 0.0)], [0.000398667, -0.00254519, 0.999996, 0.0)], [0.0, 0.0, 0.0, 1.0)]])
0.0, 0.0, 0.0
float3(0.00254519, 0.000398668, -1.57564)
517933.763909125
limited(__ObjC.ARCamera.TrackingState.Reason.initializing)
simd_float4x4([[-0.00479255, -0.999984, -0.00268537, 0.0)], [0.999988, -0.00479152, -0.000392662, 0.0)], [0.000379785, -0.00268723, 0.999995, 0.0)], [0.0, 0.0, 0.0, 1.0)]])
0.0, 0.0, 0.0
float3(0.00268723, 0.000379786, -1.57559)
517933.880557625
limited(__ObjC.ARCamera.TrackingState.Reason.initializing)
simd_float4x4([[-0.00476593, -0.999984, -0.00257962, 0.0)], [0.999989, -0.00476498, -0.000373196, 0.0)], [0.000360892, -0.00258137, 0.999995, 0.0)], [0.0, 0.0, 0.0, 1.0)]])
0.0, 0.0, 0.0
float3(0.00258137, 0.000360893, -1.57556)
517933.99720625
limited(__ObjC.ARCamera.TrackingState.Reason.initializing)
simd_float4x4([[-0.00478495, -0.999984, -0.00254481, 0.0)], [0.999988, -0.0047841, -0.000339995, 0.0)], [0.00032781, -0.00254641, 0.999996, 0.0)], [0.0, 0.0, 0.0, 1.0)]])
0.0, 0.0, 0.0
float3(0.00254641, 0.000327812, -1.57558)
517934.113855041
limited(__ObjC.ARCamera.TrackingState.Reason.initializing)
simd_float4x4([[-0.00469025, -0.999984, -0.00254791, 0.0)], [0.999989, -0.00468936, -0.00035324, 0.0)], [0.00034128, -0.00254954, 0.999995, 0.0)], [0.0, 0.0, 0.0, 1.0)]])
0.0, 0.0, 0.0
float3(0.00254954, 0.000341281, -1.57549)
517934.230503666
limited(__ObjC.ARCamera.TrackingState.Reason.initializing)
simd_float4x4([[-0.00473109, -0.999984, -0.00259612, 0.0)], [0.999989, -0.00473014, -0.000372113, 0.0)], [0.000359822, -0.00259785, 0.999995, 0.0)], [0.0, 0.0, 0.0, 1.0)]])
0.0, 0.0, 0.0
float3(0.00259785, 0.000359824, -1.57553)
517934.347152166
limited(__ObjC.ARCamera.TrackingState.Reason.initializing)
simd_float4x4([[-0.00484594, -0.999984, -0.00250459, 0.0)], [0.999988, -0.00484504, -0.00036675, 0.0)], [0.000354603, -0.00250634, 0.999995, 0.0)], [0.0, 0.0, 0.0, 1.0)]])
0.0, 0.0, 0.0
float3(0.00250634, 0.000354605, -1.57564)
517934.463800833
limited(__ObjC.ARCamera.TrackingState.Reason.initializing)
simd_float4x4([[-0.00474933, -0.999984, -0.00248882, 0.0)], [0.999989, -0.00474823, -0.000446594, 0.0)], [0.000434762, -0.00249092, 0.999995, 0.0)], [0.0, 0.0, 0.0, 1.0)]])
0.0, 0.0, 0.0
float3(0.00249092, 0.000434764, -1.57554)
517934.580449458
limited(__ObjC.ARCamera.TrackingState.Reason.initializing)
simd_float4x4([[-0.00478096, -0.999984, -0.0024335, 0.0)], [0.999988, -0.00477993, -0.000429477, 0.0)], [0.000417831, -0.00243552, 0.999995, 0.0)], [0.0, 0.0, 0.0, 1.0)]])
0.0, 0.0, 0.0
float3(0.00243552, 0.000417833, -1.57558)
517934.697098125
limited(__ObjC.ARCamera.TrackingState.Reason.initializing)
simd_float4x4([[-0.00481147, -0.999984, -0.00235757, 0.0)], [0.999988, -0.00481053, -0.000402296, 0.0)], [0.000390942, -0.00235948, 0.999996, 0.0)], [0.0, 0.0, 0.0, 1.0)]])
0.0, 0.0, 0.0
float3(0.00235948, 0.000390944, -1.57561)
517934.813746916
limited(__ObjC.ARCamera.TrackingState.Reason.initializing)
simd_float4x4([[-0.00470445, -0.999985, -0.00225068, 0.0)], [0.999989, -0.0047036, -0.000384446, 0.0)], [0.000373847, -0.00225247, 0.999996, 0.0)], [0.0, 0.0, 0.0, 1.0)]])
0.0, 0.0, 0.0
float3(0.00225247, 0.000373849, -1.5755)
517934.9303955
limited(__ObjC.ARCamera.TrackingState.Reason.initializing)
simd_float4x4([[-0.00473992, -0.999984, -0.0022006, 0.0)], [0.999989, -0.00473911, -0.000373751, 0.0)], [0.000363308, -0.00220234, 0.999996, 0.0)], [0.0, 0.0, 0.0, 1.0)]])
0.0, 0.0, 0.0
float3(0.00220234, 0.000363309, -1.57554)
517935.047044333
limited(__ObjC.ARCamera.TrackingState.Reason.initializing)
simd_float4x4([[-0.00470806, -0.999985, -0.0021659, 0.0)], [0.999989, -0.00470732, -0.000345511, 0.0)], [0.000335301, -0.0021675, 0.999996, 0.0)], [0.0, 0.0, 0.0, 1.0)]])
0.0, 0.0, 0.0
float3(0.0021675, 0.000335302, -1.5755)
517935.163692791
limited(__ObjC.ARCamera.TrackingState.Reason.initializing)
simd_float4x4([[-0.00469714, -0.999985, -0.00207562, 0.0)], [0.999989, -0.00469653, -0.000297487, 0.0)], [0.000287724, -0.002077, 0.999996, 0.0)], [0.0, 0.0, 0.0, 1.0)]])
0.0, 0.0, 0.0
float3(0.002077, 0.000287726, -1.57549)
517935.280341625
limited(__ObjC.ARCamera.TrackingState.Reason.initializing)
simd_float4x4([[-0.0046593, -0.999985, -0.0019984, 0.0)], [0.999989, -0.00465849, -0.000409701, 0.0)], [0.000400376, -0.00200029, 0.999996, 0.0)], [0.0, 0.0, 0.0, 1.0)]])
0.0, 0.0, 0.0
float3(0.00200029, 0.000400378, -1.57545)
517935.396990333
limited(__ObjC.ARCamera.TrackingState.Reason.initializing)
simd_float4x4([[-0.00472005, -0.999985, -0.00198788, 0.0)], [0.999989, -0.00471921, -0.000426949, 0.0)], [0.000417551, -0.00198988, 0.999996, 0.0)], [0.0, 0.0, 0.0, 1.0)]])
0.0, 0.0, 0.0
float3(0.00198988, 0.000417553, -1.57552)
517935.513639208
limited(__ObjC.ARCamera.TrackingState.Reason.initializing)
simd_float4x4([[-0.00467316, -0.999985, -0.00193196, 0.0)], [0.999989, -0.00467242, -0.000387868, 0.0)], [0.000378825, -0.00193375, 0.999996, 0.0)], [0.0, 0.0, 0.0, 1.0)]])
0.0, 0.0, 0.0
float3(0.00193375, 0.000378827, -1.57547)
517935.630287833
limited(__ObjC.ARCamera.TrackingState.Reason.initializing)
simd_float4x4([[-0.00458024, -0.999985, -0.00194971, 0.0)], [0.999989, -0.00457933, -0.000473406, 0.0)], [0.000464459, -0.00195185, 0.999995, 0.0)], [0.0, 0.0, 0.0, 1.0)]])
0.0, 0.0, 0.0
float3(0.00195185, 0.000464461, -1.57538)
517935.746936666
limited(__ObjC.ARCamera.TrackingState.Reason.initializing)
simd_float4x4([[-0.00461847, -0.999985, -0.0018895, 0.0)], [0.999989, -0.00461773, -0.000398421, 0.0)], [0.00038968, -0.00189132, 0.999996, 0.0)], [0.0, 0.0, 0.0, 1.0)]])
0.0, 0.0, 0.0
float3(0.00189132, 0.000389682, -1.57541)
517935.86358525
limited(__ObjC.ARCamera.TrackingState.Reason.initializing)
simd_float4x4([[-0.00454101, -0.999986, -0.00188123, 0.0)], [0.99999, -0.00454016, -0.000456796, 0.0)], [0.000448238, -0.00188329, 0.999996, 0.0)], [0.0, 0.0, 0.0, 1.0)]])
0.0, 0.0, 0.0
float3(0.00188329, 0.00044824, -1.57534)
517935.980233958
limited(__ObjC.ARCamera.TrackingState.Reason.initializing)
simd_float4x4([[-0.00448071, -0.999986, -0.00187271, 0.0)], [0.99999, -0.00447981, -0.000484532, 0.0)], [0.000476125, -0.00187486, 0.999996, 0.0)], [0.0, 0.0, 0.0, 1.0)]])
0.0, 0.0, 0.0
float3(0.00187487, 0.000476128, -1.57528)
517936.096882833
limited(__ObjC.ARCamera.TrackingState.Reason.initializing)
simd_float4x4([[-0.00445784, -0.999986, -0.00185375, 0.0)], [0.99999, -0.00445697, -0.000467291, 0.0)], [0.000459012, -0.00185581, 0.999996, 0.0)], [0.0, 0.0, 0.0, 1.0)]])
0.0, 0.0, 0.0
float3(0.00185581, 0.000459014, -1.57525)
517936.213531625
limited(__ObjC.ARCamera.TrackingState.Reason.initializing)
simd_float4x4([[-0.00437129, -0.999986, -0.0018166, 0.0)], [0.99999, -0.00437053, -0.00041762, 0.0)], [0.000409663, -0.00181841, 0.999996, 0.0)], [0.0, 0.0, 0.0, 1.0)]])
0.0, 0.0, 0.0
float3(0.00181841, 0.000409665, -1.57517)
517936.330180458
limited(__ObjC.ARCamera.TrackingState.Reason.initializing)
simd_float4x4([[-0.00437873, -0.999986, -0.00182752, 0.0)], [0.99999, -0.00437813, -0.000332481, 0.0)], [0.000324465, -0.00182896, 0.999996, 0.0)], [0.0, 0.0, 0.0, 1.0)]])
0.0, 0.0, 0.0
float3(0.00182896, 0.000324466, -1.57517)
517936.446829125
normal
simd_float4x4([[-0.0029593, -0.999969, -0.00730055, 0.0)], [0.999995, -0.0029482, -0.001531, 0.0)], [0.00150943, -0.00730504, 0.999972, 0.0)], [-4.69941e-05, -9.63649e-06, 5.79604e-05, 1.0)]])
-4.69941e-05, -9.63649e-06, 5.79604e-05
float3(0.0073051, 0.00150947, -1.57374)
517936.563477916
normal
simd_float4x4([[-0.00168318, -0.99998, -0.00603117, 0.0)], [0.999998, -0.00168839, 0.000858429, 0.0)], [-0.000868596, -0.00602971, 0.999981, 0.0)], [-0.000113937, -0.000323544, -0.000779869, 1.0)]])
-0.000113937, -0.000323544, -0.000779869
float3(0.00602975, -0.000868612, -1.57248)
517936.680126791
normal
simd_float4x4([[-0.00433478, -0.999971, -0.0063096, 0.0)], [0.99999, -0.00434225, 0.00117076, 0.0)], [-0.00119812, -0.00630446, 0.999979, 0.0)], [0.000809257, 0.000434645, -0.000320279, 1.0)]])
0.000809257, 0.000434645, -0.000320279
float3(0.0063045, -0.00119815, -1.57514)
517936.796775666
normal
simd_float4x4([[-0.00404688, -0.999967, -0.00711186, 0.0)], [0.99999, -0.00403387, -0.00184315, 0.0)], [0.00181439, -0.00711925, 0.999973, 0.0)], [-0.000630999, -0.00098598, 0.00166925, 1.0)]])
-0.000630999, -0.00098598, 0.00166925
float3(0.00711931, 0.00181444, -1.57483)
517936.913424333
normal
simd_float4x4([[-0.00359098, -0.999972, -0.0065134, 0.0)], [0.999992, -0.00357823, -0.00196707, 0.0)], [0.00194371, -0.00652041, 0.999977, 0.0)], [-0.000490231, -1.69054e-05, 0.000257773, 1.0)]])
-0.000490231, -1.69054e-05, 0.000257773
float3(0.00652046, 0.00194376, -1.57437)
517937.030073333
normal
simd_float4x4([[-0.00397576, -0.999972, -0.00640795, 0.0)], [0.999992, -0.00397035, -0.000855238, 0.0)], [0.000829771, -0.00641129, 0.999979, 0.0)], [-0.00032463, 0.000179052, 0.000125249, 1.0)]])
-0.00032463, 0.000179052, 0.000125249
float3(0.00641134, 0.000829788, -1.57477)
517937.14672225
normal
simd_float4x4([[-0.00346537, -0.999974, -0.0063627, 0.0)], [0.999994, -0.00346595, 8.00302e-05, 0.0)], [-0.000102083, -0.00636239, 0.99998, 0.0)], [-0.000342679, 0.000238396, -0.000160854, 1.0)]])
-0.000342679, 0.000238396, -0.000160854
float3(0.00636243, -0.000102086, -1.57426)
517937.263370958
normal
simd_float4x4([[-0.00361888, -0.999973, -0.00631058, 0.0)], [0.999993, -0.00362122, 0.000360602, 0.0)], [-0.000383443, -0.00630923, 0.99998, 0.0)], [-0.000517527, 0.000176926, -0.00028606, 1.0)]])
-0.000517527, 0.000176926, -0.00028606
float3(0.00630928, -0.000383451, -1.57442)
517937.38001975
normal
simd_float4x4([[-0.00387611, -0.999973, -0.00632554, 0.0)], [0.999992, -0.00388002, 0.000605389, 0.0)], [-0.000629915, -0.00632315, 0.99998, 0.0)], [-0.000171295, 0.000173813, 0.000148757, 1.0)]])
-0.000171295, 0.000173813, 0.000148757
float3(0.00632319, -0.000629928, -1.57468)
517937.49666875
normal
simd_float4x4([[-0.00394382, -0.999973, -0.00624606, 0.0)], [0.999992, -0.00394443, 8.53796e-05, 0.0)], [-0.000110013, -0.00624567, 0.999981, 0.0)], [-0.000208378, 0.000165758, 0.00018084, 1.0)]])
-0.000208378, 0.000165758, 0.00018084
float3(0.00624571, -0.000110015, -1.57474)
517937.61331775
normal
simd_float4x4([[-0.00401641, -0.99997, -0.00658695, 0.0)], [0.999992, -0.00401545, -0.000159065, 0.0)], [0.000132611, -0.00658754, 0.999978, 0.0)], [-0.000219558, 8.05453e-05, -0.000278934, 1.0)]])
-0.000219558, 8.05453e-05, -0.000278934
float3(0.00658758, 0.000132614, -1.57481)
517937.7299665
normal
simd_float4x4([[-0.00403149, -0.999971, -0.00647418, 0.0)], [0.999992, -0.00403077, -0.000124729, 0.0)], [9.86328e-05, -0.00647463, 0.999979, 0.0)], [-0.00021795, 0.000106424, -0.0001711, 1.0)]])
-0.00021795, 0.000106424, -0.0001711
float3(0.00647468, 9.86349e-05, -1.57483)
517937.846615375
normal
simd_float4x4([[-0.00399861, -0.999971, -0.00641199, 0.0)], [0.999992, -0.00399726, -0.000222967, 0.0)], [0.00019733, -0.00641283, 0.999979, 0.0)], [-0.000219155, 0.000219434, -9.99849e-05, 1.0)]])
-0.000219155, 0.000219434, -9.99849e-05
float3(0.00641287, 0.000197334, -1.57479)
517937.963264333
normal
simd_float4x4([[-0.00398644, -0.999971, -0.00642105, 0.0)], [0.999992, -0.00398567, -0.000131399, 0.0)], [0.000105803, -0.00642152, 0.999979, 0.0)], [-0.000271987, 0.000181533, -0.000165254, 1.0)]])
-0.000271987, 0.000181533, -0.000165254
float3(0.00642157, 0.000105805, -1.57478)
517938.079913166
normal
simd_float4x4([[-0.0039668, -0.999972, -0.0063573, 0.0)], [0.999992, -0.0039646, -0.000357621, 0.0)], [0.000332411, -0.00635867, 0.99998, 0.0)], [-0.000305725, 0.000198096, -0.00012643, 1.0)]])
-0.000305725, 0.000198096, -0.00012643
float3(0.00635871, 0.000332417, -1.57476)
517938.196562166
normal
simd_float4x4([[-0.00395435, -0.999973, -0.00623943, 0.0)], [0.999992, -0.00394954, -0.000782971, 0.0)], [0.000758308, -0.00624248, 0.99998, 0.0)], [-0.000257731, 0.000192073, -0.000202217, 1.0)]])
-0.000257731, 0.000192073, -0.000202217
float3(0.00624252, 0.000758323, -1.57475)
517938.313211041
normal
simd_float4x4([[-0.0039399, -0.999973, -0.00611795, 0.0)], [0.999992, -0.00393238, -0.00124025, 0.0)], [0.00121616, -0.00612278, 0.999981, 0.0)], [-0.000322029, 0.000138275, -0.000378679, 1.0)]])
-0.000322029, 0.000138275, -0.000378679
float3(0.00612282, 0.00121618, -1.57473)
517938.429859958
normal
simd_float4x4([[-0.00388295, -0.999975, -0.00593617, 0.0)], [0.999992, -0.003876, -0.00118176, 0.0)], [0.00115872, -0.00594071, 0.999982, 0.0)], [-0.000341513, 0.00019068, -0.000364262, 1.0)]])
-0.000341513, 0.00019068, -0.000364262
float3(0.00594074, 0.00115874, -1.57467)
517938.546508875
normal
simd_float4x4([[-0.00385202, -0.999975, -0.00590076, 0.0)], [0.999992, -0.00384554, -0.00110971, 0.0)], [0.00108699, -0.00590499, 0.999982, 0.0)], [-0.000361033, 0.00027366, -0.000418869, 1.0)]])
-0.000361033, 0.00027366, -0.000418869
float3(0.00590503, 0.00108701, -1.57464)
517938.663157916
normal
simd_float4x4([[-0.00373552, -0.999976, -0.00583454, 0.0)], [0.999993, -0.00373089, -0.000804704, 0.0)], [0.000782916, -0.0058375, 0.999983, 0.0)], [-0.00035827, 0.000321348, -0.000499633, 1.0)]])
-0.00035827, 0.000321348, -0.000499633
float3(0.00583754, 0.000782929, -1.57453)
517938.779806875
normal
simd_float4x4([[-0.00373754, -0.999976, -0.00591278, 0.0)], [0.999993, -0.00373306, -0.000767886, 0.0)], [0.000745794, -0.00591561, 0.999982, 0.0)], [-0.000408703, 0.000348762, -0.000546924, 1.0)]])
-0.000408703, 0.000348762, -0.000546924
float3(0.00591564, 0.000745807, -1.57453)
517938.896455875
normal
simd_float4x4([[-0.00365838, -0.999975, -0.00602775, 0.0)], [0.999993, -0.00365318, -0.000873114, 0.0)], [0.000851071, -0.0060309, 0.999982, 0.0)], [-0.000390234, 0.00024236, -0.000349651, 1.0)]])
-0.000390234, 0.00024236, -0.000349651
float3(0.00603094, 0.000851087, -1.57445)
517939.013104833
normal
simd_float4x4([[-0.0037276, -0.999975, -0.00600249, 0.0)], [0.999993, -0.00372437, -0.000549858, 0.0)], [0.000527489, -0.0060045, 0.999982, 0.0)], [-0.000372339, 0.000212392, -0.000222846, 1.0)]])
-0.000372339, 0.000212392, -0.000222846
float3(0.00600454, 0.000527499, -1.57452)
517939.129753708
normal
simd_float4x4([[-0.00375138, -0.999975, -0.00600831, 0.0)], [0.999993, -0.00374805, -0.000564077, 0.0)], [0.000541547, -0.00601038, 0.999982, 0.0)], [-0.000394803, 0.000274231, -0.000102465, 1.0)]])
-0.000394803, 0.000274231, -0.000102465
float3(0.00601042, 0.000541557, -1.57454)
517939.246402833
normal
simd_float4x4([[-0.003744, -0.999975, -0.00593618, 0.0)], [0.999993, -0.00374078, -0.000553819, 0.0)], [0.0005316, -0.00593821, 0.999982, 0.0)], [-0.000466647, 0.00038366, 5.19999e-05, 1.0)]])
-0.000466647, 0.00038366, 5.19999e-05
float3(0.00593824, 0.000531609, -1.57454)
517939.363051708
normal
simd_float4x4([[-0.00372399, -0.999976, -0.00582406, 0.0)], [0.999993, -0.00371978, -0.00073352, 0.0)], [0.000711839, -0.00582675, 0.999983, 0.0)], [-0.000587294, 0.000477594, 0.000162274, 1.0)]])
-0.000587294, 0.000477594, 0.000162274
float3(0.00582678, 0.000711851, -1.57452)
517939.47970075
normal
simd_float4x4([[-0.00383411, -0.999976, -0.00569421, 0.0)], [0.999992, -0.00382955, -0.000811516, 0.0)], [0.00078969, -0.00569728, 0.999984, 0.0)], [-0.000265795, 0.000100411, -0.000435443, 1.0)]])
-0.000265795, 0.000100411, -0.000435443
float3(0.00569731, 0.000789702, -1.57463)
517939.596349833
normal
simd_float4x4([[-0.00381783, -0.999976, -0.00573747, 0.0)], [0.999993, -0.00381337, -0.000789149, 0.0)], [0.000767253, -0.00574044, 0.999983, 0.0)], [-0.000153515, 8.42884e-05, -0.000457631, 1.0)]])
-0.000153515, 8.42884e-05, -0.000457631
float3(0.00574047, 0.000767266, -1.57461)
517939.712998916
normal
simd_float4x4([[-0.00374358, -0.999977, -0.00561132, 0.0)], [0.999993, -0.0037384, -0.000933505, 0.0)], [0.000912507, -0.00561478, 0.999984, 0.0)], [-0.000530585, 0.000321738, -0.000292937, 1.0)]])
-0.000530585, 0.000321738, -0.000292937
float3(0.00561481, 0.000912521, -1.57453)
517939.829647833
normal
simd_float4x4([[-0.00366586, -0.999977, -0.00562366, 0.0)], [0.999993, -0.00366104, -0.00086773, 0.0)], [0.000847123, -0.0056268, 0.999984, 0.0)], [-0.000148661, 0.000105523, -0.000290635, 1.0)]])
-0.000148661, 0.000105523, -0.000290635
float3(0.00562683, 0.000847136, -1.57446)
517939.946296833
normal
simd_float4x4([[-0.00358174, -0.999978, -0.00552032, 0.0)], [0.999993, -0.00357745, -0.000787732, 0.0)], [0.000767966, -0.0055231, 0.999985, 0.0)], [-0.000612527, 0.000436671, -0.000364167, 1.0)]])
-0.000612527, 0.000436671, -0.000364167
float3(0.00552313, 0.000767978, -1.57437)
517940.062945875
normal
simd_float4x4([[-0.00371296, -0.999978, -0.00546955, 0.0)], [0.999993, -0.00370953, -0.000636725, 0.0)], [0.000616423, -0.00547187, 0.999985, 0.0)], [-0.000339672, 0.00025297, -0.000405384, 1.0)]])
-0.000339672, 0.00025297, -0.000405384
float3(0.0054719, 0.000616433, -1.57451)
517940.179595
normal
simd_float4x4([[-0.00370772, -0.999978, -0.00555006, 0.0)], [0.999993, -0.00370325, -0.000814011, 0.0)], [0.000793439, -0.00555304, 0.999984, 0.0)], [-0.000358881, 0.00028864, -0.000251795, 1.0)]])
-0.000358881, 0.00028864, -0.000251795
float3(0.00555307, 0.000793451, -1.5745)
517940.296243958
normal
simd_float4x4([[-0.0036049, -0.999979, -0.00541302, 0.0)], [0.999993, -0.0036007, -0.000785647, 0.0)], [0.000766141, -0.00541582, 0.999985, 0.0)], [-0.000356986, 0.000302814, -0.000329702, 1.0)]])
-0.000356986, 0.000302814, -0.000329702
float3(0.00541584, 0.000766152, -1.5744)
517940.412893041
normal
simd_float4x4([[-0.00366576, -0.999979, -0.00535604, 0.0)], [0.999993, -0.00366067, -0.000959122, 0.0)], [0.000939495, -0.00535952, 0.999985, 0.0)], [-0.00037426, 0.000281823, -0.000362932, 1.0)]])
-0.00037426, 0.000281823, -0.000362932
float3(0.00535954, 0.000939508, -1.57446)
517940.529542083
normal
simd_float4x4([[-0.00369783, -0.999979, -0.00534282, 0.0)], [0.999993, -0.00369255, -0.000997566, 0.0)], [0.000977816, -0.00534647, 0.999985, 0.0)], [-0.000379832, 0.000246935, -0.000357682, 1.0)]])
-0.000379832, 0.000246935, -0.000357682
float3(0.0053465, 0.00097783, -1.57449)
517940.646191083
normal
simd_float4x4([[-0.00362251, -0.999979, -0.00533768, 0.0)], [0.999993, -0.00361755, -0.000939023, 0.0)], [0.000919695, -0.00534104, 0.999985, 0.0)], [-0.000405563, 0.000263318, -0.000363341, 1.0)]])
-0.000405563, 0.000263318, -0.000363341
float3(0.00534107, 0.000919709, -1.57441)
517940.762840166
normal
simd_float4x4([[-0.00361742, -0.999979, -0.00528191, 0.0)], [0.999993, -0.0036122, -0.000997137, 0.0)], [0.000978036, -0.00528548, 0.999986, 0.0)], [-0.00040292, 0.000315932, -0.000321362, 1.0)]])
-0.00040292, 0.000315932, -0.000321362
float3(0.0052855, 0.000978049, -1.57441)
517940.879489416
normal
simd_float4x4([[-0.00349516, -0.99998, -0.00529212, 0.0)], [0.999994, -0.00349016, -0.000954417, 0.0)], [0.000935926, -0.00529542, 0.999986, 0.0)], [-0.000406058, 0.000437875, -0.000308726, 1.0)]])
-0.000406058, 0.000437875, -0.000308726
float3(0.00529545, 0.00093594, -1.57429)
517940.996138458
normal
simd_float4x4([[-0.00353109, -0.99998, -0.00528997, 0.0)], [0.999993, -0.00352426, -0.0013011, 0.0)], [0.00128243, -0.00529453, 0.999985, 0.0)], [-0.000444018, 0.000468045, -0.000388736, 1.0)]])
-0.000444018, 0.000468045, -0.000388736
float3(0.00529455, 0.00128245, -1.57432)
517941.112787416
normal
simd_float4x4([[-0.00363514, -0.999979, -0.0054103, 0.0)], [0.999992, -0.00362542, -0.00180508, 0.0)], [0.00178543, -0.00541682, 0.999984, 0.0)], [-0.000366867, 0.000301585, -0.000290743, 1.0)]])
-0.000366867, 0.000301585, -0.000290743
float3(0.00541684, 0.00178546, -1.57442)
517941.229436708
normal
simd_float4x4([[-0.00365744, -0.999979, -0.00531346, 0.0)], [0.999992, -0.00364803, -0.00178077, 0.0)], [0.00176135, -0.00531992, 0.999984, 0.0)], [-0.000355286, 0.000315376, -0.000232242, 1.0)]])
-0.000355286, 0.000315376, -0.000232242
float3(0.00531995, 0.00176137, -1.57444)
517941.346085875
normal
simd_float4x4([[-0.00356078, -0.99998, -0.00528924, 0.0)], [0.999992, -0.00355057, -0.00193913, 0.0)], [0.00192031, -0.0052961, 0.999984, 0.0)], [-0.000404553, 0.000296265, -0.000364921, 1.0)]])
-0.000404553, 0.000296265, -0.000364921
float3(0.00529613, 0.00192034, -1.57435)
517941.462734833
normal
simd_float4x4([[-0.00347199, -0.999981, -0.00514727, 0.0)], [0.999992, -0.00346201, -0.0019457, 0.0)], [0.00192784, -0.00515398, 0.999985, 0.0)], [-0.000425796, 0.000363049, -0.000394207, 1.0)]])
-0.000425796, 0.000363049, -0.000394207
float3(0.00515401, 0.00192787, -1.57426)
517941.579383958
normal
simd_float4x4([[-0.00343241, -0.999981, -0.0050865, 0.0)], [0.999992, -0.00342276, -0.00190528, 0.0)], [0.00188783, -0.005093, 0.999985, 0.0)], [-0.000465274, 0.000472173, -0.000400035, 1.0)]])
-0.000465274, 0.000472173, -0.000400035
float3(0.00509302, 0.00188786, -1.57422)
517941.696033166
normal
simd_float4x4([[-0.00373011, -0.99998, -0.0051081, 0.0)], [0.999991, -0.00372081, -0.00182941, 0.0)], [0.00181036, -0.00511488, 0.999985, 0.0)], [-0.00048084, 0.000602958, -0.000424499, 1.0)]])
-0.00048084, 0.000602958, -0.000424499
float3(0.0051149, 0.00181039, -1.57452)
517941.812682333
normal
simd_float4x4([[-0.00375537, -0.99998, -0.0050615, 0.0)], [0.999992, -0.00374747, -0.00157111, 0.0)], [0.00155211, -0.00506736, 0.999986, 0.0)], [-0.000491622, 0.000525296, -0.000381298, 1.0)]])
-0.000491622, 0.000525296, -0.000381298
float3(0.00506738, 0.00155213, -1.57454)
517941.929331375
normal
simd_float4x4([[-0.00378532, -0.99998, -0.00501664, 0.0)], [0.999992, -0.00377743, -0.00158126, 0.0)], [0.00156228, -0.00502258, 0.999986, 0.0)], [-0.000468387, 0.000564939, -0.000465469, 1.0)]])
-0.000468387, 0.000564939, -0.000465469
float3(0.0050226, 0.0015623, -1.57457)
517942.045980625
normal
simd_float4x4([[-0.00367929, -0.99998, -0.00511435, 0.0)], [0.999992, -0.00367134, -0.00156257, 0.0)], [0.00154376, -0.00512006, 0.999986, 0.0)], [-0.000445339, 0.000385925, -0.000181427, 1.0)]])
-0.000445339, 0.000385925, -0.000181427
float3(0.00512008, 0.00154378, -1.57447)
517942.162629708
normal
simd_float4x4([[-0.00373518, -0.99998, -0.00508416, 0.0)], [0.999992, -0.00372731, -0.00155581, 0.0)], [0.00153683, -0.00508993, 0.999986, 0.0)], [-0.000391515, 0.000390828, -0.000404794, 1.0)]])
-0.000391515, 0.000390828, -0.000404794
float3(0.00508995, 0.00153685, -1.57452)
517942.279279125
normal
simd_float4x4([[-0.00373172, -0.999981, -0.0049859, 0.0)], [0.999992, -0.00372404, -0.00154761, 0.0)], [0.00152901, -0.00499163, 0.999986, 0.0)], [-0.000408447, 0.00048276, -0.000505452, 1.0)]])
-0.000408447, 0.00048276, -0.000505452
float3(0.00499165, 0.00152903, -1.57452)
517942.395928125
normal
simd_float4x4([[-0.00363877, -0.999981, -0.00497669, 0.0)], [0.999992, -0.00363112, -0.00154433, 0.0)], [0.00152623, -0.00498227, 0.999986, 0.0)], [-0.000446919, 0.000587182, -0.000590005, 1.0)]])
-0.000446919, 0.000587182, -0.000590005
float3(0.00498229, 0.00152625, -1.57443)
517942.512577333
normal
simd_float4x4([[-0.00361097, -0.999981, -0.00500548, 0.0)], [0.999992, -0.00360356, -0.00148938, 0.0)], [0.00147132, -0.00501082, 0.999986, 0.0)], [-0.000413924, 0.000310992, -0.000230551, 1.0)]])
-0.000413924, 0.000310992, -0.000230551
float3(0.00501084, 0.00147133, -1.5744)
517942.629226541
normal
simd_float4x4([[-0.00365203, -0.999981, -0.004918, 0.0)], [0.999992, -0.00364452, -0.00153587, 0.0)], [0.00151792, -0.00492357, 0.999987, 0.0)], [-0.000388734, 0.000413753, -0.000459653, 1.0)]])
-0.000388734, 0.000413753, -0.000459653
float3(0.00492359, 0.00151794, -1.57444)
517942.745875541
normal
simd_float4x4([[-0.0035509, -0.999982, -0.0048186, 0.0)], [0.999993, -0.00354357, -0.00152737, 0.0)], [0.00151027, -0.00482399, 0.999987, 0.0)], [-0.000397319, 0.00047648, -0.000513869, 1.0)]])
-0.000397319, 0.00047648, -0.000513869
float3(0.00482401, 0.00151028, -1.57434)
517942.862524916
normal
simd_float4x4([[-0.00352882, -0.999982, -0.00479372, 0.0)], [0.999993, -0.00352169, -0.00149359, 0.0)], [0.00147668, -0.00479895, 0.999987, 0.0)], [-0.000413388, 0.000584319, -0.00060037, 1.0)]])
-0.000413388, 0.000584319, -0.00060037
float3(0.00479897, 0.0014767, -1.57432)
517942.979174125
normal
simd_float4x4([[-0.00348271, -0.999982, -0.0048265, 0.0)], [0.999993, -0.00347569, -0.00146124, 0.0)], [0.00144444, -0.00483156, 0.999987, 0.0)], [-0.000475522, 0.000761893, -0.00071899, 1.0)]])
-0.000475522, 0.000761893, -0.00071899
float3(0.00483157, 0.00144446, -1.57427)
517943.095823375
normal
simd_float4x4([[-0.00346076, -0.999982, -0.0049143, 0.0)], [0.999993, -0.00345268, -0.00165058, 0.0)], [0.00163358, -0.00491998, 0.999987, 0.0)], [-0.000552702, 0.000979193, -0.00080669, 1.0)]])
-0.000552702, 0.000979193, -0.00080669
float3(0.00492, 0.0016336, -1.57425)
517943.212472333
normal
simd_float4x4([[-0.00351233, -0.999982, -0.0048397, 0.0)], [0.999993, -0.00350421, -0.0016846, 0.0)], [0.00166762, -0.00484558, 0.999987, 0.0)], [-0.000553315, 0.000727274, -0.000524801, 1.0)]])
-0.000553315, 0.000727274, -0.000524801
float3(0.0048456, 0.00166764, -1.5743)
517943.32912175
normal
simd_float4x4([[-0.00359984, -0.999981, -0.00493503, 0.0)], [0.999992, -0.0035918, -0.0016377, 0.0)], [0.00161994, -0.00494088, 0.999987, 0.0)], [-0.000555333, 0.000851637, -0.00046877, 1.0)]])
-0.000555333, 0.000851637, -0.00046877
float3(0.0049409, 0.00161996, -1.57439)
517943.445770958
normal
simd_float4x4([[-0.00368517, -0.999981, -0.00502382, 0.0)], [0.999992, -0.00367729, -0.00157626, 0.0)], [0.00155776, -0.00502959, 0.999986, 0.0)], [-0.00032546, 0.000303556, -0.000510756, 1.0)]])
-0.00032546, 0.000303556, -0.000510756
float3(0.00502961, 0.00155778, -1.57447)
517943.562420291
normal
simd_float4x4([[-0.00354893, -0.999982, -0.00489979, 0.0)], [0.999993, -0.00354186, -0.00145086, 0.0)], [0.00143348, -0.0049049, 0.999987, 0.0)], [-0.000463724, 0.000603266, -0.000447096, 1.0)]])
-0.000463724, 0.000603266, -0.000447096
float3(0.00490492, 0.0014335, -1.57434)
517943.679069458
normal
simd_float4x4([[-0.00358313, -0.999982, -0.00488519, 0.0)], [0.999992, -0.00357549, -0.00157122, 0.0)], [0.00155373, -0.00489078, 0.999987, 0.0)], [-0.000567304, 0.000723337, -0.000499266, 1.0)]])
-0.000567304, 0.000723337, -0.000499266
float3(0.0048908, 0.00155375, -1.57437)
517943.795718708
normal
simd_float4x4([[-0.00367972, -0.999981, -0.00486079, 0.0)], [0.999992, -0.00367136, -0.00172751, 0.0)], [0.00170964, -0.00486711, 0.999987, 0.0)], [-0.000418323, 0.000595425, -0.000651929, 1.0)]])
-0.000418323, 0.000595425, -0.000651929
float3(0.00486713, 0.00170966, -1.57447)
517943.912367916
normal
simd_float4x4([[-0.00378212, -0.99998, -0.00499395, 0.0)], [0.999991, -0.00377205, -0.00202388, 0.0)], [0.002005, -0.00500155, 0.999986, 0.0)], [-0.000387303, 0.00051779, -0.000478572, 1.0)]])
-0.000387303, 0.00051779, -0.000478572
float3(0.00500158, 0.00200502, -1.57457)
517944.029017041
normal
simd_float4x4([[-0.00364061, -0.999981, -0.00487827, 0.0)], [0.999991, -0.00362974, -0.00223503, 0.0)], [0.00221728, -0.00488636, 0.999986, 0.0)], [-0.000381819, 0.000568581, -0.000466319, 1.0)]])
-0.000381819, 0.000568581, -0.000466319
float3(0.00488638, 0.00221731, -1.57443)
517944.145666458
normal
simd_float4x4([[-0.00360372, -0.999982, -0.00485229, 0.0)], [0.999991, -0.0035928, -0.0022583, 0.0)], [0.00224082, -0.00486038, 0.999986, 0.0)], [-0.000401407, 0.000647321, -0.000452412, 1.0)]])
-0.000401407, 0.000647321, -0.000452412
float3(0.0048604, 0.00224085, -1.57439)
517944.262315791
normal
simd_float4x4([[-0.00365211, -0.999982, -0.00476758, 0.0)], [0.999991, -0.00364103, -0.00232963, 0.0)], [0.00231223, -0.00477604, 0.999986, 0.0)], [-0.000430775, 0.000745066, -0.00049978, 1.0)]])
-0.000430775, 0.000745066, -0.00049978
float3(0.00477606, 0.00231226, -1.57444)
517944.378965041
normal
simd_float4x4([[-0.00372817, -0.999982, -0.00468774, 0.0)], [0.99999, -0.00371689, -0.00241109, 0.0)], [0.00239363, -0.00469668, 0.999986, 0.0)], [-0.000342138, 0.000633523, -0.000592096, 1.0)]])
-0.000342138, 0.000633523, -0.000592096
float3(0.0046967, 0.00239366, -1.57451)
517944.49561425
normal
simd_float4x4([[-0.00368444, -0.999982, -0.00469001, 0.0)], [0.999991, -0.00367369, -0.00229948, 0.0)], [0.00228221, -0.00469844, 0.999986, 0.0)], [-0.000360016, 0.000649601, -0.000537843, 1.0)]])
-0.000360016, 0.000649601, -0.000537843
float3(0.00469845, 0.00228224, -1.57447)
517944.612263666
normal
simd_float4x4([[-0.00361897, -0.999982, -0.00471237, 0.0)], [0.999991, -0.003609, -0.00212311, 0.0)], [0.00210607, -0.00472001, 0.999987, 0.0)], [-0.000394395, 0.000717759, -0.000460724, 1.0)]])
-0.000394395, 0.000717759, -0.000460724
float3(0.00472003, 0.00210609, -1.57441)
517944.728912958
normal
simd_float4x4([[-0.00372579, -0.999982, -0.00464051, 0.0)], [0.999991, -0.00371582, -0.00215357, 0.0)], [0.00213629, -0.0046485, 0.999987, 0.0)], [-0.000363092, 0.00072477, -0.000496132, 1.0)]])
-0.000363092, 0.00072477, -0.000496132
float3(0.00464851, 0.00213631, -1.57451)
517944.845562083
normal
simd_float4x4([[-0.00378626, -0.999982, -0.00457934, 0.0)], [0.999991, -0.00377752, -0.00191628, 0.0)], [0.00189895, -0.00458655, 0.999988, 0.0)], [-0.000371227, 0.00070705, -0.000527951, 1.0)]])
-0.000371227, 0.00070705, -0.000527951
float3(0.00458657, 0.00189897, -1.57457)
517944.9622115
normal
simd_float4x4([[-0.00367771, -0.999983, -0.0044559, 0.0)], [0.999992, -0.00366979, -0.00178398, 0.0)], [0.0017676, -0.00446242, 0.999989, 0.0)], [-0.000374032, 0.000735343, -0.000472047, 1.0)]])
-0.000374032, 0.000735343, -0.000472047
float3(0.00446244, 0.00176762, -1.57447)
517945.078860833
normal
simd_float4x4([[-0.00363723, -0.999983, -0.00449224, 0.0)], [0.999992, -0.00362935, -0.00175978, 0.0)], [0.00174345, -0.0044986, 0.999988, 0.0)], [-0.000398407, 0.000676125, -0.000467377, 1.0)]])
-0.000398407, 0.000676125, -0.000467377
float3(0.00449862, 0.00174347, -1.57443)
517945.195510208
normal
simd_float4x4([[-0.00366871, -0.999983, -0.00445752, 0.0)], [0.999992, -0.00366134, -0.00166107, 0.0)], [0.00164472, -0.00446358, 0.999989, 0.0)], [-0.000370026, 0.000659302, -0.000463782, 1.0)]])
-0.000370026, 0.000659302, -0.000463782
float3(0.00446359, 0.00164474, -1.57446)
517945.312159375
normal
simd_float4x4([[-0.00369305, -0.999983, -0.00447423, 0.0)], [0.999992, -0.00368557, -0.00167842, 0.0)], [0.00166191, -0.00448039, 0.999989, 0.0)], [-0.000398131, 0.000678442, -0.000461096, 1.0)]])
-0.000398131, 0.000678442, -0.000461096
float3(0.0044804, 0.00166192, -1.57448)
517945.42880875
normal
simd_float4x4([[-0.00366441, -0.999983, -0.00443524, 0.0)], [0.999992, -0.00365701, -0.00167555, 0.0)], [0.0016593, -0.00444134, 0.999989, 0.0)], [-0.000415634, 0.000788525, -0.000453963, 1.0)]])
-0.000415634, 0.000788525, -0.000453963
float3(0.00444136, 0.00165932, -1.57445)
517945.545458166
normal
simd_float4x4([[-0.00366739, -0.999983, -0.00445552, 0.0)], [0.999992, -0.00365915, -0.00185595, 0.0)], [0.00183961, -0.00446228, 0.999988, 0.0)], [-0.000404202, 0.000947937, -0.000519363, 1.0)]])
-0.000404202, 0.000947937, -0.000519363
float3(0.0044623, 0.00183963, -1.57446)
517945.662107583
normal
simd_float4x4([[-0.00389044, -0.999983, -0.00442435, 0.0)], [0.999991, -0.00388241, -0.00182148, 0.0)], [0.00180428, -0.0044314, 0.999989, 0.0)], [-0.000409766, 0.00069768, -0.000422122, 1.0)]])
-0.000409766, 0.00069768, -0.000422122
float3(0.00443141, 0.00180429, -1.57468)
517945.778756833
normal
simd_float4x4([[-0.00383122, -0.999983, -0.00439132, 0.0)], [0.999991, -0.00382244, -0.00200514, 0.0)], [0.00198832, -0.00439896, 0.999988, 0.0)], [-0.000407146, 0.000740498, -0.000428364, 1.0)]])
-0.000407146, 0.000740498, -0.000428364
float3(0.00439897, 0.00198834, -1.57462)
517945.895406166
normal
simd_float4x4([[-0.00404206, -0.999982, -0.00448168, 0.0)], [0.999988, -0.00403026, -0.00263867, 0.0)], [0.00262056, -0.00449229, 0.999986, 0.0)], [-0.000267672, 0.000820562, -8.89649e-05, 1.0)]])
-0.000267672, 0.000820562, -8.89649e-05
float3(0.00449231, 0.00262059, -1.57483)
517946.012055583
normal
simd_float4x4([[-0.00418822, -0.999981, -0.00445125, 0.0)], [0.999989, -0.0041784, -0.0022133, 0.0)], [0.00219466, -0.00446047, 0.999988, 0.0)], [-0.000661376, 0.00109837, -0.000260819, 1.0)]])
-0.000661376, 0.00109837, -0.000260819
float3(0.00446049, 0.00219468, -1.57497)
517946.128704916
normal
simd_float4x4([[-0.0033852, -0.999985, -0.00434484, 0.0)], [0.999991, -0.00337354, -0.00268887, 0.0)], [0.00267417, -0.0043539, 0.999987, 0.0)], [-0.000831188, 0.000870168, -0.000433404, 1.0)]])
-0.000831188, 0.000870168, -0.000433404
float3(0.00435391, 0.0026742, -1.57417)
517946.24535425
normal
simd_float4x4([[-0.0048701, -0.999982, -0.00338066, 0.0)], [0.999987, -0.00486498, -0.00152011, 0.0)], [0.00150363, -0.00338802, 0.999993, 0.0)], [0.000130193, 0.00110022, -0.000700714, 1.0)]])
0.000130193, 0.00110022, -0.000700714
float3(0.00338803, 0.00150364, -1.57566)
517946.362003583
normal
simd_float4x4([[-0.00375179, -0.999982, -0.0047651, 0.0)], [0.999991, -0.00374151, -0.00216341, 0.0)], [0.00214554, -0.00477317, 0.999986, 0.0)], [-0.00044506, 0.00229063, 0.00147732, 1.0)]])
-0.00044506, 0.00229063, 0.00147732
float3(0.00477319, 0.00214557, -1.57454)
517946.478653083
normal
simd_float4x4([[0.00352267, -0.999994, 0.00031922, 0.0)], [0.999991, 0.00352349, 0.00259287, 0.0)], [-0.00259398, 0.000310083, 0.999997, 0.0)], [-0.00317169, 0.00432296, 0.00545657, 1.0)]])
-0.00317169, 0.00432296, 0.00545657
float3(-0.000310083, -0.00259398, -1.56727)
517946.595302291
normal
simd_float4x4([[0.0182489, -0.999825, 0.00413049, 0.0)], [0.999783, 0.0182065, -0.0100863, 0.0)], [0.0100093, 0.00431366, 0.999941, 0.0)], [-0.00796849, 0.00632277, 0.00938412, 1.0)]])
-0.00796849, 0.00632277, 0.00938412
float3(-0.00431368, 0.0100096, -1.55259)
517946.71195175
normal
simd_float4x4([[0.0257601, -0.999619, 0.00987492, 0.0)], [0.99958, 0.0256253, -0.0135422, 0.0)], [0.013284, 0.0102196, 0.99986, 0.0)], [-0.00811348, 0.0133106, 0.0149833, 1.0)]])
-0.00811348, 0.0133106, 0.0149833
float3(-0.0102198, 0.013285, -1.54517)
517946.828601208
normal
simd_float4x4([[0.0127904, -0.999856, 0.011147, 0.0)], [0.999528, 0.0124731, -0.0280841, 0.0)], [0.027941, 0.0115009, 0.999544, 0.0)], [-0.00434859, 0.0207026, 0.0287873, 1.0)]])
-0.00434859, 0.0207026, 0.0287873
float3(-0.0115011, 0.0279465, -1.55832)
517946.945250708
normal
simd_float4x4([[-0.00676476, -0.999935, 0.00923168, 0.0)], [0.99952, -0.00704036, -0.0301545, 0.0)], [0.0302175, 0.00902326, 0.999503, 0.0)], [0.00035179, 0.0290636, 0.0489426, 1.0)]])
0.00035179, 0.0290636, 0.0489426
float3(-0.00902338, 0.0302234, -1.57784)
517947.061899916
normal
simd_float4x4([[-0.017537, -0.999821, 0.00708419, 0.0)], [0.999668, -0.0176672, -0.0187591, 0.0)], [0.0188809, 0.00675285, 0.999799, 0.0)], [0.00188659, 0.0380773, 0.0701752, 1.0)]])
0.00188659, 0.0380773, 0.0701752
float3(-0.00675291, 0.0188825, -1.58846)
517947.178549541
normal
simd_float4x4([[-0.016995, -0.999843, 0.0049589, 0.0)], [0.999854, -0.0170034, -0.0016432, 0.0)], [0.00172726, 0.00493025, 0.999986, 0.0)], [0.0030714, 0.0462793, 0.0950741, 1.0)]])
0.0030714, 0.0462793, 0.0950741
float3(-0.00493027, 0.00172728, -1.5878)
517947.295198833
normal
simd_float4x4([[-0.0131332, -0.999907, -0.00363561, 0.0)], [0.999879, -0.0131632, 0.008345, 0.0)], [-0.00839208, -0.00352557, 0.999959, 0.0)], [0.00246923, 0.0570849, 0.127972, 1.0)]])
0.00246923, 0.0570849, 0.127972
float3(0.00352558, -0.00839223, -1.58396)
517947.411848208
normal
simd_float4x4([[-0.0117295, -0.999734, -0.0198362, 0.0)], [0.999873, -0.0119415, 0.0106032, 0.0)], [-0.0108373, -0.0197093, 0.999747, 0.0)], [0.00199232, 0.0659878, 0.169813, 1.0)]])
0.00199232, 0.0659878, 0.169813
float3(0.0197106, -0.0108396, -1.58274)
517947.528497708
normal
simd_float4x4([[-0.0164374, -0.999225, -0.035771, 0.0)], [0.999553, -0.0173152, 0.0243702, 0.0)], [-0.0249707, -0.0353544, 0.999063, 0.0)], [0.0033085, 0.0758784, 0.215741, 1.0)]])
0.0033085, 0.0758784, 0.215741
float3(0.0353618, -0.0249889, -1.58812)
517947.645147083
normal
simd_float4x4([[-0.0215525, -0.998901, -0.0416129, 0.0)], [0.998874, -0.0232743, 0.0413451, 0.0)], [-0.0422681, -0.0406749, 0.998278, 0.0)], [0.00326741, 0.0840567, 0.257094, 1.0)]])
0.00326741, 0.0840567, 0.257094
float3(0.0406862, -0.0423158, -1.59409)
517947.761796708
normal
simd_float4x4([[-0.0222507, -0.999007, -0.0386016, 0.0)], [0.998792, -0.0239044, 0.0429229, 0.0)], [-0.043803, -0.0375999, 0.998333, 0.0)], [0.0049112, 0.0889727, 0.293352, 1.0)]])
0.0049112, 0.0889727, 0.293352
float3(0.0376088, -0.043848, -1.59472)
517947.878446041
normal
simd_float4x4([[-0.0140416, -0.999351, -0.0331663, 0.0)], [0.999186, -0.0152783, 0.0373328, 0.0)], [-0.0378153, -0.0326151, 0.998752, 0.0)], [0.00569027, 0.0915593, 0.329301, 1.0)]])
0.00569027, 0.0915593, 0.329301
float3(0.0326209, -0.0378445, -1.58608)
517947.995095458
normal
