ARKit Data
256204.724557916
normal
simd_float4x4([[0.112778, -0.989935, 0.0855001, 0.0)], [0.714243, 0.0209471, -0.699584, 0.0)], [0.690752, 0.139966, 0.709416, 0.0)], [-1.72176, 0.680434, 3.64036, 1.0)]])
-1.72176, 0.680434, 3.64036
float3(-0.140427, 0.772069, -1.54964)
256205.046460541
notAvailable
simd_float4x4([[1.0, 0.0, 0.0, 0.0)], [0.0, 1.0, 0.0, 0.0)], [0.0, 0.0, 1.0, 0.0)], [0.0, 0.0, 0.0, 1.0)]])
0.0, 0.0, 0.0
float3(-0.0, 0.0, 0.0)
256205.163133708
notAvailable
simd_float4x4([[1.0, 0.0, 0.0, 0.0)], [0.0, 1.0, 0.0, 0.0)], [0.0, 0.0, 1.0, 0.0)], [0.0, 0.0, 0.0, 1.0)]])
0.0, 0.0, 0.0
float3(-0.0, 0.0, 0.0)
256205.263186208
limited(__ObjC.ARCamera.TrackingState.Reason.initializing)
simd_float4x4([[0.0151563, -0.984593, 0.174204, 0.0)], [0.999884, 0.0146814, -0.00401426, 0.0)], [0.00139486, 0.174244, 0.984701, 0.0)], [0.0, 0.0, 0.0, 1.0)]])
0.0, 0.0, 0.0
float3(-0.175138, 0.00141653, -1.55589)
256205.363239083
limited(__ObjC.ARCamera.TrackingState.Reason.initializing)
simd_float4x4([[0.0154559, -0.985104, 0.171266, 0.0)], [0.999879, 0.0149177, -0.0044292, 0.0)], [0.00180833, 0.171314, 0.985215, 0.0)], [0.0, 0.0, 0.0, 1.0)]])
0.0, 0.0, 0.0
float3(-0.172163, 0.00183546, -1.55565)
256205.463291625
limited(__ObjC.ARCamera.TrackingState.Reason.initializing)
simd_float4x4([[0.0169131, -0.98512, 0.17103, 0.0)], [0.999856, 0.0168433, -0.00185897, 0.0)], [-0.0010494, 0.171037, 0.985263, 0.0)], [0.0, 0.0, 0.0, 1.0)]])
0.0, 0.0, 0.0
float3(-0.171882, -0.00106509, -1.5537)
256205.563344416
limited(__ObjC.ARCamera.TrackingState.Reason.initializing)
simd_float4x4([[0.0177449, -0.98504, 0.171396, 0.0)], [0.999759, 0.0197023, 0.00972614, 0.0)], [-0.0129575, 0.171182, 0.985152, 0.0)], [0.0, 0.0, 0.0, 1.0)]])
0.0, 0.0, 0.0
float3(-0.172029, -0.013152, -1.5508)
256205.663396916
limited(__ObjC.ARCamera.TrackingState.Reason.initializing)
simd_float4x4([[0.0182701, -0.984565, 0.174046, 0.0)], [0.999275, 0.0237987, 0.0297318, 0.0)], [-0.033415, 0.173377, 0.984286, 0.0)], [0.0, 0.0, 0.0, 1.0)]])
0.0, 0.0, 0.0
float3(-0.174258, -0.0339355, -1.54663)
256205.7634495
limited(__ObjC.ARCamera.TrackingState.Reason.initializing)
simd_float4x4([[0.0143789, -0.984515, 0.174693, 0.0)], [0.997633, 0.0258762, 0.063717, 0.0)], [-0.0672509, 0.173363, 0.982556, 0.0)], [0.0, 0.0, 0.0, 1.0)]])
0.0, 0.0, 0.0
float3(-0.174243, -0.0683383, -1.54452)
256205.86350225
limited(__ObjC.ARCamera.TrackingState.Reason.initializing)
simd_float4x4([[0.00904276, -0.984646, 0.174314, 0.0)], [0.994273, 0.0274168, 0.103292, 0.0)], [-0.106485, 0.172382, 0.979255, 0.0)], [0.0, 0.0, 0.0, 1.0)]])
0.0, 0.0, 0.0
float3(-0.173247, -0.108316, -1.54296)
256205.963555
limited(__ObjC.ARCamera.TrackingState.Reason.initializing)
simd_float4x4([[0.00166315, -0.985264, 0.171021, 0.0)], [0.988853, 0.0270822, 0.146409, 0.0)], [-0.148883, 0.168871, 0.974327, 0.0)], [0.0, 0.0, 0.0, 1.0)]])
0.0, 0.0, 0.0
float3(-0.169684, -0.151633, -1.54332)
256206.063607708
limited(__ObjC.ARCamera.TrackingState.Reason.initializing)
simd_float4x4([[-0.00696679, -0.985989, 0.166654, 0.0)], [0.982173, 0.0245602, 0.186369, 0.0)], [-0.187851, 0.164981, 0.968241, 0.0)], [0.0, 0.0, 0.0, 1.0)]])
0.0, 0.0, 0.0
float3(-0.165739, -0.191632, -1.54589)
256206.163660333
limited(__ObjC.ARCamera.TrackingState.Reason.initializing)
simd_float4x4([[-0.0150406, -0.986613, 0.16238, 0.0)], [0.974284, 0.0220533, 0.22424, 0.0)], [-0.224819, 0.161577, 0.96091, 0.0)], [0.0, 0.0, 0.0, 1.0)]])
0.0, 0.0, 0.0
float3(-0.162289, -0.229831, -1.54845)
256206.263712791
limited(__ObjC.ARCamera.TrackingState.Reason.initializing)
simd_float4x4([[-0.0215004, -0.987253, 0.15769, 0.0)], [0.966043, 0.0201065, 0.257599, 0.0)], [-0.257486, 0.157874, 0.953296, 0.0)], [0.0, 0.0, 0.0, 1.0)]])
0.0, 0.0, 0.0
float3(-0.158537, -0.263806, -1.55043)
256206.363765583
limited(__ObjC.ARCamera.TrackingState.Reason.initializing)
simd_float4x4([[-0.0291675, -0.987815, 0.152863, 0.0)], [0.95746, 0.0163121, 0.288104, 0.0)], [-0.287088, 0.154764, 0.945318, 0.0)], [0.0, 0.0, 0.0, 1.0)]])
0.0, 0.0, 0.0
float3(-0.155388, -0.294843, -1.55428)
256206.463818208
limited(__ObjC.ARCamera.TrackingState.Reason.initializing)
simd_float4x4([[-0.0341731, -0.988173, 0.149473, 0.0)], [0.948548, 0.015037, 0.316276, 0.0)], [-0.314783, 0.15259, 0.936816, 0.0)], [0.0, 0.0, 0.0, 1.0)]])
0.0, 0.0, 0.0
float3(-0.153189, -0.324161, -1.55558)
256206.563870916
limited(__ObjC.ARCamera.TrackingState.Reason.initializing)
simd_float4x4([[-0.0395003, -0.988622, 0.145133, 0.0)], [0.9378, 0.0134578, 0.346914, 0.0)], [-0.34492, 0.149809, 0.926598, 0.0)], [0.0, 0.0, 0.0, 1.0)]])
0.0, 0.0, 0.0
float3(-0.150375, -0.356352, -1.55718)
256206.663923541
limited(__ObjC.ARCamera.TrackingState.Reason.initializing)
simd_float4x4([[-0.0450258, -0.988929, 0.141384, 0.0)], [0.926103, 0.011745, 0.377088, 0.0)], [-0.374574, 0.147914, 0.915321, 0.0)], [0.0, 0.0, 0.0, 1.0)]])
0.0, 0.0, 0.0
float3(-0.148459, -0.388435, -1.55892)
256206.763976291
limited(__ObjC.ARCamera.TrackingState.Reason.initializing)
simd_float4x4([[-0.0488039, -0.989528, 0.135827, 0.0)], [0.914083, 0.0105622, 0.40539, 0.0)], [-0.40258, 0.143942, 0.903995, 0.0)], [0.0, 0.0, 0.0, 1.0)]])
0.0, 0.0, 0.0
float3(-0.144444, -0.418967, -1.56012)
256206.864028958
limited(__ObjC.ARCamera.TrackingState.Reason.initializing)
simd_float4x4([[-0.0523935, -0.990128, 0.129994, 0.0)], [0.902012, 0.00893538, 0.431617, 0.0)], [-0.428519, 0.13987, 0.892639, 0.0)], [0.0, 0.0, 0.0, 1.0)]])
0.0, 0.0, 0.0
float3(-0.14033, -0.447567, -1.56177)
256206.964081458
limited(__ObjC.ARCamera.TrackingState.Reason.initializing)
simd_float4x4([[-0.0551155, -0.990689, 0.124473, 0.0)], [0.891127, 0.00742574, 0.453692, 0.0)], [-0.450393, 0.135927, 0.882421, 0.0)], [0.0, 0.0, 0.0, 1.0)]])
0.0, 0.0, 0.0
float3(-0.136349, -0.471938, -1.5633)
256207.064134208
limited(__ObjC.ARCamera.TrackingState.Reason.initializing)
simd_float4x4([[-0.0576976, -0.991006, 0.120727, 0.0)], [0.880902, 0.00636521, 0.473256, 0.0)], [-0.469769, 0.133654, 0.872612, 0.0)], [0.0, 0.0, 0.0, 1.0)]])
0.0, 0.0, 0.0
float3(-0.134055, -0.493854, -1.56437)
256207.164186875
limited(__ObjC.ARCamera.TrackingState.Reason.initializing)
simd_float4x4([[-0.0610015, -0.991318, 0.116471, 0.0)], [0.870493, 0.00425783, 0.492163, 0.0)], [-0.488386, 0.13141, 0.862675, 0.0)], [0.0, 0.0, 0.0, 1.0)]])
0.0, 0.0, 0.0
float3(-0.131791, -0.515143, -1.5665)
256207.2642395
limited(__ObjC.ARCamera.TrackingState.Reason.initializing)
simd_float4x4([[-0.0622563, -0.991495, 0.114285, 0.0)], [0.861823, 0.0043475, 0.50719, 0.0)], [-0.503373, 0.13007, 0.854223, 0.0)], [0.0, 0.0, 0.0, 1.0)]])
0.0, 0.0, 0.0
float3(-0.130439, -0.532497, -1.56641)
256207.364292208
limited(__ObjC.ARCamera.TrackingState.Reason.initializing)
simd_float4x4([[-0.0629156, -0.991704, 0.112086, 0.0)], [0.853004, 0.00486857, 0.521882, 0.0)], [-0.518099, 0.128444, 0.845621, 0.0)], [0.0, 0.0, 0.0, 1.0)]])
0.0, 0.0, 0.0
float3(-0.1288, -0.549694, -1.56589)
256207.464344791
limited(__ObjC.ARCamera.TrackingState.Reason.initializing)
simd_float4x4([[-0.0658613, -0.991943, 0.108212, 0.0)], [0.844673, 0.00231063, 0.535278, 0.0)], [-0.531216, 0.126658, 0.837715, 0.0)], [0.0, 0.0, 0.0, 1.0)]])
0.0, 0.0, 0.0
float3(-0.126999, -0.565134, -1.56847)
256207.564386375
limited(__ObjC.ARCamera.TrackingState.Reason.initializing)
simd_float4x4([[-0.0689828, -0.991871, 0.106921, 0.0)], [0.837522, 0.000652164, 0.546403, 0.0)], [-0.542031, 0.127241, 0.830669, 0.0)], [0.0, 0.0, 0.0, 1.0)]])
0.0, 0.0, 0.0
float3(-0.127587, -0.578148, -1.57014)
256207.681037
limited(__ObjC.ARCamera.TrackingState.Reason.initializing)
simd_float4x4([[-0.0710403, -0.991877, 0.105497, 0.0)], [0.832087, -0.000603944, 0.554645, 0.0)], [-0.550077, 0.127185, 0.82537, 0.0)], [0.0, 0.0, 0.0, 1.0)]])
0.0, 0.0, 0.0
float3(-0.127531, -0.58786, -1.57141)
256207.797687666
limited(__ObjC.ARCamera.TrackingState.Reason.initializing)
simd_float4x4([[-0.0710109, -0.991994, 0.104425, 0.0)], [0.830225, -0.000752062, 0.557428, 0.0)], [-0.552887, 0.12628, 0.823631, 0.0)], [0.0, 0.0, 0.0, 1.0)]])
0.0, 0.0, 0.0
float3(-0.126618, -0.59119, -1.57155)
256207.9143385
limited(__ObjC.ARCamera.TrackingState.Reason.initializing)
simd_float4x4([[-0.0710477, -0.992147, 0.102934, 0.0)], [0.83054, -0.001692, 0.556957, 0.0)], [-0.552409, 0.125061, 0.824137, 0.0)], [0.0, 0.0, 0.0, 1.0)]])
0.0, 0.0, 0.0
float3(-0.125389, -0.590505, -1.5725)
256208.030989375
limited(__ObjC.ARCamera.TrackingState.Reason.initializing)
simd_float4x4([[-0.0700598, -0.992119, 0.103877, 0.0)], [0.832362, -0.000749111, 0.554231, 0.0)], [-0.549786, 0.125293, 0.825855, 0.0)], [0.0, 0.0, 0.0, 1.0)]])
0.0, 0.0, 0.0
float3(-0.125623, -0.587345, -1.57155)
256208.147639833
limited(__ObjC.ARCamera.TrackingState.Reason.initializing)
simd_float4x4([[-0.0688725, -0.992299, 0.102955, 0.0)], [0.835459, -0.000968695, 0.549552, 0.0)], [-0.54522, 0.123863, 0.829091, 0.0)], [0.0, 0.0, 0.0, 1.0)]])
0.0, 0.0, 0.0
float3(-0.124182, -0.581708, -1.57177)
256208.264290583
limited(__ObjC.ARCamera.TrackingState.Reason.initializing)
simd_float4x4([[-0.067926, -0.992394, 0.102664, 0.0)], [0.838887, -0.0011102, 0.544305, 0.0)], [-0.540051, 0.123096, 0.832582, 0.0)], [0.0, 0.0, 0.0, 1.0)]])
0.0, 0.0, 0.0
float3(-0.123409, -0.575423, -1.57192)
256208.380941458
limited(__ObjC.ARCamera.TrackingState.Reason.initializing)
simd_float4x4([[-0.06697, -0.992261, 0.104555, 0.0)], [0.843902, -0.000426531, 0.536497, 0.0)], [-0.532301, 0.124163, 0.837399, 0.0)], [0.0, 0.0, 0.0, 1.0)]])
0.0, 0.0, 0.0
float3(-0.124485, -0.566228, -1.57123)
256208.497592041
limited(__ObjC.ARCamera.TrackingState.Reason.initializing)
simd_float4x4([[-0.0660861, -0.992121, 0.106411, 0.0)], [0.850846, -0.000323027, 0.525415, 0.0)], [-0.521242, 0.125262, 0.844163, 0.0)], [0.0, 0.0, 0.0, 1.0)]])
0.0, 0.0, 0.0
float3(-0.125592, -0.553163, -1.57112)
256208.614242583
limited(__ObjC.ARCamera.TrackingState.Reason.initializing)
simd_float4x4([[-0.0658023, -0.992423, 0.103731, 0.0)], [0.859453, -0.00355527, 0.511201, 0.0)], [-0.50696, 0.122791, 0.853175, 0.0)], [0.0, 0.0, 0.0, 1.0)]])
0.0, 0.0, 0.0
float3(-0.123101, -0.536147, -1.57438)
256208.730893416
limited(__ObjC.ARCamera.TrackingState.Reason.initializing)
simd_float4x4([[-0.0647794, -0.992776, 0.100969, 0.0)], [0.872156, -0.00715891, 0.489175, 0.0)], [-0.484919, 0.11975, 0.866319, 0.0)], [0.0, 0.0, 0.0, 1.0)]])
0.0, 0.0, 0.0
float3(-0.120038, -0.510296, -1.57801)
256208.847544208
limited(__ObjC.ARCamera.TrackingState.Reason.initializing)
simd_float4x4([[-0.0639834, -0.993174, 0.0975014, 0.0)], [0.883426, -0.0109266, 0.468442, 0.0)], [-0.46418, 0.116108, 0.878095, 0.0)], [0.0, 0.0, 0.0, 1.0)]])
0.0, 0.0, 0.0
float3(-0.116371, -0.486282, -1.5818)
256208.964194791
normal
simd_float4x4([[-0.0552483, -0.994973, 0.0835212, 0.0)], [0.894916, -0.0122481, 0.446067, 0.0)], [-0.442802, 0.0993888, 0.891094, 0.0)], [-0.000885992, -0.000404309, -0.0024131, 1.0)]])
-0.000885992, -0.000404309, -0.0024131
float3(-0.0995532, -0.46118, -1.58311)
256209.080845541
normal
simd_float4x4([[-0.0558436, -0.994821, 0.0849309, 0.0)], [0.90424, -0.0143232, 0.426783, 0.0)], [-0.423356, 0.100631, 0.900357, 0.0)], [-0.00132721, -0.00115297, -0.00665137, 1.0)]])
-0.00132721, -0.00115297, -0.00665137
float3(-0.100802, -0.439532, -1.58519)
256209.197496375
normal
simd_float4x4([[-0.0558163, -0.994773, 0.0855071, 0.0)], [0.911388, -0.0157884, 0.411245, 0.0)], [-0.407746, 0.100884, 0.907505, 0.0)], [-0.00237673, -0.00121017, -0.0106159, 1.0)]])
-0.00237673, -0.00121017, -0.0106159
float3(-0.101056, -0.422275, -1.58667)
256209.297549
normal
simd_float4x4([[-0.0535747, -0.994912, 0.0853259, 0.0)], [0.916647, -0.0151058, 0.399412, 0.0)], [-0.396091, 0.0996121, 0.912792, 0.0)], [-0.00356695, -0.00108578, -0.0124807, 1.0)]])
-0.00356695, -0.00108578, -0.0124807
float3(-0.0997776, -0.409413, -1.58598)
256209.397601583
normal
simd_float4x4([[-0.0530025, -0.994857, 0.0863139, 0.0)], [0.921241, -0.0153578, 0.388689, 0.0)], [-0.385365, 0.100117, 0.917317, 0.0)], [-0.00642938, -0.00139277, -0.0151014, 1.0)]])
-0.00642938, -0.00139277, -0.0151014
float3(-0.100285, -0.397713, -1.58623)
256209.497654208
normal
simd_float4x4([[-0.0515885, -0.994861, 0.0871261, 0.0)], [0.923663, -0.0143605, 0.382936, 0.0)], [-0.379716, 0.10023, 0.919657, 0.0)], [-0.0114199, -0.00155687, -0.0186787, 1.0)]])
-0.0114199, -0.00155687, -0.0186787
float3(-0.100399, -0.391568, -1.58523)
256209.597706833
normal
simd_float4x4([[-0.0504773, -0.994661, 0.0900063, 0.0)], [0.922627, -0.0119373, 0.385508, 0.0)], [-0.382375, 0.102502, 0.918304, 0.0)], [-0.0188495, -0.0026786, -0.022478, 1.0)]])
-0.0188495, -0.0026786, -0.022478
float3(-0.102682, -0.394558, -1.5828)
256209.697759625
normal
simd_float4x4([[-0.0523479, -0.993933, 0.0967298, 0.0)], [0.920412, -0.0104421, 0.390809, 0.0)], [-0.387428, 0.109489, 0.915375, 0.0)], [-0.0287773, -0.00378295, -0.025863, 1.0)]])
-0.0287773, -0.00378295, -0.025863
float3(-0.109709, -0.400384, -1.5813)
256209.797812291
normal
simd_float4x4([[-0.0593249, -0.993486, 0.0972969, 0.0)], [0.919289, -0.0163821, 0.393243, 0.0)], [-0.389087, 0.112773, 0.914272, 0.0)], [-0.0400278, -0.004157, -0.0330779, 1.0)]])
-0.0400278, -0.004157, -0.0330779
float3(-0.113013, -0.402354, -1.58728)
256209.897865
normal
simd_float4x4([[-0.0675313, -0.993079, 0.0960954, 0.0)], [0.91795, -0.0241071, 0.395963, 0.0)], [-0.390905, 0.114951, 0.913225, 0.0)], [-0.0551406, -0.0047813, -0.0410731, 1.0)]])
-0.0551406, -0.0047813, -0.0410731
float3(-0.115205, -0.404451, -1.59507)
256209.997917708
normal
simd_float4x4([[-0.0755072, -0.992582, 0.0952835, 0.0)], [0.91679, -0.0315235, 0.398124, 0.0)], [-0.392167, 0.117416, 0.91237, 0.0)], [-0.0701035, -0.00657221, -0.0478775, 1.0)]])
-0.0701035, -0.00657221, -0.0478775
float3(-0.117688, -0.405957, -1.60254)
256210.097970416
normal
simd_float4x4([[-0.0825001, -0.991658, 0.0990333, 0.0)], [0.915791, -0.0362401, 0.400017, 0.0)], [-0.393092, 0.123695, 0.911141, 0.0)], [-0.081288, -0.00848947, -0.0573957, 1.0)]])
-0.081288, -0.00848947, -0.0573957
float3(-0.124013, -0.407302, -1.60732)
256210.198023041
normal
simd_float4x4([[-0.0859682, -0.991327, 0.0993963, 0.0)], [0.911842, -0.0380896, 0.40877, 0.0)], [-0.401439, 0.125775, 0.907209, 0.0)], [-0.0914888, -0.0106075, -0.068235, 1.0)]])
-0.0914888, -0.0106075, -0.068235
float3(-0.126109, -0.416598, -1.6092)
256210.298075541
normal
simd_float4x4([[-0.0824248, -0.990119, 0.113448, 0.0)], [0.907688, -0.0275836, 0.418739, 0.0)], [-0.411472, 0.13749, 0.900992, 0.0)], [-0.100137, -0.0112529, -0.0847365, 1.0)]])
-0.100137, -0.0112529, -0.0847365
float3(-0.137927, -0.428401, -1.59865)
256210.398128458
normal
simd_float4x4([[-0.0812986, -0.989795, 0.117029, 0.0)], [0.902913, -0.0234175, 0.429184, 0.0)], [-0.422064, 0.14056, 0.895603, 0.0)], [-0.10185, -0.0121915, -0.101979, 1.0)]])
-0.10185, -0.0121915, -0.101979
float3(-0.141027, -0.440394, -1.59445)
256210.498181041
normal
simd_float4x4([[-0.0769885, -0.989117, 0.125384, 0.0)], [0.89675, -0.0137284, 0.442325, 0.0)], [-0.435789, 0.146492, 0.888047, 0.0)], [-0.101014, -0.0149499, -0.121395, 1.0)]])
-0.101014, -0.0149499, -0.121395
float3(-0.147021, -0.456202, -1.58467)
256210.598233708
normal
simd_float4x4([[-0.0729771, -0.989383, 0.125682, 0.0)], [0.892523, -0.00855182, 0.45092, 0.0)], [-0.445058, 0.145081, 0.883671, 0.0)], [-0.0973719, -0.0178065, -0.139375, 1.0)]])
-0.0973719, -0.0178065, -0.139375
float3(-0.145595, -0.46656, -1.57944)
256210.698286291
normal
simd_float4x4([[-0.0754318, -0.989951, 0.119609, 0.0)], [0.891608, -0.013252, 0.452614, 0.0)], [-0.446481, 0.140786, 0.883648, 0.0)], [-0.089779, -0.0186879, -0.159122, 1.0)]])
-0.089779, -0.0186879, -0.159122
float3(-0.141255, -0.467855, -1.58418)
256210.798338958
normal
simd_float4x4([[-0.0820898, -0.989924, 0.115378, 0.0)], [0.881797, -0.0181944, 0.471279, 0.0)], [-0.464431, 0.140428, 0.874405, 0.0)], [-0.0803546, -0.0171181, -0.184365, 1.0)]])
-0.0803546, -0.0171181, -0.184365
float3(-0.140893, -0.488248, -1.58917)
256210.898391833
normal
simd_float4x4([[-0.0741362, -0.990628, 0.114718, 0.0)], [0.879338, -0.0106763, 0.476078, 0.0)], [-0.470391, 0.13617, 0.871888, 0.0)], [-0.0723611, -0.0151674, -0.210089, 1.0)]])
-0.0723611, -0.0151674, -0.210089
float3(-0.136595, -0.494753, -1.58157)
256210.998444375
normal
simd_float4x4([[-0.0736492, -0.992288, 0.0997032, 0.0)], [0.877753, -0.0170384, 0.478809, 0.0)], [-0.473418, 0.122779, 0.872239, 0.0)], [-0.0654146, -0.0129133, -0.22989, 1.0)]])
-0.0654146, -0.0129133, -0.22989
float3(-0.123089, -0.497269, -1.58797)
256211.098497125
normal
simd_float4x4([[-0.0682416, -0.994086, 0.0844778, 0.0)], [0.874336, -0.0188094, 0.484956, 0.0)], [-0.480499, 0.106956, 0.870449, 0.0)], [-0.0651775, -0.0137055, -0.24673, 1.0)]])
-0.0651775, -0.0137055, -0.24673
float3(-0.107161, -0.504387, -1.58972)
256211.198549791
normal
simd_float4x4([[-0.0698911, -0.992387, 0.101405, 0.0)], [0.867282, -0.0102226, 0.497711, 0.0)], [-0.492886, 0.122732, 0.861394, 0.0)], [-0.0656944, -0.0140655, -0.266451, 1.0)]])
-0.0656944, -0.0140655, -0.266451
float3(-0.123043, -0.519724, -1.5811)
256211.298602416
normal
simd_float4x4([[-0.0704414, -0.992393, 0.100967, 0.0)], [0.856646, -0.00832408, 0.515837, 0.0)], [-0.511073, 0.122829, 0.850716, 0.0)], [-0.0701817, -0.0124141, -0.282757, 1.0)]])
-0.0701817, -0.0124141, -0.282757
float3(-0.12314, -0.540976, -1.57918)
256211.398655125
normal
simd_float4x4([[-0.0682849, -0.991724, 0.108727, 0.0)], [0.838786, 0.00193694, 0.544458, 0.0)], [-0.540162, 0.128377, 0.831712, 0.0)], [-0.0799778, -0.0119454, -0.296591, 1.0)]])
-0.0799778, -0.0119454, -0.296591
float3(-0.128732, -0.575994, -1.56884)
256211.49870775
normal
simd_float4x4([[-0.0742636, -0.991346, 0.108251, 0.0)], [0.810951, 0.00314114, 0.585105, 0.0)], [-0.580381, 0.131238, 0.8037, 0.0)], [-0.0938385, -0.0107826, -0.305713, 1.0)]])
-0.0938385, -0.0107826, -0.305713
float3(-0.131618, -0.625429, -1.56763)
256211.5987605
normal
simd_float4x4([[-0.0871843, -0.991081, 0.100786, 0.0)], [0.784164, -0.00587897, 0.620526, 0.0)], [-0.614399, 0.133133, 0.777682, 0.0)], [-0.108821, -0.0102873, -0.309634, 1.0)]])
-0.108821, -0.0102873, -0.309634
float3(-0.133529, -0.668637, -1.57673)
256211.698813083
normal
simd_float4x4([[-0.0976361, -0.990366, 0.0982002, 0.0)], [0.758916, -0.0102575, 0.651108, 0.0)], [-0.643828, 0.138097, 0.752606, 0.0)], [-0.126439, -0.0088587, -0.32044, 1.0)]])
-0.126439, -0.0088587, -0.32044
float3(-0.13854, -0.707658, -1.58115)
256211.798866
normal
simd_float4x4([[-0.098193, -0.990718, 0.0939979, 0.0)], [0.73722, -0.0089688, 0.675593, 0.0)], [-0.668479, 0.135636, 0.731258, 0.0)], [-0.148205, -0.00807845, -0.326968, 1.0)]])
-0.148205, -0.00807845, -0.326968
float3(-0.136055, -0.740578, -1.57985)
256211.898918583
normal
simd_float4x4([[-0.0986498, -0.991129, 0.0890616, 0.0)], [0.715675, -0.00847735, 0.698382, 0.0)], [-0.691432, 0.132634, 0.710162, 0.0)], [-0.167979, -0.00717723, -0.33276, 1.0)]])
-0.167979, -0.00717723, -0.33276
float3(-0.133026, -0.772035, -1.57935)
256211.998971125
normal
simd_float4x4([[-0.0940122, -0.992045, 0.0837215, 0.0)], [0.697027, -0.00554282, 0.717024, 0.0)], [-0.710855, 0.125765, 0.692003, 0.0)], [-0.187533, -0.00725356, -0.336798, 1.0)]])
-0.187533, -0.00725356, -0.336798
float3(-0.126099, -0.798836, -1.57638)
256212.099024
normal
simd_float4x4([[-0.0934855, -0.992627, 0.0771539, 0.0)], [0.685196, -0.00792182, 0.728316, 0.0)], [-0.722335, 0.120953, 0.680884, 0.0)], [-0.20383, -0.00769264, -0.34064, 1.0)]])
-0.20383, -0.00769264, -0.34064
float3(-0.121249, -0.814929, -1.57878)
256212.199076666
normal
simd_float4x4([[-0.0891395, -0.993371, 0.0725754, 0.0)], [0.682292, -0.00781562, 0.731038, 0.0)], [-0.725625, 0.114682, 0.678466, 0.0)], [-0.22024, -0.00649814, -0.345679, 1.0)]])
-0.22024, -0.00649814, -0.345679
float3(-0.114935, -0.818972, -1.57866)
256212.299129333
normal
simd_float4x4([[-0.0887285, -0.993425, 0.0723404, 0.0)], [0.676924, -0.00686356, 0.73602, 0.0)], [-0.730685, 0.114275, 0.673083, 0.0)], [-0.233533, -0.00660381, -0.3513, 1.0)]])
-0.233533, -0.00660381, -0.3513
float3(-0.114525, -0.826409, -1.57771)
256212.399182083
normal
simd_float4x4([[-0.0874777, -0.993631, 0.071032, 0.0)], [0.673269, -0.0064179, 0.73937, 0.0)], [-0.734205, 0.112502, 0.669542, 0.0)], [-0.244716, -0.00605363, -0.355052, 1.0)]])
-0.244716, -0.00605363, -0.355052
float3(-0.112741, -0.83143, -1.57726)
256212.49923475
normal
simd_float4x4([[-0.0846327, -0.994015, 0.0690711, 0.0)], [0.673034, -0.00591202, 0.739587, 0.0)], [-0.734753, 0.109081, 0.669507, 0.0)], [-0.253417, -0.00501524, -0.357285, 1.0)]])
-0.253417, -0.00501524, -0.357285
float3(-0.109298, -0.831828, -1.57674)
256212.5992875
normal
simd_float4x4([[-0.0777237, -0.994321, 0.0726929, 0.0)], [0.698093, -0.00222259, 0.716004, 0.0)], [-0.711776, 0.106397, 0.694301, 0.0)], [-0.23591, -0.0217354, -0.339088, 1.0)]])
-0.23591, -0.0217354, -0.339088
float3(-0.106599, -0.797826, -1.57303)
256212.699339958
normal
simd_float4x4([[-0.0754243, -0.994573, 0.0716714, 0.0)], [0.702165, -0.00193995, 0.712012, 0.0)], [-0.708008, 0.104028, 0.6985, 0.0)], [-0.252228, -0.0245303, -0.33615, 1.0)]])
-0.252228, -0.0245303, -0.33615
float3(-0.104217, -0.792158, -1.57275)
256212.799392791
normal
simd_float4x4([[-0.0750737, -0.994384, 0.074598, 0.0)], [0.712591, -0.00116705, 0.701578, 0.0)], [-0.697551, 0.105828, 0.708677, 0.0)], [-0.260402, -0.0261665, -0.330668, 1.0)]])
-0.260402, -0.0261665, -0.330668
float3(-0.106027, -0.777487, -1.57197)
256212.899445333
normal
simd_float4x4([[-0.0711686, -0.994483, 0.0770569, 0.0)], [0.744956, -0.00162085, 0.667112, 0.0)], [-0.663307, 0.104881, 0.740962, 0.0)], [-0.213675, -0.0194197, -0.30974, 1.0)]])
-0.213675, -0.0194197, -0.30974
float3(-0.105075, -0.730155, -1.57243)
256212.999498291
normal
simd_float4x4([[-0.0733263, -0.994482, 0.0750247, 0.0)], [0.713607, 0.00023344, 0.700546, 0.0)], [-0.696698, 0.104907, 0.709652, 0.0)], [-0.255893, -0.0228248, -0.33628, 1.0)]])
-0.255893, -0.0228248, -0.33628
float3(-0.1051, -0.776187, -1.57056)
256213.099550875
normal
simd_float4x4([[-0.0753119, -0.99452, 0.0725155, 0.0)], [0.704166, -0.00155209, 0.710034, 0.0)], [-0.70603, 0.104537, 0.700424, 0.0)], [-0.273735, -0.0265183, -0.339767, 1.0)]])
-0.273735, -0.0265183, -0.339767
float3(-0.104728, -0.789384, -1.57236)
256213.199603625
normal
simd_float4x4([[-0.0756692, -0.994389, 0.0739182, 0.0)], [0.707047, -0.00123627, 0.707165, 0.0)], [-0.703106, 0.105774, 0.703174, 0.0)], [-0.276306, -0.0270967, -0.333923, 1.0)]])
-0.276306, -0.0270967, -0.333923
float3(-0.105973, -0.78535, -1.57204)
256213.299656333
normal
simd_float4x4([[-0.0768236, -0.994326, 0.073575, 0.0)], [0.703902, -0.00182673, 0.710294, 0.0)], [-0.70613, 0.106357, 0.700049, 0.0)], [-0.273653, -0.0270879, -0.330151, 1.0)]])
-0.273653, -0.0270879, -0.330151
float3(-0.106559, -0.789723, -1.57263)
256213.399708958
normal
simd_float4x4([[-0.0777913, -0.994282, 0.0731492, 0.0)], [0.700755, -0.00234148, 0.713398, 0.0)], [-0.709148, 0.106756, 0.69693, 0.0)], [-0.271232, -0.0269029, -0.326355, 1.0)]])
-0.271232, -0.0269029, -0.326355
float3(-0.10696, -0.794087, -1.57315)
256213.499761583
normal
simd_float4x4([[-0.0780554, -0.994322, 0.0723311, 0.0)], [0.698824, -0.00282548, 0.715288, 0.0)], [-0.711022, 0.106379, 0.695076, 0.0)], [-0.269542, -0.0271006, -0.323014, 1.0)]])
-0.269542, -0.0271006, -0.323014
float3(-0.10658, -0.796738, -1.57364)
256213.599814208
normal
simd_float4x4([[-0.0775097, -0.994465, 0.0709301, 0.0)], [0.698645, -0.00342307, 0.71546, 0.0)], [-0.711258, 0.10501, 0.695043, 0.0)], [-0.268351, -0.0268245, -0.320015, 1.0)]])
-0.268351, -0.0268245, -0.320015
float3(-0.105204, -0.796928, -1.57424)
256213.699867
normal
simd_float4x4([[-0.077851, -0.994617, 0.0683764, 0.0)], [0.699274, -0.00559163, 0.714832, 0.0)], [-0.710602, 0.103464, 0.695945, 0.0)], [-0.266721, -0.0264961, -0.319068, 1.0)]])
-0.266721, -0.0264961, -0.319068
float3(-0.10365, -0.795818, -1.57642)
256213.79991975
normal
simd_float4x4([[-0.0767555, -0.994877, 0.0657831, 0.0)], [0.701293, -0.00697115, 0.712838, 0.0)], [-0.708728, 0.100848, 0.698236, 0.0)], [-0.266729, -0.0258251, -0.318921, 1.0)]])
-0.266729, -0.0258251, -0.318921
float3(-0.101019, -0.792855, -1.5778)
256213.89997225
normal
simd_float4x4([[-0.0756387, -0.995139, 0.0630666, 0.0)], [0.704705, -0.00860237, 0.709448, 0.0)], [-0.705457, 0.0981051, 0.70193, 0.0)], [-0.268199, -0.0256696, -0.317614, 1.0)]])
-0.268199, -0.0256696, -0.317614
float3(-0.0982632, -0.787904, -1.57944)
256214.000025125
normal
simd_float4x4([[-0.0768898, -0.995016, 0.0634865, 0.0)], [0.713325, -0.0104107, 0.700756, 0.0)], [-0.696603, 0.0991675, 0.71057, 0.0)], [-0.268957, -0.0258042, -0.317861, 1.0)]])
-0.268957, -0.0258042, -0.317861
float3(-0.0993308, -0.775473, -1.58126)
256214.100077875
normal
simd_float4x4([[-0.074819, -0.995017, 0.0659058, 0.0)], [0.729662, -0.00957782, 0.68374, 0.0)], [-0.679702, 0.0992458, 0.726743, 0.0)], [-0.271941, -0.0266241, -0.319349, 1.0)]])
-0.271941, -0.0266241, -0.319349
float3(-0.0994094, -0.751964, -1.58042)
256214.200130583
normal
simd_float4x4([[-0.0742042, -0.994474, 0.0742604, 0.0)], [0.755595, -0.00746932, 0.654996, 0.0)], [-0.650822, 0.104714, 0.751974, 0.0)], [-0.275577, -0.0273035, -0.323421, 1.0)]])
-0.275577, -0.0273035, -0.323421
float3(-0.104907, -0.713415, -1.57831)
256214.300183125
normal
simd_float4x4([[-0.075384, -0.994093, 0.0780791, 0.0)], [0.785777, -0.011015, 0.618412, 0.0)], [-0.613899, 0.107971, 0.781966, 0.0)], [-0.281495, -0.0287827, -0.328919, 1.0)]])
-0.281495, -0.0287827, -0.328919
float3(-0.108182, -0.665572, -1.58188)
256214.400235958
normal
simd_float4x4([[-0.0719007, -0.993491, 0.0883543, 0.0)], [0.818963, -0.00824102, 0.573787, 0.0)], [-0.569324, 0.113615, 0.814224, 0.0)], [-0.290788, -0.0308123, -0.335824, 1.0)]])
-0.290788, -0.0308123, -0.335824
float3(-0.11386, -0.610204, -1.57909)
256214.500288583
normal
simd_float4x4([[-0.0699972, -0.992967, 0.0954805, 0.0)], [0.852133, -0.00975682, 0.523234, 0.0)], [-0.518623, 0.117987, 0.846823, 0.0)], [-0.299815, -0.0322773, -0.342434, 1.0)]])
-0.299815, -0.0322773, -0.342434
float3(-0.118263, -0.549512, -1.58062)
256214.600341291
normal
simd_float4x4([[-0.0680028, -0.992451, 0.10206, 0.0)], [0.884924, -0.0127583, 0.465561, 0.0)], [-0.460745, 0.121975, 0.879111, 0.0)], [-0.30801, -0.0323873, -0.349166, 1.0)]])
-0.30801, -0.0323873, -0.349166
float3(-0.122279, -0.482743, -1.58365)
256214.700394125
normal
simd_float4x4([[-0.0641554, -0.992771, 0.10144, 0.0)], [0.91605, -0.0182601, 0.400648, 0.0)], [-0.395899, 0.118627, 0.910599, 0.0)], [-0.314647, -0.0311042, -0.355249, 1.0)]])
-0.314647, -0.0311042, -0.355249
float3(-0.118907, -0.410115, -1.58919)
256214.800446583
normal
simd_float4x4([[-0.0561643, -0.993366, 0.100348, 0.0)], [0.944339, -0.020223, 0.328351, 0.0)], [-0.324143, 0.113204, 0.93921, 0.0)], [-0.322731, -0.0308586, -0.359516, 1.0)]])
-0.322731, -0.0308586, -0.359516
float3(-0.113447, -0.332323, -1.59115)
256214.900499458
normal
simd_float4x4([[-0.0498726, -0.993378, 0.103505, 0.0)], [0.967596, -0.0223723, 0.251509, 0.0)], [-0.247528, 0.112694, 0.962304, 0.0)], [-0.327171, -0.0303903, -0.364802, 1.0)]])
-0.327171, -0.0303903, -0.364802
float3(-0.112934, -0.251766, -1.59331)
256215.000552083
normal
simd_float4x4([[-0.0440978, -0.993434, 0.105564, 0.0)], [0.984141, -0.0250245, 0.175612, 0.0)], [-0.171817, 0.111634, 0.978783, 0.0)], [-0.331348, -0.0301291, -0.369842, 1.0)]])
-0.331348, -0.0301291, -0.369842
float3(-0.111867, -0.173771, -1.59598)
256215.100604708
normal
simd_float4x4([[-0.0343787, -0.993273, 0.110574, 0.0)], [0.993982, -0.0224683, 0.10721, 0.0)], [-0.104005, 0.113594, 0.988068, 0.0)], [-0.334586, -0.0300306, -0.374382, 1.0)]])
-0.334586, -0.0300306, -0.374382
float3(-0.11384, -0.104874, -1.59341)
256215.200657583
normal
simd_float4x4([[-0.0226749, -0.993535, 0.111242, 0.0)], [0.999023, -0.0182948, 0.0402389, 0.0)], [-0.0379436, 0.112046, 0.992978, 0.0)], [-0.337861, -0.0290981, -0.379072, 1.0)]])
-0.337861, -0.0290981, -0.379072
float3(-0.112282, -0.0381933, -1.58921)
256215.300710166
normal
simd_float4x4([[-0.00888983, -0.994064, 0.108436, 0.0)], [0.999644, -0.0115633, -0.0240514, 0.0)], [0.0251625, 0.108183, 0.993812, 0.0)], [-0.339694, -0.0284284, -0.379767, 1.0)]])
-0.339694, -0.0284284, -0.379767
float3(-0.108395, 0.0253137, -1.58243)
256215.400763
normal
simd_float4x4([[0.00283367, -0.993968, 0.109632, 0.0)], [0.995644, -0.00741252, -0.0929392, 0.0)], [0.0931913, 0.109418, 0.989618, 0.0)], [-0.339964, -0.0297423, -0.379115, 1.0)]])
-0.339964, -0.0297423, -0.379115
float3(-0.109638, 0.0938921, -1.57825)
256215.500815583
normal
simd_float4x4([[0.00949559, -0.99386, 0.110241, 0.0)], [0.987441, -0.00806734, -0.157783, 0.0)], [0.157704, 0.110354, 0.981301, 0.0)], [-0.340848, -0.031026, -0.374966, 1.0)]])
-0.340848, -0.031026, -0.374966
float3(-0.11058, 0.159346, -1.57891)
256215.600868291
normal
simd_float4x4([[0.0167913, -0.994211, 0.106126, 0.0)], [0.976834, -0.00633519, -0.213903, 0.0)], [0.213337, 0.10726, 0.971073, 0.0)], [-0.340145, -0.0315119, -0.364744, 1.0)]])
-0.340145, -0.0315119, -0.364744
float3(-0.107466, 0.216257, -1.57717)
256215.700921
normal
simd_float4x4([[0.0209528, -0.994201, 0.105481, 0.0)], [0.964373, -0.00773133, -0.264434, 0.0)], [0.263715, 0.107264, 0.958618, 0.0)], [-0.340969, -0.0320989, -0.356834, 1.0)]])
-0.340969, -0.0320989, -0.356834
float3(-0.107471, 0.268459, -1.57857)
256215.800973708
normal
simd_float4x4([[0.0281203, -0.994453, 0.101348, 0.0)], [0.950774, -0.00469268, -0.30985, 0.0)], [0.308607, 0.105072, 0.945368, 0.0)], [-0.344102, -0.0312526, -0.346532, 1.0)]])
-0.344102, -0.0312526, -0.346532
float3(-0.105267, 0.315535, -1.57552)
256215.901026416
normal
simd_float4x4([[0.0310397, -0.994653, 0.098497, 0.0)], [0.936872, -0.00538612, -0.34963, 0.0)], [0.348291, 0.103132, 0.931696, 0.0)], [-0.348439, -0.0314087, -0.337954, 1.0)]])
-0.348439, -0.0314087, -0.337954
float3(-0.103315, 0.35774, -1.57621)
256216.001079083
normal
simd_float4x4([[0.0323798, -0.994775, 0.0968223, 0.0)], [0.924707, -0.00694672, -0.380617, 0.0)], [0.379301, 0.101857, 0.91965, 0.0)], [-0.349572, -0.032825, -0.325157, 1.0)]])
-0.349572, -0.032825, -0.325157
float3(-0.102033, 0.391185, -1.57778)
256216.101131833
normal
simd_float4x4([[0.036878, -0.995165, 0.0910288, 0.0)], [0.910956, -0.00397292, -0.412484, 0.0)], [0.410851, 0.0981348, 0.906405, 0.0)], [-0.356028, -0.0338613, -0.311411, 1.0)]])
-0.356028, -0.0338613, -0.311411
float3(-0.098293, 0.425575, -1.57479)
256216.201184458
normal
simd_float4x4([[0.0415939, -0.994974, 0.0910831, 0.0)], [0.899951, -0.00228982, -0.435984, 0.0)], [0.434001, 0.100105, 0.895333, 0.0)], [-0.360821, -0.0345823, -0.301046, 1.0)]])
-0.360821, -0.0345823, -0.301046
float3(-0.100273, 0.451363, -1.5731)
256216.301237291
normal
simd_float4x4([[0.0411107, -0.995211, 0.0886871, 0.0)], [0.893257, -0.00316073, -0.449535, 0.0)], [0.447663, 0.0977011, 0.888849, 0.0)], [-0.364696, -0.0372549, -0.286328, 1.0)]])
-0.364696, -0.0372549, -0.286328
float3(-0.0978572, 0.466558, -1.57397)
256216.401289916
normal
simd_float4x4([[0.0418508, -0.995229, 0.0881352, 0.0)], [0.892797, -0.0023478, -0.450454, 0.0)], [0.448512, 0.0975387, 0.888439, 0.0)], [-0.369711, -0.0396674, -0.270439, 1.0)]])
-0.369711, -0.0396674, -0.270439
float3(-0.097694, 0.467505, -1.57316)
256216.501342583
normal
simd_float4x4([[0.0488229, -0.994496, 0.0927062, 0.0)], [0.894425, 0.00222128, -0.447212, 0.0)], [0.444545, 0.104753, 0.88961, 0.0)], [-0.371999, -0.0393954, -0.295154, 1.0)]])
-0.371999, -0.0393954, -0.295154
float3(-0.104946, 0.463413, -1.56856)
256216.601395416
normal
simd_float4x4([[0.0481333, -0.994304, 0.0950896, 0.0)], [0.898574, 0.0015329, -0.438819, 0.0)], [0.436174, 0.106567, 0.89353, 0.0)], [-0.374247, -0.0422363, -0.290771, 1.0)]])
-0.374247, -0.0422363, -0.290771
float3(-0.10677, 0.45412, -1.56925)
256216.701448
normal
simd_float4x4([[0.0484285, -0.994197, 0.096056, 0.0)], [0.904477, 0.00284989, -0.426513, 0.0)], [0.423764, 0.107536, 0.899366, 0.0)], [-0.374351, -0.0434511, -0.29018, 1.0)]])
-0.374351, -0.0434511, -0.29018
float3(-0.107744, 0.440328, -1.56793)
256216.801500708
normal
simd_float4x4([[0.0471483, -0.994043, 0.0982674, 0.0)], [0.91295, 0.00296258, -0.408061, 0.0)], [0.405339, 0.108953, 0.907651, 0.0)], [-0.371788, -0.043008, -0.295482, 1.0)]])
-0.371788, -0.043008, -0.295482
float3(-0.109169, 0.420006, -1.56782)
256216.901553375
normal
simd_float4x4([[0.0434167, -0.994044, 0.0999539, 0.0)], [0.924212, 0.00196806, -0.381875, 0.0)], [0.379404, 0.108958, 0.918793, 0.0)], [-0.364576, -0.0427851, -0.297575, 1.0)]])
-0.364576, -0.0427851, -0.297575
float3(-0.109175, 0.391609, -1.56882)
256217.001606041
normal
simd_float4x4([[0.0412013, -0.99391, 0.102203, 0.0)], [0.936763, 0.00284704, -0.349953, 0.0)], [0.34753, 0.110158, 0.931175, 0.0)], [-0.356688, -0.0422079, -0.302124, 1.0)]])
-0.356688, -0.0422079, -0.302124
float3(-0.110382, 0.357207, -1.56793)
256217.101658916
normal
simd_float4x4([[0.0358173, -0.993993, 0.103421, 0.0)], [0.94979, 0.00167025, -0.312884, 0.0)], [0.310832, 0.109435, 0.944144, 0.0)], [-0.347323, -0.0416406, -0.307425, 1.0)]])
-0.347323, -0.0416406, -0.307425
float3(-0.109654, 0.318044, -1.56912)
256217.2017115
normal
simd_float4x4([[0.0296038, -0.993964, 0.105636, 0.0)], [0.961782, -0.000455316, -0.273817, 0.0)], [0.272213, 0.109705, 0.955963, 0.0)], [-0.338754, -0.039375, -0.308702, 1.0)]])
-0.338754, -0.039375, -0.308702
float3(-0.109926, 0.27741, -1.57125)
256217.301764333
normal
simd_float4x4([[0.0241346, -0.9938, 0.108533, 0.0)], [0.972565, -0.00178614, -0.232625, 0.0)], [0.231377, 0.111169, 0.966492, 0.0)], [-0.32853, -0.0377307, -0.311777, 1.0)]])
-0.32853, -0.0377307, -0.311777
float3(-0.1114, 0.234977, -1.57259)
256217.401816875
normal
simd_float4x4([[0.0167028, -0.993401, 0.113471, 0.0)], [0.981556, -0.00532516, -0.191103, 0.0)], [0.190446, 0.11457, 0.974989, 0.0)], [-0.319576, -0.0379843, -0.314502, 1.0)]])
-0.319576, -0.0379843, -0.314502
float3(-0.114823, 0.192902, -1.57616)
256217.501869666
normal
simd_float4x4([[0.011987, -0.993137, 0.116344, 0.0)], [0.988251, -0.00596317, -0.152723, 0.0)], [0.152369, 0.116807, 0.981397, 0.0)], [-0.309734, -0.0380036, -0.315942, 1.0)]])
-0.309734, -0.0380036, -0.315942
float3(-0.117075, 0.154027, -1.5768)
256217.601922333
normal
simd_float4x4([[0.00716981, -0.993183, 0.116345, 0.0)], [0.992855, -0.00678798, -0.119131, 0.0)], [0.119109, 0.116368, 0.986038, 0.0)], [-0.300819, -0.0381801, -0.315099, 1.0)]])
-0.300819, -0.0381801, -0.315099
float3(-0.116632, 0.120213, -1.57763)
256217.701974916
normal
simd_float4x4([[0.00285197, -0.993298, 0.115549, 0.0)], [0.995881, -0.00765006, -0.0903425, 0.0)], [0.0906209, 0.115331, 0.989185, 0.0)], [-0.291731, -0.0378136, -0.315404, 1.0)]])
-0.291731, -0.0378136, -0.315404
float3(-0.115588, 0.0913567, -1.5785)
256217.802027666
normal
simd_float4x4([[6.68417e-05, -0.993287, 0.115676, 0.0)], [0.997677, -0.00781282, -0.0676636, 0.0)], [0.0681131, 0.115412, 0.99098, 0.0)], [-0.282637, -0.0380656, -0.316073, 1.0)]])
-0.282637, -0.0380656, -0.316073
float3(-0.11567, 0.0686252, -1.57866)
256217.902080375
normal
simd_float4x4([[-0.00220611, -0.993249, 0.115982, 0.0)], [0.998786, -0.00789674, -0.0486282, 0.0)], [0.0492158, 0.115734, 0.99206, 0.0)], [-0.274326, -0.0388053, -0.315837, 1.0)]])
-0.274326, -0.0388053, -0.315837
float3(-0.115994, 0.049569, -1.57875)
256218.002133208
normal
simd_float4x4([[-0.0059619, -0.993391, 0.114626, 0.0)], [0.999495, -0.00949704, -0.0303194, 0.0)], [0.0312076, 0.114387, 0.992946, 0.0)], [-0.26493, -0.0392601, -0.315944, 1.0)]])
-0.26493, -0.0392601, -0.315944
float3(-0.114638, 0.031419, -1.58036)
256218.102185791
normal
simd_float4x4([[-0.0070081, -0.99311, 0.116975, 0.0)], [0.99987, -0.00865973, -0.0136173, 0.0)], [0.0145364, 0.116864, 0.993041, 0.0)], [-0.256679, -0.0402385, -0.316255, 1.0)]])
-0.256679, -0.0402385, -0.316255
float3(-0.117132, 0.0146373, -1.57952)
256218.2022385
normal
simd_float4x4([[-0.00750625, -0.993022, 0.117687, 0.0)], [0.999972, -0.00751602, 0.000360761, 0.0)], [0.000526298, 0.117687, 0.993051, 0.0)], [-0.250251, -0.0417805, -0.315552, 1.0)]])
-0.250251, -0.0417805, -0.315552
float3(-0.11796, 0.000529981, -1.57836)
256218.30229125
normal
simd_float4x4([[-0.0087982, -0.993135, 0.116639, 0.0)], [0.99993, -0.00782152, 0.00882862, 0.0)], [-0.00785571, 0.116709, 0.993135, 0.0)], [-0.245106, -0.0425133, -0.313529, 1.0)]])
-0.245106, -0.0425133, -0.313529
float3(-0.116975, -0.00790985, -1.57867)
256218.402343916
normal
simd_float4x4([[-0.0111231, -0.993378, 0.114356, 0.0)], [0.999852, -0.00954853, 0.0143078, 0.0)], [-0.0131211, 0.114499, 0.993337, 0.0)], [-0.248303, -0.0429407, -0.312232, 1.0)]])
-0.248303, -0.0429407, -0.312232
float3(-0.11475, -0.0132084, -1.58041)
256218.502396625
normal
simd_float4x4([[-0.00863648, -0.993385, 0.114504, 0.0)], [0.9999, -0.00729493, 0.01213, 0.0)], [-0.0112145, 0.114597, 0.993349, 0.0)], [-0.24882, -0.0425281, -0.311545, 1.0)]])
-0.24882, -0.0425281, -0.311545
float3(-0.114849, -0.0112891, -1.57814)
256218.602449333
normal
simd_float4x4([[-0.00662028, -0.993821, 0.110794, 0.0)], [0.999961, -0.0059316, 0.00654427, 0.0)], [-0.00584664, 0.110833, 0.993822, 0.0)], [-0.249682, -0.0423299, -0.31152, 1.0)]])
-0.249682, -0.0423299, -0.31152
float3(-0.111061, -0.00588292, -1.57676)
256218.702502125
normal
simd_float4x4([[-0.00518229, -0.99395, 0.109709, 0.0)], [0.999986, -0.00524357, -0.000270074, 0.0)], [0.000843713, 0.109706, 0.993964, 0.0)], [-0.250817, -0.0417558, -0.313598, 1.0)]])
-0.250817, -0.0417558, -0.313598
float3(-0.109927, 0.000848836, -1.57607)
256218.802554708
normal
simd_float4x4([[-0.00257255, -0.994087, 0.10856, 0.0)], [0.999964, -0.00343216, -0.00773218, 0.0)], [0.00805905, 0.108537, 0.99406, 0.0)], [-0.252624, -0.0416674, -0.314575, 1.0)]])
-0.252624, -0.0416674, -0.314575
float3(-0.108751, 0.00810703, -1.57425)
256218.902607291
normal
simd_float4x4([[-0.00346888, -0.993564, 0.113219, 0.0)], [0.999839, -0.00543621, -0.0170722, 0.0)], [0.0175778, 0.113142, 0.993423, 0.0)], [-0.25265, -0.0424415, -0.314585, 1.0)]])
-0.25265, -0.0424415, -0.314585
float3(-0.113385, 0.0176923, -1.57627)
256219.002660291
normal
simd_float4x4([[-0.00354833, -0.993697, 0.112043, 0.0)], [0.999667, -0.00638642, -0.0249817, 0.0)], [0.0255398, 0.111917, 0.993389, 0.0)], [-0.252757, -0.0422967, -0.314331, 1.0)]])
-0.252757, -0.0422967, -0.314331
float3(-0.112152, 0.0257041, -1.57722)
256219.102712875
normal
simd_float4x4([[-0.00227345, -0.993692, 0.112124, 0.0)], [0.999407, -0.0061086, -0.0338728, 0.0)], [0.0343441, 0.111981, 0.993117, 0.0)], [-0.252777, -0.042475, -0.314665, 1.0)]])
-0.252777, -0.042475, -0.314665
float3(-0.112216, 0.0345683, -1.57694)
256219.20276575
normal
simd_float4x4([[-0.00292263, -0.993561, 0.113262, 0.0)], [0.999001, -0.00795223, -0.0439806, 0.0)], [0.0445981, 0.11302, 0.992591, 0.0)], [-0.252516, -0.0431648, -0.314331, 1.0)]])
-0.252516, -0.0431648, -0.314331
float3(-0.113262, 0.0449008, -1.5788)
256219.302818333
normal
simd_float4x4([[-0.00340706, -0.99339, 0.114739, 0.0)], [0.998683, -0.00925348, -0.0504601, 0.0)], [0.0511883, 0.114416, 0.992113, 0.0)], [-0.253283, -0.0431769, -0.314405, 1.0)]])
-0.253283, -0.0431769, -0.314405
float3(-0.114667, 0.0515495, -1.58011)
256219.402870833
normal
simd_float4x4([[-0.00276053, -0.993382, 0.114826, 0.0)], [0.998516, -0.00898372, -0.0537144, 0.0)], [0.0543905, 0.114508, 0.991932, 0.0)], [-0.25365, -0.0427644, -0.315445, 1.0)]])
-0.25365, -0.0427644, -0.315445
float3(-0.114759, 0.054778, -1.57984)
256219.502923708
normal
simd_float4x4([[-0.00263318, -0.993482, 0.113962, 0.0)], [0.998513, -0.00881723, -0.0537944, 0.0)], [0.0544486, 0.11365, 0.992028, 0.0)], [-0.253834, -0.042685, -0.315142, 1.0)]])
-0.253834, -0.042685, -0.315142
float3(-0.113897, 0.0548311, -1.57967)
256219.602976333
normal
simd_float4x4([[-0.000514352, -0.993418, 0.114546, 0.0)], [0.998523, -0.00673332, -0.0539118, 0.0)], [0.0543283, 0.114349, 0.991954, 0.0)], [-0.253707, -0.0425428, -0.315574, 1.0)]])
