ARKit Data
264255.322097208
normal
simd_float4x4([[-0.774444, -0.0640513, 0.629392, 0.0)], [0.116205, -0.992337, 0.0419987, 0.0)], [0.621879, 0.105664, 0.775952, 0.0)], [1.9248, -0.086592, 0.457253, 1.0)]])
1.9248, -0.086592, 0.457253
float3(-0.105862, 0.675618, -3.07714)
264255.665916208
limited(__ObjC.ARCamera.TrackingState.Reason.initializing)
simd_float4x4([[-0.998177, -0.0573564, 0.00886143, 0.0)], [0.0582467, -0.986957, 0.148384, 0.0)], [-1.90038e-08, 0.148773, 0.988623, 0.0)], [0.0, 0.0, 0.0, 1.0)]])
0.0, 0.0, 0.0
float3(-0.149327, -1.92225e-08, -3.08354)
264255.782569958
limited(__ObjC.ARCamera.TrackingState.Reason.initializing)
simd_float4x4([[-0.998177, -0.0573564, 0.00886143, 0.0)], [0.0582467, -0.986957, 0.148384, 0.0)], [-1.90038e-08, 0.148773, 0.988623, 0.0)], [0.0, 0.0, 0.0, 1.0)]])
0.0, 0.0, 0.0
float3(-0.149327, -1.92225e-08, -3.08354)
264255.9158885
limited(__ObjC.ARCamera.TrackingState.Reason.initializing)
simd_float4x4([[-0.562201, -0.0592501, 0.824875, 0.0)], [0.157812, -0.986788, 0.0366782, 0.0)], [0.811804, 0.150796, 0.564123, 0.0)], [0.0, 0.0, 0.0, 1.0)]])
0.0, 0.0, 0.0
float3(-0.151373, 0.963501, -3.08162)
264256.049206833
limited(__ObjC.ARCamera.TrackingState.Reason.initializing)
simd_float4x4([[-0.561924, -0.0571213, 0.825214, 0.0)], [0.153818, -0.987429, 0.0363913, 0.0)], [0.812762, 0.147382, 0.563646, 0.0)], [0.0, 0.0, 0.0, 1.0)]])
0.0, 0.0, 0.0
float3(-0.147921, 0.96445, -3.08381)
264256.182525416
limited(__ObjC.ARCamera.TrackingState.Reason.initializing)
simd_float4x4([[-0.562097, -0.0574751, 0.825072, 0.0)], [0.156058, -0.987033, 0.0375601, 0.0)], [0.812215, 0.149871, 0.563778, 0.0)], [0.0, 0.0, 0.0, 1.0)]])
0.0, 0.0, 0.0
float3(-0.150438, 0.964025, -3.08343)
264256.315843916
limited(__ObjC.ARCamera.TrackingState.Reason.initializing)
simd_float4x4([[-0.562417, -0.0586933, 0.824768, 0.0)], [0.156747, -0.986958, 0.0366516, 0.0)], [0.811861, 0.149893, 0.564282, 0.0)], [0.0, 0.0, 0.0, 1.0)]])
0.0, 0.0, 0.0
float3(-0.15046, 0.963402, -3.08219)
264256.449162333
limited(__ObjC.ARCamera.TrackingState.Reason.initializing)
simd_float4x4([[-0.562456, -0.0593552, 0.824694, 0.0)], [0.157382, -0.98687, 0.0363099, 0.0)], [0.81171, 0.150215, 0.564413, 0.0)], [0.0, 0.0, 0.0, 1.0)]])
0.0, 0.0, 0.0
float3(-0.150785, 0.963206, -3.08152)
264256.582480833
limited(__ObjC.ARCamera.TrackingState.Reason.initializing)
simd_float4x4([[-0.564231, -0.0606976, 0.823383, 0.0)], [0.158604, -0.986688, 0.0359488, 0.0)], [0.81024, 0.150875, 0.566346, 0.0)], [0.0, 0.0, 0.0, 1.0)]])
0.0, 0.0, 0.0
float3(-0.151454, 0.960751, -3.08015)
264256.715799416
limited(__ObjC.ARCamera.TrackingState.Reason.initializing)
simd_float4x4([[-0.565502, -0.0609142, 0.822494, 0.0)], [0.157938, -0.986811, 0.035506, 0.0)], [0.809483, 0.149982, 0.567664, 0.0)], [0.0, 0.0, 0.0, 1.0)]])
0.0, 0.0, 0.0
float3(-0.15055, 0.959221, -3.07994)
264256.849117833
limited(__ObjC.ARCamera.TrackingState.Reason.initializing)
simd_float4x4([[-0.569276, -0.0628826, 0.819738, 0.0)], [0.15927, -0.986617, 0.0349227, 0.0)], [0.806572, 0.15044, 0.571673, 0.0)], [0.0, 0.0, 0.0, 1.0)]])
0.0, 0.0, 0.0
float3(-0.151014, 0.95421, -3.07794)
264256.982436083
limited(__ObjC.ARCamera.TrackingState.Reason.initializing)
simd_float4x4([[-0.572076, -0.0634123, 0.817745, 0.0)], [0.158124, -0.98683, 0.0340963, 0.0)], [0.804814, 0.148811, 0.574569, 0.0)], [0.0, 0.0, 0.0, 1.0)]])
0.0, 0.0, 0.0
float3(-0.149366, 0.950792, -3.07742)
264257.115754625
limited(__ObjC.ARCamera.TrackingState.Reason.initializing)
simd_float4x4([[-0.576645, -0.0630797, 0.814556, 0.0)], [0.158394, -0.98673, 0.0357179, 0.0)], [0.801494, 0.149617, 0.578984, 0.0)], [0.0, 0.0, 0.0, 1.0)]])
0.0, 0.0, 0.0
float3(-0.150181, 0.945207, -3.07775)
264257.249073208
limited(__ObjC.ARCamera.TrackingState.Reason.initializing)
simd_float4x4([[-0.585051, -0.059106, 0.80884, 0.0)], [0.157078, -0.986713, 0.0415138, 0.0)], [0.795639, 0.151339, 0.586562, 0.0)], [0.0, 0.0, 0.0, 1.0)]])
0.0, 0.0, 0.0
float3(-0.151922, 0.935524, -3.08176)
264257.38239175
limited(__ObjC.ARCamera.TrackingState.Reason.initializing)
simd_float4x4([[-0.593318, -0.054469, 0.803124, 0.0)], [0.154669, -0.986831, 0.0473355, 0.0)], [0.789969, 0.152304, 0.593929, 0.0)], [0.0, 0.0, 0.0, 1.0)]])
0.0, 0.0, 0.0
float3(-0.152899, 0.92612, -3.08645)
264257.515710041
limited(__ObjC.ARCamera.TrackingState.Reason.initializing)
simd_float4x4([[-0.605401, -0.0570647, 0.793872, 0.0)], [0.152108, -0.987337, 0.0450252, 0.0)], [0.78125, 0.148013, 0.606415, 0.0)], [0.0, 0.0, 0.0, 1.0)]])
0.0, 0.0, 0.0
float3(-0.148559, 0.91073, -3.08386)
264257.649028666
limited(__ObjC.ARCamera.TrackingState.Reason.initializing)
simd_float4x4([[-0.603383, -0.0990425, 0.791277, 0.0)], [0.172021, -0.985061, 0.00787512, 0.0)], [0.778677, 0.140868, 0.611406, 0.0)], [0.0, 0.0, 0.0, 1.0)]])
0.0, 0.0, 0.0
float3(-0.141338, 0.905154, -3.04138)
264257.782347166
limited(__ObjC.ARCamera.TrackingState.Reason.initializing)
simd_float4x4([[-0.596506, -0.219112, 0.772121, 0.0)], [0.165409, -0.974922, -0.148875, 0.0)], [0.785378, 0.0389109, 0.61779, 0.0)], [0.0, 0.0, 0.0, 1.0)]])
0.0, 0.0, 0.0
float3(-0.0389207, 0.904271, -2.92052)
264257.915665541
limited(__ObjC.ARCamera.TrackingState.Reason.initializing)
simd_float4x4([[-0.594668, -0.265647, 0.758816, 0.0)], [0.25734, -0.95707, -0.13338, 0.0)], [0.761672, 0.115957, 0.6375, 0.0)], [0.0, 0.0, 0.0, 1.0)]])
0.0, 0.0, 0.0
float3(-0.116218, 0.873913, -2.87085)
264258.048983958
limited(__ObjC.ARCamera.TrackingState.Reason.initializing)
simd_float4x4([[-0.581936, -0.299732, 0.755984, 0.0)], [0.312218, -0.940705, -0.132634, 0.0)], [0.750912, 0.158847, 0.641012, 0.0)], [0.0, 0.0, 0.0, 1.0)]])
0.0, 0.0, 0.0
float3(-0.159523, 0.864191, -2.83314)
264258.182302583
limited(__ObjC.ARCamera.TrackingState.Reason.initializing)
simd_float4x4([[-0.5751, -0.319651, 0.753049, 0.0)], [0.308341, -0.937312, -0.162388, 0.0)], [0.75775, 0.138807, 0.637609, 0.0)], [0.0, 0.0, 0.0, 1.0)]])
0.0, 0.0, 0.0
float3(-0.139257, 0.871286, -2.81293)
264258.315621041
limited(__ObjC.ARCamera.TrackingState.Reason.initializing)
simd_float4x4([[-0.579025, -0.31634, 0.751438, 0.0)], [0.304119, -0.938941, -0.160935, 0.0)], [0.756466, 0.13534, 0.639875, 0.0)], [0.0, 0.0, 0.0, 1.0)]])
0.0, 0.0, 0.0
float3(-0.135757, 0.868702, -2.81662)
264258.448939541
limited(__ObjC.ARCamera.TrackingState.Reason.initializing)
simd_float4x4([[-0.58394, -0.271588, 0.765019, 0.0)], [0.273525, -0.953096, -0.129575, 0.0)], [0.764328, 0.133588, 0.630837, 0.0)], [0.0, 0.0, 0.0, 1.0)]])
0.0, 0.0, 0.0
float3(-0.133989, 0.880789, -2.864)
264258.582258041
limited(__ObjC.ARCamera.TrackingState.Reason.initializing)
simd_float4x4([[-0.580059, -0.217991, 0.784863, 0.0)], [0.236442, -0.9671, -0.0938628, 0.0)], [0.779503, 0.131129, 0.612518, 0.0)], [0.0, 0.0, 0.0, 1.0)]])
0.0, 0.0, 0.0
float3(-0.131507, 0.904786, -2.91989)
264258.715576416
limited(__ObjC.ARCamera.TrackingState.Reason.initializing)
simd_float4x4([[-0.574448, -0.191004, 0.795944, 0.0)], [0.20279, -0.975287, -0.0876846, 0.0)], [0.793022, 0.111039, 0.598986, 0.0)], [0.0, 0.0, 0.0, 1.0)]])
0.0, 0.0, 0.0
float3(-0.111269, 0.923899, -2.9482)
264258.848894833
limited(__ObjC.ARCamera.TrackingState.Reason.initializing)
simd_float4x4([[-0.574533, -0.173278, 0.799929, 0.0)], [0.183033, -0.979782, -0.0807781, 0.0)], [0.797753, 0.100004, 0.594633, 0.0)], [0.0, 0.0, 0.0, 1.0)]])
0.0, 0.0, 0.0
float3(-0.100171, 0.930256, -2.96655)
264258.982213458
limited(__ObjC.ARCamera.TrackingState.Reason.initializing)
simd_float4x4([[-0.555175, -0.132228, 0.821155, 0.0)], [0.159745, -0.985852, -0.0507473, 0.0)], [0.816248, 0.103002, 0.568444, 0.0)], [0.0, 0.0, 0.0, 1.0)]])
0.0, 0.0, 0.0
float3(-0.103185, 0.962484, -3.00826)
264259.115531833
limited(__ObjC.ARCamera.TrackingState.Reason.initializing)
simd_float4x4([[-0.569973, -0.142546, 0.809204, 0.0)], [0.189468, -0.981096, -0.0393715, 0.0)], [0.799519, 0.130878, 0.586206, 0.0)], [0.0, 0.0, 0.0, 1.0)]])
0.0, 0.0, 0.0
float3(-0.131254, 0.938135, -2.99731)
264259.248850458
limited(__ObjC.ARCamera.TrackingState.Reason.initializing)
simd_float4x4([[-0.600021, -0.153834, 0.785054, 0.0)], [0.224742, -0.97423, -0.0191319, 0.0)], [0.767766, 0.164955, 0.619131, 0.0)], [0.0, 0.0, 0.0, 1.0)]])
0.0, 0.0, 0.0
float3(-0.165713, 0.892162, -2.98498)
264259.382169
limited(__ObjC.ARCamera.TrackingState.Reason.initializing)
simd_float4x4([[-0.615748, -0.130079, 0.777132, 0.0)], [0.213146, -0.977005, 0.00534858, 0.0)], [0.758566, 0.168936, 0.629314, 0.0)], [0.0, 0.0, 0.0, 1.0)]])
0.0, 0.0, 0.0
float3(-0.16975, 0.878259, -3.00923)
264259.515487416
limited(__ObjC.ARCamera.TrackingState.Reason.initializing)
simd_float4x4([[-0.608528, -0.0879011, 0.788649, 0.0)], [0.171866, -0.984855, 0.0228433, 0.0)], [0.774696, 0.149443, 0.614419, 0.0)], [0.0, 0.0, 0.0, 1.0)]])
0.0, 0.0, 0.0
float3(-0.150005, 0.900271, -3.05258)
264259.648805833
normal
simd_float4x4([[-0.565097, -0.0598919, 0.822847, 0.0)], [0.140893, -0.989716, 0.0247216, 0.0)], [0.812905, 0.129903, 0.567724, 0.0)], [-0.00389588, -0.00358827, -0.00233173, 1.0)]])
-0.00389588, -0.00358827, -0.00233173
float3(-0.130271, 0.961152, -3.08115)
264259.782124375
normal
simd_float4x4([[-0.542648, -0.0224927, 0.839659, 0.0)], [0.103966, -0.993753, 0.0405695, 0.0)], [0.833501, 0.109311, 0.541597, 0.0)], [-0.00810912, -0.00846247, -0.00217324, 1.0)]])
-0.00810912, -0.00846247, -0.00217324
float3(-0.109529, 0.994572, -3.11896)
264259.915442916
normal
simd_float4x4([[-0.54091, -0.0293162, 0.84057, 0.0)], [0.123829, -0.991278, 0.0451121, 0.0)], [0.831915, 0.128489, 0.539822, 0.0)], [-0.0120595, -0.00688571, 0.00991551, 1.0)]])
-0.0120595, -0.00688571, 0.00991551
float3(-0.128845, 0.995202, -3.11203)
264260.048761375
normal
simd_float4x4([[-0.542233, -0.0218008, 0.839945, 0.0)], [0.121688, -0.991162, 0.0528307, 0.0)], [0.83137, 0.130858, 0.540093, 0.0)], [-0.0132151, -0.00681773, 0.00753079, 1.0)]])
-0.0132151, -0.00681773, 0.00753079
float3(-0.131234, 0.994672, -3.1196)
264260.182079791
normal
simd_float4x4([[-0.546528, -0.0127462, 0.837344, 0.0)], [0.0779143, -0.996321, 0.0356879, 0.0)], [0.833808, 0.0847456, 0.545511, 0.0)], [-0.0166349, -0.0118848, 0.00462172, 1.0)]])
-0.0166349, -0.0118848, 0.00462172
float3(-0.0848473, 0.991446, -3.1288)
264260.315398375
normal
simd_float4x4([[-0.555082, -0.0362675, 0.831005, 0.0)], [0.0817938, -0.996587, 0.0111413, 0.0)], [0.827765, 0.0741554, 0.556153, 0.0)], [-0.0216463, -0.0214353, 0.011695, 1.0)]])
-0.0216463, -0.0214353, 0.011695
float3(-0.0742235, 0.979197, -3.10522)
264260.448716708
normal
simd_float4x4([[-0.591009, -0.0380788, 0.805766, 0.0)], [0.0641016, -0.997944, -0.000143874, 0.0)], [0.804114, 0.0515659, 0.592234, 0.0)], [-0.0227032, -0.0237415, 0.0142174, 1.0)]])
-0.0227032, -0.0237415, 0.0142174
float3(-0.0515888, 0.935988, -3.10345)
264260.58203525
normal
simd_float4x4([[-0.601627, -0.0788967, 0.794871, 0.0)], [0.0395942, -0.996832, -0.0689745, 0.0)], [0.797795, -0.0100247, 0.602845, 0.0)], [-0.025174, -0.0227016, 0.0116267, 1.0)]])
-0.025174, -0.0227016, 0.0116267
float3(0.0100248, 0.923696, -3.06261)
264260.715353708
normal
simd_float4x4([[-0.590775, -0.0705793, 0.803744, 0.0)], [0.0415224, -0.997506, -0.0570741, 0.0)], [0.805767, -0.000344594, 0.592232, 0.0)], [-0.0262993, -0.0264173, 0.0115086, 1.0)]])
-0.0262993, -0.0264173, 0.0115086
float3(0.000344594, 0.93697, -3.07095)
264260.848672291
normal
simd_float4x4([[-0.56777, -0.0533207, 0.821458, 0.0)], [0.031107, -0.998577, -0.0433171, 0.0)], [0.822599, 0.000958938, 0.568621, 0.0)], [-0.0292652, -0.027071, 0.00931826, 1.0)]])
-0.0292652, -0.027071, 0.00931826
float3(-0.000958938, 0.965967, -3.08825)
264260.98199075
normal
simd_float4x4([[-0.537824, -0.0170504, 0.842885, 0.0)], [0.014077, -0.999838, -0.0112432, 0.0)], [0.84294, 0.0058184, 0.537976, 0.0)], [-0.0304212, -0.0278924, 0.00613038, 1.0)]])
-0.0304212, -0.0278924, 0.00613038
float3(-0.00581843, 1.00275, -3.12454)
264261.115309416
normal
simd_float4x4([[-0.531167, -0.00998955, 0.847208, 0.0)], [0.00247425, -0.999945, -0.0102392, 0.0)], [0.847264, -0.00334253, 0.531162, 0.0)], [-0.0302872, -0.0274301, 0.00751104, 1.0)]])
-0.0302872, -0.0274301, 0.00751104
float3(0.00334253, 1.01082, -3.1316)
264261.248627791
normal
simd_float4x4([[-0.56284, -0.036469, 0.825761, 0.0)], [-0.00184159, -0.998969, -0.0453737, 0.0)], [0.826564, -0.0270589, 0.562192, 0.0)], [-0.027984, -0.0286918, 0.0131133, 1.0)]])
-0.027984, -0.0286918, 0.0131133
float3(0.0270622, 0.973513, -3.1051)
264261.381946083
normal
simd_float4x4([[-0.579244, -0.0600766, 0.812937, 0.0)], [-0.0222868, -0.995741, -0.0894659, 0.0)], [0.814849, -0.0699404, 0.575438, 0.0)], [-0.0251289, -0.0334716, 0.0128412, 1.0)]])
-0.0251289, -0.0334716, 0.0128412
float3(0.0699975, 0.955929, -3.08133)
264261.51526475
normal
simd_float4x4([[-0.573329, -0.0714654, 0.816203, 0.0)], [-0.0245082, -0.994247, -0.10427, 0.0)], [0.818959, -0.0797847, 0.568279, 0.0)], [-0.0213641, -0.0370031, 0.0152535, 1.0)]])
-0.0213641, -0.0370031, 0.0152535
float3(0.0798696, 0.964173, -3.06984)
264261.648583208
normal
simd_float4x4([[-0.567412, -0.0945016, 0.817993, 0.0)], [-0.0400767, -0.989046, -0.142063, 0.0)], [0.822458, -0.113391, 0.557409, 0.0)], [-0.0204937, -0.0392764, 0.015632, 1.0)]])
-0.0204937, -0.0392764, 0.015632
float3(0.113635, 0.97517, -3.04633)
264261.781901791
normal
simd_float4x4([[-0.570952, -0.110554, 0.813506, 0.0)], [-0.0392854, -0.986078, -0.161578, 0.0)], [0.820043, -0.124212, 0.55866, 0.0)], [-0.0192617, -0.0421408, 0.0174163, 1.0)]])
-0.0192617, -0.0421408, 0.0174163
float3(0.124534, 0.97276, -3.02994)
264261.915220291
normal
simd_float4x4([[-0.568567, -0.123144, 0.813368, 0.0)], [-0.0348086, -0.984246, -0.173347, 0.0)], [0.8219, -0.126872, 0.555323, 0.0)], [-0.0236541, -0.0462973, 0.0174297, 1.0)]])
-0.0236541, -0.0462973, 0.0174297
float3(0.127214, 0.976595, -3.01712)
264262.048538791
normal
simd_float4x4([[-0.570956, -0.157297, 0.805771, 0.0)], [-0.0292556, -0.976952, -0.211444, 0.0)], [0.820459, -0.144299, 0.553195, 0.0)], [-0.0245066, -0.0506019, 0.0181715, 1.0)]])
-0.0245066, -0.0506019, 0.0181715
float3(0.144804, 0.977562, -2.98195)
264262.181857333
normal
simd_float4x4([[-0.564114, -0.165377, 0.808966, 0.0)], [-0.0350217, -0.974063, -0.22355, 0.0)], [0.824954, -0.154439, 0.543691, 0.0)], [-0.0259703, -0.0563841, 0.0162406, 1.0)]])
-0.0259703, -0.0563841, 0.0162406
float3(0.15506, 0.988081, -2.97342)
264262.31517575
normal
simd_float4x4([[-0.573266, -0.148007, 0.805891, 0.0)], [-0.0291867, -0.979237, -0.200605, 0.0)], [0.818849, -0.138521, 0.557043, 0.0)], [-0.0268131, -0.067082, 0.0174888, 1.0)]])
-0.0268131, -0.067082, 0.0174888
float3(0.138968, 0.973431, -2.99158)
264262.44849425
normal
simd_float4x4([[-0.569424, -0.15147, 0.807969, 0.0)], [-0.0287258, -0.978611, -0.203705, 0.0)], [0.821542, -0.139204, 0.552893, 0.0)], [-0.0303629, -0.0775488, 0.0163026, 1.0)]])
-0.0303629, -0.0775488, 0.0163026
float3(0.139657, 0.978426, -2.98803)
264262.581812666
normal
simd_float4x4([[-0.557836, -0.146065, 0.816997, 0.0)], [-0.0360015, -0.979206, -0.199647, 0.0)], [0.82917, -0.140783, 0.540978, 0.0)], [-0.0327785, -0.0902961, 0.0141266, 1.0)]])
-0.0327785, -0.0902961, 0.0141266
float3(0.141253, 0.992713, -2.99352)
264262.71513125
normal
simd_float4x4([[-0.54485, -0.137821, 0.82713, 0.0)], [-0.0379516, -0.981337, -0.188516, 0.0)], [0.837674, -0.134104, 0.52945, 0.0)], [-0.0332592, -0.100792, 0.00667413, 1.0)]])
-0.0332592, -0.100792, 0.00667413
float3(0.134509, 1.00714, -3.00206)
264262.84844975
normal
simd_float4x4([[-0.545048, -0.133952, 0.827635, 0.0)], [-0.0408897, -0.981732, -0.185821, 0.0)], [0.837407, -0.135123, 0.529614, 0.0)], [-0.0355989, -0.108649, 0.00132254, 1.0)]])
-0.0355989, -0.108649, 0.00132254
float3(0.135538, 1.00686, -3.00599)
264262.981768208
normal
simd_float4x4([[-0.545981, -0.13226, 0.827292, 0.0)], [-0.0488479, -0.980755, -0.189032, 0.0)], [0.836373, -0.143619, 0.529013, 0.0)], [-0.034674, -0.113166, -0.00800416, 1.0)]])
-0.034674, -0.113166, -0.00800416
float3(0.144117, 1.00682, -3.00755)
264263.115086541
normal
simd_float4x4([[-0.551876, -0.14431, 0.821345, 0.0)], [-0.0520509, -0.977032, -0.206639, 0.0)], [0.8323, -0.156791, 0.531689, 0.0)], [-0.0308363, -0.109949, -0.0120245, 1.0)]])
-0.0308363, -0.109949, -0.0120245
float3(0.15744, 1.00232, -2.99495)
264263.248405125
normal
simd_float4x4([[-0.563959, -0.133542, 0.814934, 0.0)], [-0.0530946, -0.978933, -0.197159, 0.0)], [0.824095, -0.154458, 0.544987, 0.0)], [-0.0294819, -0.115802, -0.0148092, 1.0)]])
-0.0294819, -0.115802, -0.0148092
float3(0.155079, 0.986507, -3.00601)
264263.38172375
normal
simd_float4x4([[-0.563866, -0.116591, 0.817595, 0.0)], [-0.0615811, -0.981293, -0.182405, 0.0)], [0.823567, -0.153201, 0.546138, 0.0)], [-0.0279903, -0.114439, -0.018138, 1.0)]])
-0.0279903, -0.114439, -0.018138
float3(0.153806, 0.985241, -3.02333)
264263.51504225
normal
simd_float4x4([[-0.552465, -0.13253, 0.822933, 0.0)], [-0.0715154, -0.976102, -0.205208, 0.0)], [0.830462, -0.172223, 0.529785, 0.0)], [-0.0262899, -0.0841247, -0.0119247, 1.0)]])
-0.0262899, -0.0841247, -0.0119247
float3(0.173086, 1.00295, -3.00664)
264263.648360666
normal
simd_float4x4([[-0.56005, -0.126982, 0.818669, 0.0)], [-0.0580512, -0.97974, -0.191677, 0.0)], [0.826422, -0.154874, 0.541332, 0.0)], [-0.026874, -0.080006, -0.00658497, 1.0)]])
-0.026874, -0.080006, -0.00658497
float3(0.1555, 0.990893, -3.0127)
264263.781679291
normal
simd_float4x4([[-0.560236, -0.106475, 0.821461, 0.0)], [-0.0766794, -0.98078, -0.179421, 0.0)], [0.824776, -0.163507, 0.541304, 0.0)], [-0.023421, -0.078805, -0.00209362, 1.0)]])
-0.023421, -0.078805, -0.00209362
float3(0.164245, 0.990002, -3.03345)
264263.914997833
normal
simd_float4x4([[-0.539222, -0.114506, 0.834343, 0.0)], [-0.0553089, -0.98376, -0.170757, 0.0)], [0.840346, -0.138223, 0.524131, 0.0)], [-0.0244378, -0.0693677, -0.00201398, 1.0)]])
-0.0244378, -0.0693677, -0.00201398
float3(0.138667, 1.01313, -3.02572)
264264.048316208
normal
simd_float4x4([[-0.530711, -0.0653589, 0.845029, 0.0)], [-0.0537889, -0.992415, -0.11054, 0.0)], [0.845844, -0.104118, 0.52317, 0.0)], [-0.0229227, -0.0691, -0.00887622, 1.0)]])
-0.0229227, -0.0691, -0.00887622
float3(0.104307, 1.01687, -3.07583)
264264.181634583
normal
simd_float4x4([[-0.540154, -0.0935543, 0.83635, 0.0)], [-0.0483591, -0.988709, -0.14183, 0.0)], [0.840176, -0.117055, 0.52953, 0.0)], [-0.0163905, -0.067967, -0.0113838, 1.0)]])
-0.0163905, -0.067967, -0.0113838
float3(0.117324, 1.00842, -3.04725)
264264.314953208
normal
simd_float4x4([[-0.592912, -0.0993212, 0.799119, 0.0)], [-0.037675, -0.987857, -0.150732, 0.0)], [0.804385, -0.119478, 0.58197, 0.0)], [-0.00950693, -0.0632891, -0.00940865, 1.0)]])
-0.00950693, -0.0632891, -0.00940865
float3(0.119764, 0.944475, -3.04139)
264264.448271791
normal
simd_float4x4([[-0.557651, -0.0587607, 0.827993, 0.0)], [-0.0272516, -0.995658, -0.0890133, 0.0)], [0.829628, -0.0722025, 0.553628, 0.0)], [-0.00251268, -0.0676436, -0.0141227, 1.0)]])
-0.00251268, -0.0676436, -0.0141227
float3(0.0722654, 0.982341, -3.08264)
264264.581590166
normal
simd_float4x4([[-0.558645, -0.0449414, 0.828188, 0.0)], [-0.0378767, -0.996107, -0.0796027, 0.0)], [0.828542, -0.0758387, 0.554768, 0.0)], [0.00798198, -0.0612611, -0.0205904, 1.0)]])
0.00798198, -0.0612611, -0.0205904
float3(0.0759116, 0.980786, -3.09651)
264264.714908708
normal
simd_float4x4([[-0.591921, -0.0624561, 0.803573, 0.0)], [-0.0254688, -0.995046, -0.0960985, 0.0)], [0.805594, -0.0773487, 0.587397, 0.0)], [0.0145279, -0.0506293, -0.0239943, 1.0)]])
0.0145279, -0.0506293, -0.0239943
float3(0.077426, 0.940774, -3.07891)
264264.848227125
normal
simd_float4x4([[-0.609471, -0.028976, 0.792279, 0.0)], [-0.016762, -0.998638, -0.0494175, 0.0)], [0.792632, -0.0433987, 0.608154, 0.0)], [0.0177441, -0.0490152, -0.0215201, 1.0)]])
0.0177441, -0.0490152, -0.0215201
float3(0.0434124, 0.91634, -3.11259)
264264.981545666
normal
simd_float4x4([[-0.605187, -0.0274188, 0.795611, 0.0)], [-0.0217476, -0.998464, -0.0509521, 0.0)], [0.795786, -0.0481382, 0.603661, 0.0)], [0.0173004, -0.0473345, -0.0266261, 1.0)]])
0.0173004, -0.0473345, -0.0266261
float3(0.0481568, 0.921832, -3.11414)
264265.114864041
normal
simd_float4x4([[-0.625833, -0.0400223, 0.778929, 0.0)], [-0.0186862, -0.997627, -0.0662727, 0.0)], [0.779733, -0.0560309, 0.6236, 0.0)], [0.01466, -0.0446409, -0.0249314, 1.0)]])
0.01466, -0.0446409, -0.0249314
float3(0.0560603, 0.896201, -3.1015)
264265.248182625
normal
simd_float4x4([[-0.634541, -0.0333601, 0.772169, 0.0)], [-0.0509204, -0.995093, -0.0848357, 0.0)], [0.77121, -0.0931509, 0.629729, 0.0)], [0.0156314, -0.0413526, -0.0224171, 1.0)]])
0.0156314, -0.0413526, -0.0224171
float3(0.0932861, 0.886047, -3.10808)
264265.381501166
normal
simd_float4x4([[-0.649247, -0.0465518, 0.759152, 0.0)], [-0.0115473, -0.997407, -0.0710373, 0.0)], [0.76049, -0.0548868, 0.647025, 0.0)], [0.010439, -0.0418601, -0.0130165, 1.0)]])
0.010439, -0.0418601, -0.0130165
float3(0.0549144, 0.865838, -3.09495)
264265.514819833
normal
simd_float4x4([[-0.652491, -0.0482173, 0.756261, 0.0)], [0.024538, -0.998795, -0.0425095, 0.0)], [0.757399, -0.00917992, 0.652887, 0.0)], [0.0045274, -0.042361, -0.0140496, 1.0)]])
0.0045274, -0.042361, -0.0140496
float3(0.00918005, 0.85937, -3.09335)
264265.648138291
normal
simd_float4x4([[-0.645927, -0.0346339, 0.762613, 0.0)], [0.02454, -0.999396, -0.0246021, 0.0)], [0.763005, 0.00282336, 0.646386, 0.0)], [-0.000153982, -0.0410272, -0.0184912, 1.0)]])
-0.000153982, -0.0410272, -0.0184912
float3(-0.00282336, 0.867954, -3.10695)
264265.781456666
normal
simd_float4x4([[-0.647577, -0.0382493, 0.76104, 0.0)], [0.0437756, -0.998957, -0.0129578, 0.0)], [0.760742, 0.0249238, 0.648576, 0.0)], [-0.00524151, -0.0357779, -0.0230231, 1.0)]])
-0.00524151, -0.0357779, -0.0230231
float3(-0.0249264, 0.864819, -3.10332)
264265.914775041
normal
simd_float4x4([[-0.665216, -0.0516426, 0.744863, 0.0)], [0.0654006, -0.997801, -0.0107718, 0.0)], [0.743781, 0.0415489, 0.66713, 0.0)], [-0.00838086, -0.0304522, -0.0257031, 1.0)]])
-0.00838086, -0.0304522, -0.0257031
float3(-0.0415609, 0.839672, -3.08988)
264266.048093666
normal
simd_float4x4([[-0.687048, -0.0499147, 0.724896, 0.0)], [0.0882729, -0.995982, 0.0150828, 0.0)], [0.721231, 0.0743513, 0.688693, 0.0)], [-0.00606587, -0.0300136, -0.0316587, 1.0)]])
-0.00606587, -0.0300136, -0.0316587
float3(-0.07442, 0.808472, -3.09152)
264266.181412125
normal
simd_float4x4([[-0.688168, -0.0589171, 0.723155, 0.0)], [0.0998411, -0.994906, 0.0139535, 0.0)], [0.718649, 0.081803, 0.690544, 0.0)], [-0.00405806, -0.0303179, -0.0388438, 1.0)]])
-0.00405806, -0.0303179, -0.0388438
float3(-0.0818945, 0.80534, -3.08244)
264266.314730708
normal
simd_float4x4([[-0.695507, -0.0749314, 0.714602, 0.0)], [0.123134, -0.992264, 0.0157977, 0.0)], [0.70789, 0.0989795, 0.699353, 0.0)], [-0.00404877, -0.0317484, -0.0428497, 1.0)]])
-0.00404877, -0.0317484, -0.0428497
float3(-0.0991418, 0.791464, -3.06622)
264266.448049333
normal
simd_float4x4([[-0.708952, -0.0550473, 0.703105, 0.0)], [0.085255, -0.996328, 0.00795987, 0.0)], [0.700085, 0.0655864, 0.711041, 0.0)], [-0.00114614, -0.0394869, -0.0435871, 1.0)]])
-0.00114614, -0.0394869, -0.0435871
float3(-0.0656335, 0.777634, -3.0864)
264266.581367625
normal
simd_float4x4([[-0.73847, -0.0653557, 0.671112, 0.0)], [0.087945, -0.996125, -0.000235026, 0.0)], [0.668527, 0.0588474, 0.741356, 0.0)], [0.00639716, -0.040006, -0.0367131, 1.0)]])
0.00639716, -0.040006, -0.0367131
float3(-0.0588814, 0.733788, -3.07608)
264266.714686041
normal
simd_float4x4([[-0.767711, -0.0792989, 0.635871, 0.0)], [0.0812506, -0.996351, -0.026157, 0.0)], [0.635624, 0.0315838, 0.771352, 0.0)], [0.0190163, -0.0357403, -0.0386833, 1.0)]])
0.0190163, -0.0357403, -0.0386833
float3(-0.0315891, 0.689228, -3.06217)
264266.848004625
normal
simd_float4x4([[-0.758542, -0.0604182, 0.648817, 0.0)], [0.0524487, -0.998123, -0.0316272, 0.0)], [0.64951, 0.010039, 0.760287, 0.0)], [0.0150986, -0.0415303, -0.0436877, 1.0)]])
0.0150986, -0.0415303, -0.0436877
float3(-0.0100392, 0.706983, -3.08113)
264266.981323166
normal
simd_float4x4([[-0.740905, -0.085271, 0.666175, 0.0)], [0.116329, -0.993208, 0.00224715, 0.0)], [0.661458, 0.0791605, 0.745792, 0.0)], [0.0101448, -0.0420798, -0.0390936, 1.0)]])
0.0101448, -0.0420798, -0.0390936
float3(-0.0792434, 0.725542, -3.05595)
264267.114641708
normal
simd_float4x4([[-0.716154, -0.0642255, 0.694981, 0.0)], [0.141726, -0.988393, 0.0547034, 0.0)], [0.683401, 0.137673, 0.716944, 0.0)], [0.000748915, -0.0561865, -0.0361718, 1.0)]])
0.000748915, -0.0561865, -0.0361718
float3(-0.138112, 0.76145, -3.0767)
264267.247960208
normal
simd_float4x4([[-0.654718, -0.0719302, 0.752443, 0.0)], [0.172641, -0.98338, 0.056212, 0.0)], [0.735893, 0.166705, 0.656255, 0.0)], [-0.0112025, -0.0601881, -0.0451141, 1.0)]])
-0.0112025, -0.0601881, -0.0451141
float3(-0.167487, 0.842541, -3.06858)
264267.381278666
normal
simd_float4x4([[-0.636685, -0.0616969, 0.768652, 0.0)], [0.124033, -0.992009, 0.0231137, 0.0)], [0.761083, 0.110055, 0.63925, 0.0)], [-0.0122929, -0.0509637, -0.0512824, 1.0)]])
-0.0122929, -0.0509637, -0.0512824
float3(-0.110278, 0.872183, -3.07948)
264267.514597041
normal
simd_float4x4([[-0.650201, -0.0922362, 0.754142, 0.0)], [0.167069, -0.985666, 0.0234892, 0.0)], [0.741165, 0.141266, 0.656291, 0.0)], [-0.00965509, -0.043805, -0.0483559, 1.0)]])
-0.00965509, -0.043805, -0.0483559
float3(-0.14174, 0.846059, -3.04829)
264267.647915708
normal
simd_float4x4([[-0.6796, -0.063476, 0.730831, 0.0)], [0.146175, -0.987989, 0.0501167, 0.0)], [0.718872, 0.140889, 0.680716, 0.0)], [-0.0057512, -0.0453884, -0.0454121, 1.0)]])
-0.0057512, -0.0453884, -0.0454121
float3(-0.141359, 0.812654, -3.07743)
264267.781234166
normal
simd_float4x4([[-0.700783, -0.0465574, 0.711854, 0.0)], [0.117461, -0.991779, 0.0507689, 0.0)], [0.703638, 0.119193, 0.70049, 0.0)], [0.00223553, -0.0473911, -0.0454982, 1.0)]])
0.00223553, -0.0473911, -0.0454982
float3(-0.119477, 0.78764, -3.09468)
264267.914552625
normal
simd_float4x4([[-0.721754, -0.0715761, 0.688439, 0.0)], [0.144057, -0.988392, 0.0482659, 0.0)], [0.676993, 0.13401, 0.723686, 0.0)], [0.00678591, -0.0391284, -0.0526648, 1.0)]])
0.00678591, -0.0391284, -0.0526648
float3(-0.134415, 0.752074, -3.0693)
264268.047871208
normal
simd_float4x4([[-0.741004, -0.059481, 0.668861, 0.0)], [0.0933602, -0.995521, 0.0148996, 0.0)], [0.664979, 0.0734856, 0.743238, 0.0)], [0.015193, -0.039495, -0.0540914, 1.0)]])
0.015193, -0.039495, -0.0540914
float3(-0.0735519, 0.729882, -3.08191)
264268.181189791
normal
simd_float4x4([[-0.758444, -0.0941919, 0.644896, 0.0)], [0.168735, -0.984142, 0.0547034, 0.0)], [0.629517, 0.150306, 0.76231, 0.0)], [0.0194611, -0.0398204, -0.0536533, 1.0)]])
0.0194611, -0.0398204, -0.0536533
float3(-0.150878, 0.690277, -3.04617)
264268.314508375
normal
simd_float4x4([[-0.770907, -0.121021, 0.625345, 0.0)], [0.209244, -0.975413, 0.0691805, 0.0)], [0.601597, 0.184181, 0.777276, 0.0)], [0.0213181, -0.0380734, -0.0535447, 1.0)]])
0.0213181, -0.0380734, -0.0535447
float3(-0.185239, 0.658674, -3.01815)
264268.447826666
normal
simd_float4x4([[-0.761628, -0.13152, 0.634528, 0.0)], [0.208763, -0.976782, 0.0481199, 0.0)], [0.613467, 0.169116, 0.7714, 0.0)], [0.0238225, -0.0395378, -0.0508446, 1.0)]])
0.0238225, -0.0395378, -0.0508446
float3(-0.169932, 0.671846, -3.00775)
264268.581145125
normal
simd_float4x4([[-0.758762, -0.129761, 0.638312, 0.0)], [0.215684, -0.974725, 0.0582351, 0.0)], [0.614622, 0.18186, 0.767572, 0.0)], [0.0256852, -0.0414236, -0.0479655, 1.0)]])
0.0256852, -0.0414236, -0.0479655
float3(-0.182878, 0.675189, -3.00925)
264268.714463708
normal
simd_float4x4([[-0.762864, -0.131021, 0.633145, 0.0)], [0.208016, -0.976924, 0.0484739, 0.0)], [0.612183, 0.168683, 0.772514, 0.0)], [0.0280647, -0.0411466, -0.0484949, 1.0)]])
0.0280647, -0.0411466, -0.0484949
float3(-0.169494, 0.670123, -3.00827)
264268.847782208
normal
simd_float4x4([[-0.762585, -0.124174, 0.634858, 0.0)], [0.189452, -0.981243, 0.0356432, 0.0)], [0.618524, 0.147456, 0.771806, 0.0)], [0.0273486, -0.0364076, -0.0439482, 1.0)]])
0.0273486, -0.0364076, -0.0439482
float3(-0.147996, 0.675592, -3.01571)
264268.981100875
normal
simd_float4x4([[-0.752372, -0.103567, 0.650546, 0.0)], [0.166601, -0.985374, 0.035806, 0.0)], [0.637323, 0.135321, 0.758622, 0.0)], [0.0179582, -0.0355464, -0.0328339, 1.0)]])
0.0179582, -0.0355464, -0.0328339
float3(-0.135737, 0.698722, -3.03687)
264269.114419375
normal
simd_float4x4([[-0.72788, -0.0821101, 0.68077, 0.0)], [0.148884, -0.988045, 0.0400152, 0.0)], [0.669346, 0.130482, 0.731403, 0.0)], [0.00176965, -0.0358511, -0.0189103, 1.0)]])
0.00176965, -0.0358511, -0.0189103
float3(-0.130855, 0.741124, -3.05868)
264269.247737833
normal
simd_float4x4([[-0.692622, -0.0736699, 0.717529, 0.0)], [0.143971, -0.988873, 0.0374436, 0.0)], [0.706787, 0.129237, 0.695521, 0.0)], [-0.0243422, -0.0355652, -0.00737939, 1.0)]])
-0.0243422, -0.0355652, -0.00737939
float3(-0.1296, 0.793432, -3.06723)
264269.381056083
normal
simd_float4x4([[-0.662127, -0.0955596, 0.743274, 0.0)], [0.167926, -0.985534, 0.0228866, 0.0)], [0.730335, 0.139969, 0.668595, 0.0)], [-0.0456421, -0.0357358, -0.000977024, 1.0)]])
-0.0456421, -0.0357358, -0.000977024
float3(-0.14043, 0.829503, -3.04493)
264269.514374666
normal
simd_float4x4([[-0.651974, -0.10132, 0.751441, 0.0)], [0.166978, -0.985888, 0.0119447, 0.0)], [0.739627, 0.133262, 0.659692, 0.0)], [-0.0484045, -0.039803, -0.00248964, 1.0)]])
-0.0484045, -0.039803, -0.00248964
float3(-0.13366, 0.84246, -3.03918)
264269.647693166
normal
simd_float4x4([[-0.639969, -0.106268, 0.761017, 0.0)], [0.176603, -0.98422, 0.0110762, 0.0)], [0.747831, 0.141486, 0.648638, 0.0)], [-0.0425502, -0.0415476, -0.00687712, 1.0)]])
-0.0425502, -0.0415476, -0.00687712
float3(-0.141962, 0.856311, -3.03404)
264269.781011791
normal
simd_float4x4([[-0.617851, -0.112805, 0.778162, 0.0)], [0.191452, -0.981454, 0.00973558, 0.0)], [0.762632, 0.154996, 0.627988, 0.0)], [-0.0354198, -0.0381795, -0.0115238, 1.0)]])
-0.0354198, -0.0381795, -0.0115238
float3(-0.155623, 0.88192, -3.02716)
264269.914330291
normal
simd_float4x4([[-0.571947, -0.10326, 0.813765, 0.0)], [0.17526, -0.984521, -0.00174759, 0.0)], [0.801349, 0.141621, 0.581191, 0.0)], [-0.0269189, -0.0382433, -0.0158329, 1.0)]])
-0.0269189, -0.0382433, -0.0158329
float3(-0.142099, 0.943314, -3.03709)
264270.04764875
normal
simd_float4x4([[-0.522433, -0.0834837, 0.848584, 0.0)], [0.157275, -0.987555, -0.000328584, 0.0)], [0.83805, 0.13329, 0.529061, 0.0)], [-0.0142761, -0.0383073, -0.0162965, 1.0)]])
-0.0142761, -0.0383073, -0.0162965
float3(-0.133688, 1.00768, -3.05726)
264270.180967166
normal
simd_float4x4([[-0.455333, -0.0634765, 0.888055, 0.0)], [0.149695, -0.988714, 0.00608164, 0.0)], [0.877646, 0.135706, 0.459696, 0.0)], [-0.00435435, -0.0412589, -0.00848649, 1.0)]])
-0.00435435, -0.0412589, -0.00848649
float3(-0.136126, 1.0883, -3.07748)
264270.31428575
normal
simd_float4x4([[-0.367208, -0.0443191, 0.929082, 0.0)], [0.161703, -0.986696, 0.0168438, 0.0)], [0.915975, 0.156421, 0.36949, 0.0)], [0.00041226, -0.0474479, -0.000262956, 1.0)]])
0.00041226, -0.0474479, -0.000262956
float3(-0.157066, 1.18738, -3.09671)
264270.447604291
normal
simd_float4x4([[-0.289499, -0.0341318, 0.956569, 0.0)], [0.172157, -0.984924, 0.0169587, 0.0)], [0.941569, 0.16959, 0.291011, 0.0)], [0.00526788, -0.0507832, 0.00564995, 1.0)]])
0.00526788, -0.0507832, 0.00564995
float3(-0.170414, 1.27104, -3.10695)
264270.58092275
normal
simd_float4x4([[-0.24022, -0.0243247, 0.970414, 0.0)], [0.177631, -0.983908, 0.0193085, 0.0)], [0.954328, 0.177013, 0.240675, 0.0)], [0.00843869, -0.0552285, 0.00644248, 1.0)]])
0.00843869, -0.0552285, 0.00644248
float3(-0.177951, 1.32375, -3.11688)
264270.714241333
normal
simd_float4x4([[-0.215199, -0.0164515, 0.976432, 0.0)], [0.149137, -0.988684, 0.0162109, 0.0)], [0.965115, 0.149111, 0.215218, 0.0)], [0.00387692, -0.0609087, 0.00335683, 1.0)]])
0.00387692, -0.0609087, 0.00335683
float3(-0.149669, 1.35139, -3.12495)
264270.847559916
normal
simd_float4x4([[-0.214736, -0.0252581, 0.976345, 0.0)], [0.111652, -0.993747, -0.00115177, 0.0)], [0.970269, 0.108763, 0.216213, 0.0)], [-0.0175124, -0.0624553, -0.0113791, 1.0)]])
-0.0175124, -0.0624553, -0.0113791
float3(-0.108979, 1.35154, -3.11618)
264270.980878375
normal
simd_float4x4([[-0.238397, -0.099055, 0.966103, 0.0)], [0.128754, -0.989227, -0.0696543, 0.0)], [0.962595, 0.107785, 0.248583, 0.0)], [-0.0516868, -0.0562567, -0.0268275, 1.0)]])
-0.0516868, -0.0562567, -0.0268275
float3(-0.107994, 1.31808, -3.04179)
264271.114196666
normal
simd_float4x4([[-0.256121, -0.117352, 0.959495, 0.0)], [0.113421, -0.989395, -0.0907333, 0.0)], [0.959968, 0.0855886, 0.266715, 0.0)], [-0.094722, -0.0522441, -0.0408138, 1.0)]])
-0.094722, -0.0522441, -0.0408138
float3(-0.0856934, 1.29979, -3.02353)
264271.247515291
normal
simd_float4x4([[-0.265671, -0.111813, 0.957558, 0.0)], [0.102935, -0.990864, -0.0871436, 0.0)], [0.958553, 0.0754142, 0.274753, 0.0)], [-0.133091, -0.0498518, -0.0439139, 1.0)]])
-0.133091, -0.0498518, -0.0439139
float3(-0.0754859, 1.29165, -3.02922)
264271.380833791
normal
simd_float4x4([[-0.187986, -0.104786, 0.976566, 0.0)], [0.111691, -0.990123, -0.0847403, 0.0)], [0.9758, 0.0931437, 0.197833, 0.0)], [-0.174415, -0.0622906, -0.0427284, 1.0)]])
-0.174415, -0.0622906, -0.0427284
float3(-0.0932789, 1.37077, -3.03615)
264271.514152333
normal
simd_float4x4([[-0.101376, -0.0836852, 0.991322, 0.0)], [0.114657, -0.990799, -0.0719158, 0.0)], [0.988219, 0.106371, 0.110039, 0.0)], [-0.213616, -0.0739695, -0.0385283, 1.0)]])
-0.213616, -0.0739695, -0.0385283
float3(-0.106573, 1.4599, -3.05733)
264271.647470916
normal
simd_float4x4([[0.00981351, -0.0658648, 0.99778, 0.0)], [0.0905841, -0.993667, -0.0664842, 0.0)], [0.99584, 0.0910354, -0.00378508, 0.0)], [-0.249696, -0.0781336, -0.0397114, 1.0)]])
-0.249696, -0.0781336, -0.0397114
float3(-0.0911617, 1.5746, -3.0754)
264271.780789375
normal
simd_float4x4([[0.105654, -0.0660982, 0.992204, 0.0)], [0.0675025, -0.99501, -0.0734731, 0.0)], [0.992109, 0.074739, -0.100665, 0.0)], [-0.280456, -0.0754721, -0.0547545, 1.0)]])
-0.280456, -0.0754721, -0.0547545
float3(-0.0748087, 1.67192, -3.07526)
264271.91410775
normal
simd_float4x4([[0.175277, -0.0907465, 0.980328, 0.0)], [0.0596531, -0.992935, -0.102579, 0.0)], [0.98271, 0.0764593, -0.168625, 0.0)], [-0.31295, -0.06382, -0.0780484, 1.0)]])
-0.31295, -0.06382, -0.0780484
float3(-0.076534, 1.74073, -3.05045)
264272.047426333
normal
simd_float4x4([[0.248989, -0.0967038, 0.963666, 0.0)], [0.0100235, -0.994692, -0.102407, 0.0)], [0.968455, 0.0351575, -0.246698, 0.0)], [-0.341701, -0.0504178, -0.10537, 1.0)]])
-0.341701, -0.0504178, -0.10537
float3(-0.0351648, 1.82023, -3.04468)
264272.180744791
normal
simd_float4x4([[0.287971, -0.100706, 0.952329, 0.0)], [0.0132046, -0.993943, -0.109099, 0.0)], [0.957548, 0.0439925, -0.284897, 0.0)], [-0.359085, -0.0512045, -0.133997, 1.0)]])
-0.359085, -0.0512045, -0.133997
float3(-0.0440067, 1.85998, -3.04062)
264272.314063458
normal
simd_float4x4([[0.327772, -0.093428, 0.940126, 0.0)], [0.0335581, -0.993319, -0.110414, 0.0)], [0.944161, 0.0677395, -0.322447, 0.0)], [-0.289371, -0.0709721, -0.0910428, 1.0)]])
-0.289371, -0.0709721, -0.0910428
float3(-0.0677914, 1.89989, -3.04781)
264272.447381875
normal
simd_float4x4([[0.324163, -0.0968232, 0.941033, 0.0)], [0.0667495, -0.989928, -0.124848, 0.0)], [0.943643, 0.103284, -0.314435, 0.0)], [-0.272989, -0.0647002, -0.0892798, 1.0)]])
-0.272989, -0.0647002, -0.0892798
float3(-0.103469, 1.89244, -3.04409)
264272.580700416
normal
simd_float4x4([[0.327838, -0.0912336, 0.940318, 0.0)], [0.0437041, -0.992796, -0.111562, 0.0)], [0.943722, 0.0776703, -0.32149, 0.0)], [-0.279935, -0.05985, -0.0967092, 1.0)]])
-0.279935, -0.05985, -0.0967092
float3(-0.0777486, 1.89913, -3.04995)
264272.714019125
normal
simd_float4x4([[0.340369, -0.0884951, 0.936118, 0.0)], [0.0447097, -0.992912, -0.11012, 0.0)], [0.939228, 0.0793352, -0.334, 0.0)], [-0.298441, -0.0698634, -0.138989, 1.0)]])
-0.298441, -0.0698634, -0.138989
float3(-0.0794186, 1.91246, -3.0527)
264272.8473375
normal
simd_float4x4([[0.342588, -0.0911279, 0.935056, 0.0)], [0.0442542, -0.992615, -0.112951, 0.0)], [0.938443, 0.0800759, -0.336025, 0.0)], [-0.296572, -0.0740252, -0.141269, 1.0)]])
-0.296572, -0.0740252, -0.141269
float3(-0.0801617, 1.91464, -3.05004)
264272.980656083
normal
simd_float4x4([[0.329998, -0.0748947, 0.941006, 0.0)], [0.0513484, -0.993948, -0.0971155, 0.0)], [0.942584, 0.0803671, -0.324155, 0.0)], [-0.298358, -0.0807259, -0.146874, 1.0)]])
-0.298358, -0.0807259, -0.146874
float3(-0.0804539, 1.90203, -3.06638)
264273.113974625
normal
simd_float4x4([[0.310712, -0.0788896, 0.947224, 0.0)], [0.055805, -0.993317, -0.101034, 0.0)], [0.948865, 0.0842523, -0.304233, 0.0)], [-0.285424, -0.0890632, -0.137474, 1.0)]])
-0.285424, -0.0890632, -0.137474
float3(-0.0843523, 1.88107, -3.06234)
264273.247293208
normal
simd_float4x4([[0.292465, -0.0790166, 0.953006, 0.0)], [0.0549938, -0.993541, -0.0992543, 0.0)], [0.954694, 0.0814378, -0.286231, 0.0)], [-0.286897, -0.0875465, -0.145769, 1.0)]])
-0.286897, -0.0875465, -0.145769
float3(-0.0815281, 1.86208, -3.06223)
264273.380611708
normal
simd_float4x4([[0.275078, -0.0732555, 0.958627, 0.0)], [0.0580471, -0.994009, -0.0926158, 0.0)], [0.959668, 0.0811221, -0.269178, 0.0)], [-0.288447, -0.0868878, -0.152466, 1.0)]])
-0.288447, -0.0868878, -0.152466
float3(-0.0812113, 1.84426, -3.06803)
264273.513930375
normal
simd_float4x4([[0.224307, -0.068543, 0.972105, 0.0)], [0.0675174, -0.994033, -0.0856683, 0.0)], [0.972177, 0.08485, -0.218341, 0.0)], [-0.207135, -0.112195, -0.0840597, 1.0)]])
-0.207135, -0.112195, -0.0840597
float3(-0.0849522, 1.79172, -3.07275)
264273.647248708
normal
simd_float4x4([[0.203742, -0.069869, 0.976528, 0.0)], [0.0783909, -0.993083, -0.0874089, 0.0)], [0.975881, 0.0943598, -0.196856, 0.0)], [-0.216659, -0.113784, -0.0943648, 1.0)]])
-0.216659, -0.113784, -0.0943648
float3(-0.0945004, 1.76985, -3.07135)
264273.780567291
normal
simd_float4x4([[0.212417, -0.0582916, 0.975439, 0.0)], [0.0723886, -0.994538, -0.0751966, 0.0)], [0.974494, 0.0865837, -0.207037, 0.0)], [-0.235032, -0.11704, -0.126611, 1.0)]])
-0.235032, -0.11704, -0.126611
float3(-0.0866922, 1.78014, -3.08305)
264273.913885916
normal
simd_float4x4([[0.225968, -0.0618949, 0.972166, 0.0)], [0.0970697, -0.991582, -0.0856937, 0.0)], [0.969286, 0.113732, -0.218058, 0.0)], [-0.246514, -0.122521, -0.129448, 1.0)]])
-0.246514, -0.122521, -0.129448
float3(-0.113979, 1.79208, -3.07925)
264274.0472045
normal
simd_float4x4([[0.243597, -0.0675391, 0.967522, 0.0)], [0.10626, -0.989709, -0.0958412, 0.0)], [0.964038, 0.126155, -0.233913, 0.0)], [-0.262801, -0.120867, -0.133743, 1.0)]])
-0.262801, -0.120867, -0.133743
float3(-0.126492, 1.80884, -3.07346)
264274.180522958
normal
simd_float4x4([[0.246669, -0.0611293, 0.96717, 0.0)], [0.0933509, -0.991869, -0.0864988, 0.0)], [0.964593, 0.111623, -0.238957, 0.0)], [-0.280293, -0.117493, -0.130708, 1.0)]])
-0.280293, -0.117493, -0.130708
float3(-0.111856, 1.81364, -3.08004)
264274.313841583
normal
simd_float4x4([[0.266836, -0.0452214, 0.96268, 0.0)], [0.0809166, -0.99432, -0.0691362, 0.0)], [0.960339, 0.0963448, -0.261661, 0.0)], [-0.312084, -0.122692, -0.118084, 1.0)]])
-0.312084, -0.122692, -0.118084
float3(-0.0964945, 1.83681, -3.09614)
264274.44716025
normal
simd_float4x4([[0.288159, -0.0557805, 0.955957, 0.0)], [0.0727956, -0.994137, -0.0799514, 0.0)], [0.954812, 0.0926281, -0.282409, 0.0)], [-0.359369, -0.128722, -0.0982595, 1.0)]])
-0.359369, -0.128722, -0.0982595
float3(-0.0927611, 1.85837, -3.08554)
264274.580478583
normal
simd_float4x4([[0.287766, -0.0678994, 0.955291, 0.0)], [0.0724579, -0.993081, -0.0924122, 0.0)], [0.954956, 0.0958115, -0.280855, 0.0)], [-0.417343, -0.140517, -0.0766353, 1.0)]])
-0.417343, -0.140517, -0.0766353
float3(-0.0959587, 1.85683, -3.07333)
264274.713797166
normal
