ARKit Data
5468.15591625
normal
simd_float4x4([[0.0336897, -0.976635, 0.212247, 0.0)], [0.992593, 0.0078941, -0.121229, 0.0)], [0.116721, 0.214759, 0.969667, 0.0)], [-0.0463748, -0.018146, 0.0184835, 1.0)]])
-0.0463748, -0.018146, 0.0184835
float3(-0.216445, 0.119796, -1.56271)
5468.55760925
limited(__ObjC.ARCamera.TrackingState.Reason.initializing)
simd_float4x4([[-0.00946045, -0.974812, 0.222818, 0.0)], [0.999955, -0.00922234, 0.00210823, 0.0)], [1.28968e-08, 0.222828, 0.974856, 0.0)], [0.0, 0.0, 0.0, 1.0)]])
0.0, 0.0, 0.0
float3(-0.224715, 1.32295e-08, -1.58026)
5468.674263083
limited(__ObjC.ARCamera.TrackingState.Reason.initializing)
simd_float4x4([[-0.00946045, -0.974812, 0.222818, 0.0)], [0.999955, -0.00922234, 0.00210823, 0.0)], [1.28968e-08, 0.222828, 0.974856, 0.0)], [0.0, 0.0, 0.0, 1.0)]])
0.0, 0.0, 0.0
float3(-0.224715, 1.32295e-08, -1.58026)
5468.807581666
limited(__ObjC.ARCamera.TrackingState.Reason.initializing)
simd_float4x4([[0.000465315, -0.977117, 0.212704, 0.0)], [0.993694, 0.0243012, 0.109461, 0.0)], [-0.112125, 0.211311, 0.970966, 0.0)], [0.0, 0.0, 0.0, 1.0)]])
0.0, 0.0, 0.0
float3(-0.212916, -0.114969, -1.54593)
5468.940900291
limited(__ObjC.ARCamera.TrackingState.Reason.initializing)
simd_float4x4([[-0.00681937, -0.978665, 0.205349, 0.0)], [0.993865, 0.0160359, 0.10943, 0.0)], [-0.110388, 0.204835, 0.972552, 0.0)], [0.0, 0.0, 0.0, 1.0)]])
0.0, 0.0, 0.0
float3(-0.206295, -0.11302, -1.55441)
5469.074218958
limited(__ObjC.ARCamera.TrackingState.Reason.initializing)
simd_float4x4([[-0.00419695, -0.978607, 0.205696, 0.0)], [0.993847, 0.0186849, 0.109172, 0.0)], [-0.11068, 0.204888, 0.972507, 0.0)], [0.0, 0.0, 0.0, 1.0)]])
0.0, 0.0, 0.0
float3(-0.20635, -0.113321, -1.55171)
5469.207537333
limited(__ObjC.ARCamera.TrackingState.Reason.initializing)
simd_float4x4([[-0.00464925, -0.978602, 0.20571, 0.0)], [0.993897, 0.0181501, 0.108807, 0.0)], [-0.110212, 0.204961, 0.972545, 0.0)], [0.0, 0.0, 0.0, 1.0)]])
0.0, 0.0, 0.0
float3(-0.206424, -0.112842, -1.55225)
5469.340855833
limited(__ObjC.ARCamera.TrackingState.Reason.initializing)
simd_float4x4([[-0.00514497, -0.978567, 0.205867, 0.0)], [0.994219, 0.0170741, 0.106007, 0.0)], [-0.10725, 0.205222, 0.972821, 0.0)], [0.0, 0.0, 0.0, 1.0)]])
0.0, 0.0, 0.0
float3(-0.20669, -0.109803, -1.55335)
5469.474174625
limited(__ObjC.ARCamera.TrackingState.Reason.initializing)
simd_float4x4([[-0.00556333, -0.97836, 0.206833, 0.0)], [0.994517, 0.0161869, 0.103317, 0.0)], [-0.10443, 0.206274, 0.972906, 0.0)], [0.0, 0.0, 0.0, 1.0)]])
0.0, 0.0, 0.0
float3(-0.207765, -0.106929, -1.55425)
5469.60749325
limited(__ObjC.ARCamera.TrackingState.Reason.initializing)
simd_float4x4([[-0.00619383, -0.978227, 0.207443, 0.0)], [0.994571, 0.0155231, 0.102897, 0.0)], [-0.103877, 0.206954, 0.97282, 0.0)], [0.0, 0.0, 0.0, 1.0)]])
0.0, 0.0, 0.0
float3(-0.208461, -0.106376, -1.55493)
5469.740811833
limited(__ObjC.ARCamera.TrackingState.Reason.initializing)
simd_float4x4([[-0.00559218, -0.978603, 0.205681, 0.0)], [0.99489, 0.0152911, 0.099803, 0.0)], [-0.100813, 0.205188, 0.973517, 0.0)], [0.0, 0.0, 0.0, 1.0)]])
0.0, 0.0, 0.0
float3(-0.206656, -0.103187, -1.55517)
5469.874130291
limited(__ObjC.ARCamera.TrackingState.Reason.initializing)
simd_float4x4([[-0.00645301, -0.978457, 0.206347, 0.0)], [0.994883, 0.0145241, 0.0999831, 0.0)], [-0.100826, 0.205936, 0.973357, 0.0)], [0.0, 0.0, 0.0, 1.0)]])
0.0, 0.0, 0.0
float3(-0.20742, -0.103218, -1.55595)
5470.007448958
limited(__ObjC.ARCamera.TrackingState.Reason.initializing)
simd_float4x4([[-0.00683257, -0.978582, 0.205743, 0.0)], [0.995306, 0.0132083, 0.0958766, 0.0)], [-0.0965407, 0.205432, 0.973898, 0.0)], [0.0, 0.0, 0.0, 1.0)]])
0.0, 0.0, 0.0
float3(-0.206905, -0.0988053, -1.5573)
5470.140767541
limited(__ObjC.ARCamera.TrackingState.Reason.initializing)
simd_float4x4([[-0.00389294, -0.978451, 0.206441, 0.0)], [0.995304, 0.016176, 0.0954367, 0.0)], [-0.0967195, 0.205843, 0.973793, 0.0)], [0.0, 0.0, 0.0, 1.0)]])
0.0, 0.0, 0.0
float3(-0.207326, -0.0989977, -1.55427)
5470.274086041
limited(__ObjC.ARCamera.TrackingState.Reason.initializing)
simd_float4x4([[-0.00534089, -0.978717, 0.205147, 0.0)], [0.995178, 0.0148908, 0.0969503, 0.0)], [-0.0979417, 0.204675, 0.973917, 0.0)], [0.0, 0.0, 0.0, 1.0)]])
0.0, 0.0, 0.0
float3(-0.206132, -0.100228, -1.55558)
5470.407404625
limited(__ObjC.ARCamera.TrackingState.Reason.initializing)
simd_float4x4([[-0.00678636, -0.979012, 0.20369, 0.0)], [0.995089, 0.0135044, 0.0980607, 0.0)], [-0.0987534, 0.203355, 0.974112, 0.0)], [0.0, 0.0, 0.0, 1.0)]])
0.0, 0.0, 0.0
float3(-0.204784, -0.101033, -1.557)
5470.540723291
limited(__ObjC.ARCamera.TrackingState.Reason.initializing)
simd_float4x4([[-0.00905584, -0.981195, 0.192801, 0.0)], [0.995163, 0.0100177, 0.0977241, 0.0)], [-0.0978178, 0.192754, 0.976358, 0.0)], [0.0, 0.0, 0.0, 1.0)]])
0.0, 0.0, 0.0
float3(-0.193968, -0.0998532, -1.56059)
5470.674041791
limited(__ObjC.ARCamera.TrackingState.Reason.initializing)
simd_float4x4([[-0.0196988, -0.981921, 0.188255, 0.0)], [0.995372, -0.00154743, 0.0960834, 0.0)], [-0.094055, 0.189276, 0.977407, 0.0)], [0.0, 0.0, 0.0, 1.0)]])
0.0, 0.0, 0.0
float3(-0.190425, -0.0959337, -1.57237)
5470.807360541
limited(__ObjC.ARCamera.TrackingState.Reason.initializing)
simd_float4x4([[-0.0307219, -0.980735, 0.192901, 0.0)], [0.995237, -0.0121517, 0.0967228, 0.0)], [-0.0925153, 0.194954, 0.976437, 0.0)], [0.0, 0.0, 0.0, 1.0)]])
0.0, 0.0, 0.0
float3(-0.196211, -0.0944658, -1.58319)
5470.940678958
limited(__ObjC.ARCamera.TrackingState.Reason.initializing)
simd_float4x4([[-0.0324628, -0.980839, 0.192087, 0.0)], [0.994874, -0.0132964, 0.100239, 0.0)], [-0.0957647, 0.194357, 0.976243, 0.0)], [0.0, 0.0, 0.0, 1.0)]])
0.0, 0.0, 0.0
float3(-0.195602, -0.0977823, -1.58435)
5471.073997458
limited(__ObjC.ARCamera.TrackingState.Reason.initializing)
simd_float4x4([[-0.0327871, -0.980092, 0.195811, 0.0)], [0.994855, -0.0132126, 0.100448, 0.0)], [-0.0958611, 0.198097, 0.975482, 0.0)], [0.0, 0.0, 0.0, 1.0)]])
0.0, 0.0, 0.0
float3(-0.199416, -0.097956, -1.58428)
5471.207316125
limited(__ObjC.ARCamera.TrackingState.Reason.initializing)
simd_float4x4([[-0.0275818, -0.979742, 0.198353, 0.0)], [0.995185, -0.00824238, 0.0976718, 0.0)], [-0.0940582, 0.200092, 0.975251, 0.0)], [0.0, 0.0, 0.0, 1.0)]])
0.0, 0.0, 0.0
float3(-0.201452, -0.0961478, -1.57921)
5471.340634791
limited(__ObjC.ARCamera.TrackingState.Reason.initializing)
simd_float4x4([[-0.0248061, -0.979516, 0.19983, 0.0)], [0.994921, -0.00468264, 0.100552, 0.0)], [-0.0975569, 0.201309, 0.974657, 0.0)], [0.0, 0.0, 0.0, 1.0)]])
0.0, 0.0, 0.0
float3(-0.202694, -0.0997613, -1.57558)
5471.473953416
limited(__ObjC.ARCamera.TrackingState.Reason.initializing)
simd_float4x4([[-0.0249778, -0.978945, 0.202591, 0.0)], [0.994789, -0.00430056, 0.101869, 0.0)], [-0.0988524, 0.204079, 0.97395, 0.0)], [0.0, 0.0, 0.0, 1.0)]])
0.0, 0.0, 0.0
float3(-0.205523, -0.10115, -1.57519)
5471.607271916
limited(__ObjC.ARCamera.TrackingState.Reason.initializing)
simd_float4x4([[-0.0186862, -0.978673, 0.204568, 0.0)], [0.993927, 0.00400979, 0.109973, 0.0)], [-0.108448, 0.20538, 0.972654, 0.0)], [0.0, 0.0, 0.0, 1.0)]])
0.0, 0.0, 0.0
float3(-0.206852, -0.111038, -1.5667)
5471.740590666
limited(__ObjC.ARCamera.TrackingState.Reason.initializing)
simd_float4x4([[-0.0184164, -0.977804, 0.208705, 0.0)], [0.994327, 0.00396029, 0.106295, 0.0)], [-0.104762, 0.209479, 0.972184, 0.0)], [0.0, 0.0, 0.0, 1.0)]])
0.0, 0.0, 0.0
float3(-0.211042, -0.107346, -1.56675)
5471.873909
limited(__ObjC.ARCamera.TrackingState.Reason.initializing)
simd_float4x4([[-0.0162228, -0.977474, 0.210424, 0.0)], [0.992391, 0.00994844, 0.122722, 0.0)], [-0.122051, 0.210814, 0.969875, 0.0)], [0.0, 0.0, 0.0, 1.0)]])
0.0, 0.0, 0.0
float3(-0.212408, -0.125184, -1.56062)
5472.007227625
limited(__ObjC.ARCamera.TrackingState.Reason.initializing)
simd_float4x4([[-0.0258948, -0.973248, 0.228288, 0.0)], [0.992074, 0.00306923, 0.125616, 0.0)], [-0.122956, 0.229731, 0.965455, 0.0)], [0.0, 0.0, 0.0, 1.0)]])
0.0, 0.0, 0.0
float3(-0.231802, -0.126674, -1.56764)
5472.14054625
limited(__ObjC.ARCamera.TrackingState.Reason.initializing)
simd_float4x4([[-0.0324939, -0.969883, 0.241388, 0.0)], [0.991895, -0.00161118, 0.127048, 0.0)], [-0.122833, 0.24356, 0.962074, 0.0)], [0.0, 0.0, 0.0, 1.0)]])
0.0, 0.0, 0.0
float3(-0.246035, -0.126988, -1.57246)
5472.273864875
limited(__ObjC.ARCamera.TrackingState.Reason.initializing)
simd_float4x4([[-0.0389434, -0.969271, 0.242887, 0.0)], [0.98606, 0.00207347, 0.166375, 0.0)], [-0.161766, 0.245981, 0.955678, 0.0)], [0.0, 0.0, 0.0, 1.0)]])
0.0, 0.0, 0.0
float3(-0.248531, -0.167679, -1.56866)
5472.407183541
limited(__ObjC.ARCamera.TrackingState.Reason.initializing)
simd_float4x4([[-0.0248607, -0.967001, 0.253551, 0.0)], [0.977057, 0.030161, 0.21083, 0.0)], [-0.21152, 0.252975, 0.944065, 0.0)], [0.0, 0.0, 0.0, 1.0)]])
0.0, 0.0, 0.0
float3(-0.255755, -0.220412, -1.53962)
5472.54050225
normal
simd_float4x4([[-0.0185349, -0.973458, 0.228114, 0.0)], [0.965338, 0.0419848, 0.257603, 0.0)], [-0.260343, 0.224982, 0.938938, 0.0)], [-9.05397e-05, -0.00442652, 0.00646353, 1.0)]])
-9.05397e-05, -0.00442652, 0.00646353
float3(-0.226925, -0.270479, -1.52769)
5472.673820625
normal
simd_float4x4([[-0.00889522, -0.978166, 0.207632, 0.0)], [0.96205, 0.04826, 0.268571, 0.0)], [-0.272727, 0.202142, 0.940616, 0.0)], [-0.00516652, -0.0243262, 0.0227282, 1.0)]])
-0.00516652, -0.0243262, 0.0227282
float3(-0.203544, -0.282207, -1.5215)
5472.807139166
normal
simd_float4x4([[-0.0546849, -0.971309, 0.231449, 0.0)], [0.949885, 0.0208435, 0.311904, 0.0)], [-0.30778, 0.236906, 0.921492, 0.0)], [-0.0163869, -0.0322818, 0.0184682, 1.0)]])
-0.0163869, -0.0322818, 0.0184682
float3(-0.23918, -0.322352, -1.54934)
5472.940457833
normal
simd_float4x4([[-0.0947554, -0.967233, 0.235547, 0.0)], [0.934325, -0.00474148, 0.356389, 0.0)], [-0.343595, 0.253847, 0.904159, 0.0)], [-0.0186016, -0.0275615, 0.0169748, 1.0)]])
-0.0186016, -0.0275615, 0.0169748
float3(-0.256655, -0.363161, -1.5757)
5473.073776458
normal
simd_float4x4([[-0.103527, -0.963945, 0.245136, 0.0)], [0.92307, -0.00132391, 0.384629, 0.0)], [-0.370437, 0.266097, 0.889926, 0.0)], [-0.0259165, -0.0245191, 0.0248076, 1.0)]])
-0.0259165, -0.0245191, 0.0248076
float3(-0.269342, -0.394441, -1.57217)
5473.207095125
normal
simd_float4x4([[-0.109748, -0.949438, 0.294148, 0.0)], [0.938344, -0.001363, 0.345701, 0.0)], [-0.327821, 0.313952, 0.891049, 0.0)], [-0.0357255, -0.0233003, 0.0280152, 1.0)]])
-0.0357255, -0.0233003, 0.0280152
float3(-0.319352, -0.352535, -1.57223)
5473.340413708
normal
simd_float4x4([[-0.0925796, -0.948199, 0.303886, 0.0)], [0.935253, 0.021913, 0.353301, 0.0)], [-0.341659, 0.316919, 0.884778, 0.0)], [-0.0533527, -0.0211118, 0.0360856, 1.0)]])
-0.0533527, -0.0211118, 0.0360856
float3(-0.322479, -0.368512, -1.54769)
5473.473732458
normal
simd_float4x4([[-0.0867264, -0.941853, 0.32464, 0.0)], [0.93203, 0.0383816, 0.360342, 0.0)], [-0.351849, 0.333826, 0.874507, 0.0)], [-0.0711969, -0.0193736, 0.0441453, 1.0)]])
-0.0711969, -0.0193736, 0.0441453
float3(-0.340359, -0.382522, -1.53007)
5473.607050916
normal
simd_float4x4([[-0.0621557, -0.936809, 0.344274, 0.0)], [0.93584, 0.0651883, 0.346343, 0.0)], [-0.3469, 0.343712, 0.872652, 0.0)], [-0.0873685, -0.0108316, 0.0463552, 1.0)]])
-0.0873685, -0.0108316, 0.0463552
float3(-0.350867, -0.37837, -1.50132)
5473.740369416
normal
simd_float4x4([[-0.0525201, -0.949489, 0.309374, 0.0)], [0.943681, 0.0541513, 0.326396, 0.0)], [-0.326662, 0.309093, 0.893171, 0.0)], [-0.0979901, 0.00459077, 0.0563623, 1.0)]])
-0.0979901, 0.00459077, 0.0563623
float3(-0.314239, -0.350622, -1.51383)
5473.873688208
normal
simd_float4x4([[-0.0659353, -0.960241, 0.271273, 0.0)], [0.941752, 0.0299654, 0.334971, 0.0)], [-0.329782, 0.277558, 0.902333, 0.0)], [-0.108173, 0.0208788, 0.0632754, 1.0)]])
-0.108173, 0.0208788, 0.0632754
float3(-0.281251, -0.350396, -1.5396)
5474.00700675
normal
simd_float4x4([[-0.104485, -0.95396, 0.281145, 0.0)], [0.931922, 0.00479982, 0.362627, 0.0)], [-0.347282, 0.299895, 0.888515, 0.0)], [-0.105116, 0.0190686, 0.0574303, 1.0)]])
-0.105116, 0.0190686, 0.0574303
float3(-0.304582, -0.372599, -1.56576)
5474.140325291
normal
simd_float4x4([[-0.104714, -0.946821, 0.304246, 0.0)], [0.922464, 0.021843, 0.385466, 0.0)], [-0.371612, 0.32102, 0.87112, 0.0)], [-0.0962345, 0.0133358, 0.0470901, 1.0)]])
-0.0962345, 0.0133358, 0.0470901
float3(-0.326806, -0.403218, -1.54773)
5474.273644041
normal
simd_float4x4([[-0.143885, -0.938786, 0.313013, 0.0)], [0.912861, -0.00379048, 0.408252, 0.0)], [-0.382075, 0.344479, 0.857527, 0.0)], [-0.0743943, 0.0104017, 0.0317724, 1.0)]])
-0.0743943, 0.0104017, 0.0317724
float3(-0.351683, -0.419151, -1.57483)
5474.406962625
normal
simd_float4x4([[-0.18005, -0.921047, 0.345332, 0.0)], [0.900834, -0.0133931, 0.433957, 0.0)], [-0.39507, 0.389221, 0.832122, 0.0)], [-0.0427373, -0.00843342, -0.000863941, 1.0)]])
-0.0427373, -0.00843342, -0.000863941
float3(-0.399786, -0.443264, -1.58534)
5474.540281041
normal
simd_float4x4([[-0.227101, -0.907892, 0.352359, 0.0)], [0.894974, -0.0519042, 0.443088, 0.0)], [-0.383987, 0.415978, 0.824327, 0.0)], [-0.00776231, -0.0244665, -0.0443038, 1.0)]])
-0.00776231, -0.0244665, -0.0443038
float3(-0.429018, -0.435931, -1.6279)
5474.673599708
normal
simd_float4x4([[-0.251198, -0.901479, 0.352469, 0.0)], [0.902111, -0.0860488, 0.422838, 0.0)], [-0.35085, 0.424182, 0.834849, 0.0)], [0.0290778, -0.0340323, -0.103753, 1.0)]])
0.0290778, -0.0340323, -0.103753
float3(-0.438059, -0.397845, -1.66596)
5474.806918416
normal
simd_float4x4([[-0.18216, -0.93216, 0.312881, 0.0)], [0.932616, -0.0629816, 0.355332, 0.0)], [-0.31152, 0.356526, 0.88082, 0.0)], [0.0524352, -0.0221949, -0.156428, 1.0)]])
0.0524352, -0.0221949, -0.156428
float3(-0.364546, -0.339941, -1.63826)
5474.940236958
normal
simd_float4x4([[-0.0734097, -0.962643, 0.260634, 0.0)], [0.960287, 0.00230993, 0.279005, 0.0)], [-0.269184, 0.270765, 0.924244, 0.0)], [0.0544293, -0.0096411, -0.196061, 1.0)]])
0.0544293, -0.0096411, -0.196061
float3(-0.274187, -0.283408, -1.5684)
5475.073555666
normal
simd_float4x4([[-0.0252602, -0.966781, 0.254354, 0.0)], [0.963857, 0.0439495, 0.262771, 0.0)], [-0.265221, 0.251798, 0.930728, 0.0)], [0.0546722, -0.0113349, -0.231079, 1.0)]])
0.0546722, -0.0113349, -0.231079
float3(-0.254538, -0.277602, -1.52537)
5475.20687425
normal
simd_float4x4([[-0.0361826, -0.968351, 0.246956, 0.0)], [0.973226, 0.0219849, 0.228797, 0.0)], [-0.226985, 0.248623, 0.941629, 0.0)], [0.0676333, -0.0147436, -0.258757, 1.0)]])
0.0676333, -0.0147436, -0.258757
float3(-0.251258, -0.236543, -1.5481)
5475.34019275
normal
simd_float4x4([[-0.046106, -0.976518, 0.210446, 0.0)], [0.968197, 0.00817502, 0.250054, 0.0)], [-0.245902, 0.215282, 0.945085, 0.0)], [0.0793786, -0.00498009, -0.286556, 1.0)]])
0.0793786, -0.00498009, -0.286556
float3(-0.216981, -0.254547, -1.56242)
5475.473511458
normal
simd_float4x4([[-0.0737479, -0.98021, 0.183708, 0.0)], [0.973347, -0.0306347, 0.227284, 0.0)], [-0.217158, 0.195573, 0.956344, 0.0)], [0.0848412, 0.00418016, -0.333787, 1.0)]])
0.0848412, 0.00418016, -0.333787
float3(-0.196842, -0.223285, -1.60204)
5475.606830083
normal
simd_float4x4([[-0.0770246, -0.980378, 0.181456, 0.0)], [0.974929, -0.0359524, 0.219593, 0.0)], [-0.20876, 0.193821, 0.958568, 0.0)], [0.0759363, 0.00239349, -0.407129, 1.0)]])
0.0759363, 0.00239349, -0.407129
float3(-0.195056, -0.214435, -1.60745)
5475.740148708
normal
simd_float4x4([[-0.103958, -0.974715, 0.197795, 0.0)], [0.97918, -0.0654405, 0.192157, 0.0)], [-0.174354, 0.213653, 0.961225, 0.0)], [0.0581302, 0.0017325, -0.489806, 1.0)]])
0.0581302, 0.0017325, -0.489806
float3(-0.215312, -0.179437, -1.63783)
5475.873467375
normal
simd_float4x4([[-0.0795021, -0.978483, 0.190397, 0.0)], [0.983205, -0.0454942, 0.176744, 0.0)], [-0.164279, 0.201251, 0.965666, 0.0)], [0.0373341, 0.0151951, -0.567193, 1.0)]])
0.0373341, 0.0151951, -0.567193
float3(-0.202635, -0.168507, -1.61726)
5476.006785958
normal
simd_float4x4([[-0.0674456, -0.985266, 0.157169, 0.0)], [0.980626, -0.0364246, 0.192474, 0.0)], [-0.183913, 0.167106, 0.968634, 0.0)], [0.0288913, 0.0185004, -0.626036, 1.0)]])
0.0288913, 0.0185004, -0.626036
float3(-0.167893, -0.187635, -1.60775)
5476.140104541
normal
simd_float4x4([[-0.0650893, -0.988371, 0.137423, 0.0)], [0.972438, -0.0319265, 0.230966, 0.0)], [-0.223892, 0.148669, 0.963208, 0.0)], [0.0285111, 0.0157745, -0.667087, 1.0)]])
0.0285111, 0.0157745, -0.667087
float3(-0.149222, -0.228389, -1.60309)
5476.273423125
normal
simd_float4x4([[-0.0406291, -0.995136, 0.0897383, 0.0)], [0.948396, -0.0101415, 0.316925, 0.0)], [-0.314474, 0.0979839, 0.944195, 0.0)], [0.0393724, 0.0164918, -0.711944, 1.0)]])
0.0393724, 0.0164918, -0.711944
float3(-0.0981414, -0.321505, -1.58099)
5476.406741708
normal
simd_float4x4([[-0.0601661, -0.993548, 0.0961344, 0.0)], [0.920656, -0.0180202, 0.389958, 0.0)], [-0.38571, 0.111969, 0.915801, 0.0)], [0.0604177, 0.00822449, -0.797083, 1.0)]])
0.0604177, 0.00822449, -0.797083
float3(-0.112204, -0.398624, -1.58893)
5476.540060375
normal
simd_float4x4([[-0.122226, -0.988837, 0.085216, 0.0)], [0.903531, -0.0753271, 0.421849, 0.0)], [-0.410721, 0.128556, 0.902652, 0.0)], [0.100567, -0.0077825, -0.891396, 1.0)]])
0.100567, -0.0077825, -0.891396
float3(-0.128913, -0.427018, -1.64683)
5476.673379041
normal
simd_float4x4([[-0.1034, -0.99438, 0.0227219, 0.0)], [0.891566, -0.0825337, 0.445307, 0.0)], [-0.440929, 0.0663029, 0.89509, 0.0)], [0.138738, -0.010689, -1.00134, 1.0)]])
0.138738, -0.010689, -1.00134
float3(-0.0663515, -0.457717, -1.65361)
5476.80669775
normal
simd_float4x4([[-0.0774584, -0.996991, 0.00298107, 0.0)], [0.869814, -0.0661158, 0.488929, 0.0)], [-0.487261, 0.0404646, 0.872319, 0.0)], [0.179724, 0.00285119, -1.11731, 1.0)]])
0.179724, 0.00285119, -1.11731
float3(-0.0404756, -0.509408, -1.63701)
5476.940016208
normal
simd_float4x4([[-0.207424, -0.970844, 0.120156, 0.0)], [0.871948, -0.1278, 0.472625, 0.0)], [-0.443489, 0.202803, 0.873034, 0.0)], [0.226625, 0.00413668, -1.25367, 1.0)]])
0.226625, 0.00413668, -1.25367
float3(-0.20422, -0.470016, -1.70168)
5477.073334708
normal
simd_float4x4([[-0.196246, -0.967736, 0.158033, 0.0)], [0.884665, -0.105229, 0.454197, 0.0)], [-0.422914, 0.228941, 0.876773, 0.0)], [0.250504, -0.0155457, -1.38849, 1.0)]])
0.250504, -0.0155457, -1.38849
float3(-0.23099, -0.44943, -1.67911)
5477.206653333
normal
simd_float4x4([[-0.141712, -0.98013, 0.138791, 0.0)], [0.890121, -0.0648219, 0.45109, 0.0)], [-0.43313, 0.187466, 0.881621, 0.0)], [0.274747, -0.0206342, -1.52652, 1.0)]])
0.274747, -0.0206342, -1.52652
float3(-0.188581, -0.456654, -1.63684)
5477.339972041
normal
simd_float4x4([[-0.116371, -0.980364, 0.159199, 0.0)], [0.897437, -0.035119, 0.439742, 0.0)], [-0.425517, 0.194044, 0.883902, 0.0)], [0.296648, -0.0241223, -1.68461, 1.0)]])
0.296648, -0.0241223, -1.68461
float3(-0.195283, -0.448663, -1.6066)
5477.473290541
normal
simd_float4x4([[-0.142806, -0.968543, 0.20379, 0.0)], [0.886298, -0.0334917, 0.461902, 0.0)], [-0.440547, 0.246581, 0.863201, 0.0)], [0.322388, -0.023942, -1.8333, 1.0)]])
0.322388, -0.023942, -1.8333
float3(-0.249151, -0.471904, -1.60536)
5477.606609333
normal
simd_float4x4([[-0.136956, -0.973458, 0.183362, 0.0)], [0.907846, -0.049292, 0.416395, 0.0)], [-0.396306, 0.223492, 0.890502, 0.0)], [0.34703, -0.0280889, -1.97732, 1.0)]])
0.34703, -0.0280889, -1.97732
float3(-0.225395, -0.418718, -1.62139)
5477.739927916
normal
simd_float4x4([[-0.0458925, -0.989456, 0.137367, 0.0)], [0.93294, 0.00670355, 0.35997, 0.0)], [-0.357095, 0.144675, 0.922796, 0.0)], [0.366773, -0.0493026, -2.12726, 1.0)]])
0.366773, -0.0493026, -2.12726
float3(-0.145184, -0.369224, -1.56402)
5477.873246541
normal
simd_float4x4([[0.0322915, -0.99346, 0.109523, 0.0)], [0.959105, 0.0616308, 0.27626, 0.0)], [-0.281203, 0.096123, 0.954822, 0.0)], [0.391717, -0.049984, -2.27376, 1.0)]])
0.391717, -0.049984, -2.27376
float3(-0.0962716, -0.286411, -1.50884)
5478.006565
normal
simd_float4x4([[0.0139873, -0.987537, 0.156761, 0.0)], [0.968732, 0.0522234, 0.242552, 0.0)], [-0.247716, 0.148467, 0.957389, 0.0)], [0.415524, -0.0316497, -2.42637, 1.0)]])
0.415524, -0.0316497, -2.42637
float3(-0.149018, -0.253188, -1.51796)
5478.139883708
normal
simd_float4x4([[-0.0270062, -0.984307, 0.174384, 0.0)], [0.982749, 0.00578596, 0.184854, 0.0)], [-0.182962, 0.176368, 0.967171, 0.0)], [0.442716, -0.0410026, -2.56843, 1.0)]])
0.442716, -0.0410026, -2.56843
float3(-0.177295, -0.186963, -1.56492)
5478.273202291
normal
simd_float4x4([[-0.0124029, -0.988311, 0.151946, 0.0)], [0.979982, 0.0181816, 0.198252, 0.0)], [-0.198698, 0.151363, 0.968302, 0.0)], [0.455743, -0.0592217, -2.71743, 1.0)]])
0.455743, -0.0592217, -2.71743
float3(-0.151947, -0.202393, -1.5524)
5478.406520875
normal
simd_float4x4([[0.0181331, -0.992394, 0.121757, 0.0)], [0.978604, 0.0425788, 0.201301, 0.0)], [-0.204954, 0.115501, 0.971933, 0.0)], [0.471755, -0.0525462, -2.86084, 1.0)]])
0.471755, -0.0525462, -2.86084
float3(-0.11576, -0.207828, -1.52792)
5478.5398395
normal
simd_float4x4([[-0.0320431, -0.980837, 0.192177, 0.0)], [0.978296, 0.00860477, 0.207036, 0.0)], [-0.204722, 0.19464, 0.959273, 0.0)], [0.497968, -0.0458564, -3.00926, 1.0)]])
0.497968, -0.0458564, -3.00926
float3(-0.19589, -0.21026, -1.56202)
5478.673158083
normal
simd_float4x4([[-0.0590513, -0.974752, 0.215338, 0.0)], [0.982155, -0.0181455, 0.187195, 0.0)], [-0.178561, 0.222549, 0.95843, 0.0)], [0.528298, -0.0679916, -3.15233, 1.0)]])
0.528298, -0.0679916, -3.15233
float3(-0.224429, -0.184194, -1.58941)
5478.80647675
normal
simd_float4x4([[-0.0186788, -0.984802, 0.172674, 0.0)], [0.982737, 0.0137101, 0.184498, 0.0)], [-0.184061, 0.173139, 0.967545, 0.0)], [0.554244, -0.0932826, -3.27419, 1.0)]])
0.554244, -0.0932826, -3.27419
float3(-0.174016, -0.187989, -1.55688)
5478.939795375
normal
simd_float4x4([[-0.00633435, -0.984942, 0.172769, 0.0)], [0.984889, 0.0237578, 0.171551, 0.0)], [-0.173073, 0.171245, 0.969908, 0.0)], [0.585149, -0.0840382, -3.41333, 1.0)]])
0.585149, -0.0840382, -3.41333
float3(-0.172093, -0.176584, -1.54668)
5479.073113958
normal
simd_float4x4([[-0.0238744, -0.975711, 0.217755, 0.0)], [0.981936, 0.0180096, 0.188355, 0.0)], [-0.187702, 0.218318, 0.957656, 0.0)], [0.611872, -0.0731334, -3.54634, 1.0)]])
0.611872, -0.0731334, -3.54634
float3(-0.220091, -0.193548, -1.55234)
5479.206432666
normal
simd_float4x4([[-0.0125119, -0.980076, 0.19823, 0.0)], [0.974865, 0.0321455, 0.220464, 0.0)], [-0.222443, 0.196006, 0.95504, 0.0)], [0.632638, -0.0922767, -3.67255, 1.0)]])
0.632638, -0.0922767, -3.67255
float3(-0.197283, -0.228835, -1.53801)
5479.339751166
normal
simd_float4x4([[-0.0135511, -0.989141, 0.14634, 0.0)], [0.972707, 0.020864, 0.231097, 0.0)], [-0.23164, 0.145478, 0.961862, 0.0)], [0.655897, -0.0987305, -3.81468, 1.0)]])
0.655897, -0.0987305, -3.81468
float3(-0.145996, -0.236325, -1.54971)
5479.473069833
normal
simd_float4x4([[-0.0597245, -0.982017, 0.179095, 0.0)], [0.97362, -0.0177262, 0.227486, 0.0)], [-0.220221, 0.187957, 0.95717, 0.0)], [0.687234, -0.0829238, -3.95935, 1.0)]])
0.687234, -0.0829238, -3.95935
float3(-0.189081, -0.226139, -1.58885)
5479.606388541
normal
simd_float4x4([[-0.0671101, -0.979794, 0.188415, 0.0)], [0.971951, -0.021537, 0.234195, 0.0)], [-0.225405, 0.198847, 0.953757, 0.0)], [0.707274, -0.0850936, -4.09056, 1.0)]])
0.707274, -0.0850936, -4.09056
float3(-0.200182, -0.232075, -1.59277)
5479.739706958
normal
simd_float4x4([[-0.0615356, -0.988863, 0.135511, 0.0)], [0.981389, -0.0352007, 0.188779, 0.0)], [-0.181907, 0.144606, 0.972625, 0.0)], [0.734894, -0.112965, -4.21333, 1.0)]])
0.734894, -0.112965, -4.21333
float3(-0.145114, -0.18489, -1.60638)
5479.873025625
normal
simd_float4x4([[-0.0492364, -0.99365, 0.101167, 0.0)], [0.991964, -0.0368291, 0.121042, 0.0)], [-0.116548, 0.106314, 0.987479, 0.0)], [0.774182, -0.11187, -4.33548, 1.0)]])
0.774182, -0.11187, -4.33548
float3(-0.106515, -0.117482, -1.60784)
5480.006344166
normal
simd_float4x4([[-0.01842, -0.992871, 0.117765, 0.0)], [0.991449, -0.00291929, 0.130464, 0.0)], [-0.12919, 0.119161, 0.984434, 0.0)], [0.804519, -0.0975606, -4.45277, 1.0)]])
0.804519, -0.0975606, -4.45277
float3(-0.119445, -0.130487, -1.57374)
5480.139662791
normal
simd_float4x4([[-0.0381737, -0.986988, 0.156196, 0.0)], [0.991061, -0.0173991, 0.132268, 0.0)], [-0.127829, 0.159849, 0.97883, 0.0)], [0.838843, -0.108372, -4.56783, 1.0)]])
0.838843, -0.108372, -4.56783
float3(-0.160538, -0.129859, -1.58842)
5480.2729815
normal
simd_float4x4([[-0.0203876, -0.993277, 0.113951, 0.0)], [0.980837, 0.00221738, 0.194815, 0.0)], [-0.193758, 0.115739, 0.974198, 0.0)], [0.858462, -0.122436, -4.68495, 1.0)]])
0.858462, -0.122436, -4.68495
float3(-0.115999, -0.196328, -1.56856)
5480.406300166
normal
simd_float4x4([[-0.0372436, -0.994419, 0.098706, 0.0)], [0.96868, -0.0116592, 0.24804, 0.0)], [-0.245505, 0.104852, 0.963708, 0.0)], [0.876318, -0.105249, -4.79961, 1.0)]])
0.876318, -0.105249, -4.79961
float3(-0.105045, -0.249444, -1.58252)
5480.539618833
normal
simd_float4x4([[-0.0560218, -0.988503, 0.140439, 0.0)], [0.956216, -0.0126521, 0.292387, 0.0)], [-0.287248, 0.15067, 0.945932, 0.0)], [0.904476, -0.0888144, -4.89455, 1.0)]])
0.904476, -0.0888144, -4.89455
float3(-0.151246, -0.294818, -1.58359)
5480.672937208
normal
simd_float4x4([[-0.0855964, -0.98814, 0.127488, 0.0)], [0.947283, -0.0410608, 0.317756, 0.0)], [-0.308753, 0.147966, 0.939563, 0.0)], [0.93838, -0.102202, -4.99904, 1.0)]])
0.93838, -0.102202, -4.99904
float3(-0.148512, -0.317497, -1.61233)
5480.806255833
normal
simd_float4x4([[-0.070387, -0.992175, 0.103119, 0.0)], [0.953406, -0.0365116, 0.299474, 0.0)], [-0.293366, 0.119393, 0.948516, 0.0)], [0.969517, -0.119907, -5.11298, 1.0)]])
0.969517, -0.119907, -5.11298
float3(-0.119679, -0.299957, -1.60758)
5480.939574458
normal
simd_float4x4([[-0.0738589, -0.992359, 0.0988389, 0.0)], [0.961184, -0.0444168, 0.272308, 0.0)], [-0.265837, 0.115115, 0.95712, 0.0)], [1.00808, -0.113272, -5.22271, 1.0)]])
1.00808, -0.113272, -5.22271
float3(-0.115371, -0.270918, -1.61553)
5481.072893166
normal
simd_float4x4([[-0.0876359, -0.980661, 0.174998, 0.0)], [0.959551, -0.0359207, 0.279233, 0.0)], [-0.267547, 0.19239, 0.944142, 0.0)], [1.03732, -0.108692, -5.3288, 1.0)]])
1.03732, -0.108692, -5.3288
float3(-0.193597, -0.276136, -1.60741)
5481.206211833
normal
simd_float4x4([[-0.0538578, -0.98392, 0.170293, 0.0)], [0.956028, -0.00157285, 0.293271, 0.0)], [-0.288287, 0.1786, 0.94074, 0.0)], [1.06479, -0.125832, -5.45291, 1.0)]])
1.06479, -0.125832, -5.45291
float3(-0.179563, -0.297361, -1.57239)
5481.3395305
normal
simd_float4x4([[-0.0817542, -0.986491, 0.141953, 0.0)], [0.955372, -0.0370018, 0.29308, 0.0)], [-0.283868, 0.159579, 0.945491, 0.0)], [1.09846, -0.1278, -5.58194, 1.0)]])
1.09846, -0.1278, -5.58194
float3(-0.160264, -0.291671, -1.60829)
5481.472848916
normal
simd_float4x4([[-0.0711415, -0.989741, 0.1239, 0.0)], [0.934795, -0.0228198, 0.354455, 0.0)], [-0.347991, 0.141037, 0.926828, 0.0)], [1.1275, -0.110587, -5.69748, 1.0)]])
1.1275, -0.110587, -5.69748
float3(-0.141509, -0.359178, -1.59385)
5481.606167458
normal
simd_float4x4([[-0.0539246, -0.983943, 0.17014, 0.0)], [0.936773, 0.00914984, 0.349817, 0.0)], [-0.345757, 0.178247, 0.921238, 0.0)], [1.15689, -0.112101, -5.83198, 1.0)]])
1.15689, -0.112101, -5.83198
float3(-0.179204, -0.359049, -1.5615)
5481.739486208
normal
simd_float4x4([[-0.0398725, -0.992762, 0.113286, 0.0)], [0.944526, -0.000456468, 0.328437, 0.0)], [-0.326008, 0.120098, 0.937708, 0.0)], [1.17926, -0.128682, -5.9576, 1.0)]])
1.17926, -0.128682, -5.9576
float3(-0.120388, -0.334593, -1.57126)
5481.872804791
normal
simd_float4x4([[-0.0158394, -0.994356, 0.104908, 0.0)], [0.956774, 0.0154001, 0.290425, 0.0)], [-0.290402, 0.104973, 0.951129, 0.0)], [1.20732, -0.132297, -6.08212, 1.0)]])
1.20732, -0.132297, -6.08212
float3(-0.105167, -0.296333, -1.55531)
5482.006123416
normal
simd_float4x4([[-0.0224219, -0.987231, 0.157708, 0.0)], [0.962849, 0.0211378, 0.269211, 0.0)], [-0.269107, 0.157885, 0.950081, 0.0)], [1.23373, -0.111749, -6.21611, 1.0)]])
1.23373, -0.111749, -6.21611
float3(-0.158549, -0.276017, -1.54939)
5482.139442083
normal
simd_float4x4([[-0.0243517, -0.984677, 0.172676, 0.0)], [0.97503, 0.0147441, 0.221581, 0.0)], [-0.220732, 0.173761, 0.959732, 0.0)], [1.25078, -0.119368, -6.33292, 1.0)]])
1.25078, -0.119368, -6.33292
float3(-0.174647, -0.226062, -1.55582)
5482.27276075
normal
simd_float4x4([[-0.0241137, -0.987508, 0.155713, 0.0)], [0.971468, 0.0136143, 0.236781, 0.0)], [-0.235943, 0.15698, 0.959004, 0.0)], [1.26285, -0.136993, -6.47529, 1.0)]])
1.26285, -0.136993, -6.47529
float3(-0.157632, -0.241238, -1.55701)
5482.406079208
normal
simd_float4x4([[-0.0369862, -0.988513, 0.14654, 0.0)], [0.970487, -0.000562835, 0.241152, 0.0)], [-0.238299, 0.151134, 0.95936, 0.0)], [1.28467, -0.126293, -6.62109, 1.0)]])
1.28467, -0.126293, -6.62109
float3(-0.151715, -0.243466, -1.57137)
5482.539397833
normal
simd_float4x4([[-0.0679257, -0.981291, 0.180151, 0.0)], [0.962877, -0.0171945, 0.269392, 0.0)], [-0.261255, 0.191762, 0.94603, 0.0)], [1.3113, -0.111553, -6.73615, 1.0)]])
1.3113, -0.111553, -6.73615
float3(-0.192957, -0.269443, -1.58832)
5482.6727165
normal
simd_float4x4([[-0.0844736, -0.989019, 0.121264, 0.0)], [0.961404, -0.0489171, 0.270758, 0.0)], [-0.261853, 0.139456, 0.954979, 0.0)], [1.33789, -0.117913, -6.84798, 1.0)]])
1.33789, -0.117913, -6.84798
float3(-0.139912, -0.26762, -1.62022)
5482.806035041
normal
simd_float4x4([[-0.0274788, -0.997997, 0.0569889, 0.0)], [0.958868, -0.0102029, 0.28367, 0.0)], [-0.282521, 0.0624397, 0.957227, 0.0)], [1.36674, -0.148371, -6.98726, 1.0)]])
1.36674, -0.148371, -6.98726
float3(-0.0624803, -0.286997, -1.58102)
5482.93935375
normal
simd_float4x4([[-0.0966071, -0.989265, 0.109647, 0.0)], [0.96502, -0.0661201, 0.2537, 0.0)], [-0.243727, 0.130321, 0.961048, 0.0)], [1.40407, -0.142501, -7.13856, 1.0)]])
1.40407, -0.142501, -7.13856
float3(-0.130693, -0.248369, -1.63753)
5483.072672333
normal
simd_float4x4([[-0.105309, -0.977449, 0.183042, 0.0)], [0.962721, -0.0540904, 0.265033, 0.0)], [-0.249156, 0.204129, 0.946706, 0.0)], [1.41399, -0.132946, -7.26538, 1.0)]])
1.41399, -0.132946, -7.26538
float3(-0.205574, -0.257346, -1.62608)
5483.205991041
normal
simd_float4x4([[-0.0258416, -0.986216, 0.163432, 0.0)], [0.95691, 0.0228978, 0.289481, 0.0)], [-0.289233, 0.16387, 0.943128, 0.0)], [1.41354, -0.154144, -7.40078, 1.0)]])
1.41354, -0.154144, -7.40078
float3(-0.164612, -0.297569, -1.54758)
5483.339309416
normal
simd_float4x4([[-0.0202224, -0.991622, 0.127581, 0.0)], [0.961583, 0.0156516, 0.274069, 0.0)], [-0.273769, 0.128222, 0.95321, 0.0)], [1.42656, -0.164129, -7.52771, 1.0)]])
1.42656, -0.164129, -7.52771
float3(-0.128576, -0.27968, -1.55501)
5483.472628125
normal
simd_float4x4([[-0.0680621, -0.987416, 0.142748, 0.0)], [0.953228, -0.0221271, 0.30144, 0.0)], [-0.294488, 0.156588, 0.942739, 0.0)], [1.44783, -0.151802, -7.66422, 1.0)]])
1.44783, -0.151802, -7.66422
float3(-0.157236, -0.302771, -1.5932)
5483.60594675
normal
simd_float4x4([[-0.0557716, -0.983312, 0.173169, 0.0)], [0.962892, -0.00710067, 0.269793, 0.0)], [-0.264061, 0.18179, 0.947219, 0.0)], [1.45649, -0.143033, -7.79121, 1.0)]])
1.45649, -0.143033, -7.79121
float3(-0.182807, -0.271872, -1.57802)
5483.739265333
normal
simd_float4x4([[-0.0685321, -0.9838, 0.165651, 0.0)], [0.984443, -0.0397592, 0.171148, 0.0)], [-0.161789, 0.174803, 0.97122, 0.0)], [1.46409, -0.167273, -7.92159, 1.0)]])
1.46409, -0.167273, -7.92159
float3(-0.175705, -0.165068, -1.61119)
5483.872583958
normal
simd_float4x4([[-0.00775764, -0.992804, 0.119496, 0.0)], [0.998417, -0.00103282, 0.0562357, 0.0)], [-0.0557076, 0.119744, 0.991241, 0.0)], [1.451, -0.182162, -8.05314, 1.0)]])
1.451, -0.182162, -8.05314
float3(-0.120032, -0.0561409, -1.57184)
5484.005902583
normal
simd_float4x4([[0.00523243, -0.990526, 0.137227, 0.0)], [0.994587, -0.00908636, -0.10351, 0.0)], [0.103776, 0.137026, 0.985116, 0.0)], [1.42377, -0.160573, -8.18384, 1.0)]])
1.42377, -0.160573, -8.18384
float3(-0.137458, 0.104957, -1.57997)
5484.139220958
normal
simd_float4x4([[-0.0154258, -0.982812, 0.183964, 0.0)], [0.970968, -0.0586485, -0.231906, 0.0)], [0.23871, 0.175046, 0.955184, 0.0)], [1.38369, -0.157503, -8.29807, 1.0)]])
1.38369, -0.157503, -8.29807
float3(-0.175952, 0.244894, -1.6304)
5484.272539666
normal
simd_float4x4([[-0.000695364, -0.984183, 0.177154, 0.0)], [0.957955, -0.051484, -0.282261, 0.0)], [0.286917, 0.169509, 0.942839, 0.0)], [1.31506, -0.174069, -8.40541, 1.0)]])
1.31506, -0.174069, -8.40541
float3(-0.170331, 0.295408, -1.62306)
5484.405858375
normal
simd_float4x4([[0.00489487, -0.992064, 0.12564, 0.0)], [0.952926, -0.0334629, -0.301351, 0.0)], [0.303164, 0.121201, 0.945199, 0.0)], [1.27007, -0.167605, -8.56137, 1.0)]])
1.27007, -0.167605, -8.56137
float3(-0.1215, 0.310375, -1.60451)
5484.539177
normal
simd_float4x4([[0.0301334, -0.979351, 0.199908, 0.0)], [0.944641, -0.0374701, -0.325959, 0.0)], [0.326719, 0.198663, 0.924006, 0.0)], [1.19005, -0.16487, -8.67637, 1.0)]])
1.19005, -0.16487, -8.67637
float3(-0.199994, 0.339869, -1.60904)
5484.672495583
normal
simd_float4x4([[0.0441793, -0.976284, 0.211937, 0.0)], [0.901942, -0.052246, -0.428685, 0.0)], [0.429591, 0.210094, 0.878244, 0.0)], [1.09996, -0.169346, -8.7704, 1.0)]])
1.09996, -0.169346, -8.7704
float3(-0.211671, 0.454928, -1.62426)
5484.805814291
normal
simd_float4x4([[0.0479969, -0.979797, 0.194151, 0.0)], [0.84318, -0.0644613, -0.533754, 0.0)], [0.535485, 0.189323, 0.823051, 0.0)], [0.98335, -0.19779, -8.86427, 1.0)]])
0.98335, -0.19779, -8.86427
float3(-0.190472, 0.576804, -1.63649)
5484.939132875
normal
simd_float4x4([[0.0687657, -0.982518, 0.173002, 0.0)], [0.754389, -0.0622639, -0.653468, 0.0)], [0.652816, 0.175447, 0.736919, 0.0)], [0.862935, -0.204081, -8.93512, 1.0)]])
0.862935, -0.204081, -8.93512
float3(-0.17636, 0.724954, -1.63408)
5485.072451416
normal
simd_float4x4([[0.160269, -0.969172, 0.187135, 0.0)], [0.676488, -0.0302119, -0.735834, 0.0)], [0.718803, 0.244526, 0.650791, 0.0)], [0.724504, -0.198513, -8.98529, 1.0)]])
0.724504, -0.198513, -8.98529
float3(-0.247031, 0.835016, -1.60196)
5485.205769916
normal
simd_float4x4([[0.202158, -0.964572, 0.169506, 0.0)], [0.625676, -0.0059504, -0.78006, 0.0)], [0.753433, 0.263751, 0.602307, 0.0)], [0.599452, -0.205677, -9.0139, 1.0)]])
0.599452, -0.205677, -9.0139
float3(-0.266909, 0.896411, -1.57697)
5485.339088625
normal
simd_float4x4([[0.189643, -0.970188, 0.150897, 0.0)], [0.620768, -0.000595347, -0.783994, 0.0)], [0.760711, 0.242351, 0.602149, 0.0)], [0.464761, -0.21783, -9.03562, 1.0)]])
0.464761, -0.21783, -9.03562
float3(-0.244788, 0.901222, -1.57141)
5485.472407291
normal
simd_float4x4([[0.187145, -0.964773, 0.184905, 0.0)], [0.626885, -0.0276256, -0.778622, 0.0)], [0.756301, 0.261629, 0.599632, 0.0)], [0.330371, -0.200013, -9.06718, 1.0)]])
0.330371, -0.200013, -9.06718
float3(-0.26471, 0.900432, -1.59942)
5485.605725833
normal
simd_float4x4([[0.24073, -0.931056, 0.274196, 0.0)], [0.583162, -0.0870809, -0.807675, 0.0)], [0.775868, 0.354332, 0.521994, 0.0)], [0.214325, -0.181681, -9.11086, 1.0)]])
0.214325, -0.181681, -9.11086
float3(-0.3622, 0.978569, -1.66405)
5485.739044458
normal
simd_float4x4([[0.170904, -0.959995, 0.221814, 0.0)], [0.57777, -0.084712, -0.811791, 0.0)], [0.798106, 0.266896, 0.540179, 0.0)], [0.1073, -0.190813, -9.13232, 1.0)]])
0.1073, -0.190813, -9.13232
float3(-0.270171, 0.975793, -1.65881)
5485.872363041
normal
simd_float4x4([[0.144754, -0.961918, 0.231862, 0.0)], [0.522351, -0.124727, -0.843559, 0.0)], [0.840354, 0.243222, 0.484404, 0.0)], [-0.015969, -0.206659, -9.16415, 1.0)]])
-0.015969, -0.206659, -9.16415
float3(-0.245686, 1.04789, -1.69974)
5486.005681541
normal
simd_float4x4([[0.112758, -0.984474, 0.134522, 0.0)], [0.520508, -0.0567984, -0.851966, 0.0)], [0.846379, 0.166086, 0.506022, 0.0)], [-0.134795, -0.18477, -9.18732, 1.0)]])
-0.134795, -0.18477, -9.18732
float3(-0.166859, 1.03195, -1.62843)
5486.139000208
normal
simd_float4x4([[0.162045, -0.977184, 0.137302, 0.0)], [0.506279, -0.0371018, -0.861571, 0.0)], [0.847008, 0.209127, 0.488716, 0.0)], [-0.244565, -0.170531, -9.22151, 1.0)]])
-0.244565, -0.170531, -9.22151
float3(-0.210682, 1.04747, -1.60875)
5486.272318791
normal
simd_float4x4([[0.164853, -0.976209, 0.140853, 0.0)], [0.53771, -0.030767, -0.842568, 0.0)], [0.826856, 0.214638, 0.519845, 0.0)], [-0.371165, -0.187899, -9.2487, 1.0)]])
-0.371165, -0.187899, -9.2487
float3(-0.216321, 1.00954, -1.6023)
5486.405637583
normal
simd_float4x4([[0.0937008, -0.987483, 0.126877, 0.0)], [0.571892, -0.0509313, -0.818746, 0.0)], [0.81496, 0.149277, 0.559961, 0.0)], [-0.514712, -0.193528, -9.27256, 1.0)]])
-0.514712, -0.193528, -9.27256
float3(-0.149837, 0.968779, -1.62233)
5486.538956083
limited(__ObjC.ARCamera.TrackingState.Reason.excessiveMotion)
simd_float4x4([[0.115359, -0.977138, 0.17859, 0.0)], [0.60496, -0.0734889, -0.792857, 0.0)], [0.787855, 0.199503, 0.582651, 0.0)], [-0.618091, -0.184372, -9.31347, 1.0)]])
-0.618091, -0.184372, -9.31347
float3(-0.20085, 0.934023, -1.64586)
5486.672274708
limited(__ObjC.ARCamera.TrackingState.Reason.insufficientFeatures)
simd_float4x4([[0.159241, -0.968211, 0.192897, 0.0)], [0.634874, -0.0491985, -0.771048, 0.0)], [0.756027, 0.245247, 0.606858, 0.0)], [-0.723992, -0.180276, -9.34839, 1.0)]])
-0.723992, -0.180276, -9.34839
float3(-0.247775, 0.894415, -1.62157)
5486.805593291
limited(__ObjC.ARCamera.TrackingState.Reason.insufficientFeatures)
simd_float4x4([[0.139711, -0.978187, 0.153724, 0.0)], [0.619761, -0.0346926, -0.784024, 0.0)], [0.772255, 0.204809, 0.601395, 0.0)], [-0.843952, -0.206241, -9.37088, 1.0)]])
-0.843952, -0.206241, -9.37088
float3(-0.206269, 0.909147, -1.60625)
5486.938911875
limited(__ObjC.ARCamera.TrackingState.Reason.insufficientFeatures)
simd_float4x4([[0.0991587, -0.990247, 0.0978694, 0.0)], [0.561056, -0.0255915, -0.827382, 0.0)], [0.821818, 0.136952, 0.553046, 0.0)], [-0.928476, -0.210805, -9.39262, 1.0)]])
-0.928476, -0.210805, -9.39262
float3(-0.137384, 0.978453, -1.59663)
5487.0722305
limited(__ObjC.ARCamera.TrackingState.Reason.insufficientFeatures)
simd_float4x4([[0.083256, -0.993831, 0.0732717, 0.0)], [0.516418, -0.0198559, -0.856106, 0.0)], [0.852279, 0.109115, 0.511579, 0.0)], [-1.03835, -0.192881, -9.41981, 1.0)]])
-1.03835, -0.192881, -9.41981
float3(-0.109333, 1.03019, -1.59077)
5487.205549125
limited(__ObjC.ARCamera.TrackingState.Reason.insufficientFeatures)
simd_float4x4([[0.151229, -0.980028, 0.12913, 0.0)], [0.494337, -0.0381449, -0.868433, 0.0)], [0.856014, 0.195166, 0.478696, 0.0)], [-1.17258, -0.193329, -9.44823, 1.0)]])
-1.17258, -0.193329, -9.44823
float3(-0.196426, 1.06091, -1.6097)
5487.338867666
limited(__ObjC.ARCamera.TrackingState.Reason.insufficientFeatures)
simd_float4x4([[0.138187, -0.984327, 0.109569, 0.0)], [0.510104, -0.0240925, -0.859775, 0.0)], [0.848939, 0.174701, 0.49878, 0.0)], [-1.28225, -0.210911, -9.45772, 1.0)]])
-1.28225, -0.210911, -9.45772
float3(-0.175602, 1.03959, -1.59527)
5487.472186416
limited(__ObjC.ARCamera.TrackingState.Reason.insufficientFeatures)
simd_float4x4([[0.0971716, -0.991483, 0.0867144, 0.0)], [0.512459, -0.0248466, -0.858352, 0.0)], [0.853196, 0.127845, 0.50568, 0.0)], [-1.42255, -0.213049, -9.46764, 1.0)]])
-1.42255, -0.213049, -9.46764
float3(-0.128196, 1.03577, -1.59585)
5487.605504916
limited(__ObjC.ARCamera.TrackingState.Reason.excessiveMotion)
simd_float4x4([[0.153663, -0.978399, 0.138284, 0.0)], [0.529101, -0.036722, -0.847764, 0.0)], [0.83453, 0.203436, 0.512029, 0.0)], [-1.57245, -0.205448, -9.50158, 1.0)]])
-1.57245, -0.205448, -9.50158
float3(-0.204866, 1.02047, -1.60831)
5487.738823416
limited(__ObjC.ARCamera.TrackingState.Reason.insufficientFeatures)
simd_float4x4([[0.150046, -0.980051, 0.130331, 0.0)], [0.532851, -0.0308778, -0.845645, 0.0)], [0.8328, 0.196333, 0.517588, 0.0)], [-1.6836, -0.200509, -9.51875, 1.0)]])
-1.6836, -0.200509, -9.51875
float3(-0.197617, 1.01472, -1.60229)
5487.872142
