ARKit Data
439699.15757325
normal
simd_float4x4([[0.867, -0.125132, 0.482342, 0.0)], [0.485421, -0.00663534, -0.874256, 0.0)], [0.112598, 0.992118, 0.0549888, 0.0)], [-8.75176, -0.0652888, -5.89924, 1.0)]])
-8.75176, -0.0652888, -5.89924
float3(-1.44516, 1.1165, -1.62377)
439699.357686
normal
simd_float4x4([[0.872228, -0.11947, 0.474283, 0.0)], [0.47601, -0.0154855, -0.879304, 0.0)], [0.112395, 0.992717, 0.0433621, 0.0)], [-8.75309, -0.0664507, -5.89745, 1.0)]])
-8.75309, -0.0664507, -5.89745
float3(-1.45003, 1.20259, -1.6997)
439699.574474958
normal
simd_float4x4([[0.87142, -0.107687, 0.478572, 0.0)], [0.480536, -0.00861065, -0.876933, 0.0)], [0.0985547, 0.994148, 0.0442437, 0.0)], [-8.7543, -0.0663968, -5.89985, 1.0)]])
-8.7543, -0.0663968, -5.89985
float3(-1.46255, 1.14884, -1.65059)
439700.170247416
notAvailable
simd_float4x4([[-0.976736, 0.0, -0.214446, 0.0)], [0.0, 1.0, 0.0, 0.0)], [0.214446, 0.0, -0.976736, 0.0)], [0.115867, -0.116358, -0.446503, 1.0)]])
0.115867, -0.116358, -0.446503
float3(-0.0, 2.92547, 0.0)
439700.370326625
limited(__ObjC.ARCamera.TrackingState.Reason.initializing)
simd_float4x4([[0.0415886, 0.0279561, -0.998744, 0.0)], [-0.999131, 0.00374679, -0.0414999, 0.0)], [0.00258191, 0.999602, 0.0280876, 0.0)], [0.0, 0.0, 0.0, 1.0)]])
0.0, 0.0, 0.0
float3(-1.54259, 0.0916658, 1.43757)
439700.5704395
limited(__ObjC.ARCamera.TrackingState.Reason.initializing)
simd_float4x4([[0.112563, 0.0301997, -0.993185, 0.0)], [-0.993509, -0.0131108, -0.112998, 0.0)], [-0.016434, 0.999458, 0.0285279, 0.0)], [0.0, 0.0, 0.0, 1.0)]])
0.0, 0.0, 0.0
float3(-1.53787, -0.522636, 1.98038)
439700.77055225
limited(__ObjC.ARCamera.TrackingState.Reason.initializing)
simd_float4x4([[0.167152, 0.0208568, -0.98571, 0.0)], [-0.985854, -0.00899724, -0.167367, 0.0)], [-0.0123594, 0.999742, 0.0190578, 0.0)], [0.0, 0.0, 0.0, 1.0)]])
0.0, 0.0, 0.0
float3(-1.54808, -0.575335, 1.97806)
439700.970665083
limited(__ObjC.ARCamera.TrackingState.Reason.initializing)
simd_float4x4([[0.183513, 0.0191633, -0.98283, 0.0)], [-0.983012, 0.000285719, -0.183542, 0.0)], [-0.00323645, 0.999816, 0.0188902, 0.0)], [0.0, 0.0, 0.0, 1.0)]])
0.0, 0.0, 0.0
float3(-1.55163, -0.169682, 1.55589)
439701.170777916
limited(__ObjC.ARCamera.TrackingState.Reason.initializing)
simd_float4x4([[0.111773, 0.00277646, -0.99373, 0.0)], [-0.993572, -0.0177139, -0.111804, 0.0)], [-0.0179132, 0.999839, 0.00077869, 0.0)], [0.0, 0.0, 0.0, 1.0)]])
0.0, 0.0, 0.0
float3(-1.55287, -1.52735, 2.98612)
439701.370890666
normal
simd_float4x4([[-0.039595, -0.00448859, -0.999206, 0.0)], [-0.999192, -0.00665684, 0.0396244, 0.0)], [-0.00682941, 0.999968, -0.00422139, 0.0)], [0.00696563, 0.00340632, 0.0012387, 1.0)]])
0.00696563, 0.00340632, 0.0012387
float3(-1.56277, -2.12443, -2.54834)
439701.587679708
normal
simd_float4x4([[-0.116932, -0.00916625, -0.993098, 0.0)], [-0.993139, -0.000454981, 0.116941, 0.0)], [-0.00152375, 0.999958, -0.00905016, 0.0)], [0.0714582, 0.0203627, -0.024767, 1.0)]])
0.0714582, 0.0203627, -0.024767
float3(-1.56162, -2.97479, -1.62039)
439701.804468416
normal
simd_float4x4([[-0.200706, -0.0202989, -0.979441, 0.0)], [-0.979282, -0.0233157, 0.201156, 0.0)], [-0.0269196, 0.999522, -0.0151988, 0.0)], [0.110053, 0.0303343, -0.0260991, 1.0)]])
0.110053, 0.0303343, -0.0260991
float3(-1.53988, -2.08478, -2.42525)
439702.004581125
normal
simd_float4x4([[-0.306947, -0.0274762, -0.95133, 0.0)], [-0.950598, -0.0398042, 0.307861, 0.0)], [-0.0463258, 0.99883, -0.0139011, 0.0)], [0.148064, 0.0351962, -0.0357936, 1.0)]])
0.148064, 0.0351962, -0.0357936
float3(-1.52241, -1.86232, -2.53742)
439702.204694041
normal
simd_float4x4([[-0.408029, -0.025827, -0.912604, 0.0)], [-0.91138, -0.0474192, 0.408824, 0.0)], [-0.0538336, 0.998541, -0.00418983, 0.0)], [0.200737, 0.0320674, -0.0362935, 1.0)]])
0.200737, 0.0320674, -0.0362935
float3(-1.51677, -1.64847, -2.64286)
439702.421482916
normal
simd_float4x4([[-0.475498, -0.0269328, -0.879304, 0.0)], [-0.87766, -0.0537821, 0.476256, 0.0)], [-0.0601177, 0.998189, 0.00193547, 0.0)], [0.243482, 0.0294493, -0.0329777, 1.0)]])
0.243482, 0.0294493, -0.0329777
float3(-1.51061, -1.53861, -2.67732)
439702.638271708
normal
simd_float4x4([[-0.449426, -0.0336261, -0.892685, 0.0)], [-0.891607, -0.0449319, 0.450576, 0.0)], [-0.0552611, 0.998424, -0.00978772, 0.0)], [0.235534, 0.0324061, -0.0173293, 1.0)]])
0.235534, 0.0324061, -0.0173293
float3(-1.51465, -1.7461, -2.49913)
439702.838384583
normal
simd_float4x4([[-0.363684, -0.0495151, -0.930206, 0.0)], [-0.92998, -0.0381404, 0.365626, 0.0)], [-0.0535825, 0.998045, -0.032177, 0.0)], [0.1923, 0.0392518, 0.00574531, 1.0)]])
0.1923, 0.0392518, 0.00574531
float3(-1.50825, -2.11159, -2.22715)
439703.038497291
normal
simd_float4x4([[-0.26044, -0.0950112, -0.960804, 0.0)], [-0.963791, -0.0334206, 0.264554, 0.0)], [-0.0572462, 0.994915, -0.082867, 0.0)], [0.140546, 0.0532823, 0.0231043, 1.0)]])
0.140546, 0.0532823, 0.0231043
float3(-1.46991, -2.53705, -1.90903)
439703.238610208
normal
simd_float4x4([[-0.170215, -0.200673, -0.964758, 0.0)], [-0.983392, -0.0279843, 0.179323, 0.0)], [-0.0629833, 0.979259, -0.192577, 0.0)], [0.102494, 0.0918866, 0.026615, 1.0)]])
0.102494, 0.0918866, 0.026615
float3(-1.36677, -2.8255, -1.70935)
439703.438723041
normal
simd_float4x4([[-0.0991788, -0.373676, -0.922242, 0.0)], [-0.992948, -0.0233227, 0.116233, 0.0)], [-0.0649425, 0.927266, -0.368728, 0.0)], [0.079041, 0.159606, 0.0137748, 1.0)]])
0.079041, 0.159606, 0.0137748
float3(-1.18704, -2.96725, -1.63313)
439703.638835916
normal
simd_float4x4([[-0.0647536, -0.551531, -0.831637, 0.0)], [-0.99528, -0.0246731, 0.0938582, 0.0)], [-0.0722848, 0.833789, -0.54733, 0.0)], [0.0783288, 0.2383, -0.0133267, 1.0)]])
0.0783288, 0.2383, -0.0133267
float3(-0.985936, -3.01028, -1.6155)
439703.838948666
normal
simd_float4x4([[-0.0420824, -0.679262, -0.732688, 0.0)], [-0.995887, -0.0303795, 0.0853636, 0.0)], [-0.0802429, 0.733267, -0.675189, 0.0)], [0.0786208, 0.301718, -0.0453986, 1.0)]])
0.0786208, 0.301718, -0.0453986
float3(-0.823114, -3.0233, -1.61549)
439704.055737458
normal
simd_float4x4([[-0.0160141, -0.814118, -0.580479, 0.0)], [-0.993499, -0.0524881, 0.101023, 0.0)], [-0.112712, 0.578323, -0.807984, 0.0)], [0.0875613, 0.367861, -0.0893709, 1.0)]])
0.0875613, 0.367861, -0.0893709
float3(-0.616672, -3.00299, -1.63518)
439704.255850416
normal
simd_float4x4([[-0.0172988, -0.901827, -0.431751, 0.0)], [-0.98815, -0.0504478, 0.144965, 0.0)], [-0.152514, 0.429143, -0.890267, 0.0)], [0.0963663, 0.419228, -0.131659, 1.0)]])
0.0963663, 0.419228, -0.131659
float3(-0.443544, -2.97193, -1.62668)
439704.455963166
normal
simd_float4x4([[-0.0416946, -0.946209, -0.320857, 0.0)], [-0.993599, 0.00552249, 0.11283, 0.0)], [-0.104989, 0.323507, -0.940383, 0.0)], [0.0991352, 0.453919, -0.166203, 1.0)]])
0.0991352, 0.453919, -0.166203
float3(-0.329434, -3.03041, -1.56496)
439704.656075916
normal
simd_float4x4([[-0.0420082, -0.964279, -0.261535, 0.0)], [-0.993216, 0.0118951, 0.115675, 0.0)], [-0.108432, 0.26462, -0.958237, 0.0)], [0.0972002, 0.465903, -0.185134, 1.0)]])
0.0972002, 0.465903, -0.185134
float3(-0.26781, -3.02891, -1.55846)
439704.872864791
normal
simd_float4x4([[-0.0464416, -0.970928, -0.234822, 0.0)], [-0.993218, 0.0197982, 0.114572, 0.0)], [-0.106592, 0.23855, -0.965263, 0.0)], [0.099326, 0.471976, -0.192461, 1.0)]])
0.099326, 0.471976, -0.192461
float3(-0.240873, -3.03161, -1.55041)
439705.072977583
normal
simd_float4x4([[-0.0401806, -0.980257, -0.193602, 0.0)], [-0.992495, 0.0167588, 0.121131, 0.0)], [-0.115494, 0.197016, -0.973574, 0.0)], [0.100149, 0.476049, -0.191765, 1.0)]])
0.100149, 0.476049, -0.191765
float3(-0.198314, -3.02351, -1.5537)
439705.273090291
normal
simd_float4x4([[-0.0398401, -0.982598, -0.181423, 0.0)], [-0.992189, 0.0174229, 0.123519, 0.0)], [-0.118208, 0.184927, -0.975617, 0.0)], [0.0992099, 0.477294, -0.185446, 1.0)]])
0.0992099, 0.477294, -0.185446
float3(-0.185998, -3.02102, -1.55307)
439705.489879375
normal
simd_float4x4([[-0.0362126, -0.98456, -0.17126, 0.0)], [-0.990789, 0.0129959, 0.134788, 0.0)], [-0.130481, 0.174564, -0.975962, 0.0)], [0.0979542, 0.478268, -0.182821, 1.0)]])
0.0979542, 0.478268, -0.182821
float3(-0.175463, -3.00869, -1.5576)
439705.689992041
normal
simd_float4x4([[-0.0331509, -0.985618, -0.165704, 0.0)], [-0.98993, 0.00955163, 0.141233, 0.0)], [-0.137619, 0.168717, -0.97601, 0.0)], [0.0978426, 0.478422, -0.183721, 1.0)]])
0.0978426, 0.478422, -0.183721
float3(-0.169528, -3.00151, -1.56111)
439705.890104875
normal
simd_float4x4([[-0.0339312, -0.985545, -0.165982, 0.0)], [-0.989838, 0.0101918, 0.141834, 0.0)], [-0.138092, 0.169108, -0.975875, 0.0)], [0.0986288, 0.478288, -0.187819, 1.0)]])
0.0986288, 0.478288, -0.187819
float3(-0.169925, -3.00102, -1.56046)
439706.090217625
normal
simd_float4x4([[-0.0313335, -0.985757, -0.165229, 0.0)], [-0.989899, 0.00773655, 0.141564, 0.0)], [-0.13827, 0.167996, -0.976042, 0.0)], [0.0997213, 0.476684, -0.189546, 1.0)]])
0.0997213, 0.476684, -0.189546
float3(-0.168796, -3.00087, -1.56295)
439706.307006541
normal
simd_float4x4([[-0.0357626, -0.985546, -0.165593, 0.0)], [-0.989721, 0.0119687, 0.142513, 0.0)], [-0.138471, 0.168988, -0.975843, 0.0)], [0.101616, 0.477329, -0.189395, 1.0)]])
0.101616, 0.477329, -0.189395
float3(-0.169803, -3.00063, -1.55865)
439706.507119291
normal
simd_float4x4([[-0.0379374, -0.985168, -0.167345, 0.0)], [-0.99051, 0.0149353, 0.136626, 0.0)], [-0.1321, 0.17094, -0.976386, 0.0)], [0.101512, 0.477029, -0.189533, 1.0)]])
0.101512, 0.477029, -0.189533
float3(-0.171784, -3.00711, -1.55564)
439706.707232083
normal
simd_float4x4([[-0.03526, -0.985754, -0.164458, 0.0)], [-0.991396, 0.0137445, 0.130173, 0.0)], [-0.126058, 0.167633, -0.977757, 0.0)], [0.100688, 0.478539, -0.192032, 1.0)]])
0.100688, 0.478539, -0.192032
float3(-0.168428, -3.01337, -1.55685)
439706.907344833
normal
simd_float4x4([[-0.0342659, -0.986379, -0.160877, 0.0)], [-0.991658, 0.0135429, 0.128183, 0.0)], [-0.124258, 0.163927, -0.978615, 0.0)], [0.101525, 0.477123, -0.192413, 1.0)]])
0.101525, 0.477123, -0.192413
float3(-0.16467, -3.0153, -1.55707)
439707.124133666
normal
simd_float4x4([[-0.0348453, -0.986717, -0.158667, 0.0)], [-0.991867, 0.0146975, 0.126426, 0.0)], [-0.122414, 0.161782, -0.979204, 0.0)], [0.101552, 0.477812, -0.193783, 1.0)]])
0.101552, 0.477812, -0.193783
float3(-0.162496, -3.01722, -1.5559)
439707.3242465
normal
simd_float4x4([[-0.0354484, -0.986807, -0.157973, 0.0)], [-0.991906, 0.0154557, 0.126032, 0.0)], [-0.121927, 0.161162, -0.979367, 0.0)], [0.102549, 0.477049, -0.19336, 1.0)]])
0.102549, 0.477049, -0.19336
float3(-0.161868, -3.01773, -1.55514)
439707.524359416
normal
simd_float4x4([[-0.0384637, -0.986529, -0.158998, 0.0)], [-0.991854, 0.0183555, 0.126053, 0.0)], [-0.121437, 0.162551, -0.979199, 0.0)], [0.106052, 0.478591, -0.189618, 1.0)]])
0.106052, 0.478591, -0.189618
float3(-0.163275, -3.01821, -1.55219)
439707.724472125
normal
simd_float4x4([[-0.03872, -0.986433, -0.159533, 0.0)], [-0.992104, 0.0188909, 0.123985, 0.0)], [-0.119289, 0.163074, -0.979376, 0.0)], [0.107191, 0.478353, -0.188962, 1.0)]])
0.107191, 0.478353, -0.188962
float3(-0.163806, -3.02039, -1.55165)
439707.924584875
normal
simd_float4x4([[-0.0406389, -0.9863, -0.159881, 0.0)], [-0.992359, 0.0211854, 0.121548, 0.0)], [-0.116496, 0.163599, -0.979624, 0.0)], [0.109277, 0.478493, -0.186907, 1.0)]])
0.109277, 0.478493, -0.186907
float3(-0.164337, -3.02323, -1.54932)
439708.124697625
normal
simd_float4x4([[-0.0410247, -0.984364, -0.171303, 0.0)], [-0.99275, 0.0207714, 0.118391, 0.0)], [-0.112982, 0.174918, -0.978079, 0.0)], [0.113405, 0.474129, -0.18075, 1.0)]])
0.113405, 0.474129, -0.18075
float3(-0.175822, -3.02659, -1.5497)
439708.324810583
normal
simd_float4x4([[-0.0577431, -0.958709, -0.278466, 0.0)], [-0.994142, 0.0296929, 0.103919, 0.0)], [-0.0913599, 0.282836, -0.954807, 0.0)], [0.118081, 0.44955, -0.14892, 1.0)]])
0.118081, 0.44955, -0.14892
float3(-0.28675, -3.0462, -1.53983)
439708.541599333
normal
simd_float4x4([[-0.0677238, -0.90474, -0.420547, 0.0)], [-0.995967, 0.0364443, 0.0819841, 0.0)], [-0.0588477, 0.424403, -0.903559, 0.0)], [0.118335, 0.407126, -0.112876, 1.0)]])
0.118335, 0.407126, -0.112876
float3(-0.438302, -3.07656, -1.53054)
439708.74171225
normal
simd_float4x4([[-0.0702774, -0.829157, -0.554581, 0.0)], [-0.997067, 0.0415004, 0.0643024, 0.0)], [-0.0303014, 0.557474, -0.829642, 0.0)], [0.114785, 0.361819, -0.0818471, 1.0)]])
0.114785, 0.361819, -0.0818471
float3(-0.591339, -3.10509, -1.52079)
439708.941825041
normal
simd_float4x4([[-0.0697973, -0.748765, -0.659151, 0.0)], [-0.997262, 0.0362058, 0.0644717, 0.0)], [-0.0244091, 0.661847, -0.749242, 0.0)], [0.10945, 0.320605, -0.0578357, 1.0)]])
0.10945, 0.320605, -0.0578357
float3(-0.723279, -3.10903, -1.52248)
439709.158613708
normal
simd_float4x4([[-0.0615564, -0.671324, -0.738604, 0.0)], [-0.998022, 0.0319547, 0.0541328, 0.0)], [-0.0127388, 0.740475, -0.671963, 0.0)], [0.105098, 0.281749, -0.0426381, 1.0)]])
0.105098, 0.281749, -0.0426381
float3(-0.833777, -3.12264, -1.52323)
439709.358726625
normal
simd_float4x4([[-0.0491637, -0.543567, -0.837925, 0.0)], [-0.998706, 0.0376669, 0.0341625, 0.0)], [0.0129924, 0.83852, -0.544716, 0.0)], [0.0989578, 0.22799, -0.0269237, 1.0)]])
0.0989578, 0.22799, -0.0269237
float3(-0.994561, 3.11775, -1.50161)
439709.575515416
normal
simd_float4x4([[-0.0205957, -0.396665, -0.917732, 0.0)], [-0.999628, 0.0245632, 0.0118169, 0.0)], [0.0178551, 0.917635, -0.397023, 0.0)], [0.0867593, 0.163128, -0.0215086, 1.0)]])
0.0867593, 0.163128, -0.0215086
float3(-1.16209, 3.09665, -1.50895)
439709.775628166
normal
simd_float4x4([[0.0451163, -0.264425, -0.96335, 0.0)], [-0.998981, -0.0106018, -0.043875, 0.0)], [0.00138842, 0.964348, -0.264634, 0.0)], [0.0654155, 0.105791, -0.0089696, 1.0)]])
0.0654155, 0.105791, -0.0089696
float3(-1.30297, 3.13635, -1.61087)
439709.975741083
normal
simd_float4x4([[0.182306, -0.189069, -0.964892, 0.0)], [-0.98324, -0.0335165, -0.179205, 0.0)], [0.00154232, 0.981392, -0.19201, 0.0)], [0.0191391, 0.0740994, -0.0112315, 1.0)]])
0.0191391, 0.0740994, -0.0112315
float3(-1.37758, 3.13356, -1.74624)
439710.192529875
normal
simd_float4x4([[0.384356, -0.120463, -0.915292, 0.0)], [-0.923179, -0.0535902, -0.380616, 0.0)], [-0.0032004, 0.99127, -0.131807, 0.0)], [-0.0526849, 0.0488489, -0.0332085, 1.0)]])
-0.0526849, 0.0488489, -0.0332085
float3(-1.43857, -3.11732, -1.98937)
439710.39264275
normal
simd_float4x4([[0.566006, -0.0776293, -0.820738, 0.0)], [-0.824396, -0.0566795, -0.563168, 0.0)], [-0.0028007, 0.99537, -0.0960782, 0.0)], [-0.111624, 0.0300874, -0.0717857, 1.0)]])
-0.111624, 0.0300874, -0.0717857
float3(-1.47453, -3.11245, -2.20146)
439710.609431416
normal
simd_float4x4([[0.688382, -0.0498756, -0.723632, 0.0)], [-0.724259, -0.101925, -0.681953, 0.0)], [-0.0397431, 0.993541, -0.106286, 0.0)], [-0.15436, 0.0093577, -0.130476, 1.0)]])
-0.15436, 0.0093577, -0.130476
float3(-1.45708, -2.78376, -2.68651)
439710.826220333
normal
simd_float4x4([[0.805727, -0.0714411, -0.587962, 0.0)], [-0.592208, -0.0809438, -0.80171, 0.0)], [0.00968311, 0.994155, -0.107527, 0.0)], [-0.197288, 0.00905909, -0.227145, 1.0)]])
-0.197288, 0.00905909, -0.227145
float3(-1.46262, 3.05178, -2.41847)
439711.026333083
normal
simd_float4x4([[0.91282, -0.102259, -0.395351, 0.0)], [-0.40336, -0.0747139, -0.911986, 0.0)], [0.0637206, 0.991948, -0.109447, 0.0)], [-0.232086, 0.0143369, -0.344743, 1.0)]])
-0.232086, 0.0143369, -0.344743
float3(-1.44381, 2.61436, -2.20179)
439711.226445958
normal
simd_float4x4([[0.972404, -0.0929103, -0.214003, 0.0)], [-0.22132, -0.0771844, -0.972142, 0.0)], [0.0738043, 0.992678, -0.0956174, 0.0)], [-0.263487, 0.00938139, -0.455056, 1.0)]])
-0.263487, 0.00938139, -0.455056
float3(-1.44971, 2.48424, -2.264)
439711.426558666
normal
simd_float4x4([[0.995309, -0.0905679, -0.034028, 0.0)], [-0.0433217, -0.102714, -0.993767, 0.0)], [0.0865082, 0.990579, -0.106155, 0.0)], [-0.293144, 0.0128911, -0.550982, 1.0)]])
-0.293144, 0.0128911, -0.550982
float3(-1.43342, 2.45782, -2.41895)
439711.6433475
normal
simd_float4x4([[0.985727, -0.082143, 0.146948, 0.0)], [0.136683, -0.119079, -0.983432, 0.0)], [0.0982804, 0.989481, -0.106152, 0.0)], [-0.326489, 0.016138, -0.642098, 1.0)]])
-0.326489, 0.016138, -0.642098
float3(-1.42562, 2.39468, -2.53773)
439711.843460208
normal
simd_float4x4([[0.941854, -0.0696542, 0.328724, 0.0)], [0.317375, -0.136962, -0.938357, 0.0)], [0.110383, 0.988124, -0.106892, 0.0)], [-0.364837, 0.00745268, -0.72077, 1.0)]])
-0.364837, 0.00745268, -0.72077
float3(-1.41653, 2.34013, -2.67112)
439712.043573208
normal
simd_float4x4([[0.852506, -0.0756364, 0.517216, 0.0)], [0.505674, -0.131273, -0.852679, 0.0)], [0.13239, 0.988457, -0.0736636, 0.0)], [-0.410045, -0.00161658, -0.805938, 1.0)]])
-0.410045, -0.00161658, -0.805938
float3(-1.41871, 2.07855, -2.61887)
439712.243686125
normal
simd_float4x4([[0.70598, -0.0555347, 0.706051, 0.0)], [0.696064, -0.129591, -0.706188, 0.0)], [0.130716, 0.990011, -0.0528328, 0.0)], [-0.443537, -0.0109586, -0.891803, 1.0)]])
-0.443537, -0.0109586, -0.891803
float3(-1.42934, 1.9549, -2.73673)
439712.443798875
normal
simd_float4x4([[0.566545, -0.0497902, 0.822525, 0.0)], [0.81248, -0.132792, -0.567665, 0.0)], [0.137489, 0.989892, -0.0347792, 0.0)], [-0.459042, -0.00477266, -0.969003, 1.0)]])
-0.459042, -0.00477266, -0.969003
float3(-1.4285, 1.81856, -2.78287)
439712.643911541
normal
simd_float4x4([[0.448586, -0.0632873, 0.891496, 0.0)], [0.885484, -0.103793, -0.452929, 0.0)], [0.121196, 0.992583, 0.00947969, 0.0)], [-0.465034, 0.00679871, -1.05973, 1.0)]])
-0.465034, 0.00679871, -1.05973
float3(-1.44893, 1.49274, -2.59404)
439712.844024416
normal
simd_float4x4([[0.387721, -0.10183, 0.916135, 0.0)], [0.91105, -0.108849, -0.397668, 0.0)], [0.140215, 0.988829, 0.0505691, 0.0)], [-0.482949, 0.00804039, -1.18023, 1.0)]])
-0.482949, 0.00804039, -1.18023
float3(-1.42118, 1.22466, -2.3895)
439713.044137166
normal
simd_float4x4([[0.352833, -0.0572876, 0.933931, 0.0)], [0.926663, -0.116892, -0.357257, 0.0)], [0.129635, 0.991491, 0.0118431, 0.0)], [-0.502558, 0.00709915, -1.31948, 1.0)]])
-0.502558, 0.00709915, -1.31948
float3(-1.44025, 1.47969, -2.6859)
439713.260926125
normal
simd_float4x4([[0.265531, -0.0967705, 0.959233, 0.0)], [0.953708, -0.11934, -0.276041, 0.0)], [0.141188, 0.988126, 0.0606024, 0.0)], [-0.481498, 0.038714, -1.46241, 1.0)]])
-0.481498, 0.038714, -1.46241
float3(-1.41654, 1.16535, -2.46025)
439713.461038875
normal
simd_float4x4([[0.201704, -0.101976, 0.974123, 0.0)], [0.970942, -0.109962, -0.212556, 0.0)], [0.128792, 0.988691, 0.0768335, 0.0)], [-0.477295, 0.0428653, -1.59648, 1.0)]])
-0.477295, 0.0428653, -1.59648
float3(-1.42026, 1.0329, -2.39385)
439713.661151666
normal
simd_float4x4([[0.140921, -0.136428, 0.980576, 0.0)], [0.984522, -0.0849381, -0.153305, 0.0)], [0.104203, 0.987002, 0.122347, 0.0)], [-0.493418, 0.0388286, -1.75419, 1.0)]])
-0.493418, 0.0388286, -1.75419
float3(-1.40939, 0.705483, -2.12766)
439713.861264583
normal
simd_float4x4([[0.0751712, -0.121149, 0.989784, 0.0)], [0.993998, -0.0700068, -0.0840601, 0.0)], [0.0794755, 0.990163, 0.11516, 0.0)], [-0.510004, 0.0483538, -1.9051, 1.0)]])
-0.510004, 0.0483538, -1.9051
float3(-1.43041, 0.604072, -2.09477)
439714.07805325
normal
simd_float4x4([[0.0534506, -0.0443313, 0.997586, 0.0)], [0.997086, -0.0520891, -0.0557386, 0.0)], [0.0544343, 0.997658, 0.0414179, 0.0)], [-0.522224, 0.0542216, -2.04269, 1.0)]])
-0.522224, 0.0542216, -2.04269
float3(-1.50234, 0.920369, -2.43648)
439714.278166166
normal
simd_float4x4([[0.0533672, -0.0325247, 0.998045, 0.0)], [0.997502, -0.0445815, -0.054791, 0.0)], [0.0462764, 0.998476, 0.0300642, 0.0)], [-0.521974, 0.0440008, -2.1848, 1.0)]])
-0.521974, 0.0440008, -2.1848
float3(-1.51558, 0.994655, -2.5113)
439714.478278958
normal
simd_float4x4([[0.124359, -0.0210331, 0.992014, 0.0)], [0.990725, -0.052552, -0.125311, 0.0)], [0.0547681, 0.998397, 0.0143027, 0.0)], [-0.527157, 0.0390214, -2.35549, 1.0)]])
-0.527157, 0.0390214, -2.35549
float3(-1.51416, 1.31535, -2.76089)
439714.678391791
normal
simd_float4x4([[0.145701, -0.0397976, 0.988528, 0.0)], [0.987747, -0.0506334, -0.147624, 0.0)], [0.0559276, 0.997924, 0.0319326, 0.0)], [-0.520023, 0.0665842, -2.51567, 1.0)]])
-0.520023, 0.0665842, -2.51567
float3(-1.50635, 1.052, -2.47545)
439714.878504541
normal
simd_float4x4([[0.153573, -0.0623459, 0.986168, 0.0)], [0.988109, 0.00212976, -0.153741, 0.0)], [0.00748483, 0.998052, 0.0619316, 0.0)], [-0.513014, 0.0850564, -2.66993, 1.0)]])
-0.513014, 0.0850564, -2.66993
float3(-1.50837, 0.120273, -1.53665)
439715.078617416
normal
simd_float4x4([[0.10253, -0.116324, 0.987905, 0.0)], [0.99384, 0.0539898, -0.0967889, 0.0)], [-0.0420779, 0.991743, 0.121143, 0.0)], [-0.512113, 0.0876475, -2.85558, 1.0)]])
-0.512113, 0.0876475, -2.85558
float3(-1.4422, -0.334305, -1.13625)
439715.278730125
normal
simd_float4x4([[0.045557, -0.106074, 0.993314, 0.0)], [0.998953, 0.000767258, -0.0457337, 0.0)], [0.00408903, 0.994358, 0.105998, 0.0)], [-0.510784, 0.0972899, -3.04258, 1.0)]])
-0.510784, 0.0972899, -3.04258
float3(-1.46452, 0.0385574, -1.56356)
439715.495519125
normal
simd_float4x4([[0.0287335, -0.071909, 0.996997, 0.0)], [0.999187, -0.0261656, -0.0306838, 0.0)], [0.0282935, 0.997068, 0.0710987, 0.0)], [-0.521959, 0.106569, -3.21844, 1.0)]])
-0.521959, 0.106569, -3.21844
float3(-1.4942, 0.378735, -1.91978)
439715.695631916
normal
simd_float4x4([[0.0691133, -0.0896273, 0.993574, 0.0)], [0.997583, -0.00100577, -0.0694828, 0.0)], [0.00722687, 0.995975, 0.0893412, 0.0)], [-0.521761, 0.0973528, -3.39394, 1.0)]])
-0.521761, 0.0973528, -3.39394
float3(-1.48104, 0.0807149, -1.58202)
439715.89574475
normal
simd_float4x4([[0.138762, -0.086932, 0.986503, 0.0)], [0.990225, -0.00203339, -0.139465, 0.0)], [0.0141299, 0.996212, 0.0858001, 0.0)], [-0.513585, 0.10987, -3.58176, 1.0)]])
-0.513585, 0.10987, -3.58176
float3(-1.48373, 0.163219, -1.59418)
439716.095857666
normal
simd_float4x4([[0.175526, -0.103961, 0.97897, 0.0)], [0.984465, 0.0139757, -0.175027, 0.0)], [0.00451427, 0.994483, 0.104799, 0.0)], [-0.500518, 0.131689, -3.74524, 1.0)]])
-0.500518, 0.131689, -3.74524
float3(-1.46571, 0.0430488, -1.43717)
439716.295970375
normal
simd_float4x4([[0.165433, -0.0979301, 0.981347, 0.0)], [0.985929, 0.0406507, -0.162149, 0.0)], [-0.0240132, 0.994363, 0.103277, 0.0)], [-0.492982, 0.120606, -3.91449, 1.0)]])
-0.492982, 0.120606, -3.91449
float3(-1.46456, -0.228453, -1.17734)
439716.496083208
normal
simd_float4x4([[0.110657, -0.106355, 0.988152, 0.0)], [0.99373, 0.0278191, -0.108287, 0.0)], [-0.0159727, 0.993939, 0.108766, 0.0)], [-0.495295, 0.111608, -4.1002, 1.0)]])
-0.495295, 0.111608, -4.1002
float3(-1.46064, -0.145811, -1.31496)
439716.696196166
normal
simd_float4x4([[0.0691117, -0.0871387, 0.993796, 0.0)], [0.997606, 0.00378584, -0.0690447, 0.0)], [0.00225412, 0.996189, 0.0871918, 0.0)], [-0.499407, 0.124461, -4.24476, 1.0)]])
-0.499407, 0.124461, -4.24476
float3(-1.48346, 0.0258466, -1.52738)
439716.896308875
normal
simd_float4x4([[0.0473005, -0.0837032, 0.995367, 0.0)], [0.998498, -0.0236069, -0.0494345, 0.0)], [0.0276354, 0.996211, 0.0824609, 0.0)], [-0.497628, 0.11597, -4.39416, 1.0)]])
-0.497628, 0.11597, -4.39416
float3(-1.48372, 0.32337, -1.84569)
439717.09642175
normal
simd_float4x4([[0.0871434, -0.077597, 0.993169, 0.0)], [0.996015, -0.0122134, -0.0883473, 0.0)], [0.0189855, 0.99691, 0.0762235, 0.0)], [-0.488124, 0.102213, -4.54893, 1.0)]])
-0.488124, 0.102213, -4.54893
float3(-1.49216, 0.244109, -1.72691)
439717.329886833
normal
simd_float4x4([[0.137379, -0.0836639, 0.986979, 0.0)], [0.990493, 0.0187768, -0.136276, 0.0)], [-0.00713089, 0.996317, 0.085448, 0.0)], [-0.478023, 0.133306, -4.73152, 1.0)]])
-0.478023, 0.133306, -4.73152
float3(-1.48495, -0.08326, -1.35002)
439717.529999625
normal
simd_float4x4([[0.140476, -0.0775879, 0.987039, 0.0)], [0.989835, 0.0333656, -0.138251, 0.0)], [-0.0222066, 0.996427, 0.0814862, 0.0)], [-0.476359, 0.128585, -4.88311, 1.0)]])
-0.476359, 0.128585, -4.88311
float3(-1.48624, -0.266058, -1.16467)
439717.7301125
normal
simd_float4x4([[0.122406, -0.114992, 0.985796, 0.0)], [0.992131, 0.0405324, -0.118465, 0.0)], [-0.0263342, 0.992539, 0.119048, 0.0)], [-0.496837, 0.122187, -5.05454, 1.0)]])
-0.496837, 0.122187, -5.05454
float3(-1.44857, -0.217701, -1.23191)
439717.930225333
normal
simd_float4x4([[0.0891699, -0.112225, 0.989674, 0.0)], [0.995807, -0.0103108, -0.0908917, 0.0)], [0.0204046, 0.993629, 0.110835, 0.0)], [-0.514536, 0.139081, -5.22291, 1.0)]])
-0.514536, 0.139081, -5.22291
float3(-1.45786, 0.182061, -1.66242)
439718.130338083
normal
simd_float4x4([[0.0553952, -0.101315, 0.993311, 0.0)], [0.998135, -0.0199193, -0.0576959, 0.0)], [0.0256316, 0.994655, 0.100023, 0.0)], [-0.516347, 0.145847, -5.37946, 1.0)]])
-0.516347, 0.145847, -5.37946
float3(-1.46736, 0.250859, -1.76493)
439718.330450833
normal
simd_float4x4([[0.0803482, -0.105695, 0.991147, 0.0)], [0.996641, -0.00726876, -0.0815687, 0.0)], [0.0158258, 0.994372, 0.104756, 0.0)], [-0.515998, 0.127229, -5.55923, 1.0)]])
-0.515998, 0.127229, -5.55923
float3(-1.46465, 0.149939, -1.63946)
439718.530563708
normal
simd_float4x4([[0.113993, -0.0826577, 0.990037, 0.0)], [0.993379, -0.00479977, -0.114779, 0.0)], [0.0142393, 0.996566, 0.0815634, 0.0)], [-0.502898, 0.14068, -5.73143, 1.0)]])
-0.502898, 0.14068, -5.73143
float3(-1.4879, 0.172838, -1.6288)
439718.730676583
normal
simd_float4x4([[0.115208, -0.0575491, 0.991673, 0.0)], [0.993224, 0.0220086, -0.114111, 0.0)], [-0.0152583, 0.9981, 0.0596947, 0.0)], [-0.490253, 0.151266, -5.89145, 1.0)]])
-0.490253, 0.151266, -5.89145
float3(-1.50914, -0.250248, -1.20553)
439718.947465416
normal
simd_float4x4([[0.100511, -0.0905341, 0.990808, 0.0)], [0.994902, 0.0174088, -0.099336, 0.0)], [-0.00825553, 0.995741, 0.0918223, 0.0)], [-0.495736, 0.144943, -6.08343, 1.0)]])
-0.495736, 0.144943, -6.08343
float3(-1.47847, -0.0896666, -1.38082)
439719.147578291
normal
simd_float4x4([[0.068679, -0.107298, 0.991852, 0.0)], [0.997571, 0.0189565, -0.0670243, 0.0)], [-0.0116105, 0.994046, 0.10834, 0.0)], [-0.510237, 0.147439, -6.26976, 1.0)]])
-0.510237, 0.147439, -6.26976
float3(-1.46162, -0.10676, -1.39593)
439719.347691
normal
simd_float4x4([[0.0241327, -0.100856, 0.994608, 0.0)], [0.999041, -0.0339182, -0.0276797, 0.0)], [0.036527, 0.994323, 0.099941, 0.0)], [-0.510054, 0.157018, -6.44238, 1.0)]])
-0.510054, 0.157018, -6.44238
float3(-1.46419, 0.350403, -1.89522)
439719.547804
normal
simd_float4x4([[0.0438699, -0.105442, 0.993457, 0.0)], [0.998491, -0.0282479, -0.0470903, 0.0)], [0.0330284, 0.994024, 0.104043, 0.0)], [-0.509085, 0.143799, -6.61133, 1.0)]])
-0.509085, 0.143799, -6.61133
float3(-1.46142, 0.307387, -1.83255)
439719.747917
normal
simd_float4x4([[0.114343, -0.0625895, 0.991468, 0.0)], [0.993421, 0.000888556, -0.114512, 0.0)], [0.00628629, 0.998039, 0.0622793, 0.0)], [-0.498455, 0.146302, -6.79345, 1.0)]])
-0.498455, 0.146302, -6.79345
float3(-1.50816, 0.100596, -1.5566)
439719.964705666
normal
simd_float4x4([[0.133809, -0.107393, 0.985171, 0.0)], [0.990984, 0.00770293, -0.133759, 0.0)], [0.00677605, 0.994187, 0.107455, 0.0)], [-0.483487, 0.180486, -6.961, 1.0)]])
-0.483487, 0.180486, -6.961
float3(-1.46292, 0.0629758, -1.49919)
439720.164818625
normal
simd_float4x4([[0.117381, -0.0762113, 0.990158, 0.0)], [0.993042, 0.0185231, -0.116297, 0.0)], [-0.00947768, 0.99692, 0.0778553, 0.0)], [-0.474909, 0.169997, -7.11874, 1.0)]])
-0.474909, 0.169997, -7.11874
float3(-1.49229, -0.121138, -1.33237)
439720.381607541
normal
simd_float4x4([[0.0886121, -0.0834015, 0.992568, 0.0)], [0.996029, 0.0160455, -0.0875728, 0.0)], [-0.00862254, 0.996387, 0.0844922, 0.0)], [-0.482625, 0.167654, -7.3177, 1.0)]])
-0.482625, 0.167654, -7.3177
float3(-1.48576, -0.101699, -1.38073)
439720.581720333
normal
simd_float4x4([[0.0785602, -0.0772151, 0.993915, 0.0)], [0.996648, -0.0167275, -0.0800758, 0.0)], [0.0228087, 0.996874, 0.0756423, 0.0)], [-0.494991, 0.185254, -7.47822, 1.0)]])
-0.494991, 0.185254, -7.47822
float3(-1.49171, 0.292864, -1.78413)
439720.798509291
normal
simd_float4x4([[0.100266, -0.0918527, 0.990712, 0.0)], [0.992841, -0.0557195, -0.105647, 0.0)], [0.0649059, 0.994212, 0.0856084, 0.0)], [-0.512448, 0.176148, -7.6527, 1.0)]])
-0.512448, 0.176148, -7.6527
float3(-1.46316, 0.648711, -2.11607)
439720.998622083
normal
simd_float4x4([[0.21572, -0.0608149, 0.97456, 0.0)], [0.972899, -0.0717213, -0.219828, 0.0)], [0.0832655, 0.995569, 0.043695, 0.0)], [-0.53783, 0.154628, -7.82806, 1.0)]])
-0.53783, 0.154628, -7.82806
float3(-1.47662, 1.08753, -2.4383)
439721.215411083
normal
simd_float4x4([[0.335032, -0.102958, 0.936565, 0.0)], [0.938844, -0.0474332, -0.341061, 0.0)], [0.0795392, 0.993554, 0.0807697, 0.0)], [-0.554757, 0.182522, -7.99977, 1.0)]])
-0.554757, 0.182522, -7.99977
float3(-1.45719, 0.777722, -2.00252)
439721.432200125
normal
simd_float4x4([[0.364816, -0.11587, 0.923842, 0.0)], [0.930187, 0.0019179, -0.367081, 0.0)], [0.0407618, 0.993263, 0.10848, 0.0)], [-0.551735, 0.181305, -8.16966, 1.0)]])
-0.551735, 0.181305, -8.16966
float3(-1.45465, 0.359431, -1.55425)
439721.632313
normal
simd_float4x4([[0.358303, -0.125954, 0.92507, 0.0)], [0.933605, 0.0486333, -0.354988, 0.0)], [-0.000277184, 0.990843, 0.135016, 0.0)], [-0.584617, 0.15892, -8.37362, 1.0)]])
-0.584617, 0.15892, -8.37362
float3(-1.43537, -0.00205296, -1.20231)
439721.849101875
normal
simd_float4x4([[0.336077, -0.113653, 0.934952, 0.0)], [0.940368, -0.0148866, -0.339833, 0.0)], [0.0525414, 0.993409, 0.101873, 0.0)], [-0.6323, 0.168525, -8.59345, 1.0)]])
-0.6323, 0.168525, -8.59345
float3(-1.45592, 0.476172, -1.70104)
439722.049214625
normal
simd_float4x4([[0.323109, -0.140823, 0.935826, 0.0)], [0.943495, -0.0289772, -0.330118, 0.0)], [0.0736059, 0.989611, 0.123503, 0.0)], [-0.664321, 0.182541, -8.7676, 1.0)]])
-0.664321, 0.182541, -8.7676
float3(-1.42652, 0.537461, -1.77373)
439722.249327583
normal
simd_float4x4([[0.386716, -0.147196, 0.910376, 0.0)], [0.919304, -0.0166282, -0.393197, 0.0)], [0.0730147, 0.988968, 0.128887, 0.0)], [-0.689674, 0.160227, -8.94219, 1.0)]])
-0.689674, 0.160227, -8.94219
float3(-1.42212, 0.515424, -1.68329)
439722.449440458
normal
simd_float4x4([[0.468568, -0.102166, 0.8775, 0.0)], [0.881583, -0.0100662, -0.471921, 0.0)], [0.0570473, 0.994716, 0.085351, 0.0)], [-0.707036, 0.170389, -9.12096, 1.0)]])
-0.707036, 0.170389, -9.12096
float3(-1.46795, 0.589191, -1.66901)
439722.64955325
normal
simd_float4x4([[0.48544, -0.0939372, 0.869209, 0.0)], [0.871876, -0.021507, -0.489254, 0.0)], [0.0646532, 0.995346, 0.0714613, 0.0)], [-0.71695, 0.183639, -9.27388, 1.0)]])
-0.71695, 0.183639, -9.27388
float3(-1.47428, 0.735423, -1.79587)
439722.866342208
normal
simd_float4x4([[0.489318, -0.0859227, 0.867862, 0.0)], [0.871533, 0.0121508, -0.490185, 0.0)], [0.0315728, 0.996228, 0.0808301, 0.0)], [-0.766528, 0.158036, -9.44313, 1.0)]])
-0.766528, 0.158036, -9.44313
float3(-1.48391, 0.372383, -1.43031)
439723.083131166
normal
simd_float4x4([[0.525193, -0.0433593, 0.849878, 0.0)], [0.850934, 0.0159867, -0.52503, 0.0)], [0.00917818, 0.998932, 0.045292, 0.0)], [-0.856976, 0.139901, -9.60285, 1.0)]])
-0.856976, 0.139901, -9.60285
float3(-1.52457, 0.199937, -1.21756)
439723.299920125
normal
simd_float4x4([[0.58418, -0.0529527, 0.809895, 0.0)], [0.80963, -0.031883, -0.586073, 0.0)], [0.056856, 0.998088, 0.0242467, 0.0)], [-0.948553, 0.170365, -9.72871, 1.0)]])
-0.948553, 0.170365, -9.72871
float3(-1.50895, 1.16769, -2.11276)
439723.516709083
normal
simd_float4x4([[0.729333, -0.0691151, 0.680659, 0.0)], [0.680959, -0.0227822, -0.731967, 0.0)], [0.0660969, 0.997348, 0.0304487, 0.0)], [-1.06671, 0.162056, -9.84948, 1.0)]])
-1.06671, 0.162056, -9.84948
float3(-1.49796, 1.13911, -1.88921)
439723.716821958
normal
simd_float4x4([[0.841988, -0.0514496, 0.537037, 0.0)], [0.53585, -0.0357888, -0.843555, 0.0)], [0.0626205, 0.998034, -0.00256452, 0.0)], [-1.17764, 0.161861, -9.96615, 1.0)]])
-1.17764, 0.161861, -9.96615
float3(-1.50808, 1.61173, -2.17857)
439723.916934708
normal
simd_float4x4([[0.92676, -0.0836824, 0.366213, 0.0)], [0.368155, 0.008523, -0.929725, 0.0)], [0.0746805, 0.996456, 0.0387069, 0.0)], [-1.29051, 0.187846, -10.0286, 1.0)]])
-1.29051, 0.187846, -10.0286
float3(-1.48658, 1.09262, -1.4693)
439724.117047541
normal
simd_float4x4([[0.975183, -0.0905124, 0.202052, 0.0)], [0.207342, 0.0533517, -0.976813, 0.0)], [0.0776338, 0.994465, 0.0707947, 0.0)], [-1.41831, 0.170879, -10.057, 1.0)]])
-1.41831, 0.170879, -10.057
float3(-1.46554, 0.831442, -1.03818)
439724.317160583
normal
simd_float4x4([[0.987316, -0.114255, 0.110236, 0.0)], [0.117384, 0.0578241, -0.991402, 0.0)], [0.106898, 0.991767, 0.0705024, 0.0)], [-1.57468, 0.147387, -10.0889, 1.0)]])
-1.57468, 0.147387, -10.0889
float3(-1.44239, 0.987752, -1.10228)
439724.517273291
normal
simd_float4x4([[0.996489, -0.0777583, 0.0310235, 0.0)], [0.0314793, 0.00464179, -0.999494, 0.0)], [0.0775749, 0.996961, 0.00707327, 0.0)], [-1.71677, 0.151093, -10.0978, 1.0)]])
-1.71677, 0.151093, -10.0978
float3(-1.49282, 1.47987, -1.51117)
439724.717386125
normal
simd_float4x4([[0.993865, -0.101772, -0.043309, 0.0)], [-0.0439754, -0.00431269, -0.999023, 0.0)], [0.101485, 0.994798, -0.00876168, 0.0)], [-1.8476, 0.165356, -10.1017, 1.0)]])
-1.8476, 0.165356, -10.1017
float3(-1.46876, 1.65692, -1.61315)
439724.917499083
normal
simd_float4x4([[0.985852, -0.12502, -0.111653, 0.0)], [-0.112554, -0.000147208, -0.993645, 0.0)], [0.124209, 0.992154, -0.0142166, 0.0)], [-2.00016, 0.156308, -10.1213, 1.0)]])
-2.00016, 0.156308, -10.1213
float3(-1.44545, 1.68476, -1.57197)
439725.117611833
normal
simd_float4x4([[0.975669, -0.0546071, -0.212339, 0.0)], [-0.214633, -0.0402395, -0.975865, 0.0)], [0.0447448, 0.997697, -0.0509809, 0.0)], [-2.17171, 0.150667, -10.1349, 1.0)]])
-2.17171, 0.150667, -10.1349
float3(-1.50291, 2.42125, -2.20585)
439725.33440075
normal
simd_float4x4([[0.957448, -0.0576669, -0.282785, 0.0)], [-0.28441, -0.022069, -0.958449, 0.0)], [0.04903, 0.998092, -0.037531, 0.0)], [-2.33464, 0.165382, -10.1409, 1.0)]])
-2.33464, 0.165382, -10.1409
float3(-1.50901, 2.22413, -1.9363)
439725.55118975
normal
simd_float4x4([[0.943215, -0.0659045, -0.325579, 0.0)], [-0.325148, 0.0174684, -0.945502, 0.0)], [0.0680002, 0.997673, -0.00495222, 0.0)], [-2.51687, 0.150357, -10.1267, 1.0)]])
-2.51687, 0.150357, -10.1267
float3(-1.50256, 1.64349, -1.3117)
439725.767978666
normal
simd_float4x4([[0.945252, -0.100084, -0.310617, 0.0)], [-0.313347, -0.0124203, -0.949558, 0.0)], [0.0911779, 0.994901, -0.0431014, 0.0)], [-2.72568, 0.156003, -10.1041, 1.0)]])
-2.72568, 0.156003, -10.1041
float3(-1.46977, 2.01238, -1.69426)
439725.968091583
normal
simd_float4x4([[0.948351, -0.0997579, -0.301129, 0.0)], [-0.30556, -0.0322422, -0.951627, 0.0)], [0.0852232, 0.994489, -0.061059, 0.0)], [-2.89579, 0.181623, -10.0955, 1.0)]])
-2.89579, 0.181623, -10.0955
float3(-1.46577, 2.19248, -1.8834)
439726.184880541
normal
simd_float4x4([[0.948857, -0.0948826, -0.301109, 0.0)], [-0.305336, -0.0333806, -0.951659, 0.0)], [0.0802447, 0.994929, -0.0606446, 0.0)], [-3.10103, 0.166437, -10.1047, 1.0)]])
-3.10103, 0.166437, -10.1047
float3(-1.47004, 2.21796, -1.90908)
439726.4350215
normal
simd_float4x4([[0.923897, -0.0706747, -0.376059, 0.0)], [-0.378422, -0.0231922, -0.925343, 0.0)], [0.0566767, 0.99723, -0.048172, 0.0)], [-3.33476, 0.177013, -10.1073, 1.0)]])
-3.33476, 0.177013, -10.1073
float3(-1.49635, 2.27526, -1.88788)
439726.651810375
normal
simd_float4x4([[0.916001, -0.0796455, -0.393191, 0.0)], [-0.393155, 0.016798, -0.919319, 0.0)], [0.0798244, 0.996682, -0.015926, 0.0)], [-3.51122, 0.189725, -10.1015, 1.0)]])
-3.51122, 0.189725, -10.1015
float3(-1.48931, 1.76772, -1.36293)
439726.868599291
normal
simd_float4x4([[0.917432, -0.0947009, -0.386459, 0.0)], [-0.386203, 0.0217631, -0.922157, 0.0)], [0.0957397, 0.995268, -0.0166076, 0.0)], [-3.70332, 0.166674, -10.0791, 1.0)]])
-3.70332, 0.166674, -10.0791
float3(-1.47347, 1.74255, -1.34491)
439727.08538825
normal
simd_float4x4([[0.938479, -0.0854217, -0.334604, 0.0)], [-0.33751, -0.0217762, -0.94107, 0.0)], [0.0731014, 0.996107, -0.0492671, 0.0)], [-3.90386, 0.174263, -10.0631, 1.0)]])
-3.90386, 0.174263, -10.0631
float3(-1.48253, 2.16383, -1.82041)
439727.285501125
normal
simd_float4x4([[0.95187, -0.0996408, -0.289853, 0.0)], [-0.294847, -0.039371, -0.954733, 0.0)], [0.0837185, 0.994244, -0.0668548, 0.0)], [-4.07421, 0.190667, -10.0591, 1.0)]])
-4.07421, 0.190667, -10.0591
float3(-1.46345, 2.24466, -1.9471)
439727.485613916
normal
simd_float4x4([[0.938816, -0.13048, -0.318745, 0.0)], [-0.324921, -0.0285705, -0.94531, 0.0)], [0.114237, 0.991039, -0.0692181, 0.0)], [-4.26866, 0.174845, -10.0521, 1.0)]])
-4.26866, 0.174845, -10.0521
float3(-1.43682, 2.11555, -1.78636)
439727.685726791
normal
simd_float4x4([[0.917084, -0.104455, -0.384767, 0.0)], [-0.388481, -0.0170819, -0.921298, 0.0)], [0.089662, 0.994383, -0.0562445, 0.0)], [-4.45713, 0.18025, -10.045, 1.0)]])
-4.45713, 0.18025, -10.045
float3(-1.46475, 2.13104, -1.73289)
439727.885839666
normal
simd_float4x4([[0.913975, -0.101862, -0.392777, 0.0)], [-0.394517, 0.00330633, -0.918883, 0.0)], [0.0948982, 0.994793, -0.0371645, 0.0)], [-4.6351, 0.190736, -10.0442, 1.0)]])
-4.6351, 0.190736, -10.0442
float3(-1.4687, 1.94406, -1.53835)
439728.119304625
normal
simd_float4x4([[0.926492, -0.136807, -0.350567, 0.0)], [-0.35261, 0.00981021, -0.935719, 0.0)], [0.131452, 0.990549, -0.0391503, 0.0)], [-4.85864, 0.176469, -10.035, 1.0)]])
-4.85864, 0.176469, -10.035
float3(-1.4332, 1.86026, -1.49921)
439728.319417625
normal
simd_float4x4([[0.952776, -0.106409, -0.284419, 0.0)], [-0.289393, -0.0343337, -0.956594, 0.0)], [0.092025, 0.993729, -0.0635064, 0.0)], [-5.05648, 0.166282, -10.0246, 1.0)]])
-5.05648, 0.166282, -10.0246
float3(-1.45875, 2.17485, -1.88291)
439728.519530416
normal
simd_float4x4([[0.965442, -0.0996239, -0.240823, 0.0)], [-0.248116, -0.0686077, -0.966298, 0.0)], [0.079744, 0.992657, -0.0909551, 0.0)], [-5.23555, 0.183849, -10.0199, 1.0)]])
-5.23555, 0.183849, -10.0199
float3(-1.44954, 2.42178, -2.17388)
439728.719643083
normal
simd_float4x4([[0.957337, -0.107734, -0.268139, 0.0)], [-0.278758, -0.0997601, -0.955166, 0.0)], [0.0761544, 0.989162, -0.125536, 0.0)], [-5.42735, 0.166913, -10.0153, 1.0)]])
-5.42735, 0.166913, -10.0153
float3(-1.42343, 2.59631, -2.31778)
439728.919756041
normal
simd_float4x4([[0.927713, -0.0835181, -0.363832, 0.0)], [-0.369093, -0.0594071, -0.927492, 0.0)], [0.0558481, 0.994734, -0.0859387, 0.0)], [-5.60652, 0.177787, -10.0131, 1.0)]])
-5.60652, 0.177787, -10.0131
float3(-1.46812, 2.56532, -2.18907)
439729.119868833
normal
simd_float4x4([[0.934422, -0.0916404, -0.344176, 0.0)], [-0.348564, -0.0366827, -0.936567, 0.0)], [0.0732021, 0.995116, -0.0662197, 0.0)], [-5.77098, 0.185225, -10.0202, 1.0)]])
-5.77098, 0.185225, -10.0202
float3(-1.47193, 2.30615, -1.95155)
439729.319981708
normal
simd_float4x4([[0.939072, -0.0746499, -0.335516, 0.0)], [-0.336609, -0.00220674, -0.941642, 0.0)], [0.0695531, 0.997207, -0.0272001, 0.0)], [-5.95858, 0.153903, -10.0051, 1.0)]])
-5.95858, 0.153903, -10.0051
float3(-1.49604, 1.94358, -1.60035)
439729.520094458
normal
simd_float4x4([[0.949426, -0.0737492, -0.305208, 0.0)], [-0.3052, 0.0116429, -0.952217, 0.0)], [0.0737788, 0.997209, -0.0114542, 0.0)], [-6.18495, 0.145813, -9.9746, 1.0)]])
-6.18495, 0.145813, -9.9746
float3(-1.49606, 1.72482, -1.41422)
439729.720207375
normal
simd_float4x4([[0.973318, -0.0803384, -0.214939, 0.0)], [-0.21695, -0.0171088, -0.976033, 0.0)], [0.0747356, 0.996621, -0.0340817, 0.0)], [-6.38944, 0.165692, -9.97905, 1.0)]])
-6.38944, 0.165692, -9.97905
float3(-1.48856, 1.99865, -1.78062)
439729.936996083
normal
simd_float4x4([[0.963186, -0.202459, -0.176869, 0.0)], [-0.197528, -0.0866899, -0.976457, 0.0)], [0.18236, 0.975446, -0.12349, 0.0)], [-6.61026, 0.165596, -9.98668, 1.0)]])
-6.61026, 0.165596, -9.98668
float3(-1.34874, 2.16604, -1.97536)
439730.137109083
normal
