ARKit Data
176813.918418333
limited(__ObjC.ARCamera.TrackingState.Reason.initializing)
simd_float4x4([[-0.0918863, -0.992438, 0.0813588, 0.0)], [0.0385973, 0.0780913, 0.996198, 0.0)], [-0.995019, 0.094678, 0.031128, 0.0)], [0.0, 0.0, 0.0, 1.0)]])
0.0, 0.0, 0.0
float3(-0.0948201, -1.53952, -1.49227)
176814.251560875
notAvailable
simd_float4x4([[1.0, 0.0, 0.0, 0.0)], [0.0, 1.0, 0.0, 0.0)], [0.0, 0.0, 1.0, 0.0)], [0.0, 0.0, 0.0, 1.0)]])
0.0, 0.0, 0.0
float3(-0.0, 0.0, 0.0)
176814.368214458
notAvailable
simd_float4x4([[1.0, 0.0, 0.0, 0.0)], [0.0, 1.0, 0.0, 0.0)], [0.0, 0.0, 1.0, 0.0)], [0.0, 0.0, 0.0, 1.0)]])
0.0, 0.0, 0.0
float3(-0.0, 0.0, 0.0)
176814.484868041
limited(__ObjC.ARCamera.TrackingState.Reason.initializing)
simd_float4x4([[0.0687861, -0.992456, 0.101481, 0.0)], [0.997614, 0.0678337, -0.0128104, 0.0)], [0.00582989, 0.10212, 0.994755, 0.0)], [0.0, 0.0, 0.0, 1.0)]])
0.0, 0.0, 0.0
float3(-0.102299, 0.00586056, -1.50255)
176814.6015215
limited(__ObjC.ARCamera.TrackingState.Reason.initializing)
simd_float4x4([[0.0433331, -0.993795, 0.102437, 0.0)], [0.998885, 0.0411729, -0.0231103, 0.0)], [0.0187493, 0.103324, 0.994471, 0.0)], [0.0, 0.0, 0.0, 1.0)]])
0.0, 0.0, 0.0
float3(-0.103509, 0.0188514, -1.52939)
176814.718174791
limited(__ObjC.ARCamera.TrackingState.Reason.initializing)
simd_float4x4([[0.0624675, -0.991433, 0.114708, 0.0)], [0.997251, 0.0574139, -0.0468465, 0.0)], [0.0398593, 0.117319, 0.992294, 0.0)], [0.0, 0.0, 0.0, 1.0)]])
0.0, 0.0, 0.0
float3(-0.11759, 0.0401473, -1.51295)
176814.83482825
limited(__ObjC.ARCamera.TrackingState.Reason.initializing)
simd_float4x4([[0.0594474, -0.987959, 0.142835, 0.0)], [0.995888, 0.0488985, -0.0762642, 0.0)], [0.0683616, 0.146782, 0.986803, 0.0)], [0.0, 0.0, 0.0, 1.0)]])
0.0, 0.0, 0.0
float3(-0.147314, 0.0691653, -1.52134)
176814.951492916
limited(__ObjC.ARCamera.TrackingState.Reason.initializing)
simd_float4x4([[0.0696084, -0.982745, 0.171363, 0.0)], [0.993212, 0.0522265, -0.103936, 0.0)], [0.0931928, 0.177434, 0.979709, 0.0)], [0.0, 0.0, 0.0, 1.0)]])
0.0, 0.0, 0.0
float3(-0.178379, 0.0948376, -1.5177)
176815.051548625
limited(__ObjC.ARCamera.TrackingState.Reason.initializing)
simd_float4x4([[0.0769109, -0.978625, 0.190721, 0.0)], [0.991811, 0.0555329, -0.115012, 0.0)], [0.101963, 0.198005, 0.974882, 0.0)], [0.0, 0.0, 0.0, 1.0)]])
0.0, 0.0, 0.0
float3(-0.199322, 0.104211, -1.51411)
176815.151604583
limited(__ObjC.ARCamera.TrackingState.Reason.initializing)
simd_float4x4([[0.0853278, -0.976462, 0.198085, 0.0)], [0.991166, 0.0629298, -0.116745, 0.0)], [0.101532, 0.206297, 0.973206, 0.0)], [0.0, 0.0, 0.0, 1.0)]])
0.0, 0.0, 0.0
float3(-0.207789, 0.103951, -1.50644)
176815.251660333
limited(__ObjC.ARCamera.TrackingState.Reason.initializing)
simd_float4x4([[0.086382, -0.975701, 0.201349, 0.0)], [0.991633, 0.0647471, -0.111674, 0.0)], [0.0959242, 0.209311, 0.973131, 0.0)], [0.0, 0.0, 0.0, 1.0)]])
0.0, 0.0, 0.0
float3(-0.210871, 0.0982554, -1.50453)
176815.351716208
limited(__ObjC.ARCamera.TrackingState.Reason.initializing)
simd_float4x4([[0.0841986, -0.976398, 0.198883, 0.0)], [0.992087, 0.0634882, -0.108318, 0.0)], [0.093135, 0.20643, 0.974017, 0.0)], [0.0, 0.0, 0.0, 1.0)]])
0.0, 0.0, 0.0
float3(-0.207925, 0.0953296, -1.50586)
176815.451772041
limited(__ObjC.ARCamera.TrackingState.Reason.initializing)
simd_float4x4([[0.0797319, -0.978953, 0.187857, 0.0)], [0.992928, 0.0613687, -0.101625, 0.0)], [0.0879579, 0.194632, 0.976923, 0.0)], [0.0, 0.0, 0.0, 1.0)]])
0.0, 0.0, 0.0
float3(-0.195882, 0.0897935, -1.50819)
176815.551827916
limited(__ObjC.ARCamera.TrackingState.Reason.initializing)
simd_float4x4([[0.0735915, -0.983173, 0.167193, 0.0)], [0.994373, 0.0595277, -0.0876311, 0.0)], [0.076204, 0.172701, 0.982021, 0.0)], [0.0, 0.0, 0.0, 1.0)]])
0.0, 0.0, 0.0
float3(-0.173572, 0.077444, -1.51032)
176815.651883833
limited(__ObjC.ARCamera.TrackingState.Reason.initializing)
simd_float4x4([[0.0632628, -0.986882, 0.148523, 0.0)], [0.996448, 0.0541744, -0.0644643, 0.0)], [0.0555727, 0.152073, 0.986804, 0.0)], [0.0, 0.0, 0.0, 1.0)]])
0.0, 0.0, 0.0
float3(-0.152666, 0.0562564, -1.51596)
176815.751939666
limited(__ObjC.ARCamera.TrackingState.Reason.initializing)
simd_float4x4([[0.0489521, -0.989204, 0.138112, 0.0)], [0.99836, 0.0443514, -0.0361963, 0.0)], [0.0296802, 0.139658, 0.989753, 0.0)], [0.0, 0.0, 0.0, 1.0)]])
0.0, 0.0, 0.0
float3(-0.140116, 0.0299785, -1.52599)
176815.8519955
limited(__ObjC.ARCamera.TrackingState.Reason.initializing)
simd_float4x4([[0.0360486, -0.990146, 0.135304, 0.0)], [0.99933, 0.0365754, 0.00140953, 0.0)], [-0.00634436, 0.135162, 0.990801, 0.0)], [0.0, 0.0, 0.0, 1.0)]])
0.0, 0.0, 0.0
float3(-0.135577, -0.00640318, -1.53387)
176815.952051291
limited(__ObjC.ARCamera.TrackingState.Reason.initializing)
simd_float4x4([[0.0247639, -0.990155, 0.13775, 0.0)], [0.998239, 0.0319214, 0.0499972, 0.0)], [-0.0539022, 0.136269, 0.989202, 0.0)], [0.0, 0.0, 0.0, 1.0)]])
0.0, 0.0, 0.0
float3(-0.136695, -0.0544368, -1.53857)
176816.052096041
limited(__ObjC.ARCamera.TrackingState.Reason.initializing)
simd_float4x4([[0.0125256, -0.990634, 0.135948, 0.0)], [0.994563, 0.0263996, 0.100739, 0.0)], [-0.103385, 0.133947, 0.985578, 0.0)], [0.0, 0.0, 0.0, 1.0)]])
0.0, 0.0, 0.0
float3(-0.134351, -0.104515, -1.54415)
176816.1687495
limited(__ObjC.ARCamera.TrackingState.Reason.initializing)
simd_float4x4([[-0.00129694, -0.991088, 0.133182, 0.0)], [0.98687, 0.020241, 0.16024, 0.0)], [-0.161508, 0.131641, 0.978049, 0.0)], [0.0, 0.0, 0.0, 1.0)]])
0.0, 0.0, 0.0
float3(-0.132024, -0.163656, -1.55038)
176816.285403
limited(__ObjC.ARCamera.TrackingState.Reason.initializing)
simd_float4x4([[-0.0111848, -0.99136, 0.130675, 0.0)], [0.977743, 0.0165372, 0.209151, 0.0)], [-0.209506, 0.130106, 0.96911, 0.0)], [0.0, 0.0, 0.0, 1.0)]])
0.0, 0.0, 0.0
float3(-0.130475, -0.212907, -1.55412)
176816.402056458
limited(__ObjC.ARCamera.TrackingState.Reason.initializing)
simd_float4x4([[-0.0150094, -0.991522, 0.129043, 0.0)], [0.973354, 0.015044, 0.228812, 0.0)], [-0.228814, 0.129039, 0.964876, 0.0)], [0.0, 0.0, 0.0, 1.0)]])
0.0, 0.0, 0.0
float3(-0.1294, -0.232843, -1.55562)
176816.518709916
limited(__ObjC.ARCamera.TrackingState.Reason.initializing)
simd_float4x4([[-0.0169645, -0.991835, 0.126371, 0.0)], [0.976457, 0.0107477, 0.215443, 0.0)], [-0.215043, 0.12705, 0.968302, 0.0)], [0.0, 0.0, 0.0, 1.0)]])
0.0, 0.0, 0.0
float3(-0.127395, -0.218536, -1.55996)
176816.635363625
limited(__ObjC.ARCamera.TrackingState.Reason.initializing)
simd_float4x4([[-0.013784, -0.991595, 0.128628, 0.0)], [0.983915, 0.00946209, 0.178384, 0.0)], [-0.178102, 0.129018, 0.975515, 0.0)], [0.0, 0.0, 0.0, 1.0)]])
0.0, 0.0, 0.0
float3(-0.129379, -0.180584, -1.56125)
176816.752017
limited(__ObjC.ARCamera.TrackingState.Reason.initializing)
simd_float4x4([[-0.00442083, -0.991438, 0.130486, 0.0)], [0.992341, 0.0117591, 0.122969, 0.0)], [-0.12345, 0.13003, 0.983793, 0.0)], [0.0, 0.0, 0.0, 1.0)]])
0.0, 0.0, 0.0
float3(-0.130399, -0.124832, -1.55894)
176816.868670583
limited(__ObjC.ARCamera.TrackingState.Reason.initializing)
simd_float4x4([[0.00485564, -0.991567, 0.129478, 0.0)], [0.99865, 0.0115049, 0.0506574, 0.0)], [-0.05172, 0.129057, 0.990285, 0.0)], [0.0, 0.0, 0.0, 1.0)]])
0.0, 0.0, 0.0
float3(-0.129418, -0.05218, -1.55919)
176816.985324125
limited(__ObjC.ARCamera.TrackingState.Reason.initializing)
simd_float4x4([[0.0131377, -0.992272, 0.123358, 0.0)], [0.999238, 0.00849285, -0.0381049, 0.0)], [0.0367629, 0.123765, 0.991628, 0.0)], [0.0, 0.0, 0.0, 1.0)]])
0.0, 0.0, 0.0
float3(-0.124083, 0.0370563, -1.56224)
176817.101977833
limited(__ObjC.ARCamera.TrackingState.Reason.initializing)
simd_float4x4([[0.0190699, -0.992746, 0.118689, 0.0)], [0.989956, 0.00211634, -0.141358, 0.0)], [0.140082, 0.120193, 0.982816, 0.0)], [0.0, 0.0, 0.0, 1.0)]])
0.0, 0.0, 0.0
float3(-0.120484, 0.141578, -1.56866)
176817.218631166
limited(__ObjC.ARCamera.TrackingState.Reason.initializing)
simd_float4x4([[0.0296843, -0.993015, 0.114164, 0.0)], [0.97117, 0.00162596, -0.23838, 0.0)], [0.236531, 0.117949, 0.964435, 0.0)], [0.0, 0.0, 0.0, 1.0)]])
0.0, 0.0, 0.0
float3(-0.118224, 0.240506, -1.56916)
176817.318664791
limited(__ObjC.ARCamera.TrackingState.Reason.initializing)
simd_float4x4([[0.0365423, -0.993357, 0.109093, 0.0)], [0.949622, 0.00051631, -0.313397, 0.0)], [0.311259, 0.115049, 0.943332, 0.0)], [0.0, 0.0, 0.0, 1.0)]])
0.0, 0.0, 0.0
float3(-0.115305, 0.318709, -1.57028)
176817.418720791
limited(__ObjC.ARCamera.TrackingState.Reason.initializing)
simd_float4x4([[0.0391713, -0.993765, 0.104363, 0.0)], [0.92605, -0.00312932, -0.377387, 0.0)], [0.375362, 0.111428, 0.920154, 0.0)], [0.0, 0.0, 0.0, 1.0)]])
0.0, 0.0, 0.0
float3(-0.11166, 0.387327, -1.57395)
176817.518776666
limited(__ObjC.ARCamera.TrackingState.Reason.initializing)
simd_float4x4([[0.0472232, -0.993329, 0.105181, 0.0)], [0.90623, -0.00168361, -0.422781, 0.0)], [0.420139, 0.115284, 0.900105, 0.0)], [0.0, 0.0, 0.0, 1.0)]])
0.0, 0.0, 0.0
float3(-0.11554, 0.436709, -1.57249)
176817.6188325
limited(__ObjC.ARCamera.TrackingState.Reason.initializing)
simd_float4x4([[0.0501438, -0.993296, 0.104138, 0.0)], [0.894666, -0.00167014, -0.446731, 0.0)], [0.443911, 0.11557, 0.888584, 0.0)], [0.0, 0.0, 0.0, 1.0)]])
0.0, 0.0, 0.0
float3(-0.115829, 0.463305, -1.57248)
176817.718888458
limited(__ObjC.ARCamera.TrackingState.Reason.initializing)
simd_float4x4([[0.0470033, -0.993285, 0.105696, 0.0)], [0.893656, -0.00545876, -0.448719, 0.0)], [0.446284, 0.115547, 0.887398, 0.0)], [0.0, 0.0, 0.0, 1.0)]])
0.0, 0.0, 0.0
float3(-0.115806, 0.465975, -1.57629)
176817.8189445
limited(__ObjC.ARCamera.TrackingState.Reason.initializing)
simd_float4x4([[0.0415568, -0.993241, 0.108364, 0.0)], [0.902962, -0.00909241, -0.429624, 0.0)], [0.427706, 0.115703, 0.896481, 0.0)], [0.0, 0.0, 0.0, 1.0)]])
0.0, 0.0, 0.0
float3(-0.115962, 0.445155, -1.57995)
176817.91900025
limited(__ObjC.ARCamera.TrackingState.Reason.initializing)
simd_float4x4([[0.0344189, -0.993277, 0.110513, 0.0)], [0.919945, -0.0117216, -0.391871, 0.0)], [0.390533, 0.115154, 0.913357, 0.0)], [0.0, 0.0, 0.0, 1.0)]])
0.0, 0.0, 0.0
float3(-0.11541, 0.404054, -1.5826)
176818.019056208
limited(__ObjC.ARCamera.TrackingState.Reason.initializing)
simd_float4x4([[0.0267449, -0.993282, 0.112573, 0.0)], [0.939877, -0.0133682, -0.341251, 0.0)], [0.340464, 0.114932, 0.933206, 0.0)], [0.0, 0.0, 0.0, 1.0)]])
0.0, 0.0, 0.0
float3(-0.115186, 0.349827, -1.58425)
176818.119112291
normal
simd_float4x4([[0.012086, -0.993132, 0.116375, 0.0)], [0.959206, -0.02136, -0.281901, 0.0)], [0.282451, 0.115035, 0.952359, 0.0)], [0.0145183, -3.64482e-05, -0.000808567, 1.0)]])
0.0145183, -3.64482e-05, -0.000808567
float3(-0.11529, 0.288316, -1.5923)
176818.219168125
normal
simd_float4x4([[0.00240317, -0.992908, 0.118858, 0.0)], [0.975855, -0.023631, -0.217139, 0.0)], [0.218407, 0.11651, 0.968878, 0.0)], [0.0417406, -0.000256854, -0.00258776, 1.0)]])
0.0417406, -0.000256854, -0.00258776
float3(-0.116775, 0.221717, -1.59459)
176818.319224125
normal
simd_float4x4([[-0.00600556, -0.99281, 0.119552, 0.0)], [0.988846, -0.0236885, -0.147046, 0.0)], [0.148821, 0.117335, 0.981878, 0.0)], [0.0695986, -0.000558088, -0.00289235, 1.0)]])
0.0695986, -0.000558088, -0.00289235
float3(-0.117606, 0.150423, -1.59465)
176818.419279958
normal
simd_float4x4([[-0.0140045, -0.992274, 0.123273, 0.0)], [0.996551, -0.0239365, -0.0794612, 0.0)], [0.081798, 0.121734, 0.989186, 0.0)], [0.0969697, -0.00145259, -0.00226602, 1.0)]])
0.0969697, -0.00145259, -0.00226602
float3(-0.122037, 0.0825045, -1.59491)
176818.519335958
normal
simd_float4x4([[-0.0216653, -0.991806, 0.125899, 0.0)], [0.999658, -0.0233383, -0.0118281, 0.0)], [0.0146695, 0.125599, 0.991973, 0.0)], [0.126622, -0.000854753, 0.00485677, 1.0)]])
0.126622, -0.000854753, 0.00485677
float3(-0.125932, 0.0147871, -1.59432)
176818.619391875
normal
simd_float4x4([[-0.0295506, -0.991823, 0.124147, 0.0)], [0.998404, -0.0233092, 0.0514294, 0.0)], [-0.0481151, 0.125469, 0.99093, 0.0)], [0.154456, 1.21838e-05, 0.0179975, 1.0)]])
0.154456, 1.21838e-05, 0.0179975
float3(-0.125801, -0.0485174, -1.59429)
176818.719447916
normal
simd_float4x4([[-0.0401736, -0.991648, 0.122554, 0.0)], [0.993947, -0.027109, 0.106466, 0.0)], [-0.102255, 0.126089, 0.986735, 0.0)], [0.176363, 0.00147982, 0.0335623, 1.0)]])
0.176363, 0.00147982, 0.0335623
float3(-0.126425, -0.103261, -1.59813)
176818.836101541
normal
simd_float4x4([[-0.0459566, -0.991967, 0.117856, 0.0)], [0.988283, -0.0279585, 0.15005, 0.0)], [-0.145549, 0.123371, 0.981629, 0.0)], [0.195975, 0.00451064, 0.0503093, 1.0)]])
0.195975, 0.00451064, 0.0503093
float3(-0.123686, -0.147201, -1.59897)
176818.952755083
normal
simd_float4x4([[-0.049489, -0.99182, 0.11766, 0.0)], [0.984682, -0.0287316, 0.171974, 0.0)], [-0.167187, 0.124368, 0.97805, 0.0)], [0.201796, 0.0061787, 0.0613624, 1.0)]])
0.201796, 0.0061787, 0.0613624
float3(-0.124691, -0.169303, -1.59976)
176819.069408791
normal
simd_float4x4([[-0.0487808, -0.991554, 0.120169, 0.0)], [0.985387, -0.0281177, 0.167994, 0.0)], [-0.163197, 0.126608, 0.978436, 0.0)], [0.173224, 0.00716215, 0.0660218, 1.0)]])
0.173224, 0.00716215, 0.0660218
float3(-0.126949, -0.165272, -1.59915)
176819.186062458
normal
simd_float4x4([[-0.0465531, -0.991699, 0.119861, 0.0)], [0.989286, -0.02915, 0.143051, 0.0)], [-0.13837, 0.125237, 0.98243, 0.0)], [0.170464, 0.00734215, 0.0638183, 1.0)]])
0.170464, 0.00734215, 0.0638183
float3(-0.125566, -0.139924, -1.60018)
176819.302715958
normal
simd_float4x4([[-0.0413695, -0.991368, 0.124408, 0.0)], [0.993767, -0.0279257, 0.107926, 0.0)], [-0.103521, 0.128098, 0.986344, 0.0)], [0.171051, 0.00743426, 0.0592328, 1.0)]])
0.171051, 0.00743426, 0.0592328
float3(-0.128451, -0.104571, -1.59896)
176819.419369583
normal
simd_float4x4([[-0.0381689, -0.992233, 0.118391, 0.0)], [0.997402, -0.0305852, 0.0652244, 0.0)], [-0.0610968, 0.120573, 0.990823, 0.0)], [0.166219, 0.00633749, 0.0589903, 1.0)]])
0.166219, 0.00633749, 0.0589903
float3(-0.120867, -0.0615847, -1.60161)
176819.536023375
normal
simd_float4x4([[-0.0338389, -0.991428, 0.126195, 0.0)], [0.999199, -0.0308613, 0.0254768, 0.0)], [-0.0213639, 0.126956, 0.991678, 0.0)], [0.162216, 0.00417606, 0.0536295, 1.0)]])
0.162216, 0.00417606, 0.0536295
float3(-0.127299, -0.0215399, -1.60191)
176819.652676833
normal
simd_float4x4([[-0.0326765, -0.991772, 0.123777, 0.0)], [0.99922, -0.0351621, -0.0179493, 0.0)], [0.0221539, 0.123094, 0.992148, 0.0)], [0.154306, 0.00321121, 0.0492511, 1.0)]])
0.154306, 0.00321121, 0.0492511
float3(-0.123407, 0.0223255, -1.60624)
176819.769330541
normal
simd_float4x4([[-0.0324511, -0.991716, 0.124279, 0.0)], [0.999466, -0.0326659, 0.000309632, 0.0)], [0.00375262, 0.124223, 0.992247, 0.0)], [0.0379269, 0.0291929, 0.0594308, 1.0)]])
0.0379269, 0.0291929, 0.0594308
float3(-0.124544, 0.00378192, -1.60372)
176819.885984166
normal
simd_float4x4([[-0.0244714, -0.991473, 0.127995, 0.0)], [0.997942, -0.0318178, -0.0556702, 0.0)], [0.059268, 0.126369, 0.990211, 0.0)], [0.0304883, 0.0286052, 0.0528583, 1.0)]])
0.0304883, 0.0286052, 0.0528583
float3(-0.126708, 0.0597826, -1.60288)
176820.002637916
normal
simd_float4x4([[-0.0118567, -0.991245, 0.131503, 0.0)], [0.992869, -0.0272712, -0.116045, 0.0)], [0.118616, 0.129189, 0.9845, 0.0)], [0.0180787, 0.0289203, 0.0472803, 1.0)]])
0.0180787, 0.0289203, 0.0472803
float3(-0.129551, 0.119905, -1.5983)
176820.10269375
normal
simd_float4x4([[-0.00112738, -0.991328, 0.131405, 0.0)], [0.985547, -0.0233612, -0.167783, 0.0)], [0.169397, 0.129317, 0.977027, 0.0)], [0.00622653, 0.0293072, 0.0432653, 1.0)]])
0.00622653, 0.0293072, 0.0432653
float3(-0.12968, 0.171674, -1.59436)
176820.202749875
normal
simd_float4x4([[0.00743377, -0.991412, 0.130563, 0.0)], [0.975592, -0.0214649, -0.218537, 0.0)], [0.219463, 0.129001, 0.967055, 0.0)], [-0.00606689, 0.0284407, 0.0375331, 1.0)]])
-0.00606689, 0.0284407, 0.0375331
float3(-0.129361, 0.22316, -1.59244)
176820.302805708
normal
simd_float4x4([[0.0189271, -0.990722, 0.134579, 0.0)], [0.96518, -0.0170193, -0.261033, 0.0)], [0.260902, 0.134833, 0.955903, 0.0)], [-0.0247471, 0.0282737, 0.0307809, 1.0)]])
-0.0247471, 0.0282737, 0.0307809
float3(-0.135245, 0.266448, -1.58797)
176820.402861875
normal
simd_float4x4([[0.0228779, -0.990992, 0.131949, 0.0)], [0.951728, -0.0188206, -0.306366, 0.0)], [0.30609, 0.132588, 0.942724, 0.0)], [-0.0426616, 0.0288872, 0.0262943, 1.0)]])
-0.0426616, 0.0288872, 0.0262943
float3(-0.13298, 0.313948, -1.58979)
176820.50291775
normal
simd_float4x4([[0.0348304, -0.990961, 0.129548, 0.0)], [0.935494, -0.013279, -0.353093, 0.0)], [0.351622, 0.13349, 0.926576, 0.0)], [-0.062803, 0.0289719, 0.0214834, 1.0)]])
-0.062803, 0.0289719, 0.0214834
float3(-0.13389, 0.362697, -1.5842)
176820.602973875
normal
simd_float4x4([[0.0448206, -0.990077, 0.133189, 0.0)], [0.919278, -0.0113122, -0.393445, 0.0)], [0.391048, 0.140072, 0.909649, 0.0)], [-0.0822406, 0.0278839, 0.0152982, 1.0)]])
-0.0822406, 0.0278839, 0.0152982
float3(-0.140534, 0.406004, -1.58222)
176820.703029833
normal
simd_float4x4([[0.0525491, -0.989122, 0.137391, 0.0)], [0.903275, -0.0115876, -0.428906, 0.0)], [0.425832, 0.146641, 0.89284, 0.0)], [-0.0979485, 0.0262944, 0.00848742, 1.0)]])
-0.0979485, 0.0262944, 0.00848742
float3(-0.147171, 0.445031, -1.58251)
176820.803085875
normal
simd_float4x4([[0.0630559, -0.988175, 0.139765, 0.0)], [0.888673, -0.00813783, -0.458468, 0.0)], [0.454184, 0.153114, 0.877652, 0.0)], [-0.112908, 0.0250752, 0.00341312, 1.0)]])
-0.112908, 0.0250752, 0.00341312
float3(-0.153719, 0.477549, -1.57903)
176820.90314175
normal
simd_float4x4([[0.0661597, -0.988186, 0.13824, 0.0)], [0.875665, -0.00891911, -0.482837, 0.0)], [0.478365, 0.152997, 0.86473, 0.0)], [-0.122422, 0.0251919, -0.000504002, 1.0)]])
-0.122422, 0.0251919, -0.000504002
float3(-0.1536, 0.505294, -1.57982)
176821.003197833
normal
simd_float4x4([[0.0680362, -0.987935, 0.139126, 0.0)], [0.870359, -0.00939317, -0.492329, 0.0)], [0.487695, 0.154586, 0.859218, 0.0)], [-0.12832, 0.0226797, -0.00298287, 1.0)]])
-0.12832, 0.0226797, -0.00298287
float3(-0.155208, 0.516258, -1.5803)
176821.103253875
normal
simd_float4x4([[0.062552, -0.988115, 0.140413, 0.0)], [0.877006, -0.0127347, -0.48031, 0.0)], [0.47639, 0.153188, 0.865787, 0.0)], [-0.131147, 0.0200953, -0.00492591, 1.0)]])
-0.131147, 0.0200953, -0.00492591
float3(-0.153793, 0.503027, -1.58368)
176821.203309875
normal
simd_float4x4([[0.0552094, -0.988246, 0.142555, 0.0)], [0.895668, -0.0140823, -0.444501, 0.0)], [0.441284, 0.152223, 0.884362, 0.0)], [-0.121531, 0.0205519, -0.003847, 1.0)]])
-0.121531, 0.0205519, -0.003847
float3(-0.152817, 0.462835, -1.58505)
176821.303366
normal
simd_float4x4([[0.0508326, -0.987973, 0.146031, 0.0)], [0.919007, -0.0109657, -0.394089, 0.0)], [0.390951, 0.154236, 0.907397, 0.0)], [-0.104692, 0.020357, -0.00124694, 1.0)]])
-0.104692, 0.020357, -0.00124694
float3(-0.154854, 0.406814, -1.5819)
176821.403421833
normal
simd_float4x4([[0.0501145, -0.987064, 0.152294, 0.0)], [0.943006, -0.00346353, -0.332757, 0.0)], [0.328979, 0.160291, 0.930634, 0.0)], [-0.085531, 0.0194373, 0.00261236, 1.0)]])
-0.085531, 0.0194373, 0.00261236
float3(-0.160985, 0.33979, -1.57431)
176821.503477916
normal
simd_float4x4([[0.0372162, -0.987069, 0.155915, 0.0)], [0.96594, -0.00444838, -0.258727, 0.0)], [0.256075, 0.160233, 0.953284, 0.0)], [-0.0621883, 0.0173517, 0.00818589, 1.0)]])
-0.0621883, 0.0173517, 0.00818589
float3(-0.160927, 0.262429, -1.5753)
176821.603533916
normal
simd_float4x4([[0.0249795, -0.987162, 0.157755, 0.0)], [0.982894, -0.00455124, -0.184115, 0.0)], [0.182469, 0.159656, 0.970162, 0.0)], [-0.0397174, 0.0172612, 0.014423, 1.0)]])
-0.0397174, 0.0172612, 0.014423
float3(-0.160342, 0.185909, -1.57541)
176821.70359
normal
simd_float4x4([[0.016295, -0.987542, 0.15651, 0.0)], [0.993156, -0.00211919, -0.116774, 0.0)], [0.115651, 0.157341, 0.980749, 0.0)], [-0.0214082, 0.0180529, 0.0217337, 1.0)]])
-0.0214082, 0.0180529, 0.0217337
float3(-0.157998, 0.117379, -1.57294)
176821.803646
normal
simd_float4x4([[0.0103439, -0.988099, 0.153474, 0.0)], [0.998102, 0.000884093, -0.0615783, 0.0)], [0.0607097, 0.15382, 0.986232, 0.0)], [-0.0068827, 0.0187564, 0.03207, 1.0)]])
-0.0068827, 0.0187564, 0.03207
float3(-0.154433, 0.0614796, -1.5699)
176821.903702041
normal
simd_float4x4([[0.0184639, -0.988466, 0.150315, 0.0)], [0.996041, 0.00510889, -0.0887526, 0.0)], [0.086961, 0.151359, 0.984646, 0.0)], [0.060642, 0.0293444, 0.070026, 1.0)]])
0.060642, 0.0293444, 0.070026
float3(-0.151943, 0.0880884, -1.56563)
176822.003758
normal
simd_float4x4([[0.0163799, -0.988787, 0.148434, 0.0)], [0.99891, 0.00969457, -0.0456509, 0.0)], [0.0437, 0.14902, 0.987868, 0.0)], [0.0687912, 0.0311701, 0.0805993, 1.0)]])
0.0687912, 0.0311701, 0.0805993
float3(-0.149577, 0.0442078, -1.56099)
176822.103814166
normal
simd_float4x4([[0.00952416, -0.989202, 0.146248, 0.0)], [0.999946, 0.00881754, -0.00547918, 0.0)], [0.00413048, 0.146292, 0.989233, 0.0)], [0.0764342, 0.0321, 0.0903272, 1.0)]])
0.0764342, 0.0321, 0.0903272
float3(-0.146819, 0.00417541, -1.56188)
176822.203870125
normal
simd_float4x4([[-0.00072434, -0.989107, 0.147193, 0.0)], [0.999618, 0.00334979, 0.027429, 0.0)], [-0.0276233, 0.147157, 0.988727, 0.0)], [0.0879232, 0.0312699, 0.100738, 1.0)]])
0.0879232, 0.0312699, 0.100738
float3(-0.147693, -0.027931, -1.56741)
176822.303926291
normal
simd_float4x4([[-0.00771284, -0.988672, 0.149896, 0.0)], [0.99893, -0.000783877, 0.0462295, 0.0)], [-0.0455883, 0.150092, 0.98762, 0.0)], [0.0977561, 0.0293211, 0.109816, 1.0)]])
0.0977561, 0.0293211, 0.109816
float3(-0.150661, -0.046127, -1.57159)
176822.403970958
normal
simd_float4x4([[-0.0154396, -0.987945, 0.154031, 0.0)], [0.998735, -0.00786641, 0.0496557, 0.0)], [-0.0478454, 0.154603, 0.986818, 0.0)], [0.106876, 0.0269381, 0.117604, 1.0)]])
0.106876, 0.0269381, 0.117604
float3(-0.155225, -0.0484466, -1.57876)
176822.520624875
normal
simd_float4x4([[-0.0133691, -0.986859, 0.161032, 0.0)], [0.999268, -0.00741554, 0.0375155, 0.0)], [-0.0358284, 0.161416, 0.986236, 0.0)], [0.107098, 0.0243457, 0.12231, 1.0)]])
0.107098, 0.0243457, 0.12231
float3(-0.162125, -0.0363124, -1.57831)
176822.637278458
normal
simd_float4x4([[-0.00169363, -0.985624, 0.168942, 0.0)], [0.999781, 0.00185336, 0.0208354, 0.0)], [-0.020849, 0.16894, 0.985406, 0.0)], [0.0968568, 0.0228737, 0.122465, 1.0)]])
0.0968568, 0.0228737, 0.122465
float3(-0.169754, -0.0211546, -1.56892)
176822.75393225
normal
simd_float4x4([[0.000849475, -0.985191, 0.171461, 0.0)], [0.999891, 0.00336598, 0.0143867, 0.0)], [-0.0147508, 0.17143, 0.985086, 0.0)], [0.090959, 0.0214912, 0.121046, 1.0)]])
0.090959, 0.0214912, 0.121046
float3(-0.172281, -0.014973, -1.56738)
176822.870585791
normal
simd_float4x4([[-0.0030313, -0.985157, 0.17163, 0.0)], [0.999747, 0.000841896, 0.0224899, 0.0)], [-0.0223005, 0.171655, 0.984905, 0.0)], [0.0896649, 0.0215971, 0.120558, 1.0)]])
0.0896649, 0.0215971, 0.120558
float3(-0.172509, -0.0226384, -1.56994)
176822.987239791
normal
simd_float4x4([[-0.00442962, -0.986484, 0.1638, 0.0)], [0.999446, 0.00103501, 0.0332612, 0.0)], [-0.0329811, 0.163857, 0.985933, 0.0)], [0.0868365, 0.0228448, 0.118892, 1.0)]])
0.0868365, 0.0228448, 0.118892
float3(-0.164599, -0.0334392, -1.56975)
176823.103893333
normal
simd_float4x4([[-0.00327209, -0.987199, 0.159459, 0.0)], [0.999233, 0.00299427, 0.0390415, 0.0)], [-0.0390191, 0.159465, 0.986432, 0.0)], [0.083972, 0.0235746, 0.11809, 1.0)]])
0.083972, 0.0235746, 0.11809
float3(-0.160148, -0.0395352, -1.56776)
176823.220547
normal
simd_float4x4([[-0.00483767, -0.987888, 0.155092, 0.0)], [0.99921, 0.00134417, 0.0397297, 0.0)], [-0.0394569, 0.155161, 0.987101, 0.0)], [0.0807846, 0.0245757, 0.116384, 1.0)]])
0.0807846, 0.0245757, 0.116384
float3(-0.155791, -0.0399513, -1.56944)
176823.33720075
normal
simd_float4x4([[-0.00608049, -0.988046, 0.15404, 0.0)], [0.999228, -2.28803e-05, 0.0392963, 0.0)], [-0.038823, 0.15416, 0.987283, 0.0)], [0.0787665, 0.024829, 0.114131, 1.0)]])
0.0787665, 0.024829, 0.114131
float3(-0.154777, -0.0393028, -1.57082)
176823.453854583
normal
simd_float4x4([[-0.00813327, -0.988195, 0.152984, 0.0)], [0.999243, -0.00221005, 0.0388481, 0.0)], [-0.0380514, 0.153184, 0.987465, 0.0)], [0.0777162, 0.0252047, 0.11319, 1.0)]])
0.0777162, 0.0252047, 0.11319
float3(-0.15379, -0.0385154, -1.57303)
176823.570508333
normal
simd_float4x4([[-0.0105977, -0.988394, 0.151542, 0.0)], [0.999213, -0.00467574, 0.0393811, 0.0)], [-0.0382154, 0.15184, 0.987666, 0.0)], [0.077726, 0.0259505, 0.109408, 1.0)]])
0.077726, 0.0259505, 0.109408
float3(-0.15243, -0.0386734, -1.57553)
176823.687162083
normal
simd_float4x4([[-0.0137419, -0.988893, 0.147991, 0.0)], [0.9992, -0.00802192, 0.0391784, 0.0)], [-0.0375561, 0.148411, 0.988212, 0.0)], [0.078197, 0.0266594, 0.104959, 1.0)]])
0.078197, 0.0266594, 0.104959
float3(-0.148961, -0.0379858, -1.57891)
176823.803815791
normal
simd_float4x4([[-0.0147758, -0.989046, 0.146864, 0.0)], [0.999218, -0.00921785, 0.0384531, 0.0)], [-0.0366781, 0.147318, 0.988409, 0.0)], [0.0768654, 0.0256468, 0.104287, 1.0)]])
0.0768654, 0.0256468, 0.104287
float3(-0.147856, -0.0370912, -1.58012)
176823.920469541
normal
simd_float4x4([[-0.0187492, -0.989049, 0.146393, 0.0)], [0.998, -0.00967255, 0.0624697, 0.0)], [-0.0603696, 0.147271, 0.987252, 0.0)], [0.049453, 0.0161541, 0.104143, 1.0)]])
0.049453, 0.0161541, 0.104143
float3(-0.147809, -0.061073, -1.58058)
176824.03712325
normal
simd_float4x4([[-0.0191758, -0.989459, 0.143538, 0.0)], [0.998132, -0.010615, 0.0601711, 0.0)], [-0.0580132, 0.144424, 0.987814, 0.0)], [0.0530478, 0.0170738, 0.104321, 1.0)]])
0.0530478, 0.0170738, 0.104321
float3(-0.144931, -0.0586615, -1.58152)
176824.153777041
normal
simd_float4x4([[-0.0192843, -0.989442, 0.143638, 0.0)], [0.998193, -0.0108756, 0.059098, 0.0)], [-0.0569119, 0.144518, 0.987864, 0.0)], [0.0553702, 0.0181777, 0.102457, 1.0)]])
0.0553702, 0.0181777, 0.102457
float3(-0.145026, -0.0575475, -1.58179)
176824.270430666
normal
simd_float4x4([[-0.0194109, -0.989301, 0.14459, 0.0)], [0.998309, -0.0112537, 0.0570217, 0.0)], [-0.0547845, 0.145452, 0.987847, 0.0)], [0.0568129, 0.0187485, 0.101647, 1.0)]])
0.0568129, 0.0187485, 0.101647
float3(-0.14597, -0.0554017, -1.58217)
176824.387084625
normal
simd_float4x4([[-0.0192809, -0.989305, 0.144579, 0.0)], [0.998379, -0.0113067, 0.0557749, 0.0)], [-0.0535437, 0.14542, 0.98792, 0.0)], [0.0589989, 0.0190985, 0.101439, 1.0)]])
0.0589989, 0.0190985, 0.101439
float3(-0.145937, -0.0541454, -1.58222)
