ARKit Data
582.46641775
normal
simd_float4x4([[0.155977, -0.974397, -0.161932, 0.0)], [-0.879395, -0.06233, -0.471996, 0.0)], [0.449818, 0.216022, -0.866601, 0.0)], [-0.041065, -0.134796, -1.04127, 1.0)]])
-0.041065, -0.134796, -1.04127
float3(-0.217739, 2.66281, -1.63468)
582.820814208
notAvailable
simd_float4x4([[1.0, 0.0, 0.0, 0.0)], [0.0, 1.0, 0.0, 0.0)], [0.0, 0.0, 1.0, 0.0)], [0.0, 0.0, 0.0, 1.0)]])
0.0, 0.0, 0.0
float3(-0.0, 0.0, 0.0)
582.887471791
notAvailable
simd_float4x4([[1.0, 0.0, 0.0, 0.0)], [0.0, 1.0, 0.0, 0.0)], [0.0, 0.0, 1.0, 0.0)], [0.0, 0.0, 0.0, 1.0)]])
0.0, 0.0, 0.0
float3(-0.0, 0.0, 0.0)
582.954129041
limited(__ObjC.ARCamera.TrackingState.Reason.initializing)
simd_float4x4([[-0.0666637, -0.965904, 0.250171, 0.0)], [0.997775, -0.0645343, 0.0167145, 0.0)], [1.63954e-08, 0.250729, 0.968057, 0.0)], [0.0, 0.0, 0.0, 1.0)]])
0.0, 0.0, 0.0
float3(-0.253433, 1.69364e-08, -1.63751)
583.020786583
limited(__ObjC.ARCamera.TrackingState.Reason.initializing)
simd_float4x4([[-0.0662971, -0.965904, 0.25027, 0.0)], [0.997799, -0.0638206, 0.018007, 0.0)], [-0.00142059, 0.250913, 0.968009, 0.0)], [0.0, 0.0, 0.0, 1.0)]])
0.0, 0.0, 0.0
float3(-0.253623, -0.00146753, -1.63677)
583.08744375
limited(__ObjC.ARCamera.TrackingState.Reason.initializing)
simd_float4x4([[-0.0659766, -0.966334, 0.248689, 0.0)], [0.997821, -0.0636912, 0.017234, 0.0)], [-0.000814439, 0.249284, 0.96843, 0.0)], [0.0, 0.0, 0.0, 1.0)]])
0.0, 0.0, 0.0
float3(-0.251941, -0.000840988, -1.63661)
583.154101166
limited(__ObjC.ARCamera.TrackingState.Reason.initializing)
simd_float4x4([[-0.0648335, -0.969004, 0.238387, 0.0)], [0.997896, -0.0628632, 0.0158666, 0.0)], [-0.000389001, 0.238914, 0.971041, 0.0)], [0.0, 0.0, 0.0, 1.0)]])
0.0, 0.0, 0.0
float3(-0.241247, -0.000400602, -1.63558)
583.220758458
limited(__ObjC.ARCamera.TrackingState.Reason.initializing)
simd_float4x4([[-0.0682856, -0.967269, 0.244393, 0.0)], [0.997666, -0.0662585, 0.016516, 0.0)], [0.000217736, 0.24495, 0.969536, 0.0)], [0.0, 0.0, 0.0, 1.0)]])
0.0, 0.0, 0.0
float3(-0.247468, 0.000224578, -1.63919)
583.287416041
limited(__ObjC.ARCamera.TrackingState.Reason.initializing)
simd_float4x4([[-0.0672707, -0.966556, 0.247476, 0.0)], [0.997731, -0.0658101, 0.0141789, 0.0)], [0.0025817, 0.247869, 0.96879, 0.0)], [0.0, 0.0, 0.0, 1.0)]])
0.0, 0.0, 0.0
float3(-0.25048, 0.00266487, -1.63878)
583.354073291
limited(__ObjC.ARCamera.TrackingState.Reason.initializing)
simd_float4x4([[-0.0652518, -0.966752, 0.24725, 0.0)], [0.997858, -0.0643687, 0.0116624, 0.0)], [0.00464057, 0.247482, 0.968881, 0.0)], [0.0, 0.0, 0.0, 1.0)]])
0.0, 0.0, 0.0
float3(-0.25008, 0.00478958, -1.63728)
583.42073075
limited(__ObjC.ARCamera.TrackingState.Reason.initializing)
simd_float4x4([[-0.0631212, -0.9672, 0.246048, 0.0)], [0.997989, -0.0625979, 0.00995566, 0.0)], [0.00577296, 0.246181, 0.969206, 0.0)], [0.0, 0.0, 0.0, 1.0)]])
0.0, 0.0, 0.0
float3(-0.248738, 0.00595631, -1.63543)
583.487388125
limited(__ObjC.ARCamera.TrackingState.Reason.initializing)
simd_float4x4([[-0.059474, -0.966771, 0.248626, 0.0)], [0.998192, -0.0597804, 0.00632442, 0.0)], [0.00874867, 0.248553, 0.968578, 0.0)], [0.0, 0.0, 0.0, 1.0)]])
0.0, 0.0, 0.0
float3(-0.251186, 0.00903224, -1.63255)
583.5540455
limited(__ObjC.ARCamera.TrackingState.Reason.initializing)
simd_float4x4([[-0.0544875, -0.967436, 0.247178, 0.0)], [0.998411, -0.0563445, -0.000440577, 0.0)], [0.0143533, 0.246761, 0.968969, 0.0)], [0.0, 0.0, 0.0, 1.0)]])
0.0, 0.0, 0.0
float3(-0.249337, 0.0148119, -1.62897)
583.620702958
limited(__ObjC.ARCamera.TrackingState.Reason.initializing)
simd_float4x4([[-0.0476504, -0.968067, 0.246115, 0.0)], [0.998692, -0.0507444, -0.00624101, 0.0)], [0.0185306, 0.245495, 0.969219, 0.0)], [0.0, 0.0, 0.0, 1.0)]])
0.0, 0.0, 0.0
float3(-0.248031, 0.0191168, -1.62317)
583.687360291
limited(__ObjC.ARCamera.TrackingState.Reason.initializing)
simd_float4x4([[-0.0382443, -0.968361, 0.246595, 0.0)], [0.998971, -0.0430687, -0.0141986, 0.0)], [0.0243699, 0.245798, 0.969012, 0.0)], [0.0, 0.0, 0.0, 1.0)]])
0.0, 0.0, 0.0
float3(-0.248343, 0.0251439, -1.61524)
583.754017583
limited(__ObjC.ARCamera.TrackingState.Reason.initializing)
simd_float4x4([[-0.0288307, -0.969194, 0.244592, 0.0)], [0.999154, -0.0351242, -0.0214073, 0.0)], [0.029339, 0.243768, 0.969387, 0.0)], [0.0, 0.0, 0.0, 1.0)]])
0.0, 0.0, 0.0
float3(-0.246249, 0.0302563, -1.60702)
583.820675
limited(__ObjC.ARCamera.TrackingState.Reason.initializing)
simd_float4x4([[-0.0216884, -0.968972, 0.246204, 0.0)], [0.999085, -0.0300852, -0.0303952, 0.0)], [0.0368593, 0.24532, 0.968738, 0.0)], [0.0, 0.0, 0.0, 1.0)]])
0.0, 0.0, 0.0
float3(-0.247849, 0.0380304, -1.60183)
583.887332291
limited(__ObjC.ARCamera.TrackingState.Reason.initializing)
simd_float4x4([[-0.00917888, -0.968478, 0.248915, 0.0)], [0.999016, -0.0196811, -0.039737, 0.0)], [0.0433836, 0.248306, 0.967706, 0.0)], [0.0, 0.0, 0.0, 1.0)]])
0.0, 0.0, 0.0
float3(-0.250931, 0.0448013, -1.59112)
583.953989666
limited(__ObjC.ARCamera.TrackingState.Reason.initializing)
simd_float4x4([[-0.00215532, -0.96915, 0.246447, 0.0)], [0.99884, -0.0139433, -0.046098, 0.0)], [0.0481124, 0.246061, 0.968055, 0.0)], [0.0, 0.0, 0.0, 1.0)]])
0.0, 0.0, 0.0
float3(-0.248615, 0.0496592, -1.58518)
584.020647041
limited(__ObjC.ARCamera.TrackingState.Reason.initializing)
simd_float4x4([[0.00354349, -0.968742, 0.248026, 0.0)], [0.99837, -0.0107011, -0.0560615, 0.0)], [0.0569637, 0.24782, 0.967125, 0.0)], [0.0, 0.0, 0.0, 1.0)]])
0.0, 0.0, 0.0
float3(-0.25043, 0.0588321, -1.58184)
584.087304583
limited(__ObjC.ARCamera.TrackingState.Reason.initializing)
simd_float4x4([[0.01376, -0.968975, 0.246755, 0.0)], [0.997773, -0.00280096, -0.0666404, 0.0)], [0.0652645, 0.247123, 0.966779, 0.0)], [0.0, 0.0, 0.0, 1.0)]])
0.0, 0.0, 0.0
float3(-0.24971, 0.0674049, -1.57369)
584.153961875
limited(__ObjC.ARCamera.TrackingState.Reason.initializing)
simd_float4x4([[0.0187234, -0.970565, 0.240092, 0.0)], [0.996936, -0.000118151, -0.0782244, 0.0)], [0.0759507, 0.240821, 0.967589, 0.0)], [0.0, 0.0, 0.0, 1.0)]])
0.0, 0.0, 0.0
float3(-0.243212, 0.0783342, -1.57092)
584.220619333
limited(__ObjC.ARCamera.TrackingState.Reason.initializing)
simd_float4x4([[0.0229038, -0.970573, 0.239696, 0.0)], [0.996414, 0.0026286, -0.0845696, 0.0)], [0.0814515, 0.240773, 0.967152, 0.0)], [0.0, 0.0, 0.0, 1.0)]])
0.0, 0.0, 0.0
float3(-0.243162, 0.0840196, -1.56809)
584.2872765
limited(__ObjC.ARCamera.TrackingState.Reason.initializing)
simd_float4x4([[0.027467, -0.970868, 0.238014, 0.0)], [0.99638, 0.00742723, -0.0846889, 0.0)], [0.0804547, 0.239478, 0.967558, 0.0)], [0.0, 0.0, 0.0, 1.0)]])
0.0, 0.0, 0.0
float3(-0.241828, 0.0829615, -1.56315)
584.353934041
limited(__ObjC.ARCamera.TrackingState.Reason.initializing)
simd_float4x4([[0.0313971, -0.971053, 0.236772, 0.0)], [0.997005, 0.0136776, -0.0761144, 0.0)], [0.0706732, 0.238453, 0.968574, 0.0)], [0.0, 0.0, 0.0, 1.0)]])
0.0, 0.0, 0.0
float3(-0.240773, 0.0728372, -1.55671)
584.42059125
limited(__ObjC.ARCamera.TrackingState.Reason.initializing)
simd_float4x4([[0.0352443, -0.969721, 0.241639, 0.0)], [0.99797, 0.0213155, -0.0600188, 0.0)], [0.0530514, 0.243264, 0.968504, 0.0)], [0.0, 0.0, 0.0, 1.0)]])
0.0, 0.0, 0.0
float3(-0.245729, 0.054722, -1.54882)
584.487248791
limited(__ObjC.ARCamera.TrackingState.Reason.initializing)
simd_float4x4([[0.0400889, -0.969684, 0.241034, 0.0)], [0.998824, 0.0323122, -0.0361329, 0.0)], [0.0272496, 0.242199, 0.969839, 0.0)], [0.0, 0.0, 0.0, 1.0)]])
0.0, 0.0, 0.0
float3(-0.244632, 0.0280896, -1.53749)
584.553906041
limited(__ObjC.ARCamera.TrackingState.Reason.initializing)
simd_float4x4([[0.0425216, -0.968796, 0.244165, 0.0)], [0.999068, 0.0394046, -0.0176391, 0.0)], [0.00746783, 0.244688, 0.969568, 0.0)], [0.0, 0.0, 0.0, 1.0)]])
0.0, 0.0, 0.0
float3(-0.247197, 0.00770207, -1.53014)
584.620563375
limited(__ObjC.ARCamera.TrackingState.Reason.initializing)
simd_float4x4([[0.0390019, -0.968632, 0.2454, 0.0)], [0.999177, 0.0405325, 0.00118778, 0.0)], [-0.0110969, 0.245151, 0.969416, 0.0)], [0.0, 0.0, 0.0, 1.0)]])
0.0, 0.0, 0.0
float3(-0.247676, -0.0114465, -1.52898)
584.687220958
limited(__ObjC.ARCamera.TrackingState.Reason.initializing)
simd_float4x4([[0.0312499, -0.9696, 0.242675, 0.0)], [0.999142, 0.0369079, 0.0188032, 0.0)], [-0.027188, 0.241879, 0.969921, 0.0)], [0.0, 0.0, 0.0, 1.0)]])
0.0, 0.0, 0.0
float3(-0.244302, -0.0280238, -1.53275)
584.753878166
limited(__ObjC.ARCamera.TrackingState.Reason.initializing)
simd_float4x4([[0.0270025, -0.970413, 0.239916, 0.0)], [0.999031, 0.0345426, 0.0272785, 0.0)], [-0.0347586, 0.238947, 0.970406, 0.0)], [0.0, 0.0, 0.0, 1.0)]])
0.0, 0.0, 0.0
float3(-0.241281, -0.0358033, -1.53522)
584.820535666
limited(__ObjC.ARCamera.TrackingState.Reason.initializing)
simd_float4x4([[0.0259839, -0.970999, 0.237645, 0.0)], [0.998778, 0.0352123, 0.0346706, 0.0)], [-0.0420331, 0.236453, 0.970728, 0.0)], [0.0, 0.0, 0.0, 1.0)]])
0.0, 0.0, 0.0
float3(-0.238714, -0.0432736, -1.53455)
584.887192958
limited(__ObjC.ARCamera.TrackingState.Reason.initializing)
simd_float4x4([[0.0270029, -0.971621, 0.234977, 0.0)], [0.998596, 0.0369334, 0.0379638, 0.0)], [-0.0455649, 0.233622, 0.971255, 0.0)], [0.0, 0.0, 0.0, 1.0)]])
0.0, 0.0, 0.0
float3(-0.235801, -0.046879, -1.5328)
584.953850375
limited(__ObjC.ARCamera.TrackingState.Reason.initializing)
simd_float4x4([[0.0259572, -0.972106, 0.233081, 0.0)], [0.998595, 0.035992, 0.0389035, 0.0)], [-0.0462074, 0.231744, 0.971674, 0.0)], [0.0, 0.0, 0.0, 1.0)]])
0.0, 0.0, 0.0
float3(-0.23387, -0.0475186, -1.53379)
585.02050775
limited(__ObjC.ARCamera.TrackingState.Reason.initializing)
simd_float4x4([[0.0245369, -0.973054, 0.229247, 0.0)], [0.998585, 0.0346793, 0.040319, 0.0)], [-0.0471826, 0.227933, 0.972528, 0.0)], [0.0, 0.0, 0.0, 1.0)]])
0.0, 0.0, 0.0
float3(-0.229954, -0.0484774, -1.53517)
585.087165166
limited(__ObjC.ARCamera.TrackingState.Reason.initializing)
simd_float4x4([[0.0272071, -0.973681, 0.226264, 0.0)], [0.998488, 0.0372866, 0.0403936, 0.0)], [-0.0477671, 0.224823, 0.973223, 0.0)], [0.0, 0.0, 0.0, 1.0)]])
0.0, 0.0, 0.0
float3(-0.226762, -0.049042, -1.53252)
585.153822458
limited(__ObjC.ARCamera.TrackingState.Reason.initializing)
simd_float4x4([[0.0300213, -0.973188, 0.228024, 0.0)], [0.998259, 0.0407777, 0.0426081, 0.0)], [-0.050764, 0.226348, 0.972718, 0.0)], [0.0, 0.0, 0.0, 1.0)]])
0.0, 0.0, 0.0
float3(-0.228326, -0.0521404, -1.52892)
585.220479833
limited(__ObjC.ARCamera.TrackingState.Reason.initializing)
simd_float4x4([[0.0312042, -0.973209, 0.227776, 0.0)], [0.997879, 0.0433602, 0.0485606, 0.0)], [-0.057136, 0.225777, 0.972497, 0.0)], [0.0, 0.0, 0.0, 1.0)]])
0.0, 0.0, 0.0
float3(-0.227741, -0.0586844, -1.52627)
585.287137458
limited(__ObjC.ARCamera.TrackingState.Reason.initializing)
simd_float4x4([[0.0308113, -0.973117, 0.228221, 0.0)], [0.997343, 0.0450118, 0.0572813, 0.0)], [-0.0660141, 0.225849, 0.971918, 0.0)], [0.0, 0.0, 0.0, 1.0)]])
0.0, 0.0, 0.0
float3(-0.227815, -0.0678173, -1.52457)
585.353794625
limited(__ObjC.ARCamera.TrackingState.Reason.initializing)
simd_float4x4([[0.0329341, -0.973433, 0.226573, 0.0)], [0.99621, 0.0502314, 0.0710064, 0.0)], [-0.080501, 0.223376, 0.971398, 0.0)], [0.0, 0.0, 0.0, 1.0)]])
0.0, 0.0, 0.0
float3(-0.225276, -0.0826824, -1.51924)
585.420452166
limited(__ObjC.ARCamera.TrackingState.Reason.initializing)
simd_float4x4([[0.0330004, -0.973877, 0.224643, 0.0)], [0.994448, 0.0544656, 0.0900372, 0.0)], [-0.0999207, 0.220425, 0.970268, 0.0)], [0.0, 0.0, 0.0, 1.0)]])
0.0, 0.0, 0.0
float3(-0.22225, -0.102621, -1.51493)
585.487109416
limited(__ObjC.ARCamera.TrackingState.Reason.initializing)
simd_float4x4([[0.0297113, -0.974431, 0.222695, 0.0)], [0.99104, 0.0577423, 0.120441, 0.0)], [-0.13022, 0.217121, 0.967415, 0.0)], [0.0, 0.0, 0.0, 1.0)]])
0.0, 0.0, 0.0
float3(-0.218864, -0.133802, -1.51161)
585.553766875
limited(__ObjC.ARCamera.TrackingState.Reason.initializing)
simd_float4x4([[0.0245953, -0.974527, 0.222897, 0.0)], [0.983696, 0.0633249, 0.168322, 0.0)], [-0.17815, 0.215123, 0.960196, 0.0)], [0.0, 0.0, 0.0, 1.0)]])
0.0, 0.0, 0.0
float3(-0.216818, -0.183449, -1.50591)
585.620424083
limited(__ObjC.ARCamera.TrackingState.Reason.initializing)
simd_float4x4([[0.0141113, -0.972331, 0.233162, 0.0)], [0.977119, 0.0629014, 0.203179, 0.0)], [-0.212224, 0.22496, 0.950971, 0.0)], [0.0, 0.0, 0.0, 1.0)]])
0.0, 0.0, 0.0
float3(-0.226902, -0.219568, -1.5062)
585.6870815
limited(__ObjC.ARCamera.TrackingState.Reason.initializing)
simd_float4x4([[0.00366437, -0.969858, 0.243625, 0.0)], [0.966099, 0.0663237, 0.249505, 0.0)], [-0.258144, 0.234452, 0.937222, 0.0)], [0.0, 0.0, 0.0, 1.0)]])
0.0, 0.0, 0.0
float3(-0.236655, -0.268771, -1.50252)
585.753738958
limited(__ObjC.ARCamera.TrackingState.Reason.initializing)
simd_float4x4([[-0.0103841, -0.968291, 0.249595, 0.0)], [0.955611, 0.0638904, 0.287621, 0.0)], [-0.294449, 0.241502, 0.924646, 0.0)], [0.0, 0.0, 0.0, 1.0)]])
0.0, 0.0, 0.0
float3(-0.243914, -0.308292, -1.50491)
585.820396333
limited(__ObjC.ARCamera.TrackingState.Reason.initializing)
simd_float4x4([[-0.022284, -0.967475, 0.251971, 0.0)], [0.9446, 0.0621768, 0.32228, 0.0)], [-0.327465, 0.245194, 0.912491, 0.0)], [0.0, 0.0, 0.0, 1.0)]])
0.0, 0.0, 0.0
float3(-0.24772, -0.344555, -1.50662)
585.887053833
limited(__ObjC.ARCamera.TrackingState.Reason.initializing)
simd_float4x4([[-0.0345746, -0.966638, 0.253789, 0.0)], [0.93316, 0.0596869, 0.354469, 0.0)], [-0.357793, 0.249082, 0.899965, 0.0)], [0.0, 0.0, 0.0, 1.0)]])
0.0, 0.0, 0.0
float3(-0.251732, -0.378404, -1.50913)
585.953711125
limited(__ObjC.ARCamera.TrackingState.Reason.initializing)
simd_float4x4([[-0.0399521, -0.967299, 0.250459, 0.0)], [0.926438, 0.0580407, 0.371946, 0.0)], [-0.374322, 0.246895, 0.893823, 0.0)], [0.0, 0.0, 0.0, 1.0)]])
0.0, 0.0, 0.0
float3(-0.249474, -0.396596, -1.51087)
586.020368583
limited(__ObjC.ARCamera.TrackingState.Reason.initializing)
simd_float4x4([[-0.0413481, -0.968181, 0.246799, 0.0)], [0.925459, 0.0559865, 0.374686, 0.0)], [-0.376583, 0.243896, 0.893697, 0.0)], [0.0, 0.0, 0.0, 1.0)]])
0.0, 0.0, 0.0
float3(-0.246381, -0.398798, -1.51303)
586.087025833
limited(__ObjC.ARCamera.TrackingState.Reason.initializing)
simd_float4x4([[-0.0373074, -0.97021, 0.239362, 0.0)], [0.930923, 0.0533385, 0.361299, 0.0)], [-0.363304, 0.236307, 0.901201, 0.0)], [0.0, 0.0, 0.0, 1.0)]])
0.0, 0.0, 0.0
float3(-0.238563, -0.383205, -1.51588)
586.153683375
limited(__ObjC.ARCamera.TrackingState.Reason.initializing)
simd_float4x4([[-0.0342622, -0.971185, 0.235839, 0.0)], [0.941436, 0.0478398, 0.333779, 0.0)], [-0.335445, 0.233464, 0.912669, 0.0)], [0.0, 0.0, 0.0, 1.0)]])
0.0, 0.0, 0.0
float3(-0.235638, -0.352217, -1.52158)
586.220340708
limited(__ObjC.ARCamera.TrackingState.Reason.initializing)
simd_float4x4([[-0.030052, -0.972623, 0.230426, 0.0)], [0.953615, 0.0411806, 0.298197, 0.0)], [-0.299523, 0.228699, 0.926271, 0.0)], [0.0, 0.0, 0.0, 1.0)]])
0.0, 0.0, 0.0
float3(-0.230741, -0.312752, -1.52848)
586.286998083
limited(__ObjC.ARCamera.TrackingState.Reason.initializing)
simd_float4x4([[-0.0227814, -0.974909, 0.221425, 0.0)], [0.968814, 0.0331336, 0.245564, 0.0)], [-0.24674, 0.220114, 0.94375, 0.0)], [0.0, 0.0, 0.0, 1.0)]])
0.0, 0.0, 0.0
float3(-0.221931, -0.255722, -1.53682)
586.353655375
limited(__ObjC.ARCamera.TrackingState.Reason.initializing)
simd_float4x4([[-0.0147488, -0.976429, 0.215323, 0.0)], [0.981584, 0.0268798, 0.189129, 0.0)], [-0.190459, 0.214147, 0.958051, 0.0)], [0.0, 0.0, 0.0, 1.0)]])
0.0, 0.0, 0.0
float3(-0.215819, -0.19624, -1.54327)
586.420312833
limited(__ObjC.ARCamera.TrackingState.Reason.initializing)
simd_float4x4([[-0.00493763, -0.977108, 0.212676, 0.0)], [0.992213, 0.0216819, 0.122652, 0.0)], [-0.124455, 0.211625, 0.969392, 0.0)], [0.0, 0.0, 0.0, 1.0)]])
0.0, 0.0, 0.0
float3(-0.213238, -0.127687, -1.54861)
586.486970208
limited(__ObjC.ARCamera.TrackingState.Reason.initializing)
simd_float4x4([[0.00453826, -0.977945, 0.208805, 0.0)], [0.998644, 0.0152596, 0.0497641, 0.0)], [-0.0518528, 0.208296, 0.976688, 0.0)], [0.0, 0.0, 0.0, 1.0)]])
0.0, 0.0, 0.0
float3(-0.209833, -0.0530407, -1.55519)
586.553627541
limited(__ObjC.ARCamera.TrackingState.Reason.initializing)
simd_float4x4([[0.0140691, -0.97922, 0.202302, 0.0)], [0.999723, 0.00996151, -0.0213086, 0.0)], [0.0188507, 0.202546, 0.979089, 0.0)], [0.0, 0.0, 0.0, 1.0)]])
0.0, 0.0, 0.0
float3(-0.203957, 0.019251, -1.56062)
586.620284958
limited(__ObjC.ARCamera.TrackingState.Reason.initializing)
simd_float4x4([[0.0229028, -0.979608, 0.199596, 0.0)], [0.99522, 0.00338199, -0.0975999, 0.0)], [0.094935, 0.200877, 0.975003, 0.0)], [0.0, 0.0, 0.0, 1.0)]])
0.0, 0.0, 0.0
float3(-0.202253, 0.0970629, -1.56734)
586.686942416
limited(__ObjC.ARCamera.TrackingState.Reason.initializing)
simd_float4x4([[0.0306136, -0.980396, 0.194634, 0.0)], [0.983555, -0.00512817, -0.180535, 0.0)], [0.177994, 0.19696, 0.964116, 0.0)], [0.0, 0.0, 0.0, 1.0)]])
0.0, 0.0, 0.0
float3(-0.198256, 0.182564, -1.57603)
586.75359975
normal
simd_float4x4([[0.0627206, -0.982345, 0.176251, 0.0)], [0.965725, 0.015168, -0.259123, 0.0)], [0.251875, 0.186463, 0.949627, 0.0)], [-0.006568, 0.000255756, 0.00146537, 1.0)]])
-0.006568, 0.000255756, 0.00146537
float3(-0.18756, 0.259266, -1.55536)
586.820257
normal
simd_float4x4([[0.0716407, -0.982723, 0.170653, 0.0)], [0.942671, 0.0107987, -0.33355, 0.0)], [0.325944, 0.184766, 0.927158, 0.0)], [-0.0325945, 0.00103447, 0.00830838, 1.0)]])
-0.0325945, 0.00103447, 0.00830838
float3(-0.185833, 0.338057, -1.55981)
586.886914583
normal
simd_float4x4([[0.0797163, -0.983238, 0.163978, 0.0)], [0.915463, 0.00712193, -0.402338, 0.0)], [0.394426, 0.182189, 0.900686, 0.0)], [-0.0557509, 0.00388244, 0.0200686, 1.0)]])
-0.0557509, 0.00388244, 0.0200686
float3(-0.183212, 0.412761, -1.56355)
586.953571833
normal
simd_float4x4([[0.0880773, -0.983313, 0.159177, 0.0)], [0.884617, 0.00375255, -0.466303, 0.0)], [0.457925, 0.181881, 0.870186, 0.0)], [-0.0774618, 0.00770336, 0.0329304, 1.0)]])
-0.0774618, 0.00770336, 0.0329304
float3(-0.182899, 0.484417, -1.56698)
587.020229375
normal
simd_float4x4([[0.0975942, -0.982757, 0.15705, 0.0)], [0.85302, 0.00131192, -0.521876, 0.0)], [0.512671, 0.184899, 0.838439, 0.0)], [-0.0994128, 0.00801505, 0.0423895, 1.0)]])
-0.0994128, 0.00801505, 0.0423895
float3(-0.185969, 0.548803, -1.56946)
587.086886833
normal
simd_float4x4([[0.108007, -0.982967, 0.148697, 0.0)], [0.823699, 0.00473371, -0.567008, 0.0)], [0.556646, 0.183723, 0.81018, 0.0)], [-0.116991, 0.0110995, 0.0562813, 1.0)]])
-0.116991, 0.0110995, 0.0562813
float3(-0.184772, 0.601992, -1.56598)
587.153543958
normal
simd_float4x4([[0.115377, -0.982731, 0.144663, 0.0)], [0.799982, 0.00559914, -0.599998, 0.0)], [0.588827, 0.184954, 0.786813, 0.0)], [-0.129519, 0.0131819, 0.0691571, 1.0)]])
-0.129519, 0.0131819, 0.0691571
float3(-0.186025, 0.642457, -1.5651)
587.220201625
normal
simd_float4x4([[0.116292, -0.983156, 0.140997, 0.0)], [0.783897, 0.00368061, -0.620879, 0.0)], [0.609903, 0.18273, 0.771122, 0.0)], [-0.139885, 0.0137501, 0.077804, 1.0)]])
-0.139885, 0.0137501, 0.077804
float3(-0.183763, 0.669186, -1.56705)
587.286858833
normal
simd_float4x4([[0.117051, -0.983255, 0.139674, 0.0)], [0.776421, 0.00290572, -0.630207, 0.0)], [0.619249, 0.182212, 0.76376, 0.0)], [-0.141454, 0.0156955, 0.0868009, 1.0)]])
-0.141454, 0.0156955, 0.0868009
float3(-0.183236, 0.681285, -1.56784)
587.35351625
normal
simd_float4x4([[0.114279, -0.984011, 0.13661, 0.0)], [0.77924, 0.00349061, -0.626716, 0.0)], [0.616219, 0.178073, 0.76718, 0.0)], [-0.133718, 0.0178271, 0.0921214, 1.0)]])
-0.133718, 0.0178271, 0.0921214
float3(-0.179028, 0.676705, -1.56725)
587.420173583
normal
simd_float4x4([[0.109332, -0.984954, 0.133842, 0.0)], [0.792053, 0.00496981, -0.610433, 0.0)], [0.600582, 0.172749, 0.780678, 0.0)], [-0.130039, 0.0203081, 0.0946206, 1.0)]])
-0.130039, 0.0203081, 0.0946206
float3(-0.17362, 0.655744, -1.56575)
587.486831041
normal
simd_float4x4([[0.104554, -0.984949, 0.137637, 0.0)], [0.814226, 0.00530905, -0.580524, 0.0)], [0.571055, 0.172764, 0.802526, 0.0)], [-0.105532, 0.0229699, 0.0904143, 1.0)]])
-0.105532, 0.0229699, 0.0904143
float3(-0.173636, 0.61845, -1.56541)
587.553488416
normal
simd_float4x4([[0.09961, -0.983984, 0.14783, 0.0)], [0.840826, 0.00379644, -0.541292, 0.0)], [0.532062, 0.178217, 0.827737, 0.0)], [-0.0811639, 0.0255795, 0.0815157, 1.0)]])
-0.0811639, 0.0255795, 0.0815157
float3(-0.179174, 0.571291, -1.56694)
587.62014575
normal
simd_float4x4([[0.0964041, -0.981718, 0.164124, 0.0)], [0.870047, 0.00302504, -0.49296, 0.0)], [0.483451, 0.190319, 0.854432, 0.0)], [-0.0669025, 0.0265508, 0.0760881, 1.0)]])
-0.0669025, 0.0265508, 0.0760881
float3(-0.191487, 0.514904, -1.56771)
587.686803291
normal
simd_float4x4([[0.0912039, -0.980785, 0.172463, 0.0)], [0.899427, 0.00679212, -0.437019, 0.0)], [0.42745, 0.194976, 0.882763, 0.0)], [-0.0380419, 0.0255405, 0.0665381, 1.0)]])
-0.0380419, 0.0255405, 0.0665381
float3(-0.196233, 0.450943, -1.56387)
587.753460583
normal
simd_float4x4([[0.0858948, -0.980129, 0.178803, 0.0)], [0.927697, 0.0132359, -0.3731, 0.0)], [0.36332, 0.197922, 0.910399, 0.0)], [-0.00692143, 0.0246314, 0.0538904, 1.0)]])
-0.00692143, 0.0246314, 0.0538904
float3(-0.199238, 0.379711, -1.55729)
587.820118083
normal
simd_float4x4([[0.0803348, -0.978425, 0.190345, 0.0)], [0.951068, 0.0180818, -0.308451, 0.0)], [0.298355, 0.205811, 0.932001, 0.0)], [0.0133151, 0.024405, 0.0475707, 1.0)]])
0.0133151, 0.024405, 0.0475707
float3(-0.207292, 0.309814, -1.55232)
587.886775291
normal
simd_float4x4([[0.0697576, -0.979235, 0.190352, 0.0)], [0.969535, 0.0216365, -0.243997, 0.0)], [0.234812, 0.201573, 0.950911, 0.0)], [0.0517342, 0.0242011, 0.0317797, 1.0)]])
0.0517342, 0.0242011, 0.0317797
float3(-0.202964, 0.24209, -1.5487)
587.953432708
normal
simd_float4x4([[0.0602827, -0.982293, 0.177388, 0.0)], [0.983854, 0.0284698, -0.176696, 0.0)], [0.168517, 0.185176, 0.968149, 0.0)], [0.0878693, 0.0263, 0.0121308, 1.0)]])
0.0878693, 0.0263, 0.0121308
float3(-0.186251, 0.172334, -1.54182)
588.020090041
normal
simd_float4x4([[0.0525746, -0.983771, 0.171555, 0.0)], [0.993459, 0.0340874, -0.108983, 0.0)], [0.101366, 0.176163, 0.979128, 0.0)], [0.11116, 0.0281384, 0.0094718, 1.0)]])
0.11116, 0.0281384, 0.0094718
float3(-0.177087, 0.10316, -1.53616)
588.086747583
normal
simd_float4x4([[0.046464, -0.983376, 0.175534, 0.0)], [0.998539, 0.040874, -0.0353296, 0.0)], [0.0275675, 0.176919, 0.983839, 0.0)], [0.134814, 0.0259394, -0.0066291, 1.0)]])
0.134814, 0.0259394, -0.0066291
float3(-0.177856, 0.028013, -1.52926)
588.153404916
normal
simd_float4x4([[0.0375103, -0.984327, 0.172316, 0.0)], [0.998672, 0.0430206, 0.0283543, 0.0)], [-0.035323, 0.171024, 0.984634, 0.0)], [0.153416, 0.0257218, -0.0107835, 1.0)]])
0.153416, 0.0257218, -0.0107835
float3(-0.171869, -0.0358589, -1.52712)
588.220062333
normal
simd_float4x4([[0.0322801, -0.984124, 0.174522, 0.0)], [0.994833, 0.048453, 0.0892179, 0.0)], [-0.0962576, 0.17074, 0.980603, 0.0)], [0.173132, 0.0253705, -0.0125304, 1.0)]])
0.173132, 0.0253705, -0.0125304
float3(-0.171581, -0.0978481, -1.5216)
588.28671975
normal
simd_float4x4([[0.0293729, -0.984302, 0.17403, 0.0)], [0.988146, 0.0548394, 0.143388, 0.0)], [-0.150681, 0.167755, 0.974245, 0.0)], [0.186912, 0.0235644, -0.01573, 1.0)]])
0.186912, 0.0235644, -0.01573
float3(-0.168552, -0.153448, -1.51514)
588.353376958
normal
simd_float4x4([[0.02835, -0.984077, 0.175465, 0.0)], [0.980338, 0.0616644, 0.187445, 0.0)], [-0.19528, 0.166701, 0.966476, 0.0)], [0.198553, 0.0224512, -0.0196587, 1.0)]])
0.198553, 0.0224512, -0.0196587
float3(-0.167483, -0.199369, -1.50822)
588.420034416
normal
simd_float4x4([[0.0253071, -0.984159, 0.175476, 0.0)], [0.973026, 0.0645133, 0.221494, 0.0)], [-0.229305, 0.165137, 0.959244, 0.0)], [0.209694, 0.0222524, -0.0212768, 1.0)]])
0.209694, 0.0222524, -0.0212768
float3(-0.165897, -0.234645, -1.50534)
588.486691833
normal
simd_float4x4([[0.0191181, -0.985198, 0.170354, 0.0)], [0.966296, 0.0619564, 0.249865, 0.0)], [-0.256721, 0.159836, 0.953177, 0.0)], [0.219098, 0.0218328, -0.0236493, 1.0)]])
0.219098, 0.0218328, -0.0236493
float3(-0.160524, -0.263089, -1.50799)
588.553349333
normal
simd_float4x4([[0.0143799, -0.986953, 0.160368, 0.0)], [0.962073, 0.0573521, 0.266695, 0.0)], [-0.272412, 0.150451, 0.950345, 0.0)], [0.22333, 0.0200914, -0.0252715, 1.0)]])
0.22333, 0.0200914, -0.0252715
float3(-0.151024, -0.279161, -1.51275)
588.620006625
normal
simd_float4x4([[0.0124339, -0.987991, 0.154012, 0.0)], [0.959856, 0.0549565, 0.275055, 0.0)], [-0.280216, 0.144409, 0.949013, 0.0)], [0.225577, 0.0194061, -0.0270986, 1.0)]])
0.225577, 0.0194061, -0.0270986
float3(-0.144916, -0.287113, -1.51523)
588.686664
normal
simd_float4x4([[0.0173603, -0.988392, 0.150931, 0.0)], [0.960755, 0.0582891, 0.271207, 0.0)], [-0.276856, 0.140299, 0.950614, 0.0)], [0.220671, 0.0164607, -0.0296664, 1.0)]])
0.220671, 0.0164607, -0.0296664
float3(-0.140764, -0.2834, -1.51189)
588.753321416
normal
simd_float4x4([[0.0224446, -0.988274, 0.151036, 0.0)], [0.96533, 0.060722, 0.253871, 0.0)], [-0.260065, 0.140101, 0.955373, 0.0)], [0.21444, 0.0142992, -0.0296346, 1.0)]])
0.21444, 0.0142992, -0.0296346
float3(-0.140564, -0.265773, -1.50943)
588.819978708
normal
simd_float4x4([[0.0282044, -0.988576, 0.14806, 0.0)], [0.972051, 0.0616602, 0.226527, 0.0)], [-0.233069, 0.137533, 0.962686, 0.0)], [0.206949, 0.0136754, -0.0338195, 1.0)]])
0.206949, 0.0136754, -0.0338195
float3(-0.13797, -0.237532, -1.5085)
588.88663625
normal
simd_float4x4([[0.0368884, -0.989014, 0.143148, 0.0)], [0.979265, 0.0643287, 0.192097, 0.0)], [-0.199195, 0.133094, 0.97088, 0.0)], [0.195478, 0.0136253, -0.033015, 1.0)]])
0.195478, 0.0136253, -0.033015
float3(-0.13349, -0.202362, -1.50584)
588.953293541
normal
simd_float4x4([[0.0474823, -0.989673, 0.135254, 0.0)], [0.986925, 0.0673627, 0.146433, 0.0)], [-0.154031, 0.126533, 0.979931, 0.0)], [0.181678, 0.0129015, -0.0321857, 1.0)]])
0.181678, 0.0129015, -0.0321857
float3(-0.126873, -0.15591, -1.50284)
589.019951
normal
simd_float4x4([[0.0536578, -0.989467, 0.134448, 0.0)], [0.993859, 0.0659672, 0.0888383, 0.0)], [-0.0967717, 0.128856, 0.98693, 0.0)], [0.167286, 0.0111977, -0.0347645, 1.0)]])
0.167286, 0.0111977, -0.0347645
float3(-0.129215, -0.0977408, -1.50423)
589.086608208
normal
simd_float4x4([[0.0570408, -0.989999, 0.129027, 0.0)], [0.997824, 0.0608125, 0.0254809, 0.0)], [-0.0330725, 0.127292, 0.991314, 0.0)], [0.150398, 0.0105115, -0.0327981, 1.0)]])
0.150398, 0.0105115, -0.0327981
float3(-0.127639, -0.03335, -1.50945)
589.15326575
normal
simd_float4x4([[0.065327, -0.990018, 0.12489, 0.0)], [0.997155, 0.0600518, -0.0455506, 0.0)], [0.037596, 0.12751, 0.991124, 0.0)], [0.130334, 0.00882112, -0.0298763, 1.0)]])
0.130334, 0.00882112, -0.0298763
float3(-0.127858, 0.0379145, -1.51021)
589.219923083
normal
simd_float4x4([[0.0750727, -0.989622, 0.122523, 0.0)], [0.990255, 0.0595332, -0.125901, 0.0)], [0.1173, 0.13078, 0.984448, 0.0)], [0.110186, 0.00718238, -0.0291612, 1.0)]])
0.110186, 0.00718238, -0.0291612
float3(-0.131156, 0.118594, -1.51071)
589.286580583
normal
simd_float4x4([[0.0818149, -0.98943, 0.119727, 0.0)], [0.976131, 0.0553007, -0.210025, 0.0)], [0.201184, 0.134053, 0.970337, 0.0)], [0.0879174, 0.00565021, -0.0226602, 1.0)]])
0.0879174, 0.00565021, -0.0226602
float3(-0.134458, 0.204438, -1.51496)
589.353237916
normal
simd_float4x4([[0.0874856, -0.989524, 0.114838, 0.0)], [0.953207, 0.0496661, -0.298212, 0.0)], [0.289385, 0.135554, 0.947566, 0.0)], [0.0640925, 0.00388151, -0.0147526, 1.0)]])
0.0640925, 0.00388151, -0.0147526
float3(-0.135972, 0.296401, -1.52065)
589.419895333
normal
simd_float4x4([[0.0931795, -0.989344, 0.111878, 0.0)], [0.920858, 0.0429062, -0.387529, 0.0)], [0.378599, 0.139134, 0.915043, 0.0)], [0.0431395, 0.00119294, -0.00816385, 1.0)]])
0.0431395, 0.00119294, -0.00816385
float3(-0.139587, 0.392304, -1.52746)
589.48655275
normal
simd_float4x4([[0.0983441, -0.988717, 0.112994, 0.0)], [0.882215, 0.0340816, -0.469612, 0.0)], [0.460463, 0.145869, 0.875612, 0.0)], [0.0227502, -0.00145751, 0.0041102, 1.0)]])
0.0227502, -0.00145751, 0.0041102
float3(-0.146391, 0.484133, -1.53634)
589.55321
normal
simd_float4x4([[0.10362, -0.988101, 0.113666, 0.0)], [0.838285, 0.0252561, -0.544646, 0.0)], [0.535295, 0.151721, 0.830927, 0.0)], [0.00429969, -0.00465655, 0.0178064, 1.0)]])
0.00429969, -0.00465655, 0.0178064
float3(-0.152309, 0.572297, -1.54524)
589.619867541
normal
simd_float4x4([[0.10669, -0.987813, 0.11333, 0.0)], [0.789202, 0.0148005, -0.613956, 0.0)], [0.604796, 0.154943, 0.781162, 0.0)], [-0.0121171, -0.00813386, 0.0284173, 1.0)]])
-0.0121171, -0.00813386, 0.0284173
float3(-0.155569, 0.658826, -1.55581)
589.686524916
normal
simd_float4x4([[0.11242, -0.987387, 0.111481, 0.0)], [0.742472, 0.00890873, -0.669818, 0.0)], [0.660377, 0.158072, 0.734109, 0.0)], [-0.0249089, -0.0109303, 0.0430801, 1.0)]])
-0.0249089, -0.0109303, 0.0430801
float3(-0.158738, 0.732574, -1.56177)
589.753182333
normal
simd_float4x4([[0.115108, -0.987723, 0.105614, 0.0)], [0.698996, 0.00499606, -0.715108, 0.0)], [0.705801, 0.156138, 0.690989, 0.0)], [-0.0326435, -0.014305, 0.0577147, 1.0)]])
-0.0326435, -0.014305, 0.0577147
float3(-0.15678, 0.796002, -1.56574)
589.819839583
normal
simd_float4x4([[0.114852, -0.988288, 0.100476, 0.0)], [0.661919, 0.000717258, -0.749575, 0.0)], [0.740724, 0.152597, 0.654249, 0.0)], [-0.0404185, -0.0171153, 0.0678529, 1.0)]])
-0.0404185, -0.0171153, 0.0678529
float3(-0.153196, 0.847309, -1.57007)
589.886497
normal
simd_float4x4([[0.112315, -0.988778, 0.0985092, 0.0)], [0.634965, -0.00483918, -0.772526, 0.0)], [0.764333, 0.149316, 0.627295, 0.0)], [-0.0414587, -0.0180195, 0.0787935, 1.0)]])
-0.0414587, -0.0180195, 0.0787935
float3(-0.149877, 0.883555, -1.57569)
589.953154541
normal
simd_float4x4([[0.114408, -0.988265, 0.101207, 0.0)], [0.617497, -0.00906098, -0.786521, 0.0)], [0.778208, 0.152479, 0.609214, 0.0)], [-0.0393919, -0.0165062, 0.086974, 1.0)]])
-0.0393919, -0.0165062, 0.086974
float3(-0.153077, 0.906605, -1.57996)
590.019811791
normal
simd_float4x4([[0.110619, -0.988763, 0.10056, 0.0)], [0.612831, -0.0117969, -0.790126, 0.0)], [0.782434, 0.149029, 0.604639, 0.0)], [-0.0398453, -0.0187844, 0.0875492, 1.0)]])
-0.0398453, -0.0187844, 0.0875492
float3(-0.149586, 0.912883, -1.58273)
590.086469333
normal
simd_float4x4([[0.110571, -0.988236, 0.105663, 0.0)], [0.61932, -0.0146392, -0.785002, 0.0)], [0.777314, 0.152238, 0.610415, 0.0)], [-0.0349308, -0.0148526, 0.082583, 1.0)]])
-0.0349308, -0.0148526, 0.082583
float3(-0.152832, 0.905091, -1.58561)
590.153126541
normal
simd_float4x4([[0.113889, -0.987382, 0.110033, 0.0)], [0.637521, -0.0123112, -0.770335, 0.0)], [0.761969, 0.157881, 0.628074, 0.0)], [-0.0349115, -0.0147582, 0.0820272, 1.0)]])
-0.0349115, -0.0147582, 0.0820272
float3(-0.158544, 0.881426, -1.58326)
590.219784083
normal
simd_float4x4([[0.112879, -0.986703, 0.116944, 0.0)], [0.658245, -0.0139033, -0.752675, 0.0)], [0.744293, 0.161939, 0.647923, 0.0)], [-0.0343306, -0.0164844, 0.0762185, 1.0)]])
-0.0343306, -0.0164844, 0.0762185
float3(-0.162655, 0.854508, -1.58489)
590.286441375
normal
simd_float4x4([[0.116242, -0.985043, 0.127196, 0.0)], [0.685797, -0.0130345, -0.727676, 0.0)], [0.71845, 0.171817, 0.674024, 0.0)], [-0.037139, -0.0177027, 0.0686558, 1.0)]])
-0.037139, -0.0177027, 0.0686558
float3(-0.172674, 0.817291, -1.58403)
590.353098791
normal
simd_float4x4([[0.122202, -0.987423, 0.100311, 0.0)], [0.721433, 0.0189611, -0.692225, 0.0)], [0.681617, 0.156959, 0.714677, 0.0)], [-0.0410787, -0.0182245, 0.0670614, 1.0)]])
-0.0410787, -0.0182245, 0.0670614
float3(-0.15761, 0.761726, -1.5516)
590.419756
normal
simd_float4x4([[0.111101, -0.989174, 0.095871, 0.0)], [0.752076, 0.0206239, -0.658754, 0.0)], [0.649645, 0.14529, 0.746225, 0.0)], [-0.0408924, -0.0181202, 0.0622551, 1.0)]])
-0.0408924, -0.0181202, 0.0622551
float3(-0.145806, 0.716319, -1.54995)
590.486413541
normal
simd_float4x4([[0.109326, -0.987619, 0.112505, 0.0)], [0.777001, 0.0143198, -0.629336, 0.0)], [0.619933, 0.156219, 0.768946, 0.0)], [-0.045455, -0.0203556, 0.0515592, 1.0)]])
-0.045455, -0.0203556, 0.0515592
float3(-0.156862, 0.678517, -1.5563)
590.553070958
normal
simd_float4x4([[0.0948728, -0.988399, 0.118605, 0.0)], [0.79903, 0.00454496, -0.601275, 0.0)], [0.59376, 0.151813, 0.790191, 0.0)], [-0.0414883, -0.0221923, 0.0533516, 1.0)]])
-0.0414883, -0.0221923, 0.0533516
float3(-0.152402, 0.644405, -1.5662)
590.61972825
normal
simd_float4x4([[0.0861928, -0.987036, 0.13539, 0.0)], [0.812322, -0.00905223, -0.583139, 0.0)], [0.576805, 0.160243, 0.80101, 0.0)], [-0.0423724, -0.0247344, 0.0455569, 1.0)]])
-0.0423724, -0.0247344, 0.0455569
float3(-0.160936, 0.624087, -1.57997)
590.686385625
normal
simd_float4x4([[0.076159, -0.987302, 0.139412, 0.0)], [0.81936, -0.0177072, -0.573006, 0.0)], [0.568198, 0.157868, 0.807607, 0.0)], [-0.0499172, -0.0283452, 0.0377989, 1.0)]])
-0.0499172, -0.0283452, 0.0377989
float3(-0.158531, 0.61311, -1.58873)
590.753043041
normal
simd_float4x4([[0.0758144, -0.987281, 0.139744, 0.0)], [0.832407, -0.0144903, -0.553975, 0.0)], [0.548954, 0.158323, 0.820722, 0.0)], [-0.0511781, -0.0332396, 0.0332382, 1.0)]])
-0.0511781, -0.0332396, 0.0332382
float3(-0.158992, 0.589524, -1.58547)
590.819700458
normal
simd_float4x4([[0.0842931, -0.985729, 0.145714, 0.0)], [0.839853, -0.00841208, -0.542749, 0.0)], [0.536229, 0.168128, 0.827158, 0.0)], [-0.0539909, -0.0342979, 0.0242359, 1.0)]])
-0.0539909, -0.0342979, 0.0242359
float3(-0.16893, 0.575164, -1.57933)
590.886357791
normal
simd_float4x4([[0.0881944, -0.985178, 0.14713, 0.0)], [0.845927, -0.00391382, -0.533284, 0.0)], [0.525955, 0.171494, 0.833043, 0.0)], [-0.0556092, -0.0332124, 0.0196701, 1.0)]])
-0.0556092, -0.0332124, 0.0196701
float3(-0.172346, 0.563164, -1.57477)
590.953015166
normal
simd_float4x4([[0.0861679, -0.985562, 0.145749, 0.0)], [0.846396, -0.00475268, -0.532534, 0.0)], [0.525538, 0.169249, 0.833766, 0.0)], [-0.0606644, -0.0321055, 0.0124784, 1.0)]])
-0.0606644, -0.0321055, 0.0124784
float3(-0.170067, 0.562414, -1.57562)
591.019672625
normal
simd_float4x4([[0.0852019, -0.985548, 0.146412, 0.0)], [0.844254, -0.00662661, -0.535903, 0.0)], [0.529128, 0.169269, 0.831487, 0.0)], [-0.06455, -0.0351705, -0.00114982, 1.0)]])
-0.06455, -0.0351705, -0.00114982
float3(-0.170088, 0.566729, -1.57752)
591.086329958
normal
simd_float4x4([[0.084846, -0.984752, 0.151868, 0.0)], [0.839269, -0.0115218, -0.543595, 0.0)], [0.537056, 0.17358, 0.825494, 0.0)], [-0.0707621, -0.0371197, -0.0151395, 1.0)]])
-0.0707621, -0.0371197, -0.0151395
float3(-0.174464, 0.576788, -1.5825)
591.152987458
normal
simd_float4x4([[0.0832331, -0.98435, 0.155329, 0.0)], [0.833668, -0.0166155, -0.552016, 0.0)], [0.545958, 0.175439, 0.819238, 0.0)], [-0.075908, -0.040704, -0.0331953, 1.0)]])
-0.075908, -0.040704, -0.0331953
float3(-0.176352, 0.587832, -1.58767)
591.21964475
normal
simd_float4x4([[0.0880457, -0.982705, 0.162907, 0.0)], [0.8273, -0.0189502, -0.561441, 0.0)], [0.554818, 0.184205, 0.811323, 0.0)], [-0.0796792, -0.0458872, -0.0578914, 1.0)]])
-0.0796792, -0.0458872, -0.0578914
float3(-0.185263, 0.5998, -1.59008)
591.286302166
normal
simd_float4x4([[0.0818929, -0.982516, 0.167201, 0.0)], [0.82247, -0.0281266, -0.568113, 0.0)], [0.562883, 0.184042, 0.805786, 0.0)], [-0.083213, -0.0495355, -0.0835425, 1.0)]])
-0.083213, -0.0495355, -0.0835425
float3(-0.185098, 0.609753, -1.59942)
591.352959541
normal
simd_float4x4([[0.0867207, -0.982259, 0.166273, 0.0)], [0.81341, -0.0265498, -0.581084, 0.0)], [0.575189, 0.18564, 0.796677, 0.0)], [-0.0928359, -0.0521454, -0.113573, 1.0)]])
-0.0928359, -0.0521454, -0.113573
float3(-0.186723, 0.625329, -1.59782)
591.419616958
normal
simd_float4x4([[0.106762, -0.979515, 0.170741, 0.0)], [0.812608, -0.0129957, -0.582666, 0.0)], [0.572949, 0.200952, 0.794574, 0.0)], [-0.0970076, -0.0500288, -0.144673, 1.0)]])
-0.0970076, -0.0500288, -0.144673
float3(-0.20233, 0.624731, -1.58406)
591.486274291
normal
simd_float4x4([[0.127122, -0.976652, 0.173178, 0.0)], [0.810077, 0.00147521, -0.586321, 0.0)], [0.572376, 0.214822, 0.791351, 0.0)], [-0.105323, -0.0476696, -0.175879, 1.0)]])
-0.105323, -0.0476696, -0.175879
float3(-0.21651, 0.626186, -1.56929)
591.552931625
normal
simd_float4x4([[0.136844, -0.97517, 0.174116, 0.0)], [0.811871, 0.00969966, -0.583756, 0.0)], [0.567573, 0.221243, 0.79304, 0.0)], [-0.117133, -0.0440447, -0.203884, 1.0)]])
-0.117133, -0.0440447, -0.203884
float3(-0.223089, 0.62118, -1.56085)
591.619588916
normal
simd_float4x4([[0.135224, -0.978763, 0.154069, 0.0)], [0.807186, 0.0186456, -0.590003, 0.0)], [0.5746, 0.204145, 0.792565, 0.0)], [-0.120383, -0.0398444, -0.223575, 1.0)]])
-0.120383, -0.0398444, -0.223575
float3(-0.205591, 0.6273, -1.55175)
591.686246458
normal
simd_float4x4([[0.14418, -0.977588, 0.153407, 0.0)], [0.810245, 0.0276299, -0.58544, 0.0)], [0.56808, 0.208706, 0.796069, 0.0)], [-0.135205, -0.0375064, -0.248149, 1.0)]])
-0.135205, -0.0375064, -0.248149
float3(-0.210252, 0.6198, -1.54254)
591.752903916
normal
simd_float4x4([[0.146806, -0.977018, 0.154544, 0.0)], [0.815221, 0.0310161, -0.578319, 0.0)], [0.560235, 0.210888, 0.801039, 0.0)], [-0.149154, -0.0353389, -0.273392, 1.0)]])
-0.149154, -0.0353389, -0.273392
float3(-0.212484, 0.610314, -1.53906)
591.819561208
normal
simd_float4x4([[0.155026, -0.975199, 0.157969, 0.0)], [0.818804, 0.0373687, -0.572856, 0.0)], [0.552746, 0.218153, 0.804289, 0.0)], [-0.159391, -0.0344936, -0.29663, 1.0)]])
-0.159391, -0.0344936, -0.29663
float3(-0.219922, 0.602116, -1.5325)
591.886218625
normal
simd_float4x4([[0.160705, -0.974569, 0.15617, 0.0)], [0.825414, 0.0459475, -0.562655, 0.0)], [0.54117, 0.219326, 0.811807, 0.0)], [-0.176385, -0.0355004, -0.322585, 1.0)]])
-0.176385, -0.0355004, -0.322585
float3(-0.221124, 0.587973, -1.52368)
591.952876
normal
simd_float4x4([[0.158299, -0.975776, 0.151008, 0.0)], [0.834315, 0.0503916, -0.548981, 0.0)], [0.528072, 0.212892, 0.822081, 0.0)], [-0.193505, -0.0402597, -0.349724, 1.0)]])
-0.193505, -0.0402597, -0.349724
float3(-0.214534, 0.570986, -1.5192)
592.019533541
normal
simd_float4x4([[0.152288, -0.976131, 0.154848, 0.0)], [0.836171, 0.0437233, -0.546724, 0.0)], [0.526903, 0.212738, 0.82287, 0.0)], [-0.211408, -0.047812, -0.373954, 1.0)]])
-0.211408, -0.047812, -0.373954
float3(-0.214377, 0.569543, -1.52603)
592.086190666
normal
simd_float4x4([[0.14155, -0.976217, 0.164209, 0.0)], [0.833768, 0.0281451, -0.551398, 0.0)], [0.533662, 0.214963, 0.817922, 0.0)], [-0.238533, -0.0547719, -0.409778, 1.0)]])
-0.238533, -0.0547719, -0.409778
float3(-0.216654, 0.578103, -1.54197)
592.152848125
normal
simd_float4x4([[0.134486, -0.977291, 0.163754, 0.0)], [0.830154, 0.0208835, -0.557143, 0.0)], [0.541071, 0.210869, 0.814111, 0.0)], [-0.270876, -0.0569656, -0.444494, 1.0)]])
-0.270876, -0.0569656, -0.444494
float3(-0.212464, 0.586582, -1.54943)
592.2195055
normal
simd_float4x4([[0.130093, -0.979535, 0.15358, 0.0)], [0.832288, 0.0237016, -0.553837, 0.0)], [0.538863, 0.199873, 0.818338, 0.0)], [-0.30559, -0.0538229, -0.469927, 1.0)]])
-0.30559, -0.0538229, -0.469927
float3(-0.201229, 0.582317, -1.5466)
592.286162958
normal
simd_float4x4([[0.120549, -0.981192, 0.150763, 0.0)], [0.838968, 0.0195136, -0.543832, 0.0)], [0.530661, 0.192044, 0.825541, 0.0)], [-0.339634, -0.0497152, -0.504815, 1.0)]])
-0.339634, -0.0497152, -0.504815
float3(-0.193244, 0.5713, -1.55091)
592.352820416
normal
simd_float4x4([[0.108881, -0.980082, 0.166085, 0.0)], [0.838667, 0.000875371, -0.544644, 0.0)], [0.53365, 0.198591, 0.822058, 0.0)], [-0.372121, -0.0440444, -0.544, 1.0)]])
-0.372121, -0.0440444, -0.544
float3(-0.199921, 0.575787, -1.5699)
592.419477666
normal
simd_float4x4([[0.0736957, -0.984888, 0.156731, 0.0)], [0.835366, -0.0248787, -0.549131, 0.0)], [0.544731, 0.171396, 0.820909, 0.0)], [-0.397928, -0.037077, -0.569177, 1.0)]])
-0.397928, -0.037077, -0.569177
float3(-0.172247, 0.585857, -1.59605)
592.486135125
normal
simd_float4x4([[0.0722852, -0.983436, 0.166217, 0.0)], [0.830244, -0.0330191, -0.556422, 0.0)], [0.552694, 0.178221, 0.814105, 0.0)], [-0.427501, -0.0326602, -0.602641, 1.0)]])
