ARKit Data
95091.652874916
normal
simd_float4x4([[0.920654, -0.00798859, 0.390297, 0.0)], [0.0231822, 0.999145, -0.0342331, 0.0)], [-0.38969, 0.0405648, 0.920052, 0.0)], [-0.0441142, -0.00152397, 0.273826, 1.0)]])
-0.0441142, -0.00152397, 0.273826
float3(-0.0405759, -0.400643, -0.00799525)
95092.05100175
notAvailable
simd_float4x4([[1.0, 0.0, 0.0, 0.0)], [0.0, 1.0, 0.0, 0.0)], [0.0, 0.0, 1.0, 0.0)], [0.0, 0.0, 0.0, 1.0)]])
0.0, 0.0, 0.0
float3(-0.0, 0.0, 0.0)
95092.16765525
limited(__ObjC.ARCamera.TrackingState.Reason.initializing)
simd_float4x4([[0.999797, -0.0200952, 0.00146562, 0.0)], [0.0201486, 0.997149, -0.0727257, 0.0)], [1.51493e-09, 0.0727405, 0.997351, 0.0)], [0.0, 0.0, 0.0, 1.0)]])
0.0, 0.0, 0.0
float3(-0.0728048, 1.51895e-09, -0.0201499)
95092.300973208
limited(__ObjC.ARCamera.TrackingState.Reason.initializing)
simd_float4x4([[0.999829, -0.0184492, 0.00117693, 0.0)], [0.0184851, 0.996884, -0.0766856, 0.0)], [0.000241523, 0.0766942, 0.997055, 0.0)], [0.0, 0.0, 0.0, 1.0)]])
0.0, 0.0, 0.0
float3(-0.0767696, 0.000242236, -0.0185048)
95092.43429125
limited(__ObjC.ARCamera.TrackingState.Reason.initializing)
simd_float4x4([[0.999904, -0.0138683, -0.000164969, 0.0)], [0.0138066, 0.996444, -0.0831234, 0.0)], [0.00131717, 0.0831132, 0.996539, 0.0)], [0.0, 0.0, 0.0, 1.0)]])
0.0, 0.0, 0.0
float3(-0.0832091, 0.00132174, -0.0139169)
95092.567609333
limited(__ObjC.ARCamera.TrackingState.Reason.initializing)
simd_float4x4([[0.999893, -0.0144387, -0.00237732, 0.0)], [0.0141821, 0.996226, -0.0856315, 0.0)], [0.00360475, 0.0855886, 0.996324, 0.0)], [0.0, 0.0, 0.0, 1.0)]])
0.0, 0.0, 0.0
float3(-0.0856935, 0.00361803, -0.0144923)
95092.700927333
limited(__ObjC.ARCamera.TrackingState.Reason.initializing)
simd_float4x4([[0.999874, -0.015308, -0.00419395, 0.0)], [0.0148892, 0.996159, -0.0862885, 0.0)], [0.00549875, 0.0862152, 0.996261, 0.0)], [0.0, 0.0, 0.0, 1.0)]])
0.0, 0.0, 0.0
float3(-0.0863224, 0.00551933, -0.0153658)
95092.834245333
limited(__ObjC.ARCamera.TrackingState.Reason.initializing)
simd_float4x4([[0.999879, -0.0149011, -0.00438649, 0.0)], [0.0144646, 0.996124, -0.0867571, 0.0)], [0.00566227, 0.0866832, 0.996219, 0.0)], [0.0, 0.0, 0.0, 1.0)]])
0.0, 0.0, 0.0
float3(-0.0867921, 0.0056837, -0.014958)
95092.967563375
limited(__ObjC.ARCamera.TrackingState.Reason.initializing)
simd_float4x4([[0.999889, -0.0147398, -0.00235288, 0.0)], [0.0144829, 0.996191, -0.0859828, 0.0)], [0.00361129, 0.0859391, 0.996294, 0.0)], [0.0, 0.0, 0.0, 1.0)]])
0.0, 0.0, 0.0
float3(-0.0860453, 0.0036247, -0.014795)
95093.100881375
limited(__ObjC.ARCamera.TrackingState.Reason.initializing)
simd_float4x4([[0.999939, -0.0107452, 0.00265359, 0.0)], [0.0109429, 0.995749, -0.0914573, 0.0)], [-0.00165958, 0.0914808, 0.995806, 0.0)], [0.0, 0.0, 0.0, 1.0)]])
0.0, 0.0, 0.0
float3(-0.0916089, -0.00166657, -0.0107907)
95093.234199333
limited(__ObjC.ARCamera.TrackingState.Reason.initializing)
simd_float4x4([[0.999931, -0.0117105, 0.00101359, 0.0)], [0.0117495, 0.993343, -0.114594, 0.0)], [0.000335117, 0.114598, 0.993412, 0.0)], [0.0, 0.0, 0.0, 1.0)]])
0.0, 0.0, 0.0
float3(-0.11485, 0.00033734, -0.0117885)
95093.367517458
limited(__ObjC.ARCamera.TrackingState.Reason.initializing)
simd_float4x4([[0.999921, -0.0103911, 0.0070206, 0.0)], [0.0113252, 0.988667, -0.149699, 0.0)], [-0.0053855, 0.149767, 0.988707, 0.0)], [0.0, 0.0, 0.0, 1.0)]])
0.0, 0.0, 0.0
float3(-0.150332, -0.00544696, -0.0105098)
95093.5008355
limited(__ObjC.ARCamera.TrackingState.Reason.initializing)
simd_float4x4([[0.99991, -0.00689996, 0.0114914, 0.0)], [0.00892553, 0.982358, -0.186791, 0.0)], [-0.00999977, 0.186877, 0.982332, 0.0)], [0.0, 0.0, 0.0, 1.0)]])
0.0, 0.0, 0.0
float3(-0.187982, -0.0101793, -0.00702376)
95093.634153541
limited(__ObjC.ARCamera.TrackingState.Reason.initializing)
simd_float4x4([[0.999897, -0.00701284, 0.0124894, 0.0)], [0.00942197, 0.978771, -0.204735, 0.0)], [-0.0107885, 0.204832, 0.978737, 0.0)], [0.0, 0.0, 0.0, 1.0)]])
0.0, 0.0, 0.0
float3(-0.206292, -0.0110224, -0.00716482)
95093.767471708
limited(__ObjC.ARCamera.TrackingState.Reason.initializing)
simd_float4x4([[0.999872, -0.00848445, 0.0135977, 0.0)], [0.0109867, 0.980528, -0.196065, 0.0)], [-0.0116694, 0.196189, 0.980495, 0.0)], [0.0, 0.0, 0.0, 1.0)]])
0.0, 0.0, 0.0
float3(-0.19747, -0.011901, -0.00865273)
95093.90078975
limited(__ObjC.ARCamera.TrackingState.Reason.initializing)
simd_float4x4([[0.999752, -0.0155014, 0.0160025, 0.0)], [0.0178938, 0.986593, -0.162208, 0.0)], [-0.0132735, 0.162454, 0.986626, 0.0)], [0.0, 0.0, 0.0, 1.0)]])
0.0, 0.0, 0.0
float3(-0.163177, -0.0134526, -0.0157108)
95094.034107541
limited(__ObjC.ARCamera.TrackingState.Reason.initializing)
simd_float4x4([[0.999162, -0.0195047, 0.0359758, 0.0)], [0.0222048, 0.996841, -0.0762473, 0.0)], [-0.034375, 0.0769822, 0.996439, 0.0)], [0.0, 0.0, 0.0, 1.0)]])
0.0, 0.0, 0.0
float3(-0.0770585, -0.0344841, -0.019564)
95094.167425708
limited(__ObjC.ARCamera.TrackingState.Reason.initializing)
simd_float4x4([[0.998428, -0.0179942, 0.0530901, 0.0)], [0.0195825, 0.999371, -0.0295498, 0.0)], [-0.0525251, 0.030543, 0.998152, 0.0)], [0.0, 0.0, 0.0, 1.0)]])
0.0, 0.0, 0.0
float3(-0.0305478, -0.0525738, -0.0180036)
95094.30074375
limited(__ObjC.ARCamera.TrackingState.Reason.initializing)
simd_float4x4([[0.998871, -0.0148465, 0.045135, 0.0)], [0.0151505, 0.999865, -0.00640159, 0.0)], [-0.0450339, 0.00707818, 0.99896, 0.0)], [0.0, 0.0, 0.0, 1.0)]])
0.0, 0.0, 0.0
float3(-0.00707824, -0.0450503, -0.0148474)
95094.434061708
limited(__ObjC.ARCamera.TrackingState.Reason.initializing)
simd_float4x4([[0.999256, -0.00948885, 0.0373938, 0.0)], [0.00912273, 0.999908, 0.00994903, 0.0)], [-0.0374848, -0.00960049, 0.99925, 0.0)], [0.0, 0.0, 0.0, 1.0)]])
0.0, 0.0, 0.0
float3(0.00960064, -0.0374953, -0.00948943)
95094.56737975
limited(__ObjC.ARCamera.TrackingState.Reason.initializing)
simd_float4x4([[0.99929, -0.0149428, 0.0345954, 0.0)], [0.0139465, 0.999485, 0.0288629, 0.0)], [-0.0350089, -0.0283599, 0.998984, 0.0)], [0.0, 0.0, 0.0, 1.0)]])
0.0, 0.0, 0.0
float3(0.0283637, -0.0350302, -0.0149494)
95094.700697916
limited(__ObjC.ARCamera.TrackingState.Reason.initializing)
simd_float4x4([[0.999399, -0.0201054, 0.0282342, 0.0)], [0.0193267, 0.999431, 0.0275901, 0.0)], [-0.0287729, -0.0270278, 0.999219, 0.0)], [0.0, 0.0, 0.0, 1.0)]])
0.0, 0.0, 0.0
float3(0.0270311, -0.0287874, -0.0201142)
95094.834015916
limited(__ObjC.ARCamera.TrackingState.Reason.initializing)
simd_float4x4([[0.999294, -0.0262125, 0.0269096, 0.0)], [0.0261073, 0.999649, 0.00425367, 0.0)], [-0.0270117, -0.00354813, 0.999628, 0.0)], [0.0, 0.0, 0.0, 1.0)]])
0.0, 0.0, 0.0
float3(0.00354814, -0.0270152, -0.0262157)
95094.967334
limited(__ObjC.ARCamera.TrackingState.Reason.initializing)
simd_float4x4([[0.999172, -0.0321998, 0.0248648, 0.0)], [0.0327456, 0.999223, -0.021862, 0.0)], [-0.0241416, 0.0226582, 0.999451, 0.0)], [0.0, 0.0, 0.0, 1.0)]])
0.0, 0.0, 0.0
float3(-0.0226601, -0.0241501, -0.0322137)
95095.100651958
limited(__ObjC.ARCamera.TrackingState.Reason.initializing)
simd_float4x4([[0.99927, -0.0314723, 0.0216366, 0.0)], [0.0323423, 0.99863, -0.0411113, 0.0)], [-0.0203131, 0.041781, 0.998919, 0.0)], [0.0, 0.0, 0.0, 1.0)]])
0.0, 0.0, 0.0
float3(-0.0417932, -0.0203323, -0.0315051)
95095.233970041
limited(__ObjC.ARCamera.TrackingState.Reason.initializing)
simd_float4x4([[0.999377, -0.02909, 0.0199982, 0.0)], [0.0299641, 0.998541, -0.0448949, 0.0)], [-0.0186631, 0.0454662, 0.998791, 0.0)], [0.0, 0.0, 0.0, 1.0)]])
0.0, 0.0, 0.0
float3(-0.0454819, -0.0186835, -0.0291243)
95095.367288125
limited(__ObjC.ARCamera.TrackingState.Reason.initializing)
simd_float4x4([[0.999397, -0.0300894, 0.0173326, 0.0)], [0.0311251, 0.99753, -0.0629604, 0.0)], [-0.0153954, 0.0634619, 0.997865, 0.0)], [0.0, 0.0, 0.0, 1.0)]])
0.0, 0.0, 0.0
float3(-0.0635046, -0.0154271, -0.0301547)
95095.500606208
limited(__ObjC.ARCamera.TrackingState.Reason.initializing)
simd_float4x4([[0.999559, -0.0249822, 0.0160608, 0.0)], [0.0264452, 0.994788, -0.0984699, 0.0)], [-0.0135171, 0.0988512, 0.99501, 0.0)], [0.0, 0.0, 0.0, 1.0)]])
0.0, 0.0, 0.0
float3(-0.0990129, -0.0135841, -0.0251078)
95095.633924166
limited(__ObjC.ARCamera.TrackingState.Reason.initializing)
simd_float4x4([[0.999163, -0.0251606, 0.0322406, 0.0)], [0.0292747, 0.990515, -0.134251, 0.0)], [-0.028557, 0.135082, 0.990422, 0.0)], [0.0, 0.0, 0.0, 1.0)]])
0.0, 0.0, 0.0
float3(-0.135497, -0.0288252, -0.025396)
95095.767242083
limited(__ObjC.ARCamera.TrackingState.Reason.initializing)
simd_float4x4([[0.999368, -0.0204826, 0.0290642, 0.0)], [0.0246682, 0.988092, -0.151866, 0.0)], [-0.0256075, 0.152487, 0.987973, 0.0)], [0.0, 0.0, 0.0, 1.0)]])
0.0, 0.0, 0.0
float3(-0.153085, -0.0259135, -0.0207265)
95095.90056025
limited(__ObjC.ARCamera.TrackingState.Reason.initializing)
simd_float4x4([[0.99969, -0.024167, 0.00602121, 0.0)], [0.0247918, 0.988701, -0.147831, 0.0)], [-0.00238055, 0.147935, 0.988993, 0.0)], [0.0, 0.0, 0.0, 1.0)]])
0.0, 0.0, 0.0
float3(-0.14848, -0.00240704, -0.0244383)
95096.033878166
normal
simd_float4x4([[0.99949, -0.0094818, -0.0304954, 0.0)], [0.00476596, 0.9885, -0.151145, 0.0)], [0.0315778, 0.150923, 0.988041, 0.0)], [-0.0026083, 0.000658679, 0.000763148, 1.0)]])
-0.0026083, 0.000658679, 0.000763148
float3(-0.151502, 0.0319491, -0.00959181)
95096.167196291
normal
simd_float4x4([[0.997305, -0.00820363, -0.0729039, 0.0)], [-0.00219515, 0.989947, -0.141424, 0.0)], [0.0733312, 0.141203, 0.987261, 0.0)], [-0.0128653, -0.00164416, -0.00104968, 1.0)]])
-0.0128653, -0.00164416, -0.00104968
float3(-0.141677, 0.0741413, -0.00828676)
95096.300514333
normal
simd_float4x4([[0.993047, -0.0114776, -0.117156, 0.0)], [-0.00413502, 0.99122, -0.132157, 0.0)], [0.117644, 0.131723, 0.984281, 0.0)], [-0.0239372, 0.00137031, -0.00125676, 1.0)]])
-0.0239372, 0.00137031, -0.00125676
float3(-0.132107, 0.118959, -0.0115787)
95096.4338325
normal
simd_float4x4([[0.988278, -0.0154689, -0.151876, 0.0)], [-0.00395121, 0.991928, -0.126741, 0.0)], [0.152611, 0.125855, 0.98024, 0.0)], [-0.0305493, 0.00369976, 0.000911597, 1.0)]])
-0.0305493, 0.00369976, 0.000911597
float3(-0.12619, 0.154447, -0.0155935)
95096.5671505
normal
simd_float4x4([[0.987242, -0.014121, -0.158598, 0.0)], [-0.00547978, 0.992456, -0.122476, 0.0)], [0.159131, 0.121782, 0.979717, 0.0)], [-0.0323861, 0.00490655, 0.00100141, 1.0)]])
-0.0323861, 0.00490655, 0.00100141
float3(-0.122085, 0.161019, -0.0142274)
95096.700468416
normal
simd_float4x4([[0.988555, -0.0041983, -0.1508, 0.0)], [-0.0136232, 0.993044, -0.116951, 0.0)], [0.150242, 0.117667, 0.981622, 0.0)], [-0.0342269, 0.0023874, -0.00199667, 1.0)]])
-0.0342269, 0.0023874, -0.00199667
float3(-0.117941, 0.151877, -0.00422768)
95096.833786458
normal
simd_float4x4([[0.990098, -0.00408346, -0.140318, 0.0)], [-0.0114029, 0.993934, -0.109385, 0.0)], [0.139914, 0.109901, 0.984046, 0.0)], [-0.0330414, 0.00437006, -0.00198301, 1.0)]])
-0.0330414, 0.00437006, -0.00198301
float3(-0.110124, 0.141235, -0.00410835)
95096.967104583
normal
simd_float4x4([[0.993357, -0.000706106, -0.115074, 0.0)], [-0.0109295, 0.994882, -0.100451, 0.0)], [0.114556, 0.101042, 0.988265, 0.0)], [-0.0310646, 0.00572364, -0.00108653, 1.0)]])
-0.0310646, 0.00572364, -0.00108653
float3(-0.101214, 0.115402, -0.000709739)
95097.10042275
normal
simd_float4x4([[0.995846, -0.000420569, -0.0910479, 0.0)], [-0.00841361, 0.995286, -0.0966221, 0.0)], [0.0906593, 0.0969868, 0.991148, 0.0)], [-0.0279361, 0.00783254, -0.000103492, 1.0)]])
-0.0279361, 0.00783254, -0.000103492
float3(-0.0971395, 0.0912152, -0.000422562)
95097.233740791
normal
simd_float4x4([[0.997835, -0.00468266, -0.0655923, 0.0)], [-0.00164953, 0.995365, -0.0961534, 0.0)], [0.0657386, 0.0960535, 0.993203, 0.0)], [-0.021981, 0.00978237, 0.000495523, 1.0)]])
-0.021981, 0.00978237, 0.000495523
float3(-0.0962018, 0.066092, -0.00470443)
95097.367058875
normal
simd_float4x4([[0.999482, -0.00293655, -0.0320537, 0.0)], [-8.73234e-05, 0.995579, -0.0939315, 0.0)], [0.0321878, 0.0938856, 0.995062, 0.0)], [-0.0161156, 0.0109986, 0.00197659, 1.0)]])
-0.0161156, 0.0109986, 0.00197659
float3(-0.0940241, 0.0323362, -0.00294959)
95097.50037675
normal
simd_float4x4([[0.999999, -0.00056849, 0.00162044, 0.0)], [0.000717199, 0.995638, -0.093301, 0.0)], [-0.00156033, 0.0933021, 0.995637, 0.0)], [-0.011312, 0.0122521, -0.00326954, 1.0)]])
-0.011312, 0.0122521, -0.00326954
float3(-0.093438, -0.00156716, -0.00057098)
95097.63369475
normal
simd_float4x4([[0.999531, -0.00236552, 0.0305286, 0.0)], [0.00509085, 0.995973, -0.0895055, 0.0)], [-0.0301939, 0.089619, 0.995518, 0.0)], [-0.00733184, 0.0139063, -0.00416976, 1.0)]])
-0.00733184, 0.0139063, -0.00416976
float3(-0.0897394, -0.0303205, -0.00237507)
95097.767012833
normal
simd_float4x4([[0.998495, -0.0010289, 0.0548354, 0.0)], [0.00596102, 0.995937, -0.0898566, 0.0)], [-0.0545202, 0.0900483, 0.994444, 0.0)], [-0.00244267, 0.0156815, -0.00458469, 1.0)]])
-0.00244267, 0.0156815, -0.00458469
float3(-0.0901704, -0.05477, -0.0010331)
95097.900330916
normal
simd_float4x4([[0.996642, 0.002334, 0.0818447, 0.0)], [0.00520085, 0.99577, -0.0917288, 0.0)], [-0.0817127, 0.0918465, 0.992415, 0.0)], [0.00861113, 0.0169738, -0.00613138, 1.0)]])
0.00861113, 0.0169738, -0.00613138
float3(-0.0919761, -0.0821519, 0.00234391)
95098.033648958
normal
simd_float4x4([[0.99426, 0.00269707, 0.106955, 0.0)], [0.00725883, 0.995678, -0.0925865, 0.0)], [-0.106742, 0.0928315, 0.989944, 0.0)], [0.0186074, 0.0183423, -0.00696495, 1.0)]])
0.0186074, 0.0183423, -0.00696495
float3(-0.0929653, -0.107412, 0.00270877)
95098.166967166
normal
simd_float4x4([[0.991655, 0.00104962, 0.128917, 0.0)], [0.011099, 0.995559, -0.0934816, 0.0)], [-0.128442, 0.0941324, 0.987239, 0.0)], [0.0294198, 0.0191893, -0.00780593, 1.0)]])
0.0294198, 0.0191893, -0.00780593
float3(-0.0942719, -0.129376, 0.0010543)
95098.300285208
normal
simd_float4x4([[0.98745, -0.00153713, 0.157922, 0.0)], [0.01646, 0.995508, -0.0932309, 0.0)], [-0.157069, 0.0946603, 0.98304, 0.0)], [0.037551, 0.0193324, -0.0100295, 1.0)]])
0.037551, 0.0193324, -0.0100295
float3(-0.0948023, -0.15844, -0.00154407)
95098.433603166
normal
simd_float4x4([[0.982719, -0.00185028, 0.185093, 0.0)], [0.0189885, 0.995682, -0.0908628, 0.0)], [-0.184125, 0.0928073, 0.978511, 0.0)], [0.0439742, 0.0199841, -0.0124254, 1.0)]])
0.0439742, 0.0199841, -0.0124254
float3(-0.092941, -0.185994, -0.0018583)
95098.566921166
normal
simd_float4x4([[0.977053, -0.000936808, 0.212995, 0.0)], [0.0204466, 0.995785, -0.0894128, 0.0)], [-0.212014, 0.0917161, 0.972953, 0.0)], [0.0505581, 0.0205934, -0.0133699, 1.0)]])
0.0505581, 0.0205934, -0.0133699
float3(-0.0918451, -0.214554, -0.000940773)
95098.700239291
normal
simd_float4x4([[0.971155, -0.00104411, 0.238445, 0.0)], [0.0234665, 0.995555, -0.0912168, 0.0)], [-0.23729, 0.0941812, 0.966863, 0.0)], [0.0647453, 0.0216436, -0.0152076, 1.0)]])
0.0647453, 0.0216436, -0.0152076
float3(-0.0943209, -0.240666, -0.00104878)
95098.83355725
normal
simd_float4x4([[0.965614, -0.00340846, 0.259957, 0.0)], [0.0283464, 0.995333, -0.0922425, 0.0)], [-0.258429, 0.0964395, 0.961204, 0.0)], [0.0747863, 0.022528, -0.0163103, 1.0)]])
0.0747863, 0.022528, -0.0163103
float3(-0.0965896, -0.262649, -0.00342443)
95098.966875291
normal
simd_float4x4([[0.959806, -0.00537937, 0.280612, 0.0)], [0.0316398, 0.995517, -0.0891364, 0.0)], [-0.278875, 0.0944322, 0.955673, 0.0)], [0.0849775, 0.0239483, -0.0156856, 1.0)]])
0.0849775, 0.0239483, -0.0156856
float3(-0.0945731, -0.283926, -0.00540354)
95099.100193416
normal
simd_float4x4([[0.956587, -0.00859936, 0.29132, 0.0)], [0.0353749, 0.9956, -0.0867693, 0.0)], [-0.289292, 0.0933077, 0.952682, 0.0)], [0.0995082, 0.0252255, -0.0127626, 1.0)]])
0.0995082, 0.0252255, -0.0127626
float3(-0.0934437, -0.294812, -0.00863715)
95099.233511375
normal
simd_float4x4([[0.955339, -0.00961994, 0.295356, 0.0)], [0.0359892, 0.995818, -0.083974, 0.0)], [-0.293313, 0.0908532, 0.95169, 0.0)], [0.100664, 0.0247887, -0.0120355, 1.0)]])
0.100664, 0.0247887, -0.0120355
float3(-0.0909787, -0.298965, -0.00966004)
95099.366829458
normal
simd_float4x4([[0.95553, -0.00893028, 0.294758, 0.0)], [0.0350665, 0.99589, -0.0835039, 0.0)], [-0.292801, 0.0901266, 0.951916, 0.0)], [0.0989541, 0.0252389, -0.0136039, 1.0)]])
0.0989541, 0.0252389, -0.0136039
float3(-0.0902491, -0.298407, -0.0089669)
95099.500147541
normal
simd_float4x4([[0.95714, -0.00772198, 0.289524, 0.0)], [0.0330135, 0.996038, -0.0825738, 0.0)], [-0.287739, 0.0885929, 0.953602, 0.0)], [0.0872847, 0.00885598, -0.0141744, 1.0)]])
0.0872847, 0.00885598, -0.0141744
float3(-0.0887092, -0.293052, -0.00775254)
95099.633465666
normal
simd_float4x4([[0.960871, -0.00606736, 0.276931, 0.0)], [0.0304643, 0.99601, -0.0838805, 0.0)], [-0.275317, 0.0890349, 0.957222, 0.0)], [0.0814222, 0.00899367, -0.0120279, 1.0)]])
0.0814222, 0.00899367, -0.0120279
float3(-0.0891529, -0.280061, -0.00609159)
95099.766783625
normal
simd_float4x4([[0.967352, -0.00825698, 0.253301, 0.0)], [0.0303149, 0.996063, -0.0833029, 0.0)], [-0.251616, 0.088262, 0.963794, 0.0)], [0.0837482, 0.00744607, -0.0077926, 1.0)]])
0.0837482, 0.00744607, -0.0077926
float3(-0.088377, -0.255368, -0.00828943)
95099.90010175
normal
simd_float4x4([[0.974635, -0.0121471, 0.223472, 0.0)], [0.0309552, 0.996245, -0.0808534, 0.0)], [-0.221651, 0.0857201, 0.971351, 0.0)], [0.0602961, 0.00472525, -0.0157518, 1.0)]])
0.0602961, 0.00472525, -0.0157518
float3(-0.0858255, -0.224347, -0.0121923)
95100.033419916
normal
simd_float4x4([[0.981807, -0.0137037, 0.189384, 0.0)], [0.0294841, 0.996297, -0.0807604, 0.0)], [-0.187576, 0.084875, 0.978576, 0.0)], [0.0606929, 0.00477503, -0.0162377, 1.0)]])
0.0606929, 0.00477503, -0.0162377
float3(-0.0849772, -0.189385, -0.0137538)
95100.166737791
normal
simd_float4x4([[0.988437, -0.0128846, 0.151083, 0.0)], [0.0254086, 0.996369, -0.08126, 0.0)], [-0.149487, 0.0841592, 0.985175, 0.0)], [0.0528421, 0.00550125, -0.0154811, 1.0)]])
0.0528421, 0.00550125, -0.0154811
float3(-0.0842589, -0.150588, -0.0129308)
95100.300055833
normal
simd_float4x4([[0.994373, -0.0138382, 0.105029, 0.0)], [0.0222229, 0.99662, -0.0790866, 0.0)], [-0.10358, 0.0809756, 0.991319, 0.0)], [0.0633143, 0.000415869, -0.000959858, 1.0)]])
0.0633143, 0.000415869, -0.000959858
float3(-0.0810644, -0.104109, -0.0138842)
95100.433373916
normal
simd_float4x4([[0.997931, -0.0160718, 0.0622487, 0.0)], [0.0212623, 0.996269, -0.0836406, 0.0)], [-0.0606722, 0.0847911, 0.99455, 0.0)], [0.0458255, 0.00151013, -0.00640446, 1.0)]])
0.0458255, 0.00151013, -0.00640446
float3(-0.084893, -0.0609291, -0.0161306)
95100.566692
normal
simd_float4x4([[0.999718, -0.0190558, 0.0141466, 0.0)], [0.0201983, 0.996127, -0.0855757, 0.0)], [-0.0124611, 0.0858373, 0.996231, 0.0)], [0.0472285, 0.00181571, -0.0162444, 1.0)]])
0.0472285, 0.00181571, -0.0162444
float3(-0.0859431, -0.0125076, -0.0191276)
95100.700010208
normal
simd_float4x4([[0.999107, -0.019736, -0.0373593, 0.0)], [0.0165454, 0.99634, -0.0838667, 0.0)], [0.0388777, 0.0831737, 0.995776, 0.0)], [0.0511525, 0.0176517, -0.0187651, 1.0)]])
0.0511525, 0.0176517, -0.0187651
float3(-0.0832699, 0.0390228, -0.019806)
95100.833328208
normal
simd_float4x4([[0.996135, -0.0205727, -0.0853959, 0.0)], [0.013529, 0.996519, -0.0822566, 0.0)], [0.0867909, 0.0807833, 0.992946, 0.0)], [0.0407452, 0.0189927, -0.0164462, 1.0)]])
0.0407452, 0.0189927, -0.0164462
float3(-0.0808714, 0.0871859, -0.0206416)
95100.96664625
normal
simd_float4x4([[0.990747, -0.020663, -0.134137, 0.0)], [0.0096807, 0.996584, -0.0820153, 0.0)], [0.135373, 0.0799579, 0.987563, 0.0)], [0.0285286, 0.0197915, -0.0133298, 1.0)]])
0.0285286, 0.0197915, -0.0133298
float3(-0.0800433, 0.136229, -0.0207308)
95101.09996425
normal
simd_float4x4([[0.983633, -0.018563, -0.179222, 0.0)], [0.0047294, 0.996996, -0.0773076, 0.0)], [0.180119, 0.0751947, 0.980766, 0.0)], [0.0143008, 0.0202045, -0.0105151, 1.0)]])
0.0143008, 0.0202045, -0.0105151
float3(-0.0752658, 0.181627, -0.0186168)
95101.23328225
normal
simd_float4x4([[0.974053, -0.0186834, -0.225546, 0.0)], [0.00214755, 0.997305, -0.0733388, 0.0)], [0.226308, 0.0709515, 0.971468, 0.0)], [0.000670865, 0.0207187, -0.00520245, 1.0)]])
0.000670865, 0.0207187, -0.00520245
float3(-0.0710112, 0.228873, -0.0187317)
95101.366600375
normal
simd_float4x4([[0.9638, -0.0184265, -0.265989, 0.0)], [-0.000920665, 0.997373, -0.0724296, 0.0)], [0.266624, 0.0700525, 0.961251, 0.0)], [-0.0142725, 0.0203461, -9.3054e-05, 1.0)]])
-0.0142725, 0.0203461, -9.3054e-05
float3(-0.0701099, 0.27057, -0.0184729)
95101.499918458
normal
simd_float4x4([[0.952593, -0.0171203, -0.303765, 0.0)], [-0.00352163, 0.997728, -0.0672759, 0.0)], [0.304227, 0.0651563, 0.950369, 0.0)], [-0.0371573, 0.0189291, 0.00786553, 1.0)]])
-0.0371573, 0.0189291, 0.00786553
float3(-0.0652025, 0.309807, -0.0171576)
95101.633236541
normal
simd_float4x4([[0.940335, -0.0164835, -0.339851, 0.0)], [-0.00526185, 0.998002, -0.0629642, 0.0)], [0.340209, 0.0609957, 0.938369, 0.0)], [-0.0532802, 0.0187685, 0.0158641, 1.0)]])
-0.0532802, 0.0187685, 0.0158641
float3(-0.0610336, 0.347815, -0.016515)
95101.766554625
normal
simd_float4x4([[0.926714, -0.0170455, -0.375381, 0.0)], [-0.00554828, 0.998241, -0.0590258, 0.0)], [0.375727, 0.0567827, 0.924989, 0.0)], [-0.0653283, 0.0174158, 0.0234025, 1.0)]])
-0.0653283, 0.0174158, 0.0234025
float3(-0.0568133, 0.385837, -0.0170739)
95101.899872583
normal
simd_float4x4([[0.911926, -0.016121, -0.410037, 0.0)], [-0.00738971, 0.998421, -0.0556885, 0.0)], [0.410288, 0.0538139, 0.910367, 0.0)], [-0.0792012, 0.0160315, 0.0333733, 1.0)]])
-0.0792012, 0.0160315, 0.0333733
float3(-0.0538399, 0.423423, -0.0161451)
95102.033190708
normal
simd_float4x4([[0.898053, -0.0133455, -0.439684, 0.0)], [-0.00979895, 0.998685, -0.0503269, 0.0)], [0.439777, 0.0495047, 0.896741, 0.0)], [-0.0902479, 0.0156848, 0.0385867, 1.0)]])
-0.0902479, 0.0156848, 0.0385867
float3(-0.0495249, 0.455952, -0.0133623)
95102.166508791
normal
simd_float4x4([[0.885046, -0.00998988, -0.465396, 0.0)], [-0.0137325, 0.998774, -0.0475543, 0.0)], [0.4653, 0.0484788, 0.883824, 0.0)], [-0.0982199, 0.0153127, 0.0428639, 1.0)]])
-0.0982199, 0.0153127, 0.0428639
float3(-0.0484978, 0.484593, -0.0100018)
95102.299826875
normal
simd_float4x4([[0.871898, -0.00833002, -0.489617, 0.0)], [-0.0170522, 0.998733, -0.0473579, 0.0)], [0.489391, 0.0496403, 0.870651, 0.0)], [-0.112392, 0.0145406, 0.0500713, 1.0)]])
-0.112392, 0.0145406, 0.0500713
float3(-0.0496607, 0.512084, -0.0083404)
95102.433145
normal
simd_float4x4([[0.864778, -0.00914392, -0.502072, 0.0)], [-0.0165309, 0.998774, -0.0466631, 0.0)], [0.501883, 0.0486529, 0.863566, 0.0)], [-0.119698, 0.0139651, 0.0561193, 1.0)]])
-0.119698, 0.0139651, 0.0561193
float3(-0.0486721, 0.526462, -0.00915489)
95102.566463125
normal
simd_float4x4([[0.864947, -0.0095751, -0.501773, 0.0)], [-0.0163757, 0.998747, -0.0472867, 0.0)], [0.501597, 0.0491174, 0.863706, 0.0)], [-0.116491, 0.014419, 0.0539181, 1.0)]])
-0.116491, 0.014419, 0.0539181
float3(-0.0491371, 0.526144, -0.00958682)
95102.699781083
normal
simd_float4x4([[0.861277, -0.00996024, -0.508039, 0.0)], [-0.0171366, 0.99867, -0.0486308, 0.0)], [0.507847, 0.0505906, 0.85996, 0.0)], [-0.0664159, -0.00106348, -0.0255215, 1.0)]])
-0.0664159, -0.00106348, -0.0255215
float3(-0.0506122, 0.53344, -0.00997317)
95102.833099
normal
simd_float4x4([[0.855673, -0.00976569, -0.517425, 0.0)], [-0.0168514, 0.998766, -0.0467178, 0.0)], [0.517242, 0.0486945, 0.854452, 0.0)], [0.0440951, 0.00151963, 0.00558166, 1.0)]])
0.0440951, 0.00151963, 0.00558166
float3(-0.0487137, 0.544344, -0.00977744)
95102.966417208
normal
simd_float4x4([[0.868401, -0.0128761, -0.495696, 0.0)], [-0.0131239, 0.998716, -0.0489339, 0.0)], [0.495689, 0.0489997, 0.867117, 0.0)], [0.0556312, 0.00719254, 0.0157301, 1.0)]])
0.0556312, 0.00719254, 0.0157301
float3(-0.0490193, 0.519315, -0.0128919)
95103.09973525
normal
simd_float4x4([[0.895241, -0.0154365, -0.445315, 0.0)], [-0.00903889, 0.998565, -0.0527858, 0.0)], [0.445491, 0.0512812, 0.893817, 0.0)], [-0.0336723, 0.0154616, -0.0150863, 1.0)]])
-0.0336723, 0.0154616, -0.0150863
float3(-0.0513037, 0.462378, -0.0154574)
95103.233053291
normal
simd_float4x4([[0.896045, -0.0185262, -0.443576, 0.0)], [-0.00635854, 0.998491, -0.0545471, 0.0)], [0.443917, 0.0516972, 0.894575, 0.0)], [0.0656313, 0.0136365, 0.0143823, 1.0)]])
0.0656313, 0.0136365, 0.0143823
float3(-0.0517203, 0.460629, -0.0185521)
95103.366371458
normal
simd_float4x4([[0.904712, -0.0239885, -0.425348, 0.0)], [0.000291158, 0.998448, -0.0556906, 0.0)], [0.426024, 0.0502601, 0.903315, 0.0)], [0.0894083, 0.0153069, -0.0184036, 1.0)]])
0.0894083, 0.0153069, -0.0184036
float3(-0.0502813, 0.44069, -0.0240212)
95103.4996895
normal
simd_float4x4([[0.915428, -0.0235588, -0.401793, 0.0)], [0.000285345, 0.998323, -0.0578859, 0.0)], [0.402483, 0.0528757, 0.913899, 0.0)], [0.104232, 0.0150308, -0.0331724, 1.0)]])
0.104232, 0.0150308, -0.0331724
float3(-0.0529003, 0.414843, -0.023594)
95103.633007666
normal
simd_float4x4([[0.938934, -0.0223541, -0.343369, 0.0)], [0.00127931, 0.998107, -0.0614808, 0.0)], [0.344094, 0.0572871, 0.937186, 0.0)], [-0.0400259, 0.0398516, 0.0228617, 1.0)]])
-0.0400259, 0.0398516, 0.0228617
float3(-0.0573185, 0.351876, -0.0223927)
95103.7663255
normal
simd_float4x4([[0.946312, -0.0178747, -0.32276, 0.0)], [-0.00277644, 0.997984, -0.0634095, 0.0)], [0.323242, 0.0609013, 0.944354, 0.0)], [-0.0553776, 0.0366435, 0.0250915, 1.0)]])
-0.0553776, 0.0366435, 0.0250915
float3(-0.060939, 0.329789, -0.0179089)
95103.899643666
normal
simd_float4x4([[0.953985, -0.0126361, -0.299589, 0.0)], [-0.00679194, 0.997945, -0.063719, 0.0)], [0.299778, 0.0628217, 0.951938, 0.0)], [-0.0637431, 0.033727, 0.0241519, 1.0)]])
-0.0637431, 0.033727, 0.0241519
float3(-0.0628631, 0.305082, -0.0126614)
95104.032961875
normal
simd_float4x4([[0.960255, -0.0093127, -0.278969, 0.0)], [-0.00912268, 0.997862, -0.0647128, 0.0)], [0.278976, 0.0646857, 0.958117, 0.0)], [-0.06692, 0.0326129, 0.0224938, 1.0)]])
-0.06692, 0.0326129, 0.0224938
float3(-0.0647309, 0.283337, -0.00933238)
95104.166279916
normal
simd_float4x4([[0.96758, -0.00434938, -0.252528, 0.0)], [-0.0115933, 0.998033, -0.0616101, 0.0)], [0.2523, 0.0625403, 0.965626, 0.0)], [-0.0671819, 0.032702, 0.0192446, 1.0)]])
-0.0671819, 0.032702, 0.0192446
float3(-0.0625811, 0.255567, -0.00435792)
95104.299598
normal
simd_float4x4([[0.974531, -0.00117094, -0.224249, 0.0)], [-0.0134585, 0.997878, -0.0636978, 0.0)], [0.223847, 0.0650936, 0.972448, 0.0)], [-0.0647881, 0.0318296, 0.0167012, 1.0)]])
-0.0647881, 0.0318296, 0.0167012
float3(-0.0651396, 0.226248, -0.00117343)
95104.432916041
normal
simd_float4x4([[0.980849, 0.000719777, -0.194766, 0.0)], [-0.0134605, 0.997853, -0.0640997, 0.0)], [0.194302, 0.0654938, 0.978753, 0.0)], [-0.0637985, 0.031369, 0.0147143, 1.0)]])
-0.0637985, 0.031369, 0.0147143
float3(-0.0655407, 0.195972, 0.000721326)
95104.566234041
normal
simd_float4x4([[0.985508, 0.00153795, -0.16962, 0.0)], [-0.0130733, 0.997673, -0.0669113, 0.0)], [0.169122, 0.0681592, 0.983235, 0.0)], [-0.0618409, 0.0311927, 0.010508, 1.0)]])
-0.0618409, 0.0311927, 0.010508
float3(-0.0682121, 0.170339, 0.00154153)
95104.699552041
normal
simd_float4x4([[0.989331, 0.000693108, -0.145681, 0.0)], [-0.0118183, 0.997075, -0.0755151, 0.0)], [0.145203, 0.0764311, 0.986445, 0.0)], [-0.0594391, 0.0290978, 0.00454951, 1.0)]])
-0.0594391, 0.0290978, 0.00454951
float3(-0.0765057, 0.146149, 0.000695141)
95104.832870291
normal
simd_float4x4([[0.992755, 0.00256853, -0.120124, 0.0)], [-0.0129245, 0.996253, -0.085511, 0.0)], [0.119454, 0.0864441, 0.989069, 0.0)], [-0.0620751, 0.0273696, -0.00505481, 1.0)]])
-0.0620751, 0.0273696, -0.00505481
float3(-0.0865521, 0.120192, 0.00257819)
95104.966188291
normal
simd_float4x4([[0.99547, -0.0123374, -0.0942666, 0.0)], [0.00341008, 0.99554, -0.0942829, 0.0)], [0.0950093, 0.0935344, 0.991072, 0.0)], [-0.0661735, 0.0279874, -0.0150831, 1.0)]])
-0.0661735, 0.0279874, -0.0150831
float3(-0.0936714, 0.0955731, -0.012392)
95105.099506375
normal
simd_float4x4([[0.998539, -0.0239129, -0.0484534, 0.0)], [0.0188469, 0.994561, -0.102437, 0.0)], [0.0506394, 0.101374, 0.993559, 0.0)], [-0.0709524, 0.0279418, -0.0220819, 1.0)]])
-0.0709524, 0.0279418, -0.0220819
float3(-0.101549, 0.0509236, -0.024039)
95105.232824625
normal
simd_float4x4([[0.999167, -0.0380661, -0.0147103, 0.0)], [0.0365329, 0.994969, -0.0932794, 0.0)], [0.0181871, 0.0926643, 0.995531, 0.0)], [-0.0768095, 0.0246441, -0.0321344, 1.0)]])
-0.0768095, 0.0246441, -0.0321344
float3(-0.0927974, 0.0182667, -0.03824)
95105.366142666
normal
simd_float4x4([[0.998613, -0.0306264, 0.0428334, 0.0)], [0.0347885, 0.994372, -0.100067, 0.0)], [-0.0395277, 0.101418, 0.994058, 0.0)], [-0.0766398, 0.018013, -0.0548534, 1.0)]])
-0.0766398, 0.018013, -0.0548534
float3(-0.101593, -0.039743, -0.03079)
95105.499460625
normal
simd_float4x4([[0.999184, -0.016674, 0.0367992, 0.0)], [0.0202848, 0.994777, -0.10004, 0.0)], [-0.0349389, 0.100705, 0.994303, 0.0)], [-0.0716679, 0.0128897, -0.0753292, 1.0)]])
-0.0716679, 0.0128897, -0.0753292
float3(-0.100876, -0.0351247, -0.0167599)
95105.632778708
normal
simd_float4x4([[0.999619, 0.00540163, 0.0270489, 0.0)], [-0.00293659, 0.995905, -0.0903564, 0.0)], [-0.0274262, 0.0902426, 0.995542, 0.0)], [-0.0641221, 0.00942797, -0.0847457, 1.0)]])
-0.0641221, 0.00942797, -0.0847457
float3(-0.0903655, -0.027542, 0.00542379)
95105.766096875
normal
simd_float4x4([[0.998945, -0.00641016, 0.0454691, 0.0)], [0.0112715, 0.994143, -0.10748, 0.0)], [-0.0445138, 0.107879, 0.993167, 0.0)], [-0.0663851, 0.0154323, -0.1002, 1.0)]])
-0.0663851, 0.0154323, -0.1002
float3(-0.10809, -0.0447901, -0.00644783)
95105.899414875
normal
simd_float4x4([[0.997569, -0.00161624, 0.069663, 0.0)], [0.00944432, 0.993642, -0.112189, 0.0)], [-0.0690388, 0.112574, 0.991242, 0.0)], [-0.0777035, 0.0201573, -0.112529, 1.0)]])
-0.0777035, 0.0201573, -0.112529
float3(-0.112813, -0.0695365, -0.00162658)
95106.032732958
normal
simd_float4x4([[0.994991, -0.00599334, 0.099782, 0.0)], [0.016344, 0.994522, -0.103241, 0.0)], [-0.0986166, 0.104355, 0.989639, 0.0)], [-0.103927, 0.0175237, -0.13141, 1.0)]])
-0.103927, 0.0175237, -0.13141
float3(-0.104545, -0.0993212, -0.00602628)
95106.166051125
normal
simd_float4x4([[0.988955, 0.00554256, 0.14811, 0.0)], [0.0107443, 0.993991, -0.108939, 0.0)], [-0.147823, 0.109327, 0.982953, 0.0)], [-0.140923, 0.0135299, -0.160712, 1.0)]])
-0.140923, 0.0135299, -0.160712
float3(-0.109546, -0.149268, 0.00557601)
95106.299369041
normal
simd_float4x4([[0.977412, -0.00633909, 0.211249, 0.0)], [0.0246137, 0.996162, -0.0839905, 0.0)], [-0.209906, 0.087293, 0.973817, 0.0)], [-0.18765, 0.0106799, -0.197657, 1.0)]])
-0.18765, 0.0106799, -0.197657
float3(-0.0874042, -0.212302, -0.00636343)
95106.432687083
normal
simd_float4x4([[0.966118, -0.0327063, 0.256018, 0.0)], [0.0547068, 0.99535, -0.0792876, 0.0)], [-0.252235, 0.0906071, 0.963415, 0.0)], [-0.252648, 0.0133236, -0.228561, 1.0)]])
-0.252648, 0.0133236, -0.228561
float3(-0.0907316, -0.256066, -0.0328473)
95106.566005375
normal
simd_float4x4([[0.952993, -0.036957, 0.30073, 0.0)], [0.0644015, 0.994561, -0.0818614, 0.0)], [-0.296069, 0.0973808, 0.950189, 0.0)], [-0.298943, -0.000501662, -0.247578, 1.0)]])
-0.298943, -0.000501662, -0.247578
float3(-0.0975354, -0.302055, -0.037142)
95106.699323333
normal
simd_float4x4([[0.940617, -0.0329527, 0.337868, 0.0)], [0.069157, 0.993007, -0.0956826, 0.0)], [-0.332352, 0.113367, 0.936317, 0.0)], [-0.3636, 0.00308267, -0.254359, 1.0)]])
-0.3636, 0.00308267, -0.254359
float3(-0.113611, -0.341083, -0.0331726)
95106.8326415
normal
simd_float4x4([[0.936777, -0.00551352, 0.349885, 0.0)], [0.0444109, 0.993664, -0.103247, 0.0)], [-0.347098, 0.112258, 0.931086, 0.0)], [-0.347229, 0.00557108, -0.265162, 1.0)]])
-0.347229, 0.00557108, -0.265162
float3(-0.112495, -0.356831, -0.00554862)
95106.965959583
normal
simd_float4x4([[0.929952, 0.00759397, 0.367603, 0.0)], [0.0312099, 0.994548, -0.0994994, 0.0)], [-0.366355, 0.104002, 0.924645, 0.0)], [-0.401168, 0.0081555, -0.247987, 1.0)]])
-0.401168, 0.0081555, -0.247987
float3(-0.104191, -0.377236, 0.00763545)
95107.099277625
normal
simd_float4x4([[0.925657, 0.00594592, 0.378316, 0.0)], [0.0354797, 0.994107, -0.102435, 0.0)], [-0.376695, 0.108243, 0.919991, 0.0)], [-0.386199, 0.0111532, -0.234022, 1.0)]])
-0.386199, 0.0111532, -0.234022
float3(-0.108455, -0.388631, 0.00598109)
95107.232595541
normal
simd_float4x4([[0.928753, -0.00670421, 0.370639, 0.0)], [0.0529083, 0.991998, -0.114635, 0.0)], [-0.366905, 0.126077, 0.921675, 0.0)], [-0.383356, 0.012859, -0.226034, 1.0)]])
-0.383356, 0.012859, -0.226034
float3(-0.126414, -0.378854, -0.00675819)
95107.36591375
normal
simd_float4x4([[0.929045, -0.0074129, 0.369892, 0.0)], [0.0531487, 0.992103, -0.11361, 0.0)], [-0.366128, 0.125208, 0.922102, 0.0)], [-0.380027, 0.0102484, -0.216439, 1.0)]])
-0.380027, 0.0102484, -0.216439
float3(-0.125537, -0.377968, -0.00747176)
95107.499231833
normal
simd_float4x4([[0.922399, -0.00967449, 0.386118, 0.0)], [0.0601449, 0.991089, -0.118848, 0.0)], [-0.381528, 0.132848, 0.914761, 0.0)], [-0.379835, 0.00937174, -0.21739, 1.0)]])
-0.379835, 0.00937174, -0.21739
float3(-0.133242, -0.395143, -0.00976117)
95107.632549875
normal
simd_float4x4([[0.928222, -0.00958261, 0.371902, 0.0)], [0.056697, 0.991635, -0.115958, 0.0)], [-0.36768, 0.12872, 0.921001, 0.0)], [-0.282745, 0.0114309, -0.293761, 1.0)]])
-0.282745, 0.0114309, -0.293761
float3(-0.129079, -0.379832, -0.00966314)
95107.765868
normal
simd_float4x4([[0.926246, -0.0301453, 0.375711, 0.0)], [0.0708365, 0.992957, -0.094964, 0.0)], [-0.370203, 0.114574, 0.921858, 0.0)], [-0.260199, 0.0293587, -0.286797, 1.0)]])
-0.260199, 0.0293587, -0.286797
float3(-0.114826, -0.38187, -0.0303498)
95107.899186166
normal
simd_float4x4([[0.908599, -0.0484473, 0.41485, 0.0)], [0.0919606, 0.992081, -0.0855531, 0.0)], [-0.40742, 0.115883, 0.905859, 0.0)], [-0.281159, 0.0315961, -0.299082, 1.0)]])
-0.281159, 0.0315961, -0.299082
float3(-0.116144, -0.422655, -0.0487953)
95108.03250425
normal
simd_float4x4([[0.890662, -0.0386002, 0.453024, 0.0)], [0.0874138, 0.992339, -0.0873061, 0.0)], [-0.446183, 0.117361, 0.887213, 0.0)], [-0.3004, 0.0301153, -0.311285, 1.0)]])
-0.3004, 0.0301153, -0.311285
float3(-0.117632, -0.465968, -0.0388786)
95108.165822291
normal
simd_float4x4([[0.880364, -0.0331298, 0.47314, 0.0)], [0.0837431, 0.992743, -0.0863063, 0.0)], [-0.466848, 0.115603, 0.876749, 0.0)], [-0.316428, 0.0296133, -0.318302, 1.0)]])
-0.316428, 0.0296133, -0.318302
float3(-0.115862, -0.489289, -0.0333596)
95108.299140458
normal
simd_float4x4([[0.868927, -0.0253635, 0.49429, 0.0)], [0.0784023, 0.99313, -0.0868652, 0.0)], [-0.488692, 0.114233, 0.864946, 0.0)], [-0.312988, 0.0246086, -0.306618, 1.0)]])
-0.312988, 0.0246086, -0.306618
float3(-0.114483, -0.514284, -0.0255334)
95108.432458541
normal
simd_float4x4([[0.857782, -0.0203117, 0.513611, 0.0)], [0.0748448, 0.993505, -0.0857084, 0.0)], [-0.508535, 0.11196, 0.853732, 0.0)], [-0.311938, 0.0232922, -0.30508, 1.0)]])
-0.311938, 0.0232922, -0.30508
float3(-0.112196, -0.537223, -0.0204416)
95108.565776541
normal
simd_float4x4([[0.846671, -0.0126669, 0.531966, 0.0)], [0.0688549, 0.99392, -0.0859221, 0.0)], [-0.527643, 0.109376, 0.842395, 0.0)], [-0.308948, 0.0228887, -0.303641, 1.0)]])
-0.308948, 0.0228887, -0.303641
float3(-0.109595, -0.559577, -0.0127437)
95108.69909475
normal
simd_float4x4([[0.844807, -0.0114061, 0.53495, 0.0)], [0.0664949, 0.994261, -0.083811, 0.0)], [-0.530924, 0.106376, 0.840717, 0.0)], [-0.305739, 0.0239624, -0.299915, 1.0)]])
-0.305739, 0.0239624, -0.299915
float3(-0.106577, -0.563269, -0.0114715)
95108.83241275
normal
simd_float4x4([[0.845472, -0.0139445, 0.533837, 0.0)], [0.0707472, 0.993772, -0.0860882, 0.0)], [-0.529312, 0.110553, 0.841194, 0.0)], [-0.304196, 0.0246352, -0.301915, 1.0)]])
-0.304196, 0.0246352, -0.301915
float3(-0.110779, -0.561642, -0.014031)
95108.965730708
normal
simd_float4x4([[0.848287, -0.0162779, 0.529287, 0.0)], [0.0722375, 0.993741, -0.0852131, 0.0)], [-0.524587, 0.11052, 0.844153, 0.0)], [-0.30487, 0.0247958, -0.303441, 1.0)]])
-0.30487, 0.0247958, -0.303441
float3(-0.110746, -0.556032, -0.0163789)
95109.099048958
normal
simd_float4x4([[0.857019, -0.0189342, 0.514937, 0.0)], [0.0718658, 0.99395, -0.0830599, 0.0)], [-0.510249, 0.10819, 0.853194, 0.0)], [-0.308042, 0.0250187, -0.30377, 1.0)]])
-0.308042, 0.0250187, -0.30377
float3(-0.108402, -0.538981, -0.0190472)
95109.232367041
normal
simd_float4x4([[0.870419, -0.0212959, 0.491851, 0.0)], [0.0713831, 0.993965, -0.083289, 0.0)], [-0.487109, 0.107606, 0.866686, 0.0)], [-0.314127, 0.0258107, -0.306586, 1.0)]])
-0.314127, 0.0258107, -0.306586
float3(-0.107815, -0.512037, -0.0214219)
95109.365685166
normal
simd_float4x4([[0.885567, -0.0215219, 0.464012, 0.0)], [0.0683086, 0.9941, -0.0842583, 0.0)], [-0.459461, 0.106312, 0.881812, 0.0)], [-0.323224, 0.0271986, -0.308908, 1.0)]])
-0.323224, 0.0271986, -0.308908
float3(-0.106514, -0.480339, -0.0216463)
95109.499003291
normal
simd_float4x4([[0.900948, -0.0211108, 0.433413, 0.0)], [0.0627762, 0.994649, -0.0820471, 0.0)], [-0.429361, 0.101128, 0.897453, 0.0)], [-0.332645, 0.0276234, -0.312408, 1.0)]])
-0.332645, 0.0276234, -0.312408
float3(-0.101301, -0.446237, -0.0212212)
95109.632321291
normal
simd_float4x4([[0.917334, -0.0211846, 0.397554, 0.0)], [0.0580262, 0.995034, -0.0808696, 0.0)], [-0.393866, 0.097253, 0.914008, 0.0)], [-0.343357, 0.028299, -0.31343, 1.0)]])
-0.343357, 0.028299, -0.31343
float3(-0.0974069, -0.406876, -0.0212871)
95109.765639458
normal
simd_float4x4([[0.931979, -0.0191473, 0.362007, 0.0)], [0.0511287, 0.995565, -0.078972, 0.0)], [-0.35889, 0.0921091, 0.928824, 0.0)], [-0.354153, 0.0284491, -0.314057, 1.0)]])
-0.354153, 0.0284491, -0.314057
float3(-0.0922399, -0.36872, -0.0192303)
95109.898957416
normal
simd_float4x4([[0.944319, -0.0171943, 0.32858, 0.0)], [0.0453165, 0.995913, -0.0781216, 0.0)], [-0.325894, 0.0886619, 0.94124, 0.0)], [-0.365332, 0.0286771, -0.313907, 1.0)]])
-0.365332, 0.0286771, -0.313907
float3(-0.0887784, -0.333321, -0.0172631)
95110.032275541
normal
simd_float4x4([[0.957742, -0.0192924, 0.286981, 0.0)], [0.0424582, 0.9963, -0.0747192, 0.0)], [-0.284478, 0.0837465, 0.955018, 0.0)], [-0.375698, 0.0301082, -0.312956, 1.0)]])
-0.375698, 0.0301082, -0.312956
float3(-0.0838447, -0.289508, -0.0193617)
95110.165593625
normal
simd_float4x4([[0.97054, -0.0190377, 0.240187, 0.0)], [0.037955, 0.996507, -0.0743818, 0.0)], [-0.237932, 0.0813068, 0.967873, 0.0)], [-0.387825, 0.0299261, -0.310216, 1.0)]])
-0.387825, 0.0299261, -0.310216
float3(-0.0813967, -0.24105, -0.0191021)
95110.298911791
normal
simd_float4x4([[0.981528, -0.0207644, 0.190187, 0.0)], [0.0351834, 0.996729, -0.072755, 0.0)], [-0.188054, 0.0781025, 0.979048, 0.0)], [-0.399725, 0.0312489, -0.308073, 1.0)]])
-0.399725, 0.0312489, -0.308073
float3(-0.0781821, -0.189767, -0.0208295)
95110.432229833
normal
simd_float4x4([[0.989972, -0.0195621, 0.139906, 0.0)], [0.0300071, 0.996885, -0.0729418, 0.0)], [-0.138043, 0.0764084, 0.987474, 0.0)], [-0.413654, 0.0316342, -0.305541, 1.0)]])
-0.413654, 0.0316342, -0.305541
float3(-0.076483, -0.138894, -0.0196207)
95110.565547958
normal
simd_float4x4([[0.995458, -0.0197601, 0.093128, 0.0)], [0.0264721, 0.997096, -0.0713982, 0.0)], [-0.0914467, 0.0735392, 0.993091, 0.0)], [-0.428187, 0.0320494, -0.303264, 1.0)]])
-0.428187, 0.0320494, -0.303264
float3(-0.0736056, -0.091824, -0.019815)
95110.698865958
normal
simd_float4x4([[0.999318, -0.0228165, 0.0290239, 0.0)], [0.0248058, 0.997229, -0.0701355, 0.0)], [-0.0273432, 0.0708076, 0.997115, 0.0)], [-0.416121, 0.0231102, -0.333532, 1.0)]])
-0.416121, 0.0231102, -0.333532
float3(-0.0708669, -0.0274155, -0.0228759)
95110.832184208
normal
simd_float4x4([[0.999631, -0.0251229, -0.0103515, 0.0)], [0.0243605, 0.997377, -0.0681594, 0.0)], [0.0120367, 0.067882, 0.997621, 0.0)], [-0.432396, 0.0232618, -0.331065, 1.0)]])
-0.432396, 0.0232618, -0.331065
float3(-0.0679343, 0.0120648, -0.0251836)
95110.965502125
normal
