ARKit Data
513947.454321083
normal
simd_float4x4([[0.0432362, -0.937808, 0.344451, 0.0)], [0.765268, -0.190553, -0.614861, 0.0)], [0.642258, 0.290182, 0.709436, 0.0)], [0.212994, -0.0921295, 0.163077, 1.0)]])
0.212994, -0.0921295, 0.163077
float3(-0.294417, 0.73574, -1.77126)
513947.809790166
notAvailable
simd_float4x4([[1.0, 0.0, 0.0, 0.0)], [0.0, 1.0, 0.0, 0.0)], [0.0, 0.0, 1.0, 0.0)], [0.0, 0.0, 0.0, 1.0)]])
0.0, 0.0, 0.0
float3(-0.0, 0.0, 0.0)
513947.926443833
limited(__ObjC.ARCamera.TrackingState.Reason.initializing)
simd_float4x4([[-0.200711, -0.931986, 0.301855, 0.0)], [0.97965, -0.190945, 0.0618441, 0.0)], [1.51058e-10, 0.308125, 0.951346, 0.0)], [0.0, 0.0, 0.0, 1.0)]])
0.0, 0.0, 0.0
float3(-0.313222, 1.58783e-10, -1.77288)
513948.059762291
limited(__ObjC.ARCamera.TrackingState.Reason.initializing)
simd_float4x4([[-0.19719, -0.933045, 0.300902, 0.0)], [0.980364, -0.188258, 0.0587049, 0.0)], [0.00187287, 0.30657, 0.951846, 0.0)], [0.0, 0.0, 0.0, 1.0)]])
0.0, 0.0, 0.0
float3(-0.311587, 0.00196761, -1.76989)
513948.193080541
limited(__ObjC.ARCamera.TrackingState.Reason.initializing)
simd_float4x4([[-0.188089, -0.93585, 0.298005, 0.0)], [0.982151, -0.179715, 0.0555208, 0.0)], [0.00159661, 0.303128, 0.952948, 0.0)], [0.0, 0.0, 0.0, 1.0)]])
0.0, 0.0, 0.0
float3(-0.307974, 0.00167544, -1.76052)
513948.326398916
limited(__ObjC.ARCamera.TrackingState.Reason.initializing)
simd_float4x4([[-0.184008, -0.935155, 0.302698, 0.0)], [0.982924, -0.175429, 0.0555446, 0.0)], [0.00115895, 0.307749, 0.951467, 0.0)], [0.0, 0.0, 0.0, 1.0)]])
0.0, 0.0, 0.0
float3(-0.312827, 0.00121807, -1.75623)
513948.459717458
limited(__ObjC.ARCamera.TrackingState.Reason.initializing)
simd_float4x4([[-0.181092, -0.936239, 0.3011, 0.0)], [0.983466, -0.172111, 0.0563274, 0.0)], [-0.000913215, 0.306322, 0.951927, 0.0)], [0.0, 0.0, 0.0, 1.0)]])
0.0, 0.0, 0.0
float3(-0.311327, -0.000959332, -1.7526)
513948.593035875
limited(__ObjC.ARCamera.TrackingState.Reason.initializing)
simd_float4x4([[-0.180914, -0.936739, 0.29965, 0.0)], [0.983499, -0.172156, 0.0556108, 0.0)], [-0.000506269, 0.304766, 0.952427, 0.0)], [0.0, 0.0, 0.0, 1.0)]])
0.0, 0.0, 0.0
float3(-0.309693, -0.000531557, -1.75255)
513948.726354208
limited(__ObjC.ARCamera.TrackingState.Reason.initializing)
simd_float4x4([[-0.177869, -0.938325, 0.296495, 0.0)], [0.984054, -0.169434, 0.0541279, 0.0)], [-0.000553191, 0.301395, 0.953499, 0.0)], [0.0, 0.0, 0.0, 1.0)]])
0.0, 0.0, 0.0
float3(-0.306155, -0.000580169, -1.74944)
513948.85967275
limited(__ObjC.ARCamera.TrackingState.Reason.initializing)
simd_float4x4([[-0.171491, -0.938956, 0.298249, 0.0)], [0.985185, -0.163228, 0.0525954, 0.0)], [-0.00070217, 0.30285, 0.953038, 0.0)], [0.0, 0.0, 0.0, 1.0)]])
0.0, 0.0, 0.0
float3(-0.307682, -0.00073677, -1.74292)
513948.992991041
limited(__ObjC.ARCamera.TrackingState.Reason.initializing)
simd_float4x4([[-0.16974, -0.939746, 0.296759, 0.0)], [0.985488, -0.162237, 0.0499264, 0.0)], [0.00122709, 0.300927, 0.953646, 0.0)], [0.0, 0.0, 0.0, 1.0)]])
0.0, 0.0, 0.0
float3(-0.305665, 0.00128673, -1.74175)
513949.126309333
limited(__ObjC.ARCamera.TrackingState.Reason.initializing)
simd_float4x4([[-0.167965, -0.939545, 0.298399, 0.0)], [0.98579, -0.160817, 0.0485385, 0.0)], [0.00238355, 0.302312, 0.953206, 0.0)], [0.0, 0.0, 0.0, 1.0)]])
0.0, 0.0, 0.0
float3(-0.307117, 0.00250056, -1.74032)
513949.259627833
limited(__ObjC.ARCamera.TrackingState.Reason.initializing)
simd_float4x4([[-0.170195, -0.939119, 0.298477, 0.0)], [0.98541, -0.162188, 0.0515896, 0.0)], [-3.95905e-05, 0.302902, 0.953021, 0.0)], [0.0, 0.0, 0.0, 1.0)]])
0.0, 0.0, 0.0
float3(-0.307736, -4.15421e-05, -1.74181)
513949.39294625
limited(__ObjC.ARCamera.TrackingState.Reason.initializing)
simd_float4x4([[-0.180315, -0.937783, 0.29673, 0.0)], [0.983556, -0.168771, 0.0642992, 0.0)], [-0.0102195, 0.303444, 0.952794, 0.0)], [0.0, 0.0, 0.0, 1.0)]])
0.0, 0.0, 0.0
float3(-0.308305, -0.0107254, -1.74886)
513949.526264625
limited(__ObjC.ARCamera.TrackingState.Reason.initializing)
simd_float4x4([[-0.200169, -0.941893, 0.269758, 0.0)], [0.977526, -0.173406, 0.119886, 0.0)], [-0.0661418, 0.287692, 0.955436, 0.0)], [0.0, 0.0, 0.0, 1.0)]])
0.0, 0.0, 0.0
float3(-0.291817, -0.0691166, -1.75286)
513949.659583125
limited(__ObjC.ARCamera.TrackingState.Reason.initializing)
simd_float4x4([[-0.222791, -0.96016, 0.168689, 0.0)], [0.966073, -0.194263, 0.17019, 0.0)], [-0.130639, 0.200883, 0.970865, 0.0)], [0.0, 0.0, 0.0, 1.0)]])
0.0, 0.0, 0.0
float3(-0.202259, -0.133756, -1.77042)
513949.792901541
limited(__ObjC.ARCamera.TrackingState.Reason.initializing)
simd_float4x4([[-0.220835, -0.968534, 0.114778, 0.0)], [0.963628, -0.198513, 0.178923, 0.0)], [-0.150508, 0.150116, 0.977145, 0.0)], [0.0, 0.0, 0.0, 1.0)]])
0.0, 0.0, 0.0
float3(-0.150685, -0.152827, -1.77296)
513949.926219875
limited(__ObjC.ARCamera.TrackingState.Reason.initializing)
simd_float4x4([[-0.186598, -0.977606, 0.097301, 0.0)], [0.969441, -0.167169, 0.179552, 0.0)], [-0.159266, 0.127832, 0.978924, 0.0)], [0.0, 0.0, 0.0, 1.0)]])
0.0, 0.0, 0.0
float3(-0.128182, -0.161282, -1.74016)
513950.059538208
limited(__ObjC.ARCamera.TrackingState.Reason.initializing)
simd_float4x4([[-0.11308, -0.991217, 0.0685502, 0.0)], [0.981001, -0.100436, 0.165978, 0.0)], [-0.157635, 0.0860167, 0.983743, 0.0)], [0.0, 0.0, 0.0, 1.0)]])
0.0, 0.0, 0.0
float3(-0.0861231, -0.158889, -1.67178)
513950.192856666
limited(__ObjC.ARCamera.TrackingState.Reason.initializing)
simd_float4x4([[-0.119532, -0.991086, 0.0588155, 0.0)], [0.976566, -0.106689, 0.186913, 0.0)], [-0.178972, 0.0797793, 0.980614, 0.0)], [0.0, 0.0, 0.0, 1.0)]])
0.0, 0.0, 0.0
float3(-0.0798642, -0.180523, -1.67803)
513950.326175
limited(__ObjC.ARCamera.TrackingState.Reason.initializing)
simd_float4x4([[-0.156447, -0.987394, 0.0239751, 0.0)], [0.972997, -0.149904, 0.175512, 0.0)], [-0.169706, 0.0507862, 0.984184, 0.0)], [0.0, 0.0, 0.0, 1.0)]])
0.0, 0.0, 0.0
float3(-0.050808, -0.170754, -1.72146)
513950.459493666
limited(__ObjC.ARCamera.TrackingState.Reason.initializing)
simd_float4x4([[-0.136588, -0.99038, 0.0220821, 0.0)], [0.971793, -0.129632, 0.197012, 0.0)], [-0.192254, 0.0483688, 0.980151, 0.0)], [0.0, 0.0, 0.0, 1.0)]])
0.0, 0.0, 0.0
float3(-0.0483877, -0.193689, -1.70095)
513950.592811916
limited(__ObjC.ARCamera.TrackingState.Reason.initializing)
simd_float4x4([[-0.116686, -0.991264, 0.0614545, 0.0)], [0.977946, -0.103886, 0.181188, 0.0)], [-0.173221, 0.0812414, 0.981525, 0.0)], [0.0, 0.0, 0.0, 1.0)]])
0.0, 0.0, 0.0
float3(-0.0813311, -0.174683, -1.67522)
513950.726130375
limited(__ObjC.ARCamera.TrackingState.Reason.initializing)
simd_float4x4([[-0.108495, -0.99112, 0.0768718, 0.0)], [0.983996, -0.096075, 0.150074, 0.0)], [-0.141356, 0.0919238, 0.985681, 0.0)], [0.0, 0.0, 0.0, 1.0)]])
0.0, 0.0, 0.0
float3(-0.0920537, -0.142438, -1.66743)
513950.859448791
limited(__ObjC.ARCamera.TrackingState.Reason.initializing)
simd_float4x4([[-0.104262, -0.989479, 0.100298, 0.0)], [0.990796, -0.0945857, 0.0968334, 0.0)], [-0.0863279, 0.109471, 0.990233, 0.0)], [0.0, 0.0, 0.0, 1.0)]])
0.0, 0.0, 0.0
float3(-0.109691, -0.0869595, -1.6661)
513950.992767125
limited(__ObjC.ARCamera.TrackingState.Reason.initializing)
simd_float4x4([[-0.101409, -0.987019, 0.124522, 0.0)], [0.994332, -0.0965431, 0.0445266, 0.0)], [-0.0319269, 0.128332, 0.991216, 0.0)], [0.0, 0.0, 0.0, 1.0)]])
0.0, 0.0, 0.0
float3(-0.128687, -0.0321987, -1.6683)
513951.126085583
limited(__ObjC.ARCamera.TrackingState.Reason.initializing)
simd_float4x4([[-0.108463, -0.987327, 0.115834, 0.0)], [0.993308, -0.102988, 0.0522653, 0.0)], [-0.0396736, 0.120728, 0.991891, 0.0)], [0.0, 0.0, 0.0, 1.0)]])
0.0, 0.0, 0.0
float3(-0.121023, -0.0399766, -1.67473)
513951.259404083
limited(__ObjC.ARCamera.TrackingState.Reason.initializing)
simd_float4x4([[-0.0994033, -0.988291, 0.115754, 0.0)], [0.994027, -0.0933602, 0.0565201, 0.0)], [-0.0450515, 0.120681, 0.991668, 0.0)], [0.0, 0.0, 0.0, 1.0)]])
0.0, 0.0, 0.0
float3(-0.120976, -0.0453989, -1.66498)
513951.3927225
limited(__ObjC.ARCamera.TrackingState.Reason.initializing)
simd_float4x4([[-0.097344, -0.989005, 0.111315, 0.0)], [0.993589, -0.090112, 0.0682629, 0.0)], [-0.0574817, 0.117246, 0.991437, 0.0)], [0.0, 0.0, 0.0, 1.0)]])
0.0, 0.0, 0.0
float3(-0.117516, -0.0579133, -1.66166)
513951.526041
limited(__ObjC.ARCamera.TrackingState.Reason.initializing)
simd_float4x4([[-0.0941041, -0.989554, 0.109201, 0.0)], [0.993345, -0.0860121, 0.076595, 0.0)], [-0.0664024, 0.115682, 0.991063, 0.0)], [0.0, 0.0, 0.0, 1.0)]])
0.0, 0.0, 0.0
float3(-0.115942, -0.0669012, -1.6575)
513951.659359291
limited(__ObjC.ARCamera.TrackingState.Reason.initializing)
simd_float4x4([[-0.0926339, -0.990192, 0.104583, 0.0)], [0.993385, -0.084749, 0.0774822, 0.0)], [-0.067859, 0.111069, 0.991493, 0.0)], [0.0, 0.0, 0.0, 1.0)]])
0.0, 0.0, 0.0
float3(-0.111298, -0.0683347, -1.65618)
513951.792677666
normal
simd_float4x4([[-0.0770388, -0.992965, 0.0899222, 0.0)], [0.994561, -0.0701938, 0.0769529, 0.0)], [-0.0700996, 0.0953615, 0.992971, 0.0)], [0.000190058, -0.000436351, 0.000334617, 1.0)]])
0.000190058, -0.000436351, 0.000334617
float3(-0.0955066, -0.0704788, -1.64137)
513951.925996166
normal
simd_float4x4([[-0.0793846, -0.992859, 0.0890435, 0.0)], [0.99429, -0.0724739, 0.0783312, 0.0)], [-0.0713186, 0.0947533, 0.992943, 0.0)], [-0.00234927, 0.00120929, -0.00248738, 1.0)]])
-0.00234927, 0.00120929, -0.00248738
float3(-0.0948957, -0.0717023, -1.64366)
513952.059314541
normal
simd_float4x4([[-0.0860317, -0.992197, 0.0902374, 0.0)], [0.994204, -0.0796371, 0.0722247, 0.0)], [-0.0644749, 0.095928, 0.993298, 0.0)], [-0.00238852, 0.00250806, -0.00136366, 1.0)]])
-0.00238852, 0.00250806, -0.00136366
float3(-0.0960757, -0.064819, -1.65089)
513952.192633041
normal
simd_float4x4([[-0.102357, -0.987214, 0.122197, 0.0)], [0.993458, -0.0951982, 0.0630688, 0.0)], [-0.0506295, 0.127853, 0.9905, 0.0)], [-0.00353751, 0.00305189, -0.00849785, 1.0)]])
-0.00353751, 0.00305189, -0.00849785
float3(-0.128204, -0.0510706, -1.66693)
513952.325951416
normal
simd_float4x4([[-0.170042, -0.962341, 0.212096, 0.0)], [0.983891, -0.153746, 0.0912172, 0.0)], [-0.0551732, 0.22419, 0.972982, 0.0)], [-0.00116428, 0.00366276, -0.0252873, 1.0)]])
-0.00116428, 0.00366276, -0.0252873
float3(-0.226112, -0.0566446, -1.72922)
513952.459269833
normal
simd_float4x4([[-0.283585, -0.893404, 0.348439, 0.0)], [0.958918, -0.261363, 0.110297, 0.0)], [-0.00747053, 0.365403, 0.93082, 0.0)], [0.00559766, 0.00534702, -0.0424374, 1.0)]])
0.00559766, 0.00534702, -0.0424374
float3(-0.374065, -0.00802558, -1.8554)
513952.592588125
normal
simd_float4x4([[-0.200412, -0.930588, 0.306334, 0.0)], [0.978905, -0.177522, 0.101145, 0.0)], [-0.0397433, 0.320143, 0.946535, 0.0)], [-0.0209698, 0.0189838, -0.0376588, 1.0)]])
-0.0209698, 0.0189838, -0.0376588
float3(-0.32588, -0.0419636, -1.7593)
513952.725906708
normal
simd_float4x4([[-0.12281, -0.933488, 0.336925, 0.0)], [0.990076, -0.0918711, 0.106345, 0.0)], [-0.0683178, 0.346642, 0.935506, 0.0)], [-0.0440642, 0.0366616, -0.0602021, 1.0)]])
-0.0440642, 0.0366616, -0.0602021
float3(-0.353989, -0.0728982, -1.6689)
513952.859225041
normal
simd_float4x4([[-0.120912, -0.952677, 0.278904, 0.0)], [0.986616, -0.0843687, 0.139537, 0.0)], [-0.109403, 0.292042, 0.950127, 0.0)], [-0.059491, 0.0508663, -0.0545434, 1.0)]])
-0.059491, 0.0508663, -0.0545434
float3(-0.296362, -0.11464, -1.65913)
513952.992543666
normal
simd_float4x4([[-0.140686, -0.975697, 0.167999, 0.0)], [0.986324, -0.123407, 0.109252, 0.0)], [-0.0858645, 0.181071, 0.979714, 0.0)], [-0.061641, 0.0622243, -0.0396642, 1.0)]])
-0.061641, 0.0622243, -0.0396642
float3(-0.182076, -0.087419, -1.69661)
513953.125861958
normal
simd_float4x4([[-0.144283, -0.982585, 0.117086, 0.0)], [0.98817, -0.136855, 0.0692217, 0.0)], [-0.0519923, 0.125689, 0.990706, 0.0)], [-0.0643623, 0.0631225, -0.0319622, 1.0)]])
-0.0643623, 0.0631225, -0.0319622
float3(-0.126022, -0.052432, -1.70919)
513953.2591805
normal
simd_float4x4([[-0.14785, -0.981997, 0.117568, 0.0)], [0.988957, -0.145564, 0.0278441, 0.0)], [-0.0102292, 0.120386, 0.992674, 0.0)], [-0.0730072, 0.0577644, -0.0387651, 1.0)]])
-0.0730072, 0.0577644, -0.0387651
float3(-0.120679, -0.0103043, -1.71796)
513953.392498875
normal
simd_float4x4([[-0.150956, -0.97858, 0.139974, 0.0)], [0.987046, -0.156992, -0.0330661, 0.0)], [0.0543326, 0.133169, 0.989603, 0.0)], [-0.0797288, 0.0528519, -0.0442817, 1.0)]])
-0.0797288, 0.0528519, -0.0442817
float3(-0.133566, 0.0548483, -1.72987)
513953.525817166
normal
simd_float4x4([[-0.143301, -0.980775, 0.132455, 0.0)], [0.983109, -0.156466, -0.0949524, 0.0)], [0.113852, 0.116611, 0.98663, 0.0)], [-0.0876729, 0.0575502, -0.0421803, 1.0)]])
-0.0876729, 0.0575502, -0.0421803
float3(-0.116877, 0.114886, -1.729)
513953.659135625
normal
simd_float4x4([[-0.144555, -0.981766, 0.123444, 0.0)], [0.975809, -0.162121, -0.146677, 0.0)], [0.164015, 0.0992544, 0.981452, 0.0)], [-0.0953689, 0.0629084, -0.0392163, 1.0)]])
-0.0953689, 0.0629084, -0.0392163
float3(-0.0994181, 0.165585, -1.73445)
513953.792454083
normal
simd_float4x4([[-0.125112, -0.988479, 0.0851891, 0.0)], [0.980285, -0.136395, -0.14296, 0.0)], [0.152932, 0.0656237, 0.986055, 0.0)], [-0.105583, 0.0679457, -0.0318689, 1.0)]])
-0.105583, 0.0679457, -0.0318689
float3(-0.0656708, 0.153869, -1.70792)
513953.925772541
normal
simd_float4x4([[-0.163507, -0.984746, 0.0595104, 0.0)], [0.979106, -0.169372, -0.112538, 0.0)], [0.120901, 0.0398662, 0.991864, 0.0)], [-0.0921322, 0.0768882, -0.0289742, 1.0)]])
-0.0921322, 0.0768882, -0.0289742
float3(-0.0398768, 0.121294, -1.74112)
513954.059091125
normal
simd_float4x4([[-0.165872, -0.985229, 0.0425528, 0.0)], [0.982116, -0.168938, -0.0831107, 0.0)], [0.0890719, 0.0280061, 0.995631, 0.0)], [-0.0985427, 0.0959387, -0.0359884, 1.0)]])
-0.0985427, 0.0959387, -0.0359884
float3(-0.0280098, 0.0892252, -1.74062)
513954.192409583
normal
simd_float4x4([[-0.146208, -0.988856, 0.0280398, 0.0)], [0.986024, -0.147961, -0.0765824, 0.0)], [0.0798778, 0.0164509, 0.996669, 0.0)], [-0.108751, 0.10705, -0.0494385, 1.0)]])
-0.108751, 0.10705, -0.0494385
float3(-0.0164517, 0.0799738, -1.71932)
513954.325727916
normal
simd_float4x4([[-0.167512, -0.984796, 0.0459996, 0.0)], [0.973649, -0.172579, -0.149076, 0.0)], [0.154748, 0.0198155, 0.987755, 0.0)], [-0.113852, 0.115978, -0.0717379, 1.0)]])
-0.113852, 0.115978, -0.0717379
float3(-0.0198168, 0.155403, -1.74428)
513954.459046291
normal
simd_float4x4([[-0.153032, -0.985676, 0.0708854, 0.0)], [0.948304, -0.166654, -0.270087, 0.0)], [0.278031, 0.0258888, 0.960223, 0.0)], [-0.119601, 0.118536, -0.0949923, 1.0)]])
-0.119601, 0.118536, -0.0949923
float3(-0.0258917, 0.281841, -1.73829)
513954.59236475
normal
simd_float4x4([[-0.118728, -0.989847, 0.0781448, 0.0)], [0.885586, -0.141157, -0.442507, 0.0)], [0.449045, 0.016666, 0.893354, 0.0)], [-0.126687, 0.113956, -0.11645, 1.0)]])
-0.126687, 0.113956, -0.11645
float3(-0.0166668, 0.465766, -1.71245)
513954.725683208
normal
simd_float4x4([[-0.139809, -0.983337, 0.116196, 0.0)], [0.804847, -0.181211, -0.565141, 0.0)], [0.57678, 0.0145083, 0.816771, 0.0)], [-0.130314, 0.119661, -0.131569, 1.0)]])
-0.130314, 0.119661, -0.131569
float3(-0.0145088, 0.614856, -1.75303)
513954.859001791
normal
simd_float4x4([[-0.148232, -0.98037, 0.130004, 0.0)], [0.722107, -0.197115, -0.663104, 0.0)], [0.675714, -0.00441669, 0.737151, 0.0)], [-0.129501, 0.12903, -0.119818, 1.0)]])
-0.129501, 0.12903, -0.119818
float3(0.00441671, 0.741941, -1.76921)
513954.992320208
normal
simd_float4x4([[-0.133761, -0.989346, 0.057468, 0.0)], [0.701112, -0.135456, -0.700067, 0.0)], [0.700393, -0.0533503, 0.711761, 0.0)], [-0.127064, 0.129888, -0.0967463, 1.0)]])
-0.127064, 0.129888, -0.0967463
float3(0.0533756, 0.777348, -1.70687)
513955.125638708
normal
simd_float4x4([[-0.14324, -0.988395, 0.0505647, 0.0)], [0.695357, -0.136865, -0.705512, 0.0)], [0.704245, -0.0658969, 0.706892, 0.0)], [-0.124461, 0.130107, -0.0912071, 1.0)]])
-0.124461, 0.130107, -0.0912071
float3(0.0659447, 0.783523, -1.70839)
513955.258956958
normal
simd_float4x4([[-0.163258, -0.982732, 0.087089, 0.0)], [0.687566, -0.176639, -0.704309, 0.0)], [0.707531, -0.055105, 0.704531, 0.0)], [-0.130479, 0.135889, -0.0882329, 1.0)]])
-0.130479, 0.135889, -0.0882329
float3(0.0551329, 0.787523, -1.74864)
513955.392275416
normal
simd_float4x4([[-0.166348, -0.983621, 0.0694053, 0.0)], [0.706553, -0.167997, -0.68743, 0.0)], [0.687831, -0.0653141, 0.722927, 0.0)], [-0.135931, 0.139092, -0.0813579, 1.0)]])
-0.135931, 0.139092, -0.0813579
float3(0.0653607, 0.760526, -1.73996)
513955.525593875
normal
simd_float4x4([[-0.168891, -0.982623, 0.0769871, 0.0)], [0.694603, -0.174075, -0.698014, 0.0)], [0.699287, -0.0644127, 0.711933, 0.0)], [-0.13624, 0.135265, -0.088028, 1.0)]])
-0.13624, 0.135265, -0.088028
float3(0.0644573, 0.776437, -1.74613)
513955.658912458
normal
simd_float4x4([[-0.176793, -0.979786, 0.0936114, 0.0)], [0.697325, -0.191809, -0.690613, 0.0)], [0.694609, -0.0568179, 0.71714, 0.0)], [-0.13488, 0.136169, -0.0963457, 1.0)]])
-0.13488, 0.136169, -0.0963457
float3(0.0568485, 0.76944, -1.76412)
513955.792230875
normal
simd_float4x4([[-0.180192, -0.978268, 0.102577, 0.0)], [0.703309, -0.201043, -0.681864, 0.0)], [0.687668, -0.050723, 0.724251, 0.0)], [-0.130085, 0.133668, -0.104645, 1.0)]])
-0.130085, 0.133668, -0.104645
float3(0.0507447, 0.759494, -1.77348)
513955.925549291
normal
simd_float4x4([[-0.180074, -0.976875, 0.115278, 0.0)], [0.705899, -0.209953, -0.676481, 0.0)], [0.68504, -0.0404421, 0.727382, 0.0)], [-0.126908, 0.131779, -0.109643, 1.0)]])
-0.126908, 0.131779, -0.109643
float3(0.0404531, 0.755429, -1.7825)
513956.058867833
normal
simd_float4x4([[-0.16748, -0.977387, 0.12909, 0.0)], [0.695501, -0.209937, -0.687171, 0.0)], [0.698733, -0.0253049, 0.714935, 0.0)], [-0.124075, 0.121658, -0.107691, 1.0)]])
-0.124075, 0.121658, -0.107691
float3(0.0253076, 0.773938, -1.78238)
513956.192186
normal
simd_float4x4([[-0.124363, -0.982722, 0.137083, 0.0)], [0.708906, -0.184664, -0.680699, 0.0)], [0.694252, 0.0125251, 0.719623, 0.0)], [-0.13856, 0.109447, -0.0981736, 1.0)]])
-0.13856, 0.109447, -0.0981736
float3(-0.0125255, 0.767456, -1.75654)
513956.325504583
normal
simd_float4x4([[-0.101272, -0.976993, 0.187693, 0.0)], [0.705656, -0.203532, -0.678694, 0.0)], [0.701281, 0.0637143, 0.710032, 0.0)], [-0.147963, 0.101683, -0.0932085, 1.0)]])
-0.147963, 0.101683, -0.0932085
float3(-0.0637574, 0.779197, -1.77618)
513956.458823041
normal
simd_float4x4([[-0.0760638, -0.977224, 0.198109, 0.0)], [0.727819, -0.190219, -0.65886, 0.0)], [0.681538, 0.0940723, 0.725711, 0.0)], [-0.1679, 0.0974729, -0.0716633, 1.0)]])
-0.1679, 0.0974729, -0.0716633
float3(-0.0942116, 0.754019, -1.76305)
513956.592141541
normal
simd_float4x4([[-0.051877, -0.976828, 0.207644, 0.0)], [0.762947, -0.172928, -0.622903, 0.0)], [0.644376, 0.126107, 0.754239, 0.0)], [-0.188222, 0.0949213, -0.0458412, 1.0)]])
-0.188222, 0.0949213, -0.0458412
float3(-0.126444, 0.707008, -1.74601)
513956.72546
normal
simd_float4x4([[-0.0244557, -0.988465, 0.149464, 0.0)], [0.825756, -0.104246, -0.55431, 0.0)], [0.563497, 0.109865, 0.81878, 0.0)], [-0.203882, 0.0968513, -0.0083244, 1.0)]])
-0.203882, 0.0968513, -0.0083244
float3(-0.110087, 0.602773, -1.67587)
513956.858778416
normal
simd_float4x4([[-0.0407824, -0.986576, 0.158128, 0.0)], [0.854813, -0.116391, -0.505716, 0.0)], [0.517332, 0.114545, 0.848084, 0.0)], [-0.205799, 0.0915254, 0.0184284, 1.0)]])
-0.205799, 0.0915254, 0.0184284
float3(-0.114797, 0.54774, -1.68823)
513956.992096791
normal
simd_float4x4([[-0.0178468, -0.985969, 0.16597, 0.0)], [0.881878, -0.0937427, -0.462064, 0.0)], [0.47114, 0.138119, 0.871178, 0.0)], [-0.211433, 0.0782704, 0.0425663, 1.0)]])
-0.211433, 0.0782704, 0.0425663
float3(-0.138562, 0.495759, -1.66559)
513957.125415291
normal
simd_float4x4([[0.00865363, -0.984269, 0.176465, 0.0)], [0.904933, -0.0673774, -0.420187, 0.0)], [0.425467, 0.163325, 0.890114, 0.0)], [-0.213825, 0.0690632, 0.0581968, 1.0)]])
-0.213825, 0.0690632, 0.0581968
float3(-0.16406, 0.445886, -1.63914)
513957.25873375
normal
simd_float4x4([[0.0218565, -0.983517, 0.179489, 0.0)], [0.921464, -0.0498304, -0.385255, 0.0)], [0.387849, 0.173813, 0.905186, 0.0)], [-0.214307, 0.0641567, 0.0683316, 1.0)]])
-0.214307, 0.0641567, 0.0683316
float3(-0.1747, 0.40481, -1.62142)
513957.39205225
normal
simd_float4x4([[0.0155863, -0.985751, 0.167485, 0.0)], [0.928774, -0.0477644, -0.367556, 0.0)], [0.370318, 0.161284, 0.914796, 0.0)], [-0.212347, 0.0620811, 0.0803298, 1.0)]])
-0.212347, 0.0620811, 0.0803298
float3(-0.161992, 0.384646, -1.61921)
513957.525370708
normal
simd_float4x4([[-0.00152221, -0.989729, 0.142946, 0.0)], [0.930975, -0.0535896, -0.361129, 0.0)], [0.365081, 0.13253, 0.921495, 0.0)], [-0.205486, 0.0645034, 0.0883978, 1.0)]])
-0.205486, 0.0645034, 0.0883978
float3(-0.132921, 0.377212, -1.62489)
513957.658689125
normal
simd_float4x4([[-0.0065572, -0.990138, 0.139945, 0.0)], [0.935054, -0.0556758, -0.350106, 0.0)], [0.354444, 0.12856, 0.926197, 0.0)], [-0.202928, 0.0638992, 0.0876236, 1.0)]])
-0.202928, 0.0638992, 0.0876236
float3(-0.128917, 0.365494, -1.62697)
513957.792007541
normal
simd_float4x4([[-0.0144526, -0.988127, 0.152956, 0.0)], [0.937857, -0.0664405, -0.340603, 0.0)], [0.346721, 0.138528, 0.927682, 0.0)], [-0.198, 0.0642023, 0.0805016, 1.0)]])
-0.198, 0.0642023, 0.0805016
float3(-0.138975, 0.357674, -1.63793)
513957.925325916
normal
simd_float4x4([[0.00584996, -0.987351, 0.158442, 0.0)], [0.938267, -0.0493817, -0.34237, 0.0)], [0.345863, 0.150664, 0.92611, 0.0)], [-0.178798, 0.0265603, 0.0254438, 1.0)]])
-0.178798, 0.0265603, 0.0254438
float3(-0.15124, 0.357418, -1.62077)
513958.058644375
normal
simd_float4x4([[0.0160946, -0.983099, 0.182366, 0.0)], [0.930811, -0.0518757, -0.3618, 0.0)], [0.365145, 0.175571, 0.914245, 0.0)], [-0.189334, 0.0181837, 0.0290366, 1.0)]])
-0.189334, 0.0181837, 0.0290366
float3(-0.176486, 0.379985, -1.62352)
513958.191962916
normal
simd_float4x4([[0.0528505, -0.986022, 0.158008, 0.0)], [0.925991, -0.0108432, -0.37739, 0.0)], [0.373829, 0.166259, 0.912475, 0.0)], [-0.203897, 0.0101473, 0.0394319, 1.0)]])
-0.203897, 0.0101473, 0.0394319
float3(-0.167035, 0.388829, -1.58179)
513958.325281375
normal
simd_float4x4([[0.0528248, -0.982805, 0.17693, 0.0)], [0.916264, -0.0227492, -0.399929, 0.0)], [0.397077, 0.183241, 0.899307, 0.0)], [-0.213335, 0.00270645, 0.0389861, 1.0)]])
-0.213335, 0.00270645, 0.0389861
float3(-0.184282, 0.415794, -1.59394)
513958.458599916
normal
simd_float4x4([[0.0616211, -0.978161, 0.198506, 0.0)], [0.905901, -0.028676, -0.422517, 0.0)], [0.418982, 0.205863, 0.88435, 0.0)], [-0.227356, -0.00469498, 0.0400395, 1.0)]])
-0.227356, -0.00469498, 0.0400395
float3(-0.207346, 0.442448, -1.6001)
513958.59191825
normal
simd_float4x4([[0.0691393, -0.977352, 0.200007, 0.0)], [0.896902, -0.026883, -0.441412, 0.0)], [0.436791, 0.209905, 0.87473, 0.0)], [-0.238551, -0.0133663, 0.0437836, 1.0)]])
-0.238551, -0.0133663, 0.0437836
float3(-0.211478, 0.463123, -1.5983)
513958.725236875
normal
simd_float4x4([[0.0700707, -0.97072, 0.229766, 0.0)], [0.894435, -0.0408435, -0.445328, 0.0)], [0.441674, 0.236715, 0.865384, 0.0)], [-0.24449, -0.0172819, 0.0379561, 1.0)]])
-0.24449, -0.0172819, 0.0379561
float3(-0.238984, 0.471916, -1.61285)
513958.858555125
normal
simd_float4x4([[0.0742709, -0.975001, 0.209421, 0.0)], [0.896212, -0.0268429, -0.442814, 0.0)], [0.437365, 0.220573, 0.871814, 0.0)], [-0.246358, -0.01689, 0.036507, 1.0)]])
-0.246358, -0.01689, 0.036507
float3(-0.222402, 0.464985, -1.59832)
513958.991873583
normal
simd_float4x4([[0.0644976, -0.97282, 0.222399, 0.0)], [0.897955, -0.0406455, -0.438206, 0.0)], [0.435335, 0.227968, 0.870927, 0.0)], [-0.243696, -0.0185012, 0.0303358, 1.0)]])
-0.243696, -0.0185012, 0.0303358
float3(-0.22999, 0.463529, -1.61255)
513959.125192041
normal
simd_float4x4([[0.0851331, -0.975136, 0.204604, 0.0)], [0.901522, -0.012055, -0.432566, 0.0)], [0.424277, 0.221281, 0.87808, 0.0)], [-0.247525, -0.019349, 0.0286056, 1.0)]])
-0.247525, -0.019349, 0.0286056
float3(-0.223128, 0.450107, -1.58316)
513959.258510541
normal
simd_float4x4([[0.0658018, -0.975753, 0.208751, 0.0)], [0.906515, -0.0289738, -0.421178, 0.0)], [0.417014, 0.21695, 0.882628, 0.0)], [-0.24275, -0.0122335, 0.0246274, 1.0)]])
-0.24275, -0.0122335, 0.0246274
float3(-0.218689, 0.441381, -1.60048)
513959.391829041
normal
simd_float4x4([[0.0604721, -0.97945, 0.192405, 0.0)], [0.924742, -0.0175905, -0.380187, 0.0)], [0.375759, 0.200916, 0.904676, 0.0)], [-0.238382, 6.04651e-05, 0.0200647, 1.0)]])
-0.238382, 6.04651e-05, 0.0200647
float3(-0.202293, 0.393671, -1.58875)
513959.525147541
normal
simd_float4x4([[0.0112646, -0.985021, 0.172066, 0.0)], [0.949995, -0.0431596, -0.309268, 0.0)], [0.312062, 0.166945, 0.935279, 0.0)], [-0.22323, 0.00366629, 0.0073847, 1.0)]])
-0.22323, 0.00366629, 0.0073847
float3(-0.167731, 0.322042, -1.61458)
513959.658465916
normal
simd_float4x4([[0.0274243, -0.987724, 0.153784, 0.0)], [0.975741, -0.00697675, -0.218815, 0.0)], [0.217202, 0.156054, 0.963572, 0.0)], [-0.215939, -0.00763661, -0.00914928, 1.0)]])
-0.215939, -0.00763661, -0.00914928
float3(-0.156694, 0.221708, -1.57786)
513959.791784333
normal
simd_float4x4([[0.00229557, -0.978169, 0.207798, 0.0)], [0.983211, -0.0357071, -0.178946, 0.0)], [0.182459, 0.20472, 0.961664, 0.0)], [-0.20577, -0.0241529, -0.0400915, 1.0)]])
-0.20577, -0.0241529, -0.0400915
float3(-0.206178, 0.187504, -1.60728)
513959.925102916
normal
simd_float4x4([[-0.0523562, -0.983227, 0.174709, 0.0)], [0.991218, -0.0724394, -0.11063, 0.0)], [0.12143, 0.167382, 0.978385, 0.0)], [-0.214431, -0.0216328, -0.036718, 1.0)]])
-0.214431, -0.0216328, -0.036718
float3(-0.168174, 0.123481, -1.64434)
513960.058421416
normal
simd_float4x4([[-0.0966417, -0.981233, 0.16686, 0.0)], [0.98902, -0.113503, -0.0946429, 0.0)], [0.111806, 0.155882, 0.981428, 0.0)], [-0.20378, -0.0245185, -0.0504017, 1.0)]])
-0.20378, -0.0245185, -0.0504017
float3(-0.15652, 0.113433, -1.68596)
513960.191739833
normal
simd_float4x4([[-0.125102, -0.974835, 0.184519, 0.0)], [0.986696, -0.141707, -0.0796889, 0.0)], [0.103831, 0.172095, 0.979593, 0.0)], [-0.19501, -0.0254833, -0.0633215, 1.0)]])
-0.19501, -0.0254833, -0.0633215
float3(-0.172956, 0.1056, -1.71515)
513960.325058375
normal
simd_float4x4([[-0.122936, -0.975081, 0.184673, 0.0)], [0.987475, -0.13873, -0.0751409, 0.0)], [0.0988882, 0.173123, 0.979923, 0.0)], [-0.196648, -0.026679, -0.0677631, 1.0)]])
-0.196648, -0.026679, -0.0677631
float3(-0.173999, 0.100574, -1.71212)
513960.458376916
normal
simd_float4x4([[-0.133666, -0.972882, 0.188772, 0.0)], [0.986294, -0.149185, -0.0704887, 0.0)], [0.0967392, 0.176762, 0.979488, 0.0)], [-0.191279, -0.0275063, -0.0679016, 1.0)]])
-0.191279, -0.0275063, -0.0679016
float3(-0.177696, 0.0984458, -1.72295)
513960.591695041
normal
simd_float4x4([[-0.149547, -0.969949, 0.191925, 0.0)], [0.984284, -0.164478, -0.0642885, 0.0)], [0.0939241, 0.179295, 0.979302, 0.0)], [-0.185971, -0.0295851, -0.069043, 1.0)]])
-0.185971, -0.0295851, -0.069043
float3(-0.18027, 0.0956168, -1.73877)
513960.725013625
normal
simd_float4x4([[-0.145954, -0.970987, 0.189424, 0.0)], [0.985526, -0.159399, -0.0577167, 0.0)], [0.0862362, 0.178258, 0.980198, 0.0)], [-0.187279, -0.0321576, -0.0663361, 1.0)]])
-0.187279, -0.0321576, -0.0663361
float3(-0.179216, 0.0877524, -1.73351)
513960.858332208
normal
simd_float4x4([[-0.133856, -0.975255, 0.175954, 0.0)], [0.987415, -0.146344, -0.0599626, 0.0)], [0.0842286, 0.165714, 0.98257, 0.0)], [-0.190463, -0.033792, -0.0673867, 1.0)]])
-0.190463, -0.033792, -0.0673867
float3(-0.166482, 0.0855136, -1.71974)
513960.991650541
normal
simd_float4x4([[-0.0772107, -0.986321, 0.145637, 0.0)], [0.993075, -0.0890539, -0.0766262, 0.0)], [0.0885475, 0.138712, 0.986366, 0.0)], [-0.204234, -0.0333316, -0.0621811, 1.0)]])
-0.204234, -0.0333316, -0.0621811
float3(-0.139161, 0.0895315, -1.66084)
513961.124969083
normal
simd_float4x4([[-0.0632545, -0.98634, 0.152096, 0.0)], [0.993549, -0.0766096, -0.0836091, 0.0)], [0.094119, 0.145826, 0.984823, 0.0)], [-0.2077, -0.0348229, -0.0612595, 1.0)]])
-0.2077, -0.0348229, -0.0612595
float3(-0.146348, 0.0952801, -1.64831)
513961.258287541
normal
simd_float4x4([[-0.0970518, -0.977683, 0.186325, 0.0)], [0.988101, -0.117092, -0.099729, 0.0)], [0.119321, 0.174429, 0.977413, 0.0)], [-0.198086, -0.0350496, -0.0675739, 1.0)]])
-0.198086, -0.0350496, -0.0675739
float3(-0.175326, 0.121477, -1.68999)
513961.391605916
normal
simd_float4x4([[-0.0812688, -0.981645, 0.172534, 0.0)], [0.989421, -0.100329, -0.104784, 0.0)], [0.120171, 0.162194, 0.979414, 0.0)], [-0.196361, -0.0361084, -0.0643644, 1.0)]])
-0.196361, -0.0361084, -0.0643644
float3(-0.162913, 0.122086, -1.67265)
513961.524924458
normal
simd_float4x4([[-0.0825588, -0.983348, 0.161896, 0.0)], [0.986876, -0.103291, -0.124127, 0.0)], [0.138782, 0.149524, 0.97897, 0.0)], [-0.190981, -0.037984, -0.0610872, 1.0)]])
-0.190981, -0.037984, -0.0610872
float3(-0.150087, 0.140825, -1.67545)
513961.658242833
normal
simd_float4x4([[-0.106001, -0.975482, 0.192872, 0.0)], [0.986513, -0.127495, -0.102647, 0.0)], [0.124721, 0.17939, 0.97584, 0.0)], [-0.180769, -0.0496502, -0.0682008, 1.0)]])
-0.180769, -0.0496502, -0.0682008
float3(-0.180367, 0.127119, -1.70076)
513961.791561416
normal
simd_float4x4([[-0.0819364, -0.977911, 0.192292, 0.0)], [0.993227, -0.0960699, -0.0653506, 0.0)], [0.0823806, 0.185635, 0.979159, 0.0)], [-0.17893, -0.0633937, -0.0808095, 1.0)]])
-0.17893, -0.0633937, -0.0808095
float3(-0.186718, 0.0839363, -1.66872)
513961.924879916
normal
simd_float4x4([[-0.0740837, -0.976936, 0.200267, 0.0)], [0.997207, -0.0744705, 0.00561216, 0.0)], [0.00943126, 0.200123, 0.979725, 0.0)], [-0.199879, -0.0614991, -0.120613, 1.0)]])
-0.199879, -0.0614991, -0.120613
float3(-0.201484, 0.00962613, -1.64688)
513962.058198541
normal
simd_float4x4([[-0.0808948, -0.984796, 0.153728, 0.0)], [0.995844, -0.0733819, 0.0539415, 0.0)], [-0.0418405, 0.157453, 0.98664, 0.0)], [-0.173248, -0.0400471, -0.14933, 1.0)]])
-0.173248, -0.0400471, -0.14933
float3(-0.15811, -0.0423817, -1.64517)
513962.191516833
normal
simd_float4x4([[-0.0496024, -0.991653, 0.119016, 0.0)], [0.994559, -0.0381115, 0.0969541, 0.0)], [-0.0916089, 0.123178, 0.988147, 0.0)], [-0.154424, -0.0377074, -0.179688, 1.0)]])
-0.154424, -0.0377074, -0.179688
float3(-0.123491, -0.0924435, -1.60921)
513962.324835166
normal
simd_float4x4([[-0.0466334, -0.992968, 0.108812, 0.0)], [0.993319, -0.0345855, 0.110094, 0.0)], [-0.105556, 0.11322, 0.987947, 0.0)], [-0.130007, -0.0519261, -0.233102, 1.0)]])
-0.130007, -0.0519261, -0.233102
float3(-0.113463, -0.10644, -1.60561)
513962.45815375
normal
simd_float4x4([[-0.0151432, -0.995201, 0.0966741, 0.0)], [0.993787, -0.00431856, 0.111212, 0.0)], [-0.110261, 0.0977576, 0.989083, 0.0)], [-0.104056, -0.068017, -0.32053, 1.0)]])
-0.104056, -0.068017, -0.32053
float3(-0.097914, -0.111019, -1.57514)
513962.591472083
normal
simd_float4x4([[-0.0263922, -0.994631, 0.100061, 0.0)], [0.996802, -0.0186319, 0.0777117, 0.0)], [-0.0754301, 0.101792, 0.991942, 0.0)], [-0.0729256, -0.0722823, -0.431133, 1.0)]])
-0.0729256, -0.0722823, -0.431133
float3(-0.101969, -0.0758968, -1.58953)
513962.724790708
normal
simd_float4x4([[0.0283477, -0.995394, 0.0915832, 0.0)], [0.992101, 0.0392166, 0.119151, 0.0)], [-0.122194, 0.0874822, 0.988643, 0.0)], [-0.0519862, -0.0565812, -0.544483, 1.0)]])
-0.0519862, -0.0565812, -0.544483
float3(-0.0875941, -0.122974, -1.53142)
513962.858109125
normal
simd_float4x4([[-0.0451844, -0.98868, 0.143076, 0.0)], [0.987418, -0.0224752, 0.156525, 0.0)], [-0.151538, 0.148349, 0.977256, 0.0)], [-0.0235477, -0.0455219, -0.662028, 1.0)]])
-0.0235477, -0.0455219, -0.662028
float3(-0.148898, -0.153839, -1.59352)
513962.991427625
normal
simd_float4x4([[-0.0655705, -0.993678, 0.0911291, 0.0)], [0.98115, -0.0475666, 0.187302, 0.0)], [-0.181783, 0.101693, 0.978066, 0.0)], [-0.00944534, -0.0451387, -0.77286, 1.0)]])
-0.00944534, -0.0451387, -0.77286
float3(-0.101869, -0.183763, -1.61863)
513963.124746208
normal
simd_float4x4([[-0.0765118, -0.99532, 0.0590313, 0.0)], [0.976573, -0.062865, 0.205798, 0.0)], [-0.201124, 0.0733943, 0.976812, 0.0)], [-0.00150905, -0.0585624, -0.89605, 1.0)]])
-0.00150905, -0.0585624, -0.89605
float3(-0.0734604, -0.20306, -1.63387)
513963.258064541
normal
simd_float4x4([[-0.0621785, -0.994072, 0.0891927, 0.0)], [0.962616, -0.0361244, 0.26845, 0.0)], [-0.263637, 0.10255, 0.959155, 0.0)], [0.00660113, -0.0564216, -1.02707, 1.0)]])
0.00660113, -0.0564216, -1.02707
float3(-0.102731, -0.268239, -1.60712)
513963.391382916
normal
simd_float4x4([[-0.105245, -0.987514, 0.117218, 0.0)], [0.950241, -0.0651129, 0.304635, 0.0)], [-0.293198, 0.143447, 0.945229, 0.0)], [0.0368651, -0.0421322, -1.13439, 1.0)]])
0.0368651, -0.0421322, -1.13439
float3(-0.143943, -0.300777, -1.63664)
513963.524701458
normal
simd_float4x4([[-0.0754048, -0.996019, 0.0475489, 0.0)], [0.948295, -0.0568852, 0.312251, 0.0)], [-0.308304, 0.0686356, 0.948809, 0.0)], [0.0530993, -0.0351185, -1.2508, 1.0)]])
0.0530993, -0.0351185, -1.2508
float3(-0.0686896, -0.314175, -1.62785)
513963.658019958
normal
simd_float4x4([[-0.0969753, -0.995263, 0.00694991, 0.0)], [0.962836, -0.0920426, 0.253921, 0.0)], [-0.252078, 0.0313157, 0.9672, 0.0)], [0.0754398, -0.0547653, -1.38764, 1.0)]])
0.0754398, -0.0547653, -1.38764
float3(-0.0313208, -0.254955, -1.66301)
513963.7913385
normal
simd_float4x4([[-0.0885655, -0.99514, 0.0430316, 0.0)], [0.977724, -0.0785998, 0.194621, 0.0)], [-0.190293, 0.0593097, 0.979934, 0.0)], [0.0963463, -0.068552, -1.54541, 1.0)]])
0.0963463, -0.068552, -1.54541
float3(-0.0593445, -0.191802, -1.64962)
513963.924656916
normal
simd_float4x4([[-0.0758781, -0.990969, 0.110559, 0.0)], [0.978392, -0.0526068, 0.199955, 0.0)], [-0.192333, 0.123342, 0.973547, 0.0)], [0.117453, -0.0587097, -1.68593, 1.0)]])
0.117453, -0.0587097, -1.68593
float3(-0.123657, -0.195047, -1.62383)
513964.057975375
normal
simd_float4x4([[-0.052857, -0.989351, 0.135616, 0.0)], [0.973347, -0.0206937, 0.228401, 0.0)], [-0.223162, 0.144074, 0.964075, 0.0)], [0.13042, -0.0538722, -1.81919, 1.0)]])
0.13042, -0.0538722, -1.81919
float3(-0.144577, -0.227472, -1.59171)
513964.19129375
normal
simd_float4x4([[-0.0483796, -0.995312, 0.0837482, 0.0)], [0.970572, -0.0270428, 0.239287, 0.0)], [-0.2359, 0.0928603, 0.96733, 0.0)], [0.134638, -0.0635508, -1.94928, 1.0)]])
0.134638, -0.0635508, -1.94928
float3(-0.0929943, -0.239198, -1.59796)
513964.324612291
normal
simd_float4x4([[-0.0591832, -0.997031, 0.0492552, 0.0)], [0.979426, -0.0484604, 0.195899, 0.0)], [-0.192931, 0.0598358, 0.979386, 0.0)], [0.122765, -0.0718341, -2.10145, 1.0)]])
0.122765, -0.0718341, -2.10145
float3(-0.0598715, -0.194501, -1.61936)
513964.457930833
normal
simd_float4x4([[-0.0456114, -0.995438, 0.0837972, 0.0)], [0.973546, -0.0254936, 0.227066, 0.0)], [-0.223894, 0.0919371, 0.970268, 0.0)], [0.11847, -0.0568156, -2.25004, 1.0)]])
0.11847, -0.0568156, -2.25004
float3(-0.0920672, -0.226785, -1.5964)
513964.59124925
normal
simd_float4x4([[-0.0460229, -0.992372, 0.114365, 0.0)], [0.964286, -0.0142405, 0.264481, 0.0)], [-0.260835, 0.122453, 0.957586, 0.0)], [0.122976, -0.0488042, -2.37297, 1.0)]])
0.122976, -0.0488042, -2.37297
float3(-0.122761, -0.265936, -1.58515)
513964.72456775
normal
simd_float4x4([[-0.0912235, -0.990838, 0.0995874, 0.0)], [0.958505, -0.0602412, 0.278638, 0.0)], [-0.270086, 0.120873, 0.955219, 0.0)], [0.133571, -0.0651648, -2.50141, 1.0)]])
0.133571, -0.0651648, -2.50141
float3(-0.12117, -0.275555, -1.63152)
513964.857886208
normal
simd_float4x4([[-0.0823257, -0.99542, 0.0485973, 0.0)], [0.960258, -0.0661796, 0.271155, 0.0)], [-0.266697, 0.068989, 0.961308, 0.0)], [0.140392, -0.0844315, -2.61935, 1.0)]])
0.140392, -0.0844315, -2.61935
float3(-0.0690439, -0.270626, -1.63718)
513964.991204625
normal
simd_float4x4([[-0.0481732, -0.998391, 0.0299187, 0.0)], [0.963481, -0.0385479, 0.264988, 0.0)], [-0.263408, 0.0415914, 0.963787, 0.0)], [0.151165, -0.0754631, -2.74033, 1.0)]])
0.151165, -0.0754631, -2.74033
float3(-0.0416034, -0.26679, -1.60939)
513965.124523041
normal
simd_float4x4([[-0.0587103, -0.997384, 0.0421797, 0.0)], [0.950176, -0.0428741, 0.308753, 0.0)], [-0.306136, 0.058205, 0.950207, 0.0)], [0.175033, -0.0513746, -2.84459, 1.0)]])
0.175033, -0.0513746, -2.84459
float3(-0.058238, -0.311678, -1.61376)
513965.257841583
normal
simd_float4x4([[-0.0546284, -0.998453, 0.0103098, 0.0)], [0.922379, -0.0465065, 0.383475, 0.0)], [-0.382403, 0.0304582, 0.923493, 0.0)], [0.199943, -0.048045, -2.93684, 1.0)]])
0.199943, -0.048045, -2.93684
float3(-0.0304629, -0.392588, -1.61734)
513965.391160083
normal
simd_float4x4([[-0.0897228, -0.995344, -0.0352224, 0.0)], [0.877965, -0.0957405, 0.469054, 0.0)], [-0.470242, 0.0111608, 0.882467, 0.0)], [0.247809, -0.0621455, -3.05139, 1.0)]])
0.247809, -0.0621455, -3.05139
float3(-0.011161, -0.489598, -1.66669)
513965.524478583
normal
simd_float4x4([[-0.115417, -0.990471, -0.0751336, 0.0)], [0.796902, -0.137484, 0.588256, 0.0)], [-0.592981, 0.0080207, 0.805177, 0.0)], [0.311332, -0.0565599, -3.14786, 1.0)]])
0.311332, -0.0565599, -3.14786
float3(-0.00802079, -0.634779, -1.70872)
513965.657797125
normal
simd_float4x4([[-0.107024, -0.993546, -0.0375662, 0.0)], [0.662315, -0.0994221, 0.7426, 0.0)], [-0.741542, 0.0545957, 0.668681, 0.0)], [0.395299, -0.057001, -3.21398, 1.0)]])
0.395299, -0.057001, -3.21398
float3(-0.0546229, -0.837019, -1.67053)
513965.791115375
normal
simd_float4x4([[-0.0463974, -0.998478, -0.0298133, 0.0)], [0.486035, -0.0486394, 0.872585, 0.0)], [-0.872707, 0.0259953, 0.487552, 0.0)], [0.474673, -0.0577018, -3.2363, 1.0)]])
0.474673, -0.0577018, -3.2363
float3(-0.0259982, -1.06132, -1.61947)
513965.924434
normal
simd_float4x4([[-0.0699462, -0.996534, -0.0450338, 0.0)], [0.254533, -0.0614792, 0.965108, 0.0)], [-0.964531, 0.056043, 0.257951, 0.0)], [0.567471, -0.0785564, -3.24582, 1.0)]])
0.567471, -0.0785564, -3.24582
float3(-0.0560724, -1.30948, -1.63241)
513966.057752375
normal
simd_float4x4([[-0.13121, -0.990767, -0.0341329, 0.0)], [0.0434051, -0.040139, 0.998251, 0.0)], [-0.990404, 0.129499, 0.048271, 0.0)], [0.644995, -0.10125, -3.25313, 1.0)]])
0.644995, -0.10125, -3.25313
float3(-0.129864, -1.5221, -1.61129)
513966.191070916
normal
simd_float4x4([[-0.189556, -0.979923, -0.0617989, 0.0)], [-0.120854, -0.039176, 0.991897, 0.0)], [-0.974404, 0.195489, -0.111002, 0.0)], [0.704418, -0.117332, -3.24669, 1.0)]])
0.704418, -0.117332, -3.24669
float3(-0.196756, -1.68422, -1.61075)
513966.324389416
normal
simd_float4x4([[-0.201209, -0.978418, -0.0470359, 0.0)], [-0.252119, 0.00532771, 0.967682, 0.0)], [-0.946547, 0.206565, -0.24775, 0.0)], [0.760389, -0.122665, -3.26854, 1.0)]])
0.760389, -0.122665, -3.26854
float3(-0.208062, -1.82679, -1.56535)
513966.457707875
normal
simd_float4x4([[-0.19534, -0.97987, -0.0411982, 0.0)], [-0.370072, 0.0347427, 0.928353, 0.0)], [-0.908234, 0.196591, -0.369409, 0.0)], [0.818809, -0.125846, -3.30411, 1.0)]])
0.818809, -0.125846, -3.30411
float3(-0.197879, -1.95709, -1.53535)
513966.591026291
normal
simd_float4x4([[-0.209958, -0.969319, -0.127824, 0.0)], [-0.451386, -0.0198702, 0.892107, 0.0)], [-0.867276, 0.245003, -0.433365, 0.0)], [0.874148, -0.132599, -3.32746, 1.0)]])
0.874148, -0.132599, -3.32746
float3(-0.247523, -2.03419, -1.59129)
513966.724344625
normal
simd_float4x4([[-0.220164, -0.96789, -0.121315, 0.0)], [-0.47803, -0.00135422, 0.878342, 0.0)], [-0.850303, 0.251371, -0.462382, 0.0)], [0.936298, -0.1399, -3.36764, 1.0)]])
0.936298, -0.1399, -3.36764
float3(-0.254097, -2.06886, -1.5722)
513966.857663291
normal
simd_float4x4([[-0.213536, -0.966587, -0.141813, 0.0)], [-0.473676, -0.0245188, 0.880358, 0.0)], [-0.85442, 0.255162, -0.452613, 0.0)], [1.01449, -0.141333, -3.41139, 1.0)]])
1.01449, -0.141333, -3.41139
float3(-0.258015, -2.05795, -1.59616)
513966.99098175
normal
simd_float4x4([[-0.191985, -0.971372, -0.139923, 0.0)], [-0.46323, -0.0360004, 0.885507, 0.0)], [-0.865194, 0.23482, -0.443057, 0.0)], [1.08036, -0.13376, -3.45467, 1.0)]])
