ARKit Data
601851.005559416
normal
simd_float4x4([[0.479231, -0.872797, -0.0925407, 0.0)], [-0.0871427, 0.0575999, -0.994529, 0.0)], [0.873352, 0.484674, -0.0484542, 0.0)], [-3.14976, -0.219815, -0.0419159, 1.0)]])
-3.14976, -0.219815, -0.0419159
float3(-0.50599, 1.62622, -1.5049)
601851.205672458
normal
simd_float4x4([[0.474456, -0.875569, -0.0909389, 0.0)], [-0.076682, 0.0618049, -0.995138, 0.0)], [0.876933, 0.479123, -0.0378167, 0.0)], [-3.21773, -0.214654, -0.0614398, 1.0)]])
-3.21773, -0.214654, -0.0614398
float3(-0.499655, 1.61389, -1.50032)
601851.934871666
notAvailable
simd_float4x4([[-0.0440664, 0.0, 0.999029, 0.0)], [0.0, 1.0, 0.0, 0.0)], [-0.999029, 0.0, -0.0440664, 0.0)], [-0.00714327, -0.132264, 0.011514, 1.0)]])
-0.00714327, -0.132264, 0.011514
float3(-0.0, -1.61488, 0.0)
601852.134884125
limited(__ObjC.ARCamera.TrackingState.Reason.initializing)
simd_float4x4([[0.0429468, -0.90566, 0.421825, 0.0)], [0.997387, 0.0634146, 0.0346055, 0.0)], [-0.0580906, 0.419237, 0.906017, 0.0)], [0.0, 0.0, 0.0, 1.0)]])
0.0, 0.0, 0.0
float3(-0.432604, -0.0640289, -1.50089)
601852.334997208
limited(__ObjC.ARCamera.TrackingState.Reason.initializing)
simd_float4x4([[-0.0299103, -0.938363, 0.344355, 0.0)], [0.972814, 0.0518233, 0.225716, 0.0)], [-0.229649, 0.341744, 0.911302, 0.0)], [0.0, 0.0, 0.0, 1.0)]])
0.0, 0.0, 0.0
float3(-0.348772, -0.246861, -1.51562)
601852.535110166
limited(__ObjC.ARCamera.TrackingState.Reason.initializing)
simd_float4x4([[-0.0316909, -0.964711, 0.261397, 0.0)], [0.910329, 0.0801202, 0.406056, 0.0)], [-0.41267, 0.250826, 0.875665, 0.0)], [0.0, 0.0, 0.0, 1.0)]])
0.0, 0.0, 0.0
float3(-0.253533, -0.440396, -1.48794)
601852.735223375
limited(__ObjC.ARCamera.TrackingState.Reason.initializing)
simd_float4x4([[-0.0552423, -0.980637, 0.18788, 0.0)], [0.83272, 0.0585768, 0.550587, 0.0)], [-0.550932, 0.186867, 0.813359, 0.0)], [0.0, 0.0, 0.0, 1.0)]])
0.0, 0.0, 0.0
float3(-0.187972, -0.595365, -1.51113)
601852.935336416
limited(__ObjC.ARCamera.TrackingState.Reason.initializing)
simd_float4x4([[-0.073519, -0.987851, 0.136912, 0.0)], [0.766582, 0.0318382, 0.641357, 0.0)], [-0.637924, 0.152106, 0.754928, 0.0)], [0.0, 0.0, 0.0, 1.0)]])
0.0, 0.0, 0.0
float3(-0.152699, -0.701592, -1.53858)
601853.135449708
limited(__ObjC.ARCamera.TrackingState.Reason.initializing)
simd_float4x4([[-0.0632008, -0.992959, 0.100179, 0.0)], [0.715716, 0.0248604, 0.697948, 0.0)], [-0.695526, 0.115811, 0.709105, 0.0)], [0.0, 0.0, 0.0, 1.0)]])
0.0, 0.0, 0.0
float3(-0.116071, -0.77573, -1.54576)
601853.352238791
limited(__ObjC.ARCamera.TrackingState.Reason.initializing)
simd_float4x4([[-0.0643008, -0.994498, 0.0826839, 0.0)], [0.540708, 0.0349178, 0.840485, 0.0)], [-0.838749, 0.0987523, 0.535487, 0.0)], [0.0, 0.0, 0.0, 1.0)]])
0.0, 0.0, 0.0
float3(-0.0989135, -1.00259, -1.5357)
601853.585704291
limited(__ObjC.ARCamera.TrackingState.Reason.initializing)
simd_float4x4([[-0.0935743, -0.994751, 0.0413543, 0.0)], [0.362926, 0.00459632, 0.931805, 0.0)], [-0.927107, 0.102203, 0.36059, 0.0)], [0.0, 0.0, 0.0, 1.0)]])
0.0, 0.0, 0.0
float3(-0.102382, -1.19986, -1.56618)
601853.819169458
normal
simd_float4x4([[-0.100077, -0.99496, -0.00628119, 0.0)], [0.207125, -0.0270072, 0.977942, 0.0)], [-0.973182, 0.0965688, 0.208784, 0.0)], [-0.00257686, 0.00156811, -0.033229, 1.0)]])
-0.00257686, 0.00156811, -0.033229
float3(-0.0967195, -1.35946, -1.59793)
601854.019282541
normal
simd_float4x4([[-0.119054, -0.992884, -0.00267615, 0.0)], [0.116505, -0.0166464, 0.993051, 0.0)], [-0.986029, 0.117915, 0.117658, 0.0)], [-0.0126255, 0.00823107, -0.0916788, 1.0)]])
-0.0126255, 0.00823107, -0.0916788
float3(-0.11819, -1.45203, -1.58756)
601854.252748
normal
simd_float4x4([[-0.10394, -0.994526, -0.0106667, 0.0)], [0.128731, -0.024087, 0.991387, 0.0)], [-0.986217, 0.101672, 0.13053, 0.0)], [-0.028562, 0.0135066, -0.144178, 1.0)]])
-0.028562, 0.0135066, -0.144178
float3(-0.101848, -1.43921, -1.59501)
601854.469537208
limited(__ObjC.ARCamera.TrackingState.Reason.excessiveMotion)
simd_float4x4([[-0.0828996, -0.996482, 0.0122698, 0.0)], [0.220867, -0.0063656, 0.975283, 0.0)], [-0.971774, 0.0835606, 0.220618, 0.0)], [-0.044871, 0.0312205, -0.211014, 1.0)]])
-0.044871, 0.0312205, -0.211014
float3(-0.0836581, -1.34755, -1.57718)
601854.669650541
normal
simd_float4x4([[-0.0778072, -0.996646, 0.025354, 0.0)], [0.282696, 0.00233182, 0.959207, 0.0)], [-0.956049, 0.0818006, 0.281566, 0.0)], [-0.0691273, -0.00172453, -0.250321, 1.0)]])
-0.0691273, -0.00172453, -0.250321
float3(-0.0818921, -1.28438, -1.56846)
601854.869763666
normal
simd_float4x4([[-0.06497, -0.997253, 0.0355622, 0.0)], [0.378728, 0.0083287, 0.925471, 0.0)], [-0.923225, 0.0735963, 0.377146, 0.0)], [-0.0785696, -0.00962118, -0.206996, 1.0)]])
-0.0785696, -0.00962118, -0.206996
float3(-0.0736629, -1.18298, -1.56244)
601855.069876833
normal
simd_float4x4([[-0.0637047, -0.997541, 0.0292306, 0.0)], [0.416879, 1.24393e-05, 0.908962, 0.0)], [-0.906727, 0.0700907, 0.415853, 0.0)], [-0.0834605, -0.0264152, -0.169731, 1.0)]])
-0.0834605, -0.0264152, -0.169731
float3(-0.0701483, -1.14079, -1.57078)
601855.269989875
normal
simd_float4x4([[-0.0713015, -0.997087, 0.0270981, 0.0)], [0.428091, -0.00605217, 0.903715, 0.0)], [-0.900919, 0.0760367, 0.427275, 0.0)], [-0.082019, -0.0324988, -0.17447, 1.0)]])
-0.082019, -0.0324988, -0.17447
float3(-0.0761101, -1.12795, -1.57687)
601855.470103166
normal
simd_float4x4([[-0.0695476, -0.997365, 0.0206576, 0.0)], [0.435028, -0.011687, 0.900341, 0.0)], [-0.897727, 0.0716032, 0.434694, 0.0)], [-0.0839529, -0.0294849, -0.176641, 1.0)]])
-0.0839529, -0.0294849, -0.176641
float3(-0.0716645, -1.11986, -1.58251)
601855.670216208
normal
simd_float4x4([[-0.0652145, -0.997775, 0.0138647, 0.0)], [0.422752, -0.0150399, 0.906121, 0.0)], [-0.903896, 0.0649535, 0.422793, 0.0)], [-0.0874746, -0.0256467, -0.177866, 1.0)]])
-0.0874746, -0.0256467, -0.177866
float3(-0.0649993, -1.13328, -1.58587)
601855.8703295
normal
simd_float4x4([[-0.0573919, -0.998258, 0.0137095, 0.0)], [0.413897, -0.0112949, 0.910254, 0.0)], [-0.908513, 0.0579155, 0.413824, 0.0)], [-0.0913225, -0.0233825, -0.181295, 1.0)]])
-0.0913225, -0.0233825, -0.181295
float3(-0.0579479, -1.14338, -1.58211)
601856.07044275
normal
simd_float4x4([[-0.0552358, -0.998425, 0.00984417, 0.0)], [0.412485, -0.0138391, 0.910859, 0.0)], [-0.909288, 0.0543726, 0.4126, 0.0)], [-0.0933455, -0.0217028, -0.183666, 1.0)]])
-0.0933455, -0.0217028, -0.183666
float3(-0.0543995, -1.14482, -1.58466)
601856.270555833
normal
simd_float4x4([[-0.0521126, -0.998626, 0.00544468, 0.0)], [0.406341, -0.0162236, 0.913577, 0.0)], [-0.912234, 0.0498213, 0.406628, 0.0)], [-0.0945123, -0.0218036, -0.18488, 1.0)]])
-0.0945123, -0.0218036, -0.18488
float3(-0.0498419, -1.15148, -1.58704)
601856.470669083
normal
simd_float4x4([[-0.0502101, -0.998731, 0.00394401, 0.0)], [0.404068, -0.0167024, 0.914576, 0.0)], [-0.91335, 0.0475146, 0.404394, 0.0)], [-0.0967996, -0.0210479, -0.187594, 1.0)]])
-0.0967996, -0.0210479, -0.187594
float3(-0.0475325, -1.15398, -1.58752)
601856.670782291
normal
simd_float4x4([[-0.0504354, -0.998713, 0.0054029, 0.0)], [0.399063, -0.0151931, 0.916798, 0.0)], [-0.915535, 0.0483951, 0.399316, 0.0)], [-0.105279, -0.0199188, -0.197292, 1.0)]])
-0.105279, -0.0199188, -0.197292
float3(-0.048414, -1.15952, -1.58601)
601856.8708955
normal
simd_float4x4([[-0.0483531, -0.998815, 0.00558553, 0.0)], [0.39278, -0.0138725, 0.919528, 0.0)], [-0.91836, 0.0466559, 0.392985, 0.0)], [-0.110341, -0.019195, -0.202649, 1.0)]])
-0.110341, -0.019195, -0.202649
float3(-0.0466728, -1.16645, -1.58468)
601857.071008666
normal
simd_float4x4([[-0.0486446, -0.99881, 0.00341188, 0.0)], [0.387792, -0.0157383, 0.921613, 0.0)], [-0.920462, 0.0461546, 0.388096, 0.0)], [-0.115094, -0.0189735, -0.208499, 1.0)]])
-0.115094, -0.0189735, -0.208499
float3(-0.046171, -1.17178, -1.58655)
601857.287798083
normal
simd_float4x4([[-0.0424727, -0.999097, -0.00127906, 0.0)], [0.402845, -0.0182969, 0.915085, 0.0)], [-0.914282, 0.0383508, 0.403258, 0.0)], [-0.119958, -0.0199754, -0.214952, 1.0)]])
-0.119958, -0.0199754, -0.214952
float3(-0.0383603, -1.1554, -1.58911)
601857.487911208
normal
simd_float4x4([[-0.0558113, -0.998418, 0.00681714, 0.0)], [0.399961, -0.0161006, 0.916391, 0.0)], [-0.914831, 0.0538715, 0.400227, 0.0)], [-0.121204, -0.0220944, -0.222713, 1.0)]])
-0.121204, -0.0220944, -0.222713
float3(-0.0538976, -1.1584, -1.58692)
601857.738052833
normal
simd_float4x4([[-0.0506197, -0.998682, 0.00843274, 0.0)], [0.389196, -0.0119495, 0.921077, 0.0)], [-0.919763, 0.0499066, 0.389288, 0.0)], [-0.129657, -0.0216849, -0.231631, 1.0)]])
-0.129657, -0.0216849, -0.231631
float3(-0.0499274, -1.17041, -1.58276)
601857.97151825
normal
simd_float4x4([[-0.0474506, -0.998816, 0.0107436, 0.0)], [0.382239, -0.00821988, 0.924027, 0.0)], [-0.922844, 0.0479523, 0.382176, 0.0)], [-0.13544, -0.0208428, -0.240087, 1.0)]])
-0.13544, -0.0208428, -0.240087
float3(-0.0479707, -1.17817, -1.57903)
601858.188307541
normal
simd_float4x4([[-0.050374, -0.9987, 0.00783534, 0.0)], [0.375766, -0.0116835, 0.926641, 0.0)], [-0.925344, 0.0496228, 0.375866, 0.0)], [-0.136535, -0.0213078, -0.245381, 1.0)]])
-0.136535, -0.0213078, -0.245381
float3(-0.0496432, -1.18497, -1.58249)
601858.405096916
normal
simd_float4x4([[-0.0527528, -0.998583, 0.00699051, 0.0)], [0.371197, -0.0131099, 0.928462, 0.0)], [-0.927054, 0.0515738, 0.371363, 0.0)], [-0.137416, -0.0215762, -0.249234, 1.0)]])
-0.137416, -0.0215762, -0.249234
float3(-0.0515967, -1.18979, -1.58392)
601858.605210166
normal
simd_float4x4([[-0.0508621, -0.998693, 0.00501452, 0.0)], [0.366491, -0.0139937, 0.930316, 0.0)], [-0.92903, 0.0491556, 0.366724, 0.0)], [-0.140622, -0.0218067, -0.253818, 1.0)]])
-0.140622, -0.0218067, -0.253818
float3(-0.0491754, -1.19483, -1.58481)
601858.805323333
normal
simd_float4x4([[-0.0503154, -0.998731, 0.00191789, 0.0)], [0.363913, -0.0165453, 0.931286, 0.0)], [-0.930073, 0.0475559, 0.364284, 0.0)], [-0.143848, -0.0219745, -0.259173, 1.0)]])
-0.143848, -0.0219745, -0.259173
float3(-0.0475739, -1.19749, -1.58736)
601859.005436666
normal
simd_float4x4([[-0.0474141, -0.998869, 0.0036084, 0.0)], [0.360533, -0.0137445, 0.932645, 0.0)], [-0.931541, 0.0455215, 0.360777, 0.0)], [-0.146605, -0.0210226, -0.268923, 1.0)]])
-0.146605, -0.0210226, -0.268923
float3(-0.0455372, -1.20129, -1.58456)
601859.205549916
normal
simd_float4x4([[-0.0462911, -0.998925, 0.0022347, 0.0)], [0.356044, -0.0144092, 0.934358, 0.0)], [-0.933322, 0.0440482, 0.356328, 0.0)], [-0.151553, -0.0211308, -0.276775, 1.0)]])
-0.151553, -0.0211308, -0.276775
float3(-0.0440624, -1.20609, -1.58522)
601859.405663208
normal
simd_float4x4([[-0.045527, -0.998958, 0.00324303, 0.0)], [0.352209, -0.0130136, 0.935831, 0.0)], [-0.934814, 0.0437478, 0.352434, 0.0)], [-0.156013, -0.0203563, -0.281994, 1.0)]])
-0.156013, -0.0203563, -0.281994
float3(-0.0437618, -1.21026, -1.58382)
601859.605776333
normal
simd_float4x4([[-0.0449895, -0.998981, 0.00354702, 0.0)], [0.348679, -0.0123754, 0.937161, 0.0)], [-0.936162, 0.0433992, 0.348881, 0.0)], [-0.160861, -0.021265, -0.284142, 1.0)]])
-0.160861, -0.021265, -0.284142
float3(-0.0434128, -1.21407, -1.58318)
601859.805889666
normal
simd_float4x4([[-0.0414237, -0.999141, 0.00129623, 0.0)], [0.340836, -0.0129113, 0.940034, 0.0)], [-0.93921, 0.0393815, 0.341078, 0.0)], [-0.169271, -0.0219634, -0.282952, 1.0)]])
-0.169271, -0.0219634, -0.282952
float3(-0.0393917, -1.22245, -1.58372)
601860.006002916
normal
simd_float4x4([[-0.0395927, -0.999213, 0.00257886, 0.0)], [0.334999, -0.0108424, 0.942156, 0.0)], [-0.941386, 0.0381665, 0.335164, 0.0)], [-0.173519, -0.0226228, -0.284584, 1.0)]])
-0.173519, -0.0226228, -0.284584
float3(-0.0381757, -1.22876, -1.58165)
601860.206116291
normal
simd_float4x4([[-0.038776, -0.99923, 0.00594823, 0.0)], [0.33139, -0.00724359, 0.943466, 0.0)], [-0.942697, 0.038555, 0.331415, 0.0)], [-0.174935, -0.0219596, -0.287708, 1.0)]])
-0.174935, -0.0219596, -0.287708
float3(-0.0385646, -1.23273, -1.57805)
601860.406229625
normal
simd_float4x4([[-0.0418816, -0.999091, 0.00799878, 0.0)], [0.326512, -0.00612019, 0.945173, 0.0)], [-0.944265, 0.0421971, 0.326472, 0.0)], [-0.175266, -0.0220424, -0.29009, 1.0)]])
-0.175266, -0.0220424, -0.29009
float3(-0.0422096, -1.23792, -1.57692)
601860.623018833
normal
simd_float4x4([[-0.0467045, -0.998853, 0.0105104, 0.0)], [0.326318, -0.0053117, 0.945245, 0.0)], [-0.944106, 0.0475769, 0.326192, 0.0)], [-0.174824, -0.024057, -0.30031, 1.0)]])
-0.174824, -0.024057, -0.30031
float3(-0.0475949, -1.23813, -1.57611)
601860.839808333
normal
simd_float4x4([[-0.0462129, -0.998894, 0.00868356, 0.0)], [0.321102, -0.00662285, 0.947021, 0.0)], [-0.945916, 0.0465529, 0.321053, 0.0)], [-0.179363, -0.024614, -0.300363, 1.0)]])
-0.179363, -0.024614, -0.300363
float3(-0.0465697, -1.24359, -1.57743)
601861.039921541
normal
simd_float4x4([[-0.0455496, -0.998938, 0.00688613, 0.0)], [0.315766, -0.00785775, 0.948805, 0.0)], [-0.947743, 0.0453921, 0.315789, 0.0)], [-0.18093, -0.0248926, -0.30176, 1.0)]])
-0.18093, -0.0248926, -0.30176
float3(-0.0454077, -1.24917, -1.57866)
601861.24003475
normal
simd_float4x4([[-0.0436293, -0.999007, 0.00906011, 0.0)], [0.314525, -0.00512741, 0.949236, 0.0)], [-0.948246, 0.0442641, 0.314436, 0.0)], [-0.183049, -0.0241735, -0.306273, 1.0)]])
-0.183049, -0.0241735, -0.306273
float3(-0.0442786, -1.25061, -1.57593)
601861.440148208
normal
simd_float4x4([[-0.0424528, -0.999058, 0.00896132, 0.0)], [0.312137, -0.00474206, 0.950025, 0.0)], [-0.949088, 0.0431283, 0.312044, 0.0)], [-0.18431, -0.0238593, -0.312039, 1.0)]])
-0.18431, -0.0238593, -0.312039
float3(-0.0431417, -1.25315, -1.57554)
601861.640261625
normal
simd_float4x4([[-0.0433846, -0.999036, 0.00676211, 0.0)], [0.309237, -0.00699236, 0.950959, 0.0)], [-0.949995, 0.043348, 0.309242, 0.0)], [-0.184964, -0.0243589, -0.313294, 1.0)]])
-0.184964, -0.0243589, -0.313294
float3(-0.0433616, -1.25609, -1.5778)
601861.857050875
normal
simd_float4x4([[-0.0447003, -0.998985, 0.00556505, 0.0)], [0.304586, -0.00832311, 0.952448, 0.0)], [-0.951435, 0.0442697, 0.304649, 0.0)], [-0.185699, -0.0249202, -0.315269, 1.0)]])
-0.185699, -0.0249202, -0.315269
float3(-0.0442842, -1.26091, -1.57913)
601862.05716425
normal
simd_float4x4([[-0.0445955, -0.998993, 0.00485936, 0.0)], [0.302513, -0.00886819, 0.953104, 0.0)], [-0.952101, 0.0439742, 0.302604, 0.0)], [-0.188202, -0.0246987, -0.316187, 1.0)]])
-0.188202, -0.0246987, -0.316187
float3(-0.0439884, -1.26307, -1.57967)
601862.2572775
normal
simd_float4x4([[-0.0424602, -0.999086, 0.00482935, 0.0)], [0.303687, -0.00830112, 0.952736, 0.0)], [-0.951825, 0.0419199, 0.303763, 0.0)], [-0.190955, -0.0246553, -0.31935, 1.0)]])
-0.190955, -0.0246553, -0.31935
float3(-0.0419322, -1.26188, -1.5791)
601862.457390791
normal
simd_float4x4([[-0.0379313, -0.99926, 0.00639791, 0.0)], [0.303974, -0.00543912, 0.952665, 0.0)], [-0.951925, 0.0380807, 0.303956, 0.0)], [-0.195423, -0.0237819, -0.324333, 1.0)]])
-0.195423, -0.0237819, -0.324333
float3(-0.0380899, -1.26172, -1.57624)
