ARKit Data
450.379264166
normal
simd_float4x4([[0.475328, -0.804572, 0.355988, 0.0)], [0.607267, 0.0072475, -0.794465, 0.0)], [0.636624, 0.593811, 0.492035, 0.0)], [-1.63303, 0.183842, -0.905959, 1.0)]])
-1.63303, 0.183842, -0.905959
float3(-0.635787, 0.912811, -1.56179)
450.734322541
notAvailable
simd_float4x4([[1.0, 0.0, 0.0, 0.0)], [0.0, 1.0, 0.0, 0.0)], [0.0, 0.0, 1.0, 0.0)], [0.0, 0.0, 0.0, 1.0)]])
0.0, 0.0, 0.0
float3(-0.0, 0.0, 0.0)
450.834341
notAvailable
simd_float4x4([[1.0, 0.0, 0.0, 0.0)], [0.0, 1.0, 0.0, 0.0)], [0.0, 0.0, 1.0, 0.0)], [0.0, 0.0, 0.0, 1.0)]])
0.0, 0.0, 0.0
float3(-0.0, 0.0, 0.0)
450.9343925
limited(__ObjC.ARCamera.TrackingState.Reason.initializing)
simd_float4x4([[0.0605809, -0.84199, 0.53608, 0.0)], [0.998163, 0.0514352, -0.0320133, 0.0)], [-0.000618519, 0.537035, 0.843559, 0.0)], [0.0, 0.0, 0.0, 1.0)]])
0.0, 0.0, 0.0
float3(-0.566918, -0.000733225, -1.50978)
451.034443958
limited(__ObjC.ARCamera.TrackingState.Reason.initializing)
simd_float4x4([[0.0442214, -0.855522, 0.515873, 0.0)], [0.99902, 0.0368896, -0.0244598, 0.0)], [0.00189559, 0.516449, 0.856315, 0.0)], [0.0, 0.0, 0.0, 1.0)]])
0.0, 0.0, 0.0
float3(-0.542699, 0.00221366, -1.5277)
451.134495458
limited(__ObjC.ARCamera.TrackingState.Reason.initializing)
simd_float4x4([[0.0634011, -0.863067, 0.501093, 0.0)], [0.997886, 0.0620089, -0.0194557, 0.0)], [-0.0142807, 0.501268, 0.865174, 0.0)], [0.0, 0.0, 0.0, 1.0)]])
0.0, 0.0, 0.0
float3(-0.525063, -0.0165046, -1.49907)
451.234547
limited(__ObjC.ARCamera.TrackingState.Reason.initializing)
simd_float4x4([[0.0524215, -0.865057, 0.498926, 0.0)], [0.998427, 0.0553508, -0.00893393, 0.0)], [-0.0198876, 0.49861, 0.866598, 0.0)], [0.0, 0.0, 0.0, 1.0)]])
0.0, 0.0, 0.0
float3(-0.521994, -0.0229451, -1.5069)
451.334598333
limited(__ObjC.ARCamera.TrackingState.Reason.initializing)
simd_float4x4([[0.0386485, -0.863247, 0.503299, 0.0)], [0.998785, 0.0487756, 0.00696185, 0.0)], [-0.0305585, 0.502418, 0.864084, 0.0)], [0.0, 0.0, 0.0, 1.0)]])
0.0, 0.0, 0.0
float3(-0.526393, -0.0353505, -1.51435)
451.434649916
limited(__ObjC.ARCamera.TrackingState.Reason.initializing)
simd_float4x4([[0.0132486, -0.848981, 0.528255, 0.0)], [0.998552, 0.0387848, 0.0372894, 0.0)], [-0.0521464, 0.526996, 0.848265, 0.0)], [0.0, 0.0, 0.0, 1.0)]])
0.0, 0.0, 0.0
float3(-0.555062, -0.0613969, -1.52514)
451.534701458
limited(__ObjC.ARCamera.TrackingState.Reason.initializing)
simd_float4x4([[-0.0178838, -0.835394, 0.549358, 0.0)], [0.99777, 0.0204258, 0.0635426, 0.0)], [-0.0643043, 0.54927, 0.833166, 0.0)], [0.0, 0.0, 0.0, 1.0)]])
0.0, 0.0, 0.0
float3(-0.58149, -0.077028, -1.54635)
451.634752958
limited(__ObjC.ARCamera.TrackingState.Reason.initializing)
simd_float4x4([[-0.0342841, -0.827982, 0.559704, 0.0)], [0.996067, 0.0174769, 0.0868672, 0.0)], [-0.0817065, 0.560481, 0.824126, 0.0)], [0.0, 0.0, 0.0, 1.0)]])
0.0, 0.0, 0.0
float3(-0.594966, -0.0988203, -1.54969)
451.734804541
limited(__ObjC.ARCamera.TrackingState.Reason.initializing)
simd_float4x4([[-0.0410548, -0.828594, 0.558342, 0.0)], [0.994962, 0.017252, 0.098762, 0.0)], [-0.0914663, 0.559583, 0.823711, 0.0)], [0.0, 0.0, 0.0, 1.0)]])
0.0, 0.0, 0.0
float3(-0.593883, -0.110589, -1.54998)
451.834856
limited(__ObjC.ARCamera.TrackingState.Reason.initializing)
simd_float4x4([[-0.0422438, -0.83211, 0.552998, 0.0)], [0.995167, 0.014061, 0.0971796, 0.0)], [-0.0886401, 0.554431, 0.827495, 0.0)], [0.0, 0.0, 0.0, 1.0)]])
0.0, 0.0, 0.0
float3(-0.587679, -0.106712, -1.5539)
451.934907458
limited(__ObjC.ARCamera.TrackingState.Reason.initializing)
simd_float4x4([[-0.0371815, -0.833641, 0.551051, 0.0)], [0.996374, 0.0112998, 0.0843242, 0.0)], [-0.0765233, 0.552188, 0.830198, 0.0)], [0.0, 0.0, 0.0, 1.0)]])
0.0, 0.0, 0.0
float3(-0.584987, -0.091915, -1.55724)
452.034959125
limited(__ObjC.ARCamera.TrackingState.Reason.initializing)
simd_float4x4([[-0.0288611, -0.833645, 0.551543, 0.0)], [0.997692, 0.00990137, 0.0671733, 0.0)], [-0.0614601, 0.552209, 0.831435, 0.0)], [0.0, 0.0, 0.0, 1.0)]])
0.0, 0.0, 0.0
float3(-0.585011, -0.0737863, -1.55892)
452.135010541
limited(__ObjC.ARCamera.TrackingState.Reason.initializing)
simd_float4x4([[-0.0108325, -0.83651, 0.547841, 0.0)], [0.998946, 0.0153881, 0.0432489, 0.0)], [-0.0446086, 0.547732, 0.835461, 0.0)], [0.0, 0.0, 0.0, 1.0)]])
0.0, 0.0, 0.0
float3(-0.579652, -0.0533433, -1.5524)
452.235062208
limited(__ObjC.ARCamera.TrackingState.Reason.initializing)
simd_float4x4([[0.0053655, -0.843898, 0.536472, 0.0)], [0.999794, 0.0150262, 0.0136378, 0.0)], [-0.0195702, 0.536289, 0.843805, 0.0)], [0.0, 0.0, 0.0, 1.0)]])
0.0, 0.0, 0.0
float3(-0.566034, -0.0231886, -1.55299)
452.33511375
limited(__ObjC.ARCamera.TrackingState.Reason.initializing)
simd_float4x4([[0.0211368, -0.857644, 0.513804, 0.0)], [0.999746, 0.0140843, -0.0176177, 0.0)], [0.00787313, 0.514046, 0.857724, 0.0)], [0.0, 0.0, 0.0, 1.0)]])
0.0, 0.0, 0.0
float3(-0.539895, 0.00917884, -1.55438)
452.43516475
limited(__ObjC.ARCamera.TrackingState.Reason.initializing)
simd_float4x4([[0.0384099, -0.873474, 0.485349, 0.0)], [0.998647, 0.0165112, -0.0493168, 0.0)], [0.0350634, 0.486586, 0.872926, 0.0)], [0.0, 0.0, 0.0, 1.0)]])
0.0, 0.0, 0.0
float3(-0.508178, 0.0401461, -1.5519)
452.535216833
limited(__ObjC.ARCamera.TrackingState.Reason.initializing)
simd_float4x4([[0.0586959, -0.88607, 0.459815, 0.0)], [0.996723, 0.0263365, -0.0764821, 0.0)], [0.0556588, 0.462797, 0.884712, 0.0)], [0.0, 0.0, 0.0, 1.0)]])
0.0, 0.0, 0.0
float3(-0.481148, 0.062829, -1.54108)
452.63526825
limited(__ObjC.ARCamera.TrackingState.Reason.initializing)
simd_float4x4([[0.0740753, -0.896028, 0.437766, 0.0)], [0.994887, 0.0361789, -0.094295, 0.0)], [0.0686535, 0.442513, 0.894126, 0.0)], [0.0, 0.0, 0.0, 1.0)]])
0.0, 0.0, 0.0
float3(-0.458399, 0.0766325, -1.53044)
452.735319916
limited(__ObjC.ARCamera.TrackingState.Reason.initializing)
simd_float4x4([[0.0799639, -0.904025, 0.419925, 0.0)], [0.994445, 0.0434211, -0.0958884, 0.0)], [0.0684525, 0.425259, 0.902475, 0.0)], [0.0, 0.0, 0.0, 1.0)]])
0.0, 0.0, 0.0
float3(-0.439248, 0.0757048, -1.5228)
452.835371416
limited(__ObjC.ARCamera.TrackingState.Reason.initializing)
simd_float4x4([[0.0815929, -0.911564, 0.402969, 0.0)], [0.994595, 0.0484205, -0.0918519, 0.0)], [0.0642176, 0.408285, 0.910588, 0.0)], [0.0, 0.0, 0.0, 1.0)]])
0.0, 0.0, 0.0
float3(-0.420575, 0.0704067, -1.51773)
452.935423
limited(__ObjC.ARCamera.TrackingState.Reason.initializing)
simd_float4x4([[0.0800131, -0.917282, 0.390106, 0.0)], [0.995252, 0.0517611, -0.0824227, 0.0)], [0.0554131, 0.394849, 0.917068, 0.0)], [0.0, 0.0, 0.0, 1.0)]])
0.0, 0.0, 0.0
float3(-0.405903, 0.0603508, -1.51443)
453.035474625
limited(__ObjC.ARCamera.TrackingState.Reason.initializing)
simd_float4x4([[0.0777003, -0.923002, 0.376853, 0.0)], [0.995852, 0.0539051, -0.0732998, 0.0)], [0.0473422, 0.380985, 0.923362, 0.0)], [0.0, 0.0, 0.0, 1.0)]])
0.0, 0.0, 0.0
float3(-0.390862, 0.0512267, -1.51246)
453.135526125
limited(__ObjC.ARCamera.TrackingState.Reason.initializing)
simd_float4x4([[0.0751778, -0.927657, 0.365773, 0.0)], [0.996344, 0.054956, -0.0654024, 0.0)], [0.0405702, 0.369352, 0.928397, 0.0)], [0.0, 0.0, 0.0, 1.0)]])
0.0, 0.0, 0.0
float3(-0.378312, 0.0436714, -1.51162)
453.23557775
limited(__ObjC.ARCamera.TrackingState.Reason.initializing)
simd_float4x4([[0.0733853, -0.931446, 0.356386, 0.0)], [0.99666, 0.0556554, -0.0597662, 0.0)], [0.0358347, 0.359582, 0.932419, 0.0)], [0.0, 0.0, 0.0, 1.0)]])
0.0, 0.0, 0.0
float3(-0.36782, 0.0384131, -1.51112)
453.335629333
limited(__ObjC.ARCamera.TrackingState.Reason.initializing)
simd_float4x4([[0.0689557, -0.933073, 0.352997, 0.0)], [0.997226, 0.0545292, -0.0506644, 0.0)], [0.0280255, 0.355511, 0.934245, 0.0)], [0.0, 0.0, 0.0, 1.0)]])
0.0, 0.0, 0.0
float3(-0.363461, 0.029989, -1.51242)
453.435681
limited(__ObjC.ARCamera.TrackingState.Reason.initializing)
simd_float4x4([[0.062782, -0.934032, 0.351608, 0.0)], [0.997922, 0.0536402, -0.0356915, 0.0)], [0.0144771, 0.353118, 0.935459, 0.0)], [0.0, 0.0, 0.0, 1.0)]])
0.0, 0.0, 0.0
float3(-0.360902, 0.0154746, -1.51343)
453.535732458
limited(__ObjC.ARCamera.TrackingState.Reason.initializing)
simd_float4x4([[0.0529674, -0.933328, 0.355075, 0.0)], [0.998596, 0.0495749, -0.0186517, 0.0)], [-0.000194506, 0.355565, 0.934643, 0.0)], [0.0, 0.0, 0.0, 1.0)]])
0.0, 0.0, 0.0
float3(-0.363518, -0.000208107, -1.51773)
453.635784166
limited(__ObjC.ARCamera.TrackingState.Reason.initializing)
simd_float4x4([[0.039538, -0.931243, 0.362225, 0.0)], [0.999121, 0.0418946, -0.00134845, 0.0)], [-0.0139196, 0.36196, 0.932081, 0.0)], [0.0, 0.0, 0.0, 1.0)]])
0.0, 0.0, 0.0
float3(-0.37037, -0.0149328, -1.52584)
453.735835708
limited(__ObjC.ARCamera.TrackingState.Reason.initializing)
simd_float4x4([[0.0278638, -0.927502, 0.372758, 0.0)], [0.998983, 0.0390562, 0.0225082, 0.0)], [-0.0354352, 0.371752, 0.927648, 0.0)], [0.0, 0.0, 0.0, 1.0)]])
0.0, 0.0, 0.0
float3(-0.380895, -0.0381804, -1.52871)
453.835887333
limited(__ObjC.ARCamera.TrackingState.Reason.initializing)
simd_float4x4([[0.0147346, -0.921523, 0.388028, 0.0)], [0.998467, 0.03427, 0.0434749, 0.0)], [-0.0533614, 0.386792, 0.920615, 0.0)], [0.0, 0.0, 0.0, 1.0)]])
0.0, 0.0, 0.0
float3(-0.39715, -0.057898, -1.53363)
453.935939
limited(__ObjC.ARCamera.TrackingState.Reason.initializing)
simd_float4x4([[0.00256181, -0.914532, 0.404491, 0.0)], [0.997318, 0.0319205, 0.0658564, 0.0)], [-0.07314, 0.403237, 0.912161, 0.0)], [0.0, 0.0, 0.0, 1.0)]])
0.0, 0.0, 0.0
float3(-0.415052, -0.080012, -1.53591)
454.035990541
limited(__ObjC.ARCamera.TrackingState.Reason.initializing)
simd_float4x4([[-0.00491553, -0.908619, 0.417582, 0.0)], [0.995544, 0.034875, 0.0876062, 0.0)], [-0.0941648, 0.416152, 0.904399, 0.0)], [0.0, 0.0, 0.0, 1.0)]])
0.0, 0.0, 0.0
float3(-0.42921, -0.103745, -1.53243)
454.136042333
limited(__ObjC.ARCamera.TrackingState.Reason.initializing)
simd_float4x4([[-0.0113966, -0.902505, 0.430517, 0.0)], [0.992912, 0.0407231, 0.111656, 0.0)], [-0.118303, 0.428738, 0.895644, 0.0)], [0.0, 0.0, 0.0, 1.0)]])
0.0, 0.0, 0.0
float3(-0.443095, -0.131327, -1.5257)
454.236093875
limited(__ObjC.ARCamera.TrackingState.Reason.initializing)
simd_float4x4([[-0.00905229, -0.891451, 0.453016, 0.0)], [0.990649, 0.0536782, 0.125427, 0.0)], [-0.13613, 0.449915, 0.882629, 0.0)], [0.0, 0.0, 0.0, 1.0)]])
0.0, 0.0, 0.0
float3(-0.466671, -0.153027, -1.51065)
454.3361455
limited(__ObjC.ARCamera.TrackingState.Reason.initializing)
simd_float4x4([[-0.00848644, -0.87587, 0.482462, 0.0)], [0.989054, 0.0637234, 0.133085, 0.0)], [-0.14731, 0.47831, 0.865742, 0.0)], [0.0, 0.0, 0.0, 1.0)]])
0.0, 0.0, 0.0
float3(-0.498729, -0.168541, -1.49817)
454.436197083
limited(__ObjC.ARCamera.TrackingState.Reason.initializing)
simd_float4x4([[-0.0131781, -0.863992, 0.503323, 0.0)], [0.987663, 0.0673027, 0.141392, 0.0)], [-0.156038, 0.498977, 0.852446, 0.0)], [0.0, 0.0, 0.0, 1.0)]])
0.0, 0.0, 0.0
float3(-0.522418, -0.181043, -1.49306)
454.53624875
limited(__ObjC.ARCamera.TrackingState.Reason.initializing)
simd_float4x4([[-0.0117427, -0.852046, 0.523327, 0.0)], [0.987225, 0.0732861, 0.141474, 0.0)], [-0.158896, 0.518303, 0.840301, 0.0)], [0.0, 0.0, 0.0, 1.0)]])
0.0, 0.0, 0.0
float3(-0.544866, -0.186887, -1.485)
454.6363005
normal
simd_float4x4([[-0.0201086, -0.84861, 0.528636, 0.0)], [0.989508, 0.0587721, 0.131985, 0.0)], [-0.143073, 0.525744, 0.838525, 0.0)], [0.0073124, -0.00859477, -0.0132927, 1.0)]])
0.0073124, -0.00859477, -0.0132927
float3(-0.553589, -0.168997, -1.50165)
454.736352
normal
simd_float4x4([[-0.0135228, -0.831572, 0.555253, 0.0)], [0.994317, 0.0474592, 0.0952928, 0.0)], [-0.105595, 0.553387, 0.826204, 0.0)], [0.0182797, -0.0191319, -0.0368937, 1.0)]])
0.0182797, -0.0191319, -0.0368937
float3(-0.586425, -0.127118, -1.51379)
454.83640375
normal
simd_float4x4([[0.00336781, -0.82731, 0.561736, 0.0)], [0.997652, 0.0412104, 0.0547122, 0.0)], [-0.0684134, 0.560232, 0.825506, 0.0)], [0.0285953, -0.0192699, -0.0578758, 1.0)]])
0.0285953, -0.0192699, -0.0578758
float3(-0.594666, -0.0826855, -1.52102)
454.936455375
normal
simd_float4x4([[0.0257114, -0.828478, 0.559431, 0.0)], [0.999124, 0.0397891, 0.0130052, 0.0)], [-0.0330338, 0.558606, 0.828775, 0.0)], [0.0421285, -0.0159311, -0.0840965, 1.0)]])
0.0421285, -0.0159311, -0.0840965
float3(-0.592704, -0.0398375, -1.52281)
455.036507041
normal
simd_float4x4([[0.0434229, -0.836634, 0.546038, 0.0)], [0.999055, 0.0352699, -0.0254083, 0.0)], [0.00199869, 0.546625, 0.837375, 0.0)], [0.0582338, -0.0118504, -0.10722, 1.0)]])
0.0582338, -0.0118504, -0.10722
float3(-0.578328, 0.00238685, -1.52866)
455.136558666
normal
simd_float4x4([[0.0690993, -0.842927, 0.533571, 0.0)], [0.997164, 0.0423783, -0.0621875, 0.0)], [0.0298077, 0.536356, 0.843466, 0.0)], [0.0688174, -0.0040573, -0.126795, 1.0)]])
0.0688174, -0.0040573, -0.126795
float3(-0.566113, 0.0353248, -1.52056)
455.236610416
normal
simd_float4x4([[0.083529, -0.860168, 0.503125, 0.0)], [0.995137, 0.0455486, -0.0873409, 0.0)], [0.0522112, 0.507973, 0.859789, 0.0)], [0.0778519, 0.00556639, -0.140946, 1.0)]])
0.0778519, 0.00556639, -0.140946
float3(-0.53283, 0.0606511, -1.51789)
455.336662208
normal
simd_float4x4([[0.0906873, -0.861786, 0.499101, 0.0)], [0.993371, 0.0427306, -0.106715, 0.0)], [0.0706386, 0.50547, 0.859948, 0.0)], [0.085935, 0.00907488, -0.163786, 1.0)]])
0.085935, 0.00907488, -0.163786
float3(-0.529926, 0.0819589, -1.52125)
455.436713791
normal
simd_float4x4([[0.0919674, -0.869732, 0.484879, 0.0)], [0.992763, 0.0423204, -0.112388, 0.0)], [0.0772268, 0.491706, 0.86733, 0.0)], [0.0930371, 0.0138925, -0.191216, 1.0)]])
0.0930371, 0.0138925, -0.191216
float3(-0.514048, 0.0888055, -1.52218)
455.536765541
normal
simd_float4x4([[0.0884482, -0.882205, 0.462484, 0.0)], [0.993022, 0.0417341, -0.110302, 0.0)], [0.0780077, 0.469012, 0.87974, 0.0)], [0.093382, 0.0117107, -0.220367, 1.0)]])
0.093382, 0.0117107, -0.220367
float3(-0.488172, 0.08844, -1.52352)
455.636817125
normal
simd_float4x4([[0.0940556, -0.877862, 0.469586, 0.0)], [0.991611, 0.0405998, -0.122716, 0.0)], [0.0886624, 0.477189, 0.874317, 0.0)], [0.0835576, 0.00130078, -0.263508, 1.0)]])
0.0835576, 0.00130078, -0.263508
float3(-0.497453, 0.101062, -1.52458)
455.736868833
normal
simd_float4x4([[0.0856481, -0.870482, 0.484692, 0.0)], [0.992166, 0.0301084, -0.121249, 0.0)], [0.0909515, 0.491279, 0.86624, 0.0)], [0.0735589, -0.0101522, -0.318161, 1.0)]])
0.0735589, -0.0101522, -0.318161
float3(-0.513558, 0.104612, -1.53622)
455.836920625
normal
simd_float4x4([[0.0756933, -0.874907, 0.47834, 0.0)], [0.994678, 0.0326192, -0.0977375, 0.0)], [0.0699081, 0.483192, 0.872719, 0.0)], [0.0569539, -0.016078, -0.369875, 1.0)]])
0.0569539, -0.016078, -0.369875
float3(-0.504297, 0.0799331, -1.53353)
455.936972375
normal
simd_float4x4([[0.050653, -0.889258, 0.454593, 0.0)], [0.99847, 0.0349749, -0.0428378, 0.0)], [0.0221944, 0.456067, 0.889668, 0.0)], [0.0387811, -0.0137129, -0.417738, 1.0)]])
0.0387811, -0.0137129, -0.417738
float3(-0.473571, 0.0249417, -1.53149)
456.037024208
normal
simd_float4x4([[0.0314529, -0.885844, 0.462916, 0.0)], [0.999475, 0.0242653, -0.0214749, 0.0)], [0.00779053, 0.463349, 0.886142, 0.0)], [0.0226606, -0.00969568, -0.471427, 1.0)]])
0.0226606, -0.00969568, -0.471427
float3(-0.48177, 0.00879129, -1.54341)
456.137075666
normal
simd_float4x4([[0.0106483, -0.907521, 0.419872, 0.0)], [0.999934, 0.0115109, -0.000479253, 0.0)], [-0.0043982, 0.419849, 0.907583, 0.0)], [0.00930793, 0.00254715, -0.507755, 1.0)]])
0.00930793, 0.00254715, -0.507755
float3(-0.433279, -0.00484602, -1.55811)
456.237127416
normal
simd_float4x4([[0.0213222, -0.908121, 0.418165, 0.0)], [0.999303, 0.0321791, 0.0189284, 0.0)], [-0.0306455, 0.41747, 0.908174, 0.0)], [-0.00135665, 0.0134934, -0.553176, 1.0)]])
-0.00135665, 0.0134934, -0.553176
float3(-0.430659, -0.0337312, -1.53538)
456.33717925
normal
simd_float4x4([[0.0193646, -0.918008, 0.396089, 0.0)], [0.999207, 0.0315504, 0.0242732, 0.0)], [-0.0347798, 0.395305, 0.917891, 0.0)], [-0.000427666, 0.017446, -0.599735, 1.0)]])
-0.000427666, 0.017446, -0.599735
float3(-0.4064, -0.0378728, -1.53644)
456.437230791
normal
simd_float4x4([[0.0267506, -0.918635, 0.394201, 0.0)], [0.999255, 0.035553, 0.015042, 0.0)], [-0.0278331, 0.393504, 0.918901, 0.0)], [0.00219408, 0.00936406, -0.656491, 1.0)]])
0.00219408, 0.00936406, -0.656491
float3(-0.404441, -0.0302803, -1.53211)
456.537282666
normal
simd_float4x4([[0.0306434, -0.915626, 0.400862, 0.0)], [0.999526, 0.0268471, -0.0150849, 0.0)], [0.00305014, 0.401134, 0.916014, 0.0)], [0.00930699, -0.00252352, -0.723959, 1.0)]])
0.00930699, -0.00252352, -0.723959
float3(-0.412754, 0.00332979, -1.54148)
456.637334375
normal
simd_float4x4([[0.0292846, -0.920071, 0.390656, 0.0)], [0.999113, 0.0151145, -0.0392986, 0.0)], [0.0302529, 0.39146, 0.919698, 0.0)], [0.023468, -0.00961153, -0.795216, 1.0)]])
0.023468, -0.00961153, -0.795216
float3(-0.402218, 0.0328826, -1.55437)
456.737386291
normal
simd_float4x4([[0.0448765, -0.922713, 0.382867, 0.0)], [0.998257, 0.0267149, -0.0526242, 0.0)], [0.0383288, 0.384562, 0.922303, 0.0)], [0.04387, -0.000338886, -0.874527, 1.0)]])
0.04387, -0.000338886, -0.874527
float3(-0.394733, 0.0415338, -1.54185)
456.837437958
normal
simd_float4x4([[0.0696664, -0.925899, 0.371292, 0.0)], [0.996983, 0.0518534, -0.0577582, 0.0)], [0.0342255, 0.374196, 0.926718, 0.0)], [0.0643805, 0.0138782, -0.948172, 1.0)]])
0.0643805, 0.0138782, -0.948172
float3(-0.383529, 0.0369152, -1.51485)
456.9374895
normal
simd_float4x4([[0.0753173, -0.928426, 0.363804, 0.0)], [0.997075, 0.0653647, -0.0396114, 0.0)], [0.0129963, 0.365723, 0.930633, 0.0)], [0.0800743, 0.0122646, -1.00874, 1.0)]])
0.0800743, 0.0122646, -1.00874
float3(-0.37441, 0.0139641, -1.50051)
457.037541458
normal
simd_float4x4([[0.0939237, -0.919915, 0.380702, 0.0)], [0.995362, 0.0787717, -0.0552263, 0.0)], [0.020815, 0.384123, 0.923047, 0.0)], [0.0885772, 0.0124341, -1.0782, 1.0)]])
0.0885772, 0.0124341, -1.0782
float3(-0.394258, 0.0225464, -1.48538)
457.137593125
normal
simd_float4x4([[0.117282, -0.920737, 0.372139, 0.0)], [0.992775, 0.099138, -0.0675948, 0.0)], [0.0253439, 0.377378, 0.925712, 0.0)], [0.0901188, 0.0068928, -1.14803, 1.0)]])
0.0901188, 0.0068928, -1.14803
float3(-0.386964, 0.0273708, -1.46354)
457.237644958
normal
simd_float4x4([[0.12143, -0.918261, 0.376897, 0.0)], [0.991636, 0.0954919, -0.0868345, 0.0)], [0.0437461, 0.384288, 0.922176, 0.0)], [0.089207, -0.0108754, -1.22488, 1.0)]])
0.089207, -0.0108754, -1.22488
float3(-0.394437, 0.0474024, -1.46718)
457.337696708
normal
simd_float4x4([[0.125091, -0.922908, 0.364134, 0.0)], [0.99048, 0.0949081, -0.0997118, 0.0)], [0.0574656, 0.37314, 0.925994, 0.0)], [0.0856735, -0.0211271, -1.31678, 1.0)]])
0.0856735, -0.0211271, -1.31678
float3(-0.382391, 0.0619788, -1.46832)
457.437748375
normal
simd_float4x4([[0.121695, -0.92828, 0.351406, 0.0)], [0.991122, 0.0945477, -0.0934744, 0.0)], [0.0535457, 0.359662, 0.931545, 0.0)], [0.0794469, -0.025029, -1.41151, 1.0)]])
0.0794469, -0.025029, -1.41151
float3(-0.367905, 0.0574174, -1.46929)
457.537800291
normal
simd_float4x4([[0.104173, -0.928185, 0.357239, 0.0)], [0.993693, 0.0821521, -0.0763179, 0.0)], [0.0414892, 0.362937, 0.93089, 0.0)], [0.0820801, -0.0249533, -1.50831, 1.0)]])
0.0820801, -0.0249533, -1.50831
float3(-0.371417, 0.0445399, -1.48252)
457.637852
normal
simd_float4x4([[0.0920232, -0.922424, 0.375054, 0.0)], [0.995376, 0.0747902, -0.0602829, 0.0)], [0.0275559, 0.378867, 0.925041, 0.0)], [0.0900184, -0.02743, -1.60249, 1.0)]])
0.0900184, -0.02743, -1.60249
float3(-0.388572, 0.0297801, -1.48989)
457.737903708
normal
simd_float4x4([[0.0449753, -0.915262, 0.40034, 0.0)], [0.998988, 0.040934, -0.0186454, 0.0)], [0.000677927, 0.400773, 0.916177, 0.0)], [0.111168, -0.0317814, -1.68776, 1.0)]])
0.111168, -0.0317814, -1.68776
float3(-0.412361, 0.000739952, -1.5261)
457.8379555
normal
simd_float4x4([[0.0236043, -0.923756, 0.382254, 0.0)], [0.999464, 0.0304798, 0.0119403, 0.0)], [-0.0226809, 0.381768, 0.92398, 0.0)], [0.130144, -0.0403821, -1.76365, 1.0)]])
0.130144, -0.0403821, -1.76365
float3(-0.391708, -0.0245421, -1.53781)
457.938007416
normal
simd_float4x4([[0.0314323, -0.926495, 0.374993, 0.0)], [0.999233, 0.0378894, 0.00985634, 0.0)], [-0.0233401, 0.374395, 0.926975, 0.0)], [0.144814, -0.0563069, -1.85605, 1.0)]])
0.144814, -0.0563069, -1.85605
float3(-0.383745, -0.0251735, -1.52992)
458.038059125
normal
simd_float4x4([[0.0369303, -0.936393, 0.349006, 0.0)], [0.999318, 0.0343578, -0.0135606, 0.0)], [0.000706978, 0.349269, 0.937023, 0.0)], [0.158931, -0.0637309, -1.94323, 1.0)]])
0.158931, -0.0637309, -1.94323
float3(-0.35679, 0.000754494, -1.53412)
458.138110875
normal
simd_float4x4([[0.037387, -0.941455, 0.335059, 0.0)], [0.998743, 0.0239968, -0.0440163, 0.0)], [0.033399, 0.336284, 0.941168, 0.0)], [0.180117, -0.057715, -2.03245, 1.0)]])
0.180117, -0.057715, -2.03245
float3(-0.342968, 0.0354718, -1.54531)
458.23816275
normal
simd_float4x4([[0.0527175, -0.950143, 0.307324, 0.0)], [0.998284, 0.042289, -0.0404995, 0.0)], [0.0254839, 0.308932, 0.950743, 0.0)], [0.190581, -0.050315, -2.1036, 1.0)]])
0.190581, -0.050315, -2.1036
float3(-0.31407, 0.0267978, -1.52632)
458.338214625
normal
simd_float4x4([[0.051434, -0.942534, 0.330128, 0.0)], [0.997807, 0.0347116, -0.0563552, 0.0)], [0.0416575, 0.332302, 0.942253, 0.0)], [0.202854, -0.0532992, -2.18135, 1.0)]])
0.202854, -0.0532992, -2.18135
float3(-0.338744, 0.0441817, -1.53399)
458.438266541
normal
simd_float4x4([[0.0979723, -0.945798, 0.309625, 0.0)], [0.994866, 0.085156, -0.0546759, 0.0)], [0.0253459, 0.313392, 0.949286, 0.0)], [0.199213, -0.0539582, -2.2555, 1.0)]])
0.199213, -0.0539582, -2.2555
float3(-0.318763, 0.0266937, -1.481)
458.53831825
normal
simd_float4x4([[0.107508, -0.94288, 0.315308, 0.0)], [0.993948, 0.0947275, -0.0556296, 0.0)], [0.0225837, 0.319381, 0.947357, 0.0)], [0.200029, -0.0750189, -2.34696, 1.0)]])
0.200029, -0.0750189, -2.34696
float3(-0.325076, 0.0238341, -1.47067)
458.638370125
normal
simd_float4x4([[0.107287, -0.944917, 0.309227, 0.0)], [0.993523, 0.0901778, -0.0691458, 0.0)], [0.0374516, 0.314642, 0.948471, 0.0)], [0.194272, -0.0905456, -2.45013, 1.0)]])
0.194272, -0.0905456, -2.45013
float3(-0.32008, 0.0394658, -1.47565)
458.738421875
normal
simd_float4x4([[0.103149, -0.937442, 0.33251, 0.0)], [0.994446, 0.0901576, -0.0543107, 0.0)], [0.0209347, 0.336266, 0.941534, 0.0)], [0.188793, -0.0988366, -2.55408, 1.0)]])
0.188793, -0.0988366, -2.55408
float3(-0.342949, 0.022231, -1.47492)
458.838473625
normal
simd_float4x4([[0.098123, -0.924916, 0.36729, 0.0)], [0.99458, 0.0783844, -0.068317, 0.0)], [0.0343977, 0.372003, 0.927594, 0.0)], [0.190398, -0.100347, -2.66707, 1.0)]])
0.190398, -0.100347, -2.66707
float3(-0.381166, 0.0370657, -1.48625)
458.938525541
normal
simd_float4x4([[0.0807264, -0.922371, 0.377776, 0.0)], [0.996736, 0.0752162, -0.0293443, 0.0)], [-0.00134853, 0.378911, 0.925432, 0.0)], [0.19931, -0.0933435, -2.75823, 1.0)]])
0.19931, -0.0933435, -2.75823
float3(-0.38862, -0.00145719, -1.48943)
459.038577375
normal
simd_float4x4([[0.0282988, -0.924916, 0.379118, 0.0)], [0.999438, 0.0330108, 0.00593311, 0.0)], [-0.0180027, 0.378737, 0.925329, 0.0)], [0.216562, -0.0990891, -2.85404, 1.0)]])
0.216562, -0.0990891, -2.85404
float3(-0.388431, -0.019453, -1.53512)
459.13862925
normal
simd_float4x4([[0.0239954, -0.929476, 0.368101, 0.0)], [0.999195, 0.0341361, 0.021061, 0.0)], [-0.0321413, 0.3673, 0.929547, 0.0)], [0.228001, -0.111139, -2.94817, 1.0)]])
0.228001, -0.111139, -2.94817
float3(-0.376104, -0.0345636, -1.53409)
459.238681
normal
simd_float4x4([[0.0364926, -0.943228, 0.330136, 0.0)], [0.99897, 0.0433424, 0.0134088, 0.0)], [-0.0269564, 0.329307, 0.943838, 0.0)], [0.242166, -0.120958, -3.04372, 1.0)]])
0.242166, -0.120958, -3.04372
float3(-0.33557, -0.0285527, -1.52488)
459.338732833
normal
simd_float4x4([[0.0438899, -0.948369, 0.314119, 0.0)], [0.998922, 0.0368938, -0.0281857, 0.0)], [0.0151413, 0.315017, 0.948965, 0.0)], [0.259272, -0.113144, -3.13848, 1.0)]])
0.259272, -0.113144, -3.13848
float3(-0.320475, 0.0159543, -1.53191)
459.43878475
normal
simd_float4x4([[0.0507976, -0.963075, 0.264398, 0.0)], [0.99835, 0.0418682, -0.039303, 0.0)], [0.0267819, 0.265958, 0.963613, 0.0)], [0.270001, -0.093351, -3.21261, 1.0)]])
0.270001, -0.093351, -3.21261
float3(-0.269197, 0.0277861, -1.52735)
459.5388365
normal
simd_float4x4([[0.03749, -0.963036, 0.266751, 0.0)], [0.999199, 0.0323947, -0.0234779, 0.0)], [0.0139687, 0.267418, 0.96348, 0.0)], [0.272535, -0.0935816, -3.28571, 1.0)]])
0.272535, -0.0935816, -3.28571
float3(-0.270712, 0.0144972, -1.53717)
459.638888541
normal
simd_float4x4([[0.0883056, -0.958464, 0.2712, 0.0)], [0.995473, 0.0753042, -0.0579996, 0.0)], [0.035168, 0.275094, 0.960774, 0.0)], [0.266467, -0.0976698, -3.36831, 1.0)]])
0.266467, -0.0976698, -3.36831
float3(-0.278687, 0.0365875, -1.49239)
459.738940208
normal
simd_float4x4([[0.094601, -0.95797, 0.270822, 0.0)], [0.995268, 0.0849434, -0.0471899, 0.0)], [0.0222019, 0.274005, 0.961472, 0.0)], [0.263378, -0.117244, -3.4488, 1.0)]])
0.263378, -0.117244, -3.4488
float3(-0.277555, 0.0230875, -1.48236)
459.838992333
normal
simd_float4x4([[0.0871711, -0.959093, 0.269337, 0.0)], [0.995833, 0.0766259, -0.0494418, 0.0)], [0.026781, 0.272525, 0.961776, 0.0)], [0.256091, -0.129806, -3.53655, 1.0)]])
0.256091, -0.129806, -3.53655
float3(-0.276016, 0.0278382, -1.49107)
459.939044041
normal
simd_float4x4([[0.0737852, -0.951527, 0.298583, 0.0)], [0.997178, 0.0745432, -0.00886546, 0.0)], [-0.0138217, 0.298395, 0.954342, 0.0)], [0.250961, -0.134044, -3.61967, 1.0)]])
0.250961, -0.134044, -3.61967
float3(-0.30301, -0.0144819, -1.49262)
460.039095833
normal
simd_float4x4([[0.065613, -0.948738, 0.309177, 0.0)], [0.997844, 0.0619784, -0.0215742, 0.0)], [0.00130596, 0.309926, 0.95076, 0.0)], [0.253874, -0.121002, -3.70948, 1.0)]])
0.253874, -0.121002, -3.70948
float3(-0.315116, 0.0013736, -1.50556)
460.139147916
normal
simd_float4x4([[0.0346676, -0.954822, 0.295149, 0.0)], [0.998821, 0.0431446, 0.0222555, 0.0)], [-0.0339842, 0.294029, 0.955192, 0.0)], [0.263003, -0.117146, -3.77637, 1.0)]])
0.263003, -0.117146, -3.77637
float3(-0.29844, -0.0355633, -1.52564)
460.239199625
normal
simd_float4x4([[0.0040818, -0.950004, 0.31221, 0.0)], [0.999207, 0.0162385, 0.0363477, 0.0)], [-0.0396003, 0.311814, 0.949318, 0.0)], [0.27063, -0.124149, -3.85429, 1.0)]])
0.27063, -0.124149, -3.85429
float3(-0.317102, -0.0416903, -1.5537)
460.339251625
normal
simd_float4x4([[0.00969511, -0.949971, 0.312188, 0.0)], [0.998911, 0.0234494, 0.0403336, 0.0)], [-0.0456364, 0.311457, 0.949164, 0.0)], [0.273132, -0.136484, -3.93132, 1.0)]])
0.273132, -0.136484, -3.93132
float3(-0.316726, -0.0480436, -1.54612)
460.439303416
normal
simd_float4x4([[0.0161433, -0.950675, 0.30977, 0.0)], [0.999239, 0.0263419, 0.0287683, 0.0)], [-0.0355093, 0.309069, 0.950376, 0.0)], [0.282856, -0.151223, -4.00769, 1.0)]])
0.282856, -0.151223, -4.00769
float3(-0.314214, -0.037346, -1.54309)
460.539355166
normal
simd_float4x4([[0.0191201, -0.948601, 0.315895, 0.0)], [0.999817, 0.0182603, -0.00568199, 0.0)], [-0.000378415, 0.315946, 0.948777, 0.0)], [0.293042, -0.150615, -4.09152, 1.0)]])
0.293042, -0.150615, -4.09152
float3(-0.321454, -0.000398845, -1.55155)
460.639407166
normal
simd_float4x4([[0.0311622, -0.95772, 0.28601, 0.0)], [0.99878, 0.01887, -0.045635, 0.0)], [0.0383085, 0.287083, 0.957139, 0.0)], [0.302248, -0.128773, -4.16367, 1.0)]])
0.302248, -0.128773, -4.16367
float3(-0.29118, 0.0400026, -1.5511)
460.739459041
normal
simd_float4x4([[0.0376326, -0.960509, 0.275693, 0.0)], [0.999074, 0.0304088, -0.030432, 0.0)], [0.0208467, 0.276583, 0.960764, 0.0)], [0.302467, -0.123877, -4.23074, 1.0)]])
0.302467, -0.123877, -4.23074
float3(-0.280237, 0.0216946, -1.53915)
460.839511041
normal
simd_float4x4([[0.0974058, -0.956673, 0.274387, 0.0)], [0.994896, 0.0863028, -0.0522804, 0.0)], [0.0263349, 0.278079, 0.960197, 0.0)], [0.292359, -0.126629, -4.30786, 1.0)]])
0.292359, -0.126629, -4.30786
float3(-0.281793, 0.0274197, -1.48083)
460.939562958
normal
simd_float4x4([[0.12064, -0.949632, 0.289215, 0.0)], [0.992262, 0.106732, -0.0634491, 0.0)], [0.0293849, 0.294631, 0.955159, 0.0)], [0.288372, -0.146451, -4.39587, 1.0)]])
0.288372, -0.146451, -4.39587
float3(-0.299069, 0.0307547, -1.45887)
461.039614833
normal
simd_float4x4([[0.100764, -0.956015, 0.275466, 0.0)], [0.994208, 0.086351, -0.0639918, 0.0)], [0.0373903, 0.280319, 0.959179, 0.0)], [0.291384, -0.155351, -4.48898, 1.0)]])
0.291384, -0.155351, -4.48898
float3(-0.284126, 0.0389619, -1.48072)
461.139666708
normal
simd_float4x4([[0.0651042, -0.9599, 0.27268, 0.0)], [0.997822, 0.0597254, -0.0279889, 0.0)], [0.0105806, 0.273908, 0.961698, 0.0)], [0.295805, -0.156993, -4.58584, 1.0)]])
0.295805, -0.156993, -4.58584
float3(-0.277454, 0.0110016, -1.50866)
461.2397185
normal
simd_float4x4([[0.0290176, -0.964965, 0.26077, 0.0)], [0.999331, 0.0338171, 0.0139361, 0.0)], [-0.0222664, 0.260192, 0.9653, 0.0)], [0.310556, -0.150169, -4.68322, 1.0)]])
0.310556, -0.150169, -4.68322
float3(-0.263221, -0.0230627, -1.53577)
461.339770541
normal
simd_float4x4([[0.00235891, -0.958828, 0.283978, 0.0)], [0.999493, 0.0112794, 0.0297814, 0.0)], [-0.0317584, 0.283764, 0.958368, 0.0)], [0.330101, -0.143645, -4.77952, 1.0)]])
0.330101, -0.143645, -4.77952
float3(-0.287717, -0.0331259, -1.55903)
461.439822416
normal
simd_float4x4([[-0.0488047, -0.961215, 0.271446, 0.0)], [0.997026, -0.0306567, 0.070702, 0.0)], [-0.0596383, 0.27409, 0.959853, 0.0)], [0.349932, -0.153782, -4.87196, 1.0)]])
0.349932, -0.153782, -4.87196
float3(-0.277643, -0.0620529, -1.60268)
461.539874333
normal
simd_float4x4([[-0.0448629, -0.967845, 0.247512, 0.0)], [0.997505, -0.0298796, 0.0639651, 0.0)], [-0.0545128, 0.249764, 0.966771, 0.0)], [0.359545, -0.170193, -4.96841, 1.0)]])
0.359545, -0.170193, -4.96841
float3(-0.252437, -0.0563268, -1.60166)
461.639926291
normal
simd_float4x4([[-0.0158947, -0.971777, 0.235366, 0.0)], [0.998115, -0.00146475, 0.0613568, 0.0)], [-0.0592804, 0.235898, 0.969968, 0.0)], [0.370216, -0.179159, -5.05566, 1.0)]])
0.370216, -0.179159, -5.05566
float3(-0.238142, -0.0610399, -1.5723)
461.739978333
normal
simd_float4x4([[0.0049323, -0.96943, 0.245318, 0.0)], [0.999986, 0.00429376, -0.00313774, 0.0)], [0.00198845, 0.24533, 0.969438, 0.0)], [0.385929, -0.169351, -5.15642, 1.0)]])
0.385929, -0.169351, -5.15642
float3(-0.24786, 0.00205114, -1.56637)
461.840030083
normal
simd_float4x4([[0.0200623, -0.986322, 0.163605, 0.0)], [0.999784, 0.020687, 0.00211539, 0.0)], [-0.00547098, 0.163527, 0.986524, 0.0)], [0.392345, -0.151195, -5.2247, 1.0)]])
0.392345, -0.151195, -5.2247
float3(-0.164265, -0.00554565, -1.54983)
461.940082041
normal
simd_float4x4([[0.0317172, -0.993923, 0.10541, 0.0)], [0.999203, 0.0289724, -0.0274703, 0.0)], [0.0242494, 0.106197, 0.994049, 0.0)], [0.39482, -0.153512, -5.30042, 1.0)]])
0.39482, -0.153512, -5.30042
float3(-0.106397, 0.0243897, -1.54166)
462.040134
normal
simd_float4x4([[0.0656962, -0.994489, 0.0817097, 0.0)], [0.997636, 0.0638087, -0.0255027, 0.0)], [0.0201483, 0.083192, 0.99633, 0.0)], [0.393775, -0.165329, -5.37933, 1.0)]])
0.393775, -0.165329, -5.37933
float3(-0.0832882, 0.0202198, -1.50672)
462.140185875
normal
simd_float4x4([[0.0668064, -0.99482, 0.0766153, 0.0)], [0.997641, 0.0653867, -0.0208941, 0.0)], [0.0157762, 0.0778304, 0.996842, 0.0)], [0.39136, -0.186699, -5.47668, 1.0)]])
0.39136, -0.186699, -5.47668
float3(-0.0779092, 0.0158249, -1.50516)
462.240238
normal
simd_float4x4([[0.0401587, -0.996757, 0.0697325, 0.0)], [0.99912, 0.0409024, 0.00927047, 0.0)], [-0.0120927, 0.0692989, 0.997523, 0.0)], [0.390632, -0.197463, -5.56646, 1.0)]])
0.390632, -0.197463, -5.56646
float3(-0.0693544, -0.0121221, -1.52978)
462.340289875
normal
simd_float4x4([[0.015549, -0.995939, 0.0886759, 0.0)], [0.999481, 0.017984, 0.0267266, 0.0)], [-0.0282128, 0.0882143, 0.995702, 0.0)], [0.39616, -0.193822, -5.65353, 1.0)]])
0.39616, -0.193822, -5.65353
float3(-0.0883292, -0.028327, -1.55274)
462.440341791
normal
simd_float4x4([[-0.00781212, -0.993838, 0.110565, 0.0)], [0.999422, -0.00410051, 0.033757, 0.0)], [-0.0330957, 0.110765, 0.993295, 0.0)], [0.403333, -0.19175, -5.74465, 1.0)]])
0.403333, -0.19175, -5.74465
float3(-0.110992, -0.0333068, -1.57492)
462.540393833
normal
simd_float4x4([[-0.0128083, -0.985153, 0.171201, 0.0)], [0.998119, -0.00233039, 0.0612639, 0.0)], [-0.0599553, 0.171664, 0.98333, 0.0)], [0.410558, -0.194668, -5.83608, 1.0)]])
0.410558, -0.194668, -5.83608
float3(-0.172518, -0.0608964, -1.57316)
462.640445666
normal
simd_float4x4([[-0.0216277, -0.984379, 0.17473, 0.0)], [0.997749, -0.010156, 0.0662831, 0.0)], [-0.0634731, 0.17577, 0.982383, 0.0)], [0.418223, -0.211547, -5.92584, 1.0)]])
0.418223, -0.211547, -5.92584
float3(-0.176688, -0.0645217, -1.58111)
462.740497666
normal
simd_float4x4([[-0.0147587, -0.983673, 0.179358, 0.0)], [0.998784, -0.00606294, 0.0489343, 0.0)], [-0.047048, 0.179862, 0.982566, 0.0)], [0.425651, -0.226625, -6.01743, 1.0)]])
0.425651, -0.226625, -6.01743
float3(-0.180846, -0.0478462, -1.57696)
462.840549625
normal
simd_float4x4([[-0.011059, -0.97969, 0.200215, 0.0)], [0.999197, -0.00311521, 0.0399479, 0.0)], [-0.0385129, 0.200496, 0.978937, 0.0)], [0.443221, -0.226561, -6.11222, 1.0)]])
0.443221, -0.226561, -6.11222
float3(-0.201864, -0.0393212, -1.57398)
462.940601625
normal
simd_float4x4([[0.00389736, -0.977486, 0.210964, 0.0)], [0.999941, 0.00595824, 0.00913409, 0.0)], [-0.0101855, 0.210916, 0.977451, 0.0)], [0.455442, -0.207274, -6.2012, 1.0)]])
0.455442, -0.207274, -6.2012
float3(-0.212512, -0.0104201, -1.5647)
463.040653541
normal
simd_float4x4([[0.000899211, -0.979817, 0.199894, 0.0)], [0.999856, 0.00426981, 0.0164314, 0.0)], [-0.0169533, 0.199851, 0.97968, 0.0)], [0.465339, -0.195165, -6.27767, 1.0)]])
0.465339, -0.195165, -6.27767
float3(-0.201206, -0.0173032, -1.56644)
463.140705416
normal
simd_float4x4([[0.0289808, -0.982781, 0.182489, 0.0)], [0.999543, 0.0300675, 0.00318997, 0.0)], [-0.00862206, 0.182314, 0.983203, 0.0)], [0.463514, -0.197718, -6.36179, 1.0)]])
0.463514, -0.197718, -6.36179
float3(-0.183339, -0.00876914, -1.54021)
463.240757541
normal
simd_float4x4([[0.0507864, -0.983077, 0.176014, 0.0)], [0.998641, 0.0520608, 0.0026271, 0.0)], [-0.0117461, 0.175641, 0.984384, 0.0)], [0.467356, -0.215659, -6.46492, 1.0)]])
0.467356, -0.215659, -6.46492
float3(-0.176557, -0.0119318, -1.51789)
463.340809458
normal
simd_float4x4([[0.0581451, -0.985621, 0.158653, 0.0)], [0.998307, 0.05719, -0.0105835, 0.0)], [0.00135799, 0.159, 0.987278, 0.0)], [0.467045, -0.22805, -6.57747, 1.0)]])
0.467045, -0.22805, -6.57747
float3(-0.159677, 0.00137549, -1.51284)
463.440861458
normal
simd_float4x4([[0.0398353, -0.985235, 0.166509, 0.0)], [0.99848, 0.0456015, 0.0309502, 0.0)], [-0.0380863, 0.165023, 0.985554, 0.0)], [0.46729, -0.229127, -6.6873, 1.0)]])
0.46729, -0.229127, -6.6873
float3(-0.165781, -0.0386253, -1.52454)
463.540913541
normal
simd_float4x4([[0.0136755, -0.987626, 0.15623, 0.0)], [0.998447, 0.0219268, 0.0512146, 0.0)], [-0.0540065, 0.155287, 0.986392, 0.0)], [0.484397, -0.218147, -6.78664, 1.0)]])
0.484397, -0.218147, -6.78664
float3(-0.155918, -0.054697, -1.5486)
463.640965416
normal
simd_float4x4([[0.000757847, -0.986672, 0.162722, 0.0)], [0.998071, 0.0108479, 0.0611283, 0.0)], [-0.0620787, 0.162361, 0.984777, 0.0)], [0.499104, -0.214772, -6.88795, 1.0)]])
0.499104, -0.214772, -6.88795
float3(-0.163083, -0.0629551, -1.5598)
463.741017541
normal
simd_float4x4([[-0.0175456, -0.988666, 0.149106, 0.0)], [0.998629, -0.0099724, 0.0513879, 0.0)], [-0.0493185, 0.149803, 0.987485, 0.0)], [0.51415, -0.226514, -6.98799, 1.0)]])
0.51415, -0.226514, -6.98799
float3(-0.150369, -0.049902, -1.58088)
463.841069375
normal
simd_float4x4([[-0.0110098, -0.991838, 0.127028, 0.0)], [0.998964, -0.00530152, 0.045188, 0.0)], [-0.0441457, 0.127394, 0.990869, 0.0)], [0.525392, -0.239582, -7.09087, 1.0)]])
0.525392, -0.239582, -7.09087
float3(-0.127741, -0.0445231, -1.57614)
463.941121541
normal
simd_float4x4([[0.00144789, -0.993585, 0.11308, 0.0)], [0.999464, 0.00513694, 0.0323387, 0.0)], [-0.0327121, 0.112973, 0.99306, 0.0)], [0.54114, -0.24795, -7.18492, 1.0)]])
0.54114, -0.24795, -7.18492
float3(-0.113214, -0.0329288, -1.56563)
464.041173416
normal
simd_float4x4([[0.0126658, -0.990978, 0.133423, 0.0)], [0.99982, 0.0106681, -0.0156772, 0.0)], [0.0141124, 0.133598, 0.990935, 0.0)], [0.559452, -0.242394, -7.29161, 1.0)]])
0.559452, -0.242394, -7.29161
float3(-0.133998, 0.0142405, -1.56003)
464.141225541
normal
simd_float4x4([[0.0103107, -0.989508, 0.144109, 0.0)], [0.999805, 0.0077717, -0.0181704, 0.0)], [0.0168597, 0.144268, 0.989395, 0.0)], [0.570891, -0.23567, -7.38035, 1.0)]])
0.570891, -0.23567, -7.38035
float3(-0.144773, 0.0170388, -1.56294)
464.241277416
normal
simd_float4x4([[0.0307065, -0.987381, 0.155359, 0.0)], [0.999525, 0.0299174, -0.00741527, 0.0)], [0.00267376, 0.155513, 0.98783, 0.0)], [0.575435, -0.233099, -7.46754, 1.0)]])
0.575435, -0.233099, -7.46754
float3(-0.156146, 0.00270669, -1.54051)
464.341329458
normal
simd_float4x4([[0.0746081, -0.986009, 0.149064, 0.0)], [0.99705, 0.0710518, -0.0290494, 0.0)], [0.0180516, 0.150792, 0.988401, 0.0)], [0.575806, -0.241754, -7.55728, 1.0)]])
0.575806, -0.241754, -7.55728
float3(-0.151369, 0.0182614, -1.49886)
464.441381541
normal
simd_float4x4([[0.0771558, -0.987909, 0.134472, 0.0)], [0.996919, 0.0745353, -0.0244214, 0.0)], [0.0141032, 0.135942, 0.990616, 0.0)], [0.57516, -0.258367, -7.65175, 1.0)]])
0.57516, -0.258367, -7.65175
float3(-0.136364, 0.0142358, -1.49549)
464.5414335
normal
simd_float4x4([[0.0604652, -0.989047, 0.134648, 0.0)], [0.99809, 0.0616158, 0.0043907, 0.0)], [-0.0126391, 0.134126, 0.990884, 0.0)], [0.579982, -0.264858, -7.75502, 1.0)]])
0.579982, -0.264858, -7.75502
float3(-0.134531, -0.0127547, -1.50858)
464.641485583
normal
simd_float4x4([[0.0757996, -0.977424, 0.197221, 0.0)], [0.997106, 0.0731429, -0.0207309, 0.0)], [0.00583762, 0.198221, 0.98014, 0.0)], [0.583394, -0.257643, -7.87105, 1.0)]])
0.583394, -0.257643, -7.87105
float3(-0.199543, 0.00595583, -1.4961)
464.741537541
normal
simd_float4x4([[0.0520176, -0.980263, 0.190734, 0.0)], [0.998642, 0.0515911, -0.00720431, 0.0)], [-0.00277808, 0.19085, 0.981615, 0.0)], [0.593213, -0.24896, -7.95813, 1.0)]])
0.593213, -0.24896, -7.95813
float3(-0.192028, -0.0028301, -1.51821)
464.84158975
normal
simd_float4x4([[0.00856181, -0.97939, 0.201797, 0.0)], [0.999604, 0.0137915, 0.0245237, 0.0)], [-0.0268013, 0.201507, 0.97912, 0.0)], [0.609487, -0.258293, -8.04984, 1.0)]])
0.609487, -0.258293, -8.04984
float3(-0.202897, -0.027366, -1.55672)
464.941641666
normal
simd_float4x4([[-0.00199293, -0.977109, 0.212728, 0.0)], [0.999719, 0.00308074, 0.0235163, 0.0)], [-0.0236334, 0.212715, 0.976828, 0.0)], [0.62459, -0.280531, -8.14396, 1.0)]])
0.62459, -0.280531, -8.14396
float3(-0.214353, -0.0241893, -1.56764)
465.041693541
normal
simd_float4x4([[0.00647902, -0.978287, 0.207156, 0.0)], [0.999553, 0.0123845, 0.0272233, 0.0)], [-0.0291978, 0.206887, 0.977929, 0.0)], [0.636753, -0.300244, -8.24243, 1.0)]])
0.636753, -0.300244, -8.24243
float3(-0.208392, -0.0298479, -1.55814)
465.14174575
normal
simd_float4x4([[0.0170205, -0.971677, 0.235698, 0.0)], [0.9998, 0.0190201, 0.00621245, 0.0)], [-0.0105195, 0.235545, 0.971807, 0.0)], [0.653496, -0.304723, -8.3562, 1.0)]])
0.653496, -0.304723, -8.3562
float3(-0.237779, -0.0108243, -1.55122)
465.241797708
normal
simd_float4x4([[0.0305118, -0.971892, 0.233441, 0.0)], [0.999097, 0.0227474, -0.0358815, 0.0)], [0.0295627, 0.234325, 0.971709, 0.0)], [0.664726, -0.291269, -8.45564, 1.0)]])
0.664726, -0.291269, -8.45564
float3(-0.236524, 0.0304141, -1.5474)
465.341849916
normal
simd_float4x4([[0.0170261, -0.970748, 0.239498, 0.0)], [0.999808, 0.0142025, -0.0135107, 0.0)], [0.00971392, 0.239682, 0.970803, 0.0)], [0.672502, -0.291608, -8.53934, 1.0)]])
0.672502, -0.291608, -8.53934
float3(-0.242039, 0.0100057, -1.55617)
465.441901791
normal
