ARKit Data
13868.355294416
normal
simd_float4x4([[0.154895, -0.987744, -0.0192439, 0.0)], [-0.135285, -0.00191138, -0.990805, 0.0)], [0.978624, 0.156074, -0.133923, 0.0)], [0.615897, -0.249449, -1.02856, 1.0)]])
0.615897, -0.249449, -1.02856
float3(-0.156715, 1.7068, -1.57273)
13868.693482791
notAvailable
simd_float4x4([[1.0, 0.0, 0.0, 0.0)], [0.0, 1.0, 0.0, 0.0)], [0.0, 0.0, 1.0, 0.0)], [0.0, 0.0, 0.0, 1.0)]])
0.0, 0.0, 0.0
float3(-0.0, 0.0, 0.0)
13868.810132
notAvailable
simd_float4x4([[1.0, 0.0, 0.0, 0.0)], [0.0, 1.0, 0.0, 0.0)], [0.0, 0.0, 1.0, 0.0)], [0.0, 0.0, 0.0, 1.0)]])
0.0, 0.0, 0.0
float3(-0.0, 0.0, 0.0)
13868.926781375
limited(__ObjC.ARCamera.TrackingState.Reason.initializing)
simd_float4x4([[0.0170372, -0.984989, 0.171775, 0.0)], [0.999852, 0.0163962, -0.0051499, 0.0)], [0.00225613, 0.171838, 0.985123, 0.0)], [0.0, 0.0, 0.0, 1.0)]])
0.0, 0.0, 0.0
float3(-0.172695, 0.0022902, -1.55415)
13869.043430708
limited(__ObjC.ARCamera.TrackingState.Reason.initializing)
simd_float4x4([[0.0215286, -0.983072, 0.181953, 0.0)], [0.999768, 0.0211497, -0.00402263, 0.0)], [0.000106285, 0.181997, 0.983299, 0.0)], [0.0, 0.0, 0.0, 1.0)]])
0.0, 0.0, 0.0
float3(-0.183017, 0.00010809, -1.54929)
13869.160079875
limited(__ObjC.ARCamera.TrackingState.Reason.initializing)
simd_float4x4([[0.015482, -0.983526, 0.180101, 0.0)], [0.99988, 0.0152984, -0.00240835, 0.0)], [-0.000386575, 0.180117, 0.983645, 0.0)], [0.0, 0.0, 0.0, 1.0)]])
0.0, 0.0, 0.0
float3(-0.181105, -0.000393002, -1.55524)
13869.276729166
limited(__ObjC.ARCamera.TrackingState.Reason.initializing)
simd_float4x4([[0.0115144, -0.983627, 0.179844, 0.0)], [0.999933, 0.011599, -0.000580916, 0.0)], [-0.00151461, 0.179839, 0.983694, 0.0)], [0.0, 0.0, 0.0, 1.0)]])
0.0, 0.0, 0.0
float3(-0.180823, -0.00153972, -1.559)
13869.393378416
limited(__ObjC.ARCamera.TrackingState.Reason.initializing)
simd_float4x4([[0.00959692, -0.984389, 0.175743, 0.0)], [0.999953, 0.00970486, -0.000245313, 0.0)], [-0.00146408, 0.175738, 0.984436, 0.0)], [0.0, 0.0, 0.0, 1.0)]])
0.0, 0.0, 0.0
float3(-0.176655, -0.00148723, -1.56094)
13869.510027791
limited(__ObjC.ARCamera.TrackingState.Reason.initializing)
simd_float4x4([[0.00877756, -0.984934, 0.17271, 0.0)], [0.999958, 0.00907763, 0.000947619, 0.0)], [-0.00250114, 0.172695, 0.984972, 0.0)], [0.0, 0.0, 0.0, 1.0)]])
0.0, 0.0, 0.0
float3(-0.173565, -0.0025393, -1.56158)
13869.626677083
limited(__ObjC.ARCamera.TrackingState.Reason.initializing)
simd_float4x4([[0.00972722, -0.985154, 0.171396, 0.0)], [0.999941, 0.0104161, 0.00312025, 0.0)], [-0.0048592, 0.171355, 0.985197, 0.0)], [0.0, 0.0, 0.0, 1.0)]])
0.0, 0.0, 0.0
float3(-0.172205, -0.00493217, -1.56022)
13869.743326291
limited(__ObjC.ARCamera.TrackingState.Reason.initializing)
simd_float4x4([[0.00913229, -0.985781, 0.167787, 0.0)], [0.999947, 0.00978784, 0.00308044, 0.0)], [-0.00467891, 0.16775, 0.985818, 0.0)], [0.0, 0.0, 0.0, 1.0)]])
0.0, 0.0, 0.0
float3(-0.168547, -0.00474618, -1.56087)
13869.859975541
limited(__ObjC.ARCamera.TrackingState.Reason.initializing)
simd_float4x4([[0.00763246, -0.985655, 0.1686, 0.0)], [0.999956, 0.00843829, 0.00406355, 0.0)], [-0.00542795, 0.168561, 0.985676, 0.0)], [0.0, 0.0, 0.0, 1.0)]])
0.0, 0.0, 0.0
float3(-0.16937, -0.00550678, -1.56224)
13869.976624791
limited(__ObjC.ARCamera.TrackingState.Reason.initializing)
simd_float4x4([[0.00484971, -0.98619, 0.165548, 0.0)], [0.999956, 0.00610869, 0.00709666, 0.0)], [-0.00800993, 0.165506, 0.986176, 0.0)], [0.0, 0.0, 0.0, 1.0)]])
0.0, 0.0, 0.0
float3(-0.166271, -0.00812204, -1.5646)
13870.093274
limited(__ObjC.ARCamera.TrackingState.Reason.initializing)
simd_float4x4([[0.00390442, -0.986436, 0.164101, 0.0)], [0.999965, 0.00506071, 0.00662872, 0.0)], [-0.00736928, 0.164069, 0.986421, 0.0)], [0.0, 0.0, 0.0, 1.0)]])
0.0, 0.0, 0.0
float3(-0.164814, -0.00747058, -1.56567)
13870.209923375
limited(__ObjC.ARCamera.TrackingState.Reason.initializing)
simd_float4x4([[0.0125243, -0.986461, 0.163515, 0.0)], [0.999858, 0.0105128, -0.0131609, 0.0)], [0.0112638, 0.163657, 0.986453, 0.0)], [0.0, 0.0, 0.0, 1.0)]])
0.0, 0.0, 0.0
float3(-0.164396, 0.011418, -1.56014)
13870.326572791
limited(__ObjC.ARCamera.TrackingState.Reason.initializing)
simd_float4x4([[0.0243854, -0.986323, 0.163005, 0.0)], [0.998622, 0.0164545, -0.0498288, 0.0)], [0.0464652, 0.163995, 0.985365, 0.0)], [0.0, 0.0, 0.0, 1.0)]])
0.0, 0.0, 0.0
float3(-0.164739, 0.0471204, -1.55412)
13870.443222166
limited(__ObjC.ARCamera.TrackingState.Reason.initializing)
simd_float4x4([[0.0218367, -0.987139, 0.158361, 0.0)], [0.996567, 0.00883948, -0.0823181, 0.0)], [0.0798597, 0.159615, 0.983943, 0.0)], [0.0, 0.0, 0.0, 1.0)]])
0.0, 0.0, 0.0
float3(-0.160301, 0.0809854, -1.56184)
13870.559871291
limited(__ObjC.ARCamera.TrackingState.Reason.initializing)
simd_float4x4([[0.0269479, -0.987113, 0.157732, 0.0)], [0.99339, 0.00883181, -0.114447, 0.0)], [0.111579, 0.159773, 0.980827, 0.0)], [0.0, 0.0, 0.0, 1.0)]])
0.0, 0.0, 0.0
float3(-0.160461, 0.113273, -1.56185)
13870.676520625
limited(__ObjC.ARCamera.TrackingState.Reason.initializing)
simd_float4x4([[0.0296928, -0.987397, 0.155447, 0.0)], [0.990251, 0.00788418, -0.139073, 0.0)], [0.136095, 0.158061, 0.978005, 0.0)], [0.0, 0.0, 0.0, 1.0)]])
0.0, 0.0, 0.0
float3(-0.158727, 0.138268, -1.56281)
13870.793169916
limited(__ObjC.ARCamera.TrackingState.Reason.initializing)
simd_float4x4([[0.0293658, -0.9874, 0.155495, 0.0)], [0.988618, 0.00572711, -0.150337, 0.0)], [0.147552, 0.15814, 0.97633, 0.0)], [0.0, 0.0, 0.0, 1.0)]])
0.0, 0.0, 0.0
float3(-0.158807, 0.149994, -1.565)
13870.909819166
limited(__ObjC.ARCamera.TrackingState.Reason.initializing)
simd_float4x4([[0.0274619, -0.987591, 0.154625, 0.0)], [0.989468, 0.00486372, -0.144668, 0.0)], [0.142121, 0.15697, 0.977324, 0.0)], [0.0, 0.0, 0.0, 1.0)]])
0.0, 0.0, 0.0
float3(-0.157622, 0.144406, -1.56587)
13871.026468666
limited(__ObjC.ARCamera.TrackingState.Reason.initializing)
simd_float4x4([[0.0238894, -0.988005, 0.152558, 0.0)], [0.992775, 0.00549646, -0.119865, 0.0)], [0.117589, 0.154319, 0.980998, 0.0)], [0.0, 0.0, 0.0, 1.0)]])
0.0, 0.0, 0.0
float3(-0.154938, 0.119298, -1.56523)
13871.143117958
limited(__ObjC.ARCamera.TrackingState.Reason.initializing)
simd_float4x4([[0.0195182, -0.98817, 0.152107, 0.0)], [0.996943, 0.00772309, -0.0777534, 0.0)], [0.075659, 0.153159, 0.9853, 0.0)], [0.0, 0.0, 0.0, 1.0)]])
0.0, 0.0, 0.0
float3(-0.153765, 0.0766374, -1.56298)
13871.259767375
limited(__ObjC.ARCamera.TrackingState.Reason.initializing)
simd_float4x4([[0.0129728, -0.988461, 0.150911, 0.0)], [0.9995, 0.00846788, -0.0304562, 0.0)], [0.0288269, 0.151231, 0.988077, 0.0)], [0.0, 0.0, 0.0, 1.0)]])
0.0, 0.0, 0.0
float3(-0.151813, 0.0291665, -1.56223)
13871.376416666
limited(__ObjC.ARCamera.TrackingState.Reason.initializing)
simd_float4x4([[0.00770162, -0.988443, 0.15139, 0.0)], [0.999856, 0.00989866, 0.0137644, 0.0)], [-0.0151039, 0.151262, 0.988377, 0.0)], [0.0, 0.0, 0.0, 1.0)]])
0.0, 0.0, 0.0
float3(-0.151845, -0.0152803, -1.56078)
13871.493065875
limited(__ObjC.ARCamera.TrackingState.Reason.initializing)
simd_float4x4([[-0.00125507, -0.988617, 0.15044, 0.0)], [0.998438, 0.00716502, 0.0554153, 0.0)], [-0.0558625, 0.150274, 0.987063, 0.0)], [0.0, 0.0, 0.0, 1.0)]])
0.0, 0.0, 0.0
float3(-0.150846, -0.0565343, -1.56355)
13871.609715375
limited(__ObjC.ARCamera.TrackingState.Reason.initializing)
simd_float4x4([[-0.00884569, -0.988731, 0.149426, 0.0)], [0.99548, 0.00542343, 0.0948181, 0.0)], [-0.0945603, 0.149589, 0.984213, 0.0)], [0.0, 0.0, 0.0, 1.0)]])
0.0, 0.0, 0.0
float3(-0.150153, -0.095783, -1.56531)
13871.72636475
limited(__ObjC.ARCamera.TrackingState.Reason.initializing)
simd_float4x4([[-0.0133504, -0.988993, 0.147341, 0.0)], [0.99147, 0.00601217, 0.130195, 0.0)], [-0.129648, 0.147822, 0.980476, 0.0)], [0.0, 0.0, 0.0, 1.0)]])
0.0, 0.0, 0.0
float3(-0.148366, -0.131467, -1.56472)
13871.84302525
limited(__ObjC.ARCamera.TrackingState.Reason.initializing)
simd_float4x4([[-0.0180992, -0.988961, 0.147038, 0.0)], [0.986568, 0.00621275, 0.16323, 0.0)], [-0.162342, 0.148018, 0.975565, 0.0)], [0.0, 0.0, 0.0, 1.0)]])
0.0, 0.0, 0.0
float3(-0.148564, -0.164897, -1.56451)
13871.943076666
limited(__ObjC.ARCamera.TrackingState.Reason.initializing)
simd_float4x4([[-0.0193086, -0.989148, 0.145616, 0.0)], [0.98161, 0.00890972, 0.190689, 0.0)], [-0.189918, 0.146621, 0.970786, 0.0)], [0.0, 0.0, 0.0, 1.0)]])
0.0, 0.0, 0.0
float3(-0.147151, -0.193193, -1.56179)
13872.043128125
limited(__ObjC.ARCamera.TrackingState.Reason.initializing)
simd_float4x4([[-0.0202248, -0.989472, 0.143273, 0.0)], [0.977853, 0.0102804, 0.209042, 0.0)], [-0.208315, 0.144328, 0.96735, 0.0)], [0.0, 0.0, 0.0, 1.0)]])
0.0, 0.0, 0.0
float3(-0.144834, -0.212107, -1.56041)
13872.14317975
limited(__ObjC.ARCamera.TrackingState.Reason.initializing)
simd_float4x4([[-0.0230558, -0.989674, 0.141431, 0.0)], [0.97546, 0.00871389, 0.220001, 0.0)], [-0.218963, 0.143033, 0.965187, 0.0)], [0.0, 0.0, 0.0, 1.0)]])
0.0, 0.0, 0.0
float3(-0.143526, -0.223085, -1.56199)
13872.24323125
limited(__ObjC.ARCamera.TrackingState.Reason.initializing)
simd_float4x4([[-0.0226845, -0.989792, 0.140666, 0.0)], [0.974922, 0.00925533, 0.222354, 0.0)], [-0.221388, 0.142182, 0.96476, 0.0)], [0.0, 0.0, 0.0, 1.0)]])
0.0, 0.0, 0.0
float3(-0.142666, -0.225569, -1.56145)
13872.343282791
limited(__ObjC.ARCamera.TrackingState.Reason.initializing)
simd_float4x4([[-0.0209709, -0.989821, 0.140728, 0.0)], [0.976253, 0.010082, 0.216398, 0.0)], [-0.215616, 0.141925, 0.966104, 0.0)], [0.0, 0.0, 0.0, 1.0)]])
0.0, 0.0, 0.0
float3(-0.142405, -0.219582, -1.56061)
13872.443334333
limited(__ObjC.ARCamera.TrackingState.Reason.initializing)
simd_float4x4([[-0.0199573, -0.989991, 0.139678, 0.0)], [0.979115, 0.0089177, 0.20311, 0.0)], [-0.202324, 0.140815, 0.969137, 0.0)], [0.0, 0.0, 0.0, 1.0)]])
0.0, 0.0, 0.0
float3(-0.141284, -0.205811, -1.56179)
13872.543386083
limited(__ObjC.ARCamera.TrackingState.Reason.initializing)
simd_float4x4([[-0.017194, -0.98983, 0.141179, 0.0)], [0.983396, 0.00876991, 0.181261, 0.0)], [-0.180657, 0.141952, 0.973243, 0.0)], [0.0, 0.0, 0.0, 1.0)]])
0.0, 0.0, 0.0
float3(-0.142433, -0.183534, -1.56194)
13872.643437416
normal
simd_float4x4([[-0.0104371, -0.989899, 0.141389, 0.0)], [0.987621, 0.0119264, 0.156404, 0.0)], [-0.15651, 0.141271, 0.977521, 0.0)], [-0.00117521, 4.55282e-05, -0.000203051, 1.0)]])
-0.00117521, 4.55282e-05, -0.000203051
float3(-0.141746, -0.158762, -1.55875)
13872.743488958
normal
simd_float4x4([[-0.00854381, -0.990398, 0.137978, 0.0)], [0.991507, 0.00951684, 0.129707, 0.0)], [-0.129775, 0.137914, 0.981905, 0.0)], [-0.00987105, 0.00072596, 0.000260882, 1.0)]])
-0.00987105, 0.00072596, 0.000260882
float3(-0.138355, -0.131405, -1.56119)
13872.843540583
normal
simd_float4x4([[-0.00567894, -0.990663, 0.136218, 0.0)], [0.994957, 0.00804366, 0.0999782, 0.0)], [-0.10014, 0.136099, 0.985621, 0.0)], [-0.0174799, 0.000574994, -0.00107705, 1.0)]])
-0.0174799, 0.000574994, -0.00107705
float3(-0.136523, -0.101254, -1.56268)
13872.943592166
normal
simd_float4x4([[-0.00421745, -0.990561, 0.137006, 0.0)], [0.997578, 0.00534399, 0.0693459, 0.0)], [-0.0694235, 0.136966, 0.98814, 0.0)], [-0.0262196, 0.000819303, -0.00355039, 1.0)]])
-0.0262196, 0.000819303, -0.00355039
float3(-0.137398, -0.0701415, -1.5654)
13873.043643666
normal
simd_float4x4([[-0.00453777, -0.99065, 0.136354, 0.0)], [0.999054, 0.00140562, 0.0434602, 0.0)], [-0.0432455, 0.136422, 0.989707, 0.0)], [-0.0328284, 0.000448331, -0.00676549, 1.0)]])
-0.0328284, 0.000448331, -0.00676549
float3(-0.136849, -0.0436675, -1.56938)
13873.143695208
normal
simd_float4x4([[-0.00463646, -0.990687, 0.136084, 0.0)], [0.999662, -0.00111041, 0.0259754, 0.0)], [-0.0255823, 0.136158, 0.990357, 0.0)], [-0.0377968, 0.000510663, -0.00873335, 1.0)]])
-0.0377968, 0.000510663, -0.00873335
float3(-0.136582, -0.0258257, -1.57192)
13873.243746916
normal
simd_float4x4([[-0.00574159, -0.990676, 0.136114, 0.0)], [0.99984, -0.00338403, 0.0175455, 0.0)], [-0.0169213, 0.136193, 0.990538, 0.0)], [-0.0352798, -0.000541682, -0.00878038, 1.0)]])
-0.0352798, -0.000541682, -0.00878038
float3(-0.136618, -0.0170813, -1.57421)
13873.343798416
normal
simd_float4x4([[-0.00476914, -0.99038, 0.138293, 0.0)], [0.999875, -0.0026403, 0.015573, 0.0)], [-0.0150581, 0.13835, 0.990269, 0.0)], [-0.0356441, -0.000918234, -0.00889605, 1.0)]])
-0.0356441, -0.000918234, -0.00889605
float3(-0.138796, -0.0152049, -1.57346)
13873.443849958
normal
simd_float4x4([[-0.00470072, -0.990146, 0.139962, 0.0)], [0.999801, -0.00194126, 0.0198458, 0.0)], [-0.0193785, 0.140027, 0.989958, 0.0)], [-0.0356836, -0.00126573, -0.010159, 1.0)]])
-0.0356836, -0.00126573, -0.010159
float3(-0.140489, -0.0195726, -1.57276)
13873.543901666
normal
simd_float4x4([[-0.00606402, -0.99034, 0.138529, 0.0)], [0.999687, -0.00263861, 0.0248974, 0.0)], [-0.0242913, 0.138636, 0.990046, 0.0)], [-0.0347531, -0.00189245, -0.0100711, 1.0)]])
-0.0347531, -0.00189245, -0.0100711
float3(-0.139084, -0.0245307, -1.57346)
13873.643953208
normal
simd_float4x4([[-0.00656752, -0.990315, 0.138687, 0.0)], [0.999575, -0.00256347, 0.02903, 0.0)], [-0.0283934, 0.138819, 0.989911, 0.0)], [-0.0334481, -0.00206765, -0.0101619, 1.0)]])
-0.0334481, -0.00206765, -0.0101619
float3(-0.139268, -0.0286749, -1.57338)
13873.744004791
normal
simd_float4x4([[-0.00762208, -0.990546, 0.136971, 0.0)], [0.999432, -0.00305009, 0.0335582, 0.0)], [-0.0328231, 0.137149, 0.990006, 0.0)], [-0.0327452, -0.00228709, -0.0102639, 1.0)]])
-0.0327452, -0.00228709, -0.0102639
float3(-0.137583, -0.0331423, -1.57388)
13873.844056375
normal
simd_float4x4([[-0.00821741, -0.990574, 0.136735, 0.0)], [0.999331, -0.00326114, 0.0364319, 0.0)], [-0.0356426, 0.136942, 0.989938, 0.0)], [-0.0321949, -0.00265267, -0.0105277, 1.0)]])
-0.0321949, -0.00265267, -0.0105277
float3(-0.137374, -0.0359894, -1.57409)
13873.944107916
normal
simd_float4x4([[-0.0093871, -0.990573, 0.136662, 0.0)], [0.999212, -0.00402198, 0.0394816, 0.0)], [-0.0385597, 0.136925, 0.989831, 0.0)], [-0.0321844, -0.00300265, -0.0114256, 1.0)]])
-0.0321844, -0.00300265, -0.0114256
float3(-0.137357, -0.0389362, -1.57486)
13874.044159583
normal
simd_float4x4([[-0.0123388, -0.990814, 0.134669, 0.0)], [0.999126, -0.00683898, 0.041226, 0.0)], [-0.0399263, 0.13506, 0.990033, 0.0)], [-0.0313593, -0.00309476, -0.0118412, 1.0)]])
-0.0313593, -0.00309476, -0.0118412
float3(-0.135474, -0.0403064, -1.5777)
13874.144211125
normal
simd_float4x4([[-0.0116013, -0.990917, 0.133977, 0.0)], [0.999744, -0.00888926, 0.0208234, 0.0)], [-0.0194433, 0.134184, 0.990766, 0.0)], [-0.0286433, -0.0243038, -0.0139303, 1.0)]])
-0.0286433, -0.0243038, -0.0139303
float3(-0.13459, -0.019622, -1.57977)
13874.244262916
normal
simd_float4x4([[-0.0101182, -0.990307, 0.13853, 0.0)], [0.999749, -0.00724636, 0.0212196, 0.0)], [-0.0200101, 0.138709, 0.990131, 0.0)], [-0.029522, -0.0246865, -0.0151344, 1.0)]])
-0.029522, -0.0246865, -0.0151344
float3(-0.139158, -0.0202068, -1.57811)
13874.344314458
normal
simd_float4x4([[-0.011362, -0.990046, 0.140282, 0.0)], [0.999698, -0.00818712, 0.0231881, 0.0)], [-0.0218088, 0.140504, 0.98984, 0.0)], [-0.0296984, -0.0243976, -0.0152129, 1.0)]])
-0.0296984, -0.0243976, -0.0152129
float3(-0.14097, -0.0220291, -1.57907)
13874.444366125
normal
simd_float4x4([[-0.0127658, -0.989914, 0.14109, 0.0)], [0.999672, -0.0094989, 0.0238038, 0.0)], [-0.0222235, 0.141348, 0.989711, 0.0)], [-0.0296789, -0.0237012, -0.0153638, 1.0)]])
-0.0296789, -0.0237012, -0.0153638
float3(-0.141823, -0.0224508, -1.58039)
13874.544417583
normal
simd_float4x4([[-0.0138846, -0.990635, 0.135831, 0.0)], [0.999554, -0.010161, 0.0280684, 0.0)], [-0.0264254, 0.136161, 0.990334, 0.0)], [-0.0297687, -0.0226451, -0.0143123, 1.0)]])
-0.0297687, -0.0226451, -0.0143123
float3(-0.136585, -0.026677, -1.58105)
13874.644469208
normal
simd_float4x4([[-0.0121386, -0.99123, 0.131591, 0.0)], [0.999472, -0.00805994, 0.0314831, 0.0)], [-0.0301463, 0.131904, 0.990804, 0.0)], [-0.0302641, -0.0218623, -0.0129753, 1.0)]])
-0.0302641, -0.0218623, -0.0129753
float3(-0.13229, -0.0304167, -1.57893)
13874.744520875
normal
simd_float4x4([[-0.00658876, -0.990979, 0.133852, 0.0)], [0.999407, -0.00200124, 0.0343789, 0.0)], [-0.0338009, 0.133999, 0.990405, 0.0)], [-0.0327624, -0.0215074, -0.0137927, 1.0)]])
-0.0327624, -0.0215074, -0.0137927
float3(-0.134403, -0.0341151, -1.57282)
13874.8445725
normal
simd_float4x4([[-8.06574e-05, -0.990336, 0.138689, 0.0)], [0.999363, 0.00486912, 0.03535, 0.0)], [-0.0356837, 0.138604, 0.989705, 0.0)], [-0.0361168, -0.0211303, -0.0148346, 1.0)]])
-0.0361168, -0.0211303, -0.0148346
float3(-0.139052, -0.0360393, -1.56588)
13874.944624208
normal
simd_float4x4([[0.000844208, -0.990303, 0.138925, 0.0)], [0.999297, 0.00604238, 0.0369995, 0.0)], [-0.0374801, 0.138796, 0.989612, 0.0)], [-0.0381765, -0.020771, -0.0144176, 1.0)]])
-0.0381765, -0.020771, -0.0144176
float3(-0.139246, -0.0378555, -1.56469)
13875.044675875
normal
simd_float4x4([[0.00132942, -0.990605, 0.136744, 0.0)], [0.999271, 0.00653168, 0.0376022, 0.0)], [-0.0381422, 0.136594, 0.989893, 0.0)], [-0.0392266, -0.0200725, -0.0130615, 1.0)]])
-0.0392266, -0.0200725, -0.0130615
float3(-0.137022, -0.0385126, -1.5642)
13875.144727375
normal
simd_float4x4([[0.00191433, -0.991086, 0.133208, 0.0)], [0.999259, 0.00701731, 0.0378493, 0.0)], [-0.0384467, 0.133037, 0.990365, 0.0)], [-0.039553, -0.0197338, -0.0138758, 1.0)]])
-0.039553, -0.0197338, -0.0138758
float3(-0.133433, -0.0388012, -1.56372)
13875.244779083
normal
simd_float4x4([[0.000776784, -0.991457, 0.130429, 0.0)], [0.999249, 0.00582385, 0.0383189, 0.0)], [-0.0387511, 0.130301, 0.990717, 0.0)], [-0.0402967, -0.0189224, -0.0135663, 1.0)]])
-0.0402967, -0.0189224, -0.0135663
float3(-0.130673, -0.0390943, -1.56492)
13875.344830791
normal
simd_float4x4([[-0.00132808, -0.991711, 0.128484, 0.0)], [0.999251, 0.00365208, 0.0385177, 0.0)], [-0.0386676, 0.128439, 0.990963, 0.0)], [-0.0403922, -0.0190879, -0.0151336, 1.0)]])
-0.0403922, -0.0190879, -0.0151336
float3(-0.128795, -0.0390004, -1.56711)
13875.444882458
normal
simd_float4x4([[-0.00386397, -0.991651, 0.128892, 0.0)], [0.999246, 0.00115061, 0.0388081, 0.0)], [-0.0386324, 0.128945, 0.990899, 0.0)], [-0.0394007, -0.019754, -0.0158958, 1.0)]])
-0.0394007, -0.019754, -0.0158958
float3(-0.129305, -0.0389675, -1.56964)
13875.544933958
normal
simd_float4x4([[-0.00528045, -0.991789, 0.127777, 0.0)], [0.999197, -0.000157217, 0.040072, 0.0)], [-0.0397229, 0.127886, 0.990993, 0.0)], [-0.0393271, -0.020111, -0.0161608, 1.0)]])
-0.0393271, -0.020111, -0.0161608
float3(-0.128237, -0.0400625, -1.57095)
13875.644985875
normal
simd_float4x4([[-0.00570406, -0.99162, 0.129062, 0.0)], [0.999161, -0.00041754, 0.0409511, 0.0)], [-0.040554, 0.129188, 0.990791, 0.0)], [-0.0391564, -0.0193533, -0.0178377, 1.0)]])
-0.0391564, -0.0193533, -0.0178377
float3(-0.12955, -0.0409081, -1.57122)
13875.745037333
normal
simd_float4x4([[-0.00604817, -0.991918, 0.126734, 0.0)], [0.999096, -0.000662256, 0.0424968, 0.0)], [-0.0420694, 0.126877, 0.991026, 0.0)], [-0.038996, -0.0195121, -0.0183135, 1.0)]])
-0.038996, -0.0195121, -0.0183135
float3(-0.12722, -0.0424249, -1.57146)
13875.845088916
normal
simd_float4x4([[-0.00735513, -0.991889, 0.12689, 0.0)], [0.999096, -0.00197547, 0.04247, 0.0)], [-0.0418749, 0.127088, 0.991007, 0.0)], [-0.0397374, -0.019687, -0.018828, 1.0)]])
-0.0397374, -0.019687, -0.018828
float3(-0.127433, -0.0422297, -1.57279)
13875.945140708
normal
simd_float4x4([[-0.00668096, -0.991825, 0.127428, 0.0)], [0.99914, -0.00140686, 0.0414342, 0.0)], [-0.0409162, 0.127595, 0.990982, 0.0)], [-0.0419661, -0.0197262, -0.0204175, 1.0)]])
-0.0419661, -0.0197262, -0.0204175
float3(-0.127944, -0.0412651, -1.57221)
13876.045192333
normal
simd_float4x4([[-0.0055376, -0.991923, 0.126722, 0.0)], [0.999097, -0.000149617, 0.0424883, 0.0)], [-0.0421261, 0.126843, 0.991028, 0.0)], [-0.0449765, -0.0196518, -0.0206922, 1.0)]])
-0.0449765, -0.0196518, -0.0206922
float3(-0.127185, -0.0424819, -1.57095)
13876.14524425
normal
simd_float4x4([[-0.00612839, -0.992144, 0.124951, 0.0)], [0.999686, -0.0030428, 0.0248704, 0.0)], [-0.0242948, 0.125064, 0.991851, 0.0)], [-0.0316074, -0.0221423, -0.0188328, 1.0)]])
-0.0316074, -0.0221423, -0.0188328
float3(-0.125392, -0.0244895, -1.57386)
13876.245295708
normal
simd_float4x4([[-0.00988179, -0.992346, 0.123094, 0.0)], [0.999557, -0.00634877, 0.029061, 0.0)], [-0.028057, 0.123327, 0.991969, 0.0)], [-0.0347327, -0.0231135, -0.0179534, 1.0)]])
-0.0347327, -0.0231135, -0.0179534
float3(-0.123642, -0.0282766, -1.57719)
13876.345347416
normal
simd_float4x4([[-0.0143704, -0.991619, 0.128398, 0.0)], [0.999145, -0.00926366, 0.0402814, 0.0)], [-0.0387543, 0.128868, 0.990904, 0.0)], [-0.0394708, -0.0248989, -0.0216625, 1.0)]])
-0.0394708, -0.0248989, -0.0216625
float3(-0.129227, -0.0390901, -1.58014)
13876.445399166
normal
simd_float4x4([[-0.0271481, -0.991704, 0.125643, 0.0)], [0.998421, -0.0207162, 0.0522181, 0.0)], [-0.0491821, 0.126863, 0.9907, 0.0)], [-0.0390509, -0.0258205, -0.0243089, 1.0)]])
-0.0390509, -0.0258205, -0.0243089
float3(-0.127205, -0.049603, -1.59168)
13876.54545075
normal
simd_float4x4([[-0.0386144, -0.991069, 0.127634, 0.0)], [0.998101, -0.0321185, 0.0525674, 0.0)], [-0.0479985, 0.129421, 0.990427, 0.0)], [-0.0333854, -0.0276453, -0.0274757, 1.0)]])
-0.0333854, -0.0276453, -0.0274757
float3(-0.129785, -0.0484245, -1.60319)
13876.6455025
normal
simd_float4x4([[-0.0403335, -0.991445, 0.124133, 0.0)], [0.998567, -0.0356236, 0.039932, 0.0)], [-0.0351683, 0.125566, 0.991462, 0.0)], [-0.0179475, -0.0289182, -0.0308428, 1.0)]])
-0.0179475, -0.0289182, -0.0308428
float3(-0.125898, -0.0354563, -1.60671)
13876.745554166
normal
simd_float4x4([[-0.0314334, -0.992884, 0.114862, 0.0)], [0.999473, -0.0302978, 0.0116201, 0.0)], [-0.00805734, 0.115167, 0.993313, 0.0)], [0.00501948, -0.0317962, -0.0340956, 1.0)]])
0.00501948, -0.0317962, -0.0340956
float3(-0.115423, -0.0081114, -1.6013)
13876.845605958
normal
simd_float4x4([[-0.00350447, -0.99277, 0.119978, 0.0)], [0.999478, -0.00732902, -0.0314507, 0.0)], [0.0321026, 0.119805, 0.992278, 0.0)], [0.0327311, -0.0332612, -0.0376771, 1.0)]])
0.0327311, -0.0332612, -0.0376771
float3(-0.120094, 0.0323411, -1.57818)
13876.945657708
normal
simd_float4x4([[0.0220724, -0.991199, 0.130529, 0.0)], [0.997628, 0.0133222, -0.0675338, 0.0)], [0.0652005, 0.13171, 0.989142, 0.0)], [0.0605707, -0.0330626, -0.0402026, 1.0)]])
0.0605707, -0.0330626, -0.0402026
float3(-0.132094, 0.065821, -1.55736)
13877.045709291
normal
simd_float4x4([[0.0430554, -0.990699, 0.129078, 0.0)], [0.996291, 0.0329404, -0.0795001, 0.0)], [0.0745088, 0.132022, 0.988443, 0.0)], [0.083401, -0.0296658, -0.0387755, 1.0)]])
0.083401, -0.0296658, -0.0387755
float3(-0.132409, 0.0752377, -1.53756)
13877.145761166
normal
simd_float4x4([[0.0289051, -0.991367, 0.127892, 0.0)], [0.997273, 0.0199088, -0.0710704, 0.0)], [0.0679107, 0.129598, 0.989238, 0.0)], [0.106574, -0.026158, -0.0392766, 1.0)]])
0.106574, -0.026158, -0.0392766
float3(-0.129963, 0.0685419, -1.55072)
13877.245812791
normal
simd_float4x4([[0.0185402, -0.992425, 0.121443, 0.0)], [0.998793, 0.0128571, -0.0474138, 0.0)], [0.0454932, 0.122176, 0.991465, 0.0)], [0.119901, -0.0245964, -0.0402034, 1.0)]])
0.119901, -0.0245964, -0.0402034
float3(-0.122482, 0.0458527, -1.55784)
13877.345864541
normal
simd_float4x4([[0.009995, -0.992756, 0.119729, 0.0)], [0.999843, 0.00816711, -0.0157479, 0.0)], [0.014656, 0.119868, 0.992682, 0.0)], [0.129752, -0.0272332, -0.0433237, 1.0)]])
0.129752, -0.0272332, -0.0433237
float3(-0.120157, 0.0147629, -1.56257)
13877.445872083
normal
simd_float4x4([[-0.0070533, -0.994126, 0.108003, 0.0)], [0.999961, -0.00642928, 0.00612495, 0.0)], [-0.00539459, 0.108042, 0.994132, 0.0)], [0.144193, -0.0296574, -0.0438636, 1.0)]])
0.144193, -0.0296574, -0.0438636
float3(-0.108253, -0.00542638, -1.57726)
13877.562521583
normal
simd_float4x4([[-0.0139089, -0.990536, 0.136543, 0.0)], [0.999749, -0.0113799, 0.0192849, 0.0)], [-0.0175485, 0.136777, 0.990447, 0.0)], [0.162119, -0.0279126, -0.0538911, 1.0)]])
0.162119, -0.0279126, -0.0538911
float3(-0.137207, -0.0177159, -1.58228)
13877.679171208
normal
simd_float4x4([[-0.0277802, -0.99269, 0.117455, 0.0)], [0.999583, -0.0266591, 0.0111049, 0.0)], [-0.0078925, 0.117714, 0.993016, 0.0)], [0.186878, -0.0231021, -0.0516593, 1.0)]])
0.186878, -0.0231021, -0.0516593
float3(-0.117988, -0.00794784, -1.59765)
13877.795820791
normal
simd_float4x4([[-0.015154, -0.993304, 0.114533, 0.0)], [0.999624, -0.0176708, -0.0209907, 0.0)], [0.022874, 0.114172, 0.993198, 0.0)], [0.213088, -0.0272084, -0.0527355, 1.0)]])
0.213088, -0.0272084, -0.0527355
float3(-0.114421, 0.0230266, -1.58858)
13877.912470458
normal
simd_float4x4([[0.00664703, -0.991921, 0.126684, 0.0)], [0.998453, -0.000410749, -0.0556043, 0.0)], [0.0552071, 0.126858, 0.990383, 0.0)], [0.244863, -0.0304279, -0.0557683, 1.0)]])
0.244863, -0.0304279, -0.0557683
float3(-0.1272, 0.0556855, -1.57121)
13878.029119958
normal
simd_float4x4([[0.0229086, -0.993581, 0.110776, 0.0)], [0.995932, 0.013022, -0.0891621, 0.0)], [0.0871473, 0.112368, 0.989838, 0.0)], [0.27079, -0.0252286, -0.0531262, 1.0)]])
0.27079, -0.0252286, -0.0531262
float3(-0.112606, 0.0878156, -1.55769)
13878.145769625
normal
simd_float4x4([[0.00364242, -0.992783, 0.119868, 0.0)], [0.991253, 0.0193982, 0.130541, 0.0)], [-0.131924, 0.118344, 0.98417, 0.0)], [0.0196375, -0.0248057, -0.0134007, 1.0)]])
0.0196375, -0.0248057, -0.0134007
float3(-0.118622, -0.133252, -1.55126)
13878.262419375
normal
simd_float4x4([[-0.00560466, -0.99285, 0.119238, 0.0)], [0.990515, 0.0108588, 0.136975, 0.0)], [-0.13729, 0.118875, 0.983372, 0.0)], [0.0326177, -0.021937, -0.0103738, 1.0)]])
0.0326177, -0.021937, -0.0103738
float3(-0.119157, -0.138715, -1.55986)
13878.379068958
normal
simd_float4x4([[-0.0111091, -0.993677, 0.111729, 0.0)], [0.986592, 0.00730228, 0.16304, 0.0)], [-0.162825, 0.112042, 0.980273, 0.0)], [0.0405808, -0.02219, -0.00773104, 1.0)]])
0.0405808, -0.02219, -0.00773104
float3(-0.112278, -0.164599, -1.56345)
13878.495718458
normal
simd_float4x4([[-0.0244272, -0.992616, 0.118815, 0.0)], [0.982408, -0.00182391, 0.186736, 0.0)], [-0.18514, 0.121286, 0.975199, 0.0)], [0.0401289, -0.0254427, -0.011056, 1.0)]])
0.0401289, -0.0254427, -0.011056
float3(-0.121586, -0.187616, -1.57263)
13878.61236825
normal
simd_float4x4([[-0.0241808, -0.992583, 0.119136, 0.0)], [0.977919, 0.00125973, 0.208981, 0.0)], [-0.207582, 0.121559, 0.970636, 0.0)], [0.0400377, -0.0249508, -0.0122806, 1.0)]])
0.0400377, -0.0249508, -0.0122806
float3(-0.12186, -0.210688, -1.56953)
13878.729017916
normal
simd_float4x4([[-0.0433294, -0.99148, 0.122845, 0.0)], [0.975637, -0.0155226, 0.21884, 0.0)], [-0.215069, 0.129334, 0.967997, 0.0)], [0.0570923, -0.0237486, -0.00993078, 1.0)]])
0.0570923, -0.0237486, -0.00993078
float3(-0.129698, -0.218628, -1.58645)
13878.845667375
normal
simd_float4x4([[-0.0450063, -0.993858, 0.101098, 0.0)], [0.973924, -0.0211257, 0.225888, 0.0)], [-0.222365, 0.108628, 0.968893, 0.0)], [0.0794069, -0.021152, -0.0012333, 1.0)]])
0.0794069, -0.021152, -0.0012333
float3(-0.108843, -0.225597, -1.59205)
13878.962317291
normal
simd_float4x4([[-0.036258, -0.993483, 0.108058, 0.0)], [0.976609, -0.012293, 0.214672, 0.0)], [-0.211945, 0.113314, 0.97069, 0.0)], [0.111661, -0.0246185, 0.000562517, 1.0)]])
0.111661, -0.0246185, 0.000562517
float3(-0.113558, -0.214971, -1.58317)
13879.078966791
normal
simd_float4x4([[-0.0170609, -0.991962, 0.125381, 0.0)], [0.981077, 0.00758022, 0.193469, 0.0)], [-0.192864, 0.126309, 0.973062, 0.0)], [0.153943, -0.0258739, 0.000758935, 1.0)]])
0.153943, -0.0258739, 0.000758935
float3(-0.126648, -0.195667, -1.56315)
13879.195616541
normal
simd_float4x4([[-0.000697295, -0.993186, 0.116534, 0.0)], [0.982526, 0.0210091, 0.184934, 0.0)], [-0.186123, 0.114626, 0.975817, 0.0)], [0.19343, -0.0208856, 0.00651305, 1.0)]])
0.19343, -0.0208856, 0.00651305
float3(-0.114879, -0.188471, -1.54965)
13879.312266041
normal
simd_float4x4([[0.00649984, -0.993235, 0.115943, 0.0)], [0.983896, 0.027063, 0.176679, 0.0)], [-0.178621, 0.112928, 0.977416, 0.0)], [0.224847, -0.0183081, 0.00945145, 1.0)]])
0.224847, -0.0183081, 0.00945145
float3(-0.113169, -0.180754, -1.54356)
13879.428915791
normal
simd_float4x4([[3.63936e-05, -0.993406, 0.114651, 0.0)], [0.980357, 0.0226484, 0.195928, 0.0)], [-0.197232, 0.112392, 0.973893, 0.0)], [0.252132, -0.0178565, 0.0138301, 1.0)]])
0.252132, -0.0178565, 0.0138301
float3(-0.11263, -0.199817, -1.548)
13879.5455655
normal
simd_float4x4([[-0.0143867, -0.993373, 0.114028, 0.0)], [0.975983, 0.0108402, 0.217576, 0.0)], [-0.21737, 0.114419, 0.96936, 0.0)], [0.272226, -0.0196635, 0.0179281, 1.0)]])
0.272226, -0.0196635, 0.0179281
float3(-0.11467, -0.220592, -1.55988)
13879.66221525
normal
simd_float4x4([[-0.0296899, -0.992956, 0.114702, 0.0)], [0.970452, -0.00114397, 0.241293, 0.0)], [-0.239462, 0.118476, 0.96365, 0.0)], [0.280932, -0.0215437, 0.0196202, 1.0)]])
0.280932, -0.0215437, 0.0196202
float3(-0.118755, -0.243561, -1.57195)
13879.778864708
normal
simd_float4x4([[-0.026435, -0.991936, 0.123951, 0.0)], [0.969119, 0.00498072, 0.246542, 0.0)], [-0.245172, 0.126641, 0.961173, 0.0)], [0.282095, -0.0210324, 0.0181409, 1.0)]])
0.282095, -0.0210324, 0.0181409
float3(-0.126982, -0.24975, -1.56578)
13879.895514416
normal
simd_float4x4([[-0.0394641, -0.992339, 0.117071, 0.0)], [0.969611, -0.00971994, 0.24446, 0.0)], [-0.24145, 0.123161, 0.962566, 0.0)], [0.281756, -0.0214351, 0.0158925, 1.0)]])
0.281756, -0.0214351, 0.0158925
float3(-0.123475, -0.245769, -1.58059)
13880.012164125
normal
simd_float4x4([[-0.0329751, -0.993163, 0.111979, 0.0)], [0.971209, -0.00539273, 0.238168, 0.0)], [-0.235935, 0.116609, 0.964747, 0.0)], [0.269586, -0.0218848, 0.0152082, 1.0)]])
0.269586, -0.0218848, 0.0152082
float3(-0.116875, -0.239849, -1.57623)
13880.128813708
normal
simd_float4x4([[-0.0303431, -0.992758, 0.116235, 0.0)], [0.971412, -0.00189627, 0.237391, 0.0)], [-0.235451, 0.120115, 0.964435, 0.0)], [0.253179, -0.0216355, 0.0130984, 1.0)]])
0.253179, -0.0216355, 0.0130984
float3(-0.120406, -0.23945, -1.57271)
13880.2454635
normal
simd_float4x4([[-0.0326845, -0.993378, 0.110146, 0.0)], [0.966601, -0.00338882, 0.256264, 0.0)], [-0.254194, 0.114843, 0.960311, 0.0)], [0.187425, -0.0637955, 0.0311596, 1.0)]])
0.187425, -0.0637955, 0.0311596
float3(-0.115097, -0.258765, -1.57421)
13880.362113208
normal
simd_float4x4([[-0.0412602, -0.993169, 0.109146, 0.0)], [0.965258, -0.0114125, 0.261048, 0.0)], [-0.258019, 0.116125, 0.959136, 0.0)], [0.149101, -0.0669292, 0.0118606, 1.0)]])
0.149101, -0.0669292, 0.0118606
float3(-0.116387, -0.26279, -1.58229)
13880.478763
normal
simd_float4x4([[-0.0623441, -0.992677, 0.103464, 0.0)], [0.961706, -0.0320276, 0.272206, 0.0)], [-0.266899, 0.116473, 0.95666, 0.0)], [0.105565, -0.066231, -0.0057582, 1.0)]])
0.105565, -0.066231, -0.0057582
float3(-0.116738, -0.272072, -1.60305)
13880.595412541
normal
simd_float4x4([[-0.0589144, -0.994, 0.0921547, 0.0)], [0.964916, -0.033042, 0.260472, 0.0)], [-0.255864, 0.104267, 0.961073, 0.0)], [0.086633, -0.0620923, -0.0152961, 1.0)]])
0.086633, -0.0620923, -0.0152961
float3(-0.104457, -0.260192, -1.60403)
13880.712062208
normal
simd_float4x4([[-0.0545003, -0.993168, 0.103182, 0.0)], [0.970657, -0.0284578, 0.238779, 0.0)], [-0.234211, 0.113168, 0.965577, 0.0)], [0.0414719, -0.0627441, -0.0073221, 1.0)]])
0.0414719, -0.0627441, -0.0073221
float3(-0.113411, -0.237965, -1.59944)
13880.828711875
normal
simd_float4x4([[-0.045129, -0.99428, 0.0968046, 0.0)], [0.980993, -0.0258013, 0.19232, 0.0)], [-0.188723, 0.103644, 0.976546, 0.0)], [0.0546796, -0.0220118, -0.0353222, 1.0)]])
0.0546796, -0.0220118, -0.0353222
float3(-0.10383, -0.190902, -1.59674)
13880.945361625
normal
simd_float4x4([[-0.0340626, -0.995322, 0.0904061, 0.0)], [0.987921, -0.0198502, 0.153682, 0.0)], [-0.151168, 0.0945489, 0.983976, 0.0)], [0.0345064, -0.0221459, -0.0418672, 1.0)]])
0.0345064, -0.0221459, -0.0418672
float3(-0.0946903, -0.152438, -1.59074)
13881.062011208
normal
simd_float4x4([[-0.0244343, -0.994637, 0.100499, 0.0)], [0.988561, -0.00907366, 0.150547, 0.0)], [-0.148827, 0.103028, 0.983481, 0.0)], [0.0100483, -0.0234338, -0.0481368, 1.0)]])
0.0100483, -0.0234338, -0.0481368
float3(-0.103211, -0.150188, -1.57992)
13881.178660958
normal
simd_float4x4([[-0.0276118, -0.994995, 0.0960359, 0.0)], [0.98493, -0.0106711, 0.172623, 0.0)], [-0.170734, 0.0993551, 0.980295, 0.0)], [-0.0169062, -0.0210792, -0.0539581, 1.0)]])
-0.0169062, -0.0210792, -0.0539581
float3(-0.0995193, -0.172436, -1.58152)
13881.295310708
normal
simd_float4x4([[-0.0362498, -0.995692, 0.0853366, 0.0)], [0.978239, -0.0178981, 0.20671, 0.0)], [-0.204293, 0.0909728, 0.974674, 0.0)], [-0.0541302, -0.0223131, -0.0602621, 1.0)]])
-0.0541302, -0.0223131, -0.0602621
float3(-0.0910987, -0.20661, -1.58877)
13881.411960291
normal
simd_float4x4([[-0.0609369, -0.993269, 0.0985102, 0.0)], [0.971641, -0.0364387, 0.233635, 0.0)], [-0.228473, 0.109954, 0.967321, 0.0)], [-0.0963262, -0.0247155, -0.0760729, 1.0)]])
-0.0963262, -0.0247155, -0.0760729
float3(-0.110176, -0.23194, -1.60747)
13881.528610083
normal
simd_float4x4([[-0.0711787, -0.993617, 0.0875191, 0.0)], [0.969547, -0.0483067, 0.240093, 0.0)], [-0.234333, 0.101943, 0.966797, 0.0)], [-0.130297, -0.0229658, -0.0800716, 1.0)]])
-0.130297, -0.0229658, -0.0800716
float3(-0.102121, -0.237795, -1.61938)
13881.645259833
normal
simd_float4x4([[-0.0563018, -0.993762, 0.0962686, 0.0)], [0.971868, -0.0324629, 0.23328, 0.0)], [-0.2287, 0.106694, 0.967633, 0.0)], [-0.156056, -0.0214989, -0.0866508, 1.0)]])
-0.156056, -0.0214989, -0.0866508
float3(-0.106898, -0.23209, -1.60345)
13881.761909583
normal
simd_float4x4([[-0.0464851, -0.994863, 0.089926, 0.0)], [0.977642, -0.0268289, 0.208557, 0.0)], [-0.205073, 0.0976103, 0.973867, 0.0)], [-0.174087, -0.0233752, -0.0928479, 1.0)]])
-0.174087, -0.0233752, -0.0928479
float3(-0.0977659, -0.207544, -1.59776)
13881.878559208
normal
simd_float4x4([[-0.0345162, -0.995383, 0.0895642, 0.0)], [0.982371, -0.0173161, 0.18614, 0.0)], [-0.18373, 0.0944101, 0.978432, 0.0)], [-0.190226, -0.0244581, -0.0965745, 1.0)]])
-0.190226, -0.0244581, -0.0965745
float3(-0.0945509, -0.185618, -1.58819)
13881.995209
normal
simd_float4x4([[-0.0254787, -0.994442, 0.102158, 0.0)], [0.983904, -0.00686484, 0.178566, 0.0)], [-0.176873, 0.105063, 0.97861, 0.0)], [-0.211547, -0.0288913, -0.106832, 1.0)]])
-0.211547, -0.0288913, -0.106832
float3(-0.105257, -0.178808, -1.5777)
13882.111858833
normal
simd_float4x4([[-0.0224084, -0.993934, 0.107668, 0.0)], [0.981049, -0.0011291, 0.193758, 0.0)], [-0.192461, 0.109969, 0.975123, 0.0)], [-0.238096, -0.0232711, -0.118371, 1.0)]])
-0.238096, -0.0232711, -0.118371
float3(-0.110192, -0.194866, -1.57193)
13882.228508333
normal
simd_float4x4([[-0.0283025, -0.995695, 0.0882612, 0.0)], [0.976612, -0.00871659, 0.214834, 0.0)], [-0.21314, 0.0922773, 0.972654, 0.0)], [-0.272613, -0.0249944, -0.126233, 1.0)]])
-0.272613, -0.0249944, -0.126233
float3(-0.0924088, -0.215722, -1.57955)
13882.345158166
normal
simd_float4x4([[-0.0602227, -0.992516, 0.106233, 0.0)], [0.971502, -0.0338372, 0.234602, 0.0)], [-0.229252, 0.117334, 0.966269, 0.0)], [-0.307508, -0.0303657, -0.144608, 1.0)]])
-0.307508, -0.0303657, -0.144608
float3(-0.117605, -0.232948, -1.60488)
13882.461808
normal
simd_float4x4([[-0.0683392, -0.992883, 0.0975314, 0.0)], [0.965807, -0.0413339, 0.255945, 0.0)], [-0.250093, 0.111688, 0.961759, 0.0)], [-0.342911, -0.0293438, -0.154363, 1.0)]])
-0.342911, -0.0293438, -0.154363
float3(-0.111921, -0.254403, -1.6124)
13882.578457666
normal
simd_float4x4([[-0.061489, -0.991355, 0.115903, 0.0)], [0.966036, -0.0299101, 0.256672, 0.0)], [-0.250986, 0.127749, 0.959524, 0.0)], [-0.363687, -0.0292057, -0.166058, 1.0)]])
-0.363687, -0.0292057, -0.166058
float3(-0.128099, -0.255841, -1.60096)
13882.695107375
normal
simd_float4x4([[-0.0576522, -0.992848, 0.104547, 0.0)], [0.970471, -0.0311655, 0.239196, 0.0)], [-0.234227, 0.11525, 0.965326, 0.0)], [-0.376536, -0.0281743, -0.169232, 1.0)]])
-0.376536, -0.0281743, -0.169232
float3(-0.115507, -0.23804, -1.60218)
13882.811757166
normal
simd_float4x4([[-0.0380711, -0.994039, 0.102166, 0.0)], [0.976354, -0.0152309, 0.215639, 0.0)], [-0.212797, 0.107959, 0.971114, 0.0)], [-0.391726, -0.026848, -0.172382, 1.0)]])
-0.391726, -0.026848, -0.172382
float3(-0.10817, -0.215717, -1.58612)
13882.928406875
normal
simd_float4x4([[-0.0310131, -0.992976, 0.114176, 0.0)], [0.980928, -0.0083077, 0.194194, 0.0)], [-0.191881, 0.118021, 0.974296, 0.0)], [-0.408913, -0.0288999, -0.182069, 1.0)]])
-0.408913, -0.0288999, -0.182069
float3(-0.118296, -0.194455, -1.57916)
13883.045056625
normal
simd_float4x4([[-0.0276054, -0.992719, 0.117248, 0.0)], [0.981148, -0.00446445, 0.193206, 0.0)], [-0.191276, 0.120371, 0.974128, 0.0)], [-0.430792, -0.022894, -0.193179, 1.0)]])
-0.430792, -0.022894, -0.193179
float3(-0.120664, -0.19389, -1.57529)
13883.161706375
normal
simd_float4x4([[-0.0272458, -0.994196, 0.104077, 0.0)], [0.97927, -0.00564011, 0.202481, 0.0)], [-0.200719, 0.107436, 0.97374, 0.0)], [-0.458971, -0.0224305, -0.204446, 1.0)]])
-0.458971, -0.0224305, -0.204446
float3(-0.107644, -0.203285, -1.57647)
13883.278356125
normal
simd_float4x4([[-0.0469654, -0.991985, 0.117299, 0.0)], [0.975798, -0.0204547, 0.217717, 0.0)], [-0.213572, 0.124685, 0.968938, 0.0)], [-0.493197, -0.0258024, -0.224206, 1.0)]])
-0.493197, -0.0258024, -0.224206
float3(-0.125011, -0.21695, -1.59141)
13883.395005916
normal
simd_float4x4([[-0.0596394, -0.991937, 0.111825, 0.0)], [0.97405, -0.0333267, 0.223866, 0.0)], [-0.218335, 0.122274, 0.968183, 0.0)], [-0.529709, -0.0263769, -0.241944, 1.0)]])
-0.529709, -0.0263769, -0.241944
float3(-0.122581, -0.221799, -1.60438)
13883.511655541
normal
simd_float4x4([[-0.0729679, -0.991258, 0.109924, 0.0)], [0.97265, -0.0463589, 0.2276, 0.0)], [-0.220515, 0.123525, 0.96753, 0.0)], [-0.56204, -0.027383, -0.256227, 1.0)]])
-0.56204, -0.027383, -0.256227
float3(-0.123841, -0.224087, -1.61753)
13883.628305458
normal
simd_float4x4([[-0.0758211, -0.991666, 0.104157, 0.0)], [0.972762, -0.0506159, 0.226215, 0.0)], [-0.219058, 0.118471, 0.968493, 0.0)], [-0.591173, -0.0263256, -0.265657, 1.0)]])
-0.591173, -0.0263256, -0.265657
float3(-0.11875, -0.222441, -1.62179)
13883.744955291
normal
simd_float4x4([[-0.0676733, -0.990761, 0.117532, 0.0)], [0.975714, -0.041122, 0.215156, 0.0)], [-0.208335, 0.129238, 0.969481, 0.0)], [-0.615208, -0.0257708, -0.274116, 1.0)]])
-0.615208, -0.0257708, -0.274116
float3(-0.129601, -0.211674, -1.61228)
13883.861605
normal
simd_float4x4([[-0.0579129, -0.991625, 0.11544, 0.0)], [0.980841, -0.0349727, 0.191646, 0.0)], [-0.186003, 0.124327, 0.974652, 0.0)], [-0.629856, -0.0247773, -0.281312, 1.0)]])
-0.629856, -0.0247773, -0.281312
float3(-0.124649, -0.188573, -1.60605)
13883.978254791
normal
simd_float4x4([[-0.0371429, -0.991146, 0.127473, 0.0)], [0.987986, -0.0172731, 0.153574, 0.0)], [-0.150012, 0.131646, 0.979881, 0.0)], [-0.64583, -0.024964, -0.288881, 1.0)]])
-0.64583, -0.024964, -0.288881
float3(-0.132029, -0.151913, -1.58822)
13884.094904541
normal
simd_float4x4([[-0.0140784, -0.99219, 0.123939, 0.0)], [0.992093, 0.00159917, 0.125495, 0.0)], [-0.124713, 0.124726, 0.984322, 0.0)], [-0.663451, -0.0238355, -0.293727, 1.0)]])
-0.663451, -0.0238355, -0.293727
float3(-0.125052, -0.126028, -1.56918)
13884.211554333
normal
simd_float4x4([[0.0141636, -0.990606, 0.136015, 0.0)], [0.992778, 0.030138, 0.116116, 0.0)], [-0.119125, 0.133388, 0.983878, 0.0)], [-0.689065, -0.0265762, -0.300095, 1.0)]])
-0.689065, -0.0265762, -0.300095
float3(-0.133786, -0.12049, -1.54038)
13884.328203916
normal
simd_float4x4([[0.0122525, -0.990787, 0.134872, 0.0)], [0.992212, 0.0287673, 0.12119, 0.0)], [-0.123954, 0.132337, 0.983424, 0.0)], [-0.714652, -0.0239621, -0.307443, 1.0)]])
-0.714652, -0.0239621, -0.307443
float3(-0.132726, -0.125382, -1.54177)
13884.444853916
normal
