ARKit Data
644349.063035375
limited((extension in ARKit):__C.ARCamera.TrackingState.Reason.excessiveMotion)
simd_float4x4([[-0.1720794, -0.59793127, -0.7828581, 0.0)], [-0.91386503, -0.19978209, 0.35346544, 0.0)], [-0.3677491, 0.7762508, -0.5120501, 0.0)], [-1.7606403, -0.22997212, 4.923918, 1.0)]])
-1.7606403, -0.22997212, 4.923918
float3(-0.88869673, -2.5187628, -1.8932567)
100.37138
644349.129691708
limited((extension in ARKit):__C.ARCamera.TrackingState.Reason.excessiveMotion)
simd_float4x4([[-0.099720106, -0.60291183, -0.7915511, 0.0)], [-0.9659063, -0.13235761, 0.22250016, 0.0)], [-0.23891579, 0.7867521, -0.56915754, 0.0)], [-1.975428, -0.2328881, 5.251274, 1.0)]])
-1.975428, -0.2328881, 5.251274
float3(-0.9055295, -2.7441595, -1.7868989)
100.37138
644349.196347666
limited((extension in ARKit):__C.ARCamera.TrackingState.Reason.excessiveMotion)
simd_float4x4([[-0.031289004, -0.63892776, -0.76863015, 0.0)], [-0.9895512, -0.08848557, 0.113836214, 0.0)], [-0.14074579, 0.7641608, -0.62948304, 0.0)], [-2.2036328, -0.23621368, 5.5767307, 1.0)]])
-2.2036328, -0.23621368, 5.5767307
float3(-0.8697393, -2.921621, -1.7084117)
100.37138
644349.263004041
limited((extension in ARKit):__C.ARCamera.TrackingState.Reason.excessiveMotion)
simd_float4x4([[0.022471072, -0.6614062, -0.74969107, 0.0)], [-0.9996647, -0.024513585, -0.008336892, 0.0)], [-0.012863542, 0.7496272, -0.6617353, 0.0)], [-2.4447236, -0.24054313, 5.9004707, 1.0)]])
-2.4447236, -0.24054313, 5.9004707
float3(-0.8474986, -3.122156, -1.6078422)
100.37138
644349.329660208
limited((extension in ARKit):__C.ARCamera.TrackingState.Reason.excessiveMotion)
simd_float4x4([[0.074013904, -0.6733893, -0.73557377, 0.0)], [-0.98845977, 0.048220646, -0.1436036, 0.0)], [0.13217098, 0.7377138, -0.6620493, 0.0)], [-2.6997082, -0.24301793, 6.2247496, 1.0000001)]])
-2.6997082, -0.24301793, 6.2247496
float3(-0.8296777, 2.944544, -1.4993095)
100.37138
644349.396316541
limited((extension in ARKit):__C.ARCamera.TrackingState.Reason.excessiveMotion)
simd_float4x4([[0.09085058, -0.6983689, -0.7099485, 0.0)], [-0.9601706, 0.12772527, -0.24851295, 0.0)], [0.26423207, 0.7042493, -0.65894943, 0.0)], [-1.6814737, -0.093238585, 6.711111, 0.99999994)]])
-1.6814737, -0.093238585, 6.711111
float3(-0.7813652, 2.7602332, -1.3899047)
100.37138
644349.462972583
limited((extension in ARKit):__C.ARCamera.TrackingState.Reason.excessiveMotion)
simd_float4x4([[0.13504145, -0.7286483, -0.6714428, 0.0)], [-0.92308885, 0.1537593, -0.35251206, 0.0)], [0.36009791, 0.66740525, -0.65184337, 0.0)], [-1.8806692, -0.07705212, 7.058329, 1.0)]])
-1.8806692, -0.07705212, 7.058329
float3(-0.73071903, 2.6368856, -1.3628275)
100.37138
644350.340448916
notAvailable
simd_float4x4([[0.04771065, 0.0, 0.99886113, 0.0)], [0.0, 1.0, 0.0, 0.0)], [-0.99886113, 0.0, 0.04771065, 0.0)], [0.01741556, -0.1081326, 0.0017400184, 1.0)]])
0.01741556, -0.1081326, 0.0017400184
float3(-0.0, -1.5230676, 0.0)
100.37138
644350.390441291
notAvailable
simd_float4x4([[0.04771065, 0.0, 0.99886113, 0.0)], [0.0, 1.0, 0.0, 0.0)], [-0.99886113, 0.0, 0.04771065, 0.0)], [0.01741556, -0.1081326, 0.0017400184, 1.0)]])
0.01741556, -0.1081326, 0.0017400184
float3(-0.0, -1.5230676, 0.0)
100.37138
644350.440433291
notAvailable
simd_float4x4([[0.04771065, 0.0, 0.99886113, 0.0)], [0.0, 1.0, 0.0, 0.0)], [-0.99886113, 0.0, 0.04771065, 0.0)], [0.01741556, -0.1081326, 0.0017400184, 1.0)]])
0.01741556, -0.1081326, 0.0017400184
float3(-0.0, -1.5230676, 0.0)
100.37138
644350.4904255
limited((extension in ARKit):__C.ARCamera.TrackingState.Reason.initializing)
simd_float4x4([[-0.06219123, -0.9734277, 0.2203882, 0.0)], [0.9980643, -0.060656067, 0.013732828, 0.0)], [-2.7905983e-08, 0.22081563, 0.9753157, 0.0)], [0.0, 0.0, 0.0, 1.0)]])
0.0, 0.0, 0.0
float3(-0.22265066, -2.8612257e-08, -1.6330277)
100.37138
644350.54041775
limited((extension in ARKit):__C.ARCamera.TrackingState.Reason.initializing)
simd_float4x4([[-0.058364835, -0.97041035, 0.23430203, 0.0)], [0.9982924, -0.056164972, 0.016056625, 0.0)], [-0.0024219486, 0.23483907, 0.97203135, 0.0)], [0.0, 0.0, 0.0, 1.0)]])
0.0, 0.0, 0.0
float3(-0.237053, -0.002491631, -1.6286094)
100.37138
644350.590409916
limited((extension in ARKit):__C.ARCamera.TrackingState.Reason.initializing)
simd_float4x4([[-0.053989388, -0.977522, 0.20380376, 0.0)], [0.9984972, -0.05092722, 0.020243868, 0.0)], [-0.009409665, 0.20459041, 0.9788025, 0.0)], [0.0, 0.0, 0.0, 1.0)]])
0.0, 0.0, 0.0
float3(-0.20604526, -0.00961315, -1.6228476)
100.37138
644350.640402208
limited((extension in ARKit):__C.ARCamera.TrackingState.Reason.initializing)
simd_float4x4([[-0.05503123, -0.9810053, 0.18601099, 0.0)], [0.9981365, -0.04912972, 0.036192257, 0.0)], [-0.026366128, 0.18765606, 0.9818809, 0.0)], [0.0, 0.0, 0.0, 1.0)]])
0.0, 0.0, 0.0
float3(-0.18877527, -0.026846223, -1.6208355)
100.37138
644350.690394291
limited((extension in ARKit):__C.ARCamera.TrackingState.Reason.initializing)
simd_float4x4([[-0.05767979, -0.9837715, 0.16990148, 0.0)], [0.99792314, -0.051925935, 0.038120527, 0.0)], [-0.028679606, 0.17174739, 0.9847234, 0.0)], [0.0, 0.0, 0.0, 1.0)]])
0.0, 0.0, 0.0
float3(-0.17260315, -0.029116299, -1.6235299)
100.37138
644350.757050583
limited((extension in ARKit):__C.ARCamera.TrackingState.Reason.initializing)
simd_float4x4([[-0.030953243, -0.98727566, 0.15597656, 0.0)], [0.99800843, -0.021946352, 0.059140295, 0.0)], [-0.054964654, 0.1574965, 0.9859888, 0.0)], [0.0, 0.0, 0.0, 1.0)]])
0.0, 0.0, 0.0
float3(-0.158155, -0.055688083, -1.5930219)
100.37138
644350.807042833
limited((extension in ARKit):__C.ARCamera.TrackingState.Reason.initializing)
simd_float4x4([[-0.015464726, -0.9875142, 0.15676855, 0.0)], [0.9963917, -0.0021341331, 0.08484768, 0.0)], [-0.08345374, 0.157515, 0.98398393, 0.0)], [0.0, 0.0, 0.0, 1.0)]])
0.0, 0.0, 0.0
float3(-0.15817374, -0.08460961, -1.5729574)
100.37138
644350.873699166
limited((extension in ARKit):__C.ARCamera.TrackingState.Reason.initializing)
simd_float4x4([[0.0017269971, -0.9885856, 0.1506498, 0.0)], [0.9944361, 0.017565422, 0.10386703, 0.0)], [-0.10532768, 0.14963222, 0.98311555, 0.0)], [0.0, 0.0, 0.0, 1.0)]])
0.0, 0.0, 0.0
float3(-0.15019628, -0.10672951, -1.55303)
100.37138
644350.940355666
limited((extension in ARKit):__C.ARCamera.TrackingState.Reason.initializing)
simd_float4x4([[0.01970092, -0.9902475, 0.13791883, 0.0)], [0.99119276, 0.03741247, 0.12703274, 0.0)], [-0.13095374, 0.13420148, 0.9822632, 0.0)], [0.0, 0.0, 0.0, 1.0)]])
0.0, 0.0, 0.0
float3(-0.13460761, -0.13253684, -1.5330334)
100.37138
644351.007011833
limited((extension in ARKit):__C.ARCamera.TrackingState.Reason.initializing)
simd_float4x4([[0.030459028, -0.9900631, 0.13728547, 0.0)], [0.98778754, 0.05081254, 0.14728853, 0.0)], [-0.15280074, 0.1311226, 0.9795197, 0.0)], [0.0, 0.0, 0.0, 1.0)]])
0.0, 0.0, 0.0
float3(-0.13150127, -0.15474837, -1.5195187)
100.37032
644351.057004
limited((extension in ARKit):__C.ARCamera.TrackingState.Reason.initializing)
simd_float4x4([[0.03646244, -0.99077445, 0.13052414, 0.0)], [0.9841651, 0.05827265, 0.16740192, 0.0)], [-0.17346355, 0.1223534, 0.9772104, 0.0)], [0.0, 0.0, 0.0, 1.0)]])
0.0, 0.0, 0.0
float3(-0.12266075, -0.17567898, -1.5120487)
100.37032
644351.123660208
limited((extension in ARKit):__C.ARCamera.TrackingState.Reason.initializing)
simd_float4x4([[0.031946156, -0.99267507, 0.11651503, 0.0)], [0.9805589, 0.053708605, 0.18873183, 0.0)], [-0.19360724, 0.108220585, 0.9750921, 0.0)], [0.0, 0.0, 0.0, 1.0)]])
0.0, 0.0, 0.0
float3(-0.10843295, -0.1960036, -1.5167441)
100.37032
644351.190316458
limited((extension in ARKit):__C.ARCamera.TrackingState.Reason.initializing)
simd_float4x4([[0.028995933, -0.9945766, 0.099881716, 0.0)], [0.9746983, 0.05028867, 0.21779433, 0.0)], [-0.22163607, 0.09103939, 0.97087026, 0.0)], [0.0, 0.0, 0.0, 1.0)]])
0.0, 0.0, 0.0
float3(-0.09116562, -0.22443987, -1.5202764)
100.37032
644351.256972833
limited((extension in ARKit):__C.ARCamera.TrackingState.Reason.initializing)
simd_float4x4([[0.02892342, -0.9950818, 0.09474009, 0.0)], [0.9660113, 0.052183107, 0.25317803, 0.0)], [-0.2568767, 0.08419722, 0.96276957, 0.0)], [0.0, 0.0, 0.0, 1.0)]])
0.0, 0.0, 0.0
float3(-0.08429702, -0.26073635, -1.5184033)
100.37032
644351.306965083
limited((extension in ARKit):__C.ARCamera.TrackingState.Reason.initializing)
simd_float4x4([[0.031927925, -0.9950428, 0.09418202, 0.0)], [0.95916617, 0.05699896, 0.27704066, 0.0)], [-0.2810356, 0.08149087, 0.9562312, 0.0)], [0.0, 0.0, 0.0, 1.0)]])
0.0, 0.0, 0.0
float3(-0.08158133, -0.2858504, -1.5135759)
100.37032
644351.390285541
limited((extension in ARKit):__C.ARCamera.TrackingState.Reason.initializing)
simd_float4x4([[0.035397522, -0.9947868, 0.09563524, 0.0)], [0.9483004, 0.063635, 0.31092927, 0.0)], [-0.31539413, 0.07968481, 0.9456093, 0.0)], [0.0, 0.0, 0.0, 1.0)]])
0.0, 0.0, 0.0
float3(-0.07976938, -0.32193238, -1.5069149)
100.37032
644351.456941791
limited((extension in ARKit):__C.ARCamera.TrackingState.Reason.initializing)
simd_float4x4([[0.032684892, -0.9947473, 0.097002506, 0.0)], [0.9391119, 0.06378168, 0.33763996, 0.0)], [-0.3420534, 0.08006048, 0.93626374, 0.0)], [0.0, 0.0, 0.0, 1.0)]])
0.0, 0.0, 0.0
float3(-0.08014625, -0.35027373, -1.5067655)
100.37032
644351.540262208
limited((extension in ARKit):__C.ARCamera.TrackingState.Reason.initializing)
simd_float4x4([[0.030433087, -0.9955616, 0.08905676, 0.0)], [0.93233186, 0.060392767, 0.35652497, 0.0)], [-0.36032093, 0.0721803, 0.9300317, 0.0)], [0.0, 0.0, 0.0, 1.0)]])
0.0, 0.0, 0.0
float3(-0.072243124, -0.36962223, -1.5102086)
100.37032
644351.5902545
limited((extension in ARKit):__C.ARCamera.TrackingState.Reason.initializing)
simd_float4x4([[0.03526082, -0.9962692, 0.07876645, 0.0)], [0.9336773, 0.06094557, 0.3528914, 0.0)], [-0.35637534, 0.061099216, 0.93234295, 0.0)], [0.0, 0.0, 0.0, 1.0)]])
0.0, 0.0, 0.0
float3(-0.061137296, -0.3650997, -1.5096986)
100.37032
644351.673574958
normal
simd_float4x4([[0.043944906, -0.99461913, 0.09381738, 0.0)], [0.93521017, 0.07398273, 0.3462782, 0.0)], [-0.35135576, 0.0725218, 0.933429, 0.0)], [-0.007200733, 0.005162604, -0.007844457, 1.0)]])
-0.007200733, 0.005162604, -0.007844457
float3(-0.07258552, -0.3600098, -1.4965501)
100.37032
644351.740231041
normal
simd_float4x4([[0.04058621, -0.9959643, 0.08005024, 0.0)], [0.9343142, 0.06622472, 0.35024473, 0.0)], [-0.35413253, 0.06057696, 0.9332313, 0.0)], [-0.016716555, 0.010653429, -0.01915311, 1.0)]])
-0.016716555, 0.010653429, -0.01915311
float3(-0.06061407, -0.3626831, -1.504401)
100.37032
644351.823551375
normal
simd_float4x4([[-0.036581926, -0.9979632, 0.052260533, 0.0)], [0.9199262, -0.013200279, 0.39186898, 0.0)], [-0.39038095, 0.06241116, 0.91853553, 0.0)], [0.06608406, -0.022307992, 0.033623118, 1.0)]])
0.06608406, -0.022307992, 0.033623118
float3(-0.062451746, -0.40187374, -1.5840228)
100.37032
644351.87354375
normal
simd_float4x4([[-0.039218504, -0.9979604, 0.050367776, 0.0)], [0.9183914, -0.01613826, 0.3953438, 0.0)], [-0.39372465, 0.06176213, 0.91715115, 0.0)], [0.07075969, -0.021926546, 0.029834535, 0.99999994)]])
0.07075969, -0.021926546, 0.029834535
float3(-0.061801463, -0.40549946, -1.5869662)
100.37032
644351.956864083
normal
simd_float4x4([[-0.004456562, -0.99989176, 0.014025147, 0.0)], [0.9255848, 0.0011842618, 0.37853858, 0.0)], [-0.3785142, 0.014668444, 0.9254793, 0.0)], [0.05969511, -0.03043571, 0.061182704, 1.0000001)]])
0.05969511, -0.03043571, 0.061182704
float3(-0.01466897, -0.38823453, -1.5696119)
100.37032
644352.006856291
normal
simd_float4x4([[-0.016684657, -0.9995656, 0.024294192, 0.0)], [0.92999774, -0.0065912944, 0.36750603, 0.0)], [-0.36718625, 0.028725257, 0.9297038, 0.0)], [0.06194049, -0.033116374, 0.060033888, 1.0)]])
0.06194049, -0.033116374, 0.060033888
float3(-0.02872921, -0.37614512, -1.5773904)
100.36999
644352.090176791
normal
simd_float4x4([[-0.029376687, -0.99817127, 0.052831225, 0.0)], [0.9243497, -0.0070130066, 0.38148183, 0.0)], [-0.3804137, 0.0600412, 0.9228654, 0.0)], [0.06302686, -0.033345025, 0.06392443, 1.0000001)]])
0.06302686, -0.033345025, 0.06392443
float3(-0.060077332, -0.39098713, -1.5778221)
100.36999
644352.156833166
normal
simd_float4x4([[-0.039922554, -0.9965819, 0.07232346, 0.0)], [0.93522036, -0.011783566, 0.35387, 0.0)], [-0.3518082, 0.08176576, 0.9324941, 0.0)], [0.063925445, -0.03803689, 0.059359618, 1.0)]])
0.063925445, -0.03803689, 0.059359618
float3(-0.081857145, -0.36076507, -1.5826198)
100.36999
644352.240153666
normal
simd_float4x4([[-0.055961728, -0.9920065, 0.11309947, 0.0)], [0.9286509, -0.010110524, 0.370817, 0.0)], [-0.36670935, 0.12578149, 0.92179346, 0.0)], [0.06256145, -0.04167701, 0.053597152, 1.0)]])
0.06256145, -0.04167701, 0.053597152
float3(-0.12611555, -0.37862703, -1.5809879)
100.36999
644352.306809875
normal
simd_float4x4([[-0.059751216, -0.9894525, 0.13196029, 0.0)], [0.9416008, -0.011981135, 0.33651814, 0.0)], [-0.3313877, 0.14436127, 0.9323852, 0.0)], [0.06306157, -0.044968408, 0.04710151, 1.0000001)]])
0.06306157, -0.044968408, 0.04710151
float3(-0.14486745, -0.34149453, -1.5829046)
100.36999
644352.390130333
normal
simd_float4x4([[-0.062493198, -0.9854661, 0.15795936, 0.0)], [0.9444685, -0.0072348304, 0.32852235, 0.0)], [-0.32260486, 0.16971806, 0.9311938, 0.0)], [0.062738076, -0.048254926, 0.03250442, 1.0)]])
0.062738076, -0.048254926, 0.03250442
float3(-0.17054357, -0.3335018, -1.5781378)
100.36999
644352.456786666
normal
simd_float4x4([[-0.05723057, -0.98419714, 0.16757305, 0.0)], [0.9561917, -0.0057685594, 0.29268426, 0.0)], [-0.28709233, 0.17698246, 0.94141126, 0.0)], [0.06474516, -0.049414378, 0.027751805, 1.0)]])
0.06474516, -0.049414378, 0.027751805
float3(-0.17791967, -0.29600057, -1.5766574)
100.36999
644352.540107125
normal
simd_float4x4([[-0.05028139, -0.98422295, 0.16963783, 0.0)], [0.96817887, -0.00634163, 0.25017887, 0.0)], [-0.24515602, 0.17681909, 0.95322275, 0.0)], [0.0694892, -0.051640477, 0.018495213, 1.0)]])
0.0694892, -0.051640477, 0.018495213
float3(-0.17775367, -0.2517309, -1.5772395)
100.36999
644352.606763458
normal
simd_float4x4([[-0.042041678, -0.9849878, 0.16742627, 0.0)], [0.9767159, -0.0052329674, 0.21447273, 0.0)], [-0.21037689, 0.17254472, 0.96227336, 0.0)], [0.07697566, -0.052175067, 0.017186288, 1.0)]])
0.07697566, -0.052175067, 0.017186288
float3(-0.17341255, -0.21523829, -1.576109)
100.36999
644352.690083791
normal
simd_float4x4([[-0.033643056, -0.98485726, 0.17007107, 0.0)], [0.98428816, -0.0031374234, 0.1765412, 0.0)], [-0.17333432, 0.17333834, 0.969489, 0.0)], [0.09015024, -0.053088557, 0.01065295, 0.99999994)]])
0.09015024, -0.053088557, 0.01065295
float3(-0.17421831, -0.17692004, -1.573982)
100.36999
644352.756740333
normal
simd_float4x4([[-0.022771299, -0.98487204, 0.17178029, 0.0)], [0.9891533, 0.0027450018, 0.14686076, 0.0)], [-0.1451106, 0.17326126, 0.97412705, 0.0)], [0.10218276, -0.05408588, 0.009710199, 1.0)]])
0.10218276, -0.05408588, 0.009710199
float3(-0.17414005, -0.14787734, -1.5680091)
100.36999
644352.856724833
normal
simd_float4x4([[-0.0046696668, -0.9833653, 0.18157865, 0.0)], [0.99453944, 0.014364231, 0.10336818, 0.0)], [-0.10425692, 0.18106985, 0.9779285, 0.0)], [0.121770404, -0.056847196, 0.0064300587, 0.99999994)]])
0.121770404, -0.056847196, 0.0064300587
float3(-0.18207417, -0.106208794, -1.5561901)
100.36999
644352.906717041
normal
simd_float4x4([[0.009180298, -0.9818277, 0.18955232, 0.0)], [0.9965393, 0.024643887, 0.07938451, 0.0)], [-0.08261323, 0.1881676, 0.9786562, 0.0)], [0.13278991, -0.05870919, 0.0008473871, 1.0)]])
0.13278991, -0.05870919, 0.0008473871
float3(-0.18929608, -0.08421531, -1.5457016)
100.36999
644352.990037458
normal
simd_float4x4([[0.027380567, -0.9796467, 0.19885328, 0.0)], [0.99843633, 0.036499683, 0.042337913, 0.0)], [-0.048734285, 0.19738312, 0.9791143, 0.0)], [0.15106587, -0.061882492, -0.003574898, 0.99999994)]])
0.15106587, -0.061882492, -0.003574898
float3(-0.1986878, -0.049732804, -1.5335555)
100.36943
644353.056694
normal
simd_float4x4([[0.04597677, -0.97959524, 0.19565088, 0.0)], [0.99893194, 0.045984607, -0.004504804, 0.0)], [-0.004584041, 0.19564904, 0.98066324, 0.0)], [0.16236594, -0.06677465, -0.0077206735, 1.0)]])
0.16236594, -0.06677465, -0.0077206735
float3(-0.19691923, -0.004674395, -1.5238883)
100.36943
644353.140014416
normal
simd_float4x4([[0.0688854, -0.97942793, 0.18967262, 0.0)], [0.9968697, 0.0601832, -0.05127077, 0.0)], [0.038800906, 0.19261073, 0.98050773, 0.0)], [0.17185746, -0.074003495, -0.010699741, 0.99999994)]])
0.17185746, -0.074003495, -0.010699741
float3(-0.193822, 0.039551623, -1.5094262)
100.36943
644353.206670666
normal
simd_float4x4([[0.08806521, -0.98074675, 0.1742996, 0.0)], [0.9926659, 0.07185832, -0.09721493, 0.0)], [0.08281837, 0.18158253, 0.97988206, 0.0)], [0.17566155, -0.08111541, -0.010274179, 1.0)]])
0.17566155, -0.08111541, -0.010274179
float3(-0.18259549, 0.08431832, -1.497658)
100.36943
644353.289991041
normal
simd_float4x4([[0.11380778, -0.98114383, 0.15621985, 0.0)], [0.98097014, 0.08607743, -0.17403483, 0.0)], [0.15730616, 0.17305355, 0.9722691, 0.0)], [0.17323925, -0.09287227, -0.014300391, 1.0)]])
0.17323925, -0.09287227, -0.014300391
float3(-0.17392915, 0.16040285, -1.4832886)
100.36943
644353.339983583
normal
simd_float4x4([[0.13170494, -0.9800476, 0.14886442, 0.0)], [0.9679571, 0.09475676, -0.23255129, 0.0)], [0.21380542, 0.17472252, 0.9611239, 0.0)], [0.16935669, -0.10081844, -0.016559297, 1.0)]])
0.16935669, -0.10081844, -0.016559297
float3(-0.17562395, 0.21888939, -1.47441)
100.36943
644353.439968041
normal
simd_float4x4([[0.15955274, -0.976017, 0.14810066, 0.0)], [0.9297347, 0.098132335, -0.3549133, 0.0)], [0.3318679, 0.19432169, 0.92309415, 0.0)], [0.15353884, -0.11946978, -0.023972051, 1.0)]])
0.15353884, -0.11946978, -0.023972051
float3(-0.19556591, 0.3451278, -1.4705894)
100.36943
644353.489960333
normal
simd_float4x4([[0.17384289, -0.97209513, 0.15751092, 0.0)], [0.9068168, 0.09564992, -0.41052932, 0.0)], [0.38400766, 0.21420117, 0.89814025, 0.0)], [0.14212017, -0.12894195, -0.027268099, 1.0)]])
0.14212017, -0.12894195, -0.027268099
float3(-0.21587394, 0.40403587, -1.4727165)
100.36943
644353.589944791
normal
simd_float4x4([[0.21867836, -0.9560228, 0.19544873, 0.0)], [0.86063975, 0.09456818, -0.5003561, 0.0)], [0.45986858, 0.27762794, 0.8434711, 0.0)], [0.124229625, -0.1458339, -0.031215532, 1.0)]])
0.124229625, -0.1458339, -0.031215532
float3(-0.28132412, 0.49915797, -1.4721987)
100.36943
644353.639937208
normal
simd_float4x4([[0.23282798, -0.95331705, 0.192296, 0.0)], [0.8320347, 0.09289261, -0.54689044, 0.0)], [0.5034971, 0.28732836, 0.8148209, 0.0)], [0.11311957, -0.15053034, -0.029882232, 1.0)]])
0.11311957, -0.15053034, -0.029882232
float3(-0.2914364, 0.5534945, -1.4736615)
100.36943
644353.739921875
normal
simd_float4x4([[0.24584898, -0.95323634, 0.17577994, 0.0)], [0.7888761, 0.09139358, -0.6077184, 0.0)], [0.5632341, 0.28807557, 0.7744544, 0.0)], [0.10126838, -0.1515041, -0.026748, 1.0)]])
0.10126838, -0.1515041, -0.026748
float3(-0.2922166, 0.6287917, -1.4752114)
100.36943
644353.789914125
normal
simd_float4x4([[0.24356622, -0.95559037, 0.16589946, 0.0)], [0.7681733, 0.08564324, -0.634488, 0.0)], [0.5921024, 0.2819794, 0.7549188, 0.0)], [0.09090224, -0.14809236, -0.025689078, 1.0)]])
0.09090224, -0.14809236, -0.025689078
float3(-0.2858566, 0.66511023, -1.4814118)
100.36943
644353.873234541
normal
simd_float4x4([[0.23786876, -0.95895535, 0.15434727, 0.0)], [0.73433816, 0.073543, -0.67478794, 0.0)], [0.6357404, 0.27385408, 0.7216912, 0.0)], [0.08296354, -0.1445443, -0.026483515, 1.0)]])
0.08296354, -0.1445443, -0.026483515
float3(-0.27739802, 0.72216386, -1.4942554)
100.368835
644353.939891
normal
simd_float4x4([[0.24746077, -0.9569296, 0.15181828, 0.0)], [0.7118212, 0.07325319, -0.69853026, 0.0)], [0.65732324, 0.28092632, 0.69929004, 0.0)], [0.07106349, -0.14162438, -0.028816259, 1.0)]])
0.07106349, -0.14162438, -0.028816259
float3(-0.28475916, 0.7544731, -1.4943951)
100.368835
644354.023211583
normal
simd_float4x4([[0.26990294, -0.94943285, 0.16040476, 0.0)], [0.7008119, 0.07945704, -0.7089071, 0.0)], [0.6603144, 0.30374968, 0.6868195, 0.0)], [0.05849491, -0.14520568, -0.029770756, 1.0)]])
0.05849491, -0.14520568, -0.029770756
float3(-0.30862582, 0.7657255, -1.487302)
100.368835
644354.073203791
normal
simd_float4x4([[0.28644577, -0.9420103, 0.17482965, 0.0)], [0.69728416, 0.07982576, -0.71233594, 0.0)], [0.6570719, 0.3259516, 0.6797147, 0.0)], [0.05905114, -0.14951353, -0.041500375, 0.99999994)]])
0.05905114, -0.14951353, -0.041500375
float3(-0.33201814, 0.7684616, -1.4862585)
100.368835
644354.156524291
normal
simd_float4x4([[0.29328665, -0.93404937, 0.20380083, 0.0)], [0.7114647, 0.07085016, -0.6991411, 0.0)], [0.638593, 0.35004586, 0.6853224, 0.0)], [0.060401447, -0.15904298, -0.05964391, 1.0)]])
0.060401447, -0.15904298, -0.05964391
float3(-0.35762006, 0.75011647, -1.4950886)
100.368835
644354.223180666
normal
simd_float4x4([[0.27702338, -0.9347476, 0.22249722, 0.0)], [0.72420096, 0.05093141, -0.68770564, 0.0)], [0.63149905, 0.35164326, 0.6910542, 0.0)], [0.06913513, -0.16730279, -0.08385943, 1.0)]])
0.06913513, -0.16730279, -0.08385943
float3(-0.3593259, 0.7403981, -1.5163634)
100.368835
644354.306501083
normal
simd_float4x4([[0.25879195, -0.9348625, 0.24302001, 0.0)], [0.7413546, 0.030952277, -0.6703993, 0.0)], [0.61920923, 0.353658, 0.70107484, 0.0)], [0.071904965, -0.17637059, -0.11109179, 1.0)]])
0.071904965, -0.17637059, -0.11109179
float3(-0.36147895, 0.7234714, -1.5376995)
100.368835
644354.356493458
normal
simd_float4x4([[0.2596726, -0.934795, 0.24233957, 0.0)], [0.75084084, 0.037624836, -0.65941066, 0.0)], [0.60729575, 0.35318935, 0.71165234, 0.0)], [0.07030286, -0.17816335, -0.13287312, 1.0)]])
0.07030286, -0.17816335, -0.13287312
float3(-0.36097798, 0.7064416, -1.5305687)
100.368835
644354.456478041
normal
simd_float4x4([[0.27718097, -0.93024904, 0.24043164, 0.0)], [0.75740415, 0.05757666, -0.6504028, 0.0)], [0.5911933, 0.36238325, 0.72053367, 0.0)], [0.051744666, -0.1830703, -0.1757864, 0.99999994)]])
0.051744666, -0.1830703, -0.1757864
float3(-0.37082368, 0.68711275, -1.5089813)
100.368835
644354.506470333
normal
simd_float4x4([[0.2901191, -0.92905056, 0.22955586, 0.0)], [0.74918854, 0.071242735, -0.65851414, 0.0)], [0.59543884, 0.3630282, 0.7167029, 0.0)], [0.029701034, -0.18384846, -0.19905777, 0.9999999)]])
0.029701034, -0.18384846, -0.19905777
float3(-0.37151575, 0.693243, -1.4942627)
100.368835
644354.589790875
normal
simd_float4x4([[0.30961573, -0.9328817, 0.18403724, 0.0)], [0.7275249, 0.10779156, -0.67756057, 0.0)], [0.6122463, 0.34367514, 0.7120687, 0.0)], [-0.00066853856, -0.17058696, -0.2268208, 0.9999999)]])
-0.00066853856, -0.17058696, -0.2268208
float3(-0.35082763, 0.7101638, -1.4557596)
100.368835
644354.63978325
normal
simd_float4x4([[0.3203558, -0.9359286, 0.14632143, 0.0)], [0.69899946, 0.12929983, -0.703336, 0.0)], [0.6393528, 0.32759634, 0.6956355, 0.0)], [-0.033755258, -0.16949402, -0.23788571, 1.0000001)]])
-0.033755258, -0.16949402, -0.23788571
float3(-0.3337584, 0.7432634, -1.4335139)
100.368835
644354.739767708
normal
simd_float4x4([[0.3242671, -0.94096076, 0.0971786, 0.0)], [0.6330569, 0.1395223, -0.7614278, 0.0)], [0.7029152, 0.3084256, 0.6409242, 0.0)], [-0.076952055, -0.16266406, -0.2472034, 1.0)]])
-0.076952055, -0.16266406, -0.2472034
float3(-0.3135375, 0.8314952, -1.4235924)
100.368835
644354.789760125
normal
simd_float4x4([[0.3192392, -0.94174707, 0.105824605, 0.0)], [0.5797076, 0.10572463, -0.80793643, 0.0)], [0.74968356, 0.31927234, 0.5796894, 0.0)], [-0.10818343, -0.17232814, -0.2515787, 1.0)]])
-0.10818343, -0.17232814, -0.2515787
float3(-0.32496154, 0.91258335, -1.4590001)
100.368835
644354.889744708
normal
simd_float4x4([[0.33193713, -0.9317643, 0.14708157, 0.0)], [0.48194203, 0.03347978, -0.87556326, 0.0)], [0.8108942, 0.36151674, 0.4601696, 0.0)], [-0.14109334, -0.18950102, -0.2530062, 1.0)]])
-0.14109334, -0.18950102, -0.2530062
float3(-0.36989415, 1.0546287, -1.5348802)
100.367836
644354.956401083
normal
simd_float4x4([[0.35557845, -0.9193144, 0.16859697, 0.0)], [0.4076138, -0.0097980825, -0.91310185, 0.0)], [0.84107965, 0.39340183, 0.37124124, 0.0)], [-0.17939329, -0.20995782, -0.26006252, 1.0)]])
-0.17939329, -0.20995782, -0.26006252
float3(-0.40432885, 1.1551284, -1.5814539)
100.367836
644355.039721708
normal
simd_float4x4([[0.40564454, -0.89621055, 0.17960812, 0.0)], [0.3306639, -0.0393053, -0.9429298, 0.0)], [0.85212314, 0.44188422, 0.2804005, 0.0)], [-0.19940706, -0.22771299, -0.26663846, 1.0)]])
-0.19940706, -0.22771299, -0.26663846
float3(-0.457698, 1.2528957, -1.6146255)
100.367836
644355.089713916
normal
simd_float4x4([[0.44278175, -0.87930447, 0.17540771, 0.0)], [0.2875922, -0.046016667, -0.95664686, 0.0)], [0.84925556, 0.4740317, 0.2325058, 0.0)], [-0.22718659, -0.23966083, -0.28269008, 1.0)]])
-0.22718659, -0.23966083, -0.28269008
float3(-0.49386397, 1.3035684, -1.6230817)
100.367836
644355.189698791
normal
simd_float4x4([[0.46074665, -0.8699059, 0.176001, 0.0)], [0.24090397, -0.06828166, -0.968144, 0.0)], [0.8542118, 0.48846844, 0.17810322, 0.0)], [-0.23900327, -0.24854034, -0.31922224, 1.0)]])
-0.23900327, -0.24854034, -0.31922224
float3(-0.51033366, 1.3652412, -1.6491289)
100.367836
644355.239690958
normal
simd_float4x4([[0.4502786, -0.8759748, 0.17296648, 0.0)], [0.22540605, -0.07592364, -0.9713021, 0.0)], [0.8639683, 0.47634423, 0.16326322, 0.0)], [-0.2621702, -0.25326967, -0.35189176, 1.0)]])
-0.2621702, -0.25326967, -0.35189176
float3(-0.4964922, 1.3840296, -1.6572536)
100.367836
644355.339675458
normal
simd_float4x4([[0.44145486, -0.87999266, 0.17530058, 0.0)], [0.21795322, -0.084352374, -0.97230697, 0.0)], [0.8704101, 0.46743703, 0.1545595, 0.0)], [-0.27151963, -0.2549755, -0.42192507, 0.9999999)]])
-0.27151963, -0.2549755, -0.42192507
float3(-0.48638934, 1.3950572, -1.6663601)
100.367836
644355.389667833
normal
simd_float4x4([[0.46196237, -0.8697959, 0.1733372, 0.0)], [0.2073957, -0.08407935, -0.97463715, 0.0)], [0.8623095, 0.48619512, 0.14155044, 0.0)], [-0.29927343, -0.25422686, -0.4705846, 0.99999994)]])
-0.29927343, -0.25422686, -0.4705846
float3(-0.5077303, 1.4080946, -1.6671625)
100.367836
644355.472988375
normal
simd_float4x4([[0.47640285, -0.86247826, 0.17079695, 0.0)], [0.22746389, -0.06674279, -0.9714966, 0.0)], [0.8492942, 0.5016739, 0.16438621, 0.0)], [-0.30944082, -0.2318762, -0.55016243, 1.0)]])
-0.30944082, -0.2318762, -0.55016243
float3(-0.52553266, 1.3796042, -1.6480273)
100.367836
644355.539644916
normal
simd_float4x4([[0.41449916, -0.8981978, 0.14639352, 0.0)], [0.27007204, -0.03220898, -0.96230125, 0.0)], [0.86905205, 0.43840984, 0.22922754, 0.0)], [-0.32585567, -0.20243777, -0.61346304, 1.0)]])
-0.32585567, -0.20243777, -0.61346304
float3(-0.45382866, 1.3129027, -1.6066406)
100.367836
644355.6229655
normal
simd_float4x4([[0.3329785, -0.93715215, 0.104265235, 0.0)], [0.32355958, 0.00969638, -0.9461581, 0.0)], [0.8856831, 0.34878632, 0.30645323, 0.0)], [-0.33401138, -0.16678175, -0.6784457, 1.0)]])
-0.33401138, -0.16678175, -0.6784457
float3(-0.3562758, 1.2376825, -1.5604501)
100.367836
644355.672957833
normal
simd_float4x4([[0.3116262, -0.9461419, 0.08777596, 0.0)], [0.34853464, 0.02787836, -0.93688124, 0.0)], [0.88397557, 0.32254973, 0.33845088, 0.0)], [-0.33679214, -0.15286121, -0.710282, 1.0)]])
-0.33679214, -0.15286121, -0.710282
float3(-0.32842195, 1.2051407, -1.5413395)
100.367836
644355.756278333
normal
simd_float4x4([[0.30899787, -0.9484725, 0.070144586, 0.0)], [0.347027, 0.043772317, -0.93683314, 0.0)], [0.88549006, 0.3138215, 0.34267113, 0.0)], [-0.35614657, -0.14503098, -0.7516058, 1.0)]])
-0.35614657, -0.14503098, -0.7516058
float3(-0.31921518, 1.2015601, -1.5246787)
100.36777
644355.82293475
normal
simd_float4x4([[0.3238101, -0.94414, 0.061209206, 0.0)], [0.31576878, 0.046860095, -0.9476783, 0.0)], [0.8918728, 0.32619578, 0.31330377, 0.0)], [-0.38205397, -0.1547937, -0.77681494, 1.0)]])
-0.38205397, -0.1547937, -0.77681494
float3(-0.33227643, 1.232975, -1.5212045)
100.36777
644355.906255416
normal
simd_float4x4([[0.3569346, -0.9316881, 0.06749088, 0.0)], [0.22599669, 0.016024861, -0.97399616, 0.0)], [0.9063792, 0.36290568, 0.21627828, 0.0)], [-0.43055305, -0.18504068, -0.8046874, 1.0)]])
-0.43055305, -0.18504068, -0.8046874
float3(-0.37138426, 1.3365586, -1.5535982)
100.36777
644355.95624775
normal
simd_float4x4([[0.36477438, -0.9279813, 0.076093376, 0.0)], [0.15787765, -0.018896481, -0.9872778, 0.0)], [0.9176133, 0.37214717, 0.13961457, 0.0)], [-0.46265447, -0.20512481, -0.819153, 1.0)]])
-0.46265447, -0.20512481, -0.819153
float3(-0.38132128, 1.4198047, -1.5911565)
100.36777
644356.039568333
normal
simd_float4x4([[0.35786477, -0.9294419, 0.08983632, 0.0)], [0.1036603, -0.056070093, -0.9930311, 0.0)], [0.9280018, 0.3646833, 0.07628071, 0.0)], [-0.5202042, -0.2288549, -0.8495457, 1.0000001)]])
-0.5202042, -0.2288549, -0.8495457
float3(-0.37329265, 1.4887818, -1.6310499)
100.36777
644356.089560666
normal
simd_float4x4([[0.36870125, -0.9249879, 0.09196088, 0.0)], [0.1004168, -0.05871729, -0.9932113, 0.0)], [0.92410815, 0.3754327, 0.071235195, 0.0)], [-0.55680627, -0.22999313, -0.8722931, 1.0)]])
-0.55680627, -0.22999313, -0.8722931
float3(-0.3848636, 1.4938631, -1.6341902)
100.36777
644356.172881208
normal
simd_float4x4([[0.31305224, -0.9477311, 0.06167686, 0.0)], [0.0630872, -0.044046704, -0.9970355, 0.0)], [0.9476382, 0.31601524, 0.04600078, 0.0)], [-0.608918, -0.20236264, -0.9200075, 0.99999994)]])
-0.608918, -0.20236264, -0.9200075
float3(-0.32152656, 1.5222919, -1.6172389)
100.36777
644356.239537583
normal
simd_float4x4([[0.2405792, -0.97055095, 0.0123478575, 0.0)], [0.11132214, 0.014952408, -0.9936719, 0.0)], [0.9642245, 0.24043138, 0.11164105, 0.0)], [-0.6360232, -0.16117814, -0.96301323, 1.0)]])
-0.6360232, -0.16117814, -0.96301323
float3(-0.24281025, 1.4555264, -1.5553914)
100.36777
644356.322858125
normal
simd_float4x4([[0.1783323, -0.9839693, -0.0014314365, 0.0)], [0.1615282, 0.030709956, -0.9863901, 0.0)], [0.9706216, 0.17567402, 0.16441537, 0.0)], [-0.66200453, -0.11550027, -1.0277761, 1.0)]])
-0.66200453, -0.11550027, -1.0277761
float3(-0.1765904, 1.4029973, -1.5395962)
100.36777
644356.372850458
normal
simd_float4x4([[0.13225213, -0.99120265, 0.0051527657, 0.0)], [0.20531034, 0.022307292, -0.9784426, 0.0)], [0.96972007, 0.13045904, 0.20645437, 0.0)], [-0.67420596, -0.09571895, -1.0661106, 0.99999994)]])
-0.67420596, -0.09571895, -1.0661106
float3(-0.13083196, 1.3610272, -1.5482949)
100.36777
644356.456171083
normal
simd_float4x4([[0.09709786, -0.9950835, 0.019516885, 0.0)], [0.27626488, 0.0081079425, -0.96104735, 0.0)], [0.95616406, 0.098707475, 0.27569386, 0.0)], [-0.7032034, -0.084698334, -1.1295822, 1.0)]])
-0.7032034, -0.084698334, -1.1295822
float3(-0.09886847, 1.2900771, -1.5626485)
100.36777
644356.522827583
normal
simd_float4x4([[0.10972541, -0.9935597, 0.028273962, 0.0)], [0.28143513, 0.00377396, -0.9595728, 0.0)], [0.95328623, 0.113246806, 0.2800367, 0.0)], [-0.7305863, -0.08912421, -1.1810664, 1.0)]])
-0.7305863, -0.08912421, -1.1810664
float3(-0.113490276, 1.2850747, -1.5669979)
100.36777
644356.606148125
normal
simd_float4x4([[0.13036138, -0.99091744, 0.032993373, 0.0)], [0.28827482, 0.0060426877, -0.9575287, 0.0)], [0.9486324, 0.13433594, 0.28644428, 0.0)], [-0.77222323, -0.11127801, -1.2425789, 1.0)]])
-0.77222323, -0.11127801, -1.2425789
float3(-0.13474329, 1.277547, -1.5646983)
100.36777
644356.656140458
normal
simd_float4x4([[0.15393424, -0.98689526, 0.048393898, 0.0)], [0.2821464, -0.0030352722, -0.95936656, 0.0)], [0.9469412, 0.16133355, 0.27798173, 0.0)], [-0.79510224, -0.123110786, -1.2795033, 1.0)]])
-0.79510224, -0.123110786, -1.2795033
float3(-0.16204175, 1.2852604, -1.5738719)
100.36777
644356.739461166
normal
simd_float4x4([[0.23369277, -0.9685341, 0.08561149, 0.0)], [0.2764982, -0.018216666, -0.9608417, 0.0)], [0.93216753, 0.2482132, 0.26354083, 0.0)], [-0.84204763, -0.13168608, -1.3390243, 0.99999994)]])
-0.84204763, -0.13168608, -1.3390243
float3(-0.2508353, 1.2952688, -1.5896026)
100.367546
644356.806117666
normal
simd_float4x4([[0.2416019, -0.96590173, 0.0930716, 0.0)], [0.24518876, -0.032035638, -0.96894586, 0.0)], [0.93888813, 0.2569193, 0.22908838, 0.0)], [-0.8692344, -0.118331864, -1.3851135, 1.0)]])
-0.8692344, -0.118331864, -1.3851135
float3(-0.25983313, 1.331473, -1.6039507)
100.367546
644356.889438291
normal
simd_float4x4([[0.17742035, -0.9815676, 0.0710429, 0.0)], [0.27147612, -0.0205731, -0.96222526, 0.0)], [0.9459507, 0.19000481, 0.2628221, 0.0)], [-0.89546674, -0.09592273, -1.431697, 1.0)]])
-0.89546674, -0.09592273, -1.431697
float3(-0.19116704, 1.2997925, -1.5917526)
100.367546
644356.956094708
normal
simd_float4x4([[0.16203973, -0.98540413, 0.052171055, 0.0)], [0.26045492, -0.008285459, -0.9654504, 0.0)], [0.9517911, 0.17002954, 0.25531077, 0.0)], [-0.9203258, -0.079500675, -1.4684417, 1.0)]])
-0.9203258, -0.079500675, -1.4684417
float3(-0.17085963, 1.3087233, -1.5792043)
100.367546
644357.039415291
normal
simd_float4x4([[0.18668568, -0.98221976, 0.019821314, 0.0)], [0.2643063, 0.030782824, -0.96394736, 0.0)], [0.9461979, 0.18519408, 0.26535356, 0.0)], [-0.9612821, -0.0753188, -1.5140338, 0.99999994)]])
-0.9612821, -0.0753188, -1.5140338
float3(-0.18626934, 1.297378, -1.5394665)
100.367546
644357.089407583
normal
simd_float4x4([[0.20573556, -0.9785488, 0.010725821, 0.0)], [0.2673942, 0.045668494, -0.96250445, 0.0)], [0.94136775, 0.20088942, 0.2710539, 0.0)], [-0.9852666, -0.081449874, -1.5421517, 1.0)]])
-0.9852666, -0.081449874, -1.5421517
float3(-0.20226577, 1.2904437, -1.5241605)
100.367546
644357.189392458
normal
simd_float4x4([[0.2630514, -0.9644596, 0.0249321, 0.0)], [0.26805738, 0.048237726, -0.96219456, 0.0)], [0.9267951, 0.25978982, 0.27121952, 0.0)], [-1.0525978, -0.11082727, -1.599536, 1.0)]])
-1.0525978, -0.11082727, -1.599536
float3(-0.26280454, 1.2861032, -1.5208226)
100.367546
644357.23938475
normal
simd_float4x4([[0.28012413, -0.95896554, 0.043768317, 0.0)], [0.26248166, 0.032658074, -0.9643842, 0.0)], [0.9233818, 0.28163564, 0.26085916, 0.0)], [-1.1068295, -0.12789837, -1.6257619, 1.0)]])
-1.1068295, -0.12789837, -1.6257619
float3(-0.28549832, 1.295467, -1.536754)
100.367546
644357.322705291
normal
simd_float4x4([[0.27449298, -0.9599967, 0.055317488, 0.0)], [0.28333244, 0.025772223, -0.9586754, 0.0)], [0.91889954, 0.2788229, 0.27907246, 0.0)], [-1.1612457, -0.1273312, -1.6701775, 1.0)]])
-1.1612457, -0.1273312, -1.6701775
float3(-0.2825682, 1.2759459, -1.5439566)
100.367546
644357.389361833
normal
simd_float4x4([[0.22054769, -0.97311354, 0.06639777, 0.0)], [0.27511817, -0.0032457397, -0.961405, 0.0)], [0.93577176, 0.23030287, 0.26700538, 0.0)], [-1.2156254, -0.118250735, -1.7055353, 1.0)]])
-1.2156254, -0.118250735, -1.7055353
float3(-0.23238891, 1.2928504, -1.5741317)
100.367546
644357.472682375
normal
simd_float4x4([[0.1491761, -0.9870281, 0.059344687, 0.0)], [0.3084748, -0.010567106, -0.9511737, 0.0)], [0.9394624, 0.16019876, 0.30289698, 0.0)], [-1.2756499, -0.0962832, -1.7473078, 0.9999999)]])
-1.2756499, -0.0962832, -1.7473078
float3(-0.16089201, 1.2589041, -1.5815018)
100.367546
644357.539339
normal
simd_float4x4([[0.14072603, -0.987768, 0.06716025, 0.0)], [0.30730546, -0.020904826, -0.9513812, 0.0)], [0.9411479, 0.15452282, 0.30060467, 0.0)], [-1.3110253, -0.071886465, -1.7865107, 1.0)]])
-1.3110253, -0.071886465, -1.7865107
float3(-0.15514445, 1.2616358, -1.5919569)
100.367546
644357.622659541
normal
simd_float4x4([[0.13049534, -0.9892536, 0.0659418, 0.0)], [0.37794733, -0.011852721, -0.9257512, 0.0)], [0.91658425, 0.14572875, 0.372339, 0.0)], [-1.3585324, -0.056993484, -1.8291867, 0.99999994)]])
-1.3585324, -0.056993484, -1.8291867
float3(-0.14624955, 1.1849356, -1.5827773)
100.367546
644357.672651875
normal
simd_float4x4([[0.13307936, -0.98762214, 0.08302051, 0.0)], [0.40232593, -0.02272153, -0.9152146, 0.0)], [0.90577245, 0.15519747, 0.39432222, 0.0)], [-1.3844728, -0.059463974, -1.8582978, 1.0)]])
-1.3844728, -0.059463974, -1.8582978
float3(-0.15582734, 1.1601973, -1.5937985)
100.36739
644357.772636541
normal
simd_float4x4([[0.15562664, -0.97688365, 0.1465559, 0.0)], [0.38510782, -0.0766235, -0.9196851, 0.0)], [0.909655, 0.19956735, 0.3642809, 0.0)], [-1.4410932, -0.08485169, -1.9197004, 1.0)]])
-1.4410932, -0.08485169, -1.9197004
float3(-0.20091636, 1.189893, -1.6490728)
100.36739
644357.822628916
normal
simd_float4x4([[0.16950966, -0.9730891, 0.15608968, 0.0)], [0.38377985, -0.08070294, -0.9198913, 0.0)], [0.9077332, 0.21583454, 0.3597721, 0.0)], [-1.4682143, -0.09721407, -1.9461278, 1.0)]])
-1.4682143, -0.09721407, -1.9461278
float3(-0.21754643, 1.1934481, -1.6535418)
100.36739
644357.905949541
normal
simd_float4x4([[0.2421534, -0.9572571, 0.15817904, 0.0)], [0.3713283, -0.059182037, -0.9266136, 0.0)], [0.8963688, 0.283119, 0.34112555, 0.0)], [-1.5187054, -0.103381395, -1.9903668, 1.0)]])
-1.5187054, -0.103381395, -1.9903668
float3(-0.2870446, 1.2071568, -1.6325424)
100.36739
644357.972606083
normal
simd_float4x4([[0.26692596, -0.95535123, 0.12670615, 0.0)], [0.33663878, -0.030763004, -0.9411312, 0.0)], [0.9030088, 0.29386657, 0.31339687, 0.0)], [-1.5588559, -0.087460816, -2.021911, 1.0)]])
-1.5588559, -0.087460816, -2.021911
float3(-0.2982695, 1.2367444, -1.602986)
100.36739
644358.055926708
normal
simd_float4x4([[0.20842718, -0.9759659, 0.06362935, 0.0)], [0.33498988, 0.010114584, -0.9421675, 0.0)], [0.91887975, 0.2176885, 0.32904685, 0.0)], [-1.5991446, -0.053899605, -2.0517807, 1.0000001)]])
-1.5991446, -0.053899605, -2.0517807
float3(-0.21944554, 1.2269276, -1.560433)
100.36739
644358.105919208
normal
simd_float4x4([[0.17943776, -0.98162264, 0.06495377, 0.0)], [0.33676645, -0.0007447432, -0.9415878, 0.0)], [0.9243324, 0.19083066, 0.33044398, 0.0)], [-1.6229143, -0.038611732, -2.0722196, 0.9999999)]])
-1.6229143, -0.038611732, -2.0722196
float3(-0.19200829, 1.2274604, -1.571555)
100.36739
644358.20590375
normal
simd_float4x4([[0.18329382, -0.980476, 0.071205005, 0.0)], [0.3235206, -0.008234577, -0.9461853, 0.0)], [0.92829835, 0.19646621, 0.31569484, 0.0)], [-1.6757487, -0.027911734, -2.1119847, 1.0)]])
-1.6757487, -0.027911734, -2.1119847
float3(-0.19775258, 1.2429869, -1.5791947)
100.36739
644358.255896166
normal
simd_float4x4([[0.1974235, -0.9779468, 0.06814638, 0.0)], [0.32771546, 0.00032275877, -0.9447764, 0.0)], [0.92391914, 0.20885369, 0.320552, 0.0)], [-1.7036926, -0.034355316, -2.1302185, 0.99999994)]])
-1.7036926, -0.034355316, -2.1302185
float3(-0.21040265, 1.236843, -1.5704663)
100.36739
644358.339216791
normal
simd_float4x4([[0.26587558, -0.9615985, 0.06810629, 0.0)], [0.32171202, 0.02190836, -0.94658405, 0.0)], [0.9087417, 0.27358422, 0.31518272, 0.0)], [-1.7610605, -0.059776735, -2.1597779, 0.99999994)]])
-1.7610605, -0.059776735, -2.1597779
float3(-0.27711746, 1.2369446, -1.548017)
100.36739
644358.389209375
normal
simd_float4x4([[0.31379917, -0.9469234, 0.06975756, 0.0)], [0.3208096, 0.036590796, -0.9464367, 0.0)], [0.89365053, 0.31936997, 0.31526428, 0.0)], [-1.8018601, -0.075916976, -2.1778405, 1.0)]])
-1.8018601, -0.075916976, -2.1778405
float3(-0.32506457, 1.2316447, -1.5321738)
100.36739
644358.472529916
normal
simd_float4x4([[0.3363543, -0.93627185, 0.10129573, 0.0)], [0.33364135, 0.017887324, -0.9425304, 0.0)], [0.8806528, 0.3508206, 0.31839547, 0.0)], [-1.8747123, -0.08495673, -2.2130075, 1.0)]])
-1.8747123, -0.08495673, -2.2130075
float3(-0.35844725, 1.2238739, -1.5516938)
100.36739
644358.539186375
normal
simd_float4x4([[0.3101698, -0.9415749, 0.13126905, 0.0)], [0.34099185, -0.018704645, -0.93988013, 0.0)], [0.8874228, 0.3362841, 0.31526768, 0.0)], [-1.9342424, -0.067755215, -2.2433908, 1.0)]])
-1.9342424, -0.067755215, -2.2433908
float3(-0.3429684, 1.2294414, -1.590659)
100.36739
644358.622507
normal
simd_float4x4([[0.3101698, -0.9415749, 0.13126905, 0.0)], [0.34099185, -0.018704645, -0.93988013, 0.0)], [0.8874228, 0.3362841, 0.31526768, 0.0)], [-1.9342424, -0.067755215, -2.2433908, 1.0)]])
-1.9342424, -0.067755215, -2.2433908
