ARKit Data
261370.834267166
limited(__ObjC.ARCamera.TrackingState.Reason.initializing)
simd_float4x4([[0.0186424, -0.894215, 0.447248, 0.0)], [0.994728, 0.0617042, 0.0819067, 0.0)], [-0.100839, 0.443364, 0.890651, 0.0)], [0.0, 0.0, 0.0, 1.0)]])
0.0, 0.0, 0.0
float3(-0.459348, -0.11274, -1.5019)
261371.183792875
notAvailable
simd_float4x4([[1.0, 0.0, 0.0, 0.0)], [0.0, 1.0, 0.0, 0.0)], [0.0, 0.0, 1.0, 0.0)], [0.0, 0.0, 0.0, 1.0)]])
0.0, 0.0, 0.0
float3(-0.0, 0.0, 0.0)
261371.300445625
notAvailable
simd_float4x4([[1.0, 0.0, 0.0, 0.0)], [0.0, 1.0, 0.0, 0.0)], [0.0, 0.0, 1.0, 0.0)], [0.0, 0.0, 0.0, 1.0)]])
0.0, 0.0, 0.0
float3(-0.0, 0.0, 0.0)
261371.417098333
limited(__ObjC.ARCamera.TrackingState.Reason.initializing)
simd_float4x4([[0.0361517, -0.884976, 0.46423, 0.0)], [0.999332, 0.0295325, -0.0215236, 0.0)], [0.00533797, 0.464698, 0.885453, 0.0)], [0.0, 0.0, 0.0, 1.0)]])
0.0, 0.0, 0.0
float3(-0.483294, 0.00602844, -1.53744)
261371.533750916
limited(__ObjC.ARCamera.TrackingState.Reason.initializing)
simd_float4x4([[0.0392565, -0.883251, 0.467254, 0.0)], [0.999219, 0.0326064, -0.0223137, 0.0)], [0.00447311, 0.467765, 0.883842, 0.0)], [0.0, 0.0, 0.0, 1.0)]])
0.0, 0.0, 0.0
float3(-0.48676, 0.00506094, -1.5339)
261371.650403916
limited(__ObjC.ARCamera.TrackingState.Reason.initializing)
simd_float4x4([[0.0354206, -0.884346, 0.465485, 0.0)], [0.999331, 0.0270974, -0.0245623, 0.0)], [0.00910812, 0.466043, 0.884715, 0.0)], [0.0, 0.0, 0.0, 1.0)]])
0.0, 0.0, 0.0
float3(-0.484813, 0.0102946, -1.54016)
261371.767056583
limited(__ObjC.ARCamera.TrackingState.Reason.initializing)
simd_float4x4([[0.0341489, -0.885983, 0.462458, 0.0)], [0.999323, 0.0239185, -0.0279689, 0.0)], [0.0137186, 0.4631, 0.886199, 0.0)], [0.0, 0.0, 0.0, 1.0)]])
0.0, 0.0, 0.0
float3(-0.48149, 0.0154791, -1.54381)
261371.867078208
limited(__ObjC.ARCamera.TrackingState.Reason.initializing)
simd_float4x4([[0.0349448, -0.890129, 0.454366, 0.0)], [0.999217, 0.0226876, -0.0324026, 0.0)], [0.018534, 0.455143, 0.890225, 0.0)], [0.0, 0.0, 0.0, 1.0)]])
0.0, 0.0, 0.0
float3(-0.472532, 0.0208165, -1.54531)
261371.96713325
limited(__ObjC.ARCamera.TrackingState.Reason.initializing)
simd_float4x4([[0.0375859, -0.895211, 0.444052, 0.0)], [0.998996, 0.0228251, -0.0385427, 0.0)], [0.0243684, 0.445055, 0.895171, 0.0)], [0.0, 0.0, 0.0, 1.0)]])
0.0, 0.0, 0.0
float3(-0.461235, 0.0272153, -1.54531)
261372.067188666
limited(__ObjC.ARCamera.TrackingState.Reason.initializing)
simd_float4x4([[0.0398888, -0.899791, 0.434491, 0.0)], [0.998796, 0.0234748, -0.043081, 0.0)], [0.0285644, 0.435686, 0.899644, 0.0)], [0.0, 0.0, 0.0, 1.0)]])
0.0, 0.0, 0.0
float3(-0.4508, 0.0317401, -1.54471)
261372.167243708
limited(__ObjC.ARCamera.TrackingState.Reason.initializing)
simd_float4x4([[0.0448947, -0.902372, 0.42861, 0.0)], [0.998482, 0.0268317, -0.0480959, 0.0)], [0.0319002, 0.430119, 0.902207, 0.0)], [0.0, 0.0, 0.0, 1.0)]])
0.0, 0.0, 0.0
float3(-0.444624, 0.0353432, -1.54107)
261372.267299125
limited(__ObjC.ARCamera.TrackingState.Reason.initializing)
simd_float4x4([[0.0429503, -0.905951, 0.421194, 0.0)], [0.998213, 0.0213819, -0.0557998, 0.0)], [0.0415461, 0.422838, 0.905251, 0.0)], [0.0, 0.0, 0.0, 1.0)]])
0.0, 0.0, 0.0
float3(-0.436574, 0.0458624, -1.5472)
261372.367354375
limited(__ObjC.ARCamera.TrackingState.Reason.initializing)
simd_float4x4([[0.0400125, -0.909671, 0.413393, 0.0)], [0.998114, 0.0171103, -0.058957, 0.0)], [0.0465584, 0.414972, 0.90864, 0.0)], [0.0, 0.0, 0.0, 1.0)]])
0.0, 0.0, 0.0
float3(-0.427912, 0.0511949, -1.55199)
261372.467409541
limited(__ObjC.ARCamera.TrackingState.Reason.initializing)
simd_float4x4([[0.0362167, -0.914601, 0.402726, 0.0)], [0.998349, 0.0151382, -0.0554013, 0.0)], [0.0445738, 0.404068, 0.91364, 0.0)], [0.0, 0.0, 0.0, 1.0)]])
0.0, 0.0, 0.0
float3(-0.415959, 0.0487484, -1.55425)
261372.567464916
limited(__ObjC.ARCamera.TrackingState.Reason.initializing)
simd_float4x4([[0.0344652, -0.921303, 0.387308, 0.0)], [0.998533, 0.0155488, -0.0518697, 0.0)], [0.0417657, 0.388527, 0.920487, 0.0)], [0.0, 0.0, 0.0, 1.0)]])
0.0, 0.0, 0.0
float3(-0.399033, 0.0453424, -1.55392)
261372.66752
limited(__ObjC.ARCamera.TrackingState.Reason.initializing)
simd_float4x4([[0.0273471, -0.931353, 0.363082, 0.0)], [0.999045, 0.0130838, -0.0416859, 0.0)], [0.0340739, 0.363875, 0.930821, 0.0)], [0.0, 0.0, 0.0, 1.0)]])
0.0, 0.0, 0.0
float3(-0.372425, 0.0365899, -1.55675)
261372.767575333
limited(__ObjC.ARCamera.TrackingState.Reason.initializing)
simd_float4x4([[0.0199943, -0.940748, 0.338508, 0.0)], [0.999661, 0.0131572, -0.0224806, 0.0)], [0.0166948, 0.338843, 0.940692, 0.0)], [0.0, 0.0, 0.0, 1.0)]])
0.0, 0.0, 0.0
float3(-0.345687, 0.0177455, -1.55681)
261372.867630458
limited(__ObjC.ARCamera.TrackingState.Reason.initializing)
simd_float4x4([[0.0069957, -0.948071, 0.317971, 0.0)], [0.999931, 0.00962747, 0.00670636, 0.0)], [-0.00941944, 0.317902, 0.948074, 0.0)], [0.0, 0.0, 0.0, 1.0)]])
0.0, 0.0, 0.0
float3(-0.323516, -0.00993502, -1.56064)
261372.967685916
limited(__ObjC.ARCamera.TrackingState.Reason.initializing)
simd_float4x4([[-0.00704775, -0.955038, 0.296389, 0.0)], [0.999117, 0.00554948, 0.0416403, 0.0)], [-0.0414131, 0.296421, 0.954156, 0.0)], [0.0, 0.0, 0.0, 1.0)]])
0.0, 0.0, 0.0
float3(-0.300943, -0.0433757, -1.56499)
261373.067741166
limited(__ObjC.ARCamera.TrackingState.Reason.initializing)
simd_float4x4([[-0.0157713, -0.963478, 0.267308, 0.0)], [0.996243, 0.00762656, 0.0862695, 0.0)], [-0.0851579, 0.267664, 0.959738, 0.0)], [0.0, 0.0, 0.0, 1.0)]])
0.0, 0.0, 0.0
float3(-0.270968, -0.0884986, -1.56288)
261373.167796416
limited(__ObjC.ARCamera.TrackingState.Reason.initializing)
simd_float4x4([[-0.0327054, -0.965552, 0.258131, 0.0)], [0.994496, -0.00571828, 0.104615, 0.0)], [-0.0995362, 0.260132, 0.960425, 0.0)], [0.0, 0.0, 0.0, 1.0)]])
0.0, 0.0, 0.0
float3(-0.263159, -0.103269, -1.57672)
261373.267851666
limited(__ObjC.ARCamera.TrackingState.Reason.initializing)
simd_float4x4([[-0.0357953, -0.96568, 0.257241, 0.0)], [0.991175, -0.00143045, 0.132555, 0.0)], [-0.127639, 0.259715, 0.957209, 0.0)], [0.0, 0.0, 0.0, 1.0)]])
0.0, 0.0, 0.0
float3(-0.262727, -0.132563, -1.57228)
261373.367907
limited(__ObjC.ARCamera.TrackingState.Reason.initializing)
simd_float4x4([[-0.041716, -0.965556, 0.256813, 0.0)], [0.986975, 0.000146359, 0.160874, 0.0)], [-0.155372, 0.260179, 0.952974, 0.0)], [0.0, 0.0, 0.0, 1.0)]])
0.0, 0.0, 0.0
float3(-0.263208, -0.161617, -1.57064)
261373.4679625
limited(__ObjC.ARCamera.TrackingState.Reason.initializing)
simd_float4x4([[-0.0501281, -0.96705, 0.249587, 0.0)], [0.978765, 0.0021662, 0.204976, 0.0)], [-0.198764, 0.254562, 0.946406, 0.0)], [0.0, 0.0, 0.0, 1.0)]])
0.0, 0.0, 0.0
float3(-0.257395, -0.207011, -1.56856)
261373.568017541
limited(__ObjC.ARCamera.TrackingState.Reason.initializing)
simd_float4x4([[-0.0610309, -0.969262, 0.238326, 0.0)], [0.962983, 0.00562949, 0.269502, 0.0)], [-0.262561, 0.245952, 0.933039, 0.0)], [0.0, 0.0, 0.0, 1.0)]])
0.0, 0.0, 0.0
float3(-0.248502, -0.27431, -1.56499)
261373.668073041
limited(__ObjC.ARCamera.TrackingState.Reason.initializing)
simd_float4x4([[-0.0749084, -0.970666, 0.228447, 0.0)], [0.940772, 0.00717236, 0.338964, 0.0)], [-0.330661, 0.240308, 0.912637, 0.0)], [0.0, 0.0, 0.0, 1.0)]])
0.0, 0.0, 0.0
float3(-0.242683, -0.347603, -1.56341)
261373.768128208
limited(__ObjC.ARCamera.TrackingState.Reason.initializing)
simd_float4x4([[-0.0930759, -0.972013, 0.215681, 0.0)], [0.912193, 0.00356899, 0.409745, 0.0)], [-0.39905, 0.234881, 0.88633, 0.0)], [0.0, 0.0, 0.0, 1.0)]])
0.0, 0.0, 0.0
float3(-0.237096, -0.423042, -1.56712)
261373.8681835
limited(__ObjC.ARCamera.TrackingState.Reason.initializing)
simd_float4x4([[-0.109417, -0.972801, 0.20415, 0.0)], [0.879467, 0.000962123, 0.475957, 0.0)], [-0.463211, 0.231622, 0.85544, 0.0)], [0.0, 0.0, 0.0, 1.0)]])
0.0, 0.0, 0.0
float3(-0.233745, -0.496285, -1.56981)
261373.968238791
limited(__ObjC.ARCamera.TrackingState.Reason.initializing)
simd_float4x4([[-0.125054, -0.972208, 0.197898, 0.0)], [0.843405, 0.000876904, 0.537275, 0.0)], [-0.52252, 0.234098, 0.819855, 0.0)], [0.0, 0.0, 0.0, 1.0)]])
0.0, 0.0, 0.0
float3(-0.23629, -0.567418, -1.56989)
261374.068294208
limited(__ObjC.ARCamera.TrackingState.Reason.initializing)
simd_float4x4([[-0.137558, -0.97267, 0.187038, 0.0)], [0.803329, 0.000905842, 0.595533, 0.0)], [-0.579429, 0.232175, 0.781248, 0.0)], [0.0, 0.0, 0.0, 1.0)]])
0.0, 0.0, 0.0
float3(-0.234313, -0.638149, -1.56986)
261374.168349416
limited(__ObjC.ARCamera.TrackingState.Reason.initializing)
simd_float4x4([[-0.148339, -0.974336, 0.169285, 0.0)], [0.761883, -0.00346199, 0.647704, 0.0)], [-0.630498, 0.225057, 0.742842, 0.0)], [0.0, 0.0, 0.0, 1.0)]])
0.0, 0.0, 0.0
float3(-0.227001, -0.703776, -1.57435)
261374.268404875
limited(__ObjC.ARCamera.TrackingState.Reason.initializing)
simd_float4x4([[-0.15576, -0.976291, 0.150288, 0.0)], [0.718679, -0.0076299, 0.695298, 0.0)], [-0.67767, 0.21631, 0.702827, 0.0)], [0.0, 0.0, 0.0, 1.0)]])
0.0, 0.0, 0.0
float3(-0.218034, -0.767177, -1.57861)
261374.368460208
limited(__ObjC.ARCamera.TrackingState.Reason.initializing)
simd_float4x4([[-0.160267, -0.977797, 0.134979, 0.0)], [0.676533, -0.00924212, 0.736352, 0.0)], [-0.718759, 0.209332, 0.662992, 0.0)], [0.0, 0.0, 0.0, 1.0)]])
0.0, 0.0, 0.0
float3(-0.210892, -0.825736, -1.58025)
261374.4685155
limited(__ObjC.ARCamera.TrackingState.Reason.initializing)
simd_float4x4([[-0.164819, -0.978654, 0.122727, 0.0)], [0.634914, -0.0100554, 0.772515, 0.0)], [-0.754795, 0.205248, 0.623017, 0.0)], [0.0, 0.0, 0.0, 1.0)]])
0.0, 0.0, 0.0
float3(-0.206717, -0.880751, -1.58107)
261374.568570916
limited(__ObjC.ARCamera.TrackingState.Reason.initializing)
simd_float4x4([[-0.170099, -0.979362, 0.109118, 0.0)], [0.601363, -0.0154474, 0.798824, 0.0)], [-0.780657, 0.201501, 0.591578, 0.0)], [0.0, 0.0, 0.0, 1.0)]])
0.0, 0.0, 0.0
float3(-0.20289, -0.922325, -1.58657)
261374.66862625
limited(__ObjC.ARCamera.TrackingState.Reason.initializing)
simd_float4x4([[-0.171259, -0.97991, 0.102163, 0.0)], [0.586153, -0.0179969, 0.809998, 0.0)], [-0.791891, 0.198605, 0.577457, 0.0)], [0.0, 0.0, 0.0, 1.0)]])
0.0, 0.0, 0.0
float3(-0.199935, -0.940732, -1.58916)
261374.768681666
limited(__ObjC.ARCamera.TrackingState.Reason.initializing)
simd_float4x4([[-0.163306, -0.981201, 0.102787, 0.0)], [0.590905, -0.0138527, 0.806619, 0.0)], [-0.790036, 0.192466, 0.582056, 0.0)], [0.0, 0.0, 0.0, 1.0)]])
0.0, 0.0, 0.0
float3(-0.193674, -0.935832, -1.58491)
261374.868736791
limited(__ObjC.ARCamera.TrackingState.Reason.initializing)
simd_float4x4([[-0.15585, -0.982759, 0.0994205, 0.0)], [0.609736, -0.0165329, 0.792429, 0.0)], [-0.777128, 0.184123, 0.601798, 0.0)], [0.0, 0.0, 0.0, 1.0)]])
0.0, 0.0, 0.0
float3(-0.18518, -0.911869, -1.58762)
261374.968792291
limited(__ObjC.ARCamera.TrackingState.Reason.initializing)
simd_float4x4([[-0.145744, -0.984493, 0.0975806, 0.0)], [0.633902, -0.0172068, 0.773219, 0.0)], [-0.759555, 0.174551, 0.626577, 0.0)], [0.0, 0.0, 0.0, 1.0)]])
0.0, 0.0, 0.0
float3(-0.17545, -0.88104, -1.58827)
261375.068847666
normal
simd_float4x4([[-0.117533, -0.989822, 0.0802389, 0.0)], [0.661268, -0.0177271, 0.749941, 0.0)], [-0.740885, 0.141202, 0.656621, 0.0)], [-0.00681505, -0.000830762, 0.000342578, 1.0)]])
-0.00681505, -0.000830762, 0.000342578
float3(-0.141676, -0.845621, -1.5887)
261375.168903166
normal
simd_float4x4([[-0.101317, -0.992035, 0.0748381, 0.0)], [0.677429, -0.0137039, 0.73546, 0.0)], [-0.728577, 0.125212, 0.673422, 0.0)], [-0.0128075, 9.99457e-05, -0.00261326, 1.0)]])
-0.0128075, 9.99457e-05, -0.00261326
float3(-0.125542, -0.824718, -1.58461)
261375.268958333
normal
simd_float4x4([[-0.072815, -0.995321, 0.0635084, 0.0)], [0.6811, -0.00310905, 0.732184, 0.0)], [-0.728561, 0.0965695, 0.67814, 0.0)], [-0.0200759, 0.00220453, -0.0060035, 1.0)]])
-0.0200759, 0.00220453, -0.0060035
float3(-0.0967203, -0.821226, -1.57392)
261375.369013833
normal
simd_float4x4([[-0.0531079, -0.997776, 0.040283, 0.0)], [0.697375, -0.00818517, 0.716659, 0.0)], [-0.714736, 0.0661527, 0.696259, 0.0)], [-0.0277542, 0.0035255, -0.00538861, 1.0)]])
-0.0277542, 0.0035255, -0.00538861
float3(-0.066201, -0.798492, -1.579)
261375.469069125
normal
simd_float4x4([[-0.0473128, -0.998426, 0.0301084, 0.0)], [0.723922, -0.0135047, 0.68975, 0.0)], [-0.688258, 0.0544302, 0.723421, 0.0)], [-0.0336679, 0.00306422, -0.00805246, 1.0)]])
-0.0336679, 0.00306422, -0.00805246
float3(-0.0544571, -0.760494, -1.58432)
261375.569124583
normal
simd_float4x4([[-0.0437999, -0.998494, 0.0330218, 0.0)], [0.7553, -0.0114608, 0.655279, 0.0)], [-0.653914, 0.0536425, 0.754665, 0.0)], [-0.0444533, 0.00282197, -0.0137537, 1.0)]])
-0.0444533, 0.00282197, -0.0137537
float3(-0.0536683, -0.713993, -1.58227)
261375.669180125
normal
simd_float4x4([[-0.0415109, -0.998463, 0.0367319, 0.0)], [0.787518, -0.0100715, 0.616209, 0.0)], [-0.614892, 0.0545064, 0.786725, 0.0)], [-0.0546761, 0.00354282, -0.0238798, 1.0)]])
-0.0546761, 0.00354282, -0.0238798
float3(-0.0545334, -0.66341, -1.58088)
261375.769235416
normal
simd_float4x4([[-0.0378116, -0.998467, 0.040422, 0.0)], [0.822112, -0.00808676, 0.569269, 0.0)], [-0.568069, 0.0547564, 0.821157, 0.0)], [-0.0647668, 0.00579167, -0.0382287, 1.0)]])
-0.0647668, 0.00579167, -0.0382287
float3(-0.0547838, -0.605195, -1.5789)
261375.869290875
normal
simd_float4x4([[-0.0284864, -0.998824, 0.0392352, 0.0)], [0.856533, -0.00415616, 0.516076, 0.0)], [-0.515306, 0.0483074, 0.855644, 0.0)], [-0.074847, 0.00771371, -0.0519786, 1.0)]])
-0.074847, 0.00771371, -0.0519786
float3(-0.0483262, -0.542067, -1.57496)
261375.969346208
normal
simd_float4x4([[-0.0232034, -0.998598, 0.0475683, 0.0)], [0.892373, 0.000762467, 0.451299, 0.0)], [-0.450702, 0.0529203, 0.891104, 0.0)], [-0.0873911, 0.00840605, -0.0673662, 1.0)]])
-0.0873911, 0.00840605, -0.0673662
float3(-0.052945, -0.468261, -1.57003)
261376.06940175
normal
simd_float4x4([[-0.0163129, -0.998594, 0.0504323, 0.0)], [0.923168, 0.00433131, 0.384373, 0.0)], [-0.384051, 0.0528277, 0.921799, 0.0)], [-0.10166, 0.00889457, -0.0797229, 1.0)]])
-0.10166, 0.00889457, -0.0797229
float3(-0.0528523, -0.394761, -1.56646)
261376.169457083
normal
simd_float4x4([[-0.0120483, -0.998448, 0.0543767, 0.0)], [0.949734, 0.00558633, 0.313008, 0.0)], [-0.312826, 0.0554146, 0.948193, 0.0)], [-0.117266, 0.00973788, -0.0897752, 1.0)]])
-0.117266, 0.00973788, -0.0897752
float3(-0.055443, -0.318674, -1.5652)
261376.269512666
normal
simd_float4x4([[-0.00862941, -0.998405, 0.0557892, 0.0)], [0.970202, 0.00515044, 0.242242, 0.0)], [-0.242143, 0.0562172, 0.968611, 0.0)], [-0.130573, 0.0118456, -0.0945721, 1.0)]])
-0.130573, 0.0118456, -0.0945721
float3(-0.0562469, -0.244969, -1.56564)
261376.369567916
normal
simd_float4x4([[-0.00422436, -0.99851, 0.0544107, 0.0)], [0.983784, 0.00560659, 0.179268, 0.0)], [-0.179306, 0.0542857, 0.982295, 0.0)], [-0.146518, 0.0124428, -0.0998081, 1.0)]])
-0.146518, 0.0124428, -0.0998081
float3(-0.0543124, -0.18055, -1.56518)
261376.469623416
normal
simd_float4x4([[-0.00231254, -0.998342, 0.0575074, 0.0)], [0.993332, 0.00433538, 0.115208, 0.0)], [-0.115266, 0.0573903, 0.991675, 0.0)], [-0.163656, 0.0122601, -0.107301, 1.0)]])
-0.163656, 0.0122601, -0.107301
float3(-0.0574219, -0.115715, -1.56645)
261376.56967875
normal
simd_float4x4([[0.0042501, -0.998304, 0.0580603, 0.0)], [0.998379, 0.007532, 0.0564244, 0.0)], [-0.056766, 0.0577264, 0.996717, 0.0)], [-0.185252, 0.0122145, -0.112121, 1.0)]])
-0.185252, 0.0122145, -0.112121
float3(-0.0577585, -0.0568915, -1.56325)
261376.66973425
normal
simd_float4x4([[0.00851395, -0.998325, 0.057217, 0.0)], [0.999961, 0.00835632, -0.00299376, 0.0)], [0.00251064, 0.0572402, 0.998357, 0.0)], [-0.206649, 0.0134584, -0.120371, 1.0)]])
-0.206649, 0.0134584, -0.120371
float3(-0.0572715, 0.00251477, -1.56243)
261376.769789791
normal
simd_float4x4([[0.0119363, -0.998269, 0.0575819, 0.0)], [0.997724, 0.00806855, -0.0669411, 0.0)], [0.0663606, 0.0582499, 0.996094, 0.0)], [-0.228223, 0.0151705, -0.128154, 1.0)]])
-0.228223, 0.0151705, -0.128154
float3(-0.0582829, 0.0665225, -1.56271)
261376.869845166
normal
simd_float4x4([[0.0160296, -0.998166, 0.0583733, 0.0)], [0.990895, 0.00805333, -0.134395, 0.0)], [0.133679, 0.0599961, 0.989207, 0.0)], [-0.24939, 0.0160674, -0.132511, 1.0)]])
-0.24939, 0.0160674, -0.132511
float3(-0.0600321, 0.134323, -1.56273)
261376.969900666
normal
simd_float4x4([[0.0210437, -0.998118, 0.0575988, 0.0)], [0.977758, 0.00852113, -0.209563, 0.0)], [0.208677, 0.0607276, 0.976097, 0.0)], [-0.271447, 0.0159407, -0.135563, 1.0)]])
-0.271447, 0.0159407, -0.135563
float3(-0.060765, 0.210617, -1.56226)
261377.069956083
normal
simd_float4x4([[0.0295374, -0.997827, 0.0588967, 0.0)], [0.958347, 0.0115246, -0.285373, 0.0)], [0.284075, 0.0648727, 0.956605, 0.0)], [-0.292718, 0.0167619, -0.140336, 1.0)]])
-0.292718, 0.0167619, -0.140336
float3(-0.0649183, 0.288667, -1.55925)
261377.1700115
normal
simd_float4x4([[0.0368226, -0.99782, 0.0547639, 0.0)], [0.933432, 0.0147736, -0.358449, 0.0)], [0.356858, 0.0643174, 0.931942, 0.0)], [-0.31044, 0.0174095, -0.14093, 1.0)]])
-0.31044, 0.0174095, -0.14093
float3(-0.0643618, 0.365695, -1.55599)
261377.270066875
normal
simd_float4x4([[0.0426327, -0.997884, 0.0491002, 0.0)], [0.907319, 0.0180951, -0.420053, 0.0)], [0.418275, 0.0624576, 0.906171, 0.0)], [-0.325836, 0.0163094, -0.139652, 1.0)]])
-0.325836, 0.0163094, -0.139652
float3(-0.0624982, 0.432447, -1.55266)
261377.370122458
normal
simd_float4x4([[0.0476952, -0.99771, 0.0479552, 0.0)], [0.883538, 0.0197454, -0.467942, 0.0)], [0.465924, 0.0646889, 0.882457, 0.0)], [-0.339178, 0.0150068, -0.139914, 1.0)]])
-0.339178, 0.0150068, -0.139914
float3(-0.0647341, 0.485784, -1.55101)
261377.470177958
normal
simd_float4x4([[0.0535098, -0.997282, 0.0506438, 0.0)], [0.866266, 0.021133, -0.499137, 0.0)], [0.49671, 0.0705797, 0.865042, 0.0)], [-0.356032, 0.0133158, -0.140006, 1.0)]])
-0.356032, 0.0133158, -0.140006
float3(-0.0706384, 0.521235, -1.54961)
261377.570233333
normal
simd_float4x4([[0.0606781, -0.996969, 0.0486898, 0.0)], [0.853758, 0.0265667, -0.519992, 0.0)], [0.517122, 0.0731214, 0.852783, 0.0)], [-0.382082, 0.0129723, -0.138475, 1.0)]])
-0.382082, 0.0129723, -0.138475
float3(-0.0731868, 0.545108, -1.54416)
261377.670288791
normal
simd_float4x4([[0.066702, -0.996505, 0.050276, 0.0)], [0.847402, 0.0299766, -0.530105, 0.0)], [0.526746, 0.077963, 0.84644, 0.0)], [-0.407494, 0.0111765, -0.135785, 1.0)]])
-0.407494, 0.0111765, -0.135785
float3(-0.0780422, 0.55666, -1.54072)
261377.770344458
normal
simd_float4x4([[0.068445, -0.996324, 0.0515079, 0.0)], [0.843741, 0.0302581, -0.535898, 0.0)], [0.532369, 0.0801388, 0.84271, 0.0)], [-0.424146, 0.0089023, -0.133025, 1.0)]])
-0.424146, 0.0089023, -0.133025
float3(-0.0802248, 0.563428, -1.54044)
261377.870399958
normal
simd_float4x4([[0.0714919, -0.996019, 0.053244, 0.0)], [0.84058, 0.0314268, -0.540775, 0.0)], [0.536949, 0.0834169, 0.839481, 0.0)], [-0.414485, 0.0114875, -0.133669, 1.0)]])
-0.414485, 0.0114875, -0.133669
float3(-0.083514, 0.569044, -1.53925)
261377.970455416
normal
simd_float4x4([[0.0721918, -0.995924, 0.0540746, 0.0)], [0.839433, 0.0313896, -0.542556, 0.0)], [0.538647, 0.0845601, 0.838278, 0.0)], [-0.414771, 0.0111151, -0.130761, 1.0)]])
-0.414771, 0.0111151, -0.130761
float3(-0.0846612, 0.57113, -1.53929)
261378.070510916
normal
simd_float4x4([[0.0719606, -0.99591, 0.0546389, 0.0)], [0.840717, 0.0310889, -0.540581, 0.0)], [0.536671, 0.0848364, 0.839516, 0.0)], [-0.414469, 0.0106476, -0.128094, 1.0)]])
-0.414469, 0.0106476, -0.128094
float3(-0.0849385, 0.56879, -1.53959)
261378.170566375
normal
simd_float4x4([[0.0712906, -0.995858, 0.0564392, 0.0)], [0.841809, 0.029718, -0.538956, 0.0)], [0.535047, 0.0859336, 0.840441, 0.0)], [-0.413405, 0.0103537, -0.126818, 1.0)]])
-0.413405, 0.0103537, -0.126818
float3(-0.0860397, 0.566916, -1.54096)
261378.270622
normal
simd_float4x4([[0.0721603, -0.995799, 0.0563712, 0.0)], [0.842288, 0.0305715, -0.53816, 0.0)], [0.534176, 0.0863146, 0.840955, 0.0)], [-0.412652, 0.0101787, -0.125316, 1.0)]])
-0.412652, 0.0101787, -0.125316
float3(-0.0864221, 0.565902, -1.54011)
261378.370677375
normal
simd_float4x4([[0.0724401, -0.995763, 0.0566433, 0.0)], [0.842368, 0.0306755, -0.538029, 0.0)], [0.534012, 0.0866894, 0.841021, 0.0)], [-0.410895, 0.0106111, -0.12602, 1.0)]])
-0.410895, 0.0106111, -0.12602
float3(-0.0867983, 0.565727, -1.54)
261378.470732958
normal
simd_float4x4([[0.0725191, -0.995671, 0.0581393, 0.0)], [0.84154, 0.0297981, -0.539372, 0.0)], [0.535305, 0.0880413, 0.840058, 0.0)], [-0.409449, 0.0118849, -0.126294, 1.0)]])
-0.409449, 0.0118849, -0.126294
float3(-0.0881555, 0.567341, -1.54088)
261378.570788375
normal
simd_float4x4([[0.0716809, -0.995743, 0.057951, 0.0)], [0.839692, 0.0288863, -0.542295, 0.0)], [0.538312, 0.0875331, 0.838187, 0.0)], [-0.408828, 0.0126546, -0.126785, 1.0)]])
-0.408828, 0.0126546, -0.126785
float3(-0.0876453, 0.570896, -1.54179)
261378.670844041
normal
simd_float4x4([[0.0721291, -0.995583, 0.0601004, 0.0)], [0.838789, 0.0279455, -0.54374, 0.0)], [0.539658, 0.089631, 0.837099, 0.0)], [-0.408601, 0.0123576, -0.127806, 1.0)]])
-0.408601, 0.0123576, -0.127806
float3(-0.0897514, 0.572624, -1.54273)
261378.770899416
normal
simd_float4x4([[0.0727803, -0.995592, 0.0591529, 0.0)], [0.838768, 0.0290112, -0.543716, 0.0)], [0.539604, 0.0891873, 0.837182, 0.0)], [-0.407667, 0.0120508, -0.126799, 1.0)]])
-0.407667, 0.0120508, -0.126799
float3(-0.089306, 0.572533, -1.54166)
261378.870955
normal
simd_float4x4([[0.0747998, -0.995455, 0.0589426, 0.0)], [0.838662, 0.0308201, -0.543779, 0.0)], [0.539491, 0.0901074, 0.837156, 0.0)], [-0.407417, 0.0119346, -0.126631, 1.0)]])
-0.407417, 0.0119346, -0.126631
float3(-0.0902298, 0.572451, -1.53985)
261378.971010541
normal
simd_float4x4([[0.0765304, -0.995324, 0.0589313, 0.0)], [0.838887, 0.0323315, -0.543345, 0.0)], [0.538899, 0.0910191, 0.837439, 0.0)], [-0.40735, 0.0119388, -0.127801, 1.0)]])
-0.40735, 0.0119388, -0.127801
float3(-0.0911452, 0.571798, -1.53832)
261379.071066125
normal
simd_float4x4([[0.0773952, -0.995247, 0.0590985, 0.0)], [0.84064, 0.0332727, -0.540572, 0.0)], [0.536036, 0.0915182, 0.83922, 0.0)], [-0.406741, 0.011779, -0.127996, 1.0)]])
-0.406741, 0.011779, -0.127996
float3(-0.0916464, 0.568413, -1.53738)
261379.17112175
normal
simd_float4x4([[0.0787011, -0.995032, 0.0609628, 0.0)], [0.847341, 0.0345528, -0.529923, 0.0)], [0.525184, 0.0933619, 0.845852, 0.0)], [-0.405147, 0.011308, -0.129966, 1.0)]])
-0.405147, 0.011308, -0.129966
float3(-0.093498, 0.555641, -1.53609)
261379.271177166
normal
simd_float4x4([[0.0790972, -0.99481, 0.0639986, 0.0)], [0.862108, 0.0360297, -0.505443, 0.0)], [0.500514, 0.0951528, 0.860484, 0.0)], [-0.402027, 0.0104135, -0.132668, 1.0)]])
-0.402027, 0.0104135, -0.132668
float3(-0.0952969, 0.526829, -1.53459)
261379.371232708
normal
simd_float4x4([[0.0775789, -0.994252, 0.0737905, 0.0)], [0.88897, 0.0354771, -0.45659, 0.0)], [0.451348, 0.101019, 0.886612, 0.0)], [-0.391636, 0.00815037, -0.140875, 1.0)]])
-0.391636, 0.00815037, -0.140875
float3(-0.101192, 0.470878, -1.53513)
261379.471288291
normal
simd_float4x4([[0.072848, -0.993451, 0.0880252, 0.0)], [0.922224, 0.033494, -0.385203, 0.0)], [0.379732, 0.10924, 0.918624, 0.0)], [-0.372398, 0.00600328, -0.149745, 1.0)]])
-0.372398, 0.00600328, -0.149745
float3(-0.109459, 0.391979, -1.53709)
261379.571343916
normal
simd_float4x4([[0.0653788, -0.991652, 0.111141, 0.0)], [0.953994, 0.0294552, -0.298374, 0.0)], [0.29261, 0.125536, 0.947956, 0.0)], [-0.35853, 0.00352273, -0.159178, 1.0)]])
-0.35853, 0.00352273, -0.159178
float3(-0.125868, 0.299396, -1.5411)
261379.67139925
normal
simd_float4x4([[0.0562637, -0.990572, 0.124905, 0.0)], [0.977122, 0.0289313, -0.210704, 0.0)], [0.205104, 0.133902, 0.969537, 0.0)], [-0.345064, 0.00204307, -0.161942, 1.0)]])
-0.345064, 0.00204307, -0.161942
float3(-0.134305, 0.208475, -1.5416)
261379.771454916
normal
simd_float4x4([[0.043596, -0.990698, 0.128909, 0.0)], [0.992709, 0.0284437, -0.11713, 0.0)], [0.112373, 0.133076, 0.984715, 0.0)], [-0.33008, 0.000626951, -0.160009, 1.0)]])
-0.33008, 0.000626951, -0.160009
float3(-0.133472, 0.113626, -1.54209)
261379.871510458
normal
simd_float4x4([[0.0307058, -0.990751, 0.132169, 0.0)], [0.999506, 0.0295399, -0.0107735, 0.0)], [0.00676958, 0.132435, 0.991169, 0.0)], [-0.313413, 0.000272116, -0.15326, 1.0)]])
-0.313413, 0.000272116, -0.15326
float3(-0.132825, 0.00682979, -1.54099)
261379.971566125
normal
simd_float4x4([[0.0151312, -0.990997, 0.133025, 0.0)], [0.994106, 0.0291936, 0.104407, 0.0)], [-0.107351, 0.130662, 0.985598, 0.0)], [-0.295633, -0.000309426, -0.140002, 1.0)]])
-0.295633, -0.000309426, -0.140002
float3(-0.131036, -0.108492, -1.54135)
261380.071621666
normal
simd_float4x4([[-0.00354609, -0.991022, 0.133651, 0.0)], [0.974297, 0.0266796, 0.223681, 0.0)], [-0.225238, 0.131009, 0.965456, 0.0)], [-0.277977, -0.0002467, -0.1242, 1.0)]])
-0.277977, -0.0002467, -0.1242
float3(-0.131386, -0.229198, -1.54388)
261380.171677166
normal
simd_float4x4([[-0.023905, -0.990764, 0.133477, 0.0)], [0.941913, 0.0224199, 0.335108, 0.0)], [-0.335006, 0.133734, 0.932677, 0.0)], [-0.261606, -0.00094872, -0.108352, 1.0)]])
-0.261606, -0.00094872, -0.108352
float3(-0.134136, -0.344836, -1.54817)
261380.271732791
normal
simd_float4x4([[-0.0406668, -0.990489, 0.131441, 0.0)], [0.899028, 0.0211304, 0.437382, 0.0)], [-0.436, 0.135956, 0.889618, 0.0)], [-0.247877, -0.00170776, -0.0918944, 1.0)]])
-0.247877, -0.00170776, -0.0918944
float3(-0.136378, -0.455694, -1.54947)
261380.3717885
normal
simd_float4x4([[-0.0553965, -0.989812, 0.131165, 0.0)], [0.851305, 0.0218219, 0.524218, 0.0)], [-0.521739, 0.140701, 0.841422, 0.0)], [-0.235789, -0.00247275, -0.0752404, 1.0)]])
-0.235789, -0.00247275, -0.0752404
float3(-0.141169, -0.555045, -1.54875)
261380.471844
normal
simd_float4x4([[-0.0611941, -0.98945, 0.131318, 0.0)], [0.79787, 0.0305582, 0.602054, 0.0)], [-0.599715, 0.141617, 0.787582, 0.0)], [-0.228206, -0.00239366, -0.0579677, 1.0)]])
-0.228206, -0.00239366, -0.0579677
float3(-0.142095, -0.650798, -1.53992)
261380.571899458
normal
simd_float4x4([[-0.0606677, -0.99052, 0.123243, 0.0)], [0.733309, 0.0395371, 0.678745, 0.0)], [-0.677183, 0.131553, 0.723959, 0.0)], [-0.223682, -0.00055626, -0.0353974, 1.0)]])
-0.223682, -0.00055626, -0.0353974
float3(-0.131936, -0.752026, -1.5309)
261380.67195525
normal
simd_float4x4([[-0.0667802, -0.990735, 0.118257, 0.0)], [0.652793, 0.046252, 0.756123, 0.0)], [-0.754587, 0.127692, 0.643656, 0.0)], [-0.214923, 0.0015774, -0.0108952, 1.0)]])
-0.214923, 0.0015774, -0.0108952
float3(-0.128041, -0.864568, -1.52415)
261380.772010708
normal
simd_float4x4([[-0.0681476, -0.991835, 0.107791, 0.0)], [0.560131, 0.0513705, 0.82681, 0.0)], [-0.825597, 0.116722, 0.552057, 0.0)], [-0.207514, 0.00493317, 0.0181217, 1.0)]])
-0.207514, 0.00493317, 0.0181217
float3(-0.116989, -0.981404, -1.51905)
261380.872066375
normal
simd_float4x4([[-0.064855, -0.993176, 0.0969319, 0.0)], [0.470874, 0.055184, 0.880473, 0.0)], [-0.879814, 0.102746, 0.464081, 0.0)], [-0.203575, 0.00946837, 0.0464568, 1.0)]])
-0.203575, 0.00946837, 0.0464568
float3(-0.102927, -1.08541, -1.51529)
261380.972122
normal
simd_float4x4([[-0.0627353, -0.994166, 0.0877427, 0.0)], [0.406049, 0.0548856, 0.912202, 0.0)], [-0.911695, 0.0928551, 0.400237, 0.0)], [-0.198676, 0.0140792, 0.0691835, 1.0)]])
-0.198676, 0.0140792, 0.0691835
float3(-0.0929891, -1.15713, -1.51564)
261381.072177541
normal
simd_float4x4([[-0.0624076, -0.994114, 0.0885569, 0.0)], [0.369619, 0.0593999, 0.927283, 0.0)], [-0.927085, 0.0906018, 0.363736, 0.0)], [-0.193287, 0.0150565, 0.0835436, 1.0)]])
-0.193287, 0.0150565, 0.0835436
float3(-0.0907263, -1.19691, -1.51112)
261381.172233291
normal
simd_float4x4([[-0.067815, -0.993344, 0.0931059, 0.0)], [0.361259, 0.0625401, 0.930366, 0.0)], [-0.929996, 0.0967281, 0.354613, 0.0)], [-0.189641, 0.0143238, 0.0904961, 1.0)]])
-0.189641, 0.0143238, 0.0904961
float3(-0.0968796, -1.20651, -1.50792)
261381.27228875
normal
simd_float4x4([[-0.0719211, -0.992983, 0.0938734, 0.0)], [0.38789, 0.0588626, 0.919824, 0.0)], [-0.918896, 0.102567, 0.380934, 0.0)], [-0.186958, 0.0123852, 0.0930651, 1.0)]])
-0.186958, 0.0123852, 0.0930651
float3(-0.102748, -1.1778, -1.51159)
261381.372344583
normal
simd_float4x4([[-0.0624769, -0.993803, 0.0919313, 0.0)], [0.438598, 0.055401, 0.896974, 0.0)], [-0.896509, 0.0963611, 0.432419, 0.0)], [-0.188939, 0.0114295, 0.0877392, 1.0)]])
-0.188939, 0.0114295, 0.0877392
float3(-0.0965108, -1.12138, -1.51511)
261381.472400083
normal
simd_float4x4([[-0.0502776, -0.994926, 0.0871512, 0.0)], [0.496659, 0.0507998, 0.866458, 0.0)], [-0.866488, 0.0868478, 0.491585, 0.0)], [-0.108389, -0.00719576, -0.0305617, 1.0)]])
-0.108389, -0.00719576, -0.0305617
float3(-0.0869574, -1.05475, -1.51978)
261381.572455666
normal
simd_float4x4([[-0.0454442, -0.994947, 0.0895333, 0.0)], [0.590029, 0.0455892, 0.806094, 0.0)], [-0.806102, 0.0894596, 0.584976, 0.0)], [-0.118416, -0.0100072, -0.051641, 1.0)]])
-0.118416, -0.0100072, -0.051641
float3(-0.0895793, -0.943039, -1.52501)
261381.672511208
normal
simd_float4x4([[-0.0437741, -0.994501, 0.0951377, 0.0)], [0.698127, 0.037669, 0.714982, 0.0)], [-0.714635, 0.0977159, 0.692639, 0.0)], [-0.13503, -0.0134531, -0.0825095, 1.0)]])
-0.13503, -0.0134531, -0.0825095
float3(-0.0978721, -0.801027, -1.53294)
261381.772566875
normal
simd_float4x4([[-0.0328895, -0.994184, 0.10255, 0.0)], [0.80773, 0.0339899, 0.588572, 0.0)], [-0.588635, 0.102191, 0.801914, 0.0)], [-0.16576, -0.0185377, -0.119673, 1.0)]])
-0.16576, -0.0185377, -0.119673
float3(-0.102369, -0.633206, -1.53662)
261381.872622541
normal
simd_float4x4([[-0.0196149, -0.992241, 0.122774, 0.0)], [0.898715, 0.0363091, 0.437028, 0.0)], [-0.438094, 0.118911, 0.89103, 0.0)], [-0.208236, -0.0253689, -0.164025, 1.0)]])
-0.208236, -0.0253689, -0.164025
float3(-0.119193, -0.456963, -1.53422)
261381.972678208
normal
simd_float4x4([[-0.00270317, -0.990445, 0.137883, 0.0)], [0.962142, 0.0350025, 0.270293, 0.0)], [-0.272536, 0.133394, 0.952854, 0.0)], [-0.259191, -0.0325938, -0.208919, 1.0)]])
-0.259191, -0.0325938, -0.208919
float3(-0.133793, -0.278583, -1.53547)
261382.07273375
normal
simd_float4x4([[0.0135227, -0.990219, 0.138861, 0.0)], [0.994743, 0.0274203, 0.098664, 0.0)], [-0.101507, 0.136797, 0.985385, 0.0)], [-0.30965, -0.0408988, -0.250466, 1.0)]])
-0.30965, -0.0408988, -0.250466
float3(-0.137227, -0.10265, -1.54311)
261382.172789541
normal
simd_float4x4([[0.0365384, -0.986089, 0.162153, 0.0)], [0.998185, 0.0282414, -0.0531815, 0.0)], [0.0478623, 0.163802, 0.985331, 0.0)], [-0.359784, -0.0521562, -0.300872, 1.0)]])
-0.359784, -0.0521562, -0.300872
float3(-0.164543, 0.0485367, -1.54216)
261382.272845291
normal
simd_float4x4([[0.0561633, -0.980539, 0.188121, 0.0)], [0.986769, 0.0258103, -0.160068, 0.0)], [0.152098, 0.194622, 0.969014, 0.0)], [-0.398925, -0.0648215, -0.357688, 1.0)]])
-0.398925, -0.0648215, -0.357688
float3(-0.195872, 0.155691, -1.54448)
261382.372900833
normal
simd_float4x4([[0.0592115, -0.983814, 0.169128, 0.0)], [0.975079, 0.0207127, -0.220889, 0.0)], [0.21381, 0.177992, 0.960523, 0.0)], [-0.425559, -0.0763667, -0.415804, 1.0)]])
-0.425559, -0.0763667, -0.415804
float3(-0.178946, 0.219027, -1.54975)
261382.472956541
normal
simd_float4x4([[0.0541848, -0.986998, 0.151321, 0.0)], [0.968752, 0.0152281, -0.247564, 0.0)], [0.242041, 0.160006, 0.956982, 0.0)], [-0.440842, -0.0833809, -0.489321, 1.0)]])
-0.440842, -0.0833809, -0.489321
float3(-0.160697, 0.247726, -1.55537)
261382.573012083
normal
simd_float4x4([[0.0353366, -0.991473, 0.12543, 0.0)], [0.963109, 0.00028071, -0.269111, 0.0)], [0.266781, 0.130312, 0.954907, 0.0)], [-0.440046, -0.0816151, -0.573235, 1.0)]])
-0.440046, -0.0816151, -0.573235
float3(-0.130684, 0.272433, -1.57051)
261382.673067875
normal
simd_float4x4([[0.0265474, -0.991398, 0.128158, 0.0)], [0.953454, -0.0134099, -0.30124, 0.0)], [0.300368, 0.13019, 0.944897, 0.0)], [-0.440937, -0.0718933, -0.667705, 1.0)]])
-0.440937, -0.0718933, -0.667705
float3(-0.13056, 0.307783, -1.58432)
261382.7731235
normal
simd_float4x4([[0.0405836, -0.991438, 0.124115, 0.0)], [0.943397, -0.00290144, -0.331652, 0.0)], [0.329173, 0.130549, 0.935202, 0.0)], [-0.445681, -0.0566449, -0.758251, 1.0)]])
-0.445681, -0.0566449, -0.758251
float3(-0.130923, 0.338438, -1.57372)
261382.873179125
normal
simd_float4x4([[0.026361, -0.991576, 0.126812, 0.0)], [0.93388, -0.0208267, -0.35698, 0.0)], [0.356614, 0.127837, 0.925464, 0.0)], [-0.45374, -0.0481306, -0.849188, 1.0)]])
-0.45374, -0.0481306, -0.849188
float3(-0.128188, 0.367801, -1.5918)
261382.973234833
normal
simd_float4x4([[0.0484815, -0.989561, 0.135717, 0.0)], [0.92477, -0.00687312, -0.380466, 0.0)], [0.377427, 0.143952, 0.914782, 0.0)], [-0.475021, -0.0541864, -0.942493, 1.0)]])
-0.475021, -0.0541864, -0.942493
float3(-0.144454, 0.391309, -1.57774)
261383.073290541
normal
simd_float4x4([[0.0736251, -0.988034, 0.135531, 0.0)], [0.923955, 0.0164301, -0.382147, 0.0)], [0.375348, 0.15336, 0.914109, 0.0)], [-0.500737, -0.0719664, -1.03949, 1.0)]])
-0.500737, -0.0719664, -1.03949
float3(-0.153968, 0.389625, -1.55417)
261383.173346041
normal
simd_float4x4([[0.0670675, -0.988392, 0.13632, 0.0)], [0.931685, 0.0131501, -0.363029, 0.0)], [0.357023, 0.151355, 0.921752, 0.0)], [-0.523133, -0.0878529, -1.14119, 1.0)]])
-0.523133, -0.0878529, -1.14119
float3(-0.151939, 0.369537, -1.55749)
261383.273401875
normal
simd_float4x4([[0.0599955, -0.99135, 0.116732, 0.0)], [0.940135, 0.0168154, -0.340387, 0.0)], [0.335479, 0.130165, 0.933012, 0.0)], [-0.550954, -0.0866845, -1.23944, 1.0)]])
-0.550954, -0.0866845, -1.23944
float3(-0.130536, 0.345171, -1.55384)
261383.373457625
normal
simd_float4x4([[0.0388101, -0.992155, 0.118837, 0.0)], [0.945082, -0.00217744, -0.326826, 0.0)], [0.32452, 0.124995, 0.937584, 0.0)], [-0.576627, -0.0741538, -1.34335, 1.0)]])
-0.576627, -0.0741538, -1.34335
float3(-0.125323, 0.333218, -1.57299)
261383.473513166
normal
simd_float4x4([[0.0516951, -0.99064, 0.126334, 0.0)], [0.951237, 0.0103238, -0.308287, 0.0)], [0.304097, 0.13611, 0.942867, 0.0)], [-0.602065, -0.0646646, -1.44263, 1.0)]])
-0.602065, -0.0646646, -1.44263
float3(-0.136534, 0.311991, -1.56038)
261383.573568875
normal
simd_float4x4([[0.0247556, -0.992479, 0.119884, 0.0)], [0.954441, -0.0122075, -0.29815, 0.0)], [0.297371, 0.121803, 0.946961, 0.0)], [-0.617921, -0.0633331, -1.54706, 1.0)]])
-0.617921, -0.0633331, -1.54706
float3(-0.122106, 0.304275, -1.5831)
261383.6736245
normal
simd_float4x4([[0.015508, -0.995073, 0.0979207, 0.0)], [0.958322, -0.0131485, -0.285387, 0.0)], [0.285269, 0.0982653, 0.953397, 0.0)], [-0.637096, -0.0760981, -1.66235, 1.0)]])
-0.637096, -0.0760981, -1.66235
float3(-0.0984242, 0.290734, -1.58401)
261383.77368025
normal
simd_float4x4([[0.00934037, -0.995443, 0.0948997, 0.0)], [0.955495, -0.0190997, -0.294388, 0.0)], [0.294859, 0.0934258, 0.950963, 0.0)], [-0.652275, -0.0807715, -1.78631, 1.0)]])
-0.652275, -0.0807715, -1.78631
float3(-0.0935623, 0.300664, -1.58998)
261383.873735958
normal
simd_float4x4([[0.0214189, -0.995517, 0.0921306, 0.0)], [0.952457, -0.00769468, -0.304576, 0.0)], [0.303919, 0.0942741, 0.948022, 0.0)], [-0.673564, -0.072964, -1.91194, 1.0)]])
-0.673564, -0.072964, -1.91194
float3(-0.0944143, 0.310231, -1.57853)
261383.973791666
normal
simd_float4x4([[0.0264918, -0.994625, 0.100093, 0.0)], [0.952404, -0.00530537, -0.304792, 0.0)], [0.303685, 0.103404, 0.947145, 0.0)], [-0.694598, -0.0574142, -2.03014, 1.0)]])
-0.694598, -0.0574142, -2.03014
float3(-0.103589, 0.310276, -1.57613)
261384.073847208
normal
simd_float4x4([[0.0539242, -0.990116, 0.129469, 0.0)], [0.94916, 0.010554, -0.314616, 0.0)], [0.31014, 0.139852, 0.940348, 0.0)], [-0.726775, -0.053687, -2.14973, 1.0)]])
-0.726775, -0.053687, -2.14973
float3(-0.140312, 0.31858, -1.56014)
261384.173903083
normal
simd_float4x4([[0.0665836, -0.988193, 0.137991, 0.0)], [0.945896, 0.0184985, -0.323941, 0.0)], [0.317564, 0.152095, 0.93596, 0.0)], [-0.755549, -0.0609066, -2.26748, 1.0)]])
-0.755549, -0.0609066, -2.26748
float3(-0.152687, 0.327104, -1.55208)
261384.273958666
normal
simd_float4x4([[0.0647002, -0.993012, 0.098701, 0.0)], [0.951563, 0.0316017, -0.305826, 0.0)], [0.30057, 0.113707, 0.946957, 0.0)], [-0.784595, -0.0690746, -2.36978, 1.0)]])
-0.784595, -0.0690746, -2.36978
float3(-0.113954, 0.307348, -1.53898)
261384.374014375
normal
simd_float4x4([[0.0435289, -0.996211, 0.0752883, 0.0)], [0.957273, 0.0200248, -0.288492, 0.0)], [0.285892, 0.0846292, 0.954518, 0.0)], [-0.811407, -0.066843, -2.47215, 1.0)]])
-0.811407, -0.066843, -2.47215
float3(-0.0847306, 0.291011, -1.5507)
261384.474070125
normal
simd_float4x4([[0.0369904, -0.995596, 0.0861439, 0.0)], [0.959381, 0.0112545, -0.281888, 0.0)], [0.279677, 0.093072, 0.955572, 0.0)], [-0.8373, -0.0567134, -2.57586, 1.0)]])
-0.8373, -0.0567134, -2.57586
float3(-0.0932069, 0.284728, -1.55949)
261384.574125791
normal
simd_float4x4([[0.0312419, -0.99253, 0.117936, 0.0)], [0.963021, -0.0017007, -0.269421, 0.0)], [0.267609, 0.121993, 0.955774, 0.0)], [-0.854734, -0.0468444, -2.67372, 1.0)]])
-0.854734, -0.0468444, -2.67372
float3(-0.122297, 0.273001, -1.57251)
261384.674181583
normal
simd_float4x4([[0.00192545, -0.994117, 0.108292, 0.0)], [0.961285, -0.0279997, -0.274129, 0.0)], [0.275549, 0.104627, 0.955576, 0.0)], [-0.865164, -0.0496153, -2.76409, 1.0)]])
-0.865164, -0.0496153, -2.76409
float3(-0.104819, 0.280743, -1.59895)
261384.774237208
normal
simd_float4x4([[0.00813647, -0.99565, 0.0928127, 0.0)], [0.961931, -0.0175623, -0.272728, 0.0)], [0.273172, 0.0914984, 0.957604, 0.0)], [-0.881481, -0.0600652, -2.86229, 1.0)]])
-0.881481, -0.0600652, -2.86229
float3(-0.0916265, 0.277886, -1.58843)
261384.874292958
normal
simd_float4x4([[-0.00893877, -0.997045, 0.076298, 0.0)], [0.954404, -0.0312747, -0.296877, 0.0)], [0.298386, 0.0701654, 0.951863, 0.0)], [-0.889833, -0.0665717, -2.96689, 1.0)]])
-0.889833, -0.0665717, -2.96689
float3(-0.0702231, 0.303773, -1.60215)
261384.974348708
normal
simd_float4x4([[0.0109838, -0.996373, 0.0843768, 0.0)], [0.950294, -0.0158567, -0.31095, 0.0)], [0.31116, 0.0835982, 0.946674, 0.0)], [-0.907093, -0.0583013, -3.07133, 1.0)]])
-0.907093, -0.0583013, -3.07133
float3(-0.0836959, 0.317564, -1.58671)
261385.074404416
normal
simd_float4x4([[0.0227786, -0.994447, 0.102746, 0.0)], [0.949873, -0.0105254, -0.312459, 0.0)], [0.311805, 0.104713, 0.944358, 0.0)], [-0.926275, -0.0500721, -3.17287, 1.0)]])
-0.926275, -0.0500721, -3.17287
float3(-0.104905, 0.318907, -1.58138)
261385.174460125
normal
simd_float4x4([[0.054461, -0.991112, 0.121375, 0.0)], [0.949607, 0.0138324, -0.313137, 0.0)], [0.308675, 0.132313, 0.94192, 0.0)], [-0.954388, -0.048183, -3.27969, 1.0)]])
-0.954388, -0.048183, -3.27969
float3(-0.132702, 0.316679, -1.55684)
261385.274516
normal
simd_float4x4([[0.052958, -0.993672, 0.099054, 0.0)], [0.949306, 0.0193163, -0.313761, 0.0)], [0.309862, 0.110649, 0.944321, 0.0)], [-0.97377, -0.0584905, -3.37887, 1.0)]])
-0.97377, -0.0584905, -3.37887
float3(-0.110876, 0.317062, -1.55136)
261385.374571708
normal
simd_float4x4([[0.0538462, -0.995335, 0.0800543, 0.0)], [0.95443, 0.0277342, -0.297143, 0.0)], [0.293537, 0.0924063, 0.951471, 0.0)], [-0.999093, -0.0716609, -3.47567, 1.0)]])
-0.999093, -0.0716609, -3.47567
float3(-0.0925383, 0.299244, -1.54294)
261385.474627458
normal
simd_float4x4([[0.0648953, -0.99495, 0.0765652, 0.0)], [0.959861, 0.0412577, -0.277425, 0.0)], [0.272865, 0.0914955, 0.957692, 0.0)], [-1.02873, -0.0749974, -3.57456, 1.0)]])
-1.02873, -0.0749974, -3.57456
float3(-0.0916236, 0.277565, -1.52935)
261385.574683291
normal
simd_float4x4([[0.065601, -0.99289, 0.0993315, 0.0)], [0.962631, 0.0367591, -0.268312, 0.0)], [0.262753, 0.113221, 0.958197, 0.0)], [-1.0516, -0.0646744, -3.67913, 1.0)]])
-1.0516, -0.0646744, -3.67913
float3(-0.113464, 0.267637, -1.53379)
261385.674738833
normal
simd_float4x4([[0.0452914, -0.991526, 0.121754, 0.0)], [0.967104, 0.0129797, -0.254051, 0.0)], [0.250318, 0.129255, 0.959497, 0.0)], [-1.06677, -0.0556738, -3.783, 1.0)]])
