ARKit Data
90233.457712458
normal
simd_float4x4([[-0.350317, -0.90734, -0.232403, 0.0)], [-0.387407, -0.0855405, 0.917932, 0.0)], [-0.852757, 0.411602, -0.321544, 0.0)], [-0.971456, 0.342129, -0.681682, 1.0)]])
-0.971456, 0.342129, -0.681682
float3(-0.424211, -1.93138, -1.66479)
90233.657823541
normal
simd_float4x4([[-0.346529, -0.909409, -0.229984, 0.0)], [-0.385861, -0.0852787, 0.918607, 0.0)], [-0.855003, 0.407066, -0.321354, 0.0)], [-0.973982, 0.341474, -0.681634, 1.0)]])
-0.973982, 0.341474, -0.681634
float3(-0.419239, -1.93031, -1.6643)
90233.857934625
normal
simd_float4x4([[-0.345645, -0.910155, -0.22836, 0.0)], [-0.385157, -0.0843084, 0.918992, 0.0)], [-0.855678, 0.405599, -0.321412, 0.0)], [-0.974474, 0.340861, -0.68176, 1.0)]])
-0.974474, 0.340861, -0.68176
float3(-0.417634, -1.93011, -1.66316)
90234.526455791
notAvailable
simd_float4x4([[-0.266197, 0.0, 0.963919, 0.0)], [0.0, 1.0, 0.0, 0.0)], [-0.963919, 0.0, -0.266197, 0.0)], [0.183284, -0.04931, 0.248066, 1.0)]])
0.183284, -0.04931, 0.248066
float3(-0.0, -1.84024, 0.0)
90234.726533583
limited(__ObjC.ARCamera.TrackingState.Reason.initializing)
simd_float4x4([[-0.0873309, -0.905459, 0.415351, 0.0)], [0.996179, -0.0791403, 0.0369298, 0.0)], [-0.000567418, 0.416989, 0.908911, 0.0)], [0.0, 0.0, 0.0, 1.0)]])
0.0, 0.0, 0.0
float3(-0.43013, -0.000624283, -1.65798)
90234.926644833
limited(__ObjC.ARCamera.TrackingState.Reason.initializing)
simd_float4x4([[-0.0906408, -0.908119, 0.408783, 0.0)], [0.995882, -0.0818867, 0.0389074, 0.0)], [-0.00185862, 0.410627, 0.911802, 0.0)], [0.0, 0.0, 0.0, 1.0)]])
0.0, 0.0, 0.0
float3(-0.423141, -0.0020384, -1.66072)
90235.126756041
limited(__ObjC.ARCamera.TrackingState.Reason.initializing)
simd_float4x4([[-0.0915763, -0.90715, 0.410722, 0.0)], [0.995798, -0.0830459, 0.0386061, 0.0)], [-0.000912794, 0.412531, 0.910943, 0.0)], [0.0, 0.0, 0.0, 1.0)]])
0.0, 0.0, 0.0
float3(-0.425231, -0.00100203, -1.66209)
90235.326867541
limited(__ObjC.ARCamera.TrackingState.Reason.initializing)
simd_float4x4([[-0.0913521, -0.907127, 0.410823, 0.0)], [0.995818, -0.0826113, 0.0390219, 0.0)], [-0.00145919, 0.412669, 0.91088, 0.0)], [0.0, 0.0, 0.0, 1.0)]])
0.0, 0.0, 0.0
float3(-0.425383, -0.00160196, -1.66162)
90235.577006666
normal
simd_float4x4([[-0.0983132, -0.902561, 0.419188, 0.0)], [0.995112, -0.0852357, 0.0498638, 0.0)], [-0.00927539, 0.422041, 0.906529, 0.0)], [0.0026696, 0.00218097, 0.000823088, 1.0)]])
0.0026696, 0.00218097, 0.000823088
float3(-0.435696, -0.0102314, -1.66495)
90235.777117916
normal
simd_float4x4([[-0.100063, -0.906245, 0.410741, 0.0)], [0.994575, -0.0793142, 0.0672975, 0.0)], [-0.0284104, 0.415247, 0.909265, 0.0)], [0.00775717, 0.00462197, 0.00203071, 1.0)]])
0.00775717, 0.00462197, 0.00203071
float3(-0.428214, -0.0312353, -1.65809)
90235.977229333
normal
simd_float4x4([[-0.0937807, -0.914901, 0.392635, 0.0)], [0.994619, -0.068654, 0.0775898, 0.0)], [-0.044031, 0.397798, 0.916416, 0.0)], [0.0101582, 0.00569994, -0.00227576, 1.0)]])
0.0101582, 0.00569994, -0.00227576
float3(-0.409116, -0.0480101, -1.6457)
90236.177340583
normal
simd_float4x4([[-0.0882733, -0.921857, 0.377343, 0.0)], [0.995015, -0.0639587, 0.0765153, 0.0)], [-0.0464018, 0.382216, 0.922907, 0.0)], [0.0118538, 0.018261, -0.00969582, 1.0)]])
0.0118538, 0.018261, -0.00969582
float3(-0.392193, -0.0502356, -1.64007)
90236.377452083
normal
simd_float4x4([[-0.0959139, -0.927284, 0.361864, 0.0)], [0.994071, -0.0705301, 0.0827489, 0.0)], [-0.0512094, 0.367656, 0.928551, 0.0)], [0.0114517, 0.0259147, -0.013765, 1.0)]])
0.0114517, 0.0259147, -0.013765
float3(-0.376487, -0.055094, -1.64671)
90236.594239458
normal
simd_float4x4([[-0.0858247, -0.937547, 0.337105, 0.0)], [0.994719, -0.0615179, 0.082157, 0.0)], [-0.0562881, 0.342376, 0.937876, 0.0)], [0.00539954, 0.0280068, -0.013135, 1.0)]])
0.00539954, 0.0280068, -0.013135
float3(-0.349444, -0.0599447, -1.63632)
90236.794350833
normal
simd_float4x4([[-0.0703554, -0.943733, 0.323137, 0.0)], [0.995952, -0.048292, 0.0758064, 0.0)], [-0.0559361, 0.327163, 0.943311, 0.0)], [-0.000425473, 0.0312786, -0.0137777, 1.0)]])
-0.000425473, 0.0312786, -0.0137777
float3(-0.3333, -0.0592283, -1.62192)
90236.994462291
normal
simd_float4x4([[-0.0618034, -0.956661, 0.28457, 0.0)], [0.994628, -0.0353112, 0.0973063, 0.0)], [-0.0830406, 0.289055, 0.953704, 0.0)], [0.00315639, 0.0440257, -0.00608457, 1.0)]])
0.00315639, 0.0440257, -0.00608457
float3(-0.29324, -0.0868527, -1.60769)
90237.211249791
normal
simd_float4x4([[-0.0442951, -0.975326, 0.216282, 0.0)], [0.99143, -0.0162822, 0.129623, 0.0)], [-0.122903, 0.22017, 0.967688, 0.0)], [0.00947065, 0.0642243, -0.00297396, 1.0)]])
0.00947065, 0.0642243, -0.00297396
float3(-0.221989, -0.12633, -1.58749)
90237.428037333
normal
simd_float4x4([[-0.0367393, -0.986099, 0.162049, 0.0)], [0.989058, -0.0126954, 0.146983, 0.0)], [-0.142882, 0.165676, 0.975775, 0.0)], [0.01292, 0.0849601, 0.00247073, 1.0)]])
0.01292, 0.0849601, 0.00247073
float3(-0.166443, -0.145396, -1.58367)
90237.62814875
normal
simd_float4x4([[-0.0285647, -0.991453, 0.1273, 0.0)], [0.986115, -0.00710861, 0.165909, 0.0)], [-0.163586, 0.130271, 0.97789, 0.0)], [0.0187101, 0.100324, 0.00537714, 1.0)]])
0.0187101, 0.100324, 0.00537714
float3(-0.130643, -0.16575, -1.57797)
90237.828260291
normal
simd_float4x4([[-0.0293469, -0.994331, 0.102199, 0.0)], [0.983777, -0.010629, 0.179082, 0.0)], [-0.17698, 0.105797, 0.978512, 0.0)], [0.0251928, 0.109663, 0.00963234, 1.0)]])
0.0251928, 0.109663, 0.00963234
float3(-0.105995, -0.178932, -1.58149)
90238.02836075
normal
simd_float4x4([[-0.0223712, -0.996801, 0.076722, 0.0)], [0.980354, -0.00682954, 0.197127, 0.0)], [-0.195973, 0.0796246, 0.977371, 0.0)], [0.0303745, 0.118981, 0.0134078, 1.0)]])
0.0303745, 0.118981, 0.0134078
float3(-0.079709, -0.197886, -1.57765)
90238.245002833
normal
simd_float4x4([[-0.0209373, -0.998223, 0.0557954, 0.0)], [0.975309, -0.00812104, 0.220695, 0.0)], [-0.219849, 0.0590386, 0.973746, 0.0)], [0.0391348, 0.127975, 0.0196383, 1.0)]])
0.0391348, 0.127975, 0.0196383
float3(-0.0590729, -0.222054, -1.57893)
90238.461644958
normal
simd_float4x4([[-0.0213627, -0.998545, 0.0495068, 0.0)], [0.973089, -0.00940328, 0.230236, 0.0)], [-0.229436, 0.053093, 0.971875, 0.0)], [0.0450743, 0.132382, 0.024613, 1.0)]])
0.0450743, 0.132382, 0.024613
float3(-0.053118, -0.231831, -1.58021)
90238.678287041
normal
simd_float4x4([[-0.0220342, -0.99838, 0.052462, 0.0)], [0.972663, -0.00927373, 0.232037, 0.0)], [-0.231175, 0.0561406, 0.971291, 0.0)], [0.0456946, 0.130517, 0.0242918, 1.0)]])
0.0456946, 0.130517, 0.0242918
float3(-0.0561701, -0.23366, -1.58008)
90238.894929291
normal
simd_float4x4([[-0.0205268, -0.998333, 0.0539357, 0.0)], [0.973533, -0.00767641, 0.228419, 0.0)], [-0.227624, 0.0571969, 0.972068, 0.0)], [0.0439126, 0.12821, 0.0234469, 1.0)]])
0.0439126, 0.12821, 0.0234469
float3(-0.0572281, -0.23002, -1.57849)
90239.111571166
normal
simd_float4x4([[-0.0179718, -0.998518, 0.0513693, 0.0)], [0.974845, -0.00608366, 0.222801, 0.0)], [-0.222158, 0.0540812, 0.97351, 0.0)], [0.0418964, 0.127591, 0.0236021, 1.0)]])
0.0418964, 0.127591, 0.0236021
float3(-0.0541076, -0.224361, -1.57689)
90239.34487825
normal
simd_float4x4([[-0.0163412, -0.998685, 0.048596, 0.0)], [0.972918, -0.00467415, 0.231103, 0.0)], [-0.230571, 0.0510564, 0.971715, 0.0)], [0.0401911, 0.125544, 0.0252992, 1.0)]])
0.0401911, 0.125544, 0.0252992
float3(-0.0510786, -0.232974, -1.57548)
90239.5615205
normal
simd_float4x4([[-0.0157308, -0.998599, 0.0505155, 0.0)], [0.972448, -0.00352737, 0.233095, 0.0)], [-0.23259, 0.0527905, 0.971141, 0.0)], [0.0395942, 0.122286, 0.0245467, 1.0)]])
0.0395942, 0.122286, 0.0245467
float3(-0.052815, -0.235074, -1.57433)
90239.778162625
normal
simd_float4x4([[-0.0154038, -0.998765, 0.0472321, 0.0)], [0.973157, -0.00412706, 0.230105, 0.0)], [-0.229626, 0.0495087, 0.972019, 0.0)], [0.0391482, 0.122036, 0.025653, 1.0)]])
0.0391482, 0.122036, 0.025653
float3(-0.049529, -0.231983, -1.57493)
90239.99480475
normal
simd_float4x4([[-0.0131417, -0.998814, 0.0468884, 0.0)], [0.972413, -0.00184422, 0.233259, 0.0)], [-0.232895, 0.0486603, 0.971284, 0.0)], [0.0390073, 0.120903, 0.0252293, 1.0)]])
0.0390073, 0.120903, 0.0252293
float3(-0.0486796, -0.235338, -1.57264)
90240.211446958
normal
simd_float4x4([[-0.0122913, -0.998866, 0.0459874, 0.0)], [0.972503, -0.00124488, 0.232887, 0.0)], [-0.232566, 0.0475854, 0.971416, 0.0)], [0.0381999, 0.120559, 0.0257193, 1.0)]])
0.0381999, 0.120559, 0.0257193
float3(-0.0476034, -0.234986, -1.57204)
90240.428089208
normal
simd_float4x4([[-0.00991851, -0.998875, 0.0463794, 0.0)], [0.973105, 0.00103329, 0.230358, 0.0)], [-0.230147, 0.0474169, 0.972, 0.0)], [0.0377887, 0.119647, 0.0248202, 1.0)]])
0.0377887, 0.119647, 0.0248202
float3(-0.0474347, -0.232495, -1.56976)
90240.66139625
normal
simd_float4x4([[-0.00878329, -0.998949, 0.0449771, 0.0)], [0.97376, 0.00168435, 0.227569, 0.0)], [-0.227406, 0.0457957, 0.972723, 0.0)], [0.0369378, 0.119331, 0.0248943, 1.0)]])
0.0369378, 0.119331, 0.0248943
float3(-0.0458117, -0.229658, -1.56911)
90240.87803875
normal
simd_float4x4([[-0.00878935, -0.998978, 0.0443425, 0.0)], [0.973242, 0.00163634, 0.229776, 0.0)], [-0.229613, 0.0451756, 0.972233, 0.0)], [0.0372003, 0.119377, 0.0247362, 1.0)]])
0.0372003, 0.119377, 0.0247362
float3(-0.045191, -0.231921, -1.56916)
90241.111345666
normal
simd_float4x4([[-0.00857346, -0.998972, 0.0445105, 0.0)], [0.972554, 0.00202006, 0.232668, 0.0)], [-0.232518, 0.0452836, 0.971537, 0.0)], [0.03755, 0.118954, 0.024324, 1.0)]])
0.03755, 0.118954, 0.024324
float3(-0.0452991, -0.234912, -1.56877)
90241.344652958
normal
simd_float4x4([[-0.0094727, -0.998983, 0.0440828, 0.0)], [0.972167, 0.00112011, 0.234287, 0.0)], [-0.234098, 0.0450752, 0.971168, 0.0)], [0.0374407, 0.11904, 0.0241633, 1.0)]])
0.0374407, 0.11904, 0.0241633
float3(-0.0450905, -0.236535, -1.56968)
90241.577959916
normal
simd_float4x4([[-0.00913204, -0.99894, 0.0451087, 0.0)], [0.97173, 0.00177766, 0.236089, 0.0)], [-0.235919, 0.0459894, 0.970684, 0.0)], [0.0376209, 0.118982, 0.0234629, 1.0)]])
0.0376209, 0.118982, 0.0234629
float3(-0.0460057, -0.238421, -1.56902)
90241.794602333
normal
simd_float4x4([[-0.00823496, -0.998909, 0.0459604, 0.0)], [0.969605, 0.00326323, 0.244652, 0.0)], [-0.244535, 0.0465782, 0.968521, 0.0)], [0.0383337, 0.119263, 0.0226859, 1.0)]])
0.0383337, 0.119263, 0.0226859
float3(-0.0465951, -0.247315, -1.56753)
90242.02790975
normal
simd_float4x4([[-0.00103384, -0.998952, 0.0457615, 0.0)], [0.957232, 0.0122512, 0.289063, 0.0)], [-0.28932, 0.0441032, 0.956216, 0.0)], [0.0396387, 0.120033, 0.0247463, 1.0)]])
0.0396387, 0.120033, 0.0247463
float3(-0.0441175, -0.293811, -1.55853)
90242.244551875
normal
simd_float4x4([[0.00760534, -0.999387, 0.0341732, 0.0)], [0.920048, 0.0203809, 0.391275, 0.0)], [-0.391732, 0.0284652, 0.919639, 0.0)], [0.0485523, 0.125443, 0.0340914, 1.0)]])
0.0485523, 0.125443, 0.0340914
float3(-0.0284691, -0.402686, -1.55041)
90242.461194375
normal
simd_float4x4([[0.0151353, -0.999648, 0.0218095, 0.0)], [0.853878, 0.0242712, 0.519906, 0.0)], [-0.520252, 0.0107537, 0.853945, 0.0)], [0.0622918, 0.136098, 0.0528841, 1.0)]])
0.0622918, 0.136098, 0.0528841
float3(-0.0107539, -0.547182, -1.54652)
90242.694524041
normal
simd_float4x4([[0.0461425, -0.998932, 0.00252912, 0.0)], [0.751423, 0.0363776, 0.658817, 0.0)], [-0.658205, -0.028499, 0.752299, 0.0)], [0.0689403, 0.151246, 0.082739, 1.0)]])
0.0689403, 0.151246, 0.082739
float3(0.0285029, -0.718788, -1.5344)
90242.894636041
normal
simd_float4x4([[0.0732145, -0.996891, -0.0291181, 0.0)], [0.637789, 0.0243552, 0.769826, 0.0)], [-0.766724, -0.0749336, 0.637589, 0.0)], [0.07072, 0.166961, 0.117853, 1.0)]])
0.07072, 0.166961, 0.117853
float3(0.0750039, -0.877096, -1.54637)
90243.094747958
normal
simd_float4x4([[0.0985129, -0.994066, -0.0461257, 0.0)], [0.520656, 0.0119857, 0.853683, 0.0)], [-0.848064, -0.108114, 0.518747, 0.0)], [0.0678758, 0.180779, 0.15246, 1.0)]])
0.0678758, 0.180779, 0.15246
float3(0.108326, -1.02183, -1.55874)
90243.29486
normal
simd_float4x4([[0.133825, -0.990145, -0.0412766, 0.0)], [0.418811, 0.0187579, 0.90788, 0.0)], [-0.898158, -0.138784, 0.417193, 0.0)], [0.0569325, 0.188357, 0.179096, 1.0)]])
0.0569325, 0.188357, 0.179096
float3(0.139233, -1.13595, -1.55185)
90243.494971833
normal
simd_float4x4([[0.144446, -0.988928, -0.0340087, 0.0)], [0.351354, 0.0191295, 0.936047, 0.0)], [-0.925033, -0.147157, 0.350227, 0.0)], [0.0495204, 0.192923, 0.198745, 1.0)]])
0.0495204, 0.192923, 0.198745
float3(0.147693, -1.20886, -1.55146)
90243.695084125
normal
simd_float4x4([[0.145529, -0.988634, -0.0377383, 0.0)], [0.320562, 0.011032, 0.947163, 0.0)], [-0.935982, -0.149937, 0.318524, 0.0)], [0.0381113, 0.19599, 0.220444, 1.0)]])
0.0381113, 0.19599, 0.220444
float3(0.150504, -1.24278, -1.55964)
90243.911872
normal
simd_float4x4([[0.144335, -0.988914, -0.0348691, 0.0)], [0.307155, 0.0112771, 0.951593, 0.0)], [-0.94065, -0.148058, 0.305378, 0.0)], [0.0403757, 0.200392, 0.220119, 1.0)]])
0.0403757, 0.200392, 0.220119
float3(0.148604, -1.25688, -1.55939)
90244.111983958
normal
simd_float4x4([[0.150751, -0.988095, -0.0307122, 0.0)], [0.300801, 0.016254, 0.953548, 0.0)], [-0.941697, -0.152987, 0.29967, 0.0)], [0.0355424, 0.203265, 0.230694, 1.0)]])
0.0355424, 0.203265, 0.230694
float3(0.15359, -1.26271, -1.55435)
90244.312096208
normal
simd_float4x4([[0.15257, -0.988055, -0.0216851, 0.0)], [0.292028, 0.0241095, 0.956106, 0.0)], [-0.944162, -0.152206, 0.292218, 0.0)], [0.0395717, 0.207572, 0.230765, 1.0)]])
0.0395717, 0.207572, 0.230765
float3(0.1528, -1.27065, -1.5464)
90244.528884083
normal
simd_float4x4([[0.154988, -0.987746, -0.0183643, 0.0)], [0.289097, 0.0275717, 0.956903, 0.0)], [-0.94467, -0.153618, 0.289827, 0.0)], [0.0433829, 0.211569, 0.226771, 1.0)]])
0.0433829, 0.211569, 0.226771
float3(0.154229, -1.27311, -1.54289)
90244.745672208
normal
simd_float4x4([[0.151756, -0.988213, -0.020124, 0.0)], [0.292024, 0.0253752, 0.956074, 0.0)], [-0.944295, -0.150966, 0.292433, 0.0)], [0.0436087, 0.212635, 0.222694, 1.0)]])
0.0436087, 0.212635, 0.222694
float3(0.151546, -1.27048, -1.54512)
90244.94578425
normal
simd_float4x4([[0.149595, -0.988531, -0.0207072, 0.0)], [0.291216, 0.0240366, 0.956355, 0.0)], [-0.944889, -0.149096, 0.291471, 0.0)], [0.0406183, 0.211157, 0.221729, 1.0)]])
0.0406183, 0.211157, 0.221729
float3(0.149654, -1.27159, -1.54649)
90245.145896333
normal
simd_float4x4([[0.152903, -0.988079, -0.0178833, 0.0)], [0.289892, 0.0275454, 0.956663, 0.0)], [-0.944766, -0.151461, 0.290648, 0.0)], [0.042684, 0.212201, 0.22048, 1.0)]])
0.042684, 0.212201, 0.22048
float3(0.152046, -1.27235, -1.54293)
90245.362684583
normal
simd_float4x4([[0.151956, -0.988273, -0.0150346, 0.0)], [0.288969, 0.0298748, 0.956872, 0.0)], [-0.945202, -0.149747, 0.29012, 0.0)], [0.047789, 0.21375, 0.218753, 1.0)]])
0.047789, 0.21375, 0.218753
float3(0.150312, -1.27298, -1.54058)
90245.562796541
normal
simd_float4x4([[0.149249, -0.988659, -0.0166567, 0.0)], [0.291469, 0.0278909, 0.956174, 0.0)], [-0.944865, -0.147563, 0.292326, 0.0)], [0.0511246, 0.214931, 0.221149, 1.0)]])
0.0511246, 0.214931, 0.221149
float3(0.148103, -1.27075, -1.54259)
90245.762908708
normal
simd_float4x4([[0.151744, -0.988274, -0.0169646, 0.0)], [0.294071, 0.0287535, 0.955351, 0.0)], [-0.943661, -0.149958, 0.294986, 0.0)], [0.0525433, 0.214362, 0.220151, 1.0)]])
0.0525433, 0.214362, 0.220151
float3(0.150525, -1.26782, -1.54171)
90245.979696916
normal
simd_float4x4([[0.152795, -0.988065, -0.0195426, 0.0)], [0.300834, 0.0276666, 0.953275, 0.0)], [-0.941357, -0.151535, 0.301471, 0.0)], [0.0527675, 0.214073, 0.219316, 1.0)]])
0.0527675, 0.214073, 0.219316
float3(0.152121, -1.26087, -1.5428)
90246.179809166
normal
simd_float4x4([[0.151627, -0.988277, -0.01782, 0.0)], [0.3001, 0.0288506, 0.953471, 0.0)], [-0.94178, -0.14992, 0.300957, 0.0)], [0.052834, 0.21479, 0.218351, 1.0)]])
0.052834, 0.21479, 0.218351
float3(0.150487, -1.26149, -1.54161)
90246.396597458
normal
simd_float4x4([[0.149562, -0.988586, -0.0181226, 0.0)], [0.301473, 0.0281383, 0.953059, 0.0)], [-0.941671, -0.148005, 0.302241, 0.0)], [0.0538264, 0.21518, 0.217877, 1.0)]])
0.0538264, 0.21518, 0.217877
float3(0.148551, -1.26022, -1.54234)
90246.5967095
normal
simd_float4x4([[0.151134, -0.988349, -0.0180192, 0.0)], [0.301593, 0.0287436, 0.953003, 0.0)], [-0.941382, -0.149466, 0.302423, 0.0)], [0.0536134, 0.214928, 0.218014, 1.0)]])
0.0536134, 0.214928, 0.218014
float3(0.150028, -1.25996, -1.54172)
90246.79682175
normal
simd_float4x4([[0.149544, -0.98859, -0.0180653, 0.0)], [0.30382, 0.0285568, 0.952301, 0.0)], [-0.94092, -0.1479, 0.304624, 0.0)], [0.0525298, 0.214615, 0.218998, 1.0)]])
0.0525298, 0.214615, 0.218998
float3(0.148444, -1.25769, -1.54192)
90246.996934083
normal
simd_float4x4([[0.14752, -0.988917, -0.0167643, 0.0)], [0.303788, 0.0291736, 0.952293, 0.0)], [-0.941249, -0.145575, 0.304725, 0.0)], [0.0524204, 0.214329, 0.21867, 1.0)]])
0.0524204, 0.214329, 0.21867
float3(0.146094, -1.2577, -1.5413)
90247.197046291
normal
simd_float4x4([[0.151644, -0.98827, -0.0180678, 0.0)], [0.305968, 0.0295519, 0.951583, 0.0)], [-0.939887, -0.14983, 0.30686, 0.0)], [0.0504931, 0.213649, 0.219265, 1.0)]])
0.0504931, 0.213649, 0.219265
float3(0.150397, -1.25522, -1.5409)
90247.4138345
normal
simd_float4x4([[0.150861, -0.988392, -0.017956, 0.0)], [0.308427, 0.0298033, 0.950781, 0.0)], [-0.939209, -0.148974, 0.309343, 0.0)], [0.0502365, 0.212312, 0.219004, 1.0)]])
0.0502365, 0.212312, 0.219004
float3(0.14953, -1.25262, -1.54065)
90247.630622708
normal
simd_float4x4([[0.149537, -0.988574, -0.018993, 0.0)], [0.306464, 0.0280774, 0.951468, 0.0)], [-0.940063, -0.148101, 0.307161, 0.0)], [0.0517758, 0.213358, 0.218785, 1.0)]])
0.0517758, 0.213358, 0.218785
float3(0.148648, -1.25499, -1.5424)
90247.847411
normal
simd_float4x4([[0.150901, -0.988384, -0.018052, 0.0)], [0.303741, 0.0289802, 0.952314, 0.0)], [-0.940729, -0.149188, 0.304586, 0.0)], [0.0517324, 0.212867, 0.217393, 1.0)]])
0.0517324, 0.212867, 0.217393
float3(0.149747, -1.25767, -1.54148)
90248.047523291
normal
simd_float4x4([[0.150308, -0.988476, -0.0179717, 0.0)], [0.308609, 0.0296417, 0.950727, 0.0)], [-0.939238, -0.148448, 0.309508, 0.0)], [0.0524263, 0.213985, 0.216761, 1.0)]])
0.0524263, 0.213985, 0.216761
float3(0.148999, -1.25247, -1.54082)
90248.247635708
normal
simd_float4x4([[0.148745, -0.98874, -0.0164054, 0.0)], [0.310199, 0.0309005, 0.950169, 0.0)], [-0.938963, -0.146422, 0.311303, 0.0)], [0.0522857, 0.213436, 0.215784, 1.0)]])
0.0522857, 0.213436, 0.215784
float3(0.14695, -1.25066, -1.53955)
90248.447747791
normal
simd_float4x4([[0.148475, -0.988795, -0.0154573, 0.0)], [0.310152, 0.0317184, 0.950158, 0.0)], [-0.939021, -0.145869, 0.311386, 0.0)], [0.0521562, 0.212833, 0.215172, 1.0)]])
0.0521562, 0.212833, 0.215172
float3(0.146391, -1.2506, -1.53873)
90248.64786025
normal
simd_float4x4([[0.147841, -0.988876, -0.0163601, 0.0)], [0.30624, 0.0300426, 0.95148, 0.0)], [-0.940404, -0.145678, 0.307274, 0.0)], [0.0536548, 0.212982, 0.21471, 1.0)]])
0.0536548, 0.212982, 0.21471
float3(0.146198, -1.25498, -1.54043)
90248.847972666
normal
simd_float4x4([[0.145103, -0.989308, -0.0146581, 0.0)], [0.304777, 0.0305976, 0.951932, 0.0)], [-0.941305, -0.142595, 0.305958, 0.0)], [0.0550469, 0.213463, 0.212609, 1.0)]])
0.0550469, 0.213463, 0.212609
float3(0.143083, -1.25653, -1.53988)
90249.048084916
normal
simd_float4x4([[0.147985, -0.988871, -0.0152995, 0.0)], [0.305453, 0.0309866, 0.951703, 0.0)], [-0.940638, -0.145511, 0.306639, 0.0)], [0.0547884, 0.214786, 0.212479, 1.0)]])
0.0547884, 0.214786, 0.212479
float3(0.146029, -1.25567, -1.53947)
90249.248197208
normal
simd_float4x4([[0.146238, -0.989149, -0.0141021, 0.0)], [0.30764, 0.0319244, 0.950967, 0.0)], [-0.940198, -0.143406, 0.308971, 0.0)], [0.0561924, 0.215004, 0.211165, 1.0)]])
0.0561924, 0.215004, 0.211165
float3(0.143902, -1.25329, -1.53853)
90249.448309666
normal
simd_float4x4([[0.146322, -0.989116, -0.0154787, 0.0)], [0.312012, 0.031297, 0.949563, 0.0)], [-0.938743, -0.143772, 0.313196, 0.0)], [0.0566558, 0.215677, 0.211139, 1.0)]])
0.0566558, 0.215677, 0.211139
float3(0.144272, -1.24878, -1.53917)
90249.648421875
normal
simd_float4x4([[0.14392, -0.98941, -0.0188354, 0.0)], [0.320819, 0.0286442, 0.946707, 0.0)], [-0.936142, -0.142293, 0.321544, 0.0)], [0.0575415, 0.215603, 0.210507, 1.0)]])
0.0575415, 0.215603, 0.210507
float3(0.142778, -1.23994, -1.54185)
90249.848534416
normal
simd_float4x4([[0.141763, -0.98967, -0.0213775, 0.0)], [0.326004, 0.0262853, 0.945003, 0.0)], [-0.934679, -0.140936, 0.326363, 0.0)], [0.0593109, 0.215227, 0.21117, 1.0)]])
0.0593109, 0.215227, 0.21117
float3(0.141407, -1.23486, -1.54424)
90250.04864675
normal
simd_float4x4([[0.142454, -0.989586, -0.0206422, 0.0)], [0.325043, 0.0270723, 0.945311, 0.0)], [-0.934908, -0.141373, 0.325515, 0.0)], [0.0600733, 0.214399, 0.213648, 1.0)]])
0.0600733, 0.214399, 0.213648
float3(0.141848, -1.23575, -1.54345)
90250.248759166
normal
simd_float4x4([[0.141193, -0.989804, -0.0187923, 0.0)], [0.318047, 0.027376, 0.94768, 0.0)], [-0.937502, -0.139782, 0.318669, 0.0)], [0.0591737, 0.213957, 0.216494, 1.0)]])
0.0591737, 0.213957, 0.216494
float3(0.140242, -1.24314, -1.54315)
90250.448871708
normal
simd_float4x4([[0.143029, -0.989553, -0.0180758, 0.0)], [0.318798, 0.0287732, 0.947386, 0.0)], [-0.936969, -0.141266, 0.319584, 0.0)], [0.057907, 0.213543, 0.216867, 1.0)]])
0.057907, 0.213543, 0.216867
float3(0.14174, -1.24209, -1.54173)
90250.648984041
normal
simd_float4x4([[0.145171, -0.989192, -0.0205977, 0.0)], [0.319099, 0.0271041, 0.947334, 0.0)], [-0.936537, -0.144098, 0.319585, 0.0)], [0.0563778, 0.21307, 0.216108, 1.0)]])
0.0563778, 0.21307, 0.216108
float3(0.144602, -1.24195, -1.5434)
90250.849096666
normal
simd_float4x4([[0.141222, -0.989437, -0.0327157, 0.0)], [0.325363, 0.015177, 0.945467, 0.0)], [-0.934984, -0.144165, 0.32407, 0.0)], [0.0548717, 0.211384, 0.21203, 1.0)]])
0.0548717, 0.211384, 0.21203
float3(0.144669, -1.23715, -1.55546)
90251.065885
normal
simd_float4x4([[0.132076, -0.990686, -0.0331302, 0.0)], [0.329523, 0.0123602, 0.944066, 0.0)], [-0.934864, -0.135606, 0.328087, 0.0)], [0.0558268, 0.204073, 0.198022, 1.0)]])
0.0558268, 0.204073, 0.198022
float3(0.136025, -1.23328, -1.55832)
90251.282673625
normal
simd_float4x4([[0.11776, -0.99261, -0.0292793, 0.0)], [0.343455, 0.0130459, 0.939079, 0.0)], [-0.931757, -0.120642, 0.342453, 0.0)], [0.065151, 0.194523, 0.171114, 1.0)]])
0.065151, 0.194523, 0.171114
float3(0.120936, -1.21859, -1.55765)
90251.482786291
normal
simd_float4x4([[0.110902, -0.992748, -0.0463842, 0.0)], [0.355735, -0.00392638, 0.934579, 0.0)], [-0.927984, -0.120147, 0.35272, 0.0)], [0.0795528, 0.191656, 0.127152, 1.0)]])
0.0795528, 0.191656, 0.127152
float3(0.120438, -1.20757, -1.57475)
90251.68289875
normal
simd_float4x4([[0.141192, -0.988317, -0.0574058, 0.0)], [0.302456, -0.0121503, 0.953086, 0.0)], [-0.942648, -0.15193, 0.297207, 0.0)], [0.0935641, 0.192966, 0.085097, 1.0)]])
0.0935641, 0.192966, 0.085097
float3(0.152521, -1.26537, -1.58309)
90251.883011375
normal
simd_float4x4([[0.173181, -0.983288, -0.0561567, 0.0)], [0.194292, -0.0217895, 0.980702, 0.0)], [-0.965536, -0.180749, 0.187271, 0.0)], [0.11252, 0.19778, 0.0404249, 1.0)]])
0.11252, 0.19778, 0.0404249
float3(0.181748, -1.37922, -1.59295)
90252.099799875
normal
simd_float4x4([[0.193787, -0.980063, -0.0438605, 0.0)], [0.0809361, -0.0285841, 0.996309, 0.0)], [-0.977699, -0.196622, 0.0737832, 0.0)], [0.131943, 0.203052, -0.00866975, 1.0)]])
0.131943, 0.203052, -0.00866975
float3(0.197911, -1.49547, -1.59995)
90252.299912583
normal
simd_float4x4([[0.187251, -0.981637, -0.0363999, 0.0)], [-0.00104637, -0.0372547, 0.999305, 0.0)], [-0.982311, -0.187083, -0.00800313, 0.0)], [0.137744, 0.215843, -0.0507122, 1.0)]])
0.137744, 0.215843, -0.0507122
float3(0.188192, -1.57894, -1.60873)
90252.500025375
normal
simd_float4x4([[0.183687, -0.982981, -0.00285544, 0.0)], [-0.0692209, -0.0158327, 0.997476, 0.0)], [-0.980544, -0.183026, -0.0709511, 0.0)], [0.124073, 0.229474, -0.102825, 1.0)]])
0.124073, 0.229474, -0.102825
float3(0.184063, -1.64303, -1.5869)
90252.716813833
normal
simd_float4x4([[0.167649, -0.985723, 0.015605, 0.0)], [-0.121857, -0.00501222, 0.992535, 0.0)], [-0.978287, -0.168299, -0.120957, 0.0)], [0.0876474, 0.237081, -0.17782, 1.0)]])
0.0876474, 0.237081, -0.17782
float3(0.169104, -1.69381, -1.57588)
90252.916926458
normal
simd_float4x4([[0.149591, -0.988685, 0.0111531, 0.0)], [-0.162877, -0.0135148, 0.986554, 0.0)], [-0.97524, -0.149396, -0.163056, 0.0)], [0.0418356, 0.237288, -0.246287, 1.0)]])
0.0418356, 0.237288, -0.246287
float3(0.149958, -1.73646, -1.58447)
90253.117039333
normal
simd_float4x4([[0.127002, -0.991188, 0.0376465, 0.0)], [-0.194768, 0.0122952, 0.980772, 0.0)], [-0.972592, -0.131892, -0.19149, 0.0)], [-0.00370427, 0.235054, -0.304847, 1.0)]])
-0.00370427, 0.235054, -0.304847
float3(0.132277, -1.7652, -1.55839)
90253.317151958
normal
simd_float4x4([[0.0994887, -0.993583, 0.0537957, 0.0)], [-0.199107, 0.0330919, 0.979419, 0.0)], [-0.974914, -0.108152, -0.194537, 0.0)], [-0.0404734, 0.227521, -0.3281, 1.0)]])
-0.0404734, 0.227521, -0.3281
float3(0.108364, -1.76775, -1.5375)
90253.517264541
normal
simd_float4x4([[0.0857104, -0.994653, 0.0576166, 0.0)], [-0.181286, 0.0412947, 0.982563, 0.0)], [-0.979688, -0.094661, -0.176777, 0.0)], [-0.066147, 0.215426, -0.314959, 1.0)]])
-0.066147, 0.215426, -0.314959
float3(0.0948029, -1.74932, -1.5293)
90253.717377166
normal
simd_float4x4([[0.086739, -0.99477, 0.0539315, 0.0)], [-0.152944, 0.0401969, 0.987417, 0.0)], [-0.984421, -0.093896, -0.148658, 0.0)], [-0.0747218, 0.211803, -0.288557, 1.0)]])
-0.0747218, 0.211803, -0.288557
float3(0.0940345, -1.72067, -1.53041)
90253.917489875
normal
simd_float4x4([[0.0984852, -0.994103, 0.0453781, 0.0)], [-0.132808, 0.032062, 0.990623, 0.0)], [-0.986237, -0.103588, -0.128868, 0.0)], [-0.0626921, 0.222211, -0.259616, 1.0)]])
-0.0626921, 0.222211, -0.259616
float3(0.103774, -1.70073, -1.53856)
90254.117602541
normal
simd_float4x4([[0.102017, -0.994306, 0.0308035, 0.0)], [-0.118818, 0.0185642, 0.992742, 0.0)], [-0.987661, -0.104937, -0.116247, 0.0)], [-0.0543033, 0.230024, -0.240816, 1.0)]])
-0.0543033, 0.230024, -0.240816
float3(0.10513, -1.68796, -1.55213)
90254.317715208
normal
simd_float4x4([[0.110657, -0.993645, 0.0206216, 0.0)], [-0.11851, 0.00740883, 0.992925, 0.0)], [-0.986768, -0.112318, -0.116937, 0.0)], [-0.0489592, 0.233597, -0.229387, 1.0)]])
-0.0489592, 0.233597, -0.229387
float3(0.112556, -1.68875, -1.56334)
90254.517827875
normal
simd_float4x4([[0.110695, -0.993728, 0.0158512, 0.0)], [-0.124359, 0.00197455, 0.992235, 0.0)], [-0.986043, -0.111807, -0.12336, 0.0)], [-0.0420317, 0.235651, -0.227149, 1.0)]])
-0.0420317, 0.235651, -0.227149
float3(0.112041, -1.69526, -1.56881)
90254.717940583
normal
simd_float4x4([[0.111296, -0.993681, 0.0145221, 0.0)], [-0.126464, 0.000332642, 0.991971, 0.0)], [-0.985708, -0.112239, -0.125628, 0.0)], [-0.0380292, 0.236426, -0.226882, 1.0)]])
-0.0380292, 0.236426, -0.226882
float3(0.112476, -1.69756, -1.57046)
90254.934729416
normal
simd_float4x4([[0.109542, -0.993899, 0.0128582, 0.0)], [-0.124438, -0.000878262, 0.992227, 0.0)], [-0.986162, -0.11029, -0.123775, 0.0)], [-0.0328589, 0.237499, -0.224581, 1.0)]])
-0.0328589, 0.237499, -0.224581
float3(0.110515, -1.69566, -1.57168)
90255.134842166
normal
simd_float4x4([[0.104692, -0.994413, 0.0134774, 0.0)], [-0.12582, 0.00019915, 0.992053, 0.0)], [-0.986514, -0.105555, -0.125096, 0.0)], [-0.0289953, 0.2363, -0.221936, 1.0)]])
-0.0289953, 0.2363, -0.221936
float3(0.105752, -1.69693, -1.5706)
90255.334954833
normal
simd_float4x4([[0.104124, -0.994486, 0.0124541, 0.0)], [-0.123499, -0.000503239, 0.992344, 0.0)], [-0.986867, -0.104865, -0.12287, 0.0)], [-0.0279477, 0.235452, -0.220008, 1.0)]])
-0.0279477, 0.235452, -0.220008
float3(0.105058, -1.69466, -1.5713)
90255.551743583
normal
simd_float4x4([[0.103378, -0.994573, 0.0117164, 0.0)], [-0.124597, -0.00126232, 0.992207, 0.0)], [-0.986807, -0.104032, -0.124052, 0.0)], [-0.0261054, 0.234041, -0.218574, 1.0)]])
-0.0261054, 0.234041, -0.218574
float3(0.10422, -1.69585, -1.57207)
90255.768532541
normal
simd_float4x4([[0.10338, -0.99456, 0.0127473, 0.0)], [-0.125278, -0.000306003, 0.992122, 0.0)], [-0.986721, -0.104162, -0.124629, 0.0)], [-0.0255289, 0.232484, -0.21779, 1.0)]])
-0.0255289, 0.232484, -0.21779
float3(0.104352, -1.69644, -1.5711)
90255.985321333
normal
simd_float4x4([[0.10567, -0.994315, 0.0130776, 0.0)], [-0.126599, -0.000407727, 0.991954, 0.0)], [-0.986309, -0.106476, -0.125922, 0.0)], [-0.0249091, 0.232775, -0.217974, 1.0)]])
-0.0249091, 0.232775, -0.217974
float3(0.106678, -1.69778, -1.57121)
90256.185434041
normal
simd_float4x4([[0.105075, -0.994333, 0.0161451, 0.0)], [-0.126981, 0.00268707, 0.991902, 0.0)], [-0.986324, -0.106274, -0.125979, 0.0)], [-0.0253145, 0.232225, -0.218154, 1.0)]])
-0.0253145, 0.232225, -0.218154
float3(0.106475, -1.69783, -1.56809)
90256.385546791
normal
simd_float4x4([[0.104658, -0.994393, 0.0151479, 0.0)], [-0.127599, 0.0016791, 0.991824, 0.0)], [-0.986288, -0.105736, -0.126708, 0.0)], [-0.0239593, 0.232321, -0.217119, 1.0)]])
-0.0239593, 0.232321, -0.217119
float3(0.105934, -1.69857, -1.56911)
90256.585659541
normal
simd_float4x4([[0.106599, -0.99415, 0.0173668, 0.0)], [-0.126666, 0.0037463, 0.991938, 0.0)], [-0.986201, -0.10794, -0.125525, 0.0)], [-0.0228446, 0.232033, -0.216333, 1.0)]])
-0.0228446, 0.232033, -0.216333
float3(0.10815, -1.6974, -1.56703)
90256.785772541
normal
simd_float4x4([[0.103137, -0.99446, 0.0203077, 0.0)], [-0.126665, 0.00711925, 0.99192, 0.0)], [-0.986569, -0.104876, -0.125229, 0.0)], [-0.0203756, 0.231246, -0.215948, 1.0)]])
-0.0203756, 0.231246, -0.215948
float3(0.105069, -1.69706, -1.56364)
90256.985885125
normal
simd_float4x4([[0.101454, -0.994633, 0.0202804, 0.0)], [-0.130124, 0.00694311, 0.991473, 0.0)], [-0.986293, -0.103228, -0.128722, 0.0)], [-0.0196181, 0.231558, -0.215198, 1.0)]])
-0.0196181, 0.231558, -0.215198
float3(0.103412, -1.70057, -1.56382)
90257.185998041
normal
simd_float4x4([[0.101074, -0.994649, 0.0213807, 0.0)], [-0.130687, 0.00803049, 0.991391, 0.0)], [-0.986258, -0.102998, -0.129176, 0.0)], [-0.0194091, 0.231225, -0.214201, 1.0)]])
-0.0194091, 0.231225, -0.214201
float3(0.103181, -1.70103, -1.56272)
90257.386110916
normal
simd_float4x4([[0.100686, -0.994598, 0.0252381, 0.0)], [-0.130872, 0.0119066, 0.991328, 0.0)], [-0.986273, -0.103116, -0.128966, 0.0)], [-0.0200953, 0.230612, -0.215648, 1.0)]])
-0.0200953, 0.230612, -0.215648
float3(0.1033, -1.70082, -1.55883)
90257.602899583
normal
simd_float4x4([[0.0909011, -0.995428, 0.029321, 0.0)], [-0.126274, 0.0176841, 0.991838, 0.0)], [-0.987822, -0.0938616, -0.124089, 0.0)], [-0.0179823, 0.229812, -0.216501, 1.0)]])
-0.0179823, 0.229812, -0.216501
float3(0.0939999, -1.69576, -1.55303)
90257.819688416
normal
simd_float4x4([[0.079623, -0.996693, 0.0162467, 0.0)], [-0.111244, 0.00731202, 0.993766, 0.0)], [-0.990598, -0.080934, -0.110293, 0.0)], [-0.0186986, 0.228678, -0.217032, 1.0)]])
-0.0186986, 0.228678, -0.217032
float3(0.0810226, -1.68168, -1.56346)
90258.019801458
normal
simd_float4x4([[0.0747513, -0.997117, 0.0130561, 0.0)], [-0.101017, 0.00545363, 0.99487, 0.0)], [-0.992072, -0.0756867, -0.100318, 0.0)], [-0.0276125, 0.225705, -0.215562, 1.0)]])
-0.0276125, 0.225705, -0.215562
float3(0.0757591, -1.67157, -1.56533)
90258.219914208
normal
simd_float4x4([[0.0662237, -0.997671, 0.0163362, 0.0)], [-0.0954612, 0.00996218, 0.995383, 0.0)], [-0.993228, -0.0674775, -0.0945792, 0.0)], [-0.0383721, 0.225125, -0.214076, 1.0)]])
-0.0383721, 0.225125, -0.214076
float3(0.0675288, -1.66573, -1.56081)
90258.420026958
normal
simd_float4x4([[0.0690265, -0.997557, 0.0107232, 0.0)], [-0.0925537, 0.00429896, 0.995698, 0.0)], [-0.993312, -0.069722, -0.0920308, 0.0)], [-0.0520727, 0.226715, -0.212581, 1.0)]])
-0.0520727, 0.226715, -0.212581
float3(0.0697786, -1.66318, -1.56649)
90258.620140041
normal
simd_float4x4([[0.0447642, -0.998991, 0.00360354, 0.0)], [-0.0918516, -0.000523887, 0.995773, 0.0)], [-0.994766, -0.0449059, -0.0917824, 0.0)], [-0.0537563, 0.225669, -0.211679, 1.0)]])
-0.0537563, 0.225669, -0.211679
float3(0.0449211, -1.6628, -1.57132)
90258.836928666
normal
simd_float4x4([[-0.104441, -0.994531, 0.000591899, 0.0)], [-0.0514619, 0.00599863, 0.998657, 0.0)], [-0.993199, 0.10427, -0.051807, 0.0)], [-0.0257998, 0.178981, -0.215286, 1.0)]])
-0.0257998, 0.178981, -0.215286
float3(-0.10446, -1.62291, -1.56476)
90259.037041791
normal
simd_float4x4([[-0.318661, -0.947796, -0.0117354, 0.0)], [-0.0310267, -0.00194428, 0.999517, 0.0)], [-0.947361, 0.318871, -0.0287874, 0.0)], [0.0177896, 0.102933, -0.218552, 1.0)]])
0.0177896, 0.102933, -0.218552
float3(-0.324538, -1.60117, -1.57285)
90259.253830708
normal
simd_float4x4([[-0.488471, -0.871297, -0.0473041, 0.0)], [-0.0661153, -0.017099, 0.997665, 0.0)], [-0.870072, 0.490458, -0.0492537, 0.0)], [0.0491219, 0.0416796, -0.208991, 1.0)]])
0.0491219, 0.0416796, -0.208991
float3(-0.512615, -1.62734, -1.59042)
90259.453943416
normal
simd_float4x4([[-0.576838, -0.815113, -0.05338, 0.0)], [-0.0726212, -0.0139161, 0.997262, 0.0)], [-0.813624, 0.579135, -0.0511672, 0.0)], [0.0598438, 0.0074273, -0.204453, 1.0)]])
0.0598438, 0.0074273, -0.204453
float3(-0.617668, -1.6336, -1.58787)
90259.654056583
normal
simd_float4x4([[-0.608845, -0.791493, -0.053352, 0.0)], [-0.0692609, -0.0139604, 0.997501, 0.0)], [-0.79026, 0.611018, -0.0463198, 0.0)], [0.0590857, -0.00358633, -0.203314, 1.0)]])
0.0590857, -0.00358633, -0.203314
float3(-0.657346, -1.62934, -1.58843)
90259.854169375
normal
simd_float4x4([[-0.617696, -0.784622, -0.0531, 0.0)], [-0.0673896, -0.0144623, 0.997622, 0.0)], [-0.783524, 0.619805, -0.0439421, 0.0)], [0.0531565, -0.00930547, -0.203909, 1.0)]])
0.0531565, -0.00930547, -0.203909
float3(-0.668495, -1.62682, -1.58923)
90260.054282291
normal
simd_float4x4([[-0.621987, -0.781513, -0.0486812, 0.0)], [-0.0646223, -0.0107259, 0.997852, 0.0)], [-0.780357, 0.623797, -0.0438319, 0.0)], [0.0453793, -0.016897, -0.203608, 1.0)]])
0.0453793, -0.016897, -0.203608
float3(-0.673591, -1.62691, -1.58452)
90260.254395083
normal
simd_float4x4([[-0.624676, -0.779506, -0.0463647, 0.0)], [-0.0643139, -0.00781515, 0.997899, 0.0)], [-0.778231, 0.626346, -0.0452511, 0.0)], [0.0488442, -0.0203434, -0.199857, 1.0)]])
0.0488442, -0.0203434, -0.199857
float3(-0.676857, -1.62888, -1.58082)
90260.454507958
normal
simd_float4x4([[-0.627611, -0.77725, -0.0445647, 0.0)], [-0.0646076, -0.00504676, 0.997898, 0.0)], [-0.775841, 0.629171, -0.0470489, 0.0)], [0.0587442, -0.0232352, -0.197815, 1.0)]])
0.0587442, -0.0232352, -0.197815
float3(-0.680486, -1.63136, -1.57729)
90260.671297083
normal
simd_float4x4([[-0.628405, -0.776651, -0.0438166, 0.0)], [-0.0658807, -0.00298892, 0.997823, 0.0)], [-0.775091, 0.629924, -0.0492881, 0.0)], [0.0670328, -0.0208065, -0.200904, 1.0)]])
0.0670328, -0.0208065, -0.200904
float3(-0.681455, -1.6343, -1.57464)
90260.87141
normal
simd_float4x4([[-0.627509, -0.777264, -0.0457513, 0.0)], [-0.0661788, -0.00530391, 0.997794, 0.0)], [-0.775792, 0.629152, -0.0481102, 0.0)], [0.0634357, -0.0161835, -0.203445, 1.0)]])
0.0634357, -0.0161835, -0.203445
float3(-0.680462, -1.63273, -1.57762)
90261.071522875
normal
simd_float4x4([[-0.628607, -0.776212, -0.04846, 0.0)], [-0.066677, -0.00829263, 0.99774, 0.0)], [-0.77486, 0.630417, -0.0465427, 0.0)], [0.0675451, -0.0147517, -0.20631, 1.0)]])
0.0675451, -0.0147517, -0.20631
float3(-0.682091, -1.63079, -1.58148)
90261.271635708
normal
simd_float4x4([[-0.635291, -0.770819, -0.0473703, 0.0)], [-0.0587122, -0.0129541, 0.998191, 0.0)], [-0.770038, 0.636923, -0.0370268, 0.0)], [0.0649131, -0.0222996, -0.200616, 1.0)]])
0.0649131, -0.0222996, -0.200616
float3(-0.6905, -1.61884, -1.5876)
