ARKit Data
1035798.08533
normal
simd_float4x4([[-0.00417377, -0.999626, 0.0270236, 0.0)], [0.995362, -0.00675022, -0.0959638, 0.0)], [0.0961104, 0.0264977, 0.995018, 0.0)], [0.0983631, -0.00648633, 0.0882371, 1.0)]])
0.0983631, -0.00648633, 0.0882371
float3(-0.0265008, 0.0962929, -1.57755)
1035798.30197412
normal
simd_float4x4([[-0.00559035, -0.99958, 0.0284461, 0.0)], [0.994681, -0.00848437, -0.102657, 0.0)], [0.102855, 0.0277209, 0.99431, 0.0)], [0.0994614, -0.00723135, 0.0857541, 1.0)]])
0.0994614, -0.00723135, 0.0857541
float3(-0.0277245, 0.103077, -1.57928)
1035799.10531221
notAvailable
simd_float4x4([[-0.043308, 0.0, 0.999062, 0.0)], [0.0, 1.0, 0.0, 0.0)], [-0.999062, 0.0, -0.043308, 0.0)], [-0.0100993, -0.0788479, 0.00204105, 1.0)]])
-0.0100993, -0.0788479, 0.00204105
float3(-0.0, -1.61412, 0.0)
1035799.32195638
limited(__ObjC.ARCamera.TrackingState.Reason.initializing)
simd_float4x4([[-0.00485999, -0.998508, 0.0543733, 0.0)], [0.999951, -0.0043848, 0.00885542, 0.0)], [-0.00860381, 0.0544137, 0.99848, 0.0)], [0.0, 0.0, 0.0, 1.0)]])
0.0, 0.0, 0.0
float3(-0.0544406, -0.00861669, -1.57519)
1035799.53860067
limited(__ObjC.ARCamera.TrackingState.Reason.initializing)
simd_float4x4([[-0.00501001, -0.998427, 0.0558086, 0.0)], [0.999558, -0.00336396, 0.0295506, 0.0)], [-0.0293164, 0.055932, 0.998002, 0.0)], [0.0, 0.0, 0.0, 1.0)]])
0.0, 0.0, 0.0
float3(-0.0559612, -0.0293666, -1.57417)
1035799.75524475
limited(__ObjC.ARCamera.TrackingState.Reason.initializing)
simd_float4x4([[-0.00973219, -0.998581, 0.0523473, 0.0)], [0.99913, -0.00758776, 0.0410099, 0.0)], [-0.0405546, 0.0527009, 0.997786, 0.0)], [0.0, 0.0, 0.0, 1.0)]])
0.0, 0.0, 0.0
float3(-0.0527253, -0.0406222, -1.57839)
1035799.97188892
normal
simd_float4x4([[-0.00420055, -0.998541, 0.0538292, 0.0)], [0.999139, -0.00196973, 0.0414287, 0.0)], [-0.0412623, 0.0539569, 0.99769, 0.0)], [3.64763e-10, 4.64568e-09, -9.44865e-11, 1.0)]])
3.64763e-10, 4.64568e-09, -9.44865e-11
float3(-0.0539831, -0.0413342, -1.57277)
1035800.18853329
normal
simd_float4x4([[-0.00811877, -0.998387, 0.0561917, 0.0)], [0.998106, -0.004664, 0.0613421, 0.0)], [-0.060981, 0.0565833, 0.996534, 0.0)], [-0.00160765, 0.00180145, 0.00124088, 1.0)]])
-0.00160765, 0.00180145, 0.00124088
float3(-0.0566136, -0.0611169, -1.57547)
1035800.40517733
normal
simd_float4x4([[-0.00923037, -0.998434, 0.0551766, 0.0)], [0.997493, -0.00532197, 0.0705659, 0.0)], [-0.0701618, 0.0556897, 0.99598, 0.0)], [-0.00330017, 0.00313263, 0.00163364, 1.0)]])
-0.00330017, 0.00313263, 0.00163364
float3(-0.0557185, -0.0703288, -1.57613)
1035800.62182142
normal
simd_float4x4([[-0.0103146, -0.998408, 0.0554547, 0.0)], [0.996939, -0.00596937, 0.0779578, 0.0)], [-0.0775027, 0.0560891, 0.995413, 0.0)], [-0.00425822, 0.00448269, -0.000505842, 1.0)]])
-0.00425822, 0.00448269, -0.000505842
float3(-0.0561185, -0.077703, -1.57678)
1035800.83846567
normal
simd_float4x4([[-0.0096161, -0.998431, 0.0551679, 0.0)], [0.997217, -0.00549653, 0.0743448, 0.0)], [-0.0739249, 0.0557293, 0.995705, 0.0)], [-0.0045803, 0.00620336, 0.000768833, 1.0)]])
-0.0045803, 0.00620336, 0.000768833
float3(-0.0557582, -0.0741078, -1.5763)
1035801.05510971
normal
simd_float4x4([[-0.00853237, -0.998444, 0.0551054, 0.0)], [0.997249, -0.00443878, 0.0739859, 0.0)], [-0.0736262, 0.0555851, 0.995736, 0.0)], [-0.00414923, 0.0026134, -9.44528e-05, 1.0)]])
-0.00414923, 0.0026134, -9.44528e-05
float3(-0.0556138, -0.0738072, -1.57524)
1035801.28841896
normal
simd_float4x4([[-0.00720039, -0.998593, 0.0525395, 0.0)], [0.997359, -0.00337462, 0.0725456, 0.0)], [-0.0722662, 0.0529231, 0.99598, 0.0)], [-0.00310584, 0.000801668, 0.00110475, 1.0)]])
-0.00310584, 0.000801668, 0.00110475
float3(-0.0529479, -0.0724309, -1.57418)
1035801.50506317
normal
simd_float4x4([[-0.00527868, -0.998376, 0.0567313, 0.0)], [0.997732, -0.0014509, 0.0673028, 0.0)], [-0.0671111, 0.0569579, 0.996118, 0.0)], [-0.00434857, -0.000603291, -7.57959e-05, 1.0)]])
-0.00434857, -0.000603291, -7.57959e-05
float3(-0.0569887, -0.067271, -1.57225)
1035801.72170717
normal
simd_float4x4([[-0.00397169, -0.99832, 0.0578012, 0.0)], [0.998147, -0.00044786, 0.0608503, 0.0)], [-0.0607221, 0.0579358, 0.996472, 0.0)], [-0.00618945, -0.000351074, -0.00167367, 1.0)]])
-0.00618945, -0.000351074, -0.00167367
float3(-0.0579682, -0.0608619, -1.57124)
1035801.93835146
normal
simd_float4x4([[-0.00481827, -0.998313, 0.0578593, 0.0)], [0.99867, -0.00183407, 0.0515195, 0.0)], [-0.0513264, 0.0580306, 0.996994, 0.0)], [-0.00773117, -0.000438534, -0.00310134, 1.0)]])
-0.00773117, -0.000438534, -0.00310134
float3(-0.0580633, -0.0514358, -1.57263)
1035802.17166063
normal
simd_float4x4([[-0.00497651, -0.998454, 0.0553643, 0.0)], [0.999181, -0.00274158, 0.0403707, 0.0)], [-0.0401565, 0.0555199, 0.99765, 0.0)], [-0.00916933, -0.000110708, -0.00283741, 1.0)]])
-0.00916933, -0.000110708, -0.00283741
float3(-0.0555485, -0.0402293, -1.57354)
1035802.42163454
normal
simd_float4x4([[-0.00614867, -0.99833, 0.0574484, 0.0)], [0.999557, -0.00446208, 0.0294408, 0.0)], [-0.0291352, 0.057604, 0.997914, 0.0)], [-0.00991755, -0.000201504, -0.00412014, 1.0)]])
-0.00991755, -0.000201504, -0.00412014
float3(-0.0576359, -0.0291878, -1.57527)
1035802.65494375
normal
simd_float4x4([[-0.00836946, -0.998173, 0.0598399, 0.0)], [0.999782, -0.00720911, 0.0195806, 0.0)], [-0.0191135, 0.0599907, 0.998016, 0.0)], [-0.00928463, -0.00127799, -0.00254396, 1.0)]])
-0.00928463, -0.00127799, -0.00254396
float3(-0.0600268, -0.0191491, -1.57802)
1035802.90491771
normal
simd_float4x4([[-0.00688945, -0.99819, 0.0597433, 0.0)], [0.999859, -0.00596313, 0.0156695, 0.0)], [-0.0152849, 0.0598429, 0.998091, 0.0)], [-0.0092372, -0.00122895, -0.00190169, 1.0)]])
-0.0092372, -0.00122895, -0.00190169
float3(-0.0598786, -0.015313, -1.57677)
1035803.15489183
normal
simd_float4x4([[-0.00640456, -0.998255, 0.0587053, 0.0)], [0.999887, -0.00559513, 0.0139419, 0.0)], [-0.0135891, 0.058788, 0.998178, 0.0)], [-0.00897381, -0.00128247, -0.00194656, 1.0)]])
-0.00897381, -0.00128247, -0.00194656
float3(-0.0588219, -0.0136131, -1.5764)
1035803.38820083
normal
simd_float4x4([[-0.00933713, -0.998404, 0.0557044, 0.0)], [0.999879, -0.00862907, 0.012938, 0.0)], [-0.0124367, 0.0558185, 0.998363, 0.0)], [-0.0088315, -0.00153251, -0.00115813, 1.0)]])
-0.0088315, -0.00153251, -0.00115813
float3(-0.0558475, -0.0124564, -1.57944)
1035803.60484508
normal
simd_float4x4([[-0.0132924, -0.998687, 0.0494682, 0.0)], [0.999845, -0.0127045, 0.0121805, 0.0)], [-0.0115361, 0.0496224, 0.998701, 0.0)], [-0.00888776, -0.000914989, 0.000913928, 1.0)]])
-0.00888776, -0.000914989, 0.000913928
float3(-0.0496428, -0.0115505, -1.58352)
1035803.82148929
normal
simd_float4x4([[-0.0142818, -0.998766, 0.0475667, 0.0)], [0.999748, -0.0134402, 0.0179673, 0.0)], [-0.0173058, 0.0478113, 0.998706, 0.0)], [-0.00823582, -0.000783645, 0.00446005, 1.0)]])
-0.00823582, -0.000783645, 0.00446005
float3(-0.0478295, -0.0173265, -1.58425)
1035804.03813346
normal
simd_float4x4([[-0.0130266, -0.998829, 0.0465929, 0.0)], [0.999632, -0.0118989, 0.0243979, 0.0)], [-0.0238149, 0.0468935, 0.998616, 0.0)], [-0.00732435, -0.000850379, 0.00678938, 1.0)]])
-0.00732435, -0.000850379, 0.00678938
float3(-0.0469107, -0.0238434, -1.58271)
1035804.25477771
normal
simd_float4x4([[-0.0127002, -0.998617, 0.0510214, 0.0)], [0.999435, -0.0110894, 0.0317316, 0.0)], [-0.031122, 0.0513955, 0.998193, 0.0)], [-0.00480415, -0.00172977, 0.00516949, 1.0)]])
-0.00480415, -0.00172977, 0.00516949
float3(-0.0514182, -0.0311682, -1.5819)
1035804.48808671
normal
simd_float4x4([[-0.0115415, -0.99821, 0.058674, 0.0)], [0.999865, -0.0108348, 0.0123482, 0.0)], [-0.0116904, 0.0588086, 0.998201, 0.0)], [0.0048556, -0.00377931, 0.00112007, 1.0)]])
0.0048556, -0.00377931, 0.00112007
float3(-0.0588425, -0.0117109, -1.58165)
1035804.70473087
normal
simd_float4x4([[-0.00760081, -0.997871, 0.0647731, 0.0)], [0.999587, -0.00937601, -0.0271467, 0.0)], [0.0276962, 0.06454, 0.997531, 0.0)], [0.0188474, -0.00536189, -0.0026087, 1.0)]])
0.0188474, -0.00536189, -0.0026087
float3(-0.0645849, 0.0277576, -1.58019)
1035804.93803983
normal
simd_float4x4([[-0.00631095, -0.997858, 0.0651039, 0.0)], [0.996581, -0.0116395, -0.0817948, 0.0)], [0.0823774, 0.0643651, 0.99452, 0.0)], [0.0377374, -0.00695489, -0.00636919, 1.0)]])
0.0377374, -0.00695489, -0.00636919
float3(-0.0644096, 0.0826426, -1.58246)
1035805.17134908
normal
simd_float4x4([[-0.00178636, -0.997505, 0.0705678, 0.0)], [0.989494, -0.0119647, -0.144078, 0.0)], [0.144563, 0.069569, 0.987047, 0.0)], [0.0543102, -0.00938828, -0.0116226, 1.0)]])
0.0543102, -0.00938828, -0.0116226
float3(-0.0696252, 0.145426, -1.58279)
1035805.40465796
normal
simd_float4x4([[0.00107979, -0.997248, 0.0741253, 0.0)], [0.979056, -0.0140369, -0.203108, 0.0)], [0.203589, 0.0727922, 0.976347, 0.0)], [0.0638906, -0.00996983, -0.0155843, 1.0)]])
0.0638906, -0.00996983, -0.0155843
float3(-0.0728566, 0.205576, -1.58487)
1035805.62130221
normal
simd_float4x4([[-0.00261101, -0.996877, 0.0789299, 0.0)], [0.974607, -0.0202097, -0.223007, 0.0)], [0.223906, 0.0763433, 0.971616, 0.0)], [0.0363228, -0.0250776, -0.0271162, 1.0)]])
0.0363228, -0.0250776, -0.0271162
float3(-0.0764177, 0.226493, -1.59107)
1035805.83794654
normal
simd_float4x4([[-0.00511363, -0.996198, 0.0869719, 0.0)], [0.967154, -0.0270305, -0.252749, 0.0)], [0.254139, 0.0828228, 0.963615, 0.0)], [0.0309755, -0.0256472, -0.0294515, 1.0)]])
0.0309755, -0.0256472, -0.0294515
float3(-0.0829177, 0.257863, -1.59792)
1035806.07125567
normal
simd_float4x4([[0.000693492, -0.995871, 0.0907739, 0.0)], [0.961507, -0.0242789, -0.273707, 0.0)], [0.274781, 0.0874695, 0.95752, 0.0)], [0.017293, -0.0261425, -0.0309087, 1.0)]])
0.017293, -0.0261425, -0.0309087
float3(-0.0875814, 0.279461, -1.59517)
1035806.28789983
normal
simd_float4x4([[0.000298955, -0.995804, 0.0915112, 0.0)], [0.956669, -0.0263612, -0.289982, 0.0)], [0.291178, 0.0876326, 0.952647, 0.0)], [0.000487371, -0.0279884, -0.0330995, 1.0)]])
0.000487371, -0.0279884, -0.0330995
float3(-0.0877451, 0.296634, -1.59726)
1035806.50454379
normal
simd_float4x4([[0.00556933, -0.996024, 0.0889126, 0.0)], [0.949828, -0.0225368, -0.311959, 0.0)], [0.312722, 0.0861892, 0.945926, 0.0)], [-0.0243703, -0.0292655, -0.0375907, 1.0)]])
-0.0243703, -0.0292655, -0.0375907
float3(-0.0862962, 0.319287, -1.59342)
1035806.737853
normal
simd_float4x4([[0.00726397, -0.995019, 0.0994221, 0.0)], [0.940528, -0.0269711, -0.338644, 0.0)], [0.339639, 0.0959691, 0.935647, 0.0)], [-0.0684207, -0.0311942, -0.0504642, 1.0)]])
-0.0684207, -0.0311942, -0.0504642
float3(-0.096117, 0.348208, -1.5979)
1035806.97116196
normal
simd_float4x4([[0.00894829, -0.996141, 0.0873076, 0.0)], [0.921464, -0.0256951, -0.387613, 0.0)], [0.38836, 0.0839193, 0.917679, 0.0)], [-0.12037, -0.0351132, -0.0644771, 1.0)]])
-0.12037, -0.0351132, -0.0644771
float3(-0.0840181, 0.400344, -1.59659)
1035807.18780617
normal
simd_float4x4([[-0.00737839, -0.995648, 0.0929025, 0.0)], [0.884175, -0.0498927, -0.464485, 0.0)], [0.467098, 0.0787149, 0.880695, 0.0)], [-0.178843, -0.0422474, -0.0816629, 1.0)]])
-0.178843, -0.0422474, -0.0816629
float3(-0.0787964, 0.487651, -1.62087)
1035807.40445038
normal
simd_float4x4([[-0.0114268, -0.993595, 0.112421, 0.0)], [0.82587, -0.0727628, -0.559145, 0.0)], [0.563744, 0.0864558, 0.821412, 0.0)], [-0.238418, -0.0506434, -0.0972537, 1.0)]])
-0.238418, -0.0506434, -0.0972537
float3(-0.0865639, 0.601479, -1.6439)
1035807.6210945
normal
simd_float4x4([[0.00929897, -0.992301, 0.123502, 0.0)], [0.758988, -0.0734075, -0.646953, 0.0)], [0.651038, 0.0997526, 0.752462, 0.0)], [-0.314283, -0.0519575, -0.125229, 1.0)]])
-0.314283, -0.0519575, -0.125229
float3(-0.0999188, 0.713259, -1.64464)
1035807.85440358
normal
simd_float4x4([[0.0359854, -0.991955, 0.121368, 0.0)], [0.675033, -0.0654261, -0.734881, 0.0)], [0.73691, 0.108372, 0.667248, 0.0)], [-0.390173, -0.0535093, -0.180791, 1.0)]])
-0.390173, -0.0535093, -0.180791
float3(-0.108586, 0.834969, -1.63666)
1035808.07104775
normal
simd_float4x4([[0.051461, -0.996075, 0.0720175, 0.0)], [0.57042, -0.0298755, -0.82081, 0.0)], [0.81974, 0.0833199, 0.566644, 0.0)], [-0.455591, -0.0462023, -0.240624, 1.0)]])
-0.455591, -0.0462023, -0.240624
float3(-0.0834166, 0.965968, -1.60078)
1035808.28769183
normal
simd_float4x4([[0.0795877, -0.995028, 0.059881, 0.0)], [0.468346, -0.0157028, -0.883406, 0.0)], [0.879953, 0.0983533, 0.464767, 0.0)], [-0.525414, -0.049787, -0.301933, 1.0)]])
-0.525414, -0.049787, -0.301933
float3(-0.0985125, 1.08487, -1.58658)
1035808.48773829
normal
simd_float4x4([[0.108556, -0.991729, 0.0684857, 0.0)], [0.377972, -0.0225417, -0.925542, 0.0)], [0.91943, 0.126359, 0.372399, 0.0)], [-0.5989, -0.0570081, -0.341478, 1.0)]])
-0.5989, -0.0570081, -0.341478
float3(-0.126698, 1.18596, -1.59352)
1035808.70452783
normal
simd_float4x4([[0.128882, -0.989625, 0.0634974, 0.0)], [0.290731, -0.0235104, -0.956516, 0.0)], [0.948085, 0.141738, 0.284684, 0.0)], [-0.699935, -0.0709192, -0.354611, 1.0)]])
-0.699935, -0.0709192, -0.354611
float3(-0.142217, 1.27909, -1.59455)
1035808.90464146
normal
simd_float4x4([[0.103521, -0.993633, 0.0444583, 0.0)], [0.290557, -0.0125376, -0.956775, 0.0)], [0.951241, 0.111964, 0.287409, 0.0)], [-0.805085, -0.0766346, -0.351403, 1.0)]])
-0.805085, -0.0766346, -0.351403
float3(-0.112199, 1.27738, -1.58341)
1035809.10475487
normal
simd_float4x4([[0.0930725, -0.993559, 0.0646371, 0.0)], [0.257579, -0.0386817, -0.965483, 0.0)], [0.961764, 0.106509, 0.25232, 0.0)], [-0.917529, -0.0737679, -0.348752, 1.0)]])
-0.917529, -0.0737679, -0.348752
float3(-0.106711, 1.31423, -1.60971)
1035809.30486858
normal
simd_float4x4([[0.0949, -0.9923, 0.0795924, 0.0)], [0.226776, -0.0563017, -0.972318, 0.0)], [0.969312, 0.110323, 0.219687, 0.0)], [-1.02784, -0.0697002, -0.35992, 1.0)]])
-1.02784, -0.0697002, -0.35992
float3(-0.110548, 1.34792, -1.62747)
1035809.52165808
normal
simd_float4x4([[0.0965014, -0.993227, 0.064716, 0.0)], [0.214972, -0.0426866, -0.975687, 0.0)], [0.971841, 0.108067, 0.209396, 0.0)], [-1.17533, -0.079438, -0.388238, 1.0)]])
-1.17533, -0.079438, -0.388238
float3(-0.108279, 1.35858, -1.61375)
1035809.72177162
normal
simd_float4x4([[0.0825312, -0.994931, 0.057453, 0.0)], [0.172026, -0.0425619, -0.984172, 0.0)], [0.981629, 0.0911084, 0.167642, 0.0)], [-1.32982, -0.0751253, -0.425552, 1.0)]])
-1.32982, -0.0751253, -0.425552
float3(-0.0912349, 1.40165, -1.61355)
1035809.92188517
normal
simd_float4x4([[0.0862369, -0.995601, 0.0366446, 0.0)], [0.136394, -0.0246371, -0.990348, 0.0)], [0.986894, 0.0904027, 0.13367, 0.0)], [-1.4774, -0.0700013, -0.443378, 1.0)]])
-1.4774, -0.0700013, -0.443378
float3(-0.0905263, 1.43617, -1.59554)
1035810.12199871
normal
simd_float4x4([[0.0838592, -0.996396, 0.0127123, 0.0)], [0.125878, -0.00206255, -0.992043, 0.0)], [0.988495, 0.0847922, 0.125251, 0.0)], [-1.61623, -0.0792306, -0.443932, 1.0)]])
-1.61623, -0.0792306, -0.443932
float3(-0.0848941, 1.44476, -1.57287)
1035810.33878838
normal
simd_float4x4([[0.0714474, -0.997429, 0.00555493, 0.0)], [0.137606, 0.00434071, -0.990478, 0.0)], [0.987907, 0.0715314, 0.137562, 0.0)], [-1.78577, -0.088452, -0.422344, 1.0)]])
-1.78577, -0.088452, -0.422344
float3(-0.0715926, 1.43244, -1.56644)
1035810.53890188
normal
simd_float4x4([[0.0702903, -0.997403, 0.0157099, 0.0)], [0.0900987, -0.00933653, -0.995889, 0.0)], [0.993449, 0.0714167, 0.0892084, 0.0)], [-1.94829, -0.0757596, -0.392225, 1.0)]])
-1.94829, -0.0757596, -0.392225
float3(-0.0714776, 1.48124, -1.58016)
1035810.75569138
normal
simd_float4x4([[0.114098, -0.992968, 0.0315591, 0.0)], [-0.00548879, -0.0323961, -0.99946, 0.0)], [0.993454, 0.113863, -0.00914652, 0.0)], [-2.12975, -0.0861281, -0.370314, 1.0)]])
-2.12975, -0.0861281, -0.370314
float3(-0.114111, 1.58, -1.60341)
1035810.95580508
normal
simd_float4x4([[0.102738, -0.994675, 0.00813512, 0.0)], [-0.135075, -0.0220533, -0.99059, 0.0)], [0.985495, 0.100672, -0.136621, 0.0)], [-2.29484, -0.0983863, -0.339639, 1.0)]])
-2.29484, -0.0983863, -0.339639
float3(-0.100843, 1.70855, -1.59296)
1035811.15591854
normal
simd_float4x4([[0.0725509, -0.997296, -0.0116943, 0.0)], [-0.275308, -0.00875562, -0.961316, 0.0)], [0.958614, 0.0729639, -0.275199, 0.0)], [-2.4328, -0.0830767, -0.301806, 1.0)]])
-2.4328, -0.0830767, -0.301806
float3(-0.0730288, 1.85036, -1.57958)
1035811.356032
normal
simd_float4x4([[0.092373, -0.994779, -0.0433717, 0.0)], [-0.444954, -0.00227205, -0.89555, 0.0)], [0.890777, 0.102023, -0.442841, 0.0)], [-2.54411, -0.0805154, -0.225261, 1.0)]])
-2.54411, -0.0805154, -0.225261
float3(-0.102201, 2.03215, -1.57308)
1035811.55614554
normal
simd_float4x4([[0.0962529, -0.991646, -0.0858686, 0.0)], [-0.575985, 0.0148666, -0.817325, 0.0)], [0.811774, 0.128129, -0.569742, 0.0)], [-2.63408, -0.095508, -0.115565, 1.0)]])
-2.63408, -0.095508, -0.115565
float3(-0.128482, 2.18276, -1.55581)
1035811.75615825
normal
simd_float4x4([[0.0824461, -0.994336, -0.0670651, 0.0)], [-0.661283, -0.00423706, -0.750124, 0.0)], [0.745592, 0.106194, -0.657887, 0.0)], [-2.69968, -0.0928764, 0.00024774, 1.0)]])
-2.69968, -0.0928764, 0.00024774
float3(-0.106394, 2.29378, -1.57506)
1035811.98946733
normal
simd_float4x4([[0.0859778, -0.99451, -0.0596503, 0.0)], [-0.765948, -0.0276929, -0.642305, 0.0)], [0.637127, 0.100913, -0.764124, 0.0)], [-2.75387, -0.0827906, 0.116638, 1.0)]])
-2.75387, -0.0827906, 0.116638
float3(-0.101085, 2.44658, -1.59863)
1035812.20611138
normal
simd_float4x4([[0.0735744, -0.993275, -0.0893918, 0.0)], [-0.864805, -0.0189022, -0.501751, 0.0)], [0.496688, 0.114223, -0.86038, 0.0)], [-2.80216, -0.0931929, 0.240179, 1.0)]])
-2.80216, -0.0931929, 0.240179
float3(-0.114472, 2.61804, -1.58982)
1035812.43942046
normal
simd_float4x4([[0.0662637, -0.995997, -0.0599921, 0.0)], [-0.933218, -0.040583, -0.357012, 0.0)], [0.353148, 0.0796426, -0.932171, 0.0)], [-2.86871, -0.0829629, 0.371932, 1.0)]])
-2.86871, -0.0829629, 0.371932
float3(-0.079727, 2.77946, -1.61152)
1035812.65606471
normal
simd_float4x4([[0.0599864, -0.993931, -0.0922162, 0.0)], [-0.972329, -0.0372856, -0.230623, 0.0)], [0.225785, 0.103499, -0.968664, 0.0)], [-2.91686, -0.0688688, 0.50077, 1.0)]])
-2.91686, -0.0688688, 0.50077
float3(-0.103684, 2.91259, -1.60829)
1035812.88937379
normal
simd_float4x4([[0.0195845, -0.992823, -0.117981, 0.0)], [-0.986809, -0.000228395, -0.161886, 0.0)], [0.160697, 0.119595, -0.979731, 0.0)], [-2.94975, -0.0692921, 0.637694, 1.0)]])
-2.94975, -0.0692921, 0.637694
float3(-0.119882, 2.97902, -1.57103)
1035813.08940892
normal
simd_float4x4([[0.01963, -0.994917, -0.0987691, 0.0)], [-0.991222, -0.00644813, -0.132049, 0.0)], [0.130741, 0.100494, -0.98631, 0.0)], [-2.97116, -0.0789804, 0.770421, 1.0)]])
-2.97116, -0.0789804, 0.770421
float3(-0.100664, 3.00981, -1.57728)
1035813.28952242
normal
simd_float4x4([[0.0556955, -0.996848, -0.0564906, 0.0)], [-0.989024, -0.0473266, -0.139967, 0.0)], [0.136853, 0.0636661, -0.988543, 0.0)], [-2.99264, -0.0708127, 0.906853, 1.0)]])
-2.99264, -0.0708127, 0.906853
float3(-0.0637092, 3.00403, -1.61824)
1035813.48963587
normal
simd_float4x4([[0.0616389, -0.992995, -0.1008, 0.0)], [-0.987297, -0.0458423, -0.152129, 0.0)], [0.146443, 0.108897, -0.983207, 0.0)], [-3.02001, -0.0587088, 1.05174, 1.0)]])
-3.02001, -0.0587088, 1.05174
float3(-0.109113, 2.99374, -1.61693)
1035813.68974933
normal
simd_float4x4([[0.0366447, -0.99685, -0.070341, 0.0)], [-0.99066, -0.0269858, -0.133658, 0.0)], [0.131339, 0.0745819, -0.988528, 0.0)], [-3.03955, -0.0660411, 1.20012, 1.0)]])
-3.03955, -0.0660411, 1.20012
float3(-0.0746512, 3.0095, -1.59786)
1035813.90653913
normal
simd_float4x4([[0.0262315, -0.997852, -0.0600315, 0.0)], [-0.996155, -0.0210708, -0.0850413, 0.0)], [0.0835937, 0.0620314, -0.994567, 0.0)], [-3.06949, -0.0595669, 1.36185, 1.0)]])
-3.06949, -0.0595669, 1.36185
float3(-0.0620712, 3.05774, -1.59191)
1035814.10654079
normal
simd_float4x4([[-0.000624208, -0.99594, -0.0900127, 0.0)], [-0.998244, 0.00595229, -0.0589362, 0.0)], [0.0592327, 0.0898179, -0.994195, 0.0)], [-3.07636, -0.0573607, 1.50432, 1.0)]])
-3.07636, -0.0573607, 1.50432
float3(-0.0899391, 3.08208, -1.56482)
1035814.33984975
normal
simd_float4x4([[0.0103054, -0.998269, -0.0579014, 0.0)], [-0.998592, -0.00726062, -0.0525522, 0.0)], [0.0520409, 0.0583614, -0.996938, 0.0)], [-3.0814, -0.0781322, 1.67499, 1.0)]])
-3.0814, -0.0781322, 1.67499
float3(-0.0583946, 3.08944, -1.57807)
1035814.55649375
normal
simd_float4x4([[0.0365993, -0.99933, 0.000755536, 0.0)], [-0.996759, -0.0365593, -0.0716607, 0.0)], [0.0716403, 0.00186964, -0.997429, 0.0)], [-3.0841, -0.0700968, 1.82776, 1.0)]])
-3.0841, -0.0700968, 1.82776
float3(-0.00186964, 3.06989, -1.60736)
1035814.77313808
normal
simd_float4x4([[0.0279195, -0.998643, -0.0439561, 0.0)], [-0.993516, -0.0228742, -0.111369, 0.0)], [0.110212, 0.0467805, -0.992807, 0.0)], [-3.10634, -0.0637885, 1.98978, 1.0)]])
-3.10634, -0.0637885, 1.98978
float3(-0.0467975, 3.03103, -1.5937)
1035815.00644688
normal
simd_float4x4([[0.0131848, -0.998037, -0.0612295, 0.0)], [-0.995756, -0.00752752, -0.0917221, 0.0)], [0.0910811, 0.062179, -0.9939, 0.0)], [-3.13832, -0.0866943, 2.19488, 1.0)]])
-3.13832, -0.0866943, 2.19488
float3(-0.0622192, 3.05021, -1.57834)
1035815.23975617
normal
simd_float4x4([[0.00778095, -0.997149, -0.0750585, 0.0)], [-0.997199, -0.00215359, -0.0747644, 0.0)], [0.0743896, 0.07543, -0.994372, 0.0)], [-3.17008, -0.0741256, 2.37821, 1.0)]])
-3.17008, -0.0741256, 2.37821
float3(-0.0755017, 3.06692, -1.57296)
1035815.45640029
normal
simd_float4x4([[-0.0299791, -0.995626, -0.0884826, 0.0)], [-0.996931, 0.0361879, -0.0694214, 0.0)], [0.0723198, 0.0861299, -0.993656, 0.0)], [-3.17442, -0.0770324, 2.54264, 1.0)]])
-3.17442, -0.0770324, 2.54264
float3(-0.0862367, 3.06894, -1.53447)
1035815.67304425
normal
simd_float4x4([[-0.0190234, -0.996949, -0.0757059, 0.0)], [-0.996239, 0.0253031, -0.0828744, 0.0)], [0.0845371, 0.0738446, -0.99368, 0.0)], [-3.17446, -0.0905424, 2.72683, 1.0)]])
-3.17446, -0.0905424, 2.72683
float3(-0.0739119, 3.05672, -1.54542)
1035815.90635329
normal
simd_float4x4([[0.0161051, -0.99719, -0.0731658, 0.0)], [-0.992613, -0.00714464, -0.121116, 0.0)], [0.120253, 0.0745758, -0.989938, 0.0)], [-3.18263, -0.0794126, 2.91498, 1.0)]])
-3.18263, -0.0794126, 2.91498
float3(-0.0746451, 3.02071, -1.57796)
1035816.106422
normal
simd_float4x4([[0.0384503, -0.995464, -0.0870221, 0.0)], [-0.990948, -0.0267758, -0.131552, 0.0)], [0.128625, 0.0912925, -0.987482, 0.0)], [-3.19886, -0.0850034, 3.06716, 1.0)]])
-3.19886, -0.0850034, 3.06716
float3(-0.0914198, 3.01207, -1.59769)
1035816.32321167
normal
simd_float4x4([[0.0209775, -0.996873, -0.0761877, 0.0)], [-0.99548, -0.0137663, -0.0939706, 0.0)], [0.0926279, 0.0778146, -0.992656, 0.0)], [-3.22333, -0.0985993, 3.24242, 1.0)]])
-3.22333, -0.0985993, 3.24242
float3(-0.0778934, 3.04855, -1.5846)
1035816.52332517
normal
simd_float4x4([[0.0252509, -0.99753, -0.0655498, 0.0)], [-0.997154, -0.0204731, -0.0725631, 0.0)], [0.0710419, 0.0671955, -0.995208, 0.0)], [-3.2489, -0.0865561, 3.39464, 1.0)]])
-3.2489, -0.0865561, 3.39464
float3(-0.0672462, 3.07033, -1.59132)
1035816.72343867
normal
simd_float4x4([[-0.0129235, -0.995216, -0.0968386, 0.0)], [-0.997472, 0.0195992, -0.0683054, 0.0)], [0.0698766, 0.095711, -0.992954, 0.0)], [-3.25526, -0.0911051, 3.5546, 1.0)]])
-3.25526, -0.0911051, 3.5546
float3(-0.0958577, 3.07134, -1.55111)
1035816.92355229
normal
simd_float4x4([[-0.0231652, -0.995384, -0.0931323, 0.0)], [-0.995103, 0.031912, -0.0935542, 0.0)], [0.0960944, 0.090509, -0.991249, 0.0)], [-3.25568, -0.106406, 3.71817, 1.0)]])
-3.25568, -0.106406, 3.71817
float3(-0.090633, 3.04495, -1.53875)
1035817.14034171
normal
simd_float4x4([[0.00963738, -0.996556, -0.0823605, 0.0)], [-0.989715, 0.00225024, -0.143039, 0.0)], [0.142732, 0.0828919, -0.986284, 0.0)], [-3.27241, -0.098642, 3.89636, 1.0)]])
-3.27241, -0.098642, 3.89636
float3(-0.0829871, 2.99787, -1.56854)
1035817.34045517
normal
simd_float4x4([[0.0318512, -0.992826, -0.11525, 0.0)], [-0.97449, -0.00521763, -0.224368, 0.0)], [0.222157, 0.119457, -0.967665, 0.0)], [-3.31296, -0.0929295, 4.0562, 1.0)]])
-3.31296, -0.0929295, 4.0562
float3(-0.119742, 2.91592, -1.57605)
1035817.55724488
normal
simd_float4x4([[0.0090051, -0.994137, -0.107755, 0.0)], [-0.949722, 0.0252232, -0.312075, 0.0)], [0.312964, 0.105148, -0.943927, 0.0)], [-3.37411, -0.103752, 4.22361, 1.0)]])
-3.37411, -0.103752, 4.22361
float3(-0.105342, 2.82144, -1.54543)
1035817.75735838
normal
simd_float4x4([[0.0281022, -0.994062, -0.105127, 0.0)], [-0.915158, 0.0167209, -0.402749, 0.0)], [0.402115, 0.107525, -0.909253, 0.0)], [-3.44949, -0.0877924, 4.35229, 1.0)]])
-3.44949, -0.0877924, 4.35229
float3(-0.107734, 2.7252, -1.55398)
1035817.95747204
normal
simd_float4x4([[0.0214043, -0.993033, -0.115876, 0.0)], [-0.839162, 0.045158, -0.542004, 0.0)], [0.54346, 0.10884, -0.832349, 0.0)], [-3.51558, -0.0774664, 4.43719, 1.0)]])
-3.51558, -0.0774664, 4.43719
float3(-0.109056, 2.56316, -1.52535)
1035818.15758554
normal
simd_float4x4([[0.0446268, -0.99433, -0.0965204, 0.0)], [-0.710629, 0.0363108, -0.702629, 0.0)], [0.70215, 0.0999463, -0.704979, 0.0)], [-3.58049, -0.0802618, 4.50229, 1.0)]])
-3.58049, -0.0802618, 4.50229
float3(-0.100113, 2.3582, -1.53429)
1035818.37424071
normal
simd_float4x4([[0.0692294, -0.996155, -0.0536852, 0.0)], [-0.509142, 0.0109969, -0.860612, 0.0)], [0.857894, 0.0869131, -0.506423, 0.0)], [-3.6367, -0.0843102, 4.58075, 1.0)]])
-3.6367, -0.0843102, 4.58075
float3(-0.0870228, 2.10406, -1.55976)
1035818.59088488
normal
simd_float4x4([[0.0844728, -0.996412, 0.00527386, 0.0)], [-0.320353, -0.0321696, -0.946752, 0.0)], [0.943524, 0.0782853, -0.321921, 0.0)], [-3.68289, -0.079975, 4.64859, 1.0)]])
-3.68289, -0.079975, 4.64859
float3(-0.0783655, 1.8996, -1.60307)
1035818.82419387
normal
simd_float4x4([[0.110099, -0.993657, 0.022881, 0.0)], [-0.143046, -0.0386226, -0.988962, 0.0)], [0.983573, 0.10561, -0.146391, 0.0)], [-3.74197, -0.0834534, 4.68963, 1.0)]])
-3.74197, -0.0834534, 4.68963
float3(-0.105808, 1.71855, -1.60965)
1035819.04083808
normal
simd_float4x4([[0.124224, -0.992124, 0.0160599, 0.0)], [-0.026312, -0.0194733, -0.999464, 0.0)], [0.991905, 0.123734, -0.0285238, 0.0)], [-3.81786, -0.0928583, 4.70354, 1.0)]])
-3.81786, -0.0928583, 4.70354
float3(-0.124052, 1.59955, -1.59042)
1035819.25748208
normal
simd_float4x4([[0.0873146, -0.995597, 0.0341074, 0.0)], [0.0393169, -0.0307674, -0.998753, 0.0)], [0.995405, 0.0885467, 0.0364573, 0.0)], [-3.90918, -0.086227, 4.70119, 1.0)]])
-3.90918, -0.086227, 4.70119
float3(-0.0886628, 1.53419, -1.60169)
1035819.49079112
normal
simd_float4x4([[0.0367444, -0.999325, -0.000679297, 0.0)], [0.0953825, 0.0041838, -0.995432, 0.0)], [0.994762, 0.0365118, 0.0954718, 0.0)], [-3.99999, -0.0707811, 4.70317, 1.0)]])
-3.99999, -0.0707811, 4.70317
float3(-0.0365199, 1.47511, -1.56661)
1035819.70743529
normal
simd_float4x4([[0.0481308, -0.998617, -0.0211713, 0.0)], [0.151496, 0.0282491, -0.988054, 0.0)], [0.987285, 0.0443484, 0.152646, 0.0)], [-4.1083, -0.0736694, 4.70588, 1.0)]])
-4.1083, -0.0736694, 4.70588
float3(-0.044363, 1.4174, -1.54252)
1035819.94074442
normal
simd_float4x4([[0.0652398, -0.99711, -0.0389186, 0.0)], [0.190962, 0.0507563, -0.980284, 0.0)], [0.979427, 0.0565216, 0.193722, 0.0)], [-4.27258, -0.0917734, 4.73133, 1.0)]])
-4.27258, -0.0917734, 4.73133
float3(-0.0565517, 1.37553, -1.51994)
1035820.17405346
normal
simd_float4x4([[0.0512379, -0.998684, 0.00231049, 0.0)], [0.233726, 0.00974205, -0.972254, 0.0)], [0.970952, 0.0503563, 0.233917, 0.0)], [-4.45579, -0.091489, 4.75287, 1.0)]])
-4.45579, -0.091489, 4.75287
float3(-0.0503776, 1.33439, -1.56104)
1035820.39069754
normal
simd_float4x4([[0.0630551, -0.997936, 0.0121965, 0.0)], [0.277609, 0.00579974, -0.960677, 0.0)], [0.958623, 0.0639614, 0.277401, 0.0)], [-4.62039, -0.0855668, 4.75212, 1.0)]])
-4.62039, -0.0855668, 4.75212
float3(-0.0640051, 1.28912, -1.56498)
1035820.62400654
normal
simd_float4x4([[0.0912404, -0.995464, 0.0269473, 0.0)], [0.263842, -0.00192811, -0.964564, 0.0)], [0.960241, 0.095117, 0.262469, 0.0)], [-4.81307, -0.11105, 4.72669, 1.0)]])
-4.81307, -0.11105, 4.72669
float3(-0.095261, 1.30398, -1.57273)
1035820.85731567
normal
simd_float4x4([[0.104633, -0.993894, 0.0350243, 0.0)], [0.226106, -0.0105213, -0.974046, 0.0)], [0.968467, 0.109837, 0.223624, 0.0)], [-5.01053, -0.114928, 4.68486, 1.0)]])
-5.01053, -0.114928, 4.68486
float3(-0.110059, 1.34387, -1.58138)
1035821.07395971
normal
simd_float4x4([[0.1713, -0.985075, 0.0168309, 0.0)], [0.198239, 0.0177288, -0.979993, 0.0)], [0.965069, 0.171209, 0.198317, 0.0)], [-5.18617, -0.112565, 4.66186, 1.0)]])
-5.18617, -0.112565, 4.66186
float3(-0.172057, 1.36812, -1.5528)
1035821.29060392
normal
simd_float4x4([[0.176169, -0.984178, 0.0189464, 0.0)], [0.20278, 0.0174496, -0.979069, 0.0)], [0.963247, 0.176323, 0.202645, 0.0)], [-5.36448, -0.132197, 4.64427, 1.0)]])
-5.36448, -0.132197, 4.64427
float3(-0.17725, 1.36344, -1.55307)
1035821.50724808
normal
simd_float4x4([[0.14031, -0.988607, 0.0544919, 0.0)], [0.230803, -0.0208621, -0.972777, 0.0)], [0.962831, 0.149067, 0.225247, 0.0)], [-5.54181, -0.131638, 4.63552, 1.0)]])
-5.54181, -0.131638, 4.63552
float3(-0.149625, 1.34099, -1.5919)
1035821.74055717
normal
simd_float4x4([[0.145149, -0.985554, 0.0872686, 0.0)], [0.243957, -0.04983, -0.968505, 0.0)], [0.958862, 0.161867, 0.2332, 0.0)], [-5.71931, -0.128243, 4.61724, 1.0)]])
-5.71931, -0.128243, 4.61724
float3(-0.162582, 1.33222, -1.62131)
1035821.95720117
normal
simd_float4x4([[0.147046, -0.986865, 0.066894, 0.0)], [0.196842, -0.0370805, -0.979734, 0.0)], [0.969346, 0.157233, 0.188804, 0.0)], [-5.89879, -0.151605, 4.60869, 1.0)]])
-5.89879, -0.151605, 4.60869
float3(-0.157889, 1.37843, -1.60835)
1035822.17384533
normal
simd_float4x4([[0.146324, -0.987965, 0.0501497, 0.0)], [0.071982, -0.0399274, -0.996606, 0.0)], [0.986614, 0.149437, 0.0652734, 0.0)], [-6.08905, -0.149281, 4.59938, 1.0)]])
-6.08905, -0.149281, 4.59938
float3(-0.149999, 1.50473, -1.61119)
1035822.39048958
normal
simd_float4x4([[0.173233, -0.984645, -0.0215631, 0.0)], [-0.0721196, 0.00915304, -0.997354, 0.0)], [0.982237, 0.17433, -0.0694266, 0.0)], [-6.25077, -0.143849, 4.64116, 1.0)]])
-6.25077, -0.143849, 4.64116
float3(-0.175225, 1.64136, -1.5615)
1035822.60713358
normal
simd_float4x4([[0.165058, -0.980486, -0.106787, 0.0)], [-0.227765, 0.067452, -0.971377, 0.0)], [0.959624, 0.184656, -0.212187, 0.0)], [-6.40588, -0.158802, 4.72847, 1.0)]])
-6.40588, -0.158802, 4.72847
float3(-0.185722, 1.78841, -1.50211)
1035822.80719113
normal
simd_float4x4([[0.135538, -0.985931, -0.0978189, 0.0)], [-0.361038, 0.0427928, -0.931569, 0.0)], [0.922649, 0.161579, -0.350159, 0.0)], [-6.5506, -0.162963, 4.81543, 1.0)]])
-6.5506, -0.162963, 4.81543
float3(-0.162291, 1.93352, -1.52742)
1035823.00730446
normal
simd_float4x4([[0.138083, -0.984716, -0.106149, 0.0)], [-0.529238, 0.0172307, -0.848298, 0.0)], [0.837162, 0.173313, -0.51877, 0.0)], [-6.6575, -0.154682, 4.92279, 1.0)]])
-6.6575, -0.154682, 4.92279
float3(-0.174193, 2.12556, -1.5533)
1035823.20741796
normal
simd_float4x4([[0.123414, -0.98397, -0.128734, 0.0)], [-0.702259, 0.00505853, -0.711904, 0.0)], [0.701143, 0.178263, -0.690377, 0.0)], [-6.74377, -0.150103, 5.03955, 1.0)]])
-6.74377, -0.150103, 5.03955
float3(-0.179221, 2.34846, -1.56566)
1035823.4075315
normal
simd_float4x4([[0.0551617, -0.989796, -0.131383, 0.0)], [-0.825736, 0.0287555, -0.563324, 0.0)], [0.561354, 0.139561, -0.815723, 0.0)], [-6.83051, -0.148119, 5.15978, 1.0)]])
-6.83051, -0.148119, 5.15978
float3(-0.140018, 2.53885, -1.54175)
1035823.62432108
normal
simd_float4x4([[0.0191476, -0.989911, -0.140394, 0.0)], [-0.918443, 0.0380733, -0.393715, 0.0)], [0.395088, 0.136482, -0.908448, 0.0)], [-6.91896, -0.131537, 5.29456, 1.0)]])
-6.91896, -0.131537, 5.29456
float3(-0.13691, 2.73136, -1.53235)
1035823.82443471
normal
simd_float4x4([[0.000957405, -0.986522, -0.163623, 0.0)], [-0.963773, 0.0427318, -0.263279, 0.0)], [0.266723, 0.157948, -0.950743, 0.0)], [-6.96311, -0.129894, 5.42536, 1.0)]])
-6.96311, -0.129894, 5.42536
float3(-0.158612, 2.86808, -1.52751)
1035824.02454812
normal
simd_float4x4([[-0.0143234, -0.985601, -0.168479, 0.0)], [-0.97772, 0.0490967, -0.204094, 0.0)], [0.209427, 0.161802, -0.964345, 0.0)], [-6.98768, -0.148676, 5.57005, 1.0)]])
-6.98768, -0.148676, 5.57005
float3(-0.162516, 2.92774, -1.52102)
1035824.2246615
normal
simd_float4x4([[0.028119, -0.987623, -0.154303, 0.0)], [-0.981455, 0.00200431, -0.191681, 0.0)], [0.189618, 0.156832, -0.969252, 0.0)], [-7.01032, -0.141498, 5.71791, 1.0)]])
-7.01032, -0.141498, 5.71791
float3(-0.157482, 2.9484, -1.56877)
1035824.42477508
normal
simd_float4x4([[0.0618666, -0.982258, -0.177035, 0.0)], [-0.984645, -0.0310559, -0.171784, 0.0)], [0.163238, 0.184945, -0.969097, 0.0)], [-7.03943, -0.136382, 5.86745, 1.0)]])
-7.03943, -0.136382, 5.86745
float3(-0.186016, 2.97472, -1.6024)
1035824.62488858
normal
simd_float4x4([[0.0555746, -0.98837, -0.141549, 0.0)], [-0.986739, -0.0327139, -0.158985, 0.0)], [0.152505, 0.148508, -0.977081, 0.0)], [-7.07797, -0.149149, 6.02467, 1.0)]])
-7.07797, -0.149149, 6.02467
float3(-0.149059, 2.98676, -1.60388)
1035824.82500208
normal
simd_float4x4([[0.0541765, -0.987985, -0.144741, 0.0)], [-0.990179, -0.0344464, -0.135497, 0.0)], [0.128883, 0.15066, -0.980148, 0.0)], [-7.13645, -0.150285, 6.21493, 1.0)]])
-7.13645, -0.150285, 6.21493
float3(-0.151236, 3.01085, -1.60565)
1035825.02511571
normal
simd_float4x4([[0.0378448, -0.98215, -0.184253, 0.0)], [-0.993973, -0.0180137, -0.108137, 0.0)], [0.102888, 0.187235, -0.976912, 0.0)], [-7.16883, -0.139348, 6.38859, 1.0)]])
-7.16883, -0.139348, 6.38859
float3(-0.188346, 3.03666, -1.58914)
1035825.22522913
normal
simd_float4x4([[0.0142381, -0.985877, -0.166867, 0.0)], [-0.99223, 0.00669859, -0.124239, 0.0)], [0.123602, 0.16734, -0.978121, 0.0)], [-7.1891, -0.149821, 6.54448, 1.0)]])
-7.1891, -0.149821, 6.54448
float3(-0.168131, 3.01589, -1.564)
1035825.44201875
normal
simd_float4x4([[0.0475482, -0.988905, -0.140732, 0.0)], [-0.989627, -0.0275175, -0.140997, 0.0)], [0.13556, 0.145976, -0.979956, 0.0)], [-7.2074, -0.16002, 6.74069, 1.0)]])
-7.2074, -0.16002, 6.74069
float3(-0.1465, 3.00413, -1.59862)
1035825.64213229
normal
simd_float4x4([[0.0817559, -0.98656, -0.141475, 0.0)], [-0.982513, -0.0559543, -0.177587, 0.0)], [0.167284, 0.153519, -0.973883, 0.0)], [-7.23821, -0.152496, 6.91071, 1.0)]])
-7.23821, -0.152496, 6.91071
float3(-0.154129, 2.97148, -1.62745)
1035825.84224575
normal
simd_float4x4([[0.0949751, -0.986573, -0.132869, 0.0)], [-0.981821, -0.0707996, -0.176111, 0.0)], [0.164339, 0.147179, -0.975362, 0.0)], [-7.27889, -0.16275, 7.08165, 1.0)]])
-7.27889, -0.16275, 7.08165
float3(-0.147716, 2.97467, -1.64244)
1035826.04235917
normal
simd_float4x4([[0.085461, -0.987212, -0.134568, 0.0)], [-0.987736, -0.0662331, -0.141391, 0.0)], [0.13067, 0.145001, -0.980765, 0.0)], [-7.32963, -0.167634, 7.25873, 1.0)]])
-7.32963, -0.167634, 7.25873
float3(-0.145514, 3.00914, -1.63779)
1035826.25914888
normal
simd_float4x4([[0.064438, -0.988361, -0.137807, 0.0)], [-0.992264, -0.0487752, -0.11416, 0.0)], [0.10611, 0.144097, -0.983858, 0.0)], [-7.37001, -0.150772, 7.42032, 1.0)]])
-7.37001, -0.150772, 7.42032
float3(-0.1446, 3.03416, -1.62011)
1035826.45926246
normal
simd_float4x4([[0.0261696, -0.989381, -0.142971, 0.0)], [-0.992627, -0.00878617, -0.12089, 0.0)], [0.11835, 0.145081, -0.982316, 0.0)], [-7.39116, -0.152887, 7.55969, 1.0)]])
-7.39116, -0.152887, 7.55969
float3(-0.145595, 3.02169, -1.57968)
1035826.65937588
normal
simd_float4x4([[0.0351459, -0.991184, -0.127747, 0.0)], [-0.991569, -0.0186325, -0.128233, 0.0)], [0.124723, 0.131177, -0.983482, 0.0)], [-7.41344, -0.169236, 7.7264, 1.0)]])
-7.41344, -0.169236, 7.7264
float3(-0.131556, 3.01545, -1.58959)
1035826.85948942
normal
simd_float4x4([[0.04914, -0.99091, -0.125228, 0.0)], [-0.987185, -0.0291271, -0.156897, 0.0)], [0.151823, 0.131334, -0.979643, 0.0)], [-7.43453, -0.160987, 7.89058, 1.0)]])
-7.43453, -0.160987, 7.89058
float3(-0.131714, 2.98784, -1.60018)
1035827.05960292
normal
simd_float4x4([[0.0600629, -0.985139, -0.160914, 0.0)], [-0.989571, -0.0376209, -0.139047, 0.0)], [0.130927, 0.167588, -0.977125, 0.0)], [-7.45274, -0.155026, 8.03772, 1.0)]])
-7.45274, -0.155026, 8.03772
float3(-0.168382, 3.00839, -1.60897)
1035827.27639246
normal
simd_float4x4([[0.044877, -0.987809, -0.14906, 0.0)], [-0.996781, -0.034353, -0.0724427, 0.0)], [0.0664389, 0.151832, -0.986171, 0.0)], [-7.47561, -0.173958, 8.20684, 1.0)]])
-7.47561, -0.173958, 8.20684
float3(-0.152421, 3.07432, -1.60556)
1035827.47650592
normal
simd_float4x4([[0.0184536, -0.991275, -0.130512, 0.0)], [-0.999551, -0.0213725, 0.0210002, 0.0)], [-0.0236064, 0.130066, -0.991224, 0.0)], [-7.48277, -0.156283, 8.36256, 1.0)]])
-7.48277, -0.156283, 8.36256
float3(-0.130435, -3.11778, -1.59235)
1035827.67661938
normal
simd_float4x4([[-0.0293645, -0.986241, -0.162685, 0.0)], [-0.988502, 0.00450046, 0.15114, 0.0)], [-0.148329, 0.165253, -0.975033, 0.0)], [-7.44945, -0.153603, 8.51344, 1.0)]])
-7.44945, -0.153603, 8.51344
float3(-0.166014, -2.99062, -1.56623)
1035827.87673288
normal
simd_float4x4([[-0.0756615, -0.984583, -0.157707, 0.0)], [-0.961814, 0.0303409, 0.272018, 0.0)], [-0.263039, 0.172266, -0.949281, 0.0)], [-7.37775, -0.166364, 8.65387, 1.0)]])
-7.37775, -0.166364, 8.65387
float3(-0.17313, -2.87128, -1.53999)
1035828.09352263
normal
simd_float4x4([[-0.0627951, -0.990889, -0.119146, 0.0)], [-0.916529, 0.0100049, 0.399843, 0.0)], [-0.395008, 0.134309, -0.908807, 0.0)], [-7.28334, -0.162654, 8.78646, 1.0)]])
-7.28334, -0.162654, 8.78646
float3(-0.134716, -2.73158, -1.5607)
1035828.29363604
normal
simd_float4x4([[-0.0840134, -0.987282, -0.134967, 0.0)], [-0.807219, -0.0119834, 0.590131, 0.0)], [-0.584243, 0.158527, -0.795946, 0.0)], [-7.18053, -0.161458, 8.87103, 1.0)]])
-7.18053, -0.161458, 8.87103
float3(-0.159198, -2.50839, -1.58293)
1035828.4937495
normal
simd_float4x4([[-0.131693, -0.983247, -0.126025, 0.0)], [-0.600401, -0.0220445, 0.799395, 0.0)], [-0.788781, 0.18094, -0.58744, 0.0)], [-7.05667, -0.166768, 8.92325, 1.0)]])
-7.05667, -0.166768, 8.92325
float3(-0.181942, -2.21092, -1.59321)
1035828.69386304
normal
simd_float4x4([[-0.16335, -0.983467, -0.0781658, 0.0)], [-0.387087, -0.00898677, 0.921999, 0.0)], [-0.907458, 0.180865, -0.37922, 0.0)], [-6.9439, -0.161207, 8.97961, 1.0)]])
-6.9439, -0.161207, 8.97961
float3(-0.181866, -1.96663, -1.57993)
1035828.8939765
normal
simd_float4x4([[-0.166164, -0.985131, -0.043668, 0.0)], [-0.192462, -0.0110327, 0.981243, 0.0)], [-0.967134, 0.171452, -0.187767, 0.0)], [-6.84621, -0.154678, 9.04284, 1.0)]])
-6.84621, -0.154678, 9.04284
float3(-0.172303, -1.76256, -1.582)
1035829.09409013
normal
simd_float4x4([[-0.207156, -0.978308, -0.000132798, 0.0)], [-0.0645162, 0.0135258, 0.997825, 0.0)], [-0.976178, 0.206714, -0.0659186, 0.0)], [-6.74318, -0.157133, 9.07862, 1.0)]])
-6.74318, -0.157133, 9.07862
float3(-0.208215, -1.63822, -1.55697)
1035829.31087963
normal
simd_float4x4([[-0.206124, -0.978199, 0.0253027, 0.0)], [0.0408641, 0.0172304, 0.999016, 0.0)], [-0.977672, 0.206955, 0.0364216, 0.0)], [-6.62712, -0.171535, 9.07653, 1.0)]])
-6.62712, -0.171535, 9.07653
float3(-0.208462, -1.53356, -1.55318)
1035829.51099313
normal
simd_float4x4([[-0.183028, -0.982556, 0.0329353, 0.0)], [0.0911192, 0.0164027, 0.995705, 0.0)], [-0.978876, 0.185243, 0.0865275, 0.0)], [-6.49536, -0.165386, 9.05111, 1.0)]])
-6.49536, -0.165386, 9.05111
float3(-0.186319, -1.48263, -1.5541)
1035829.72778271
normal
simd_float4x4([[-0.205201, -0.978495, 0.0209941, 0.0)], [0.163486, -0.0131198, 0.986458, 0.0)], [-0.964969, 0.205854, 0.162663, 0.0)], [-6.35706, -0.158219, 9.01672, 1.0)]])
-6.35706, -0.158219, 9.01672
float3(-0.207336, -1.4038, -1.5842)
1035829.92789637
normal
simd_float4x4([[-0.196386, -0.980438, 0.0132041, 0.0)], [0.24959, -0.0369621, 0.967646, 0.0)], [-0.948229, 0.193327, 0.251966, 0.0)], [-6.238, -0.162191, 8.97805, 1.0)]])
-6.238, -0.162191, 8.97805
