ARKit Data
259899.920250083
normal
simd_float4x4([[-0.0808496, -0.95408, 0.288435, 0.0)], [0.958085, 0.00540428, 0.286432, 0.0)], [-0.274838, 0.299503, 0.913653, 0.0)], [0.0178351, 0.0358978, 0.0660616, 1.0)]])
0.0178351, 0.0358978, 0.0660616
float3(-0.304172, -0.292201, -1.56513)
259900.257596583
notAvailable
simd_float4x4([[1.0, 0.0, 0.0, 0.0)], [0.0, 1.0, 0.0, 0.0)], [0.0, 0.0, 1.0, 0.0)], [0.0, 0.0, 0.0, 1.0)]])
0.0, 0.0, 0.0
float3(-0.0, 0.0, 0.0)
259900.3242645
notAvailable
simd_float4x4([[1.0, 0.0, 0.0, 0.0)], [0.0, 1.0, 0.0, 0.0)], [0.0, 0.0, 1.0, 0.0)], [0.0, 0.0, 0.0, 1.0)]])
0.0, 0.0, 0.0
float3(-0.0, 0.0, 0.0)
259900.390965416
limited(__ObjC.ARCamera.TrackingState.Reason.initializing)
simd_float4x4([[0.0519036, -0.944951, 0.323068, 0.0)], [0.998652, 0.0491126, -0.016791, 0.0)], [1.21999e-08, 0.323504, 0.946227, 0.0)], [0.0, 0.0, 0.0, 1.0)]])
0.0, 0.0, 0.0
float3(-0.32943, 1.28932e-08, -1.51887)
259900.457666208
limited(__ObjC.ARCamera.TrackingState.Reason.initializing)
simd_float4x4([[0.0547624, -0.944788, 0.323074, 0.0)], [0.998454, 0.0487358, -0.0267208, 0.0)], [0.0095002, 0.324038, 0.945996, 0.0)], [0.0, 0.0, 0.0, 1.0)]])
0.0, 0.0, 0.0
float3(-0.329995, 0.0100422, -1.51926)
259900.52436725
limited(__ObjC.ARCamera.TrackingState.Reason.initializing)
simd_float4x4([[0.0575018, -0.942624, 0.328864, 0.0)], [0.998308, 0.0514341, -0.0271279, 0.0)], [0.00865665, 0.329867, 0.943987, 0.0)], [0.0, 0.0, 0.0, 1.0)]])
0.0, 0.0, 0.0
float3(-0.336163, 0.00917005, -1.51629)
259900.591068041
limited(__ObjC.ARCamera.TrackingState.Reason.initializing)
simd_float4x4([[0.0597862, -0.936193, 0.34636, 0.0)], [0.99818, 0.0533084, -0.0282086, 0.0)], [0.00794484, 0.347416, 0.937676, 0.0)], [0.0, 0.0, 0.0, 1.0)]])
0.0, 0.0, 0.0
float3(-0.354814, 0.0084727, -1.51392)
259900.657768958
limited(__ObjC.ARCamera.TrackingState.Reason.initializing)
simd_float4x4([[0.0634866, -0.934217, 0.351008, 0.0)], [0.997939, 0.056137, -0.0310864, 0.0)], [0.00933698, 0.352258, 0.935855, 0.0)], [0.0, 0.0, 0.0, 1.0)]])
0.0, 0.0, 0.0
float3(-0.359983, 0.00997662, -1.51078)
259900.72447
limited(__ObjC.ARCamera.TrackingState.Reason.initializing)
simd_float4x4([[0.0641806, -0.930662, 0.360205, 0.0)], [0.997662, 0.0513402, -0.0451136, 0.0)], [0.0234926, 0.362258, 0.931781, 0.0)], [0.0, 0.0, 0.0, 1.0)]])
0.0, 0.0, 0.0
float3(-0.370689, 0.0252073, -1.51569)
259900.79117075
limited(__ObjC.ARCamera.TrackingState.Reason.initializing)
simd_float4x4([[0.0700182, -0.92789, 0.366219, 0.0)], [0.997005, 0.0530107, -0.0563063, 0.0)], [0.0328326, 0.369064, 0.928823, 0.0)], [0.0, 0.0, 0.0, 1.0)]])
0.0, 0.0, 0.0
float3(-0.378002, 0.0353339, -1.51373)
259900.857871833
limited(__ObjC.ARCamera.TrackingState.Reason.initializing)
simd_float4x4([[0.0768981, -0.926001, 0.369605, 0.0)], [0.995651, 0.0517691, -0.0774488, 0.0)], [0.0525837, 0.373953, 0.925955, 0.0)], [0.0, 0.0, 0.0, 1.0)]])
0.0, 0.0, 0.0
float3(-0.383268, 0.0567277, -1.51495)
259900.924572625
limited(__ObjC.ARCamera.TrackingState.Reason.initializing)
simd_float4x4([[0.0953122, -0.927083, 0.362536, 0.0)], [0.991295, 0.0551659, -0.119545, 0.0)], [0.0908284, 0.370774, 0.92427, 0.0)], [0.0, 0.0, 0.0, 1.0)]])
0.0, 0.0, 0.0
float3(-0.379842, 0.0979559, -1.51136)
259900.991273625
limited(__ObjC.ARCamera.TrackingState.Reason.initializing)
simd_float4x4([[0.120858, -0.925115, 0.359935, 0.0)], [0.983547, 0.0625526, -0.169479, 0.0)], [0.134273, 0.374496, 0.917454, 0.0)], [0.0, 0.0, 0.0, 1.0)]])
0.0, 0.0, 0.0
float3(-0.383853, 0.145322, -1.50328)
259901.057974416
limited(__ObjC.ARCamera.TrackingState.Reason.initializing)
simd_float4x4([[0.144662, -0.922021, 0.359094, 0.0)], [0.97162, 0.0637226, -0.227804, 0.0)], [0.187158, 0.381857, 0.905072, 0.0)], [0.0, 0.0, 0.0, 1.0)]])
0.0, 0.0, 0.0
float3(-0.391805, 0.203914, -1.50179)
259901.124675208
limited(__ObjC.ARCamera.TrackingState.Reason.initializing)
simd_float4x4([[0.167896, -0.922388, 0.347865, 0.0)], [0.95943, 0.0718131, -0.272649, 0.0)], [0.226507, 0.379528, 0.897024, 0.0)], [0.0, 0.0, 0.0, 1.0)]])
0.0, 0.0, 0.0
float3(-0.389287, 0.247339, -1.4931)
259901.191376166
limited(__ObjC.ARCamera.TrackingState.Reason.initializing)
simd_float4x4([[0.179933, -0.927359, 0.328066, 0.0)], [0.940545, 0.064517, -0.333484, 0.0)], [0.288094, 0.368566, 0.883832, 0.0)], [0.0, 0.0, 0.0, 1.0)]])
0.0, 0.0, 0.0
float3(-0.377466, 0.3151, -1.50134)
259901.258077125
limited(__ObjC.ARCamera.TrackingState.Reason.initializing)
simd_float4x4([[0.195852, -0.931246, 0.30728, 0.0)], [0.921115, 0.0671979, -0.383446, 0.0)], [0.336435, 0.358139, 0.870945, 0.0)], [0.0, 0.0, 0.0, 1.0)]])
0.0, 0.0, 0.0
float3(-0.366274, 0.368629, -1.49876)
259901.324778166
limited(__ObjC.ARCamera.TrackingState.Reason.initializing)
simd_float4x4([[0.203143, -0.935309, 0.289704, 0.0)], [0.897615, 0.059686, -0.436721, 0.0)], [0.391178, 0.348759, 0.851671, 0.0)], [0.0, 0.0, 0.0, 1.0)]])
0.0, 0.0, 0.0
float3(-0.356247, 0.430566, -1.50707)
259901.391479041
limited(__ObjC.ARCamera.TrackingState.Reason.initializing)
simd_float4x4([[0.205712, -0.940847, 0.269233, 0.0)], [0.876549, 0.0548181, -0.47818, 0.0)], [0.435137, 0.334363, 0.835975, 0.0)], [0.0, 0.0, 0.0, 1.0)]])
0.0, 0.0, 0.0
float3(-0.34093, 0.479924, -1.5126)
259901.458179916
limited(__ObjC.ARCamera.TrackingState.Reason.initializing)
simd_float4x4([[0.207107, -0.945204, 0.252376, 0.0)], [0.859273, 0.0524199, -0.508823, 0.0)], [0.467713, 0.322241, 0.823045, 0.0)], [0.0, 0.0, 0.0, 1.0)]])
0.0, 0.0, 0.0
float3(-0.328095, 0.516763, -1.51539)
259901.524880958
limited(__ObjC.ARCamera.TrackingState.Reason.initializing)
simd_float4x4([[0.208216, -0.950234, 0.231731, 0.0)], [0.843268, 0.0543735, -0.534735, 0.0)], [0.495524, 0.306752, 0.812623, 0.0)], [0.0, 0.0, 0.0, 1.0)]])
0.0, 0.0, 0.0
float3(-0.311779, 0.547583, -1.51364)
259901.591581791
limited(__ObjC.ARCamera.TrackingState.Reason.initializing)
simd_float4x4([[0.209311, -0.952633, 0.220625, 0.0)], [0.835804, 0.0571817, -0.546041, 0.0)], [0.507563, 0.298692, 0.808183, 0.0)], [0.0, 0.0, 0.0, 1.0)]])
0.0, 0.0, 0.0
float3(-0.303321, 0.560775, -1.51084)
259901.658249541
limited(__ObjC.ARCamera.TrackingState.Reason.initializing)
simd_float4x4([[0.206589, -0.955697, 0.209668, 0.0)], [0.836478, 0.061351, -0.544555, 0.0)], [0.507567, 0.287882, 0.812093, 0.0)], [0.0, 0.0, 0.0, 1.0)]])
0.0, 0.0, 0.0
float3(-0.292015, 0.558607, -1.50669)
259901.724906416
limited(__ObjC.ARCamera.TrackingState.Reason.initializing)
simd_float4x4([[0.203979, -0.955826, 0.211621, 0.0)], [0.843414, 0.0618302, -0.533693, 0.0)], [0.497035, 0.287347, 0.818769, 0.0)], [0.0, 0.0, 0.0, 1.0)]])
0.0, 0.0, 0.0
float3(-0.291456, 0.545589, -1.5062)
259901.791562916
limited(__ObjC.ARCamera.TrackingState.Reason.initializing)
simd_float4x4([[0.19838, -0.956946, 0.211881, 0.0)], [0.855584, 0.0636196, -0.513738, 0.0)], [0.478142, 0.283199, 0.831368, 0.0)], [0.0, 0.0, 0.0, 1.0)]])
0.0, 0.0, 0.0
float3(-0.287128, 0.52193, -1.50441)
259901.858219833
limited(__ObjC.ARCamera.TrackingState.Reason.initializing)
simd_float4x4([[0.189948, -0.958568, 0.212272, 0.0)], [0.868805, 0.0634149, -0.491076, 0.0)], [0.457271, 0.277703, 0.844854, 0.0)], [0.0, 0.0, 0.0, 1.0)]])
0.0, 0.0, 0.0
float3(-0.281402, 0.496095, -1.50474)
259901.924876458
limited(__ObjC.ARCamera.TrackingState.Reason.initializing)
simd_float4x4([[0.175779, -0.95993, 0.218241, 0.0)], [0.889869, 0.0601355, -0.452234, 0.0)], [0.420991, 0.2737, 0.864782, 0.0)], [0.0, 0.0, 0.0, 1.0)]])
0.0, 0.0, 0.0
float3(-0.277238, 0.453046, -1.50823)
259901.991533125
limited(__ObjC.ARCamera.TrackingState.Reason.initializing)
simd_float4x4([[0.160899, -0.962063, 0.220317, 0.0)], [0.903115, 0.053473, -0.426055, 0.0)], [0.398112, 0.267524, 0.877457, 0.0)], [0.0, 0.0, 0.0, 1.0)]])
0.0, 0.0, 0.0
float3(-0.270823, 0.425936, -1.51527)
259902.058189875
limited(__ObjC.ARCamera.TrackingState.Reason.initializing)
simd_float4x4([[0.149888, -0.961108, 0.231943, 0.0)], [0.919421, 0.0492264, -0.390181, 0.0)], [0.36359, 0.271738, 0.891041, 0.0)], [0.0, 0.0, 0.0, 1.0)]])
0.0, 0.0, 0.0
float3(-0.275198, 0.387427, -1.51962)
259902.124846541
limited(__ObjC.ARCamera.TrackingState.Reason.initializing)
simd_float4x4([[0.136327, -0.963564, 0.230108, 0.0)], [0.934264, 0.0477961, -0.353363, 0.0)], [0.329492, 0.263156, 0.906739, 0.0)], [0.0, 0.0, 0.0, 1.0)]])
0.0, 0.0, 0.0
float3(-0.266292, 0.348546, -1.52123)
259902.191503208
limited(__ObjC.ARCamera.TrackingState.Reason.initializing)
simd_float4x4([[0.120678, -0.965652, 0.230097, 0.0)], [0.947424, 0.0428425, -0.317099, 0.0)], [0.296351, 0.256267, 0.920051, 0.0)], [0.0, 0.0, 0.0, 1.0)]])
0.0, 0.0, 0.0
float3(-0.259158, 0.311609, -1.52646)
259902.258159958
limited(__ObjC.ARCamera.TrackingState.Reason.initializing)
simd_float4x4([[0.104396, -0.9671, 0.231971, 0.0)], [0.959963, 0.0370249, -0.277667, 0.0)], [0.259945, 0.251671, 0.932245, 0.0)], [0.0, 0.0, 0.0, 1.0)]])
0.0, 0.0, 0.0
float3(-0.254406, 0.27193, -1.53253)
259902.32485
limited(__ObjC.ARCamera.TrackingState.Reason.initializing)
simd_float4x4([[0.0857947, -0.968618, 0.233258, 0.0)], [0.973185, 0.0313226, -0.227882, 0.0)], [0.213425, 0.246554, 0.945331, 0.0)], [0.0, 0.0, 0.0, 1.0)]])
0.0, 0.0, 0.0
float3(-0.249123, 0.222045, -1.53847)
259902.391551
limited(__ObjC.ARCamera.TrackingState.Reason.initializing)
simd_float4x4([[0.0672055, -0.969835, 0.234295, 0.0)], [0.98212, 0.0229157, -0.186858, 0.0)], [0.175853, 0.242664, 0.954034, 0.0)], [0.0, 0.0, 0.0, 1.0)]])
0.0, 0.0, 0.0
float3(-0.245111, 0.18228, -1.54717)
259902.458251708
limited(__ObjC.ARCamera.TrackingState.Reason.initializing)
simd_float4x4([[0.0473031, -0.971281, 0.233168, 0.0)], [0.989358, 0.0134024, -0.144885, 0.0)], [0.1376, 0.23754, 0.961578, 0.0)], [0.0, 0.0, 0.0, 1.0)]])
0.0, 0.0, 0.0
float3(-0.239833, 0.142133, -1.557)
259902.524952708
limited(__ObjC.ARCamera.TrackingState.Reason.initializing)
simd_float4x4([[0.0277222, -0.971846, 0.233962, 0.0)], [0.995094, 0.0045937, -0.0988284, 0.0)], [0.0949717, 0.235554, 0.967206, 0.0)], [0.0, 0.0, 0.0, 1.0)]])
0.0, 0.0, 0.0
float3(-0.237789, 0.0978781, -1.56607)
259902.59165375
limited(__ObjC.ARCamera.TrackingState.Reason.initializing)
simd_float4x4([[0.0135895, -0.973084, 0.230034, 0.0)], [0.998064, -0.000764744, -0.0621976, 0.0)], [0.0606996, 0.230434, 0.971189, 0.0)], [0.0, 0.0, 0.0, 1.0)]])
0.0, 0.0, 0.0
float3(-0.232523, 0.0624191, -1.57158)
259902.658354708
limited(__ObjC.ARCamera.TrackingState.Reason.initializing)
simd_float4x4([[0.00120572, -0.973635, 0.228094, 0.0)], [0.999587, -0.00537278, -0.0282183, 0.0)], [0.0286998, 0.228034, 0.973226, 0.0)], [0.0, 0.0, 0.0, 1.0)]])
0.0, 0.0, 0.0
float3(-0.230058, 0.0294808, -1.57631)
259902.725055625
limited(__ObjC.ARCamera.TrackingState.Reason.initializing)
simd_float4x4([[-0.0115919, -0.97476, 0.22294, 0.0)], [0.999902, -0.00956012, 0.0101913, 0.0)], [-0.00780291, 0.223036, 0.974775, 0.0)], [0.0, 0.0, 0.0, 1.0)]])
0.0, 0.0, 0.0
float3(-0.224928, -0.00800466, -1.5806)
259902.791756666
limited(__ObjC.ARCamera.TrackingState.Reason.initializing)
simd_float4x4([[-0.0197973, -0.976675, 0.21379, 0.0)], [0.999021, -0.010866, 0.0428717, 0.0)], [-0.039549, 0.214429, 0.975935, 0.0)], [0.0, 0.0, 0.0, 1.0)]])
0.0, 0.0, 0.0
float3(-0.216107, -0.0405021, -1.58192)
259902.858457541
limited(__ObjC.ARCamera.TrackingState.Reason.initializing)
simd_float4x4([[-0.0306854, -0.977368, 0.209293, 0.0)], [0.99589, -0.0120438, 0.0897709, 0.0)], [-0.085219, 0.211187, 0.97372, 0.0)], [0.0, 0.0, 0.0, 1.0)]])
0.0, 0.0, 0.0
float3(-0.212789, -0.0872966, -1.58312)
259902.925158625
limited(__ObjC.ARCamera.TrackingState.Reason.initializing)
simd_float4x4([[-0.0405941, -0.97921, 0.198724, 0.0)], [0.991708, -0.0152155, 0.127608, 0.0)], [-0.121933, 0.202256, 0.971708, 0.0)], [0.0, 0.0, 0.0, 1.0)]])
0.0, 0.0, 0.0
float3(-0.203661, -0.12483, -1.58633)
259902.991859541
limited(__ObjC.ARCamera.TrackingState.Reason.initializing)
simd_float4x4([[-0.0460427, -0.981002, 0.188432, 0.0)], [0.986252, -0.0146736, 0.164597, 0.0)], [-0.158706, 0.19342, 0.968191, 0.0)], [0.0, 0.0, 0.0, 1.0)]])
0.0, 0.0, 0.0
float3(-0.194647, -0.162475, -1.58575)
259903.0585605
limited(__ObjC.ARCamera.TrackingState.Reason.initializing)
simd_float4x4([[-0.0558346, -0.981079, 0.18536, 0.0)], [0.978294, -0.0166519, 0.206553, 0.0)], [-0.199559, 0.192869, 0.960713, 0.0)], [0.0, 0.0, 0.0, 1.0)]])
0.0, 0.0, 0.0
float3(-0.194085, -0.204807, -1.58777)
259903.125261541
limited(__ObjC.ARCamera.TrackingState.Reason.initializing)
simd_float4x4([[-0.0628206, -0.979873, 0.189457, 0.0)], [0.969249, -0.014645, 0.245647, 0.0)], [-0.237929, 0.199063, 0.950661, 0.0)], [0.0, 0.0, 0.0, 1.0)]])
0.0, 0.0, 0.0
float3(-0.200401, -0.24524, -1.58574)
259903.1919625
limited(__ObjC.ARCamera.TrackingState.Reason.initializing)
simd_float4x4([[-0.0706696, -0.975091, 0.210229, 0.0)], [0.958519, -0.00804256, 0.284913, 0.0)], [-0.276127, 0.221643, 0.935212, 0.0)], [0.0, 0.0, 0.0, 1.0)]])
0.0, 0.0, 0.0
float3(-0.223499, -0.287099, -1.57904)
259903.258663416
limited(__ObjC.ARCamera.TrackingState.Reason.initializing)
simd_float4x4([[-0.0798503, -0.969752, 0.230647, 0.0)], [0.945238, -0.000206113, 0.32638, 0.0)], [-0.316462, 0.244079, 0.916663, 0.0)], [0.0, 0.0, 0.0, 1.0)]])
0.0, 0.0, 0.0
float3(-0.24657, -0.332421, -1.57101)
259903.325364416
limited(__ObjC.ARCamera.TrackingState.Reason.initializing)
simd_float4x4([[-0.0961773, -0.963402, 0.250201, 0.0)], [0.928481, 0.00375195, 0.37136, 0.0)], [-0.358709, 0.268023, 0.894139, 0.0)], [0.0, 0.0, 0.0, 1.0)]])
0.0, 0.0, 0.0
float3(-0.271341, -0.381522, -1.5669)
259903.392065458
limited(__ObjC.ARCamera.TrackingState.Reason.initializing)
simd_float4x4([[-0.116804, -0.954661, 0.273814, 0.0)], [0.909593, 0.00786041, 0.415425, 0.0)], [-0.398743, 0.297583, 0.867435, 0.0)], [0.0, 0.0, 0.0, 1.0)]])
0.0, 0.0, 0.0
float3(-0.30216, -0.430876, -1.56256)
259903.4587665
limited(__ObjC.ARCamera.TrackingState.Reason.initializing)
simd_float4x4([[-0.143975, -0.941879, 0.30353, 0.0)], [0.891538, 0.00965166, 0.452842, 0.0)], [-0.429453, 0.335808, 0.838331, 0.0)], [0.0, 0.0, 0.0, 1.0)]])
0.0, 0.0, 0.0
float3(-0.342462, -0.473417, -1.56055)
259903.525467416
limited(__ObjC.ARCamera.TrackingState.Reason.initializing)
simd_float4x4([[-0.177228, -0.924424, 0.337678, 0.0)], [0.874375, 0.00958601, 0.485156, 0.0)], [-0.451728, 0.381241, 0.806593, 0.0)], [0.0, 0.0, 0.0, 1.0)]])
0.0, 0.0, 0.0
float3(-0.391139, -0.510522, -1.56043)
259903.592168416
limited(__ObjC.ARCamera.TrackingState.Reason.initializing)
simd_float4x4([[-0.203487, -0.907244, 0.3681, 0.0)], [0.86449, 0.0100028, 0.50255, 0.0)], [-0.459619, 0.420481, 0.782268, 0.0)], [0.0, 0.0, 0.0, 1.0)]])
0.0, 0.0, 0.0
float3(-0.433976, -0.531212, -1.55977)
259903.65886925
limited(__ObjC.ARCamera.TrackingState.Reason.initializing)
simd_float4x4([[-0.231822, -0.884699, 0.404427, 0.0)], [0.853382, 0.0145872, 0.52108, 0.0)], [-0.466901, 0.46593, 0.751605, 0.0)], [0.0, 0.0, 0.0, 1.0)]])
0.0, 0.0, 0.0
float3(-0.484685, -0.555866, -1.55431)
259903.72557025
limited(__ObjC.ARCamera.TrackingState.Reason.initializing)
simd_float4x4([[-0.264382, -0.854957, 0.446258, 0.0)], [0.84586, 0.0167109, 0.533142, 0.0)], [-0.463272, 0.518426, 0.718756, 0.0)], [0.0, 0.0, 0.0, 1.0)]])
0.0, 0.0, 0.0
float3(-0.545009, -0.572533, -1.55125)
259903.792271208
limited(__ObjC.ARCamera.TrackingState.Reason.initializing)
simd_float4x4([[-0.287536, -0.826045, 0.484736, 0.0)], [0.845198, 0.0192182, 0.534107, 0.0)], [-0.450514, 0.563274, 0.692645, 0.0)], [0.0, 0.0, 0.0, 1.0)]])
0.0, 0.0, 0.0
float3(-0.598342, -0.576674, -1.54754)
259903.858972333
limited(__ObjC.ARCamera.TrackingState.Reason.initializing)
simd_float4x4([[-0.304266, -0.799042, 0.518605, 0.0)], [0.852567, 0.0144185, 0.522418, 0.0)], [-0.424913, 0.6011, 0.676849, 0.0)], [0.0, 0.0, 0.0, 1.0)]])
0.0, 0.0, 0.0
float3(-0.644877, -0.560597, -1.55275)
259903.925673166
limited(__ObjC.ARCamera.TrackingState.Reason.initializing)
simd_float4x4([[-0.314229, -0.773849, 0.549921, 0.0)], [0.860318, 0.0127938, 0.509597, 0.0)], [-0.401388, 0.633238, 0.661736, 0.0)], [0.0, 0.0, 0.0, 1.0)]])
0.0, 0.0, 0.0
float3(-0.68573, -0.545236, -1.55427)
259903.99237425
limited(__ObjC.ARCamera.TrackingState.Reason.initializing)
simd_float4x4([[-0.319399, -0.747364, 0.582604, 0.0)], [0.867483, 0.016841, 0.497181, 0.0)], [-0.381389, 0.664199, 0.642946, 0.0)], [0.0, 0.0, 0.0, 1.0)]])
0.0, 0.0, 0.0
float3(-0.726422, -0.535396, -1.54827)
259904.05907525
limited(__ObjC.ARCamera.TrackingState.Reason.initializing)
simd_float4x4([[-0.315902, -0.732497, 0.603035, 0.0)], [0.880322, 0.0107781, 0.474253, 0.0)], [-0.35389, 0.680683, 0.641428, 0.0)], [0.0, 0.0, 0.0, 1.0)]])
0.0, 0.0, 0.0
float3(-0.748695, -0.504164, -1.55608)
259904.12577625
normal
simd_float4x4([[-0.306803, -0.717808, 0.624999, 0.0)], [0.891144, 0.0139783, 0.453505, 0.0)], [-0.334266, 0.696101, 0.635382, 0.0)], [-0.0175969, -0.0025158, -0.00769457, 1.0)]])
-0.0175969, -0.0025158, -0.00769457
float3(-0.769952, -0.484298, -1.55133)
259904.19247725
normal
simd_float4x4([[-0.294848, -0.697757, 0.65284, 0.0)], [0.904805, 0.0157996, 0.425532, 0.0)], [-0.307233, 0.71616, 0.626676, 0.0)], [-0.0565059, -0.00927105, -0.017951, 1.0)]])
-0.0565059, -0.00927105, -0.017951
float3(-0.798285, -0.455823, -1.54816)
259904.259178166
normal
simd_float4x4([[-0.277008, -0.682391, 0.676468, 0.0)], [0.917205, 0.0220246, 0.397806, 0.0)], [-0.286358, 0.730655, 0.619792, 0.0)], [-0.0978129, -0.0120891, -0.0344868, 1.0)]])
-0.0978129, -0.0120891, -0.0344868
float3(-0.819281, -0.432807, -1.53853)
259904.325879333
normal
simd_float4x4([[-0.256998, -0.664725, 0.701493, 0.0)], [0.931422, 0.023182, 0.363202, 0.0)], [-0.257692, 0.746728, 0.613182, 0.0)], [-0.143021, -0.0175547, -0.0423358, 1.0)]])
-0.143021, -0.0175547, -0.0423358
float3(-0.843129, -0.397843, -1.53594)
259904.392580208
normal
simd_float4x4([[-0.235581, -0.651431, 0.721207, 0.0)], [0.9431, 0.0259445, 0.331496, 0.0)], [-0.234658, 0.758264, 0.608252, 0.0)], [-0.187807, -0.0222707, -0.0513614, 1.0)]])
-0.187807, -0.0222707, -0.0513614
float3(-0.860647, -0.368197, -1.53099)
259904.459281416
normal
simd_float4x4([[-0.204114, -0.647827, 0.733933, 0.0)], [0.957384, 0.0243905, 0.287787, 0.0)], [-0.204337, 0.761397, 0.615241, 0.0)], [-0.236946, -0.0201356, -0.0678832, 1.0)]])
-0.236946, -0.0201356, -0.0678832
float3(-0.865465, -0.320663, -1.53316)
259904.525982291
normal
simd_float4x4([[-0.177161, -0.64377, 0.744429, 0.0)], [0.967089, 0.0264873, 0.253056, 0.0)], [-0.182628, 0.764761, 0.61789, 0.0)], [-0.281828, -0.0229458, -0.0787057, 1.0)]])
-0.281828, -0.0229458, -0.0787057
float3(-0.87067, -0.287385, -1.52968)
259904.592683375
normal
simd_float4x4([[-0.150194, -0.64213, 0.751739, 0.0)], [0.975759, 0.0261405, 0.217281, 0.0)], [-0.159173, 0.76615, 0.622638, 0.0)], [-0.32162, -0.0292539, -0.0954303, 1.0)]])
-0.32162, -0.0292539, -0.0954303
float3(-0.872829, -0.250283, -1.53011)
259904.659384458
normal
simd_float4x4([[-0.120115, -0.643984, 0.755551, 0.0)], [0.983676, 0.025519, 0.178132, 0.0)], [-0.133995, 0.764614, 0.630406, 0.0)], [-0.371717, -0.0229468, -0.110544, 1.0)]])
-0.371717, -0.0229468, -0.110544
float3(-0.870441, -0.209437, -1.53119)
259904.726085458
normal
simd_float4x4([[-0.0928382, -0.647916, 0.756033, 0.0)], [0.989168, 0.0266936, 0.144342, 0.0)], [-0.113703, 0.761244, 0.638419, 0.0)], [-0.408111, -0.0295949, -0.127527, 1.0)]])
-0.408111, -0.0295949, -0.127527
float3(-0.865229, -0.176253, -1.52962)
259904.792786416
normal
simd_float4x4([[-0.0664686, -0.653772, 0.753767, 0.0)], [0.993667, 0.0252202, 0.109498, 0.0)], [-0.0905968, 0.756272, 0.647955, 0.0)], [-0.437151, -0.036755, -0.142621, 1.0)]])
-0.437151, -0.036755, -0.142621
float3(-0.857596, -0.138919, -1.53224)
259904.859487458
normal
simd_float4x4([[-0.0447283, -0.661666, 0.748464, 0.0)], [0.996227, 0.0262354, 0.0827276, 0.0)], [-0.0743743, 0.74934, 0.657996, 0.0)], [-0.483988, -0.0266483, -0.155091, 1.0)]])
-0.483988, -0.0266483, -0.155091
float3(-0.847065, -0.112554, -1.53117)
259904.926188375
normal
simd_float4x4([[-0.0267656, -0.676389, 0.736058, 0.0)], [0.997988, 0.0242614, 0.0585849, 0.0)], [-0.057484, 0.736145, 0.674378, 0.0)], [-0.49087, -0.0315898, -0.158157, 1.0)]])
-0.49087, -0.0315898, -0.158157
float3(-0.827357, -0.0850344, -1.53494)
259904.992889333
normal
simd_float4x4([[-0.00619481, -0.69429, 0.719668, 0.0)], [0.999319, 0.0218741, 0.0297048, 0.0)], [-0.0363658, 0.719363, 0.693682, 0.0)], [-0.475279, -0.0356777, -0.152502, 1.0)]])
-0.475279, -0.0356777, -0.152502
float3(-0.802884, -0.0523764, -1.5393)
259905.059590375
normal
simd_float4x4([[0.00955857, -0.712178, 0.701934, 0.0)], [0.999627, 0.0247731, 0.0115222, 0.0)], [-0.0255949, 0.701561, 0.712149, 0.0)], [-0.514595, -0.0215021, -0.161804, 1.0)]])
-0.514595, -0.0215021, -0.161804
float3(-0.777586, -0.0359249, -1.53603)
259905.126291416
normal
simd_float4x4([[0.0143641, -0.734668, 0.678275, 0.0)], [0.999803, 0.019856, 0.000333654, 0.0)], [-0.013713, 0.678137, 0.734808, 0.0)], [-0.467972, -0.0194614, -0.144905, 1.0)]])
-0.467972, -0.0194614, -0.144905
float3(-0.745224, -0.0186598, -1.54378)
259905.192992416
normal
simd_float4x4([[0.013441, -0.758034, 0.652076, 0.0)], [0.999886, 0.0146609, -0.00356706, 0.0)], [-0.00685607, 0.65205, 0.758145, 0.0)], [-0.398387, -0.0139316, -0.121119, 1.0)]])
-0.398387, -0.0139316, -0.121119
float3(-0.710285, -0.00904297, -1.55146)
259905.2596935
normal
simd_float4x4([[0.0162347, -0.783512, 0.621165, 0.0)], [0.999868, 0.0129041, -0.00985576, 0.0)], [-0.000293439, 0.621243, 0.783618, 0.0)], [-0.421694, 0.00271014, -0.124521, 1.0)]])
-0.421694, 0.00271014, -0.124521
float3(-0.670328, -0.000374466, -1.55433)
259905.326394541
normal
simd_float4x4([[0.0135999, -0.808669, 0.588107, 0.0)], [0.999906, 0.00983824, -0.00959473, 0.0)], [0.00197301, 0.588182, 0.808726, 0.0)], [-0.335954, 0.00904742, -0.0970595, 1.0)]])
-0.335954, 0.00904742, -0.0970595
float3(-0.628809, 0.00243965, -1.55863)
259905.393095458
normal
simd_float4x4([[0.0148941, -0.82475, 0.565301, 0.0)], [0.999887, 0.011019, -0.010268, 0.0)], [0.00223946, 0.56539, 0.824821, 0.0)], [-0.257974, 0.0153697, -0.0731315, 1.0)]])
-0.257974, 0.0153697, -0.0731315
float3(-0.600906, 0.00271508, -1.55744)
259905.459796708
normal
simd_float4x4([[0.0181094, -0.838957, 0.543896, 0.0)], [0.999836, 0.0156004, -0.0092267, 0.0)], [-0.000744203, 0.543974, 0.839102, 0.0)], [-0.268435, 0.0290881, -0.0747257, 1.0)]])
-0.268435, 0.0290881, -0.0747257
float3(-0.575166, -0.000886903, -1.5522)
259905.52649775
normal
simd_float4x4([[0.0171105, -0.853732, 0.520431, 0.0)], [0.999849, 0.0130103, -0.0115302, 0.0)], [0.00307272, 0.52055, 0.853826, 0.0)], [-0.198131, 0.0328668, -0.0500461, 1.0)]])
-0.198131, 0.0328668, -0.0500461
float3(-0.547495, 0.00359875, -1.55556)
259905.59319875
normal
simd_float4x4([[0.0165869, -0.864782, 0.501874, 0.0)], [0.999862, 0.0147622, -0.00760866, 0.0)], [-0.000828918, 0.501931, 0.864907, 0.0)], [-0.149094, 0.0391698, -0.0347018, 1.0)]])
-0.149094, 0.0391698, -0.0347018
float3(-0.52583, -0.000958389, -1.55373)
259905.659899708
normal
simd_float4x4([[0.0144467, -0.873339, 0.486898, 0.0)], [0.999855, 0.0169935, 0.000814361, 0.0)], [-0.00898535, 0.486816, 0.873458, 0.0)], [-0.149777, 0.0503569, -0.0331887, 1.0)]])
-0.149777, 0.0503569, -0.0331887
float3(-0.508441, -0.0102867, -1.55134)
259905.726600875
normal
simd_float4x4([[0.0101452, -0.883213, 0.468862, 0.0)], [0.99987, 0.0148478, 0.00633429, 0.0)], [-0.0125561, 0.468737, 0.883249, 0.0)], [-0.1244, 0.0550493, -0.0246473, 1.0)]])
-0.1244, 0.0550493, -0.0246473
float3(-0.48786, -0.0142149, -1.55399)
259905.793301875
normal
simd_float4x4([[0.00588607, -0.891898, 0.452198, 0.0)], [0.999867, 0.0121323, 0.0109145, 0.0)], [-0.0152208, 0.452073, 0.891851, 0.0)], [-0.111122, 0.0605929, -0.0186386, 1.0)]])
-0.111122, 0.0605929, -0.0186386
float3(-0.469088, -0.0170649, -1.55719)
259905.860002833
normal
simd_float4x4([[0.0043476, -0.902319, 0.431047, 0.0)], [0.999861, 0.0108747, 0.0126795, 0.0)], [-0.0161285, 0.430931, 0.902241, 0.0)], [-0.109435, 0.0699391, -0.0156336, 1.0)]])
-0.109435, 0.0699391, -0.0156336
float3(-0.445525, -0.0178741, -1.55874)
259905.926703875
normal
simd_float4x4([[0.0208074, -0.913072, 0.407266, 0.0)], [0.99941, 0.00786294, -0.033432, 0.0)], [0.0273235, 0.407722, 0.912697, 0.0)], [0.139496, -0.10138, 0.0609917, 1.0)]])
0.139496, -0.10138, 0.0609917
float3(-0.419958, 0.0299282, -1.56219)
259905.993405083
normal
simd_float4x4([[0.0175976, -0.925045, 0.37945, 0.0)], [0.99962, 0.00822907, -0.0262978, 0.0)], [0.0212041, 0.379769, 0.924838, 0.0)], [0.124065, -0.159777, 0.0788652, 1.0)]])
0.124065, -0.159777, 0.0788652
float3(-0.389547, 0.0229233, -1.5619)
259906.060106125
normal
simd_float4x4([[0.0135253, -0.93688, 0.349389, 0.0)], [0.99961, 0.00412429, -0.027637, 0.0)], [0.0244516, 0.349626, 0.93657, 0.0)], [0.125857, -0.14906, 0.0852551, 1.0)]])
0.125857, -0.14906, 0.0852551
float3(-0.357172, 0.0261016, -1.56639)
259906.126807208
normal
simd_float4x4([[0.0123656, -0.949826, 0.312534, 0.0)], [0.999212, -4.86557e-05, -0.0396825, 0.0)], [0.0377066, 0.312779, 0.949077, 0.0)], [0.139384, -0.03899, 0.0639074, 1.0)]])
0.139384, -0.03899, 0.0639074
float3(-0.318117, 0.0397089, -1.57085)
259906.193508125
normal
simd_float4x4([[0.00716477, -0.959584, 0.281332, 0.0)], [0.999152, -0.00454036, -0.0409322, 0.0)], [0.0405553, 0.281387, 0.958737, 0.0)], [0.144085, -0.0389276, 0.0709202, 1.0)]])
0.144085, -0.0389276, 0.0709202
float3(-0.285239, 0.0422755, -1.57553)
259906.260209166
normal
simd_float4x4([[-0.000836421, -0.967967, 0.251077, 0.0)], [0.998928, -0.0124318, -0.0446001, 0.0)], [0.0462927, 0.250771, 0.966939, 0.0)], [0.146929, -0.0322293, 0.0772539, 1.0)]])
0.146929, -0.0322293, 0.0772539
float3(-0.253476, 0.047839, -1.58364)
259906.326910125
normal
simd_float4x4([[-0.00400121, -0.975225, 0.221177, 0.0)], [0.998858, -0.014427, -0.0455423, 0.0)], [0.0476049, 0.220742, 0.97417, 0.0)], [0.150176, -0.0350102, 0.0861591, 1.0)]])
0.150176, -0.0350102, 0.0861591
float3(-0.222576, 0.0488283, -1.58559)
259906.39361125
normal
simd_float4x4([[0.0012166, -0.979257, 0.202618, 0.0)], [0.999175, -0.00703634, -0.0400062, 0.0)], [0.040602, 0.2025, 0.97844, 0.0)], [0.152048, -0.0353717, 0.0896862, 1.0)]])
0.152048, -0.0353717, 0.0896862
float3(-0.20391, 0.0414729, -1.57798)
259906.46031225
normal
simd_float4x4([[0.00409002, -0.982512, 0.186156, 0.0)], [0.999398, -0.00239932, -0.034621, 0.0)], [0.0344622, 0.186186, 0.98191, 0.0)], [0.153752, -0.0308766, 0.0930349, 1.0)]])
0.153752, -0.0308766, 0.0930349
float3(-0.187279, 0.0350827, -1.57324)
259906.527013333
normal
simd_float4x4([[0.006535, -0.984589, 0.174763, 0.0)], [0.999764, 0.00280946, -0.0215566, 0.0)], [0.0207334, 0.174862, 0.984375, 0.0)], [0.157146, -0.0307397, 0.0960403, 1.0)]])
0.157146, -0.0307397, 0.0960403
float3(-0.175766, 0.0210594, -1.56794)
259906.593714458
normal
simd_float4x4([[0.00824994, -0.987409, 0.157974, 0.0)], [0.999963, 0.0077445, -0.00381479, 0.0)], [0.00254333, 0.158, 0.987436, 0.0)], [0.158819, -0.0307992, 0.0988386, 1.0)]])
0.158819, -0.0307992, 0.0988386
float3(-0.158665, 0.00257569, -1.56295)
259906.660415583
normal
simd_float4x4([[0.00402117, -0.990062, 0.140572, 0.0)], [0.999837, 0.00645906, 0.0168907, 0.0)], [-0.0176308, 0.140481, 0.989927, 0.0)], [0.163158, -0.0273184, 0.102599, 1.0)]])
0.163158, -0.0273184, 0.102599
float3(-0.140947, -0.0178083, -1.56427)
259906.727116625
normal
simd_float4x4([[0.00148052, -0.991027, 0.133654, 0.0)], [0.999483, 0.00576024, 0.0316399, 0.0)], [-0.0321258, 0.133538, 0.990523, 0.0)], [0.165199, -0.0285471, 0.101516, 1.0)]])
0.165199, -0.0285471, 0.101516
float3(-0.133938, -0.0324219, -1.56498)
259906.793817625
normal
simd_float4x4([[0.00114466, -0.992132, 0.125192, 0.0)], [0.998631, 0.00768104, 0.0517407, 0.0)], [-0.0522952, 0.124961, 0.990783, 0.0)], [0.169335, -0.0273565, 0.101149, 1.0)]])
0.169335, -0.0273565, 0.101149
float3(-0.125289, -0.0527328, -1.56305)
259906.86051875
normal
simd_float4x4([[-0.00139061, -0.99318, 0.116588, 0.0)], [0.997264, 0.00723942, 0.0735658, 0.0)], [-0.0739081, 0.116371, 0.990452, 0.0)], [0.172772, -0.025818, 0.102893, 1.0)]])
0.172772, -0.025818, 0.102893
float3(-0.116635, -0.0744825, -1.56351)
259906.927219791
normal
simd_float4x4([[-0.000587352, -0.99394, 0.109921, 0.0)], [0.994769, 0.0106473, 0.101592, 0.0)], [-0.102146, 0.109406, 0.988735, 0.0)], [0.174679, -0.0273324, 0.101991, 1.0)]])
0.174679, -0.0273324, 0.101991
float3(-0.109625, -0.102945, -1.56008)
259906.993920916
normal
simd_float4x4([[0.00200124, -0.995465, 0.0951098, 0.0)], [0.990805, 0.0148407, 0.134482, 0.0)], [-0.135284, 0.0939661, 0.986341, 0.0)], [0.177085, -0.0266281, 0.103029, 1.0)]])
0.177085, -0.0266281, 0.103029
float3(-0.0941049, -0.136307, -1.55589)
259907.060622
normal
simd_float4x4([[0.00711999, -0.995958, 0.0895335, 0.0)], [0.985572, 0.0221306, 0.167802, 0.0)], [-0.169105, 0.087047, 0.981747, 0.0)], [0.179188, -0.0258462, 0.104563, 1.0)]])
0.179188, -0.0258462, 0.104563
float3(-0.0871573, -0.170575, -1.54858)
259907.127323083
normal
simd_float4x4([[0.00659769, -0.995627, 0.0931789, 0.0)], [0.976105, 0.0266516, 0.215661, 0.0)], [-0.217201, 0.0895295, 0.972012, 0.0)], [0.181312, -0.0229436, 0.10151, 1.0)]])
0.181312, -0.0229436, 0.10151
float3(-0.0896495, -0.219843, -1.54403)
259907.194024125
normal
simd_float4x4([[0.00617819, -0.995747, 0.091924, 0.0)], [0.964872, 0.0300805, 0.260992, 0.0)], [-0.262647, 0.0870825, 0.960955, 0.0)], [0.182014, -0.0218132, 0.0975703, 1.0)]])
0.182014, -0.0218132, 0.0975703
float3(-0.0871929, -0.266802, -1.5406)
259907.260725333
normal
simd_float4x4([[0.00232721, -0.995415, 0.0956236, 0.0)], [0.948966, 0.0323553, 0.313714, 0.0)], [-0.31537, 0.0900135, 0.94469, 0.0)], [0.185721, -0.0213065, 0.0987881, 1.0)]])
0.185721, -0.0213065, 0.0987881
float3(-0.0901355, -0.322201, -1.5383)
259907.32742625
normal
simd_float4x4([[-0.00334898, -0.995664, 0.0929579, 0.0)], [0.930465, 0.0309542, 0.36507, 0.0)], [-0.366365, 0.0877167, 0.926328, 0.0)], [0.189702, -0.0191404, 0.101573, 1.0)]])
0.189702, -0.0191404, 0.101573
float3(-0.0878296, -0.376623, -1.53972)
259907.394127333
normal
simd_float4x4([[-0.0124908, -0.995587, 0.0930054, 0.0)], [0.911968, 0.026802, 0.409385, 0.0)], [-0.410071, 0.0899315, 0.907609, 0.0)], [0.194085, -0.0196251, 0.108401, 1.0)]])
0.194085, -0.0196251, 0.108401
float3(-0.0900532, -0.424362, -1.54388)
259907.460828291
normal
simd_float4x4([[-0.0198837, -0.994432, 0.103491, 0.0)], [0.882264, 0.0312428, 0.469717, 0.0)], [-0.470335, 0.100646, 0.87673, 0.0)], [0.197582, -0.0197242, 0.11106, 1.0)]])
0.197582, -0.0197242, 0.11106
float3(-0.100817, -0.492392, -1.53939)
259907.527529333
normal
simd_float4x4([[-0.0356916, -0.992335, 0.118312, 0.0)], [0.845031, 0.0332355, 0.533683, 0.0)], [-0.533524, 0.119026, 0.837368, 0.0)], [0.199557, -0.0201452, 0.114602, 1.0)]])
0.199557, -0.0201452, 0.114602
float3(-0.119308, -0.567285, -1.53732)
259907.594230541
normal
simd_float4x4([[-0.0524347, -0.989981, 0.131102, 0.0)], [0.806169, 0.0355159, 0.590619, 0.0)], [-0.589358, 0.136659, 0.79623, 0.0)], [0.200305, -0.0224932, 0.11561, 1.0)]])
0.200305, -0.0224932, 0.11561
float3(-0.137088, -0.63719, -1.53494)
259907.66093175
normal
simd_float4x4([[-0.0696, -0.987415, 0.142015, 0.0)], [0.7735, 0.0364827, 0.632746, 0.0)], [-0.629963, 0.153887, 0.761226, 0.0)], [0.201427, -0.0239819, 0.11621, 1.0)]])
0.201427, -0.0239819, 0.11621
float3(-0.154501, -0.691324, -1.53387)
259907.727632708
normal
simd_float4x4([[-0.0833517, -0.985697, 0.146473, 0.0)], [0.747842, 0.035273, 0.662939, 0.0)], [-0.658623, 0.164796, 0.734206, 0.0)], [0.203873, -0.025107, 0.11781, 1.0)]])
0.203873, -0.025107, 0.11781
float3(-0.165551, -0.731186, -1.53503)
259907.794333833
normal
simd_float4x4([[-0.100841, -0.983912, 0.147474, 0.0)], [0.726106, 0.0285513, 0.68699, 0.0)], [-0.680149, 0.176358, 0.711545, 0.0)], [0.206239, -0.027619, 0.123015, 1.0)]])
0.206239, -0.027619, 0.123015
float3(-0.177285, -0.762842, -1.54179)
259907.861035
normal
simd_float4x4([[-0.121014, -0.980905, 0.152255, 0.0)], [0.697415, 0.0251319, 0.716227, 0.0)], [-0.706377, 0.192858, 0.681057, 0.0)], [0.206149, -0.0304337, 0.12266, 1.0)]])
0.206149, -0.0304337, 0.12266
float3(-0.194074, -0.803646, -1.54518)
259907.927736
normal
simd_float4x4([[-0.134911, -0.980567, 0.142435, 0.0)], [0.67867, 0.0132919, 0.734323, 0.0)], [-0.721946, 0.195735, 0.663688, 0.0)], [0.207233, -0.0315085, 0.127859, 1.0)]])
0.207233, -0.0315085, 0.127859
float3(-0.197007, -0.827418, -1.55724)
259907.994437166
normal
simd_float4x4([[-0.151965, -0.978096, 0.142246, 0.0)], [0.668334, 0.00434105, 0.743849, 0.0)], [-0.728174, 0.208107, 0.653035, 0.0)], [0.208441, -0.0349634, 0.131285, 1.0)]])
0.208441, -0.0349634, 0.131285
float3(-0.209639, -0.839745, -1.56636)
259908.06113825
normal
simd_float4x4([[-0.163304, -0.975396, 0.1481, 0.0)], [0.665055, 0.00204348, 0.746792, 0.0)], [-0.728721, 0.220449, 0.648358, 0.0)], [0.20626, -0.038161, 0.128628, 1.0)]])
0.20626, -0.038161, 0.128628
float3(-0.222275, -0.843689, -1.5687)
259908.127839333
normal
simd_float4x4([[-0.180097, -0.96967, 0.165243, 0.0)], [0.670227, 0.00199083, 0.742154, 0.0)], [-0.719973, 0.24441, 0.64954, 0.0)], [0.207856, -0.0419913, 0.126299, 1.0)]])
0.207856, -0.0419913, 0.126299
float3(-0.246911, -0.836782, -1.56874)
259908.194540375
normal
simd_float4x4([[-0.199409, -0.962309, 0.184925, 0.0)], [0.683659, -0.00142311, 0.7298, 0.0)], [-0.70203, 0.271954, 0.658175, 0.0)], [0.209408, -0.0470797, 0.124043, 1.0)]])
0.209408, -0.0470797, 0.124043
float3(-0.275423, -0.817628, -1.57228)
259908.261241583
normal
simd_float4x4([[-0.214072, -0.952999, 0.214396, 0.0)], [0.711256, -0.00163107, 0.702932, 0.0)], [-0.669544, 0.302968, 0.678175, 0.0)], [0.207164, -0.0530271, 0.116096, 1.0)]])
0.207164, -0.0530271, 0.116096
float3(-0.307805, -0.778994, -1.57251)
259908.327942708
normal
simd_float4x4([[-0.21879, -0.946352, 0.2378, 0.0)], [0.738399, -0.00125878, 0.674363, 0.0)], [-0.637886, 0.323135, 0.699061, 0.0)], [0.206485, -0.0582099, 0.112602, 1.0)]])
0.206485, -0.0582099, 0.112602
float3(-0.32904, -0.739673, -1.57213)
259908.394643791
normal
simd_float4x4([[-0.222732, -0.937662, 0.266796, 0.0)], [0.768761, -0.000642046, 0.639535, 0.0)], [-0.599497, 0.347548, 0.720981, 0.0)], [0.205025, -0.0644735, 0.106458, 1.0)]])
0.205025, -0.0644735, 0.106458
float3(-0.354955, -0.693656, -1.57148)
259908.461344916
normal
simd_float4x4([[-0.221703, -0.929305, 0.295364, 0.0)], [0.798829, 0.000619488, 0.601558, 0.0)], [-0.559214, 0.369313, 0.742218, 0.0)], [0.199933, -0.069834, 0.0968273, 1.0)]])
0.199933, -0.069834, 0.0968273
float3(-0.37827, -0.645696, -1.57013)
259908.528046041
normal
simd_float4x4([[-0.214324, -0.92135, 0.324315, 0.0)], [0.825029, 0.00697828, 0.565047, 0.0)], [-0.522869, 0.388673, 0.758645, 0.0)], [0.193008, -0.0750389, 0.091559, 1.0)]])
0.193008, -0.0750389, 0.091559
float3(-0.39919, -0.603451, -1.56322)
259908.59474725
normal
simd_float4x4([[-0.202901, -0.913154, 0.353528, 0.0)], [0.851551, 0.0136905, 0.524094, 0.0)], [-0.483418, 0.407386, 0.774819, 0.0)], [0.183917, -0.0811378, 0.086802, 1.0)]])
0.183917, -0.0811378, 0.086802
float3(-0.419589, -0.557816, -1.5558)
259908.661448125
normal
simd_float4x4([[-0.193869, -0.902932, 0.383574, 0.0)], [0.878089, 0.0146403, 0.478273, 0.0)], [-0.437464, 0.429534, 0.790016, 0.0)], [0.17559, -0.0854141, 0.0775055, 1.0)]])
0.17559, -0.0854141, 0.0775055
float3(-0.443977, -0.50571, -1.55458)
259908.728149208
normal
simd_float4x4([[-0.183764, -0.892608, 0.411683, 0.0)], [0.903787, 0.0112573, 0.427834, 0.0)], [-0.386522, 0.450694, 0.804659, 0.0)], [0.168721, -0.0912391, 0.0721553, 1.0)]])
0.168721, -0.0912391, 0.0721553
float3(-0.467543, -0.447809, -1.55819)
259908.794850458
normal
simd_float4x4([[-0.169483, -0.883609, 0.436475, 0.0)], [0.92411, 0.0114223, 0.381956, 0.0)], [-0.342485, 0.468086, 0.814616, 0.0)], [0.161081, -0.0953535, 0.0664008, 1.0)]])
0.161081, -0.0953535, 0.0664008
float3(-0.487124, -0.39799, -1.55787)
259908.861551541
normal
simd_float4x4([[-0.148688, -0.873069, 0.464372, 0.0)], [0.946266, 0.0107567, 0.32321, 0.0)], [-0.28718, 0.487477, 0.824557, 0.0)], [0.150706, -0.0986465, 0.0578625, 1.0)]])
0.150706, -0.0986465, 0.0578625
float3(-0.509198, -0.335146, -1.55848)
259908.928252458
normal
simd_float4x4([[-0.124513, -0.871271, 0.474746, 0.0)], [0.962336, 0.0104983, 0.271662, 0.0)], [-0.241675, 0.49069, 0.837148, 0.0)], [0.142704, -0.101847, 0.0515182, 1.0)]])
0.142704, -0.101847, 0.0515182
float3(-0.512882, -0.281047, -1.55875)
259908.994953666
normal
simd_float4x4([[-0.102928, -0.864741, 0.491557, 0.0)], [0.974795, 0.0106504, 0.222849, 0.0)], [-0.197942, 0.502105, 0.841849, 0.0)], [0.135261, -0.104985, 0.0427592, 1.0)]])
0.135261, -0.104985, 0.0427592
float3(-0.526031, -0.230933, -1.55848)
259909.061654916
normal
simd_float4x4([[-0.0832746, -0.858448, 0.506095, 0.0)], [0.982974, 0.0127133, 0.183306, 0.0)], [-0.163793, 0.512743, 0.842773, 0.0)], [0.125873, -0.106577, 0.0364696, 1.0)]])
0.125873, -0.106577, 0.0364696
float3(-0.538377, -0.191957, -1.55599)
259909.128355916
normal
simd_float4x4([[-0.0660564, -0.857686, 0.509913, 0.0)], [0.990169, 0.0068022, 0.139712, 0.0)], [-0.123298, 0.514129, 0.848805, 0.0)], [0.120591, -0.108429, 0.0304959, 1.0)]])
0.120591, -0.108429, 0.0304959
float3(-0.539992, -0.144252, -1.56287)
259909.195056833
normal
simd_float4x4([[-0.0382578, -0.856862, 0.514124, 0.0)], [0.995977, 0.00902545, 0.0891563, 0.0)], [-0.0810349, 0.515467, 0.853069, 0.0)], [0.179172, -0.172369, 0.0586359, 1.0)]])
0.179172, -0.172369, 0.0586359
float3(-0.541552, -0.0947079, -1.56026)
259909.261758208
normal
simd_float4x4([[-0.0286402, -0.857998, 0.512855, 0.0)], [0.99821, 0.0024024, 0.0597639, 0.0)], [-0.0525094, 0.513648, 0.856393, 0.0)], [0.174788, -0.172061, 0.0562473, 1.0)]])
0.174788, -0.172061, 0.0562473
float3(-0.539431, -0.0612379, -1.568)
259909.328459208
normal
simd_float4x4([[-0.0159542, -0.861415, 0.507652, 0.0)], [0.999656, -0.00316942, 0.0260386, 0.0)], [-0.0208211, 0.507892, 0.861169, 0.0)], [0.17328, -0.170593, 0.0515676, 1.0)]])
0.17328, -0.170593, 0.0515676
float3(-0.532736, -0.024173, -1.57448)
259909.395160541
normal
simd_float4x4([[-0.0020511, -0.86604, 0.49997, 0.0)], [0.999926, -0.00777602, -0.00936736, 0.0)], [0.0120003, 0.499914, 0.865992, 0.0)], [0.172249, -0.168124, 0.0484912, 1.0)]])
0.172249, -0.168124, 0.0484912
float3(-0.523499, 0.0138564, -1.57977)
259909.461861583
normal
simd_float4x4([[0.0137502, -0.869533, 0.493684, 0.0)], [0.999056, -0.00839942, -0.0426199, 0.0)], [0.041206, 0.493804, 0.868596, 0.0)], [0.169105, -0.165523, 0.0463392, 1.0)]])
0.169105, -0.165523, 0.0463392
float3(-0.516459, 0.0474042, -1.58046)
259909.528562708
normal
simd_float4x4([[0.0277792, -0.876313, 0.480941, 0.0)], [0.997546, -0.00663003, -0.0696987, 0.0)], [0.0642665, 0.481697, 0.873978, 0.0)], [0.170956, -0.161127, 0.0448216, 1.0)]])
0.170956, -0.161127, 0.0448216
float3(-0.50259, 0.0734012, -1.57836)
259909.595263833
normal
simd_float4x4([[0.0389881, -0.883048, 0.467661, 0.0)], [0.994838, -0.00957661, -0.101021, 0.0)], [0.0936848, 0.469186, 0.878116, 0.0)], [0.172642, -0.157282, 0.0437633, 1.0)]])
0.172642, -0.157282, 0.0437633
float3(-0.488368, 0.106286, -1.58164)
259909.661964916
normal
simd_float4x4([[0.049724, -0.888194, 0.456771, 0.0)], [0.992614, -0.00672536, -0.121133, 0.0)], [0.110662, 0.45942, 0.881298, 0.0)], [0.172865, -0.152747, 0.0430071, 1.0)]])
0.172865, -0.152747, 0.0430071
float3(-0.477342, 0.124913, -1.57837)
259909.728666166
normal
simd_float4x4([[0.0600897, -0.895389, 0.441211, 0.0)], [0.989563, -0.00456299, -0.144031, 0.0)], [0.130977, 0.44526, 0.88577, 0.0)], [0.174585, -0.146794, 0.0439565, 1.0)]])
0.174585, -0.146794, 0.0439565
float3(-0.461465, 0.146805, -1.57589)
259909.79536725
normal
simd_float4x4([[0.0688377, -0.901587, 0.427086, 0.0)], [0.987119, -0.000418085, -0.159986, 0.0)], [0.14442, 0.432598, 0.889945, 0.0)], [0.175171, -0.138775, 0.0450456, 1.0)]])
0.175171, -0.138775, 0.0450456
float3(-0.447372, 0.160877, -1.57126)
259909.86206825
normal
