ARKit Data
1190745.17722975
normal
simd_float4x4([[0.293439, -0.950622, 0.101055, 0.0)], [0.701186, 0.142173, -0.698659, 0.0)], [0.649793, 0.275873, 0.708282, 0.0)], [-0.444807, 0.132636, -0.417459, 1.0)]])
-0.444807, 0.132636, -0.417459
float3(-0.279498, 0.742358, -1.42234)
1190745.51109875
limited(__ObjC.ARCamera.TrackingState.Reason.initializing)
simd_float4x4([[0.132845, -0.941862, 0.308542, 0.0)], [0.991126, 0.126264, -0.0413395, 0.0)], [7.41067e-08, 0.31131, 0.950287, 0.0)], [0.0, 0.0, 0.0, 1.0)]])
0.0, 0.0, 0.0
float3(-0.316571, 7.79835e-08, -1.43753)
1190745.62774842
limited(__ObjC.ARCamera.TrackingState.Reason.initializing)
simd_float4x4([[0.132845, -0.941862, 0.308542, 0.0)], [0.991126, 0.126264, -0.0413395, 0.0)], [7.41067e-08, 0.31131, 0.950287, 0.0)], [0.0, 0.0, 0.0, 1.0)]])
0.0, 0.0, 0.0
float3(-0.316571, 7.79835e-08, -1.43753)
1190745.74439796
limited(__ObjC.ARCamera.TrackingState.Reason.initializing)
simd_float4x4([[-0.132529, -0.942258, 0.307548, 0.0)], [0.719059, 0.12216, 0.684128, 0.0)], [-0.682195, 0.311811, 0.66135, 0.0)], [0.0, 0.0, 0.0, 1.0)]])
0.0, 0.0, 0.0
float3(-0.317099, -0.800912, -1.44187)
1190745.84443837
limited(__ObjC.ARCamera.TrackingState.Reason.initializing)
simd_float4x4([[-0.121846, -0.944164, 0.306118, 0.0)], [0.717252, 0.129428, 0.684688, 0.0)], [-0.686078, 0.30299, 0.661433, 0.0)], [0.0, 0.0, 0.0, 1.0)]])
0.0, 0.0, 0.0
float3(-0.307829, -0.803685, -1.43456)
1190745.94449008
limited(__ObjC.ARCamera.TrackingState.Reason.initializing)
simd_float4x4([[-0.131908, -0.943773, 0.303136, 0.0)], [0.718811, 0.119507, 0.684856, 0.0)], [-0.682576, 0.308236, 0.662631, 0.0)], [0.0, 0.0, 0.0, 1.0)]])
0.0, 0.0, 0.0
float3(-0.313338, -0.800224, -1.44484)
1190746.04454154
limited(__ObjC.ARCamera.TrackingState.Reason.initializing)
simd_float4x4([[-0.1342, -0.943661, 0.302481, 0.0)], [0.717949, 0.117807, 0.686054, 0.0)], [-0.683037, 0.309234, 0.661691, 0.0)], [0.0, 0.0, 0.0, 1.0)]])
0.0, 0.0, 0.0
float3(-0.314388, -0.801271, -1.4466)
1190746.14459325
limited(__ObjC.ARCamera.TrackingState.Reason.initializing)
simd_float4x4([[-0.127904, -0.9458, 0.298499, 0.0)], [0.721356, 0.117839, 0.682466, 0.0)], [-0.680651, 0.302614, 0.667187, 0.0)], [0.0, 0.0, 0.0, 1.0)]])
0.0, 0.0, 0.0
float3(-0.307434, -0.795388, -1.44684)
1190746.24464475
limited(__ObjC.ARCamera.TrackingState.Reason.initializing)
simd_float4x4([[-0.129754, -0.946083, 0.296799, 0.0)], [0.739081, 0.107262, 0.665022, 0.0)], [-0.661001, 0.305648, 0.685315, 0.0)], [0.0, 0.0, 0.0, 1.0)]])
0.0, 0.0, 0.0
float3(-0.310619, -0.767341, -1.4579)
1190746.34469642
limited(__ObjC.ARCamera.TrackingState.Reason.initializing)
simd_float4x4([[-0.108593, -0.953898, 0.279794, 0.0)], [0.748301, 0.106846, 0.654698, 0.0)], [-0.65441, 0.280466, 0.7022, 0.0)], [0.0, 0.0, 0.0, 1.0)]])
0.0, 0.0, 0.0
float3(-0.28428, -0.750185, -1.45925)
1190746.44474804
limited(__ObjC.ARCamera.TrackingState.Reason.initializing)
simd_float4x4([[-0.106054, -0.956702, 0.271057, 0.0)], [0.757427, 0.0988902, 0.645388, 0.0)], [-0.644248, 0.273752, 0.714144, 0.0)], [0.0, 0.0, 0.0, 1.0)]])
0.0, 0.0, 0.0
float3(-0.277292, -0.733989, -1.4678)
1190746.54479971
limited(__ObjC.ARCamera.TrackingState.Reason.initializing)
simd_float4x4([[-0.102863, -0.958041, 0.267533, 0.0)], [0.779699, 0.0893494, 0.619747, 0.0)], [-0.617646, 0.272345, 0.737793, 0.0)], [0.0, 0.0, 0.0, 1.0)]])
0.0, 0.0, 0.0
float3(-0.275829, -0.696989, -1.4778)
1190746.64485121
limited(__ObjC.ARCamera.TrackingState.Reason.initializing)
simd_float4x4([[-0.0965766, -0.960488, 0.261023, 0.0)], [0.818513, 0.0725717, 0.569886, 0.0)], [-0.566311, 0.268688, 0.779163, 0.0)], [0.0, 0.0, 0.0, 1.0)]])
0.0, 0.0, 0.0
float3(-0.272031, -0.6285, -1.49538)
1190746.74490279
limited(__ObjC.ARCamera.TrackingState.Reason.initializing)
simd_float4x4([[-0.0856469, -0.962495, 0.25742, 0.0)], [0.863169, 0.0573573, 0.501646, 0.0)], [-0.497596, 0.265161, 0.825884, 0.0)], [0.0, 0.0, 0.0, 1.0)]])
0.0, 0.0, 0.0
float3(-0.268371, -0.542257, -1.51127)
1190746.84495454
limited(__ObjC.ARCamera.TrackingState.Reason.initializing)
simd_float4x4([[-0.0663068, -0.964498, 0.255622, 0.0)], [0.906374, 0.048906, 0.419636, 0.0)], [-0.417239, 0.259514, 0.870954, 0.0)], [0.0, 0.0, 0.0, 1.0)]])
0.0, 0.0, 0.0
float3(-0.262519, -0.446755, -1.52013)
1190746.94500612
limited(__ObjC.ARCamera.TrackingState.Reason.initializing)
simd_float4x4([[-0.0362591, -0.96862, 0.245882, 0.0)], [0.942822, 0.0484163, 0.329761, 0.0)], [-0.331317, 0.24378, 0.911481, 0.0)], [0.0, 0.0, 0.0, 1.0)]])
0.0, 0.0, 0.0
float3(-0.246262, -0.348645, -1.52085)
1190747.04505779
limited(__ObjC.ARCamera.TrackingState.Reason.initializing)
simd_float4x4([[-0.0126916, -0.971374, 0.23721, 0.0)], [0.969892, 0.0457416, 0.239201, 0.0)], [-0.243203, 0.233105, 0.941547, 0.0)], [0.0, 0.0, 0.0, 1.0)]])
0.0, 0.0, 0.0
float3(-0.235269, -0.252777, -1.52374)
1190747.14510933
limited(__ObjC.ARCamera.TrackingState.Reason.initializing)
simd_float4x4([[0.00887553, -0.972945, 0.230861, 0.0)], [0.987176, 0.0453244, 0.153061, 0.0)], [-0.159383, 0.226542, 0.960871, 0.0)], [0.0, 0.0, 0.0, 1.0)]])
0.0, 0.0, 0.0
float3(-0.228526, -0.164376, -1.52425)
1190747.24516092
limited(__ObjC.ARCamera.TrackingState.Reason.initializing)
simd_float4x4([[0.0282824, -0.975124, 0.219844, 0.0)], [0.995838, 0.0465487, 0.0783521, 0.0)], [-0.0866354, 0.216713, 0.972382, 0.0)], [0.0, 0.0, 0.0, 1.0)]])
0.0, 0.0, 0.0
float3(-0.218446, -0.0888614, -1.5231)
1190747.34521267
limited(__ObjC.ARCamera.TrackingState.Reason.initializing)
simd_float4x4([[0.0462614, -0.97765, 0.205077, 0.0)], [0.998518, 0.0511423, 0.0185556, 0.0)], [-0.0286276, 0.203915, 0.978568, 0.0)], [0.0, 0.0, 0.0, 1.0)]])
0.0, 0.0, 0.0
float3(-0.205356, -0.0292462, -1.51853)
1190747.44526421
limited(__ObjC.ARCamera.TrackingState.Reason.initializing)
simd_float4x4([[0.0663694, -0.979625, 0.189547, 0.0)], [0.997795, 0.0652071, -0.0123735, 0.0)], [-0.000237346, 0.189951, 0.981792, 0.0)], [0.0, 0.0, 0.0, 1.0)]])
0.0, 0.0, 0.0
float3(-0.191112, -0.000241748, -1.50433)
1190747.56191371
limited(__ObjC.ARCamera.TrackingState.Reason.initializing)
simd_float4x4([[0.0783105, -0.981134, 0.176752, 0.0)], [0.996762, 0.080301, 0.00412091, 0.0)], [-0.0182355, 0.175857, 0.984246, 0.0)], [0.0, 0.0, 0.0, 1.0)]])
0.0, 0.0, 0.0
float3(-0.176776, -0.0185252, -1.48913)
1190747.67856325
limited(__ObjC.ARCamera.TrackingState.Reason.initializing)
simd_float4x4([[0.0799082, -0.981393, 0.174586, 0.0)], [0.9935, 0.0926578, 0.0661236, 0.0)], [-0.0810691, 0.168168, 0.982418, 0.0)], [0.0, 0.0, 0.0, 1.0)]])
0.0, 0.0, 0.0
float3(-0.168971, -0.0823334, -1.47666)
1190747.79521246
limited(__ObjC.ARCamera.TrackingState.Reason.initializing)
simd_float4x4([[0.0629882, -0.981022, 0.183371, 0.0)], [0.983057, 0.0926792, 0.158142, 0.0)], [-0.172134, 0.170303, 0.970239, 0.0)], [0.0, 0.0, 0.0, 1.0)]])
0.0, 0.0, 0.0
float3(-0.171137, -0.175587, -1.4766)
1190747.91186212
limited(__ObjC.ARCamera.TrackingState.Reason.initializing)
simd_float4x4([[0.0383722, -0.980441, 0.193025, 0.0)], [0.957155, 0.0915481, 0.274725, 0.0)], [-0.287021, 0.174214, 0.941947, 0.0)], [0.0, 0.0, 0.0, 1.0)]])
0.0, 0.0, 0.0
float3(-0.175107, -0.295773, -1.47769)
1190748.02851167
limited(__ObjC.ARCamera.TrackingState.Reason.initializing)
simd_float4x4([[0.00837494, -0.980988, 0.193874, 0.0)], [0.914848, 0.085792, 0.394579, 0.0)], [-0.403709, 0.174061, 0.898174, 0.0)], [0.0, 0.0, 0.0, 1.0)]])
0.0, 0.0, 0.0
float3(-0.174952, -0.422419, -1.48356)
1190748.14516125
limited(__ObjC.ARCamera.TrackingState.Reason.initializing)
simd_float4x4([[-0.0223753, -0.981899, 0.18807, 0.0)], [0.853858, 0.0790817, 0.514464, 0.0)], [-0.520024, 0.172096, 0.836633, 0.0)], [0.0, 0.0, 0.0, 1.0)]])
0.0, 0.0, 0.0
float3(-0.172958, -0.556127, -1.49043)
1190748.24517971
limited(__ObjC.ARCamera.TrackingState.Reason.initializing)
simd_float4x4([[-0.0370677, -0.983927, 0.174672, 0.0)], [0.782083, 0.0802449, 0.617986, 0.0)], [-0.622069, 0.159516, 0.766538, 0.0)], [0.0, 0.0, 0.0, 1.0)]])
0.0, 0.0, 0.0
float3(-0.1602, -0.681732, -1.48942)
1190748.34523129
limited(__ObjC.ARCamera.TrackingState.Reason.initializing)
simd_float4x4([[-0.0552303, -0.984548, 0.166168, 0.0)], [0.716883, 0.0767391, 0.692957, 0.0)], [-0.695001, 0.157395, 0.701568, 0.0)], [0.0, 0.0, 0.0, 1.0)]])
0.0, 0.0, 0.0
float3(-0.158052, -0.780696, -1.49301)
1190748.44528292
limited(__ObjC.ARCamera.TrackingState.Reason.initializing)
simd_float4x4([[-0.0734597, -0.985143, 0.155218, 0.0)], [0.636232, 0.07356, 0.767982, 0.0)], [-0.76799, 0.155171, 0.621376, 0.0)], [0.0, 0.0, 0.0, 1.0)]])
0.0, 0.0, 0.0
float3(-0.1558, -0.890535, -1.49627)
1190748.54533463
limited(__ObjC.ARCamera.TrackingState.Reason.initializing)
simd_float4x4([[-0.0815101, -0.985742, 0.14719, 0.0)], [0.555736, 0.077641, 0.827725, 0.0)], [-0.827352, 0.149267, 0.541484, 0.0)], [0.0, 0.0, 0.0, 1.0)]])
0.0, 0.0, 0.0
float3(-0.149827, -0.991279, -1.49219)
1190748.64538617
limited(__ObjC.ARCamera.TrackingState.Reason.initializing)
simd_float4x4([[-0.0955258, -0.985556, 0.139822, 0.0)], [0.458403, 0.0811285, 0.885033, 0.0)], [-0.883594, 0.148638, 0.444032, 0.0)], [0.0, 0.0, 0.0, 1.0)]])
0.0, 0.0, 0.0
float3(-0.149191, -1.10513, -1.48866)
1190748.74543796
limited(__ObjC.ARCamera.TrackingState.Reason.initializing)
simd_float4x4([[-0.106737, -0.985768, 0.129861, 0.0)], [0.366149, 0.0824582, 0.926895, 0.0)], [-0.924413, 0.146482, 0.352135, 0.0)], [0.0, 0.0, 0.0, 1.0)]])
0.0, 0.0, 0.0
float3(-0.147011, -1.20684, -1.48734)
1190748.84548958
limited(__ObjC.ARCamera.TrackingState.Reason.initializing)
simd_float4x4([[-0.11249, -0.98666, 0.117654, 0.0)], [0.259412, 0.0851367, 0.962006, 0.0)], [-0.959191, 0.138737, 0.246373, 0.0)], [0.0, 0.0, 0.0, 1.0)]])
0.0, 0.0, 0.0
float3(-0.139186, -1.31938, -1.48472)
1190748.94554117
limited(__ObjC.ARCamera.TrackingState.Reason.initializing)
simd_float4x4([[-0.123056, -0.987186, 0.101567, 0.0)], [0.160242, 0.0812348, 0.983729, 0.0)], [-0.979375, 0.13733, 0.148191, 0.0)], [0.0, 0.0, 0.0, 1.0)]])
0.0, 0.0, 0.0
float3(-0.137765, -1.42062, -1.48869)
1190749.04559275
limited(__ObjC.ARCamera.TrackingState.Reason.initializing)
simd_float4x4([[-0.130493, -0.987812, 0.0848168, 0.0)], [0.049907, 0.0788935, 0.995632, 0.0)], [-0.99019, 0.134157, 0.0390019, 0.0)], [0.0, 0.0, 0.0, 1.0)]])
0.0, 0.0, 0.0
float3(-0.134563, -1.53143, -1.4911)
1190749.14564446
limited(__ObjC.ARCamera.TrackingState.Reason.initializing)
simd_float4x4([[-0.134556, -0.988439, 0.069845, 0.0)], [-0.0433615, 0.0762902, 0.996141, 0.0)], [-0.989954, 0.131009, -0.0531274, 0.0)], [0.0, 0.0, 0.0, 1.0)]])
0.0, 0.0, 0.0
float3(-0.131387, -1.62441, -1.49377)
1190749.24569608
limited(__ObjC.ARCamera.TrackingState.Reason.initializing)
simd_float4x4([[-0.140372, -0.988953, 0.0475781, 0.0)], [-0.127656, 0.0657287, 0.989637, 0.0)], [-0.981832, 0.132845, -0.135474, 0.0)], [0.0, 0.0, 0.0, 1.0)]])
0.0, 0.0, 0.0
float3(-0.133238, -1.70791, -1.50443)
1190749.34574792
normal
simd_float4x4([[-0.149814, -0.987769, 0.0432328, 0.0)], [-0.170735, 0.0689152, 0.982904, 0.0)], [-0.973861, 0.139872, -0.178972, 0.0)], [0.0, 0.0, 0.0, 1.0)]])
0.0, 0.0, 0.0
float3(-0.140332, -1.75254, -1.50114)
1190749.44579942
normal
simd_float4x4([[-0.146767, -0.988298, 0.041541, 0.0)], [-0.184985, 0.0686775, 0.980339, 0.0)], [-0.97172, 0.136197, -0.1929, 0.0)], [-0.00224975, 0.00245358, 0.00214544, 1.0)]])
-0.00224975, 0.00245358, 0.00214544
float3(-0.136621, -1.76676, -1.50142)
1190749.54585112
normal
simd_float4x4([[-0.142589, -0.988946, 0.0406665, 0.0)], [-0.16226, 0.063886, 0.984678, 0.0)], [-0.976391, 0.133805, -0.169575, 0.0)], [-0.0104931, 0.00332217, -0.0142736, 1.0)]])
-0.0104931, 0.00332217, -0.0142736
float3(-0.134208, -1.74276, -1.50629)
1190749.64590279
normal
simd_float4x4([[-0.141244, -0.98891, 0.0458996, 0.0)], [-0.105928, 0.0611952, 0.992489, 0.0)], [-0.984291, 0.135321, -0.113397, 0.0)], [-0.0173364, 0.00618531, -0.0422235, 1.0)]])
-0.0173364, 0.00618531, -0.0422235
float3(-0.135738, -1.6855, -1.50899)
1190749.74595446
normal
simd_float4x4([[-0.14229, -0.988323, 0.0545041, 0.0)], [-0.0234764, 0.0584186, 0.998016, 0.0)], [-0.989546, 0.140728, -0.0315147, 0.0)], [-0.0245547, 0.00881034, -0.0779439, 1.0)]])
-0.0245547, 0.00881034, -0.0779439
float3(-0.141197, -1.60263, -1.51176)
1190749.84600625
normal
simd_float4x4([[-0.135461, -0.988248, 0.0708317, 0.0)], [0.0739899, 0.0612009, 0.995379, 0.0)], [-0.988016, 0.140076, 0.06483, 0.0)], [-0.0344854, 0.0100509, -0.120811, 1.0)]])
-0.0344854, 0.0100509, -0.120811
float3(-0.140538, -1.50527, -1.50895)
1190749.94605771
normal
simd_float4x4([[-0.128327, -0.987739, 0.088903, 0.0)], [0.171837, 0.0661426, 0.982902, 0.0)], [-0.976731, 0.14141, 0.161242, 0.0)], [-0.0480075, 0.010762, -0.165554, 1.0)]])
-0.0480075, 0.010762, -0.165554
float3(-0.141886, -1.40719, -1.50393)
1190750.04610962
normal
simd_float4x4([[-0.133593, -0.985776, 0.101969, 0.0)], [0.268874, 0.0629799, 0.961114, 0.0)], [-0.953866, 0.155815, 0.256636, 0.0)], [-0.0618615, 0.0112195, -0.204626, 1.0)]])
-0.0618615, 0.0112195, -0.204626
float3(-0.156452, -1.30797, -1.50699)
1190750.14616117
normal
simd_float4x4([[-0.109242, -0.986162, 0.124705, 0.0)], [0.336298, 0.0813904, 0.938232, 0.0)], [-0.935398, 0.144432, 0.322753, 0.0)], [-0.0823664, 0.0116601, -0.242342, 1.0)]])
-0.0823664, 0.0116601, -0.242342
float3(-0.144939, -1.23854, -1.48845)
1190750.24621288
normal
simd_float4x4([[-0.0893758, -0.98673, 0.135555, 0.0)], [0.377634, 0.0923662, 0.921337, 0.0)], [-0.921632, 0.133535, 0.364368, 0.0)], [-0.095438, 0.0125801, -0.263379, 1.0)]])
-0.095438, 0.0125801, -0.263379
float3(-0.133935, -1.1943, -1.47746)
1190750.34626454
normal
simd_float4x4([[-0.068234, -0.987092, 0.144891, 0.0)], [0.390586, 0.107207, 0.914303, 0.0)], [-0.918034, 0.118979, 0.378229, 0.0)], [-0.099845, 0.013111, -0.275531, 1.0)]])
-0.099845, 0.013111, -0.275531
float3(-0.119261, -1.17999, -1.46261)
1190750.44631621
normal
simd_float4x4([[-0.0568412, -0.986415, 0.154128, 0.0)], [0.383817, 0.120924, 0.915457, 0.0)], [-0.921658, 0.111193, 0.37173, 0.0)], [-0.0977229, 0.0121586, -0.289353, 1.0)]])
-0.0977229, 0.0121586, -0.289353
float3(-0.111423, -1.18743, -1.44882)
1190750.54636792
normal
simd_float4x4([[-0.0306936, -0.988468, 0.148288, 0.0)], [0.334736, 0.129625, 0.933354, 0.0)], [-0.941812, 0.0782852, 0.326897, 0.0)], [-0.0920272, 0.0113515, -0.296258, 1.0)]])
-0.0920272, 0.0113515, -0.296258
float3(-0.0783653, -1.23671, -1.4404)
1190750.64641963
normal
simd_float4x4([[-0.0189271, -0.988796, 0.148071, 0.0)], [0.241288, 0.139203, 0.960418, 0.0)], [-0.970269, 0.0539056, 0.235949, 0.0)], [-0.0767445, 0.0109321, -0.298226, 1.0)]])
-0.0767445, 0.0109321, -0.298226
float3(-0.0539317, -1.33225, -1.43094)
1190750.74647125
normal
simd_float4x4([[-0.0151754, -0.988154, 0.152714, 0.0)], [0.0966475, 0.150566, 0.983864, 0.0)], [-0.995203, 0.02969, 0.0932178, 0.0)], [-0.0569818, 0.0132417, -0.290312, 1.0)]])
-0.0569818, 0.0132417, -0.290312
float3(-0.0296943, -1.4774, -1.41959)
1190750.846523
normal
simd_float4x4([[-0.00355495, -0.988081, 0.153896, 0.0)], [-0.0734953, 0.153739, 0.985374, 0.0)], [-0.997289, -0.00780769, -0.0731659, 0.0)], [-0.0378036, 0.0155797, -0.271423, 1.0)]])
-0.0378036, 0.0155797, -0.271423
float3(0.00780776, -1.64403, -1.41644)
1190750.94657454
normal
simd_float4x4([[0.009467, -0.985345, 0.17031, 0.0)], [-0.250186, 0.162567, 0.954452, 0.0)], [-0.968152, -0.0516451, -0.244981, 0.0)], [-0.0211066, 0.0179755, -0.257184, 1.0)]])
-0.0211066, 0.0179755, -0.257184
float3(0.0516681, -1.81863, -1.40728)
1190751.04662638
normal
simd_float4x4([[-0.0025154, -0.985134, 0.171769, 0.0)], [-0.416513, 0.157193, 0.895437, 0.0)], [-0.909126, -0.0692917, -0.410716, 0.0)], [-0.00349751, 0.0227255, -0.241004, 1.0)]])
-0.00349751, 0.0227255, -0.241004
float3(0.0693473, -1.99512, -1.41256)
1190751.14667796
normal
simd_float4x4([[-0.0132352, -0.988403, 0.151275, 0.0)], [-0.580468, 0.130781, 0.803712, 0.0)], [-0.814175, -0.0771731, -0.575468, 0.0)], [0.00548813, 0.0265497, -0.22126, 1.0)]])
0.00548813, 0.0265497, -0.22126
float3(0.0772499, -2.18608, -1.43925)
1190751.24672979
normal
simd_float4x4([[-0.0263426, -0.992516, 0.119236, 0.0)], [-0.727241, 0.100865, 0.678931, 0.0)], [-0.685877, -0.0688284, -0.724455, 0.0)], [0.0100876, 0.0344287, -0.205966, 1.0)]])
0.0100876, 0.0344287, -0.205966
float3(0.0688829, -2.38354, -1.46952)
1190751.34678146
normal
simd_float4x4([[-0.0279939, -0.994334, 0.102545, 0.0)], [-0.838143, 0.0792517, 0.539663, 0.0)], [-0.544732, -0.0708403, -0.835613, 0.0)], [0.000958771, 0.0452021, -0.199387, 1.0)]])
0.000958771, 0.0452021, -0.199387
float3(0.0708997, -2.56389, -1.49126)
1190751.44683292
normal
simd_float4x4([[-0.0281959, -0.995217, 0.0935349, 0.0)], [-0.910618, 0.0641671, 0.408237, 0.0)], [-0.412286, -0.0736639, -0.908071, 0.0)], [-0.0172536, 0.0561703, -0.195356, 1.0)]])
-0.0172536, 0.0561703, -0.195356
float3(0.0737307, -2.7154, -1.50641)
1190751.54688471
normal
simd_float4x4([[-0.0339983, -0.994904, 0.0949197, 0.0)], [-0.957822, 0.059552, 0.281124, 0.0)], [-0.285344, -0.0813584, -0.954966, 0.0)], [-0.0415729, 0.0681241, -0.198649, 1.0)]])
-0.0415729, 0.0681241, -0.198649
float3(0.0814484, -2.85124, -1.51101)
1190751.64693642
normal
simd_float4x4([[-0.0395058, -0.995036, 0.0913351, 0.0)], [-0.982634, 0.0552725, 0.177133, 0.0)], [-0.181302, -0.0827512, -0.97994, 0.0)], [-0.0693221, 0.0766522, -0.202569, 1.0)]])
-0.0693221, 0.0766522, -0.202569
float3(0.0828459, -2.95865, -1.51531)
1190751.74698829
normal
simd_float4x4([[-0.0397242, -0.994451, 0.0974157, 0.0)], [-0.994708, 0.0486022, 0.0905244, 0.0)], [-0.0947567, -0.0933042, -0.991118, 0.0)], [-0.0946906, 0.0831511, -0.208899, 1.0)]])
-0.0946906, 0.0831511, -0.208899
float3(0.0934401, -3.04628, -1.52196)
1190751.84703996
normal
simd_float4x4([[-0.037893, -0.994044, 0.102183, 0.0)], [-0.998721, 0.0410979, 0.0294423, 0.0)], [-0.0334664, -0.100936, -0.99433, 0.0)], [-0.117513, 0.0881954, -0.214746, 1.0)]])
-0.117513, 0.0881954, -0.214746
float3(0.101109, -3.10795, -1.52948)
1190751.96368954
normal
simd_float4x4([[-0.0362303, -0.993867, 0.104474, 0.0)], [-0.998927, 0.0329983, -0.0325004, 0.0)], [0.0288537, -0.105539, -0.993997, 0.0)], [-0.143658, 0.0931616, -0.221788, 1.0)]])
-0.143658, 0.0931616, -0.221788
float3(0.105736, 3.11257, -1.53761)
1190752.08033921
normal
simd_float4x4([[-0.0310033, -0.996087, 0.0827587, 0.0)], [-0.996116, 0.0239647, -0.084727, 0.0)], [0.0824122, -0.0850641, -0.992961, 0.0)], [-0.161275, 0.0989403, -0.215505, 1.0)]])
-0.161275, 0.0989403, -0.215505
float3(0.085167, 3.05879, -1.54674)
1190752.19698854
normal
simd_float4x4([[-0.0294414, -0.997928, 0.0572104, 0.0)], [-0.991021, 0.0216737, -0.131938, 0.0)], [0.130424, -0.0605811, -0.989606, 0.0)], [-0.166972, 0.101936, -0.208953, 1.0)]])
-0.166972, 0.101936, -0.208953
float3(0.0606183, 3.01055, -1.54908)
1190752.31363821
normal
simd_float4x4([[-0.0415572, -0.999061, 0.0122293, 0.0)], [-0.986044, 0.0390347, -0.161843, 0.0)], [0.161214, -0.0187844, -0.986741, 0.0)], [-0.155461, 0.104666, -0.183299, 1.0)]])
-0.155461, 0.104666, -0.183299
float3(0.0187855, 2.97964, -1.53174)
1190752.43028788
normal
simd_float4x4([[-0.0477355, -0.998856, -0.00276985, 0.0)], [-0.984302, 0.0475113, -0.169981, 0.0)], [0.169918, -0.00538775, -0.985444, 0.0)], [-0.12337, 0.101838, -0.164263, 1.0)]])
-0.12337, 0.101838, -0.164263
float3(0.00538778, 2.97084, -1.52327)
1190752.54693733
normal
simd_float4x4([[-0.0432977, -0.999058, 0.00292053, 0.0)], [-0.985049, 0.0422023, -0.167027, 0.0)], [0.166747, -0.0101088, -0.985948, 0.0)], [-0.108389, 0.108903, -0.166, 1.0)]])
-0.108389, 0.108903, -0.166
float3(0.0101089, 2.97406, -1.52858)
1190752.66358687
normal
simd_float4x4([[-0.0397866, -0.999108, 0.0141286, 0.0)], [-0.986147, 0.0369838, -0.1617, 0.0)], [0.161033, -0.0203664, -0.986739, 0.0)], [-0.102168, 0.112715, -0.177684, 1.0)]])
-0.102168, 0.112715, -0.177684
float3(0.0203678, 2.97982, -1.5338)
1190752.78023667
normal
simd_float4x4([[-0.0378778, -0.999126, 0.0176928, 0.0)], [-0.985826, 0.034466, -0.164194, 0.0)], [0.163441, -0.0236613, -0.986269, 0.0)], [-0.097559, 0.115646, -0.184848, 1.0)]])
-0.097559, 0.115646, -0.184848
float3(0.0236635, 2.97737, -1.53631)
1190752.89688621
normal
simd_float4x4([[-0.0309821, -0.999395, 0.0158196, 0.0)], [-0.984618, 0.0277936, -0.172497, 0.0)], [0.171953, -0.0209205, -0.984883, 0.0)], [-0.0976156, 0.118458, -0.190633, 1.0)]])
-0.0976156, 0.118458, -0.190633
float3(0.0209221, 2.96874, -1.54299)
1190753.01353579
normal
simd_float4x4([[-0.0291078, -0.999254, 0.0253657, 0.0)], [-0.982529, 0.0239356, -0.184563, 0.0)], [0.183819, -0.0302948, -0.982493, 0.0)], [-0.0962401, 0.120783, -0.195747, 1.0)]])
-0.0962401, 0.120783, -0.195747
float3(0.0302994, 2.95664, -1.54685)
1190753.13018542
normal
simd_float4x4([[-0.0316508, -0.999, 0.0315735, 0.0)], [-0.981841, 0.0251644, -0.188031, 0.0)], [0.187049, -0.0369515, -0.981655, 0.0)], [-0.0956937, 0.121546, -0.197769, 1.0)]])
-0.0956937, 0.121546, -0.197769
float3(0.0369599, 2.95331, -1.54561)
1190753.24683508
normal
simd_float4x4([[-0.0306285, -0.999102, 0.0292764, 0.0)], [-0.981967, 0.0246107, -0.187442, 0.0)], [0.186553, -0.0344895, -0.981839, 0.0)], [-0.0957377, 0.120924, -0.196374, 1.0)]])
-0.0957377, 0.120924, -0.196374
float3(0.0344964, 2.95383, -1.54617)
1190753.36348475
normal
simd_float4x4([[-0.0301046, -0.999199, 0.0263606, 0.0)], [-0.981738, 0.0246019, -0.188639, 0.0)], [0.18784, -0.0315581, -0.981693, 0.0)], [-0.0946013, 0.120047, -0.194454, 1.0)]])
-0.0946013, 0.120047, -0.194454
float3(0.0315634, 2.95254, -1.54618)
1190753.48013421
normal
simd_float4x4([[-0.0299206, -0.999224, 0.025608, 0.0)], [-0.981519, 0.0245267, -0.189784, 0.0)], [0.189009, -0.0308132, -0.981492, 0.0)], [-0.093739, 0.119633, -0.192703, 1.0)]])
-0.093739, 0.119633, -0.192703
float3(0.0308181, 2.95135, -1.54626)
1190753.596784
normal
simd_float4x4([[-0.0310405, -0.999216, 0.0245592, 0.0)], [-0.98189, 0.0258895, -0.187674, 0.0)], [0.186891, -0.02994, -0.981924, 0.0)], [-0.091853, 0.119482, -0.191914, 1.0)]])
-0.091853, 0.119482, -0.191914
float3(0.0299444, 2.95351, -1.54489)
1190753.71343367
normal
simd_float4x4([[-0.0311545, -0.999115, 0.0282653, 0.0)], [-0.981982, 0.0253224, -0.187268, 0.0)], [0.186387, -0.0335903, -0.981902, 0.0)], [-0.0914077, 0.119212, -0.192199, 1.0)]])
-0.0914077, 0.119212, -0.192199
float3(0.0335966, 2.954, -1.54546)
1190753.83008325
normal
simd_float4x4([[-0.0275225, -0.999159, 0.0303842, 0.0)], [-0.981179, 0.0211906, -0.191934, 0.0)], [0.191129, -0.0350948, -0.980937, 0.0)], [-0.0916397, 0.119287, -0.191838, 1.0)]])
-0.0916397, 0.119287, -0.191838
float3(0.035102, 2.94916, -1.54959)
1190753.94673275
normal
simd_float4x4([[-0.0249401, -0.99922, 0.0306101, 0.0)], [-0.980628, 0.0185022, -0.195006, 0.0)], [0.194287, -0.0348806, -0.980324, 0.0)], [-0.09127, 0.119378, -0.190721, 1.0)]])
-0.09127, 0.119378, -0.190721
float3(0.0348877, 2.94594, -1.55228)
1190754.0633825
normal
simd_float4x4([[-0.0235008, -0.999263, 0.0303649, 0.0)], [-0.974767, 0.0161593, -0.222637, 0.0)], [0.221983, -0.0348308, -0.974428, 0.0)], [-0.0863471, 0.113955, -0.192773, 1.0)]])
-0.0863471, 0.113955, -0.192773
float3(0.0348379, 2.91761, -1.55463)
1190754.18003221
normal
simd_float4x4([[-0.0258676, -0.999216, 0.0299755, 0.0)], [-0.974108, 0.018458, -0.225328, 0.0)], [0.224598, -0.035028, -0.973822, 0.0)], [-0.0858894, 0.11426, -0.191604, 1.0)]])
-0.0858894, 0.11426, -0.191604
float3(0.0350352, 2.91492, -1.55233)
1190754.29668179
normal
simd_float4x4([[-0.0262049, -0.999204, 0.0300794, 0.0)], [-0.974334, 0.0187998, -0.22432, 0.0)], [0.223576, -0.0351857, -0.974051, 0.0)], [-0.0860543, 0.114287, -0.19104, 1.0)]])
-0.0860543, 0.114287, -0.19104
float3(0.035193, 2.91597, -1.55198)
1190754.41333142
normal
simd_float4x4([[-0.0270856, -0.999121, 0.0319957, 0.0)], [-0.974897, 0.0193256, -0.221816, 0.0)], [0.221002, -0.0372006, -0.974564, 0.0)], [-0.084669, 0.114136, -0.191627, 1.0)]])
-0.084669, 0.114136, -0.191627
float3(0.0372091, 2.91859, -1.55146)
1190754.52998125
normal
simd_float4x4([[-0.0262331, -0.999117, 0.0328098, 0.0)], [-0.97509, 0.0183433, -0.22105, 0.0)], [0.220253, -0.0377913, -0.974711, 0.0)], [-0.0850817, 0.113797, -0.191966, 1.0)]])
-0.0850817, 0.113797, -0.191966
float3(0.0378003, 2.91936, -1.55244)
1190754.64663075
normal
simd_float4x4([[-0.0280344, -0.999022, 0.0341852, 0.0)], [-0.974721, 0.019737, -0.222551, 0.0)], [0.221659, -0.0395601, -0.974321, 0.0)], [-0.0842789, 0.113888, -0.191647, 1.0)]])
-0.0842789, 0.113888, -0.191647
float3(0.0395704, 2.9179, -1.55104)
1190754.76328046
normal
simd_float4x4([[-0.0289759, -0.999013, 0.0336613, 0.0)], [-0.975079, 0.0208393, -0.220878, 0.0)], [0.219958, -0.0392225, -0.974721, 0.0)], [-0.0837527, 0.113792, -0.191659, 1.0)]])
-0.0837527, 0.113792, -0.191659
float3(0.0392326, 2.91965, -1.54994)
1190754.87993029
normal
simd_float4x4([[-0.0289271, -0.999007, 0.0338976, 0.0)], [-0.975069, 0.0207374, -0.220933, 0.0)], [0.22001, -0.0394435, -0.9747, 0.0)], [-0.0838185, 0.113247, -0.192334, 1.0)]])
-0.0838185, 0.113247, -0.192334
float3(0.0394537, 2.91959, -1.55004)
1190754.99657988
normal
simd_float4x4([[-0.0311441, -0.998909, 0.0347946, 0.0)], [-0.974961, 0.022692, -0.221214, 0.0)], [0.220183, -0.0408129, -0.974604, 0.0)], [-0.0833492, 0.112707, -0.193325, 1.0)]])
-0.0833492, 0.112707, -0.193325
float3(0.0408243, 2.9194, -1.54808)
1190755.11322954
normal
simd_float4x4([[-0.0297824, -0.998853, 0.0374818, 0.0)], [-0.974907, 0.0207512, -0.221645, 0.0)], [0.220613, -0.0431423, -0.974407, 0.0)], [-0.0842115, 0.112851, -0.194568, 1.0)]])
-0.0842115, 0.112851, -0.194568
float3(0.0431557, 2.91894, -1.55002)
1190755.22987933
normal
simd_float4x4([[-0.0325502, -0.998635, 0.040847, 0.0)], [-0.974439, 0.0226194, -0.22351, 0.0)], [0.222281, -0.0470782, -0.973845, 0.0)], [-0.0831081, 0.112184, -0.19504, 1.0)]])
-0.0831081, 0.112184, -0.19504
float3(0.0470956, 2.91719, -1.54815)
1190755.346529
normal
simd_float4x4([[-0.0367831, -0.998184, 0.0477134, 0.0)], [-0.975054, 0.0253902, -0.220511, 0.0)], [0.218899, -0.0546342, -0.974217, 0.0)], [-0.0817978, 0.111557, -0.196154, 1.0)]])
-0.0817978, 0.111557, -0.196154
float3(0.0546615, 2.92057, -1.54537)
1190755.46317875
normal
simd_float4x4([[-0.035633, -0.99822, 0.0478159, 0.0)], [-0.975303, 0.0242991, -0.219531, 0.0)], [0.217978, -0.0544575, -0.974433, 0.0)], [-0.0812125, 0.111067, -0.19595, 1.0)]])
-0.0812125, 0.111067, -0.19595
float3(0.0544845, 2.92152, -1.54646)
1190755.57982833
normal
simd_float4x4([[-0.037783, -0.997808, 0.0543287, 0.0)], [-0.97419, 0.0246717, -0.224378, 0.0)], [0.222546, -0.0614042, -0.972986, 0.0)], [-0.0800561, 0.110791, -0.196941, 1.0)]])
-0.0800561, 0.110791, -0.196941
float3(0.0614428, 2.91674, -1.54608)
1190755.69647812
normal
simd_float4x4([[-0.0367699, -0.997959, 0.0522029, 0.0)], [-0.975107, 0.0243995, -0.220387, 0.0)], [0.218664, -0.0590071, -0.974015, 0.0)], [-0.0798592, 0.110526, -0.195903, 1.0)]])
-0.0798592, 0.110526, -0.195903
float3(0.0590414, 2.92076, -1.54635)
1190755.81312788
normal
simd_float4x4([[-0.0358824, -0.998118, 0.0497198, 0.0)], [-0.975595, 0.0242015, -0.218238, 0.0)], [0.216624, -0.0563373, -0.974628, 0.0)], [-0.078872, 0.109649, -0.196237, 1.0)]])
-0.078872, 0.109649, -0.196237
float3(0.0563671, 2.92288, -1.54655)
1190755.92977746
normal
simd_float4x4([[-0.0366516, -0.997996, 0.0515846, 0.0)], [-0.975773, 0.0245986, -0.217397, 0.0)], [0.215692, -0.0583028, -0.974719, 0.0)], [-0.0778913, 0.109314, -0.197765, 1.0)]])
-0.0778913, 0.109314, -0.197765
float3(0.0583359, 2.92382, -1.54615)
1190756.04642721
normal
simd_float4x4([[-0.0391929, -0.997761, 0.054194, 0.0)], [-0.975498, 0.0264554, -0.21841, 0.0)], [0.216487, -0.0614263, -0.974351, 0.0)], [-0.0767569, 0.109224, -0.197918, 1.0)]])
-0.0767569, 0.109224, -0.197918
float3(0.061465, 2.92296, -1.54429)
1190756.16307708
normal
simd_float4x4([[-0.0392072, -0.997774, 0.0539455, 0.0)], [-0.975668, 0.0265717, -0.217639, 0.0)], [0.215721, -0.0611659, -0.974538, 0.0)], [-0.0761995, 0.109108, -0.1986, 1.0)]])
-0.0761995, 0.109108, -0.1986
float3(0.0612041, 2.92375, -1.54417)
1190756.27972679
normal
simd_float4x4([[-0.0405169, -0.997704, 0.0542631, 0.0)], [-0.976089, 0.0279145, -0.215573, 0.0)], [0.213564, -0.0617, -0.974979, 0.0)], [-0.0740244, 0.108706, -0.19986, 1.0)]])
-0.0740244, 0.108706, -0.19986
float3(0.0617392, 2.92595, -1.54282)
1190756.39637642
normal
simd_float4x4([[-0.0424787, -0.997821, 0.0504877, 0.0)], [-0.979985, 0.031776, -0.196519, 0.0)], [0.194486, -0.057825, -0.979199, 0.0)], [-0.0695154, 0.107821, -0.201786, 1.0)]])
-0.0695154, 0.107821, -0.201786
float3(0.0578573, 2.94553, -1.53896)
1190756.51302621
normal
simd_float4x4([[-0.0473684, -0.997297, 0.0561704, 0.0)], [-0.990258, 0.0395139, -0.13352, 0.0)], [0.130939, -0.0619478, -0.989453, 0.0)], [-0.052408, 0.105879, -0.21292, 1.0)]])
-0.052408, 0.105879, -0.21292
float3(0.0619875, 3.01002, -1.5312)
1190756.62967613
normal
simd_float4x4([[-0.0514428, -0.997066, 0.0566889, 0.0)], [-0.998534, 0.0503941, -0.0197757, 0.0)], [0.0168608, -0.0576231, -0.998196, 0.0)], [-0.0192444, 0.101251, -0.232154, 1.0)]])
-0.0192444, 0.101251, -0.232154
float3(0.057655, 3.1247, -1.5203)
1190756.74632583
normal
simd_float4x4([[-0.0610131, -0.996742, 0.0527591, 0.0)], [-0.987414, 0.0680004, 0.142792, 0.0)], [-0.145915, -0.0433829, -0.988346, 0.0)], [0.0241083, 0.0913402, -0.263931, 1.0)]])
0.0241083, 0.0913402, -0.263931
float3(0.0433965, -2.99502, -1.50268)
1190756.8629755
normal
simd_float4x4([[-0.0808977, -0.995341, 0.0524626, 0.0)], [-0.940592, 0.0936502, 0.326368, 0.0)], [-0.329761, -0.0229435, -0.943786, 0.0)], [0.0710387, 0.0793578, -0.307989, 1.0)]])
0.0710387, 0.0793578, -0.307989
float3(0.0229455, -2.80545, -1.47698)
1190756.97962533
normal
simd_float4x4([[-0.104717, -0.992874, 0.0568816, 0.0)], [-0.851065, 0.119058, 0.511384, 0.0)], [-0.514512, 0.00514062, -0.857468, 0.0)], [0.114354, 0.0690717, -0.360742, 1.0)]])
0.114354, 0.0690717, -0.360742
float3(-0.00514064, -2.60115, -1.45145)
1190757.07966617
normal
simd_float4x4([[-0.125362, -0.988552, 0.083964, 0.0)], [-0.74537, 0.1497, 0.649626, 0.0)], [-0.654758, 0.0188543, -0.755603, 0.0)], [0.146971, 0.0608645, -0.413409, 1.0)]])
0.146971, 0.0608645, -0.413409
float3(-0.0188554, -2.42758, -1.4205)
1190757.17971796
normal
simd_float4x4([[-0.1342, -0.985266, 0.106027, 0.0)], [-0.626996, 0.167278, 0.760851, 0.0)], [-0.767376, 0.0356273, -0.640207, 0.0)], [0.172628, 0.0536551, -0.462616, 1.0)]])
0.172628, 0.0536551, -0.462616
float3(-0.0356348, -2.26609, -1.40262)
1190757.27976992
normal
simd_float4x4([[-0.135446, -0.983193, 0.122419, 0.0)], [-0.503659, 0.174727, 0.846049, 0.0)], [-0.853219, 0.0529367, -0.51886, 0.0)], [0.194369, 0.0472512, -0.507619, 1.0)]])
0.194369, 0.0472512, -0.507619
float3(-0.0529614, -2.11717, -1.39492)
1190757.37982167
normal
simd_float4x4([[-0.130871, -0.981682, 0.13847, 0.0)], [-0.375321, 0.178334, 0.909577, 0.0)], [-0.917609, 0.067067, -0.391784, 0.0)], [0.215436, 0.0427951, -0.549908, 1.0)]])
0.215436, 0.0427951, -0.549908
float3(-0.0671174, -1.97433, -1.39109)
1190757.47987367
normal
simd_float4x4([[-0.127846, -0.981393, 0.14326, 0.0)], [-0.245727, 0.171285, 0.954086, 0.0)], [-0.960871, 0.0867736, -0.263052, 0.0)], [0.238569, 0.0396435, -0.584868, 1.0)]])
0.238569, 0.0396435, -0.584868
float3(-0.0868829, -1.83801, -1.398)
1190757.5799255
normal
simd_float4x4([[-0.115589, -0.980892, 0.156491, 0.0)], [-0.130691, 0.171196, 0.97653, 0.0)], [-0.984662, 0.0924242, -0.147982, 0.0)], [0.259506, 0.0377449, -0.618091, 1.0)]])
0.259506, 0.0377449, -0.618091
float3(-0.0925562, -1.71997, -1.39801)
1190757.67997738
normal
simd_float4x4([[-0.0920031, -0.978816, 0.182905, 0.0)], [-0.00562457, 0.184192, 0.982874, 0.0)], [-0.995743, 0.0893987, -0.0224516, 0.0)], [0.278328, 0.037351, -0.648359, 1.0)]])
0.278328, 0.037351, -0.648359
float3(-0.0895182, -1.59334, -1.38479)
1190757.78002917
normal
simd_float4x4([[-0.0858786, -0.977884, 0.190703, 0.0)], [0.121205, 0.179734, 0.97622, 0.0)], [-0.988905, 0.106951, 0.103089, 0.0)], [0.292816, 0.0350942, -0.668793, 1.0)]])
0.292816, 0.0350942, -0.668793
float3(-0.107156, -1.46693, -1.38903)
1190757.88008113
normal
simd_float4x4([[-0.103674, -0.978096, 0.180496, 0.0)], [0.260321, 0.148464, 0.95404, 0.0)], [-0.95994, 0.145896, 0.239227, 0.0)], [0.306911, 0.0339276, -0.681908, 1.0)]])
0.306911, 0.0339276, -0.681908
float3(-0.146419, -1.32656, -1.42016)
1190757.980133
normal
simd_float4x4([[-0.172736, -0.972511, 0.156153, 0.0)], [0.416778, 0.0714773, 0.906194, 0.0)], [-0.892445, 0.221614, 0.392974, 0.0)], [0.32131, 0.0321968, -0.701591, 1.0)]])
0.32131, 0.0321968, -0.701591
float3(-0.223469, -1.15601, -1.49743)
1190758.08018483
normal
simd_float4x4([[-0.206881, -0.966568, 0.151478, 0.0)], [0.522068, 0.0218793, 0.852623, 0.0)], [-0.827433, 0.255473, 0.500089, 0.0)], [0.319819, 0.0358091, -0.728179, 1.0)]])
0.319819, 0.0358091, -0.728179
float3(-0.258337, -1.02716, -1.54816)
1190758.18023692
normal
simd_float4x4([[-0.221302, -0.963626, 0.149837, 0.0)], [0.642668, -0.0285455, 0.765613, 0.0)], [-0.733487, 0.265727, 0.625609, 0.0)], [0.306103, 0.035838, -0.761011, 1.0)]])
0.306103, 0.035838, -0.761011
float3(-0.268958, -0.864607, -1.60041)
1190758.28028858
normal
simd_float4x4([[-0.16186, -0.976009, 0.145627, 0.0)], [0.72411, -0.017212, 0.68947, 0.0)], [-0.670422, 0.217047, 0.709524, 0.0)], [0.277413, 0.0305687, -0.794772, 1.0)]])
0.277413, 0.0305687, -0.794772
float3(-0.218788, -0.75707, -1.58843)
1190758.3803405
normal
simd_float4x4([[-0.116325, -0.980582, 0.157885, 0.0)], [0.777739, 0.00893792, 0.628524, 0.0)], [-0.617731, 0.195906, 0.761597, 0.0)], [0.257852, 0.0216607, -0.831758, 1.0)]])
0.257852, 0.0216607, -0.831758
float3(-0.197181, -0.681472, -1.56168)
1190758.48039242
normal
simd_float4x4([[-0.0869586, -0.983323, 0.159731, 0.0)], [0.809019, 0.0238566, 0.587299, 0.0)], [-0.581315, 0.180296, 0.793452, 0.0)], [0.245477, 0.0139399, -0.87158, 1.0)]])
0.245477, 0.0139399, -0.87158
float3(-0.181287, -0.632298, -1.54654)
1190758.58044429
normal
simd_float4x4([[-0.0498752, -0.989617, 0.134799, 0.0)], [0.805456, 0.0399505, 0.591307, 0.0)], [-0.590553, 0.138067, 0.7951, 0.0)], [0.240829, 0.00760564, -0.910203, 1.0)]])
0.240829, 0.00760564, -0.910203
float3(-0.138509, -0.638839, -1.53045)
1190758.68049621
normal
simd_float4x4([[-0.0278863, -0.988931, 0.145735, 0.0)], [0.798353, 0.0657003, 0.598595, 0.0)], [-0.601543, 0.133041, 0.787684, 0.0)], [0.240491, -0.0045108, -0.953531, 1.0)]])
0.240491, -0.0045108, -0.953531
float3(-0.133436, -0.652203, -1.50446)
1190758.78054808
normal
simd_float4x4([[-0.0633001, -0.975476, 0.210809, 0.0)], [0.798621, 0.0771645, 0.596867, 0.0)], [-0.598497, 0.206138, 0.77415, 0.0)], [0.248797, -0.0135002, -1.00739, 1.0)]])
0.248797, -0.0135002, -1.00739
float3(-0.207627, -0.658123, -1.49186)
1190758.88060013
normal
simd_float4x4([[-0.0525809, -0.978972, 0.197103, 0.0)], [0.768842, 0.0862707, 0.633593, 0.0)], [-0.637274, 0.184856, 0.748138, 0.0)], [0.250237, -0.0246249, -1.04937, 1.0)]])
0.250237, -0.0246249, -1.04937
float3(-0.185925, -0.705546, -1.4829)
1190758.98065183
normal
simd_float4x4([[-0.0605878, -0.972147, 0.226407, 0.0)], [0.766744, 0.0998994, 0.634132, 0.0)], [-0.639087, 0.212017, 0.739335, 0.0)], [0.262229, -0.0301006, -1.09704, 1.0)]])
0.262229, -0.0301006, -1.09704
float3(-0.213639, -0.7128, -1.46839)
1190759.08070375
normal
simd_float4x4([[-0.0444772, -0.97659, 0.21046, 0.0)], [0.741865, 0.108805, 0.661663, 0.0)], [-0.669073, 0.185562, 0.719658, 0.0)], [0.279343, -0.0427493, -1.1431, 1.0)]])
0.279343, -0.0427493, -1.1431
float3(-0.186644, -0.748989, -1.45984)
1190759.18075575
normal
simd_float4x4([[-0.0728708, -0.971586, 0.225189, 0.0)], [0.741253, 0.0983004, 0.663989, 0.0)], [-0.667258, 0.215307, 0.713028, 0.0)], [0.313482, -0.0608706, -1.21134, 1.0)]])
0.313482, -0.0608706, -1.21134
float3(-0.217007, -0.752251, -1.46996)
1190759.28080758
normal
simd_float4x4([[-0.0807115, -0.975117, 0.206478, 0.0)], [0.740596, 0.0799725, 0.667175, 0.0)], [-0.667086, 0.206765, 0.715712, 0.0)], [0.351683, -0.0735044, -1.28162, 1.0)]])
0.351683, -0.0735044, -1.28162
float3(-0.208268, -0.750247, -1.48897)
1190759.38085946
normal
simd_float4x4([[-0.0432257, -0.98488, 0.167761, 0.0)], [0.726328, 0.0843183, 0.682156, 0.0)], [-0.685987, 0.151336, 0.711701, 0.0)], [0.388773, -0.0661636, -1.35778, 1.0)]])
0.388773, -0.0661636, -1.35778
float3(-0.15192, -0.767003, -1.48539)
1190759.48091138
normal
simd_float4x4([[-0.0261037, -0.986813, 0.159746, 0.0)], [0.718669, 0.0925516, 0.689165, 0.0)], [-0.694862, 0.132794, 0.706776, 0.0)], [0.428286, -0.0439702, -1.43761, 1.0)]])
0.428286, -0.0439702, -1.43761
float3(-0.133187, -0.776898, -1.47728)
1190759.58096338
normal
simd_float4x4([[-0.0121716, -0.987887, 0.154697, 0.0)], [0.72323, 0.0981367, 0.683599, 0.0)], [-0.6905, 0.120202, 0.713275, 0.0)], [0.46169, -0.0381949, -1.5238, 1.0)]])
0.46169, -0.0381949, -1.5238
float3(-0.120494, -0.769176, -1.47178)
1190759.68101513
normal
simd_float4x4([[-0.0483945, -0.981475, 0.185378, 0.0)], [0.748197, 0.0873333, 0.657704, 0.0)], [-0.66171, 0.170529, 0.73011, 0.0)], [0.49579, -0.0368918, -1.60014, 1.0)]])
0.49579, -0.0368918, -1.60014
float3(-0.171366, -0.736293, -1.48205)
1190759.78106713
normal
simd_float4x4([[-0.0309869, -0.981219, 0.190393, 0.0)], [0.749711, 0.103161, 0.653674, 0.0)], [-0.661039, 0.162995, 0.732434, 0.0)], [0.519412, -0.0429766, -1.67734, 1.0)]])
0.519412, -0.0429766, -1.67734
float3(-0.163726, -0.734207, -1.46605)
1190759.88111908
normal
simd_float4x4([[-0.0166624, -0.979737, 0.199596, 0.0)], [0.735998, 0.123102, 0.665697, 0.0)], [-0.676778, 0.157995, 0.719033, 0.0)], [0.545098, -0.0575827, -1.75961, 1.0)]])
0.545098, -0.0575827, -1.75961
float3(-0.158659, -0.755135, -1.4458)
1190759.98117092
normal
simd_float4x4([[-0.0164453, -0.982303, 0.186573, 0.0)], [0.721548, 0.117516, 0.682319, 0.0)], [-0.692169, 0.145842, 0.706846, 0.0)], [0.575079, -0.0634052, -1.83953, 1.0)]])
0.575079, -0.0634052, -1.83953
float3(-0.146364, -0.774908, -1.45173)
1190760.08122296
normal
simd_float4x4([[-0.00765225, -0.982734, 0.184867, 0.0)], [0.706806, 0.125461, 0.696193, 0.0)], [-0.707366, 0.135993, 0.693642, 0.0)], [0.598222, -0.0606568, -1.91617, 1.0)]])
0.598222, -0.0606568, -1.91617
float3(-0.136415, -0.795193, -1.44382)
1190760.18127471
normal
simd_float4x4([[0.0090481, -0.986709, 0.162244, 0.0)], [0.707376, 0.120996, 0.696405, 0.0)], [-0.70678, 0.108466, 0.699069, 0.0)], [0.621538, -0.0381681, -1.97483, 1.0)]])
0.621538, -0.0381681, -1.97483
float3(-0.10868, -0.790883, -1.44878)
1190760.28132658
normal
simd_float4x4([[-0.0042088, -0.988107, 0.15371, 0.0)], [0.667415, 0.11169, 0.736262, 0.0)], [-0.744674, 0.105687, 0.659008, 0.0)], [0.654542, -0.026745, -2.03609, 1.0)]])
0.654542, -0.026745, -2.03609
float3(-0.105885, -0.846352, -1.45824)
1190760.38137858
normal
simd_float4x4([[-0.0273681, -0.985802, 0.165667, 0.0)], [0.64515, 0.109173, 0.756216, 0.0)], [-0.763566, 0.127576, 0.633002, 0.0)], [0.692836, -0.0280824, -2.10479, 1.0)]])
0.692836, -0.0280824, -2.10479
float3(-0.127924, -0.878616, -1.4605)
1190760.48143033
normal
simd_float4x4([[-0.0274042, -0.984899, 0.170945, 0.0)], [0.638253, 0.114374, 0.761283, 0.0)], [-0.769339, 0.129969, 0.62548, 0.0)], [0.731959, -0.0318178, -2.1805, 1.0)]])
0.731959, -0.0318178, -2.1805
float3(-0.130337, -0.888173, -1.45519)
1190760.58148242
normal
simd_float4x4([[-0.0202522, -0.988535, 0.14963, 0.0)], [0.635852, 0.102759, 0.76494, 0.0)], [-0.771545, 0.110634, 0.626481, 0.0)], [0.78147, -0.0415335, -2.25311, 1.0)]])
0.78147, -0.0415335, -2.25311
float3(-0.110861, -0.888792, -1.46722)
1190760.68153421
normal
simd_float4x4([[-0.0577286, -0.989729, 0.130783, 0.0)], [0.671581, 0.0584303, 0.738624, 0.0)], [-0.738679, 0.130471, 0.66131, 0.0)], [0.841484, -0.045932, -2.33634, 1.0)]])
0.841484, -0.045932, -2.33634
float3(-0.130844, -0.840606, -1.51183)
1190760.78158633
normal
simd_float4x4([[-0.0413496, -0.991139, 0.126229, 0.0)], [0.687718, 0.063414, 0.723203, 0.0)], [-0.7248, 0.116714, 0.679002, 0.0)], [0.883762, -0.0312031, -2.42645, 1.0)]])
0.883762, -0.0312031, -2.42645
