ARKit Data
1188411.44618642
limited(__ObjC.ARCamera.TrackingState.Reason.initializing)
simd_float4x4([[0.0280236, -0.945695, 0.323835, 0.0)], [0.985654, -0.027798, -0.166474, 0.0)], [0.166435, 0.323855, 0.931349, 0.0)], [0.0, 0.0, 0.0, 1.0)]])
0.0, 0.0, 0.0
float3(-0.329801, 0.176837, -1.60018)
1188411.78112513
notAvailable
simd_float4x4([[1.0, 0.0, 0.0, 0.0)], [0.0, 1.0, 0.0, 0.0)], [0.0, 0.0, 1.0, 0.0)], [0.0, 0.0, 0.0, 1.0)]])
0.0, 0.0, 0.0
float3(-0.0, 0.0, 0.0)
1188411.88114238
notAvailable
simd_float4x4([[1.0, 0.0, 0.0, 0.0)], [0.0, 1.0, 0.0, 0.0)], [0.0, 0.0, 1.0, 0.0)], [0.0, 0.0, 0.0, 1.0)]])
0.0, 0.0, 0.0
float3(-0.0, 0.0, 0.0)
1188411.98119279
limited(__ObjC.ARCamera.TrackingState.Reason.initializing)
simd_float4x4([[-0.0141833, -0.952797, 0.303274, 0.0)], [0.999894, -0.0124741, 0.00757237, 0.0)], [-0.00343186, 0.30335, 0.952873, 0.0)], [0.0, 0.0, 0.0, 1.0)]])
0.0, 0.0, 0.0
float3(-0.308206, -0.00360158, -1.58389)
1188412.08124325
limited(__ObjC.ARCamera.TrackingState.Reason.initializing)
simd_float4x4([[-0.0107045, -0.95567, 0.294244, 0.0)], [0.99993, -0.0117149, -0.00167125, 0.0)], [0.00504419, 0.294205, 0.955728, 0.0)], [0.0, 0.0, 0.0, 1.0)]])
0.0, 0.0, 0.0
float3(-0.298624, 0.0052778, -1.58305)
1188412.18129358
limited(__ObjC.ARCamera.TrackingState.Reason.initializing)
simd_float4x4([[-0.00974722, -0.957989, 0.286639, 0.0)], [0.999491, -0.0180437, -0.0263168, 0.0)], [0.0303833, 0.286236, 0.957677, 0.0)], [0.0, 0.0, 0.0, 1.0)]])
0.0, 0.0, 0.0
float3(-0.290297, 0.0317154, -1.58963)
1188412.28134408
limited(__ObjC.ARCamera.TrackingState.Reason.initializing)
simd_float4x4([[-0.00371665, -0.961681, 0.274145, 0.0)], [0.997704, -0.0221045, -0.0640151, 0.0)], [0.0676219, 0.273278, 0.959555, 0.0)], [0.0, 0.0, 0.0, 1.0)]])
0.0, 0.0, 0.0
float3(-0.276799, 0.0703559, -1.59378)
1188412.38139446
limited(__ObjC.ARCamera.TrackingState.Reason.initializing)
simd_float4x4([[0.00598829, -0.964456, 0.264174, 0.0)], [0.994123, -0.022813, -0.105821, 0.0)], [0.108087, 0.263256, 0.958652, 0.0)], [0.0, 0.0, 0.0, 1.0)]])
0.0, 0.0, 0.0
float3(-0.266395, 0.112274, -1.59445)
1188412.48144479
limited(__ObjC.ARCamera.TrackingState.Reason.initializing)
simd_float4x4([[0.0213617, -0.965618, 0.259084, 0.0)], [0.988456, -0.0184801, -0.150376, 0.0)], [0.149994, 0.259305, 0.954076, 0.0)], [0.0, 0.0, 0.0, 1.0)]])
0.0, 0.0, 0.0
float3(-0.262303, 0.155937, -1.58993)
1188412.58149533
limited(__ObjC.ARCamera.TrackingState.Reason.initializing)
simd_float4x4([[0.0377925, -0.967942, 0.24831, 0.0)], [0.980465, -0.0120816, -0.196322, 0.0)], [0.193028, 0.250879, 0.948577, 0.0)], [0.0, 0.0, 0.0, 1.0)]])
0.0, 0.0, 0.0
float3(-0.253588, 0.200751, -1.58328)
1188412.68154567
limited(__ObjC.ARCamera.TrackingState.Reason.initializing)
simd_float4x4([[0.0513091, -0.969756, 0.238621, 0.0)], [0.970485, -0.00796047, -0.24103, 0.0)], [0.23564, 0.243945, 0.940725, 0.0)], [0.0, 0.0, 0.0, 1.0)]])
0.0, 0.0, 0.0
float3(-0.246431, 0.245437, -1.579)
1188412.78159613
limited(__ObjC.ARCamera.TrackingState.Reason.initializing)
simd_float4x4([[0.0640576, -0.970613, 0.231964, 0.0)], [0.959263, -0.00420105, -0.282482, 0.0)], [0.275155, 0.24061, 0.930804, 0.0)], [0.0, 0.0, 0.0, 1.0)]])
0.0, 0.0, 0.0
float3(-0.242994, 0.287425, -1.57512)
1188412.88164662
limited(__ObjC.ARCamera.TrackingState.Reason.initializing)
simd_float4x4([[0.0761743, -0.971535, 0.224313, 0.0)], [0.947342, 0.000342578, -0.320224, 0.0)], [0.311032, 0.236893, 0.920402, 0.0)], [0.0, 0.0, 0.0, 1.0)]])
0.0, 0.0, 0.0
float3(-0.239167, 0.325883, -1.57044)
1188412.98169708
limited(__ObjC.ARCamera.TrackingState.Reason.initializing)
simd_float4x4([[0.083958, -0.971779, 0.220446, 0.0)], [0.935404, 0.000606656, -0.353579, 0.0)], [0.343467, 0.235892, 0.909057, 0.0)], [0.0, 0.0, 0.0, 1.0)]])
0.0, 0.0, 0.0
float3(-0.238136, 0.361248, -1.57017)
1188413.08174754
limited(__ObjC.ARCamera.TrackingState.Reason.initializing)
simd_float4x4([[0.0922962, -0.971533, 0.218187, 0.0)], [0.924052, 0.00193667, -0.382263, 0.0)], [0.370958, 0.236898, 0.897925, 0.0)], [0.0, 0.0, 0.0, 1.0)]])
0.0, 0.0, 0.0
float3(-0.239171, 0.391773, -1.5688)
1188413.18179792
limited(__ObjC.ARCamera.TrackingState.Reason.initializing)
simd_float4x4([[0.0979057, -0.971547, 0.215661, 0.0)], [0.912868, 0.00137019, -0.408252, 0.0)], [0.396341, 0.236841, 0.887028, 0.0)], [0.0, 0.0, 0.0, 1.0)]])
0.0, 0.0, 0.0
float3(-0.239113, 0.420205, -1.56939)
1188413.2818485
limited(__ObjC.ARCamera.TrackingState.Reason.initializing)
simd_float4x4([[0.100552, -0.971555, 0.2144, 0.0)], [0.906353, 0.000563502, -0.422521, 0.0)], [0.410383, 0.236807, 0.880628, 0.0)], [0.0, 0.0, 0.0, 1.0)]])
0.0, 0.0, 0.0
float3(-0.239078, 0.436089, -1.57022)
1188413.38189896
limited(__ObjC.ARCamera.TrackingState.Reason.initializing)
simd_float4x4([[0.102443, -0.971344, 0.214465, 0.0)], [0.906585, 0.00243545, -0.422015, 0.0)], [0.4094, 0.237663, 0.880856, 0.0)], [0.0, 0.0, 0.0, 1.0)]])
0.0, 0.0, 0.0
float3(-0.23996, 0.435073, -1.56829)
1188413.48194946
limited(__ObjC.ARCamera.TrackingState.Reason.initializing)
simd_float4x4([[0.101472, -0.970851, 0.217144, 0.0)], [0.91304, 0.0042097, -0.407847, 0.0)], [0.395045, 0.239646, 0.886853, 0.0)], [0.0, 0.0, 0.0, 1.0)]])
0.0, 0.0, 0.0
float3(-0.242001, 0.41906, -1.56646)
1188413.582
limited(__ObjC.ARCamera.TrackingState.Reason.initializing)
simd_float4x4([[0.0927816, -0.971349, 0.218794, 0.0)], [0.925724, 0.00323841, -0.378186, 0.0)], [0.366642, 0.237631, 0.899502, 0.0)], [0.0, 0.0, 0.0, 1.0)]])
0.0, 0.0, 0.0
float3(-0.239927, 0.387046, -1.56746)
1188413.68205038
limited(__ObjC.ARCamera.TrackingState.Reason.initializing)
simd_float4x4([[0.0828782, -0.970777, 0.225217, 0.0)], [0.941095, 0.00189744, -0.338138, 0.0)], [0.327829, 0.239975, 0.91375, 0.0)], [0.0, 0.0, 0.0, 1.0)]])
0.0, 0.0, 0.0
float3(-0.24234, 0.344469, -1.56884)
1188413.78210108
limited(__ObjC.ARCamera.TrackingState.Reason.initializing)
simd_float4x4([[0.0711814, -0.970622, 0.229836, 0.0)], [0.957742, 0.00213082, -0.28762, 0.0)], [0.27868, 0.240597, 0.929758, 0.0)], [0.0, 0.0, 0.0, 1.0)]])
0.0, 0.0, 0.0
float3(-0.242981, 0.291213, -1.5686)
1188413.8821515
limited(__ObjC.ARCamera.TrackingState.Reason.initializing)
simd_float4x4([[0.054052, -0.97093, 0.233178, 0.0)], [0.97486, 0.000759631, -0.222816, 0.0)], [0.216161, 0.23936, 0.946562, 0.0)], [0.0, 0.0, 0.0, 1.0)]])
0.0, 0.0, 0.0
float3(-0.241707, 0.224515, -1.57001)
1188413.98220208
limited(__ObjC.ARCamera.TrackingState.Reason.initializing)
simd_float4x4([[0.0353198, -0.97159, 0.234013, 0.0)], [0.988693, -0.000175349, -0.149953, 0.0)], [0.145734, 0.236663, 0.960599, 0.0)], [0.0, 0.0, 0.0, 1.0)]])
0.0, 0.0, 0.0
float3(-0.23893, 0.150564, -1.57098)
1188414.08225254
limited(__ObjC.ARCamera.TrackingState.Reason.initializing)
simd_float4x4([[0.0153194, -0.971838, 0.235143, 0.0)], [0.997399, -0.001712, -0.0720557, 0.0)], [0.0704292, 0.235636, 0.969285, 0.0)], [0.0, 0.0, 0.0, 1.0)]])
0.0, 0.0, 0.0
float3(-0.237872, 0.0725336, -1.57256)
1188414.18230308
limited(__ObjC.ARCamera.TrackingState.Reason.initializing)
simd_float4x4([[-0.00132178, -0.972197, 0.234154, 0.0)], [0.999986, -0.00249076, -0.00469678, 0.0)], [0.00514943, 0.234145, 0.972186, 0.0)], [0.0, 0.0, 0.0, 1.0)]])
0.0, 0.0, 0.0
float3(-0.236339, 0.0052967, -1.57336)
1188414.28235367
limited(__ObjC.ARCamera.TrackingState.Reason.initializing)
simd_float4x4([[-0.0156173, -0.972858, 0.230867, 0.0)], [0.998061, -0.00125373, 0.0622324, 0.0)], [-0.0602539, 0.231391, 0.970991, 0.0)], [0.0, 0.0, 0.0, 1.0)]])
0.0, 0.0, 0.0
float3(-0.233507, -0.0619746, -1.57209)
1188414.38240417
limited(__ObjC.ARCamera.TrackingState.Reason.initializing)
simd_float4x4([[-0.0299056, -0.973701, 0.22585, 0.0)], [0.993079, -0.0032701, 0.1174, 0.0)], [-0.113574, 0.227797, 0.967061, 0.0)], [0.0, 0.0, 0.0, 1.0)]])
0.0, 0.0, 0.0
float3(-0.229815, -0.116907, -1.57415)
1188414.48245475
limited(__ObjC.ARCamera.TrackingState.Reason.initializing)
simd_float4x4([[-0.0429853, -0.974, 0.222428, 0.0)], [0.985759, -0.00511981, 0.168084, 0.0)], [-0.162576, 0.226485, 0.96035, 0.0)], [0.0, 0.0, 0.0, 1.0)]])
0.0, 0.0, 0.0
float3(-0.228468, -0.167698, -1.57605)
1188414.58250525
limited(__ObjC.ARCamera.TrackingState.Reason.initializing)
simd_float4x4([[-0.0532, -0.973853, 0.220856, 0.0)], [0.976054, -0.00399628, 0.217492, 0.0)], [-0.210923, 0.227138, 0.950746, 0.0)], [0.0, 0.0, 0.0, 1.0)]])
0.0, 0.0, 0.0
float3(-0.229138, -0.218314, -1.5749)
1188414.68255608
limited(__ObjC.ARCamera.TrackingState.Reason.initializing)
simd_float4x4([[-0.0617398, -0.973817, 0.218785, 0.0)], [0.965347, -0.00257443, 0.260957, 0.0)], [-0.253562, 0.227315, 0.94023, 0.0)], [0.0, 0.0, 0.0, 1.0)]])
0.0, 0.0, 0.0
float3(-0.22932, -0.263414, -1.57344)
1188414.78260646
limited(__ObjC.ARCamera.TrackingState.Reason.initializing)
simd_float4x4([[-0.0702038, -0.973459, 0.217823, 0.0)], [0.953919, -0.00165324, 0.300059, 0.0)], [-0.291736, 0.228851, 0.928717, 0.0)], [0.0, 0.0, 0.0, 1.0)]])
0.0, 0.0, 0.0
float3(-0.230897, -0.304367, -1.57249)
1188414.88265708
limited(__ObjC.ARCamera.TrackingState.Reason.initializing)
simd_float4x4([[-0.0744439, -0.973565, 0.215932, 0.0)], [0.945708, -0.000226989, 0.325017, 0.0)], [-0.316377, 0.228404, 0.920725, 0.0)], [0.0, 0.0, 0.0, 1.0)]])
0.0, 0.0, 0.0
float3(-0.230438, -0.330977, -1.57103)
1188414.98270763
limited(__ObjC.ARCamera.TrackingState.Reason.initializing)
simd_float4x4([[-0.0762416, -0.973727, 0.21457, 0.0)], [0.941956, 0.000228018, 0.335736, 0.0)], [-0.326965, 0.227712, 0.91719, 0.0)], [0.0, 0.0, 0.0, 1.0)]])
0.0, 0.0, 0.0
float3(-0.229728, -0.34244, -1.57056)
1188415.08275821
limited(__ObjC.ARCamera.TrackingState.Reason.initializing)
simd_float4x4([[-0.0765185, -0.974153, 0.212529, 0.0)], [0.942556, -0.0011591, 0.334045, 0.0)], [-0.325165, 0.225881, 0.918282, 0.0)], [0.0, 0.0, 0.0, 1.0)]])
0.0, 0.0, 0.0
float3(-0.227847, -0.340324, -1.57199)
1188415.18280892
limited(__ObjC.ARCamera.TrackingState.Reason.initializing)
simd_float4x4([[-0.0709046, -0.975635, 0.207622, 0.0)], [0.950124, -0.00268443, 0.311862, 0.0)], [-0.303707, 0.219379, 0.927164, 0.0)], [0.0, 0.0, 0.0, 1.0)]])
0.0, 0.0, 0.0
float3(-0.221178, -0.31655, -1.57355)
1188415.2828595
limited(__ObjC.ARCamera.TrackingState.Reason.initializing)
simd_float4x4([[-0.0624559, -0.977328, 0.202302, 0.0)], [0.960564, -0.00383361, 0.278033, 0.0)], [-0.270955, 0.211689, 0.939025, 0.0)], [0.0, 0.0, 0.0, 1.0)]])
0.0, 0.0, 0.0
float3(-0.213303, -0.280918, -1.57472)
1188415.38291017
limited(__ObjC.ARCamera.TrackingState.Reason.initializing)
simd_float4x4([[-0.054694, -0.978916, 0.196792, 0.0)], [0.971522, -0.00666647, 0.236854, 0.0)], [-0.230549, 0.204143, 0.951404, 0.0)], [0.0, 0.0, 0.0, 1.0)]])
0.0, 0.0, 0.0
float3(-0.205588, -0.237742, -1.57761)
1188415.48296067
limited(__ObjC.ARCamera.TrackingState.Reason.initializing)
simd_float4x4([[-0.0446296, -0.979762, 0.195115, 0.0)], [0.981074, -0.00614835, 0.193534, 0.0)], [-0.188419, 0.200059, 0.961494, 0.0)], [0.0, 0.0, 0.0, 1.0)]])
0.0, 0.0, 0.0
float3(-0.201418, -0.193512, -1.57707)
1188415.58301125
limited(__ObjC.ARCamera.TrackingState.Reason.initializing)
simd_float4x4([[-0.0334542, -0.980285, 0.194721, 0.0)], [0.989492, -0.00506543, 0.144501, 0.0)], [-0.140666, 0.197509, 0.970154, 0.0)], [0.0, 0.0, 0.0, 1.0)]])
0.0, 0.0, 0.0
float3(-0.198816, -0.14399, -1.57596)
1188415.68306208
normal
simd_float4x4([[-0.0114878, -0.984175, 0.176824, 0.0)], [0.99541, 0.00554646, 0.0955398, 0.0)], [-0.0950087, 0.17711, 0.979594, 0.0)], [-0.0138265, 0.000113327, 0.00533031, 1.0)]])
-0.0138265, 0.000113327, 0.00533031
float3(-0.178049, -0.0966854, -1.56516)
1188415.78311271
normal
simd_float4x4([[-0.00398749, -0.984168, 0.177194, 0.0)], [0.9985, 0.00575725, 0.0544467, 0.0)], [-0.0546049, 0.177145, 0.982669, 0.0)], [-0.0246064, 0.00112098, 0.0127015, 1.0)]])
-0.0246064, 0.00112098, 0.0127015
float3(-0.178085, -0.0555108, -1.56495)
1188415.88316346
normal
simd_float4x4([[0.00147284, -0.984754, 0.173944, 0.0)], [0.999784, 0.00505527, 0.0201541, 0.0)], [-0.0207262, 0.173877, 0.984549, 0.0)], [-0.0358033, 0.00245418, 0.0188287, 1.0)]])
-0.0358033, 0.00245418, 0.0188287
float3(-0.174765, -0.0210483, -1.56566)
1188415.98321404
normal
simd_float4x4([[0.0094335, -0.98478, 0.173552, 0.0)], [0.99986, 0.00689472, -0.0152255, 0.0)], [0.0137972, 0.173671, 0.984707, 0.0)], [-0.050564, 0.00251219, 0.0224035, 1.0)]])
-0.050564, 0.00251219, 0.0224035
float3(-0.174556, 0.0140105, -1.5638)
1188416.0832645
normal
simd_float4x4([[0.0152481, -0.984737, 0.173382, 0.0)], [0.999017, 0.00778541, -0.0436406, 0.0)], [0.0416246, 0.173877, 0.983887, 0.0)], [-0.0638122, 0.00190021, 0.0271843, 1.0)]])
-0.0638122, 0.00190021, 0.0271843
float3(-0.174765, 0.0422811, -1.56289)
1188416.18331546
normal
simd_float4x4([[0.0224734, -0.983932, 0.177122, 0.0)], [0.997132, 0.00925382, -0.0751114, 0.0)], [0.0722655, 0.178302, 0.981319, 0.0)], [-0.0773355, 0.000678461, 0.0302782, 1.0)]])
-0.0773355, 0.000678461, 0.0302782
float3(-0.17926, 0.0735085, -1.56139)
1188416.283366
normal
simd_float4x4([[0.02264, -0.983164, 0.181319, 0.0)], [0.995773, 0.00602823, -0.0916485, 0.0)], [0.0890125, 0.182627, 0.979145, 0.0)], [-0.0514051, 0.00315515, 0.00298715, 1.0)]])
-0.0514051, 0.00315515, 0.00298715
float3(-0.183658, 0.0906592, -1.56466)
1188416.38341671
normal
simd_float4x4([[0.0259512, -0.982434, 0.184798, 0.0)], [0.993835, 0.00542206, -0.110739, 0.0)], [0.107792, 0.186532, 0.976518, 0.0)], [-0.0582532, 0.00370105, 0.00158877, 1.0)]])
-0.0582532, 0.00370105, 0.00158877
float3(-0.187631, 0.109939, -1.56528)
1188416.48346733
normal
simd_float4x4([[0.0286288, -0.981764, 0.187934, 0.0)], [0.991727, 0.00436109, -0.128292, 0.0)], [0.125132, 0.190052, 0.973767, 0.0)], [-0.0600591, 0.00389748, -0.000265169, 1.0)]])
-0.0600591, 0.00389748, -0.000265169
float3(-0.191215, 0.127803, -1.56635)
1188416.58351821
normal
simd_float4x4([[0.0324463, -0.981165, 0.190427, 0.0)], [0.990291, 0.0057918, -0.138891, 0.0)], [0.135172, 0.193085, 0.971827, 0.0)], [-0.0614676, 0.00406095, -0.00173133, 1.0)]])
-0.0614676, 0.00406095, -0.00173133
float3(-0.194305, 0.138204, -1.56489)
1188416.68356875
normal
simd_float4x4([[0.0333736, -0.981075, 0.19073, 0.0)], [0.990213, 0.00658228, -0.139408, 0.0)], [0.135514, 0.193516, 0.971693, 0.0)], [-0.0613369, 0.00412476, -0.00144307, 1.0)]])
-0.0613369, 0.00412476, -0.00144307
float3(-0.194745, 0.138568, -1.56409)
1188416.78361946
normal
simd_float4x4([[0.0334179, -0.98123, 0.189922, 0.0)], [0.991172, 0.00814354, -0.132329, 0.0)], [0.128299, 0.192668, 0.97284, 0.0)], [-0.0595962, 0.00443524, 0.000222787, 1.0)]])
-0.0595962, 0.00443524, 0.000222787
float3(-0.19388, 0.131124, -1.5625)
1188416.88367017
normal
simd_float4x4([[0.033635, -0.981353, 0.189249, 0.0)], [0.991921, 0.00960366, -0.126493, 0.0)], [0.122317, 0.191974, 0.973748, 0.0)], [-0.0577864, 0.00380471, 0.000638096, 1.0)]])
-0.0577864, 0.00380471, 0.000638096
float3(-0.193174, 0.12496, -1.56101)
1188416.98372088
normal
simd_float4x4([[0.0349849, -0.981303, 0.189264, 0.0)], [0.993185, 0.0130719, -0.115812, 0.0)], [0.111173, 0.192026, 0.975073, 0.0)], [-0.0596488, 0.00349261, 0.00135153, 1.0)]])
-0.0596488, 0.00349261, 0.00135153
float3(-0.193226, 0.113525, -1.55748)
1188417.08377167
normal
simd_float4x4([[0.0348658, -0.981289, 0.18936, 0.0)], [0.993884, 0.0141802, -0.109515, 0.0)], [0.104781, 0.19202, 0.975781, 0.0)], [-0.058308, 0.00391015, 0.000704706, 1.0)]])
-0.058308, 0.00391015, 0.000704706
float3(-0.19322, 0.106971, -1.55635)
1188417.18382242
normal
simd_float4x4([[0.0345347, -0.981144, 0.190166, 0.0)], [0.994639, 0.0151853, -0.102283, 0.0)], [0.0974664, 0.192679, 0.976409, 0.0)], [-0.0584758, 0.00391678, -0.0013466, 1.0)]])
-0.0584758, 0.00391678, -0.0013466
float3(-0.193891, 0.0994917, -1.55532)
1188417.28387317
normal
simd_float4x4([[0.0307134, -0.981133, 0.190878, 0.0)], [0.996041, 0.0141048, -0.0877684, 0.0)], [0.0834202, 0.192818, 0.977682, 0.0)], [-0.063073, -0.026141, -0.0725065, 1.0)]])
-0.063073, -0.026141, -0.0725065
float3(-0.194033, 0.0851183, -1.55642)
1188417.38392392
normal
simd_float4x4([[0.0259859, -0.980643, 0.194071, 0.0)], [0.996915, 0.011039, -0.0777055, 0.0)], [0.074059, 0.195491, 0.977905, 0.0)], [-0.0590495, -0.0242469, -0.0671582, 1.0)]])
-0.0590495, -0.0242469, -0.0671582
float3(-0.196758, 0.0755881, -1.55954)
1188417.48397458
normal
simd_float4x4([[0.0213566, -0.980288, 0.196418, 0.0)], [0.997958, 0.00907198, -0.0632318, 0.0)], [0.0602034, 0.197367, 0.978479, 0.0)], [-0.05554, -0.0218906, -0.0645728, 1.0)]])
-0.05554, -0.0218906, -0.0645728
float3(-0.198671, 0.0614501, -1.56154)
1188417.58402546
normal
simd_float4x4([[0.018015, -0.97987, 0.198822, 0.0)], [0.998901, 0.00903396, -0.0459867, 0.0)], [0.0432649, 0.199432, 0.978956, 0.0)], [-0.0494186, -0.0194792, -0.0627142, 1.0)]])
-0.0494186, -0.0194792, -0.0627142
float3(-0.200778, 0.0441662, -1.56158)
1188417.68407608
normal
simd_float4x4([[0.0173995, -0.979047, 0.202889, 0.0)], [0.999435, 0.0111976, -0.031676, 0.0)], [0.0287404, 0.203326, 0.978689, 0.0)], [-0.0472912, -0.0185262, -0.0646376, 1.0)]])
-0.0472912, -0.0185262, -0.0646376
float3(-0.204753, 0.0293578, -1.55936)
1188417.784127
normal
simd_float4x4([[0.0153918, -0.978423, 0.206039, 0.0)], [0.999767, 0.011947, -0.0179533, 0.0)], [0.0151043, 0.206268, 0.978379, 0.0)], [-0.0482799, -0.0184698, -0.066881, 1.0)]])
-0.0482799, -0.0184698, -0.066881
float3(-0.207759, 0.0154369, -1.55859)
1188417.88417771
normal
simd_float4x4([[0.0177393, -0.977158, 0.211774, 0.0)], [0.999829, 0.0162394, -0.00881994, 0.0)], [0.00517938, 0.211894, 0.977279, 0.0)], [-0.05233, -0.0196046, -0.0770957, 1.0)]])
-0.05233, -0.0196046, -0.0770957
float3(-0.213513, 0.00529975, -1.55418)
1188417.98422829
normal
simd_float4x4([[0.0338364, -0.979717, 0.197508, 0.0)], [0.999423, 0.0337317, -0.00389581, 0.0)], [-0.00284548, 0.197526, 0.980294, 0.0)], [-0.0610331, -0.0195089, -0.0897085, 1.0)]])
-0.0610331, -0.0195089, -0.0897085
float3(-0.198833, -0.00290267, -1.53638)
1188418.08427921
normal
simd_float4x4([[0.0128854, -0.984726, 0.173631, 0.0)], [0.999492, 0.0177432, 0.0264549, 0.0)], [-0.0291316, 0.173202, 0.984455, 0.0)], [-0.0687224, -0.0204938, -0.101087, 1.0)]])
-0.0687224, -0.0204938, -0.101087
float3(-0.17408, -0.029583, -1.55278)
1188418.18433
normal
simd_float4x4([[-0.0200305, -0.981858, 0.188557, 0.0)], [0.998473, -0.00993455, 0.054337, 0.0)], [-0.051478, 0.189357, 0.980558, 0.0)], [-0.0794362, -0.0254092, -0.123722, 1.0)]])
-0.0794362, -0.0254092, -0.123722
float3(-0.190507, -0.0524506, -1.58091)
1188418.28438075
normal
simd_float4x4([[-0.025068, -0.977385, 0.209977, 0.0)], [0.998036, -0.012405, 0.061408, 0.0)], [-0.0574145, 0.211104, 0.975776, 0.0)], [-0.0936752, -0.0339696, -0.160201, 1.0)]])
-0.0936752, -0.0339696, -0.160201
float3(-0.212704, -0.0587721, -1.58349)
1188418.38443154
normal
simd_float4x4([[-0.00812887, -0.961808, 0.273603, 0.0)], [0.998663, 0.00615732, 0.0513157, 0.0)], [-0.0510405, 0.273655, 0.960473, 0.0)], [-0.107151, -0.0497068, -0.215784, 1.0)]])
-0.107151, -0.0497068, -0.215784
float3(-0.277191, -0.0530911, -1.56439)
1188418.48448254
normal
simd_float4x4([[-0.00755572, -0.956671, 0.291073, 0.0)], [0.99947, 0.00199019, 0.0324856, 0.0)], [-0.0316573, 0.291164, 0.956149, 0.0)], [-0.110313, -0.0645023, -0.279789, 1.0)]])
-0.110313, -0.0645023, -0.279789
float3(-0.295444, -0.0330971, -1.56872)
1188418.58453321
normal
simd_float4x4([[0.00114549, -0.95836, 0.285561, 0.0)], [0.999935, 0.00434388, 0.0105672, 0.0)], [-0.0113676, 0.28553, 0.958302, 0.0)], [-0.111429, -0.075028, -0.348854, 1.0)]])
-0.111429, -0.075028, -0.348854
float3(-0.28956, -0.0118617, -1.56626)
1188418.68458392
normal
simd_float4x4([[-9.18862e-05, -0.964911, 0.262578, 0.0)], [0.999962, -0.0023894, -0.00843056, 0.0)], [0.00876214, 0.262567, 0.964874, 0.0)], [-0.101829, -0.0779812, -0.423776, 1.0)]])
-0.101829, -0.0779812, -0.423776
float3(-0.265682, 0.00908087, -1.57327)
1188418.78463492
normal
simd_float4x4([[0.0253784, -0.973763, 0.226146, 0.0)], [0.999602, 0.0219238, -0.0177749, 0.0)], [0.0123506, 0.226507, 0.973931, 0.0)], [-0.0891909, -0.0739762, -0.497028, 1.0)]])
-0.0891909, -0.0739762, -0.497028
float3(-0.22849, 0.0126805, -1.54829)
1188418.8846855
normal
simd_float4x4([[0.0430103, -0.974777, 0.218998, 0.0)], [0.998836, 0.0371593, -0.0307682, 0.0)], [0.0218543, 0.220066, 0.97524, 0.0)], [-0.073211, -0.0621222, -0.570905, 1.0)]])
-0.073211, -0.0621222, -0.570905
float3(-0.221882, 0.0224054, -1.53269)
1188418.9847365
normal
simd_float4x4([[0.0468544, -0.979095, 0.197933, 0.0)], [0.998624, 0.0412368, -0.0324105, 0.0)], [0.0235708, 0.199179, 0.97968, 0.0)], [-0.0604461, -0.0504182, -0.635752, 1.0)]])
-0.0604461, -0.0504182, -0.635752
float3(-0.20052, 0.024055, -1.5287)
1188419.08478721
normal
simd_float4x4([[0.0402736, -0.975749, 0.215158, 0.0)], [0.999104, 0.0365195, -0.0213966, 0.0)], [0.0130202, 0.215827, 0.976345, 0.0)], [-0.0486848, -0.0536825, -0.709645, 1.0)]])
-0.0486848, -0.0536825, -0.709645
float3(-0.217538, 0.0133349, -1.53339)
1188419.18483804
normal
simd_float4x4([[0.0615803, -0.970778, 0.231943, 0.0)], [0.998054, 0.0576162, -0.0238331, 0.0)], [0.00977297, 0.232959, 0.972437, 0.0)], [-0.0493095, -0.0641857, -0.788253, 1.0)]])
-0.0493095, -0.0641857, -0.788253
float3(-0.23512, 0.0100496, -1.51152)
1188419.28488896
normal
simd_float4x4([[0.081917, -0.961925, 0.260748, 0.0)], [0.99663, 0.0779725, -0.0254545, 0.0)], [0.00415413, 0.261954, 0.965071, 0.0)], [-0.0542173, -0.0860508, -0.878074, 1.0)]])
-0.0542173, -0.0860508, -0.878074
float3(-0.265047, 0.00430445, -1.48991)
1188419.38493971
normal
simd_float4x4([[0.0899057, -0.955487, 0.281001, 0.0)], [0.995805, 0.081424, -0.0417399, 0.0)], [0.0170016, 0.283575, 0.958799, 0.0)], [-0.0630509, -0.106831, -0.98093, 1.0)]])
-0.0630509, -0.106831, -0.98093
float3(-0.28752, 0.0177303, -1.48578)
1188419.48499058
normal
simd_float4x4([[0.0938273, -0.954344, 0.28359, 0.0)], [0.99548, 0.085718, -0.0408996, 0.0)], [0.0147236, 0.286146, 0.958073, 0.0)], [-0.0777318, -0.111958, -1.08877, 1.0)]])
-0.0777318, -0.111958, -1.08877
float3(-0.290202, 0.0153667, -1.48122)
1188419.58504146
normal
simd_float4x4([[0.0607924, -0.96052, 0.271488, 0.0)], [0.998114, 0.0561758, -0.0247517, 0.0)], [0.00852345, 0.272481, 0.962123, 0.0)], [-0.0841272, -0.105176, -1.19096, 1.0)]])
-0.0841272, -0.105176, -1.19096
float3(-0.27597, 0.00885877, -1.51238)
1188419.68509233
normal
simd_float4x4([[0.0519446, -0.965604, 0.254776, 0.0)], [0.998457, 0.0451964, -0.0322737, 0.0)], [0.0196487, 0.256059, 0.966461, 0.0)], [-0.0896953, -0.0937681, -1.28515, 1.0)]])
-0.0896953, -0.0937681, -1.28515
float3(-0.258943, 0.0203277, -1.52402)
1188419.78514317
normal
simd_float4x4([[0.0482638, -0.959628, 0.277101, 0.0)], [0.998763, 0.0430499, -0.0248725, 0.0)], [0.0119392, 0.277958, 0.960519, 0.0)], [-0.0885026, -0.088911, -1.39197, 1.0)]])
-0.0885026, -0.088911, -1.39197
float3(-0.281668, 0.0124293, -1.52597)
1188419.88519392
normal
simd_float4x4([[0.0234596, -0.963247, 0.267589, 0.0)], [0.99959, 0.0182098, -0.0220838, 0.0)], [0.0163994, 0.267998, 0.96328, 0.0)], [-0.0802358, -0.09799, -1.49487, 1.0)]])
-0.0802358, -0.09799, -1.49487
float3(-0.271314, 0.0170229, -1.55189)
1188419.98524488
normal
simd_float4x4([[0.00909242, -0.964856, 0.262623, 0.0)], [0.999705, 0.00285128, -0.0241359, 0.0)], [0.0225389, 0.262765, 0.964597, 0.0)], [-0.0686818, -0.112823, -1.60734, 1.0)]])
-0.0686818, -0.112823, -1.60734
float3(-0.265887, 0.0233619, -1.56784)
1188420.08529563
normal
simd_float4x4([[0.0201335, -0.969797, 0.243082, 0.0)], [0.99963, 0.0150793, -0.0226354, 0.0)], [0.0182863, 0.243447, 0.969742, 0.0)], [-0.0556202, -0.118913, -1.71616, 1.0)]])
-0.0556202, -0.118913, -1.71616
float3(-0.245919, 0.0188546, -1.55525)
1188420.18534675
normal
simd_float4x4([[0.0118315, -0.978832, 0.204325, 0.0)], [0.999695, 0.00715046, -0.0236327, 0.0)], [0.0216713, 0.204543, 0.978618, 0.0)], [-0.0360634, -0.110814, -1.81757, 1.0)]])
-0.0360634, -0.110814, -1.81757
float3(-0.205996, 0.0221412, -1.56349)
1188420.2853975
normal
simd_float4x4([[0.0187368, -0.980397, 0.196137, 0.0)], [0.999559, 0.0138514, -0.0262503, 0.0)], [0.0230189, 0.196543, 0.980225, 0.0)], [-0.0300844, -0.0963131, -1.91598, 1.0)]])
-0.0300844, -0.0963131, -1.91598
float3(-0.197831, 0.023479, -1.55667)
1188420.38544829
normal
simd_float4x4([[0.0410184, -0.975825, 0.214671, 0.0)], [0.99895, 0.0356614, -0.02877, 0.0)], [0.020419, 0.215625, 0.976263, 0.0)], [-0.0282769, -0.0899701, -2.01481, 1.0)]])
-0.0282769, -0.0899701, -2.01481
float3(-0.217332, 0.0209124, -1.53427)
1188420.48549929
normal
simd_float4x4([[0.0838126, -0.9677, 0.237765, 0.0)], [0.99624, 0.0761164, -0.0413838, 0.0)], [0.0219492, 0.240339, 0.970441, 0.0)], [-0.0298785, -0.106388, -2.11089, 1.0)]])
-0.0298785, -0.106388, -2.11089
float3(-0.242716, 0.0226139, -1.4923)
1188420.58555
normal
simd_float4x4([[0.0952063, -0.960149, 0.262773, 0.0)], [0.995427, 0.0897468, -0.0327302, 0.0)], [0.00784287, 0.264687, 0.964302, 0.0)], [-0.0321623, -0.130827, -2.21121, 1.0)]])
-0.0321623, -0.130827, -2.21121
float3(-0.26788, 0.00813302, -1.4776)
1188420.68560108
normal
simd_float4x4([[0.0891092, -0.969218, 0.229514, 0.0)], [0.996007, 0.0879818, -0.0151622, 0.0)], [-0.0054976, 0.229949, 0.973187, 0.0)], [-0.0372144, -0.143015, -2.31207, 1.0)]])
-0.0372144, -0.143015, -2.31207
float3(-0.232025, -0.00564901, -1.48027)
1188420.78565192
normal
simd_float4x4([[0.0775313, -0.961302, 0.264362, 0.0)], [0.996949, 0.0771411, -0.0118734, 0.0)], [-0.00897927, 0.264476, 0.96435, 0.0)], [-0.037215, -0.145192, -2.42281, 1.0)]])
-0.037215, -0.145192, -2.42281
float3(-0.267661, -0.00931094, -1.49072)
1188420.88570287
normal
simd_float4x4([[0.106049, -0.95756, 0.268017, 0.0)], [0.994196, 0.107012, -0.0110568, 0.0)], [-0.0180935, 0.267634, 0.963351, 0.0)], [-0.0392667, -0.133032, -2.50893, 1.0)]])
-0.0392667, -0.133032, -2.50893
float3(-0.270936, -0.0187796, -1.4595)
1188420.98575371
normal
simd_float4x4([[0.0791432, -0.960723, 0.265985, 0.0)], [0.996715, 0.0808624, -0.00450004, 0.0)], [-0.0171849, 0.265468, 0.963967, 0.0)], [-0.0306719, -0.13892, -2.6028, 1.0)]])
-0.0306719, -0.13892, -2.6028
float3(-0.268689, -0.0178254, -1.48683)
1188421.08580458
normal
simd_float4x4([[0.0362599, -0.96359, 0.264913, 0.0)], [0.999076, 0.0288302, -0.0318819, 0.0)], [0.0230835, 0.265825, 0.963745, 0.0)], [-0.0156335, -0.164678, -2.70509, 1.0)]])
-0.0156335, -0.164678, -2.70509
float3(-0.269059, 0.0239473, -1.54089)
1188421.18585562
normal
simd_float4x4([[0.0526781, -0.964347, 0.259346, 0.0)], [0.997912, 0.0411159, -0.0498102, 0.0)], [0.037371, 0.261428, 0.964499, 0.0)], [-0.0138957, -0.182523, -2.80835, 1.0)]])
-0.0138957, -0.182523, -2.80835
float3(-0.264502, 0.0387272, -1.52819)
1188421.28590646
normal
simd_float4x4([[0.0681339, -0.977644, 0.198922, 0.0)], [0.997591, 0.0641503, -0.0264102, 0.0)], [0.0130589, 0.200242, 0.979659, 0.0)], [-0.00995442, -0.171325, -2.90566, 1.0)]])
-0.00995442, -0.171325, -2.90566
float3(-0.201605, 0.0133292, -1.50527)
1188421.38595742
normal
simd_float4x4([[0.0670366, -0.985248, 0.157454, 0.0)], [0.997656, 0.0640175, -0.0241745, 0.0)], [0.0137381, 0.158705, 0.98723, 0.0)], [-0.00341519, -0.137283, -2.9995, 1.0)]])
-0.00341519, -0.137283, -2.9995
float3(-0.159379, 0.0139149, -1.50591)
1188421.48600833
normal
simd_float4x4([[0.0356024, -0.988517, 0.146854, 0.0)], [0.998929, 0.030854, -0.0344866, 0.0)], [0.0295595, 0.147924, 0.988557, 0.0)], [-0.00128976, -0.138057, -3.09217, 1.0)]])
-0.00128976, -0.138057, -3.09217
float3(-0.148469, 0.0298928, -1.53959)
1188421.58605937
normal
simd_float4x4([[0.0664267, -0.980497, 0.184967, 0.0)], [0.995539, 0.0526805, -0.0782695, 0.0)], [0.0669988, 0.189341, 0.979623, 0.0)], [-0.0133562, -0.159265, -3.20283, 1.0)]])
-0.0133562, -0.159265, -3.20283
float3(-0.190491, 0.0682861, -1.51712)
1188421.68611025
normal
simd_float4x4([[0.116607, -0.971456, 0.206583, 0.0)], [0.991078, 0.100296, -0.0877776, 0.0)], [0.0645527, 0.214975, 0.974484, 0.0)], [-0.0308967, -0.184905, -3.3168, 1.0)]])
-0.0308967, -0.184905, -3.3168
float3(-0.216666, 0.0661463, -1.46792)
1188421.78616108
normal
simd_float4x4([[0.0766853, -0.985743, 0.149764, 0.0)], [0.995639, 0.0677041, -0.064181, 0.0)], [0.0531263, 0.154033, 0.986636, 0.0)], [-0.0464934, -0.19409, -3.41662, 1.0)]])
-0.0464934, -0.19409, -3.41662
float3(-0.154648, 0.0537939, -1.50222)
1188421.88621212
normal
simd_float4x4([[0.0409618, -0.984742, 0.169132, 0.0)], [0.997508, 0.0305717, -0.0635863, 0.0)], [0.0574454, 0.171315, 0.98354, 0.0)], [-0.0645552, -0.186354, -3.52862, 1.0)]])
-0.0645552, -0.186354, -3.52862
float3(-0.172165, 0.0583405, -1.53976)
1188421.98626296
normal
simd_float4x4([[0.044207, -0.982163, 0.182762, 0.0)], [0.998648, 0.0384341, -0.0350111, 0.0)], [0.0273623, 0.184063, 0.982534, 0.0)], [-0.0820603, -0.18036, -3.62694, 1.0)]])
-0.0820603, -0.18036, -3.62694
float3(-0.185118, 0.0278416, -1.53168)
1188422.08631412
normal
simd_float4x4([[0.0120323, -0.98311, 0.182621, 0.0)], [0.999851, 0.00956359, -0.0143929, 0.0)], [0.0124033, 0.182767, 0.983078, 0.0)], [-0.0854494, -0.186788, -3.72788, 1.0)]])
-0.0854494, -0.186788, -3.72788
float3(-0.1838, 0.0126161, -1.56107)
1188422.18636487
normal
simd_float4x4([[0.00280862, -0.979757, 0.200171, 0.0)], [0.999828, -0.000921435, -0.0185388, 0.0)], [0.0183479, 0.200188, 0.979586, 0.0)], [-0.0845002, -0.206393, -3.84273, 1.0)]])
-0.0845002, -0.206393, -3.84273
float3(-0.20155, 0.0187281, -1.57174)
1188422.28641579
normal
simd_float4x4([[0.059351, -0.974376, 0.216954, 0.0)], [0.995943, 0.0430716, -0.0790135, 0.0)], [0.0676443, 0.220764, 0.972979, 0.0)], [-0.0896061, -0.222171, -3.9611, 1.0)]])
-0.0896061, -0.222171, -3.9611
float3(-0.222597, 0.0694112, -1.52662)
1188422.38646692
normal
simd_float4x4([[0.104308, -0.966552, 0.234304, 0.0)], [0.985736, 0.0691878, -0.153417, 0.0)], [0.132075, 0.246964, 0.959982, 0.0)], [-0.0878351, -0.212635, -4.07434, 1.0)]])
-0.0878351, -0.212635, -4.07434
float3(-0.249546, 0.136722, -1.49934)
1188422.48651787
normal
simd_float4x4([[0.0989692, -0.974094, 0.203338, 0.0)], [0.981568, 0.0619914, -0.180781, 0.0)], [0.163492, 0.217481, 0.962274, 0.0)], [-0.087477, -0.178768, -4.1616, 1.0)]])
-0.087477, -0.178768, -4.1616
float3(-0.219233, 0.168295, -1.50724)
1188422.58656888
normal
simd_float4x4([[0.0681713, -0.984204, 0.163384, 0.0)], [0.981546, 0.0368369, -0.187645, 0.0)], [0.178662, 0.173161, 0.968553, 0.0)], [-0.0921657, -0.170602, -4.23748, 1.0)]])
-0.0921657, -0.170602, -4.23748
float3(-0.174038, 0.182413, -1.53339)
1188422.68661975
normal
simd_float4x4([[0.0958026, -0.984932, 0.143983, 0.0)], [0.977616, 0.065881, -0.199815, 0.0)], [0.187318, 0.159903, 0.969197, 0.0)], [-0.101769, -0.181621, -4.33819, 1.0)]])
-0.101769, -0.181621, -4.33819
float3(-0.160592, 0.190918, -1.50401)
1188422.78667096
normal
simd_float4x4([[0.126513, -0.986468, 0.104283, 0.0)], [0.977181, 0.105855, -0.184155, 0.0)], [0.170624, 0.125201, 0.97735, 0.0)], [-0.120984, -0.188618, -4.43997, 1.0)]])
-0.120984, -0.188618, -4.43997
float3(-0.12553, 0.172836, -1.4639)
1188422.88672192
normal
simd_float4x4([[0.107986, -0.991281, 0.0755064, 0.0)], [0.984351, 0.0959739, -0.147789, 0.0)], [0.139253, 0.0902839, 0.986133, 0.0)], [-0.137456, -0.192743, -4.5482, 1.0)]])
-0.137456, -0.192743, -4.5482
float3(-0.090407, 0.140284, -1.47428)
1188422.98677263
normal
simd_float4x4([[0.0735446, -0.991319, 0.108986, 0.0)], [0.993603, 0.0634425, -0.0934285, 0.0)], [0.0857032, 0.11516, 0.989643, 0.0)], [-0.144894, -0.185863, -4.66106, 1.0)]])
-0.144894, -0.185863, -4.66106
float3(-0.115416, 0.0863846, -1.50689)
1188423.08682383
normal
simd_float4x4([[0.0536486, -0.990558, 0.126162, 0.0)], [0.996512, 0.0450217, -0.0702654, 0.0)], [0.063922, 0.129491, 0.989518, 0.0)], [-0.146743, -0.172969, -4.75914, 1.0)]])
-0.146743, -0.172969, -4.75914
float3(-0.129856, 0.0645095, -1.52538)
1188423.18687471
normal
simd_float4x4([[0.0257943, -0.989955, 0.13901, 0.0)], [0.999661, 0.0250486, -0.00711191, 0.0)], [0.00355848, 0.139146, 0.990265, 0.0)], [-0.153374, -0.178337, -4.85934, 1.0)]])
-0.153374, -0.178337, -4.85934
float3(-0.139599, 0.00359344, -1.5455)
1188423.28692579
normal
simd_float4x4([[0.0105739, -0.986513, 0.163344, 0.0)], [0.999866, 0.0124678, 0.010574, 0.0)], [-0.0124679, 0.16321, 0.986512, 0.0)], [-0.156263, -0.200279, -4.9852, 1.0)]])
-0.156263, -0.200279, -4.9852
float3(-0.163943, -0.0126377, -1.55816)
1188423.38697683
normal
simd_float4x4([[0.0307382, -0.986308, 0.162023, 0.0)], [0.999444, 0.0324219, 0.00775723, 0.0)], [-0.0129041, 0.161694, 0.986757, 0.0)], [-0.161199, -0.211355, -5.09935, 1.0)]])
-0.161199, -0.211355, -5.09935
float3(-0.162407, -0.0130765, -1.53794)
1188423.48702779
normal
simd_float4x4([[0.0475106, -0.979733, 0.19459, 0.0)], [0.998791, 0.0441295, -0.0216762, 0.0)], [0.0126498, 0.195384, 0.980645, 0.0)], [-0.163667, -0.200502, -5.20292, 1.0)]])
-0.163667, -0.200502, -5.20292
float3(-0.196649, 0.0128987, -1.52578)
1188423.58707887
normal
simd_float4x4([[0.0387804, -0.978193, 0.204045, 0.0)], [0.999153, 0.0351467, -0.021404, 0.0)], [0.0137657, 0.204702, 0.978728, 0.0)], [-0.173025, -0.183832, -5.28435, 1.0)]])
-0.173025, -0.183832, -5.28435
float3(-0.206159, 0.014064, -1.53488)
1188423.68712983
normal
simd_float4x4([[0.0343945, -0.981269, 0.189548, 0.0)], [0.999391, 0.0326558, -0.0122895, 0.0)], [0.0058694, 0.189855, 0.981795, 0.0)], [-0.185646, -0.186451, -5.36466, 1.0)]])
-0.185646, -0.186451, -5.36466
float3(-0.191015, 0.00597816, -1.53753)
1188423.78718087
normal
simd_float4x4([[0.081026, -0.976774, 0.198364, 0.0)], [0.996712, 0.079533, -0.015496, 0.0)], [-0.000640453, 0.198967, 0.980006, 0.0)], [-0.201777, -0.202278, -5.46649, 1.0)]])
-0.201777, -0.202278, -5.46649
float3(-0.200304, -0.000653519, -1.48955)
1188423.88723196
normal
simd_float4x4([[0.094116, -0.980034, 0.175146, 0.0)], [0.995494, 0.0946857, -0.00512028, 0.0)], [-0.0115658, 0.174839, 0.984529, 0.0)], [-0.21395, -0.220719, -5.58095, 1.0)]])
-0.21395, -0.220719, -5.58095
float3(-0.175742, -0.011747, -1.47448)
1188423.98728304
normal
simd_float4x4([[0.0692641, -0.983097, 0.169477, 0.0)], [0.997381, 0.0717895, 0.00881148, 0.0)], [-0.0208292, 0.168423, 0.985495, 0.0)], [-0.231117, -0.227088, -5.70047, 1.0)]])
-0.231117, -0.227088, -5.70047
float3(-0.16923, -0.0211327, -1.4979)
1188424.08733396
normal
simd_float4x4([[0.0425072, -0.977017, 0.20888, 0.0)], [0.99705, 0.0548561, 0.0536841, 0.0)], [-0.0639086, 0.205982, 0.976467, 0.0)], [-0.239013, -0.222614, -5.82498, 1.0)]])
-0.239013, -0.222614, -5.82498
float3(-0.207467, -0.0653556, -1.51471)
1188424.18738492
normal
simd_float4x4([[0.0327001, -0.973158, 0.227804, 0.0)], [0.99845, 0.0420759, 0.0364217, 0.0)], [-0.0450291, 0.22626, 0.973026, 0.0)], [-0.241876, -0.216455, -5.94317, 1.0)]])
-0.241876, -0.216455, -5.94317
float3(-0.228237, -0.0462444, -1.52759)
1188424.28743596
normal
simd_float4x4([[0.0157174, -0.972141, 0.233868, 0.0)], [0.99727, 0.032119, 0.0664895, 0.0)], [-0.0721488, 0.232184, 0.969992, 0.0)], [-0.245642, -0.228848, -6.05295, 1.0)]])
-0.245642, -0.228848, -6.05295
float3(-0.234323, -0.0742441, -1.53777)
1188424.387487
normal
simd_float4x4([[0.00222765, -0.974563, 0.224104, 0.0)], [0.998641, 0.0138372, 0.0502471, 0.0)], [-0.0520699, 0.223687, 0.973269, 0.0)], [-0.239364, -0.251579, -6.17303, 1.0)]])
-0.239364, -0.251579, -6.17303
float3(-0.225596, -0.0534491, -1.5566)
1188424.48753817
normal
simd_float4x4([[0.0326314, -0.977738, 0.207278, 0.0)], [0.998709, 0.0399737, 0.0313323, 0.0)], [-0.0389204, 0.205988, 0.97778, 0.0)], [-0.240901, -0.253734, -6.28735, 1.0)]])
-0.240901, -0.253734, -6.28735
float3(-0.207473, -0.0397839, -1.52994)
1188424.58758917
normal
simd_float4x4([[0.0620937, -0.961289, 0.268454, 0.0)], [0.997828, 0.0657148, 0.00451478, 0.0)], [-0.0219814, 0.267591, 0.963282, 0.0)], [-0.236836, -0.231622, -6.40435, 1.0)]])
-0.236836, -0.231622, -6.40435
float3(-0.270892, -0.0228153, -1.50254)
1188424.68764017
normal
simd_float4x4([[0.0257248, -0.979468, 0.199953, 0.0)], [0.999656, 0.0262245, -0.000149556, 0.0)], [-0.00509721, 0.199888, 0.979805, 0.0)], [-0.23834, -0.215058, -6.48096, 1.0)]])
-0.23834, -0.215058, -6.48096
float3(-0.201244, -0.00520222, -1.54403)
1188424.78769133
normal
simd_float4x4([[0.0496466, -0.979804, 0.1937, 0.0)], [0.998739, 0.0472529, -0.0169618, 0.0)], [0.00746636, 0.194298, 0.980914, 0.0)], [-0.246309, -0.22237, -6.58328, 1.0)]])
-0.246309, -0.22237, -6.58328
float3(-0.195542, 0.00761149, -1.52261)
1188424.88774229
normal
simd_float4x4([[0.0946941, -0.977842, 0.186704, 0.0)], [0.995455, 0.0949074, -0.00781646, 0.0)], [-0.0100763, 0.186595, 0.982385, 0.0)], [-0.261259, -0.230979, -6.68584, 1.0)]])
-0.261259, -0.230979, -6.68584
float3(-0.187695, -0.0102566, -1.47404)
1188424.98779346
normal
simd_float4x4([[0.0767204, -0.990058, 0.117898, 0.0)], [0.996899, 0.0782483, 0.00837927, 0.0)], [-0.0175213, 0.116889, 0.99299, 0.0)], [-0.269994, -0.231516, -6.78227, 1.0)]])
-0.269994, -0.231516, -6.78227
float3(-0.117157, -0.0176431, -1.49193)
1188425.08784442
normal
simd_float4x4([[0.0385383, -0.994288, 0.0995309, 0.0)], [0.996609, 0.0454918, 0.0685648, 0.0)], [-0.072701, 0.096551, 0.992669, 0.0)], [-0.273674, -0.22747, -6.8765, 1.0)]])
-0.273674, -0.22747, -6.8765
float3(-0.0967017, -0.0731074, -1.52508)
1188425.18789567
normal
simd_float4x4([[0.0140829, -0.992678, 0.119966, 0.0)], [0.995767, 0.0248218, 0.0884986, 0.0)], [-0.0908284, 0.118211, 0.988826, 0.0)], [-0.273969, -0.219857, -6.9809, 1.0)]])
-0.273969, -0.219857, -6.9809
float3(-0.118489, -0.0915978, -1.5458)
1188425.28794662
normal
simd_float4x4([[0.0141147, -0.986417, 0.163656, 0.0)], [0.993601, 0.0321802, 0.108268, 0.0)], [-0.112064, 0.16108, 0.980558, 0.0)], [-0.279801, -0.213359, -7.08136, 1.0)]])
-0.279801, -0.213359, -7.08136
float3(-0.161785, -0.113792, -1.53818)
1188425.38799758
normal
simd_float4x4([[-0.00878765, -0.988069, 0.153758, 0.0)], [0.994182, 0.00787497, 0.107426, 0.0)], [-0.107355, 0.153807, 0.982252, 0.0)], [-0.28736, -0.225057, -7.17989, 1.0)]])
-0.28736, -0.225057, -7.17989
float3(-0.15442, -0.108863, -1.56283)
1188425.48804883
normal
simd_float4x4([[-0.0101287, -0.991353, 0.130833, 0.0)], [0.997336, -0.000562599, 0.0729482, 0.0)], [-0.0722438, 0.131223, 0.988717, 0.0)], [-0.291914, -0.24516, -7.28206, 1.0)]])
-0.291914, -0.24516, -7.28206
float3(-0.131603, -0.0729386, -1.57136)
1188425.58809983
normal
simd_float4x4([[0.0175882, -0.989287, 0.144922, 0.0)], [0.998507, 0.0248757, 0.0486284, 0.0)], [-0.0517124, 0.143851, 0.988247, 0.0)], [-0.292714, -0.242083, -7.38276, 1.0)]])
-0.292714, -0.242083, -7.38276
float3(-0.144351, -0.0522798, -1.54566)
1188425.68815096
normal
simd_float4x4([[0.0234526, -0.987612, 0.155151, 0.0)], [0.999561, 0.0259783, 0.0142709, 0.0)], [-0.0181247, 0.154748, 0.987788, 0.0)], [-0.290414, -0.219428, -7.47596, 1.0)]])
-0.290414, -0.219428, -7.47596
float3(-0.155373, -0.0183467, -1.5445)
1188425.78820204
normal
simd_float4x4([[0.0167669, -0.992941, 0.117418, 0.0)], [0.9997, 0.0187471, 0.015781, 0.0)], [-0.0178708, 0.117118, 0.992957, 0.0)], [-0.295631, -0.211849, -7.5464, 1.0)]])
-0.295631, -0.211849, -7.5464
float3(-0.117388, -0.0179956, -1.55192)
1188425.88825317
normal
simd_float4x4([[0.0581432, -0.990818, 0.122062, 0.0)], [0.998307, 0.0575286, -0.00855634, 0.0)], [0.00145569, 0.122353, 0.992486, 0.0)], [-0.304805, -0.223553, -7.63753, 1.0)]])
-0.304805, -0.223553, -7.63753
float3(-0.122661, 0.00146671, -1.5128)
1188425.98830433
normal
simd_float4x4([[0.0825552, -0.989924, 0.11504, 0.0)], [0.996364, 0.0844232, 0.0114532, 0.0)], [-0.0210499, 0.113676, 0.993295, 0.0)], [-0.316847, -0.238174, -7.73113, 1.0)]])
-0.316847, -0.238174, -7.73113
float3(-0.113922, -0.0211888, -1.48572)
1188426.08835542
normal
simd_float4x4([[0.0551981, -0.993327, 0.101268, 0.0)], [0.997957, 0.0581521, 0.026451, 0.0)], [-0.0321634, 0.0996007, 0.994507, 0.0)], [-0.32048, -0.245839, -7.83529, 1.0)]])
-0.32048, -0.245839, -7.83529
float3(-0.0997661, -0.0323298, -1.51232)
1188426.1884065
normal
