ARKit Data
644479.762118916
normal
simd_float4x4([[-0.3600233, -0.88765895, -0.28713188, 0.0)], [-0.7033456, 0.056045193, 0.7086353, 0.0)], [-0.6129341, 0.45707813, -0.6445086, 0.0)], [2.664626, -3.3342738, 0.21720596, 1.0)]])
2.664626, -3.3342738, 0.21720596
float3(-0.4747073, -2.3812993, -1.5077418)
100.40112
644479.828776333
normal
simd_float4x4([[-0.3455273, -0.895736, -0.27976385, 0.0)], [-0.7400664, 0.076800905, 0.6681341, 0.0)], [-0.57698566, 0.43790242, -0.6894409, 0.0)], [2.6484492, -3.3250108, 0.20181088, 0.9999999)]])
2.6484492, -3.3250108, 0.20181088
float3(-0.45326418, -2.4447596, -1.4852649)
100.40112
644479.895433833
normal
simd_float4x4([[-0.3229592, -0.90248823, -0.28497756, 0.0)], [-0.7765379, 0.08056392, 0.62489855, 0.0)], [-0.5410047, 0.42311266, -0.72683513, 0.0)], [2.63073, -3.3198066, 0.18810855, 0.9999999)]])
2.63073, -3.3198066, 0.18810855
float3(-0.43687788, -2.5017307, -1.4817636)
100.40056
644479.945426833
normal
simd_float4x4([[-0.3215785, -0.90066373, -0.29221925, 0.0)], [-0.7945048, 0.0887672, 0.6007349, 0.0)], [-0.5151206, 0.42535302, -0.74412733, 0.0)], [2.6158984, -3.3136837, 0.17772631, 0.99999994)]])
2.6158984, -3.3136837, 0.17772631
float3(-0.43935192, -2.5360885, -1.4725561)
100.40056
644480.012084208
normal
simd_float4x4([[-0.31231448, -0.8990465, -0.3068797, 0.0)], [-0.81942946, 0.09151799, 0.5658267, 0.0)], [-0.48061946, 0.42818215, -0.76528746, 0.0)], [2.5979857, -3.3070152, 0.16444008, 1.0)]])
2.5979857, -3.3070152, 0.16444008
float3(-0.44248024, -2.5808213, -1.4693513)
100.40056
644480.078741583
normal
simd_float4x4([[-0.29619196, -0.9048679, -0.30575225, 0.0)], [-0.845734, 0.099707715, 0.52420646, 0.0)], [-0.44385174, 0.41385084, -0.7948102, 0.0)], [2.57689, -3.2954288, 0.14711642, 1.0000001)]])
2.57689, -3.2954288, 0.14711642
float3(-0.42668012, -2.6322947, -1.4610487)
100.40056
644480.145398916
normal
simd_float4x4([[-0.2700731, -0.91884685, -0.2877169, 0.0)], [-0.8581564, 0.094207846, 0.50467086, 0.0)], [-0.43661, 0.3832041, -0.8139572, 0.0)], [2.5553846, -3.2823005, 0.12904882, 1.0)]])
2.5553846, -3.2823005, 0.12904882
float3(-0.3932627, -2.6492476, -1.468625)
100.40056
644480.212056291
normal
simd_float4x4([[-0.2611501, -0.9206718, -0.29011047, 0.0)], [-0.87166506, 0.09579303, 0.4806495, 0.0)], [-0.41472986, 0.37840077, -0.8275337, 0.0)], [2.537361, -3.2738302, 0.11178562, 1.0)]])
2.537361, -3.2738302, 0.11178562
float3(-0.388068, -2.6770146, -1.4671224)
100.40056
644481.024737958
notAvailable
simd_float4x4([[-0.888162, 0.0, 0.4595305, 0.0)], [0.0, 1.0, 0.0, 0.0)], [-0.4595305, 0.0, -0.888162, 0.0)], [0.0983871, -0.049864456, -0.008962034, 1.0)]])
0.0983871, -0.049864456, -0.008962034
float3(-0.0, -2.6641262, 0.0)
100.39967
644481.074730916
notAvailable
simd_float4x4([[-0.888162, 0.0, 0.4595305, 0.0)], [0.0, 1.0, 0.0, 0.0)], [-0.4595305, 0.0, -0.888162, 0.0)], [0.0983871, -0.049864456, -0.008962034, 1.0)]])
0.0983871, -0.049864456, -0.008962034
float3(-0.0, -2.6641262, 0.0)
100.39967
644481.124724125
notAvailable
simd_float4x4([[-0.888162, 0.0, 0.4595305, 0.0)], [0.0, 1.0, 0.0, 0.0)], [-0.4595305, 0.0, -0.888162, 0.0)], [0.0983871, -0.049864456, -0.008962034, 1.0)]])
0.0983871, -0.049864456, -0.008962034
float3(-0.0, -2.6641262, 0.0)
100.39967
644481.174717291
limited((extension in ARKit):__C.ARCamera.TrackingState.Reason.initializing)
simd_float4x4([[0.04185155, -0.9206794, 0.38806927, 0.0)], [0.9991238, 0.038565658, -0.016255528, 0.0)], [-1.5925142e-08, 0.38840958, 0.92148674, 0.0)], [0.0, 0.0, 0.0, 1.0)]])
0.0, 0.0, 0.0
float3(-0.39890504, -1.7282009e-08, -1.5289326)
100.39967
644481.224710208
limited((extension in ARKit):__C.ARCamera.TrackingState.Reason.initializing)
simd_float4x4([[0.030250886, -0.9164888, 0.39891487, 0.0)], [0.9995275, 0.025562074, -0.017069396, 0.0)], [0.0054468196, 0.39924276, 0.9168291, 0.0)], [0.0, 0.0, 0.0, 1.0)]])
0.0, 0.0, 0.0
float3(-0.41069078, 0.0059408625, -1.5429122)
100.39967
644481.274703208
limited((extension in ARKit):__C.ARCamera.TrackingState.Reason.initializing)
simd_float4x4([[0.035150535, -0.9139137, 0.40438363, 0.0)], [0.99938166, 0.031814188, -0.014969396, 0.0)], [0.0008155998, 0.4046598, 0.9144669, 0.0)], [0.0, 0.0, 0.0, 1.0)]])
0.0, 0.0, 0.0
float3(-0.41660678, 0.0008918853, -1.5359994)
100.39967
644481.324696166
limited((extension in ARKit):__C.ARCamera.TrackingState.Reason.initializing)
simd_float4x4([[0.04540072, -0.9197299, 0.38991743, 0.0)], [0.998949, 0.044260066, -0.0119145615, 0.0)], [-0.006299589, 0.39004856, 0.9207727, 0.0)], [0.0, 0.0, 0.0, 1.0)]])
0.0, 0.0, 0.0
float3(-0.40068433, -0.0068415264, -1.5227106)
100.39967
644481.374689333
limited((extension in ARKit):__C.ARCamera.TrackingState.Reason.initializing)
simd_float4x4([[0.046291273, -0.9202698, 0.38853657, 0.0)], [0.9988685, 0.046885867, -0.007956148, 0.0)], [-0.010895071, 0.3884653, 0.9213989, 0.0)], [0.0, 0.0, 0.0, 1.0)]])
0.0, 0.0, 0.0
float3(-0.39896548, -0.011823937, -1.5198923)
100.39967
644481.424682291
limited((extension in ARKit):__C.ARCamera.TrackingState.Reason.initializing)
simd_float4x4([[0.04359485, -0.9220557, 0.38459423, 0.0)], [0.9989432, 0.04583887, -0.0033354303, 0.0)], [-0.014553913, 0.3843332, 0.92307967, 0.0)], [0.0, 0.0, 0.0, 1.0)]])
0.0, 0.0, 0.0
float3(-0.39448544, -0.015765386, -1.5211234)
100.39967
644481.491339625
limited((extension in ARKit):__C.ARCamera.TrackingState.Reason.initializing)
simd_float4x4([[0.035705928, -0.9262918, 0.3751115, 0.0)], [0.99926364, 0.038366146, -0.00037692432, 0.0)], [-0.014042441, 0.37484872, 0.92697966, 0.0)], [0.0, 0.0, 0.0, 1.0)]])
0.0, 0.0, 0.0
float3(-0.3842336, -0.015147438, -1.529401)
100.39967
644481.557997
limited((extension in ARKit):__C.ARCamera.TrackingState.Reason.initializing)
simd_float4x4([[0.03519336, -0.9297523, 0.36649984, 0.0)], [0.9992559, 0.038528726, 0.0017871697, 0.0)], [-0.0157824, 0.36616424, 0.9304163, 0.0)], [0.0, 0.0, 0.0, 1.0)]])
0.0, 0.0, 0.0
float3(-0.37488362, -0.016961101, -1.5293802)
100.39967
644481.6246545
limited((extension in ARKit):__C.ARCamera.TrackingState.Reason.initializing)
simd_float4x4([[0.03627024, -0.93119335, 0.36271667, 0.0)], [0.9991617, 0.040684447, 0.0045359116, 0.0)], [-0.018980742, 0.36224812, 0.93188834, 0.0)], [0.0, 0.0, 0.0, 1.0)]])
0.0, 0.0, 0.0
float3(-0.3706787, -0.020365227, -1.5271335)
100.39967
644481.691311958
limited((extension in ARKit):__C.ARCamera.TrackingState.Reason.initializing)
simd_float4x4([[0.035224985, -0.9324881, 0.35947874, 0.0)], [0.9991225, 0.041013803, 0.008486773, 0.0)], [-0.022657404, 0.35886437, 0.9331145, 0.0)], [0.0, 0.0, 0.0, 1.0)]])
0.0, 0.0, 0.0
float3(-0.36705095, -0.024276711, -1.5268415)
100.39967
644481.741304958
limited((extension in ARKit):__C.ARCamera.TrackingState.Reason.initializing)
simd_float4x4([[0.034596004, -0.93576705, 0.35091788, 0.0)], [0.99909407, 0.041089855, 0.01107343, 0.0)], [-0.024781313, 0.35021687, 0.93634087, 0.0)], [0.0, 0.0, 0.0, 1.0)]])
0.0, 0.0, 0.0
float3(-0.35780263, -0.026459947, -1.5269141)
100.39967
644481.80796225
limited((extension in ARKit):__C.ARCamera.TrackingState.Reason.initializing)
simd_float4x4([[0.030642482, -0.9451645, 0.32515395, 0.0)], [0.999304, 0.035892513, 0.010158792, 0.0)], [-0.021272317, 0.32461634, 0.9456065, 0.0)], [0.0, 0.0, 0.0, 1.0)]])
0.0, 0.0, 0.0
float3(-0.33060607, -0.022492155, -1.5328397)
100.39928
644481.874619666
limited((extension in ARKit):__C.ARCamera.TrackingState.Reason.initializing)
simd_float4x4([[0.031796224, -0.955313, 0.29388088, 0.0)], [0.9993935, 0.03456413, 0.0042283214, 0.0)], [-0.0141971065, 0.29356822, 0.9558326, 0.0)], [0.0, 0.0, 0.0, 1.0)]])
0.0, 0.0, 0.0
float3(-0.2979574, -0.014852039, -1.5346311)
100.39928
644481.941277041
limited((extension in ARKit):__C.ARCamera.TrackingState.Reason.initializing)
simd_float4x4([[0.03148472, -0.9634081, 0.26618356, 0.0)], [0.9994124, 0.033954218, 0.004679272, 0.0)], [-0.013546103, 0.26587984, 0.96391106, 0.0)], [0.0, 0.0, 0.0, 1.0)]])
0.0, 0.0, 0.0
float3(-0.2691165, -0.014052345, -1.535567)
100.39928
644481.99127025
limited((extension in ARKit):__C.ARCamera.TrackingState.Reason.initializing)
simd_float4x4([[0.03375492, -0.96584314, 0.25691918, 0.0)], [0.9993177, 0.036471345, 0.0058139423, 0.0)], [-0.014985543, 0.25654766, 0.9664153, 0.0)], [0.0, 0.0, 0.0, 1.0)]])
0.0, 0.0, 0.0
float3(-0.25944862, -0.015505075, -1.5330532)
100.39928
644482.074591916
normal
simd_float4x4([[0.043689236, -0.97001916, 0.23906882, 0.0)], [0.99875546, 0.048170462, 0.01293107, 0.0)], [-0.024059445, 0.23820633, 0.97091657, 0.0)], [0.0007731614, 0.004845649, -0.0009393948, 1.0)]])
0.0007731614, 0.004845649, -0.0009393948
float3(-0.2405186, -0.024775065, -1.5211778)
100.39928
644482.124584958
normal
simd_float4x4([[0.04248125, -0.97090757, 0.23565623, 0.0)], [0.99837464, 0.05022268, 0.02694342, 0.0)], [-0.037994854, 0.23412858, 0.97146297, 0.0)], [0.002250549, 0.008388706, -0.0017389557, 1.0)]])
0.002250549, 0.008388706, -0.0017389557
float3(-0.23632213, -0.03909104, -1.5191149)
100.39928
644482.224570958
normal
simd_float4x4([[0.038372025, -0.96938765, 0.24251819, 0.0)], [0.99855965, 0.046306238, 0.027098756, 0.0)], [-0.0374993, 0.24112904, 0.96976835, 0.0)], [0.021463696, 0.0064948252, 0.014329326, 0.99999994)]])
0.021463696, 0.0064948252, 0.014329326
float3(-0.24352905, -0.038649052, -1.523064)
100.39928
644482.274564
normal
simd_float4x4([[0.008679877, -0.9707777, 0.23982358, 0.0)], [0.99881715, 0.01989208, 0.044370864, 0.0)], [-0.047844835, 0.23915473, 0.969802, 0.0)], [0.028281042, -0.0011826108, 0.011001819, 0.99999994)]])
0.028281042, -0.0011826108, 0.011001819
float3(-0.24149522, -0.049294673, -1.5503083)
100.39928
644482.357885833
normal
simd_float4x4([[0.0004543127, -0.96409225, 0.26556697, 0.0)], [0.99883276, 0.013264236, 0.046444647, 0.0)], [-0.048299465, 0.26523593, 0.962973, 0.0)], [0.038747214, 0.0007029648, 0.0038360928, 0.9999999)]])
0.038747214, 0.0007029648, 0.0038360928
float3(-0.26844862, -0.050114617, -1.5570389)
100.39928
644482.40787875
normal
simd_float4x4([[-0.002040511, -0.9606749, 0.2776682, 0.0)], [0.9972108, 0.018762106, 0.072241284, 0.0)], [-0.074610025, 0.2770411, 0.957957, 0.0)], [0.03625319, -0.008056122, -0.0200136, 1.0000001)]])
0.03625319, -0.008056122, -0.0200136
float3(-0.28071332, -0.07772761, -1.5512687)
100.39928
644482.4912005
normal
simd_float4x4([[-0.0136738345, -0.95814246, 0.28596526, 0.0)], [0.9942739, 0.01728436, 0.105454825, 0.0)], [-0.105983466, 0.28576976, 0.95241964, 0.0)], [0.052486643, -0.003149122, -0.029163511, 1.0)]])
0.052486643, -0.003149122, -0.029163511
float3(-0.28980958, -0.11082219, -1.5527588)
100.39928
644482.541193458
normal
simd_float4x4([[-0.008651071, -0.9633344, 0.26816434, 0.0)], [0.98338264, 0.040436193, 0.17698438, 0.0)], [-0.18133867, 0.26523924, 0.94697654, 0.0)], [0.061849058, -0.01649084, -0.06279761, 1.0)]])
0.061849058, -0.01649084, -0.06279761
float3(-0.26845205, -0.1892018, -1.5288457)
100.39928
644482.624515291
normal
simd_float4x4([[-0.016400127, -0.9633839, 0.26762357, 0.0)], [0.969165, 0.050500773, 0.2411823, 0.0)], [-0.24586636, 0.26332682, 0.9328498, 0.0)], [0.093512386, -0.011537689, -0.07587452, 0.99999994)]])
0.093512386, -0.011537689, -0.07587452
float3(-0.26646912, -0.2577042, -1.518424)
100.39928
644482.674508458
normal
simd_float4x4([[-0.00801252, -0.96894056, 0.24716374, 0.0)], [0.95563805, 0.06535853, 0.2872007, 0.0)], [-0.29443467, 0.23850028, 0.92543286, 0.0)], [0.104590975, -0.023336746, -0.067936935, 1.0)]])
0.104590975, -0.023336746, -0.067936935
float3(-0.24082127, -0.30803192, -1.5034448)
100.39928
644482.75783
normal
simd_float4x4([[-0.024117706, -0.96953005, 0.2437824, 0.0)], [0.9318773, 0.066490896, 0.35662812, 0.0)], [-0.361971, 0.23577635, 0.9018794, 0.0)], [0.14453325, -0.020622663, -0.07657425, 1.0)]])
0.14453325, -0.020622663, -0.07657425
float3(-0.23801737, -0.38167125, -1.502323)
100.3992
644482.807823333
normal
simd_float4x4([[-0.032683738, -0.9728774, 0.22900099, 0.0)], [0.925899, 0.05680518, 0.3734758, 0.0)], [-0.37635458, 0.22423838, 0.8989296, 0.0)], [0.15228568, -0.033703033, -0.05587145, 0.99999994)]])
0.15228568, -0.033703033, -0.05587145
float3(-0.22616145, -0.39649662, -1.5124737)
100.3992
644482.857816291
normal
simd_float4x4([[-0.04467264, -0.9720002, 0.23069482, 0.0)], [0.90979856, 0.05579993, 0.41128215, 0.0)], [-0.412639, 0.22825888, 0.8818315, 0.0)], [0.17559403, -0.032260306, -0.056626596, 1.0)]])
0.17559403, -0.032260306, -0.056626596
float3(-0.23028897, -0.4376674, -1.5134519)
100.3992
644482.907809166
normal
simd_float4x4([[-0.07256689, -0.9655135, 0.25003532, 0.0)], [0.8936397, 0.04837802, 0.44617006, 0.0)], [-0.44287944, 0.25581867, 0.8593105, 0.0)], [0.19674128, -0.032906394, -0.050946537, 1.0)]])
0.19674128, -0.032906394, -0.050946537
float3(-0.25869444, -0.47588313, -1.5207322)
100.3992
644482.957802291
normal
simd_float4x4([[-0.086306244, -0.96701574, 0.23964936, 0.0)], [0.8732944, 0.042339526, 0.48534966, 0.0)], [-0.47948745, 0.25117314, 0.8408353, 0.0)], [0.21975385, -0.030558946, -0.048068628, 0.99999994)]])
0.21975385, -0.030558946, -0.048068628
float3(-0.25389206, -0.5182582, -1.5270406)
100.3992
644483.041124083
normal
simd_float4x4([[-0.102085695, -0.9703785, 0.2189611, 0.0)], [0.8373558, 0.035006136, 0.5455363, 0.0)], [-0.5370417, 0.23903981, 0.8089785, 0.0)], [0.25673947, -0.026174381, -0.040435147, 1.0)]])
0.25673947, -0.026174381, -0.040435147
float3(-0.24137688, -0.5860512, -1.5347372)
100.3992
644483.091117083
normal
simd_float4x4([[-0.0994137, -0.9728704, 0.20890196, 0.0)], [0.817347, 0.039895948, 0.57476276, 0.0)], [-0.567504, 0.22788468, 0.7912065, 0.0)], [0.27592236, -0.02160118, -0.035260227, 0.99999994)]])
0.27592236, -0.02160118, -0.035260227
float3(-0.22990465, -0.62221885, -1.5298108)
100.3992
644483.174438833
normal
simd_float4x4([[-0.09471383, -0.9766593, 0.19278476, 0.0)], [0.78670573, 0.045235466, 0.6156687, 0.0)], [-0.6100193, 0.2099772, 0.76405895, 0.0)], [0.30358732, -0.0127860755, -0.026484104, 1.0)]])
0.30358732, -0.0127860755, -0.026484104
float3(-0.21155164, -0.6737603, -1.5245129)
100.3992
644483.224431833
normal
simd_float4x4([[-0.08806529, -0.9801347, 0.1777088, 0.0)], [0.77919227, 0.043359946, 0.6252835, 0.0)], [-0.6205675, 0.19353507, 0.75989485, 0.0)], [0.31467426, -0.00776127, -0.020764789, 1.0)]])
0.31467426, -0.00776127, -0.020764789
float3(-0.19476408, -0.68481076, -1.5265864)
100.3992
644483.307753541
normal
simd_float4x4([[-0.07219861, -0.98666, 0.14590874, 0.0)], [0.7827219, 0.03461926, 0.6214081, 0.0)], [-0.6181697, 0.15907076, 0.76978093, 0.0)], [0.3255456, 0.00074249506, -0.011961202, 1.0)]])
0.3255456, 0.00074249506, -0.011961202
float3(-0.15974936, -0.6765957, -1.5357234)
100.3992
644483.357746666
normal
simd_float4x4([[-0.05818612, -0.9900325, 0.12825735, 0.0)], [0.79432845, 0.031906478, 0.6066502, 0.0)], [-0.60469556, 0.13717708, 0.7845544, 0.0)], [0.3259103, 0.007013656, -0.011839452, 1.0)]])
0.3259103, 0.007013656, -0.011839452
float3(-0.13761099, -0.6566496, -1.5385798)
100.3992
644483.441068333
normal
simd_float4x4([[-0.041281305, -0.99397814, 0.101505786, 0.0)], [0.82565755, 0.023273865, 0.5636914, 0.0)], [-0.56265926, 0.107078925, 0.81972474, 0.0)], [0.32188722, 0.017412469, -0.016273063, 1.0)]])
0.32188722, 0.017412469, -0.016273063
float3(-0.10728461, -0.60154015, -1.5473857)
100.3992
644483.507725791
normal
simd_float4x4([[-0.021982444, -0.99715, 0.07217102, 0.0)], [0.8502936, 0.019322155, 0.5259538, 0.0)], [-0.5258494, 0.0729283, 0.84744555, 0.0)], [0.31041557, 0.026857242, -0.022304263, 1.0)]])
0.31041557, 0.026857242, -0.022304263
float3(-0.0729931, -0.55536485, -1.5514214)
100.3992
644483.557718833
normal
simd_float4x4([[-0.01856884, -0.9984776, 0.051940523, 0.0)], [0.87326336, 0.009101891, 0.4871634, 0.0)], [-0.4868945, 0.05440381, 0.87176484, 0.0)], [0.3043077, 0.032130133, -0.026754474, 0.99999994)]])
0.3043077, 0.032130133, -0.026754474
float3(-0.054430686, -0.50935775, -1.5616808)
100.3992
644483.607711833
normal
simd_float4x4([[-0.013841656, -0.99863565, 0.050352227, 0.0)], [0.89224136, 0.010395054, 0.45143923, 0.0)], [-0.45134673, 0.051175006, 0.8908801, 0.0)], [0.29445302, 0.035868645, -0.034890275, 1.0)]])
0.29445302, 0.035868645, -0.034890275
float3(-0.05119737, -0.46893767, -1.5603875)
100.3992
644483.691033625
normal
simd_float4x4([[-0.010680307, -0.9981993, 0.05902645, 0.0)], [0.9178345, 0.013639304, 0.3967289, 0.0)], [-0.39681962, 0.0584137, 0.91603607, 0.0)], [0.28994325, 0.04038783, -0.048720468, 1.0)]])
0.28994325, 0.04038783, -0.048720468
float3(-0.05844697, -0.40878895, -1.5571333)
100.39913
644483.741026625
normal
simd_float4x4([[-0.007916107, -0.99821603, 0.059178818, 0.0)], [0.9318726, 0.014101355, 0.36251152, 0.0)], [-0.36269936, 0.058016796, 0.93009853, 0.0)], [0.28024492, 0.039596893, -0.057299353, 1.0)]])
0.28024492, 0.039596893, -0.057299353
float3(-0.058049392, -0.37181962, -1.5566707)
100.39913
644483.791019791
normal
simd_float4x4([[-0.0061100433, -0.9979725, 0.06335205, 0.0)], [0.9436842, 0.015202606, 0.3304982, 0.0)], [-0.33079123, 0.061803676, 0.94167805, 0.0)], [0.28181627, 0.03585902, -0.06943809, 1.0)]])
0.28181627, 0.03585902, -0.06943809
float3(-0.06184309, -0.33781332, -1.555564)
100.39913
644483.8743415
normal
simd_float4x4([[0.0022604323, -0.99623954, 0.08661235, 0.0)], [0.9653358, 0.02477995, 0.25983238, 0.0)], [-0.26100153, 0.083022654, 0.9617617, 0.0)], [0.26199353, 0.029024027, -0.08850912, 1.0)]])
0.26199353, 0.029024027, -0.08850912
float3(-0.08311833, -0.2649963, -1.545928)
100.39913
644483.924334541
normal
simd_float4x4([[-0.0031340937, -0.994799, 0.10180877, 0.0)], [0.97860146, 0.017895395, 0.20498578, 0.0)], [-0.20574157, 0.10027265, 0.9734556, 0.0)], [0.26307094, 0.022075586, -0.10541778, 1.0)]])
0.26307094, 0.022075586, -0.10541778
float3(-0.10044145, -0.20828652, -1.5528094)
100.39913
644484.007656333
normal
simd_float4x4([[-0.012117449, -0.9916675, 0.1282522, 0.0)], [0.99527603, 0.0003943574, 0.09708432, 0.0)], [-0.09632595, 0.12882276, 0.9869782, 0.0)], [0.2368911, 0.0076062777, -0.12697019, 0.9999999)]])
0.2368911, 0.0076062777, -0.12697019
float3(-0.12918176, -0.09728872, -1.5703987)
100.39913
644484.05764925
normal
simd_float4x4([[-0.016480152, -0.98833257, 0.15141647, 0.0)], [0.999544, -0.01245355, 0.027502874, 0.0)], [-0.025296317, 0.15180069, 0.9880873, 0.0)], [0.23392296, -0.0055200285, -0.14550795, 0.9999999)]])
0.23392296, -0.0055200285, -0.14550795
float3(-0.15238982, -0.025595708, -1.5833962)
100.39913
644484.140971083
normal
simd_float4x4([[-0.004209912, -0.9821317, 0.18814792, 0.0)], [0.9950447, -0.022805037, -0.09677759, 0.0)], [0.09933904, 0.18680815, 0.977361, 0.0)], [0.19853376, -0.022165291, -0.16845672, 1.0)]])
0.19853376, -0.022165291, -0.16845672
float3(-0.18791209, 0.101292215, -1.5940121)
100.39913
644484.190964125
normal
simd_float4x4([[0.0059272638, -0.9778399, 0.20927015, 0.0)], [0.9863421, -0.028730681, -0.1621842, 0.0)], [0.16460265, 0.20737329, 0.9643144, 0.0)], [0.19283505, -0.03478117, -0.18562731, 1.0)]])
0.19283505, -0.03478117, -0.18562731
float3(-0.20888911, 0.16906455, -1.6001697)
100.39913
644484.240957
normal
simd_float4x4([[0.019628853, -0.9725441, 0.23188949, 0.0)], [0.97299397, -0.034772296, -0.2281964, 0.0)], [0.22999439, 0.23010631, 0.945597, 0.0)], [0.17462337, -0.045244556, -0.20135769, 1.0)]])
0.17462337, -0.045244556, -0.20135769
float3(-0.23218693, 0.23859365, -1.6065351)
100.39913
644484.290950083
normal
simd_float4x4([[0.030218579, -0.9643904, 0.26275092, 0.0)], [0.9595349, -0.045639116, -0.27786663, 0.0)], [0.2799636, 0.2605154, 0.92398703, 0.0)], [0.16998851, -0.055197526, -0.22261651, 0.99999994)]])
0.16998851, -0.055197526, -0.22261651
float3(-0.263556, 0.2942024, -1.6180854)
100.39913
644484.374271875
normal
simd_float4x4([[0.04626266, -0.9514335, 0.30435848, 0.0)], [0.9336362, -0.06716412, -0.3518702, 0.0)], [0.35522306, 0.30043855, 0.8851854, 0.0)], [0.15537947, -0.07382712, -0.2569475, 1.0)]])
0.15537947, -0.07382712, -0.2569475
float3(-0.30515242, 0.38162476, -1.641272)
100.39913
644484.424264875
normal
simd_float4x4([[0.06618024, -0.94084907, 0.3322999, 0.0)], [0.92302245, -0.06877419, -0.37854952, 0.0)], [0.37901163, 0.33177274, 0.8638733, 0.0)], [0.15796953, -0.08481071, -0.28163844, 0.99999994)]])
0.15796953, -0.08481071, -0.28163844
float3(-0.33818215, 0.41344672, -1.6437646)
100.39913
644484.474258041
normal
simd_float4x4([[0.09024827, -0.93288755, 0.34867746, 0.0)], [0.9129023, -0.06245023, -0.4033725, 0.0)], [0.39807618, 0.35471213, 0.84599924, 0.0)], [0.15526205, -0.0960798, -0.30733618, 1.0)]])
0.15526205, -0.0960798, -0.30733618
float3(-0.36260617, 0.4398028, -1.6376395)
100.39913
644484.557579791
normal
simd_float4x4([[0.12406545, -0.9219793, 0.36682698, 0.0)], [0.90623385, -0.04529504, -0.42034364, 0.0)], [0.40416354, 0.38458112, 0.8299092, 0.0)], [0.16016287, -0.11484084, -0.3581373, 1.0)]])
0.16016287, -0.11484084, -0.3581373
float3(-0.394754, 0.45319146, -1.6198848)
100.39913
644484.607572791
normal
simd_float4x4([[0.13924547, -0.9191219, 0.36854538, 0.0)], [0.9050601, -0.032902293, -0.4240094, 0.0)], [0.40184233, 0.39259702, 0.82727903, 0.0)], [0.1629807, -0.12555167, -0.39171237, 1.0)]])
0.1629807, -0.12555167, -0.39171237
float3(-0.40345362, 0.45217448, -1.6065786)
100.39913
644484.707558791
normal
simd_float4x4([[0.13836114, -0.9286933, 0.34407133, 0.0)], [0.904759, -0.022779262, -0.4253143, 0.0)], [0.40282422, 0.3701486, 0.83709186, 0.0)], [0.17287305, -0.14299555, -0.47053376, 1.0)]])
0.17287305, -0.14299555, -0.47053376
float3(-0.379169, 0.44850996, -1.5953197)
100.3989
644484.757551916
normal
simd_float4x4([[0.14167862, -0.93568933, 0.3231294, 0.0)], [0.9125156, -0.003084085, -0.40903023, 0.0)], [0.38372183, 0.35281146, 0.8533942, 0.0)], [0.17653774, -0.14614865, -0.5114248, 0.99999994)]])
0.17653774, -0.14614865, -0.5114248
float3(-0.36057407, 0.42255613, -1.5740924)
100.3989
644484.84087375
normal
simd_float4x4([[0.1325592, -0.93417144, 0.33128807, 0.0)], [0.9294629, 0.0010619699, -0.368914, 0.0)], [0.34427714, 0.35682288, 0.8684185, 0.0)], [0.18667747, -0.139534, -0.58659285, 0.99999994)]])
0.18667747, -0.139534, -0.58659285
float3(-0.36486468, 0.37743494, -1.5696595)
100.3989
644484.890866625
normal
simd_float4x4([[0.12061538, -0.9412914, 0.3153132, 0.0)], [0.9251275, -0.0086003095, -0.37955913, 0.0)], [0.35998753, 0.33748558, 0.86977726, 0.0)], [0.19019975, -0.12732816, -0.62218815, 0.9999999)]])
0.19019975, -0.12732816, -0.62218815
float3(-0.34424448, 0.39241838, -1.5799328)
100.3989
644484.940859666
normal
simd_float4x4([[0.110828534, -0.95240426, 0.28397754, 0.0)], [0.92900085, -0.0022386124, -0.370071, 0.0)], [0.35309294, 0.30482975, 0.8845363, 0.0)], [0.19721407, -0.110877976, -0.65193397, 1.0)]])
0.19721407, -0.110877976, -0.65193397
float3(-0.30975968, 0.3798029, -1.5731468)
100.3989
644484.990852875
normal
simd_float4x4([[0.10229918, -0.9608501, 0.2574917, 0.0)], [0.92661285, -0.0021106359, -0.37601104, 0.0)], [0.3618337, 0.27706075, 0.89012, 0.0)], [0.20192914, -0.09658923, -0.67551756, 1.0)]])
0.20192914, -0.09658923, -0.67551756
float3(-0.28073373, 0.38609713, -1.5729929)
100.3989
644485.074174583
normal
simd_float4x4([[0.09914889, -0.9659836, 0.2388414, 0.0)], [0.9201402, -0.0023758707, -0.39158177, 0.0)], [0.37882903, 0.2585925, 0.8886049, 0.0)], [0.21289426, -0.08100565, -0.71710634, 1.0)]])
0.21289426, -0.08100565, -0.71710634
float3(-0.26156485, 0.4029872, -1.5732559)
100.3989
644485.124167625
normal
simd_float4x4([[0.10440844, -0.96728957, 0.23119214, 0.0)], [0.9076034, -0.002375819, -0.41982207, 0.0)], [0.40663874, 0.25366375, 0.87766725, 0.0)], [0.21576418, -0.07657212, -0.7401164, 1.0)]])
0.21576418, -0.07657212, -0.7401164
float3(-0.25646603, 0.43387353, -1.5732524)
100.3989
644485.174160625
normal
simd_float4x4([[0.12367662, -0.9655618, 0.22889845, 0.0)], [0.8891343, 0.0054039364, -0.4576146, 0.0)], [0.44061822, 0.26011768, 0.8591824, 0.0)], [0.2208608, -0.07608474, -0.7645306, 0.99999994)]])
0.2208608, -0.07608474, -0.7645306
float3(-0.26314408, 0.47386226, -1.5651997)
100.3989
644485.257482416
normal
simd_float4x4([[0.15975697, -0.95754254, 0.23997922, 0.0)], [0.8543103, 0.012307088, -0.51961774, 0.0)], [0.4946026, 0.28802925, 0.8200045, 0.0)], [0.22830884, -0.08076639, -0.801241, 1.0)]])
0.22830884, -0.08076639, -0.801241
float3(-0.29216823, 0.5427475, -1.5579443)
100.3989
644485.307475541
normal
simd_float4x4([[0.15714328, -0.9596062, 0.23337096, 0.0)], [0.8262436, -0.0016899534, -0.56331056, 0.0)], [0.54095066, 0.2813417, 0.79260284, 0.0)], [0.23915245, -0.08476534, -0.82520515, 1.0)]])
0.23915245, -0.08476534, -0.82520515
float3(-0.285192, 0.5988835, -1.5725574)
100.3989
644485.390797208
normal
simd_float4x4([[0.15851395, -0.96133965, 0.22516492, 0.0)], [0.7794329, -0.018154254, -0.62622267, 0.0)], [0.60610044, 0.27476597, 0.7464221, 0.0)], [0.25168082, -0.092699446, -0.8654979, 0.99999994)]])
0.25168082, -0.092699446, -0.8654979
float3(-0.2783463, 0.6820199, -1.5896784)
100.3989
644485.440790208
normal
simd_float4x4([[0.17298783, -0.96050704, 0.21794817, 0.0)], [0.73559785, -0.021156138, -0.67708796, 0.0)], [0.6549587, 0.2774502, 0.7028872, 0.0)], [0.2626506, -0.098605216, -0.89515734, 1.0)]])
0.2626506, -0.098605216, -0.89515734
float3(-0.2811391, 0.7501154, -1.5928187)
100.3989
644485.490783125
normal
simd_float4x4([[0.18603937, -0.9602822, 0.20796037, 0.0)], [0.6889561, -0.023408478, -0.7244251, 0.0)], [0.7005205, 0.27804714, 0.65723723, 0.0)], [0.27082852, -0.103698626, -0.926135, 1.0)]])
0.27082852, -0.103698626, -0.926135
float3(-0.28176048, 0.81726587, -1.5951681)
100.3989
644485.540776291
normal
simd_float4x4([[0.18993211, -0.9639083, 0.18656525, 0.0)], [0.63520956, -0.024249233, -0.77195907, 0.0)], [0.74862176, 0.26512784, 0.6076781, 0.0)], [0.28647342, -0.10855421, -0.9540316, 1.0000001)]])
0.28647342, -0.10855421, -0.9540316
float3(-0.2683365, 0.88894427, -1.5959482)
100.3989
644485.590769458
normal
simd_float4x4([[0.21863353, -0.95965326, 0.17681882, 0.0)], [0.59206045, -0.013580574, -0.80577916, 0.0)], [0.77566993, 0.28085777, 0.5652036, 0.0)], [0.29959655, -0.11332619, -0.9806422, 1.0)]])
0.29959655, -0.11332619, -0.9806422
float3(-0.28468773, 0.9410899, -1.5849469)
100.3989
644485.640762458
normal
simd_float4x4([[0.27564117, -0.94154537, 0.19368595, 0.0)], [0.54042304, -0.014845684, -0.8412625, 0.0)], [0.79496217, 0.33655894, 0.50474066, 0.0)], [0.31596407, -0.11524081, -1.0099838, 1.0)]])
0.31596407, -0.11524081, -1.0099838
float3(-0.34326026, 1.0050924, -1.5865624)
100.3989
644485.690755416
normal
simd_float4x4([[0.29849237, -0.9336628, 0.1979294, 0.0)], [0.5032817, -0.02222739, -0.86383647, 0.0)], [0.8109315, 0.35746285, 0.46326068, 0.0)], [0.33409262, -0.11071923, -1.0295221, 1.0)]])
0.33409262, -0.11071923, -1.0295221
float3(-0.36554983, 1.05177, -1.5945985)
100.3989
644485.774077166
normal
simd_float4x4([[0.2602154, -0.9444124, 0.20093042, 0.0)], [0.4619314, -0.060974427, -0.8848171, 0.0)], [0.84788394, 0.32305917, 0.4203873, 0.0)], [0.38093224, -0.09410558, -1.0612955, 0.9999999)]])
0.38093224, -0.09410558, -1.0612955
float3(-0.3289602, 1.1105082, -1.6352702)
100.3989
644485.824070125
normal
simd_float4x4([[0.24704601, -0.9481255, 0.20006597, 0.0)], [0.4467943, -0.0717532, -0.89175475, 0.0)], [0.85985076, 0.30969274, 0.40589073, 0.0)], [0.40593818, -0.08462525, -1.0767069, 1.0)]])
0.40593818, -0.08462525, -1.0767069
float3(-0.31486988, 1.1297594, -1.6463313)
100.3989
644485.874063291
normal
simd_float4x4([[0.24168472, -0.9457143, 0.21728545, 0.0)], [0.41661707, -0.10110339, -0.90344256, 0.0)], [0.8763668, 0.30887306, 0.3695656, 0.0)], [0.4317505, -0.08022416, -1.09725, 1.0)]])
0.4317505, -0.08022416, -1.09725
float3(-0.31400794, 1.1717224, -1.6772987)
100.3989
644485.957384958
normal
simd_float4x4([[0.24929792, -0.9442632, 0.21498245, 0.0)], [0.39647228, -0.10301962, -0.91224813, 0.0)], [0.8835498, 0.31265613, 0.3486916, 0.0)], [0.47243035, -0.07681779, -1.1251843, 1.0)]])
0.47243035, -0.07681779, -1.1251843
float3(-0.31798807, 1.1949118, -1.6794671)
100.3989
644486.007378
normal
simd_float4x4([[0.260788, -0.9424968, 0.20901991, 0.0)], [0.40142733, -0.09103895, -0.9113549, 0.0)], [0.8779781, 0.32157674, 0.35460213, 0.0)], [0.49901602, -0.07719167, -1.1432575, 0.9999999)]])
0.49901602, -0.07719167, -1.1432575
float3(-0.32739422, 1.1869453, -1.667091)
100.3989
644486.090699791
normal
simd_float4x4([[0.2711721, -0.9395578, 0.20903794, 0.0)], [0.42362994, -0.07851014, -0.9024266, 0.0)], [0.86429363, 0.33326763, 0.37673506, 0.0)], [0.53993857, -0.08507814, -1.1725229, 1.0)]])
0.53993857, -0.08507814, -1.1725229
float3(-0.33976722, 1.1597399, -1.6541634)
100.3989
644486.140692875
normal
simd_float4x4([[0.26283336, -0.9440968, 0.19899678, 0.0)], [0.44092128, -0.065922774, -0.89512146, 0.0)], [0.8581999, 0.32300973, 0.3989457, 0.0)], [0.56582284, -0.09611745, -1.19139, 0.99999994)]])
0.56582284, -0.09611745, -1.19139
float3(-0.32890797, 1.135651, -1.6405095)
100.3989
644486.190685916
normal
simd_float4x4([[0.26009414, -0.94633865, 0.19181778, 0.0)], [0.4534039, -0.05569503, -0.8895633, 0.0)], [0.8525115, 0.31834114, 0.41458777, 0.0)], [0.5845232, -0.11413939, -1.207365, 0.99999994)]])
0.5845232, -0.11413939, -1.207365
float3(-0.32397908, 1.1181579, -1.6295817)
100.3989
644486.240678916
normal
simd_float4x4([[0.25549254, -0.94850236, 0.18726201, 0.0)], [0.46601388, -0.04888658, -0.8834259, 0.0)], [0.84708613, 0.31297535, 0.4295251, 0.0)], [0.6092258, -0.14199263, -1.2276156, 1.0000001)]])
0.6092258, -0.14199263, -1.2276156
float3(-0.31832415, 1.1015152, -1.6222916)
100.3989
644486.290671916
normal
simd_float4x4([[0.2539151, -0.9501535, 0.18092908, 0.0)], [0.4855433, -0.036568064, -0.8734475, 0.0)], [0.8365255, 0.3096304, 0.4520556, 0.0)], [0.63199496, -0.17929946, -1.2461923, 1.0)]])
0.63199496, -0.17929946, -1.2461923
float3(-0.3148043, 1.075356, -1.6092638)
100.3989
644486.340665083
normal
simd_float4x4([[0.2649975, -0.9457107, 0.18816894, 0.0)], [0.49566963, -0.03378614, -0.8678537, 0.0)], [0.82709605, 0.3232487, 0.45980683, 0.0)], [0.6542141, -0.22490945, -1.267737, 1.0)]])
0.6542141, -0.22490945, -1.267737
float3(-0.3291605, 1.0634123, -1.6065068)
100.3989
644486.407322458
normal
simd_float4x4([[0.23773603, -0.95269656, 0.18934284, 0.0)], [0.5232209, -0.038630433, -0.851321, 0.0)], [0.818365, 0.30145785, 0.48928693, 0.0)], [0.68686175, -0.28251088, -1.2942857, 0.9999999)]])
0.68686175, -0.28251088, -1.2942857
float3(-0.30622128, 1.0319345, -1.6113226)
100.3989
644486.490644291
normal
simd_float4x4([[0.20147063, -0.9557953, 0.21416126, 0.0)], [0.549948, -0.07054822, -0.83221406, 0.0)], [0.8105349, 0.28544423, 0.51142424, 0.0)], [0.7416427, -0.31632724, -1.3313586, 1.0)]])
0.7416427, -0.31632724, -1.3313586
float3(-0.2894699, 1.0079145, -1.6444738)
100.3989
644486.540637208
normal
simd_float4x4([[0.16412716, -0.964782, 0.20556755, 0.0)], [0.5887512, -0.07139818, -0.80515486, 0.0)], [0.7914761, 0.2531759, 0.5562982, 0.0)], [0.7801532, -0.31995764, -1.3545744, 1.0)]])
0.7801532, -0.31995764, -1.3545744
float3(-0.25596172, 0.95815235, -1.6446662)
100.39903
644486.59063025
normal
simd_float4x4([[0.0965403, -0.97970533, 0.17566274, 0.0)], [0.58387274, -0.087188356, -0.80714977, 0.0)], [0.80608475, 0.18048717, 0.56360596, 0.0)], [0.8183021, -0.3212651, -1.3806394, 0.99999994)]])
0.8183021, -0.3212651, -1.3806394
float3(-0.18148173, 0.96061456, -1.659557)
100.39903
644486.673952041
normal
simd_float4x4([[0.059335325, -0.98706985, 0.14890413, 0.0)], [0.5935571, -0.08504658, -0.8002856, 0.0)], [0.8026015, 0.13586831, 0.5808361, 0.0)], [0.8790638, -0.33830196, -1.4348912, 1.0)]])
0.8790638, -0.33830196, -1.4348912
float3(-0.13628985, 0.9443462, -1.6567447)
100.39903
644486.723945083
normal
simd_float4x4([[0.0617771, -0.98792315, 0.14209685, 0.0)], [0.57499516, -0.08114274, -0.814123, 0.0)], [0.8158211, 0.13199916, 0.5630383, 0.0)], [0.9137046, -0.3637378, -1.4709059, 0.99999994)]])
0.9137046, -0.3637378, -1.4709059
float3(-0.13238552, 0.9667123, -1.652747)
100.39903
644486.773938166
normal
simd_float4x4([[0.064277954, -0.98727745, 0.14543527, 0.0)], [0.56959355, -0.08336895, -0.81768733, 0.0)], [0.8194092, 0.13539828, 0.556988, 0.0)], [0.9487265, -0.40202403, -1.5069065, 0.9999999)]])
0.9487265, -0.40202403, -1.5069065
float3(-0.13581544, 0.9737952, -1.6550398)
100.39903
644486.823931166
normal
simd_float4x4([[0.09569314, -0.982177, 0.16177513, 0.0)], [0.6000226, -0.07275971, -0.7966675, 0.0)], [0.7942392, 0.17330432, 0.5823659, 0.0)], [0.9824538, -0.44571579, -1.5442587, 1.0)]])
0.9824538, -0.44571579, -1.5442587
float3(-0.17418377, 0.9381099, -1.6447413)
100.39903
644486.87392425
normal
simd_float4x4([[0.17439689, -0.9616129, 0.21186395, 0.0)], [0.59030783, -0.070109114, -0.80412775, 0.0)], [0.7881132, 0.2653023, 0.5554208, 0.0)], [1.0113124, -0.48506287, -1.5860517, 1.0)]])
1.0113124, -0.48506287, -1.5860517
float3(-0.26851743, 0.9568912, -1.6435754)
100.39903
644486.923917333
normal
simd_float4x4([[0.25197095, -0.9297292, 0.26854086, 0.0)], [0.597605, -0.0687737, -0.7988357, 0.0)], [0.76116943, 0.36176476, 0.5382818, 0.0)], [1.0416497, -0.5129995, -1.6236776, 1.0)]])
1.0416497, -0.5129995, -1.6236776
float3(-0.37016016, 0.9552696, -1.6446337)
100.39903
644486.973910333
normal
simd_float4x4([[0.25187907, -0.920295, 0.29935607, 0.0)], [0.64165473, -0.07274806, -0.76353586, 0.0)], [0.72445583, 0.38440192, 0.57218784, 0.0)], [1.0777421, -0.5336223, -1.656102, 1.0)]])
1.0777421, -0.5336223, -1.656102
float3(-0.39455986, 0.9022952, -1.649681)
100.39903
644487.023903333
normal
simd_float4x4([[0.22403382, -0.9230622, 0.31267405, 0.0)], [0.6307407, -0.107248835, -0.7685466, 0.0)], [0.74295026, 0.36939663, 0.5581855, 0.0)], [1.1115255, -0.55658454, -1.6953981, 1.0000001)]])
1.1115255, -0.55658454, -1.6953981
float3(-0.37835965, 0.9264577, -1.6864657)
100.39903
644487.073896458
normal
simd_float4x4([[0.19766594, -0.9318379, 0.30431297, 0.0)], [0.5915722, -0.13414297, -0.79501444, 0.0)], [0.781646, 0.33717033, 0.52473396, 0.0)], [1.1447304, -0.5875518, -1.727313, 1.0)]])
1.1447304, -0.5875518, -1.727313
float3(-0.3439096, 0.9795797, -1.7137693)
100.39903
644487.123889458
normal
simd_float4x4([[0.15813129, -0.9461329, 0.2825369, 0.0)], [0.6244891, -0.12581486, -0.7708333, 0.0)], [0.764858, 0.29833406, 0.57095444, 0.0)], [1.1792334, -0.62108964, -1.764965, 1.0)]])
1.1792334, -0.62108964, -1.764965
float3(-0.30294675, 0.9295491, -1.7029988)
100.39903
644487.20721125
normal
simd_float4x4([[0.10787472, -0.9689653, 0.22241685, 0.0)], [0.60316974, -0.11405232, -0.78941643, 0.0)], [0.7902843, 0.2193132, 0.5721473, 0.0)], [1.2465967, -0.6599358, -1.8163905, 0.99999994)]])
1.2465967, -0.6599358, -1.8163905
float3(-0.22111048, 0.94415927, -1.6879625)
100.39903
644487.257204291
normal
simd_float4x4([[0.14204209, -0.96910846, 0.20162524, 0.0)], [0.60302824, -0.076810546, -0.7940134, 0.0)], [0.784972, 0.23436901, 0.5734894, 0.0)], [1.2849568, -0.6742007, -1.8130763, 1.0)]])
1.2849568, -0.6742007, -1.8130763
float3(-0.23656945, 0.9398365, -1.64989)
100.39903
644487.307197416
normal
simd_float4x4([[0.13873164, -0.97031534, 0.19809517, 0.0)], [0.58984846, -0.079719, -0.8035694, 0.0)], [0.79550767, 0.22832663, 0.5612794, 0.0)], [1.3278505, -0.69218373, -1.8478686, 1.0)]])
1.3278505, -0.69218373, -1.8478686
float3(-0.23035857, 0.9563477, -1.65277)
100.39903
644487.390519208
normal
simd_float4x4([[0.087730706, -0.982065, 0.16688779, 0.0)], [0.45445406, -0.10962516, -0.8839988, 0.0)], [0.88643944, 0.15339668, 0.43668598, 0.0)], [1.3918617, -0.73839843, -1.9048356, 1.0)]])
1.3918617, -0.73839843, -1.9048356
float3(-0.15400472, 1.1130627, -1.6819633)
100.39903
644487.440512208
normal
simd_float4x4([[0.06764696, -0.9885034, 0.13522169, 0.0)], [0.42981642, -0.09343681, -0.89806867, 0.0)], [0.9003786, 0.11887211, 0.4185543, 0.0)], [1.4328295, -0.7700206, -1.9331676, 0.99999994)]])
1.4328295, -0.7700206, -1.9331676
float3(-0.119153865, 1.1356498, -1.6650398)
100.39903
644487.490505208
normal
simd_float4x4([[0.0864598, -0.99143964, 0.09783733, 0.0)], [0.40322205, -0.05497756, -0.91344917, 0.0)], [0.91100866, 0.118426815, 0.39501703, 0.0)], [1.4732462, -0.7947597, -1.9604902, 1.0)]])
1.4732462, -0.7947597, -1.9604902
float3(-0.1187054, 1.1616607, -1.6261919)
100.39905
644487.540498125
normal
simd_float4x4([[0.17726116, -0.9807361, 0.08206888, 0.0)], [0.3776014, -0.00923322, -0.9259222, 0.0)], [0.9088431, 0.19511938, 0.36869055, 0.0)], [1.5102133, -0.81404597, -1.9880304, 1.0)]])
1.5102133, -0.81404597, -1.9880304
float3(-0.19637917, 1.1854115, -1.5802107)
100.39905
644487.590491208
normal
simd_float4x4([[0.22309172, -0.9703884, 0.092608534, 0.0)], [0.38058138, -0.0007573453, -0.9247471, 0.0)], [0.8974341, 0.24154851, 0.36914283, 0.0)], [1.5515778, -0.83426034, -2.0150557, 1.0)]])
1.5515778, -0.83426034, -2.0150557
float3(-0.24396129, 1.1805599, -1.5715768)
100.39905
644487.640484333
normal
simd_float4x4([[0.24081959, -0.96562093, 0.09788795, 0.0)], [0.37068194, -0.0017054077, -0.9287583, 0.0)], [0.8969954, 0.2599485, 0.35752758, 0.0)], [1.5941491, -0.8585858, -2.041595, 1.0)]])
1.5941491, -0.8585858, -2.041595
float3(-0.26296887, 1.1915116, -1.5725625)
100.39905
644487.6904775
normal
simd_float4x4([[0.25073043, -0.96252525, 0.103341244, 0.0)], [0.34585273, -0.01064065, -0.93822855, 0.0)], [0.9041682, 0.27098328, 0.33022407, 0.0)], [1.6366644, -0.88843143, -2.0669467, 0.99999994)]])
1.6366644, -0.88843143, -2.0669467
float3(-0.2744144, 1.2206237, -1.5818508)
100.39905
644487.740470541
normal
simd_float4x4([[0.20508397, -0.97436017, 0.09253612, 0.0)], [0.3417385, -0.017308969, -0.93963575, 0.0)], [0.9171454, 0.22432736, 0.32942656, 0.0)], [1.6832414, -0.9179934, -2.0885947, 1.0)]])
1.6832414, -0.9179934, -2.0885947
float3(-0.22625275, 1.2259609, -1.5885589)
100.39905
644487.790463458
normal
simd_float4x4([[0.17720506, -0.9822486, 0.06153172, 0.0)], [0.24313302, -0.016891742, -0.96984595, 0.0)], [0.95366913, 0.18682198, 0.23582375, 0.0)], [1.7238168, -0.9370122, -2.110473, 1.0)]])
1.7238168, -0.9370122, -2.110473
float3(-0.18792617, 1.3283789, -1.5879916)
100.39905
644487.840456583
normal
simd_float4x4([[0.21614161, -0.97596526, 0.02782989, 0.0)], [0.1365011, 0.0019818568, -0.99063796, 0.0)], [0.9667732, 0.21791689, 0.1336487, 0.0)], [1.7617822, -0.9424038, -2.132325, 0.99999994)]])
1.7617822, -0.9424038, -2.132325
float3(-0.21967955, 1.433425, -1.5687656)
100.39905
644487.923778375
normal
simd_float4x4([[0.28598174, -0.95707726, -0.04708863, 0.0)], [0.04597812, 0.06278982, -0.9969671, 0.0)], [0.9571312, 0.28294936, 0.06196137, 0.0)], [1.8362656, -0.9379757, -2.1627698, 0.9999999)]])
1.8362656, -0.9379757, -2.1627698
float3(-0.28686774, 1.50615, -1.5052844)
100.39905
644487.973771375
normal
simd_float4x4([[0.29960597, -0.9512783, -0.07284034, 0.0)], [0.02908542, 0.08541911, -0.9959205, 0.0)], [0.95361966, 0.29626516, 0.05326041, 0.0)], [1.8860296, -0.93783164, -2.185033, 1.0)]])
1.8860296, -0.93783164, -2.185033
float3(-0.30077988, 1.5150036, -1.4812424)
100.39905
644488.023764416
normal
simd_float4x4([[0.26005104, -0.9628542, -0.07269913, 0.0)], [-0.032947663, 0.06639746, -0.99724925, 0.0)], [0.96503264, 0.26173097, -0.014457066, 0.0)], [1.9380306, -0.944186, -2.2121172, 1.0000001)]])
1.9380306, -0.944186, -2.2121172
float3(-0.26481527, 1.5857761, -1.5019463)
100.39905
644488.107086083
normal
simd_float4x4([[0.21048722, -0.9733004, -0.09155029, 0.0)], [-0.123964965, 0.066318646, -0.9900679, 0.0)], [0.96970505, 0.21974568, -0.10669592, 0.0)], [2.024844, -0.9721124, -2.2606769, 0.99999994)]])
2.024844, -0.9721124, -2.2606769
float3(-0.22155377, 1.6803848, -1.5027636)
100.39905
644488.157079375
normal
simd_float4x4([[0.1966346, -0.9735472, -0.116363846, 0.0)], [-0.19308811, 0.0779066, -0.97808367, 0.0)], [0.9612762, 0.21479356, -0.17266127, 0.0)], [2.0764172, -0.9988652, -2.2901287, 1.0)]])
2.0764172, -0.9988652, -2.2901287
float3(-0.21648045, 1.748518, -1.4909431)
100.39905
644488.207072333
normal
