ARKit Data
644540.706508458
normal
simd_float4x4([[0.15051834, -0.85962886, 0.4882442, 0.0)], [0.9763253, 0.051648587, -0.21005112, 0.0)], [0.15534887, 0.50830173, 0.8470514, 0.0)], [0.95537543, -0.11798884, 0.106683314, 1.0)]])
0.95537543, -0.11798884, 0.106683314
float3(-0.5332116, 0.18138386, -1.510786)
100.435135
644540.756501458
normal
simd_float4x4([[0.1484619, -0.85778016, 0.4921099, 0.0)], [0.9762498, 0.04772868, -0.21132506, 0.0)], [0.1577827, 0.51179594, 0.84449357, 0.0)], [0.96162117, -0.119573995, 0.101552755, 1.0)]])
0.96162117, -0.119573995, 0.101552755
float3(-0.53727394, 0.18470746, -1.5152116)
100.435135
644540.823159125
normal
simd_float4x4([[0.14670834, -0.85418314, 0.49884647, 0.0)], [0.9779033, 0.049312167, -0.2031586, 0.0)], [0.14893544, 0.5176287, 0.84254295, 0.0)], [0.9664016, -0.11970366, 0.099378556, 0.99999994)]])
0.9664016, -0.11970366, 0.099378556
float3(-0.54407716, 0.17496154, -1.5131302)
100.435135
644540.873152208
normal
simd_float4x4([[0.15035588, -0.86987615, 0.46979636, 0.0)], [0.97847545, 0.06299557, -0.19651322, 0.0)], [0.14134705, 0.48923114, 0.86062413, 0.0)], [0.9695177, -0.11662222, 0.09951383, 1.0)]])
0.9695177, -0.11662222, 0.09951383
float3(-0.511208, 0.16278458, -1.4985036)
100.435135
644540.939809666
normal
simd_float4x4([[0.17868872, -0.89766, 0.40283597, 0.0)], [0.97840655, 0.118887894, -0.16907455, 0.0)], [0.10387915, 0.4243491, 0.89952034, 0.0)], [0.97029376, -0.10914121, 0.10670023, 0.99999994)]])
0.97029376, -0.10914121, 0.10670023
float3(-0.43824294, 0.11497352, -1.4391207)
100.435135
644541.023131583
normal
simd_float4x4([[0.1905082, -0.9097409, 0.36888734, 0.0)], [0.97845846, 0.1455227, -0.1464307, 0.0)], [0.07953253, 0.38883722, 0.9178671, 0.0)], [0.97384393, -0.10209535, 0.111634925, 1.0)]])
0.97384393, -0.10209535, 0.111634925
float3(-0.39936915, 0.086433396, -1.4121795)
100.435135
644541.089788916
normal
simd_float4x4([[0.19369373, -0.91438764, 0.35549694, 0.0)], [0.9782563, 0.15262832, -0.14042503, 0.0)], [0.07414402, 0.37496662, 0.92406857, 0.0)], [0.97436, -0.099167086, 0.11254503, 1.0)]])
0.97436, -0.099167086, 0.11254503
float3(-0.38436076, 0.08006497, -1.4054025)
100.435135
644541.139782
normal
simd_float4x4([[0.18949784, -0.9182915, 0.34760797, 0.0)], [0.97818154, 0.14585443, -0.14794376, 0.0)], [0.08515534, 0.3680587, 0.9258949, 0.0)], [0.9774487, -0.09702988, 0.112880036, 1.0)]])
0.9774487, -0.09702988, 0.112880036
float3(-0.3769203, 0.09171284, -1.4132798)
100.435135
644541.206439625
normal
simd_float4x4([[0.18200317, -0.9234962, 0.33768278, 0.0)], [0.9779038, 0.13407448, -0.16040003, 0.0)], [0.10285418, 0.35941458, 0.9274925, 0.0)], [0.97812057, -0.094693735, 0.11320007, 0.99999994)]])
0.97812057, -0.094693735, 0.11320007
float3(-0.36764047, 0.11044363, -1.4266223)
100.435135
644542.19069425
notAvailable
simd_float4x4([[0.0015733242, 0.0, 0.99999875, 0.0)], [0.0, 1.0, 0.0, 0.0)], [-0.99999875, 0.0, 0.0015733242, 0.0)], [-0.05922722, -0.06485394, 0.2481057, 1.0)]])
-0.05922722, -0.06485394, 0.2481057
float3(-0.0, -1.569223, 0.0)
100.43554
644542.240687458
notAvailable
simd_float4x4([[0.0015733242, 0.0, 0.99999875, 0.0)], [0.0, 1.0, 0.0, 0.0)], [-0.99999875, 0.0, 0.0015733242, 0.0)], [-0.05922722, -0.06485394, 0.2481057, 1.0)]])
-0.05922722, -0.06485394, 0.2481057
float3(-0.0, -1.569223, 0.0)
100.43554
644542.2906805
notAvailable
simd_float4x4([[0.0015733242, 0.0, 0.99999875, 0.0)], [0.0, 1.0, 0.0, 0.0)], [-0.99999875, 0.0, 0.0015733242, 0.0)], [-0.05922722, -0.06485394, 0.2481057, 1.0)]])
-0.05922722, -0.06485394, 0.2481057
float3(-0.0, -1.569223, 0.0)
100.43554
644542.3406735
limited((extension in ARKit):__C.ARCamera.TrackingState.Reason.initializing)
simd_float4x4([[-0.024903182, -0.9850501, 0.17045829, 0.0)], [0.9996899, -0.02453847, 0.0042463895, 0.0)], [-1.2246353e-07, 0.17051117, 0.9853558, 0.0)], [0.0, 0.0, 0.0, 1.0)]])
0.0, 0.0, 0.0
float3(-0.17134841, -1.2428357e-07, -1.595702)
100.43554
644542.390666666
limited((extension in ARKit):__C.ARCamera.TrackingState.Reason.initializing)
simd_float4x4([[-0.021287521, -0.98632985, 0.16340174, 0.0)], [0.99976397, -0.020288762, 0.0077788713, 0.0)], [-0.0043573156, 0.16352873, 0.986529, 0.0)], [0.0, 0.0, 0.0, 1.0)]])
0.0, 0.0, 0.0
float3(-0.16426648, -0.0044167857, -1.5913634)
100.43554
644542.440659875
limited((extension in ARKit):__C.ARCamera.TrackingState.Reason.initializing)
simd_float4x4([[-0.028822994, -0.98607403, 0.16379023, 0.0)], [0.9995477, -0.027025063, 0.0131951785, 0.0)], [-0.008584981, 0.16409647, 0.986407, 0.0)], [0.0, 0.0, 0.0, 1.0)]])
0.0, 0.0, 0.0
float3(-0.164842, -0.008703065, -1.5981961)
100.43554
644542.490653
limited((extension in ARKit):__C.ARCamera.TrackingState.Reason.initializing)
simd_float4x4([[-0.022386756, -0.98641664, 0.16273083, 0.0)], [0.99963975, -0.019674473, 0.018259974, 0.0)], [-0.014810293, 0.16308096, 0.9865017, 0.0)], [0.0, 0.0, 0.0, 1.0)]])
0.0, 0.0, 0.0
float3(-0.16381262, -0.015011814, -1.5907391)
100.43554
644542.573974833
limited((extension in ARKit):__C.ARCamera.TrackingState.Reason.initializing)
simd_float4x4([[-0.011432366, -0.9871114, 0.1596252, 0.0)], [0.999514, -0.0066505084, 0.03045896, 0.0)], [-0.029004801, 0.15989582, 0.9867076, 0.0)], [0.0, 0.0, 0.0, 1.0)]])
0.0, 0.0, 0.0
float3(-0.16058512, -0.029387075, -1.5775336)
100.43554
644542.623967875
limited((extension in ARKit):__C.ARCamera.TrackingState.Reason.initializing)
simd_float4x4([[-0.0071631996, -0.9884252, 0.15154083, 0.0)], [0.99939203, -0.0019050455, 0.03481469, 0.0)], [-0.034123015, 0.15169807, 0.98783785, 0.0)], [0.0, 0.0, 0.0, 1.0)]])
0.0, 0.0, 0.0
float3(-0.152286, -0.034529403, -1.5727236)
100.43554
644542.723953916
limited((extension in ARKit):__C.ARCamera.TrackingState.Reason.initializing)
simd_float4x4([[-0.004746807, -0.9890178, 0.14771965, 0.0)], [0.9987814, 0.0025678966, 0.049287427, 0.0)], [-0.049125474, 0.14777358, 0.98780036, 0.0)], [0.0, 0.0, 0.0, 1.0)]])
0.0, 0.0, 0.0
float3(-0.14831676, -0.04969125, -1.5681999)
100.43554
644542.80727575
limited((extension in ARKit):__C.ARCamera.TrackingState.Reason.initializing)
simd_float4x4([[-0.005727055, -0.98908335, 0.14724533, 0.0)], [0.99775714, 0.004168598, 0.06680891, 0.0)], [-0.06669339, 0.14729768, 0.9868412, 0.0)], [0.0, 0.0, 0.0, 1.0)]])
0.0, 0.0, 0.0
float3(-0.1478356, -0.06748009, -1.5665817)
100.43554
644542.857268833
limited((extension in ARKit):__C.ARCamera.TrackingState.Reason.initializing)
simd_float4x4([[-0.007173081, -0.98929614, 0.1457456, 0.0)], [0.9971247, 0.0039192736, 0.075678244, 0.0)], [-0.07543941, 0.14586936, 0.9864235, 0.0)], [0.0, 0.0, 0.0, 1.0)]])
0.0, 0.0, 0.0
float3(-0.14639167, -0.07632913, -1.5668347)
100.43554
644542.907262166
limited((extension in ARKit):__C.ARCamera.TrackingState.Reason.initializing)
simd_float4x4([[-0.008163711, -0.9894713, 0.14449857, 0.0)], [0.99633086, 0.0042627715, 0.08547942, 0.0)], [-0.0851954, 0.1446662, 0.98580605, 0.0)], [0.0, 0.0, 0.0, 1.0)]])
0.0, 0.0, 0.0
float3(-0.1451756, -0.086207874, -1.5664883)
100.43554
644543.007248375
limited((extension in ARKit):__C.ARCamera.TrackingState.Reason.initializing)
simd_float4x4([[-0.013935281, -0.9892387, 0.14564656, 0.0)], [0.9938975, 0.00223656, 0.11028562, 0.0)], [-0.109424524, 0.14629458, 0.98317075, 0.0)], [0.0, 0.0, 0.0, 1.0)]])
0.0, 0.0, 0.0
float3(-0.1468215, -0.110841416, -1.5685354)
100.43554
644543.057241416
limited((extension in ARKit):__C.ARCamera.TrackingState.Reason.initializing)
simd_float4x4([[-0.017963218, -0.98888344, 0.1476033, 0.0)], [0.991897, 0.00094464794, 0.12704197, 0.0)], [-0.12576914, 0.14868934, 0.9808535, 0.0)], [0.0, 0.0, 0.0, 1.0)]])
0.0, 0.0, 0.0
float3(-0.14924276, -0.12752831, -1.569841)
100.43554
644543.1572275
limited((extension in ARKit):__C.ARCamera.TrackingState.Reason.initializing)
simd_float4x4([[-0.025767863, -0.9874776, 0.15564151, 0.0)], [0.98669535, -0.00012226403, 0.16258046, 0.0)], [-0.16052552, 0.15776008, 0.9743427, 0.0)], [0.0, 0.0, 0.0, 1.0)]])
0.0, 0.0, 0.0
float3(-0.15842192, -0.16328579, -1.5709201)
100.43554
644543.223885083
normal
simd_float4x4([[-0.023222331, -0.9855901, 0.16754906, 0.0)], [0.9821678, 0.008784097, 0.1878002, 0.0)], [-0.18656579, 0.1689225, 0.967811, 0.0)], [-0.0008611853, 0.00031437463, -0.0023643298, 0.9999999)]])
-0.0008611853, 0.00031437463, -0.0023643298
float3(-0.16973636, -0.19043493, -1.561884)
100.43554
644543.290542416
normal
simd_float4x4([[-0.027060704, -0.9853059, 0.16864155, 0.0)], [0.9776576, 0.009093365, 0.21000664, 0.0)], [-0.2084543, 0.17055666, 0.9630457, 0.0)], [-0.0035220792, 0.0012818078, -0.007915641, 0.99999994)]])
-0.0035220792, 0.0012818078, -0.007915641
float3(-0.17139459, -0.2131647, -1.5615677)
100.43554
644543.340535666
normal
simd_float4x4([[-0.026015697, -0.98856294, 0.14854757, 0.0)], [0.96950895, 0.011270269, 0.24479578, 0.0)], [-0.24367021, 0.1503868, 0.95812756, 0.0)], [-0.00413944, 0.0014229093, -0.015190136, 0.9999999)]])
-0.00413944, 0.0014229093, -0.015190136
float3(-0.1509595, -0.24903962, -1.5593961)
100.43554
644543.39052875
normal
simd_float4x4([[-0.025949037, -0.9879211, 0.152769, 0.0)], [0.96651703, 0.014232207, 0.25620696, 0.0)], [-0.2552865, 0.15430221, 0.9544733, 0.0)], [-0.00876295, 0.0025346465, -0.021361992, 1.0)]])
-0.00876295, 0.0025346465, -0.021361992
float3(-0.15492116, -0.26134592, -1.5563911)
100.435425
644543.44052175
normal
simd_float4x4([[-0.030842269, -0.9860107, 0.1638036, 0.0)], [0.96040154, 0.016167197, 0.27815008, 0.0)], [-0.2769072, 0.16589601, 0.9464675, 0.0)], [-0.0081639765, 0.003127201, -0.031178735, 0.99999994)]])
-0.0081639765, 0.003127201, -0.031178735
float3(-0.16666655, -0.28462565, -1.5544013)
100.435425
644543.490514916
normal
simd_float4x4([[-0.030533707, -0.9860373, 0.1637013, 0.0)], [0.95969725, 0.016855294, 0.28052962, 0.0)], [-0.2793719, 0.16566932, 0.9457827, 0.0)], [-0.015445566, 0.00418289, -0.038761202, 1.0)]])
-0.015445566, 0.00418289, -0.038761202
float3(-0.16643667, -0.2872193, -1.553704)
100.435425
644543.540507916
normal
simd_float4x4([[-0.037897736, -0.9864781, 0.1594514, 0.0)], [0.9586418, 0.009152199, 0.28446785, 0.0)], [-0.28208065, 0.16363749, 0.9453323, 0.0)], [-0.0075175585, 0.010672721, -0.00056309154, 0.99999994)]])
-0.0075175585, 0.010672721, -0.00056309154
float3(-0.16437672, -0.28998193, -1.5615189)
100.435425
644543.607165458
normal
simd_float4x4([[-0.03784994, -0.98588043, 0.1631168, 0.0)], [0.9632924, 0.007416853, 0.2683518, 0.0)], [-0.2657726, 0.1672863, 0.9494104, 0.0)], [-0.015242942, 0.012698408, -0.0056565143, 1.0)]])
-0.015242942, 0.012698408, -0.0056565143
float3(-0.16807655, -0.27294785, -1.5632734)
100.435425
644543.657158625
normal
simd_float4x4([[0.015778983, -0.9992532, 0.035271935, 0.0)], [0.9648489, 0.024471983, 0.2616632, 0.0)], [-0.26233095, 0.029903317, 0.9645144, 0.0)], [-0.021754466, 0.011203286, -0.011286907, 0.9999999)]])
-0.021754466, 0.011203286, -0.011286907
float3(-0.029907776, -0.26555863, -1.5463109)
100.435425
644543.707151708
normal
simd_float4x4([[0.014305981, -0.99914956, 0.038672224, 0.0)], [0.9707725, 0.023145664, 0.23888262, 0.0)], [-0.23957455, 0.034124486, 0.9702781, 0.0)], [-0.028934235, 0.013054385, -0.017221732, 1.0000001)]])
-0.028934235, 0.013054385, -0.017221732
float3(-0.034131113, -0.24207142, -1.5476351)
100.435425
644543.773809208
normal
simd_float4x4([[-0.010352343, -0.9997417, 0.020232316, 0.0)], [0.982773, -0.006438667, 0.18470453, 0.0)], [-0.18452653, 0.021795899, 0.9825858, 0.0)], [-0.03406143, 0.0089474395, -0.027433563, 1.0)]])
-0.03406143, 0.0089474395, -0.027433563
float3(-0.021797625, -0.18563472, -1.5772365)
100.435425
644543.8404665
normal
simd_float4x4([[-0.01183085, -0.9996685, 0.022868035, 0.0)], [0.9888461, -0.008300968, 0.14870866, 0.0)], [-0.14846952, 0.024372322, 0.9886165, 0.0)], [-0.044341724, 0.0123476945, -0.035499755, 1.0)]])
-0.044341724, 0.0123476945, -0.035499755
float3(-0.024374736, -0.14906509, -1.5790999)
100.435425
644543.923788375
normal
simd_float4x4([[-0.02146407, -0.9969771, 0.074672475, 0.0)], [0.9949206, -0.013953087, 0.099690564, 0.0)], [-0.0983473, 0.07643295, 0.9922124, 0.0)], [-0.0470521, 0.0067115747, -0.026045911, 0.99999994)]])
-0.0470521, 0.0067115747, -0.026045911
float3(-0.07650757, -0.098796494, -1.5847908)
100.435425
644543.9737815
normal
simd_float4x4([[-0.019981343, -0.99725366, 0.07131519, 0.0)], [0.9975086, -0.015058052, 0.06891757, 0.0)], [-0.06765443, 0.07251461, 0.99507, 0.0)], [-0.054425605, 0.01017576, -0.028438311, 0.99999994)]])
-0.054425605, 0.01017576, -0.028438311
float3(-0.07257831, -0.067885146, -1.5858947)
100.435425
644544.023774666
normal
simd_float4x4([[-0.01977049, -0.9940561, 0.107058115, 0.0)], [0.9989108, -0.015113239, 0.044140074, 0.0)], [-0.042259715, 0.10781422, 0.99327224, 0.0)], [-0.043182135, 0.0049513057, -0.007763016, 0.9999998)]])
-0.043182135, 0.0049513057, -0.007763016
float3(-0.108024195, -0.04252031, -1.5859988)
100.435425
644544.090432083
normal
simd_float4x4([[-0.020909991, -0.9959775, 0.08713027, 0.0)], [0.9997812, -0.020877069, 0.0012892198, 0.0)], [0.000534995, 0.08713817, 0.99619603, 0.0)], [-0.049409285, 0.012899607, -0.007296093, 1.0)]])
-0.049409285, 0.012899607, -0.007296093
float3(-0.087248825, 0.0005370378, -1.5917547)
100.435425
644544.157089625
normal
simd_float4x4([[-0.0124710165, -0.99644935, 0.0832646, 0.0)], [0.99935514, -0.015224095, -0.03251156, 0.0)], [0.033663753, 0.082805485, 0.9959967, 0.0)], [-0.058706716, 0.012199343, 0.0070493906, 0.9999999)]])
-0.058706716, 0.012199343, 0.0070493906
float3(-0.082900405, 0.0337862, -1.5860735)
100.435425
644544.207082666
normal
simd_float4x4([[-0.0107685225, -0.99732965, 0.072231516, 0.0)], [0.99879766, -0.014182726, -0.046922415, 0.0)], [0.047821566, 0.071639396, 0.9962833, 0.0)], [-0.059549686, 0.018273827, 0.009432273, 0.9999998)]])
-0.059549686, 0.018273827, 0.009432273
float3(-0.07170082, 0.047963154, -1.585016)
100.435425
644544.273740125
normal
simd_float4x4([[-0.002887712, -0.9974853, 0.070814796, 0.0)], [0.9990164, -0.0060109287, -0.043930642, 0.0)], [0.044245828, 0.0706183, 0.9965215, 0.0)], [-0.05490108, 0.020909704, 0.012419769, 1.0)]])
-0.05490108, 0.020909704, 0.012419769
float3(-0.07067713, 0.04437113, -1.5768223)
100.435425
644544.340397625
normal
simd_float4x4([[0.0019667868, -0.99766326, 0.06829469, 0.0)], [0.99976444, 0.00048587602, -0.02169396, 0.0)], [0.021610094, 0.06832129, 0.9974292, 0.0)], [-0.046789728, 0.025163844, 0.018985841, 1.0)]])
-0.046789728, 0.025163844, 0.018985841
float3(-0.06837455, 0.021662403, -1.5703093)
100.435196
644544.390390625
normal
simd_float4x4([[0.008851986, -0.9973772, 0.07183604, 0.0)], [0.9999607, 0.0088235, -0.0007139135, 0.0)], [7.8189856e-05, 0.07183954, 0.9974161, 0.0)], [-0.047621883, 0.028991811, 0.016284497, 1.0)]])
-0.047621883, 0.028991811, 0.016284497
float3(-0.07190148, 7.839242e-05, -1.5619498)
100.435196
644544.457048208
normal
simd_float4x4([[0.011519822, -0.9970455, 0.075944215, 0.0)], [0.9994846, 0.0137571, 0.029002426, 0.0)], [-0.029961513, 0.07557099, 0.9966901, 0.0)], [-0.03599645, 0.029664166, 0.022333968, 1.0)]])
-0.03599645, 0.029664166, 0.022333968
float3(-0.07564311, -0.030051962, -1.5569993)
100.435196
644544.50704125
normal
simd_float4x4([[0.0134697845, -0.99585116, 0.08999392, 0.0)], [0.9974599, 0.019677889, 0.06845657, 0.0)], [-0.06994345, 0.088843256, 0.9935868, 0.0)], [-0.032196008, 0.025893012, 0.019131511, 0.99999994)]])
-0.032196008, 0.025893012, 0.019131511
float3(-0.08896055, -0.07027897, -1.551039)
100.435196
644544.573698708
normal
simd_float4x4([[0.0026612778, -0.9945039, 0.10466529, 0.0)], [0.9949775, 0.01310646, 0.0992355, 0.0)], [-0.10006188, 0.10387553, 0.989544, 0.0)], [-0.019403446, 0.020359771, 0.02286093, 0.99999994)]])
-0.019403446, 0.020359771, 0.02286093
float3(-0.10406325, -0.100776635, -1.5576181)
100.435196
644544.640356166
normal
simd_float4x4([[-0.010297604, -0.99164873, 0.12855645, 0.0)], [0.99132127, 0.006725973, 0.13128892, 0.0)], [-0.13105714, 0.12879273, 0.98297316, 0.0)], [-0.012900796, 0.008864459, 0.016294898, 1.0)]])
-0.012900796, 0.008864459, 0.016294898
float3(-0.12915148, -0.13254559, -1.5640138)
100.435196
644544.707013791
normal
simd_float4x4([[-0.022918452, -0.98822457, 0.15128475, 0.0)], [0.98870414, 1.5093352e-05, 0.14987952, 0.0)], [-0.1481169, 0.15301087, 0.9770614, 0.0)], [-0.0038498961, -0.00057144463, 0.016679814, 1.0)]])
-0.0038498961, -0.00057144463, 0.016679814
float3(-0.15361431, -0.15044877, -1.5707811)
100.435196
644544.806999916
normal
simd_float4x4([[-0.036588885, -0.9793975, 0.19859943, 0.0)], [0.9858183, -0.0028043455, 0.16779216, 0.0)], [-0.16377828, 0.2019223, 0.9656107, 0.0)], [0.0017483202, -0.019500652, 0.011337244, 1.0)]])
0.0017483202, -0.019500652, 0.011337244
float3(-0.20332025, -0.16801214, -1.5736597)
100.435196
644544.856993
normal
simd_float4x4([[-0.04480275, -0.9723669, 0.22911827, 0.0)], [0.98615706, -0.0063966457, 0.16569026, 0.0)], [-0.15964614, 0.23337002, 0.9591931, 0.0)], [0.0014020298, -0.030252732, 0.0059714755, 1.0)]])
0.0014020298, -0.030252732, 0.0059714755
float3(-0.23554197, -0.16492614, -1.5773747)
100.435196
644544.923650458
normal
simd_float4x4([[-0.053863432, -0.96366835, 0.26161438, 0.0)], [0.9875916, -0.012706508, 0.15652892, 0.0)], [-0.14751776, 0.26679936, 0.9523951, 0.0)], [0.0020884206, -0.039637987, 0.0019296017, 1.0)]])
0.0020884206, -0.039637987, 0.0019296017
float3(-0.27007046, -0.15367019, -1.5839812)
100.435196
644544.973643416
normal
simd_float4x4([[-0.052163467, -0.9603706, 0.27380168, 0.0)], [0.99041337, -0.014634706, 0.1373573, 0.0)], [-0.12790689, 0.27834192, 0.95192724, 0.0)], [-0.004808794, -0.046827115, -0.0057489797, 1.0)]])
-0.004808794, -0.046827115, -0.0057489797
float3(-0.2820674, -0.13356626, -1.5860337)
100.435196
644545.040300833
normal
simd_float4x4([[-0.045474265, -0.9560891, 0.28952682, 0.0)], [0.99462116, -0.016333042, 0.10228353, 0.0)], [-0.09306331, 0.29262084, 0.9516891, 0.0)], [-0.012971119, -0.05156503, -0.011300594, 1.0000001)]])
-0.012971119, -0.05156503, -0.011300594
float3(-0.2969665, -0.09747759, -1.5878779)
100.435196
644545.090294041
normal
simd_float4x4([[-0.02831297, -0.9540839, 0.29819828, 0.0)], [0.9981063, -0.010686383, 0.060575973, 0.0)], [-0.0546079, 0.29934868, 0.95257974, 0.0)], [-0.026530907, -0.056788992, -0.02177865, 1.0)]])
-0.026530907, -0.056788992, -0.02177865
float3(-0.30400997, -0.057263657, -1.5819966)
100.435196
644545.1569515
normal
simd_float4x4([[0.0007149521, -0.9521886, 0.30551004, 0.0)], [0.9999514, -0.002319828, -0.009570324, 0.0)], [0.009821487, 0.30550212, 0.9521406, 0.0)], [-0.045345936, -0.058106463, -0.02929708, 1.0)]])
-0.045345936, -0.058106463, -0.02929708
float3(-0.31046572, 0.010314798, -1.5732327)
100.435196
644545.223608958
normal
simd_float4x4([[0.030854646, -0.95224243, 0.30378014, 0.0)], [0.99576026, 0.0029348105, -0.091938786, 0.0)], [0.08665648, 0.305329, 0.9482957, 0.0)], [-0.07189553, -0.059762143, -0.038528137, 1.0000001)]])
-0.07189553, -0.059762143, -0.038528137
float3(-0.3102839, 0.09112819, -1.5677143)
100.435196
644545.273602166
normal
simd_float4x4([[0.05402406, -0.9524873, 0.29974884, 0.0)], [0.9876348, 0.006726843, -0.15662718, 0.0)], [0.14716901, 0.30450407, 0.94107294, 0.0)], [-0.09098673, -0.05846385, -0.041495968, 1.0)]])
-0.09098673, -0.05846385, -0.041495968
float3(-0.30941772, 0.15512781, -1.563734)
100.435196
644545.340259416
normal
simd_float4x4([[0.078216955, -0.9536847, 0.29046112, 0.0)], [0.9695789, 0.0049845017, -0.24472764, 0.0)], [0.23194522, 0.30076692, 0.9250625, 0.0)], [-0.11981793, -0.059396185, -0.044183943, 1.0)]])
-0.11981793, -0.059396185, -0.044183943
float3(-0.3054967, 0.24566998, -1.5655698)
100.435196
644545.406917
normal
simd_float4x4([[0.100211136, -0.95713985, 0.27173707, 0.0)], [0.94569755, 0.0067502363, -0.32497773, 0.0)], [0.30921486, 0.2895475, 0.9058412, 0.0)], [-0.14269961, -0.054251812, -0.042434555, 0.99999994)]])
-0.14269961, -0.054251812, -0.042434555
float3(-0.29375404, 0.328954, -1.563744)
100.435196
644545.456910041
normal
simd_float4x4([[0.107717775, -0.96058786, 0.25625715, 0.0)], [0.9244956, 0.001980627, -0.38118747, 0.0)], [0.36565652, 0.27796936, 0.8882726, 0.0)], [-0.15858743, -0.05045232, -0.044915173, 1.0)]])
-0.15858743, -0.05045232, -0.044915173
float3(-0.2816795, 0.39050812, -1.5687344)
100.435196
644545.523567625
normal
simd_float4x4([[0.0970639, -0.9694193, 0.22539918, 0.0)], [0.89797026, -0.012366743, -0.4398821, 0.0)], [0.42921764, 0.2450985, 0.8693094, 0.0)], [-0.1695874, -0.036593586, -0.043606173, 1.0)]])
-0.1695874, -0.036593586, -0.043606173
float3(-0.2476213, 0.45863152, -1.5835525)
100.435196
644545.573560666
normal
simd_float4x4([[0.09333446, -0.9763959, 0.19478121, 0.0)], [0.8792396, -0.010960605, -0.47625363, 0.0)], [0.46714696, 0.21571025, 0.85746294, 0.0)], [-0.17939042, -0.023526996, -0.045929488, 1.0)]])
-0.17939042, -0.023526996, -0.045929488
float3(-0.21741915, 0.49884316, -1.5820215)
100.435196
644545.623553791
normal
simd_float4x4([[0.09925868, -0.98054284, 0.1693617, 0.0)], [0.8715123, 0.0035254234, -0.49036083, 0.0)], [0.48022276, 0.19627339, 0.85490507, 0.0)], [-0.18425259, -0.0068256035, -0.046636082, 1.0)]])
-0.18425259, -0.0068256035, -0.046636082
float3(-0.19755593, 0.5118016, -1.567201)
100.435196
644545.673546833
normal
simd_float4x4([[0.10895684, -0.9832009, 0.14643887, 0.0)], [0.86414427, 0.020874048, -0.50281084, 0.0)], [0.49130735, 0.18132904, 0.8519018, 0.0)], [-0.1947359, 0.010136228, -0.0502763, 1.0)]])
-0.1947359, 0.010136228, -0.0502763
float3(-0.18233773, 0.52312464, -1.5495688)
100.435196
644545.740204333
normal
simd_float4x4([[0.11075864, -0.98504686, 0.13196641, 0.0)], [0.86800647, 0.031207122, -0.4955711, 0.0)], [0.4840425, 0.16943653, 0.85848355, 0.0)], [-0.19134213, 0.030326255, -0.057281815, 1.0)]])
-0.19134213, 0.030326255, -0.057281815
float3(-0.1702579, 0.51340246, -1.539126)
100.435196
644545.806861791
normal
simd_float4x4([[0.11170772, -0.98483694, 0.13273135, 0.0)], [0.87560326, 0.0343823, -0.48180556, 0.0)], [0.46993628, 0.17004144, 0.86616725, 0.0)], [-0.18393217, 0.045959692, -0.06920127, 0.99999994)]])
-0.18393217, 0.045959692, -0.06920127
float3(-0.17087172, 0.497103, -1.5358988)
100.435196
644545.87351925
normal
simd_float4x4([[0.110853046, -0.983503, 0.14294566, 0.0)], [0.90540135, 0.040626694, -0.42260832, 0.0)], [0.40982914, 0.17627065, 0.89496845, 0.0)], [-0.15634207, 0.056983154, -0.07454832, 0.99999994)]])
-0.15634207, 0.056983154, -0.07454832
float3(-0.17719649, 0.42942545, -1.5295117)
100.435196
644545.923512208
normal
simd_float4x4([[0.09717786, -0.98386526, 0.15021847, 0.0)], [0.9298212, 0.03591945, -0.3662542, 0.0)], [0.35494903, 0.17526816, 0.9183094, 0.0)], [-0.13026932, 0.05985192, -0.07758351, 0.99999994)]])
-0.13026932, 0.05985192, -0.07758351
float3(-0.17617814, 0.3688358, -1.534304)
100.435196
644545.990169875
normal
simd_float4x4([[0.06582603, -0.9856241, 0.15560257, 0.0)], [0.9642976, 0.02274844, -0.26384187, 0.0)], [0.25650918, 0.16741487, 0.9519323, 0.0)], [-0.08211087, 0.059877083, -0.072881036, 1.0)]])
-0.08211087, 0.059877083, -0.072881036
float3(-0.16820695, 0.26320994, -1.5477202)
100.435196
644546.040162916
normal
simd_float4x4([[0.057616256, -0.9860633, 0.15607567, 0.0)], [0.9828546, 0.02859769, -0.18215059, 0.0)], [0.17514859, 0.16389455, 0.97080445, 0.0)], [-0.051084265, 0.05609008, -0.06905963, 1.0)]])
-0.051084265, 0.05609008, -0.06905963
float3(-0.1646373, 0.1784958, -1.5418025)
100.435196
644546.106820333
normal
simd_float4x4([[0.06533347, -0.98370206, 0.1675165, 0.0)], [0.9964973, 0.0555366, -0.062520176, 0.0)], [0.052197933, 0.17101444, 0.98388475, 0.0)], [-0.0056784158, 0.052416947, -0.05764821, 0.99999994)]])
-0.0056784158, 0.052416947, -0.05764821
float3(-0.17185919, 0.053003203, -1.5143994)
100.435196
644546.15681325
normal
simd_float4x4([[0.06272245, -0.98154664, 0.18064365, 0.0)], [0.9977092, 0.066261716, 0.013619038, 0.0)], [-0.02533748, 0.17937565, 0.9834543, 0.0)], [0.019588016, 0.04436861, -0.052557424, 1.0)]])
0.019588016, 0.04436861, -0.052557424
float3(-0.18035176, -0.025758062, -1.5033911)
100.435196
644546.22347075
normal
simd_float4x4([[0.055225387, -0.97949386, 0.19375737, 0.0)], [0.9919322, 0.075997405, 0.101462655, 0.0)], [-0.11410712, 0.18659092, 0.97578853, 0.0)], [0.06059482, 0.035676844, -0.039940912, 1.0)]])
0.06059482, 0.035676844, -0.039940912
float3(-0.18769097, -0.116409674, -1.493363)
100.435196
644546.273464
normal
simd_float4x4([[0.041318655, -0.9768408, 0.20994017, 0.0)], [0.98353463, 0.07676357, 0.16360587, 0.0)], [-0.17593266, 0.19972348, 0.96392846, 0.0)], [0.08087357, 0.02585575, -0.035062216, 1.0)]])
0.08087357, 0.02585575, -0.035062216
float3(-0.2010757, -0.1805292, -1.492374)
100.43529
644546.340121458
normal
simd_float4x4([[0.016948208, -0.9727757, 0.23112783, 0.0)], [0.9713071, 0.07086309, 0.22702576, 0.0)], [-0.23722361, 0.22064847, 0.946065, 0.0)], [0.11723419, 0.014453429, -0.023975749, 0.99999994)]])
0.11723419, 0.014453429, -0.023975749
float3(-0.22247927, -0.24568224, -1.4980785)
100.43529
644546.3901145
normal
simd_float4x4([[-0.00014174209, -0.9684341, 0.24926965, 0.0)], [0.96162415, 0.068260044, 0.26574293, 0.0)], [-0.27436966, 0.23974146, 0.93126, 0.0)], [0.1351165, 0.0029834236, -0.020890238, 1.0000001)]])
0.1351165, 0.0029834236, -0.020890238
float3(-0.24209954, -0.28651553, -1.5004277)
100.43529
644546.456771833
normal
simd_float4x4([[-0.021494048, -0.96305466, 0.2684468, 0.0)], [0.9486966, 0.065075316, 0.3094185, 0.0)], [-0.31545615, 0.2613253, 0.91224796, 0.0)], [0.1645365, -0.0070398115, -0.012340009, 1.0)]])
0.1645365, -0.0070398115, -0.012340009
float3(-0.26439497, -0.33292907, -1.5033271)
100.43529
644546.506765041
normal
simd_float4x4([[-0.032955494, -0.9577688, 0.28564447, 0.0)], [0.94050014, 0.06698951, 0.33312425, 0.0)], [-0.33819118, 0.279627, 0.8985741, 0.0)], [0.17738657, -0.016220935, -0.009578263, 1.0)]])
0.17738657, -0.016220935, -0.009578263
float3(-0.28340557, -0.3599662, -1.5009668)
100.43529
644546.573422458
normal
simd_float4x4([[-0.050013937, -0.9514394, 0.30374607, 0.0)], [0.93050903, 0.06609746, 0.36025533, 0.0)], [-0.36283794, 0.3006563, 0.88201714, 0.0)], [0.19839153, -0.02314378, -0.0051414985, 1.0)]])
0.19839153, -0.02314378, -0.0051414985
float3(-0.3053807, -0.390272, -1.5014367)
100.43529
644546.64008
normal
simd_float4x4([[-0.06690067, -0.9441078, 0.3227768, 0.0)], [0.922399, 0.06481439, 0.3807612, 0.0)], [-0.38040018, 0.3232022, 0.86650795, 0.0)], [0.2081123, -0.033536427, -0.006392873, 0.99999994)]])
0.2081123, -0.033536427, -0.006392873
float3(-0.32911134, -0.41367185, -1.5022525)
100.43529
644546.690073083
normal
simd_float4x4([[-0.080103874, -0.9411459, 0.3283713, 0.0)], [0.9193998, 0.057505433, 0.38909754, 0.0)], [-0.38508072, 0.3330728, 0.86068296, 0.0)], [0.218174, -0.03740802, -0.0070153233, 1.0)]])
0.218174, -0.03740802, -0.0070153233
float3(-0.3395606, -0.4207005, -1.5097706)
100.43529
644546.756730458
normal
simd_float4x4([[-0.09468485, -0.93733156, 0.3353272, 0.0)], [0.91918385, 0.047030948, 0.39101025, 0.0)], [-0.38227695, 0.3452502, 0.85712683, 0.0)], [0.22220674, -0.046798646, -0.013489638, 0.99999994)]])
0.22220674, -0.046798646, -0.013489638
float3(-0.35250536, -0.41952097, -1.520663)
100.43529
644546.806723625
normal
simd_float4x4([[-0.107556544, -0.9336359, 0.34169507, 0.0)], [0.9212095, 0.035667248, 0.3874283, 0.0)], [-0.37390432, 0.3564433, 0.85623807, 0.0)], [0.22796735, -0.051358175, -0.020050664, 1.0)]])
0.22796735, -0.051358175, -0.020050664
float3(-0.36445835, -0.4117242, -1.5326123)
100.43529
644546.873381041
normal
simd_float4x4([[-0.1177983, -0.92891735, 0.35105, 0.0)], [0.92231405, 0.028677547, 0.38537556, 0.0)], [-0.3680493, 0.36917496, 0.8533754, 0.0)], [0.23270977, -0.057272434, -0.032377563, 1.0000001)]])
0.23270977, -0.057272434, -0.032377563
float3(-0.3781211, -0.40718332, -1.5399342)
100.43529
644546.940038583
normal
simd_float4x4([[-0.12281951, -0.9274861, 0.35310727, 0.0)], [0.92869246, 0.018041763, 0.37041157, 0.0)], [-0.3499223, 0.37342188, 0.8591335, 0.0)], [0.23542657, -0.06289292, -0.048928075, 0.99999994)]])
0.23542657, -0.06289292, -0.048928075
float3(-0.38269502, -0.38678083, -1.5513464)
100.43529
644546.990031583
normal
simd_float4x4([[-0.12303354, -0.9263511, 0.35600048, 0.0)], [0.93274426, 0.014560754, 0.3602444, 0.0)], [-0.33889645, 0.3763796, 0.8622572, 0.0)], [0.23608997, -0.06625025, -0.064293586, 1.0)]])
0.23608997, -0.06625025, -0.064293586
float3(-0.38588545, -0.3744869, -1.5550792)
100.43529
644547.056689
normal
simd_float4x4([[-0.122247875, -0.92478305, 0.36032182, 0.0)], [0.9383646, 0.010567587, 0.34548506, 0.0)], [-0.32330647, 0.38034815, 0.86649185, 0.0)], [0.23645885, -0.06942104, -0.088431686, 1.0)]])
0.23645885, -0.06942104, -0.088431686
float3(-0.39017272, -0.35712248, -1.5593697)
100.43529
644547.123346416
normal
simd_float4x4([[-0.11878708, -0.9279557, 0.35325336, 0.0)], [0.9464897, 0.0016967161, 0.32272932, 0.0)], [-0.30007786, 0.3726868, 0.87809896, 0.0)], [0.23640764, -0.070366815, -0.11605595, 1.0)]])
0.23640764, -0.070366815, -0.11605595
float3(-0.38190272, -0.3292936, -1.5689679)
100.43529
644547.173339541
normal
simd_float4x4([[-0.11630223, -0.93165547, 0.34422615, 0.0)], [0.9525611, -0.006488067, 0.30427772, 0.0)], [-0.28124866, 0.3632847, 0.88821346, 0.0)], [0.23632167, -0.06941981, -0.13941091, 0.9999999)]])
0.23632167, -0.06941981, -0.13941091
float3(-0.37179106, -0.30665693, -1.5777602)
100.43529
644547.223332666
normal
simd_float4x4([[-0.11188324, -0.9374605, 0.32962072, 0.0)], [0.9587635, -0.014628914, 0.28382787, 0.0)], [-0.26125544, 0.34778392, 0.9004396, 0.0)], [0.23672533, -0.067077294, -0.16455638, 0.9999999)]])
0.23672533, -0.067077294, -0.16455638
float3(-0.35520643, -0.28238848, -1.5863999)
100.43542
644547.289990208
normal
simd_float4x4([[-0.11130253, -0.94475156, 0.30831185, 0.0)], [0.9651077, -0.028764302, 0.26026827, 0.0)], [-0.23702051, 0.32652274, 0.9149885, 0.0)], [0.2397348, -0.06342336, -0.19950092, 0.99999994)]])
0.2397348, -0.06342336, -0.19950092
float3(-0.33262232, -0.25347057, -1.6012334)
100.43542
644547.33998325
normal
simd_float4x4([[-0.116531044, -0.9461623, 0.30198884, 0.0)], [0.96664387, -0.03822145, 0.25325552, 0.0)], [-0.2280784, 0.32142785, 0.91905606, 0.0)], [0.24512821, -0.0606943, -0.2259782, 0.9999999)]])
0.24512821, -0.0606943, -0.2259782
float3(-0.32723698, -0.24325173, -1.6111706)
100.43542
644547.406640708
normal
simd_float4x4([[-0.12595022, -0.94840103, 0.29098448, 0.0)], [0.9630364, -0.046486598, 0.26532933, 0.0)], [-0.23811172, 0.313647, 0.91919976, 0.0)], [0.25765792, -0.056671347, -0.25770107, 0.99999994)]])
0.25765792, -0.056671347, -0.25770107
float3(-0.31903142, -0.2534709, -1.6197729)
100.43542
644547.45663375
normal
simd_float4x4([[-0.13893002, -0.95121425, 0.27548125, 0.0)], [0.9581826, -0.058844905, 0.28004158, 0.0)], [-0.25016886, 0.30286762, 0.9196121, 0.0)], [0.27203682, -0.053885087, -0.27805108, 1.0)]])
0.27203682, -0.053885087, -0.27805108
float3(-0.30770016, -0.2656098, -1.6325805)
100.43542
644547.52329125
normal
simd_float4x4([[-0.15540893, -0.95127094, 0.26632974, 0.0)], [0.94673294, -0.06645152, 0.31508824, 0.0)], [-0.2820363, 0.30111074, 0.91092676, 0.0)], [0.29620194, -0.050198883, -0.30037138, 0.9999999)]])
0.29620194, -0.050198883, -0.30037138
float3(-0.30585724, -0.3002541, -1.6405386)
100.43542
644547.573284291
normal
simd_float4x4([[-0.16966851, -0.9529017, 0.25137815, 0.0)], [0.9358513, -0.075848706, 0.34413555, 0.0)], [-0.30886063, 0.29364157, 0.9046433, 0.0)], [0.31659278, -0.047738593, -0.31248683, 0.99999994)]])
0.31659278, -0.047738593, -0.31248683
float3(-0.29803413, -0.32900816, -1.6502265)
100.43542
644547.639941833
normal
simd_float4x4([[-0.17697398, -0.9547242, 0.2391275, 0.0)], [0.9202662, -0.07436678, 0.38416088, 0.0)], [-0.34898454, 0.28804746, 0.8917614, 0.0)], [0.34254435, -0.04394595, -0.326054, 1.0000001)]])
0.34254435, -0.04394595, -0.326054
float3(-0.29218724, -0.3730212, -1.6485329)
100.43542
644547.689934875
normal
simd_float4x4([[-0.17530951, -0.95111066, 0.25427356, 0.0)], [0.90990233, -0.057899345, 0.41076174, 0.0)], [-0.3759576, 0.30337462, 0.87556803, 0.0)], [0.36076495, -0.040686436, -0.33713067, 1.0)]])
0.36076495, -0.040686436, -0.33713067
float3(-0.3082322, -0.40558067, -1.6315968)
100.43542
644547.739927875
normal
simd_float4x4([[-0.17530951, -0.95111066, 0.25427356, 0.0)], [0.90990233, -0.057899345, 0.41076174, 0.0)], [-0.3759576, 0.30337462, 0.87556803, 0.0)], [0.36076495, -0.040686436, -0.33713067, 1.0)]])
0.36076495, -0.040686436, -0.33713067
float3(-0.3082322, -0.40558067, -1.6315968)
100.43542
644547.806585541
normal
simd_float4x4([[-0.17530951, -0.95111066, 0.25427356, 0.0)], [0.90990233, -0.057899345, 0.41076174, 0.0)], [-0.3759576, 0.30337462, 0.87556803, 0.0)], [0.36076495, -0.040686436, -0.33713067, 1.0)]])
0.36076495, -0.040686436, -0.33713067
float3(-0.3082322, -0.40558067, -1.6315968)
100.43542
644547.856578541
normal
simd_float4x4([[-0.17530951, -0.95111066, 0.25427356, 0.0)], [0.90990233, -0.057899345, 0.41076174, 0.0)], [-0.3759576, 0.30337462, 0.87556803, 0.0)], [0.36076495, -0.040686436, -0.33713067, 1.0)]])
0.36076495, -0.040686436, -0.33713067
float3(-0.3082322, -0.40558067, -1.6315968)
100.43542
644547.923235958
normal
simd_float4x4([[-0.17530951, -0.95111066, 0.25427356, 0.0)], [0.90990233, -0.057899345, 0.41076174, 0.0)], [-0.3759576, 0.30337462, 0.87556803, 0.0)], [0.36076495, -0.040686436, -0.33713067, 1.0)]])
0.36076495, -0.040686436, -0.33713067
float3(-0.3082322, -0.40558067, -1.6315968)
100.43542
644547.973229166
normal
simd_float4x4([[-0.17530951, -0.95111066, 0.25427356, 0.0)], [0.90990233, -0.057899345, 0.41076174, 0.0)], [-0.3759576, 0.30337462, 0.87556803, 0.0)], [0.36076495, -0.040686436, -0.33713067, 1.0)]])
0.36076495, -0.040686436, -0.33713067
float3(-0.3082322, -0.40558067, -1.6315968)
100.43542
644548.039886458
normal
simd_float4x4([[-0.17530951, -0.95111066, 0.25427356, 0.0)], [0.90990233, -0.057899345, 0.41076174, 0.0)], [-0.3759576, 0.30337462, 0.87556803, 0.0)], [0.36076495, -0.040686436, -0.33713067, 1.0)]])
0.36076495, -0.040686436, -0.33713067
float3(-0.3082322, -0.40558067, -1.6315968)
100.43542
644548.089879708
normal
simd_float4x4([[-0.17530951, -0.95111066, 0.25427356, 0.0)], [0.90990233, -0.057899345, 0.41076174, 0.0)], [-0.3759576, 0.30337462, 0.87556803, 0.0)], [0.36076495, -0.040686436, -0.33713067, 1.0)]])
0.36076495, -0.040686436, -0.33713067
float3(-0.3082322, -0.40558067, -1.6315968)
100.43542
644548.139872875
normal
simd_float4x4([[-0.17530951, -0.95111066, 0.25427356, 0.0)], [0.90990233, -0.057899345, 0.41076174, 0.0)], [-0.3759576, 0.30337462, 0.87556803, 0.0)], [0.36076495, -0.040686436, -0.33713067, 1.0)]])
0.36076495, -0.040686436, -0.33713067
float3(-0.3082322, -0.40558067, -1.6315968)
100.43577
644548.206530125
normal
simd_float4x4([[-0.17530951, -0.95111066, 0.25427356, 0.0)], [0.90990233, -0.057899345, 0.41076174, 0.0)], [-0.3759576, 0.30337462, 0.87556803, 0.0)], [0.36076495, -0.040686436, -0.33713067, 1.0)]])
0.36076495, -0.040686436, -0.33713067
float3(-0.3082322, -0.40558067, -1.6315968)
100.43577
644548.256523125
normal
simd_float4x4([[-0.17530951, -0.95111066, 0.25427356, 0.0)], [0.90990233, -0.057899345, 0.41076174, 0.0)], [-0.3759576, 0.30337462, 0.87556803, 0.0)], [0.36076495, -0.040686436, -0.33713067, 1.0)]])
0.36076495, -0.040686436, -0.33713067
float3(-0.3082322, -0.40558067, -1.6315968)
100.43577
644548.323180791
normal
simd_float4x4([[-0.17530951, -0.95111066, 0.25427356, 0.0)], [0.90990233, -0.057899345, 0.41076174, 0.0)], [-0.3759576, 0.30337462, 0.87556803, 0.0)], [0.36076495, -0.040686436, -0.33713067, 1.0)]])
0.36076495, -0.040686436, -0.33713067
float3(-0.3082322, -0.40558067, -1.6315968)
100.43577
644548.373173791
normal
simd_float4x4([[-0.17530951, -0.95111066, 0.25427356, 0.0)], [0.90990233, -0.057899345, 0.41076174, 0.0)], [-0.3759576, 0.30337462, 0.87556803, 0.0)], [0.36076495, -0.040686436, -0.33713067, 1.0)]])
0.36076495, -0.040686436, -0.33713067
float3(-0.3082322, -0.40558067, -1.6315968)
100.43577
644548.423166791
normal
simd_float4x4([[-0.17530951, -0.95111066, 0.25427356, 0.0)], [0.90990233, -0.057899345, 0.41076174, 0.0)], [-0.3759576, 0.30337462, 0.87556803, 0.0)], [0.36076495, -0.040686436, -0.33713067, 1.0)]])
0.36076495, -0.040686436, -0.33713067
float3(-0.3082322, -0.40558067, -1.6315968)
100.43577
644548.4898245
normal
simd_float4x4([[-0.17530951, -0.95111066, 0.25427356, 0.0)], [0.90990233, -0.057899345, 0.41076174, 0.0)], [-0.3759576, 0.30337462, 0.87556803, 0.0)], [0.36076495, -0.040686436, -0.33713067, 1.0)]])
0.36076495, -0.040686436, -0.33713067
float3(-0.3082322, -0.40558067, -1.6315968)
100.43577
644548.539817375
normal
simd_float4x4([[-0.17530951, -0.95111066, 0.25427356, 0.0)], [0.90990233, -0.057899345, 0.41076174, 0.0)], [-0.3759576, 0.30337462, 0.87556803, 0.0)], [0.36076495, -0.040686436, -0.33713067, 1.0)]])
0.36076495, -0.040686436, -0.33713067
float3(-0.3082322, -0.40558067, -1.6315968)
100.43577
644548.589810541
normal
simd_float4x4([[-0.17530951, -0.95111066, 0.25427356, 0.0)], [0.90990233, -0.057899345, 0.41076174, 0.0)], [-0.3759576, 0.30337462, 0.87556803, 0.0)], [0.36076495, -0.040686436, -0.33713067, 1.0)]])
0.36076495, -0.040686436, -0.33713067
float3(-0.3082322, -0.40558067, -1.6315968)
100.43577
644548.656468166
normal
simd_float4x4([[-0.17530951, -0.95111066, 0.25427356, 0.0)], [0.90990233, -0.057899345, 0.41076174, 0.0)], [-0.3759576, 0.30337462, 0.87556803, 0.0)], [0.36076495, -0.040686436, -0.33713067, 1.0)]])
0.36076495, -0.040686436, -0.33713067
float3(-0.3082322, -0.40558067, -1.6315968)
100.43577
644548.706461083
normal
simd_float4x4([[-0.17530951, -0.95111066, 0.25427356, 0.0)], [0.90990233, -0.057899345, 0.41076174, 0.0)], [-0.3759576, 0.30337462, 0.87556803, 0.0)], [0.36076495, -0.040686436, -0.33713067, 1.0)]])
0.36076495, -0.040686436, -0.33713067
float3(-0.3082322, -0.40558067, -1.6315968)
100.43577
644548.773118666
normal
simd_float4x4([[-0.17530951, -0.95111066, 0.25427356, 0.0)], [0.90990233, -0.057899345, 0.41076174, 0.0)], [-0.3759576, 0.30337462, 0.87556803, 0.0)], [0.36076495, -0.040686436, -0.33713067, 1.0)]])
0.36076495, -0.040686436, -0.33713067
float3(-0.3082322, -0.40558067, -1.6315968)
100.43577
644548.823111708
normal
simd_float4x4([[-0.17530951, -0.95111066, 0.25427356, 0.0)], [0.90990233, -0.057899345, 0.41076174, 0.0)], [-0.3759576, 0.30337462, 0.87556803, 0.0)], [0.36076495, -0.040686436, -0.33713067, 1.0)]])
0.36076495, -0.040686436, -0.33713067
float3(-0.3082322, -0.40558067, -1.6315968)
100.43577
644548.87310475
normal
simd_float4x4([[-0.17530951, -0.95111066, 0.25427356, 0.0)], [0.90990233, -0.057899345, 0.41076174, 0.0)], [-0.3759576, 0.30337462, 0.87556803, 0.0)], [0.36076495, -0.040686436, -0.33713067, 1.0)]])
0.36076495, -0.040686436, -0.33713067
float3(-0.3082322, -0.40558067, -1.6315968)
100.43577
644548.923097791
normal
simd_float4x4([[-0.17530951, -0.95111066, 0.25427356, 0.0)], [0.90990233, -0.057899345, 0.41076174, 0.0)], [-0.3759576, 0.30337462, 0.87556803, 0.0)], [0.36076495, -0.040686436, -0.33713067, 1.0)]])
0.36076495, -0.040686436, -0.33713067
float3(-0.3082322, -0.40558067, -1.6315968)
100.43577
644548.973090916
normal
simd_float4x4([[-0.17530951, -0.95111066, 0.25427356, 0.0)], [0.90990233, -0.057899345, 0.41076174, 0.0)], [-0.3759576, 0.30337462, 0.87556803, 0.0)], [0.36076495, -0.040686436, -0.33713067, 1.0)]])
0.36076495, -0.040686436, -0.33713067
float3(-0.3082322, -0.40558067, -1.6315968)
100.43577
644549.039748458
normal
simd_float4x4([[-0.17530951, -0.95111066, 0.25427356, 0.0)], [0.90990233, -0.057899345, 0.41076174, 0.0)], [-0.3759576, 0.30337462, 0.87556803, 0.0)], [0.36076495, -0.040686436, -0.33713067, 1.0)]])
0.36076495, -0.040686436, -0.33713067
float3(-0.3082322, -0.40558067, -1.6315968)
100.43577
644549.089741416
normal
