ARKit Data
92900.72318725
normal
simd_float4x4([[-0.23290381, -0.9595801, 0.15799308, 0.0)], [0.54200804, 0.0068082833, 0.8403457, 0.0)], [-0.8074547, 0.28135324, 0.5185145, 0.0)], [3.7302938, -3.1268017, -1.1794827, 1.0)]])
3.7302938, -3.1268017, -1.1794827
float3(-0.28520402, -0.99995285, -1.5637014)
100.48391
92900.773181958
normal
simd_float4x4([[-0.23238738, -0.95888907, 0.16287403, 0.0)], [0.53489685, 0.0138632385, 0.8448036, 0.0)], [-0.8123309, 0.2834425, 0.50968504, 0.0)], [3.7265897, -3.1258779, -1.1805272, 1.0)]])
3.7265897, -3.1258779, -1.1805272
float3(-0.28738192, -1.0104477, -1.5563397)
100.48391
92900.839841541
normal
simd_float4x4([[-0.23179495, -0.95903456, 0.16286103, 0.0)], [0.5386461, 0.012871492, 0.8424338, 0.0)], [-0.8100195, 0.2829964, 0.5135966, 0.0)], [3.7258894, -3.125664, -1.1831707, 1.0)]])
3.7258894, -3.125664, -1.1831707
float3(-0.28691676, -1.0057123, -1.5573758)
100.48391
92900.923166041
normal
simd_float4x4([[-0.2322888, -0.95787656, 0.16886231, 0.0)], [0.53780913, 0.018167349, 0.8428709, 0.0)], [-0.8104339, 0.28660515, 0.51093465, 0.0)], [3.7211192, -3.1254156, -1.18314, 0.99999994)]])
3.7211192, -3.1254156, -1.18314
float3(-0.29068145, -1.0082905, -1.5518323)
100.48391
92900.989825625
normal
simd_float4x4([[-0.22944891, -0.95849425, 0.16923933, 0.0)], [0.5386456, 0.019779632, 0.8423003, 0.0)], [-0.81068736, 0.2844249, 0.5117503, 0.0)], [3.718196, -3.1262522, -1.1816796, 1.0)]])
3.718196, -3.1262522, -1.1816796
float3(-0.2884065, -1.0077119, -1.5501631)
100.48391
92901.03982025
normal
simd_float4x4([[-0.2314401, -0.95753956, 0.17191127, 0.0)], [0.53986233, 0.020592162, 0.8415015, 0.0)], [-0.8093109, 0.2875656, 0.51217365, 0.0)], [3.718194, -3.1258411, -1.1828713, 1.0)]])
3.718194, -3.1258411, -1.1828713
float3(-0.2916841, -1.0065709, -1.5492944)
100.48398
92901.106480041
normal
simd_float4x4([[-0.23028834, -0.9570595, 0.17608117, 0.0)], [0.5410022, 0.024490342, 0.8406646, 0.0)], [-0.8088783, 0.28885552, 0.5121314, 0.0)], [3.719129, -3.1275983, -1.1839358, 1.0)]])
3.719129, -3.1275983, -1.1839358
float3(-0.2930312, -1.0063665, -1.5452127)
100.48398
92901.189804541
normal
simd_float4x4([[-0.22874473, -0.95635945, 0.18180324, 0.0)], [0.5432154, 0.029579218, 0.83907217, 0.0)], [-0.8078322, 0.29069167, 0.5127431, 0.0)], [3.7188203, -3.125901, -1.1867919, 1.0)]])
3.7188203, -3.125901, -1.1867919
float3(-0.29494965, -1.0052415, -1.5398772)
100.48398
92902.130332541
notAvailable
simd_float4x4([[0.018610477, 0.0, 0.9998268, 0.0)], [0.0, 1.0, 0.0, 0.0)], [-0.9998268, 0.0, 0.018610477, 0.0)], [-0.21342872, -0.08845922, -0.06077544, 1.0)]])
-0.21342872, -0.08845922, -0.06077544
float3(-0.0, -1.5521848, 0.0)
100.48398
92902.180327208
notAvailable
simd_float4x4([[0.018610477, 0.0, 0.9998268, 0.0)], [0.0, 1.0, 0.0, 0.0)], [-0.9998268, 0.0, 0.018610477, 0.0)], [-0.21342872, -0.08845922, -0.06077544, 1.0)]])
-0.21342872, -0.08845922, -0.06077544
float3(-0.0, -1.5521848, 0.0)
100.48398
92902.230321916
notAvailable
simd_float4x4([[0.018610477, 0.0, 0.9998268, 0.0)], [0.0, 1.0, 0.0, 0.0)], [-0.9998268, 0.0, 0.018610477, 0.0)], [-0.21342872, -0.08845922, -0.06077544, 1.0)]])
-0.21342872, -0.08845922, -0.06077544
float3(-0.0, -1.5521848, 0.0)
100.48398
92902.296981416
limited((extension in ARKit):__C.ARCamera.TrackingState.Reason.initializing)
simd_float4x4([[0.061185047, -0.9581966, 0.27949178, 0.0)], [0.9981264, 0.058737364, -0.017132765, 0.0)], [-5.2393126e-08, 0.28001642, 0.9599952, 0.0)], [0.0, 0.0, 0.0, 1.0)]])
0.0, 0.0, 0.0
float3(-0.2838112, -5.4576446e-08, -1.509573)
100.48398
92902.346976166
limited((extension in ARKit):__C.ARCamera.TrackingState.Reason.initializing)
simd_float4x4([[0.063146204, -0.95937103, 0.27499017, 0.0)], [0.99800426, 0.060674157, -0.017495692, 0.0)], [0.000100067045, 0.27554616, 0.96128774, 0.0)], [0.0, 0.0, 0.0, 1.0)]])
0.0, 0.0, 0.0
float3(-0.27915782, 0.00010409687, -1.5076368)
100.48398
92902.396970916
limited((extension in ARKit):__C.ARCamera.TrackingState.Reason.initializing)
simd_float4x4([[0.06544116, -0.9584776, 0.27755758, 0.0)], [0.9978556, 0.062494382, -0.019460358, 0.0)], [0.0013065236, 0.27823588, 0.960512, 0.0)], [0.0, 0.0, 0.0, 1.0)]])
0.0, 0.0, 0.0
float3(-0.28195697, 0.0013602357, -1.5056868)
100.48398
92902.446965625
limited((extension in ARKit):__C.ARCamera.TrackingState.Reason.initializing)
simd_float4x4([[0.057121586, -0.9582454, 0.28018376, 0.0)], [0.99834216, 0.05283474, -0.022835882, 0.0)], [0.007078943, 0.28102368, 0.9596748, 0.0)], [0.0, 0.0, 0.0, 1.0)]])
0.0, 0.0, 0.0
float3(-0.2848606, 0.007376264, -1.5157151)
100.48398
92902.513625125
limited((extension in ARKit):__C.ARCamera.TrackingState.Reason.initializing)
simd_float4x4([[0.05865933, -0.9565874, 0.28548178, 0.0)], [0.998235, 0.053549465, -0.025679592, 0.0)], [0.009277372, 0.28648424, 0.95804006, 0.0)], [0.0, 0.0, 0.0, 1.0)]])
0.0, 0.0, 0.0
float3(-0.29055524, 0.009683397, -1.514875)
100.48398
92902.563619875
limited((extension in ARKit):__C.ARCamera.TrackingState.Reason.initializing)
simd_float4x4([[0.058870334, -0.9570279, 0.28395754, 0.0)], [0.9982209, 0.053742226, -0.025823528, 0.0)], [0.0094533255, 0.28497258, 0.9584891, 0.0)], [0.0, 0.0, 0.0, 1.0)]])
0.0, 0.0, 0.0
float3(-0.28897783, 0.009862416, -1.5146999)
100.48398
92902.663609291
limited((extension in ARKit):__C.ARCamera.TrackingState.Reason.initializing)
simd_float4x4([[0.05958043, -0.95680535, 0.2845591, 0.0)], [0.99822336, 0.05726926, -0.016443156, 0.0)], [-0.00056359085, 0.28503323, 0.9585177, 0.0)], [0.0, 0.0, 0.0, 1.0)]])
0.0, 0.0, 0.0
float3(-0.2890411, -0.0005879816, -1.511013)
100.48398
92902.730268916
limited((extension in ARKit):__C.ARCamera.TrackingState.Reason.initializing)
simd_float4x4([[0.05915736, -0.9570145, 0.28394312, 0.0)], [0.998085, 0.061854843, 0.0005349818, 0.0)], [-0.018075243, 0.28336772, 0.958841, 0.0)], [0.0, 0.0, 0.0, 1.0)]])
0.0, 0.0, 0.0
float3(-0.28730395, -0.018848903, -1.506253)
100.48398
92902.79692825
limited((extension in ARKit):__C.ARCamera.TrackingState.Reason.initializing)
simd_float4x4([[0.05550114, -0.95736426, 0.2835014, 0.0)], [0.9976392, 0.06467476, 0.023094093, 0.0)], [-0.040444843, 0.28155035, 0.9586936, 0.0)], [0.0, 0.0, 0.0, 1.0)]])
0.0, 0.0, 0.0
float3(-0.28540945, -0.042162452, -1.5033438)
100.48398
92902.846923125
limited((extension in ARKit):__C.ARCamera.TrackingState.Reason.initializing)
simd_float4x4([[0.05014213, -0.957969, 0.2824556, 0.0)], [0.99698204, 0.064793006, 0.042763855, 0.0)], [-0.059267595, 0.2794589, 0.95832676, 0.0)], [0.0, 0.0, 0.0, 1.0)]])
0.0, 0.0, 0.0
float3(-0.2832305, -0.061766203, -1.5032634)
100.48398
92902.946912416
limited((extension in ARKit):__C.ARCamera.TrackingState.Reason.initializing)
simd_float4x4([[0.03882873, -0.9595391, 0.27888545, 0.0)], [0.9939465, 0.06579374, 0.08798589, 0.0)], [-0.1027748, 0.27378082, 0.9562853, 0.0)], [0.0, 0.0, 0.0, 1.0)]])
0.0, 0.0, 0.0
float3(-0.27732188, -0.107062005, -1.5023354)
100.48382
92903.013572041
limited((extension in ARKit):__C.ARCamera.TrackingState.Reason.initializing)
simd_float4x4([[0.02517473, -0.96073776, 0.27631366, 0.0)], [0.9904983, 0.06135325, 0.12308064, 0.0)], [-0.13520096, 0.27058968, 0.95315367, 0.0)], [0.0, 0.0, 0.0, 1.0)]])
0.0, 0.0, 0.0
float3(-0.2740055, -0.14090592, -1.5070224)
100.48382
92903.080231791
limited((extension in ARKit):__C.ARCamera.TrackingState.Reason.initializing)
simd_float4x4([[0.009906982, -0.96264094, 0.27059972, 0.0)], [0.9839177, 0.057649888, 0.16906339, 0.0)], [-0.1783474, 0.26457295, 0.94773054, 0.0)], [0.0, 0.0, 0.0, 1.0)]])
0.0, 0.0, 0.0
float3(-0.26776105, -0.1860083, -1.5109806)
100.48382
92903.163556166
normal
simd_float4x4([[-0.02207215, -0.97659785, 0.21393797, 0.0)], [0.9716001, 0.029474102, 0.23478603, 0.0)], [-0.2355972, 0.21304439, 0.94821197, 0.0)], [0.0051940456, 0.0042108744, 0.0073979646, 0.99999994)]])
0.0051940456, 0.0042108744, 0.0073979646
float3(-0.21468984, -0.24353315, -1.5406251)
100.48382
92903.213550875
normal
simd_float4x4([[-0.03017713, -0.97847307, 0.204156, 0.0)], [0.9602232, 0.028346201, 0.27779138, 0.0)], [-0.2775984, 0.20441826, 0.9386971, 0.0)], [0.010088421, 0.009054996, 0.015620923, 0.99999994)]])
0.010088421, 0.009054996, 0.015620923
float3(-0.20586938, -0.28753233, -1.5418346)
100.48382
92903.2802105
normal
simd_float4x4([[-0.041120935, -0.97595274, 0.21406814, 0.0)], [0.93748426, 0.03641812, 0.34611687, 0.0)], [-0.3455897, 0.21491817, 0.91344285, 0.0)], [0.03729637, 0.015495564, 0.0056021633, 0.9999999)]])
0.03729637, 0.015495564, 0.0056021633
float3(-0.21660803, -0.3616935, -1.5334982)
100.48382
92903.396864708
normal
simd_float4x4([[-0.079599895, -0.97659695, 0.19980527, 0.0)], [0.87861854, 0.025940115, 0.47681922, 0.0)], [-0.47084314, 0.21350737, 0.85599136, 0.0)], [0.058589388, 0.030816905, -0.0028579943, 0.99999994)]])
0.058589388, 0.030816905, -0.0028579943
float3(-0.21516371, -0.5028862, -1.5442408)
100.48382
92903.496854041
normal
simd_float4x4([[-0.1020558, -0.9800084, 0.17078583, 0.0)], [0.80807763, 0.018456368, 0.58878666, 0.0)], [-0.580168, 0.1980973, 0.7900394, 0.0)], [0.07591746, 0.04484874, -0.01073032, 0.99999976)]])
0.07591746, 0.04484874, -0.01073032
float3(-0.19941637, -0.63341177, -1.5519657)
100.48382
92903.563513625
normal
simd_float4x4([[-0.11459732, -0.9810261, 0.15638119, 0.0)], [0.7591446, 0.015054443, 0.65074795, 0.0)], [-0.64075494, 0.19328989, 0.74301547, 0.0)], [0.08766367, 0.053942766, -0.006828282, 0.9999999)]])
0.08766367, 0.053942766, -0.006828282
float3(-0.19451417, -0.7116323, -1.5554519)
100.48382
92903.613508375
normal
simd_float4x4([[-0.12721807, -0.9809633, 0.14671901, 0.0)], [0.71045136, 0.013102257, 0.70362437, 0.0)], [-0.6921521, 0.19375046, 0.6952598, 0.0)], [0.12279218, 0.058289018, -0.025897741, 0.9999999)]])
0.12279218, 0.058289018, -0.025897741
float3(-0.19498362, -0.78315824, -1.5574406)
100.48382
92903.663503125
normal
simd_float4x4([[-0.13539274, -0.9812917, 0.1368768, 0.0)], [0.6685997, 0.011463487, 0.743534, 0.0)], [-0.731193, 0.19218493, 0.6545394, 0.0)], [0.13270028, 0.0630639, -0.023821514, 0.99999994)]])
0.13270028, 0.0630639, -0.023821514
float3(-0.19338809, -0.8406581, -1.5591148)
100.48382
92903.71349775
normal
simd_float4x4([[-0.14967465, -0.9807091, 0.12572592, 0.0)], [0.61599696, 0.00697189, 0.78771776, 0.0)], [-0.7733986, 0.19534814, 0.6030703, 0.0)], [0.15494323, 0.059430912, -0.022364713, 0.99999994)]])
0.15494323, 0.059430912, -0.022364713
float3(-0.19661242, -0.9085152, -1.5636874)
100.48382
92903.813487041
normal
simd_float4x4([[-0.1669505, -0.9789043, 0.11778672, 0.0)], [0.53633726, 0.01007613, 0.8439436, 0.0)], [-0.82732695, 0.2040702, 0.5233407, 0.0)], [0.17167023, 0.06301337, -0.01926421, 0.99999994)]])
0.17167023, 0.06301337, -0.01926421
float3(-0.20551382, -1.0067732, -1.5605034)
100.48382
92903.880146791
normal
simd_float4x4([[-0.18134551, -0.9753214, 0.1259429, 0.0)], [0.48840523, 0.021834217, 0.87234366, 0.0)], [-0.85356534, 0.21970677, 0.47239262, 0.0)], [0.12914951, 0.035536863, 0.001851015, 0.9999998)]])
0.12914951, 0.035536863, 0.001851015
float3(-0.2215139, -1.06532, -1.5484134)
100.483505
92903.980136208
normal
simd_float4x4([[-0.20346998, -0.97207534, 0.116916366, 0.0)], [0.40901595, 0.024102729, 0.91220886, 0.0)], [-0.8895537, 0.23342778, 0.39269018, 0.0)], [0.116264135, 0.014052942, -0.01761982, 0.99999994)]])
0.116264135, 0.014052942, -0.01761982
float3(-0.23560137, -1.1550784, -1.5460063)
100.483505
92904.030130666
normal
simd_float4x4([[-0.21575156, -0.9685615, 0.12385404, 0.0)], [0.40269142, 0.027294403, 0.9149287, 0.0)], [-0.8895453, 0.24727225, 0.38414264, 0.0)], [0.11849077, 0.010536771, -0.027581945, 0.99999994)]])
0.11849077, 0.010536771, -0.027581945
float3(-0.24986407, -1.1631451, -1.5426234)
100.483505
92904.096790291
normal
simd_float4x4([[-0.22414263, -0.9653068, 0.13395026, 0.0)], [0.40754554, 0.03200833, 0.91262376, 0.0)], [-0.88524956, 0.25914872, 0.38623208, 0.0)], [0.10400784, 0.0007439889, -0.04731618, 0.99999994)]])
0.10400784, 0.0007439889, -0.04731618
float3(-0.2621407, -1.1593957, -1.5376498)
100.483505
92904.180114916
normal
simd_float4x4([[-0.22850758, -0.9607815, 0.1571081, 0.0)], [0.44067198, 0.041821074, 0.8966935, 0.0)], [-0.86809707, 0.27413437, 0.4138331, 0.0)], [0.08440532, -0.011463527, -0.084752776, 0.99999994)]])
0.08440532, -0.011463527, -0.084752776
float3(-0.2776895, -1.1259513, -1.5272956)
100.483505
92904.280104083
normal
simd_float4x4([[-0.22243467, -0.9571124, 0.18563025, 0.0)], [0.5135795, 0.04681106, 0.85676414, 0.0)], [-0.8287091, 0.28590992, 0.4811409, 0.0)], [0.077901326, -0.012027373, -0.12444743, 0.9999999)]])
0.077901326, -0.012027373, -0.12444743
float3(-0.28995585, -1.0447706, -1.5219266)
100.483505
92904.346763791
normal
simd_float4x4([[-0.21616189, -0.9570342, 0.19328624, 0.0)], [0.5612104, 0.040204115, 0.82669616, 0.0)], [-0.79894733, 0.28717443, 0.52840686, 0.0)], [0.06427787, -0.020404637, -0.15787654, 0.9999999)]])
0.06427787, -0.020404637, -0.15787654
float3(-0.2912757, -0.9864635, -1.5288119)
100.483505
92904.396758541
normal
simd_float4x4([[-0.20480941, -0.95834345, 0.19907507, 0.0)], [0.603387, 0.036527753, 0.7966114, 0.0)], [-0.7706991, 0.28327286, 0.5707708, 0.0)], [0.058918558, -0.01909881, -0.17632145, 0.9999999)]])
0.058918558, -0.01909881, -0.17632145
float3(-0.28720504, -0.9333459, -1.5326992)
100.483505
92904.463417958
normal
simd_float4x4([[-0.18612412, -0.9606836, 0.20602126, 0.0)], [0.66206974, 0.03230038, 0.7487459, 0.0)], [-0.7259625, 0.27576008, 0.63002765, 0.0)], [0.043532275, -0.024678819, -0.20190762, 1.0)]])
0.043532275, -0.024678819, -0.20190762
float3(-0.27938035, -0.85602945, -1.5371867)
100.483505
92904.513412791
normal
simd_float4x4([[-0.17142196, -0.96216327, 0.21179268, 0.0)], [0.7023254, 0.031413604, 0.7111625, 0.0)], [-0.6909078, 0.27065626, 0.6703669, 0.0)], [0.037080694, -0.023096226, -0.21846752, 0.99999994)]])
0.037080694, -0.023096226, -0.21846752
float3(-0.27407467, -0.8004865, -1.538159)
100.483505
92904.613402208
normal
simd_float4x4([[-0.15230252, -0.96380347, 0.21883012, 0.0)], [0.7745385, 0.021139598, 0.6321734, 0.0)], [-0.61391693, 0.26577392, 0.74328333, 0.0)], [0.0053180144, -0.025366493, -0.23067045, 0.9999999)]])
0.0053180144, -0.025366493, -0.23067045
float3(-0.26900664, -0.6903667, -1.5488663)
100.483505
92904.663396708
normal
simd_float4x4([[-0.14450648, -0.9658258, 0.21517028, 0.0)], [0.80341357, 0.012414857, 0.59529173, 0.0)], [-0.5776195, 0.25889423, 0.77416366, 0.0)], [-0.013747844, -0.026920846, -0.227436, 0.9999999)]])
-0.013747844, -0.026920846, -0.227436
float3(-0.26187724, -0.6410137, -1.5579429)
100.483505
92904.713391541
normal
simd_float4x4([[-0.1307572, -0.967933, 0.21449493, 0.0)], [0.832425, 0.010324604, 0.55404156, 0.0)], [-0.53848964, 0.2509958, 0.8043818, 0.0)], [-0.020289637, -0.024602978, -0.2359964, 0.99999994)]])
-0.020289637, -0.024602978, -0.2359964
float3(-0.25370887, -0.5899238, -1.5601301)
100.483505
92904.763386166
normal
simd_float4x4([[-0.11579246, -0.9697907, 0.21470395, 0.0)], [0.8589758, 0.010769916, 0.5119026, 0.0)], [-0.49875084, 0.24369998, 0.83177984, 0.0)], [-0.02808278, -0.024197461, -0.22783883, 0.9999998)]])
-0.02808278, -0.024197461, -0.22783883
float3(-0.24617903, -0.54013914, -1.5596914)
100.483505
92904.813380916
normal
simd_float4x4([[-0.0985939, -0.9707705, 0.21882384, 0.0)], [0.88219124, 0.01648217, 0.47060266, 0.0)], [-0.4604539, 0.23944302, 0.85478014, 0.0)], [-0.031805955, -0.021975098, -0.23369232, 0.99999994)]])
-0.031805955, -0.021975098, -0.23369232
float3(-0.24179214, -0.49411157, -1.5538195)
100.48342
92904.880040333
normal
simd_float4x4([[-0.07452241, -0.97121716, 0.22623782, 0.0)], [0.90883654, 0.027229358, 0.41626257, 0.0)], [-0.41044164, 0.2366341, 0.8806486, 0.0)], [-0.040466852, -0.020178389, -0.2262878, 0.99999994)]])
-0.040466852, -0.020178389, -0.2262878
float3(-0.2389001, -0.436135, -1.5427674)
100.48342
92904.963365
normal
simd_float4x4([[-0.04624279, -0.9688755, 0.2431906, 0.0)], [0.93541336, 0.043425895, 0.35087875, 0.0)], [-0.3505186, 0.24370937, 0.90429103, 0.0)], [-0.04909633, -0.01887463, -0.21896288, 0.99999994)]])
-0.04909633, -0.01887463, -0.21896288
float3(-0.24618872, -0.36978605, -1.5260054)
100.48342
92905.013359583
normal
simd_float4x4([[-0.030323194, -0.96711844, 0.2525122, 0.0)], [0.9475682, 0.052586935, 0.31519702, 0.0)], [-0.3181117, 0.2488303, 0.9148161, 0.0)], [-0.046549965, -0.019384976, -0.22039716, 0.99999994)]])
-0.046549965, -0.019384976, -0.22039716
float3(-0.25147238, -0.33465374, -1.516475)
100.48342
92905.063354333
normal
simd_float4x4([[-0.014859492, -0.96479195, 0.26259387, 0.0)], [0.9594288, 0.060194362, 0.27545068, 0.0)], [-0.28155923, 0.25603315, 0.92475474, 0.0)], [-0.058175072, -0.022118272, -0.2147212, 0.99999994)]])
-0.058175072, -0.022118272, -0.2147212
float3(-0.25891632, -0.2955518, -1.508486)
100.48342
92905.130013875
normal
simd_float4x4([[-0.0017885464, -0.9601087, 0.27962095, 0.0)], [0.97038174, 0.065881975, 0.23241983, 0.0)], [-0.24157031, 0.2717547, 0.93155414, 0.0)], [-0.05260852, -0.025696604, -0.21511678, 0.99999994)]])
-0.05260852, -0.025696604, -0.21511678
float3(-0.2752159, -0.25373068, -1.5022844)
100.48342
92905.196673541
normal
simd_float4x4([[0.01107884, -0.9543354, 0.29853162, 0.0)], [0.9815071, 0.06743655, 0.17915398, 0.0)], [-0.19110496, 0.29102606, 0.93743414, 0.0)], [-0.051934324, -0.031353705, -0.20099773, 0.9999999)]])
-0.051934324, -0.031353705, -0.20099773
float3(-0.29529914, -0.20110396, -1.5002502)
100.48342
92905.24666825
normal
simd_float4x4([[0.01220626, -0.9502171, 0.31134918, 0.0)], [0.9868154, 0.061703272, 0.1496268, 0.0)], [-0.16138925, 0.30541775, 0.93844205, 0.0)], [-0.046506636, -0.035069466, -0.19866478, 0.99999994)]])
-0.046506636, -0.035069466, -0.19866478
float3(-0.31037712, -0.17030975, -1.5059514)
100.48342
92905.296662791
normal
simd_float4x4([[0.0143924905, -0.9478719, 0.31832612, 0.0)], [0.992094, 0.053230815, 0.11364852, 0.0)], [-0.12466902, 0.31417376, 0.9411442, 0.0)], [-0.036173947, -0.04053791, -0.17263678, 0.99999994)]])
-0.036173947, -0.04053791, -0.17263678
float3(-0.31958622, -0.13169864, -1.5146971)
100.48342
92905.3466575
normal
simd_float4x4([[0.012740566, -0.9471311, 0.32059368, 0.0)], [0.9948498, 0.04424965, 0.09119105, 0.0)], [-0.100556046, 0.3177807, 0.9428169, 0.0)], [-0.031122439, -0.043921474, -0.16568737, 0.9999999)]])
-0.031122439, -0.043921474, -0.16568737
float3(-0.32338795, -0.10625323, -1.5241106)
100.48342
92905.39665225
normal
simd_float4x4([[0.012078116, -0.94539994, 0.32568854, 0.0)], [0.9973325, 0.03483838, 0.06414197, 0.0)], [-0.071986265, 0.32404503, 0.9432989, 0.0)], [-0.030507185, -0.044076998, -0.14954792, 1.0)]])
-0.030507185, -0.044076998, -0.14954792
float3(-0.33000213, -0.07616569, -1.5339626)
100.48342
92905.46331175
normal
simd_float4x4([[0.011380914, -0.9436756, 0.33067623, 0.0)], [0.99884653, 0.026156327, 0.040266886, 0.0)], [-0.046648167, 0.3298365, 0.9428848, 0.0)], [-0.022300135, -0.047395263, -0.13944484, 0.99999994)]])
-0.022300135, -0.047395263, -0.13944484
float3(-0.33613035, -0.04943357, -1.5430859)
100.48342
92905.513306541
normal
simd_float4x4([[0.014813909, -0.94344205, 0.3312062, 0.0)], [0.99947935, 0.023467008, 0.022141995, 0.0)], [-0.028662113, 0.3307057, 0.9432986, 0.0)], [-0.022328729, -0.047067363, -0.12521552, 0.99999994)]])
-0.022328729, -0.047067363, -0.12521552
float3(-0.33705124, -0.030375639, -1.5459276)
100.48342
92905.57996625
normal
simd_float4x4([[0.016469521, -0.9443152, 0.32862967, 0.0)], [0.99955595, 0.023713274, 0.018046455, 0.0)], [-0.02483443, 0.32818648, 0.9442864, 0.0)], [-0.008693177, -0.048126098, -0.1142288, 0.99999994)]])
-0.008693177, -0.048126098, -0.1142288
float3(-0.33438307, -0.026293619, -1.54569)
100.48342
92905.629960916
normal
simd_float4x4([[0.016917255, -0.9446278, 0.32770714, 0.0)], [0.9995513, 0.024080077, 0.017811783, 0.0)], [-0.024716726, 0.32725874, 0.94461143, 0.0)], [-0.0008171983, -0.047510948, -0.09923728, 0.99999994)]])
-0.0008171983, -0.047510948, -0.09923728
float3(-0.3334011, -0.026160056, -1.5453103)
100.48342
92905.696620416
normal
simd_float4x4([[0.01309221, -0.94370306, 0.33053422, 0.0)], [0.99902886, 0.026253307, 0.035384644, 0.0)], [-0.042070217, 0.32975, 0.94313043, 0.0)], [0.021548292, -0.04916524, -0.08999284, 0.9999999)]])
0.021548292, -0.04916524, -0.08999284
float3(-0.33603874, -0.044577446, -1.542984)
100.48342
92905.79660975
normal
simd_float4x4([[0.0009506491, -0.9414817, 0.33706245, 0.0)], [0.99706125, 0.026712066, 0.07179996, 0.0)], [-0.07660199, 0.33600363, 0.9387405, 0.0)], [0.057526436, -0.052635737, -0.07822276, 0.99999994)]])
0.057526436, -0.052635737, -0.07822276
float3(-0.34267062, -0.08142042, -1.5424316)
100.483215
92905.863269333
normal
simd_float4x4([[-0.012320488, -0.93763256, 0.3474093, 0.0)], [0.99532807, 0.021773543, 0.09406342, 0.0)], [-0.095761284, 0.34694514, 0.9329838, 0.0)], [0.0836081, -0.057311554, -0.07732747, 0.9999999)]])
0.0836081, -0.057311554, -0.07732747
float3(-0.35431194, -0.10228164, -1.5475787)
100.483215
92905.929928833
normal
simd_float4x4([[-0.02594761, -0.9314746, 0.3628795, 0.0)], [0.993462, 0.016342303, 0.1129863, 0.0)], [-0.11117415, 0.36343879, 0.9249608, 0.0)], [0.11172679, -0.06366888, -0.08066414, 0.99999994)]])
0.11172679, -0.06366888, -0.08066414
float3(-0.37195644, -0.11961954, -1.5532535)
100.483215
92905.979923625
normal
simd_float4x4([[-0.03197598, -0.92736435, 0.37279066, 0.0)], [0.9929053, 0.013265654, 0.11816607, 0.0)], [-0.11452833, 0.37392426, 0.9203608, 0.0)], [0.13015358, -0.06680611, -0.090375364, 0.99999994)]])
0.13015358, -0.06680611, -0.090375364
float3(-0.38323662, -0.12380211, -1.5564926)
100.483215
92906.046583125
normal
simd_float4x4([[-0.035297424, -0.92484605, 0.37869993, 0.0)], [0.99185973, 0.013970512, 0.12656635, 0.0)], [-0.12234504, 0.38008466, 0.9168245, 0.0)], [0.15475518, -0.07191276, -0.10173112, 0.9999999)]])
0.15475518, -0.07191276, -0.10173112
float3(-0.38988784, -0.1326606, -1.5556917)
100.483215
92906.09657775
normal
simd_float4x4([[-0.032350305, -0.9222935, 0.38513377, 0.0)], [0.9921941, 0.016797053, 0.123566404, 0.0)], [-0.12043362, 0.38612485, 0.91455084, 0.0)], [0.17178357, -0.07355798, -0.118962534, 0.9999999)]])
0.17178357, -0.07355798, -0.118962534
float3(-0.39642695, -0.13093272, -1.5525861)
100.483215
92906.163237458
normal
simd_float4x4([[-0.024142789, -0.91808534, 0.3956467, 0.0)], [0.99278927, 0.024464346, 0.11734979, 0.0)], [-0.11741638, 0.39562693, 0.91087466, 0.0)], [0.19240968, -0.079863265, -0.14137445, 0.99999994)]])
0.19240968, -0.079863265, -0.14137445
float3(-0.40675038, -0.12819815, -1.5441555)
100.483215
92906.213232291
normal
simd_float4x4([[-0.017630626, -0.9130689, 0.4074239, 0.0)], [0.99380606, 0.028713478, 0.10735454, 0.0)], [-0.109720655, 0.4067931, 0.9069072, 0.0)], [0.20666346, -0.08219969, -0.16883601, 0.99999994)]])
0.20666346, -0.08219969, -0.16883601
float3(-0.4189408, -0.120398186, -1.5393595)
100.483215
92906.279891625
normal
simd_float4x4([[-0.013142408, -0.9107597, 0.4127275, 0.0)], [0.993914, 0.03324988, 0.105021045, 0.0)], [-0.109372094, 0.41159585, 0.90477985, 0.0)], [0.22688805, -0.08634901, -0.19913448, 1.0)]])
0.22688805, -0.08634901, -0.19913448
float3(-0.42420444, -0.120298855, -1.5343047)
100.483215
92906.329886541
normal
simd_float4x4([[-0.012263951, -0.9105811, 0.41314858, 0.0)], [0.9938889, 0.034229178, 0.10494397, 0.0)], [-0.10970174, 0.41191077, 0.9045967, 0.0)], [0.24065025, -0.084981844, -0.22868961, 0.99999994)]])
0.24065025, -0.084981844, -0.22868961
float3(-0.42455, -0.12068213, -1.5332235)
100.483215
92906.396545916
normal
simd_float4x4([[-0.009713018, -0.90753126, 0.419872, 0.0)], [0.99376243, 0.037889224, 0.10488456, 0.0)], [-0.11109466, 0.41827172, 0.90150243, 0.0)], [0.26216662, -0.083121836, -0.26295003, 0.99999994)]])
0.26216662, -0.083121836, -0.26295003
float3(-0.43154177, -0.1226146, -1.5290707)
100.483215
92906.446540666
normal
simd_float4x4([[-0.01656625, -0.9081765, 0.4182593, 0.0)], [0.993816, 0.030979896, 0.10663008, 0.0)], [-0.10979658, 0.41743922, 0.9020472, 0.0)], [0.27281794, -0.07673064, -0.2948357, 0.99999994)]])
0.27281794, -0.07673064, -0.2948357
float3(-0.43062544, -0.12112351, -1.5366974)
100.483215
92906.513200375
normal
simd_float4x4([[-0.017724, -0.9216819, 0.38754135, 0.0)], [0.9932582, 0.028179862, 0.11244576, 0.0)], [-0.11456008, 0.3869216, 0.91496867, 0.0)], [0.2918597, -0.07018845, -0.3210954, 0.99999994)]])
0.2918597, -0.07018845, -0.3210954
float3(-0.39729083, -0.124558374, -1.5402315)
100.483215
92906.563194875
normal
simd_float4x4([[-0.017479882, -0.93106264, 0.36444014, 0.0)], [0.99523604, 0.018763503, 0.095671706, 0.0)], [-0.09591454, 0.36437628, 0.9262993, 0.0)], [0.297762, -0.062552534, -0.3499637, 0.99999994)]])
0.297762, -0.062552534, -0.3499637
float3(-0.37296295, -0.103178255, -1.5506463)
100.483215
92906.613189666
normal
simd_float4x4([[-0.012469872, -0.9293155, 0.3690761, 0.0)], [0.9968306, 0.017449157, 0.07761577, 0.0)], [-0.078569606, 0.3688742, 0.9261526, 0.0)], [0.31259584, -0.05707083, -0.3695631, 0.99999994)]])
0.31259584, -0.05707083, -0.3695631
float3(-0.3777975, -0.08463177, -1.5520222)
100.483215
92906.679849291
normal
simd_float4x4([[-0.013097158, -0.92733216, 0.37401018, 0.0)], [0.9975445, 0.013618875, 0.06869925, 0.0)], [-0.06880063, 0.37399152, 0.92487675, 0.0)], [0.32202116, -0.046593584, -0.4035198, 1.0)]])
0.32202116, -0.046593584, -0.4035198
float3(-0.38330916, -0.07425221, -1.5561113)
100.483215
92906.729843916
normal
simd_float4x4([[-0.02539618, -0.93245, 0.36040518, 0.0)], [0.99861526, -0.00704842, 0.052132193, 0.0)], [-0.04607038, 0.36123008, 0.9313379, 0.0)], [0.33880365, -0.041155547, -0.41935477, 0.99999994)]])
0.33880365, -0.041155547, -0.41935477
float3(-0.3695867, -0.04942659, -1.5783552)
100.48293
92906.7965035
normal
simd_float4x4([[-0.03023331, -0.9393953, 0.3415001, 0.0)], [0.99909794, -0.018208187, 0.03836411, 0.0)], [-0.029820967, 0.34235194, 0.9390984, 0.0)], [0.3463949, -0.03516402, -0.45160085, 1.0)]])
0.3463949, -0.03516402, -0.45160085
float3(-0.34941897, -0.031744223, -1.5901768)
100.48293
92906.846498166
normal
simd_float4x4([[-0.02649586, -0.940979, 0.3374262, 0.0)], [0.9993843, -0.01716823, 0.030598098, 0.0)], [-0.022999154, 0.33802915, 0.94085455, 0.0)], [0.3640543, -0.035179153, -0.46932012, 0.99999994)]])
0.3640543, -0.035179153, -0.46932012
float3(-0.344822, -0.024440095, -1.5890393)
100.48293
92906.91315775
normal
simd_float4x4([[-0.016027443, -0.93854505, 0.3447843, 0.0)], [0.9997886, -0.010599977, 0.01762116, 0.0)], [-0.012883547, 0.34499377, 0.93851644, 0.0)], [0.37324202, -0.037035596, -0.5071698, 0.9999999)]])
0.37324202, -0.037035596, -0.5071698
float3(-0.35223216, -0.013726704, -1.5820899)
100.48293
92906.979817333
normal
simd_float4x4([[-0.004131507, -0.9356078, 0.3530167, 0.0)], [0.999987, -0.004908489, -0.0013057917, 0.0)], [0.0029544847, 0.35300675, 0.9356161, 0.0)], [0.4031456, -0.043175057, -0.5403503, 0.99999994)]])
0.4031456, -0.043175057, -0.5403503
float3(-0.3607828, 0.0031577854, -1.5760425)
100.48293
92907.029811958
normal
simd_float4x4([[0.0020241484, -0.9346115, 0.35566446, 0.0)], [0.99985886, -0.004039758, -0.016306007, 0.0)], [0.01667658, 0.35564724, 0.9344714, 0.0)], [0.41342163, -0.044544682, -0.57251585, 0.99999994)]])
0.41342163, -0.044544682, -0.57251585
float3(-0.36360648, 0.017844109, -1.5751187)
100.48293
92907.096471625
normal
simd_float4x4([[0.01819284, -0.9347297, 0.35489342, 0.0)], [0.9992659, 0.005029987, -0.03797706, 0.0)], [0.033713173, 0.3553238, 0.9341351, 0.0)], [0.4457525, -0.046583872, -0.61135584, 0.9999999)]])
0.4457525, -0.046583872, -0.61135584
float3(-0.36326045, 0.036074597, -1.5654151)
100.48293
92907.14646625
normal
simd_float4x4([[0.03219159, -0.936362, 0.34955654, 0.0)], [0.9982489, 0.0127558345, -0.057762153, 0.0)], [0.049627405, 0.35080385, 0.935133, 0.0)], [0.4546794, -0.042577, -0.64560825, 0.99999994)]])
0.4546794, -0.042577, -0.64560825
float3(-0.35842937, 0.053020153, -1.5571744)
100.48293
92907.213125833
normal
simd_float4x4([[0.037313346, -0.94185674, 0.33393633, 0.0)], [0.9967735, 0.011314747, -0.0794645, 0.0)], [0.071065776, 0.33582395, 0.9392401, 0.0)], [0.4885331, -0.034636676, -0.6844423, 0.9999999)]])
0.4885331, -0.034636676, -0.6844423
float3(-0.34247985, 0.07551916, -1.5587837)
100.48293
92907.263120458
normal
simd_float4x4([[0.042152002, -0.94003433, 0.33846477, 0.0)], [0.99473685, 0.007820482, -0.10216314, 0.0)], [0.09338992, 0.3409898, 0.9354166, 0.0)], [0.49430737, -0.026637493, -0.7198766, 0.9999999)]])
0.49430737, -0.026637493, -0.7198766
float3(-0.3479696, 0.09950805, -1.5624771)
100.48293
92907.329779958
normal
simd_float4x4([[0.053038895, -0.9444328, 0.32439715, 0.0)], [0.99265593, 0.014494494, -0.12010062, 0.0)], [0.108725, 0.3283847, 0.9382656, 0.0)], [0.52715045, -0.016910592, -0.7543865, 1.0)]])
0.52715045, -0.016910592, -0.7543865
float3(-0.33459294, 0.11536417, -1.5554502)
100.48293
92907.379774791
normal
simd_float4x4([[0.047944814, -0.9511679, 0.30492738, 0.0)], [0.9918546, 0.009269802, -0.12703729, 0.0)], [0.118007176, 0.30853438, 0.94386476, 0.0)], [0.53464574, -0.012021349, -0.7777073, 0.9999999)]])
0.53464574, -0.012021349, -0.7777073
float3(-0.31365186, 0.12438012, -1.5610509)
100.48293
92907.446434375
normal
simd_float4x4([[0.05071418, -0.94240534, 0.33060586, 0.0)], [0.9920222, 0.0092800725, -0.12572072, 0.0)], [0.11541183, 0.33434415, 0.9353577, 0.0)], [0.57163715, -0.009377737, -0.8096066, 0.99999994)]])
0.57163715, -0.009377737, -0.8096066
float3(-0.34090924, 0.122767396, -1.5609494)
100.48293
92907.513093916
normal
simd_float4x4([[0.06936254, -0.93071204, 0.35911545, 0.0)], [0.99252003, 0.028131448, -0.11879589, 0.0)], [0.100462325, 0.36466926, 0.9257016, 0.0)], [0.60946965, -0.0063584843, -0.8416883, 1.0)]])
0.60946965, -0.0063584843, -0.8416883
float3(-0.37327757, 0.10810252, -1.5405798)
100.48293
92907.563088583
normal
simd_float4x4([[0.07009125, -0.9289507, 0.36350745, 0.0)], [0.99312794, 0.030745395, -0.11292371, 0.0)], [0.093724385, 0.36892432, 0.92472184, 0.0)], [0.6400603, -0.005007515, -0.864419, 1.0)]])
0.6400603, -0.005007515, -0.864419
float3(-0.37785143, 0.101009205, -1.5377115)
100.48293
92907.629748166
normal
simd_float4x4([[0.069855876, -0.93182635, 0.35611734, 0.0)], [0.9944896, 0.037077993, -0.09805949, 0.0)], [0.07817031, 0.361005, 0.9292818, 0.0)], [0.68064857, -0.005207155, -0.8940522, 0.99999994)]])
0.68064857, -0.005207155, -0.8940522
float3(-0.36934537, 0.083921485, -1.5310266)
100.48293
92907.679742875
normal
simd_float4x4([[0.065327704, -0.93017644, 0.36125335, 0.0)], [0.9957301, 0.037103806, -0.08452701, 0.0)], [0.06522116, 0.3652328, 0.9286286, 0.0)], [0.71075624, -0.007436047, -0.91867995, 1.0)]])
0.71075624, -0.007436047, -0.91867995
float3(-0.37388286, 0.0701187, -1.5309285)
100.48259
92907.746402458
normal
simd_float4x4([[0.045969706, -0.92979604, 0.36519322, 0.0)], [0.9974251, 0.022578139, -0.068068825, 0.0)], [0.055044744, 0.36738196, 0.92843986, 0.0)], [0.74940324, -0.010691617, -0.9544935, 0.99999994)]])
0.74940324, -0.010691617, -0.9544935
float3(-0.37619257, 0.059218038, -1.5465182)
100.48259
92907.796397125
normal
simd_float4x4([[0.035969637, -0.9355941, 0.35124052, 0.0)], [0.99749863, 0.012211891, -0.069622636, 0.0)], [0.06084922, 0.3528662, 0.9336931, 0.0)], [0.7749732, -0.010652665, -0.9831724, 0.99999994)]])
0.7749732, -0.010652665, -0.9831724
float3(-0.3606326, 0.065078445, -1.5577445)
100.48259
92907.863056791
normal
simd_float4x4([[0.045188244, -0.9429359, 0.32989374, 0.0)], [0.99648887, 0.019247303, -0.08148264, 0.0)], [0.07048335, 0.3324175, 0.94049495, 0.0)], [0.8039411, -0.006146822, -1.0245818, 0.99999994)]])
0.8039411, -0.006146822, -1.0245818
float3(-0.33886567, 0.074802995, -1.550387)
100.48259
92907.913051458
normal
simd_float4x4([[0.054312702, -0.94637215, 0.31848013, 0.0)], [0.9966549, 0.031874366, -0.075251184, 0.0)], [0.061064288, 0.32150188, 0.94493777, 0.0)], [0.8252829, -0.0002683451, -1.0576954, 0.9999998)]])
0.8252829, -0.0002683451, -1.0576954
float3(-0.32731515, 0.06453282, -1.5371284)
100.48259
92907.979710958
normal
simd_float4x4([[0.06460574, -0.9454538, 0.3192851, 0.0)], [0.9950571, 0.03685509, -0.092211045, 0.0)], [0.07541402, 0.32366428, 0.94316167, 0.0)], [0.85666215, 0.010623655, -1.1068441, 0.9999998)]])
0.85666215, 0.010623655, -1.1068441
float3(-0.32959968, 0.07978899, -1.5318347)
100.48259
92908.029705708
normal
simd_float4x4([[0.07975887, -0.9409848, 0.32891652, 0.0)], [0.99329585, 0.047327083, -0.105467774, 0.0)], [0.083676904, 0.3351234, 0.9384511, 0.0)], [0.8813984, 0.020595483, -1.142492, 0.99999994)]])
0.8813984, 0.020595483, -1.142492
float3(-0.3417362, 0.08892973, -1.5205435)
100.48259
92908.0797005
normal
simd_float4x4([[0.08701272, -0.94520056, 0.31468165, 0.0)], [0.9935549, 0.05930335, -0.09660034, 0.0)], [0.07264503, 0.32105896, 0.9442689, 0.0)], [0.90883386, 0.030028634, -1.1710811, 0.99999994)]])
0.90883386, 0.030028634, -1.1710811
float3(-0.32684743, 0.076781325, -1.5081369)
100.48259
92908.14636
normal
simd_float4x4([[0.061221324, -0.95412993, 0.29306608, 0.0)], [0.9958472, 0.03856821, -0.082466036, 0.0)], [0.067380294, 0.2968977, 0.95252895, 0.0)], [0.9550678, 0.037022434, -1.2040504, 0.9999998)]])
0.9550678, 0.037022434, -1.2040504
float3(-0.30144224, 0.07062068, -1.530396)
100.48259
92908.19635475
normal
simd_float4x4([[0.04420741, -0.94715023, 0.31772953, 0.0)], [0.99735534, 0.023476515, -0.06878399, 0.0)], [0.057689592, 0.31993002, 0.9456832, 0.0)], [0.9942273, 0.038964562, -1.2297566, 0.99999994)]])
0.9942273, 0.038964562, -1.2297566
float3(-0.3256556, 0.06092758, -1.5460149)
100.48259
92908.263014333
normal
simd_float4x4([[0.029541604, -0.92942876, 0.36781713, 0.0)], [0.99945265, 0.02198492, -0.024718849, 0.0)], [0.014887978, 0.36834607, 0.92956954, 0.0)], [1.0499492, 0.041476533, -1.2615751, 1.0)]])
1.0499492, 0.041476533, -1.2615751
float3(-0.37722936, 0.016014623, -1.5471466)
100.48259
92908.329673916
limited((extension in ARKit):__C.ARCamera.TrackingState.Reason.insufficientFeatures)
simd_float4x4([[-0.0095020635, -0.9422326, 0.33482417, 0.0)], [0.998368, 0.009916713, 0.056239687, 0.0)], [-0.05631124, 0.33481213, 0.94060075, 0.0)], [0.019119732, 0.0042699985, -0.44113675, 0.99999994)]])
0.019119732, 0.0042699985, -0.44113675
float3(-0.34140584, -0.059795942, -1.560272)
100.48259
92908.3963335
limited((extension in ARKit):__C.ARCamera.TrackingState.Reason.insufficientFeatures)
simd_float4x4([[-0.030859774, -0.9483274, 0.31578895, 0.0)], [0.9971526, -0.007460588, 0.07504005, 0.0)], [-0.06880657, 0.3172055, 0.94585747, 0.0)], [0.040451843, 0.0044912063, -0.4684594, 0.99999994)]])
0.040451843, 0.0044912063, -0.4684594
float3(-0.32278135, -0.07261726, -1.5786632)
100.48259
92908.446328208
limited((extension in ARKit):__C.ARCamera.TrackingState.Reason.insufficientFeatures)
simd_float4x4([[-0.024281824, -0.9430107, 0.33187512, 0.0)], [0.9993657, -0.014247421, 0.032635618, 0.0)], [-0.02604737, 0.33245704, 0.9427586, 0.0)], [0.045040242, -0.0040992205, -0.59779173, 0.9999999)]])
0.045040242, -0.0040992205, -0.59779173
float3(-0.3389076, -0.027621858, -1.5859036)
100.48259
92908.51298775
limited((extension in ARKit):__C.ARCamera.TrackingState.Reason.insufficientFeatures)
simd_float4x4([[-0.02603065, -0.94791937, 0.31744483, 0.0)], [0.9992295, -0.015342354, 0.03612368, 0.0)], [-0.029371997, 0.31814057, 0.94758844, 0.0)], [0.06698486, -0.005646024, -0.6365817, 0.99999994)]])
0.06698486, -0.005646024, -0.6365817
float3(-0.3237675, -0.030986656, -1.5869802)
100.48259
92908.57964725
limited((extension in ARKit):__C.ARCamera.TrackingState.Reason.insufficientFeatures)
simd_float4x4([[-0.0026346203, -0.9506581, 0.3102291, 0.0)], [0.9997244, 0.004733059, 0.022994025, 0.0)], [-0.02332779, 0.31020418, 0.9503837, 0.0)], [0.06839408, -0.023273127, -0.63467914, 0.99999994)]])
0.06839408, -0.023273127, -0.63467914
float3(-0.3154078, -0.024540726, -1.5658176)
100.48259
92908.629642041
limited((extension in ARKit):__C.ARCamera.TrackingState.Reason.insufficientFeatures)
simd_float4x4([[0.005012472, -0.95372444, 0.30063993, 0.0)], [0.99992955, 0.008014088, 0.008751715, 0.0)], [-0.010756083, 0.30057487, 0.95369756, 0.0)], [0.0833757, -0.023886247, -0.6651333, 0.9999999)]])
0.0833757, -0.023886247, -0.6651333
float3(-0.30529535, -0.011277817, -1.5623935)
100.48211
92908.696301666
limited((extension in ARKit):__C.ARCamera.TrackingState.Reason.insufficientFeatures)
simd_float4x4([[0.012461554, -0.9484144, 0.3167882, 0.0)], [0.99989754, 0.009588593, -0.010626405, 0.0)], [0.007040679, 0.31688818, 0.94843674, 0.0)], [0.08024728, -0.046561077, -0.6425648, 0.99999994)]])
0.08024728, -0.046561077, -0.6425648
float3(-0.32244676, 0.0074233203, -1.5606866)
100.48211
92908.762961208
limited((extension in ARKit):__C.ARCamera.TrackingState.Reason.insufficientFeatures)
simd_float4x4([[0.013641087, -0.94266725, 0.33345512, 0.0)], [0.99980175, 0.008019724, -0.018228691, 0.0)], [0.0145093715, 0.33363762, 0.94258976, 0.0)], [0.10188733, -0.040248357, -0.680024, 1.0)]])
0.10188733, -0.040248357, -0.680024
float3(-0.34015968, 0.015391877, -1.562289)
100.48211
92908.812955916
limited((extension in ARKit):__C.ARCamera.TrackingState.Reason.insufficientFeatures)
simd_float4x4([[0.018599425, -0.94406575, 0.3292318, 0.0)], [0.9997564, 0.0136526665, -0.017330883, 0.0)], [0.011866607, 0.32947397, 0.94408995, 0.0)], [0.09942392, -0.048746463, -0.6982782, 0.9999998)]])
0.09942392, -0.048746463, -0.6982782
float3(-0.33574638, 0.012568698, -1.5563358)
100.48211
92908.879615458
limited((extension in ARKit):__C.ARCamera.TrackingState.Reason.insufficientFeatures)
simd_float4x4([[0.00064171455, -0.9518762, 0.30648202, 0.0)], [0.99953353, 0.009968966, 0.028868916, 0.0)], [-0.030534958, 0.30632052, 0.95143855, 0.0)], [0.12473261, -0.043584764, -0.7202933, 0.99999994)]])
0.12473261, -0.043584764, -0.7202933
float3(-0.3113253, -0.032082453, -1.5603237)
100.48211
92908.946275125
limited((extension in ARKit):__C.ARCamera.TrackingState.Reason.insufficientFeatures)
simd_float4x4([[-0.013204734, -0.9459954, 0.32391095, 0.0)], [0.9951321, 0.019206023, 0.09666011, 0.0)], [-0.097661056, 0.32361054, 0.94113684, 0.0)], [0.14894551, -0.043843538, -0.7466528, 0.99999994)]])
0.14894551, -0.043843538, -0.7466528
float3(-0.32954288, -0.103399165, -1.5504967)
100.48211
92909.012934833
limited((extension in ARKit):__C.ARCamera.TrackingState.Reason.insufficientFeatures)
simd_float4x4([[-0.031196201, -0.942981, 0.33138105, 0.0)], [0.9792271, 0.03762301, 0.19924481, 0.0)], [-0.20035167, 0.330713, 0.922219, 0.0)], [0.18629667, -0.040784623, -0.7599616, 0.9999998)]])
0.18629667, -0.040784623, -0.7599616
float3(-0.337059, -0.21392533, -1.5309196)
100.48211
92909.062929333
limited((extension in ARKit):__C.ARCamera.TrackingState.Reason.insufficientFeatures)
simd_float4x4([[-0.053806014, -0.9484399, 0.31235635, 0.0)], [0.9518743, 0.04580372, 0.30304697, 0.0)], [-0.30172893, 0.31362972, 0.900331, 0.0)], [0.21238337, -0.041205652, -0.7635485, 1.0)]])
0.21238337, -0.041205652, -0.7635485
float3(-0.3190132, -0.32336769, -1.5225401)
100.48211
92909.129589
limited((extension in ARKit):__C.ARCamera.TrackingState.Reason.insufficientFeatures)
simd_float4x4([[-0.07808014, -0.96184975, 0.26219907, 0.0)], [0.8944635, 0.04855923, 0.44449627, 0.0)], [-0.44027093, 0.2692338, 0.8565481, 0.0)], [0.25005066, -0.040410366, -0.76111054, 0.9999999)]])
0.25005066, -0.040410366, -0.76111054
float3(-0.27259737, -0.47478962, -1.5203539)
100.48211
92909.196248458
normal
simd_float4x4([[-0.09754363, -0.96825767, 0.23013513, 0.0)], [0.81240946, 0.056101758, 0.5803821, 0.0)], [-0.57487047, 0.24357654, 0.7811493, 0.0)], [0.28009367, -0.042805072, -0.74693614, 0.9999999)]])
0.28009367, -0.042805072, -0.74693614
float3(-0.24605176, -0.6344347, -1.5129201)
100.48211
92909.262908125
normal
