ARKit Data
644616.985768583
normal
simd_float4x4([[-0.23305249, -0.91001916, -0.34285793, 0.0)], [-0.91067743, 0.08056344, 0.40518633, 0.0)], [-0.34110558, 0.40666267, -0.8475095, 0.0)], [0.6367064, 2.8944259, 4.711633, 0.99999994)]])
0.6367064, 2.8944259, 4.711633
float3(-0.41879806, -2.7589502, -1.4824971)
100.43113
644617.035761666
normal
simd_float4x4([[-0.22090456, -0.92610186, -0.30583718, 0.0)], [-0.9115656, 0.0845595, 0.40236527, 0.0)], [-0.3467698, 0.36767495, -0.8628822, 0.0)], [0.642749, 2.9031892, 4.705915, 0.9999998)]])
0.642749, 2.9031892, 4.705915
float3(-0.3765076, -2.759472, -1.4797419)
100.43113
644617.085754666
normal
simd_float4x4([[-0.21183603, -0.9380139, -0.27432716, 0.0)], [-0.9084067, 0.08545935, 0.40926027, 0.0)], [-0.36044803, 0.33589667, -0.8702014, 0.0)], [0.6495355, 2.9112718, 4.701321, 0.99999994)]])
0.6495355, 2.9112718, 4.701321
float3(-0.34255704, -2.7488947, -1.4799404)
100.43113
644617.169076583
normal
simd_float4x4([[-0.20162217, -0.94806236, -0.24602018, 0.0)], [-0.9063379, 0.08535758, 0.4138421, 0.0)], [-0.3713485, 0.30641717, -0.876475, 0.0)], [0.638299, 2.9154177, 4.7002068, 0.99999976)]])
0.638299, 2.9154177, 4.7002068
float3(-0.31142685, -2.740837, -1.4810047)
100.43113
644617.252398375
normal
simd_float4x4([[-0.19072644, -0.953911, -0.23168331, 0.0)], [-0.905345, 0.07970464, 0.41713023, 0.0)], [-0.37943885, 0.28931102, -0.87882036, 0.0)], [0.6328714, 2.9167786, 4.7006173, 0.99999994)]])
0.6328714, 2.9167786, 4.7006173
float3(-0.293507, -2.7340107, -1.4874343)
100.43113
644617.33572025
normal
simd_float4x4([[-0.1888406, -0.95488155, -0.22921695, 0.0)], [-0.90550894, 0.0789986, 0.41690865, 0.0)], [-0.37999055, 0.28628725, -0.87957186, 0.0)], [0.64510655, 2.9200125, 4.6994658, 0.9999999)]])
0.64510655, 2.9200125, 4.6994658
float3(-0.29034963, -2.733793, -1.488253)
100.43113
644617.419042125
normal
simd_float4x4([[-0.19188318, -0.95149446, -0.24049751, 0.0)], [-0.9125484, 0.08279993, 0.40049902, 0.0)], [-0.36115944, 0.29631463, -0.88417274, 0.0)], [0.636303, 2.9181828, 4.698749, 0.9999999)]])
0.636303, 2.9181828, 4.698749
float3(-0.30083168, -2.7538047, -1.4839941)
100.43113
644617.469035125
normal
simd_float4x4([[-0.18962659, -0.94751555, -0.25740215, 0.0)], [-0.9059549, 0.06777864, 0.4179135, 0.0)], [-0.3785332, 0.3124422, -0.8712591, 0.0)], [0.64163667, 2.9189231, 4.7016907, 0.99999994)]])
0.64163667, 2.9189231, 4.7016907
float3(-0.31776288, -2.731731, -1.499385)
100.43133
644617.552357
normal
simd_float4x4([[-0.18865241, -0.95002615, -0.24871758, 0.0)], [-0.9059679, 0.07062423, 0.41741383, 0.0)], [-0.3789886, 0.30407622, -0.8740167, 0.0)], [0.6320852, 2.9150782, 4.7024055, 0.99999994)]])
0.6320852, 2.9150782, 4.7024055
float3(-0.30896857, -2.732446, -1.4965936)
100.43133
644618.497845791
notAvailable
simd_float4x4([[0.14350367, 0.0, 0.9896498, 0.0)], [0.0, 0.99999994, 0.0, 0.0)], [-0.9896498, 0.0, 0.14350367, 0.0)], [0.002710795, -0.05561052, 0.20511575, 0.99999994)]])
0.002710795, -0.05561052, 0.20511575
float3(-0.0, -1.4267955, 0.0)
100.43133
644618.54783875
notAvailable
simd_float4x4([[0.14350367, 0.0, 0.9896498, 0.0)], [0.0, 0.99999994, 0.0, 0.0)], [-0.9896498, 0.0, 0.14350367, 0.0)], [0.002710795, -0.05561052, 0.20511575, 0.99999994)]])
0.002710795, -0.05561052, 0.20511575
float3(-0.0, -1.4267955, 0.0)
100.43133
644618.597831833
notAvailable
simd_float4x4([[0.14350367, 0.0, 0.9896498, 0.0)], [0.0, 0.99999994, 0.0, 0.0)], [-0.9896498, 0.0, 0.14350367, 0.0)], [0.002710795, -0.05561052, 0.20511575, 0.99999994)]])
0.002710795, -0.05561052, 0.20511575
float3(-0.0, -1.4267955, 0.0)
100.43133
644618.647824958
limited((extension in ARKit):__C.ARCamera.TrackingState.Reason.initializing)
simd_float4x4([[0.06751292, -0.9482753, 0.31018695, 0.0)], [0.9977184, 0.0641672, -0.020989634, 0.0)], [1.2153275e-07, 0.31089628, 0.9504438, 0.0)], [0.0, 0.0, 0.0, 1.0)]])
0.0, 0.0, 0.0
float3(-0.31613588, 1.2786947e-07, -1.503232)
100.43133
644618.697818041
limited((extension in ARKit):__C.ARCamera.TrackingState.Reason.initializing)
simd_float4x4([[0.07180178, -0.9466437, 0.31418192, 0.0)], [0.9974167, 0.06747365, -0.024644287, 0.0)], [0.002130359, 0.3151398, 0.9490429, 0.0)], [0.0, 0.0, 0.0, 1.0)]])
0.0, 0.0, 0.0
float3(-0.32060397, 0.0022447407, -1.49964)
100.43133
644618.747811291
limited((extension in ARKit):__C.ARCamera.TrackingState.Reason.initializing)
simd_float4x4([[0.06620383, -0.9510437, 0.30188215, 0.0)], [0.9977373, 0.059542127, -0.031226961, 0.0)], [0.011723503, 0.30326638, 0.9528337, 0.0)], [0.0, 0.0, 0.0, 1.0)]])
0.0, 0.0, 0.0
float3(-0.3081186, 0.012303208, -1.5082707)
100.43133
644618.797804333
limited((extension in ARKit):__C.ARCamera.TrackingState.Reason.initializing)
simd_float4x4([[0.06668214, -0.95175385, 0.2995297, 0.0)], [0.9975899, 0.057822753, -0.03835476, 0.0)], [0.019184656, 0.30136538, 0.95331573, 0.0)], [0.0, 0.0, 0.0, 1.0)]])
0.0, 0.0, 0.0
float3(-0.30612427, 0.020121422, -1.510117)
100.43133
644618.947783541
limited((extension in ARKit):__C.ARCamera.TrackingState.Reason.initializing)
simd_float4x4([[0.06865633, -0.95429903, 0.29086047, 0.0)], [0.99610496, 0.049403325, -0.07303627, 0.0)], [0.05532896, 0.29474196, 0.9539738, 0.0)], [0.0, 0.0, 0.0, 1.0)]])
0.0, 0.0, 0.0
float3(-0.29918548, 0.057933506, -1.5190732)
100.43133
644619.014441041
limited((extension in ARKit):__C.ARCamera.TrackingState.Reason.initializing)
simd_float4x4([[0.0660485, -0.9544775, 0.29087877, 0.0)], [0.99553674, 0.043340936, -0.0838348, 0.0)], [0.06741146, 0.29511765, 0.95307994, 0.0)], [0.0, 0.0, 0.0, 1.0)]])
0.0, 0.0, 0.0
float3(-0.29957864, 0.07061253, -1.5254195)
100.43133
644619.081098541
limited((extension in ARKit):__C.ARCamera.TrackingState.Reason.initializing)
simd_float4x4([[0.064321615, -0.9558749, 0.28664586, 0.0)], [0.9948839, 0.038999707, -0.093194075, 0.0)], [0.07790279, 0.2911737, 0.9534931, 0.0)], [0.0, 0.0, 0.0, 1.0)]])
0.0, 0.0, 0.0
float3(-0.29545346, 0.081521444, -1.5300189)
100.43133
644619.164420291
limited((extension in ARKit):__C.ARCamera.TrackingState.Reason.initializing)
simd_float4x4([[0.060933933, -0.95915633, 0.2762358, 0.0)], [0.9937571, 0.032384858, -0.10676161, 0.0)], [0.09345522, 0.28101668, 0.9551417, 0.0)], [0.0, 0.0, 0.0, 1.0)]])
0.0, 0.0, 0.0
float3(-0.2848533, 0.09753389, -1.5370452)
100.43133
644619.214413583
limited((extension in ARKit):__C.ARCamera.TrackingState.Reason.initializing)
simd_float4x4([[0.057298493, -0.9610822, 0.27025545, 0.0)], [0.9935227, 0.028284507, -0.1100574, 0.0)], [0.09813015, 0.27481103, 0.95647764, 0.0)], [0.0, 0.0, 0.0, 1.0)]])
0.0, 0.0, 0.0
float3(-0.27839315, 0.102237634, -1.5413749)
100.43133
644619.264406541
limited((extension in ARKit):__C.ARCamera.TrackingState.Reason.initializing)
simd_float4x4([[0.056489117, -0.9642384, 0.25894615, 0.0)], [0.9927228, 0.026618555, -0.11744299, 0.0)], [0.10635028, 0.26369599, 0.9587252, 0.0)], [0.0, 0.0, 0.0, 1.0)]])
0.0, 0.0, 0.0
float3(-0.2668518, 0.11047717, -1.5431975)
100.43133
644619.364392666
limited((extension in ARKit):__C.ARCamera.TrackingState.Reason.initializing)
simd_float4x4([[0.05964097, -0.9697453, 0.23672123, 0.0)], [0.99142766, 0.029928215, -0.12718318, 0.0)], [0.11625065, 0.24227731, 0.96321726, 0.0)], [0.0, 0.0, 0.0, 1.0)]])
0.0, 0.0, 0.0
float3(-0.24471241, 0.12010904, -1.5399442)
100.43129
644619.447714541
limited((extension in ARKit):__C.ARCamera.TrackingState.Reason.initializing)
simd_float4x4([[0.05758169, -0.97154003, 0.22977012, 0.0)], [0.99102306, 0.027810026, -0.13076644, 0.0)], [0.12065492, 0.23523726, 0.9644199, 0.0)], [0.0, 0.0, 0.0, 1.0)]])
0.0, 0.0, 0.0
float3(-0.23746267, 0.12445957, -1.5421795)
100.43129
644619.51437225
limited((extension in ARKit):__C.ARCamera.TrackingState.Reason.initializing)
simd_float4x4([[0.056947276, -0.97299016, 0.22371277, 0.0)], [0.99058616, 0.027127024, -0.13417582, 0.0)], [0.12448307, 0.22924772, 0.96537536, 0.0)], [0.0, 0.0, 0.0, 1.0)]])
0.0, 0.0, 0.0
float3(-0.23130475, 0.1282402, -1.5429235)
100.43129
644619.581029541
limited((extension in ARKit):__C.ARCamera.TrackingState.Reason.initializing)
simd_float4x4([[0.05847658, -0.9724527, 0.22564606, 0.0)], [0.99099183, 0.029267512, -0.13068496, 0.0)], [0.12048085, 0.2312554, 0.9654042, 0.0)], [0.0, 0.0, 0.0, 1.0)]])
0.0, 0.0, 0.0
float3(-0.23336786, 0.12415644, -1.5407088)
100.43129
644619.647687
limited((extension in ARKit):__C.ARCamera.TrackingState.Reason.initializing)
simd_float4x4([[0.05939229, -0.9713478, 0.23012179, 0.0)], [0.99184835, 0.03138792, -0.12349787, 0.0)], [0.112736344, 0.23558073, 0.9652939, 0.0)], [0.0, 0.0, 0.0, 1.0)]])
0.0, 0.0, 0.0
float3(-0.23781607, 0.116262965, -1.5384938)
100.43129
644619.697680125
normal
simd_float4x4([[0.095904164, -0.9746101, 0.20233089, 0.0)], [0.9898842, 0.07203119, -0.12223382, 0.0)], [0.10455618, 0.21200684, 0.9716591, 0.0)], [4.656613e-10, 0.0, 0.0, 1.0)]])
4.656613e-10, 0.0, 0.0
float3(-0.21362802, 0.107193366, -1.4970227)
100.43129
644619.747673291
normal
simd_float4x4([[0.095864765, -0.97500855, 0.20042014, 0.0)], [0.9909561, 0.07448995, -0.11161262, 0.0)], [0.09389397, 0.20930724, 0.9733317, 0.0)], [-0.002362338, 0.0030774586, -0.0022823364, 1.0)]])
-0.002362338, 0.0030774586, -0.0022823364
float3(-0.21086645, 0.096168995, -1.4945452)
100.43129
644619.814330708
normal
simd_float4x4([[0.057330176, -0.974536, 0.21677831, 0.0)], [0.9975167, 0.04701719, -0.05244003, 0.0)], [0.04091239, 0.21924634, 0.9748115, 0.0)], [-0.010204842, -0.010133058, 0.008397516, 1.0)]])
-0.010204842, -0.010133058, 0.008397516
float3(-0.22104195, 0.041944925, -1.522588)
100.43129
644619.914316958
normal
simd_float4x4([[0.084185384, -0.9715927, 0.22117962, 0.0)], [0.9964497, 0.0818475, -0.019730806, 0.0)], [0.0010672901, 0.22205536, 0.9750336, 0.0)], [-0.010745648, -0.007885318, 0.06572038, 1.0)]])
-0.010745648, -0.007885318, 0.06572038
float3(-0.22392195, 0.0010946183, -1.4867542)
100.43129
644619.980974208
normal
simd_float4x4([[0.08354428, -0.97170466, 0.22093089, 0.0)], [0.99623936, 0.08655475, 0.0039630774, 0.0)], [-0.022973564, 0.21976891, 0.97528154, 0.0)], [-0.016334923, -0.0038496628, 0.07023787, 1.0)]])
-0.016334923, -0.0038496628, 0.07023787
float3(-0.22157758, -0.023551472, -1.4819556)
100.43129
644620.080960625
normal
simd_float4x4([[0.07739284, -0.9720491, 0.22165495, 0.0)], [0.99694735, 0.07775444, -0.0071076117, 0.0)], [-0.010325717, 0.22152835, 0.9750994, 0.0)], [-0.022296637, 0.009218865, 0.10263248, 1.0000001)]])
-0.022296637, 0.009218865, 0.10263248
float3(-0.22338149, -0.010589004, -1.4909761)
100.43129
644620.164282458
normal
simd_float4x4([[0.06818027, -0.96721065, 0.24465296, 0.0)], [0.9971121, 0.07428399, 0.015797524, 0.0)], [-0.033453338, 0.2428693, 0.9694821, 0.0)], [-0.03141257, 0.027081132, 0.13333617, 1.0000001)]])
-0.03141257, 0.027081132, 0.13333617
float3(-0.24532263, -0.034492712, -1.4941446)
100.43129
644620.214275416
normal
simd_float4x4([[0.06616031, -0.96782804, 0.24275844, 0.0)], [0.99717855, 0.072779454, 0.018390153, 0.0)], [-0.035466343, 0.24085678, 0.96991247, 0.0)], [-0.04090844, 0.031038888, 0.13545614, 0.9999999)]])
-0.04090844, 0.031038888, 0.13545614
float3(-0.24324852, -0.036550254, -1.4957389)
100.43129
644620.280932958
normal
simd_float4x4([[0.0549962, -0.96695334, 0.24895135, 0.0)], [0.998129, 0.059913732, 0.012213191, 0.0)], [-0.026725203, 0.24781382, 0.96843916, 0.0)], [-0.050092388, 0.045847133, 0.14567092, 1.0)]])
-0.050092388, 0.045847133, 0.14567092
float3(-0.25042304, -0.02758916, -1.5089141)
100.43129
644620.330926166
normal
simd_float4x4([[0.05675551, -0.9666791, 0.24962024, 0.0)], [0.9982444, 0.059188597, 0.00224548, 0.0)], [-0.01694534, 0.24905452, 0.9683413, 0.0)], [-0.06296475, 0.051077507, 0.14569524, 1.0)]])
-0.06296475, 0.051077507, 0.14569524
float3(-0.2517039, -0.01749756, -1.5096439)
100.43113
644620.38091925
normal
simd_float4x4([[0.05740889, -0.9506472, 0.30491662, 0.0)], [0.9981318, 0.06105045, 0.0024131262, 0.0)], [-0.020909332, 0.30420843, 0.95237607, 0.0)], [-0.04241227, 0.03721159, 0.12190655, 1.0)]])
-0.04241227, 0.03721159, 0.12190655
float3(-0.30910736, -0.021951385, -1.5066645)
100.43113
644620.447576666
normal
simd_float4x4([[0.06437534, -0.9528125, 0.2966549, 0.0)], [0.99792075, 0.06241461, -0.016086224, 0.0)], [-0.0031884562, 0.29707363, 0.95484924, 0.0)], [-0.058972724, 0.04515445, 0.12294471, 0.99999994)]])
-0.058972724, 0.04515445, 0.12294471
float3(-0.30162647, -0.0033392124, -1.5053841)
100.43113
644620.497569833
normal
simd_float4x4([[0.04624526, -0.94025034, 0.3373289, 0.0)], [0.99772096, 0.02686528, -0.06189737, 0.0)], [0.04913659, 0.33942255, 0.93934983, 0.0)], [0.007276169, 0.038744092, 0.12365104, 1.0)]])
0.007276169, 0.038744092, 0.12365104
float3(-0.34630293, 0.052261516, -1.5422317)
100.43113
644620.564227125
normal
simd_float4x4([[0.043800823, -0.95183074, 0.30347928, 0.0)], [0.995909, 0.017567793, -0.08863889, 0.0)], [0.07903776, 0.30612016, 0.94870627, 0.0)], [-0.0038828005, 0.05102739, 0.12408034, 0.99999994)]])
-0.0038828005, 0.05102739, 0.12408034
float3(-0.31111485, 0.083119154, -1.5523416)
100.43113
644620.614220208
normal
simd_float4x4([[0.033523437, -0.9693733, 0.24329309, 0.0)], [0.99320227, 0.005161954, -0.11628646, 0.0)], [0.11146913, 0.24553755, 0.96295685, 0.0)], [0.026392842, 0.053736098, 0.11904557, 0.9999999)]])
0.026392842, 0.053736098, 0.11904557
float3(-0.24807417, 0.11524422, -1.5654713)
100.43113
644620.680877916
normal
simd_float4x4([[0.038801838, -0.97476095, 0.21985315, 0.0)], [0.99090093, 0.009157646, -0.13428172, 0.0)], [0.12887925, 0.22306304, 0.96624696, 0.0)], [0.017384576, 0.0663311, 0.11863978, 1.0)]])
0.017384576, 0.0663311, 0.11863978
float3(-0.22495556, 0.13259864, -1.5614018)
100.43113
644620.780864
normal
simd_float4x4([[0.040476155, -0.9826625, 0.18093112, 0.0)], [0.98818374, 0.012577418, -0.15275712, 0.0)], [0.14783306, 0.18497619, 0.9715603, 0.0)], [0.038131546, 0.07649035, 0.12316268, 0.99999994)]])
0.038131546, 0.07649035, 0.12316268
float3(-0.18604763, 0.1510022, -1.5579977)
100.43113
644620.847521541
normal
simd_float4x4([[0.03363672, -0.9877328, 0.1524879, 0.0)], [0.98813933, 0.009993791, -0.15323554, 0.0)], [0.14983183, 0.1558336, 0.9763537, 0.0)], [0.050185572, 0.076961465, 0.12725993, 1.0)]])
0.050185572, 0.076961465, 0.12725993
float3(-0.15647131, 0.15227267, -1.5606787)
100.43113
644620.897514666
normal
simd_float4x4([[0.031857822, -0.98874575, 0.1461746, 0.0)], [0.9880268, 0.009065127, -0.15401635, 0.0)], [0.15095791, 0.14933102, 0.97719604, 0.0)], [0.04933015, 0.07837141, 0.1283418, 1.0)]])
0.04933015, 0.07837141, 0.1283418
float3(-0.14989167, 0.15326913, -1.5616282)
100.43113
644620.997500708
normal
simd_float4x4([[0.0316461, -0.98928595, 0.14251977, 0.0)], [0.98735374, 0.008780581, -0.15828954, 0.0)], [0.1553422, 0.14572667, 0.9770531, 0.0)], [0.046989404, 0.077716984, 0.12831849, 1.0)]])
0.046989404, 0.077716984, 0.12831849
float3(-0.14624745, 0.15767086, -1.5619209)
100.43113
644621.064158375
normal
simd_float4x4([[0.033983264, -0.98891956, 0.14451006, 0.0)], [0.9867309, 0.010228954, -0.16204214, 0.0)], [0.15876848, 0.14809924, 0.97614515, 0.0)], [0.037620883, 0.0783175, 0.12754582, 1.0)]])
0.037620883, 0.0783175, 0.12754582
float3(-0.14864604, 0.16123651, -1.5604532)
100.43113
644621.114151416
normal
simd_float4x4([[0.03353651, -0.9888253, 0.14525786, 0.0)], [0.98458767, 0.0077262484, -0.17472185, 0.0)], [0.1716471, 0.14887863, 0.9738443, 0.0)], [0.032696404, 0.07751116, 0.12699246, 1.0000001)]])
0.032696404, 0.07751116, 0.12699246
float3(-0.14943418, 0.17446528, -1.5629829)
100.43113
644621.180808875
normal
simd_float4x4([[0.035185765, -0.98906606, 0.14321433, 0.0)], [0.98176926, 0.0074245194, -0.18993181, 0.0)], [0.18679182, 0.14728633, 0.9712959, 0.0)], [0.023195874, 0.07742693, 0.12755805, 1.0)]])
0.023195874, 0.07742693, 0.12755805
float3(-0.14782411, 0.18999241, -1.5632899)
100.43113
644621.230802
normal
simd_float4x4([[0.040430333, -0.9888874, 0.143063, 0.0)], [0.977938, 0.009794828, -0.20866597, 0.0)], [0.20494589, 0.14834315, 0.9674666, 0.0)], [0.016067853, 0.07742307, 0.12739205, 1.0)]])
0.016067853, 0.07742307, 0.12739205
float3(-0.14889267, 0.20875162, -1.5608917)
100.43113
644621.297459458
normal
simd_float4x4([[0.047810636, -0.98944783, 0.13677423, 0.0)], [0.97256786, 0.014905339, -0.23214191, 0.0)], [0.22765362, 0.14412102, 0.9630178, 0.0)], [0.0053558843, 0.07655791, 0.12868842, 1.0)]])
0.0053558843, 0.07655791, 0.12868842
float3(-0.14462467, 0.23213455, -1.5557332)
100.431114
644621.347452583
normal
simd_float4x4([[0.051702183, -0.9892322, 0.13691813, 0.0)], [0.9683678, 0.016147386, -0.2490044, 0.0)], [0.24411228, 0.14546116, 0.9587755, 0.0)], [-0.0013691359, 0.07586867, 0.1290484, 1.0)]])
-0.0013691359, 0.07586867, 0.1290484
float3(-0.14597908, 0.24931124, -1.5544746)
100.431114
644621.414110083
normal
simd_float4x4([[0.0539227, -0.98974055, 0.13230991, 0.0)], [0.9617141, 0.015820831, -0.2735978, 0.0)], [0.2686976, 0.14199743, 0.95270056, 0.0)], [-0.010452477, 0.07181362, 0.12849534, 1.0)]])
-0.010452477, 0.07181362, 0.12849534
float3(-0.142479, 0.27489737, -1.5548129)
100.431114
644621.464103208
normal
simd_float4x4([[0.05909205, -0.9885765, 0.13865322, 0.0)], [0.9565126, 0.016328294, -0.29123393, 0.0)], [0.28564304, 0.14983314, 0.9465507, 0.0)], [-0.016237112, 0.06926599, 0.12766658, 1.0000001)]])
-0.016237112, 0.06926599, 0.12766658
float3(-0.1503995, 0.2930822, -1.5542809)
100.431114
644621.51409625
normal
simd_float4x4([[0.0655369, -0.98786867, 0.14078465, 0.0)], [0.9494588, 0.018331205, -0.31335628, 0.0)], [0.30697408, 0.1542056, 0.939142, 0.0)], [-0.021666024, 0.06484138, 0.12810624, 1.0)]])
-0.021666024, 0.06484138, 0.12810624
float3(-0.1548234, 0.3159192, -1.5522422)
100.431114
644621.564089375
normal
simd_float4x4([[0.07326896, -0.98655677, 0.14607336, 0.0)], [0.94142, 0.020072777, -0.33663857, 0.0)], [0.32918096, 0.16218151, 0.93023497, 0.0)], [-0.02853144, 0.06158072, 0.12718041, 0.99999994)]])
-0.02853144, 0.06158072, 0.12718041
float3(-0.16290103, 0.34011707, -1.5504528)
100.431114
644621.630746833
normal
simd_float4x4([[0.083282895, -0.9853133, 0.1490696, 0.0)], [0.925565, 0.021043971, -0.37800348, 0.0)], [0.3693148, 0.16945481, 0.9137241, 0.0)], [-0.035849188, 0.056260437, 0.12727161, 1.0)]])
-0.035849188, 0.056260437, 0.12727161
float3(-0.17027646, 0.38411006, -1.5494419)
100.431114
644621.6974045
normal
simd_float4x4([[0.09131054, -0.9839414, 0.1533681, 0.0)], [0.907193, 0.018675547, -0.4203002, 0.0)], [0.41068652, 0.17751229, 0.89433, 0.0)], [-0.045597743, 0.052937295, 0.12579955, 0.99999994)]])
-0.045597743, 0.052937295, 0.12579955
float3(-0.17845802, 0.43048766, -1.5518183)
100.431114
644621.7473975
normal
simd_float4x4([[0.0953967, -0.98352706, 0.15353802, 0.0)], [0.8932508, 0.01650728, -0.44925562, 0.0)], [0.43932056, 0.18000543, 0.8801111, 0.0)], [-0.049602408, 0.050366804, 0.12802616, 1.0)]])
-0.049602408, 0.050366804, 0.12802616
float3(-0.18099198, 0.46297932, -1.5540141)
100.431114
644621.797390708
normal
simd_float4x4([[0.097576186, -0.98328507, 0.15371855, 0.0)], [0.87998736, 0.013096579, -0.47481674, 0.0)], [0.46486697, 0.18160117, 0.86655635, 0.0)], [-0.055067703, 0.04820452, 0.12772834, 1.0)]])
-0.055067703, 0.04820452, 0.12772834
float3(-0.18261445, 0.49238318, -1.557478)
100.431114
644621.847383708
normal
simd_float4x4([[0.10017045, -0.9837271, 0.1491538, 0.0)], [0.8632153, 0.011374668, -0.5047079, 0.0)], [0.49479827, 0.17930864, 0.85030776, 0.0)], [-0.058396656, 0.04630701, 0.1326869, 0.99999994)]])
-0.058396656, 0.04630701, 0.1326869
float3(-0.18028365, 0.527008, -1.559234)
100.431114
644621.914041291
normal
simd_float4x4([[0.10322725, -0.9836266, 0.14772558, 0.0)], [0.8447106, 0.00827589, -0.5351596, 0.0)], [0.5251747, 0.18002838, 0.831734, 0.0)], [-0.062507, 0.0432197, 0.13209045, 1.0)]])
-0.062507, 0.0432197, 0.13209045
float3(-0.1810153, 0.56320363, -1.5623828)
100.431114
644621.980698625
normal
simd_float4x4([[0.10619105, -0.98238903, 0.1537375, 0.0)], [0.8328834, 0.0034208014, -0.5534381, 0.0)], [0.5431657, 0.18681554, 0.8185787, 0.0)], [-0.065382764, 0.039502665, 0.13436693, 1.0)]])
-0.065382764, 0.039502665, 0.13436693
float3(-0.18791962, 0.5858399, -1.5673143)
100.431114
644622.047356166
normal
simd_float4x4([[0.11070338, -0.9804111, 0.16290697, 0.0)], [0.82793593, 0.00029926232, -0.5608225, 0.0)], [0.54978794, 0.19696148, 0.81175077, 0.0)], [-0.0644116, 0.035388127, 0.13119873, 0.9999999)]])
-0.0644116, 0.035388127, 0.13119873
float3(-0.19825771, 0.5953189, -1.5704911)
100.431114
644622.097349291
normal
simd_float4x4([[0.11318225, -0.97886276, 0.17034481, 0.0)], [0.82991475, -0.0011256753, -0.55788904, 0.0)], [0.5462886, 0.20451479, 0.81224525, 0.0)], [-0.0676227, 0.030424535, 0.1316671, 0.9999999)]])
-0.0676227, 0.030424535, 0.1316671
float3(-0.20596799, 0.5920757, -1.5719463)
100.431114
644622.16400675
normal
simd_float4x4([[0.119484544, -0.97517335, 0.18644132, 0.0)], [0.8337129, -0.0034197152, -0.55218774, 0.0)], [0.5391164, 0.2214164, 0.81260604, 0.0)], [-0.061524376, 0.025245823, 0.12523131, 1.0)]])
-0.061524376, 0.025245823, 0.12523131
float3(-0.22326668, 0.5857663, -1.574303)
100.431114
644622.230664208
normal
simd_float4x4([[0.123311594, -0.9721516, 0.19928734, 0.0)], [0.848945, -0.00065293344, -0.5284807, 0.0)], [0.51389354, 0.23435177, 0.82522273, 0.0)], [-0.052175954, 0.020345703, 0.12029348, 0.9999999)]])
-0.052175954, 0.020345703, 0.12029348
float3(-0.23655172, 0.55696756, -1.571468)
100.43101
644622.297321791
normal
simd_float4x4([[0.12465964, -0.9693345, 0.21177962, 0.0)], [0.86981016, 0.00406929, -0.49336997, 0.0)], [0.4773787, 0.24571134, 0.84364426, 0.0)], [-0.037826743, 0.016276203, 0.11146538, 0.9999999)]])
-0.037826743, 0.016276203, 0.11146538
float3(-0.24825346, 0.51493293, -1.5665983)
100.43101
644622.34731475
normal
simd_float4x4([[0.12242742, -0.967667, 0.22052675, 0.0)], [0.8877533, 0.0074258144, -0.4602599, 0.0)], [0.44374073, 0.25212175, 0.8599587, 0.0)], [-0.027980145, 0.015147168, 0.106680475, 0.99999994)]])
-0.027980145, 0.015147168, 0.106680475
float3(-0.2548722, 0.47636738, -1.5631225)
100.43101
644622.41397225
normal
simd_float4x4([[0.11686239, -0.9648992, 0.23518643, 0.0)], [0.9115575, 0.010212847, -0.41104588, 0.0)], [0.39421594, 0.26242173, 0.8807546, 0.0)], [-0.008379755, 0.012258399, 0.093588114, 0.99999994)]])
-0.008379755, 0.012258399, 0.093588114
float3(-0.26553103, 0.42084703, -1.5602124)
100.43101
644622.48062975
normal
simd_float4x4([[0.109399565, -0.9636689, 0.24366802, 0.0)], [0.9347742, 0.01639031, -0.35486427, 0.0)], [0.33797783, 0.26659653, 0.9026059, 0.0)], [0.0066854823, 0.007862091, 0.081144296, 1.0)]])
0.0066854823, 0.007862091, 0.081144296
float3(-0.26986003, 0.35828552, -1.5537897)
100.43101
644622.547287208
normal
simd_float4x4([[0.10117248, -0.9609577, 0.25753543, 0.0)], [0.95227605, 0.018607153, -0.30467048, 0.0)], [0.28798345, 0.27606905, 0.9169795, 0.0)], [0.02840107, 0.004329826, 0.06296469, 0.99999994)]])
0.02840107, 0.004329826, 0.06296469
float3(-0.2797018, 0.30430233, -1.5514356)
100.43101
644622.597280375
normal
simd_float4x4([[0.09761968, -0.9580704, 0.2693909, 0.0)], [0.9632874, 0.022938034, -0.26749066, 0.0)], [0.25009558, 0.2856132, 0.9251363, 0.0)], [0.035947096, 0.0015550588, 0.048149783, 0.99999994)]])
0.035947096, 0.0015550588, 0.048149783
float3(-0.28964624, 0.2640229, -1.546859)
100.43101
644622.663937833
normal
simd_float4x4([[0.09186746, -0.954023, 0.28530782, 0.0)], [0.97465277, 0.0274535, -0.22203253, 0.0)], [0.20399144, 0.29847354, 0.9323633, 0.0)], [0.055945147, -0.0020189956, 0.026884835, 1.0)]])
0.055945147, -0.0020189956, 0.026884835
float3(-0.3030929, 0.21539555, -1.5420277)
100.43101
644622.730595375
normal
simd_float4x4([[0.08492393, -0.952116, 0.29370537, 0.0)], [0.98334897, 0.0325581, -0.17878722, 0.0)], [0.1606637, 0.30399814, 0.93902725, 0.0)], [0.06774297, -0.0045324564, 0.0033974126, 1.0)]])
0.06774297, -0.0045324564, 0.0033974126
float3(-0.30888662, 0.16945507, -1.5366142)
100.43101
644622.797252708
normal
simd_float4x4([[0.08186929, -0.9490547, 0.30429032, 0.0)], [0.98954767, 0.04103778, -0.1382445, 0.0)], [0.118714176, 0.31242773, 0.9424946, 0.0)], [0.08429612, -0.008813281, -0.022663571, 1.0)]])
0.08429612, -0.008813281, -0.022663571
float3(-0.31774762, 0.12529756, -1.5275825)
100.43101
644622.863910291
normal
simd_float4x4([[0.07659358, -0.9459154, 0.31524184, 0.0)], [0.9945172, 0.049902115, -0.09189912, 0.0)], [0.07119756, 0.32055226, 0.94455135, 0.0)], [0.08546521, -0.016960748, -0.05372317, 1.0)]])
0.08546521, -0.016960748, -0.05372317
float3(-0.32631245, 0.07523485, -1.5180898)
100.43101
644622.913903333
normal
simd_float4x4([[0.074254885, -0.9447782, 0.31918693, 0.0)], [0.9959438, 0.053947233, -0.07201269, 0.0)], [0.050816767, 0.32323948, 0.94495183, 0.0)], [0.09557097, -0.021465369, -0.07883827, 1.0)]])
0.09557097, -0.021465369, -0.07883827
float3(-0.32915074, 0.053725347, -1.5137578)
100.43101
644622.980560791
normal
simd_float4x4([[0.07042591, -0.94185555, 0.32855493, 0.0)], [0.9974169, 0.06182171, -0.036574915, 0.0)], [0.014136459, 0.330282, 0.94377655, 0.0)], [0.095584646, -0.032502897, -0.11283807, 1.0)]])
0.095584646, -0.032502897, -0.11283807
float3(-0.33660233, 0.014977488, -1.5052521)
100.43101
644623.047218333
normal
simd_float4x4([[0.068885334, -0.9423315, 0.32751516, 0.0)], [0.9976016, 0.06730059, -0.016184418, 0.0)], [-0.0067908913, 0.32784444, 0.9447074, 0.0)], [0.10364337, -0.038049467, -0.15399739, 1.0)]])
0.10364337, -0.038049467, -0.15399739
float3(-0.334021, -0.0071882303, -1.4994981)
100.43101
644623.113875958
normal
simd_float4x4([[0.06590485, -0.9432301, 0.32553574, 0.0)], [0.9974278, 0.07148972, 0.0052096755, 0.0)], [-0.028186386, 0.32435507, 0.94551545, 0.0)], [0.09904838, -0.046737004, -0.19327663, 0.99999994)]])
0.09904838, -0.046737004, -0.19327663
float3(-0.33032987, -0.029801778, -1.4951485)
100.43101
644623.163869125
normal
simd_float4x4([[0.07446166, -0.9467143, 0.31334883, 0.0)], [0.9961942, 0.08489367, 0.019760069, 0.0)], [-0.04530848, 0.31068486, 0.94943255, 0.0)], [0.100925066, -0.046182603, -0.22696, 1.0)]])
0.100925066, -0.046182603, -0.22696
float3(-0.31591347, -0.047685463, -1.4813637)
100.43101
644623.230526416
normal
simd_float4x4([[0.06540208, -0.942343, 0.32819536, 0.0)], [0.99727345, 0.07299425, 0.010852907, 0.0)], [-0.034183547, 0.32659066, 0.9445476, 0.0)], [0.10323341, -0.050293192, -0.2752028, 1.0)]])
0.10323341, -0.050293192, -0.2752028
float3(-0.33269417, -0.036174603, -1.4934903)
100.43101
644623.297183916
normal
simd_float4x4([[0.053262252, -0.95232296, 0.30040666, 0.0)], [0.99773544, 0.063127, 0.023220738, 0.0)], [-0.041077416, 0.29848954, 0.95352864, 0.0)], [0.1037877, -0.04795167, -0.31005, 1.0)]])
0.1037877, -0.04795167, -0.31005
float3(-0.30310965, -0.043052755, -1.5046058)
100.43101
644623.363841375
normal
simd_float4x4([[0.051651016, -0.9538781, 0.2957172, 0.0)], [0.9982731, 0.057613317, 0.011478122, 0.0)], [-0.027985983, 0.29461363, 0.95520663, 0.0)], [0.10424487, -0.04846052, -0.3489642, 1.0)]])
0.10424487, -0.04846052, -0.3489642
float3(-0.29905117, -0.029289976, -1.5104706)
100.43101
644623.430498916
normal
simd_float4x4([[0.06094326, -0.9512113, 0.3024617, 0.0)], [0.9975814, 0.068193965, 0.013459597, 0.0)], [-0.033428986, 0.30090985, 0.95306665, 0.0)], [0.10092103, -0.04382094, -0.37906304, 1.0)]])
0.10092103, -0.04382094, -0.37906304
float3(-0.30564657, -0.035060808, -1.499227)
100.43101
644623.480491958
normal
simd_float4x4([[0.06492475, -0.9524996, 0.29753834, 0.0)], [0.9973974, 0.07131018, 0.010644573, 0.0)], [-0.031356473, 0.2960728, 0.95465046, 0.0)], [0.10352088, -0.04167949, -0.40679422, 0.9999999)]])
0.10352088, -0.04167949, -0.40679422
float3(-0.3005785, -0.03283422, -1.4960694)
100.43101
644623.547149541
normal
simd_float4x4([[0.054509908, -0.96123934, 0.2702734, 0.0)], [0.9983956, 0.05662498, 2.853337e-05, 0.0)], [-0.015331656, 0.26983815, 0.96278363, 0.0)], [0.10547965, -0.037887268, -0.43123305, 1.0)]])
0.10547965, -0.037887268, -0.43123305
float3(-0.27322495, -0.015922954, -1.511956)
100.43101
644623.613806916
normal
simd_float4x4([[0.04744007, -0.97069544, 0.23558389, 0.0)], [0.9988741, 0.04610572, -0.011172416, 0.0)], [-1.6746451e-05, 0.23584865, 0.97178984, 0.0)], [0.11462856, -0.035261653, -0.4617721, 0.9999999)]])
0.11462856, -0.035261653, -0.4617721
float3(-0.23809177, -1.7232585e-05, -1.5233344)
100.43101
644623.663800083
normal
simd_float4x4([[0.050033882, -0.9727084, 0.22657214, 0.0)], [0.99870276, 0.046576746, -0.020582283, 0.0)], [0.009467558, 0.22730798, 0.97377694, 0.0)], [0.117764115, -0.034102224, -0.48225555, 1.0)]])
0.117764115, -0.034102224, -0.48225555
float3(-0.2293124, 0.009722206, -1.5229493)
100.43101
644623.730457541
normal
simd_float4x4([[0.059936248, -0.9712317, 0.2304706, 0.0)], [0.9979019, 0.052634966, -0.03770433, 0.0)], [0.024488838, 0.23224686, 0.97234875, 0.0)], [0.12569067, -0.0350276, -0.51731485, 1.0)]])
0.12569067, -0.0350276, -0.51731485
float3(-0.23438707, 0.025179919, -1.5166552)
100.43101
644623.780450666
normal
simd_float4x4([[0.064042814, -0.9699735, 0.23462701, 0.0)], [0.99722517, 0.053260453, -0.052013896, 0.0)], [0.03795577, 0.23730704, 0.970693, 0.0)], [0.13016571, -0.036839712, -0.5433231, 0.99999994)]])
0.13016571, -0.036839712, -0.5433231
float3(-0.23959276, 0.039081812, -1.5159422)
100.43101
644623.847108208
normal
simd_float4x4([[0.06695805, -0.9714828, 0.22745964, 0.0)], [0.99481064, 0.047499087, -0.08997653, 0.0)], [0.07660652, 0.23230389, 0.96962184, 0.0)], [0.1381534, -0.04201307, -0.57917386, 1.0)]])
0.1381534, -0.04201307, -0.57917386
float3(-0.2344457, 0.07884282, -1.5219419)
100.43101
644623.897101375
normal
simd_float4x4([[0.07257285, -0.9718957, 0.22394647, 0.0)], [0.9911493, 0.045253694, -0.1248006, 0.0)], [0.11115875, 0.23102151, 0.96657795, 0.0)], [0.14181069, -0.04396174, -0.60928077, 1.0)]])
0.14181069, -0.04396174, -0.60928077
float3(-0.23312746, 0.11449936, -1.5242677)
100.43101
644623.963758833
normal
simd_float4x4([[0.07650744, -0.973618, 0.21497603, 0.0)], [0.9807961, 0.03469405, -0.19192581, 0.0)], [0.179404, 0.22553135, 0.957575, 0.0)], [0.1481657, -0.045740373, -0.64938104, 1.0)]])
0.1481657, -0.045740373, -0.64938104
float3(-0.22748841, 0.18520539, -1.5351772)
100.43101
644624.030416375
normal
simd_float4x4([[0.0925945, -0.9747081, 0.20339704, 0.0)], [0.9663958, 0.038776964, -0.2541173, 0.0)], [0.23980309, 0.22009188, 0.9455444, 0.0)], [0.14999697, -0.04345677, -0.6910242, 1.0)]])
0.14999697, -0.04345677, -0.6910242
float3(-0.22190866, 0.24837697, -1.5310341)
100.43101
644624.080409416
normal
simd_float4x4([[0.10920591, -0.97448707, 0.19608434, 0.0)], [0.95036185, 0.044538617, -0.30794308, 0.0)], [0.29135323, 0.21998022, 0.93097913, 0.0)], [0.1527656, -0.040904857, -0.7188919, 1.0)]])
0.1527656, -0.040904857, -0.7188919
float3(-0.2217942, 0.303298, -1.5251235)
100.43101
644624.147066833
normal
simd_float4x4([[0.13631748, -0.97182345, 0.19229282, 0.0)], [0.9250144, 0.055378035, -0.3758743, 0.0)], [0.35463473, 0.22911187, 0.9064998, 0.0)], [0.15179047, -0.035709742, -0.75870097, 0.9999999)]])
0.15179047, -0.035709742, -0.75870097
float3(-0.23116519, 0.3729087, -1.5138743)
100.43116
644624.213724375
normal
simd_float4x4([[0.1552707, -0.9725084, 0.17354685, 0.0)], [0.8927858, 0.06294098, -0.44606307, 0.0)], [0.42287683, 0.22420064, 0.8780145, 0.0)], [0.15240113, -0.0314792, -0.7894666, 0.99999994)]])
0.15240113, -0.0314792, -0.7894666
float3(-0.2261227, 0.4488427, -1.5061662)
100.43116
644624.2637175
normal
simd_float4x4([[0.16767853, -0.9738685, 0.15318015, 0.0)], [0.86708134, 0.071752355, -0.4929723, 0.0)], [0.4690991, 0.2154805, 0.85645455, 0.0)], [0.14756677, -0.028566271, -0.8104323, 1.0)]])
0.14756677, -0.028566271, -0.8104323
float3(-0.21718387, 0.5010927, -1.4972515)
100.43116
644624.330375
normal
simd_float4x4([[0.18845803, -0.9736359, 0.12851766, 0.0)], [0.83555555, 0.0901946, -0.54195213, 0.0)], [0.5160724, 0.20951883, 0.8305247, 0.0)], [0.13865793, -0.024453618, -0.82907915, 1.0)]])
0.13865793, -0.024453618, -0.82907915
float3(-0.21108285, 0.5559928, -1.4784231)
100.43116
644624.380368125
normal
simd_float4x4([[0.19856128, -0.9728521, 0.11887893, 0.0)], [0.8013937, 0.09133314, -0.5911232, 0.0)], [0.5642179, 0.21264295, 0.7977727, 0.0)], [0.12703682, -0.022048432, -0.84897625, 0.99999994)]])
0.12703682, -0.022048432, -0.84897625
float3(-0.21427898, 0.6155695, -1.4771888)
100.43116
644624.447025625
normal
simd_float4x4([[0.20484129, -0.9725203, 0.11065444, 0.0)], [0.7544165, 0.084843256, -0.65088975, 0.0)], [0.62361526, 0.21680859, 0.7510648, 0.0)], [0.11186784, -0.019341353, -0.8664441, 0.99999994)]])
0.11186784, -0.019341353, -0.8664441
float3(-0.21854411, 0.6929503, -1.4837761)
100.43116
644624.513683083
normal
simd_float4x4([[0.21228205, -0.9718375, 0.102313995, 0.0)], [0.70509875, 0.079837725, -0.7046005, 0.0)], [0.6765887, 0.22171548, 0.7021895, 0.0)], [0.091859855, -0.021860648, -0.8912665, 1.0)]])
0.091859855, -0.021860648, -0.8912665
float3(-0.22357339, 0.7668326, -1.4888291)
100.43116
644624.563676083
normal
simd_float4x4([[0.21712998, -0.97170454, 0.092977844, 0.0)], [0.6707286, 0.07931293, -0.73745024, 0.0)], [0.7092094, 0.22248542, 0.6689712, 0.0)], [0.07778489, -0.026001673, -0.90027803, 1.0)]])
0.07778489, -0.026001673, -0.90027803
float3(-0.22436304, 0.81458646, -1.4893544)
100.43116
644624.63033375
normal
simd_float4x4([[0.22829916, -0.9696803, 0.087175585, 0.0)], [0.62325895, 0.076773904, -0.7782378, 0.0)], [0.7479491, 0.23200399, 0.62188935, 0.0)], [0.052338853, -0.033443578, -0.9249129, 0.99999994)]])
0.052338853, -0.033443578, -0.9249129
float3(-0.23413737, 0.87716496, -1.4917867)
100.43116
644624.696991291
normal
simd_float4x4([[0.23216881, -0.9699365, 0.07294425, 0.0)], [0.57828885, 0.077343605, -0.81215775, 0.0)], [0.7820996, 0.2307405, 0.5788602, 0.0)], [0.02757052, -0.04243221, -0.943121, 1.0)]])
0.02757052, -0.04243221, -0.943121
float3(-0.23283866, 0.933638, -1.4912238)
100.43116
644624.746984291
normal
simd_float4x4([[0.23689559, -0.9695238, 0.06248141, 0.0)], [0.5423382, 0.07860907, -0.8364748, 0.0)], [0.8060707, 0.23204322, 0.54443187, 0.0)], [0.0039962144, -0.048985977, -0.9630336, 0.99999994)]])
0.0039962144, -0.048985977, -0.9630336
float3(-0.23417771, 0.97676194, -1.4898932)
100.43116
644624.813641875
normal
simd_float4x4([[0.2497697, -0.9667603, 0.05467837, 0.0)], [0.5107786, 0.08356977, -0.85564107, 0.0)], [0.8226303, 0.2416417, 0.5146736, 0.0)], [-0.026921626, -0.06104412, -0.98311347, 1.0000001)]])
-0.026921626, -0.06104412, -0.98311347
float3(-0.24405733, 1.0117341, -1.4845675)
100.43116
644624.863634833
normal
simd_float4x4([[0.24555694, -0.9682047, 0.047764517, 0.0)], [0.48057523, 0.07879608, -0.8734064, 0.0)], [0.8418725, 0.23742542, 0.4846441, 0.0)], [-0.052517626, -0.07041043, -1.0044383, 0.99999994)]])
-0.052517626, -0.07041043, -1.0044383
float3(-0.23971462, 1.0484557, -1.4895916)
100.43116
644624.930292375
normal
simd_float4x4([[0.24988976, -0.9676707, 0.03418667, 0.0)], [0.44333813, 0.082955696, -0.8925076, 0.0)], [0.8608174, 0.23818475, 0.44973505, 0.0)], [-0.087088875, -0.085126445, -1.0256995, 1.0000001)]])
-0.087088875, -0.085126445, -1.0256995
float3(-0.24049638, 1.0893495, -1.4852782)
100.43116
644624.996950041
normal
simd_float4x4([[0.2797355, -0.9596944, 0.02710789, 0.0)], [0.39192533, 0.08837352, -0.91574275, 0.0)], [0.8764375, 0.26679, 0.40084973, 0.0)], [-0.12816921, -0.09609859, -1.0501446, 1.0)]])
-0.12816921, -0.09609859, -1.0501446
float3(-0.27006078, 1.1418365, -1.4789702)
100.43116
644625.0636075
normal
simd_float4x4([[0.28388128, -0.9587513, 0.014399573, 0.0)], [0.33565277, 0.08529537, -0.9381162, 0.0)], [0.898192, 0.27114683, 0.34602126, 0.0)], [-0.16141912, -0.109602384, -1.0600126, 0.99999994)]])
-0.16141912, -0.109602384, -1.0600126
float3(-0.2745843, 1.2030767, -1.4820648)
100.43133
644625.1136005
normal
simd_float4x4([[0.2864839, -0.95801115, 0.011903281, 0.0)], [0.28014642, 0.07188106, -0.9572624, 0.0)], [0.9162123, 0.2775749, 0.28897616, 0.0)], [-0.1843071, -0.117401466, -1.0689783, 1.0)]])
-0.1843071, -0.117401466, -1.0689783
float3(-0.2812689, 1.2652689, -1.4959052)
100.43133
644625.180258
normal
simd_float4x4([[0.30137524, -0.9533614, 0.016586771, 0.0)], [0.19501737, 0.044602107, -0.9797853, 0.0)], [0.93334967, 0.29851767, 0.199364, 0.0)], [-0.21453649, -0.12940535, -1.0700029, 1.0)]])
-0.21453649, -0.12940535, -1.0700029
float3(-0.30313912, 1.3603581, -1.5240464)
100.43133
644625.2469155
normal
simd_float4x4([[0.31070584, -0.950419, 0.012874495, 0.0)], [0.06709703, 0.00841988, -0.99771106, 0.0)], [0.9481351, 0.31085843, 0.06638639, 0.0)], [-0.2446022, -0.1380383, -1.067897, 1.0)]])
-0.2446022, -0.1380383, -1.067897
float3(-0.31609607, 1.5008925, -1.5619375)
100.43133
644625.29690875
normal
simd_float4x4([[0.30747458, -0.95155334, -0.0023734055, 0.0)], [-0.030468166, -0.0073521296, -0.9995088, 0.0)], [0.9510685, 0.30739582, -0.031252675, 0.0)], [-0.26792505, -0.14522593, -1.0553914, 1.0)]])
-0.26792505, -0.14522593, -1.0553914
float3(-0.31245512, 1.6036451, -1.5785227)
100.43133
644625.363566125
normal
simd_float4x4([[0.30968717, -0.9506676, -0.01802786, 0.0)], [-0.1341881, -0.024926873, -0.99064237, 0.0)], [0.9413222, 0.30920833, -0.1352878, 0.0)], [-0.29686972, -0.15107512, -1.0473542, 1.0)]])
-0.29686972, -0.15107512, -1.0473542
float3(-0.31436047, 1.71354, -1.5970107)
100.43133
644625.430223791
normal
simd_float4x4([[0.32037807, -0.9454691, -0.058704488, 0.0)], [-0.2633153, -0.029354589, -0.96426326, 0.0)], [0.9099577, 0.32438648, -0.25836098, 0.0)], [-0.3284354, -0.15781678, -1.038353, 1.0)]])
-0.3284354, -0.15781678, -1.038353
float3(-0.33036307, 1.8474423, -1.601834)
100.43133
644625.480216791
normal
simd_float4x4([[0.31767443, -0.9433855, -0.09542974, 0.0)], [-0.32443115, -0.013573312, -0.945812, 0.0)], [0.89097005, 0.3314206, -0.3103755, 0.0)], [-0.34818083, -0.1614078, -1.0403525, 1.0)]])
-0.34818083, -0.1614078, -1.0403525
float3(-0.33780888, 1.9060066, -1.5851833)
100.43133
644625.546874291
normal
simd_float4x4([[0.30037, -0.9470163, -0.11374507, 0.0)], [-0.38790756, -0.012340384, -0.9216157, 0.0)], [0.8713815, 0.32094824, -0.37106144, 0.0)], [-0.3773702, -0.17105734, -1.0496467, 1.0)]])
-0.3773702, -0.17105734, -1.0496467
float3(-0.32673052, 1.9733708, -1.5838264)
100.43133
644625.596867541
normal
simd_float4x4([[0.2789409, -0.9525457, -0.12185551, 0.0)], [-0.4353801, -0.012341226, -0.9001623, 0.0)], [0.85594183, 0.30414546, -0.41816193, 0.0)], [-0.400011, -0.17624031, -1.0669577, 1.0)]])
-0.400011, -0.17624031, -1.0669577
float3(-0.30904126, 2.025234, -1.5837517)
100.43133
644625.663524791
normal
simd_float4x4([[0.25092497, -0.95814544, -0.13781853, 0.0)], [-0.4843114, -0.0009905148, -0.8748952, 0.0)], [0.8381404, 0.2862801, -0.46428934, 0.0)], [-0.43623656, -0.18453825, -1.0897181, 1.0)]])
-0.43623656, -0.18453825, -1.0897181
float3(-0.29034218, 2.0766685, -1.5718302)
100.43133
644625.730182375
normal
simd_float4x4([[0.21738833, -0.9622315, -0.16386855, 0.0)], [-0.52593166, 0.025958681, -0.8501307, 0.0)], [0.8222763, 0.2709921, -0.5004249, 0.0)], [-0.47047997, -0.18273091, -1.1203939, 0.99999994)]])
-0.47047997, -0.18273091, -1.1203939
float3(-0.27442354, 2.1175044, -1.5438253)
100.43133
644625.796839875
normal
simd_float4x4([[0.21763353, -0.9569091, -0.19225135, 0.0)], [-0.5690768, 0.03562169, -0.8215126, 0.0)], [0.7929612, 0.28819442, -0.53680223, 0.0)], [-0.5058622, -0.17768031, -1.1480345, 1.0)]])
-0.5058622, -0.17768031, -1.1480345
float3(-0.29234073, 2.1658907, -1.5335877)
100.43133
644625.846832875
normal
simd_float4x4([[0.21953051, -0.9542173, -0.20316392, 0.0)], [-0.5974293, 0.03314588, -0.8012364, 0.0)], [0.77128774, 0.29727185, -0.5628008, 0.0)], [-0.52254236, -0.17131308, -1.1712859, 1.0)]])
-0.52254236, -0.17131308, -1.1712859
float3(-0.30183405, 2.2011716, -1.536074)
100.43133
644625.9134905
normal
