ARKit Data
943422.704463375
normal
simd_float4x4([[-0.446949, -0.613429, 0.651108, 0.0)], [0.861641, -0.099576, 0.497654, 0.0)], [-0.240441, 0.783447, 0.573061, 0.0)], [-0.149823, 0.13544, 0.210599, 1.0)]])
-0.149823, 0.13544, 0.210599
float3(-0.900193, -0.397265, -1.73172)
100.702
943423.113155625
notAvailable
simd_float4x4([[-0.00230245, 0.0, 0.999997, 0.0)], [0.0, 1.0, 0.0, 0.0)], [-0.999997, 0.0, -0.00230245, 0.0)], [-0.0462418, -0.0759121, 0.0772379, 1.0)]])
-0.0462418, -0.0759121, 0.0772379
float3(-0.0, -1.5731, 0.0)
100.702
943423.329798541
limited(__ObjC.ARCamera.TrackingState.Reason.initializing)
simd_float4x4([[-0.170206, -0.486055, 0.857193, 0.0)], [0.984805, -0.0534571, 0.165233, 0.0)], [-0.0344894, 0.872292, 0.487768, 0.0)], [0.0, 0.0, 0.0, 1.0)]])
0.0, 0.0, 0.0
float3(-1.05987, -0.0705911, -1.68034)
100.702
943423.563106125
limited(__ObjC.ARCamera.TrackingState.Reason.initializing)
simd_float4x4([[-0.395476, -0.547471, 0.737479, 0.0)], [0.90199, -0.0800502, 0.424271, 0.0)], [-0.17324, 0.832987, 0.525471, 0.0)], [0.0, 0.0, 0.0, 1.0)]])
0.0, 0.0, 0.0
float3(-0.984485, -0.318464, -1.71599)
100.702
943423.796414
limited(__ObjC.ARCamera.TrackingState.Reason.initializing)
simd_float4x4([[-0.514111, -0.63531, 0.576256, 0.0)], [0.77354, -0.0531567, 0.631515, 0.0)], [-0.370576, 0.770426, 0.518766, 0.0)], [0.0, 0.0, 0.0, 1.0)]])
0.0, 0.0, 0.0
float3(-0.879508, -0.620286, -1.65427)
100.702
943424.029721625
limited(__ObjC.ARCamera.TrackingState.Reason.initializing)
simd_float4x4([[-0.500751, -0.642767, 0.579741, 0.0)], [0.795691, -0.0781432, 0.60064, 0.0)], [-0.340769, 0.762066, 0.550574, 0.0)], [0.0, 0.0, 0.0, 1.0)]])
0.0, 0.0, 0.0
float3(-0.866498, -0.554225, -1.69178)
100.702
943424.2630295
limited(__ObjC.ARCamera.TrackingState.Reason.initializing)
simd_float4x4([[-0.375083, -0.687341, 0.621993, 0.0)], [0.893666, -0.0898233, 0.439651, 0.0)], [-0.246321, 0.720759, 0.647944, 0.0)], [0.0, 0.0, 0.0, 1.0)]])
0.0, 0.0, 0.0
float3(-0.804897, -0.363284, -1.70074)
100.702
943424.496337166
limited(__ObjC.ARCamera.TrackingState.Reason.initializing)
simd_float4x4([[-0.229117, -0.685736, 0.690848, 0.0)], [0.952423, -0.0113852, 0.304567, 0.0)], [-0.200987, 0.727761, 0.655719, 0.0)], [0.0, 0.0, 0.0, 1.0)]])
0.0, 0.0, 0.0
float3(-0.815052, -0.297422, -1.5874)
100.702
943424.729644958
normal
simd_float4x4([[-0.150638, -0.696904, 0.701166, 0.0)], [0.984819, -0.0439062, 0.167938, 0.0)], [-0.0862514, 0.715819, 0.692938, 0.0)], [0.00689143, -6.00815e-05, -0.00190721, 1.0)]])
0.00689143, -6.00815e-05, -0.00190721
float3(-0.797797, -0.123835, -1.63371)
100.702
943424.962952791
normal
simd_float4x4([[0.148734, -0.686097, 0.712144, 0.0)], [0.963874, -0.0603333, -0.259435, 0.0)], [0.220963, 0.725004, 0.652337, 0.0)], [-0.0597149, -0.0210157, -0.035377, 1.0)]])
-0.0597149, -0.0210157, -0.035377
float3(-0.81104, 0.326596, -1.65851)
100.702
943425.196260708
normal
simd_float4x4([[0.510834, -0.721092, 0.468054, 0.0)], [0.635711, -0.0496647, -0.770328, 0.0)], [0.578723, 0.691057, 0.433036, 0.0)], [-0.203882, -0.0246359, -0.00385343, 1.0)]])
-0.203882, -0.0246359, -0.00385343
float3(-0.76295, 0.928409, -1.63956)
100.702
943425.429568541
normal
simd_float4x4([[0.213704, -0.935318, 0.281978, 0.0)], [0.495641, -0.144926, -0.856351, 0.0)], [0.841826, 0.322765, 0.43261, 0.0)], [-0.244643, 0.0260305, 0.0723115, 1.0)]])
-0.244643, 0.0260305, 0.0723115
float3(-0.32865, 1.09609, -1.72452)
100.705
943425.662876333
normal
simd_float4x4([[0.418523, -0.889097, 0.185323, 0.0)], [0.25009, -0.0833428, -0.964629, 0.0)], [0.873094, 0.450067, 0.187474, 0.0)], [-0.333682, -0.000529073, 0.140399, 1.0)]])
-0.333682, -0.000529073, 0.140399
float3(-0.466841, 1.35928, -1.66426)
100.705
943425.896184125
normal
simd_float4x4([[0.487349, -0.870497, 0.0687413, 0.0)], [0.125944, -0.00782678, -0.992006, 0.0)], [0.864077, 0.492111, 0.105819, 0.0)], [-0.401619, -0.0255471, 0.20689, 1.0)]])
-0.401619, -0.0255471, 0.20689
float3(-0.514513, 1.44894, -1.57979)
100.705
943426.129492041
normal
simd_float4x4([[0.482867, -0.87544, 0.0210637, 0.0)], [0.0740846, 0.0168716, -0.997109, 0.0)], [0.872554, 0.483031, 0.0730033, 0.0)], [-0.504563, -0.0268222, 0.301227, 1.0)]])
-0.504563, -0.0268222, 0.301227
float3(-0.504113, 1.48732, -1.55153)
100.705
943426.362799916
normal
simd_float4x4([[0.43808, -0.89784, -0.0443708, 0.0)], [-0.0500836, 0.024905, -0.998434, 0.0)], [0.89754, 0.439616, -0.0340567, 0.0)], [-0.587481, -0.010116, 0.400202, 1.0)]])
-0.587481, -0.010116, 0.400202
float3(-0.455172, 1.60872, -1.54306)
100.705
943426.596107833
normal
simd_float4x4([[0.452722, -0.890872, -0.0372856, 0.0)], [-0.108471, -0.0135202, -0.994008, 0.0)], [0.885029, 0.454054, -0.102754, 0.0)], [-0.674892, -0.0180115, 0.444393, 1.0)]])
-0.674892, -0.0180115, 0.444393
float3(-0.47131, 1.68638, -1.58597)
100.705
943426.829415666
normal
simd_float4x4([[0.454092, -0.890746, 0.0192852, 0.0)], [-0.00409164, -0.0237302, -0.99971, 0.0)], [0.890945, 0.453882, -0.0144204, 0.0)], [-0.835075, -0.036593, 0.437779, 1.0)]])
-0.835075, -0.036593, 0.437779
float3(-0.471117, 1.58698, -1.59743)
100.705
943427.062723666
normal
simd_float4x4([[0.209959, -0.969871, 0.12356, 0.0)], [0.366905, -0.0389814, -0.929441, 0.0)], [0.906255, 0.240479, 0.347666, 0.0)], [-0.99431, 0.00418741, 0.348048, 1.0)]])
-0.99431, 0.00418741, 0.348048
float3(-0.24286, 1.20448, -1.61097)
100.705
943427.296031333
normal
simd_float4x4([[-0.070264, -0.997449, 0.0125901, 0.0)], [0.622747, -0.0537213, -0.780577, 0.0)], [0.779262, -0.047006, 0.624933, 0.0)], [-1.07547, 0.0612767, 0.270785, 1.0)]])
-1.07547, 0.0612767, 0.270785
float3(0.0470234, 0.894865, -1.6246)
100.705
943427.529339458
normal
simd_float4x4([[-0.0131474, -0.999005, 0.0426129, 0.0)], [0.719861, -0.0390347, -0.693019, 0.0)], [0.693993, 0.021564, 0.719658, 0.0)], [-1.20385, 0.0405089, 0.198725, 1.0)]])
-1.20385, 0.0405089, 0.198725
float3(-0.0215657, 0.767245, -1.60985)
100.703
943427.762647208
normal
simd_float4x4([[0.0650087, -0.992028, 0.107954, 0.0)], [0.817018, -0.00919965, -0.576539, 0.0)], [0.572936, 0.12568, 0.809906, 0.0)], [-1.34659, 0.00718603, 0.140185, 1.0)]])
-1.34659, 0.00718603, 0.140185
float3(-0.126014, 0.615682, -1.58007)
100.703
943427.995955208
normal
simd_float4x4([[0.0812147, -0.969231, 0.232371, 0.0)], [0.932613, -0.00835042, -0.360783, 0.0)], [0.351622, 0.246013, 0.903238, 0.0)], [-1.42102, -0.019248, 0.0483175, 1.0)]])
-1.42102, -0.019248, 0.0483175
float3(-0.248564, 0.37124, -1.57941)
100.703
943428.229262958
normal
simd_float4x4([[-0.00554397, -0.970512, 0.24099, 0.0)], [0.982317, -0.0503863, -0.180317, 0.0)], [0.187142, 0.235729, 0.95363, 0.0)], [-1.43574, -0.0507442, -0.0699053, 1.0)]])
-1.43574, -0.0507442, -0.0699053
float3(-0.237969, 0.193779, -1.62267)
100.703
943428.462571
normal
simd_float4x4([[-0.0350761, -0.984962, 0.169172, 0.0)], [0.992774, -0.0537787, -0.107271, 0.0)], [0.114756, 0.164187, 0.979731, 0.0)], [-1.44694, -0.0189143, -0.220715, 1.0)]])
-1.44694, -0.0189143, -0.220715
float3(-0.164933, 0.116599, -1.62534)
100.703
943428.695878791
normal
simd_float4x4([[-0.0384493, -0.991508, 0.124233, 0.0)], [0.998091, -0.0320934, 0.0527641, 0.0)], [-0.048329, 0.126025, 0.990849, 0.0)], [-1.43416, 0.00443496, -0.334327, 1.0)]])
-1.43416, 0.00443496, -0.334327
float3(-0.126361, -0.0487367, -1.60315)
100.703
943428.929186875
normal
simd_float4x4([[-0.121581, -0.95265, 0.278706, 0.0)], [0.972888, -0.0587194, 0.223696, 0.0)], [-0.196739, 0.298347, 0.933961, 0.0)], [-1.43507, -0.0365368, -0.507897, 1.0)]])
-1.43507, -0.0365368, -0.507897
float3(-0.30296, -0.207615, -1.63236)
100.703
943429.162494625
normal
simd_float4x4([[-0.0643024, -0.977088, 0.202888, 0.0)], [0.937426, 0.0105734, 0.348023, 0.0)], [-0.342195, 0.212572, 0.915268, 0.0)], [-1.46863, -0.0272961, -0.6785, 1.0)]])
-1.46863, -0.0272961, -0.6785
float3(-0.214206, -0.357783, -1.55998)
100.703
943429.395802625
normal
simd_float4x4([[-0.0956239, -0.97555, 0.197885, 0.0)], [0.915792, -0.00831078, 0.401567, 0.0)], [-0.390104, 0.219621, 0.894195, 0.0)], [-1.49097, -0.0186414, -0.847743, 1.0)]])
-1.49097, -0.0186414, -0.847743
float3(-0.221426, -0.411372, -1.57932)
100.701
943429.629110416
normal
simd_float4x4([[-0.15677, -0.952824, 0.259901, 0.0)], [0.894482, -0.025412, 0.446381, 0.0)], [-0.418718, 0.302456, 0.856268, 0.0)], [-1.46952, -0.0543086, -1.02111, 1.0)]])
-1.46952, -0.0543086, -1.02111
float3(-0.307269, -0.454812, -1.59746)
100.701
943429.862418458
normal
simd_float4x4([[-0.156079, -0.958294, 0.239399, 0.0)], [0.89852, -0.0370818, 0.437364, 0.0)], [-0.410246, 0.283368, 0.866834, 0.0)], [-1.4256, -0.0586334, -1.21823, 1.0)]])
-1.4256, -0.0586334, -1.21823
float3(-0.287304, -0.442035, -1.60947)
100.701
943430.095726291
normal
simd_float4x4([[-0.0664023, -0.99079, 0.118005, 0.0)], [0.900277, -0.00849867, 0.435235, 0.0)], [-0.430224, 0.135138, 0.89255, 0.0)], [-1.39645, 0.00959444, -1.39504, 1.0)]])
-1.39645, 0.00959444, -1.39504
float3(-0.135553, -0.449158, -1.57937)
100.701
943430.329034208
normal
simd_float4x4([[-0.0992994, -0.978784, 0.179223, 0.0)], [0.902758, -0.012858, 0.429956, 0.0)], [-0.41853, 0.20449, 0.884882, 0.0)], [-1.34772, -0.0204031, -1.56864, 1.0)]])
-1.34772, -0.0204031, -1.56864
float3(-0.205942, -0.441797, -1.58393)
100.701
943430.562342125
normal
simd_float4x4([[-0.0916538, -0.981915, 0.16566, 0.0)], [0.87405, 0.000380577, 0.485836, 0.0)], [-0.477113, 0.189324, 0.858207, 0.0)], [-1.31089, -0.0309247, -1.78425, 1.0)]])
-1.31089, -0.0309247, -1.78425
float3(-0.190474, -0.507393, -1.57041)
100.701
943430.79565
normal
simd_float4x4([[-0.135782, -0.982444, 0.127938, 0.0)], [0.842121, -0.0464201, 0.537288, 0.0)], [-0.521916, 0.180693, 0.833639, 0.0)], [-1.25419, -0.0288113, -1.9634, 1.0)]])
-1.25419, -0.0288113, -1.9634
float3(-0.181691, -0.559368, -1.61801)
100.701
943431.028957958
normal
simd_float4x4([[-0.184518, -0.961307, 0.204554, 0.0)], [0.834125, -0.043097, 0.549888, 0.0)], [-0.519796, 0.272088, 0.809803, 0.0)], [-1.16953, -0.0677599, -2.17461, 1.0)]])
-1.16953, -0.0677599, -2.17461
float3(-0.275562, -0.570646, -1.6156)
100.701
943431.262265958
normal
simd_float4x4([[-0.135537, -0.973159, 0.185987, 0.0)], [0.882466, -0.0332328, 0.469201, 0.0)], [-0.450427, 0.227722, 0.863284, 0.0)], [-1.08567, -0.0434438, -2.40333, 1.0)]])
-1.08567, -0.0434438, -2.40333
float3(-0.229737, -0.480904, -1.60493)
100.7
943431.495573833
normal
simd_float4x4([[-0.0727594, -0.983578, 0.165169, 0.0)], [0.896415, 0.00810392, 0.443142, 0.0)], [-0.437204, 0.180303, 0.881104, 0.0)], [-1.02677, -0.0189002, -2.5949, 1.0)]])
-1.02677, -0.0189002, -2.5949
float3(-0.181294, -0.460603, -1.56256)
100.7
943431.728881666
normal
simd_float4x4([[-0.0953319, -0.977862, 0.186274, 0.0)], [0.881506, 0.00400354, 0.472156, 0.0)], [-0.462449, 0.209214, 0.861609, 0.0)], [-0.961156, -0.0477043, -2.8104, 1.0)]])
-0.961156, -0.0477043, -2.8104
float3(-0.210771, -0.492595, -1.5667)
100.7
943431.962189666
normal
simd_float4x4([[-0.0713274, -0.987104, 0.143309, 0.0)], [0.853351, 0.0139985, 0.521149, 0.0)], [-0.516434, 0.159465, 0.841348, 0.0)], [-0.914825, -0.0299219, -3.01353, 1.0)]])
-0.914825, -0.0299219, -3.01353
float3(-0.160149, -0.550517, -1.55662)
100.7
943432.195497541
normal
simd_float4x4([[-0.143619, -0.972631, 0.182655, 0.0)], [0.83491, -0.0199917, 0.550023, 0.0)], [-0.531317, 0.231494, 0.814931, 0.0)], [-0.842334, -0.0472102, -3.19374, 1.0)]])
-0.842334, -0.0472102, -3.19374
float3(-0.233613, -0.577765, -1.59135)
100.7
943432.428805625
normal
simd_float4x4([[-0.107802, -0.978644, 0.17503, 0.0)], [0.865727, -0.00585303, 0.500482, 0.0)], [-0.488769, 0.205481, 0.847869, 0.0)], [-0.761745, -0.0558693, -3.39442, 1.0)]])
-0.761745, -0.0558693, -3.39442
float3(-0.206955, -0.522936, -1.57678)
100.7
943432.662113375
normal
simd_float4x4([[-0.0333427, -0.986756, 0.158747, 0.0)], [0.885066, 0.0446312, 0.463321, 0.0)], [-0.46427, 0.15595, 0.871856, 0.0)], [-0.699821, -0.0248035, -3.58536, 1.0)]])
-0.699821, -0.0248035, -3.58536
float3(-0.156589, -0.489314, -1.5256)
100.7
943432.895421416
normal
simd_float4x4([[-0.0476547, -0.981388, 0.186029, 0.0)], [0.899295, 0.0389044, 0.435609, 0.0)], [-0.434738, 0.188054, 0.880703, 0.0)], [-0.635441, -0.0356943, -3.75188, 1.0)]])
-0.635441, -0.0356943, -3.75188
float3(-0.18918, -0.458536, -1.53117)
100.7
943433.128729375
normal
simd_float4x4([[-0.0384554, -0.987225, 0.154624, 0.0)], [0.874051, 0.0417651, 0.484035, 0.0)], [-0.484309, 0.153763, 0.861279, 0.0)], [-0.581917, -0.0452127, -3.97099, 1.0)]])
-0.581917, -0.0452127, -3.97099
float3(-0.154376, -0.512248, -1.52852)
100.7
943433.362037333
normal
simd_float4x4([[-0.0659103, -0.987448, 0.143532, 0.0)], [0.854815, 0.0183258, 0.518609, 0.0)], [-0.514729, 0.156875, 0.842878, 0.0)], [-0.530733, -0.0254848, -4.17386, 1.0)]])
-0.530733, -0.0254848, -4.17386
float3(-0.157526, -0.548236, -1.55224)
100.7
943433.59534525
normal
simd_float4x4([[-0.155052, -0.961026, 0.228885, 0.0)], [0.852255, -0.0129494, 0.522966, 0.0)], [-0.49962, 0.276156, 0.821047, 0.0)], [-0.464586, -0.0665117, -4.3629, 1.0)]])
-0.464586, -0.0665117, -4.3629
float3(-0.279792, -0.546658, -1.58427)
100.7
943433.828653333
normal
simd_float4x4([[-0.140976, -0.975305, 0.170017, 0.0)], [0.874193, -0.0420319, 0.483755, 0.0)], [-0.464663, 0.216826, 0.858531, 0.0)], [-0.398797, -0.06404, -4.58069, 1.0)]])
-0.398797, -0.06404, -4.58069
float3(-0.218562, -0.496085, -1.61387)
100.7
943434.061961125
normal
simd_float4x4([[-0.0919694, -0.985475, 0.142761, 0.0)], [0.913157, -0.0262955, 0.406758, 0.0)], [-0.397096, 0.167772, 0.902312, 0.0)], [-0.370155, -0.0303867, -4.79358, 1.0)]])
-0.370155, -0.0303867, -4.79358
float3(-0.168569, -0.414579, -1.59747)
100.7
943434.29526925
normal
simd_float4x4([[-0.0887833, -0.976126, 0.198231, 0.0)], [0.931384, -0.010818, 0.363877, 0.0)], [-0.353045, 0.216935, 0.910109, 0.0)], [-0.329584, -0.0608025, -5.0045, 1.0)]])
-0.329584, -0.0608025, -5.0045
float3(-0.218674, -0.370045, -1.58188)
100.7
943434.528577125
normal
simd_float4x4([[-0.0995102, -0.981539, 0.163339, 0.0)], [0.917953, -0.0272062, 0.395754, 0.0)], [-0.384004, 0.189319, 0.903714, 0.0)], [-0.294232, -0.0519366, -5.23513, 1.0)]])
-0.294232, -0.0519366, -5.23513
float3(-0.190468, -0.401801, -1.59851)
100.7
943434.761885125
normal
simd_float4x4([[-0.123433, -0.97824, 0.166765, 0.0)], [0.881164, -0.0307532, 0.471809, 0.0)], [-0.456413, 0.205184, 0.865786, 0.0)], [-0.233682, -0.0625265, -5.42978, 1.0)]])
-0.233682, -0.0625265, -5.42978
float3(-0.206652, -0.485144, -1.60222)
100.7
943434.995193
normal
simd_float4x4([[-0.13093, -0.978168, 0.161382, 0.0)], [0.861321, -0.03163, 0.507076, 0.0)], [-0.490901, 0.205394, 0.846658, 0.0)], [-0.152511, -0.0905687, -5.65335, 1.0)]])
-0.152511, -0.0905687, -5.65335
float3(-0.206866, -0.525442, -1.60312)
100.7
943435.228501083
normal
simd_float4x4([[-0.0394945, -0.991207, 0.126287, 0.0)], [0.888523, 0.0229822, 0.458256, 0.0)], [-0.457129, 0.130308, 0.879803, 0.0)], [-0.0880106, -0.0596745, -5.89063, 1.0)]])
-0.0880106, -0.0596745, -5.89063
float3(-0.130679, -0.479189, -1.54761)
100.7
943435.461808875
normal
simd_float4x4([[-0.0960356, -0.972822, 0.210699, 0.0)], [0.920991, -0.00655287, 0.389528, 0.0)], [-0.377561, 0.231461, 0.89659, 0.0)], [-0.0370128, -0.078578, -6.11458, 1.0)]])
-0.0370128, -0.078578, -6.11458
float3(-0.233579, -0.398569, -1.57753)
100.7
943435.695116916
normal
simd_float4x4([[-0.0842007, -0.989225, 0.119768, 0.0)], [0.911428, -0.0278768, 0.410515, 0.0)], [-0.402752, 0.143725, 0.903954, 0.0)], [0.000609383, -0.0818619, -6.35082, 1.0)]])
0.000609383, -0.0818619, -6.35082
float3(-0.144225, -0.419143, -1.59897)
100.7
943435.928424916
normal
simd_float4x4([[-0.0658432, -0.989999, 0.124771, 0.0)], [0.907944, -0.00757592, 0.419023, 0.0)], [-0.413887, 0.140875, 0.899362, 0.0)], [0.029712, -0.0738033, -6.5802, 1.0)]])
0.029712, -0.0738033, -6.5802
float3(-0.141345, -0.431304, -1.57845)
100.7
943436.161732916
normal
simd_float4x4([[-0.185993, -0.952989, 0.239204, 0.0)], [0.872862, -0.048479, 0.485553, 0.0)], [-0.45113, 0.299102, 0.840844, 0.0)], [0.131492, -0.126114, -6.79873, 1.0)]])
0.131492, -0.126114, -6.79873
float3(-0.303751, -0.492436, -1.62162)
100.701
943436.395040708
normal
simd_float4x4([[-0.129833, -0.975517, 0.177512, 0.0)], [0.891785, -0.0366266, 0.450974, 0.0)], [-0.433431, 0.216854, 0.874707, 0.0)], [0.222199, -0.0909863, -7.03273, 1.0)]])
0.222199, -0.0909863, -7.03273
float3(-0.218591, -0.460053, -1.60832)
100.701
943436.628348833
normal
simd_float4x4([[-0.0792382, -0.978221, 0.191845, 0.0)], [0.929229, -0.00280579, 0.369494, 0.0)], [-0.360909, 0.207546, 0.909214, 0.0)], [0.270165, -0.0723707, -7.25424, 1.0)]])
0.270165, -0.0723707, -7.25424
float3(-0.209066, -0.377871, -1.57366)
100.701
943436.894986458
normal
simd_float4x4([[-0.0723116, -0.976793, 0.201609, 0.0)], [0.933923, 0.00463823, 0.357445, 0.0)], [-0.350085, 0.214134, 0.911914, 0.0)], [0.311539, -0.101193, -7.52449, 1.0)]])
0.311539, -0.101193, -7.52449
float3(-0.215806, -0.366552, -1.56605)
100.701
943437.128294458
normal
simd_float4x4([[-0.0834654, -0.988934, 0.122647, 0.0)], [0.911043, -0.0258573, 0.4115, 0.0)], [-0.403776, 0.146083, 0.90312, 0.0)], [0.357687, -0.0800414, -7.7431, 1.0)]])
0.357687, -0.0800414, -7.7431
float3(-0.146607, -0.420431, -1.59694)
100.702
943437.361602416
normal
simd_float4x4([[-0.179875, -0.967529, 0.177573, 0.0)], [0.873195, -0.0739238, 0.481731, 0.0)], [-0.452962, 0.241707, 0.858139, 0.0)], [0.448039, -0.112245, -7.94981, 1.0)]])
0.448039, -0.112245, -7.94981
float3(-0.244125, -0.485673, -1.64705)
100.702
943437.594910416
normal
simd_float4x4([[-0.115299, -0.984912, 0.129056, 0.0)], [0.879503, -0.0408316, 0.474138, 0.0)], [-0.461714, 0.168172, 0.870941, 0.0)], [0.536234, -0.102756, -8.17898, 1.0)]])
0.536234, -0.102756, -8.17898
float3(-0.168975, -0.487462, -1.61223)
100.702
943437.82821825
normal
simd_float4x4([[-0.0360967, -0.992577, 0.116138, 0.0)], [0.901912, 0.0176952, 0.431556, 0.0)], [-0.430408, 0.120324, 0.894579, 0.0)], [0.587977, -0.0582032, -8.39111, 1.0)]])
0.587977, -0.0582032, -8.39111
float3(-0.120616, -0.448437, -1.55297)
100.702
943438.061526375
normal
simd_float4x4([[-0.0638227, -0.981602, 0.179957, 0.0)], [0.917225, 0.0133551, 0.398146, 0.0)], [-0.393224, 0.190472, 0.899497, 0.0)], [0.640666, -0.0824222, -8.61615, 1.0)]])
0.640666, -0.0824222, -8.61615
float3(-0.191643, -0.412125, -1.55719)
100.703
943438.29483425
normal
simd_float4x4([[-0.0835606, -0.980998, 0.175101, 0.0)], [0.899145, 0.00152838, 0.437648, 0.0)], [-0.429599, 0.194011, 0.881932, 0.0)], [0.681625, -0.0828601, -8.86313, 1.0)]])
0.681625, -0.0828601, -8.86313
float3(-0.195249, -0.453284, -1.56924)
100.703
943438.528142333
normal
simd_float4x4([[-0.0929342, -0.979458, 0.178956, 0.0)], [0.872092, 0.00665226, 0.489297, 0.0)], [-0.480436, 0.201539, 0.853559, 0.0)], [0.735913, -0.0845589, -9.06117, 1.0)]])
0.735913, -0.0845589, -9.06117
float3(-0.202929, -0.512664, -1.564)
100.703
943438.761450291
normal
simd_float4x4([[-0.10412, -0.982182, 0.156455, 0.0)], [0.856353, -0.00853408, 0.51632, 0.0)], [-0.505785, 0.18774, 0.841983, 0.0)], [0.819156, -0.111881, -9.28153, 1.0)]])
0.819156, -0.111881, -9.28153
float3(-0.188861, -0.540939, -1.57949)
100.703
943438.994758458
normal
simd_float4x4([[-0.0541139, -0.995522, 0.077505, 0.0)], [0.889305, -0.0127506, 0.457136, 0.0)], [-0.454101, 0.0936631, 0.886013, 0.0)], [0.880416, -0.0742864, -9.514, 1.0)]])
0.880416, -0.0742864, -9.514
float3(-0.0938006, -0.473614, -1.5836)
100.704
943439.228066166
normal
simd_float4x4([[-0.0380527, -0.991611, 0.123529, 0.0)], [0.910857, 0.01642, 0.412395, 0.0)], [-0.410964, 0.12821, 0.902591, 0.0)], [0.919975, -0.0833166, -9.7443, 1.0)]])
0.919975, -0.0833166, -9.7443
float3(-0.128564, -0.427266, -1.55424)
100.704
943439.461374291
normal
simd_float4x4([[-0.0208774, -0.995533, 0.0920789, 0.0)], [0.893332, 0.0227782, 0.44882, 0.0)], [-0.448912, 0.0916273, 0.888866, 0.0)], [0.959366, -0.0968295, -9.9904, 1.0)]])
0.959366, -0.0968295, -9.9904
float3(-0.0917559, -0.467671, -1.54792)
100.704
943439.694682291
normal
simd_float4x4([[-0.0693725, -0.992664, 0.0990261, 0.0)], [0.860532, -0.00933057, 0.509311, 0.0)], [-0.504651, 0.120547, 0.854866, 0.0)], [1.01733, -0.0857138, -10.2153, 1.0)]])
1.01733, -0.0857138, -10.2153
float3(-0.120841, -0.533277, -1.5802)
100.704
943439.927990333
normal
simd_float4x4([[-0.0912607, -0.987717, 0.126834, 0.0)], [0.839514, -0.00780405, 0.543281, 0.0)], [-0.535618, 0.156059, 0.829915, 0.0)], [1.10671, -0.122777, -10.4357, 1.0)]])
1.10671, -0.122777, -10.4357
float3(-0.1567, -0.573127, -1.5787)
100.704
943440.161298208
normal
simd_float4x4([[-0.0513172, -0.99646, 0.0665865, 0.0)], [0.868717, -0.0116496, 0.495171, 0.0)], [-0.492643, 0.0832557, 0.86624, 0.0)], [1.20365, -0.0991184, -10.6689, 1.0)]])
1.20365, -0.0991184, -10.6689
float3(-0.0833521, -0.517097, -1.58249)
100.704
943440.39460625
normal
simd_float4x4([[-0.0436173, -0.989144, 0.140331, 0.0)], [0.897338, 0.02296, 0.440747, 0.0)], [-0.439184, 0.145148, 0.886594, 0.0)], [1.26266, -0.100441, -10.9038, 1.0)]])
1.26266, -0.100441, -10.9038
float3(-0.145663, -0.459929, -1.54759)
100.704
943440.627914208
normal
simd_float4x4([[-0.0217756, -0.991992, 0.124406, 0.0)], [0.907398, 0.0326289, 0.419004, 0.0)], [-0.419708, 0.12201, 0.899421, 0.0)], [1.29482, -0.127718, -11.1516, 1.0)]])
1.29482, -0.127718, -11.1516
float3(-0.122315, -0.436607, -1.53792)
100.704
943440.86122225
normal
simd_float4x4([[-0.0437318, -0.99407, 0.0995657, 0.0)], [0.889082, 0.00672983, 0.457699, 0.0)], [-0.455654, 0.108538, 0.883515, 0.0)], [1.3437, -0.108759, -11.3936, 1.0)]])
1.3437, -0.108759, -11.3936
float3(-0.108752, -0.476152, -1.56403)
100.704
943441.094530166
normal
simd_float4x4([[-0.140136, -0.976998, 0.160737, 0.0)], [0.871767, -0.0447773, 0.48787, 0.0)], [-0.469451, 0.208494, 0.85799, 0.0)], [1.41729, -0.135482, -11.6174, 1.0)]])
1.41729, -0.135482, -11.6174
float3(-0.210035, -0.500654, -1.6166)
100.704
943441.327837958
normal
simd_float4x4([[-0.12166, -0.978241, 0.168055, 0.0)], [0.898454, -0.0365702, 0.437542, 0.0)], [-0.421876, 0.204221, 0.883354, 0.0)], [1.48815, -0.148932, -11.8794, 1.0)]])
1.48815, -0.148932, -11.8794
float3(-0.205668, -0.445555, -1.60816)
100.704
943441.561146166
normal
simd_float4x4([[-0.0716459, -0.989233, 0.127611, 0.0)], [0.927466, -0.0190007, 0.373424, 0.0)], [-0.366979, 0.145109, 0.918841, 0.0)], [1.53007, -0.116423, -12.0927, 1.0)]])
1.53007, -0.116423, -12.0927
float3(-0.145623, -0.379983, -1.59)
100.704
943441.794453916
normal
simd_float4x4([[-0.0893592, -0.97182, 0.218129, 0.0)], [0.923583, 0.00113125, 0.383397, 0.0)], [-0.37284, 0.23572, 0.897455, 0.0)], [1.59133, -0.150893, -12.2894, 1.0)]])
1.59133, -0.150893, -12.2894
float3(-0.23796, -0.393746, -1.56963)
100.703
943442.027762
normal
simd_float4x4([[-0.166946, -0.957505, 0.235189, 0.0)], [0.893689, -0.0461962, 0.446302, 0.0)], [-0.416471, 0.284694, 0.863424, 0.0)], [1.64086, -0.1478, -12.5146, 1.0)]])
1.64086, -0.1478, -12.5146
float3(-0.288687, -0.449427, -1.61901)
100.703
943442.261069875
normal
simd_float4x4([[-0.170486, -0.966586, 0.19143, 0.0)], [0.869763, -0.0563168, 0.490245, 0.0)], [-0.463083, 0.250078, 0.850303, 0.0)], [1.69281, -0.149754, -12.6959, 1.0)]])
1.69281, -0.149754, -12.6959
float3(-0.252761, -0.498695, -1.62899)
100.703
943442.494378
normal
simd_float4x4([[-0.194276, -0.957828, 0.211713, 0.0)], [0.845269, -0.0539415, 0.531611, 0.0)], [-0.497772, 0.282234, 0.820102, 0.0)], [1.79102, -0.181206, -12.9182, 1.0)]])
1.79102, -0.181206, -12.9182
float3(-0.286122, -0.545524, -1.62705)
100.703
943442.727685875
normal
simd_float4x4([[-0.147815, -0.97299, 0.177315, 0.0)], [0.866961, -0.0411951, 0.496671, 0.0)], [-0.475952, 0.22714, 0.849634, 0.0)], [1.87241, -0.147355, -13.151, 1.0)]])
1.87241, -0.147355, -13.151
float3(-0.22914, -0.510629, -1.61311)
100.702
943442.960994
normal
simd_float4x4([[-0.0997191, -0.971812, 0.21363, 0.0)], [0.893725, 0.00689918, 0.448561, 0.0)], [-0.437391, 0.235657, 0.867845, 0.0)], [1.92531, -0.142289, -13.3354, 1.0)]])
1.92531, -0.142289, -13.3354
float3(-0.237894, -0.46684, -1.5637)
100.702
943443.194301916
normal
simd_float4x4([[-0.149003, -0.96271, 0.225806, 0.0)], [0.877475, -0.0234492, 0.479048, 0.0)], [-0.45589, 0.269519, 0.848248, 0.0)], [1.9885, -0.16326, -13.5691, 1.0)]])
1.9885, -0.16326, -13.5691
float3(-0.272893, -0.493156, -1.59515)
100.702
943443.427610041
normal
simd_float4x4([[-0.147243, -0.973068, 0.177365, 0.0)], [0.854702, -0.0349246, 0.517943, 0.0)], [-0.497799, 0.227858, 0.836825, 0.0)], [2.04376, -0.140166, -13.7662, 1.0)]])
2.04376, -0.140166, -13.7662
float3(-0.229877, -0.536636, -1.60667)
100.702
943443.660917833
normal
simd_float4x4([[-0.213258, -0.953988, 0.210778, 0.0)], [0.816475, -0.05554, 0.574704, 0.0)], [-0.536554, 0.294655, 0.790752, 0.0)], [2.13214, -0.180802, -13.9545, 1.0)]])
2.13214, -0.180802, -13.9545
float3(-0.299094, -0.596175, -1.62895)
100.702
943443.894225958
normal
simd_float4x4([[-0.143691, -0.978073, 0.150755, 0.0)], [0.851967, -0.0447557, 0.521679, 0.0)], [-0.503493, 0.203399, 0.839717, 0.0)], [2.21556, -0.164638, -14.1799, 1.0)]])
2.21556, -0.164638, -14.1799
float3(-0.204828, -0.540124, -1.61652)
100.702
943444.127533791
normal
simd_float4x4([[-0.0790291, -0.993197, 0.0855243, 0.0)], [0.884491, -0.0302887, 0.465574, 0.0)], [-0.459816, 0.112439, 0.880867, 0.0)], [2.26645, -0.129761, -14.3981, 1.0)]])
2.26645, -0.129761, -14.3981
float3(-0.112678, -0.481095, -1.60128)
100.702
943444.360842041
normal
simd_float4x4([[-0.061858, -0.985793, 0.156162, 0.0)], [0.887583, 0.0172261, 0.460326, 0.0)], [-0.456476, 0.167082, 0.873907, 0.0)], [2.31661, -0.163498, -14.65, 1.0)]])
2.31661, -0.163498, -14.65
float3(-0.167869, -0.481359, -1.55332)
100.702
943444.59414975
normal
simd_float4x4([[-0.0706307, -0.990036, 0.121822, 0.0)], [0.886138, -0.00620024, 0.46338, 0.0)], [-0.458008, 0.14068, 0.877746, 0.0)], [2.36579, -0.14959, -14.8801, 1.0)]])
2.36579, -0.14959, -14.8801
float3(-0.141149, -0.480935, -1.57706)
100.702
943444.827457791
normal
simd_float4x4([[-0.0697762, -0.984944, 0.158166, 0.0)], [0.937631, -0.0106265, 0.347469, 0.0)], [-0.340556, 0.172547, 0.924256, 0.0)], [2.40862, -0.156442, -15.1037, 1.0)]])
2.40862, -0.156442, -15.1037
float3(-0.173414, -0.353029, -1.58158)
100.701
943445.06076575
normal
simd_float4x4([[0.00637683, -0.99222, 0.12433, 0.0)], [0.979608, 0.0311669, 0.198484, 0.0)], [-0.200815, 0.120529, 0.972186, 0.0)], [2.47509, -0.165584, -15.3115, 1.0)]])
2.47509, -0.165584, -15.3115
float3(-0.120823, -0.203696, -1.5394)
100.701
943445.294073833
normal
simd_float4x4([[0.0338729, -0.985533, 0.166065, 0.0)], [0.987399, 0.0587005, 0.146961, 0.0)], [-0.154583, 0.158995, 0.975102, 0.0)], [2.55175, -0.151201, -15.5171, 1.0)]])
2.55175, -0.151201, -15.5171
float3(-0.159672, -0.157222, -1.5113)
100.701
943445.527381791
normal
simd_float4x4([[-0.014199, -0.955201, 0.295616, 0.0)], [0.990965, 0.02599, 0.131577, 0.0)], [-0.133366, 0.294813, 0.946202, 0.0)], [2.63214, -0.192145, -15.7467, 1.0)]])
2.63214, -0.192145, -15.7467
float3(-0.29926, -0.140026, -1.54359)
100.701
943445.760689875
normal
simd_float4x4([[-0.0421089, -0.964197, 0.261824, 0.0)], [0.98027, 0.0107841, 0.197369, 0.0)], [-0.193126, 0.264969, 0.944719, 0.0)], [2.68294, -0.181115, -15.9645, 1.0)]])
2.68294, -0.181115, -15.9645
float3(-0.268172, -0.201649, -1.55961)
100.7
943445.99399775
normal
simd_float4x4([[-0.10215, -0.960588, 0.258529, 0.0)], [0.969354, -0.0377494, 0.24275, 0.0)], [-0.223424, 0.275403, 0.935005, 0.0)], [2.74118, -0.183107, -16.1471, 1.0)]])
2.74118, -0.183107, -16.1471
float3(-0.279008, -0.234556, -1.61007)
100.7
943446.260635416
normal
simd_float4x4([[-0.0871891, -0.955084, 0.283218, 0.0)], [0.979426, -0.0302447, 0.199525, 0.0)], [-0.181997, 0.294788, 0.938071, 0.0)], [2.81891, -0.213355, -16.3984, 1.0)]])
2.81891, -0.213355, -16.3984
float3(-0.299233, -0.191632, -1.60245)
100.7
943446.493943375
normal
simd_float4x4([[0.0126141, -0.965795, 0.258999, 0.0)], [0.993128, 0.0422416, 0.109149, 0.0)], [-0.116356, 0.255842, 0.959691, 0.0)], [2.83691, -0.176537, -16.6155, 1.0)]])
2.83691, -0.176537, -16.6155
float3(-0.258718, -0.120654, -1.52709)
100.7
943446.727251458
normal
simd_float4x4([[0.0398367, -0.955547, 0.292135, 0.0)], [0.999206, 0.0378562, -0.0124318, 0.0)], [0.000819989, 0.292398, 0.956296, 0.0)], [2.83079, -0.188032, -16.824, 1.0)]])
2.83079, -0.188032, -16.824
float3(-0.296734, 0.000857464, -1.5312)
100.7
943446.993889125
normal
simd_float4x4([[0.0159125, -0.96493, 0.262023, 0.0)], [0.999711, 0.0106289, -0.0215696, 0.0)], [0.0180282, 0.262291, 0.96482, 0.0)], [2.76912, -0.18654, -17.0711, 1.0)]])
2.76912, -0.18654, -17.0711
float3(-0.265396, 0.0186834, -1.55978)
100.7
943447.227197041
normal
simd_float4x4([[0.0183973, -0.969182, 0.245659, 0.0)], [0.989199, -0.0180924, -0.145459, 0.0)], [0.145421, 0.245682, 0.95838, 0.0)], [2.68495, -0.181864, -17.2512, 1.0)]])
2.68495, -0.181864, -17.2512
float3(-0.248223, 0.150588, -1.58946)
100.7
943447.460505083
normal
simd_float4x4([[0.0799848, -0.946213, 0.313501, 0.0)], [0.971836, 0.00408348, -0.235624, 0.0)], [0.22167, 0.323518, 0.919891, 0.0)], [2.60318, -0.226936, -17.4731, 1.0)]])
2.60318, -0.226936, -17.4731
float3(-0.329445, 0.236466, -1.56648)
100.7
943447.727142833
normal
simd_float4x4([[0.100804, -0.968107, 0.229362, 0.0)], [0.891161, -0.0146388, -0.453451, 0.0)], [0.442347, 0.250109, 0.861264, 0.0)], [2.47268, -0.199146, -17.7285, 1.0)]])
2.47268, -0.199146, -17.7285
float3(-0.252792, 0.47447, -1.58592)
100.699
943447.960450875
normal
simd_float4x4([[0.196265, -0.96743, 0.159871, 0.0)], [0.774759, 0.0530638, -0.630026, 0.0)], [0.601023, 0.247513, 0.75994, 0.0)], [2.31196, -0.196483, -17.892, 1.0)]])
2.31196, -0.196483, -17.892
float3(-0.250113, 0.669156, -1.516)
100.699
943448.227088416
normal
simd_float4x4([[0.230124, -0.954272, 0.19081, 0.0)], [0.740346, 0.044415, -0.670757, 0.0)], [0.631609, 0.295623, 0.716712, 0.0)], [2.10516, -0.22816, -18.0577, 1.0)]])
2.10516, -0.22816, -18.0577
float3(-0.300107, 0.722364, -1.52429)
100.699
943448.460396583
normal
simd_float4x4([[0.186649, -0.969924, 0.156238, 0.0)], [0.697879, 0.0189684, -0.715964, 0.0)], [0.691467, 0.242669, 0.68043, 0.0)], [1.93297, -0.186706, -18.1612, 1.0)]])
1.93297, -0.186706, -18.1612
float3(-0.245117, 0.793443, -1.55124)
100.699
943448.693704375
normal
simd_float4x4([[0.23284, -0.94337, 0.236302, 0.0)], [0.689409, -0.0112656, -0.724285, 0.0)], [0.685931, 0.331551, 0.647744, 0.0)], [1.77865, -0.229228, -18.3038, 1.0)]])
1.77865, -0.229228, -18.3038
float3(-0.337947, 0.814023, -1.58274)
100.699
943448.927012375
normal
simd_float4x4([[0.240159, -0.954953, 0.174322, 0.0)], [0.629964, 0.0166918, -0.776445, 0.0)], [0.738559, 0.296287, 0.605594, 0.0)], [1.59459, -0.218455, -18.4533, 1.0)]])
1.59459, -0.218455, -18.4533
float3(-0.300803, 0.883998, -1.55332)
100.699
943449.160320458
normal
simd_float4x4([[0.249807, -0.96107, 0.118075, 0.0)], [0.526631, 0.0325207, -0.849472, 0.0)], [0.812562, 0.274386, 0.514253, 0.0)], [1.39087, -0.189852, -18.5581, 1.0)]])
1.39087, -0.189852, -18.5581
float3(-0.277951, 1.00655, -1.53697)
100.699
943449.393628291
normal
simd_float4x4([[0.263512, -0.948884, 0.173723, 0.0)], [0.463944, -0.0332309, -0.885241, 0.0)], [0.845764, 0.31387, 0.431472, 0.0)], [1.17755, -0.211365, -18.6609, 1.0)]])
1.17755, -0.211365, -18.6609
float3(-0.319266, 1.09906, -1.6058)
100.699
943449.626936333
normal
simd_float4x4([[0.14681, -0.976737, 0.156307, 0.0)], [0.607382, -0.0357075, -0.793607, 0.0)], [0.780726, 0.211448, 0.58801, 0.0)], [0.973045, -0.185836, -18.748, 1.0)]])
0.973045, -0.185836, -18.748
float3(-0.213056, 0.925277, -1.60734)
100.699
943449.860244375
normal
simd_float4x4([[0.138473, -0.975923, 0.168519, 0.0)], [0.665942, -0.0341915, -0.745219, 0.0)], [0.733039, 0.215417, 0.645174, 0.0)], [0.791718, -0.197878, -18.8445, 1.0)]])
0.791718, -0.197878, -18.8445
float3(-0.217119, 0.849065, -1.60582)
100.699
943450.09355225
normal
simd_float4x4([[0.138653, -0.966685, 0.215162, 0.0)], [0.685615, -0.0630805, -0.725226, 0.0)], [0.714638, 0.248073, 0.654027, 0.0)], [0.597552, -0.22479, -18.976, 1.0)]])
0.597552, -0.22479, -18.976
float3(-0.250691, 0.829654, -1.63596)
100.699
943450.326860291
normal
simd_float4x4([[0.162915, -0.973509, 0.160431, 0.0)], [0.618395, -0.0259503, -0.785438, 0.0)], [0.768795, 0.22717, 0.597786, 0.0)], [0.39159, -0.191055, -19.0551, 1.0)]])
0.39159, -0.191055, -19.0551
float3(-0.229171, 0.909887, -1.59745)
100.699
943450.560168125
normal
simd_float4x4([[0.204222, -0.972602, 0.111076, 0.0)], [0.479732, 0.000527037, -0.877415, 0.0)], [0.853317, 0.232474, 0.466696, 0.0)], [0.188349, -0.197567, -19.0958, 1.0)]])
0.188349, -0.197567, -19.0958
float3(-0.234621, 1.07032, -1.57025)
100.699
943450.793476291
normal
simd_float4x4([[0.141451, -0.986727, 0.0797532, 0.0)], [0.429683, -0.0113818, -0.902908, 0.0)], [0.891832, 0.161986, 0.42237, 0.0)], [-0.0345318, -0.207459, -19.132, 1.0)]])
-0.0345318, -0.207459, -19.132
float3(-0.162703, 1.12849, -1.58233)
100.699
943451.026784208
normal
simd_float4x4([[0.154213, -0.981797, 0.110876, 0.0)], [0.400788, -0.0404109, -0.915279, 0.0)], [0.903099, 0.185586, 0.387261, 0.0)], [-0.243099, -0.20134, -19.1785, 1.0)]])
-0.243099, -0.20134, -19.1785
float3(-0.186668, 1.1657, -1.61193)
100.699
943451.260092083
normal
simd_float4x4([[0.223417, -0.964885, 0.138134, 0.0)], [0.395182, -0.0398804, -0.917737, 0.0)], [0.89102, 0.259626, 0.372395, 0.0)], [-0.460537, -0.245094, -19.2492, 1.0)]])
-0.460537, -0.245094, -19.2492
float3(-0.262635, 1.17492, -1.6121)
100.699
943451.493399916
normal
simd_float4x4([[0.173344, -0.981106, 0.0859244, 0.0)], [0.312343, -0.027976, -0.949557, 0.0)], [0.93402, 0.191438, 0.301592, 0.0)], [-0.695886, -0.218591, -19.3191, 1.0)]])
-0.695886, -0.218591, -19.3191
float3(-0.192627, 1.25847, -1.5993)
100.7
943451.726708
normal
simd_float4x4([[0.186247, -0.982177, 0.0253144, 0.0)], [0.209168, 0.0144629, -0.977773, 0.0)], [0.959979, 0.187402, 0.208134, 0.0)], [-0.919553, -0.204515, -19.3462, 1.0)]])
-0.919553, -0.204515, -19.3462
float3(-0.188517, 1.35729, -1.55607)
100.7
943451.960015916
normal
simd_float4x4([[0.212482, -0.977133, 0.00791442, 0.0)], [0.203861, 0.0364065, -0.978323, 0.0)], [0.955663, 0.209489, 0.206935, 0.0)], [-1.14937, -0.234109, -19.3565, 1.0)]])
-1.14937, -0.234109, -19.3565
float3(-0.211053, 1.35755, -1.53356)
100.7
943452.193323875
normal
simd_float4x4([[0.178853, -0.983617, 0.0225712, 0.0)], [0.22233, 0.0180578, -0.974804, 0.0)], [0.958426, 0.179365, 0.221917, 0.0)], [-1.36971, -0.215714, -19.3471, 1.0)]])
-1.36971, -0.215714, -19.3471
float3(-0.180341, 1.34326, -1.55244)
100.7
943452.426631708
normal
simd_float4x4([[0.24454, -0.966987, 0.0716711, 0.0)], [0.215462, -0.0178773, -0.976349, 0.0)], [0.945398, 0.254198, 0.203977, 0.0)], [-1.58632, -0.237768, -19.3492, 1.0)]])
-1.58632, -0.237768, -19.3492
float3(-0.257019, 1.3583, -1.58928)
100.7
943452.659939875
normal
simd_float4x4([[0.237472, -0.970789, 0.0342937, 0.0)], [0.148749, 0.00145406, -0.988874, 0.0)], [0.959938, 0.239931, 0.144749, 0.0)], [-1.8333, -0.243227, -19.3443, 1.0)]])
-1.8333, -0.243227, -19.3443
float3(-0.242295, 1.42113, -1.5693)
100.7
943452.893247625
normal
simd_float4x4([[0.264426, -0.964371, -0.00820973, 0.0)], [0.0770663, 0.0296152, -0.996586, 0.0)], [0.961322, 0.262891, 0.0821516, 0.0)], [-2.07261, -0.208449, -19.3196, 1.0)]])
-2.07261, -0.208449, -19.3196
float3(-0.266017, 1.48555, -1.5401)
100.7
943453.159885291
normal
simd_float4x4([[0.295278, -0.954151, -0.0490565, 0.0)], [-0.0476499, 0.0365749, -0.998194, 0.0)], [0.954222, 0.297083, -0.0346655, 0.0)], [-2.32705, -0.223312, -19.2611, 1.0)]])
-2.32705, -0.223312, -19.2611
float3(-0.301636, 1.60711, -1.53248)
100.7
943453.393193125
normal
simd_float4x4([[0.268654, -0.962942, -0.0238404, 0.0)], [-0.0416614, 0.013111, -0.999046, 0.0)], [0.962335, 0.269391, -0.0365953, 0.0)], [-2.52969, -0.219703, -19.1992, 1.0)]])
-2.52969, -0.219703, -19.1992
float3(-0.272761, 1.60881, -1.55718)
100.701
943453.626501166
normal
simd_float4x4([[0.305805, -0.952094, 6.4691e-05, 0.0)], [-0.021979, -0.00712742, -0.999733, 0.0)], [0.95184, 0.305722, -0.0231057, 0.0)], [-2.703, -0.226659, -19.1599, 1.0)]])
-2.703, -0.226659, -19.1599
float3(-0.310697, 1.59507, -1.57828)
100.701
943453.859808958
normal
simd_float4x4([[0.290673, -0.956818, 0.00299512, 0.0)], [-0.0347617, -0.0136884, -0.999302, 0.0)], [0.956191, 0.290366, -0.0372394, 0.0)], [-2.89699, -0.252388, -19.1299, 1.0)]])
-2.89699, -0.252388, -19.1299
float3(-0.294609, 1.60972, -1.5851)
100.701
943454.093117
normal
simd_float4x4([[0.234279, -0.972143, -0.00714728, 0.0)], [-0.104702, -0.0179219, -0.994342, 0.0)], [0.966515, 0.233702, -0.105984, 0.0)], [-3.09788, -0.228185, -19.0876, 1.0)]])
-3.09788, -0.228185, -19.0876
float3(-0.235883, 1.68002, -1.58923)
100.701
943454.326424875
normal
simd_float4x4([[0.236261, -0.969657, -0.0628229, 0.0)], [-0.195175, 0.0159791, -0.980638, 0.0)], [0.951886, 0.243948, -0.185478, 0.0)], [-3.29352, -0.220332, -19.0088, 1.0)]])
-3.29352, -0.220332, -19.0088
float3(-0.246435, 1.76324, -1.55432)
100.701
943454.5930625
normal
simd_float4x4([[0.207299, -0.97819, -0.0130798, 0.0)], [-0.200371, -0.0293684, -0.97928, 0.0)], [0.957538, 0.205624, -0.202089, 0.0)], [-3.52248, -0.237087, -18.9, 1.0)]])
-3.52248, -0.237087, -18.9
float3(-0.207101, 1.77879, -1.60081)
100.701
943454.826370333
normal
simd_float4x4([[0.213559, -0.976636, 0.0239861, 0.0)], [-0.204515, -0.0687023, -0.976449, 0.0)], [0.955283, 0.203624, -0.214408, 0.0)], [-3.70658, -0.230422, -18.8158, 1.0)]])
-3.70658, -0.230422, -18.8158
float3(-0.205058, 1.79158, -1.64103)
100.701
943455.05967825
normal
simd_float4x4([[0.284908, -0.958504, 0.00981604, 0.0)], [-0.217723, -0.0746827, -0.973149, 0.0)], [0.933501, 0.275121, -0.229966, 0.0)], [-3.9097, -0.269649, -18.7354, 1.0)]])
-3.9097, -0.269649, -18.7354
float3(-0.278716, 1.81234, -1.64856)
100.701
943455.29298625
normal
simd_float4x4([[0.254992, -0.966804, 0.0163968, 0.0)], [-0.305462, -0.0966307, -0.947288, 0.0)], [0.917427, 0.236542, -0.319962, 0.0)], [-4.13289, -0.250538, -18.6451, 1.0)]])
-4.13289, -0.250538, -18.6451
float3(-0.238806, 1.90637, -1.67041)
100.701
943455.526294083
normal
simd_float4x4([[0.198019, -0.979148, -0.0453525, 0.0)], [-0.386361, -0.0354461, -0.921666, 0.0)], [0.900841, 0.20003, -0.385323, 0.0)], [-4.31245, -0.224, -18.5484, 1.0)]])
-4.31245, -0.224, -18.5484
float3(-0.201389, 1.97498, -1.60698)
100.701
943455.759601958
normal
simd_float4x4([[0.240492, -0.969871, -0.0389107, 0.0)], [-0.360575, -0.0520469, -0.931277, 0.0)], [0.901193, 0.237994, -0.362229, 0.0)], [-4.51273, -0.256158, -18.4569, 1.0)]])
-4.51273, -0.256158, -18.4569
float3(-0.2403, 1.95298, -1.62441)
100.701
943455.992909791
normal
simd_float4x4([[0.156471, -0.987302, 0.0274273, 0.0)], [-0.292492, -0.0728432, -0.953489, 0.0)], [0.943379, 0.141171, -0.300176, 0.0)], [-4.69154, -0.23596, -18.3765, 1.0)]])
-4.69154, -0.23596, -18.3765
float3(-0.141644, 1.87886, -1.64444)
100.701
943456.226217583
normal
simd_float4x4([[0.271257, -0.961378, 0.0466171, 0.0)], [-0.177472, -0.0975596, -0.979278, 0.0)], [0.946004, 0.257362, -0.197082, 0.0)], [-4.88726, -0.263936, -18.3439, 1.0)]])
-4.88726, -0.263936, -18.3439
float3(-0.260292, 1.77619, -1.67193)
100.7
943456.459525625
normal
simd_float4x4([[0.268761, -0.961987, 0.0484674, 0.0)], [-0.14112, -0.0891022, -0.985974, 0.0)], [0.952813, 0.258151, -0.159703, 0.0)], [-5.11343, -0.280803, -18.3173, 1.0)]])
-5.11343, -0.280803, -18.3173
float3(-0.261108, 1.73686, -1.66316)
100.7
943456.692833458
normal
simd_float4x4([[0.240714, -0.970584, -0.00477751, 0.0)], [-0.0701348, -0.0124843, -0.997459, 0.0)], [0.968059, 0.240438, -0.071077, 0.0)], [-5.32241, -0.241288, -18.289, 1.0)]])
-5.32241, -0.241288, -18.289
float3(-0.242817, 1.64409, -1.58366)
100.7
943456.926141458
normal
simd_float4x4([[0.252388, -0.967257, -0.0267414, 0.0)], [-0.0190482, 0.0226642, -0.999562, 0.0)], [0.967439, 0.252787, -0.0127043, 0.0)], [-5.51237, -0.253794, -18.2596, 1.0)]])
-5.51237, -0.253794, -18.2596
