ARKit Data
92800.665470083
normal
simd_float4x4([[0.5165577, -0.8241006, 0.23243535, 0.0)], [0.26610333, -0.10350863, -0.9583709, 0.0)], [0.8138531, 0.5569057, 0.16582775, 0.0)], [-0.3504513, -0.11485688, 0.15755048, 0.9999999)]])
-0.3504513, -0.11485688, 0.15755048
float3(-0.5906556, 1.3697915, -1.6957439)
100.45414
92800.732128875
normal
simd_float4x4([[0.5379855, -0.8231437, 0.18167515, 0.0)], [0.1835821, -0.095937535, -0.97831166, 0.0)], [0.82272065, 0.5596698, 0.09950148, 0.0)], [-0.36727643, -0.11335741, 0.18231566, 0.99999994)]])
-0.36727643, -0.11335741, 0.18231566
float3(-0.5939873, 1.4504389, -1.686823)
100.45414
92800.79878775
normal
simd_float4x4([[0.5525229, -0.82266176, 0.13396339, 0.0)], [0.100053, -0.094099656, -0.9905225, 0.0)], [0.82747084, 0.5606896, 0.030317565, 0.0)], [-0.38216606, -0.11374582, 0.20686522, 1.0)]])
-0.38216606, -0.11374582, 0.20686522
float3(-0.5952184, 1.5341738, -1.6846857)
100.45417
92800.865446791
normal
simd_float4x4([[0.5672851, -0.81877023, 0.08833416, 0.0)], [0.019943217, -0.0935738, -0.9954126, 0.0)], [0.82328, 0.5664444, -0.03675412, 0.0)], [-0.39609358, -0.11161301, 0.23280782, 1.0)]])
-0.39609358, -0.11161301, 0.23280782
float3(-0.6021849, 1.6154102, -1.6845884)
100.45417
92800.932105583
normal
simd_float4x4([[0.5847895, -0.8098794, 0.046003662, 0.0)], [-0.04274202, -0.08739636, -0.9952561, 0.0)], [0.8100581, 0.5800491, -0.08572437, 0.0)], [-0.40965703, -0.11143858, 0.2558608, 0.9999999)]])
-0.40965703, -0.11143858, 0.2558608
float3(-0.61878896, 1.6762289, -1.6782931)
100.45417
92800.998764666
normal
simd_float4x4([[0.5958425, -0.80309683, 0.0026868512, 0.0)], [-0.10712397, -0.08279342, -0.9907924, 0.0)], [0.7959248, 0.59006834, -0.13536276, 0.0)], [-0.42355037, -0.11091655, 0.2794541, 0.99999994)]])
-0.42355037, -0.11091655, 0.2794541
float3(-0.6311435, 1.7392544, -1.6735262)
100.45417
92801.065423541
normal
simd_float4x4([[0.59738624, -0.80135614, -0.030951401, 0.0)], [-0.16589448, -0.08572479, -0.9824105, 0.0)], [0.78460735, 0.5920131, -0.18415138, 0.0)], [-0.43570778, -0.11080293, 0.3011466, 1.0)]])
-0.43570778, -0.11080293, 0.3011466
float3(-0.63355446, 1.8013289, -1.6773657)
100.45417
92801.132082708
normal
simd_float4x4([[0.6200521, -0.7821623, -0.061298106, 0.0)], [-0.19439554, -0.07747044, -0.97785914, 0.0)], [0.76009583, 0.6182398, -0.20008458, 0.0)], [-0.44910088, -0.115024224, 0.3207905, 1.0)]])
-0.44910088, -0.115024224, 0.3207905
float3(-0.6665013, 1.8281931, -1.6695209)
100.45417
92801.944629875
notAvailable
simd_float4x4([[0.08486414, 0.0, 0.99639255, 0.0)], [0.0, 1.0, 0.0, 0.0)], [-0.99639255, 0.0, 0.08486414, 0.0)], [0.0060662897, -0.034583867, -0.032458194, 1.0)]])
0.0060662897, -0.034583867, -0.032458194
float3(-0.0, -1.48583, 0.0)
100.45455
92801.994624083
notAvailable
simd_float4x4([[0.08486414, 0.0, 0.99639255, 0.0)], [0.0, 1.0, 0.0, 0.0)], [-0.99639255, 0.0, 0.08486414, 0.0)], [0.0060662897, -0.034583867, -0.032458194, 1.0)]])
0.0060662897, -0.034583867, -0.032458194
float3(-0.0, -1.48583, 0.0)
100.45455
92802.044618333
notAvailable
simd_float4x4([[0.08486414, 0.0, 0.99639255, 0.0)], [0.0, 1.0, 0.0, 0.0)], [-0.99639255, 0.0, 0.08486414, 0.0)], [0.0060662897, -0.034583867, -0.032458194, 1.0)]])
0.0060662897, -0.034583867, -0.032458194
float3(-0.0, -1.48583, 0.0)
100.45455
92802.094612541
limited((extension in ARKit):__C.ARCamera.TrackingState.Reason.initializing)
simd_float4x4([[-0.1730086, -0.6740181, 0.7181695, 0.0)], [0.98492026, -0.1183963, 0.12615186, 0.0)], [-2.1310152e-08, 0.72916514, 0.6843377, 0.0)], [0.0, 0.0, 0.0, 1.0)]])
0.0, 0.0, 0.0
float3(-0.8171012, -3.113982e-08, -1.7446798)
100.45455
92802.144606916
limited((extension in ARKit):__C.ARCamera.TrackingState.Reason.initializing)
simd_float4x4([[-0.17394285, -0.6743804, 0.7176036, 0.0)], [0.98475564, -0.11878965, 0.12706429, 0.0)], [-0.00044580083, 0.7287661, 0.68476254, 0.0)], [0.0, 0.0, 0.0, 1.0)]])
0.0, 0.0, 0.0
float3(-0.81651825, -0.00065102975, -1.745154)
100.45455
92802.194600875
limited((extension in ARKit):__C.ARCamera.TrackingState.Reason.initializing)
simd_float4x4([[-0.17802334, -0.6712396, 0.719545, 0.0)], [0.98401904, -0.11864209, 0.13277985, 0.0)], [-0.00375879, 0.73168397, 0.68163365, 0.0)], [0.0, 0.0, 0.0, 1.0)]])
0.0, 0.0, 0.0
float3(-0.82078916, -0.0055143284, -1.7457402)
100.45455
92802.244595166
limited((extension in ARKit):__C.ARCamera.TrackingState.Reason.initializing)
simd_float4x4([[-0.18153839, -0.6708484, 0.7190315, 0.0)], [0.9833755, -0.12082277, 0.13555267, 0.0)], [-0.0040599043, 0.731686, 0.68162984, 0.0)], [0.0, 0.0, 0.0, 1.0)]])
0.0, 0.0, 0.0
float3(-0.82079214, -0.005956101, -1.7489904)
100.45455
92802.2945895
limited((extension in ARKit):__C.ARCamera.TrackingState.Reason.initializing)
simd_float4x4([[-0.18516472, -0.6818149, 0.7077023, 0.0)], [0.98270494, -0.12682447, 0.13493171, 0.0)], [-0.0022444946, 0.72044706, 0.6935063, 0.0)], [0.0, 0.0, 0.0, 1.0)]])
0.0, 0.0, 0.0
float3(-0.80444676, -0.0032364333, -1.7547046)
100.45455
92802.361248458
limited((extension in ARKit):__C.ARCamera.TrackingState.Reason.initializing)
simd_float4x4([[-0.18729438, -0.6901097, 0.699049, 0.0)], [0.9823035, -0.13099617, 0.13386501, 0.0)], [-0.0008088164, 0.71175045, 0.70243204, 0.0)], [0.0, 0.0, 0.0, 1.0)]])
0.0, 0.0, 0.0
float3(-0.79198706, -0.0011514509, -1.7583839)
100.45455
92802.444572083
limited((extension in ARKit):__C.ARCamera.TrackingState.Reason.initializing)
simd_float4x4([[-0.1855794, -0.7027892, 0.6867661, 0.0)], [0.98262924, -0.13286053, 0.12956785, 0.0)], [0.00018523342, 0.6988816, 0.7152374, 0.0)], [0.0, 0.0, 0.0, 1.0)]])
0.0, 0.0, 0.0
float3(-0.7738327, 0.00025898174, -1.7576388)
100.45455
92802.544560666
limited((extension in ARKit):__C.ARCamera.TrackingState.Reason.initializing)
simd_float4x4([[-0.17847188, -0.72682464, 0.6632297, 0.0)], [0.98394376, -0.132909, 0.119121246, 0.0)], [0.0015689292, 0.6738405, 0.73887515, 0.0)], [0.0, 0.0, 0.0, 1.0)]])
0.0, 0.0, 0.0
float3(-0.7393943, 0.0021233992, -1.7516606)
100.45455
92802.611219458
limited((extension in ARKit):__C.ARCamera.TrackingState.Reason.initializing)
simd_float4x4([[-0.17408973, -0.74079597, 0.648779, 0.0)], [0.9847278, -0.13230434, 0.11316717, 0.0)], [0.0020024965, 0.6585719, 0.75251526, 0.0)], [0.0, 0.0, 0.0, 1.0)]])
0.0, 0.0, 0.0
float3(-0.7189194, 0.0026610647, -1.7475305)
100.45455
92802.661213791
limited((extension in ARKit):__C.ARCamera.TrackingState.Reason.initializing)
simd_float4x4([[-0.16297382, -0.75627464, 0.63363093, 0.0)], [0.9866293, -0.12396959, 0.10580241, 0.0)], [-0.0014647164, 0.6424019, 0.7663665, 0.0)], [0.0, 0.0, 0.0, 1.0)]])
0.0, 0.0, 0.0
float3(-0.69762826, -0.0019112456, -1.7332728)
100.45458
92802.711208125
limited((extension in ARKit):__C.ARCamera.TrackingState.Reason.initializing)
simd_float4x4([[-0.15880185, -0.7681157, 0.6203066, 0.0)], [0.9873083, -0.12224771, 0.10137891, 0.0)], [-0.0020396754, 0.62853307, 0.7777802, 0.0)], [0.0, 0.0, 0.0, 1.0)]])
0.0, 0.0, 0.0
float3(-0.67966574, -0.0026224256, -1.7286254)
100.45458
92802.794531875
limited((extension in ARKit):__C.ARCamera.TrackingState.Reason.initializing)
simd_float4x4([[-0.14976417, -0.7849392, 0.6011998, 0.0)], [0.98871297, -0.11633686, 0.09440528, 0.0)], [-0.0041606952, 0.60855263, 0.7935026, 0.0)], [0.0, 0.0, 0.0, 1.0)]])
0.0, 0.0, 0.0
float3(-0.6542353, -0.0052434066, -1.7179365)
100.45458
92802.877855458
limited((extension in ARKit):__C.ARCamera.TrackingState.Reason.initializing)
simd_float4x4([[-0.14122291, -0.80661285, 0.57396156, 0.0)], [0.9899684, -0.11253427, 0.085431926, 0.0)], [-0.004320141, 0.58026874, 0.81441355, 0.0)], [0.0, 0.0, 0.0, 1.0)]])
0.0, 0.0, 0.0
float3(-0.6190586, -0.0053045535, -1.7094162)
100.45458
92802.92784975
limited((extension in ARKit):__C.ARCamera.TrackingState.Reason.initializing)
simd_float4x4([[-0.13776855, -0.81343746, 0.565101, 0.0)], [0.9904529, -0.11039133, 0.08256367, 0.0)], [-0.0047781174, 0.5710807, 0.82088, 0.0)], [0.0, 0.0, 0.0, 1.0)]])
0.0, 0.0, 0.0
float3(-0.6078217, -0.00582066, -1.7056819)
100.45458
92803.0111735
limited((extension in ARKit):__C.ARCamera.TrackingState.Reason.initializing)
simd_float4x4([[-0.13238172, -0.8202157, 0.55652606, 0.0)], [0.9911798, -0.10606961, 0.079446666, 0.0)], [-0.0061329054, 0.5621347, 0.82702297, 0.0)], [0.0, 0.0, 0.0, 1.0)]])
0.0, 0.0, 0.0
float3(-0.59696466, -0.007415505, -1.6994017)
100.45458
92803.094497208
limited((extension in ARKit):__C.ARCamera.TrackingState.Reason.initializing)
simd_float4x4([[-0.12921163, -0.8240071, 0.5516492, 0.0)], [0.99159306, -0.103501976, 0.07765626, 0.0)], [-0.006892531, 0.5570456, 0.83045334, 0.0)], [0.0, 0.0, 0.0, 1.0)]])
0.0, 0.0, 0.0
float3(-0.59082407, -0.0082995305, -1.69575)
100.45458
92803.1444915
limited((extension in ARKit):__C.ARCamera.TrackingState.Reason.initializing)
simd_float4x4([[-0.12978648, -0.82623035, 0.54817784, 0.0)], [0.99151635, -0.10417309, 0.07773838, 0.0)], [-0.007124426, 0.5536167, 0.8327411, 0.0)], [0.0, 0.0, 0.0, 1.0)]])
0.0, 0.0, 0.0
float3(-0.586701, -0.008555182, -1.696217)
100.45458
92803.194485791
limited((extension in ARKit):__C.ARCamera.TrackingState.Reason.initializing)
simd_float4x4([[-0.13044222, -0.82985634, 0.54251564, 0.0)], [0.991428, -0.10507514, 0.07765081, 0.0)], [-0.0074341036, 0.54799414, 0.836449, 0.0)], [0.0, 0.0, 0.0, 1.0)]])
0.0, 0.0, 0.0
float3(-0.5799644, -0.00888746, -1.6967446)
100.45458
92803.277809541
limited((extension in ARKit):__C.ARCamera.TrackingState.Reason.initializing)
simd_float4x4([[-0.1316376, -0.8356393, 0.5332715, 0.0)], [0.9912801, -0.10774035, 0.0758669, 0.0)], [-0.0059425062, 0.5386084, 0.84253526, 0.0)], [0.0, 0.0, 0.0, 1.0)]])
0.0, 0.0, 0.0
float3(-0.56878453, -0.007053008, -1.6990206)
100.45458
92803.327803833
limited((extension in ARKit):__C.ARCamera.TrackingState.Reason.initializing)
simd_float4x4([[-0.13227005, -0.8378961, 0.52956104, 0.0)], [0.99118996, -0.10811004, 0.07651579, 0.0)], [-0.0068614096, 0.5350163, 0.8448139, 0.0)], [0.0, 0.0, 0.0, 1.0)]])
0.0, 0.0, 0.0
float3(-0.56452703, -0.008121622, -1.699113)
100.45458
92803.394462833
limited((extension in ARKit):__C.ARCamera.TrackingState.Reason.initializing)
simd_float4x4([[-0.1339375, -0.8400505, 0.5257145, 0.0)], [0.990965, -0.1097838, 0.07704452, 0.0)], [-0.0070063467, 0.53128386, 0.84716487, 0.0)], [0.0, 0.0, 0.0, 1.0)]])
0.0, 0.0, 0.0
float3(-0.5601153, -0.0082701575, -1.700747)
100.45458
92803.4777865
limited((extension in ARKit):__C.ARCamera.TrackingState.Reason.initializing)
simd_float4x4([[-0.13434123, -0.8431105, 0.520689, 0.0)], [0.9909184, -0.1112496, 0.075525835, 0.0)], [-0.0057501793, 0.5261066, 0.85039914, 0.0)], [0.0, 0.0, 0.0, 1.0)]])
0.0, 0.0, 0.0
float3(-0.5540158, -0.0067616384, -1.7019898)
100.45458
92803.56111025
normal
simd_float4x4([[-0.12642124, -0.86948025, 0.47751608, 0.0)], [0.99196297, -0.108291425, 0.06543849, 0.0)], [-0.0051865717, 0.48195118, 0.8761826, 0.0)], [0.0, 3.7252903e-09, 0.0, 1.0)]])
0.0, 3.7252903e-09, 0.0
float3(-0.5028802, -0.0059194406, -1.6947056)
100.45458
92803.627769083
normal
simd_float4x4([[-0.12967785, -0.8674719, 0.48028752, 0.0)], [0.99154717, -0.111399375, 0.06651411, 0.0)], [-0.0041953893, 0.48485324, 0.87458533, 0.0)], [-0.0010693148, 0.0041743107, 0.003946731, 1.0)]])
-0.0010693148, 0.0041743107, 0.003946731
float3(-0.50619537, -0.0047969674, -1.6985158)
100.45506
92803.711092833
normal
simd_float4x4([[-0.13655747, -0.8614317, 0.4891702, 0.0)], [0.99062574, -0.11698217, 0.07053827, 0.0)], [-0.0035397136, 0.4942172, 0.8693312, 0.0)], [-0.000525909, 0.009936426, 0.021126252, 1.0)]])
-0.000525909, 0.009936426, 0.021126252
float3(-0.51693416, -0.004071744, -1.7057704)
100.45506
92803.811081458
normal
simd_float4x4([[-0.105989814, -0.85961366, 0.49983034, 0.0)], [0.99429923, -0.08574921, 0.06337034, 0.0)], [-0.011613957, 0.50369763, 0.86380184, 0.0)], [-0.00093092775, 0.01570215, 0.025669262, 0.99999994)]])
-0.00093092775, 0.01570215, 0.025669262
float3(-0.52787375, -0.013444353, -1.6702206)
100.45506
92803.861075791
normal
simd_float4x4([[-0.11038457, -0.8547619, 0.5071462, 0.0)], [0.9938459, -0.090180755, 0.06432502, 0.0)], [-0.009247742, 0.51112574, 0.8594561, 0.0)], [-0.0014496213, 0.020078335, 0.030767212, 1.0)]])
-0.0014496213, 0.020078335, 0.030767212
float3(-0.536494, -0.010759577, -1.6759114)
100.45506
92803.911069958
normal
simd_float4x4([[-0.13898449, -0.8542727, 0.5009005, 0.0)], [0.99011534, -0.11025316, 0.086692706, 0.0)], [-0.018833341, 0.50799835, 0.861152, 0.0)], [-0.0010287832, 0.030122962, 0.051791105, 1.0)]])
-0.0010287832, 0.030122962, 0.051791105
float3(-0.5328594, -0.021866452, -1.6991477)
100.45506
92804.011058458
normal
simd_float4x4([[-0.13930911, -0.848491, 0.5105449, 0.0)], [0.9901454, -0.11189492, 0.084212884, 0.0)], [-0.014326474, 0.51724535, 0.8557173, 0.0)], [-0.0034499702, 0.0441251, 0.067745484, 1.0000001)]])
-0.0034499702, 0.0441251, 0.067745484
float3(-0.54362917, -0.016740499, -1.7019149)
100.45506
92804.061052625
normal
simd_float4x4([[-0.15263833, -0.8587655, 0.4891047, 0.0)], [0.9878303, -0.11761301, 0.10177533, 0.0)], [-0.029876081, 0.49868736, 0.8662669, 0.0)], [-0.004131372, 0.058611874, 0.10454026, 1.0000001)]])
-0.004131372, 0.058611874, 0.10454026
float3(-0.5220837, -0.034474645, -1.7069055)
100.45506
92804.12771175
normal
simd_float4x4([[-0.15404539, -0.85541224, 0.49450967, 0.0)], [0.9876504, -0.11883465, 0.10210193, 0.0)], [-0.028574366, 0.504131, 0.86315423, 0.0)], [-0.005602465, 0.070083424, 0.1213167, 1.0000001)]])
-0.005602465, 0.070083424, 0.1213167
float3(-0.52837545, -0.033092503, -1.7088338)
100.45506
92804.2110355
normal
simd_float4x4([[-0.16809614, -0.8581979, 0.4850154, 0.0)], [0.98453164, -0.121499404, 0.12623404, 0.0)], [-0.049404714, 0.4987326, 0.86534667, 0.0)], [-0.010798677, 0.08203141, 0.14436062, 0.99999994)]])
-0.010798677, 0.08203141, 0.14436062
float3(-0.5221359, -0.057030484, -1.7114367)
100.45506
92804.311024083
normal
simd_float4x4([[-0.17804772, -0.85819244, 0.48146102, 0.0)], [0.9817164, -0.12144456, 0.14657383, 0.0)], [-0.067317724, 0.49875537, 0.86412454, 0.0)], [-0.014388455, 0.07464793, 0.108802944, 1.0)]])
-0.014388455, 0.07464793, 0.108802944
float3(-0.5221622, -0.07774578, -1.7113749)
100.45506
92804.361018375
normal
simd_float4x4([[-0.17204304, -0.86520123, 0.4709862, 0.0)], [0.98253804, -0.11632557, 0.14521411, 0.0)], [-0.07085168, 0.487745, 0.8701061, 0.0)], [-0.018142805, 0.0878528, 0.12213925, 0.99999994)]])
-0.018142805, 0.0878528, 0.12213925
float3(-0.5095048, -0.08124953, -1.704444)
100.45506
92804.461006916
normal
simd_float4x4([[-0.1406169, -0.9123173, 0.384583, 0.0)], [0.98841083, -0.10691973, 0.107759684, 0.0)], [-0.057191517, 0.39527887, 0.9167789, 0.0)], [-0.019805556, 0.085159004, 0.10735353, 1.0)]])
-0.019805556, 0.085159004, 0.10735353
float3(-0.4063714, -0.06230237, -1.68746)
100.45506
92804.544330708
normal
simd_float4x4([[-0.09765281, -0.95988655, 0.2628339, 0.0)], [0.994926, -0.08773305, 0.049246132, 0.0)], [-0.024211481, 0.2663093, 0.9635834, 0.0)], [-0.034069624, 0.118568, 0.14276744, 1.0000001)]])
-0.034069624, 0.118568, 0.14276744
float3(-0.269562, -0.025121218, -1.6619425)
100.455345
92804.594324916
normal
simd_float4x4([[-0.071093045, -0.9758424, 0.20658518, 0.0)], [0.99707365, -0.063689195, 0.04227986, 0.0)], [-0.028101232, 0.20898648, 0.9775146, 0.0)], [-0.04472551, 0.13960698, 0.1602336, 1.0)]])
-0.04472551, 0.13960698, 0.1602336
float3(-0.21053843, -0.028739719, -1.6359698)
100.455345
92804.660983791
normal
simd_float4x4([[-0.032486495, -0.98343796, 0.17830999, 0.0)], [0.99506265, -0.015084525, 0.09809548, 0.0)], [-0.09378109, 0.18061641, 0.97907245, 0.0)], [-0.0634206, 0.16158268, 0.17632505, 1.0)]])
-0.0634206, 0.16158268, 0.17632505
float3(-0.18161313, -0.095494315, -1.5861337)
100.455345
92804.760972458
normal
simd_float4x4([[-0.006330279, -0.99003994, 0.14064446, 0.0)], [0.9973157, 0.0040092347, 0.07311052, 0.0)], [-0.07294621, 0.14072976, 0.987357, 0.0)], [-0.07868075, 0.17184941, 0.19635409, 1.0)]])
-0.07868075, 0.17184941, 0.19635409
float3(-0.14119847, -0.0737463, -1.5667468)
100.455345
92804.810966666
normal
simd_float4x4([[0.00011812405, -0.99303436, 0.11782472, 0.0)], [0.99896073, 0.005487386, 0.04524656, 0.0)], [-0.045577943, 0.11769694, 0.99200296, 0.0)], [-0.087238014, 0.18675351, 0.21129702, 1.0)]])
-0.087238014, 0.18675351, 0.21129702
float3(-0.117970385, -0.04591308, -1.5652705)
100.455345
92804.860960875
normal
simd_float4x4([[0.012109754, -0.99902606, 0.042428594, 0.0)], [0.99987745, 0.012518406, 0.009379073, 0.0)], [-0.0099010775, 0.04230983, 0.99905527, 0.0)], [-0.08571279, 0.18503891, 0.20329177, 1.0)]])
-0.08571279, 0.18503891, 0.20329177
float3(-0.042322464, -0.009910116, -1.5582664)
100.455345
92804.960949458
normal
simd_float4x4([[-0.0022560984, -0.99960804, -0.027900947, 0.0)], [0.9985205, -0.00073615834, -0.054367024, 0.0)], [0.054325163, -0.027982334, 0.9981309, 0.0)], [-0.101527974, 0.21070318, 0.23538907, 0.9999998)]])
-0.101527974, 0.21070318, 0.23538907
float3(0.027985986, 0.054373246, -1.5715327)
100.455345
92805.044273125
normal
simd_float4x4([[0.0016907485, -0.99892473, -0.046330485, 0.0)], [0.9941277, 0.006691928, -0.10800475, 0.0)], [0.10819865, -0.045875818, 0.9930701, 0.0)], [-0.1049372, 0.21404037, 0.2241064, 1.0)]])
-0.1049372, 0.21404037, 0.2241064
float3(0.045891926, 0.108525604, -1.5640973)
100.455345
92805.0942675
normal
simd_float4x4([[0.0033321797, -0.99868536, -0.051152106, 0.0)], [0.9908892, 0.010184591, -0.13429314, 0.0)], [0.13463758, -0.050238594, 0.98962045, 0.0)], [-0.11322834, 0.22523442, 0.23542894, 1.0)]])
-0.11322834, 0.22523442, 0.23542894
float3(0.05025975, 0.13521951, -1.5605987)
100.455345
92805.177591375
normal
simd_float4x4([[-0.0029339928, -0.9991236, -0.041753247, 0.0)], [0.9807386, 0.0052795857, -0.19525279, 0.0)], [0.19530214, -0.0415219, 0.97986364, 0.0)], [-0.11790698, 0.22299653, 0.20882496, 1.0)]])
-0.11790698, 0.22299653, 0.20882496
float3(0.04153384, 0.19673742, -1.5655122)
100.455345
92805.277579666
normal
simd_float4x4([[-0.0025085912, -0.9994342, -0.03354161, 0.0)], [0.96731377, 0.006079959, -0.25350934, 0.0)], [0.25356987, -0.033081215, 0.96675116, 0.0)], [-0.12553458, 0.2162498, 0.18541442, 0.99999994)]])
-0.12553458, 0.2162498, 0.18541442
float3(0.03308725, 0.25651255, -1.564713)
100.455345
92805.327574
normal
simd_float4x4([[-0.0067905914, -0.99925125, -0.03808966, 0.0)], [0.960334, 0.0041020657, -0.2788219, 0.0)], [0.27876937, -0.03847216, 0.95958716, 0.0)], [-0.12985456, 0.22401476, 0.19303557, 1.0)]])
-0.12985456, 0.22401476, 0.19303557
float3(0.038481656, 0.2827275, -1.5666912)
100.455345
92805.377568291
normal
simd_float4x4([[-0.010457853, -0.9995382, -0.028527983, 0.0)], [0.9528543, -0.0013093117, -0.30342492, 0.0)], [0.30324748, -0.030356193, 0.952428, 0.0)], [-0.13071561, 0.21187921, 0.168455, 0.9999999)]])
-0.13071561, 0.21187921, 0.168455
float3(0.030360857, 0.30824557, -1.5721062)
100.455345
92805.477556833
normal
simd_float4x4([[-0.01945233, -0.9992768, -0.032670945, 0.0)], [0.94356453, -0.007542552, -0.33110252, 0.0)], [0.33061665, -0.037267867, 0.9430289, 0.0)], [-0.13552245, 0.22190803, 0.1789055, 0.99999994)]])
-0.13552245, 0.22190803, 0.1789055
float3(0.0372765, 0.33720046, -1.5783442)
100.455345
92805.527551166
normal
simd_float4x4([[-0.018407827, -0.99953884, -0.024152271, 0.0)], [0.94343853, -0.009366557, -0.33141473, 0.0)], [0.33103567, -0.028886816, 0.94317585, 0.0)], [-0.12863399, 0.20526648, 0.14706627, 0.99999994)]])
-0.12863399, 0.20526648, 0.14706627
float3(0.028890835, 0.33754742, -1.5801669)
100.455345
92805.594210208
normal
simd_float4x4([[-0.021503175, -0.9993594, -0.028606175, 0.0)], [0.930658, -0.009555075, -0.36576524, 0.0)], [0.36525762, -0.034487687, 0.93026733, 0.0)], [-0.12915939, 0.208673, 0.14873569, 0.99999994)]])
-0.12915939, 0.208673, 0.14873569
float3(0.034494527, 0.37414312, -1.5803572)
100.455345
92805.677533875
normal
simd_float4x4([[-0.0075883633, -0.9995965, -0.027371302, 0.0)], [0.9092018, 0.0044979816, -0.41633093, 0.0)], [0.41628608, -0.028045315, 0.90880084, 0.0)], [-0.114949785, 0.18603474, 0.12119056, 1.0)]])
-0.114949785, 0.18603474, 0.12119056
float3(0.028048992, 0.4295371, -1.5662966)
100.455345
92805.760857833
normal
simd_float4x4([[0.0027608576, -0.99985206, -0.01697509, 0.0)], [0.88091296, 0.0104656005, -0.47316253, 0.0)], [0.47327018, -0.013647243, 0.8808116, 0.0)], [-0.1043482, 0.16822952, 0.10341609, 1.0)]])
-0.1043482, 0.16822952, 0.10341609
float3(0.013647667, 0.49304938, -1.5603296)
100.455345
92805.810852041
normal
simd_float4x4([[0.0062018996, -0.9999789, -0.0019372035, 0.0)], [0.87430507, 0.00636268, -0.48533505, 0.0)], [0.4853371, 0.0013162926, 0.87432605, 0.0)], [-0.102204725, 0.16671182, 0.10095086, 1.0)]])
-0.102204725, 0.16671182, 0.10095086
float3(-0.0013162929, 0.5067492, -1.5644336)
100.455345
92805.894175833
normal
simd_float4x4([[0.016576601, -0.9992976, 0.03360726, 0.0)], [0.88000935, -0.0013753106, -0.47495425, 0.0)], [0.47466677, 0.037447833, 0.8793684, 0.0)], [-0.09747731, 0.15553664, 0.088883, 0.99999994)]])
-0.09747731, 0.15553664, 0.088883
float3(-0.03745659, 0.49496406, -1.5721726)
100.455345
92805.977499708
normal
simd_float4x4([[0.015561063, -0.9978661, 0.063412316, 0.0)], [0.8955104, -0.014301907, -0.44481078, 0.0)], [0.44476855, 0.06370813, 0.8933768, 0.0)], [-0.08812484, 0.14446747, 0.078111365, 1.0)]])
-0.08812484, 0.14446747, 0.078111365
float3(-0.0637513, 0.46192694, -1.5851278)
100.455345
92806.027493958
normal
simd_float4x4([[0.009410012, -0.9967857, 0.07955962, 0.0)], [0.9163893, -0.023244515, -0.3996127, 0.0)], [0.4001775, 0.07666796, 0.913225, 0.0)], [-0.08258985, 0.14019829, 0.076084584, 1.0)]])
-0.08258985, 0.14019829, 0.076084584
float3(-0.07674327, 0.41299996, -1.5941116)
100.455345
92806.077488291
normal
simd_float4x4([[0.0067430963, -0.9944804, 0.10470594, 0.0)], [0.9452507, -0.0278255, -0.3251566, 0.0)], [0.32627532, 0.101165935, 0.9398456, 0.0)], [-0.07513775, 0.13159981, 0.07105378, 1.0)]])
-0.07513775, 0.13159981, 0.07105378
float3(-0.1013393, 0.3341411, -1.598769)
100.455345
92806.127482333
normal
simd_float4x4([[0.021115102, -0.99150574, 0.12833734, 0.0)], [0.9719588, -0.009712342, -0.2349499, 0.0)], [0.23420063, 0.12969962, 0.96349764, 0.0)], [-0.07092598, 0.12781435, 0.07105114, 0.99999994)]])
-0.07092598, 0.12781435, 0.07105114
float3(-0.13006604, 0.23844893, -1.5805916)
100.455345
92806.17747675
normal
simd_float4x4([[0.029500104, -0.9890064, 0.14489989, 0.0)], [0.9886094, 0.007464992, -0.15031862, 0.0)], [0.14758441, 0.14768384, 0.9779612, 0.0)], [-0.06187562, 0.120386496, 0.07146392, 1.0000001)]])
-0.06187562, 0.120386496, 0.07146392
float3(-0.14822602, 0.1497801, -1.5632485)
100.455345
92806.227471083
normal
simd_float4x4([[0.021402748, -0.9876182, 0.15540986, 0.0)], [0.9965209, 0.008550367, -0.082902014, 0.0)], [0.08054672, 0.15664352, 0.9843652, 0.0)], [-0.054524202, 0.11583716, 0.070476495, 1.0)]])
-0.054524202, 0.11583716, 0.070476495
float3(-0.15729131, 0.08164416, -1.562139)
100.455345
92806.27746525
normal
simd_float4x4([[0.0067110653, -0.98985755, 0.14190505, 0.0)], [0.9985309, -0.0009964263, -0.054173723, 0.0)], [0.05376565, 0.14206018, 0.98839664, 0.0)], [-0.041881826, 0.10642749, 0.070000455, 1.0)]])
-0.041881826, 0.10642749, 0.070000455
float3(-0.14254239, 0.05434328, -1.571803)
100.455345
92806.360789166
normal
simd_float4x4([[-0.033373795, -0.9934621, 0.109175235, 0.0)], [0.9992655, -0.035225704, -0.01507771, 0.0)], [0.018824907, 0.10859187, 0.99390805, 0.0)], [-0.025231436, 0.091663785, 0.066692404, 0.9999999)]])
-0.025231436, 0.091663785, 0.066692404
float3(-0.10880643, 0.018938025, -1.606239)
100.455345
92806.444112958
normal
simd_float4x4([[-0.06312539, -0.9947247, 0.08085816, 0.0)], [0.9967527, -0.0587805, 0.055034533, 0.0)], [-0.049991332, 0.08406969, 0.995205, 0.0)], [-0.0036243894, 0.06767903, 0.06050743, 1.0)]])
-0.0036243894, 0.06767903, 0.06050743
float3(-0.08416904, -0.05019001, -1.6298199)
100.45494
92806.49410725
normal
simd_float4x4([[-0.082612604, -0.9923862, 0.09134866, 0.0)], [0.99133193, -0.07243556, 0.10960722, 0.0)], [-0.102155805, 0.09961181, 0.9897683, 0.0)], [0.009051917, 0.052494597, 0.05457345, 0.9999999)]])
0.009051917, 0.052494597, 0.05457345
float3(-0.09977728, -0.102847666, -1.6436584)
100.45494
92806.577431
normal
simd_float4x4([[-0.11261093, -0.9859121, 0.123677954, 0.0)], [0.97836435, -0.08827677, 0.18711005, 0.0)], [-0.17355618, 0.14207278, 0.9745221, 0.0)], [0.04015772, 0.023420729, 0.042805526, 0.99999994)]])
0.04015772, 0.023420729, 0.042805526
float3(-0.14255512, -0.17624578, -1.6600964)
100.45494
92806.677419458
normal
simd_float4x4([[-0.120731555, -0.975224, 0.18536986, 0.0)], [0.96250594, -0.06930758, 0.26225647, 0.0)], [-0.24291128, 0.21008226, 0.9470266, 0.0)], [0.07097628, -0.007074274, 0.020224174, 1.0)]])
0.07097628, -0.007074274, 0.020224174
float3(-0.2116591, -0.25108585, -1.6417454)
100.45494
92806.760743416
normal
simd_float4x4([[-0.10671235, -0.97253025, 0.2068751, 0.0)], [0.9525078, -0.040309664, 0.3018342, 0.0)], [-0.28520384, 0.22925963, 0.9306443, 0.0)], [0.09178507, -0.027770136, 0.0014612023, 1.0)]])
0.09178507, -0.027770136, 0.0014612023
float3(-0.23131698, -0.29737142, -1.6122209)
100.45494
92806.810737541
normal
simd_float4x4([[-0.111724146, -0.9650937, 0.23687954, 0.0)], [0.94892424, -0.03283326, 0.31379065, 0.0)], [-0.29505983, 0.25983882, 0.91946906, 0.0)], [0.097555615, -0.03390579, -0.014903748, 1.0)]])
0.097555615, -0.03390579, -0.014903748
float3(-0.2628553, -0.3105213, -1.604804)
100.45494
92806.877396791
normal
simd_float4x4([[-0.13590246, -0.95693815, 0.25651503, 0.0)], [0.94133157, -0.043992937, 0.33460328, 0.0)], [-0.30890977, 0.28693914, 0.90677476, 0.0)], [0.10541488, -0.03670302, -0.032314394, 1.0000001)]])
0.10541488, -0.03670302, -0.032314394
float3(-0.29103008, -0.3283378, -1.6167365)
100.45494
92806.927390958
normal
simd_float4x4([[-0.15162238, -0.9548887, 0.25533944, 0.0)], [0.9415722, -0.06092981, 0.33125412, 0.0)], [-0.30075303, 0.29064614, 0.908335, 0.0)], [0.09601317, -0.028488167, -0.051601596, 1.0)]])
0.09601317, -0.028488167, -0.051601596
float3(-0.29490206, -0.3197425, -1.6345183)
100.45494
92806.977385291
normal
simd_float4x4([[-0.1627288, -0.9506842, 0.26404348, 0.0)], [0.9437317, -0.07188267, 0.32280523, 0.0)], [-0.28790566, 0.30171597, 0.9088881, 0.0)], [0.08500245, -0.014627401, -0.075008005, 0.99999994)]])
0.08500245, -0.014627401, -0.075008005
float3(-0.306492, -0.3067674, -1.6462642)
100.45494
92807.060708958
normal
simd_float4x4([[-0.17407827, -0.930642, 0.3218731, 0.0)], [0.9567701, -0.08250587, 0.27889708, 0.0)], [-0.23299691, 0.35650855, 0.90477294, 0.0)], [0.043789335, 0.018026736, -0.12671885, 1.0)]])
0.043789335, 0.018026736, -0.12671885
float3(-0.3645282, -0.25204346, -1.65922)
100.45494
92807.160697583
normal
simd_float4x4([[-0.20757616, -0.9163176, 0.3424531, 0.0)], [0.97004116, -0.14764364, 0.19292852, 0.0)], [-0.12622277, 0.37224096, 0.9195131, 0.0)], [-0.013292331, 0.062787846, -0.1910789, 1.0)]])
-0.013292331, 0.062787846, -0.1910789
float3(-0.38142234, -0.13641872, -1.7305504)
100.45494
92807.210691916
normal
simd_float4x4([[-0.20618154, -0.90106547, 0.38153654, 0.0)], [0.976319, -0.16333695, 0.14185195, 0.0)], [-0.06549888, 0.40174875, 0.91340446, 0.0)], [-0.04943783, 0.08833785, -0.22929871, 1.0)]])
-0.04943783, 0.08833785, -0.22929871
float3(-0.41342568, -0.07158598, -1.75012)
100.45494
92807.294015708
normal
simd_float4x4([[-0.15405643, -0.8758435, 0.4573451, 0.0)], [0.9879325, -0.14403178, 0.056954924, 0.0)], [0.015988627, 0.46060044, 0.8874633, 0.0)], [-0.11559774, 0.13315201, -0.29404557, 1.0)]])
-0.11559774, 0.13315201, -0.29404557
float3(-0.47867155, 0.018014152, -1.7337867)
100.45494
92807.344010083
normal
simd_float4x4([[-0.114544556, -0.8682896, 0.48265168, 0.0)], [0.99153525, -0.12982456, 0.0017603941, 0.0)], [0.06113151, 0.4787679, 0.8758105, 0.0)], [-0.15509668, 0.1597672, -0.33055943, 0.99999994)]])
-0.15509668, 0.1597672, -0.33055943
float3(-0.49925077, 0.069686905, -1.7192144)
100.45494
92807.39400425
normal
simd_float4x4([[-0.06847001, -0.8716177, 0.48538077, 0.0)], [0.99145436, -0.11359912, -0.06413541, 0.0)], [0.11104039, 0.4768416, 0.8719472, 0.0)], [-0.19337362, 0.18646172, -0.3644353, 1.0)]])
-0.19337362, 0.18646172, -0.3644353
float3(-0.49705797, 0.12666582, -1.7003971)
100.45458
92807.477328
normal
simd_float4x4([[0.0151233915, -0.88890785, 0.45783636, 0.0)], [0.97881824, -0.08033687, -0.18830992, 0.0)], [0.20417129, 0.45098656, 0.86886424, 0.0)], [-0.25178716, 0.22938609, -0.41483545, 1.0)]])
-0.25178716, 0.22938609, -0.41483545
float3(-0.46787038, 0.23079908, -1.6609285)
100.45458
92807.527322416
normal
simd_float4x4([[0.059945256, -0.9039328, 0.4234525, 0.0)], [0.9629029, -0.05944998, -0.2632178, 0.0)], [0.26310545, 0.42352235, 0.8668357, 0.0)], [-0.28287908, 0.25465906, -0.44010177, 1.0)]])
-0.28287908, 0.25465906, -0.44010177
float3(-0.4373301, 0.29468668, -1.6364698)
100.45458
92807.5939815
normal
simd_float4x4([[0.11403038, -0.9239532, 0.36511302, 0.0)], [0.9422921, -0.015855443, -0.33441594, 0.0)], [0.3147737, 0.3821768, 0.86882585, 0.0)], [-0.32092825, 0.28704685, -0.46693465, 1.0)]])
-0.32092825, 0.28704685, -0.46693465
float3(-0.39215076, 0.34758827, -1.5879551)
100.45458
92807.643975791
normal
simd_float4x4([[0.14464019, -0.9313258, 0.33423242, 0.0)], [0.9297048, 0.012285309, -0.3681003, 0.0)], [0.33871517, 0.36397967, 0.86763513, 0.0)], [-0.3458173, 0.3074301, -0.485285, 0.99999994)]])
-0.3458173, 0.3074301, -0.485285
float3(-0.3725371, 0.37219363, -1.5576059)
100.45458
92807.710634958
normal
simd_float4x4([[0.17720516, -0.932055, 0.31602517, 0.0)], [0.9201225, 0.04295017, -0.3892682, 0.0)], [0.349246, 0.35976228, 0.8652158, 0.0)], [-0.37449422, 0.32889298, -0.51001453, 1.0)]])
-0.37449422, 0.32889298, -0.51001453
float3(-0.3680131, 0.3836506, -1.5247477)
100.45458
92807.793958583
normal
simd_float4x4([[0.18992838, -0.9285346, 0.3189839, 0.0)], [0.9063736, 0.04094302, -0.42048848, 0.0)], [0.37737796, 0.36898133, 0.8493755, 0.0)], [-0.40405092, 0.34734017, -0.5428928, 1.0000001)]])
-0.40405092, 0.34734017, -0.5428928
float3(-0.3779128, 0.41810414, -1.5267307)
100.45458
92807.8772825
normal
simd_float4x4([[0.19091387, -0.93716127, 0.29202822, 0.0)], [0.88570744, 0.0362101, -0.46282905, 0.0)], [0.42317113, 0.3470122, 0.8369638, 0.0)], [-0.43241635, 0.3615734, -0.56845677, 0.9999999)]])
-0.43241635, 0.3615734, -0.56845677
float3(-0.35438344, 0.4681197, -1.5321774)
100.45458
92807.9439415
normal
simd_float4x4([[0.18241744, -0.9450115, 0.27143535, 0.0)], [0.86724335, 0.024572877, -0.4972775, 0.0)], [0.463263, 0.32611266, 0.82403755, 0.0)], [-0.4531656, 0.36709028, -0.5864546, 1.0)]])
-0.4531656, 0.36709028, -0.5864546
float3(-0.3321885, 0.5121515, -1.5447994)
100.45458
92808.027265208
normal
simd_float4x4([[0.16817896, -0.94736993, 0.27240777, 0.0)], [0.8551929, 0.002782343, -0.5183022, 0.0)], [0.49026597, 0.32012874, 0.810652, 0.0)], [-0.4771245, 0.36728135, -0.612455, 1.0)]])
-0.4771245, 0.36728135, -0.612455
float3(-0.3258654, 0.54392666, -1.5678594)
100.45458
92808.093924333
normal
simd_float4x4([[0.16817896, -0.94736993, 0.27240777, 0.0)], [0.8551929, 0.002782343, -0.5183022, 0.0)], [0.49026597, 0.32012874, 0.810652, 0.0)], [-0.4771245, 0.36728135, -0.612455, 1.0)]])
-0.4771245, 0.36728135, -0.612455
float3(-0.3258654, 0.54392666, -1.5678594)
100.45458
92808.143918791
normal
simd_float4x4([[0.16817896, -0.94736993, 0.27240777, 0.0)], [0.8551929, 0.002782343, -0.5183022, 0.0)], [0.49026597, 0.32012874, 0.810652, 0.0)], [-0.4771245, 0.36728135, -0.612455, 1.0)]])
-0.4771245, 0.36728135, -0.612455
float3(-0.3258654, 0.54392666, -1.5678594)
100.45458
92808.227242583
normal
simd_float4x4([[0.16817896, -0.94736993, 0.27240777, 0.0)], [0.8551929, 0.002782343, -0.5183022, 0.0)], [0.49026597, 0.32012874, 0.810652, 0.0)], [-0.4771245, 0.36728135, -0.612455, 1.0)]])
-0.4771245, 0.36728135, -0.612455
float3(-0.3258654, 0.54392666, -1.5678594)
100.45458
92808.277236958
normal
simd_float4x4([[0.16817896, -0.94736993, 0.27240777, 0.0)], [0.8551929, 0.002782343, -0.5183022, 0.0)], [0.49026597, 0.32012874, 0.810652, 0.0)], [-0.4771245, 0.36728135, -0.612455, 1.0)]])
-0.4771245, 0.36728135, -0.612455
float3(-0.3258654, 0.54392666, -1.5678594)
100.45458
92808.327231125
normal
simd_float4x4([[0.16817896, -0.94736993, 0.27240777, 0.0)], [0.8551929, 0.002782343, -0.5183022, 0.0)], [0.49026597, 0.32012874, 0.810652, 0.0)], [-0.4771245, 0.36728135, -0.612455, 1.0)]])
-0.4771245, 0.36728135, -0.612455
float3(-0.3258654, 0.54392666, -1.5678594)
100.454346
92808.377225416
normal
simd_float4x4([[0.16817896, -0.94736993, 0.27240777, 0.0)], [0.8551929, 0.002782343, -0.5183022, 0.0)], [0.49026597, 0.32012874, 0.810652, 0.0)], [-0.4771245, 0.36728135, -0.612455, 1.0)]])
-0.4771245, 0.36728135, -0.612455
float3(-0.3258654, 0.54392666, -1.5678594)
100.454346
92808.427219708
normal
simd_float4x4([[0.16817896, -0.94736993, 0.27240777, 0.0)], [0.8551929, 0.002782343, -0.5183022, 0.0)], [0.49026597, 0.32012874, 0.810652, 0.0)], [-0.4771245, 0.36728135, -0.612455, 1.0)]])
-0.4771245, 0.36728135, -0.612455
float3(-0.3258654, 0.54392666, -1.5678594)
100.454346
92808.510543541
normal
simd_float4x4([[0.16817896, -0.94736993, 0.27240777, 0.0)], [0.8551929, 0.002782343, -0.5183022, 0.0)], [0.49026597, 0.32012874, 0.810652, 0.0)], [-0.4771245, 0.36728135, -0.612455, 1.0)]])
-0.4771245, 0.36728135, -0.612455
float3(-0.3258654, 0.54392666, -1.5678594)
100.454346
92808.593867416
normal
simd_float4x4([[0.16817896, -0.94736993, 0.27240777, 0.0)], [0.8551929, 0.002782343, -0.5183022, 0.0)], [0.49026597, 0.32012874, 0.810652, 0.0)], [-0.4771245, 0.36728135, -0.612455, 1.0)]])
-0.4771245, 0.36728135, -0.612455
float3(-0.3258654, 0.54392666, -1.5678594)
100.454346
92808.643861666
normal
simd_float4x4([[0.16817896, -0.94736993, 0.27240777, 0.0)], [0.8551929, 0.002782343, -0.5183022, 0.0)], [0.49026597, 0.32012874, 0.810652, 0.0)], [-0.4771245, 0.36728135, -0.612455, 1.0)]])
-0.4771245, 0.36728135, -0.612455
float3(-0.3258654, 0.54392666, -1.5678594)
100.454346
92808.7271855
normal
simd_float4x4([[0.16817896, -0.94736993, 0.27240777, 0.0)], [0.8551929, 0.002782343, -0.5183022, 0.0)], [0.49026597, 0.32012874, 0.810652, 0.0)], [-0.4771245, 0.36728135, -0.612455, 1.0)]])
-0.4771245, 0.36728135, -0.612455
float3(-0.3258654, 0.54392666, -1.5678594)
100.454346
92808.777179875
normal
simd_float4x4([[0.16817896, -0.94736993, 0.27240777, 0.0)], [0.8551929, 0.002782343, -0.5183022, 0.0)], [0.49026597, 0.32012874, 0.810652, 0.0)], [-0.4771245, 0.36728135, -0.612455, 1.0)]])
-0.4771245, 0.36728135, -0.612455
float3(-0.3258654, 0.54392666, -1.5678594)
100.454346
92808.827174166
normal
simd_float4x4([[0.16817896, -0.94736993, 0.27240777, 0.0)], [0.8551929, 0.002782343, -0.5183022, 0.0)], [0.49026597, 0.32012874, 0.810652, 0.0)], [-0.4771245, 0.36728135, -0.612455, 1.0)]])
-0.4771245, 0.36728135, -0.612455
float3(-0.3258654, 0.54392666, -1.5678594)
100.454346
92808.910498
normal
simd_float4x4([[0.16817896, -0.94736993, 0.27240777, 0.0)], [0.8551929, 0.002782343, -0.5183022, 0.0)], [0.49026597, 0.32012874, 0.810652, 0.0)], [-0.4771245, 0.36728135, -0.612455, 1.0)]])
-0.4771245, 0.36728135, -0.612455
float3(-0.3258654, 0.54392666, -1.5678594)
100.454346
92808.960492208
normal
simd_float4x4([[0.16817896, -0.94736993, 0.27240777, 0.0)], [0.8551929, 0.002782343, -0.5183022, 0.0)], [0.49026597, 0.32012874, 0.810652, 0.0)], [-0.4771245, 0.36728135, -0.612455, 1.0)]])
-0.4771245, 0.36728135, -0.612455
float3(-0.3258654, 0.54392666, -1.5678594)
100.454346
92809.010486458
normal
simd_float4x4([[0.16817896, -0.94736993, 0.27240777, 0.0)], [0.8551929, 0.002782343, -0.5183022, 0.0)], [0.49026597, 0.32012874, 0.810652, 0.0)], [-0.4771245, 0.36728135, -0.612455, 1.0)]])
-0.4771245, 0.36728135, -0.612455
float3(-0.3258654, 0.54392666, -1.5678594)
100.454346
92809.060480958
normal
simd_float4x4([[0.16817896, -0.94736993, 0.27240777, 0.0)], [0.8551929, 0.002782343, -0.5183022, 0.0)], [0.49026597, 0.32012874, 0.810652, 0.0)], [-0.4771245, 0.36728135, -0.612455, 1.0)]])
-0.4771245, 0.36728135, -0.612455
float3(-0.3258654, 0.54392666, -1.5678594)
100.454346
92809.110475208
normal
simd_float4x4([[0.16817896, -0.94736993, 0.27240777, 0.0)], [0.8551929, 0.002782343, -0.5183022, 0.0)], [0.49026597, 0.32012874, 0.810652, 0.0)], [-0.4771245, 0.36728135, -0.612455, 1.0)]])
-0.4771245, 0.36728135, -0.612455
float3(-0.3258654, 0.54392666, -1.5678594)
100.454346
92809.193799041
normal
simd_float4x4([[0.16817896, -0.94736993, 0.27240777, 0.0)], [0.8551929, 0.002782343, -0.5183022, 0.0)], [0.49026597, 0.32012874, 0.810652, 0.0)], [-0.4771245, 0.36728135, -0.612455, 1.0)]])
-0.4771245, 0.36728135, -0.612455
float3(-0.3258654, 0.54392666, -1.5678594)
100.454346
92809.277122875
normal
simd_float4x4([[0.16817896, -0.94736993, 0.27240777, 0.0)], [0.8551929, 0.002782343, -0.5183022, 0.0)], [0.49026597, 0.32012874, 0.810652, 0.0)], [-0.4771245, 0.36728135, -0.612455, 1.0)]])
-0.4771245, 0.36728135, -0.612455
float3(-0.3258654, 0.54392666, -1.5678594)
100.45358
92809.343781958
normal
simd_float4x4([[0.16817896, -0.94736993, 0.27240777, 0.0)], [0.8551929, 0.002782343, -0.5183022, 0.0)], [0.49026597, 0.32012874, 0.810652, 0.0)], [-0.4771245, 0.36728135, -0.612455, 1.0)]])
-0.4771245, 0.36728135, -0.612455
float3(-0.3258654, 0.54392666, -1.5678594)
100.45358
92809.427105708
normal
simd_float4x4([[0.16817896, -0.94736993, 0.27240777, 0.0)], [0.8551929, 0.002782343, -0.5183022, 0.0)], [0.49026597, 0.32012874, 0.810652, 0.0)], [-0.4771245, 0.36728135, -0.612455, 1.0)]])
-0.4771245, 0.36728135, -0.612455
float3(-0.3258654, 0.54392666, -1.5678594)
100.45358
92809.477100083
normal
simd_float4x4([[0.16817896, -0.94736993, 0.27240777, 0.0)], [0.8551929, 0.002782343, -0.5183022, 0.0)], [0.49026597, 0.32012874, 0.810652, 0.0)], [-0.4771245, 0.36728135, -0.612455, 1.0)]])
-0.4771245, 0.36728135, -0.612455
float3(-0.3258654, 0.54392666, -1.5678594)
100.45358
92809.527094375
normal
simd_float4x4([[0.16817896, -0.94736993, 0.27240777, 0.0)], [0.8551929, 0.002782343, -0.5183022, 0.0)], [0.49026597, 0.32012874, 0.810652, 0.0)], [-0.4771245, 0.36728135, -0.612455, 1.0)]])
-0.4771245, 0.36728135, -0.612455
float3(-0.3258654, 0.54392666, -1.5678594)
100.45358
92809.610418291
normal
simd_float4x4([[0.16817896, -0.94736993, 0.27240777, 0.0)], [0.8551929, 0.002782343, -0.5183022, 0.0)], [0.49026597, 0.32012874, 0.810652, 0.0)], [-0.4771245, 0.36728135, -0.612455, 1.0)]])
-0.4771245, 0.36728135, -0.612455
float3(-0.3258654, 0.54392666, -1.5678594)
100.45358
92809.693742041
normal
simd_float4x4([[0.16817896, -0.94736993, 0.27240777, 0.0)], [0.8551929, 0.002782343, -0.5183022, 0.0)], [0.49026597, 0.32012874, 0.810652, 0.0)], [-0.4771245, 0.36728135, -0.612455, 1.0)]])
-0.4771245, 0.36728135, -0.612455
float3(-0.3258654, 0.54392666, -1.5678594)
100.45358
92809.743736375
normal
simd_float4x4([[0.16817896, -0.94736993, 0.27240777, 0.0)], [0.8551929, 0.002782343, -0.5183022, 0.0)], [0.49026597, 0.32012874, 0.810652, 0.0)], [-0.4771245, 0.36728135, -0.612455, 1.0)]])
-0.4771245, 0.36728135, -0.612455
float3(-0.3258654, 0.54392666, -1.5678594)
100.45358
92809.793730833
normal
simd_float4x4([[0.16817896, -0.94736993, 0.27240777, 0.0)], [0.8551929, 0.002782343, -0.5183022, 0.0)], [0.49026597, 0.32012874, 0.810652, 0.0)], [-0.4771245, 0.36728135, -0.612455, 1.0)]])
-0.4771245, 0.36728135, -0.612455
float3(-0.3258654, 0.54392666, -1.5678594)
100.45358
92809.877054625
normal
simd_float4x4([[0.16817896, -0.94736993, 0.27240777, 0.0)], [0.8551929, 0.002782343, -0.5183022, 0.0)], [0.49026597, 0.32012874, 0.810652, 0.0)], [-0.4771245, 0.36728135, -0.612455, 1.0)]])
-0.4771245, 0.36728135, -0.612455
float3(-0.3258654, 0.54392666, -1.5678594)
100.45358
92809.927048958
normal
simd_float4x4([[0.16817896, -0.94736993, 0.27240777, 0.0)], [0.8551929, 0.002782343, -0.5183022, 0.0)], [0.49026597, 0.32012874, 0.810652, 0.0)], [-0.4771245, 0.36728135, -0.612455, 1.0)]])
-0.4771245, 0.36728135, -0.612455
