ARKit Data
644719.227227875
normal
simd_float4x4([[-0.1628206, -0.9835831, -0.07780629, 0.0)], [-0.42640904, -0.00096579554, 0.9045299, 0.0)], [-0.88975555, 0.1804534, -0.41925144, 0.0)], [2.2155576, -0.008506835, -4.315616, 0.99999994)]])
2.2155576, -0.008506835, -4.315616
float3(-0.1814474, -2.0111384, -1.5717783)
100.357475
644719.29388525
normal
simd_float4x4([[-0.15889993, -0.9840968, -0.079399064, 0.0)], [-0.42340583, -0.004725821, 0.9059278, 0.0)], [-0.8918959, 0.17756991, -0.41592142, 0.0)], [2.2167637, -0.008651824, -4.315035, 0.99999994)]])
2.2167637, -0.008651824, -4.315035
float3(-0.17851657, -2.0071504, -1.5755985)
100.357414
644719.3605425
normal
simd_float4x4([[-0.16184053, -0.9834259, -0.08173826, 0.0)], [-0.42998505, -0.004277303, 0.9028259, 0.0)], [-0.88821197, 0.18126006, -0.4221662, 0.0)], [2.2160728, -0.008794919, -4.3149114, 1.0)]])
2.2160728, -0.008794919, -4.3149114
float3(-0.18226759, -2.0144885, -1.5751457)
100.357414
644719.427199833
normal
simd_float4x4([[-0.1622666, -0.9833182, -0.08218666, 0.0)], [-0.43858537, -0.0027378562, 0.8986853, 0.0)], [-0.8839187, 0.1818725, -0.4308248, 0.0)], [2.2168357, -0.008561627, -4.3159337, 0.9999999)]])
2.2168357, -0.008561627, -4.3159337
float3(-0.18289039, -2.0243158, -1.5735806)
100.357414
644719.493856916
normal
simd_float4x4([[-0.15701763, -0.9843718, -0.07973517, 0.0)], [-0.43878016, -0.0027967277, 0.89859015, 0.0)], [-0.8847698, 0.1760807, -0.4314837, 0.0)], [2.2156932, -0.007794544, -4.3163724, 1.0)]])
2.2156932, -0.007794544, -4.3163724
float3(-0.17700352, -2.0245388, -1.5736375)
100.357414
644719.56051425
normal
simd_float4x4([[-0.16080444, -0.9843476, -0.072124675, 0.0)], [-0.44513512, 0.007107967, 0.89543533, 0.0)], [-0.8809069, 0.17609517, -0.4393106, 0.0)], [2.217861, -0.0059921816, -4.3193054, 1.0)]])
2.217861, -0.0059921816, -4.3193054
float3(-0.17701821, -2.0334055, -1.5635755)
100.357414
644719.660500208
normal
simd_float4x4([[-0.16047168, -0.98507255, -0.06229718, 0.0)], [-0.43674254, 0.0142630525, 0.8994735, 0.0)], [-0.88515806, 0.17154785, -0.4325119, 0.0)], [2.2216296, -0.0032927617, -4.32309, 1.0)]])
2.2216296, -0.0032927617, -4.32309
float3(-0.1724006, -2.025304, -1.5563182)
100.357414
644719.727157458
normal
simd_float4x4([[-0.16185522, -0.9850856, -0.05838947, 0.0)], [-0.43170118, 0.01747533, 0.9018474, 0.0)], [-0.8873765, 0.17117552, -0.42809108, 0.0)], [2.2250094, -0.0023653568, -4.324641, 1.0000001)]])
2.2250094, -0.0023653568, -4.324641
float3(-0.17202269, -2.020284, -1.5530583)
100.357414
644719.793814708
normal
simd_float4x4([[-0.16316818, -0.98508227, -0.05467105, 0.0)], [-0.4271863, 0.020591637, 0.9039291, 0.0)], [-0.8893188, 0.17084719, -0.42417356, 0.0)], [2.2282774, -0.0023753345, -4.3258653, 1.0)]])
2.2282774, -0.0023753345, -4.3258653
float3(-0.17168944, -2.0158463, -1.5498959)
100.357414
644720.85096875
notAvailable
simd_float4x4([[-0.14335024, 0.0, 0.989672, 0.0)], [0.0, 1.0, 0.0, 0.0)], [-0.989672, 0.0, -0.14335024, 0.0)], [-0.2924882, -0.114129804, 0.41899648, 1.0)]])
-0.2924882, -0.114129804, 0.41899648
float3(-0.0, -1.7146422, 0.0)
100.3574
644720.917626083
notAvailable
simd_float4x4([[-0.14335024, 0.0, 0.989672, 0.0)], [0.0, 1.0, 0.0, 0.0)], [-0.989672, 0.0, -0.14335024, 0.0)], [-0.2924882, -0.114129804, 0.41899648, 1.0)]])
-0.2924882, -0.114129804, 0.41899648
float3(-0.0, -1.7146422, 0.0)
100.3574
644720.984283333
notAvailable
simd_float4x4([[-0.14335024, 0.0, 0.989672, 0.0)], [0.0, 1.0, 0.0, 0.0)], [-0.989672, 0.0, -0.14335024, 0.0)], [-0.2924882, -0.114129804, 0.41899648, 1.0)]])
-0.2924882, -0.114129804, 0.41899648
float3(-0.0, -1.7146422, 0.0)
100.3574
644721.050940541
limited((extension in ARKit):__C.ARCamera.TrackingState.Reason.initializing)
simd_float4x4([[0.07938156, -0.98031837, 0.18076076, 0.0)], [0.9968095, 0.07957973, -0.006167387, 0.0)], [-0.008338889, 0.18067358, 0.9835078, 0.0)], [0.0, 0.0, 0.0, 1.0)]])
0.0, 0.0, 0.0
float3(-0.18167126, -0.008478519, -1.4897965)
100.3574
644721.117597833
limited((extension in ARKit):__C.ARCamera.TrackingState.Reason.initializing)
simd_float4x4([[0.056463137, -0.98449445, 0.16607983, 0.0)], [0.99830306, 0.05804474, 0.004680929, 0.0)], [-0.0142484065, 0.16553369, 0.98610115, 0.0)], [0.0, 0.0, 0.0, 1.0)]])
0.0, 0.0, 0.0
float3(-0.16629915, -0.014448229, -1.5119056)
100.3574
644721.184255291
limited((extension in ARKit):__C.ARCamera.TrackingState.Reason.initializing)
simd_float4x4([[0.038478713, -0.9876425, 0.15192662, 0.0)], [0.9989867, 0.041573122, 0.017242912, 0.0)], [-0.023345899, 0.15110919, 0.9882415, 0.0)], [0.0, 0.0, 0.0, 1.0)]])
0.0, 0.0, 0.0
float3(-0.15169024, -0.023619285, -1.5287279)
100.357
644721.250912375
limited((extension in ARKit):__C.ARCamera.TrackingState.Reason.initializing)
simd_float4x4([[0.026564585, -0.98939085, 0.14282851, 0.0)], [0.9991034, 0.030989554, 0.028845912, 0.0)], [-0.032966074, 0.14193417, 0.989327, 0.0)], [0.0, 0.0, 0.0, 1.0)]])
0.0, 0.0, 0.0
float3(-0.14241509, -0.033309393, -1.5394847)
100.357
644721.31756975
limited((extension in ARKit):__C.ARCamera.TrackingState.Reason.initializing)
simd_float4x4([[0.018089011, -0.9908949, 0.13341746, 0.0)], [0.9989487, 0.023533052, 0.039341036, 0.0)], [-0.04212255, 0.13256554, 0.99027884, 0.0)], [0.0, 0.0, 0.0, 1.0)]])
0.0, 0.0, 0.0
float3(-0.13295692, -0.042510424, -1.5470515)
100.357
644721.384226875
limited((extension in ARKit):__C.ARCamera.TrackingState.Reason.initializing)
simd_float4x4([[0.011616533, -0.9926494, 0.12046631, 0.0)], [0.9987802, 0.017300755, 0.046247195, 0.0)], [-0.04799141, 0.11978213, 0.99163955, 0.0)], [0.0, 0.0, 0.0, 1.0)]])
0.0, 0.0, 0.0
float3(-0.12007043, -0.04835829, -1.5533692)
100.357
644721.450884333
limited((extension in ARKit):__C.ARCamera.TrackingState.Reason.initializing)
simd_float4x4([[0.0028713592, -0.99486935, 0.10112659, 0.0)], [0.99904984, 0.0072518066, 0.04297559, 0.0)], [-0.043488454, 0.1009071, 0.9939449, 0.0)], [0.0, 0.0, 0.0, 1.0)]])
0.0, 0.0, 0.0
float3(-0.101079136, -0.043725498, -1.5635072)
100.357
644721.5175415
limited((extension in ARKit):__C.ARCamera.TrackingState.Reason.initializing)
simd_float4x4([[-0.003941117, -0.99665034, 0.0816848, 0.0)], [0.9995203, -0.0014166702, 0.030939735, 0.0)], [-0.03072038, 0.08176754, 0.9961779, 0.0)], [0.0, 0.0, 0.0, 1.0)]])
0.0, 0.0, 0.0
float3(-0.081858926, -0.030828476, -1.5722177)
100.357
644721.584198791
limited((extension in ARKit):__C.ARCamera.TrackingState.Reason.initializing)
simd_float4x4([[-0.008872461, -0.99715817, 0.0748111, 0.0)], [0.9995748, -0.0067659207, 0.028364744, 0.0)], [-0.027777975, 0.075030945, 0.99679416, 0.0)], [0.0, 0.0, 0.0, 1.0)]])
0.0, 0.0, 0.0
float3(-0.075101525, -0.027860103, -1.5775814)
100.357
644721.650856041
normal
simd_float4x4([[-0.016228825, -0.99827814, 0.056369025, 0.0)], [0.9996092, -0.014915365, 0.02364418, 0.0)], [-0.022762703, 0.056730703, 0.99813, 0.0)], [-0.0013455054, -0.000383202, -0.0017745285, 1.0)]])
-0.0013455054, -0.000383202, -0.0017745285
float3(-0.056761175, -0.022801396, -1.5857363)
100.357
644721.71751325
normal
simd_float4x4([[-0.008992329, -0.99897987, 0.044254117, 0.0)], [0.9998615, -0.008362525, 0.014396125, 0.0)], [-0.0140113635, 0.044377435, 0.9989166, 0.0)], [-0.004367423, -0.0013480274, -0.0060536684, 0.99999994)]])
-0.004367423, -0.0013480274, -0.0060536684
float3(-0.044392012, -0.01402564, -1.5791672)
100.357
644721.784170666
normal
simd_float4x4([[-0.009653412, -0.9988916, 0.04606856, 0.0)], [0.9999527, -0.009700919, -0.0008078007, 0.0)], [0.0012538108, 0.046058573, 0.99893796, 0.0)], [-0.0078010648, -0.0024335359, -0.0107434355, 0.99999994)]])
-0.0078010648, -0.0024335359, -0.0107434355
float3(-0.046074875, 0.0012551432, -1.5805078)
100.357
644721.85082775
normal
simd_float4x4([[-0.00955007, -0.9988269, 0.04747302, 0.0)], [0.9997611, -0.010471197, -0.019192517, 0.0)], [0.019667098, 0.047278382, 0.9986883, 0.0)], [-0.01184203, -0.0035542336, -0.015276173, 1.0000001)]])
-0.01184203, -0.0035542336, -0.015276173
float3(-0.047296014, 0.019690385, -1.5812794)
100.357
644721.917485166
normal
simd_float4x4([[-0.0076222993, -0.9987022, 0.050356645, 0.0)], [0.999127, -0.009674787, -0.04064186, 0.0)], [0.041076306, 0.05000289, 0.9979041, 0.0)], [-0.016069684, -0.0047032847, -0.019990355, 1.0000001)]])
-0.016069684, -0.0047032847, -0.019990355
float3(-0.050023753, 0.041139353, -1.5804834)
100.357
644721.984142291
normal
simd_float4x4([[-0.007055527, -0.9985183, 0.053958073, 0.0)], [0.99800056, -0.0104206735, -0.062341273, 0.0)], [0.06281118, 0.053410325, 0.9965954, 0.0)], [-0.019577902, -0.0060760914, -0.025035102, 1.0000001)]])
-0.019577902, -0.0060760914, -0.025035102
float3(-0.05343575, 0.062942505, -1.5812321)
100.357
644722.117456875
normal
simd_float4x4([[-0.007040581, -0.99795425, 0.06354315, 0.0)], [0.9948248, -0.013431298, -0.10071387, 0.0)], [0.101361305, 0.06250521, 0.9928842, 0.0)], [-0.022455769, -0.008644126, -0.03590962, 1.0)]])
-0.022455769, -0.008644126, -0.03590962
float3(-0.06254598, 0.101735294, -1.5842544)
100.35698
644722.217442916
normal
simd_float4x4([[-0.0059904302, -0.9975196, 0.07013345, 0.0)], [0.99309164, -0.01415361, -0.11648449, 0.0)], [0.1171882, 0.06895114, 0.99071324, 0.0)], [-0.018891646, -0.0098134065, -0.04433201, 0.99999994)]])
-0.018891646, -0.0098134065, -0.04433201
float3(-0.06900589, 0.11773961, -1.5849842)
100.35698
644722.350757416
normal
simd_float4x4([[0.012692333, -0.9975957, 0.06812898, 0.0)], [0.9935979, 0.004933464, -0.11286641, 0.0)], [0.11225893, 0.06912535, 0.9912718, 0.0)], [-0.00687962, -0.0069084987, -0.02308317, 1.0)]])
-0.00687962, -0.0069084987, -0.02308317
float3(-0.06918052, 0.112766944, -1.565851)
100.35698
644722.450743208
normal
simd_float4x4([[0.00041492385, -0.99993247, 0.011612473, 0.0)], [0.99145675, -0.0011033224, -0.13043106, 0.0)], [0.13043506, 0.011567383, 0.9913894, 0.0)], [0.0063128243, -0.009278595, -0.012407653, 1.0)]])
0.0063128243, -0.009278595, -0.012407653
float3(-0.011567641, 0.13081658, -1.5718998)
100.35698
644722.55072925
normal
simd_float4x4([[0.0133159915, -0.9998964, -0.005470115, 0.0)], [0.99646837, 0.013723532, -0.0828402, 0.0)], [0.082906686, -0.0043476974, 0.9965478, 0.0)], [0.021883344, -0.010546317, -0.009779669, 1.0)]])
0.021883344, -0.010546317, -0.009779669
float3(0.004347711, 0.083002746, -1.5570723)
100.35698
644722.617386458
normal
simd_float4x4([[0.018545445, -0.9998043, 0.006879227, 0.0)], [0.997549, 0.018038433, -0.06760716, 0.0)], [0.067469835, 0.008116169, 0.9976884, 0.0)], [0.039590467, -0.015160465, -0.0029729293, 1.0000001)]])
0.039590467, -0.015160465, -0.0029729293
float3(-0.008116258, 0.06752335, -1.5527563)
100.35698
644722.684043833
normal
simd_float4x4([[0.019254863, -0.9997915, 0.006798144, 0.0)], [0.9988837, 0.018943133, -0.043274023, 0.0)], [0.043136224, 0.0076237894, 0.9990402, 0.0)], [0.05129255, -0.014802255, -0.00036895368, 1.0)]])
0.05129255, -0.014802255, -0.00036895368
float3(-0.0076238634, 0.043150865, -1.5518515)
100.35698
644722.784029666
normal
simd_float4x4([[0.016795557, -0.9995996, 0.02276854, 0.0)], [0.9998589, 0.01678795, -0.0005250958, 0.0)], [0.00014264895, 0.022774145, 0.99974066, 0.0)], [0.0739982, -0.015101575, 0.0033572356, 0.9999999)]])
0.0739982, -0.015101575, 0.0033572356
float3(-0.022776114, 0.00014268595, -1.5540032)
100.35698
644722.850687041
normal
simd_float4x4([[0.012293286, -0.99913776, 0.03965629, 0.0)], [0.9994587, 0.013488414, 0.030011764, 0.0)], [-0.030520786, 0.039265864, 0.9987626, 0.0)], [0.08979208, -0.013787432, 0.0040302025, 1.0)]])
0.08979208, -0.013787432, 0.0040302025
float3(-0.03927596, -0.030549092, -1.5572971)
100.35698
644722.917344166
normal
simd_float4x4([[0.011188791, -0.9990711, 0.041613866, 0.0)], [0.99877524, 0.01317203, 0.047693495, 0.0)], [-0.048197333, 0.041029256, 0.99799484, 0.0)], [0.10012764, -0.013394485, 0.0069678603, 1.0000001)]])
0.10012764, -0.013394485, 0.0069678603
float3(-0.041040774, -0.048256677, -1.5576128)
100.35698
644722.984001625
normal
simd_float4x4([[0.0053809504, -0.9985694, 0.05319981, 0.0)], [0.9975423, 0.009076897, 0.06947745, 0.0)], [-0.06986094, 0.052695204, 0.99616396, 0.0)], [0.10971582, -0.014658976, 0.0055936365, 1.0)]])
0.10971582, -0.014658976, 0.0055936365
float3(-0.052719623, -0.07001533, -1.5617067)
100.35698
644723.083987375
normal
simd_float4x4([[0.004164201, -0.9977306, 0.06720401, 0.0)], [0.9965751, 0.009690931, 0.082123086, 0.0)], [-0.08258798, 0.06663185, 0.99435383, 0.0)], [0.11569737, -0.014841821, 0.0034919358, 1.0)]])
0.11569737, -0.014841821, 0.0034919358
float3(-0.06668126, -0.082866736, -1.5610837)
100.3568
644723.217301875
normal
simd_float4x4([[0.007224765, -0.99708587, 0.075944364, 0.0)], [0.99697596, 0.013058753, 0.076605864, 0.0)], [-0.07737436, 0.07516123, 0.994165, 0.0)], [0.09811432, -0.014744082, 0.0029126587, 0.99999994)]])
0.09811432, -0.014744082, 0.0029126587
float3(-0.07523218, -0.077671915, -1.5577002)
100.3568
644723.31728775
normal
simd_float4x4([[0.0100821275, -0.99662167, 0.081508435, 0.0)], [0.99932206, 0.012928894, 0.034474038, 0.0)], [-0.035411384, 0.08110559, 0.99607635, 0.0)], [0.09285395, -0.013677376, 0.0018588441, 1.0000001)]])
0.09285395, -0.013677376, 0.0018588441
float3(-0.08119477, -0.03553591, -1.5578244)
100.3568
644723.41727375
normal
simd_float4x4([[0.013349387, -0.9963339, 0.08450246, 0.0)], [0.99987847, 0.012620018, -0.009159647, 0.0)], [0.008059642, 0.084614456, 0.9963813, 0.0)], [0.07805426, -0.012732895, 0.0028584828, 1.0)]])
0.07805426, -0.012732895, 0.0028584828
float3(-0.084715754, 0.008088738, -1.5581305)
100.3568
644723.483930916
normal
simd_float4x4([[0.014877266, -0.9964171, 0.08325581, 0.0)], [0.9992645, 0.01187306, -0.03646355, 0.0)], [0.03534441, 0.083737046, 0.995861, 0.0)], [0.06830311, -0.013876522, 0.0048752744, 1.0)]])
0.06830311, -0.013876522, 0.0048752744
float3(-0.083835214, 0.03547642, -1.5588812)
100.3568
644723.550588333
normal
simd_float4x4([[0.0185474, -0.9966124, 0.08012257, 0.0)], [0.99765563, 0.013167727, -0.06715703, 0.0)], [0.065874495, 0.08118032, 0.9945201, 0.0)], [0.061395437, -0.011909724, 0.0068489104, 0.99999994)]])
0.061395437, -0.011909724, 0.0068489104
float3(-0.08126975, 0.06614085, -1.5575846)
100.3568
644723.617245541
normal
simd_float4x4([[0.022653682, -0.9965181, 0.08024031, 0.0)], [0.9959196, 0.015481166, -0.08890771, 0.0)], [0.08735593, 0.08192698, 0.99280256, 0.0)], [0.05371213, -0.011561278, 0.008852197, 1.0)]])
0.05371213, -0.011561278, 0.008852197
float3(-0.082018904, 0.0877632, -1.5552623)
100.3568
644723.683902875
normal
simd_float4x4([[0.0248206, -0.9966668, 0.07771235, 0.0)], [0.9939804, 0.016306393, -0.10833732, 0.0)], [0.106708996, 0.079933554, 0.99107206, 0.0)], [0.04922364, -0.0103056375, 0.011492424, 1.0)]])
0.04922364, -0.0103056375, 0.011492424
float3(-0.08001892, 0.10725707, -1.5544368)
100.3568
644723.750560166
normal
simd_float4x4([[0.025606424, -0.9964912, 0.0796851, 0.0)], [0.9928336, 0.01604259, -0.118423834, 0.0)], [0.11672995, 0.08214645, 0.9897607, 0.0)], [0.045779835, -0.010356402, 0.013421735, 1.0)]])
0.045779835, -0.010356402, 0.013421735
float3(-0.08223912, 0.11739526, -1.5546986)
100.3568
644723.817217291
normal
simd_float4x4([[0.026610782, -0.99625355, 0.08228467, 0.0)], [0.99244136, 0.016464645, -0.12161052, 0.0)], [0.11980012, 0.08489885, 0.9891614, 0.0)], [0.046469297, -0.009184179, 0.014936706, 0.99999994)]])
0.046469297, -0.009184179, 0.014936706
float3(-0.08500117, 0.1205258, -1.5542712)
100.3568
644723.883874708
normal
simd_float4x4([[0.024332974, -0.9962447, 0.0830922, 0.0)], [0.99328375, 0.014688358, -0.11476827, 0.0)], [0.11311677, 0.085326776, 0.9899111, 0.0)], [0.04610705, -0.009160475, 0.01656393, 0.99999994)]])
0.04610705, -0.009160475, 0.01656393
float3(-0.08543066, 0.11377613, -1.5560536)
100.3568
644723.983860458
normal
simd_float4x4([[0.019719034, -0.9960392, 0.08670069, 0.0)], [0.99600464, 0.012015789, -0.08848893, 0.0)], [0.08709666, 0.08809921, 0.99229664, 0.0)], [0.051512353, -0.011043756, 0.013508963, 0.99999994)]])
0.051512353, -0.011043756, 0.013508963
float3(-0.08821358, 0.08754844, -1.5587333)
100.3568
644724.117175083
normal
simd_float4x4([[0.010553832, -0.99557686, 0.093355924, 0.0)], [0.9993269, 0.007220991, -0.0359664, 0.0)], [0.03513319, 0.09367266, 0.994983, 0.0)], [0.07089481, -0.012688303, 0.014439099, 1.0)]])
0.07089481, -0.012688303, 0.014439099
float3(-0.09381019, 0.035295676, -1.5635434)
100.35677
644724.217161
normal
simd_float4x4([[0.0020215395, -0.99528146, 0.097008504, 0.0)], [0.9999099, 0.0032989918, 0.013009875, 0.0)], [-0.013268518, 0.09697346, 0.99519855, 0.0)], [0.08604254, -0.013634376, 0.014753517, 1.0)]])
0.08604254, -0.013634376, 0.014753517
float3(-0.09712609, -0.013331744, -1.5674818)
100.35677
644724.317146875
normal
simd_float4x4([[-0.0038092437, -0.994899, 0.10080442, 0.0)], [0.9981877, 0.0022711689, 0.060135495, 0.0)], [-0.060057685, 0.10085078, 0.99308723, 0.0)], [0.09673622, -0.015359642, 0.016577154, 1.0)]])
0.09673622, -0.015359642, 0.016577154
float3(-0.10102253, -0.060402174, -1.5685135)
100.35677
644724.383804208
normal
simd_float4x4([[-0.0064701717, -0.9944363, 0.10514093, 0.0)], [0.9965974, 0.002227161, 0.08239348, 0.0)], [-0.08216923, 0.10531627, 0.99103826, 0.0)], [0.100434124, -0.01751207, 0.016892023, 0.99999994)]])
0.100434124, -0.01751207, 0.016892023
float3(-0.10551193, -0.08272305, -1.5685567)
100.35677
644724.450461541
normal
simd_float4x4([[-0.00793893, -0.9940833, 0.10833017, 0.0)], [0.99539435, 0.00249396, 0.09583268, 0.0)], [-0.09553584, 0.10859205, 0.9894851, 0.0)], [0.10142475, -0.018299378, 0.016904546, 1.0)]])
0.10142475, -0.018299378, 0.016904546
float3(-0.10880661, -0.09625271, -1.5682875)
100.35677
644724.517118666
normal
simd_float4x4([[-0.008616701, -0.9941756, 0.10742753, 0.0)], [0.99557006, 0.0015296551, 0.09401012, 0.0)], [-0.093626894, 0.107761696, 0.9897584, 0.0)], [0.09985409, -0.019013893, 0.01399366, 1.0)]])
0.09985409, -0.019013893, 0.01399366
float3(-0.107971355, -0.09431506, -1.5692577)
100.35677
644724.583775958
normal
simd_float4x4([[-0.00020191443, -0.9940378, 0.10903534, 0.0)], [0.99759126, 0.0073633064, 0.06897611, 0.0)], [-0.06936773, 0.10878662, 0.99164194, 0.0)], [0.091409504, -0.017723378, 0.01113966, 0.99999994)]])
0.091409504, -0.017723378, 0.01113966
float3(-0.109002344, -0.06983863, -1.563389)
100.35677
644724.650433333
normal
simd_float4x4([[0.011121729, -0.99395704, 0.10920492, 0.0)], [0.99925435, 0.01508609, 0.0355432, 0.0)], [-0.036975887, 0.10872818, 0.9933837, 0.0)], [0.08258684, -0.017342238, 0.0047748266, 1.0000001)]])
0.08258684, -0.017342238, 0.0047748266
float3(-0.10894355, -0.037204985, -1.5556197)
100.35677
644724.717090583
normal
simd_float4x4([[0.02076758, -0.9941422, 0.10606531, 0.0)], [0.99962306, 0.01874208, -0.020058002, 0.0)], [0.017952627, 0.106441885, 0.99415684, 0.0)], [0.06767508, -0.015385634, 0.00066580425, 0.9999999)]])
0.06767508, -0.015385634, 0.00066580425
float3(-0.106643915, 0.01805618, -1.551946)
100.35677
644724.783747916
normal
simd_float4x4([[0.03152649, -0.9940657, 0.10411277, 0.0)], [0.99699134, 0.023896363, -0.073738165, 0.0)], [0.070812665, 0.10612422, 0.99182826, 0.0)], [0.054628648, -0.015748579, -0.0009164827, 0.99999994)]])
0.054628648, -0.015748579, -0.0009164827
float3(-0.10632444, 0.07127515, -1.546762)
100.35677
644724.850405166
normal
simd_float4x4([[0.043024786, -0.99384934, 0.10204081, 0.0)], [0.99039173, 0.028991997, -0.13521756, 0.0)], [0.13142753, 0.10687808, 0.9855476, 0.0)], [0.03383886, -0.014140735, -0.004160504, 0.99999994)]])
0.03383886, -0.014140735, -0.004160504
float3(-0.10708261, 0.13257265, -1.5416331)
100.35677
644724.917062333
normal
simd_float4x4([[0.05218598, -0.9934829, 0.10133263, 0.0)], [0.9798084, 0.031326264, -0.19746993, 0.0)], [0.19300863, 0.1095917, 0.9750576, 0.0)], [0.01839217, -0.016712293, -0.004996191, 0.9999999)]])
0.01839217, -0.016712293, -0.004996191
float3(-0.10981227, 0.19541967, -1.539275)
100.35677
644725.017048125
normal
simd_float4x4([[0.068093136, -0.991601, 0.10995806, 0.0)], [0.9557594, 0.03322256, -0.2922672, 0.0)], [0.2861594, 0.124994844, 0.94999427, 0.0)], [-0.013615472, -0.023151781, -0.005566604, 1.0)]])
-0.013615472, -0.023151781, -0.005566604
float3(-0.12532264, 0.2925777, -1.5373049)
100.35677
644725.150362833
normal
simd_float4x4([[0.09850807, -0.9864306, 0.13134243, 0.0)], [0.91049147, 0.03607353, -0.41195157, 0.0)], [0.40162364, 0.16016668, 0.9016902, 0.0)], [-0.062385272, -0.033453844, -0.00658211, 0.99999994)]])
-0.062385272, -0.033453844, -0.00658211
float3(-0.16085951, 0.419032, -1.5342429)
100.35677
644725.250348833
normal
simd_float4x4([[0.11146722, -0.9828016, 0.14722803, 0.0)], [0.8770902, 0.027641946, -0.47952992, 0.0)], [0.46721312, 0.1825841, 0.8650867, 0.0)], [-0.09724588, -0.043231037, -0.006910409, 1.0000001)]])
-0.09724588, -0.043231037, -0.006910409
float3(-0.1836141, 0.49519262, -1.5426781)
100.35677
644725.317005875
normal
simd_float4x4([[0.12571451, -0.97960865, 0.15672477, 0.0)], [0.85685235, 0.027595961, -0.514823, 0.0)], [0.5000002, 0.19901067, 0.8428492, 0.0)], [-0.12013881, -0.049026225, -0.00668403, 1.0)]])
-0.12013881, -0.049026225, -0.00668403
float3(-0.20034829, 0.5354238, -1.5426334)
100.35677
644725.383663291
normal
simd_float4x4([[0.13554096, -0.97843045, 0.1558925, 0.0)], [0.84468424, 0.03188132, -0.5343147, 0.0)], [0.51781976, 0.20410144, 0.830786, 0.0)], [-0.14456251, -0.05261597, -0.0064302254, 0.99999994)]])
-0.14456251, -0.05261597, -0.0064302254
float3(-0.20554574, 0.557368, -1.5382237)
100.35677
644725.450320541
normal
simd_float4x4([[0.13929352, -0.97704995, 0.16115402, 0.0)], [0.83998924, 0.0303973, -0.54175115, 0.0)], [0.5244193, 0.21083005, 0.82494557, 0.0)], [-0.16402712, -0.058772318, -0.00673747, 1.0)]])
-0.16402712, -0.058772318, -0.00673747
float3(-0.21242401, 0.56625795, -1.539695)
100.35677
644725.516977791
normal
simd_float4x4([[0.14288904, -0.9743968, 0.1735902, 0.0)], [0.8401377, 0.026693318, -0.54171604, 0.0)], [0.5232126, 0.22324495, 0.82244176, 0.0)], [-0.18516186, -0.062282734, -0.010780076, 1.0)]])
-0.18516186, -0.062282734, -0.010780076
float3(-0.22514218, 0.5665912, -1.5434085)
100.35677
644725.583635
normal
simd_float4x4([[0.14444816, -0.9728246, 0.18096174, 0.0)], [0.85013825, 0.028425155, -0.5257919, 0.0)], [0.5063594, 0.22979213, 0.8311413, 0.0)], [-0.20493075, -0.06584589, -0.016212422, 0.99999994)]])
-0.20493075, -0.06584589, -0.016212422
float3(-0.2318641, 0.5471814, -1.5415854)
100.35677
644725.65029225
normal
simd_float4x4([[0.13987285, -0.9729416, 0.183903, 0.0)], [0.8690301, 0.031607073, -0.49374875, 0.0)], [0.47457603, 0.22887926, 0.8499365, 0.0)], [-0.2203245, -0.06471728, -0.021216715, 1.0)]])
-0.2203245, -0.06471728, -0.021216715
float3(-0.23092623, 0.5092439, -1.5383216)
100.35677
644725.7169495
normal
simd_float4x4([[0.11492437, -0.97948885, 0.16551106, 0.0)], [0.886155, 0.025792712, -0.46267077, 0.0)], [0.44891188, 0.19984056, 0.8709431, 0.0)], [-0.23226926, -0.06370983, -0.026668813, 0.99999994)]])
-0.23226926, -0.06370983, -0.026668813
float3(-0.2011952, 0.47591677, -1.5444696)
100.35677
644725.783606833
normal
simd_float4x4([[0.09747138, -0.985363, 0.13985355, 0.0)], [0.89007336, 0.023436323, -0.4552146, 0.0)], [0.44527394, 0.1688503, 0.8793297, 0.0)], [-0.24559934, -0.059124216, -0.031297866, 0.99999994)]])
-0.24559934, -0.059124216, -0.031297866
float3(-0.1696631, 0.46873766, -1.5470164)
100.35677
644725.850264291
normal
simd_float4x4([[0.100993276, -0.9865045, 0.12887654, 0.0)], [0.8895498, 0.031528648, -0.45574927, 0.0)], [0.44553545, 0.16066965, 0.880729, 0.0)], [-0.2642321, -0.055074945, -0.034522634, 1.0)]])
-0.2642321, -0.055074945, -0.034522634
float3(-0.16136909, 0.46833354, -1.5388472)
100.35677
644725.983578708
normal
simd_float4x4([[0.10801192, -0.9884827, 0.10599694, 0.0)], [0.8622781, 0.04008582, -0.5048463, 0.0)], [0.49478287, 0.14592823, 0.85667676, 0.0)], [-0.31007013, -0.04246919, -0.03847215, 1.0)]])
-0.31007013, -0.04246919, -0.03847215
float3(-0.14645119, 0.5237566, -1.5302657)
100.35677
644726.083564541
normal
simd_float4x4([[0.12523079, -0.9869567, 0.10116134, 0.0)], [0.80646074, 0.041874614, -0.5898032, 0.0)], [0.5778742, 0.15544415, 0.8011859, 0.0)], [-0.35678628, -0.034309603, -0.042126242, 1.0)]])
-0.35678628, -0.034309603, -0.042126242
float3(-0.15607704, 0.6248613, -1.5283937)
100.35677
644726.183550416
normal
simd_float4x4([[0.14132842, -0.9839409, 0.1090256, 0.0)], [0.7376858, 0.031228244, -0.6744217, 0.0)], [0.66018635, 0.17574155, 0.7302526, 0.0)], [-0.40347585, -0.028349714, -0.048546385, 0.99999994)]])
-0.40347585, -0.028349714, -0.048546385
float3(-0.17665899, 0.73504925, -1.539069)
100.35677
644726.250207708
normal
simd_float4x4([[0.14102691, -0.9843779, 0.1054119, 0.0)], [0.68732494, 0.020720206, -0.7260545, 0.0)], [0.71252793, 0.17484546, 0.67950964, 0.0)], [-0.43525162, -0.026782308, -0.052908886, 1.0000001)]])
-0.43525162, -0.026782308, -0.052908886
float3(-0.17574881, 0.8091131, -1.5497504)
100.35677
644726.350193583
normal
simd_float4x4([[0.1413507, -0.9852474, 0.096476875, 0.0)], [0.61696434, 0.011459001, -0.7869078, 0.0)], [0.7741933, 0.17075273, 0.60948217, 0.0)], [-0.47878286, -0.023855938, -0.06813466, 1.0)]])
-0.47878286, -0.023855938, -0.06813466
float3(-0.17159358, 0.90387946, -1.5591663)
100.35677
644726.416851041
normal
simd_float4x4([[0.14389578, -0.9853991, 0.091008715, 0.0)], [0.5753632, 0.008484378, -0.81785417, 0.0)], [0.8051405, 0.1700488, 0.5681833, 0.0)], [-0.5052973, -0.022899289, -0.08383772, 1.0)]])
-0.5052973, -0.022899289, -0.08383772
float3(-0.1708792, 0.9562587, -1.5621865)
100.35677
644726.483508166
normal
simd_float4x4([[0.14299823, -0.9859317, 0.086546175, 0.0)], [0.5371753, 0.00387118, -0.8434619, 0.0)], [0.8312607, 0.16710399, 0.53017163, 0.0)], [-0.5370906, -0.025225455, -0.10578519, 1.0)]])
-0.5370906, -0.025225455, -0.10578519
float3(-0.16789162, 1.0030509, -1.56687)
100.35677
644726.5501655
normal
simd_float4x4([[0.13136372, -0.98811895, 0.07977815, 0.0)], [0.49772635, -0.003856258, -0.86732566, 0.0)], [0.8573285, 0.15364279, 0.49130628, 0.0)], [-0.56481385, -0.024346037, -0.12983501, 1.0)]])
-0.56481385, -0.024346037, -0.12983501
float3(-0.15425378, 1.0504164, -1.5746989)
100.35677
644726.61682275
normal
simd_float4x4([[0.11856423, -0.9902561, 0.07304428, 0.0)], [0.44977427, -0.0120230345, -0.89306134, 0.0)], [0.8852377, 0.13873856, 0.44396615, 0.0)], [-0.60166657, -0.027096074, -0.15317865, 1.0)]])
-0.60166657, -0.027096074, -0.15317865
float3(-0.13918754, 1.1059319, -1.5829371)
100.35677
644726.683480083
normal
simd_float4x4([[0.09696735, -0.9936748, 0.05663569, 0.0)], [0.40174776, -0.01298465, -0.9156583, 0.0)], [0.91060203, 0.11154221, 0.3979476, 0.0)], [-0.6312705, -0.02190972, -0.17591861, 0.99999994)]])
-0.6312705, -0.02190972, -0.17591861
float3(-0.11177481, 1.1587923, -1.5838629)
100.35677
644726.750137458
normal
simd_float4x4([[0.12123784, -0.99133456, 0.050566666, 0.0)], [0.3408404, -0.006269312, -0.94010025, 0.0)], [0.932271, 0.13121088, 0.33712682, 0.0)], [-0.68066895, -0.023744069, -0.19602151, 0.9999999)]])
-0.68066895, -0.023744069, -0.19602151
float3(-0.13159032, 1.2238083, -1.5771203)
100.35677
644726.850123291
normal
simd_float4x4([[0.12202658, -0.9914403, 0.046429675, 0.0)], [0.28684202, -0.009555846, -0.9579303, 0.0)], [0.9501744, 0.13021094, 0.28322065, 0.0)], [-0.7360819, -0.025911797, -0.22600102, 0.99999994)]])
-0.7360819, -0.025911797, -0.22600102
float3(-0.13058172, 1.281109, -1.5804343)
100.35677
644726.950109041
normal
simd_float4x4([[0.14052483, -0.9892355, 0.04081428, 0.0)], [0.23542544, -0.0066546765, -0.97186965, 0.0)], [0.96167964, 0.14618051, 0.23195606, 0.0)], [-0.79337, -0.034249954, -0.24832371, 0.99999994)]])
-0.79337, -0.034249954, -0.24832371
float3(-0.1467062, 1.334118, -1.5775234)
100.35704
644727.0167665
normal
simd_float4x4([[0.17133556, -0.9849863, 0.021119013, 0.0)], [0.20758182, 0.015136886, -0.9781006, 0.0)], [0.9630961, 0.17196733, 0.20705874, 0.0)], [-0.8291727, -0.03723997, -0.2623207, 0.99999994)]])
-0.8291727, -0.03723997, -0.2623207
float3(-0.1728264, 1.359027, -1.5554299)
100.35704
644727.083423666
normal
simd_float4x4([[0.1825766, -0.9831752, 0.0056841346, 0.0)], [0.17461891, 0.026736416, -0.98427314, 0.0)], [0.96756095, 0.18069777, 0.17656244, 0.0)], [-0.8696985, -0.050621517, -0.2688318, 1.0)]])
-0.8696985, -0.050621517, -0.2688318
float3(-0.18169585, 1.3903004, -1.543609)
100.35704
644727.150081041
normal
simd_float4x4([[0.1994761, -0.9797693, -0.016161889, 0.0)], [0.14187221, 0.045196183, -0.9888526, 0.0)], [0.96957797, 0.19495952, 0.14801762, 0.0)], [-0.90998536, -0.059673347, -0.27737758, 0.9999999)]])
-0.90998536, -0.059673347, -0.27737758
float3(-0.19621618, 1.4193041, -1.5246996)
100.35704
644727.250066833
normal
simd_float4x4([[0.21032853, -0.97725785, -0.027001051, 0.0)], [0.08127255, 0.045001652, -0.99567556, 0.0)], [0.97424686, 0.2072245, 0.08888938, 0.0)], [-0.97604275, -0.08080611, -0.26996982, 1.0)]])
-0.97604275, -0.08080611, -0.26996982
float3(-0.20873702, 1.4798092, -1.5247799)
100.35704
644727.316724083
normal
simd_float4x4([[0.20922442, -0.9771487, -0.037490014, 0.0)], [0.024700971, 0.043607425, -0.99874336, 0.0)], [0.97755563, 0.20803544, 0.03326026, 0.0)], [-1.0265112, -0.09308892, -0.25712192, 0.99999994)]])
-1.0265112, -0.09308892, -0.25712192
float3(-0.20956603, 1.5367855, -1.5261987)
100.35704
644727.383381375
normal
simd_float4x4([[0.22407465, -0.97316164, -0.05241116, 0.0)], [-0.007859605, 0.05197242, -0.99861765, 0.0)], [0.9745403, 0.2241768, 0.0039970335, 0.0)], [-1.0836673, -0.09975193, -0.25644955, 0.99999994)]])
-1.0836673, -0.09975193, -0.25644955
float3(-0.22609825, 1.5666949, -1.5174413)
100.35704
644727.450038666
normal
simd_float4x4([[0.20941205, -0.9768883, -0.04284653, 0.0)], [-0.019174565, 0.039707173, -0.99902743, 0.0)], [0.9776395, 0.21002993, -0.010416246, 0.0)], [-1.1278011, -0.1010582, -0.25504577, 1.0)]])
-1.1278011, -0.1010582, -0.25504577
float3(-0.21160558, 1.5814505, -1.5301721)
100.35704
644727.516696125
normal
simd_float4x4([[0.20408309, -0.97885555, -0.013857374, 0.0)], [-0.019543936, 0.010078541, -0.99975824, 0.0)], [0.9787585, 0.20430455, -0.017073827, 0.0)], [-1.1755623, -0.096500546, -0.26898894, 1.0)]])
-1.1755623, -0.096500546, -0.26898894
float3(-0.20575322, 1.588239, -1.5605004)
100.35704
644727.58335325
normal
simd_float4x4([[0.18993953, -0.9817958, 0.00022047503, 0.0)], [-0.020278096, -0.004147542, -0.99978584, 0.0)], [0.98158646, 0.18989436, -0.020696733, 0.0)], [-1.2204067, -0.08263172, -0.28216842, 1.0)]])
-1.2204067, -0.08263172, -0.28216842
float3(-0.19105455, 1.5918782, -1.5750208)
100.35704
644727.650010583
normal
simd_float4x4([[0.18662564, -0.98238796, -0.0092064515, 0.0)], [-0.014849963, 0.006549199, -0.9998684, 0.0)], [0.98231894, 0.18673778, -0.013366173, 0.0)], [-1.2568861, -0.068375446, -0.29668948, 1.0)]])
-1.2568861, -0.068375446, -0.29668948
float3(-0.18784046, 1.5844022, -1.5641298)
100.35704
644727.749996416
normal
simd_float4x4([[0.17482194, -0.9845973, 0.002305839, 0.0)], [-0.00035565934, -0.0024050532, -0.99999714, 0.0)], [0.98460007, 0.17482059, -0.00077063625, 0.0)], [-1.3113995, -0.057799086, -0.32434455, 1.0)]])
-1.3113995, -0.057799086, -0.32434455
float3(-0.17572355, 1.571579, -1.573239)
100.35704
644727.849982291
normal
simd_float4x4([[0.18242292, -0.98307866, 0.016683865, 0.0)], [0.00057540595, -0.016861847, -0.99985766, 0.0)], [0.9832201, 0.18240654, -0.002510318, 0.0)], [-1.3705465, -0.05716508, -0.35938516, 1.0)]])
-1.3705465, -0.05716508, -0.35938516
float3(-0.1834335, 1.5733495, -1.5879468)
100.35745
644727.91663975
normal
simd_float4x4([[0.18288094, -0.9827509, 0.027481211, 0.0)], [-0.00028188972, -0.028005043, -0.99960774, 0.0)], [0.9831351, 0.18280144, -0.0053986167, 0.0)], [-1.4132574, -0.06217661, -0.38436437, 0.99999994)]])
-1.4132574, -0.06217661, -0.38436437
float3(-0.18383515, 1.5762875, -1.5992852)
100.35745
644727.983296916
normal
simd_float4x4([[0.17935845, -0.98312616, 0.035962604, 0.0)], [-0.014254839, -0.03914869, -0.9991317, 0.0)], [0.9836804, 0.17869006, -0.021035956, 0.0)], [-1.4540689, -0.0665394, -0.41229925, 0.9999999)]])
-1.4540689, -0.0665394, -0.41229925
float3(-0.17965493, 1.592178, -1.610596)
100.35745
644728.049954166
normal
simd_float4x4([[0.16654088, -0.98542947, 0.034539487, 0.0)], [-0.020386811, -0.038462397, -0.99905217, 0.0)], [0.9858238, 0.16567884, -0.026495328, 0.0)], [-1.498242, -0.06646378, -0.44209388, 1.0)]])
-1.498242, -0.06646378, -0.44209388
float3(-0.16644633, 1.5976661, -1.6098076)
100.35745
644728.183268708
normal
simd_float4x4([[0.18405159, -0.98242605, 0.031049903, 0.0)], [0.0024718705, -0.031126833, -0.9995125, 0.0)], [0.98291355, 0.1840386, -0.0033005122, 0.0)], [-1.5805284, -0.048542485, -0.5097915, 1.0)]])
-1.5805284, -0.048542485, -0.5097915
float3(-0.18509366, 1.5741543, -1.6024693)
100.35745
644728.283254541
normal
simd_float4x4([[0.15473227, -0.9878367, 0.015379665, 0.0)], [0.04103775, -0.009127221, -0.999116, 0.0)], [0.9871038, 0.15522662, 0.03912632, 0.0)], [-1.6182172, -0.030669264, -0.5565589, 1.0)]])
-1.6182172, -0.030669264, -0.5565589
float3(-0.15585685, 1.5311795, -1.5800357)
100.35745
644728.349911833
normal
simd_float4x4([[0.14592154, -0.9892188, 0.012376531, 0.0)], [0.088058315, 0.00052683125, -0.9961153, 0.0)], [0.9853694, 0.1464445, 0.08718581, 0.0)], [-1.6404798, -0.03026295, -0.5888955, 1.0)]])
-1.6404798, -0.03026295, -0.5888955
float3(-0.14697306, 1.4825459, -1.5702637)
100.35745
644728.416569041
normal
simd_float4x4([[0.14861386, -0.9888569, 0.008714135, 0.0)], [0.13677453, 0.011826747, -0.9905316, 0.0)], [0.9793911, 0.14839858, 0.13700806, 0.0)], [-1.6600653, -0.026302086, -0.62099624, 1.0)]])
-1.6600653, -0.026302086, -0.62099624
float3(-0.14894873, 1.4318073, -1.5588369)
100.35745
644728.483226458
normal
simd_float4x4([[0.15337718, -0.9881288, 0.008775401, 0.0)], [0.18482341, 0.019962227, -0.9825691, 0.0)], [0.97072965, 0.15232553, 0.18569109, 0.0)], [-1.6794103, -0.025070136, -0.6542003, 1.0)]])
-1.6794103, -0.025070136, -0.6542003
float3(-0.15292083, 1.3817894, -1.5505971)
100.35745
644728.549883833
normal
simd_float4x4([[0.15390132, -0.9880176, 0.011643339, 0.0)], [0.25298518, 0.028010525, -0.9670647, 0.0)], [0.9551508, 0.1517781, 0.25426468, 0.0)], [-1.6988854, -0.02565118, -0.6909746, 1.0)]])
-1.6988854, -0.02565118, -0.6909746
float3(-0.15236697, 1.3106261, -1.5424536)
100.35745
644728.649869583
normal
simd_float4x4([[0.16383317, -0.98599964, 0.031037128, 0.0)], [0.3715635, 0.032532476, -0.92783743, 0.0)], [0.91383773, 0.1635428, 0.3716914, 0.0)], [-1.7301933, -0.030088134, -0.751073, 1.0)]])
-1.7301933, -0.030088134, -0.751073
float3(-0.16428076, 1.1844959, -1.5378139)
100.35745
644728.7498555
normal
simd_float4x4([[0.14977163, -0.98683447, 0.061042704, 0.0)], [0.50090426, 0.02250272, -0.8652102, 0.0)], [0.85244566, 0.16016048, 0.49767983, 0.0)], [-1.7616775, -0.032923665, -0.8184553, 1.0)]])
-1.7616775, -0.032923665, -0.8184553
float3(-0.16085324, 1.0423545, -1.5479974)
100.35745
644728.816512875
normal
simd_float4x4([[0.12818457, -0.98866504, 0.07816627, 0.0)], [0.5990166, 0.014367007, -0.80060774, 0.0)], [0.7904099, 0.14944844, 0.5940684, 0.0)], [-1.77436, -0.03215861, -0.8622578, 1.0)]])
-1.77436, -0.03215861, -0.8622578
float3(-0.15001042, 0.92627496, -1.5562656)
100.357704
644728.883169958
normal
simd_float4x4([[0.08518462, -0.99155104, 0.09782631, 0.0)], [0.6954464, -0.011140185, -0.7184916, 0.0)], [0.713511, 0.12923738, 0.6886216, 0.0)], [-1.7819946, -0.029815689, -0.9055358, 0.9999999)]])
-1.7819946, -0.029815689, -0.9055358
float3(-0.12959987, 0.80314744, -1.582031)
100.357704
644728.949827291
normal
simd_float4x4([[0.05932934, -0.99014676, 0.12684429, 0.0)], [0.77351445, -0.03472051, -0.63282704, 0.0)], [0.63099575, 0.13566107, 0.7638328, 0.0)], [-1.7838808, -0.028470324, -0.9498196, 0.99999994)]])
-1.7838808, -0.028470324, -0.9498196
float3(-0.13608067, 0.6904491, -1.605848)
100.357704
644729.083141833
normal
simd_float4x4([[0.002874233, -0.98865914, 0.15014963, 0.0)], [0.8997812, -0.06295874, -0.43177542, 0.0)], [0.43633193, 0.13634281, 0.88939595, 0.0)], [-1.7629932, -0.024424793, -1.0296859, 0.99999994)]])
-1.7629932, -0.024424793, -1.0296859
float3(-0.1367688, 0.45609418, -1.6343914)
100.357704
644729.183127708
normal
simd_float4x4([[-0.010324979, -0.9858277, 0.16744323, 0.0)], [0.9606656, -0.056252465, -0.2719512, 0.0)], [0.2775161, 0.15804905, 0.94763154, 0.0)], [-1.7376517, -0.017503455, -1.0817504, 1.0)]])
-1.7376517, -0.017503455, -1.0817504
float3(-0.15871455, 0.28488645, -1.6277957)
100.357704
644729.249785041
normal
simd_float4x4([[-0.033002455, -0.9863352, 0.16141139, 0.0)], [0.98344475, -0.060838766, -0.17069013, 0.0)], [0.17817777, 0.15310596, 0.972014, 0.0)], [-1.7157019, -0.013074849, -1.1111233, 1.0)]])
-1.7157019, -0.013074849, -1.1111233
float3(-0.15371053, 0.1812951, -1.6323999)
100.357704
644729.349771
normal
simd_float4x4([[-0.064872906, -0.9848525, 0.16080117, 0.0)], [0.9953521, -0.07535545, -0.05996615, 0.0)], [0.07117506, 0.15616356, 0.98516345, 0.0)], [-1.6791638, -0.010616455, -1.1560247, 1.0)]])
-1.6791638, -0.010616455, -1.1560247
float3(-0.15680535, 0.07212165, -1.647162)
100.357704
644729.41642825
normal
simd_float4x4([[-0.09074961, -0.9837682, 0.15480539, 0.0)], [0.99574804, -0.09210533, -0.0015926473, 0.0)], [0.015825195, 0.15400264, 0.98794377, 0.0)], [-1.6557006, -0.010076323, -1.1860112, 1.0000001)]])
-1.6557006, -0.010076323, -1.1860112
float3(-0.15461797, 0.016016945, -1.6641493)
100.357704
644729.549742708
normal
simd_float4x4([[-0.12043616, -0.9829382, 0.13902396, 0.0)], [0.9914701, -0.11207071, 0.06653717, 0.0)], [-0.049821418, 0.14585157, 0.98805124, 0.0)], [-1.6123656, -0.0054395064, -1.2533981, 0.99999994)]])
-1.6123656, -0.0054395064, -1.2533981
float3(-0.14637369, -0.05038125, -1.6843221)
100.357704
644729.649728666
normal
simd_float4x4([[-0.1257144, -0.98451006, 0.12221233, 0.0)], [0.98801976, -0.113132395, 0.104967535, 0.0)], [-0.089515425, 0.13394411, 0.98693776, 0.0)], [-1.5791575, 0.0044381134, -1.3053122, 1.0)]])
-1.5791575, 0.0044381134, -1.3053122
float3(-0.1343479, -0.09045268, -1.6852069)
100.357704
644729.716385875
normal
simd_float4x4([[-0.12379211, -0.9859235, 0.112384625, 0.0)], [0.98665494, -0.1102228, 0.11984589, 0.0)], [-0.105771534, 0.1257208, 0.9864111, 0.0)], [-1.5577153, 0.015237807, -1.3380398, 0.99999994)]])
-1.5577153, 0.015237807, -1.3380398
float3(-0.12605436, -0.106820494, -1.6821306)
100.357704
644729.783043083
normal
simd_float4x4([[-0.10976871, -0.98938125, 0.09526616, 0.0)], [0.98396057, -0.09460522, 0.15123345, 0.0)], [-0.14061487, 0.11033883, 0.9838968, 0.0)], [-1.539207, 0.0274514, -1.3650824, 1.0)]])
-1.539207, 0.0274514, -1.3650824
float3(-0.110563956, -0.141955, -1.6661271)
100.35796
644729.883029208
normal
simd_float4x4([[-0.0983167, -0.9934038, 0.059014805, 0.0)], [0.96741474, -0.08150352, 0.23972107, 0.0)], [-0.2333299, 0.080660366, 0.96904653, 0.0)], [-1.510121, 0.043167274, -1.394931, 1.0)]])
-1.510121, 0.043167274, -1.394931
float3(-0.08074809, -0.23628518, -1.6526576)
100.35796
644729.949686375
normal
simd_float4x4([[-0.091003776, -0.99451816, 0.051497478, 0.0)], [0.95005137, -0.07120035, 0.30386376, 0.0)], [-0.29853135, 0.076577984, 0.9513228, 0.0)], [-1.4899812, 0.052597996, -1.4132419, 1.0)]])
-1.4899812, 0.052597996, -1.4132419
float3(-0.076653026, -0.30407476, -1.6422672)
100.35796
644730.049672416
normal
simd_float4x4([[-0.075196885, -0.99629116, 0.041823957, 0.0)], [0.9046688, -0.05051951, 0.42311, 0.0)], [-0.41942787, 0.069653384, 0.9051126, 0.0)], [-1.4828638, 0.06802572, -1.4395717, 1.0)]])
-1.4828638, 0.06802572, -1.4395717
float3(-0.06970983, -0.43394014, -1.6214606)
100.35796
644730.116329458
normal
simd_float4x4([[-0.05916617, -0.99730635, 0.043352615, 0.0)], [0.8569734, -0.028472409, 0.5145737, 0.0)], [-0.51195323, 0.067597374, 0.8563496, 0.0)], [-1.4673865, 0.0781729, -1.4523665, 1.0000001)]])
-1.4673865, 0.0781729, -1.4523665
float3(-0.06764896, -0.5388239, -1.5993379)
100.35796
