ARKit Data
644442.239933333
normal
simd_float4x4([[0.3798245, -0.7201455, 0.58062345, 0.0)], [0.85129595, 0.026504546, -0.52401584, 0.0)], [0.36197862, 0.69331646, 0.6231241, 0.0)], [-3.300991, -0.16316076, -12.18961, 0.99999994)]])
-3.300991, -0.16316076, -12.18961
float3(-0.7660811, 0.52626395, -1.5340085)
100.363976
644442.289926333
normal
simd_float4x4([[0.38484606, -0.7261483, 0.56973857, 0.0)], [0.8463988, 0.031466436, -0.531619, 0.0)], [0.3681067, 0.6868176, 0.6267207, 0.0)], [-3.309783, -0.1687018, -12.2499895, 0.9999998)]])
-3.309783, -0.1687018, -12.2499895
float3(-0.7571015, 0.5310688, -1.52749)
100.363976
644442.356583541
normal
simd_float4x4([[0.3922539, -0.73806715, 0.5489933, 0.0)], [0.8402171, 0.04456779, -0.54041535, 0.0)], [0.37439546, 0.6732536, 0.6376186, 0.0)], [-3.3299098, -0.16747445, -12.336492, 0.99999994)]])
-3.3299098, -0.16747445, -12.336492
float3(-0.73860025, 0.530938, -1.510485)
100.363976
644442.423240916
normal
simd_float4x4([[0.40520945, -0.7377571, 0.5399255, 0.0)], [0.82891655, 0.047374096, -0.5573625, 0.0)], [0.3856197, 0.6734018, 0.6307355, 0.0)], [-3.345833, -0.16267651, -12.413172, 0.9999999)]])
-3.345833, -0.16267651, -12.413172
float3(-0.7388007, 0.5487459, -1.5066707)
100.363976
644442.489898125
normal
simd_float4x4([[0.42029566, -0.74637467, 0.5160197, 0.0)], [0.82684416, 0.08079549, -0.5565975, 0.0)], [0.3737382, 0.66060346, 0.6510935, 0.0)], [-3.3747883, -0.15053506, -12.479547, 0.99999994)]])
-3.3747883, -0.15053506, -12.479547
float3(-0.7216223, 0.5210946, -1.4629656)
100.363976
644442.556555333
normal
simd_float4x4([[0.40301985, -0.78600425, 0.46879858, 0.0)], [0.83924127, 0.11309323, -0.5318683, 0.0)], [0.36503294, 0.60778856, 0.7052261, 0.0)], [-3.3923564, -0.13047571, -12.547765, 0.99999994)]])
-3.3923564, -0.13047571, -12.547765
float3(-0.6532728, 0.4776371, -1.4278934)
100.363976
644442.6232125
normal
simd_float4x4([[0.3865333, -0.80530053, 0.44953626, 0.0)], [0.84304553, 0.11086251, -0.5262923, 0.0)], [0.37398687, 0.5824091, 0.7217571, 0.0)], [-3.4212065, -0.124754585, -12.606671, 0.9999998)]])
-3.4212065, -0.124754585, -12.606671
float3(-0.62168914, 0.47807115, -1.4339902)
100.363976
644442.689869916
normal
simd_float4x4([[0.3923773, -0.8017631, 0.45079473, 0.0)], [0.8495148, 0.12798148, -0.5118059, 0.0)], [0.3526538, 0.5837778, 0.73132664, 0.0)], [-3.4490776, -0.12526698, -12.669829, 0.99999994)]])
-3.4490776, -0.12526698, -12.669829
float3(-0.62337387, 0.44931546, -1.4125067)
100.363976
644443.533867916
notAvailable
simd_float4x4([[-0.26044357, 0.0, 0.96548903, 0.0)], [0.0, 0.99999994, 0.0, 0.0)], [-0.96548903, 0.0, -0.26044357, 0.0)], [0.25293446, -0.28942817, 0.29055277, 0.99999994)]])
0.25293446, -0.28942817, 0.29055277
float3(-0.0, -1.834278, 0.0)
100.3644
644443.583860791
notAvailable
simd_float4x4([[-0.26044357, 0.0, 0.96548903, 0.0)], [0.0, 0.99999994, 0.0, 0.0)], [-0.96548903, 0.0, -0.26044357, 0.0)], [0.25293446, -0.28942817, 0.29055277, 0.99999994)]])
0.25293446, -0.28942817, 0.29055277
float3(-0.0, -1.834278, 0.0)
100.3644
644443.633853833
notAvailable
simd_float4x4([[-0.26044357, 0.0, 0.96548903, 0.0)], [0.0, 0.99999994, 0.0, 0.0)], [-0.96548903, 0.0, -0.26044357, 0.0)], [0.25293446, -0.28942817, 0.29055277, 0.99999994)]])
0.25293446, -0.28942817, 0.29055277
float3(-0.0, -1.834278, 0.0)
100.3644
644443.683846833
limited((extension in ARKit):__C.ARCamera.TrackingState.Reason.initializing)
simd_float4x4([[0.018969104, -0.83044606, 0.55677617, 0.0)], [0.9998201, 0.015755674, -0.01056341, 0.0)], [-4.526954e-08, 0.55687636, 0.8305955, 0.0)], [0.0, 0.0, 0.0, 1.0)]])
0.0, 0.0, 0.0
float3(-0.59062034, -5.450251e-08, -1.551826)
100.3644
644443.733839666
limited((extension in ARKit):__C.ARCamera.TrackingState.Reason.initializing)
simd_float4x4([[0.023673838, -0.8293016, 0.5582994, 0.0)], [0.99971354, 0.017664243, -0.016152743, 0.0)], [0.003533563, 0.55852187, 0.8294822, 0.0)], [0.0, 0.0, 0.0, 1.0)]])
0.0, 0.0, 0.0
float3(-0.5926027, 0.004259937, -1.5494994)
100.3644
644443.783832541
limited((extension in ARKit):__C.ARCamera.TrackingState.Reason.initializing)
simd_float4x4([[0.04092476, -0.8233506, 0.5660555, 0.0)], [0.99911004, 0.03951413, -0.014758882, 0.0)], [-0.01021545, 0.5661557, 0.824235, 0.0)], [0.0, 0.0, 0.0, 1.0)]])
0.0, 0.0, 0.0
float3(-0.6018346, -0.012393221, -1.5228412)
100.3644
644443.833825625
limited((extension in ARKit):__C.ARCamera.TrackingState.Reason.initializing)
simd_float4x4([[0.049966827, -0.8245744, 0.5635427, 0.0)], [0.9985343, 0.05299451, -0.01099415, 0.0)], [-0.020799177, 0.56326604, 0.82601386, 0.0)], [0.0, 0.0, 0.0, 1.0)]])
0.0, 0.0, 0.0
float3(-0.59833324, -0.02517486, -1.5066156)
100.3644
644443.883818458
limited((extension in ARKit):__C.ARCamera.TrackingState.Reason.initializing)
simd_float4x4([[0.048937775, -0.87944376, 0.4734803, 0.0)], [0.998565, 0.05340294, -0.004018449, 0.0)], [-0.021751236, 0.4729975, 0.8807952, 0.0)], [0.0, 0.0, 0.0, 1.0)]])
0.0, 0.0, 0.0
float3(-0.49268982, -0.024689982, -1.5101472)
100.3644
644443.95047575
limited((extension in ARKit):__C.ARCamera.TrackingState.Reason.initializing)
simd_float4x4([[0.03268574, -0.8924398, 0.44998106, 0.0)], [0.99929607, 0.037475456, 0.0017375248, 0.0)], [-0.018413883, 0.4496075, 0.8930364, 0.0)], [0.0, 0.0, 0.0, 1.0)]])
0.0, 0.0, 0.0
float3(-0.46632585, -0.020616487, -1.5288289)
100.3644
644444.00046875
limited((extension in ARKit):__C.ARCamera.TrackingState.Reason.initializing)
simd_float4x4([[0.026814109, -0.89486957, 0.44552132, 0.0)], [0.99928105, 0.035945382, 0.012056903, 0.0)], [-0.026803792, 0.44487768, 0.89519006, 0.0)], [0.0, 0.0, 0.0, 1.0)]])
0.0, 0.0, 0.0
float3(-0.46103767, -0.029933069, -1.5306497)
100.3644
644444.067126083
limited((extension in ARKit):__C.ARCamera.TrackingState.Reason.initializing)
simd_float4x4([[0.026089836, -0.88490117, 0.46504754, 0.0)], [0.9993203, 0.035206858, 0.01092897, 0.0)], [-0.02604392, 0.46444628, 0.8852182, 0.0)], [0.0, 0.0, 0.0, 1.0)]])
0.0, 0.0, 0.0
float3(-0.48300925, -0.02941242, -1.5310311)
100.3644
644444.133783125
limited((extension in ARKit):__C.ARCamera.TrackingState.Reason.initializing)
simd_float4x4([[0.01770426, -0.89139104, 0.4528892, 0.0)], [0.999045, 0.03386783, 0.027605256, 0.0)], [-0.03994545, 0.45196795, 0.89113945, 0.0)], [0.0, 0.0, 0.0, 1.0)]])
0.0, 0.0, 0.0
float3(-0.46897024, -0.04479515, -1.5328202)
100.3644
644444.2004405
limited((extension in ARKit):__C.ARCamera.TrackingState.Reason.initializing)
simd_float4x4([[0.027762046, -0.87327427, 0.48643744, 0.0)], [0.99917096, 0.038739074, 0.012521254, 0.0)], [-0.029778624, 0.4856865, 0.8736257, 0.0)], [0.0, 0.0, 0.0, 1.0)]])
0.0, 0.0, 0.0
float3(-0.5071484, -0.03407306, -1.5264647)
100.3644
644444.26709775
limited((extension in ARKit):__C.ARCamera.TrackingState.Reason.initializing)
simd_float4x4([[0.041097615, -0.8683383, 0.49426666, 0.0)], [0.9972613, 0.06609255, 0.033191886, 0.0)], [-0.06148913, 0.49154887, 0.8686764, 0.0)], [0.0, 0.0, 0.0, 1.0)]])
0.0, 0.0, 0.0
float3(-0.51386744, -0.07066698, -1.4948289)
100.3644
644444.333754958
limited((extension in ARKit):__C.ARCamera.TrackingState.Reason.initializing)
simd_float4x4([[0.0068791374, -0.8785827, 0.47754076, 0.0)], [0.99842703, 0.032608323, 0.04561033, 0.0)], [-0.05564425, 0.4764758, 0.8774251, 0.0)], [0.0, 0.0, 0.0, 1.0)]])
0.0, 0.0, 0.0
float3(-0.49664187, -0.063332856, -1.5336987)
100.3644
644444.383747916
limited((extension in ARKit):__C.ARCamera.TrackingState.Reason.initializing)
simd_float4x4([[-0.0071807597, -0.8809703, 0.47311717, 0.0)], [0.9983745, 0.020435639, 0.05320517, 0.0)], [-0.056540623, 0.47273013, 0.87939155, 0.0)], [0.0, 0.0, 0.0, 1.0)]])
0.0, 0.0, 0.0
float3(-0.49238637, -0.06420679, -1.5476037)
100.3644
644444.450405208
limited((extension in ARKit):__C.ARCamera.TrackingState.Reason.initializing)
simd_float4x4([[-0.011695383, -0.8851011, 0.46525183, 0.0)], [0.9991032, 0.008592233, 0.041461177, 0.0)], [-0.04069489, 0.46531945, 0.8842069, 0.0)], [0.0, 0.0, 0.0, 1.0)]])
0.0, 0.0, 0.0
float3(-0.4839955, -0.045991715, -1.561089)
100.3644
644444.517062416
limited((extension in ARKit):__C.ARCamera.TrackingState.Reason.initializing)
simd_float4x4([[0.0059819007, -0.8809072, 0.47325128, 0.0)], [0.999297, 0.022781175, 0.02977363, 0.0)], [-0.037009023, 0.47274047, 0.88042426, 0.0)], [0.0, 0.0, 0.0, 1.0)]])
0.0, 0.0, 0.0
float3(-0.4923981, -0.04201071, -1.5449411)
100.3644
644444.600384
limited((extension in ARKit):__C.ARCamera.TrackingState.Reason.initializing)
simd_float4x4([[0.03962305, -0.86319125, 0.50331986, 0.0)], [0.999029, 0.043934636, -0.0032992444, 0.0)], [-0.019265292, 0.5029618, 0.8640939, 0.0)], [0.0, 0.0, 0.0, 1.0)]])
0.0, 0.0, 0.0
float3(-0.5270222, -0.022291675, -1.5199423)
100.3644
644444.650376958
limited((extension in ARKit):__C.ARCamera.TrackingState.Reason.initializing)
simd_float4x4([[0.05854425, -0.86890996, 0.49149576, 0.0)], [0.99827474, 0.05317543, -0.024900675, 0.0)], [-0.0044990554, 0.4921055, 0.870524, 0.0)], [0.0, 0.0, 0.0, 1.0)]])
0.0, 0.0, 0.0
float3(-0.51450676, -0.0051681693, -1.5096747)
100.3644
644444.750362875
limited((extension in ARKit):__C.ARCamera.TrackingState.Reason.initializing)
simd_float4x4([[0.050942663, -0.9139926, 0.4025202, 0.0)], [0.998472, 0.03796836, -0.040152077, 0.0)], [0.02141566, 0.40395057, 0.91453016, 0.0)], [0.0, 0.0, 0.0, 1.0)]])
0.0, 0.0, 0.0
float3(-0.41583136, 0.023412839, -1.529279)
100.3644
644444.800355875
limited((extension in ARKit):__C.ARCamera.TrackingState.Reason.initializing)
simd_float4x4([[0.055974282, -0.920577, 0.38652915, 0.0)], [0.997771, 0.0374883, -0.055205796, 0.0)], [0.03633087, 0.38875765, 0.92062336, 0.0)], [0.0, 0.0, 0.0, 1.0)]])
0.0, 0.0, 0.0
float3(-0.39928278, 0.03944287, -1.5300962)
100.3644
644444.883677541
limited((extension in ARKit):__C.ARCamera.TrackingState.Reason.initializing)
simd_float4x4([[0.072918646, -0.9354277, 0.345916, 0.0)], [0.9960894, 0.050957292, -0.0721754, 0.0)], [0.049887925, 0.3498262, 0.9354854, 0.0)], [0.0, 0.0, 0.0, 1.0)]])
0.0, 0.0, 0.0
float3(-0.35738558, 0.053277917, -1.5163753)
100.3644
644444.933670333
limited((extension in ARKit):__C.ARCamera.TrackingState.Reason.initializing)
simd_float4x4([[0.0662618, -0.9475067, 0.31279436, 0.0)], [0.99606574, 0.044325456, -0.076735504, 0.0)], [0.05884266, 0.31664836, 0.94671607, 0.0)], [0.0, 0.0, 0.0, 1.0)]])
0.0, 0.0, 0.0
float3(-0.32219395, 0.062074643, -1.5240493)
100.36393
644445.016991916
limited((extension in ARKit):__C.ARCamera.TrackingState.Reason.initializing)
simd_float4x4([[0.046003815, -0.97394, 0.22209075, 0.0)], [0.9958592, 0.02726293, -0.0867252, 0.0)], [0.07841031, 0.22516079, 0.9711613, 0.0)], [0.0, 0.0, 0.0, 1.0)]])
0.0, 0.0, 0.0
float3(-0.22710806, 0.080563955, -1.5428113)
100.36393
644445.083649166
limited((extension in ARKit):__C.ARCamera.TrackingState.Reason.initializing)
simd_float4x4([[0.034106202, -0.9847007, 0.17088379, 0.0)], [0.9938649, 0.015417449, -0.10952116, 0.0)], [0.105210975, 0.17357075, 0.9791853, 0.0)], [0.0, 0.0, 0.0, 1.0)]])
0.0, 0.0, 0.0
float3(-0.1744543, 0.107036814, -1.5551406)
100.36393
644445.166970666
limited((extension in ARKit):__C.ARCamera.TrackingState.Reason.initializing)
simd_float4x4([[0.019191837, -0.9880547, 0.15290433, 0.0)], [0.99512154, 0.004074741, -0.09857234, 0.0)], [0.09677182, 0.15405017, 0.9833128, 0.0)], [0.0, 0.0, 0.0, 1.0)]])
0.0, 0.0, 0.0
float3(-0.15466608, 0.09809819, -1.5666723)
100.36393
644445.216963916
limited((extension in ARKit):__C.ARCamera.TrackingState.Reason.initializing)
simd_float4x4([[0.012027329, -0.9906071, 0.13620931, 0.0)], [0.99409604, -0.0028445572, -0.10846656, 0.0)], [0.10783519, 0.13670969, 0.98472434, 0.0)], [0.0, 0.0, 0.0, 1.0)]])
0.0, 0.0, 0.0
float3(-0.13713916, 0.10907338, -1.5736679)
100.36393
644445.300285291
limited((extension in ARKit):__C.ARCamera.TrackingState.Reason.initializing)
simd_float4x4([[-0.0014351429, -0.99245036, 0.122639835, 0.0)], [0.9866228, -0.021397285, -0.16160962, 0.0)], [0.16301364, 0.12076732, 0.9792049, 0.0)], [0.0, 0.0, 0.0, 1.0)]])
0.0, 0.0, 0.0
float3(-0.12106282, 0.16496268, -1.592353)
100.36393
644445.366942583
limited((extension in ARKit):__C.ARCamera.TrackingState.Reason.initializing)
simd_float4x4([[0.017032193, -0.9869562, 0.1600858, 0.0)], [0.9747859, -0.019237071, -0.22231133, 0.0)], [0.2224911, 0.15983583, 0.9617434, 0.0)], [0.0, 0.0, 0.0, 1.0)]])
0.0, 0.0, 0.0
float3(-0.16052434, 0.22734205, -1.5902852)
100.36393
644445.450264166
limited((extension in ARKit):__C.ARCamera.TrackingState.Reason.initializing)
simd_float4x4([[-0.001689082, -0.9792976, 0.20241834, 0.0)], [0.9846931, -0.036908247, -0.17034498, 0.0)], [0.17428935, 0.19903222, 0.9643699, 0.0)], [0.0, 0.0, 0.0, 1.0)]])
0.0, 0.0, 0.0
float3(-0.20037028, 0.1787987, -1.608467)
100.36393
644445.500257125
limited((extension in ARKit):__C.ARCamera.TrackingState.Reason.initializing)
simd_float4x4([[-0.032750458, -0.984822, 0.17044912, 0.0)], [0.98619103, -0.05954277, -0.15453786, 0.0)], [0.16234131, 0.16303422, 0.97317266, 0.0)], [0.0, 0.0, 0.0, 1.0)]])
0.0, 0.0, 0.0
float3(-0.16376524, 0.16529451, -1.6311833)
100.36393
644445.600243125
limited((extension in ARKit):__C.ARCamera.TrackingState.Reason.initializing)
simd_float4x4([[-0.05349011, -0.9888409, 0.13904178, 0.0)], [0.99513537, -0.06432303, -0.074620314, 0.0)], [0.08273121, 0.13437395, 0.9874712, 0.0)], [0.0, 0.0, 0.0, 1.0)]])
0.0, 0.0, 0.0
float3(-0.13478166, 0.08358568, -1.6357538)
100.36393
644445.650235958
limited((extension in ARKit):__C.ARCamera.TrackingState.Reason.initializing)
simd_float4x4([[-0.036731586, -0.98797476, 0.15018795, 0.0)], [0.9989393, -0.04047671, -0.021954857, 0.0)], [0.027769959, 0.14922221, 0.9884136, 0.0)], [0.0, 0.0, 0.0, 1.0)]])
0.0, 0.0, 0.0
float3(-0.14978163, 0.028088097, -1.6117429)
100.36393
644445.733557583
limited((extension in ARKit):__C.ARCamera.TrackingState.Reason.initializing)
simd_float4x4([[-0.019611694, -0.9871588, 0.15853404, 0.0)], [0.9953607, -0.004338667, 0.09611656, 0.0)], [-0.09419447, 0.15968354, 0.98266417, 0.0)], [0.0, 0.0, 0.0, 1.0)]])
0.0, 0.0, 0.0
float3(-0.16037007, -0.09556424, -1.5751914)
100.36393
644445.7835505
limited((extension in ARKit):__C.ARCamera.TrackingState.Reason.initializing)
simd_float4x4([[-0.030017162, -0.9896689, 0.14019372, 0.0)], [0.9859623, -0.0062690973, 0.16685098, 0.0)], [-0.16424835, 0.14323409, 0.9759643, 0.0)], [0.0, 0.0, 0.0, 1.0)]])
0.0, 0.0, 0.0
float3(-0.14372844, -0.16673103, -1.5771308)
100.36393
644445.866871958
limited((extension in ARKit):__C.ARCamera.TrackingState.Reason.initializing)
simd_float4x4([[-0.049459234, -0.9936339, 0.10121952, 0.0)], [0.9645276, -0.021205999, 0.2631289, 0.0)], [-0.25930735, 0.11064316, 0.95943624, 0.0)], [0.0, 0.0, 0.0, 1.0)]])
0.0, 0.0, 0.0
float3(-0.11087016, -0.26396397, -1.592135)
100.363525
644445.916865041
limited((extension in ARKit):__C.ARCamera.TrackingState.Reason.initializing)
simd_float4x4([[-0.043529987, -0.99618614, 0.07561762, 0.0)], [0.94547015, -0.016622499, 0.32528442, 0.0)], [-0.32278693, 0.085653834, 0.9425878, 0.0)], [0.0, 0.0, 0.0, 1.0)]])
0.0, 0.0, 0.0
float3(-0.08575892, -0.32993084, -1.5874809)
100.363525
644446.000186625
limited((extension in ARKit):__C.ARCamera.TrackingState.Reason.initializing)
simd_float4x4([[-0.04162819, -0.99552226, 0.08486668, 0.0)], [0.89782655, -3.963709e-06, 0.44034928, 0.0)], [-0.43837723, 0.09452651, 0.8938065, 0.0)], [0.0, 0.0, 0.0, 1.0)]])
0.0, 0.0, 0.0
float3(-0.094667844, -0.45598733, -1.5708003)
100.363525
644446.066843666
limited((extension in ARKit):__C.ARCamera.TrackingState.Reason.initializing)
simd_float4x4([[-0.03992355, -0.9934133, 0.10740728, 0.0)], [0.8580701, 0.02099216, 0.5131034, 0.0)], [-0.51197845, 0.112647854, 0.8515802, 0.0)], [0.0, 0.0, 0.0, 1.0)]])
0.0, 0.0, 0.0
float3(-0.112887464, -0.54130864, -1.5496681)
100.363525
644446.150165291
limited((extension in ARKit):__C.ARCamera.TrackingState.Reason.initializing)
simd_float4x4([[-0.044575892, -0.99269104, 0.11215, 0.0)], [0.7983727, 0.032083094, 0.6013085, 0.0)], [-0.6005116, 0.11634134, 0.7911073, 0.0)], [0.0, 0.0, 0.0, 1.0)]])
0.0, 0.0, 0.0
float3(-0.1166054, -0.6492853, -1.5384883)
100.363525
644446.200158416
limited((extension in ARKit):__C.ARCamera.TrackingState.Reason.initializing)
simd_float4x4([[-0.047859497, -0.99417245, 0.09659539, 0.0)], [0.75685287, 0.027014196, 0.65302676, 0.0)], [-0.6518306, 0.10436203, 0.7511494, 0.0)], [0.0, 0.0, 0.0, 1.0)]])
0.0, 0.0, 0.0
float3(-0.10455241, -0.7147247, -1.5436305)
100.363525
644446.28348
limited((extension in ARKit):__C.ARCamera.TrackingState.Reason.initializing)
simd_float4x4([[-0.06730519, -0.9944897, 0.08037534, 0.0)], [0.6870998, 0.012211412, 0.72646046, 0.0)], [-0.7234389, 0.10412045, 0.68249184, 0.0)], [0.0, 0.0, 0.0, 1.0)]])
0.0, 0.0, 0.0
float3(-0.1043095, -0.81451446, -1.5585178)
100.363525
644446.333473
limited((extension in ARKit):__C.ARCamera.TrackingState.Reason.initializing)
simd_float4x4([[-0.07362336, -0.99510014, 0.065994285, 0.0)], [0.6430148, 0.0032164156, 0.765847, 0.0)], [-0.7623068, 0.09881951, 0.6396274, 0.0)], [0.0, 0.0, 0.0, 1.0)]])
0.0, 0.0, 0.0
float3(-0.09898105, -0.8726831, -1.5675641)
100.363525
644446.416794416
limited((extension in ARKit):__C.ARCamera.TrackingState.Reason.initializing)
simd_float4x4([[-0.09568386, -0.99449706, 0.042662486, 0.0)], [0.5576537, -0.018053204, 0.82987744, 0.0)], [-0.8245405, 0.103196785, 0.55631244, 0.0)], [0.0, 0.0, 0.0, 1.0)]])
0.0, 0.0, 0.0
float3(-0.10338084, -0.977257, -1.5889474)
100.363525
644446.4667875
limited((extension in ARKit):__C.ARCamera.TrackingState.Reason.initializing)
simd_float4x4([[-0.10026473, -0.9947726, 0.01934943, 0.0)], [0.5170745, -0.03548211, 0.85520464, 0.0)], [-0.85004765, 0.095751956, 0.5179292, 0.0)], [0.0, 0.0, 0.0, 1.0)]])
0.0, 0.0, 0.0
float3(-0.09589888, -1.0235708, -1.6064497)
100.363525
644446.566773208
limited((extension in ARKit):__C.ARCamera.TrackingState.Reason.initializing)
simd_float4x4([[-0.10341059, -0.99463594, -0.00237666, 0.0)], [0.4650942, -0.050466925, 0.88382155, 0.0)], [-0.8792006, 0.09029114, 0.4678182, 0.0)], [0.0, 0.0, 0.0, 1.0)]])
0.0, 0.0, 0.0
float3(-0.09041428, -1.0818037, -1.6214919)
100.363525
644446.61676625
limited((extension in ARKit):__C.ARCamera.TrackingState.Reason.initializing)
simd_float4x4([[-0.12838538, -0.99159396, 0.016082305, 0.0)], [0.44452888, -0.043043524, 0.89472973, 0.0)], [-0.88651645, 0.12201929, 0.44631833, 0.0)], [0.0, 0.0, 0.0, 1.0)]])
0.0, 0.0, 0.0
float3(-0.122324124, -1.1043911, -1.6141775)
100.363525
644446.700087833
limited((extension in ARKit):__C.ARCamera.TrackingState.Reason.initializing)
simd_float4x4([[-0.1466394, -0.9886522, 0.032613933, 0.0)], [0.43377882, -0.034638047, 0.90035343, 0.0)], [-0.88900673, 0.14617448, 0.43393573, 0.0)], [0.0, 0.0, 0.0, 1.0)]])
0.0, 0.0, 0.0
float3(-0.1467001, -1.1167035, -1.6058177)
100.363525
644446.75008075
limited((extension in ARKit):__C.ARCamera.TrackingState.Reason.initializing)
simd_float4x4([[-0.15160294, -0.98744464, 0.04438137, 0.0)], [0.42878887, -0.025243878, 0.90305203, 0.0)], [-0.89059347, 0.15593556, 0.42723233, 0.0)], [0.0, 0.0, 0.0, 1.0)]])
0.0, 0.0, 0.0
float3(-0.15657452, -1.1235068, -1.5963556)
100.363525
644446.800073708
limited((extension in ARKit):__C.ARCamera.TrackingState.Reason.initializing)
simd_float4x4([[-0.16163284, -0.9854088, 0.05333421, 0.0)], [0.41405594, -0.01865986, 0.9100603, 0.0)], [-0.8957861, 0.16917886, 0.41103044, 0.0)], [0.0, 0.0, 0.0, 1.0)]])
0.0, 0.0, 0.0
float3(-0.16999646, -1.1406081, -1.5897303)
100.363525
644446.850066708
limited((extension in ARKit):__C.ARCamera.TrackingState.Reason.initializing)
simd_float4x4([[-0.1624988, -0.98497176, 0.058521435, 0.0)], [0.4027275, -0.012062818, 0.91524047, 0.0)], [-0.9007801, 0.17229366, 0.39863548, 0.0)], [0.0, 0.0, 0.0, 1.0)]])
0.0, 0.0, 0.0
float3(-0.17315768, -1.1541594, -1.5830426)
100.36278
644446.900059666
limited((extension in ARKit):__C.ARCamera.TrackingState.Reason.initializing)
simd_float4x4([[-0.14883359, -0.9870603, 0.059670016, 0.0)], [0.39976785, -0.00486812, 0.9166035, 0.0)], [-0.9044525, 0.16027552, 0.39531955, 0.0)], [0.0, 0.0, 0.0, 1.0)]])
0.0, 0.0, 0.0
float3(-0.16096978, -1.1587371, -1.5757282)
100.36278
644446.983381333
limited((extension in ARKit):__C.ARCamera.TrackingState.Reason.initializing)
simd_float4x4([[-0.099894315, -0.9937196, 0.05042298, 0.0)], [0.38597575, 0.008007348, 0.9224742, 0.0)], [-0.91708446, 0.11161202, 0.3827517, 0.0)], [0.0, 0.0, 0.0, 1.0)]])
0.0, 0.0, 0.0
float3(-0.11184506, -1.1754171, -1.5627385)
100.36278
644447.03337425
limited((extension in ARKit):__C.ARCamera.TrackingState.Reason.initializing)
simd_float4x4([[-0.08356145, -0.99505574, 0.05367961, 0.0)], [0.37050292, 0.018983006, 0.9286373, 0.0)], [-0.9250649, 0.097486705, 0.3670848, 0.0)], [0.0, 0.0, 0.0, 1.0)]])
0.0, 0.0, 0.0
float3(-0.09764178, -1.1930338, -1.5517213)
100.36278
644447.133359958
limited((extension in ARKit):__C.ARCamera.TrackingState.Reason.initializing)
simd_float4x4([[-0.07024131, -0.9939085, 0.08492383, 0.0)], [0.3524516, 0.05491519, 0.93421745, 0.0)], [-0.93319035, 0.095552206, 0.34644738, 0.0)], [0.0, 0.0, 0.0, 1.0)]])
0.0, 0.0, 0.0
float3(-0.09569821, -1.2153169, -1.5156007)
100.36278
644447.183353083
limited((extension in ARKit):__C.ARCamera.TrackingState.Reason.initializing)
simd_float4x4([[-0.078108184, -0.99236447, 0.09545634, 0.0)], [0.34965622, 0.062397778, 0.93479794, 0.0)], [-0.93361646, 0.106392264, 0.3421126, 0.0)], [0.0, 0.0, 0.0, 1.0)]])
0.0, 0.0, 0.0
float3(-0.10659401, -1.2195531, -1.5080011)
100.36278
644447.266674458
limited((extension in ARKit):__C.ARCamera.TrackingState.Reason.initializing)
simd_float4x4([[-0.10624585, -0.9871876, 0.119047716, 0.0)], [0.36037943, 0.073355496, 0.92991704, 0.0)], [-0.9267354, 0.14170218, 0.3479684, 0.0)], [0.0, 0.0, 0.0, 1.0)]])
0.0, 0.0, 0.0
float3(-0.14218073, -1.211607, -1.4966251)
100.36278
644447.316667625
normal
simd_float4x4([[-0.1233509, -0.988966, 0.08204131, 0.0)], [0.36050063, 0.03236774, 0.93219715, 0.0)], [-0.92456686, 0.14456332, 0.35253033, 0.0)], [0.0, -3.7252903e-09, 0.0, 1.0)]])
0.0, -3.7252903e-09, 0.0
float3(-0.14507164, -1.2065204, -1.5380791)
100.36278
644447.3666605
normal
simd_float4x4([[-0.14632657, -0.98384136, 0.1031736, 0.0)], [0.3731696, 0.04169304, 0.92682594, 0.0)], [-0.9161512, 0.1741205, 0.3610388, 0.0)], [-0.0016539991, -0.007685408, -0.009598527, 1.0)]])
-0.0016539991, -0.007685408, -0.009598527
float3(-0.17501256, -1.195402, -1.5284438)
100.36278
644447.416653541
normal
simd_float4x4([[-0.19069947, -0.9755816, 0.10896927, 0.0)], [0.3715673, 0.031010818, 0.927888, 0.0)], [-0.9086097, 0.21743715, 0.35658053, 0.0)], [-0.0009773374, -0.0030093007, -0.028923243, 1.0)]])
-0.0009773374, -0.0030093007, -0.028923243
float3(-0.21918802, -1.1968187, -1.5390201)
100.36278
644447.466646333
normal
simd_float4x4([[-0.20684099, -0.97164905, 0.114520684, 0.0)], [0.38823396, 0.025928399, 0.9211961, 0.0)], [-0.89804864, 0.23500192, 0.3718641, 0.0)], [-0.0033042058, -0.005168382, -0.03764831, 1.0)]])
-0.0033042058, -0.005168382, -0.03764831
float3(-0.23722054, -1.1782111, -1.5441177)
100.36278
644447.516639333
normal
simd_float4x4([[-0.21497943, -0.9708419, 0.10606546, 0.0)], [0.38195145, 0.01637418, 0.92403734, 0.0)], [-0.8988309, 0.23916085, 0.36729437, 0.0)], [-0.0030415878, -0.008025587, -0.049037572, 1.0)]])
-0.0030415878, -0.008025587, -0.049037572
float3(-0.24150153, -1.1828676, -1.553932)
100.36278
644447.566632333
normal
simd_float4x4([[-0.20079757, -0.9751045, 0.09408275, 0.0)], [0.40636396, 0.0044780197, 0.91370034, 0.0)], [-0.89137465, 0.22170064, 0.39534816, 0.0)], [-0.0063830945, -0.005915566, -0.056325626, 1.0000001)]])
-0.0063830945, -0.005915566, -0.056325626
float3(-0.22355816, -1.1533389, -1.566204)
100.36278
644447.61662525
normal
simd_float4x4([[-0.18244117, -0.97992086, 0.08043869, 0.0)], [0.41622716, -0.002854922, 0.9092562, 0.0)], [-0.8907694, 0.19936652, 0.40839052, 0.0)], [-0.008940336, -0.008079531, -0.06422236, 0.9999999)]])
-0.008940336, -0.008079531, -0.06422236
float3(-0.20071143, -1.1409216, -1.5737097)
100.36278
644447.666618291
normal
simd_float4x4([[-0.1754191, -0.98142016, 0.07773352, 0.0)], [0.4419619, -0.007949411, 0.8969985, 0.0)], [-0.87971455, 0.19170593, 0.43514484, 0.0)], [-0.008032729, -0.0038187332, -0.07144838, 0.9999999)]])
-0.008032729, -0.0038187332, -0.07144838
float3(-0.19290002, -1.1114433, -1.578896)
100.36278
644447.716611291
normal
simd_float4x4([[-0.15874054, -0.9850495, 0.06692406, 0.0)], [0.43552312, -0.009029671, 0.90013224, 0.0)], [-0.88607055, 0.17203444, 0.43044522, 0.0)], [-0.0050059394, -0.0012608476, -0.080331564, 0.99999994)]])
-0.0050059394, -0.0012608476, -0.080331564
float3(-0.17289454, -1.1185802, -1.5799627)
100.36278
644447.766604166
normal
simd_float4x4([[-0.15436555, -0.9861111, 0.061286896, 0.0)], [0.43545204, -0.012222443, 0.90012896, 0.0)], [-0.8868782, 0.16563642, 0.43129086, 0.0)], [-0.0005657971, 0.0032380521, -0.08409567, 1.0)]])
-0.0005657971, 0.0032380521, -0.08409567
float3(-0.16640331, -1.1181668, -1.5831903)
100.361916
644447.84992575
normal
simd_float4x4([[-0.13657887, -0.9896024, 0.045093182, 0.0)], [0.40361804, -0.014019316, 0.9148202, 0.0)], [-0.904676, 0.14314552, 0.4013361, 0.0)], [0.0051101, 0.0011441484, -0.09470867, 1.0)]])
0.0051101, 0.0011441484, -0.09470867
float3(-0.14363894, -1.1532573, -1.584962)
100.361916
644447.916582958
normal
simd_float4x4([[-0.122607544, -0.99206686, 0.027760897, 0.0)], [0.37721738, -0.020710366, 0.9258932, 0.0)], [-0.91797304, 0.12399337, 0.37676412, 0.0)], [0.013469189, 0.0057900883, -0.09659911, 1.0)]])
0.013469189, 0.0057900883, -0.09659911
float3(-0.1243133, -1.1813306, -1.5916693)
100.361916
644447.999904666
normal
simd_float4x4([[-0.11739246, -0.9930201, 0.011402644, 0.0)], [0.34780034, -0.030355865, 0.93707705, 0.0)], [-0.93019027, 0.11397162, 0.3489363, 0.0)], [0.021296963, 0.0049163885, -0.11418864, 1.0)]])
0.021296963, 0.0049163885, -0.11418864
float3(-0.114219815, -1.2119173, -1.601356)
100.361916
644448.049897625
normal
simd_float4x4([[-0.116113394, -0.9932317, 0.0029178215, 0.0)], [0.33217674, -0.036064137, 0.9425275, 0.0)], [-0.9360429, 0.11040928, 0.334116, 0.0)], [0.030190855, 0.007143099, -0.120261066, 1.0)]])
0.030190855, 0.007143099, -0.120261066
float3(-0.11063484, -1.2279477, -1.6070902)
100.361916
644448.116554666
normal
simd_float4x4([[-0.11262172, -0.9936298, -0.0040082326, 0.0)], [0.31962445, -0.04004634, 0.9466978, 0.0)], [-0.94082767, 0.10533759, 0.3220985, 0.0)], [0.042356774, 0.0029082014, -0.13789302, 1.0000001)]])
0.042356774, 0.0029082014, -0.13789302
float3(-0.10553338, -1.240947, -1.6110775)
100.361916
644448.166547583
normal
simd_float4x4([[-0.12096364, -0.99262226, -0.008301546, 0.0)], [0.31040868, -0.045768153, 0.9495008, 0.0)], [-0.94287556, 0.1122782, 0.31365487, 0.0)], [0.05227224, 0.0029841624, -0.14656258, 1.0)]])
0.05227224, 0.0029841624, -0.14656258
float3(-0.11251545, -1.2496539, -1.6168721)
100.361916
644448.216540791
normal
simd_float4x4([[-0.12694329, -0.9919064, -0.0026510921, 0.0)], [0.29703707, -0.040564325, 0.95400393, 0.0)], [-0.94639015, 0.12031692, 0.29978234, 0.0)], [0.060034458, 0.0021729462, -0.15772389, 0.99999994)]])
0.060034458, 0.0021729462, -0.15772389
float3(-0.12060912, -1.2640315, -1.6116688)
100.361916
644448.26653375
normal
simd_float4x4([[-0.13539241, -0.99079186, 0.00062013447, 0.0)], [0.28137967, -0.03785059, 0.9588498, 0.0)], [-0.94999707, 0.12999547, 0.28391337, 0.0)], [0.068538696, 0.0018761121, -0.1660148, 1.0)]])
0.068538696, 0.0018761121, -0.1660148
float3(-0.1303644, -1.2803884, -1.6089802)
100.361916
644448.316526666
normal
simd_float4x4([[-0.1347467, -0.9908796, 0.0009552588, 0.0)], [0.27047214, -0.03585321, 0.96206, 0.0)], [-0.9532514, 0.12989277, 0.27283645, 0.0)], [0.072609335, -0.0015836172, -0.17478211, 1.0)]])
0.072609335, -0.0015836172, -0.17478211
float3(-0.13026083, -1.2920322, -1.6069638)
100.361916
644448.366519583
normal
simd_float4x4([[-0.13927251, -0.9902534, 0.001139955, 0.0)], [0.25204903, -0.0343357, 0.96710515, 0.0)], [-0.9576401, 0.13497847, 0.25437444, 0.0)], [0.078580365, -0.0019693226, -0.18013948, 1.0)]])
0.078580365, -0.0019693226, -0.18013948
float3(-0.13539174, -1.3111655, -1.6054561)
100.361916
644448.416512458
normal
simd_float4x4([[-0.148451, -0.98891073, 0.0042163185, 0.0)], [0.22827913, -0.030119227, 0.9731298, 0.0)], [-0.96221155, 0.14542457, 0.23021892, 0.0)], [0.080646455, -0.0044379965, -0.18443914, 1.0000001)]])
0.080646455, -0.0044379965, -0.18443914
float3(-0.14594209, -1.335951, -1.6012439)
100.361916
644448.48316975
normal
simd_float4x4([[-0.15318145, -0.9881957, -0.0021304626, 0.0)], [0.20013377, -0.033134066, 0.97920805, 0.0)], [-0.96771985, 0.14957015, 0.20284684, 0.0)], [0.085289754, -0.0035171597, -0.18687412, 0.9999999)]])
0.085289754, -0.0035171597, -0.18687412
float3(-0.15013352, -1.3641746, -1.6043136)
100.361916
644448.533162708
normal
simd_float4x4([[-0.15320882, -0.9881594, -0.008247582, 0.0)], [0.17829022, -0.035850164, 0.9833247, 0.0)], [-0.97197723, 0.14918354, 0.18167168, 0.0)], [0.081242025, -0.0039672568, -0.18723568, 0.9999999)]])
0.081242025, -0.0039672568, -0.18723568
float3(-0.14974253, -1.386019, -1.6070602)
100.361916
644448.616484416
normal
simd_float4x4([[-0.14550121, -0.9892092, -0.017165087, 0.0)], [0.13304475, -0.036755584, 0.9904283, 0.0)], [-0.98037165, 0.14182478, 0.13695712, 0.0)], [0.08189948, -0.0016992502, -0.18846765, 1.0)]])
0.08189948, -0.0016992502, -0.18846765
float3(-0.14230458, -1.4319954, -1.6079358)
100.361916
644448.66647725
normal
simd_float4x4([[-0.13773516, -0.9902131, -0.02251716, 0.0)], [0.1098514, -0.037865635, 0.9932264, 0.0)], [-0.9843585, 0.13432865, 0.11399175, 0.0)], [0.07799086, -0.002682569, -0.18729582, 1.0000001)]])
0.07799086, -0.002682569, -0.18729582
float3(-0.13473594, -1.4555068, -1.6090176)
100.361916
644448.766463375
normal
simd_float4x4([[-0.13631308, -0.9904397, -0.02116428, 0.0)], [0.07997804, -0.03229622, 0.9962733, 0.0)], [-0.9874321, 0.1341124, 0.08361583, 0.0)], [0.0797912, -0.0029154762, -0.19459221, 0.99999994)]])
0.0797912, -0.0029154762, -0.19459221
float3(-0.13451771, -1.4863178, -1.6033927)
100.36166
644448.81645625
normal
simd_float4x4([[-0.13949001, -0.989976, -0.022136537, 0.0)], [0.07339826, -0.032630425, 0.9967687, 0.0)], [-0.9874995, 0.13741449, 0.07721417, 0.0)], [0.07372838, -0.0050322944, -0.1947863, 0.99999994)]])
0.07372838, -0.0050322944, -0.1947863
float3(-0.13785066, -1.4927635, -1.6037452)
100.36166
644448.866449208
normal
simd_float4x4([[-0.14226183, -0.9896103, -0.020803658, 0.0)], [0.07729417, -0.032059792, 0.9964926, 0.0)], [-0.9868064, 0.14015488, 0.081051946, 0.0)], [0.07437306, -0.006066783, -0.20218463, 0.9999998)]])
0.07437306, -0.006066783, -0.20218463
float3(-0.14061785, -1.4888446, -1.6031814)
100.36166
644448.916442125
normal
simd_float4x4([[-0.14747809, -0.9888217, -0.021952856, 0.0)], [0.0863452, -0.03498246, 0.99565095, 0.0)], [-0.9852892, 0.14494115, 0.090539165, 0.0)], [0.07195866, -0.007273935, -0.20866439, 1.0)]])
0.07195866, -0.007273935, -0.20866439
float3(-0.1454535, -1.4791627, -1.6061594)
100.36166
644448.966434958
normal
simd_float4x4([[-0.14915171, -0.98864114, -0.018504275, 0.0)], [0.104493916, -0.034367807, 0.99393153, 0.0)], [-0.98327756, 0.146313, 0.10843299, 0.0)], [0.07084391, -0.0077345157, -0.21899292, 0.99999994)]])
0.07084391, -0.0077345157, -0.21899292
float3(-0.14684013, -1.460963, -1.605545)
100.36166
644449.016427916
normal
simd_float4x4([[-0.14864302, -0.9887353, -0.017541638, 0.0)], [0.12571871, -0.036488928, 0.9913947, 0.0)], [-0.9808669, 0.14515857, 0.1297263, 0.0)], [0.06909173, -0.008154102, -0.22845703, 1.0)]])
0.06909173, -0.008154102, -0.22845703
float3(-0.14567325, -1.4393027, -1.6076843)
100.36166
644449.066421041
normal
simd_float4x4([[-0.14935508, -0.98866, -0.01563872, 0.0)], [0.15556619, -0.03911438, 0.9870508, 0.0)], [-0.97646934, 0.1449882, 0.15964396, 0.0)], [0.06677469, -0.008623041, -0.23946373, 1.0)]])
0.06677469, -0.008623041, -0.23946373
float3(-0.14550105, -1.4087391, -1.6103387)
100.36166
644449.116413916
normal
simd_float4x4([[-0.151612, -0.9883516, -0.0132232355, 0.0)], [0.18679154, -0.041785315, 0.98151064, 0.0)], [-0.97063017, 0.14633876, 0.19095087, 0.0)], [0.06472996, -0.009242978, -0.24845986, 1.0)]])
0.06472996, -0.009242978, -0.24845986
float3(-0.14686617, -1.3765482, -1.6130489)
100.36166
644449.166406875
normal
simd_float4x4([[-0.15282908, -0.98820865, -0.009323857, 0.0)], [0.21727343, -0.04280276, 0.975172, 0.0)], [-0.9640724, 0.14700878, 0.22125293, 0.0)], [0.061359946, -0.009743154, -0.25788113, 1.0)]])
0.061359946, -0.009743154, -0.25788113
float3(-0.1475435, -1.3452045, -1.6140828)
100.36166
644449.216399791
normal
simd_float4x4([[-0.1560176, -0.98774403, -0.0044874097, 0.0)], [0.24756008, -0.0435002, 0.9678956, 0.0)], [-0.9562283, 0.14989783, 0.2513128, 0.0)], [0.05844058, -0.010513857, -0.26613435, 1.0)]])
0.05844058, -0.010513857, -0.26613435
float3(-0.15046494, -1.3137918, -1.6148078)
100.36166
644449.283057208
normal
simd_float4x4([[-0.16342743, -0.98655474, 0.0011181212, 0.0)], [0.27682513, -0.044769492, 0.9598769, 0.0)], [-0.94692105, 0.15717973, 0.2804197, 0.0)], [0.053700943, -0.011412922, -0.27235132, 1.0)]])
0.053700943, -0.011412922, -0.27235132
float3(-0.15783423, -1.282886, -1.6161449)
100.36166
644449.366378833
normal
simd_float4x4([[-0.16790865, -0.98579454, 0.0039471677, 0.0)], [0.31393942, -0.049676344, 0.94814247, 0.0)], [-0.93447775, 0.16044049, 0.3178209, 0.0)], [0.047210734, -0.011605626, -0.27552503, 0.9999999)]])
0.047210734, -0.011605626, -0.27552503
float3(-0.16113691, -1.2429633, -1.621146)
100.36166
644449.416371708
normal
simd_float4x4([[-0.17021242, -0.98536193, 0.009467149, 0.0)], [0.32721448, -0.04745592, 0.9437578, 0.0)], [-0.9294937, 0.16373704, 0.33050227, 0.0)], [0.04311832, -0.010919519, -0.27245247, 1.0)]])
0.04311832, -0.010919519, -0.27245247
float3(-0.16447765, -1.2291659, -1.6189201)
100.36166
644449.516357583
normal
simd_float4x4([[-0.16875586, -0.9854828, 0.018577307, 0.0)], [0.3466322, -0.041693166, 0.9370741, 0.0)], [-0.9226959, 0.16457622, 0.34863603, 0.0)], [0.032849, -0.009880472, -0.26333395, 1.0)]])
0.032849, -0.009880472, -0.26333395
float3(-0.16532835, -1.2095337, -1.6130785)
100.36166
644449.566350375
normal
simd_float4x4([[-0.17245017, -0.98467356, 0.026055757, 0.0)], [0.34936005, -0.03640972, 0.9362809, 0.0)], [-0.9209825, 0.17056462, 0.35028452, 0.0)], [0.027595893, -0.01004307, -0.2557861, 1.0)]])
0.027595893, -0.01004307, -0.2557861
float3(-0.17140266, -1.2073541, -1.6077559)
100.36166
644449.6163435
normal
simd_float4x4([[-0.17633472, -0.9837982, 0.032359406, 0.0)], [0.35081664, -0.032096207, 0.93589395, 0.0)], [-0.9196923, 0.17638282, 0.35079247, 0.0)], [0.022985242, -0.011625823, -0.2433885, 1.0)]])
0.022985242, -0.011625823, -0.2433885
float3(-0.17731044, -1.2064058, -1.6034095)
100.36166
644449.666336458
normal
simd_float4x4([[-0.18339913, -0.9823164, 0.037674557, 0.0)], [0.35344437, -0.030129598, 0.93497026, 0.0)], [-0.9173014, 0.18478858, 0.3527199, 0.0)], [0.018814757, -0.01409499, -0.23048705, 1.0)]])
0.018814757, -0.01409499, -0.23048705
float3(-0.18585674, -1.2037064, -1.6014587)
100.361244
644449.716329416
normal
simd_float4x4([[-0.19348092, -0.9802167, 0.041719023, 0.0)], [0.34823865, -0.02885935, 0.93696153, 0.0)], [-0.91722137, 0.19581234, 0.34693307, 0.0)], [0.014778569, -0.016393892, -0.2140383, 1.0)]])
0.014778569, -0.016393892, -0.2140383
float3(-0.19708577, -1.209185, -1.6002296)
100.361244
644449.766322333
normal
simd_float4x4([[-0.20127302, -0.9786752, 0.041035548, 0.0)], [0.34457237, -0.03152458, 0.93823034, 0.0)], [-0.9169291, 0.20298016, 0.34356952, 0.0)], [0.009046586, -0.019089937, -0.19733542, 0.99999994)]])
0.009046586, -0.019089937, -0.19733542
float3(-0.20440048, -1.2122923, -1.6029967)
100.361244
644449.81631525
normal
simd_float4x4([[-0.20548208, -0.9779022, 0.038527355, 0.0)], [0.34318703, -0.035132986, 0.93860984, 0.0)], [-0.91651505, 0.20608956, 0.34282252, 0.0)], [0.00482817, -0.019140419, -0.17811629, 1.0)]])
0.00482817, -0.019140419, -0.17811629
float3(-0.20757703, -1.2128587, -1.6067078)
100.361244
644449.882972625
normal
simd_float4x4([[-0.20632763, -0.97757745, 0.04208472, 0.0)], [0.34291545, -0.031959455, 0.9388225, 0.0)], [-0.9164267, 0.20813651, 0.34182054, 0.0)], [-0.0042529106, -0.017617878, -0.15369353, 1.0)]])
-0.0042529106, -0.017617878, -0.15369353
float3(-0.20966937, -1.2137866, -1.6034772)
100.361244
644449.932965583
normal
simd_float4x4([[-0.20132424, -0.97853756, 0.04396389, 0.0)], [0.34136608, -0.02802206, 0.93951267, 0.0)], [-0.9181165, 0.20415443, 0.33968106, 0.0)], [-0.0107544735, -0.013368584, -0.1348438, 1.0)]])
-0.0107544735, -0.013368584, -0.1348438
float3(-0.20559987, -1.2164376, -1.5994252)
100.361244
644449.982958458
normal
simd_float4x4([[-0.18879944, -0.9809906, 0.04485567, 0.0)], [0.33955023, -0.022353021, 0.9403222, 0.0)], [-0.92144465, 0.19276303, 0.33731583, 0.0)], [-0.019475576, -0.008614255, -0.11919876, 0.9999999)]])
-0.019475576, -0.008614255, -0.11919876
float3(-0.1939772, -1.2198751, -1.5935786)
100.361244
644450.032951416
normal
simd_float4x4([[-0.17761187, -0.98317474, 0.04267955, 0.0)], [0.3341783, -0.019464204, 0.9423089, 0.0)], [-0.92562354, 0.1816278, 0.3320127, 0.0)], [-0.027660213, -0.0026236922, -0.100848444, 1.0)]])
-0.027660213, -0.0026236922, -0.100848444
float3(-0.18264152, -1.2264001, -1.5905911)
100.361244
644450.116272958
normal
simd_float4x4([[-0.15681662, -0.9869198, 0.037388004, 0.0)], [0.3305218, -0.016769486, 0.9436495, 0.0)], [-0.9306793, 0.16033742, 0.32882828, 0.0)], [-0.042919613, 0.00835719, -0.072275706, 1.0)]])
-0.042919613, 0.00835719, -0.072275706
float3(-0.16103248, -1.2311662, -1.5877864)
100.361244
644450.182930416
normal
simd_float4x4([[-0.1485677, -0.9882884, 0.034836974, 0.0)], [0.32200432, -0.0150382295, 0.9466188, 0.0)], [-0.93500847, 0.15185462, 0.3204673, 0.0)], [-0.05224639, 0.016998757, -0.04583706, 0.99999994)]])
-0.05224639, 0.016998757, -0.04583706
float3(-0.15244438, -1.2406014, -1.5860116)
100.361244
644450.266251958
normal
simd_float4x4([[-0.13684672, -0.990064, 0.032345083, 0.0)], [0.29420114, -0.009442183, 0.95569694, 0.0)], [-0.94589573, 0.14029995, 0.29257014, 0.0)], [-0.06530886, 0.026278056, -0.017274752, 1.0)]])
-0.06530886, 0.026278056, -0.017274752
float3(-0.14076436, -1.270825, -1.580333)
100.361244
644450.316244875
normal
simd_float4x4([[-0.1270194, -0.9914912, 0.028482847, 0.0)], [0.26358324, -0.0060566664, 0.96461767, 0.0)], [-0.95623744, 0.13003276, 0.2621098, 0.0)], [-0.07115517, 0.031042568, 0.0028256802, 1.0)]])
-0.07115517, 0.031042568, 0.0028256802
float3(-0.13040203, -1.3032621, -1.5769049)
100.361244
644450.382902083
normal
simd_float4x4([[-0.11744197, -0.9928629, 0.020752518, 0.0)], [0.22400719, -0.0061268276, 0.9745683, 0.0)], [-0.9674855, 0.11910392, 0.22312795, 0.0)], [-0.07895999, 0.035454687, 0.022385096, 0.99999994)]])
-0.07895999, 0.035454687, 0.022385096
float3(-0.119387336, -1.3441329, -1.5769671)
100.361244
644450.432895
normal
simd_float4x4([[-0.11332346, -0.9934342, 0.015693406, 0.0)], [0.18863226, -0.006004499, 0.9820295, 0.0)], [-0.9754875, 0.114247255, 0.18807423, 0.0)], [-0.08214558, 0.03814462, 0.040215492, 1.0)]])
-0.08214558, 0.03814462, 0.040215492
float3(-0.11449726, -1.3803331, -1.5768404)
100.361244
644450.482888166
normal
simd_float4x4([[-0.1106382, -0.9938018, 0.010828926, 0.0)], [0.15855832, -0.0068936585, 0.98732567, 0.0)], [-0.98113126, 0.11095293, 0.15833823, 0.0)], [-0.08556827, 0.038990855, 0.050285745, 1.0)]])
-0.08556827, 0.038990855, 0.050285745
float3(-0.11118185, -1.4107926, -1.5777329)
100.361244
644450.532881
normal
simd_float4x4([[-0.11387638, -0.99348676, 0.0040186946, 0.0)], [0.1327299, -0.011204896, 0.99108905, 0.0)], [-0.9845888, 0.11339501, 0.13314141, 0.0)], [-0.0866568, 0.038714796, 0.064343326, 1.0000001)]])
-0.0866568, 0.038714796, 0.064343326
float3(-0.113639444, -1.4363862, -1.5820742)
100.361244
644450.582874
normal
