ARKit Data
736312.528241875
normal
simd_float4x4([[-0.46011433, -0.8661906, -0.19495755, 0.0)], [-0.5220756, 0.08634304, 0.84851754, 0.0)], [-0.7181448, 0.49219766, -0.49194467, 0.0)], [-0.11390798, 0.08248707, 0.5760145, 0.99999994)]])
-0.11390798, 0.08248707, 0.5760145
float3(-0.5146126, -2.1713989, -1.4714432)
100.086914
736312.594897958
normal
simd_float4x4([[-0.45155865, -0.8666478, -0.21217054, 0.0)], [-0.5598646, 0.09006209, 0.82367504, 0.0)], [-0.6947276, 0.4907243, -0.52587366, 0.0)], [-0.108014576, 0.06876298, 0.61571467, 0.99999994)]])
-0.108014576, 0.06876298, 0.61571467
float3(-0.5129208, -2.2187302, -1.467248)
100.086914
736312.678217958
normal
simd_float4x4([[-0.4252436, -0.8715508, -0.24406356, 0.0)], [-0.6349945, 0.09514018, 0.7666357, 0.0)], [-0.64494175, 0.48098594, -0.5938878, 0.0)], [-0.14989585, 0.072277345, 0.635817, 1.0)]])
-0.14989585, 0.072277345, 0.635817
float3(-0.50177896, -2.3150063, -1.4620649)
100.086914
736312.744874166
normal
simd_float4x4([[-0.40997982, -0.86826986, -0.27932763, 0.0)], [-0.6937999, 0.09807471, 0.7134585, 0.0)], [-0.5920795, 0.4863011, -0.6426142, 0.0)], [-0.16036522, 0.065158546, 0.65921015, 0.9999999)]])
-0.16036522, 0.065158546, 0.65921015
float3(-0.5078516, -2.3971004, -1.4583188)
100.086914
736312.81153
normal
simd_float4x4([[-0.37845668, -0.8755559, -0.3002871, 0.0)], [-0.75435746, 0.10375305, 0.648213, 0.0)], [-0.5363911, 0.47184435, -0.6997482, 0.0)], [-0.18704075, 0.06503963, 0.6722012, 0.99999994)]])
-0.18704075, 0.06503963, 0.6722012
float3(-0.49138147, -2.487584, -1.4528468)
100.086914
736312.87818625
normal
simd_float4x4([[-0.33800083, -0.8920851, -0.2998993, 0.0)], [-0.8143145, 0.11744501, 0.56841755, 0.0)], [-0.47185513, 0.43633798, -0.7661343, 0.0)], [-0.21633397, 0.068061166, 0.681443, 0.99999994)]])
-0.21633397, 0.068061166, 0.681443
float3(-0.45152473, -2.5895705, -1.4398968)
100.086914
736312.944842125
normal
simd_float4x4([[-0.32349026, -0.8830037, -0.34008577, 0.0)], [-0.8794098, 0.14789033, 0.45251167, 0.0)], [-0.3492741, 0.4454579, -0.82436323, 0.0)], [-0.2360477, 0.061135985, 0.69774777, 0.99999994)]])
-0.2360477, 0.061135985, 0.69774777
float3(-0.46168566, -2.7408326, -1.4048511)
100.086914
736313.011498291
normal
simd_float4x4([[-0.32709602, -0.83246434, -0.4472261, 0.0)], [-0.93025225, 0.2003933, 0.30736473, 0.0)], [-0.16624908, 0.5165709, -0.8399498, 0.0)], [-0.25478888, 0.05340977, 0.7197926, 0.9999999)]])
-0.25478888, 0.05340977, 0.7197926
float3(-0.5428413, -2.9461908, -1.3345679)
100.08653
736313.808774333
notAvailable
simd_float4x4([[0.20715171, 0.0, 0.9783088, 0.0)], [0.0, 0.99999994, 0.0, 0.0)], [-0.9783088, 0.0, 0.20715171, 0.0)], [-0.032229125, -0.10118186, 0.010554734, 0.99999994)]])
-0.032229125, -0.10118186, 0.010554734
float3(-0.0, -1.3621337, 0.0)
100.08653
736313.858766333
notAvailable
simd_float4x4([[0.20715171, 0.0, 0.9783088, 0.0)], [0.0, 0.99999994, 0.0, 0.0)], [-0.9783088, 0.0, 0.20715171, 0.0)], [-0.032229125, -0.10118186, 0.010554734, 0.99999994)]])
-0.032229125, -0.10118186, 0.010554734
float3(-0.0, -1.3621337, 0.0)
100.08653
736313.908758541
notAvailable
simd_float4x4([[0.20715171, 0.0, 0.9783088, 0.0)], [0.0, 0.99999994, 0.0, 0.0)], [-0.9783088, 0.0, 0.20715171, 0.0)], [-0.032229125, -0.10118186, 0.010554734, 0.99999994)]])
-0.032229125, -0.10118186, 0.010554734
float3(-0.0, -1.3621337, 0.0)
100.08653
736313.958750708
limited((extension in ARKit):__C.ARCamera.TrackingState.Reason.initializing)
simd_float4x4([[0.33454207, -0.8577088, 0.39040643, 0.0)], [0.94238085, 0.3044838, -0.13859297, 0.0)], [-4.3968846e-08, 0.41427672, 0.91015095, 0.0)], [0.0, 0.0, 0.0, 1.0)]])
0.0, 0.0, 0.0
float3(-0.42714798, -4.83094e-08, -1.2296771)
100.08653
736314.00874275
limited((extension in ARKit):__C.ARCamera.TrackingState.Reason.initializing)
simd_float4x4([[0.3373261, -0.857682, 0.3880631, 0.0)], [0.94136494, 0.31020173, -0.1326913, 0.0)], [-0.006570939, 0.41006923, 0.9120309, 0.0)], [0.0, 0.0, 0.0, 1.0)]])
0.0, 0.0, 0.0
float3(-0.42252997, -0.0072046085, -1.2237592)
100.085884
736314.058734708
limited((extension in ARKit):__C.ARCamera.TrackingState.Reason.initializing)
simd_float4x4([[0.33854923, -0.8557542, 0.39124054, 0.0)], [0.94090515, 0.3118825, -0.13201074, 0.0)], [-0.009052346, 0.41281238, 0.91077113, 0.0)], [0.0, 0.0, 0.0, 1.0)]])
0.0, 0.0, 0.0
float3(-0.42553967, -0.009938884, -1.2213039)
100.085884
736314.10872675
limited((extension in ARKit):__C.ARCamera.TrackingState.Reason.initializing)
simd_float4x4([[0.34679225, -0.84844315, 0.3998494, 0.0)], [0.9378557, 0.31945235, -0.13556099, 0.0)], [-0.012717055, 0.42201257, 0.9065009, 0.0)], [0.0, 0.0, 0.0, 1.0)]])
0.0, 0.0, 0.0
float3(-0.43566412, -0.014027809, -1.2106973)
100.085884
736314.15871875
limited((extension in ARKit):__C.ARCamera.TrackingState.Reason.initializing)
simd_float4x4([[0.34108204, -0.8504162, 0.40056896, 0.0)], [0.9400222, 0.31065997, -0.14088564, 0.0)], [-0.0046293368, 0.42459726, 0.90537053, 0.0)], [0.0, 0.0, 0.0, 1.0)]])
0.0, 0.0, 0.0
float3(-0.438517, -0.0051131514, -1.2205538)
100.085884
736314.225375041
limited((extension in ARKit):__C.ARCamera.TrackingState.Reason.initializing)
simd_float4x4([[0.33429924, -0.8576249, 0.39079857, 0.0)], [0.93905467, 0.2678506, -0.21548167, 0.0)], [0.08012683, 0.4390166, 0.8948989, 0.0)], [0.0, 0.0, 0.0, 1.0)]])
0.0, 0.0, 0.0
float3(-0.45450386, 0.08929917, -1.2680784)
100.085884
736314.275367208
limited((extension in ARKit):__C.ARCamera.TrackingState.Reason.initializing)
simd_float4x4([[0.33170184, -0.8546585, 0.3994155, 0.0)], [0.9401251, 0.26430404, -0.21519333, 0.0)], [0.07834969, 0.44688055, 0.891156, 0.0)], [0.0, 0.0, 0.0, 1.0)]])
0.0, 0.0, 0.0
float3(-0.46327528, 0.08769367, -1.2708741)
100.085884
736314.342023375
limited((extension in ARKit):__C.ARCamera.TrackingState.Reason.initializing)
simd_float4x4([[0.29854408, -0.8412909, 0.45066735, 0.0)], [0.95324695, 0.23968399, -0.18404323, 0.0)], [0.04681615, 0.48454225, 0.8735142, 0.0)], [0.0, 0.0, 0.0, 1.0)]])
0.0, 0.0, 0.0
float3(-0.5058398, 0.053543955, -1.2932495)
100.085884
736314.408679333
limited((extension in ARKit):__C.ARCamera.TrackingState.Reason.initializing)
simd_float4x4([[0.21218608, -0.86267215, 0.45910114, 0.0)], [0.9763387, 0.16708922, -0.13727319, 0.0)], [0.041710895, 0.47736567, 0.8777142, 0.0)], [0.0, 0.0, 0.0, 1.0)]])
0.0, 0.0, 0.0
float3(-0.4976543, 0.047486458, -1.3794773)
100.085884
736314.475335625
limited((extension in ARKit):__C.ARCamera.TrackingState.Reason.initializing)
simd_float4x4([[0.11959008, -0.8666427, 0.48438486, 0.0)], [0.99212354, 0.08600217, -0.09107424, 0.0)], [0.037270673, 0.4914612, 0.87010163, 0.0)], [0.0, 0.0, 0.0, 1.0)]])
0.0, 0.0, 0.0
float3(-0.51376677, 0.04280868, -1.4718841)
100.085884
736314.525327625
limited((extension in ARKit):__C.ARCamera.TrackingState.Reason.initializing)
simd_float4x4([[0.06616523, -0.86799, 0.49215394, 0.0)], [0.9976255, 0.0480958, -0.04929645, 0.0)], [0.019118298, 0.49424705, 0.8691113, 0.0)], [0.0, 0.0, 0.0, 1.0)]])
0.0, 0.0, 0.0
float3(-0.5169685, 0.021993978, -1.5154424)
100.085884
736314.575319708
limited((extension in ARKit):__C.ARCamera.TrackingState.Reason.initializing)
simd_float4x4([[0.024314582, -0.86363417, 0.5035322, 0.0)], [0.9994759, 0.0102323815, -0.030712627, 0.0)], [0.021372128, 0.5040151, 0.8634303, 0.0)], [0.0, 0.0, 0.0, 1.0)]])
0.0, 0.0, 0.0
float3(-0.5282412, 0.024747526, -1.5589489)
100.085884
736314.658640083
limited((extension in ARKit):__C.ARCamera.TrackingState.Reason.initializing)
simd_float4x4([[-0.008400585, -0.85333043, 0.5213027, 0.0)], [0.9999136, -0.012438331, -0.0042473306, 0.0)], [0.010108493, 0.521222, 0.8533612, 0.0)], [0.0, 0.0, 0.0, 1.0)]])
0.0, 0.0, 0.0
float3(-0.5482822, 0.01184495, -1.5853715)
100.085884
736314.72529625
limited((extension in ARKit):__C.ARCamera.TrackingState.Reason.initializing)
simd_float4x4([[-0.022761686, -0.85052365, 0.5254439, 0.0)], [0.9997389, -0.020437162, 0.010226502, 0.0)], [0.0020406952, 0.52553946, 0.8507667, 0.0)], [0.0, 0.0, 0.0, 1.0)]])
0.0, 0.0, 0.0
float3(-0.5533491, 0.0023986497, -1.5948206)
100.085884
736314.791952333
limited((extension in ARKit):__C.ARCamera.TrackingState.Reason.initializing)
simd_float4x4([[-0.043056894, -0.8457434, 0.53184974, 0.0)], [0.99905664, -0.03945901, 0.018133076, 0.0)], [0.00565035, 0.5321288, 0.84664464, 0.0)], [0.0, 0.0, 0.0, 1.0)]])
0.0, 0.0, 0.0
float3(-0.56111294, 0.006673716, -1.6174185)
100.085884
736314.891936583
limited((extension in ARKit):__C.ARCamera.TrackingState.Reason.initializing)
simd_float4x4([[-0.08717083, -0.833157, 0.5461234, 0.0)], [0.99570906, -0.0899616, 0.021688586, 0.0)], [0.03106014, 0.54567057, 0.8374239, 0.0)], [0.0, 0.0, 0.0, 1.0)]])
0.0, 0.0, 0.0
float3(-0.5771891, 0.03707311, -1.6783564)
100.085884
736314.941928625
limited((extension in ARKit):__C.ARCamera.TrackingState.Reason.initializing)
simd_float4x4([[-0.099872574, -0.8261811, 0.5544819, 0.0)], [0.99411476, -0.106358804, 0.020583464, 0.0)], [0.041968368, 0.5532744, 0.8319412, 0.0)], [0.0, 0.0, 0.0, 1.0)]])
0.0, 0.0, 0.0
float3(-0.58629, 0.050403588, -1.6988276)
100.085884
736315.041912833
limited((extension in ARKit):__C.ARCamera.TrackingState.Reason.initializing)
simd_float4x4([[-0.10113596, -0.8137218, 0.5723882, 0.0)], [0.9925242, -0.12203331, 0.0018846053, 0.0)], [0.06831687, 0.5682997, 0.8199806, 0.0)], [0.0, 0.0, 0.0, 1.0)]])
0.0, 0.0, 0.0
float3(-0.60443795, 0.08312325, -1.7196562)
100.08515
736315.091904958
limited((extension in ARKit):__C.ARCamera.TrackingState.Reason.initializing)
simd_float4x4([[-0.08453597, -0.81214374, 0.5773007, 0.0)], [0.9915901, -0.12554708, -0.03141736, 0.0)], [0.09799382, 0.56978977, 0.81592697, 0.0)], [0.0, 0.0, 0.0, 1.0)]])
0.0, 0.0, 0.0
float3(-0.60625, 0.1195287, -1.7241696)
100.08515
736315.175225125
limited((extension in ARKit):__C.ARCamera.TrackingState.Reason.initializing)
simd_float4x4([[-0.024471315, -0.8209429, 0.5704857, 0.0)], [0.98522455, -0.11656576, -0.12547919, 0.0)], [0.16951036, 0.55898595, 0.8116656, 0.0)], [0.0, 0.0, 0.0, 1.0)]])
0.0, 0.0, 0.0
float3(-0.59316236, 0.20588344, -1.7118436)
100.08515
736315.241881416
limited((extension in ARKit):__C.ARCamera.TrackingState.Reason.initializing)
simd_float4x4([[0.047263686, -0.83130795, 0.553799, 0.0)], [0.9682948, -0.09801996, -0.22977641, 0.0)], [0.24529831, 0.5471008, 0.80031836, 0.0)], [0.0, 0.0, 0.0, 1.0)]])
0.0, 0.0, 0.0
float3(-0.57889676, 0.29741022, -1.688165)
100.08515
736315.291873416
limited((extension in ARKit):__C.ARCamera.TrackingState.Reason.initializing)
simd_float4x4([[0.109979145, -0.83576834, 0.5379552, 0.0)], [0.9431034, -0.08312001, -0.32194272, 0.0)], [0.31378436, 0.5427544, 0.77907443, 0.0)], [0.0, 0.0, 0.0, 1.0)]])
0.0, 0.0, 0.0
float3(-0.5737131, 0.38288823, -1.6699238)
100.08515
736315.391857625
limited((extension in ARKit):__C.ARCamera.TrackingState.Reason.initializing)
simd_float4x4([[0.22989152, -0.8328033, 0.50357574, 0.0)], [0.86185616, -0.06613289, -0.5028224, 0.0)], [0.45205507, 0.5496045, 0.70255333, 0.0)], [0.0, 0.0, 0.0, 1.0)]])
0.0, 0.0, 0.0
float3(-0.5818907, 0.571754, -1.65004)
100.08515
736315.475177875
normal
simd_float4x4([[0.38656285, -0.79600096, 0.46578056, 0.0)], [0.7448419, -0.028365245, -0.6666378, 0.0)], [0.5438564, 0.60463023, 0.5819299, 0.0)], [-0.033863187, 0.0047551915, 0.015126243, 0.99999994)]])
-0.033863187, 0.0047551915, 0.015126243
float3(-0.6493015, 0.75159156, -1.606416)
100.08515
736315.541834125
normal
simd_float4x4([[0.46083274, -0.7797064, 0.42389974, 0.0)], [0.6300849, -0.048930436, -0.77498317, 0.0)], [0.6250009, 0.62423044, 0.46873245, 0.0)], [-0.07918453, 0.0144157335, 0.037721425, 0.99999994)]])
-0.07918453, 0.0144157335, 0.037721425
float3(-0.6741461, 0.92731386, -1.6334691)
100.08515
736315.6251545
normal
simd_float4x4([[0.5291874, -0.78728163, 0.31646168, 0.0)], [0.45801088, -0.048924696, -0.8875991, 0.0)], [0.7142734, 0.6146492, 0.33469328, 0.0)], [-0.17053913, 0.027359353, 0.124199614, 0.9999998)]])
-0.17053913, 0.027359353, 0.124199614
float3(-0.6619411, 1.1326002, -1.6328603)
100.08515
736315.691810458
normal
simd_float4x4([[0.5552966, -0.7988671, 0.23120756, 0.0)], [0.34112993, -0.034751687, -0.93937355, 0.0)], [0.7584695, 0.6005027, 0.25322002, 0.0)], [-0.22584355, 0.045994975, 0.17465383, 0.99999994)]])
-0.22584355, 0.045994975, 0.17465383
float3(-0.6441297, 1.248575, -1.6142701)
100.08515
736315.791794833
normal
simd_float4x4([[0.6232897, -0.7725201, 0.12133599, 0.0)], [0.22138959, 0.025507769, -0.9748518, 0.0)], [0.7499977, 0.6344776, 0.18692668, 0.0)], [-0.33746842, 0.06422258, 0.25058872, 0.9999999)]])
-0.33746842, 0.06422258, 0.25058872
float3(-0.6873325, 1.3265365, -1.5377895)
100.08515
736315.841786916
normal
simd_float4x4([[0.6375655, -0.76883465, 0.049022652, 0.0)], [0.19120832, 0.09627779, -0.9768162, 0.0)], [0.7462903, 0.6321578, 0.20839103, 0.0)], [-0.35086185, 0.06704148, 0.34086534, 0.9999998)]])
-0.35086185, 0.06704148, 0.34086534
float3(-0.6843349, 1.2984964, -1.4462192)
100.08515
736316.025091375
normal
simd_float4x4([[0.45542777, -0.8643687, -0.21319531, 0.0)], [-0.12672833, 0.17409047, -0.976541, 0.0)], [0.8812068, 0.4717618, -0.030254342, 0.0)], [-0.48331097, 0.10571, 0.53766656, 0.99999994)]])
-0.48331097, 0.10571, 0.53766656
float3(-0.49128783, 1.6051157, -1.3720477)
100.08515
736316.091747791
normal
simd_float4x4([[0.38822392, -0.8837581, -0.26125398, 0.0)], [-0.2814856, 0.15622604, -0.94676244, 0.0)], [0.87752384, 0.44109508, -0.1881145, 0.0)], [-0.5105896, 0.11063133, 0.62179446, 0.99999994)]])
-0.5105896, 0.11063133, 0.62179446
float3(-0.45681852, 1.7819699, -1.3958292)
100.08468
736316.141739875
normal
simd_float4x4([[0.3416779, -0.89630085, -0.28266734, 0.0)], [-0.3976244, 0.13465701, -0.9076135, 0.0)], [0.8515579, 0.4225069, -0.31038177, 0.0)], [-0.52541673, 0.1253081, 0.6649028, 0.9999999)]])
-0.52541673, 0.1253081, 0.6649028
float3(-0.43620944, 1.9203184, -1.4216752)
100.08468
736316.225060041
normal
simd_float4x4([[0.26097316, -0.9347796, -0.24099807, 0.0)], [-0.5674546, 0.05341428, -0.8216704, 0.0)], [0.78095347, 0.35118935, -0.5165053, 0.0)], [-0.4622136, 0.14407292, 0.6759177, 0.99999994)]])
-0.4622136, 0.14407292, 0.6759177
float3(-0.35884106, 2.1551285, -1.5137173)
100.08468
736316.308380375
normal
simd_float4x4([[0.0931964, -0.9926242, -0.07753285, 0.0)], [-0.7560073, -0.019877026, -0.6542612, 0.0)], [0.6478945, 0.1195902, -0.75228375, 0.0)], [-0.42525545, 0.13929817, 0.68605715, 0.9999999)]])
-0.42525545, 0.13929817, 0.68605715
float3(-0.11987711, 2.4306111, -1.5908184)
100.08468
736316.358372541
normal
simd_float4x4([[0.042459577, -0.9988852, -0.020623531, 0.0)], [-0.78820634, -0.020805398, -0.61505926, 0.0)], [0.6139447, 0.042370755, -0.78821105, 0.0)], [-0.41356435, 0.14858289, 0.6959917, 0.99999994)]])
-0.41356435, 0.14858289, 0.6959917
float3(-0.042383444, 2.479845, -1.5916219)
100.08468
736316.441692708
limited((extension in ARKit):__C.ARCamera.TrackingState.Reason.excessiveMotion)
simd_float4x4([[0.011519703, -0.9998471, -0.013148421, 0.0)], [-0.8100602, -0.0016223977, -0.5863444, 0.0)], [0.58623344, 0.017405527, -0.8099551, 0.0)], [-0.40427038, 0.1579982, 0.69589037, 0.99999994)]])
-0.40427038, 0.1579982, 0.69589037
float3(-0.017406406, 2.5150812, -1.5724189)
100.08468
736316.508348916
limited((extension in ARKit):__C.ARCamera.TrackingState.Reason.excessiveMotion)
simd_float4x4([[0.02260842, -0.99794, -0.060038194, 0.0)], [-0.8170049, 0.016168367, -0.5764039, 0.0)], [0.5761873, 0.06208308, -0.8149563, 0.0)], [-0.39794412, 0.16071188, 0.7010979, 0.9999999)]])
-0.39794412, 0.16071188, 0.7010979
float3(-0.06212303, 2.5261734, -1.554596)
100.08468
736316.591669166
limited((extension in ARKit):__C.ARCamera.TrackingState.Reason.excessiveMotion)
simd_float4x4([[0.043125372, -0.995427, -0.0852357, 0.0)], [-0.8296169, 0.011855837, -0.558207, 0.0)], [0.55666494, 0.09478588, -0.8253119, 0.0)], [-0.43641737, 0.1452016, 0.76332897, 0.99999994)]])
-0.43641737, 0.1452016, 0.76332897
float3(-0.094928384, 2.5481932, -1.5588865)
100.08468
736316.658325541
limited((extension in ARKit):__C.ARCamera.TrackingState.Reason.excessiveMotion)
simd_float4x4([[0.08267202, -0.9930753, -0.08346633, 0.0)], [-0.84205943, -0.024813809, -0.53881353, 0.0)], [0.5330113, 0.114828415, -0.83827996, 0.0)], [-0.44786003, 0.13652886, 0.7620571, 0.99999994)]])
-0.44786003, 0.13652886, 0.7620571
float3(-0.11508227, 2.5752368, -1.595778)
100.08468
736316.741645708
limited((extension in ARKit):__C.ARCamera.TrackingState.Reason.excessiveMotion)
simd_float4x4([[0.11826094, -0.98210865, -0.14654928, 0.0)], [-0.8311188, -0.01713897, -0.55583054, 0.0)], [0.5433744, 0.18753292, -0.818276, 0.0)], [-0.50547653, 0.0950013, 0.8328451, 0.9999999)]])
-0.50547653, 0.0950013, 0.8328451
float3(-0.1886499, 2.5554054, -1.5882457)
100.08468
736316.791637916
limited((extension in ARKit):__C.ARCamera.TrackingState.Reason.excessiveMotion)
simd_float4x4([[0.11895206, -0.96905524, -0.21629229, 0.0)], [-0.819696, 0.027087016, -0.57215786, 0.0)], [0.5603114, 0.24535328, -0.7911087, 0.0)], [-0.5268383, 0.090021685, 0.84527737, 0.99999994)]])
-0.5268383, 0.090021685, 0.84527737
float3(-0.2478841, 2.525344, -1.5428516)
100.08468
736316.841629958
limited((extension in ARKit):__C.ARCamera.TrackingState.Reason.excessiveMotion)
simd_float4x4([[0.11159531, -0.9453049, -0.3065044, 0.0)], [-0.8090194, 0.09269049, -0.5804273, 0.0)], [0.5770908, 0.31274098, -0.7544262, 0.0)], [-0.58320934, 0.059309863, 0.8833669, 0.9999998)]])
-0.58320934, 0.059309863, 0.8833669
float3(-0.31807742, 2.4885983, -1.4730552)
100.08468
736316.92495025
limited((extension in ARKit):__C.ARCamera.TrackingState.Reason.excessiveMotion)
simd_float4x4([[0.078733854, -0.92706484, -0.36654013, 0.0)], [-0.8475947, 0.13129623, -0.51414436, 0.0)], [0.52477056, 0.35115802, -0.7754378, 0.0)], [-0.63456583, 0.07168597, 0.91438687, 0.99999994)]])
-0.63456583, 0.07168597, 0.91438687
float3(-0.3588076, 2.5466478, -1.4301063)
100.08468
736317.0082705
limited((extension in ARKit):__C.ARCamera.TrackingState.Reason.excessiveMotion)
simd_float4x4([[-0.0024283226, -0.93236154, -0.361519, 0.0)], [-0.83685094, 0.19980058, -0.50966686, 0.0)], [0.5474255, 0.30129984, -0.7807328, 0.0)], [-0.6966954, 0.07659242, 0.96844697, 0.9999998)]])
-0.6966954, 0.07659242, 0.96844697
float3(-0.30605555, 2.5300827, -1.359694)
100.08468
736317.058262708
limited((extension in ARKit):__C.ARCamera.TrackingState.Reason.excessiveMotion)
simd_float4x4([[-0.051077075, -0.93529075, -0.35017467, 0.0)], [-0.83566415, 0.2320234, -0.49782598, 0.0)], [0.54686075, 0.2672009, -0.7934401, 0.0)], [-0.712929, 0.09035747, 0.9872346, 0.99999994)]])
-0.712929, 0.09035747, 0.9872346
float3(-0.27048713, 2.5381331, -1.3276291)
100.08454
736317.158247125
limited((extension in ARKit):__C.ARCamera.TrackingState.Reason.excessiveMotion)
simd_float4x4([[-0.07301677, -0.9428836, -0.32502148, 0.0)], [-0.86704755, 0.22105709, -0.4465001, 0.0)], [0.49284595, 0.24920703, -0.8336658, 0.0)], [-0.76949096, 0.08816564, 1.0462831, 0.99999994)]])
-0.76949096, 0.08816564, 1.0462831
float3(-0.25186136, 2.6076841, -1.3405076)
100.08454
736317.208239416
limited((extension in ARKit):__C.ARCamera.TrackingState.Reason.excessiveMotion)
simd_float4x4([[-0.07436463, -0.94888693, -0.30673015, 0.0)], [-0.8779792, 0.20815326, -0.43107378, 0.0)], [0.47288716, 0.23724607, -0.84858227, 0.0)], [-0.82039654, 0.06325856, 1.0956666, 0.99999994)]])
-0.82039654, 0.06325856, 1.0956666
float3(-0.23953, 2.633187, -1.3548511)
100.08454
736317.29155975
limited((extension in ARKit):__C.ARCamera.TrackingState.Reason.excessiveMotion)
simd_float4x4([[-0.066932306, -0.9517232, -0.29957113, 0.0)], [-0.901525, 0.18633522, -0.39055312, 0.0)], [0.42751917, 0.24393024, -0.8704743, 0.0)], [-0.855247, 0.052427858, 1.1390716, 0.99999994)]])
-0.855247, 0.052427858, 1.1390716
float3(-0.24641645, 2.6850634, -1.3774548)
100.08454
736317.341551916
normal
simd_float4x4([[-0.050771095, -0.9506347, -0.3061304, 0.0)], [-0.91336936, 0.16817962, -0.3707721, 0.0)], [0.4039538, 0.26078564, -0.8768193, 0.0)], [-0.90682757, 0.027448095, 1.1873528, 0.99999994)]])
-0.90682757, 0.027448095, 1.1873528
float3(-0.2638359, 2.7098734, -1.3956951)
100.08454
736317.424872125
normal
simd_float4x4([[-0.037539244, -0.9492256, -0.31234822, 0.0)], [-0.91875243, 0.15572463, -0.36282757, 0.0)], [0.39304554, 0.27335042, -0.8779491, 0.0)], [-0.9493488, 0.014790607, 1.2458868, 0.9999999)]])
-0.9493488, 0.014790607, 1.2458868
float3(-0.2768744, 2.7206647, -1.4081904)
100.08454
736317.47486425
normal
simd_float4x4([[-0.044834416, -0.9477339, -0.315896, 0.0)], [-0.9145131, 0.16620328, -0.36883923, 0.0)], [0.40206435, 0.27235433, -0.8741667, 0.0)], [-0.9897818, 0.003189473, 1.293692, 1.0)]])
-0.9897818, 0.003189473, 1.293692
float3(-0.27583903, 2.7105033, -1.3971925)
100.08454
736317.524856416
normal
simd_float4x4([[-0.058782753, -0.9413528, -0.33226395, 0.0)], [-0.8962194, 0.19636728, -0.39778215, 0.0)], [0.4396992, 0.27439862, -0.8552018, 0.0)], [-1.0175184, 0.0018112138, 1.3352405, 0.99999994)]])
-1.0175184, 0.0018112138, 1.3352405
float3(-0.27796426, 2.6666918, -1.3651443)
100.08454
736317.608176708
normal
simd_float4x4([[-0.06465856, -0.9133, -0.40212223, 0.0)], [-0.89531136, 0.23106103, -0.3808258, 0.0)], [0.440723, 0.3354009, -0.832628, 0.0)], [-1.077378, 0.0047990796, 1.410744, 0.9999999)]])
-1.077378, 0.0047990796, 1.410744
float3(-0.34203076, 2.6547685, -1.3230001)
100.08454
736317.691497125
normal
simd_float4x4([[-0.061452538, -0.88318586, -0.46497983, 0.0)], [-0.87788016, 0.26949248, -0.3958538, 0.0)], [0.47492108, 0.3838703, -0.7918924, 0.0)], [-1.1298913, 0.021283753, 1.4745535, 0.99999994)]])
-1.1298913, 0.021283753, 1.4745535
float3(-0.39398408, 2.6013722, -1.2746336)
100.08454
736317.741489291
normal
simd_float4x4([[-0.060367316, -0.8773838, -0.47597617, 0.0)], [-0.89222145, 0.2612296, -0.36837488, 0.0)], [0.44754532, 0.4024383, -0.7985904, 0.0)], [-1.1551251, 0.03391964, 1.5082732, 0.99999994)]])
-1.1551251, 0.03391964, 1.5082732
float3(-0.41417882, 2.6307855, -1.281417)
100.08454
736317.791481416
normal
simd_float4x4([[-0.061430126, -0.86977094, -0.4896169, 0.0)], [-0.88820916, 0.2714107, -0.3707029, 0.0)], [0.45531398, 0.41210982, -0.78921133, 0.0)], [-1.1804918, 0.041828584, 1.5424671, 0.9999999)]])
-1.1804918, 0.041828584, 1.5424671
float3(-0.42476845, 2.6183145, -1.2683228)
100.08454
736317.841473625
normal
simd_float4x4([[-0.05796433, -0.871893, -0.48625365, 0.0)], [-0.88056886, 0.27413803, -0.3865832, 0.0)], [0.47035992, 0.4057718, -0.78365225, 0.0)], [-1.1998245, 0.048263974, 1.5682675, 0.99999994)]])
-1.1998245, 0.048263974, 1.5682675
float3(-0.4178231, 2.601015, -1.266166)
100.08454
736317.891465791
normal
simd_float4x4([[-0.043911926, -0.89222884, -0.4494434, 0.0)], [-0.8938627, 0.23601113, -0.3811931, 0.0)], [0.44618517, 0.38500175, -0.8078939, 0.0)], [-1.2240788, 0.04650808, 1.5922613, 0.99999994)]])
-1.2240788, 0.04650808, 1.5922613
float3(-0.39520973, 2.6369991, -1.3122004)
100.08454
736317.974786208
normal
simd_float4x4([[-0.025138773, -0.91230446, -0.40874007, 0.0)], [-0.92772686, 0.17360623, -0.3304297, 0.0)], [0.37241232, 0.3708925, -0.85073364, 0.0)], [-1.2621546, 0.04192353, 1.6311504, 0.99999994)]])
-1.2621546, 0.04192353, 1.6311504
float3(-0.37996987, 2.7289689, -1.3827505)
100.08382
736318.024778333
normal
simd_float4x4([[-0.02890501, -0.9096115, -0.41445303, 0.0)], [-0.94466805, 0.16039483, -0.28613946, 0.0)], [0.32675192, 0.3832496, -0.8639172, 0.0)], [-1.2883247, 0.03441889, 1.6563324, 0.99999994)]])
-1.2883247, 0.03441889, 1.6563324
float3(-0.39331198, 2.7800007, -1.3962573)
100.08382
736318.108098708
normal
simd_float4x4([[-0.053185962, -0.9068507, -0.41808236, 0.0)], [-0.96918243, 0.14772631, -0.1971354, 0.0)], [0.24053419, 0.39471325, -0.88676083, 0.0)], [-1.3270433, 0.02482701, 1.6932895, 0.99999994)]])
-1.3270433, 0.02482701, 1.6932895
float3(-0.40575573, 2.876716, -1.4093144)
100.08382
736318.158090833
normal
simd_float4x4([[-0.06854136, -0.9062201, -0.41721362, 0.0)], [-0.9809616, 0.13738586, -0.1372568, 0.0)], [0.18170413, 0.39986277, -0.8983838, 0.0)], [-1.3556662, 0.016484268, 1.7140974, 0.99999994)]])
-1.3556662, 0.016484268, 1.7140974
float3(-0.41136712, 2.942028, -1.4203389)
100.08382
736318.208083083
normal
simd_float4x4([[-0.088289626, -0.8990934, -0.4287609, 0.0)], [-0.99012095, 0.12628508, -0.06093069, 0.0)], [0.108928494, 0.41914555, -0.9013609, 0.0)], [-1.3805668, 0.0132153705, 1.7365457, 0.99999994)]])
-1.3805668, 0.0132153705, 1.7365457
float3(-0.432504, 3.021327, -1.4312509)
100.08382
736318.291403333
normal
simd_float4x4([[-0.138786, -0.8737458, -0.4661615, 0.0)], [-0.99031115, 0.12469171, 0.06112141, 0.0)], [0.0047218865, 0.4701277, -0.8825857, 0.0)], [-1.4211969, 0.012534268, 1.7720138, 0.99999994)]])
-1.4211969, 0.012534268, 1.7720138
float3(-0.48943546, 3.1362426, -1.4290441)
100.08382
736318.341395541
normal
simd_float4x4([[-0.16997442, -0.863803, -0.47429204, 0.0)], [-0.9852712, 0.13983801, 0.098417036, 0.0)], [-0.018688869, 0.4840347, -0.87484926, 0.0)], [-1.443069, 0.01808673, 1.790331, 1.0)]])
-1.443069, 0.01808673, 1.790331
float3(-0.5052597, -3.1202335, -1.4103023)
100.08382
736318.391387666
normal
simd_float4x4([[-0.17138407, -0.8669733, -0.467958, 0.0)], [-0.98457456, 0.13374078, 0.11281073, 0.0)], [-0.035218824, 0.48007357, -0.876521, 0.0)], [-1.4660081, 0.019688673, 1.8062965, 0.99999994)]])
-1.4660081, 0.019688673, 1.8062965
float3(-0.50073856, -3.101434, -1.4177411)
100.08382
736318.441379875
normal
simd_float4x4([[-0.15291059, -0.8798112, -0.45005608, 0.0)], [-0.9858763, 0.104328565, 0.1310092, 0.0)], [-0.06830967, 0.46373233, -0.88333803, 0.0)], [-1.4876702, 0.024895974, 1.8215466, 0.99999994)]])
-1.4876702, 0.024895974, 1.8215466
float3(-0.48220325, -3.064415, -1.4527669)
100.08382
736318.50803625
normal
simd_float4x4([[-0.14345957, -0.882797, -0.44731268, 0.0)], [-0.9846931, 0.08211832, 0.15373996, 0.0)], [-0.09898862, 0.4625212, -0.8810648, 0.0)], [-1.5098941, 0.029474624, 1.8414595, 0.99999994)]])
-1.5098941, 0.029474624, 1.8414595
float3(-0.48083675, -3.0297108, -1.4780426)
100.08382
736318.558028416
normal
simd_float4x4([[-0.14629352, -0.88311154, -0.44577137, 0.0)], [-0.9824611, 0.07703561, 0.16981047, 0.0)], [-0.11562131, 0.4627952, -0.8788926, 0.0)], [-1.5210003, 0.035138614, 1.8565466, 0.99999994)]])
-1.5210003, 0.035138614, 1.8565466
float3(-0.4811458, -3.0107903, -1.4837846)
100.08382
736318.608020625
normal
simd_float4x4([[-0.15011595, -0.8851652, -0.44039494, 0.0)], [-0.9790294, 0.07104112, 0.19093044, 0.0)], [-0.13771884, 0.45982128, -0.8772672, 0.0)], [-1.5288061, 0.039378, 1.868756, 0.9999999)]])
-1.5288061, 0.039378, 1.868756
float3(-0.47779393, -2.9858773, -1.4907105)
100.08382
736318.691341041
normal
simd_float4x4([[-0.15673837, -0.88626605, -0.43585014, 0.0)], [-0.97509176, 0.06873978, 0.21088108, 0.0)], [-0.15693657, 0.45804703, -0.87496495, 0.0)], [-1.5369493, 0.0483262, 1.8927796, 0.99999994)]])
-1.5369493, 0.0483262, 1.8927796
float3(-0.47579697, -2.9641166, -1.4933902)
100.08382
736318.741333166
normal
simd_float4x4([[-0.14558138, -0.8930466, -0.42576241, 0.0)], [-0.97334397, 0.05219722, 0.22333159, 0.0)], [-0.17722192, 0.4469262, -0.8768405, 0.0)], [-1.5438416, 0.053515017, 1.9048579, 0.99999994)]])
-1.5438416, 0.053515017, 1.9048579
float3(-0.46332633, -2.9421651, -1.5124142)
100.08382
736318.824653458
normal
simd_float4x4([[-0.1320062, -0.9112533, -0.3901176, 0.0)], [-0.96920997, 0.03612649, 0.243571, 0.0)], [-0.20786132, 0.4102587, -0.88796467, 0.0)], [-1.548344, 0.061630666, 1.9298762, 0.99999994)]])
-1.548344, 0.061630666, 1.9298762
float3(-0.42273772, -2.9116457, -1.5311723)
100.08382
736318.874645875
normal
simd_float4x4([[-0.14239016, -0.91071635, -0.38771215, 0.0)], [-0.9651589, 0.04087336, 0.25845227, 0.0)], [-0.21952961, 0.41100493, -0.884806, 0.0)], [-1.5499257, 0.063922554, 1.9470123, 0.99999994)]])
-1.5499257, 0.063922554, 1.9470123
float3(-0.42355612, -2.8983932, -1.525946)
100.08382
736318.924638041
normal
simd_float4x4([[-0.15812396, -0.9023686, -0.40090862, 0.0)], [-0.9600807, 0.04562449, 0.27597722, 0.0)], [-0.23074193, 0.4285432, -0.873561, 0.0)], [-1.5513921, 0.064823985, 1.9716756, 0.99999994)]])
-1.5513921, 0.064823985, 1.9716756
float3(-0.44287983, -2.883351, -1.5202786)
100.08382
736319.007958458
normal
simd_float4x4([[-0.17094386, -0.8962278, -0.40933356, 0.0)], [-0.9567114, 0.051665824, 0.28641576, 0.0)], [-0.23554522, 0.4405751, -0.8662634, 0.0)], [-1.556945, 0.06852202, 2.0140965, 0.99999994)]])
-1.556945, 0.06852202, 2.0140965
float3(-0.4562392, -2.876102, -1.513212)
100.08382
736319.074614625
normal
simd_float4x4([[-0.1736104, -0.9022828, -0.39464548, 0.0)], [-0.95853204, 0.06285473, 0.27796692, 0.0)], [-0.22599943, 0.42653823, -0.8757793, 0.0)], [-1.5633086, 0.07510975, 2.0503469, 0.99999994)]])
-1.5633086, 0.07510975, 2.0503469
float3(-0.4406619, -2.8890471, -1.5012468)
100.08382
736319.174599333
normal
simd_float4x4([[-0.1725223, -0.9120602, -0.37199762, 0.0)], [-0.96804553, 0.0872153, 0.23511943, 0.0)], [-0.1819992, 0.40067402, -0.8979624, 0.0)], [-1.5725452, 0.08446103, 2.108547, 0.99999994)]])
-1.5725452, 0.08446103, 2.108547
float3(-0.41225237, -2.9416213, -1.4754617)
100.08382
736319.2245915
normal
simd_float4x4([[-0.16302486, -0.91243005, -0.37535852, 0.0)], [-0.9726393, 0.084805354, 0.2162877, 0.0)], [-0.165515, 0.40034878, -0.9012909, 0.0)], [-1.5765445, 0.087266326, 2.1383405, 0.99999976)]])
-1.5765445, 0.087266326, 2.1383405
float3(-0.41189742, -2.959974, -1.4781181)
100.08382
736319.274583625
normal
simd_float4x4([[-0.15000623, -0.91690755, -0.36983573, 0.0)], [-0.9704559, 0.06505046, 0.23234412, 0.0)], [-0.1889801, 0.3937623, -0.89957637, 0.0)], [-1.5784135, 0.09113568, 2.1734922, 0.99999994)]])
-1.5784135, 0.09113568, 2.1734922
float3(-0.40472096, -2.934527, -1.4999695)
100.08382
736319.324575875
normal
simd_float4x4([[-0.15058854, -0.9131205, -0.37885866, 0.0)], [-0.9666332, 0.05566971, 0.2500423, 0.0)], [-0.20722781, 0.40387085, -0.8910358, 0.0)], [-1.5755857, 0.09639776, 2.2101934, 0.99999994)]])
-1.5755857, 0.09639776, 2.2101934
float3(-0.41574422, -2.9130852, -1.5099052)
100.08382
736319.407896125
normal
simd_float4x4([[-0.15305741, -0.92386967, -0.3507678, 0.0)], [-0.9609202, 0.056288265, 0.27104232, 0.0)], [-0.23066375, 0.3785449, -0.8963805, 0.0)], [-1.5641395, 0.11007398, 2.2636645, 0.99999994)]])
-1.5641395, 0.11007398, 2.2636645
float3(-0.3882237, -2.889729, -1.5099449)
100.08382
736319.457888375
normal
simd_float4x4([[-0.13172804, -0.9467377, -0.2938285, 0.0)], [-0.95506465, 0.041817296, 0.29343238, 0.0)], [-0.26551637, 0.31927854, -0.9097044, 0.0)], [-1.5565519, 0.11933474, 2.2897854, 0.99999976)]])
-1.5565519, 0.11933474, 2.2897854
float3(-0.32496807, -2.8576102, -1.5266551)
100.08382
736319.541208833
normal
simd_float4x4([[-0.092044935, -0.9800478, -0.17616437, 0.0)], [-0.942063, 0.028399013, 0.3342317, 0.0)], [-0.3225602, 0.19672228, -0.9258808, 0.0)], [-1.5400816, 0.13479005, 2.326942, 0.9999999)]])
-1.5400816, 0.13479005, 2.326942
float3(-0.19801375, -2.80636, -1.5418273)
100.08382
736319.591200916
normal
simd_float4x4([[-0.06936549, -0.9940649, -0.08380441, 0.0)], [-0.92841107, 0.033588603, 0.3700333, 0.0)], [-0.36502227, 0.10347248, -0.9252308, 0.0)], [-1.5273826, 0.14402068, 2.3455253, 0.99999994)]])
-1.5273826, 0.14402068, 2.3455253
float3(-0.10365801, -2.765819, -1.5370201)
100.08382
736319.674521333
normal
simd_float4x4([[-0.057893023, -0.9978808, 0.029702498, 0.0)], [-0.9183768, 0.06489947, 0.39034873, 0.0)], [-0.39144918, -0.004679618, -0.92018783, 0.0)], [-1.5013039, 0.15799877, 2.376558, 0.99999994)]])
-1.5013039, 0.15799877, 2.376558
float3(0.004679635, -2.739382, -1.5058506)
100.08382
736319.7245135
normal
simd_float4x4([[-0.050010484, -0.9968243, 0.061968647, 0.0)], [-0.90906465, 0.07112918, 0.41053885, 0.0)], [-0.4136429, -0.03580225, -0.90973496, 0.0)], [-1.485468, 0.1644471, 2.398917, 0.99999994)]])
-1.485468, 0.1644471, 2.398917
float3(0.0358099, -2.7148495, -1.4995613)
100.08382
736319.791170041
normal
simd_float4x4([[-0.051007066, -0.99488944, 0.08713882, 0.0)], [-0.9079146, 0.08254137, 0.41094762, 0.0)], [-0.41604, -0.058153372, -0.90748495, 0.0)], [-1.4639586, 0.1701564, 2.4290206, 1.0)]])
-1.4639586, 0.1701564, 2.4290206
float3(0.0581862, -2.7117307, -1.4880205)
100.08382
736319.857826333
normal
simd_float4x4([[-0.08765623, -0.99352854, 0.07223014, 0.0)], [-0.9214988, 0.10841442, 0.3729429, 0.0)], [-0.37836024, -0.03386921, -0.92503864, 0.0)], [-1.4444902, 0.17425166, 2.4638467, 0.99999994)]])
-1.4444902, 0.17425166, 2.4638467
float3(0.03387569, -2.7533338, -1.4621058)
100.08425
736319.907818583
normal
simd_float4x4([[-0.11461601, -0.99181813, 0.05621278, 0.0)], [-0.93301165, 0.12690468, 0.3367263, 0.0)], [-0.34110492, -0.013852953, -0.9399232, 0.0)], [-1.4351728, 0.1778237, 2.4931605, 1.0)]])
-1.4351728, 0.1778237, 2.4931605
float3(0.013853396, -2.7934659, -1.4435363)
100.08425
736319.95781075
normal
simd_float4x4([[-0.120965295, -0.9914053, 0.04982693, 0.0)], [-0.94686717, 0.13030934, 0.29404452, 0.0)], [-0.2980102, -0.011610291, -0.9544921, 0.0)], [-1.4320892, 0.18177827, 2.5247746, 0.99999994)]])
-1.4320892, 0.18177827, 2.5247746
float3(0.011610552, -2.8389642, -1.4401065)
100.08425
736320.007803041
normal
simd_float4x4([[-0.09897011, -0.99322915, 0.060833372, 0.0)], [-0.9635677, 0.11092104, 0.24338007, 0.0)], [-0.24847986, -0.034529723, -0.9680214, 0.0)], [-1.4356722, 0.18574986, 2.5587687, 1.0)]])
-1.4356722, 0.18574986, 2.5587687
float3(0.03453659, -2.8903291, -1.45958)
100.08425
736320.091123458
normal
simd_float4x4([[-0.031198042, -0.9959592, 0.08421269, 0.0)], [-0.9901887, 0.042278793, 0.13318668, 0.0)], [-0.13620892, -0.07923129, -0.9875067, 0.0)], [-1.4507889, 0.19265282, 2.6258159, 0.9999998)]])
-1.4507889, 0.19265282, 2.6258159
float3(0.079314426, -3.0045254, -1.5283715)
100.08425
736320.141115583
normal
simd_float4x4([[-0.02747187, -0.9982291, 0.052760318, 0.0)], [-0.9968101, 0.0313128, 0.07340963, 0.0)], [-0.074931726, -0.050575316, -0.9959051, 0.0)], [-1.4602815, 0.19959915, 2.675749, 0.99999976)]])
-1.4602815, 0.19959915, 2.675749
float3(0.0505969, -3.0664942, -1.5394382)
100.08425
736320.224436083
normal
simd_float4x4([[-0.04547274, -0.9989631, 0.002206006, 0.0)], [-0.9981624, 0.045347534, -0.04019215, 0.0)], [0.040050443, -0.0040296, -0.9991895, 0.0)], [-1.4761542, 0.21256368, 2.7593944, 0.99999994)]])
-1.4761542, 0.21256368, 2.7593944
float3(0.0040296107, 3.1015313, -1.5254328)
100.08425
736320.274428333
normal
simd_float4x4([[-0.049447376, -0.99877053, -0.0035046258, 0.0)], [-0.9908883, 0.049496677, -0.1252615, 0.0)], [0.12528096, -0.00272116, -0.99211764, 0.0)], [-1.4838, 0.21662061, 2.808857, 0.99999994)]])
-1.4838, 0.21662061, 2.808857
float3(0.0027211632, 3.0159812, -1.5212792)
100.08425
736320.357748708
normal
simd_float4x4([[-0.038938288, -0.9991008, -0.0167656, 0.0)], [-0.9790211, 0.041503232, -0.19948678, 0.0)], [0.20000327, 0.008646201, -0.979757, 0.0)], [-1.4930346, 0.21582283, 2.9009151, 0.99999994)]])
-1.4930346, 0.21582283, 2.9009151
float3(-0.008646309, 2.9402237, -1.5292796)
100.08425
736320.424405041
normal
simd_float4x4([[-0.03834822, -0.9963678, -0.07602942, 0.0)], [-0.96401954, 0.056917466, -0.25966662, 0.0)], [0.26305088, 0.06333609, -0.9627007, 0.0)], [-1.4940019, 0.21226166, 2.9822376, 0.99999994)]])
-1.4940019, 0.21226166, 2.9822376
float3(-0.06337851, 2.874861, -1.5137334)
100.08425
736320.491061375
normal
simd_float4x4([[-0.035588264, -0.9880325, -0.15008356, 0.0)], [-0.94367325, 0.08265784, -0.3203879, 0.0)], [0.32895926, 0.13022777, -0.9353216, 0.0)], [-1.4907337, 0.2066365, 3.0664625, 0.99999994)]])
-1.4907337, 0.2066365, 3.0664625
float3(-0.13059871, 2.803398, -1.4873316)
100.08425
736320.541053708
normal
simd_float4x4([[-0.01983084, -0.9831484, -0.18172987, 0.0)], [-0.93406796, 0.08303859, -0.34730628, 0.0)], [0.35654426, 0.16286068, -0.91997427, 0.0)], [-1.4875726, 0.20093434, 3.1291513, 0.9999999)]])
-1.4875726, 0.20093434, 3.1291513
float3(-0.16358934, 2.771857, -1.4865344)
100.08425
736320.591045916
normal
simd_float4x4([[0.008261885, -0.9810012, -0.19382481, 0.0)], [-0.9226043, 0.06727724, -0.3798353, 0.0)], [0.38565898, 0.1819618, -0.9045203, 0.0)], [-1.4831973, 0.19434622, 3.1908822, 0.9999998)]])
-1.4831973, 0.19434622, 3.1908822
float3(-0.1829812, 2.7385633, -1.5023234)
100.08425
736320.641038208
normal
simd_float4x4([[0.028315593, -0.9805802, -0.19406322, 0.0)], [-0.91448706, 0.05297948, -0.4011316, 0.0)], [0.40362313, 0.18882656, -0.89522785, 0.0)], [-1.4756635, 0.18796311, 3.2540758, 0.99999994)]])
-1.4756635, 0.18796311, 3.2540758
float3(-0.18996708, 2.718023, -1.5168201)
100.08425
736320.691030375
normal
simd_float4x4([[0.039665196, -0.9789766, -0.20007838, 0.0)], [-0.9055272, 0.049434073, -0.42139846, 0.0)], [0.42242995, 0.19789127, -0.88452923, 0.0)], [-1.4651119, 0.18241648, 3.3205588, 0.9999999)]])
-1.4651119, 0.18241648, 3.3205588
float3(-0.19920617, 2.6960447, -1.5203435)
100.08425
736320.774350833
normal
simd_float4x4([[0.039246082, -0.9780094, -0.20483483, 0.0)], [-0.8880392, 0.05983924, -0.4558571, 0.0)], [0.45808968, 0.19979194, -0.8661621, 0.0)], [-1.4423912, 0.17457068, 3.4383361, 0.99999994)]])
-1.4423912, 0.17457068, 3.4383361
float3(-0.20114557, 2.6551144, -1.5096878)
100.08428
736320.824343041
normal
simd_float4x4([[0.038755525, -0.9782457, -0.20379736, 0.0)], [-0.87635946, 0.064714596, -0.47729057, 0.0)], [0.4800961, 0.19709739, -0.8547868, 0.0)], [-1.4275801, 0.16965243, 3.5133595, 0.99999994)]])
-1.4275801, 0.16965243, 3.5133595
float3(-0.19839635, 2.6298447, -1.5047388)
100.08428
736320.924327625
normal
simd_float4x4([[0.037898883, -0.97934175, -0.19862857, 0.0)], [-0.8713141, 0.064934604, -0.48641044, 0.0)], [0.48925993, 0.1915023, -0.85085344, 0.0)], [-1.4174491, 0.16587591, 3.565119, 0.99999994)]])
-1.4174491, 0.16587591, 3.565119
float3(-0.19269255, 2.6197414, -1.5045888)
100.08428
736320.974319958
normal
simd_float4x4([[0.037898883, -0.97934175, -0.19862857, 0.0)], [-0.8713141, 0.064934604, -0.48641044, 0.0)], [0.48925993, 0.1915023, -0.85085344, 0.0)], [-1.4174491, 0.16587591, 3.565119, 0.99999994)]])
-1.4174491, 0.16587591, 3.565119
float3(-0.19269255, 2.6197414, -1.5045888)
100.08428
736321.057640291
normal
simd_float4x4([[0.037898883, -0.97934175, -0.19862857, 0.0)], [-0.8713141, 0.064934604, -0.48641044, 0.0)], [0.48925993, 0.1915023, -0.85085344, 0.0)], [-1.4174491, 0.16587591, 3.565119, 0.99999994)]])
-1.4174491, 0.16587591, 3.565119
float3(-0.19269255, 2.6197414, -1.5045888)
100.08428
736321.157624916
normal
simd_float4x4([[0.037898883, -0.97934175, -0.19862857, 0.0)], [-0.8713141, 0.064934604, -0.48641044, 0.0)], [0.48925993, 0.1915023, -0.85085344, 0.0)], [-1.4174491, 0.16587591, 3.565119, 0.99999994)]])
-1.4174491, 0.16587591, 3.565119
float3(-0.19269255, 2.6197414, -1.5045888)
100.08428
736321.224281208
normal
simd_float4x4([[0.037898883, -0.97934175, -0.19862857, 0.0)], [-0.8713141, 0.064934604, -0.48641044, 0.0)], [0.48925993, 0.1915023, -0.85085344, 0.0)], [-1.4174491, 0.16587591, 3.565119, 0.99999994)]])
-1.4174491, 0.16587591, 3.565119
float3(-0.19269255, 2.6197414, -1.5045888)
100.08428
736321.2742735
normal
simd_float4x4([[0.037898883, -0.97934175, -0.19862857, 0.0)], [-0.8713141, 0.064934604, -0.48641044, 0.0)], [0.48925993, 0.1915023, -0.85085344, 0.0)], [-1.4174491, 0.16587591, 3.565119, 0.99999994)]])
-1.4174491, 0.16587591, 3.565119
float3(-0.19269255, 2.6197414, -1.5045888)
100.08428
736321.324265833
normal
simd_float4x4([[0.037898883, -0.97934175, -0.19862857, 0.0)], [-0.8713141, 0.064934604, -0.48641044, 0.0)], [0.48925993, 0.1915023, -0.85085344, 0.0)], [-1.4174491, 0.16587591, 3.565119, 0.99999994)]])
-1.4174491, 0.16587591, 3.565119
float3(-0.19269255, 2.6197414, -1.5045888)
100.08428
736321.374258041
normal
simd_float4x4([[0.037898883, -0.97934175, -0.19862857, 0.0)], [-0.8713141, 0.064934604, -0.48641044, 0.0)], [0.48925993, 0.1915023, -0.85085344, 0.0)], [-1.4174491, 0.16587591, 3.565119, 0.99999994)]])
