ARKit Data
1196245.42108879
normal
simd_float4x4([[0.546824, -0.808746, 0.216595, 0.0)], [0.438814, 0.0565222, -0.896798, 0.0)], [0.71304, 0.585435, 0.385797, 0.0)], [0.63475, 0.122563, -0.153418, 1.0)]])
0.63475, 0.122563, -0.153418
float3(-0.625417, 1.07484, -1.50102)
1196245.75488129
notAvailable
simd_float4x4([[1.0, 0.0, 0.0, 0.0)], [0.0, 1.0, 0.0, 0.0)], [0.0, 0.0, 1.0, 0.0)], [0.0, 0.0, 0.0, 1.0)]])
0.0, 0.0, 0.0
float3(-0.0, 0.0, 0.0)
1196245.78820963
notAvailable
simd_float4x4([[1.0, 0.0, 0.0, 0.0)], [0.0, 1.0, 0.0, 0.0)], [0.0, 0.0, 1.0, 0.0)], [0.0, 0.0, 0.0, 1.0)]])
0.0, 0.0, 0.0
float3(-0.0, 0.0, 0.0)
1196245.821549
notAvailable
simd_float4x4([[1.0, 0.0, 0.0, 0.0)], [0.0, 1.0, 0.0, 0.0)], [0.0, 0.0, 1.0, 0.0)], [0.0, 0.0, 0.0, 1.0)]])
0.0, 0.0, 0.0
float3(-0.0, 0.0, 0.0)
1196245.85489946
notAvailable
simd_float4x4([[1.0, 0.0, 0.0, 0.0)], [0.0, 1.0, 0.0, 0.0)], [0.0, 0.0, 1.0, 0.0)], [0.0, 0.0, 0.0, 1.0)]])
0.0, 0.0, 0.0
float3(-0.0, 0.0, 0.0)
1196245.88824975
limited(__ObjC.ARCamera.TrackingState.Reason.initializing)
simd_float4x4([[0.0455468, -0.865861, 0.498207, 0.0)], [0.998962, 0.0394782, -0.0227154, 0.0)], [4.47958e-08, 0.498725, 0.86676, 0.0)], [0.0, 0.0, 0.0, 1.0)]])
0.0, 0.0, 0.0
float3(-0.522127, 5.16819e-08, -1.52523)
1196245.9216
limited(__ObjC.ARCamera.TrackingState.Reason.initializing)
simd_float4x4([[0.0431417, -0.873412, 0.485067, 0.0)], [0.999042, 0.0341533, -0.0273579, 0.0)], [0.0073281, 0.485782, 0.874049, 0.0)], [0.0, 0.0, 0.0, 1.0)]])
0.0, 0.0, 0.0
float3(-0.507258, 0.00838389, -1.53171)
1196245.95495042
limited(__ObjC.ARCamera.TrackingState.Reason.initializing)
simd_float4x4([[0.0439906, -0.879084, 0.474632, 0.0)], [0.998952, 0.0327134, -0.0319966, 0.0)], [0.0126009, 0.475542, 0.879602, 0.0)], [0.0, 0.0, 0.0, 1.0)]])
0.0, 0.0, 0.0
float3(-0.49558, 0.0143247, -1.5336)
1196245.98830071
limited(__ObjC.ARCamera.TrackingState.Reason.initializing)
simd_float4x4([[0.0441473, -0.884562, 0.464328, 0.0)], [0.998957, 0.0336715, -0.0308331, 0.0)], [0.0116392, 0.465205, 0.885126, 0.0)], [0.0, 0.0, 0.0, 1.0)]])
0.0, 0.0, 0.0
float3(-0.483866, 0.013149, -1.53275)
1196246.02165125
limited(__ObjC.ARCamera.TrackingState.Reason.initializing)
simd_float4x4([[0.0411517, -0.887579, 0.458813, 0.0)], [0.99905, 0.0299703, -0.0316285, 0.0)], [0.014322, 0.459679, 0.887969, 0.0)], [0.0, 0.0, 0.0, 1.0)]])
0.0, 0.0, 0.0
float3(-0.477634, 0.0161276, -1.53704)
1196246.05500158
limited(__ObjC.ARCamera.TrackingState.Reason.initializing)
simd_float4x4([[0.0361015, -0.886585, 0.461155, 0.0)], [0.999132, 0.0224202, -0.0351136, 0.0)], [0.020792, 0.462022, 0.886625, 0.0)], [0.0, 0.0, 0.0, 1.0)]])
0.0, 0.0, 0.0
float3(-0.480274, 0.0234465, -1.54551)
1196246.08835188
limited(__ObjC.ARCamera.TrackingState.Reason.initializing)
simd_float4x4([[0.0442297, -0.90397, 0.425301, 0.0)], [0.998857, 0.0322845, -0.0352572, 0.0)], [0.0181409, 0.426375, 0.904365, 0.0)], [0.0, 0.0, 0.0, 1.0)]])
0.0, 0.0, 0.0
float3(-0.440481, 0.0200565, -1.5351)
1196246.12170225
limited(__ObjC.ARCamera.TrackingState.Reason.initializing)
simd_float4x4([[0.0431833, -0.908244, 0.416207, 0.0)], [0.998748, 0.0287148, -0.0409633, 0.0)], [0.0252533, 0.417455, 0.908347, 0.0)], [0.0, 0.0, 0.0, 1.0)]])
0.0, 0.0, 0.0
float3(-0.430643, 0.0277943, -1.53919)
1196246.15505263
limited(__ObjC.ARCamera.TrackingState.Reason.initializing)
simd_float4x4([[0.039848, -0.905994, 0.421411, 0.0)], [0.998597, 0.0213867, -0.0484464, 0.0)], [0.0348795, 0.42275, 0.905575, 0.0)], [0.0, 0.0, 0.0, 1.0)]])
0.0, 0.0, 0.0
float3(-0.436478, 0.0384974, -1.54719)
1196246.18840283
limited(__ObjC.ARCamera.TrackingState.Reason.initializing)
simd_float4x4([[0.0370526, -0.906604, 0.420353, 0.0)], [0.998419, 0.0157926, -0.0539461, 0.0)], [0.0422693, 0.421687, 0.905756, 0.0)], [0.0, 0.0, 0.0, 1.0)]])
0.0, 0.0, 0.0
float3(-0.435305, 0.0466336, -1.55338)
1196246.22175337
limited(__ObjC.ARCamera.TrackingState.Reason.initializing)
simd_float4x4([[0.0392644, -0.909374, 0.414122, 0.0)], [0.997771, 0.0133031, -0.06539, 0.0)], [0.0539549, 0.415767, 0.907869, 0.0)], [0.0, 0.0, 0.0, 1.0)]])
0.0, 0.0, 0.0
float3(-0.428786, 0.0593604, -1.55617)
1196246.25510362
limited(__ObjC.ARCamera.TrackingState.Reason.initializing)
simd_float4x4([[0.042386, -0.909548, 0.413431, 0.0)], [0.996456, 0.00839339, -0.0836939, 0.0)], [0.0726536, 0.415513, 0.906681, 0.0)], [0.0, 0.0, 0.0, 1.0)]])
0.0, 0.0, 0.0
float3(-0.428507, 0.0799605, -1.56157)
1196246.288454
limited(__ObjC.ARCamera.TrackingState.Reason.initializing)
simd_float4x4([[0.044886, -0.909169, 0.414001, 0.0)], [0.994143, -0.000130605, -0.108072, 0.0)], [0.0983097, 0.416427, 0.903838, 0.0)], [0.0, 0.0, 0.0, 1.0)]])
0.0, 0.0, 0.0
float3(-0.429512, 0.108343, -1.57094)
1196246.32180437
limited(__ObjC.ARCamera.TrackingState.Reason.initializing)
simd_float4x4([[0.0494665, -0.910395, 0.410772, 0.0)], [0.989994, -0.00972601, -0.140774, 0.0)], [0.132155, 0.413626, 0.900804, 0.0)], [0.0, 0.0, 0.0, 1.0)]])
0.0, 0.0, 0.0
float3(-0.426433, 0.145669, -1.58148)
1196246.35515479
limited(__ObjC.ARCamera.TrackingState.Reason.initializing)
simd_float4x4([[0.0586915, -0.911503, 0.407083, 0.0)], [0.986575, -0.00929033, -0.163042, 0.0)], [0.152395, 0.411188, 0.898721, 0.0)], [0.0, 0.0, 0.0, 1.0)]])
0.0, 0.0, 0.0
float3(-0.423757, 0.167971, -1.58099)
1196246.388505
limited(__ObjC.ARCamera.TrackingState.Reason.initializing)
simd_float4x4([[0.0687288, -0.915736, 0.395858, 0.0)], [0.982197, -0.00742684, -0.187709, 0.0)], [0.174832, 0.401712, 0.898922, 0.0)], [0.0, 0.0, 0.0, 1.0)]])
0.0, 0.0, 0.0
float3(-0.413385, 0.192093, -1.57891)
1196246.42185542
limited(__ObjC.ARCamera.TrackingState.Reason.initializing)
simd_float4x4([[0.0801947, -0.917117, 0.390469, 0.0)], [0.975198, -0.00888588, -0.221157, 0.0)], [0.206297, 0.39852, 0.893657, 0.0)], [0.0, 0.0, 0.0, 1.0)]])
0.0, 0.0, 0.0
float3(-0.409902, 0.226871, -1.58048)
1196246.45520567
limited(__ObjC.ARCamera.TrackingState.Reason.initializing)
simd_float4x4([[0.0896582, -0.916533, 0.389781, 0.0)], [0.969601, -0.0091393, -0.24452, 0.0)], [0.227673, 0.399855, 0.887852, 0.0)], [0.0, 0.0, 0.0, 1.0)]])
0.0, 0.0, 0.0
float3(-0.411359, 0.251022, -1.58077)
1196246.48855625
limited(__ObjC.ARCamera.TrackingState.Reason.initializing)
simd_float4x4([[0.0986693, -0.916499, 0.387677, 0.0)], [0.964827, -0.00728494, -0.262784, 0.0)], [0.243666, 0.39997, 0.883544, 0.0)], [0.0, 0.0, 0.0, 1.0)]])
0.0, 0.0, 0.0
float3(-0.411484, 0.269093, -1.57874)
1196246.52190642
limited(__ObjC.ARCamera.TrackingState.Reason.initializing)
simd_float4x4([[0.10914, -0.916471, 0.384927, 0.0)], [0.95867, -0.00531531, -0.284471, 0.0)], [0.262755, 0.400066, 0.878013, 0.0)], [0.0, 0.0, 0.0, 1.0)]])
0.0, 0.0, 0.0
float3(-0.411588, 0.290779, -1.5766)
1196246.55525671
limited(__ObjC.ARCamera.TrackingState.Reason.initializing)
simd_float4x4([[0.117477, -0.917208, 0.380694, 0.0)], [0.951093, -0.00636919, -0.30884, 0.0)], [0.285695, 0.398356, 0.871602, 0.0)], [0.0, 0.0, 0.0, 1.0)]])
0.0, 0.0, 0.0
float3(-0.409724, 0.316746, -1.57774)
1196246.58860721
limited(__ObjC.ARCamera.TrackingState.Reason.initializing)
simd_float4x4([[0.125113, -0.917388, 0.377816, 0.0)], [0.943394, -0.00789754, -0.331579, 0.0)], [0.30717, 0.397914, 0.864471, 0.0)], [0.0, 0.0, 0.0, 1.0)]])
0.0, 0.0, 0.0
float3(-0.409242, 0.341413, -1.5794)
1196246.62195742
limited(__ObjC.ARCamera.TrackingState.Reason.initializing)
simd_float4x4([[0.133245, -0.916451, 0.37731, 0.0)], [0.938588, -0.00557254, -0.344994, 0.0)], [0.318273, 0.400107, 0.859427, 0.0)], [0.0, 0.0, 0.0, 1.0)]])
0.0, 0.0, 0.0
float3(-0.411634, 0.354672, -1.57688)
1196246.65530796
limited(__ObjC.ARCamera.TrackingState.Reason.initializing)
simd_float4x4([[0.140082, -0.915955, 0.376034, 0.0)], [0.933576, -0.00434047, -0.358354, 0.0)], [0.329869, 0.401255, 0.854505, 0.0)], [0.0, 0.0, 0.0, 1.0)]])
0.0, 0.0, 0.0
float3(-0.412887, 0.36841, -1.57554)
1196246.68865825
limited(__ObjC.ARCamera.TrackingState.Reason.initializing)
simd_float4x4([[0.148767, -0.915077, 0.374834, 0.0)], [0.926861, -0.00308433, -0.375391, 0.0)], [0.344668, 0.403265, 0.847691, 0.0)], [0.0, 0.0, 0.0, 1.0)]])
0.0, 0.0, 0.0
float3(-0.415082, 0.38618, -1.57417)
1196246.72200854
limited(__ObjC.ARCamera.TrackingState.Reason.initializing)
simd_float4x4([[0.157065, -0.913276, 0.37584, 0.0)], [0.923327, 0.000760943, -0.384013, 0.0)], [0.350424, 0.407339, 0.843372, 0.0)], [0.0, 0.0, 0.0, 1.0)]])
0.0, 0.0, 0.0
float3(-0.419538, 0.3938, -1.56996)
1196246.75535888
limited(__ObjC.ARCamera.TrackingState.Reason.initializing)
simd_float4x4([[0.163468, -0.912692, 0.374526, 0.0)], [0.91944, 0.00331892, -0.393217, 0.0)], [0.357643, 0.408632, 0.839708, 0.0)], [0.0, 0.0, 0.0, 1.0)]])
0.0, 0.0, 0.0
float3(-0.420955, 0.402644, -1.56716)
1196246.78870942
limited(__ObjC.ARCamera.TrackingState.Reason.initializing)
simd_float4x4([[0.170756, -0.909953, 0.377924, 0.0)], [0.916386, 0.00572839, -0.400255, 0.0)], [0.362049, 0.41467, 0.834846, 0.0)], [0.0, 0.0, 0.0, 1.0)]])
0.0, 0.0, 0.0
float3(-0.42758, 0.409193, -1.5645)
1196246.82205958
limited(__ObjC.ARCamera.TrackingState.Reason.initializing)
simd_float4x4([[0.176284, -0.907727, 0.380727, 0.0)], [0.916523, 0.0102845, -0.399849, 0.0)], [0.359039, 0.419433, 0.833766, 0.0)], [0.0, 0.0, 0.0, 1.0)]])
0.0, 0.0, 0.0
float3(-0.43282, 0.406624, -1.55947)
1196246.85541013
limited(__ObjC.ARCamera.TrackingState.Reason.initializing)
simd_float4x4([[0.180361, -0.90587, 0.383233, 0.0)], [0.917856, 0.0149513, -0.396631, 0.0)], [0.353567, 0.423289, 0.834155, 0.0)], [0.0, 0.0, 0.0, 1.0)]])
0.0, 0.0, 0.0
float3(-0.437073, 0.400907, -1.55429)
1196246.88876029
limited(__ObjC.ARCamera.TrackingState.Reason.initializing)
simd_float4x4([[0.184181, -0.902234, 0.389933, 0.0)], [0.921582, 0.0205992, -0.387637, 0.0)], [0.341708, 0.430751, 0.835276, 0.0)], [0.0, 0.0, 0.0, 1.0)]])
0.0, 0.0, 0.0
float3(-0.445324, 0.388323, -1.54797)
1196246.92211083
limited(__ObjC.ARCamera.TrackingState.Reason.initializing)
simd_float4x4([[0.188113, -0.897769, 0.398273, 0.0)], [0.926203, 0.027251, -0.37604, 0.0)], [0.326744, 0.43962, 0.836642, 0.0)], [0.0, 0.0, 0.0, 1.0)]])
0.0, 0.0, 0.0
float3(-0.455175, 0.372327, -1.54045)
1196246.95546104
limited(__ObjC.ARCamera.TrackingState.Reason.initializing)
simd_float4x4([[0.190034, -0.892802, 0.408397, 0.0)], [0.931765, 0.0329356, -0.361565, 0.0)], [0.309356, 0.44924, 0.838141, 0.0)], [0.0, 0.0, 0.0, 1.0)]])
0.0, 0.0, 0.0
float3(-0.465915, 0.353586, -1.53392)
1196246.98881154
limited(__ObjC.ARCamera.TrackingState.Reason.initializing)
simd_float4x4([[0.190586, -0.888652, 0.4171, 0.0)], [0.937294, 0.0384244, -0.346415, 0.0)], [0.291816, 0.456968, 0.840251, 0.0)], [0.0, 0.0, 0.0, 1.0)]])
0.0, 0.0, 0.0
float3(-0.474583, 0.334264, -1.52758)
1196247.02216175
limited(__ObjC.ARCamera.TrackingState.Reason.initializing)
simd_float4x4([[0.187446, -0.885795, 0.424533, 0.0)], [0.943528, 0.0421766, -0.328598, 0.0)], [0.273166, 0.462153, 0.843678, 0.0)], [0.0, 0.0, 0.0, 1.0)]])
0.0, 0.0, 0.0
float3(-0.480421, 0.313127, -1.52322)
1196247.05551217
limited(__ObjC.ARCamera.TrackingState.Reason.initializing)
simd_float4x4([[0.183197, -0.884593, 0.428873, 0.0)], [0.949006, 0.045276, -0.31199, 0.0)], [0.256567, 0.464158, 0.847778, 0.0)], [0.0, 0.0, 0.0, 1.0)]])
0.0, 0.0, 0.0
float3(-0.482684, 0.293872, -1.51966)
1196247.08886254
limited(__ObjC.ARCamera.TrackingState.Reason.initializing)
simd_float4x4([[0.175921, -0.883497, 0.434146, 0.0)], [0.955703, 0.0475656, -0.290465, 0.0)], [0.235975, 0.466013, 0.852728, 0.0)], [0.0, 0.0, 0.0, 1.0)]])
0.0, 0.0, 0.0
float3(-0.484779, 0.269973, -1.51701)
1196247.12221304
limited(__ObjC.ARCamera.TrackingState.Reason.initializing)
simd_float4x4([[0.166603, -0.883687, 0.437422, 0.0)], [0.96152, 0.0473174, -0.270628, 0.0)], [0.218453, 0.465678, 0.857566, 0.0)], [0.0, 0.0, 0.0, 1.0)]])
0.0, 0.0, 0.0
float3(-0.484401, 0.249431, -1.5173)
1196247.15556325
limited(__ObjC.ARCamera.TrackingState.Reason.initializing)
simd_float4x4([[0.159481, -0.885457, 0.436497, 0.0)], [0.966021, 0.0488774, -0.253801, 0.0)], [0.203395, 0.462141, 0.863165, 0.0)], [0.0, 0.0, 0.0, 1.0)]])
0.0, 0.0, 0.0
float3(-0.480408, 0.231417, -1.51565)
1196247.1889135
limited(__ObjC.ARCamera.TrackingState.Reason.initializing)
simd_float4x4([[0.151495, -0.888003, 0.434164, 0.0)], [0.970631, 0.0506034, -0.235189, 0.0)], [0.186878, 0.457043, 0.86959, 0.0)], [0.0, 0.0, 0.0, 1.0)]])
0.0, 0.0, 0.0
float3(-0.474668, 0.211684, -1.51387)
1196247.222264
limited(__ObjC.ARCamera.TrackingState.Reason.initializing)
simd_float4x4([[0.144064, -0.890739, 0.431076, 0.0)], [0.974301, 0.0514487, -0.219297, 0.0)], [0.173159, 0.451591, 0.87526, 0.0)], [0.0, 0.0, 0.0, 1.0)]])
0.0, 0.0, 0.0
float3(-0.468547, 0.195315, -1.5131)
1196247.25561429
limited(__ObjC.ARCamera.TrackingState.Reason.initializing)
simd_float4x4([[0.137577, -0.894508, 0.425353, 0.0)], [0.977174, 0.0523936, -0.205878, 0.0)], [0.161874, 0.443968, 0.881298, 0.0)], [0.0, 0.0, 0.0, 1.0)]])
0.0, 0.0, 0.0
float3(-0.460022, 0.181652, -1.51229)
1196247.28896462
limited(__ObjC.ARCamera.TrackingState.Reason.initializing)
simd_float4x4([[0.130103, -0.897253, 0.421908, 0.0)], [0.980254, 0.0524933, -0.190645, 0.0)], [0.14891, 0.438381, 0.886366, 0.0)], [0.0, 0.0, 0.0, 1.0)]])
0.0, 0.0, 0.0
float3(-0.453797, 0.166446, -1.51236)
1196247.32231496
limited(__ObjC.ARCamera.TrackingState.Reason.initializing)
simd_float4x4([[0.121715, -0.900009, 0.418528, 0.0)], [0.982594, 0.0496409, -0.179008, 0.0)], [0.140333, 0.433032, 0.890386, 0.0)], [0.0, 0.0, 0.0, 1.0)]])
0.0, 0.0, 0.0
float3(-0.447853, 0.156323, -1.5157)
1196247.35566546
limited(__ObjC.ARCamera.TrackingState.Reason.initializing)
simd_float4x4([[0.112103, -0.90269, 0.415429, 0.0)], [0.984766, 0.0449993, -0.167959, 0.0)], [0.132921, 0.42793, 0.893983, 0.0)], [0.0, 0.0, 0.0, 1.0)]])
0.0, 0.0, 0.0
float3(-0.442201, 0.147603, -1.52099)
1196247.38901567
limited(__ObjC.ARCamera.TrackingState.Reason.initializing)
simd_float4x4([[0.100971, -0.907899, 0.406843, 0.0)], [0.987512, 0.0417505, -0.151914, 0.0)], [0.120937, 0.417101, 0.900777, 0.0)], [0.0, 0.0, 0.0, 1.0)]])
0.0, 0.0, 0.0
float3(-0.430253, 0.13346, -1.52484)
1196247.42236608
limited(__ObjC.ARCamera.TrackingState.Reason.initializing)
simd_float4x4([[0.0901308, -0.915756, 0.39149, 0.0)], [0.989514, 0.0377937, -0.139406, 0.0)], [0.112866, 0.39995, 0.90956, 0.0)], [0.0, 0.0, 0.0, 1.0)]])
0.0, 0.0, 0.0
float3(-0.411462, 0.123458, -1.52955)
1196247.45571642
limited(__ObjC.ARCamera.TrackingState.Reason.initializing)
simd_float4x4([[0.0800016, -0.921508, 0.380027, 0.0)], [0.990658, 0.0312634, -0.13274, 0.0)], [0.11044, 0.387097, 0.9154, 0.0)], [0.0, 0.0, 0.0, 1.0)]])
0.0, 0.0, 0.0
float3(-0.397481, 0.120067, -1.53688)
1196247.48906683
limited(__ObjC.ARCamera.TrackingState.Reason.initializing)
simd_float4x4([[0.0688311, -0.926176, 0.370753, 0.0)], [0.992869, 0.0273408, -0.116029, 0.0)], [0.0973266, 0.376096, 0.921454, 0.0)], [0.0, 0.0, 0.0, 1.0)]])
0.0, 0.0, 0.0
float3(-0.385579, 0.105233, -1.54128)
1196247.52241717
limited(__ObjC.ARCamera.TrackingState.Reason.initializing)
simd_float4x4([[0.061401, -0.932222, 0.356636, 0.0)], [0.994612, 0.0272438, -0.100026, 0.0)], [0.0835308, 0.360856, 0.928872, 0.0)], [0.0, 0.0, 0.0, 1.0)]])
0.0, 0.0, 0.0
float3(-0.369186, 0.089686, -1.54158)
1196247.55576754
limited(__ObjC.ARCamera.TrackingState.Reason.initializing)
simd_float4x4([[0.0549539, -0.93816, 0.341808, 0.0)], [0.99532, 0.0242199, -0.0935457, 0.0)], [0.0794825, 0.345349, 0.935101, 0.0)], [0.0, 0.0, 0.0, 1.0)]])
0.0, 0.0, 0.0
float3(-0.352611, 0.084795, -1.54499)
1196247.58911792
limited(__ObjC.ARCamera.TrackingState.Reason.initializing)
simd_float4x4([[0.0468836, -0.945113, 0.323359, 0.0)], [0.996198, 0.0204454, -0.0846806, 0.0)], [0.0734216, 0.326099, 0.942479, 0.0)], [0.0, 0.0, 0.0, 1.0)]])
0.0, 0.0, 0.0
float3(-0.332174, 0.0777457, -1.54917)
1196247.62246833
limited(__ObjC.ARCamera.TrackingState.Reason.initializing)
simd_float4x4([[0.0404897, -0.952227, 0.302692, 0.0)], [0.997099, 0.0189665, -0.0737114, 0.0)], [0.0644491, 0.304798, 0.950233, 0.0)], [0.0, 0.0, 0.0, 1.0)]])
0.0, 0.0, 0.0
float3(-0.309726, 0.0677208, -1.55088)
1196247.65581854
limited(__ObjC.ARCamera.TrackingState.Reason.initializing)
simd_float4x4([[0.0361384, -0.956591, 0.289181, 0.0)], [0.997918, 0.019074, -0.0616125, 0.0)], [0.0534222, 0.290805, 0.955288, 0.0)], [0.0, 0.0, 0.0, 1.0)]])
0.0, 0.0, 0.0
float3(-0.295069, 0.0558644, -1.55086)
1196247.68916912
limited(__ObjC.ARCamera.TrackingState.Reason.initializing)
simd_float4x4([[0.0294515, -0.959351, 0.280669, 0.0)], [0.998628, 0.0160782, -0.0498328, 0.0)], [0.0432945, 0.281752, 0.958509, 0.0)], [0.0, 0.0, 0.0, 1.0)]])
0.0, 0.0, 0.0
float3(-0.285619, 0.045138, -1.55404)
1196247.72251937
limited(__ObjC.ARCamera.TrackingState.Reason.initializing)
simd_float4x4([[0.0214529, -0.961347, 0.274498, 0.0)], [0.999381, 0.0129683, -0.0326875, 0.0)], [0.0278644, 0.275029, 0.961031, 0.0)], [0.0, 0.0, 0.0, 1.0)]])
0.0, 0.0, 0.0
float3(-0.27862, 0.0289861, -1.55731)
1196247.7558695
limited(__ObjC.ARCamera.TrackingState.Reason.initializing)
simd_float4x4([[0.0150452, -0.963131, 0.268605, 0.0)], [0.999765, 0.0102969, -0.0190777, 0.0)], [0.0156085, 0.268829, 0.96306, 0.0)], [0.0, 0.0, 0.0, 1.0)]])
0.0, 0.0, 0.0
float3(-0.272177, 0.0162058, -1.56011)
1196247.78922004
limited(__ObjC.ARCamera.TrackingState.Reason.initializing)
simd_float4x4([[0.00948467, -0.963801, 0.266447, 0.0)], [0.999955, 0.0093195, -0.00188425, 0.0)], [-0.000667128, 0.266453, 0.963846, 0.0)], [0.0, 0.0, 0.0, 1.0)]])
0.0, 0.0, 0.0
float3(-0.269711, -0.000692152, -1.56113)
1196247.82257042
limited(__ObjC.ARCamera.TrackingState.Reason.initializing)
simd_float4x4([[0.00402305, -0.963759, 0.266736, 0.0)], [0.999761, 0.00961128, 0.0196484, 0.0)], [-0.0215001, 0.266594, 0.963567, 0.0)], [0.0, 0.0, 0.0, 1.0)]])
0.0, 0.0, 0.0
float3(-0.269857, -0.0223093, -1.56082)
1196247.85592075
limited(__ObjC.ARCamera.TrackingState.Reason.initializing)
simd_float4x4([[-0.00047075, -0.963844, 0.266462, 0.0)], [0.999365, 0.00904349, 0.034478, 0.0)], [-0.0356412, 0.266309, 0.963227, 0.0)], [0.0, 0.0, 0.0, 1.0)]])
0.0, 0.0, 0.0
float3(-0.269562, -0.036985, -1.56141)
1196247.88927112
limited(__ObjC.ARCamera.TrackingState.Reason.initializing)
simd_float4x4([[-0.00611302, -0.964261, 0.264878, 0.0)], [0.998552, 0.00827118, 0.0531563, 0.0)], [-0.0534475, 0.264819, 0.962814, 0.0)], [0.0, 0.0, 0.0, 1.0)]])
0.0, 0.0, 0.0
float3(-0.268016, -0.0554549, -1.56222)
1196247.92262154
limited(__ObjC.ARCamera.TrackingState.Reason.initializing)
simd_float4x4([[-0.0122807, -0.964993, 0.261981, 0.0)], [0.997087, 0.00790649, 0.0758636, 0.0)], [-0.0752795, 0.26215, 0.962085, 0.0)], [0.0, 0.0, 0.0, 1.0)]])
0.0, 0.0, 0.0
float3(-0.265249, -0.0780871, -1.5626)
1196247.95597187
limited(__ObjC.ARCamera.TrackingState.Reason.initializing)
simd_float4x4([[-0.0174196, -0.964988, 0.261707, 0.0)], [0.995604, 0.00735135, 0.0933762, 0.0)], [-0.0920311, 0.262183, 0.960618, 0.0)], [0.0, 0.0, 0.0, 1.0)]])
0.0, 0.0, 0.0
float3(-0.265284, -0.0955125, -1.56318)
1196247.98932233
limited(__ObjC.ARCamera.TrackingState.Reason.initializing)
simd_float4x4([[-0.0240752, -0.964398, 0.26335, 0.0)], [0.99318, 0.00698721, 0.116384, 0.0)], [-0.114081, 0.264356, 0.957652, 0.0)], [0.0, 0.0, 0.0, 1.0)]])
0.0, 0.0, 0.0
float3(-0.267536, -0.118567, -1.56355)
1196248.02267258
limited(__ObjC.ARCamera.TrackingState.Reason.initializing)
simd_float4x4([[-0.0306831, -0.962804, 0.268447, 0.0)], [0.988908, 0.00980645, 0.148203, 0.0)], [-0.145324, 0.270017, 0.951824, 0.0)], [0.0, 0.0, 0.0, 1.0)]])
0.0, 0.0, 0.0
float3(-0.273411, -0.151509, -1.56061)
1196248.05602308
limited(__ObjC.ARCamera.TrackingState.Reason.initializing)
simd_float4x4([[-0.0347492, -0.96199, 0.27086, 0.0)], [0.984523, 0.0136325, 0.174725, 0.0)], [-0.171776, 0.27274, 0.946627, 0.0)], [0.0, 0.0, 0.0, 1.0)]])
0.0, 0.0, 0.0
float3(-0.27624, -0.179508, -1.55663)
1196248.08937329
limited(__ObjC.ARCamera.TrackingState.Reason.initializing)
simd_float4x4([[-0.039458, -0.961577, 0.271681, 0.0)], [0.980435, 0.0152164, 0.196253, 0.0)], [-0.192846, 0.274109, 0.942163, 0.0)], [0.0, 0.0, 0.0, 1.0)]])
0.0, 0.0, 0.0
float3(-0.277663, -0.201896, -1.55497)
1196248.12272363
limited(__ObjC.ARCamera.TrackingState.Reason.initializing)
simd_float4x4([[-0.0447559, -0.962531, 0.267447, 0.0)], [0.975656, 0.015419, 0.218765, 0.0)], [-0.214693, 0.270727, 0.938408, 0.0)], [0.0, 0.0, 0.0, 1.0)]])
0.0, 0.0, 0.0
float3(-0.274148, -0.224913, -1.55478)
1196248.15607396
limited(__ObjC.ARCamera.TrackingState.Reason.initializing)
simd_float4x4([[-0.0485424, -0.963235, 0.26423, 0.0)], [0.970933, 0.0165687, 0.238775, 0.0)], [-0.234375, 0.268141, 0.934433, 0.0)], [0.0, 0.0, 0.0, 1.0)]])
0.0, 0.0, 0.0
float3(-0.271463, -0.245751, -1.5536)
1196248.18942454
limited(__ObjC.ARCamera.TrackingState.Reason.initializing)
simd_float4x4([[-0.0518344, -0.963217, 0.263668, 0.0)], [0.965302, 0.0193387, 0.260418, 0.0)], [-0.255939, 0.268018, 0.928793, 0.0)], [0.0, 0.0, 0.0, 1.0)]])
0.0, 0.0, 0.0
float3(-0.271335, -0.268887, -1.55072)
1196248.22277475
limited(__ObjC.ARCamera.TrackingState.Reason.initializing)
simd_float4x4([[-0.0556787, -0.962772, 0.264512, 0.0)], [0.958808, 0.0223485, 0.283172, 0.0)], [-0.278543, 0.269383, 0.921869, 0.0)], [0.0, 0.0, 0.0, 1.0)]])
0.0, 0.0, 0.0
float3(-0.272752, -0.293428, -1.54759)
1196248.25612513
limited(__ObjC.ARCamera.TrackingState.Reason.initializing)
simd_float4x4([[-0.0603274, -0.962476, 0.264567, 0.0)], [0.952591, 0.0236718, 0.303332, 0.0)], [-0.298214, 0.270323, 0.915418, 0.0)], [0.0, 0.0, 0.0, 1.0)]])
0.0, 0.0, 0.0
float3(-0.273729, -0.314926, -1.54621)
1196248.2894755
limited(__ObjC.ARCamera.TrackingState.Reason.initializing)
simd_float4x4([[-0.0640445, -0.962813, 0.262461, 0.0)], [0.946052, 0.0251291, 0.323039, 0.0)], [-0.317622, 0.26899, 0.909261, 0.0)], [0.0, 0.0, 0.0, 1.0)]])
0.0, 0.0, 0.0
float3(-0.272345, -0.336068, -1.5447)
1196248.32282596
limited(__ObjC.ARCamera.TrackingState.Reason.initializing)
simd_float4x4([[-0.0702573, -0.963069, 0.259919, 0.0)], [0.937365, 0.0253809, 0.347421, 0.0)], [-0.341188, 0.268048, 0.900964, 0.0)], [0.0, 0.0, 0.0, 1.0)]])
0.0, 0.0, 0.0
float3(-0.271366, -0.362004, -1.54445)
1196248.35617633
limited(__ObjC.ARCamera.TrackingState.Reason.initializing)
simd_float4x4([[-0.0760742, -0.962895, 0.258923, 0.0)], [0.931014, 0.0243688, 0.364168, 0.0)], [-0.356967, 0.268765, 0.894615, 0.0)], [0.0, 0.0, 0.0, 1.0)]])
0.0, 0.0, 0.0
float3(-0.272111, -0.379659, -1.54549)
1196248.38952658
limited(__ObjC.ARCamera.TrackingState.Reason.initializing)
simd_float4x4([[-0.0804235, -0.962704, 0.258319, 0.0)], [0.923667, 0.0254314, 0.38235, 0.0)], [-0.37466, 0.269351, 0.887172, 0.0)], [0.0, 0.0, 0.0, 1.0)]])
0.0, 0.0, 0.0
float3(-0.272719, -0.399589, -1.54439)
1196248.42287696
limited(__ObjC.ARCamera.TrackingState.Reason.initializing)
simd_float4x4([[-0.0860572, -0.96154, 0.260826, 0.0)], [0.914845, 0.0274041, 0.402874, 0.0)], [-0.394528, 0.273286, 0.877301, 0.0)], [0.0, 0.0, 0.0, 1.0)]])
0.0, 0.0, 0.0
float3(-0.276808, -0.42261, -1.5423)
1196248.45622721
limited(__ObjC.ARCamera.TrackingState.Reason.initializing)
simd_float4x4([[-0.0925934, -0.960215, 0.263456, 0.0)], [0.905436, 0.0288837, 0.423498, 0.0)], [-0.41426, 0.277756, 0.866739, 0.0)], [0.0, 0.0, 0.0, 1.0)]])
0.0, 0.0, 0.0
float3(-0.281457, -0.445855, -1.54072)
1196248.48957771
limited(__ObjC.ARCamera.TrackingState.Reason.initializing)
simd_float4x4([[-0.0978448, -0.959258, 0.265041, 0.0)], [0.898403, 0.0294309, 0.438185, 0.0)], [-0.428134, 0.280988, 0.85892, 0.0)], [0.0, 0.0, 0.0, 1.0)]])
0.0, 0.0, 0.0
float3(-0.284823, -0.462412, -1.54013)
1196248.52292796
limited(__ObjC.ARCamera.TrackingState.Reason.initializing)
simd_float4x4([[-0.103819, -0.957847, 0.267856, 0.0)], [0.890893, 0.0301736, 0.453209, 0.0)], [-0.442188, 0.285683, 0.850206, 0.0)], [0.0, 0.0, 0.0, 1.0)]])
0.0, 0.0, 0.0
float3(-0.289719, -0.479594, -1.53931)
1196248.55627842
limited(__ObjC.ARCamera.TrackingState.Reason.initializing)
simd_float4x4([[-0.107927, -0.956184, 0.272138, 0.0)], [0.882846, 0.0336749, 0.468452, 0.0)], [-0.457092, 0.290815, 0.840529, 0.0)], [0.0, 0.0, 0.0, 1.0)]])
0.0, 0.0, 0.0
float3(-0.295079, -0.498082, -1.53559)
1196248.58962871
limited(__ObjC.ARCamera.TrackingState.Reason.initializing)
simd_float4x4([[-0.111601, -0.955402, 0.273402, 0.0)], [0.876584, 0.034957, 0.479976, 0.0)], [-0.468129, 0.293226, 0.833589, 0.0)], [0.0, 0.0, 0.0, 1.0)]])
0.0, 0.0, 0.0
float3(-0.2976, -0.511692, -1.53422)
1196248.62297913
limited(__ObjC.ARCamera.TrackingState.Reason.initializing)
simd_float4x4([[-0.114404, -0.956084, 0.269834, 0.0)], [0.874003, 0.0322541, 0.484847, 0.0)], [-0.472259, 0.291305, 0.831931, 0.0)], [0.0, 0.0, 0.0, 1.0)]])
0.0, 0.0, 0.0
float3(-0.295591, -0.516306, -1.53707)
1196248.65632946
limited(__ObjC.ARCamera.TrackingState.Reason.initializing)
simd_float4x4([[-0.113425, -0.956882, 0.267408, 0.0)], [0.876785, 0.0301895, 0.479933, 0.0)], [-0.467314, 0.288896, 0.835555, 0.0)], [0.0, 0.0, 0.0, 1.0)]])
0.0, 0.0, 0.0
float3(-0.293074, -0.509944, -1.53926)
1196248.68968
limited(__ObjC.ARCamera.TrackingState.Reason.initializing)
simd_float4x4([[-0.11143, -0.956726, 0.2688, 0.0)], [0.878649, 0.0315185, 0.476427, 0.0)], [-0.464283, 0.289269, 0.837114, 0.0)], [0.0, 0.0, 0.0, 1.0)]])
0.0, 0.0, 0.0
float3(-0.293463, -0.506386, -1.53786)
1196248.72303025
limited(__ObjC.ARCamera.TrackingState.Reason.initializing)
simd_float4x4([[-0.108833, -0.956431, 0.270905, 0.0)], [0.880243, 0.0338985, 0.473311, 0.0)], [-0.461874, 0.289975, 0.838202, 0.0)], [0.0, 0.0, 0.0, 1.0)]])
0.0, 0.0, 0.0
float3(-0.294201, -0.503633, -1.53537)
1196248.75638063
limited(__ObjC.ARCamera.TrackingState.Reason.initializing)
simd_float4x4([[-0.105997, -0.956948, 0.270202, 0.0)], [0.88324, 0.034216, 0.46767, 0.0)], [-0.456783, 0.288225, 0.841588, 0.0)], [0.0, 0.0, 0.0, 1.0)]])
0.0, 0.0, 0.0
float3(-0.292373, -0.497271, -1.53506)
1196248.78973108
limited(__ObjC.ARCamera.TrackingState.Reason.initializing)
simd_float4x4([[-0.103278, -0.957691, 0.26862, 0.0)], [0.886059, 0.0341184, 0.462314, 0.0)], [-0.45192, 0.28576, 0.845047, 0.0)], [0.0, 0.0, 0.0, 1.0)]])
0.0, 0.0, 0.0
float3(-0.2898, -0.491089, -1.53519)
1196248.82308142
limited(__ObjC.ARCamera.TrackingState.Reason.initializing)
simd_float4x4([[-0.0992749, -0.958162, 0.268449, 0.0)], [0.890263, 0.0349845, 0.454101, 0.0)], [-0.444495, 0.284071, 0.849542, 0.0)], [0.0, 0.0, 0.0, 1.0)]])
0.0, 0.0, 0.0
float3(-0.288038, -0.482049, -1.5343)
1196248.85643171
limited(__ObjC.ARCamera.TrackingState.Reason.initializing)
simd_float4x4([[-0.0929512, -0.958278, 0.270292, 0.0)], [0.897281, 0.0370428, 0.439901, 0.0)], [-0.431562, 0.283418, 0.856402, 0.0)], [0.0, 0.0, 0.0, 1.0)]])
0.0, 0.0, 0.0
float3(-0.287356, -0.466782, -1.53216)
1196248.88978229
limited(__ObjC.ARCamera.TrackingState.Reason.initializing)
simd_float4x4([[-0.088793, -0.958634, 0.270427, 0.0)], [0.902955, 0.0371359, 0.428127, 0.0)], [-0.420461, 0.282199, 0.862306, 0.0)], [0.0, 0.0, 0.0, 1.0)]])
0.0, 0.0, 0.0
float3(-0.286085, -0.453679, -1.53208)
1196248.92313246
limited(__ObjC.ARCamera.TrackingState.Reason.initializing)
simd_float4x4([[-0.0836908, -0.959679, 0.26834, 0.0)], [0.911049, 0.0354073, 0.410774, 0.0)], [-0.403714, 0.27885, 0.871351, 0.0)], [0.0, 0.0, 0.0, 1.0)]])
0.0, 0.0, 0.0
float3(-0.282596, -0.433875, -1.53392)
1196248.956483
limited(__ObjC.ARCamera.TrackingState.Reason.initializing)
simd_float4x4([[-0.0753838, -0.961013, 0.266018, 0.0)], [0.920979, 0.0351636, 0.388021, 0.0)], [-0.382249, 0.274248, 0.882422, 0.0)], [0.0, 0.0, 0.0, 1.0)]])
0.0, 0.0, 0.0
float3(-0.277807, -0.40878, -1.53422)
1196248.98983317
limited(__ObjC.ARCamera.TrackingState.Reason.initializing)
simd_float4x4([[-0.0695124, -0.961983, 0.264106, 0.0)], [0.929274, 0.033837, 0.367837, 0.0)], [-0.36279, 0.270996, 0.891594, 0.0)], [0.0, 0.0, 0.0, 1.0)]])
0.0, 0.0, 0.0
float3(-0.274428, -0.386441, -1.53564)
1196249.02318346
limited(__ObjC.ARCamera.TrackingState.Reason.initializing)
simd_float4x4([[-0.0621005, -0.962555, 0.263868, 0.0)], [0.936933, 0.0348845, 0.347762, 0.0)], [-0.343946, 0.268824, 0.899683, 0.0)], [0.0, 0.0, 0.0, 1.0)]])
0.0, 0.0, 0.0
float3(-0.272171, -0.365152, -1.53457)
1196249.05653396
limited(__ObjC.ARCamera.TrackingState.Reason.initializing)
simd_float4x4([[-0.0554774, -0.962673, 0.26491, 0.0)], [0.94409, 0.0357801, 0.327739, 0.0)], [-0.324985, 0.268281, 0.906865, 0.0)], [0.0, 0.0, 0.0, 1.0)]])
0.0, 0.0, 0.0
float3(-0.271608, -0.344104, -1.53365)
1196249.08988429
limited(__ObjC.ARCamera.TrackingState.Reason.initializing)
simd_float4x4([[-0.0487358, -0.963802, 0.262116, 0.0)], [0.951376, 0.0351173, 0.306021, 0.0)], [-0.30415, 0.264286, 0.915227, 0.0)], [0.0, 0.0, 0.0, 1.0)]])
0.0, 0.0, 0.0
float3(-0.267463, -0.32084, -1.53438)
1196249.12323475
limited(__ObjC.ARCamera.TrackingState.Reason.initializing)
simd_float4x4([[-0.0410847, -0.964834, 0.259618, 0.0)], [0.959055, 0.0347919, 0.281074, 0.0)], [-0.280223, 0.260536, 0.9239, 0.0)], [0.0, 0.0, 0.0, 1.0)]])
0.0, 0.0, 0.0
float3(-0.263577, -0.294486, -1.53475)
1196249.15658496
limited(__ObjC.ARCamera.TrackingState.Reason.initializing)
simd_float4x4([[-0.033999, -0.965035, 0.259897, 0.0)], [0.966328, 0.0346225, 0.254973, 0.0)], [-0.255057, 0.259815, 0.931363, 0.0)], [0.0, 0.0, 0.0, 1.0)]])
0.0, 0.0, 0.0
float3(-0.26283, -0.2673, -1.53493)
1196249.18993542
limited(__ObjC.ARCamera.TrackingState.Reason.initializing)
simd_float4x4([[-0.0268071, -0.965511, 0.25897, 0.0)], [0.973324, 0.0338408, 0.226924, 0.0)], [-0.227862, 0.258145, 0.938848, 0.0)], [0.0, 0.0, 0.0, 1.0)]])
0.0, 0.0, 0.0
float3(-0.261101, -0.2381, -1.53576)
1196249.22328571
limited(__ObjC.ARCamera.TrackingState.Reason.initializing)
simd_float4x4([[-0.0185764, -0.966343, 0.256575, 0.0)], [0.980118, 0.033101, 0.195633, 0.0)], [-0.197542, 0.255109, 0.946516, 0.0)], [0.0, 0.0, 0.0, 1.0)]])
0.0, 0.0, 0.0
float3(-0.25796, -0.205751, -1.53656)
1196249.25663625
limited(__ObjC.ARCamera.TrackingState.Reason.initializing)
simd_float4x4([[-0.0131356, -0.966391, 0.256734, 0.0)], [0.984189, 0.0328591, 0.174045, 0.0)], [-0.176632, 0.254961, 0.95068, 0.0)], [0.0, 0.0, 0.0, 1.0)]])
0.0, 0.0, 0.0
float3(-0.257808, -0.183701, -1.53681)
1196249.28998642
limited(__ObjC.ARCamera.TrackingState.Reason.initializing)
simd_float4x4([[-0.00916266, -0.966672, 0.255846, 0.0)], [0.987122, 0.0321197, 0.156713, 0.0)], [-0.159708, 0.253987, 0.953928, 0.0)], [0.0, 0.0, 0.0, 1.0)]])
0.0, 0.0, 0.0
float3(-0.256801, -0.165883, -1.53758)
1196249.323337
limited(__ObjC.ARCamera.TrackingState.Reason.initializing)
simd_float4x4([[-0.00346738, -0.967501, 0.252832, 0.0)], [0.9908, 0.0308817, 0.131763, 0.0)], [-0.13529, 0.250963, 0.958493, 0.0)], [0.0, 0.0, 0.0, 1.0)]])
0.0, 0.0, 0.0
float3(-0.253675, -0.140222, -1.53889)
1196249.35668733
limited(__ObjC.ARCamera.TrackingState.Reason.initializing)
simd_float4x4([[0.00185194, -0.967481, 0.252926, 0.0)], [0.993581, 0.0303868, 0.108961, 0.0)], [-0.113103, 0.251101, 0.961328, 0.0)], [0.0, 0.0, 0.0, 1.0)]])
0.0, 0.0, 0.0
float3(-0.253818, -0.117115, -1.5394)
1196249.39003775
limited(__ObjC.ARCamera.TrackingState.Reason.initializing)
simd_float4x4([[0.00486957, -0.967248, 0.253777, 0.0)], [0.995232, 0.0294105, 0.0930001, 0.0)], [-0.0974182, 0.252114, 0.962779, 0.0)], [0.0, 0.0, 0.0, 1.0)]])
0.0, 0.0, 0.0
float3(-0.254864, -0.100841, -1.5404)
1196249.42338808
limited(__ObjC.ARCamera.TrackingState.Reason.initializing)
simd_float4x4([[0.00863437, -0.967939, 0.251026, 0.0)], [0.997163, 0.0271075, 0.070227, 0.0)], [-0.0747804, 0.249708, 0.965427, 0.0)], [0.0, 0.0, 0.0, 1.0)]])
0.0, 0.0, 0.0
float3(-0.252379, -0.0773041, -1.5428)
1196249.45673846
limited(__ObjC.ARCamera.TrackingState.Reason.initializing)
simd_float4x4([[0.0125017, -0.968613, 0.248247, 0.0)], [0.998709, 0.024319, 0.0445941, 0.0)], [-0.0492317, 0.247369, 0.967667, 0.0)], [0.0, 0.0, 0.0, 1.0)]])
0.0, 0.0, 0.0
float3(-0.249964, -0.0508329, -1.54569)
1196249.49008871
limited(__ObjC.ARCamera.TrackingState.Reason.initializing)
simd_float4x4([[0.0158822, -0.969032, 0.246412, 0.0)], [0.999403, 0.0229464, 0.0258239, 0.0)], [-0.0306786, 0.245855, 0.968818, 0.0)], [0.0, 0.0, 0.0, 1.0)]])
0.0, 0.0, 0.0
float3(-0.248402, -0.0316554, -1.54712)
1196249.52343929
limited(__ObjC.ARCamera.TrackingState.Reason.initializing)
simd_float4x4([[0.0203641, -0.969183, 0.245488, 0.0)], [0.999762, 0.0216647, 0.00259851, 0.0)], [-0.00783688, 0.245377, 0.969393, 0.0)], [0.0, 0.0, 0.0, 1.0)]])
0.0, 0.0, 0.0
float3(-0.247908, -0.00808414, -1.54845)
1196249.55678958
limited(__ObjC.ARCamera.TrackingState.Reason.initializing)
simd_float4x4([[0.0241658, -0.969218, 0.245002, 0.0)], [0.999588, 0.0196291, -0.0209424, 0.0)], [0.0154886, 0.245407, 0.969293, 0.0)], [0.0, 0.0, 0.0, 1.0)]])
0.0, 0.0, 0.0
float3(-0.247939, 0.0159779, -1.55055)
1196249.59013983
limited(__ObjC.ARCamera.TrackingState.Reason.initializing)
simd_float4x4([[0.0277549, -0.969867, 0.242036, 0.0)], [0.999017, 0.0185394, -0.0402703, 0.0)], [0.0345698, 0.242915, 0.969428, 0.0)], [0.0, 0.0, 0.0, 1.0)]])
0.0, 0.0, 0.0
float3(-0.24537, 0.0356448, -1.55168)
1196249.62349021
limited(__ObjC.ARCamera.TrackingState.Reason.initializing)
simd_float4x4([[0.0324843, -0.970456, 0.239071, 0.0)], [0.997761, 0.0174954, -0.0645542, 0.0)], [0.0584645, 0.240633, 0.968851, 0.0)], [0.0, 0.0, 0.0, 1.0)]])
0.0, 0.0, 0.0
float3(-0.243018, 0.0602711, -1.55277)
1196249.65684046
limited(__ObjC.ARCamera.TrackingState.Reason.initializing)
simd_float4x4([[0.0386159, -0.970926, 0.236232, 0.0)], [0.995561, 0.0170778, -0.0925505, 0.0)], [0.0858257, 0.238758, 0.967276, 0.0)], [0.0, 0.0, 0.0, 1.0)]])
0.0, 0.0, 0.0
float3(-0.241086, 0.0884975, -1.55321)
1196249.69019113
limited(__ObjC.ARCamera.TrackingState.Reason.initializing)
simd_float4x4([[0.0431471, -0.971454, 0.233258, 0.0)], [0.993009, 0.0160244, -0.116946, 0.0)], [0.10987, 0.236673, 0.965354, 0.0)], [0.0, 0.0, 0.0, 1.0)]])
0.0, 0.0, 0.0
float3(-0.23894, 0.113326, -1.5543)
1196249.72354125
limited(__ObjC.ARCamera.TrackingState.Reason.initializing)
simd_float4x4([[0.0484978, -0.971785, 0.230815, 0.0)], [0.989528, 0.0152939, -0.143526, 0.0)], [0.135947, 0.235359, 0.962351, 0.0)], [0.0, 0.0, 0.0, 1.0)]])
0.0, 0.0, 0.0
float3(-0.237587, 0.140337, -1.55506)
1196249.75689171
limited(__ObjC.ARCamera.TrackingState.Reason.initializing)
simd_float4x4([[0.0542424, -0.971262, 0.231736, 0.0)], [0.985385, 0.0145371, -0.169722, 0.0)], [0.161476, 0.237556, 0.957855, 0.0)], [0.0, 0.0, 0.0, 1.0)]])
0.0, 0.0, 0.0
float3(-0.239849, 0.16701, -1.55583)
1196249.79024204
limited(__ObjC.ARCamera.TrackingState.Reason.initializing)
simd_float4x4([[0.0597535, -0.971101, 0.231055, 0.0)], [0.981477, 0.0149492, -0.190993, 0.0)], [0.18202, 0.238188, 0.954007, 0.0)], [0.0, 0.0, 0.0, 1.0)]])
0.0, 0.0, 0.0
float3(-0.240499, 0.18853, -1.5554)
1196249.82359258
limited(__ObjC.ARCamera.TrackingState.Reason.initializing)
simd_float4x4([[0.0681565, -0.971454, 0.227212, 0.0)], [0.976682, 0.018497, -0.213892, 0.0)], [0.203584, 0.236492, 0.950063, 0.0)], [0.0, 0.0, 0.0, 1.0)]])
0.0, 0.0, 0.0
float3(-0.238754, 0.211092, -1.55176)
1196249.85694288
limited(__ObjC.ARCamera.TrackingState.Reason.initializing)
simd_float4x4([[0.0750146, -0.971781, 0.223628, 0.0)], [0.971424, 0.0205733, -0.236458, 0.0)], [0.225186, 0.234976, 0.945554, 0.0)], [0.0, 0.0, 0.0, 1.0)]])
0.0, 0.0, 0.0
float3(-0.237194, 0.233797, -1.54963)
1196249.89029333
normal
simd_float4x4([[0.0906758, -0.976854, 0.193735, 0.0)], [0.965465, 0.0385159, -0.25767, 0.0)], [0.244245, 0.210409, 0.946611, 0.0)], [-1.66379e-08, 1.57581e-08, 1.52328e-08, 1.0)]])
-1.66379e-08, 1.57581e-08, 1.52328e-08
float3(-0.211993, 0.252513, -1.53139)
1196249.92364354
normal
simd_float4x4([[0.0951084, -0.977082, 0.190432, 0.0)], [0.959724, 0.0391991, -0.278194, 0.0)], [0.264354, 0.209221, 0.941458, 0.0)], [-0.00909675, 0.00328189, 0.00912672, 1.0)]])
-0.00909675, 0.00328189, 0.00912672
float3(-0.210779, 0.273743, -1.5307)
1196249.95699404
normal
simd_float4x4([[0.0996254, -0.977118, 0.187926, 0.0)], [0.954074, 0.0401814, -0.296863, 0.0)], [0.282519, 0.20887, 0.936246, 0.0)], [-0.0180132, 0.00648123, 0.0185267, 1.0)]])
-0.0180132, 0.00648123, 0.0185267
float3(-0.21042, 0.293068, -1.5297)
1196249.99034442
normal
simd_float4x4([[0.103241, -0.976986, 0.186654, 0.0)], [0.947971, 0.0398307, -0.315854, 0.0)], [0.301151, 0.209551, 0.930267, 0.0)], [-0.0260458, 0.000232623, 0.0214598, 1.0)]])
-0.0260458, 0.000232623, 0.0214598
float3(-0.211116, 0.313078, -1.53005)
1196250.02369475
normal
simd_float4x4([[0.108267, -0.976983, 0.1838, 0.0)], [0.941682, 0.041533, -0.33393, 0.0)], [0.31861, 0.209235, 0.924504, 0.0)], [-0.0345944, 0.00296542, 0.031249, 1.0)]])
-0.0345944, 0.00296542, 0.031249
float3(-0.210793, 0.331881, -1.52831)
1196250.05704512
normal
simd_float4x4([[0.113009, -0.977023, 0.180707, 0.0)], [0.935, 0.0430384, -0.352027, 0.0)], [0.336161, 0.208743, 0.91838, 0.0)], [-0.0429084, 0.00574544, 0.0413931, 1.0)]])
-0.0429084, 0.00574544, 0.0413931
float3(-0.21029, 0.350889, -1.52677)
1196250.09039546
normal
simd_float4x4([[0.116692, -0.977252, 0.177091, 0.0)], [0.927109, 0.0432411, -0.37229, 0.0)], [0.356163, 0.207626, 0.911065, 0.0)], [-0.0478165, -0.0077571, 0.0409054, 1.0)]])
-0.0478165, -0.0077571, 0.0409054
float3(-0.209148, 0.372663, -1.52658)
1196250.12374592
normal
simd_float4x4([[0.120371, -0.977548, 0.172947, 0.0)], [0.919233, 0.0439704, -0.391251, 0.0)], [0.374862, 0.206074, 0.903887, 0.0)], [-0.0553954, -0.00525659, 0.0513705, 1.0)]])
-0.0553954, -0.00525659, 0.0513705
float3(-0.207561, 0.393134, -1.52585)
1196250.15709625
normal
simd_float4x4([[0.123905, -0.977676, 0.169697, 0.0)], [0.911282, 0.0444341, -0.409379, 0.0)], [0.3927, 0.205366, 0.896444, 0.0)], [-0.0626052, -0.00280115, 0.0620276, 1.0)]])
-0.0626052, -0.00280115, 0.0620276
float3(-0.206838, 0.412884, -1.52538)
1196250.19044662
normal
simd_float4x4([[0.127988, -0.977251, 0.169115, 0.0)], [0.904927, 0.0452891, -0.42315, 0.0)], [0.405865, 0.207195, 0.890137, 0.0)], [-0.0690534, -0.0180982, 0.0565834, 1.0)]])
-0.0690534, -0.0180982, 0.0565834
float3(-0.208707, 0.427797, -1.52449)
1196250.22379687
normal
simd_float4x4([[0.129463, -0.977267, 0.167896, 0.0)], [0.899599, 0.0445369, -0.43444, 0.0)], [0.417086, 0.207283, 0.884914, 0.0)], [-0.0750602, -0.0161162, 0.0672674, 1.0)]])
-0.0750602, -0.0161162, 0.0672674
float3(-0.208797, 0.440449, -1.52525)
1196250.25714733
normal
simd_float4x4([[0.128538, -0.97805, 0.164001, 0.0)], [0.893499, 0.0424634, -0.447053, 0.0)], [0.430276, 0.203998, 0.879345, 0.0)], [-0.0802251, -0.0141027, 0.0783963, 1.0)]])
-0.0802251, -0.0141027, 0.0783963
float3(-0.20544, 0.455063, -1.52741)
1196250.29049767
normal
simd_float4x4([[0.132117, -0.977091, 0.166846, 0.0)], [0.891321, 0.0434597, -0.451285, 0.0)], [0.433695, 0.208336, 0.876644, 0.0)], [-0.147616, -0.0742451, 0.0157745, 1.0)]])
-0.147616, -0.0742451, 0.0157745
float3(-0.209873, 0.459416, -1.52635)
1196250.32384804
normal
simd_float4x4([[0.133155, -0.977016, 0.16646, 0.0)], [0.888015, 0.0430275, -0.457797, 0.0)], [0.440112, 0.208777, 0.873334, 0.0)], [-0.1541, -0.0738093, 0.0248874, 1.0)]])
-0.1541, -0.0738093, 0.0248874
float3(-0.210325, 0.466799, -1.52679)
1196250.35719846
normal
simd_float4x4([[0.13231, -0.977618, 0.163578, 0.0)], [0.885116, 0.0422451, -0.463449, 0.0)], [0.446166, 0.206104, 0.870894, 0.0)], [-0.159872, -0.0732439, 0.0343761, 1.0)]])
-0.159872, -0.0732439, 0.0343761
float3(-0.207592, 0.473445, -1.52761)
1196250.39054883
normal
simd_float4x4([[0.130712, -0.977646, 0.16469, 0.0)], [0.884315, 0.0398709, -0.465185, 0.0)], [0.44822, 0.206443, 0.869759, 0.0)], [-0.167792, -0.108381, -0.0368146, 1.0)]])
-0.167792, -0.108381, -0.0368146
float3(-0.207938, 0.475843, -1.53004)
1196250.42389929
normal
simd_float4x4([[0.128889, -0.978203, 0.162805, 0.0)], [0.883847, 0.0388722, -0.466159, 0.0)], [0.449669, 0.203978, 0.869592, 0.0)], [-0.172402, -0.108592, -0.0295493, 1.0)]])
-0.172402, -0.108592, -0.0295493
float3(-0.205419, 0.477237, -1.53108)
1196250.45724962
normal
