ARKit Data
98952.837345791
normal
simd_float4x4([[-0.369687, -0.901782, 0.223878, 0.0)], [0.539055, -0.0119042, 0.842186, 0.0)], [-0.756803, 0.432027, 0.490511, 0.0)], [32.1798, -17.7281, 19.1196, 1.0)]])
32.1798, -17.7281, 19.1196
float3(-0.44674, -0.995733, -1.584)
98953.15640225
limited(__ObjC.ARCamera.TrackingState.Reason.initializing)
simd_float4x4([[-0.00882637, -0.886306, 0.462871, 0.0)], [0.999961, -0.00783311, 0.00407961, 0.0)], [7.99465e-09, 0.46289, 0.886341, 0.0)], [0.0, 0.0, 0.0, 1.0)]])
0.0, 0.0, 0.0
float3(-0.481253, 9.01984e-09, -1.57963)
98953.256421708
limited(__ObjC.ARCamera.TrackingState.Reason.initializing)
simd_float4x4([[-0.00882637, -0.886306, 0.462871, 0.0)], [0.999961, -0.00783311, 0.00407961, 0.0)], [7.99465e-09, 0.46289, 0.886341, 0.0)], [0.0, 0.0, 0.0, 1.0)]])
0.0, 0.0, 0.0
float3(-0.481253, 9.01984e-09, -1.57963)
98953.356474
limited(__ObjC.ARCamera.TrackingState.Reason.initializing)
simd_float4x4([[0.055479, -0.89757, 0.437367, 0.0)], [0.996456, 0.0220337, -0.0811804, 0.0)], [0.0632283, 0.440321, 0.895611, 0.0)], [0.0, 0.0, 0.0, 1.0)]])
0.0, 0.0, 0.0
float3(-0.455956, 0.070481, -1.54625)
98953.4565265
limited(__ObjC.ARCamera.TrackingState.Reason.initializing)
simd_float4x4([[0.0413547, -0.91008, 0.412365, 0.0)], [0.99694, 0.0101834, -0.0775054, 0.0)], [0.0663368, 0.414308, 0.907716, 0.0)], [0.0, 0.0, 0.0, 1.0)]])
0.0, 0.0, 0.0
float3(-0.427182, 0.0729513, -1.55961)
98953.556578833
limited(__ObjC.ARCamera.TrackingState.Reason.initializing)
simd_float4x4([[0.0509735, -0.920028, 0.388521, 0.0)], [0.997045, 0.0244943, -0.0728078, 0.0)], [0.0574686, 0.391085, 0.918558, 0.0)], [0.0, 0.0, 0.0, 1.0)]])
0.0, 0.0, 0.0
float3(-0.40181, 0.0624825, -1.54418)
98953.656631333
limited(__ObjC.ARCamera.TrackingState.Reason.initializing)
simd_float4x4([[0.0421857, -0.933881, 0.355085, 0.0)], [0.998769, 0.0301342, -0.0394046, 0.0)], [0.026099, 0.356311, 0.934003, 0.0)], [0.0, 0.0, 0.0, 1.0)]])
0.0, 0.0, 0.0
float3(-0.364316, 0.0279359, -1.53854)
98953.756683583
limited(__ObjC.ARCamera.TrackingState.Reason.initializing)
simd_float4x4([[0.0408995, -0.946156, 0.321114, 0.0)], [0.999023, 0.0441101, 0.00272668, 0.0)], [-0.0167443, 0.320689, 0.947036, 0.0)], [0.0, 0.0, 0.0, 1.0)]])
0.0, 0.0, 0.0
float3(-0.326457, -0.0176789, -1.52421)
98953.856736125
limited(__ObjC.ARCamera.TrackingState.Reason.initializing)
simd_float4x4([[0.0311446, -0.956896, 0.288754, 0.0)], [0.997555, 0.0478395, 0.0509401, 0.0)], [-0.0625583, 0.286462, 0.956047, 0.0)], [0.0, 0.0, 0.0, 1.0)]])
0.0, 0.0, 0.0
float3(-0.290532, -0.0653412, -1.52084)
98953.956788458
limited(__ObjC.ARCamera.TrackingState.Reason.initializing)
simd_float4x4([[0.020328, -0.963182, 0.268078, 0.0)], [0.992866, 0.0509571, 0.107797, 0.0)], [-0.117489, 0.263974, 0.957347, 0.0)], [0.0, 0.0, 0.0, 1.0)]])
0.0, 0.0, 0.0
float3(-0.26714, -0.122113, -1.51794)
98954.056840916
limited(__ObjC.ARCamera.TrackingState.Reason.initializing)
simd_float4x4([[0.0170646, -0.967485, 0.252347, 0.0)], [0.983994, 0.0610244, 0.167424, 0.0)], [-0.17738, 0.245451, 0.953042, 0.0)], [0.0, 0.0, 0.0, 1.0)]])
0.0, 0.0, 0.0
float3(-0.247985, -0.184014, -1.5078)
98954.156893291
limited(__ObjC.ARCamera.TrackingState.Reason.initializing)
simd_float4x4([[0.0107636, -0.97002, 0.242783, 0.0)], [0.971526, 0.0676154, 0.227081, 0.0)], [-0.23669, 0.233426, 0.943127, 0.0)], [0.0, 0.0, 0.0, 1.0)]])
0.0, 0.0, 0.0
float3(-0.2356, -0.245884, -1.5012)
98954.256945791
limited(__ObjC.ARCamera.TrackingState.Reason.initializing)
simd_float4x4([[0.00534777, -0.971894, 0.235358, 0.0)], [0.958024, 0.0724439, 0.277385, 0.0)], [-0.286639, 0.223995, 0.931484, 0.0)], [0.0, 0.0, 0.0, 1.0)]])
0.0, 0.0, 0.0
float3(-0.225912, -0.298527, -1.49639)
98954.356998
limited(__ObjC.ARCamera.TrackingState.Reason.initializing)
simd_float4x4([[-0.00232834, -0.971705, 0.236186, 0.0)], [0.942579, 0.0767481, 0.325046, 0.0)], [-0.333975, 0.223381, 0.91573, 0.0)], [0.0, 0.0, 0.0, 1.0)]])
0.0, 0.0, 0.0
float3(-0.225281, -0.349718, -1.49198)
98954.457050625
limited(__ObjC.ARCamera.TrackingState.Reason.initializing)
simd_float4x4([[-0.0130184, -0.972014, 0.234561, 0.0)], [0.932557, 0.0728388, 0.353599, 0.0)], [-0.360789, 0.223345, 0.90551, 0.0)], [0.0, 0.0, 0.0, 1.0)]])
0.0, 0.0, 0.0
float3(-0.225245, -0.379158, -1.496)
98954.557102916
limited(__ObjC.ARCamera.TrackingState.Reason.initializing)
simd_float4x4([[-0.024356, -0.972411, 0.231995, 0.0)], [0.925607, 0.0657413, 0.372732, 0.0)], [-0.377701, 0.223815, 0.89847, 0.0)], [0.0, 0.0, 0.0, 1.0)]])
0.0, 0.0, 0.0
float3(-0.225727, -0.397953, -1.50329)
98954.657155375
limited(__ObjC.ARCamera.TrackingState.Reason.initializing)
simd_float4x4([[-0.0264306, -0.970801, 0.238421, 0.0)], [0.925088, 0.0666305, 0.373861, 0.0)], [-0.378831, 0.230442, 0.896315, 0.0)], [0.0, 0.0, 0.0, 1.0)]])
0.0, 0.0, 0.0
float3(-0.232532, -0.399882, -1.50227)
98954.75720775
limited(__ObjC.ARCamera.TrackingState.Reason.initializing)
simd_float4x4([[-0.0214944, -0.972247, 0.232963, 0.0)], [0.936242, 0.0621624, 0.345814, 0.0)], [-0.350699, 0.225543, 0.908921, 0.0)], [0.0, 0.0, 0.0, 1.0)]])
0.0, 0.0, 0.0
float3(-0.2275, -0.368241, -1.50695)
98954.85726025
limited(__ObjC.ARCamera.TrackingState.Reason.initializing)
simd_float4x4([[-0.0220081, -0.972922, 0.230075, 0.0)], [0.950241, 0.05117, 0.307283, 0.0)], [-0.310736, 0.22539, 0.923384, 0.0)], [0.0, 0.0, 0.0, 1.0)]])
0.0, 0.0, 0.0
float3(-0.227343, -0.324615, -1.51825)
98954.957312541
limited(__ObjC.ARCamera.TrackingState.Reason.initializing)
simd_float4x4([[-0.0126949, -0.973554, 0.228096, 0.0)], [0.96709, 0.0460168, 0.250236, 0.0)], [-0.254116, 0.223766, 0.94093, 0.0)], [0.0, 0.0, 0.0, 1.0)]])
0.0, 0.0, 0.0
float3(-0.225677, -0.263776, -1.52356)
98955.057364875
limited(__ObjC.ARCamera.TrackingState.Reason.initializing)
simd_float4x4([[0.00102424, -0.974646, 0.223739, 0.0)], [0.982932, 0.042141, 0.179078, 0.0)], [-0.183967, 0.219736, 0.958053, 0.0)], [0.0, 0.0, 0.0, 1.0)]])
0.0, 0.0, 0.0
float3(-0.221544, -0.189713, -1.52759)
98955.157417458
limited(__ObjC.ARCamera.TrackingState.Reason.initializing)
simd_float4x4([[0.0180295, -0.975972, 0.217136, 0.0)], [0.995975, 0.0366023, 0.0818219, 0.0)], [-0.087804, 0.214787, 0.972703, 0.0)], [0.0, 0.0, 0.0, 1.0)]])
0.0, 0.0, 0.0
float3(-0.216473, -0.0900241, -1.53331)
98955.257469666
limited(__ObjC.ARCamera.TrackingState.Reason.initializing)
simd_float4x4([[0.0372294, -0.977677, 0.206776, 0.0)], [0.999194, 0.0333143, -0.0223842, 0.0)], [0.0149958, 0.207443, 0.978129, 0.0)], [0.0, 0.0, 0.0, 1.0)]])
0.0, 0.0, 0.0
float3(-0.20896, 0.0153299, -1.53673)
98955.35752225
limited(__ObjC.ARCamera.TrackingState.Reason.initializing)
simd_float4x4([[0.0506319, -0.978477, 0.200035, 0.0)], [0.991683, 0.0255266, -0.126146, 0.0)], [0.118325, 0.204758, 0.971631, 0.0)], [0.0, 0.0, 0.0, 1.0)]])
0.0, 0.0, 0.0
float3(-0.206217, 0.121183, -1.54471)
98955.457574666
limited(__ObjC.ARCamera.TrackingState.Reason.initializing)
simd_float4x4([[0.0708122, -0.979096, 0.19066, 0.0)], [0.974421, 0.0270301, -0.223099, 0.0)], [0.213283, 0.201581, 0.955965, 0.0)], [0.0, 0.0, 0.0, 1.0)]])
0.0, 0.0, 0.0
float3(-0.202972, 0.219512, -1.5432)
98955.557627083
limited(__ObjC.ARCamera.TrackingState.Reason.initializing)
simd_float4x4([[0.0922256, -0.975954, 0.197488, 0.0)], [0.952527, 0.0286789, -0.3031, 0.0)], [0.290149, 0.216066, 0.932268, 0.0)], [0.0, 0.0, 0.0, 1.0)]])
0.0, 0.0, 0.0
float3(-0.217784, 0.301726, -1.54142)
98955.657679375
limited(__ObjC.ARCamera.TrackingState.Reason.initializing)
simd_float4x4([[0.101672, -0.977604, 0.184251, 0.0)], [0.925438, 0.0249915, -0.378073, 0.0)], [0.365002, 0.208953, 0.907253, 0.0)], [0.0, 0.0, 0.0, 1.0)]])
0.0, 0.0, 0.0
float3(-0.210504, 0.382501, -1.54524)
98955.757731791
limited(__ObjC.ARCamera.TrackingState.Reason.initializing)
simd_float4x4([[0.10898, -0.98026, 0.164954, 0.0)], [0.895623, 0.024837, -0.444119, 0.0)], [0.431256, 0.196137, 0.880649, 0.0)], [0.0, 0.0, 0.0, 1.0)]])
0.0, 0.0, 0.0
float3(-0.197417, 0.455376, -1.54546)
98955.857784291
limited(__ObjC.ARCamera.TrackingState.Reason.initializing)
simd_float4x4([[0.113506, -0.981093, 0.156746, 0.0)], [0.867854, 0.0211021, -0.496371, 0.0)], [0.483679, 0.192374, 0.85384, 0.0)], [0.0, 0.0, 0.0, 1.0)]])
0.0, 0.0, 0.0
float3(-0.19358, 0.515404, -1.54929)
98955.957836666
limited(__ObjC.ARCamera.TrackingState.Reason.initializing)
simd_float4x4([[0.117933, -0.981184, 0.152861, 0.0)], [0.843375, 0.0177046, -0.537033, 0.0)], [0.524223, 0.192253, 0.829593, 0.0)], [0.0, 0.0, 0.0, 1.0)]])
0.0, 0.0, 0.0
float3(-0.193458, 0.563548, -1.55275)
98956.057889125
limited(__ObjC.ARCamera.TrackingState.Reason.initializing)
simd_float4x4([[0.120358, -0.981025, 0.151989, 0.0)], [0.826571, 0.0142388, -0.562652, 0.0)], [0.549812, 0.19335, 0.8126, 0.0)], [0.0, 0.0, 0.0, 1.0)]])
0.0, 0.0, 0.0
float3(-0.194575, 0.594854, -1.55628)
98956.1579415
limited(__ObjC.ARCamera.TrackingState.Reason.initializing)
simd_float4x4([[0.124026, -0.980998, 0.149188, 0.0)], [0.816284, 0.0153854, -0.577446, 0.0)], [0.564179, 0.193398, 0.802681, 0.0)], [0.0, 0.0, 0.0, 1.0)]])
0.0, 0.0, 0.0
float3(-0.194624, 0.612649, -1.55511)
98956.257993875
limited(__ObjC.ARCamera.TrackingState.Reason.initializing)
simd_float4x4([[0.12775, -0.980721, 0.147853, 0.0)], [0.817059, 0.0195618, -0.576221, 0.0)], [0.562222, 0.194418, 0.803806, 0.0)], [0.0, 0.0, 0.0, 1.0)]])
0.0, 0.0, 0.0
float3(-0.195664, 0.610356, -1.55085)
98956.358046291
limited(__ObjC.ARCamera.TrackingState.Reason.initializing)
simd_float4x4([[0.11855, -0.982794, 0.141629, 0.0)], [0.825529, 0.0182946, -0.564062, 0.0)], [0.551767, 0.183788, 0.813493, 0.0)], [0.0, 0.0, 0.0, 1.0)]])
0.0, 0.0, 0.0
float3(-0.184839, 0.595992, -1.55218)
98956.458098541
limited(__ObjC.ARCamera.TrackingState.Reason.initializing)
simd_float4x4([[0.104831, -0.985581, 0.132799, 0.0)], [0.836516, 0.0151741, -0.547733, 0.0)], [0.537821, 0.168508, 0.826044, 0.0)], [0.0, 0.0, 0.0, 1.0)]])
0.0, 0.0, 0.0
float3(-0.169316, 0.577134, -1.5554)
98956.55815125
limited(__ObjC.ARCamera.TrackingState.Reason.initializing)
simd_float4x4([[0.0956723, -0.986902, 0.129874, 0.0)], [0.851998, 0.0137218, -0.523364, 0.0)], [0.514728, 0.160724, 0.842151, 0.0)], [0.0, 0.0, 0.0, 1.0)]])
0.0, 0.0, 0.0
float3(-0.161425, 0.548619, -1.55689)
98956.6582035
limited(__ObjC.ARCamera.TrackingState.Reason.initializing)
simd_float4x4([[0.084007, -0.987278, 0.134986, 0.0)], [0.867814, 0.00591005, -0.496853, 0.0)], [0.489736, 0.158883, 0.85727, 0.0)], [0.0, 0.0, 0.0, 1.0)]])
0.0, 0.0, 0.0
float3(-0.159559, 0.519029, -1.56481)
98956.758256
limited(__ObjC.ARCamera.TrackingState.Reason.initializing)
simd_float4x4([[0.0718505, -0.988057, 0.136299, 0.0)], [0.88317, -0.000480428, -0.469053, 0.0)], [0.463517, 0.154077, 0.872588, 0.0)], [0.0, 0.0, 0.0, 1.0)]])
0.0, 0.0, 0.0
float3(-0.154693, 0.488294, -1.57128)
98956.858308416
limited(__ObjC.ARCamera.TrackingState.Reason.initializing)
simd_float4x4([[0.0700142, -0.9873, 0.142602, 0.0)], [0.898114, 0.000172064, -0.439763, 0.0)], [0.434154, 0.158863, 0.886719, 0.0)], [0.0, 0.0, 0.0, 1.0)]])
0.0, 0.0, 0.0
float3(-0.159539, 0.455308, -1.57062)
98956.958360666
limited(__ObjC.ARCamera.TrackingState.Reason.initializing)
simd_float4x4([[0.0724177, -0.985449, 0.153769, 0.0)], [0.912516, 0.00323361, -0.409029, 0.0)], [0.40258, 0.169937, 0.899472, 0.0)], [0.0, 0.0, 0.0, 1.0)]])
0.0, 0.0, 0.0
float3(-0.170766, 0.420834, -1.56752)
98957.05841325
normal
simd_float4x4([[0.0284498, -0.985054, 0.16988, 0.0)], [0.928012, -0.0371268, -0.370695, 0.0)], [0.371462, 0.168197, 0.913086, 0.0)], [0.0552878, -0.00474215, -0.00552756, 1.0)]])
0.0552878, -0.00474215, -0.00552756
float3(-0.169, 0.386372, -1.60847)
98957.158465583
normal
simd_float4x4([[0.0257727, -0.98491, 0.17114, 0.0)], [0.940806, -0.0339806, -0.337239, 0.0)], [0.337965, 0.169701, 0.925733, 0.0)], [0.146085, -0.0113022, -0.0115335, 1.0)]])
0.146085, -0.0113022, -0.0115335
float3(-0.170526, 0.350044, -1.60528)
98957.258518208
normal
simd_float4x4([[0.0260698, -0.983638, 0.178258, 0.0)], [0.950537, -0.0308198, -0.309078, 0.0)], [0.309515, 0.177499, 0.934181, 0.0)], [0.242651, -0.0201718, -0.0237136, 1.0)]])
0.242651, -0.0201718, -0.0237136
float3(-0.178444, 0.31994, -1.60212)
98957.3585705
normal
simd_float4x4([[0.0242793, -0.981724, 0.188755, 0.0)], [0.956571, -0.0320494, -0.289733, 0.0)], [0.290487, 0.187592, 0.93831, 0.0)], [0.344964, -0.0279343, -0.0378813, 1.0)]])
0.344964, -0.0279343, -0.0378813
float3(-0.18871, 0.300228, -1.60343)
98957.458622791
normal
simd_float4x4([[0.019322, -0.980138, 0.197374, 0.0)], [0.956899, -0.0390874, -0.287779, 0.0)], [0.289778, 0.194428, 0.937137, 0.0)], [0.44851, -0.037766, -0.0524669, 1.0)]])
0.44851, -0.037766, -0.0524669
float3(-0.195674, 0.29989, -1.61065)
98957.558675333
normal
simd_float4x4([[0.0227284, -0.979461, 0.200349, 0.0)], [0.952934, -0.0393771, -0.30061, 0.0)], [0.302325, 0.197752, 0.932466, 0.0)], [0.551395, -0.0492794, -0.0759759, 1.0)]])
0.551395, -0.0492794, -0.0759759
float3(-0.199064, 0.313527, -1.61098)
98957.65872775
normal
simd_float4x4([[0.0245974, -0.978946, 0.202635, 0.0)], [0.940297, -0.0461733, -0.337208, 0.0)], [0.339464, 0.198831, 0.919364, 0.0)], [0.655311, -0.0595031, -0.111529, 1.0)]])
0.655311, -0.0595031, -0.111529
float3(-0.200165, 0.35371, -1.61793)
98957.758780333
normal
simd_float4x4([[0.0367361, -0.979224, 0.199428, 0.0)], [0.921644, -0.0439432, -0.385541, 0.0)], [0.386294, 0.197965, 0.900881, 0.0)], [0.752429, -0.068569, -0.161782, 1.0)]])
0.752429, -0.068569, -0.161782
float3(-0.199281, 0.405082, -1.61564)
98957.858832541
normal
simd_float4x4([[0.04813, -0.980413, 0.19098, 0.0)], [0.899205, -0.0407151, -0.435628, 0.0)], [0.434872, 0.192697, 0.879633, 0.0)], [0.838256, -0.0737366, -0.240963, 1.0)]])
0.838256, -0.0737366, -0.240963
float3(-0.19391, 0.45914, -1.6123)
98957.958885166
normal
simd_float4x4([[0.065095, -0.981052, 0.182484, 0.0)], [0.877028, -0.0309869, -0.479438, 0.0)], [0.476008, 0.191253, 0.858393, 0.0)], [0.909613, -0.077119, -0.344271, 1.0)]])
0.909613, -0.077119, -0.344271
float3(-0.192439, 0.506318, -1.60237)
98958.058937541
normal
simd_float4x4([[0.0894637, -0.981528, 0.169115, 0.0)], [0.857393, -0.0105078, -0.514556, 0.0)], [0.506828, 0.191032, 0.840614, 0.0)], [0.966762, -0.0791543, -0.444181, 1.0)]])
0.966762, -0.0791543, -0.444181
float3(-0.192214, 0.542568, -1.5815)
98958.158989791
normal
simd_float4x4([[0.10237, -0.981867, 0.159553, 0.0)], [0.841159, -0.000178268, -0.540788, 0.0)], [0.531011, 0.18957, 0.825888, 0.0)], [1.01015, -0.08105, -0.544213, 1.0)]])
1.01015, -0.08105, -0.544213
float3(-0.190724, 0.571409, -1.57098)
98958.259042333
normal
simd_float4x4([[0.106859, -0.983339, 0.147058, 0.0)], [0.831409, 0.00725723, -0.555613, 0.0)], [0.545289, 0.181638, 0.818332, 0.0)], [1.04503, -0.0806829, -0.632248, 1.0)]])
1.04503, -0.0806829, -0.632248
float3(-0.182652, 0.587778, -1.56342)
98958.35909475
normal
simd_float4x4([[0.108545, -0.984448, 0.138129, 0.0)], [0.824267, 0.011455, -0.566086, 0.0)], [0.5557, 0.175301, 0.812691, 0.0)], [1.06487, -0.0832383, -0.701546, 1.0)]])
1.06487, -0.0832383, -0.701546
float3(-0.176212, 0.599755, -1.55916)
98958.45914725
normal
simd_float4x4([[0.102869, -0.986215, 0.129609, 0.0)], [0.820733, 0.0105392, -0.571215, 0.0)], [0.561975, 0.165135, 0.810503, 0.0)], [1.0994, -0.081035, -0.76801, 1.0)]])
1.0994, -0.081035, -0.76801
float3(-0.165895, 0.60626, -1.56011)
98958.559199541
normal
simd_float4x4([[0.100179, -0.986208, 0.13175, 0.0)], [0.825468, 0.0084532, -0.564385, 0.0)], [0.555488, 0.165294, 0.81493, 0.0)], [1.13326, -0.0840462, -0.846325, 1.0)]])
1.13326, -0.0840462, -0.846325
float3(-0.166057, 0.598296, -1.56223)
98958.659252083
normal
simd_float4x4([[0.107682, -0.984097, 0.141269, 0.0)], [0.839565, 0.0139072, -0.543081, 0.0)], [0.53248, 0.177084, 0.827711, 0.0)], [1.16588, -0.0907416, -0.932733, 1.0)]])
1.16588, -0.0907416, -0.932733
float3(-0.178023, 0.571662, -1.55667)
98958.7593045
normal
simd_float4x4([[0.107416, -0.983635, 0.144649, 0.0)], [0.863744, 0.0202781, -0.503522, 0.0)], [0.492349, 0.179027, 0.851788, 0.0)], [1.20569, -0.0953131, -1.02291, 1.0)]])
1.20569, -0.0953131, -1.02291
float3(-0.179997, 0.524099, -1.55018)
98958.859356791
normal
simd_float4x4([[0.104347, -0.983069, 0.150622, 0.0)], [0.890048, 0.02473, -0.455195, 0.0)], [0.443764, 0.181559, 0.877559, 0.0)], [1.23939, -0.0917481, -1.11478, 1.0)]])
1.23939, -0.0917481, -1.11478
float3(-0.182571, 0.468181, -1.54565)
98958.959409375
normal
simd_float4x4([[0.0904053, -0.983942, 0.153898, 0.0)], [0.91277, 0.0200536, -0.407982, 0.0)], [0.398344, 0.177357, 0.899926, 0.0)], [1.28107, -0.0879607, -1.21175, 1.0)]])
1.28107, -0.0879607, -1.21175
float3(-0.178301, 0.416717, -1.55042)
98959.05946175
normal
simd_float4x4([[0.0615831, -0.980576, 0.186224, 0.0)], [0.937091, -0.00742853, -0.349006, 0.0)], [0.34361, 0.196002, 0.918431, 0.0)], [1.32488, -0.088461, -1.3043, 1.0)]])
1.32488, -0.088461, -1.3043
float3(-0.197279, 0.358005, -1.57837)
98959.159514291
normal
simd_float4x4([[0.062161, -0.974824, 0.214138, 0.0)], [0.954139, -0.00490996, -0.299323, 0.0)], [0.292839, 0.222924, 0.929812, 0.0)], [1.38373, -0.0911409, -1.40227, 1.0)]])
1.38373, -0.0911409, -1.40227
float3(-0.224813, 0.30511, -1.57583)
98959.259566666
normal
simd_float4x4([[0.0577687, -0.974948, 0.214801, 0.0)], [0.971049, 0.00491839, -0.238831, 0.0)], [0.231791, 0.222379, 0.947006, 0.0)], [1.45594, -0.0968733, -1.50473, 1.0)]])
1.45594, -0.0968733, -1.50473
float3(-0.224254, 0.240043, -1.56575)
98959.359619041
normal
simd_float4x4([[0.0315864, -0.976686, 0.212338, 0.0)], [0.978207, -0.0134108, -0.207199, 0.0)], [0.205216, 0.214255, 0.954977, 0.0)], [1.18143, -0.063412, -1.52104, 1.0)]])
1.18143, -0.063412, -1.52104
float3(-0.215929, 0.211672, -1.58453)
98959.459671541
normal
simd_float4x4([[0.0457571, -0.975032, 0.217299, 0.0)], [0.985014, 0.00782702, -0.172296, 0.0)], [0.166294, 0.221926, 0.960778, 0.0)], [0.627431, 0.00193969, -1.45884, 1.0)]])
0.627431, 0.00193969, -1.45884
float3(-0.223789, 0.171384, -1.56277)
98959.559724083
normal
simd_float4x4([[0.0543741, -0.975951, 0.211098, 0.0)], [0.988728, 0.0230885, -0.147931, 0.0)], [0.1395, 0.216762, 0.966206, 0.0)], [-0.228168, 0.101414, -1.25666, 1.0)]])
-0.228168, 0.101414, -1.25666
float3(-0.218497, 0.143388, -1.54714)
98959.659776458
normal
simd_float4x4([[0.0476752, -0.980706, 0.189587, 0.0)], [0.99343, 0.0267854, -0.11126, 0.0)], [0.104035, 0.193646, 0.97554, 0.0)], [-0.272485, 0.108316, -1.1655, 1.0)]])
-0.272485, 0.108316, -1.1655
float3(-0.194877, 0.106242, -1.54349)
98959.759828791
normal
simd_float4x4([[0.0560307, -0.985821, 0.158171, 0.0)], [0.991633, 0.0364941, -0.123823, 0.0)], [0.116295, 0.163786, 0.979617, 0.0)], [-0.285782, 0.112771, -1.1352, 1.0)]])
-0.285782, 0.112771, -1.1352
float3(-0.164527, 0.118162, -1.53379)
98959.859881375
normal
simd_float4x4([[0.0584954, -0.988666, 0.138269, 0.0)], [0.989046, 0.0385927, -0.142472, 0.0)], [0.135521, 0.145088, 0.980094, 0.0)], [-0.308126, 0.109782, -1.17177, 1.0)]])
-0.308126, 0.109782, -1.17177
float3(-0.145602, 0.137402, -1.53178)
98959.959933833
normal
simd_float4x4([[0.0638478, -0.98835, 0.138161, 0.0)], [0.98967, 0.0449005, -0.136152, 0.0)], [0.128362, 0.145427, 0.981007, 0.0)], [-0.338169, 0.110057, -1.23757, 1.0)]])
-0.338169, 0.110057, -1.23757
float3(-0.145944, 0.130108, -1.5254)
98960.059986166
normal
simd_float4x4([[0.0903725, -0.987802, 0.126808, 0.0)], [0.987389, 0.0722519, -0.140861, 0.0)], [0.129981, 0.137939, 0.981875, 0.0)], [-0.376752, 0.0983644, -1.32142, 1.0)]])
-0.376752, 0.0983644, -1.32142
float3(-0.13838, 0.131615, -1.49778)
98960.160038666
normal
simd_float4x4([[0.0985263, -0.986689, 0.129373, 0.0)], [0.987649, 0.0810394, -0.134099, 0.0)], [0.12183, 0.140987, 0.982487, 0.0)], [-0.406589, 0.0796137, -1.41408, 1.0)]])
-0.406589, 0.0796137, -1.41408
float3(-0.141458, 0.123372, -1.48885)
98960.260091125
normal
simd_float4x4([[0.0876239, -0.988302, 0.124825, 0.0)], [0.990299, 0.0728573, -0.118317, 0.0)], [0.107838, 0.133982, 0.985099, 0.0)], [-0.432847, 0.0710996, -1.49447, 1.0)]])
-0.432847, 0.0710996, -1.49447
float3(-0.134386, 0.109035, -1.49721)
98960.360143583
normal
simd_float4x4([[0.0421431, -0.993723, 0.103626, 0.0)], [0.995382, 0.0328058, -0.0902147, 0.0)], [0.086249, 0.106949, 0.990517, 0.0)], [-0.446929, 0.0724531, -1.56072, 1.0)]])
-0.446929, 0.0724531, -1.56072
float3(-0.107154, 0.0868556, -1.5378)
98960.460196041
normal
simd_float4x4([[-0.00497063, -0.998211, 0.059583, 0.0)], [0.997023, -0.00953184, -0.0765142, 0.0)], [0.0769452, 0.0590253, 0.995287, 0.0)], [-0.453749, 0.0790531, -1.61985, 1.0)]])
-0.453749, 0.0790531, -1.61985
float3(-0.0590597, 0.0771562, -1.58034)
98960.5602485
normal
simd_float4x4([[-0.00414556, -0.996955, 0.0778763, 0.0)], [0.998402, -0.00851498, -0.0558593, 0.0)], [0.0563523, 0.0775203, 0.995397, 0.0)], [-0.467337, 0.0790296, -1.69152, 1.0)]])
-0.467337, 0.0790296, -1.69152
float3(-0.0775982, 0.0565525, -1.57934)
98960.660301083
normal
simd_float4x4([[-0.00994572, -0.997068, 0.0758701, 0.0)], [0.998714, -0.0136763, -0.0488108, 0.0)], [0.0497054, 0.0752871, 0.995922, 0.0)], [-0.474216, 0.0771074, -1.77333, 1.0)]])
-0.474216, 0.0771074, -1.77333
float3(-0.0753584, 0.0498675, -1.58451)
98960.760353458
normal
simd_float4x4([[0.00149388, -0.99634, 0.0854715, 0.0)], [0.998317, -0.00346958, -0.0578935, 0.0)], [0.0579782, 0.0854142, 0.994657, 0.0)], [-0.477893, 0.0706534, -1.86436, 1.0)]])
-0.477893, 0.0706534, -1.86436
float3(-0.0855184, 0.0582237, -1.57428)
98960.860405875
normal
simd_float4x4([[0.0145541, -0.995538, 0.0932303, 0.0)], [0.99708, 0.00745967, -0.0759969, 0.0)], [0.0749623, 0.0940642, 0.99274, 0.0)], [-0.479319, 0.0635443, -1.94913, 1.0)]])
-0.479319, 0.0635443, -1.94913
float3(-0.0942035, 0.0753675, -1.5633)
98960.960458291
normal
simd_float4x4([[0.0206061, -0.99408, 0.106684, 0.0)], [0.995237, 0.0102263, -0.0969428, 0.0)], [0.0952778, 0.108173, 0.989556, 0.0)], [-0.476538, 0.0716509, -2.01078, 1.0)]])
-0.476538, 0.0716509, -2.01078
float3(-0.108385, 0.0959875, -1.56051)
98961.060510916
normal
simd_float4x4([[0.0207446, -0.996485, 0.0811633, 0.0)], [0.993048, 0.0111285, -0.117183, 0.0)], [0.115868, 0.08303, 0.989788, 0.0)], [-0.47746, 0.0828688, -2.06609, 1.0)]])
-0.47746, 0.0828688, -2.06609
float3(-0.0831257, 0.116533, -1.55963)
98961.160563333
normal
simd_float4x4([[0.0228648, -0.994567, 0.101561, 0.0)], [0.991856, 0.00983545, -0.126983, 0.0)], [0.125294, 0.103638, 0.986692, 0.0)], [-0.481099, 0.0831521, -2.12927, 1.0)]])
-0.481099, 0.0831521, -2.12927
float3(-0.103824, 0.126308, -1.56091)
98961.260615666
normal
simd_float4x4([[0.0490796, -0.992893, 0.108418, 0.0)], [0.990311, 0.034257, -0.134577, 0.0)], [0.129907, 0.113973, 0.984954, 0.0)], [-0.4931, 0.0789181, -2.20671, 1.0)]])
-0.4931, 0.0789181, -2.20671
float3(-0.114221, 0.131134, -1.53631)
98961.360668291
normal
simd_float4x4([[0.0554668, -0.992078, 0.112715, 0.0)], [0.990212, 0.0401765, -0.133662, 0.0)], [0.128075, 0.119025, 0.984596, 0.0)], [-0.504891, 0.063375, -2.29132, 1.0)]])
-0.504891, 0.063375, -2.29132
float3(-0.119308, 0.129352, -1.53032)
98961.460720625
normal
simd_float4x4([[0.0592982, -0.991891, 0.112415, 0.0)], [0.99059, 0.044554, -0.129409, 0.0)], [0.123351, 0.119031, 0.985199, 0.0)], [-0.521568, 0.0556737, -2.38043, 1.0)]])
-0.521568, 0.0556737, -2.38043
float3(-0.119314, 0.124556, -1.52591)
98961.560773208
normal
simd_float4x4([[0.0390432, -0.991788, 0.12179, 0.0)], [0.991908, 0.0237327, -0.124718, 0.0)], [0.120804, 0.125674, 0.984689, 0.0)], [-0.536246, 0.0513889, -2.46802, 1.0)]])
-0.536246, 0.0513889, -2.46802
float3(-0.126007, 0.122072, -1.54687)
98961.660825708
normal
simd_float4x4([[0.0113722, -0.993917, 0.109544, 0.0)], [0.992094, -0.00247789, -0.125475, 0.0)], [0.124984, 0.110105, 0.98603, 0.0)], [-0.547142, 0.0590474, -2.55599, 1.0)]])
-0.547142, 0.0590474, -2.55599
float3(-0.110328, 0.126082, -1.57329)
98961.760878
normal
simd_float4x4([[0.00140814, -0.991544, 0.129761, 0.0)], [0.991807, -0.0151908, -0.12684, 0.0)], [0.127739, 0.128877, 0.983399, 0.0)], [-0.554821, 0.0600524, -2.65352, 1.0)]])
-0.554821, 0.0600524, -2.65352
float3(-0.129236, 0.129172, -1.58612)
98961.860930666
normal
simd_float4x4([[-0.0168848, -0.990708, 0.134957, 0.0)], [0.990646, -0.0348557, -0.13193, 0.0)], [0.135408, 0.131467, 0.982029, 0.0)], [-0.555802, 0.0560881, -2.75083, 1.0)]])
-0.555802, 0.0560881, -2.75083
float3(-0.131849, 0.137022, -1.60596)
98961.960983166
normal
simd_float4x4([[-0.00334395, -0.990706, 0.135983, 0.0)], [0.991805, -0.0206529, -0.126077, 0.0)], [0.127714, 0.134447, 0.982656, 0.0)], [-0.561228, 0.0455811, -2.85293, 1.0)]])
-0.561228, 0.0455811, -2.85293
float3(-0.134856, 0.129243, -1.59164)
98962.061035625
normal
simd_float4x4([[0.00388681, -0.9927, 0.120549, 0.0)], [0.992195, -0.0111969, -0.124195, 0.0)], [0.124638, 0.120091, 0.984908, 0.0)], [-0.555824, 0.0389699, -2.94641, 1.0)]])
-0.555824, 0.0389699, -2.94641
float3(-0.120382, 0.125879, -1.58208)
98962.161088083
normal
simd_float4x4([[0.0221761, -0.988048, 0.152544, 0.0)], [0.991531, 0.0022072, -0.129847, 0.0)], [0.127959, 0.154132, 0.979729, 0.0)], [-0.550748, 0.0456815, -3.05273, 1.0)]])
-0.550748, 0.0456815, -3.05273
float3(-0.154749, 0.129871, -1.56856)
98962.26114075
normal
simd_float4x4([[0.0169264, -0.989326, 0.144732, 0.0)], [0.990324, -0.00335258, -0.138735, 0.0)], [0.137739, 0.14568, 0.979697, 0.0)], [-0.550454, 0.061042, -3.1428, 1.0)]])
-0.550454, 0.061042, -3.1428
float3(-0.1462, 0.139678, -1.57419)
98962.361193125
normal
simd_float4x4([[0.0268104, -0.987796, 0.153428, 0.0)], [0.987937, 0.00276548, -0.15483, 0.0)], [0.152516, 0.155728, 0.975955, 0.0)], [-0.55607, 0.0638189, -3.23369, 1.0)]])
-0.55607, 0.0638189, -3.23369
float3(-0.156365, 0.15502, -1.568)
98962.461245583
normal
simd_float4x4([[0.0577793, -0.986731, 0.151738, 0.0)], [0.987949, 0.034653, -0.150851, 0.0)], [0.143591, 0.158626, 0.976842, 0.0)], [-0.566845, 0.0600543, -3.32551, 1.0)]])
-0.566845, 0.0600543, -3.32551
float3(-0.159298, 0.14595, -1.53569)
98962.561298125
normal
simd_float4x4([[0.0647074, -0.986727, 0.148938, 0.0)], [0.988971, 0.0434842, -0.14158, 0.0)], [0.133225, 0.156457, 0.978658, 0.0)], [-0.575701, 0.0459896, -3.42383, 1.0)]])
-0.575701, 0.0459896, -3.42383
float3(-0.157102, 0.135298, -1.52676)
98962.661350666
normal
simd_float4x4([[0.0550042, -0.987551, 0.147372, 0.0)], [0.99228, 0.0376331, -0.11817, 0.0)], [0.111153, 0.152734, 0.981997, 0.0)], [-0.588118, 0.0411165, -3.51985, 1.0)]])
-0.588118, 0.0411165, -3.51985
float3(-0.153334, 0.112711, -1.53271)
98962.76140325
normal
simd_float4x4([[0.0223197, -0.989048, 0.145899, 0.0)], [0.995263, 0.00816966, -0.0968738, 0.0)], [0.0946209, 0.14737, 0.984545, 0.0)], [-0.598594, 0.04483, -3.6096, 1.0)]])
-0.598594, 0.04483, -3.6096
float3(-0.147909, 0.095812, -1.56254)
98962.861455666
normal
simd_float4x4([[0.00774467, -0.992801, 0.119529, 0.0)], [0.995918, -0.00309187, -0.0902093, 0.0)], [0.0899295, 0.11974, 0.988724, 0.0)], [-0.610896, 0.0555825, -3.69645, 1.0)]])
-0.610896, 0.0555825, -3.69645
float3(-0.120028, 0.0907055, -1.57391)
98962.961508291
normal
simd_float4x4([[0.0116638, -0.981903, 0.189026, 0.0)], [0.998108, 2.02076e-05, -0.0614829, 0.0)], [0.0603664, 0.189386, 0.980045, 0.0)], [-0.617452, 0.0590425, -3.80073, 1.0)]])
-0.617452, 0.0590425, -3.80073
float3(-0.190537, 0.0615178, -1.57078)
98963.06156075
normal
simd_float4x4([[-0.0144345, -0.981498, 0.190928, 0.0)], [0.997499, -0.0273493, -0.065181, 0.0)], [0.0691967, 0.189509, 0.979438, 0.0)], [-0.617293, 0.0525045, -3.89425, 1.0)]])
-0.617293, 0.0525045, -3.89425
float3(-0.190662, 0.0705322, -1.59865)
98963.161613208
normal
simd_float4x4([[-0.0180029, -0.981975, 0.188154, 0.0)], [0.995569, -0.0349771, -0.0872881, 0.0)], [0.0922957, 0.185748, 0.978253, 0.0)], [-0.622911, 0.0359735, -4.00034, 1.0)]])
-0.622911, 0.0359735, -4.00034
float3(-0.186833, 0.0940691, -1.6064)
98963.261665875
normal
simd_float4x4([[-0.00527013, -0.9866, 0.163072, 0.0)], [0.993788, -0.0232964, -0.108828, 0.0)], [0.111169, 0.161486, 0.980594, 0.0)], [-0.6259, 0.0356317, -4.08235, 1.0)]])
-0.6259, 0.0356317, -4.08235
float3(-0.162196, 0.112887, -1.5944)
98963.361718291
normal
simd_float4x4([[0.000624028, -0.989468, 0.144753, 0.0)], [0.991897, -0.0177774, -0.125795, 0.0)], [0.127043, 0.143658, 0.981439, 0.0)], [-0.622464, 0.0504691, -4.15932, 1.0)]])
-0.622464, 0.0504691, -4.15932
float3(-0.144157, 0.12873, -1.58876)
98963.461770916
normal
simd_float4x4([[-0.00376474, -0.991895, 0.127009, 0.0)], [0.990769, -0.0209108, -0.133938, 0.0)], [0.135508, 0.125333, 0.982817, 0.0)], [-0.624688, 0.0624034, -4.22923, 1.0)]])
-0.624688, 0.0624034, -4.22923
float3(-0.125663, 0.137014, -1.59187)
98963.561823416
normal
simd_float4x4([[0.0209618, -0.98951, 0.142938, 0.0)], [0.991958, 0.00273455, -0.12654, 0.0)], [0.124821, 0.144441, 0.981609, 0.0)], [-0.633333, 0.0723049, -4.30324, 1.0)]])
-0.633333, 0.0723049, -4.30324
float3(-0.144948, 0.126481, -1.56803)
98963.661875833
normal
simd_float4x4([[0.0494232, -0.98976, 0.133911, 0.0)], [0.991327, 0.0322648, -0.127399, 0.0)], [0.121774, 0.139046, 0.98277, 0.0)], [-0.644857, 0.0654163, -4.38165, 1.0)]])
-0.644857, 0.0654163, -4.38165
float3(-0.139498, 0.123281, -1.53821)
98963.7619285
normal
simd_float4x4([[0.0539861, -0.987923, 0.145239, 0.0)], [0.991597, 0.0359155, -0.124282, 0.0)], [0.117565, 0.150728, 0.98156, 0.0)], [-0.655243, 0.0504387, -4.47677, 1.0)]])
-0.655243, 0.0504387, -4.47677
float3(-0.151305, 0.119206, -1.53446)
98963.861980958
normal
simd_float4x4([[0.0442141, -0.990057, 0.133535, 0.0)], [0.991207, 0.0267886, -0.129577, 0.0)], [0.124711, 0.13809, 0.982537, 0.0)], [-0.669856, 0.0428372, -4.56964, 1.0)]])
-0.669856, 0.0428372, -4.56964
float3(-0.138533, 0.126253, -1.54375)
98963.962033625
normal
simd_float4x4([[0.0426082, -0.984918, 0.167693, 0.0)], [0.991435, 0.0209421, -0.128908, 0.0)], [0.123452, 0.171749, 0.977375, 0.0)], [-0.683324, 0.0487986, -4.67303, 1.0)]])
-0.683324, 0.0487986, -4.67303
float3(-0.172605, 0.125644, -1.54954)
98964.062086166
normal
simd_float4x4([[0.0358721, -0.988569, 0.146437, 0.0)], [0.986489, 0.0115898, -0.163416, 0.0)], [0.159851, 0.150321, 0.975629, 0.0)], [-0.693475, 0.0605614, -4.76411, 1.0)]])
-0.693475, 0.0605614, -4.76411
float3(-0.150893, 0.162401, -1.55907)
98964.16213875
normal
simd_float4x4([[0.0302592, -0.984893, 0.170499, 0.0)], [0.990248, 0.00633141, -0.13917, 0.0)], [0.135988, 0.173047, 0.97548, 0.0)], [-0.695094, 0.0654869, -4.86509, 1.0)]])
-0.695094, 0.0654869, -4.86509
float3(-0.173923, 0.138514, -1.56437)
98964.262191333
normal
simd_float4x4([[0.00807823, -0.986733, 0.162149, 0.0)], [0.990287, -0.0146147, -0.138271, 0.0)], [0.138807, 0.161691, 0.977031, 0.0)], [-0.686896, 0.0545124, -4.96089, 1.0)]])
-0.686896, 0.0545124, -4.96089
float3(-0.162404, 0.141125, -1.58561)
98964.362243666
normal
simd_float4x4([[0.0190868, -0.988, 0.153272, 0.0)], [0.989659, -0.00312799, -0.143404, 0.0)], [0.142163, 0.154425, 0.977723, 0.0)], [-0.682669, 0.0456507, -5.05342, 1.0)]])
-0.682669, 0.0456507, -5.05342
float3(-0.155045, 0.14439, -1.57396)
98964.462296291
normal
simd_float4x4([[0.0349274, -0.989737, 0.138566, 0.0)], [0.987716, 0.0130557, -0.155714, 0.0)], [0.152307, 0.142302, 0.978035, 0.0)], [-0.676404, 0.046378, -5.15295, 1.0)]])
-0.676404, 0.046378, -5.15295
float3(-0.142787, 0.154487, -1.55761)
98964.562348708
normal
simd_float4x4([[0.0313374, -0.992942, 0.114383, 0.0)], [0.987877, 0.0133609, -0.154664, 0.0)], [0.152044, 0.117843, 0.981323, 0.0)], [-0.670364, 0.0644307, -5.24024, 1.0)]])
-0.670364, 0.0644307, -5.24024
float3(-0.118117, 0.153716, -1.55734)
98964.662401541
normal
simd_float4x4([[0.00281164, -0.993864, 0.110572, 0.0)], [0.987679, -0.0145412, -0.155817, 0.0)], [0.156469, 0.109648, 0.981578, 0.0)], [-0.668707, 0.0664101, -5.32539, 1.0)]])
-0.668707, 0.0664101, -5.32539
float3(-0.109869, 0.158076, -1.58543)
98964.762454041
normal
simd_float4x4([[0.0281186, -0.991918, 0.123729, 0.0)], [0.986843, 0.0078305, -0.161493, 0.0)], [0.159219, 0.126642, 0.979087, 0.0)], [-0.67888, 0.0681898, -5.41667, 1.0)]])
-0.67888, 0.0681898, -5.41667
float3(-0.126983, 0.161209, -1.5629)
98964.862506416
normal
simd_float4x4([[0.0441046, -0.992735, 0.111946, 0.0)], [0.986673, 0.0257173, -0.16067, 0.0)], [0.156624, 0.11754, 0.980639, 0.0)], [-0.691792, 0.0555793, -5.50279, 1.0)]])
-0.691792, 0.0555793, -5.50279
float3(-0.117813, 0.158378, -1.5449)
98964.962559166
normal
simd_float4x4([[0.0410315, -0.992568, 0.114565, 0.0)], [0.987047, 0.0224684, -0.15885, 0.0)], [0.155095, 0.119599, 0.980633, 0.0)], [-0.707782, 0.0478983, -5.60304, 1.0)]])
-0.707782, 0.0478983, -5.60304
float3(-0.119886, 0.156859, -1.54816)
98965.0626115
normal
simd_float4x4([[0.02151, -0.994335, 0.104095, 0.0)], [0.989201, 0.00606836, -0.14644, 0.0)], [0.144979, 0.106121, 0.983727, 0.0)], [-0.726019, 0.0490108, -5.69904, 1.0)]])
-0.726019, 0.0490108, -5.69904
float3(-0.106321, 0.146324, -1.56469)
98965.162664166
normal
simd_float4x4([[0.0208027, -0.992315, 0.121979, 0.0)], [0.990168, 0.00356859, -0.139836, 0.0)], [0.138326, 0.123688, 0.982633, 0.0)], [-0.740559, 0.0620995, -5.80742, 1.0)]])
-0.740559, 0.0620995, -5.80742
float3(-0.124006, 0.139852, -1.5672)
98965.262716583
normal
simd_float4x4([[0.0117055, -0.989471, 0.144261, 0.0)], [0.987283, -0.011438, -0.158562, 0.0)], [0.158542, 0.144282, 0.976753, 0.0)], [-0.748613, 0.0660551, -5.91036, 1.0)]])
-0.748613, 0.0660551, -5.91036
float3(-0.144788, 0.160912, -1.58236)
98965.36276925
normal
simd_float4x4([[0.0133308, -0.986979, 0.160295, 0.0)], [0.98427, -0.0152912, -0.176008, 0.0)], [0.176167, 0.16012, 0.97125, 0.0)], [-0.759051, 0.0629906, -6.01357, 1.0)]])
-0.759051, 0.0629906, -6.01357
float3(-0.160812, 0.179431, -1.58629)
98965.462821708
normal
simd_float4x4([[0.0344262, -0.987176, 0.155882, 0.0)], [0.97747, 0.00075753, -0.211074, 0.0)], [0.208249, 0.159637, 0.96496, 0.0)], [-0.769657, 0.0556795, -6.11058, 1.0)]])
-0.769657, 0.0556795, -6.11058
float3(-0.160323, 0.212552, -1.57003)
98965.562874291
normal
simd_float4x4([[0.0576517, -0.988494, 0.139844, 0.0)], [0.969112, 0.0217672, -0.24566, 0.0)], [0.23979, 0.149687, 0.959216, 0.0)], [-0.771444, 0.0515291, -6.20093, 1.0)]])
-0.771444, 0.0515291, -6.20093
float3(-0.150252, 0.244965, -1.54878)
98965.662926875
normal
simd_float4x4([[0.0749502, -0.983702, 0.163439, 0.0)], [0.950224, 0.0207486, -0.310875, 0.0)], [0.302418, 0.178603, 0.936293, 0.0)], [-0.770343, 0.0545355, -6.3008, 1.0)]])
-0.770343, 0.0545355, -6.3008
float3(-0.179567, 0.312417, -1.54971)
98965.7629795
normal
simd_float4x4([[0.0952818, -0.986027, 0.136649, 0.0)], [0.933247, 0.0407176, -0.356921, 0.0)], [0.346369, 0.161535, 0.924086, 0.0)], [-0.780967, 0.0735957, -6.37604, 1.0)]])
-0.780967, 0.0735957, -6.37604
float3(-0.162246, 0.358616, -1.52953)
98965.863032166
normal
simd_float4x4([[0.101313, -0.984918, 0.140256, 0.0)], [0.910707, 0.0350716, -0.411562, 0.0)], [0.400435, 0.169429, 0.900525, 0.0)], [-0.794157, 0.0730747, -6.45352, 1.0)]])
-0.794157, 0.0730747, -6.45352
float3(-0.17025, 0.418412, -1.5352)
98965.963084541
normal
simd_float4x4([[0.131728, -0.982139, 0.134356, 0.0)], [0.892814, 0.0586548, -0.44659, 0.0)], [0.430733, 0.178783, 0.884594, 0.0)], [-0.81942, 0.068827, -6.53147, 1.0)]])
-0.81942, 0.068827, -6.53147
float3(-0.17975, 0.453135, -1.51115)
98966.063137291
normal
simd_float4x4([[0.129415, -0.984985, 0.114261, 0.0)], [0.881317, 0.0614455, -0.468513, 0.0)], [0.454458, 0.161333, 0.876036, 0.0)], [-0.841585, 0.0550454, -6.61434, 1.0)]])
-0.841585, 0.0550454, -6.61434
float3(-0.162042, 0.478547, -1.50849)
98966.16318975
normal
simd_float4x4([[0.125913, -0.985693, 0.11205, 0.0)], [0.883459, 0.0600346, -0.464646, 0.0)], [0.451271, 0.157497, 0.878379, 0.0)], [-0.866106, 0.0490019, -6.69704, 1.0)]])
-0.866106, 0.0490019, -6.69704
float3(-0.158155, 0.474591, -1.50997)
98966.263242291
normal
simd_float4x4([[0.113079, -0.986545, 0.118075, 0.0)], [0.889982, 0.0477341, -0.453491, 0.0)], [0.441753, 0.156365, 0.883405, 0.0)], [-0.887282, 0.052132, -6.77539, 1.0)]])
-0.887282, 0.052132, -6.77539
float3(-0.157009, 0.463694, -1.52245)
98966.363294916
normal
simd_float4x4([[0.0756252, -0.991654, 0.104421, 0.0)], [0.890398, 0.0200191, -0.454742, 0.0)], [0.448856, 0.127366, 0.884481, 0.0)], [-0.903685, 0.0613044, -6.85146, 1.0)]])
-0.903685, 0.0613044, -6.85146
float3(-0.127713, 0.469614, -1.55061)
98966.463347416
normal
simd_float4x4([[0.0780694, -0.987313, 0.138266, 0.0)], [0.892705, 0.0074879, -0.45058, 0.0)], [0.443828, 0.158607, 0.881964, 0.0)], [-0.922918, 0.0678992, -6.94041, 1.0)]])
-0.922918, 0.0678992, -6.94041
float3(-0.15928, 0.466226, -1.56321)
98966.563399958
normal
simd_float4x4([[0.0542555, -0.989232, 0.135925, 0.0)], [0.890544, -0.0136341, -0.454692, 0.0)], [0.451649, 0.145717, 0.880216, 0.0)], [-0.931976, 0.0617311, -7.02462, 1.0)]])
-0.931976, 0.0617311, -7.02462
float3(-0.146238, 0.474082, -1.58458)
98966.663452458
normal
simd_float4x4([[0.0320995, -0.99211, 0.121193, 0.0)], [0.880532, -0.0293008, -0.473081, 0.0)], [0.472899, 0.1219, 0.872644, 0.0)], [-0.938874, 0.0496134, -7.11664, 1.0)]])
-0.938874, 0.0496134, -7.11664
float3(-0.122204, 0.496615, -1.60032)
98966.763505041
normal
simd_float4x4([[0.051379, -0.991205, 0.121955, 0.0)], [0.867242, -0.0162723, -0.497621, 0.0)], [0.495229, 0.131331, 0.858778, 0.0)], [-0.949624, 0.0442233, -7.20857, 1.0)]])
-0.949624, 0.0442233, -7.20857
float3(-0.131712, 0.523086, -1.58721)
98966.86355775
normal
simd_float4x4([[0.0735306, -0.987019, 0.142784, 0.0)], [0.866926, -0.00751239, -0.49838, 0.0)], [0.492983, 0.160429, 0.85512, 0.0)], [-0.955362, 0.0541017, -7.30461, 1.0)]])
-0.955362, 0.0541017, -7.30461
float3(-0.161125, 0.522966, -1.57841)
98966.963610166
normal
simd_float4x4([[0.0499022, -0.990613, 0.12726, 0.0)], [0.876627, -0.0176126, -0.480848, 0.0)], [0.478576, 0.135555, 0.867519, 0.0)], [-0.954056, 0.0645631, -7.38259, 1.0)]])
-0.954056, 0.0645631, -7.38259
float3(-0.135974, 0.504117, -1.58857)
98967.063662791
normal
simd_float4x4([[0.0604863, -0.989737, 0.129467, 0.0)], [0.88541, -0.00668487, -0.464762, 0.0)], [0.460858, 0.142744, 0.875919, 0.0)], [-0.961797, 0.0678018, -7.47036, 1.0)]])
-0.961797, 0.0678018, -7.47036
float3(-0.143233, 0.484342, -1.57755)
98967.163715291
normal
simd_float4x4([[0.0793834, -0.989558, 0.120309, 0.0)], [0.888847, 0.015629, -0.457937, 0.0)], [0.451275, 0.143289, 0.880806, 0.0)], [-0.976695, 0.0631064, -7.5605, 1.0)]])
-0.976695, 0.0631064, -7.5605
float3(-0.143784, 0.473473, -1.555)
98967.263767958
normal
simd_float4x4([[0.0819268, -0.990647, 0.109121, 0.0)], [0.892477, 0.024191, -0.450445, 0.0)], [0.443592, 0.134291, 0.886111, 0.0)], [-0.99918, 0.0548666, -7.65768, 1.0)]])
-0.99918, 0.0548666, -7.65768
float3(-0.134698, 0.464132, -1.54638)
98967.363820458
normal
simd_float4x4([[0.0724165, -0.992845, 0.0949482, 0.0)], [0.893337, 0.0222352, -0.448837, 0.0)], [0.443514, 0.117324, 0.888555, 0.0)], [-1.02527, 0.049932, -7.75311, 1.0)]])
-1.02527, 0.049932, -7.75311
float3(-0.117595, 0.46296, -1.5484)
98967.463872958
normal
simd_float4x4([[0.0834771, -0.985665, 0.146615, 0.0)], [0.888503, 0.00700031, -0.458818, 0.0)], [0.451215, 0.168569, 0.87635, 0.0)], [-1.05615, 0.0565915, -7.86161, 1.0)]])
-1.05615, 0.0565915, -7.86161
float3(-0.169378, 0.47548, -1.56369)
98967.563925666
normal
simd_float4x4([[0.0475775, -0.992081, 0.116243, 0.0)], [0.873411, -0.0151467, -0.486749, 0.0)], [0.484655, 0.124687, 0.865773, 0.0)], [-1.07704, 0.0665264, -7.94827, 1.0)]])
-1.07704, 0.0665264, -7.94827
float3(-0.125012, 0.510332, -1.58606)
98967.663978125
normal
simd_float4x4([[0.0432616, -0.98847, 0.145104, 0.0)], [0.872984, -0.0332261, -0.486616, 0.0)], [0.485826, 0.147725, 0.861481, 0.0)], [-1.09396, 0.063782, -8.04753, 1.0)]])
-1.09396, 0.063782, -8.04753
float3(-0.148268, 0.513485, -1.6044)
98967.764030708
normal
simd_float4x4([[0.0464729, -0.988491, 0.143968, 0.0)], [0.864787, -0.0323247, -0.501097, 0.0)], [0.499983, 0.147789, 0.853332, 0.0)], [-1.10607, 0.0558558, -8.14256, 1.0)]])
-1.10607, 0.0558558, -8.14256
float3(-0.148332, 0.530001, -1.60349)
98967.864083166
normal
