ARKit Data
256296.973294791
limited(__ObjC.ARCamera.TrackingState.Reason.initializing)
simd_float4x4([[-0.0202161, -0.986248, 0.16402, 0.0)], [0.998874, -0.0269645, -0.0390221, 0.0)], [0.0429082, 0.163046, 0.985684, 0.0)], [0.0, 0.0, 0.0, 1.0)]])
0.0, 0.0, 0.0
float3(-0.163777, 0.0435039, -1.59813)
256297.344457875
notAvailable
simd_float4x4([[1.0, 0.0, 0.0, 0.0)], [0.0, 1.0, 0.0, 0.0)], [0.0, 0.0, 1.0, 0.0)], [0.0, 0.0, 0.0, 1.0)]])
0.0, 0.0, 0.0
float3(-0.0, 0.0, 0.0)
256297.461108291
notAvailable
simd_float4x4([[1.0, 0.0, 0.0, 0.0)], [0.0, 1.0, 0.0, 0.0)], [0.0, 0.0, 1.0, 0.0)], [0.0, 0.0, 0.0, 1.0)]])
0.0, 0.0, 0.0
float3(-0.0, 0.0, 0.0)
256297.594423
limited(__ObjC.ARCamera.TrackingState.Reason.initializing)
simd_float4x4([[-0.0221394, -0.989499, 0.142836, 0.0)], [0.999754, -0.0220487, 0.00221816, 0.0)], [0.000954482, 0.14285, 0.989744, 0.0)], [0.0, 0.0, 0.0, 1.0)]])
0.0, 0.0, 0.0
float3(-0.143341, 0.000964373, -1.59308)
256297.727737541
limited(__ObjC.ARCamera.TrackingState.Reason.initializing)
simd_float4x4([[-0.00880163, -0.988875, 0.148491, 0.0)], [0.999935, -0.00763055, 0.00845445, 0.0)], [-0.00722732, 0.148556, 0.988878, 0.0)], [0.0, 0.0, 0.0, 1.0)]])
0.0, 0.0, 0.0
float3(-0.149108, -0.00730848, -1.57851)
256297.861052333
limited(__ObjC.ARCamera.TrackingState.Reason.initializing)
simd_float4x4([[-0.00321068, -0.989512, 0.144403, 0.0)], [0.999729, 0.000152217, 0.0232714, 0.0)], [-0.0230493, 0.144439, 0.989244, 0.0)], [0.0, 0.0, 0.0, 1.0)]])
0.0, 0.0, 0.0
float3(-0.144946, -0.0232957, -1.57064)
256297.994366875
limited(__ObjC.ARCamera.TrackingState.Reason.initializing)
simd_float4x4([[-0.00682541, -0.989074, 0.147243, 0.0)], [0.998944, -5.30947e-05, 0.0459498, 0.0)], [-0.04544, 0.147401, 0.98803, 0.0)], [0.0, 0.0, 0.0, 1.0)]])
0.0, 0.0, 0.0
float3(-0.147941, -0.0459582, -1.57085)
256298.127681458
limited(__ObjC.ARCamera.TrackingState.Reason.initializing)
simd_float4x4([[-0.0111623, -0.989332, 0.145223, 0.0)], [0.997247, -0.000366811, 0.074154, 0.0)], [-0.07331, 0.145651, 0.986612, 0.0)], [0.0, 0.0, 0.0, 1.0)]])
0.0, 0.0, 0.0
float3(-0.146171, -0.0741685, -1.57117)
256298.260996208
limited(__ObjC.ARCamera.TrackingState.Reason.initializing)
simd_float4x4([[-0.0147328, -0.989561, 0.143333, 0.0)], [0.993358, 0.00187508, 0.115053, 0.0)], [-0.114121, 0.144076, 0.98296, 0.0)], [0.0, 0.0, 0.0, 1.0)]])
0.0, 0.0, 0.0
float3(-0.144579, -0.115582, -1.5689)
256298.394310875
limited(__ObjC.ARCamera.TrackingState.Reason.initializing)
simd_float4x4([[-0.0210701, -0.989416, 0.143536, 0.0)], [0.986133, 0.00307075, 0.16593, 0.0)], [-0.164616, 0.145042, 0.975631, 0.0)], [0.0, 0.0, 0.0, 1.0)]])
0.0, 0.0, 0.0
float3(-0.145555, -0.167153, -1.56769)
256298.527625541
limited(__ObjC.ARCamera.TrackingState.Reason.initializing)
simd_float4x4([[-0.0315901, -0.989465, 0.141242, 0.0)], [0.975631, 0.000170797, 0.219415, 0.0)], [-0.217129, 0.144731, 0.965348, 0.0)], [0.0, 0.0, 0.0, 1.0)]])
0.0, 0.0, 0.0
float3(-0.145241, -0.221241, -1.57062)
256298.66094025
limited(__ObjC.ARCamera.TrackingState.Reason.initializing)
simd_float4x4([[-0.0427894, -0.989969, 0.134607, 0.0)], [0.961459, -0.00417833, 0.274914, 0.0)], [-0.271596, 0.141183, 0.951994, 0.0)], [0.0, 0.0, 0.0, 1.0)]])
0.0, 0.0, 0.0
float3(-0.141656, -0.277909, -1.57502)
256298.794254833
limited(__ObjC.ARCamera.TrackingState.Reason.initializing)
simd_float4x4([[-0.0520644, -0.990422, 0.127835, 0.0)], [0.944836, -0.00740474, 0.327458, 0.0)], [-0.323377, 0.137832, 0.936172, 0.0)], [0.0, 0.0, 0.0, 1.0)]])
0.0, 0.0, 0.0
float3(-0.138272, -0.332594, -1.57827)
256298.927569583
limited(__ObjC.ARCamera.TrackingState.Reason.initializing)
simd_float4x4([[-0.0612627, -0.990586, 0.122375, 0.0)], [0.928311, -0.0115036, 0.371625, 0.0)], [-0.366721, 0.136369, 0.920276, 0.0)], [0.0, 0.0, 0.0, 1.0)]])
0.0, 0.0, 0.0
float3(-0.136796, -0.379204, -1.58241)
256299.060884166
limited(__ObjC.ARCamera.TrackingState.Reason.initializing)
simd_float4x4([[-0.0713865, -0.990594, 0.116689, 0.0)], [0.910465, -0.0169364, 0.413237, 0.0)], [-0.407376, 0.135741, 0.90311, 0.0)], [0.0, 0.0, 0.0, 1.0)]])
0.0, 0.0, 0.0
float3(-0.136162, -0.423753, -1.58789)
256299.194198666
limited(__ObjC.ARCamera.TrackingState.Reason.initializing)
simd_float4x4([[-0.0809979, -0.99027, 0.1131, 0.0)], [0.893647, -0.0219037, 0.448234, 0.0)], [-0.441399, 0.137379, 0.886725, 0.0)], [0.0, 0.0, 0.0, 1.0)]])
0.0, 0.0, 0.0
float3(-0.137815, -0.461874, -1.59291)
256299.327513375
limited(__ObjC.ARCamera.TrackingState.Reason.initializing)
simd_float4x4([[-0.0859826, -0.990157, 0.110371, 0.0)], [0.876018, -0.0223738, 0.481757, 0.0)], [-0.47455, 0.138111, 0.869318, 0.0)], [0.0, 0.0, 0.0, 1.0)]])
0.0, 0.0, 0.0
float3(-0.138554, -0.49968, -1.59339)
256299.460827958
limited(__ObjC.ARCamera.TrackingState.Reason.initializing)
simd_float4x4([[-0.0870757, -0.990808, 0.103457, 0.0)], [0.855932, -0.0212789, 0.516649, 0.0)], [-0.509702, 0.133541, 0.849915, 0.0)], [0.0, 0.0, 0.0, 1.0)]])
0.0, 0.0, 0.0
float3(-0.133941, -0.540206, -1.59227)
256299.594142625
limited(__ObjC.ARCamera.TrackingState.Reason.initializing)
simd_float4x4([[-0.0893148, -0.991348, 0.0961147, 0.0)], [0.833281, -0.0215177, 0.552428, 0.0)], [-0.545584, 0.129432, 0.827992, 0.0)], [0.0, 0.0, 0.0, 1.0)]])
0.0, 0.0, 0.0
float3(-0.129796, -0.582623, -1.5925)
256299.727457333
limited(__ObjC.ARCamera.TrackingState.Reason.initializing)
simd_float4x4([[-0.0902848, -0.991892, 0.0893408, 0.0)], [0.811861, -0.0213496, 0.583458, 0.0)], [-0.576825, 0.125212, 0.807205, 0.0)], [0.0, 0.0, 0.0, 1.0)]])
0.0, 0.0, 0.0
float3(-0.125541, -0.620455, -1.59232)
256299.860772
limited(__ObjC.ARCamera.TrackingState.Reason.initializing)
simd_float4x4([[-0.0922072, -0.992308, 0.082489, 0.0)], [0.791033, -0.0226888, 0.611349, 0.0)], [-0.604782, 0.121625, 0.787039, 0.0)], [0.0, 0.0, 0.0, 1.0)]])
0.0, 0.0, 0.0
float3(-0.121926, -0.65519, -1.59366)
256299.994086625
limited(__ObjC.ARCamera.TrackingState.Reason.initializing)
simd_float4x4([[-0.0941428, -0.992356, 0.079683, 0.0)], [0.774156, -0.0226531, 0.632587, 0.0)], [-0.625952, 0.121243, 0.770368, 0.0)], [0.0, 0.0, 0.0, 1.0)]])
0.0, 0.0, 0.0
float3(-0.121542, -0.682338, -1.59362)
256300.127401208
limited(__ObjC.ARCamera.TrackingState.Reason.initializing)
simd_float4x4([[-0.0942476, -0.992585, 0.0766373, 0.0)], [0.76122, -0.0222445, 0.648108, 0.0)], [-0.641605, 0.119423, 0.75767, 0.0)], [0.0, 0.0, 0.0, 1.0)]])
0.0, 0.0, 0.0
float3(-0.119709, -0.702641, -1.5932)
256300.260715833
limited(__ObjC.ARCamera.TrackingState.Reason.initializing)
simd_float4x4([[-0.0934264, -0.99266, 0.0766667, 0.0)], [0.752855, -0.0200526, 0.657877, 0.0)], [-0.651518, 0.119185, 0.7492, 0.0)], [0.0, 0.0, 0.0, 1.0)]])
0.0, 0.0, 0.0
float3(-0.119469, -0.715774, -1.59099)
256300.394030416
limited(__ObjC.ARCamera.TrackingState.Reason.initializing)
simd_float4x4([[-0.094975, -0.992624, 0.0752193, 0.0)], [0.751197, -0.0218897, 0.659711, 0.0)], [-0.653205, 0.119164, 0.747732, 0.0)], [0.0, 0.0, 0.0, 1.0)]])
0.0, 0.0, 0.0
float3(-0.119448, -0.718026, -1.59285)
256300.527345041
limited(__ObjC.ARCamera.TrackingState.Reason.initializing)
simd_float4x4([[-0.0939248, -0.992775, 0.0745315, 0.0)], [0.752152, -0.0217203, 0.658627, 0.0)], [-0.652258, 0.117924, 0.748756, 0.0)], [0.0, 0.0, 0.0, 1.0)]])
0.0, 0.0, 0.0
float3(-0.118199, -0.71663, -1.59267)
256300.660659708
limited(__ObjC.ARCamera.TrackingState.Reason.initializing)
simd_float4x4([[-0.0929293, -0.9929, 0.074116, 0.0)], [0.752863, -0.0213653, 0.657826, 0.0)], [-0.65158, 0.116934, 0.749501, 0.0)], [0.0, 0.0, 0.0, 1.0)]])
0.0, 0.0, 0.0
float3(-0.117202, -0.715622, -1.59231)
256300.793974291
limited(__ObjC.ARCamera.TrackingState.Reason.initializing)
simd_float4x4([[-0.0910999, -0.993094, 0.0738019, 0.0)], [0.753838, -0.0203522, 0.656741, 0.0)], [-0.650711, 0.115467, 0.750483, 0.0)], [0.0, 0.0, 0.0, 1.0)]])
0.0, 0.0, 0.0
float3(-0.115725, -0.714313, -1.59129)
256300.927288833
limited(__ObjC.ARCamera.TrackingState.Reason.initializing)
simd_float4x4([[-0.0913745, -0.993021, 0.0744443, 0.0)], [0.755216, -0.0203828, 0.655156, 0.0)], [-0.649073, 0.116089, 0.751805, 0.0)], [0.0, 0.0, 0.0, 1.0)]])
0.0, 0.0, 0.0
float3(-0.116351, -0.712195, -1.59132)
256301.060603541
limited(__ObjC.ARCamera.TrackingState.Reason.initializing)
simd_float4x4([[-0.0925072, -0.99282, 0.0757136, 0.0)], [0.758222, -0.0209578, 0.651656, 0.0)], [-0.645397, 0.117693, 0.754714, 0.0)], [0.0, 0.0, 0.0, 1.0)]])
0.0, 0.0, 0.0
float3(-0.117967, -0.707479, -1.5919)
256301.193918125
limited(__ObjC.ARCamera.TrackingState.Reason.initializing)
simd_float4x4([[-0.092661, -0.992775, 0.0761179, 0.0)], [0.760692, -0.0212633, 0.648761, 0.0)], [-0.642461, 0.11802, 0.757164, 0.0)], [0.0, 0.0, 0.0, 1.0)]])
0.0, 0.0, 0.0
float3(-0.118296, -0.703628, -1.59221)
256301.327232833
normal
simd_float4x4([[-0.102379, -0.993506, 0.0496448, 0.0)], [0.760921, -0.0460712, 0.647206, 0.0)], [-0.640716, 0.104036, 0.760697, 0.0)], [0.00149235, 5.89043e-05, 0.000573061, 1.0)]])
0.00149235, 5.89043e-05, 0.000573061
float3(-0.104225, -0.699992, -1.61714)
256301.460547291
normal
simd_float4x4([[-0.103287, -0.993294, 0.0519493, 0.0)], [0.767304, -0.0463358, 0.639608, 0.0)], [-0.632911, 0.105924, 0.766944, 0.0)], [0.00727652, 0.00163186, -0.00162566, 1.0)]])
0.00727652, 0.00163186, -0.00162566
float3(-0.106123, -0.689942, -1.61741)
256301.593861958
normal
simd_float4x4([[-0.0998826, -0.993534, 0.053983, 0.0)], [0.777629, -0.0441, 0.627175, 0.0)], [-0.620739, 0.104623, 0.777006, 0.0)], [0.00941791, 0.000299446, -0.0015213, 1.0)]])
0.00941791, 0.000299446, -0.0015213
float3(-0.104814, -0.674061, -1.61515)
256301.727176458
normal
simd_float4x4([[-0.0965967, -0.993676, 0.0572389, 0.0)], [0.790088, -0.0415766, 0.611581, 0.0)], [-0.605334, 0.104301, 0.789109, 0.0)], [0.013397, -5.73961e-05, 0.00113767, 1.0)]])
0.013397, -5.73961e-05, 0.00113767
float3(-0.104491, -0.654363, -1.61261)
256301.860491166
normal
simd_float4x4([[-0.0916332, -0.99409, 0.0582152, 0.0)], [0.803056, -0.0392029, 0.594612, 0.0)], [-0.588816, 0.101236, 0.801902, 0.0)], [0.0190528, 0.000932865, 0.00685978, 1.0)]])
0.0190528, 0.000932865, 0.00685978
float3(-0.10141, -0.63336, -1.61021)
256301.993805791
normal
simd_float4x4([[-0.0873094, -0.994267, 0.0617346, 0.0)], [0.81717, -0.0360392, 0.575269, 0.0)], [-0.569746, 0.100674, 0.815631, 0.0)], [0.0262694, 0.000369257, 0.0165068, 1.0)]])
0.0262694, 0.000369257, 0.0165068
float3(-0.100845, -0.609741, -1.60703)
256302.1271205
normal
simd_float4x4([[-0.0800806, -0.994727, 0.0640749, 0.0)], [0.834901, -0.0318193, 0.549479, 0.0)], [-0.544543, 0.0974988, 0.833047, 0.0)], [0.0375572, 0.00101813, 0.0292815, 1.0)]])
0.0375572, 0.00101813, 0.0292815
float3(-0.097654, -0.578955, -1.60277)
256302.260435
normal
simd_float4x4([[-0.0775923, -0.994703, 0.0674136, 0.0)], [0.857922, -0.0321708, 0.512771, 0.0)], [-0.507887, 0.0976227, 0.855874, 0.0)], [0.053157, 0.000777684, 0.0424826, 1.0)]])
0.053157, 0.000777684, 0.0424826
float3(-0.0977785, -0.535562, -1.60313)
256302.393749541
normal
simd_float4x4([[-0.075856, -0.994635, 0.0703342, 0.0)], [0.882581, -0.0341513, 0.468918, 0.0)], [-0.464001, 0.0976459, 0.880437, 0.0)], [0.0729169, 0.000306852, 0.0587258, 1.0)]])
0.0729169, 0.000306852, 0.0587258
float3(-0.0978017, -0.485023, -1.60512)
256302.52706425
normal
simd_float4x4([[-0.0752358, -0.994498, 0.072889, 0.0)], [0.905767, -0.037586, 0.422106, 0.0)], [-0.417044, 0.0977779, 0.903612, 0.0)], [0.0974907, -0.000618443, 0.0791045, 1.0)]])
0.0974907, -0.000618443, 0.0791045
float3(-0.0979344, -0.432401, -1.60857)
256302.660378666
normal
simd_float4x4([[-0.0777344, -0.99388, 0.0784813, 0.0)], [0.928636, -0.0435388, 0.368428, 0.0)], [-0.362756, 0.10152, 0.926338, 0.0)], [0.127347, -0.0018743, 0.101288, 1.0)]])
0.127347, -0.0018743, 0.101288
float3(-0.101695, -0.373247, -1.61458)
256302.793693291
normal
simd_float4x4([[-0.0799446, -0.993809, 0.0771552, 0.0)], [0.946194, -0.0513091, 0.319507, 0.0)], [-0.31357, 0.0985467, 0.944438, 0.0)], [0.161579, -0.00164039, 0.131554, 1.0)]])
0.161579, -0.00164039, 0.131554
float3(-0.0987069, -0.320566, -1.62238)
256302.927007875
normal
simd_float4x4([[-0.0810337, -0.993493, 0.0800287, 0.0)], [0.96139, -0.0567241, 0.269278, 0.0)], [-0.262987, 0.0987594, 0.959732, 0.0)], [0.202196, -0.00327782, 0.166302, 1.0)]])
0.202196, -0.00327782, 0.166302
float3(-0.0989207, -0.267456, -1.62783)
256303.060322541
normal
simd_float4x4([[-0.0816312, -0.993415, 0.0803952, 0.0)], [0.97419, -0.0624979, 0.216903, 0.0)], [-0.21045, 0.0960263, 0.972877, 0.0)], [0.247166, -0.0047503, 0.207106, 1.0)]])
0.247166, -0.0047503, 0.207106
float3(-0.0961744, -0.213035, -1.63363)
256303.193637166
normal
simd_float4x4([[-0.0833593, -0.992972, 0.0840157, 0.0)], [0.984505, -0.0690086, 0.161209, 0.0)], [-0.154278, 0.0961521, 0.983338, 0.0)], [0.297098, -0.0061723, 0.25426, 1.0)]])
0.297098, -0.0061723, 0.25426
float3(-0.0963009, -0.155623, -1.64018)
256303.32695175
normal
simd_float4x4([[-0.0849669, -0.992343, 0.0896412, 0.0)], [0.991464, -0.0752755, 0.106453, 0.0)], [-0.0988903, 0.097921, 0.990269, 0.0)], [0.356947, -0.00890345, 0.303746, 1.0)]])
0.356947, -0.00890345, 0.303746
float3(-0.0980782, -0.0995321, -1.64651)
256303.460266333
normal
simd_float4x4([[-0.0781301, -0.992529, 0.0937139, 0.0)], [0.99541, -0.0724527, 0.0625314, 0.0)], [-0.0552744, 0.0981693, 0.993633, 0.0)], [0.428726, -0.0118631, 0.359004, 1.0)]])
0.428726, -0.0118631, 0.359004
float3(-0.0983277, -0.0555713, -1.64367)
256303.593581
normal
simd_float4x4([[-0.0607701, -0.993404, 0.0972392, 0.0)], [0.998065, -0.0591886, 0.0190689, 0.0)], [-0.0131877, 0.0982099, 0.995078, 0.0)], [0.222612, -0.125069, 0.0732657, 1.0)]])
0.222612, -0.125069, 0.0732657
float3(-0.0983684, -0.0132522, -1.63031)
256303.726895416
normal
simd_float4x4([[-0.0473247, -0.993207, 0.106301, 0.0)], [0.998777, -0.0485764, -0.00921526, 0.0)], [0.0143164, 0.105735, 0.994291, 0.0)], [0.31964, -0.133663, 0.11044, 1.0)]])
0.31964, -0.133663, 0.11044
float3(-0.105933, 0.0143976, -1.61967)
256303.860209958
normal
simd_float4x4([[-0.0351116, -0.992725, 0.115174, 0.0)], [0.999044, -0.0378703, -0.0218511, 0.0)], [0.0260538, 0.114297, 0.993105, 0.0)], [0.427382, -0.145135, 0.136278, 1.0)]])
0.427382, -0.145135, 0.136278
float3(-0.114547, 0.0262287, -1.60893)
256303.993524541
normal
simd_float4x4([[-0.0307721, -0.989099, 0.143998, 0.0)], [0.999052, -0.0348725, -0.0260381, 0.0)], [0.0307758, 0.14306, 0.989235, 0.0)], [0.553491, -0.162563, 0.108811, 1.0)]])
0.553491, -0.162563, 0.108811
float3(-0.143553, 0.0311007, -1.60604)
256304.12683925
normal
simd_float4x4([[-0.0329885, -0.988633, 0.146685, 0.0)], [0.998949, -0.0372877, -0.026656, 0.0)], [0.0318226, 0.145652, 0.988824, 0.0)], [0.678673, -0.180305, 0.0833014, 1.0)]])
0.678673, -0.180305, 0.0833014
float3(-0.146172, 0.0321711, -1.60849)
256304.260153666
normal
simd_float4x4([[-0.00691389, -0.985225, 0.171124, 0.0)], [0.999684, -0.0109454, -0.0226268, 0.0)], [0.0241655, 0.170913, 0.98499, 0.0)], [0.75931, -0.22172, -0.107549, 1.0)]])
0.75931, -0.22172, -0.107549
float3(-0.171756, 0.0245289, -1.58191)
256304.393468458
normal
simd_float4x4([[0.0158545, -0.988446, 0.150745, 0.0)], [0.99943, 0.0111726, -0.0318549, 0.0)], [0.0298027, 0.151164, 0.988059, 0.0)], [0.57562, -0.295057, -0.617192, 1.0)]])
0.57562, -0.295057, -0.617192
float3(-0.151746, 0.0301537, -1.55949)
256304.526782958
normal
simd_float4x4([[0.0259798, -0.989534, 0.141945, 0.0)], [0.998676, 0.019384, -0.0476541, 0.0)], [0.0444039, 0.142995, 0.988727, 0.0)], [0.314664, -0.31555, -0.937502, 1.0)]])
0.314664, -0.31555, -0.937502
float3(-0.143487, 0.04488, -1.55121)
256304.6600975
limited(__ObjC.ARCamera.TrackingState.Reason.insufficientFeatures)
simd_float4x4([[0.00513932, -0.992559, 0.121657, 0.0)], [0.999059, -0.000142625, -0.0433682, 0.0)], [0.0430629, 0.121765, 0.991624, 0.0)], [0.19481, -0.348745, -0.93702, 1.0)]])
0.19481, -0.348745, -0.93702
float3(-0.122068, 0.0433993, -1.57094)
256304.793412125
limited(__ObjC.ARCamera.TrackingState.Reason.insufficientFeatures)
simd_float4x4([[0.00589884, -0.991826, 0.127459, 0.0)], [0.999658, 0.00259998, -0.0260327, 0.0)], [0.0254885, 0.127569, 0.991502, 0.0)], [-0.21932, -0.273592, -1.25839, 1.0)]])
-0.21932, -0.273592, -1.25839
float3(-0.127917, 0.0257013, -1.56817)
256304.926726708
limited(__ObjC.ARCamera.TrackingState.Reason.insufficientFeatures)
simd_float4x4([[7.69911e-05, -0.992865, 0.11924, 0.0)], [0.999824, -0.00216069, -0.0186368, 0.0)], [0.0187615, 0.119221, 0.99269, 0.0)], [-0.23169, -0.26325, -1.35864, 1.0)]])
-0.23169, -0.26325, -1.35864
float3(-0.119505, 0.0188974, -1.57297)
256305.060041291
limited(__ObjC.ARCamera.TrackingState.Reason.insufficientFeatures)
simd_float4x4([[-0.0055894, -0.992806, 0.119603, 0.0)], [0.999884, -0.0072406, -0.0133755, 0.0)], [0.0141453, 0.119515, 0.992732, 0.0)], [-0.227775, -0.265651, -1.44904, 1.0)]])
-0.227775, -0.265651, -1.44904
float3(-0.119801, 0.0142479, -1.57809)
256305.193355791
normal
simd_float4x4([[0.00590645, -0.992984, 0.118102, 0.0)], [0.999827, 0.00378033, -0.0182183, 0.0)], [0.017644, 0.118189, 0.992834, 0.0)], [-0.231473, -0.240603, -1.48443, 1.0)]])
-0.231473, -0.240603, -1.48443
float3(-0.118466, 0.0177695, -1.56699)
256305.326670375
normal
simd_float4x4([[0.0019312, -0.993685, 0.11219, 0.0)], [0.999424, -0.00188251, -0.0338774, 0.0)], [0.0338747, 0.112191, 0.993109, 0.0)], [-0.213644, -0.221747, -1.57546, 1.0)]])
-0.213644, -0.221747, -1.57546
float3(-0.112428, 0.0340965, -1.57269)
256305.459984875
normal
simd_float4x4([[0.0249599, -0.991339, 0.128937, 0.0)], [0.998825, 0.0193712, -0.0444184, 0.0)], [0.041536, 0.129894, 0.990657, 0.0)], [-0.206615, -0.214228, -1.67192, 1.0)]])
-0.206615, -0.214228, -1.67192
float3(-0.130262, 0.0419031, -1.55126)
256305.5932995
normal
simd_float4x4([[0.041501, -0.989897, 0.135581, 0.0)], [0.998191, 0.0351713, -0.0487531, 0.0)], [0.043492, 0.13736, 0.989566, 0.0)], [-0.195975, -0.221641, -1.76925, 1.0)]])
-0.195975, -0.221641, -1.76925
float3(-0.137795, 0.0439223, -1.53528)
256305.726614125
normal
simd_float4x4([[0.0431703, -0.990687, 0.129136, 0.0)], [0.998299, 0.0377071, -0.0444567, 0.0)], [0.0391733, 0.130836, 0.99063, 0.0)], [-0.187951, -0.235401, -1.88975, 1.0)]])
-0.187951, -0.235401, -1.88975
float3(-0.131212, 0.0395232, -1.53275)
256305.859928625
normal
simd_float4x4([[0.0220844, -0.989313, 0.144122, 0.0)], [0.999577, 0.0191236, -0.0218969, 0.0)], [0.0189067, 0.144544, 0.989318, 0.0)], [-0.183125, -0.236287, -2.01746, 1.0)]])
-0.183125, -0.236287, -2.01746
float3(-0.145053, 0.0191086, -1.55147)
256305.993243208
normal
simd_float4x4([[0.00171271, -0.989672, 0.143338, 0.0)], [0.999481, -0.00291422, -0.0320637, 0.0)], [0.0321503, 0.143319, 0.989154, 0.0)], [-0.17747, -0.22889, -2.12804, 1.0)]])
-0.17747, -0.22889, -2.12804
float3(-0.143814, 0.0324914, -1.57374)
256306.12655775
normal
simd_float4x4([[0.00635962, -0.97934, 0.202121, 0.0)], [0.999451, -0.000349891, -0.0331424, 0.0)], [0.0325284, 0.202221, 0.9788, 0.0)], [-0.173237, -0.230273, -2.25225, 1.0)]])
-0.173237, -0.230273, -2.25225
float3(-0.203625, 0.0332207, -1.57115)
256306.25987225
normal
simd_float4x4([[-0.00544208, -0.984025, 0.177949, 0.0)], [0.999059, -0.0130074, -0.0413747, 0.0)], [0.0430284, 0.177557, 0.983169, 0.0)], [-0.157128, -0.239285, -2.36777, 1.0)]])
-0.157128, -0.239285, -2.36777
float3(-0.178503, 0.0437371, -1.58401)
256306.393186666
normal
simd_float4x4([[0.00456513, -0.98714, 0.159791, 0.0)], [0.998118, -0.00527247, -0.0610872, 0.0)], [0.0611441, 0.15977, 0.985259, 0.0)], [-0.135373, -0.249817, -2.49773, 1.0)]])
-0.135373, -0.249817, -2.49773
float3(-0.160457, 0.0619794, -1.57614)
256306.526501291
normal
simd_float4x4([[-0.0115161, -0.991467, 0.129845, 0.0)], [0.998235, -0.0189642, -0.0562714, 0.0)], [0.0582537, 0.128968, 0.989936, 0.0)], [-0.100199, -0.238804, -2.62785, 1.0)]])
-0.100199, -0.238804, -2.62785
float3(-0.129328, 0.0587781, -1.58992)
256306.659815958
normal
simd_float4x4([[0.00158636, -0.989673, 0.143337, 0.0)], [0.998805, -0.0054322, -0.0485607, 0.0)], [0.0488378, 0.143243, 0.988482, 0.0)], [-0.0816759, -0.228687, -2.75874, 1.0)]])
-0.0816759, -0.228687, -2.75874
float3(-0.143738, 0.0493668, -1.57629)
256306.793130541
normal
simd_float4x4([[0.0383112, -0.987851, 0.150605, 0.0)], [0.997392, 0.0285779, -0.0662697, 0.0)], [0.0611606, 0.152751, 0.98637, 0.0)], [-0.074743, -0.23396, -2.89683, 1.0)]])
-0.074743, -0.23396, -2.89683
float3(-0.153352, 0.0619265, -1.54188)
256306.926445083
normal
simd_float4x4([[0.0404766, -0.988548, 0.145374, 0.0)], [0.998224, 0.0336423, -0.0491677, 0.0)], [0.0437139, 0.147106, 0.988154, 0.0)], [-0.0656314, -0.254491, -3.03549, 1.0)]])
-0.0656314, -0.254491, -3.03549
float3(-0.147642, 0.0442091, -1.53678)
256307.059759666
normal
simd_float4x4([[0.0238226, -0.987547, 0.155509, 0.0)], [0.99965, 0.0217361, -0.0151039, 0.0)], [0.0115357, 0.155814, 0.987719, 0.0)], [-0.0595232, -0.260812, -3.17549, 1.0)]])
-0.0595232, -0.260812, -3.17549
float3(-0.156452, 0.0116786, -1.54879)
256307.193074208
normal
simd_float4x4([[-0.0133791, -0.990575, 0.136317, 0.0)], [0.999812, -0.0151614, -0.0120446, 0.0)], [0.0139978, 0.136131, 0.990592, 0.0)], [-0.0514704, -0.252199, -3.30193, 1.0)]])
-0.0514704, -0.252199, -3.30193
float3(-0.136555, 0.0141298, -1.5861)
256307.326388708
normal
simd_float4x4([[-0.0206213, -0.976931, 0.212555, 0.0)], [0.999787, -0.0203784, 0.0033337, 0.0)], [0.00107474, 0.212579, 0.977143, 0.0)], [-0.0390152, -0.252337, -3.44092, 1.0)]])
-0.0390152, -0.252337, -3.44092
float3(-0.214213, 0.00109988, -1.59165)
256307.459703291
normal
simd_float4x4([[-0.0197928, -0.981515, 0.190359, 0.0)], [0.999751, -0.0213934, -0.00635687, 0.0)], [0.0103118, 0.190186, 0.981694, 0.0)], [-0.0284272, -0.263538, -3.56264, 1.0)]])
-0.0284272, -0.263538, -3.56264
float3(-0.191352, 0.0105037, -1.59259)
256307.593017875
normal
simd_float4x4([[0.00775925, -0.983134, 0.182722, 0.0)], [0.999164, 0.000287933, -0.0408802, 0.0)], [0.0401381, 0.182886, 0.982314, 0.0)], [-0.0145333, -0.276258, -3.69198, 1.0)]])
-0.0145333, -0.276258, -3.69198
float3(-0.183921, 0.040838, -1.5705)
256307.726332333
normal
simd_float4x4([[0.00193013, -0.987951, 0.154752, 0.0)], [0.996078, -0.0117899, -0.0876913, 0.0)], [0.0884593, 0.154315, 0.984054, 0.0)], [0.00289483, -0.262833, -3.81155, 1.0)]])
0.00289483, -0.262833, -3.81155
float3(-0.154934, 0.0896518, -1.58273)
256307.859647041
normal
simd_float4x4([[0.00505826, -0.985636, 0.168805, 0.0)], [0.99324, -0.0146245, -0.115153, 0.0)], [0.115968, 0.168246, 0.9789, 0.0)], [0.00502955, -0.253851, -3.92301, 1.0)]])
0.00502955, -0.253851, -3.92301
float3(-0.16905, 0.117918, -1.58563)
256307.992961541
normal
simd_float4x4([[0.0582671, -0.985078, 0.161943, 0.0)], [0.987354, 0.0329072, -0.15508, 0.0)], [0.147437, 0.168931, 0.974538, 0.0)], [-0.0142066, -0.250992, -4.04037, 1.0)]])
-0.0142066, -0.250992, -4.04037
float3(-0.169745, 0.15015, -1.5374)
256308.126276166
normal
simd_float4x4([[0.0843046, -0.983697, 0.158852, 0.0)], [0.981322, 0.0542991, -0.18455, 0.0)], [0.172916, 0.171443, 0.969901, 0.0)], [-0.0424459, -0.261154, -4.16179, 1.0)]])
-0.0424459, -0.261154, -4.16179
float3(-0.172295, 0.176428, -1.51565)
256308.259590666
normal
simd_float4x4([[0.083451, -0.986396, 0.141627, 0.0)], [0.977128, 0.0531018, -0.205914, 0.0)], [0.195593, 0.155571, 0.968267, 0.0)], [-0.0793989, -0.257095, -4.27869, 1.0)]])
-0.0793989, -0.257095, -4.27869
float3(-0.156206, 0.199321, -1.51701)
256308.392905333
normal
simd_float4x4([[0.070932, -0.987695, 0.139381, 0.0)], [0.971278, 0.0365736, -0.23512, 0.0)], [0.227129, 0.152055, 0.961921, 0.0)], [-0.111035, -0.246438, -4.38438, 1.0)]])
-0.111035, -0.246438, -4.38438
float3(-0.152647, 0.231873, -1.53378)
256308.526219875
normal
simd_float4x4([[0.0695962, -0.983918, 0.164505, 0.0)], [0.96097, 0.0218628, -0.275788, 0.0)], [0.267757, 0.177278, 0.947037, 0.0)], [-0.14182, -0.243057, -4.48568, 1.0)]])
-0.14182, -0.243057, -4.48568
float3(-0.17822, 0.275539, -1.54858)
256308.659534375
normal
simd_float4x4([[0.0695924, -0.985532, 0.154546, 0.0)], [0.940495, 0.0131654, -0.339552, 0.0)], [0.332605, 0.16898, 0.927804, 0.0)], [-0.173576, -0.251625, -4.57956, 1.0)]])
-0.173576, -0.251625, -4.57956
float3(-0.169794, 0.344215, -1.55744)
256308.792848916
normal
simd_float4x4([[0.0893727, -0.985863, 0.141729, 0.0)], [0.904967, 0.0209459, -0.424965, 0.0)], [0.415988, 0.16624, 0.894046, 0.0)], [-0.208482, -0.264792, -4.67064, 1.0)]])
-0.208482, -0.264792, -4.67064
float3(-0.167015, 0.435494, -1.54955)
256308.926163458
normal
simd_float4x4([[0.0903244, -0.987226, 0.131252, 0.0)], [0.850395, 0.00786226, -0.526086, 0.0)], [0.518333, 0.159134, 0.840242, 0.0)], [-0.247003, -0.261194, -4.75967, 1.0)]])
-0.247003, -0.261194, -4.75967
float3(-0.159814, 0.552743, -1.56283)
256309.059478166
normal
simd_float4x4([[0.104238, -0.989381, 0.10129, 0.0)], [0.785521, 0.0194365, -0.61853, 0.0)], [0.609993, 0.14404, 0.779205, 0.0)], [-0.296793, -0.247426, -4.82372, 1.0)]])
-0.296793, -0.247426, -4.82372
float3(-0.144543, 0.664189, -1.55115)
256309.192792833
normal
simd_float4x4([[0.141419, -0.98556, 0.0931214, 0.0)], [0.715219, 0.0366826, -0.697937, 0.0)], [0.684443, 0.165304, 0.710079, 0.0)], [-0.360248, -0.243723, -4.86268, 1.0)]])
-0.360248, -0.243723, -4.86268
float3(-0.166066, 0.767017, -1.53359)
256309.326107333
normal
simd_float4x4([[0.174748, -0.982511, 0.0643144, 0.0)], [0.645005, 0.0648775, -0.761419, 0.0)], [0.74393, 0.174539, 0.645061, 0.0)], [-0.437759, -0.251668, -4.89302, 1.0)]])
-0.437759, -0.251668, -4.89302
float3(-0.175438, 0.856458, -1.50486)
256309.459421916
normal
simd_float4x4([[0.168112, -0.984524, 0.049516, 0.0)], [0.571753, 0.0564645, -0.81848, 0.0)], [0.803017, 0.165907, 0.572397, 0.0)], [-0.525009, -0.258215, -4.91941, 1.0)]])
-0.525009, -0.258215, -4.91941
float3(-0.166678, 0.951526, -1.51351)
256309.592736375
normal
simd_float4x4([[0.160064, -0.985438, 0.0573666, 0.0)], [0.517218, 0.0342283, -0.855169, 0.0)], [0.840753, 0.166553, 0.515165, 0.0)], [-0.618125, -0.251508, -4.93013, 1.0)]])
-0.618125, -0.251508, -4.93013
float3(-0.167333, 1.02106, -1.53608)
256309.726051125
normal
simd_float4x4([[0.12274, -0.990991, 0.0535903, 0.0)], [0.443983, 0.00653574, -0.896011, 0.0)], [0.887589, 0.133769, 0.440785, 0.0)], [-0.702307, -0.243308, -4.93735, 1.0)]])
-0.702307, -0.243308, -4.93735
float3(-0.134172, 1.10986, -1.5642)
256309.859365541
normal
simd_float4x4([[0.165732, -0.98451, 0.0572024, 0.0)], [0.377604, 0.00976781, -0.925915, 0.0)], [0.911015, 0.175054, 0.373374, 0.0)], [-0.793739, -0.239983, -4.94526, 1.0)]])
-0.793739, -0.239983, -4.94526
float3(-0.17596, 1.18183, -1.56088)
256309.992680208
normal
simd_float4x4([[0.169059, -0.983999, 0.0562635, 0.0)], [0.306903, -0.00169058, -0.951739, 0.0)], [0.936605, 0.178167, 0.301706, 0.0)], [-0.884683, -0.246367, -4.96064, 1.0)]])
-0.884683, -0.246367, -4.96064
float3(-0.179124, 1.25916, -1.57251)
256310.125994791
normal
simd_float4x4([[0.177934, -0.98335, 0.0369175, 0.0)], [0.234635, 0.0059626, -0.972065, 0.0)], [0.95566, 0.181626, 0.231789, 0.0)], [-0.987539, -0.256315, -4.9883, 1.0)]])
-0.987539, -0.256315, -4.9883
float3(-0.18264, 1.33285, -1.56473)
256310.259309416
normal
simd_float4x4([[0.193707, -0.979928, 0.0471002, 0.0)], [0.177539, -0.0122028, -0.984038, 0.0)], [0.964861, 0.198977, 0.171611, 0.0)], [-1.09311, -0.250237, -5.02624, 1.0)]])
-1.09311, -0.250237, -5.02624
float3(-0.200314, 1.39478, -1.58325)
256310.392624041
normal
simd_float4x4([[0.161146, -0.985911, 0.0448551, 0.0)], [0.137089, -0.0226476, -0.9903, 0.0)], [0.977363, 0.165733, 0.131508, 0.0)], [-1.18636, -0.236423, -5.04684, 1.0)]])
-1.18636, -0.236423, -5.04684
float3(-0.166501, 1.43705, -1.59376)
256310.525938583
normal
simd_float4x4([[0.188469, -0.981836, 0.0218634, 0.0)], [0.108702, -0.00127003, -0.994074, 0.0)], [0.976045, 0.189728, 0.106488, 0.0)], [-1.28716, -0.232509, -5.0586, 1.0)]])
-1.28716, -0.232509, -5.0586
float3(-0.190885, 1.46212, -1.57209)
256310.659253166
normal
simd_float4x4([[0.183039, -0.98297, -0.0163108, 0.0)], [0.0772209, 0.0309152, -0.996535, 0.0)], [0.980068, 0.181146, 0.0815645, 0.0)], [-1.39401, -0.241289, -5.05739, 1.0)]])
-1.39401, -0.241289, -5.05739
float3(-0.182151, 1.48776, -1.53936)
256310.792567791
normal
simd_float4x4([[0.177657, -0.983714, -0.0272793, 0.0)], [0.0643683, 0.0392768, -0.997153, 0.0)], [0.981985, 0.175396, 0.0702978, 0.0)], [-1.51705, -0.249732, -5.04781, 1.0)]])
-1.51705, -0.249732, -5.04781
float3(-0.176308, 1.49933, -1.53089)
256310.92588225
normal
simd_float4x4([[0.184845, -0.982767, 0.000848881, 0.0)], [0.084749, 0.0150796, -0.996288, 0.0)], [0.979107, 0.184231, 0.0860759, 0.0)], [-1.63844, -0.244681, -5.04717, 1.0)]])
-1.63844, -0.244681, -5.04717
float3(-0.18529, 1.48311, -1.55545)
256311.059196958
normal
simd_float4x4([[0.155134, -0.987706, 0.019247, 0.0)], [0.0833479, -0.00632729, -0.9965, 0.0)], [0.984371, 0.156196, 0.0813417, 0.0)], [-1.74228, -0.232692, -5.05075, 1.0)]])
-1.74228, -0.232692, -5.05075
float3(-0.156838, 1.48835, -1.5772)
256311.192511416
normal
simd_float4x4([[0.155809, -0.986456, 0.051263, 0.0)], [0.0978975, -0.0362202, -0.994537, 0.0)], [0.982924, 0.159977, 0.0909282, 0.0)], [-1.85316, -0.233935, -5.05833, 1.0)]])
-1.85316, -0.233935, -5.05833
float3(-0.160667, 1.47855, -1.6075)
256311.325826
normal
simd_float4x4([[0.142988, -0.988744, 0.0440511, 0.0)], [0.0848944, -0.0320916, -0.995873, 0.0)], [0.986077, 0.146138, 0.0793501, 0.0)], [-1.96325, -0.242686, -5.07186, 1.0)]])
-1.96325, -0.242686, -5.07186
float3(-0.146663, 1.4905, -1.60324)
256311.45914075
normal
simd_float4x4([[0.141375, -0.989481, 0.0306651, 0.0)], [0.066757, -0.0213768, -0.99754, 0.0)], [0.987703, 0.143074, 0.0630327, 0.0)], [-2.08162, -0.244793, -5.09537, 1.0)]])
-2.08162, -0.244793, -5.09537
float3(-0.143567, 1.50707, -1.5924)
256311.59245525
normal
simd_float4x4([[0.117228, -0.992463, 0.0357079, 0.0)], [0.0534437, -0.0295992, -0.998132, 0.0)], [0.991666, 0.118918, 0.049571, 0.0)], [-2.18875, -0.227364, -5.11221, 1.0)]])
-2.18875, -0.227364, -5.11221
float3(-0.1192, 1.52085, -1.60061)
256311.72576975
normal
simd_float4x4([[0.122543, -0.991973, 0.0311885, 0.0)], [0.0463667, -0.0256688, -0.998595, 0.0)], [0.991379, 0.123817, 0.0428489, 0.0)], [-2.2924, -0.221466, -5.12279, 1.0)]])
-2.2924, -0.221466, -5.12279
float3(-0.124136, 1.5276, -1.59667)
256311.859084458
normal
simd_float4x4([[0.12587, -0.992044, 0.00217653, 0.0)], [0.04509, 0.00352927, -0.998977, 0.0)], [0.991021, 0.12584, 0.0451755, 0.0)], [-2.40441, -0.229276, -5.12288, 1.0)]])
-2.40441, -0.229276, -5.12288
float3(-0.126174, 1.52524, -1.56724)
256311.992398833
normal
simd_float4x4([[0.111765, -0.993619, -0.015139, 0.0)], [0.0530561, 0.0211792, -0.998367, 0.0)], [0.992317, 0.110779, 0.0550847, 0.0)], [-2.52538, -0.23794, -5.11707, 1.0)]])
-2.52538, -0.23794, -5.11707
float3(-0.111007, 1.51534, -1.54948)
256312.125713375
normal
simd_float4x4([[0.11959, -0.992761, 0.011135, 0.0)], [0.0852822, -0.000902015, -0.996356, 0.0)], [0.989154, 0.120104, 0.084557, 0.0)], [-2.64578, -0.232758, -5.11984, 1.0)]])
-2.64578, -0.232758, -5.11984
float3(-0.120395, 1.48552, -1.5717)
256312.259028041
normal
simd_float4x4([[0.115984, -0.99285, 0.0282287, 0.0)], [0.098884, -0.016737, -0.994958, 0.0)], [0.988316, 0.118191, 0.0962357, 0.0)], [-2.75255, -0.224352, -5.12535, 1.0)]])
-2.75255, -0.224352, -5.12535
float3(-0.118468, 1.47373, -1.58765)
256312.392342541
normal
simd_float4x4([[0.138919, -0.988536, 0.0591386, 0.0)], [0.123573, -0.0419471, -0.991448, 0.0)], [0.982563, 0.145039, 0.116329, 0.0)], [-2.86034, -0.228004, -5.14562, 1.0)]])
-2.86034, -0.228004, -5.14562
float3(-0.145553, 1.45295, -1.6132)
256312.52565725
normal
simd_float4x4([[0.136765, -0.989025, 0.0558931, 0.0)], [0.12351, -0.0389581, -0.991578, 0.0)], [0.982873, 0.142517, 0.116827, 0.0)], [-2.96376, -0.238243, -5.16983, 1.0)]])
-2.96376, -0.238243, -5.16983
float3(-0.143004, 1.45249, -1.61017)
256312.658971875
normal
simd_float4x4([[0.136124, -0.98965, 0.0454258, 0.0)], [0.109585, -0.0305298, -0.993508, 0.0)], [0.984612, 0.140218, 0.104295, 0.0)], [-3.07715, -0.243613, -5.19963, 1.0)]])
-3.07715, -0.243613, -5.19963
float3(-0.140682, 1.46527, -1.60164)
256312.792286208
normal
simd_float4x4([[0.136464, -0.989737, 0.0423987, 0.0)], [0.0869419, -0.0306684, -0.995741, 0.0)], [0.986822, 0.139569, 0.0818645, 0.0)], [-3.18407, -0.227837, -5.22322, 1.0)]])
-3.18407, -0.227837, -5.22322
float3(-0.140026, 1.48803, -1.60177)
256312.925600791
normal
simd_float4x4([[0.150212, -0.988493, 0.0178425, 0.0)], [0.0724355, -0.00699497, -0.997348, 0.0)], [0.985997, 0.151106, 0.0705513, 0.0)], [-3.28491, -0.217569, -5.23323, 1.0)]])
-3.28491, -0.217569, -5.23323
float3(-0.151687, 1.49936, -1.57787)
256313.0589155
normal
simd_float4x4([[0.140441, -0.990011, -0.0124189, 0.0)], [0.0856727, 0.0246476, -0.996018, 0.0)], [0.986375, 0.138818, 0.0882785, 0.0)], [-3.38168, -0.222104, -5.24165, 1.0)]])
-3.38168, -0.222104, -5.24165
float3(-0.139268, 1.48154, -1.54591)
256313.19223
normal
simd_float4x4([[0.1409, -0.98977, -0.0224029, 0.0)], [0.0914342, 0.0355415, -0.995177, 0.0)], [0.985792, 0.138172, 0.0955067, 0.0)], [-3.5033, -0.235953, -5.25052, 1.0)]])
-3.5033, -0.235953, -5.25052
float3(-0.138616, 1.47421, -1.5349)
256313.3255445
normal
simd_float4x4([[0.13869, -0.990311, 0.00695191, 0.0)], [0.0884552, 0.0053956, -0.996066, 0.0)], [0.986377, 0.13876, 0.0883465, 0.0)], [-3.62672, -0.237418, -5.25116, 1.0)]])
-3.62672, -0.237418, -5.25116
float3(-0.139209, 1.48147, -1.56535)
256313.458859
normal
simd_float4x4([[0.130056, -0.991397, 0.0147472, 0.0)], [0.0641871, -0.00642388, -0.997917, 0.0)], [0.989427, 0.130732, 0.0627994, 0.0)], [-3.73619, -0.221889, -5.25112, 1.0)]])
-3.73619, -0.221889, -5.25112
float3(-0.131107, 1.50741, -1.57728)
256313.592173541
normal
simd_float4x4([[0.137751, -0.98987, 0.0343866, 0.0)], [0.0241345, -0.0313527, -0.999217, 0.0)], [0.990173, 0.138473, 0.0195712, 0.0)], [-3.84378, -0.220079, -5.25307, 1.0)]])
-3.84378, -0.220079, -5.25307
float3(-0.138919, 1.55103, -1.60246)
256313.725488125
normal
simd_float4x4([[0.132024, -0.991104, 0.0167766, 0.0)], [-0.105334, -0.0308565, -0.993958, 0.0)], [0.985634, 0.12946, -0.108471, 0.0)], [-3.93725, -0.226935, -5.23219, 1.0)]])
-3.93725, -0.226935, -5.23219
float3(-0.129824, 1.68041, -1.60192)
256313.85880275
normal
simd_float4x4([[0.13073, -0.990276, -0.047576, 0.0)], [-0.320793, 0.00315472, -0.947144, 0.0)], [0.938084, 0.139082, -0.317261, 0.0)], [-4.03631, -0.237682, -5.191, 1.0)]])
-4.03631, -0.237682, -5.191
float3(-0.139535, 1.89692, -1.56761)
256313.992117291
normal
simd_float4x4([[0.109762, -0.985974, -0.125725, 0.0)], [-0.545056, 0.0460687, -0.837133, 0.0)], [0.831184, 0.160412, -0.532354, 0.0)], [-4.11711, -0.235565, -5.14773, 1.0)]])
-4.11711, -0.235565, -5.14773
float3(-0.161108, 2.14045, -1.52411)
256314.125431875
normal
simd_float4x4([[0.0679484, -0.982647, -0.17259, 0.0)], [-0.742621, 0.065708, -0.66648, 0.0)], [0.666256, 0.173455, -0.72527, 0.0)], [-4.13941, -0.230044, -5.10125, 1.0)]])
-4.13941, -0.230044, -5.10125
float3(-0.174337, 2.39858, -1.50403)
256314.258746291
normal
simd_float4x4([[0.0283144, -0.979984, -0.197052, 0.0)], [-0.889573, 0.0652075, -0.452114, 0.0)], [0.455914, 0.188094, -0.869921, 0.0)], [-4.11891, -0.22969, -5.06947, 1.0)]])
-4.11891, -0.22969, -5.06947
float3(-0.189221, 2.65886, -1.50435)
256314.392060875
normal
simd_float4x4([[-0.0158633, -0.977618, -0.209788, 0.0)], [-0.974566, 0.0620251, -0.215346, 0.0)], [0.223539, 0.201036, -0.953737, 0.0)], [-4.07065, -0.230483, -5.05906, 1.0)]])
-4.07065, -0.230483, -5.05906
float3(-0.202416, 2.91137, -1.50744)
256314.525375375
normal
simd_float4x4([[-0.0596106, -0.974004, -0.218549, 0.0)], [-0.997855, 0.0522122, 0.0394781, 0.0)], [-0.0270409, 0.220433, -0.975027, 0.0)], [-3.98322, -0.233118, -5.06318, 1.0)]])
-3.98322, -0.233118, -5.06318
float3(-0.222259, -3.11387, -1.51724)
256314.658689875
normal
simd_float4x4([[-0.0917693, -0.970678, -0.222179, 0.0)], [-0.954092, 0.021828, 0.298716, 0.0)], [-0.285107, 0.239392, -0.928119, 0.0)], [-3.87123, -0.237407, -5.08888, 1.0)]])
-3.87123, -0.237407, -5.08888
float3(-0.24174, -2.84355, -1.54831)
256314.7920045
normal
simd_float4x4([[-0.138629, -0.971128, -0.194146, 0.0)], [-0.84583, 0.0141332, 0.533266, 0.0)], [-0.515125, 0.23814, -0.823368, 0.0)], [-3.76144, -0.232814, -5.14978, 1.0)]])
-3.76144, -0.232814, -5.14978
float3(-0.24045, -2.58254, -1.55624)
256314.925319125
normal
simd_float4x4([[-0.165278, -0.974324, -0.152894, 0.0)], [-0.693153, 0.00447545, 0.720776, 0.0)], [-0.701585, 0.225108, -0.676095, 0.0)], [-3.65397, -0.227479, -5.22405, 1.0)]])
-3.65397, -0.227479, -5.22405
float3(-0.227053, -2.33769, -1.5662)
256315.058633583
normal
simd_float4x4([[-0.145394, -0.983646, -0.106304, 0.0)], [-0.51849, -0.0157558, 0.854938, 0.0)], [-0.842632, 0.17942, -0.50772, 0.0)], [-3.56422, -0.22231, -5.30654, 1.0)]])
-3.56422, -0.22231, -5.30654
float3(-0.180397, -2.11308, -1.58681)
256315.191948208
normal
simd_float4x4([[-0.175086, -0.980212, -0.0923538, 0.0)], [-0.326788, -0.0306277, 0.944601, 0.0)], [-0.928738, 0.195567, -0.314959, 0.0)], [-3.48156, -0.218751, -5.36265, 1.0)]])
-3.48156, -0.218751, -5.36265
float3(-0.196835, -1.89775, -1.60203)
256315.325262583
normal
simd_float4x4([[-0.207295, -0.976643, -0.0565374, 0.0)], [-0.162254, -0.0226684, 0.986488, 0.0)], [-0.964729, 0.213668, -0.153766, 0.0)], [-3.40929, -0.21941, -5.40813, 1.0)]])
-3.40929, -0.21941, -5.40813
float3(-0.215328, -1.72885, -1.594)
256315.458577208
normal
simd_float4x4([[-0.236684, -0.971123, -0.0300241, 0.0)], [-0.0578867, -0.0167524, 0.998182, 0.0)], [-0.969861, 0.237992, -0.0522501, 0.0)], [-3.33729, -0.22324, -5.4265, 1.0)]])
-3.33729, -0.22324, -5.4265
float3(-0.240298, -1.62462, -1.58805)
256315.591891708
normal
simd_float4x4([[-0.2348, -0.971783, -0.0224982, 0.0)], [-0.0075007, -0.0213333, 0.999744, 0.0)], [-0.972015, 0.234909, -0.00228, 0.0)], [-3.26793, -0.229856, -5.39011, 1.0)]])
-3.26793, -0.229856, -5.39011
float3(-0.237125, -1.57314, -1.59275)
256315.725206125
normal
simd_float4x4([[-0.232991, -0.972426, -0.0101344, 0.0)], [0.0157061, -0.0141825, 0.999776, 0.0)], [-0.972352, 0.232779, 0.0185774, 0.0)], [-3.19498, -0.22526, -5.33722, 1.0)]])
-3.19498, -0.22526, -5.33722
float3(-0.234935, -1.55169, -1.58538)
256315.858520708
normal
simd_float4x4([[-0.186066, -0.982533, -0.00291769, 0.0)], [0.0323906, -0.0091018, 0.999434, 0.0)], [-0.982003, 0.185866, 0.0335184, 0.0)], [-3.11619, -0.207673, -5.29271, 1.0)]])
-3.11619, -0.207673, -5.29271
float3(-0.186953, -1.53668, -1.58006)
256315.991835125
normal
simd_float4x4([[-0.17856, -0.983637, 0.0239648, 0.0)], [0.0387431, 0.0173084, 0.999099, 0.0)], [-0.983166, 0.179328, 0.0350186, 0.0)], [-3.02826, -0.205791, -5.26283, 1.0)]])
-3.02826, -0.205791, -5.26283
float3(-0.180303, -1.53519, -1.5532)
256316.125149833
normal
simd_float4x4([[-0.173376, -0.983906, 0.0432446, 0.0)], [0.0416083, 0.0365527, 0.998465, 0.0)], [-0.983976, 0.174909, 0.0346013, 0.0)], [-2.93291, -0.211219, -5.24809, 1.0)]])
-2.93291, -0.211219, -5.24809
float3(-0.175813, -1.53565, -1.53366)
256316.258464333
normal
simd_float4x4([[-0.161685, -0.98525, 0.0560361, 0.0)], [0.048605, 0.0487637, 0.997627, 0.0)], [-0.985645, 0.164025, 0.0400037, 0.0)], [-2.82506, -0.223397, -5.24453, 1.0)]])
-2.82506, -0.223397, -5.24453
float3(-0.16477, -1.53023, -1.52134)
256316.391778875
normal
simd_float4x4([[-0.138798, -0.989642, 0.0366506, 0.0)], [0.0349943, 0.0320845, 0.998872, 0.0)], [-0.989702, 0.139924, 0.0301785, 0.0)], [-2.71221, -0.225229, -5.24424, 1.0)]])
-2.71221, -0.225229, -5.24424
float3(-0.140385, -1.54031, -1.53839)
256316.525093375
normal
simd_float4x4([[-0.120507, -0.99271, 0.00235446, 0.0)], [0.0136554, 0.000713884, 0.999906, 0.0)], [-0.992618, 0.120528, 0.0134698, 0.0)], [-2.59982, -0.2125, -5.23941, 1.0)]])
-2.59982, -0.2125, -5.23941
float3(-0.120821, -1.55723, -1.57008)
256316.658407875
normal
