ARKit Data
513777.745540583
normal
simd_float4x4([[0.545495, -0.456858, -0.702649, 0.0)], [-0.802076, -0.0413677, -0.595787, 0.0)], [0.243123, 0.888577, -0.389001, 0.0)], [-8.97286, 0.434081, -15.1909, 1.0)]])
-8.97286, 0.434081, -15.1909
float3(-1.09423, 2.583, -1.6611)
513778.123171583
limited(__ObjC.ARCamera.TrackingState.Reason.initializing)
simd_float4x4([[-0.0541539, -0.438205, 0.89716, 0.0)], [0.998455, -0.0237573, 0.0486622, 0.0)], [-3.90972e-08, 0.898556, 0.438849, 0.0)], [0.0, 0.0, 0.0, 1.0)]])
0.0, 0.0, 0.0
float3(-1.11647, -8.90904e-08, -1.62496)
513778.239825625
limited(__ObjC.ARCamera.TrackingState.Reason.initializing)
simd_float4x4([[-0.0541539, -0.438205, 0.89716, 0.0)], [0.998455, -0.0237573, 0.0486622, 0.0)], [-3.90972e-08, 0.898556, 0.438849, 0.0)], [0.0, 0.0, 0.0, 1.0)]])
0.0, 0.0, 0.0
float3(-1.11647, -8.90904e-08, -1.62496)
513778.373143833
limited(__ObjC.ARCamera.TrackingState.Reason.initializing)
simd_float4x4([[-0.431958, -0.434602, -0.790274, 0.0)], [-0.873876, -0.0150248, 0.485917, 0.0)], [-0.223054, 0.900497, -0.373298, 0.0)], [0.0, 0.0, 0.0, 1.0)]])
0.0, 0.0, 0.0
float3(-1.12091, -2.603, -1.60535)
513778.506462541
limited(__ObjC.ARCamera.TrackingState.Reason.initializing)
simd_float4x4([[-0.428705, -0.430182, -0.794453, 0.0)], [-0.874126, -0.0246977, 0.485072, 0.0)], [-0.22829, 0.902404, -0.365445, 0.0)], [0.0, 0.0, 0.0, 1.0)]])
0.0, 0.0, 0.0
float3(-1.12532, -2.58322, -1.62815)
513778.639781083
limited(__ObjC.ARCamera.TrackingState.Reason.initializing)
simd_float4x4([[-0.427859, -0.430517, -0.794728, 0.0)], [-0.874418, -0.02538, 0.48451, 0.0)], [-0.22876, 0.902226, -0.365592, 0.0)], [0.0, 0.0, 0.0, 1.0)]])
0.0, 0.0, 0.0
float3(-1.1249, -2.58247, -1.62968)
513778.773099583
limited(__ObjC.ARCamera.TrackingState.Reason.initializing)
simd_float4x4([[-0.426228, -0.430827, -0.795436, 0.0)], [-0.875139, -0.0262603, 0.483159, 0.0)], [-0.229046, 0.902052, -0.365841, 0.0)], [0.0, 0.0, 0.0, 1.0)]])
0.0, 0.0, 0.0
float3(-1.1245, -2.58222, -1.63167)
513778.906418
limited(__ObjC.ARCamera.TrackingState.Reason.initializing)
simd_float4x4([[-0.425401, -0.429564, -0.796561, 0.0)], [-0.875494, -0.0276036, 0.482441, 0.0)], [-0.229227, 0.902614, -0.364338, 0.0)], [0.0, 0.0, 0.0, 1.0)]])
0.0, 0.0, 0.0
float3(-1.12581, -2.58001, -1.63497)
513779.039736708
limited(__ObjC.ARCamera.TrackingState.Reason.initializing)
simd_float4x4([[-0.423709, -0.427847, -0.798385, 0.0)], [-0.876849, -0.0273167, 0.479989, 0.0)], [-0.227171, 0.903438, -0.363583, 0.0)], [0.0, 0.0, 0.0, 1.0)]])
0.0, 0.0, 0.0
float3(-1.12772, -2.58313, -1.63456)
513779.173055
limited(__ObjC.ARCamera.TrackingState.Reason.initializing)
simd_float4x4([[-0.422254, -0.42763, -0.799271, 0.0)], [-0.87751, -0.0282879, 0.478723, 0.0)], [-0.227326, 0.903511, -0.363305, 0.0)], [0.0, 0.0, 0.0, 1.0)]])
0.0, 0.0, 0.0
float3(-1.12789, -2.58248, -1.63685)
513779.306373416
limited(__ObjC.ARCamera.TrackingState.Reason.initializing)
simd_float4x4([[-0.422068, -0.427212, -0.799593, 0.0)], [-0.877394, -0.0294403, 0.478866, 0.0)], [-0.228117, 0.903672, -0.362407, 0.0)], [0.0, 0.0, 0.0, 1.0)]])
0.0, 0.0, 0.0
float3(-1.12827, -2.5798, -1.6396)
513779.439691958
limited(__ObjC.ARCamera.TrackingState.Reason.initializing)
simd_float4x4([[-0.421936, -0.427604, -0.799453, 0.0)], [-0.877218, -0.0302175, 0.479141, 0.0)], [-0.22904, 0.903461, -0.362352, 0.0)], [0.0, 0.0, 0.0, 1.0)]])
0.0, 0.0, 0.0
float3(-1.12778, -2.57791, -1.64135)
513779.573010375
limited(__ObjC.ARCamera.TrackingState.Reason.initializing)
simd_float4x4([[-0.421202, -0.427426, -0.799935, 0.0)], [-0.877543, -0.030774, 0.47851, 0.0)], [-0.229145, 0.903526, -0.362122, 0.0)], [0.0, 0.0, 0.0, 1.0)]])
0.0, 0.0, 0.0
float3(-1.12793, -2.57742, -1.64267)
513779.706329
limited(__ObjC.ARCamera.TrackingState.Reason.initializing)
simd_float4x4([[-0.421487, -0.427729, -0.799623, 0.0)], [-0.877354, -0.0306639, 0.478862, 0.0)], [-0.229343, 0.903387, -0.362346, 0.0)], [0.0, 0.0, 0.0, 1.0)]])
0.0, 0.0, 0.0
float3(-1.1276, -2.5773, -1.64236)
513779.839647583
limited(__ObjC.ARCamera.TrackingState.Reason.initializing)
simd_float4x4([[-0.423918, -0.427676, -0.798365, 0.0)], [-0.876052, -0.0300701, 0.481277, 0.0)], [-0.229837, 0.903432, -0.361919, 0.0)], [0.0, 0.0, 0.0, 1.0)]])
0.0, 0.0, 0.0
float3(-1.12771, -2.5758, -1.64099)
513779.972966
limited(__ObjC.ARCamera.TrackingState.Reason.initializing)
simd_float4x4([[-0.425482, -0.430579, -0.795969, 0.0)], [-0.874892, -0.0291534, 0.48344, 0.0)], [-0.231364, 0.902082, -0.364306, 0.0)], [0.0, 0.0, 0.0, 1.0)]])
0.0, 0.0, 0.0
float3(-1.12457, -2.57578, -1.6384)
513780.106284333
limited(__ObjC.ARCamera.TrackingState.Reason.initializing)
simd_float4x4([[-0.425751, -0.430025, -0.796125, 0.0)], [-0.874916, -0.0287582, 0.483421, 0.0)], [-0.230778, 0.902359, -0.363992, 0.0)], [0.0, 0.0, 0.0, 1.0)]])
0.0, 0.0, 0.0
float3(-1.12521, -2.57653, -1.63757)
513780.239602916
limited(__ObjC.ARCamera.TrackingState.Reason.initializing)
simd_float4x4([[-0.424938, -0.430359, -0.796378, 0.0)], [-0.875064, -0.0299042, 0.483083, 0.0)], [-0.231714, 0.902162, -0.363884, 0.0)], [0.0, 0.0, 0.0, 1.0)]])
0.0, 0.0, 0.0
float3(-1.12476, -2.57457, -1.64017)
513780.372921375
limited(__ObjC.ARCamera.TrackingState.Reason.initializing)
simd_float4x4([[-0.424786, -0.429968, -0.79667, 0.0)], [-0.874863, -0.0312778, 0.48336, 0.0)], [-0.232747, 0.902302, -0.362877, 0.0)], [0.0, 0.0, 0.0, 1.0)]])
0.0, 0.0, 0.0
float3(-1.12508, -2.57129, -1.64341)
513780.506239791
limited(__ObjC.ARCamera.TrackingState.Reason.initializing)
simd_float4x4([[-0.425649, -0.430099, -0.796139, 0.0)], [-0.874268, -0.0314716, 0.484422, 0.0)], [-0.233405, 0.902233, -0.362626, 0.0)], [0.0, 0.0, 0.0, 1.0)]])
0.0, 0.0, 0.0
float3(-1.12492, -2.56969, -1.64384)
513780.6395585
limited(__ObjC.ARCamera.TrackingState.Reason.initializing)
simd_float4x4([[-0.425764, -0.430015, -0.796123, 0.0)], [-0.874232, -0.0313893, 0.484492, 0.0)], [-0.233329, 0.902276, -0.362569, 0.0)], [0.0, 0.0, 0.0, 1.0)]])
0.0, 0.0, 0.0
float3(-1.12502, -2.56977, -1.64366)
513780.772877
limited(__ObjC.ARCamera.TrackingState.Reason.initializing)
simd_float4x4([[-0.423359, -0.431362, -0.796677, 0.0)], [-0.875527, -0.0312127, 0.482161, 0.0)], [-0.232852, 0.901639, -0.364455, 0.0)], [0.0, 0.0, 0.0, 1.0)]])
0.0, 0.0, 0.0
float3(-1.12354, -2.57306, -1.64303)
513780.9061955
limited(__ObjC.ARCamera.TrackingState.Reason.initializing)
simd_float4x4([[-0.421089, -0.432927, -0.797031, 0.0)], [-0.876572, -0.0315265, 0.480236, 0.0)], [-0.233035, 0.900878, -0.366216, 0.0)], [0.0, 0.0, 0.0, 1.0)]])
0.0, 0.0, 0.0
float3(-1.12179, -2.57489, -1.64349)
513781.039513833
limited(__ObjC.ARCamera.TrackingState.Reason.initializing)
simd_float4x4([[-0.422864, -0.432576, -0.796282, 0.0)], [-0.875963, -0.0299482, 0.481448, 0.0)], [-0.23211, 0.9011, -0.366256, 0.0)], [0.0, 0.0, 0.0, 1.0)]])
0.0, 0.0, 0.0
float3(-1.1223, -2.57674, -1.63992)
513781.172832291
limited(__ObjC.ARCamera.TrackingState.Reason.initializing)
simd_float4x4([[-0.424085, -0.434949, -0.794337, 0.0)], [-0.874772, -0.0302459, 0.483589, 0.0)], [-0.234362, 0.899947, -0.367654, 0.0)], [0.0, 0.0, 0.0, 1.0)]])
0.0, 0.0, 0.0
float3(-1.11965, -2.57409, -1.64022)
513781.30615075
limited(__ObjC.ARCamera.TrackingState.Reason.initializing)
simd_float4x4([[-0.424407, -0.435256, -0.793997, 0.0)], [-0.874574, -0.0300678, 0.48396, 0.0)], [-0.23452, 0.899805, -0.367902, 0.0)], [0.0, 0.0, 0.0, 1.0)]])
0.0, 0.0, 0.0
float3(-1.11932, -2.57409, -1.63977)
513781.439469291
limited(__ObjC.ARCamera.TrackingState.Reason.initializing)
simd_float4x4([[-0.425562, -0.463087, -0.777462, 0.0)], [-0.869536, -0.0286677, 0.493037, 0.0)], [-0.250607, 0.885849, -0.390471, 0.0)], [0.0, 0.0, 0.0, 1.0)]])
0.0, 0.0, 0.0
float3(-1.08832, -2.571, -1.63262)
513781.572787833
limited(__ObjC.ARCamera.TrackingState.Reason.initializing)
simd_float4x4([[-0.344007, -0.690898, -0.635862, 0.0)], [-0.844294, -0.0687351, 0.531454, 0.0)], [-0.410887, 0.719678, -0.559675, 0.0)], [0.0, 0.0, 0.0, 1.0)]])
0.0, 0.0, 0.0
float3(-0.803338, -2.50831, -1.66996)
513781.706106333
limited(__ObjC.ARCamera.TrackingState.Reason.initializing)
simd_float4x4([[-0.22183, -0.80453, -0.550929, 0.0)], [-0.843582, -0.125026, 0.522243, 0.0)], [-0.48904, 0.580603, -0.650953, 0.0)], [0.0, 0.0, 0.0, 1.0)]])
0.0, 0.0, 0.0
float3(-0.61947, -2.49728, -1.72497)
513781.839424583
limited(__ObjC.ARCamera.TrackingState.Reason.initializing)
simd_float4x4([[0.0310104, -0.960229, -0.277486, 0.0)], [-0.81225, -0.185997, 0.55286, 0.0)], [-0.582484, 0.208244, -0.785714, 0.0)], [0.0, 0.0, 0.0, 1.0)]])
0.0, 0.0, 0.0
float3(-0.209779, -2.50365, -1.76213)
513781.972743125
limited(__ObjC.ARCamera.TrackingState.Reason.initializing)
simd_float4x4([[0.143527, -0.976901, -0.158318, 0.0)], [-0.764332, -0.211042, 0.609309, 0.0)], [-0.628646, 0.033555, -0.776967, 0.0)], [0.0, 0.0, 0.0, 1.0)]])
0.0, 0.0, 0.0
float3(-0.0335613, -2.46133, -1.78356)
513782.106061541
limited(__ObjC.ARCamera.TrackingState.Reason.initializing)
simd_float4x4([[0.154934, -0.978076, -0.139144, 0.0)], [-0.728523, -0.208244, 0.652602, 0.0)], [-0.66727, 0.000259299, -0.744815, 0.0)], [0.0, 0.0, 0.0, 1.0)]])
0.0, 0.0, 0.0
float3(-0.000259299, -2.41105, -1.78058)
513782.239379958
limited(__ObjC.ARCamera.TrackingState.Reason.initializing)
simd_float4x4([[0.104283, -0.97435, -0.199412, 0.0)], [-0.667179, -0.217231, 0.712518, 0.0)], [-0.737561, 0.0587397, -0.67272, 0.0)], [0.0, 0.0, 0.0, 1.0)]])
0.0, 0.0, 0.0
float3(-0.0587735, -2.31025, -1.79016)
513782.3726985
limited(__ObjC.ARCamera.TrackingState.Reason.initializing)
simd_float4x4([[0.0598582, -0.963278, -0.261747, 0.0)], [-0.59134, -0.245472, 0.768154, 0.0)], [-0.804197, 0.108801, -0.584318, 0.0)], [0.0, 0.0, 0.0, 1.0)]])
0.0, 0.0, 0.0
float3(-0.109017, -2.19914, -1.82032)
513782.506016958
limited(__ObjC.ARCamera.TrackingState.Reason.initializing)
simd_float4x4([[0.0678228, -0.961371, -0.266766, 0.0)], [-0.603991, -0.252382, 0.755975, 0.0)], [-0.794099, 0.109852, -0.597776, 0.0)], [0.0, 0.0, 0.0, 1.0)]])
0.0, 0.0, 0.0
float3(-0.110074, -2.21607, -1.82753)
513782.639335541
limited(__ObjC.ARCamera.TrackingState.Reason.initializing)
simd_float4x4([[0.0540411, -0.968726, -0.242174, 0.0)], [-0.640533, -0.219686, 0.735836, 0.0)], [-0.766026, 0.115355, -0.632373, 0.0)], [0.0, 0.0, 0.0, 1.0)]])
0.0, 0.0, 0.0
float3(-0.115613, -2.26091, -1.7938)
513782.77265375
limited(__ObjC.ARCamera.TrackingState.Reason.initializing)
simd_float4x4([[0.0411617, -0.976498, -0.211559, 0.0)], [-0.669748, -0.184092, 0.719408, 0.0)], [-0.741447, 0.112079, -0.661584, 0.0)], [0.0, 0.0, 0.0, 1.0)]])
0.0, 0.0, 0.0
float3(-0.112315, -2.29933, -1.75713)
513782.905972208
limited(__ObjC.ARCamera.TrackingState.Reason.initializing)
simd_float4x4([[0.0385919, -0.981424, -0.187929, 0.0)], [-0.703261, -0.160282, 0.692627, 0.0)], [-0.709883, 0.105433, -0.696383, 0.0)], [0.0, 0.0, 0.0, 1.0)]])
0.0, 0.0, 0.0
float3(-0.105629, -2.3466, -1.73268)
513783.039290791
limited(__ObjC.ARCamera.TrackingState.Reason.initializing)
simd_float4x4([[0.0480989, -0.98436, -0.169473, 0.0)], [-0.707245, -0.153375, 0.690131, 0.0)], [-0.705331, 0.0866642, -0.703561, 0.0)], [0.0, 0.0, 0.0, 1.0)]])
0.0, 0.0, 0.0
float3(-0.0867731, -2.35494, -1.72537)
513783.172609208
limited(__ObjC.ARCamera.TrackingState.Reason.initializing)
simd_float4x4([[0.0918262, -0.984675, -0.148264, 0.0)], [-0.713651, -0.168915, 0.679831, 0.0)], [-0.694457, 0.0433824, -0.718225, 0.0)], [0.0, 0.0, 0.0, 1.0)]])
0.0, 0.0, 0.0
float3(-0.043396, -2.37302, -1.74069)
513783.305927791
limited(__ObjC.ARCamera.TrackingState.Reason.initializing)
simd_float4x4([[0.10263, -0.975615, -0.194017, 0.0)], [-0.702316, -0.209196, 0.680433, 0.0)], [-0.704428, 0.0664283, -0.70666, 0.0)], [0.0, 0.0, 0.0, 1.0)]])
0.0, 0.0, 0.0
float3(-0.0664772, -2.35778, -1.78202)
513783.439246166
limited(__ObjC.ARCamera.TrackingState.Reason.initializing)
simd_float4x4([[0.0730975, -0.966639, -0.24549, 0.0)], [-0.689845, -0.226771, 0.687524, 0.0)], [-0.720257, 0.119094, -0.683408, 0.0)], [0.0, 0.0, 0.0, 1.0)]])
0.0, 0.0, 0.0
float3(-0.119377, -2.32995, -1.80123)
513783.572564583
limited(__ObjC.ARCamera.TrackingState.Reason.initializing)
simd_float4x4([[0.0645933, -0.971554, -0.227839, 0.0)], [-0.687446, -0.208822, 0.695566, 0.0)], [-0.723358, 0.111698, -0.681379, 0.0)], [0.0, 0.0, 0.0, 1.0)]])
0.0, 0.0, 0.0
float3(-0.111932, -2.32632, -1.78251)
513783.705883041
limited(__ObjC.ARCamera.TrackingState.Reason.initializing)
simd_float4x4([[0.0406905, -0.978387, -0.202737, 0.0)], [-0.685554, -0.174948, 0.706688, 0.0)], [-0.726883, 0.110231, -0.677857, 0.0)], [0.0, 0.0, 0.0, 1.0)]])
0.0, 0.0, 0.0
float3(-0.110456, -2.32131, -1.74774)
513783.8392015
limited(__ObjC.ARCamera.TrackingState.Reason.initializing)
simd_float4x4([[0.00360105, -0.979817, -0.199865, 0.0)], [-0.677532, -0.14939, 0.720162, 0.0)], [-0.735485, 0.132822, -0.664395, 0.0)], [0.0, 0.0, 0.0, 1.0)]])
0.0, 0.0, 0.0
float3(-0.133215, -2.30546, -1.7221)
513783.972519958
limited(__ObjC.ARCamera.TrackingState.Reason.initializing)
simd_float4x4([[-0.015094, -0.981513, -0.190796, 0.0)], [-0.650727, -0.135236, 0.747172, 0.0)], [-0.759162, 0.135434, -0.636656, 0.0)], [0.0, 0.0, 0.0, 1.0)]])
0.0, 0.0, 0.0
float3(-0.135852, -2.26865, -1.70772)
513784.105838458
limited(__ObjC.ARCamera.TrackingState.Reason.initializing)
simd_float4x4([[-0.0209782, -0.982977, -0.182519, 0.0)], [-0.644239, -0.126313, 0.754321, 0.0)], [-0.764535, 0.133411, -0.630623, 0.0)], [0.0, 0.0, 0.0, 1.0)]])
0.0, 0.0, 0.0
float3(-0.13381, -2.2605, -1.6986)
513784.239156875
limited(__ObjC.ARCamera.TrackingState.Reason.initializing)
simd_float4x4([[-0.0179213, -0.982389, -0.185981, 0.0)], [-0.647972, -0.13025, 0.750445, 0.0)], [-0.761453, 0.13396, -0.634226, 0.0)], [0.0, 0.0, 0.0, 1.0)]])
0.0, 0.0, 0.0
float3(-0.134364, -2.26529, -1.70261)
513784.372475416
limited(__ObjC.ARCamera.TrackingState.Reason.initializing)
simd_float4x4([[-0.0191836, -0.982834, -0.183488, 0.0)], [-0.65234, -0.126773, 0.747249, 0.0)], [-0.757683, 0.134032, -0.638709, 0.0)], [0.0, 0.0, 0.0, 1.0)]])
0.0, 0.0, 0.0
float3(-0.134436, -2.2712, -1.69908)
513784.505793791
limited(__ObjC.ARCamera.TrackingState.Reason.initializing)
simd_float4x4([[-0.0163463, -0.981224, -0.192173, 0.0)], [-0.657493, -0.13425, 0.741404, 0.0)], [-0.753282, 0.138471, -0.642953, 0.0)], [0.0, 0.0, 0.0, 1.0)]])
0.0, 0.0, 0.0
float3(-0.138918, -2.27734, -1.70677)
513784.639112208
limited(__ObjC.ARCamera.TrackingState.Reason.initializing)
simd_float4x4([[-0.0206514, -0.978172, -0.206752, 0.0)], [-0.659382, -0.142118, 0.738253, 0.0)], [-0.751522, 0.151574, -0.642053, 0.0)], [0.0, 0.0, 0.0, 1.0)]])
0.0, 0.0, 0.0
float3(-0.152161, -2.2778, -1.71508)
513784.772430541
limited(__ObjC.ARCamera.TrackingState.Reason.initializing)
simd_float4x4([[-0.031305, -0.97544, -0.218014, 0.0)], [-0.655053, -0.144724, 0.741593, 0.0)], [-0.754932, 0.166027, -0.634434, 0.0)], [0.0, 0.0, 0.0, 1.0)]])
0.0, 0.0, 0.0
float3(-0.166799, -2.26968, -1.71809)
513784.905749083
limited(__ObjC.ARCamera.TrackingState.Reason.initializing)
simd_float4x4([[-0.0475435, -0.975875, -0.21307, 0.0)], [-0.642957, -0.133345, 0.754205, 0.0)], [-0.764423, 0.172853, -0.621105, 0.0)], [0.0, 0.0, 0.0, 1.0)]])
0.0, 0.0, 0.0
float3(-0.173725, -2.25312, -1.7066)
513785.039067625
limited(__ObjC.ARCamera.TrackingState.Reason.initializing)
simd_float4x4([[-0.0614673, -0.977091, -0.20373, 0.0)], [-0.627757, -0.120842, 0.768972, 0.0)], [-0.775976, 0.17516, -0.605946, 0.0)], [0.0, 0.0, 0.0, 1.0)]])
0.0, 0.0, 0.0
float3(-0.176068, -2.23377, -1.69385)
513785.172386041
limited(__ObjC.ARCamera.TrackingState.Reason.initializing)
simd_float4x4([[-0.0616119, -0.97671, -0.205505, 0.0)], [-0.627562, -0.122195, 0.768917, 0.0)], [-0.776122, 0.176342, -0.605417, 0.0)], [0.0, 0.0, 0.0, 1.0)]])
0.0, 0.0, 0.0
float3(-0.177269, -2.23326, -1.69526)
513785.305704583
limited(__ObjC.ARCamera.TrackingState.Reason.initializing)
simd_float4x4([[-0.0623353, -0.977148, -0.203196, 0.0)], [-0.62785, -0.119867, 0.769048, 0.0)], [-0.775831, 0.175516, -0.606029, 0.0)], [0.0, 0.0, 0.0, 1.0)]])
0.0, 0.0, 0.0
float3(-0.176429, -2.23393, -1.69286)
513785.439022916
limited(__ObjC.ARCamera.TrackingState.Reason.initializing)
simd_float4x4([[-0.075868, -0.977601, -0.196295, 0.0)], [-0.628219, -0.106011, 0.77078, 0.0)], [-0.774325, 0.181794, -0.606104, 0.0)], [0.0, 0.0, 0.0, 1.0)]])
0.0, 0.0, 0.0
float3(-0.182811, -2.23493, -1.67881)
513785.572341375
limited(__ObjC.ARCamera.TrackingState.Reason.initializing)
simd_float4x4([[-0.0792177, -0.979396, -0.185734, 0.0)], [-0.622537, -0.0969129, 0.776566, 0.0)], [-0.778567, 0.177144, -0.602032, 0.0)], [0.0, 0.0, 0.0, 1.0)]])
0.0, 0.0, 0.0
float3(-0.178084, -2.22902, -1.66943)
513785.705659791
limited(__ObjC.ARCamera.TrackingState.Reason.initializing)
simd_float4x4([[-0.0806626, -0.979351, -0.185347, 0.0)], [-0.616193, -0.0971631, 0.781578, 0.0)], [-0.78345, 0.177254, -0.595631, 0.0)], [0.0, 0.0, 0.0, 1.0)]])
0.0, 0.0, 0.0
float3(-0.178196, -2.22084, -1.66968)
513785.838978333
limited(__ObjC.ARCamera.TrackingState.Reason.initializing)
simd_float4x4([[-0.0898186, -0.98003, -0.177374, 0.0)], [-0.624498, -0.0833124, 0.776569, 0.0)], [-0.775841, 0.18052, -0.604542, 0.0)], [0.0, 0.0, 0.0, 1.0)]])
0.0, 0.0, 0.0
float3(-0.181516, -2.23273, -1.6556)
513785.972296708
limited(__ObjC.ARCamera.TrackingState.Reason.initializing)
simd_float4x4([[-0.101099, -0.976778, -0.188871, 0.0)], [-0.646667, -0.0797482, 0.758592, 0.0)], [-0.756039, 0.19883, -0.623586, 0.0)], [0.0, 0.0, 0.0, 1.0)]])
0.0, 0.0, 0.0
float3(-0.200163, -2.26048, -1.65226)
513786.105615291
limited(__ObjC.ARCamera.TrackingState.Reason.initializing)
simd_float4x4([[-0.0870716, -0.975277, -0.20308, 0.0)], [-0.675067, -0.0921467, 0.731978, 0.0)], [-0.732596, 0.200828, -0.650353, 0.0)], [0.0, 0.0, 0.0, 1.0)]])
0.0, 0.0, 0.0
float3(-0.202203, -2.2968, -1.665)
513786.238933541
normal
simd_float4x4([[-0.0914681, -0.972202, -0.215536, 0.0)], [-0.73908, -0.0787803, 0.668995, 0.0)], [-0.667379, 0.22049, -0.71133, 0.0)], [0.0160209, 0.00228894, 0.00576766, 1.0)]])
0.0160209, 0.00228894, 0.00576766
float3(-0.222317, -2.38806, -1.65165)
513786.372252083
normal
simd_float4x4([[-0.0727692, -0.969349, -0.234664, 0.0)], [-0.775196, -0.093067, 0.624828, 0.0)], [-0.627516, 0.227379, -0.744663, 0.0)], [0.0414998, 0.0123844, -0.000355332, 1.0)]])
0.0414998, 0.0123844, -0.000355332
float3(-0.229385, -2.44136, -1.66651)
513786.505570625
normal
simd_float4x4([[-0.0538358, -0.965989, -0.252915, 0.0)], [-0.802571, -0.10884, 0.586544, 0.0)], [-0.594122, 0.234559, -0.769416, 0.0)], [0.0730658, 0.0153523, -0.00244443, 1.0)]])
0.0730658, 0.0153523, -0.00244443
float3(-0.236765, -2.48405, -1.683)
513786.638889041
normal
simd_float4x4([[-0.0524281, -0.95526, -0.291084, 0.0)], [-0.817966, -0.126135, 0.561268, 0.0)], [-0.572873, 0.267523, -0.774757, 0.0)], [0.10541, 0.0115461, -0.00266227, 1.0)]])
0.10541, 0.0115461, -0.00266227
float3(-0.270821, -2.50489, -1.70208)
513786.772207583
normal
simd_float4x4([[-0.0801003, -0.955791, -0.282928, 0.0)], [-0.833654, -0.0913677, 0.544676, 0.0)], [-0.546447, 0.279493, -0.78948, 0.0)], [0.14104, 0.00911659, -0.00469491, 1.0)]])
0.14104, 0.00911659, -0.00469491
float3(-0.283266, -2.53615, -1.6661)
513786.905525958
normal
simd_float4x4([[-0.0844216, -0.956955, -0.277687, 0.0)], [-0.835083, -0.0840877, 0.543659, 0.0)], [-0.543608, 0.277788, -0.792038, 0.0)], [0.174052, 0.0153121, 0.00105068, 1.0)]])
0.174052, 0.0153121, 0.00105068
float3(-0.281491, -2.54009, -1.65844)
513787.038844416
normal
simd_float4x4([[-0.0895448, -0.956976, -0.276004, 0.0)], [-0.825138, -0.0839168, 0.558664, 0.0)], [-0.557789, 0.277767, -0.782123, 0.0)], [0.209692, 0.0222602, 0.00542425, 1.0)]])
0.209692, 0.0222602, 0.00542425
float3(-0.281468, -2.52208, -1.65826)
513787.17216275
normal
simd_float4x4([[-0.102392, -0.956941, -0.271623, 0.0)], [-0.805681, -0.0803738, 0.586872, 0.0)], [-0.583433, 0.278932, -0.76276, 0.0)], [0.242359, 0.0279699, 0.00857124, 1.0)]])
0.242359, 0.0279699, 0.00857124
float3(-0.282682, -2.48863, -1.65459)
513787.305481291
normal
simd_float4x4([[-0.109406, -0.960871, -0.254476, 0.0)], [-0.792225, -0.0703317, 0.606163, 0.0)], [-0.600342, 0.26792, -0.753531, 0.0)], [0.276274, 0.038165, 0.0100715, 1.0)]])
0.276274, 0.038165, 0.0100715
float3(-0.271233, -2.46886, -1.64386)
513787.438799791
normal
simd_float4x4([[-0.101128, -0.961079, -0.2571, 0.0)], [-0.787188, -0.0807276, 0.611407, 0.0)], [-0.608365, 0.264216, -0.748386, 0.0)], [0.311452, 0.0484952, 0.0221235, 1.0)]])
0.311452, 0.0484952, 0.0221235
float3(-0.267391, -2.45903, -1.6546)
513787.572118166
normal
simd_float4x4([[-0.0991952, -0.959339, -0.264253, 0.0)], [-0.781544, -0.0892621, 0.617431, 0.0)], [-0.615913, 0.267772, -0.740911, 0.0)], [0.351021, 0.0588201, 0.0305584, 1.0)]])
0.351021, 0.0588201, 0.0305584
float3(-0.27108, -2.44806, -1.66357)
513787.70543675
normal
simd_float4x4([[-0.10644, -0.961433, -0.253609, 0.0)], [-0.774013, -0.07999, 0.628097, 0.0)], [-0.624159, 0.263152, -0.735647, 0.0)], [0.401683, 0.0686385, 0.0395957, 1.0)]])
0.401683, 0.0686385, 0.0395957
float3(-0.266288, -2.438, -1.6538)
513787.838755166
normal
simd_float4x4([[-0.116287, -0.959233, -0.257584, 0.0)], [-0.764766, -0.0789999, 0.639447, 0.0)], [-0.633728, 0.271351, -0.724402, 0.0)], [0.456983, 0.0734117, 0.0523951, 1.0)]])
0.456983, 0.0734117, 0.0523951
float3(-0.274796, -2.42286, -1.65297)
513787.972073583
normal
simd_float4x4([[-0.117117, -0.95048, -0.287873, 0.0)], [-0.758129, -0.101673, 0.64413, 0.0)], [-0.641502, 0.293684, -0.708679, 0.0)], [0.515057, 0.0779288, 0.0778208, 1.0)]])
0.515057, 0.0779288, 0.0778208
float3(-0.298078, -2.40591, -1.67736)
513788.105392
normal
simd_float4x4([[-0.127828, -0.942789, -0.307909, 0.0)], [-0.759461, -0.106622, 0.641756, 0.0)], [-0.637871, 0.315879, -0.702382, 0.0)], [0.580242, 0.0803038, 0.101359, 1.0)]])
0.580242, 0.0803038, 0.101359
float3(-0.321383, -2.40429, -1.68341)
513788.238710416
normal
simd_float4x4([[-0.133516, -0.942493, -0.306398, 0.0)], [-0.759198, -0.101453, 0.642904, 0.0)], [-0.637018, 0.318455, -0.701993, 0.0)], [0.643661, 0.0888379, 0.129326, 1.0)]])
0.643661, 0.0888379, 0.129326
float3(-0.324099, -2.40468, -1.67803)
513788.372028916
normal
simd_float4x4([[-0.130979, -0.939202, -0.317401, 0.0)], [-0.782606, -0.0985827, 0.614662, 0.0)], [-0.608582, 0.328908, -0.722113, 0.0)], [0.332062, 0.0188613, 0.0115971, 1.0)]])
0.332062, 0.0188613, 0.0115971
float3(-0.335147, -2.44131, -1.67538)
513788.505347333
normal
simd_float4x4([[-0.131124, -0.943664, -0.303818, 0.0)], [-0.761244, -0.100479, 0.640634, 0.0)], [-0.63507, 0.315282, -0.705183, 0.0)], [0.418307, 0.0367505, 0.0401028, 1.0)]])
0.418307, 0.0367505, 0.0401028
float3(-0.320753, -2.40846, -1.67687)
513788.638666
normal
simd_float4x4([[-0.122264, -0.946726, -0.29793, 0.0)], [-0.736224, -0.1148, 0.66693, 0.0)], [-0.665602, 0.300884, -0.682966, 0.0)], [0.512237, 0.0555794, 0.0716392, 1.0)]])
0.512237, 0.0555794, 0.0716392
float3(-0.30562, -2.36907, -1.69147)
513788.771984333
normal
simd_float4x4([[-0.114206, -0.948536, -0.29536, 0.0)], [-0.711686, -0.12932, 0.690492, 0.0)], [-0.693152, 0.289062, -0.66029, 0.0)], [0.604022, 0.0768094, 0.112018, 1.0)]])
0.604022, 0.0768094, 0.112018
float3(-0.293246, -2.33192, -1.7063)
513788.905302666
normal
simd_float4x4([[-0.120013, -0.946351, -0.300029, 0.0)], [-0.700896, -0.133264, 0.700704, 0.0)], [-0.703095, 0.294382, -0.6473, 0.0)], [0.712858, 0.0893302, 0.141865, 1.0)]])
0.712858, 0.0893302, 0.141865
float3(-0.298809, -2.3149, -1.7107)
513789.038621166
normal
simd_float4x4([[-0.138542, -0.941573, -0.306996, 0.0)], [-0.702137, -0.125228, 0.700944, 0.0)], [-0.698434, 0.312663, -0.643763, 0.0)], [0.827861, 0.101496, 0.165777, 1.0)]])
0.827861, 0.101496, 0.165777
float3(-0.317996, -2.31548, -1.70302)
513789.171939666
normal
simd_float4x4([[-0.134948, -0.944839, -0.298443, 0.0)], [-0.704706, -0.120216, 0.699241, 0.0)], [-0.696547, 0.304676, -0.649611, 0.0)], [0.929495, 0.112957, 0.171487, 1.0)]])
0.929495, 0.112957, 0.171487
float3(-0.309598, -2.32134, -1.69735)
513789.305258166
normal
simd_float4x4([[-0.123024, -0.948292, -0.292588, 0.0)], [-0.708571, -0.12249, 0.694927, 0.0)], [-0.694833, 0.292812, -0.656862, 0.0)], [0.977648, 0.16301, 0.101474, 1.0)]])
0.977648, 0.16301, 0.101474
float3(-0.297166, -2.32811, -1.69925)
513789.438576541
normal
simd_float4x4([[-0.115247, -0.948532, -0.294966, 0.0)], [-0.711524, -0.128379, 0.690834, 0.0)], [-0.693146, 0.289492, -0.660108, 0.0)], [0.985882, 0.212698, 0.00478768, 1.0)]])
0.985882, 0.212698, 0.00478768
float3(-0.293696, -2.33179, -1.70532)
513789.571895166
normal
simd_float4x4([[-0.11688, -0.954617, -0.273943, 0.0)], [-0.712875, -0.11141, 0.692385, 0.0)], [-0.691482, 0.276213, -0.667502, 0.0)], [0.987969, 0.235603, -0.0696466, 1.0)]])
0.987969, 0.235603, -0.0696466
float3(-0.279852, -2.33855, -1.68698)
513789.705213666
normal
simd_float4x4([[-0.116558, -0.962486, -0.245021, 0.0)], [-0.7171, -0.0891296, 0.691248, 0.0)], [-0.687155, 0.256275, -0.67981, 0.0)], [1.05061, 0.254688, -0.0927365, 1.0)]])
1.05061, 0.254688, -0.0927365
float3(-0.259167, -2.35082, -1.66314)
513789.838531916
normal
simd_float4x4([[-0.114637, -0.961234, -0.250772, 0.0)], [-0.719787, -0.0936093, 0.687854, 0.0)], [-0.684664, 0.259356, -0.681153, 0.0)], [1.10999, 0.274495, -0.114262, 1.0)]])
1.10999, 0.274495, -0.114262
float3(-0.262356, -2.35362, -1.66787)
513789.971850458
normal
simd_float4x4([[-0.123961, -0.953752, -0.273846, 0.0)], [-0.713989, -0.10592, 0.692099, 0.0)], [-0.689096, 0.281316, -0.667838, 0.0)], [1.09596, 0.296323, -0.181098, 1.0)]])
1.09596, 0.296323, -0.181098
float3(-0.285165, -2.34053, -1.6814)
513790.105168958
normal
simd_float4x4([[-0.149872, -0.94522, -0.289995, 0.0)], [-0.703996, -0.103923, 0.70256, 0.0)], [-0.694211, 0.30945, -0.649856, 0.0)], [1.16011, 0.306591, -0.205269, 1.0)]])
1.16011, 0.306591, -0.205269
float3(-0.314614, -2.32321, -1.6803)
513790.238487333
normal
simd_float4x4([[-0.204379, -0.92147, -0.330338, 0.0)], [-0.709244, -0.093196, 0.698776, 0.0)], [-0.674687, 0.377105, -0.634499, 0.0)], [1.25435, 0.303354, -0.21862, 1.0)]])
1.25435, 0.303354, -0.21862
float3(-0.386669, -2.32551, -1.67159)
513790.371805916
normal
simd_float4x4([[-0.254933, -0.904849, -0.340965, 0.0)], [-0.709212, -0.0647209, 0.702018, 0.0)], [-0.657288, 0.420784, -0.62523, 0.0)], [1.32931, 0.300011, -0.244322, 1.0)]])
1.32931, 0.300011, -0.244322
float3(-0.434309, -2.3312, -1.6422)
513790.505124291
normal
simd_float4x4([[-0.293619, -0.890422, -0.34776, 0.0)], [-0.71012, -0.0403672, 0.702922, 0.0)], [-0.639935, 0.453342, -0.620454, 0.0)], [1.43685, 0.307278, -0.251889, 1.0)]])
1.43685, 0.307278, -0.251889
float3(-0.470512, -2.34074, -1.6161)
513790.63844275
normal
simd_float4x4([[-0.293109, -0.889305, -0.351032, 0.0)], [-0.718435, -0.0373809, 0.694589, 0.0)], [-0.630823, 0.455784, -0.627951, 0.0)], [1.54851, 0.32903, -0.251104, 1.0)]])
1.54851, 0.32903, -0.251104
float3(-0.473253, -2.35391, -1.61281)
513790.77176125
normal
simd_float4x4([[-0.258739, -0.894767, -0.363932, 0.0)], [-0.72897, -0.0663223, 0.681325, 0.0)], [-0.633764, 0.441581, -0.635098, 0.0)], [1.65222, 0.357101, -0.247043, 1.0)]])
1.65222, 0.357101, -0.247043
float3(-0.45736, -2.35725, -1.64478)
513790.905079708
normal
simd_float4x4([[-0.221611, -0.913385, -0.34149, 0.0)], [-0.730033, -0.0767675, 0.679086, 0.0)], [-0.646483, 0.399792, -0.649789, 0.0)], [1.19384, 0.223287, -0.49662, 1.0)]])
1.19384, 0.223287, -0.49662
float3(-0.41129, -2.35874, -1.65465)
513791.038398125
normal
simd_float4x4([[-0.197547, -0.936204, -0.290683, 0.0)], [-0.7378, -0.0532523, 0.672916, 0.0)], [-0.645466, 0.347399, -0.680212, 0.0)], [0.263516, 0.0291093, -0.667304, 1.0)]])
0.263516, 0.0291093, -0.667304
float3(-0.354795, -2.3824, -1.62762)
513791.171716708
normal
simd_float4x4([[-0.165018, -0.942588, -0.290341, 0.0)], [-0.757553, -0.0673732, 0.649288, 0.0)], [-0.631572, 0.327092, -0.702942, 0.0)], [-0.149154, -0.0399943, -0.483186, 1.0)]])
-0.149154, -0.0399943, -0.483186
float3(-0.333225, -2.40962, -1.64215)
513791.305035125
normal
simd_float4x4([[-0.142101, -0.954246, -0.263102, 0.0)], [-0.770846, -0.0600652, 0.634183, 0.0)], [-0.62097, 0.292929, -0.727041, 0.0)], [-0.118155, -0.031792, -0.453993, 1.0)]])
-0.118155, -0.031792, -0.453993
float3(-0.297289, -2.43472, -1.63366)
513791.438353541
normal
simd_float4x4([[-0.135346, -0.962236, -0.236186, 0.0)], [-0.777964, -0.0444094, 0.626738, 0.0)], [-0.613558, 0.268571, -0.742574, 0.0)], [-0.111847, -0.0271355, -0.4478, 1.0)]])
-0.111847, -0.0271355, -0.4478
float3(-0.271909, -2.45104, -1.61692)
513791.571672041
normal
simd_float4x4([[-0.13391, -0.961041, -0.241803, 0.0)], [-0.779973, -0.0483078, 0.623946, 0.0)], [-0.611318, 0.272153, -0.743117, 0.0)], [-0.0996656, -0.0323641, -0.435129, 1.0)]])
-0.0996656, -0.0323641, -0.435129
float3(-0.275629, -2.4532, -1.62102)
513791.704990333
normal
simd_float4x4([[-0.129955, -0.95964, -0.249404, 0.0)], [-0.779747, -0.0564612, 0.623543, 0.0)], [-0.612459, 0.275505, -0.740939, 0.0)], [-0.0881098, -0.0350996, -0.423173, 1.0)]])
-0.0881098, -0.0350996, -0.423173
float3(-0.279115, -2.45084, -1.62956)
513791.838308916
normal
simd_float4x4([[-0.124487, -0.958831, -0.255236, 0.0)], [-0.773785, -0.0672066, 0.629874, 0.0)], [-0.621096, 0.275909, -0.733562, 0.0)], [-0.0757729, -0.0371335, -0.412969, 1.0)]])
-0.0757729, -0.0371335, -0.412969
float3(-0.279535, -2.43903, -1.64077)
513791.971627416
normal
simd_float4x4([[-0.126599, -0.960987, -0.245919, 0.0)], [-0.771551, -0.0604179, 0.633292, 0.0)], [-0.623444, 0.269913, -0.733802, 0.0)], [-0.0806387, -0.0499578, -0.436934, 1.0)]])
-0.0806387, -0.0499578, -0.436934
float3(-0.273303, -2.43733, -1.63358)
513792.104945708
normal
simd_float4x4([[-0.132004, -0.960909, -0.24337, 0.0)], [-0.764684, -0.0575099, 0.641834, 0.0)], [-0.63074, 0.270826, -0.7272, 0.0)], [-0.081099, -0.0534438, -0.435372, 1.0)]])
-0.081099, -0.0534438, -0.435372
float3(-0.274251, -2.42711, -1.63057)
513792.238264375
normal
simd_float4x4([[-0.131238, -0.96266, -0.236774, 0.0)], [-0.764937, -0.0535906, 0.641872, 0.0)], [-0.630593, 0.265355, -0.729342, 0.0)], [-0.0865653, -0.049206, -0.442411, 1.0)]])
-0.0865653, -0.049206, -0.442411
float3(-0.268572, -2.42868, -1.62641)
513792.371582833
normal
simd_float4x4([[-0.120586, -0.963232, -0.24009, 0.0)], [-0.767575, -0.062899, 0.637866, 0.0)], [-0.629514, 0.261204, -0.731768, 0.0)], [-0.0918577, -0.0492972, -0.450398, 1.0)]])
-0.0918577, -0.0492972, -0.450398
float3(-0.264269, -2.43117, -1.636)
513792.504901125
normal
simd_float4x4([[-0.113948, -0.963465, -0.242385, 0.0)], [-0.765236, -0.0704757, 0.63988, 0.0)], [-0.633585, 0.258395, -0.729248, 0.0)], [-0.0789885, -0.0542347, -0.445469, 1.0)]])
-0.0789885, -0.0542347, -0.445469
float3(-0.26136, -2.42627, -1.64381)
513792.638219625
normal
simd_float4x4([[-0.119181, -0.965377, -0.23204, 0.0)], [-0.761166, -0.0612222, 0.645661, 0.0)], [-0.637512, 0.253572, -0.727516, 0.0)], [-0.0850551, -0.0542704, -0.445529, 1.0)]])
-0.0850551, -0.0542704, -0.445529
float3(-0.256371, -2.42203, -1.63413)
513792.771538166
normal
simd_float4x4([[-0.11993, -0.965826, -0.229776, 0.0)], [-0.761891, -0.0588491, 0.645026, 0.0)], [-0.636505, 0.252423, -0.728796, 0.0)], [-0.086833, -0.0571307, -0.450721, 1.0)]])
-0.086833, -0.0571307, -0.450721
float3(-0.255183, -2.42369, -1.63165)
513792.90485675
normal
simd_float4x4([[-0.113358, -0.967377, -0.226564, 0.0)], [-0.763868, -0.060963, 0.642487, 0.0)], [-0.63534, 0.245896, -0.732038, 0.0)], [-0.0886963, -0.0540457, -0.455668, 1.0)]])
-0.0886963, -0.0540457, -0.455668
float3(-0.248444, -2.42679, -1.63373)
513793.038175125
normal
simd_float4x4([[-0.114433, -0.967756, -0.224394, 0.0)], [-0.76288, -0.0590792, 0.643835, 0.0)], [-0.636333, 0.244862, -0.731521, 0.0)], [-0.0894377, -0.0547322, -0.448028, 1.0)]])
-0.0894377, -0.0547322, -0.448028
float3(-0.247377, -2.42567, -1.63177)
513793.171493583
normal
simd_float4x4([[-0.110631, -0.970133, -0.215876, 0.0)], [-0.754323, -0.059465, 0.653805, 0.0)], [-0.647115, 0.235171, -0.725215, 0.0)], [-0.0991816, -0.0612949, -0.456123, 1.0)]])
-0.0991816, -0.0612949, -0.456123
float3(-0.237395, -2.41304, -1.63202)
513793.304811958
normal
simd_float4x4([[-0.115418, -0.973019, -0.199781, 0.0)], [-0.74647, -0.0477278, 0.663705, 0.0)], [-0.655333, 0.225734, -0.720821, 0.0)], [-0.106005, -0.0598481, -0.459088, 1.0)]])
-0.106005, -0.0598481, -0.459088
float3(-0.227697, -2.40375, -1.61981)
513793.438130375
normal
simd_float4x4([[-0.110017, -0.972917, -0.203296, 0.0)], [-0.749097, -0.0532687, 0.660315, 0.0)], [-0.653261, 0.224934, -0.722948, 0.0)], [-0.110488, -0.0542825, -0.456946, 1.0)]])
-0.110488, -0.0542825, -0.456946
float3(-0.226876, -2.40679, -1.62549)
513793.571448875
normal
simd_float4x4([[-0.0914775, -0.971015, -0.220821, 0.0)], [-0.757808, -0.0759804, 0.648039, 0.0)], [-0.646033, 0.226621, -0.728892, 0.0)], [-0.1246, -0.0481781, -0.461459, 1.0)]])
-0.1246, -0.0481781, -0.461459
float3(-0.228607, -2.41639, -1.64889)
513793.704767583
normal
simd_float4x4([[-0.0759893, -0.963807, -0.255542, 0.0)], [-0.753303, -0.112416, 0.647995, 0.0)], [-0.65327, 0.241741, -0.717496, 0.0)], [-0.120645, -0.0555685, -0.441436, 1.0)]])
-0.120645, -0.0555685, -0.441436
float3(-0.24416, -2.40301, -1.68691)
513793.838085875
normal
simd_float4x4([[-0.0660203, -0.957672, -0.280189, 0.0)], [-0.749592, -0.137739, 0.64741, 0.0)], [-0.658599, 0.25277, -0.70877, 0.0)], [-0.106717, -0.0655751, -0.439691, 1.0)]])
-0.106717, -0.0655751, -0.439691
float3(-0.255542, -2.39287, -1.71364)
513793.971404458
normal
simd_float4x4([[-0.0815612, -0.951956, -0.295175, 0.0)], [-0.739509, -0.140751, 0.658267, 0.0)], [-0.668187, 0.271974, -0.6925, 0.0)], [-0.107507, -0.0696517, -0.441076, 1.0)]])
-0.107507, -0.0696517, -0.441076
float3(-0.275443, -2.37406, -1.71759)
513794.104722916
normal
simd_float4x4([[-0.0856408, -0.952707, -0.291575, 0.0)], [-0.725149, -0.141087, 0.673983, 0.0)], [-0.683245, 0.269156, -0.678772, 0.0)], [-0.115392, -0.0634674, -0.445949, 1.0)]])
-0.115392, -0.0634674, -0.445949
float3(-0.272516, -2.35291, -1.71782)
513794.238041208
normal
simd_float4x4([[-0.0754673, -0.956162, -0.282946, 0.0)], [-0.720074, -0.144031, 0.678785, 0.0)], [-0.689781, 0.254968, -0.677638, 0.0)], [-0.111715, -0.0638887, -0.453765, 1.0)]])
-0.111715, -0.0638887, -0.453765
float3(-0.257814, -2.34731, -1.72031)
513794.371359833
normal
simd_float4x4([[-0.0622897, -0.958684, -0.277569, 0.0)], [-0.723159, -0.148322, 0.674568, 0.0)], [-0.687867, 0.242745, -0.684042, 0.0)], [-0.123683, -0.0581168, -0.458948, 1.0)]])
-0.123683, -0.0581168, -0.458948
float3(-0.245194, -2.35341, -1.72429)
513794.504678166
normal
simd_float4x4([[-0.0594987, -0.959817, -0.274247, 0.0)], [-0.72876, -0.145985, 0.669027, 0.0)], [-0.682179, 0.239667, -0.690791, 0.0)], [-0.132618, -0.0538015, -0.458048, 1.0)]])
-0.132618, -0.0538015, -0.458048
float3(-0.242023, -2.36247, -1.72174)
513794.637996708
normal
simd_float4x4([[-0.0610162, -0.961463, -0.268077, 0.0)], [-0.738415, -0.137227, 0.660236, 0.0)], [-0.671581, 0.238237, -0.701586, 0.0)], [-0.130825, -0.0537196, -0.45926, 1.0)]])
-0.130825, -0.0537196, -0.45926
float3(-0.24055, -2.37804, -1.71257)
513794.771315166
normal
simd_float4x4([[-0.0666156, -0.962754, -0.262042, 0.0)], [-0.742823, -0.127489, 0.657237, 0.0)], [-0.666166, 0.238433, -0.706663, 0.0)], [-0.122921, -0.0609929, -0.456807, 1.0)]])
-0.122921, -0.0609929, -0.456807
float3(-0.240752, -2.38569, -1.70245)
513794.904633791
normal
simd_float4x4([[-0.0756214, -0.961574, -0.263926, 0.0)], [-0.74456, -0.121606, 0.656386, 0.0)], [-0.663259, 0.246146, -0.706753, 0.0)], [-0.130136, -0.0577762, -0.456209, 1.0)]])
-0.130136, -0.0577762, -0.456209
float3(-0.248702, -2.38793, -1.69659)
513795.037952083
normal
simd_float4x4([[-0.0771883, -0.962635, -0.259568, 0.0)], [-0.744726, -0.117429, 0.656958, 0.0)], [-0.662892, 0.244016, -0.707835, 0.0)], [-0.124383, -0.0577231, -0.458856, 1.0)]])
-0.124383, -0.0577231, -0.458856
float3(-0.246505, -2.38897, -1.69218)
513795.171270625
normal
simd_float4x4([[-0.0781748, -0.962608, -0.259372, 0.0)], [-0.744287, -0.116738, 0.657578, 0.0)], [-0.663269, 0.244453, -0.707331, 0.0)], [-0.12275, -0.0592647, -0.454292, 1.0)]])
-0.12275, -0.0592647, -0.454292
float3(-0.246956, -2.38833, -1.69148)
513795.304589
normal
simd_float4x4([[-0.0771144, -0.963492, -0.256391, 0.0)], [-0.740325, -0.116911, 0.662005, 0.0)], [-0.667812, 0.240863, -0.704282, 0.0)], [-0.125614, -0.0552299, -0.452246, 1.0)]])
-0.125614, -0.0552299, -0.452246
float3(-0.243255, -2.38277, -1.69155)
513795.437907458
normal
simd_float4x4([[-0.0824019, -0.965606, -0.246608, 0.0)], [-0.745535, -0.104484, 0.658226, 0.0)], [-0.661353, 0.238094, -0.711283, 0.0)], [-0.131445, -0.0515814, -0.461723, 1.0)]])
-0.131445, -0.0515814, -0.461723
float3(-0.240403, -2.39255, -1.67858)
513795.571226083
normal
simd_float4x4([[-0.0754057, -0.96555, -0.249051, 0.0)], [-0.743314, -0.112057, 0.65949, 0.0)], [-0.664679, 0.234853, -0.709258, 0.0)], [-0.135761, -0.0472237, -0.458964, 1.0)]])
-0.135761, -0.0472237, -0.458964
float3(-0.237067, -2.38863, -1.68633)
513795.704544583
normal
simd_float4x4([[-0.0651297, -0.968123, -0.241861, 0.0)], [-0.735088, -0.117364, 0.667736, 0.0)], [-0.674836, 0.221278, -0.704012, 0.0)], [-0.127241, -0.0476546, -0.456187, 1.0)]])
-0.127241, -0.0476546, -0.456187
float3(-0.223125, -2.37735, -1.69144)
513795.837863083
normal
simd_float4x4([[-0.0546563, -0.967921, -0.245236, 0.0)], [-0.730263, -0.128751, 0.670924, 0.0)], [-0.680976, 0.215757, -0.6998, 0.0)], [-0.127901, -0.0509311, -0.45313, 1.0)]])
-0.127901, -0.0509311, -0.45313
float3(-0.217467, -2.36983, -1.70304)
513795.971181375
normal
simd_float4x4([[-0.0465456, -0.965367, -0.256709, 0.0)], [-0.734484, -0.141102, 0.663794, 0.0)], [-0.677027, 0.219445, -0.70248, 0.0)], [-0.137489, -0.0499491, -0.453889, 1.0)]])
-0.137489, -0.0499491, -0.453889
float3(-0.221246, -2.37464, -1.71593)
513796.104499875
normal
simd_float4x4([[-0.0411218, -0.969119, -0.243141, 0.0)], [-0.733953, -0.135819, 0.665482, 0.0)], [-0.677954, 0.20582, -0.705703, 0.0)], [-0.151074, -0.0422705, -0.444841, 1.0)]])
-0.151074, -0.0422705, -0.444841
float3(-0.207302, -2.37625, -1.71004)
513796.237818208
normal
simd_float4x4([[-0.0242895, -0.973305, -0.228225, 0.0)], [-0.74264, -0.135263, 0.655888, 0.0)], [-0.66925, 0.18542, -0.71953, 0.0)], [-0.157725, -0.0370606, -0.447494, 1.0)]])
-0.157725, -0.0370606, -0.447494
float3(-0.1865, -2.39238, -1.70888)
513796.371136875
normal
simd_float4x4([[-0.0102228, -0.974628, -0.223598, 0.0)], [-0.748471, -0.140823, 0.648043, 0.0)], [-0.663088, 0.173982, -0.728041, 0.0)], [-0.162294, -0.0388742, -0.438107, 1.0)]])
-0.162294, -0.0388742, -0.438107
float3(-0.174872, -2.40285, -1.71429)
513796.504455333
normal
simd_float4x4([[-0.0106124, -0.973245, -0.229527, 0.0)], [-0.755095, -0.142679, 0.639902, 0.0)], [-0.65553, 0.180105, -0.733378, 0.0)], [-0.163715, -0.0342285, -0.445094, 1.0)]])
-0.163715, -0.0342285, -0.445094
float3(-0.181093, -2.41219, -1.71636)
513796.637773833
normal
simd_float4x4([[-0.0187534, -0.97345, -0.228131, 0.0)], [-0.752235, -0.136569, 0.644586, 0.0)], [-0.658628, 0.183697, -0.729702, 0.0)], [-0.167285, -0.0330949, -0.429733, 1.0)]])
-0.167285, -0.0330949, -0.429733
float3(-0.184746, -2.40734, -1.71018)
513796.77109225
normal
simd_float4x4([[-0.0377801, -0.969729, -0.241243, 0.0)], [-0.748773, -0.132399, 0.649469, 0.0)], [-0.661749, 0.205173, -0.721105, 0.0)], [-0.18623, -0.0315368, -0.432143, 1.0)]])
-0.18623, -0.0315368, -0.432143
float3(-0.20664, -2.39909, -1.70649)
513796.90441075
normal
simd_float4x4([[-0.049814, -0.959882, -0.275944, 0.0)], [-0.742165, -0.149314, 0.653372, 0.0)], [-0.668363, 0.237343, -0.704953, 0.0)], [-0.185156, -0.0135747, -0.449922, 1.0)]])
-0.185156, -0.0135747, -0.449922
float3(-0.23963, -2.38283, -1.72511)
513797.037729166
normal
simd_float4x4([[-0.0631307, -0.956034, -0.28638, 0.0)], [-0.718313, -0.155685, 0.678077, 0.0)], [-0.69285, 0.248518, -0.676903, 0.0)], [-0.175643, -0.0180248, -0.447973, 1.0)]])
-0.175643, -0.0180248, -0.447973
