ARKit Data
514113.374639875
normal
simd_float4x4([[0.824952, 0.500154, 0.26325, 0.0)], [0.381963, -0.836645, 0.392593, 0.0)], [0.416604, -0.223319, -0.881232, 0.0)], [1.63306, -0.793888, -0.51602, 1.0)]])
1.63306, -0.793888, -0.51602
float3(0.225218, 2.69998, 2.60279)
514113.7530975
notAvailable
simd_float4x4([[1.0, 0.0, 0.0, 0.0)], [0.0, 1.0, 0.0, 0.0)], [0.0, 0.0, 1.0, 0.0)], [0.0, 0.0, 0.0, 1.0)]])
0.0, 0.0, 0.0
float3(-0.0, 0.0, 0.0)
514113.869751125
limited(__ObjC.ARCamera.TrackingState.Reason.initializing)
simd_float4x4([[-0.857817, 0.505191, 0.0945104, 0.0)], [-0.513955, -0.843189, -0.157742, 0.0)], [3.72393e-08, -0.183888, 0.982947, 0.0)], [0.0, 0.0, 0.0, 1.0)]])
0.0, 0.0, 0.0
float3(0.184941, 3.78853e-08, 2.6018)
514114.003069583
limited(__ObjC.ARCamera.TrackingState.Reason.initializing)
simd_float4x4([[-0.858314, 0.504493, 0.0937211, 0.0)], [-0.513123, -0.843385, -0.159395, 0.0)], [-0.00137093, -0.184902, 0.982756, 0.0)], [0.0, 0.0, 0.0, 1.0)]])
0.0, 0.0, 0.0
float3(0.185972, -0.00139498, 2.60251)
514114.136387833
limited(__ObjC.ARCamera.TrackingState.Reason.initializing)
simd_float4x4([[-0.857662, 0.505471, 0.0944148, 0.0)], [-0.514212, -0.842768, -0.159145, 0.0)], [-0.000873454, -0.185042, 0.98273, 0.0)], [0.0, 0.0, 0.0, 1.0)]])
0.0, 0.0, 0.0
float3(0.186115, -0.000888803, 2.60134)
514114.269706375
limited(__ObjC.ARCamera.TrackingState.Reason.initializing)
simd_float4x4([[-0.857066, 0.505869, 0.0976394, 0.0)], [-0.515205, -0.841986, -0.160072, 0.0)], [0.00123544, -0.187497, 0.982264, 0.0)], [0.0, 0.0, 0.0, 1.0)]])
0.0, 0.0, 0.0
float3(0.188613, 0.00125775, 2.60058)
514114.403024666
limited(__ObjC.ARCamera.TrackingState.Reason.initializing)
simd_float4x4([[-0.857599, 0.504606, 0.0994856, 0.0)], [-0.514314, -0.842302, -0.161273, 0.0)], [0.00241777, -0.189474, 0.981883, 0.0)], [0.0, 0.0, 0.0, 1.0)]])
0.0, 0.0, 0.0
float3(0.190627, 0.00246238, 2.60185)
514114.536343125
limited(__ObjC.ARCamera.TrackingState.Reason.initializing)
simd_float4x4([[-0.858163, 0.503542, 0.100007, 0.0)], [-0.513373, -0.842453, -0.163469, 0.0)], [0.00193796, -0.191624, 0.981467, 0.0)], [0.0, 0.0, 0.0, 1.0)]])
0.0, 0.0, 0.0
float3(0.192816, 0.00197455, 2.60286)
514114.669661625
limited(__ObjC.ARCamera.TrackingState.Reason.initializing)
simd_float4x4([[-0.858652, 0.502717, 0.0999596, 0.0)], [-0.512558, -0.842564, -0.165439, 0.0)], [0.00105349, -0.193289, 0.981141, 0.0)], [0.0, 0.0, 0.0, 1.0)]])
0.0, 0.0, 0.0
float3(0.194514, 0.00107374, 2.60364)
514114.80298
limited(__ObjC.ARCamera.TrackingState.Reason.initializing)
simd_float4x4([[-0.859186, 0.502023, 0.0988534, 0.0)], [-0.511663, -0.842775, -0.167124, 0.0)], [-0.000588834, -0.19417, 0.980967, 0.0)], [0.0, 0.0, 0.0, 1.0)]])
0.0, 0.0, 0.0
float3(0.195411, -0.000600258, 2.60436)
514114.936298458
limited(__ObjC.ARCamera.TrackingState.Reason.initializing)
simd_float4x4([[-0.859898, 0.500853, 0.0986011, 0.0)], [-0.510466, -0.843372, -0.167772, 0.0)], [-0.000871853, -0.1946, 0.980882, 0.0)], [0.0, 0.0, 0.0, 1.0)]])
0.0, 0.0, 0.0
float3(0.195849, -0.000888846, 2.60569)
514115.069616833
limited(__ObjC.ARCamera.TrackingState.Reason.initializing)
simd_float4x4([[-0.860717, 0.499399, 0.0988309, 0.0)], [-0.509083, -0.843917, -0.16923, 0.0)], [-0.00110803, -0.195972, 0.980609, 0.0)], [0.0, 0.0, 0.0, 1.0)]])
0.0, 0.0, 0.0
float3(0.197248, -0.00112994, 2.60725)
514115.202935208
limited(__ObjC.ARCamera.TrackingState.Reason.initializing)
simd_float4x4([[-0.861257, 0.498405, 0.0991341, 0.0)], [-0.508167, -0.844233, -0.170399, 0.0)], [-0.00123522, -0.197134, 0.980375, 0.0)], [0.0, 0.0, 0.0, 1.0)]])
0.0, 0.0, 0.0
float3(0.198433, -0.00125994, 2.60829)
514115.336253625
limited(__ObjC.ARCamera.TrackingState.Reason.initializing)
simd_float4x4([[-0.86126, 0.49835, 0.0993928, 0.0)], [-0.508164, -0.84423, -0.170426, 0.0)], [-0.00102127, -0.197288, 0.980345, 0.0)], [0.0, 0.0, 0.0, 1.0)]])
0.0, 0.0, 0.0
float3(0.198591, -0.00104174, 2.60834)
514115.469572
limited(__ObjC.ARCamera.TrackingState.Reason.initializing)
simd_float4x4([[-0.86074, 0.499203, 0.0996164, 0.0)], [-0.509045, -0.844004, -0.168911, 0.0)], [-0.000244451, -0.196098, 0.980584, 0.0)], [0.0, 0.0, 0.0, 1.0)]])
0.0, 0.0, 0.0
float3(0.197377, -0.000249291, 2.60747)
514115.602890458
limited(__ObjC.ARCamera.TrackingState.Reason.initializing)
simd_float4x4([[-0.860422, 0.499763, 0.0995468, 0.0)], [-0.509581, -0.844128, -0.166659, 0.0)], [0.000740318, -0.194124, 0.980977, 0.0)], [0.0, 0.0, 0.0, 1.0)]])
0.0, 0.0, 0.0
float3(0.195364, 0.000754674, 2.60704)
514115.736209083
limited(__ObjC.ARCamera.TrackingState.Reason.initializing)
simd_float4x4([[-0.859962, 0.500708, 0.0987719, 0.0)], [-0.510357, -0.84401, -0.164871, 0.0)], [0.000812238, -0.192192, 0.981357, 0.0)], [0.0, 0.0, 0.0, 1.0)]])
0.0, 0.0, 0.0
float3(0.193395, 0.000827669, 2.60615)
514115.869527333
limited(__ObjC.ARCamera.TrackingState.Reason.initializing)
simd_float4x4([[-0.859319, 0.501928, 0.09818, 0.0)], [-0.511438, -0.843815, -0.162505, 0.0)], [0.00128001, -0.189857, 0.981811, 0.0)], [0.0, 0.0, 0.0, 1.0)]])
0.0, 0.0, 0.0
float3(0.191016, 0.00130372, 2.60498)
514116.002845666
limited(__ObjC.ARCamera.TrackingState.Reason.initializing)
simd_float4x4([[-0.858509, 0.503383, 0.0978152, 0.0)], [-0.512797, -0.843279, -0.160994, 0.0)], [0.00144365, -0.188374, 0.982096, 0.0)], [0.0, 0.0, 0.0, 1.0)]])
0.0, 0.0, 0.0
float3(0.189507, 0.00146997, 2.60343)
514116.136164125
limited(__ObjC.ARCamera.TrackingState.Reason.initializing)
simd_float4x4([[-0.857865, 0.504592, 0.0972306, 0.0)], [-0.513873, -0.842888, -0.159605, 0.0)], [0.00141907, -0.186884, 0.98238, 0.0)], [0.0, 0.0, 0.0, 1.0)]])
0.0, 0.0, 0.0
float3(0.187989, 0.00144452, 2.60217)
514116.269482583
limited(__ObjC.ARCamera.TrackingState.Reason.initializing)
simd_float4x4([[-0.857697, 0.50514, 0.0958588, 0.0)], [-0.514154, -0.843014, -0.158022, 0.0)], [0.000987223, -0.184821, 0.982771, 0.0)], [0.0, 0.0, 0.0, 1.0)]])
0.0, 0.0, 0.0
float3(0.18589, 0.00100453, 2.60176)
514116.402801
limited(__ObjC.ARCamera.TrackingState.Reason.initializing)
simd_float4x4([[-0.857312, 0.505694, 0.0963797, 0.0)], [-0.514793, -0.842891, -0.156595, 0.0)], [0.00204854, -0.183866, 0.982948, 0.0)], [0.0, 0.0, 0.0, 1.0)]])
0.0, 0.0, 0.0
float3(0.184918, 0.00208408, 2.60121)
514116.536119583
limited(__ObjC.ARCamera.TrackingState.Reason.initializing)
simd_float4x4([[-0.856681, 0.506568, 0.0973991, 0.0)], [-0.515836, -0.842473, -0.155408, 0.0)], [0.00333152, -0.183377, 0.983036, 0.0)], [0.0, 0.0, 0.0, 1.0)]])
0.0, 0.0, 0.0
float3(0.18442, 0.003389, 2.60023)
514116.669437916
limited(__ObjC.ARCamera.TrackingState.Reason.initializing)
simd_float4x4([[-0.856547, 0.506534, 0.0987396, 0.0)], [-0.516047, -0.842429, -0.154947, 0.0)], [0.00469507, -0.183674, 0.982976, 0.0)], [0.0, 0.0, 0.0, 1.0)]])
0.0, 0.0, 0.0
float3(0.184723, 0.00477635, 2.60023)
514116.802756208
limited(__ObjC.ARCamera.TrackingState.Reason.initializing)
simd_float4x4([[-0.856714, 0.506253, 0.098731, 0.0)], [-0.515777, -0.842248, -0.156816, 0.0)], [0.0037672, -0.18527, 0.98268, 0.0)], [0.0, 0.0, 0.0, 1.0)]])
0.0, 0.0, 0.0
float3(0.186347, 0.00383358, 2.60038)
514116.936074666
limited(__ObjC.ARCamera.TrackingState.Reason.initializing)
simd_float4x4([[-0.856642, 0.506291, 0.0991684, 0.0)], [-0.515903, -0.841797, -0.158812, 0.0)], [0.00307436, -0.187207, 0.982315, 0.0)], [0.0, 0.0, 0.0, 1.0)]])
0.0, 0.0, 0.0
float3(0.188318, 0.0031297, 2.60011)
514117.069393166
limited(__ObjC.ARCamera.TrackingState.Reason.initializing)
simd_float4x4([[-0.856276, 0.506659, 0.10044, 0.0)], [-0.516505, -0.841317, -0.159398, 0.0)], [0.00374203, -0.188366, 0.982091, 0.0)], [0.0, 0.0, 0.0, 1.0)]])
0.0, 0.0, 0.0
float3(0.189498, 0.00381025, 2.59954)
514117.202711583
limited(__ObjC.ARCamera.TrackingState.Reason.initializing)
simd_float4x4([[-0.855648, 0.507433, 0.101877, 0.0)], [-0.517536, -0.840728, -0.159163, 0.0)], [0.00488594, -0.188913, 0.981982, 0.0)], [0.0, 0.0, 0.0, 1.0)]])
0.0, 0.0, 0.0
float3(0.190055, 0.00497555, 2.59856)
514117.336030041
limited(__ObjC.ARCamera.TrackingState.Reason.initializing)
simd_float4x4([[-0.855327, 0.507805, 0.102714, 0.0)], [-0.518054, -0.840582, -0.158247, 0.0)], [0.00598127, -0.188565, 0.982042, 0.0)], [0.0, 0.0, 0.0, 1.0)]])
0.0, 0.0, 0.0
float3(0.1897, 0.00609057, 2.59816)
514117.469348416
limited(__ObjC.ARCamera.TrackingState.Reason.initializing)
simd_float4x4([[-0.85531, 0.507762, 0.103066, 0.0)], [-0.518078, -0.840607, -0.158036, 0.0)], [0.00639315, -0.188566, 0.982039, 0.0)], [0.0, 0.0, 0.0, 1.0)]])
0.0, 0.0, 0.0
float3(0.189702, 0.00650998, 2.59821)
514117.602666916
limited(__ObjC.ARCamera.TrackingState.Reason.initializing)
simd_float4x4([[-0.855503, 0.507354, 0.103474, 0.0)], [-0.517751, -0.840863, -0.157741, 0.0)], [0.00697673, -0.188521, 0.982044, 0.0)], [0.0, 0.0, 0.0, 1.0)]])
0.0, 0.0, 0.0
float3(0.189656, 0.00710418, 2.5987)
514117.735985291
normal
simd_float4x4([[-0.859526, 0.499276, 0.109258, 0.0)], [-0.511039, -0.842619, -0.169799, 0.0)], [0.00728592, -0.201782, 0.979403, 0.0)], [-2.06977e-05, 4.73894e-05, -3.80585e-05, 1.0)]])
-2.06977e-05, 4.73894e-05, -3.80585e-05
float3(0.203177, 0.00743901, 2.60668)
514117.869303625
normal
simd_float4x4([[-0.859533, 0.49912, 0.109918, 0.0)], [-0.511022, -0.842564, -0.170122, 0.0)], [0.00770149, -0.202396, 0.979273, 0.0)], [-0.00026913, 4.40143e-05, -7.53989e-05, 1.0)]])
-0.00026913, 4.40143e-05, -7.53989e-05
float3(0.203804, 0.00786433, 2.60679)
514118.002622
normal
simd_float4x4([[-0.859506, 0.499054, 0.110425, 0.0)], [-0.511056, -0.842637, -0.169657, 0.0)], [0.00837987, -0.202255, 0.979297, 0.0)], [-0.000325166, 0.000204351, -0.00021197, 1.0)]])
-0.000325166, 0.000204351, -0.00021197
float3(0.203659, 0.00855681, 2.60689)
514118.135940541
normal
simd_float4x4([[-0.859656, 0.498683, 0.110939, 0.0)], [-0.510786, -0.843029, -0.168521, 0.0)], [0.00948592, -0.201536, 0.979435, 0.0)], [-0.000751346, 0.000303429, 0.000109824, 1.0)]])
-0.000751346, 0.000303429, 0.000109824
float3(0.202926, 0.00968479, 2.60742)
514118.269258958
normal
simd_float4x4([[-0.859202, 0.499173, 0.112246, 0.0)], [-0.511504, -0.843054, -0.1662, 0.0)], [0.0116669, -0.200214, 0.979683, 0.0)], [-0.00103067, 0.000186216, 0.000558048, 1.0)]])
-0.00103067, 0.000186216, 0.000558048
float3(0.201576, 0.0119083, 2.607)
514118.402577458
normal
simd_float4x4([[-0.85767, 0.500416, 0.11826, 0.0)], [-0.513765, -0.843433, -0.157053, 0.0)], [0.021153, -0.195458, 0.980484, 0.0)], [-0.000410478, 0.00014642, 0.000100107, 1.0)]])
-0.000410478, 0.00014642, 0.000100107
float3(0.196724, 0.0215707, 2.60611)
514118.53589575
normal
simd_float4x4([[-0.848877, 0.516897, 0.110565, 0.0)], [-0.528203, -0.83749, -0.140041, 0.0)], [0.02021, -0.177278, 0.983953, 0.0)], [9.18174e-05, -0.000757745, 0.00184429, 1.0)]])
9.18174e-05, -0.000757745, 0.00184429
float3(0.17822, 0.0205367, 2.58862)
514118.669214166
normal
simd_float4x4([[-0.834772, 0.534119, 0.133687, 0.0)], [-0.547804, -0.830103, -0.104109, 0.0)], [0.0553677, -0.160142, 0.98554, 0.0)], [-0.00159624, -0.000521022, 0.000867307, 1.0)]])
-0.00159624, -0.000521022, 0.000867307
float3(0.160834, 0.056121, 2.56985)
514118.802532625
normal
simd_float4x4([[-0.81451, 0.545838, 0.196556, 0.0)], [-0.564974, -0.823277, -0.0549483, 0.0)], [0.131827, -0.155805, 0.978952, 0.0)], [-0.00922225, 0.00189658, -0.00253007, 1.0)]])
-0.00922225, 0.00189658, -0.00253007
float3(0.156442, 0.133857, 2.55613)
514118.935851083
normal
simd_float4x4([[-0.794476, 0.556823, 0.242396, 0.0)], [-0.577304, -0.816355, -0.0168712, 0.0)], [0.188487, -0.15334, 0.970031, 0.0)], [-0.0132379, 0.00241718, -0.00663641, 1.0)]])
-0.0132379, 0.00241718, -0.00663641
float3(0.153947, 0.191919, 2.54299)
514119.069169583
normal
simd_float4x4([[-0.780172, 0.569263, 0.259369, 0.0)], [-0.585017, -0.81078, 0.0197917, 0.0)], [0.221558, -0.136294, 0.965576, 0.0)], [-0.0131771, 0.00360702, -0.00917394, 1.0)]])
-0.0131771, 0.00360702, -0.00917394
float3(0.13672, 0.225552, 2.52945)
514119.202487916
normal
simd_float4x4([[-0.777755, 0.578355, 0.246175, 0.0)], [-0.585211, -0.809198, 0.0522118, 0.0)], [0.229401, -0.103456, 0.967818, 0.0)], [-0.0117755, 0.00524836, -0.0118415, 1.0)]])
-0.0117755, 0.00524836, -0.0118415
float3(0.103641, 0.232734, 2.52105)
514119.335806458
normal
simd_float4x4([[-0.774625, 0.582075, 0.247274, 0.0)], [-0.582958, -0.808784, 0.0776446, 0.0)], [0.245186, -0.0840048, 0.96583, 0.0)], [-0.0110098, 0.00745761, -0.0144217, 1.0)]])
-0.0110098, 0.00745761, -0.0144217
float3(0.0841039, 0.248609, 2.51777)
514119.469124708
normal
simd_float4x4([[-0.76765, 0.585889, 0.259705, 0.0)], [-0.586016, -0.805764, 0.085608, 0.0)], [0.259418, -0.0864745, 0.961886, 0.0)], [-0.0138672, 0.0114987, -0.0183911, 1.0)]])
-0.0138672, 0.0114987, -0.0183911
float3(0.0865826, 0.26343, 2.51289)
514119.60244325
normal
simd_float4x4([[-0.757336, 0.586531, 0.287096, 0.0)], [-0.588782, -0.803456, 0.0882846, 0.0)], [0.28245, -0.102176, 0.953825, 0.0)], [-0.0198483, 0.0146775, -0.0218357, 1.0)]])
-0.0198483, 0.0146775, -0.0218357
float3(0.102354, 0.287897, 2.51101)
514119.73576175
normal
simd_float4x4([[-0.749363, 0.582103, 0.315611, 0.0)], [-0.588441, -0.803986, 0.0856972, 0.0)], [0.303632, -0.1215, 0.945011, 0.0)], [-0.0233214, 0.0177436, -0.0216431, 1.0)]])
-0.0233214, 0.0177436, -0.0216431
float3(0.121801, 0.310882, 2.51493)
514119.869080125
normal
simd_float4x4([[-0.753435, 0.571096, 0.325862, 0.0)], [-0.581896, -0.809892, 0.0739751, 0.0)], [0.30616, -0.133882, 0.942519, 0.0)], [-0.0238649, 0.0211477, -0.0229904, 1.0)]])
-0.0238649, 0.0211477, -0.0229904
float3(0.134285, 0.314079, 2.52742)
514120.002398666
normal
simd_float4x4([[-0.75985, 0.560492, 0.329359, 0.0)], [-0.575457, -0.815602, 0.0603518, 0.0)], [0.302453, -0.143674, 0.942274, 0.0)], [-0.0276313, 0.0195522, -0.0202316, 1.0)]])
-0.0276313, 0.0195522, -0.0202316
float3(0.144172, 0.310593, 2.5395)
514120.135717083
normal
simd_float4x4([[-0.764018, 0.555047, 0.328936, 0.0)], [-0.570237, -0.819416, 0.0581982, 0.0)], [0.301838, -0.143107, 0.942557, 0.0)], [-0.0267797, 0.0184155, -0.0172439, 1.0)]])
-0.0267797, 0.0184155, -0.0172439
float3(0.1436, 0.309915, 2.54622)
514120.2690355
normal
simd_float4x4([[-0.763842, 0.556348, 0.327143, 0.0)], [-0.571685, -0.818483, 0.0571143, 0.0)], [0.299536, -0.143397, 0.943247, 0.0)], [-0.0271796, 0.0168804, -0.0129262, 1.0)]])
-0.0271796, 0.0168804, -0.0129262
float3(0.143893, 0.307487, 2.5446)
514120.402353833
normal
simd_float4x4([[-0.75974, 0.561541, 0.327821, 0.0)], [-0.574949, -0.81563, 0.0646629, 0.0)], [0.303691, -0.139353, 0.942524, 0.0)], [-0.0261992, 0.0141552, -0.00973659, 1.0)]])
-0.0261992, 0.0141552, -0.00973659
float3(0.139808, 0.311707, 2.53864)
514120.535672291
normal
simd_float4x4([[-0.754329, 0.570679, 0.32452, 0.0)], [-0.579701, -0.811018, 0.0787202, 0.0)], [0.308116, -0.128744, 0.942597, 0.0)], [-0.0244472, 0.0132662, -0.00884685, 1.0)]])
-0.0244472, 0.0132662, -0.00884685
float3(0.129102, 0.315931, 2.52842)
514120.668990625
normal
simd_float4x4([[-0.74418, 0.583971, 0.324305, 0.0)], [-0.590439, -0.802108, 0.0894694, 0.0)], [0.312375, -0.124901, 0.941712, 0.0)], [-0.0214022, 0.0123326, -0.00866158, 1.0)]])
-0.0214022, 0.0123326, -0.00866158
float3(0.125228, 0.320289, 2.51229)
514120.802309083
normal
simd_float4x4([[-0.73416, 0.599005, 0.319691, 0.0)], [-0.602438, -0.79185, 0.100209, 0.0)], [0.313173, -0.119025, 0.942208, 0.0)], [-0.01532, 0.0106835, -0.00634494, 1.0)]])
-0.01532, 0.0106835, -0.00634494
float3(0.119308, 0.320894, 2.49397)
514120.935627541
normal
simd_float4x4([[-0.727622, 0.609504, 0.314756, 0.0)], [-0.612242, -0.783963, 0.102771, 0.0)], [0.309396, -0.117929, 0.943593, 0.0)], [-0.0067616, 0.00912679, -0.00467197, 1.0)]])
-0.0067616, 0.00912679, -0.00467197
float3(0.118204, 0.316845, 2.48074)
514121.068946
normal
simd_float4x4([[-0.723769, 0.613861, 0.315171, 0.0)], [-0.61826, -0.779727, 0.0988913, 0.0)], [0.306453, -0.123283, 0.943868, 0.0)], [0.00390145, 0.00930942, -0.00428653, 1.0)]])
0.00390145, 0.00930942, -0.00428653
float3(0.123598, 0.313941, 2.47466)
514121.202264333
normal
simd_float4x4([[-0.720378, 0.611406, 0.327474, 0.0)], [-0.618175, -0.780084, 0.096583, 0.0)], [0.314508, -0.13286, 0.939911, 0.0)], [0.0136003, 0.0099932, -0.00600489, 1.0)]])
0.0136003, 0.0099932, -0.00600489
float3(0.133254, 0.322904, 2.47683)
514121.335582791
normal
simd_float4x4([[-0.714278, 0.61342, 0.336931, 0.0)], [-0.617748, -0.778866, 0.108415, 0.0)], [0.328929, -0.1307, 0.935266, 0.0)], [0.0179441, 0.00997509, -0.00899983, 1.0)]])
0.0179441, 0.00997509, -0.00899983
float3(0.131075, 0.338184, 2.47447)
514121.468901208
normal
simd_float4x4([[-0.712622, 0.610701, 0.345272, 0.0)], [-0.615568, -0.780394, 0.109827, 0.0)], [0.33652, -0.134273, 0.932054, 0.0)], [0.0197469, 0.00990879, -0.00931836, 1.0)]])
0.0197469, 0.00990879, -0.00931836
float3(0.13468, 0.346487, 2.47758)
514121.602219666
normal
simd_float4x4([[-0.712191, 0.609401, 0.348447, 0.0)], [-0.61307, -0.78174, 0.114135, 0.0)], [0.341949, -0.132337, 0.930354, 0.0)], [0.0201593, 0.0103419, -0.0103243, 1.0)]])
0.0201593, 0.0103419, -0.0103243
float3(0.132726, 0.35222, 2.47945)
514121.735538166
normal
simd_float4x4([[-0.710785, 0.613139, 0.34474, 0.0)], [-0.611774, -0.780734, 0.127224, 0.0)], [0.347156, -0.120474, 0.930037, 0.0)], [0.0203894, 0.00945985, -0.00805714, 1.0)]])
0.0203894, 0.00945985, -0.00805714
float3(0.120767, 0.357254, 2.47586)
514121.8688565
normal
simd_float4x4([[-0.704207, 0.617124, 0.351071, 0.0)], [-0.606996, -0.779799, 0.153194, 0.0)], [0.368305, -0.105219, 0.923732, 0.0)], [0.0209398, 0.00655876, -0.00528881, 1.0)]])
0.0209398, 0.00655876, -0.00528881
float3(0.105414, 0.379397, 2.47213)
514122.002175125
normal
simd_float4x4([[-0.696066, 0.615955, 0.368904, 0.0)], [-0.602056, -0.780684, 0.167511, 0.0)], [0.391177, -0.105502, 0.914248, 0.0)], [0.0199928, 0.0026517, -0.00407562, 1.0)]])
0.0199928, 0.0026517, -0.00407562
float3(0.105699, 0.404297, 2.4736)
514122.135493416
normal
simd_float4x4([[-0.696986, 0.606256, 0.382968, 0.0)], [-0.587829, -0.788918, 0.17907, 0.0)], [0.410692, -0.10031, 0.906239, 0.0)], [0.0143988, -5.81093e-05, -0.00244023, 1.0)]])
0.0143988, -5.81093e-05, -0.00244023
float3(0.100479, 0.425498, 2.48638)
514122.26881175
normal
simd_float4x4([[-0.717865, 0.583101, 0.380346, 0.0)], [-0.565109, -0.807138, 0.170822, 0.0)], [0.406598, -0.0923096, 0.908932, 0.0)], [0.00492156, 0.0035728, -0.00132225, 1.0)]])
0.00492156, 0.0035728, -0.00132225
float3(0.0924412, 0.420637, 2.51597)
514122.402130291
normal
simd_float4x4([[-0.762396, 0.531441, 0.369218, 0.0)], [-0.521097, -0.842488, 0.136642, 0.0)], [0.383679, -0.0882235, 0.919242, 0.0)], [-0.00793239, 0.00821239, -0.00287265, 1.0)]])
-0.00793239, 0.00821239, -0.00287265
float3(0.0883383, 0.395404, 2.57883)
514122.535448625
normal
simd_float4x4([[-0.814316, 0.47626, 0.331761, 0.0)], [-0.469139, -0.876627, 0.106932, 0.0)], [0.341758, -0.0685654, 0.937284, 0.0)], [-0.0213332, 0.00914208, 0.00181345, 1.0)]])
-0.0213332, 0.00914208, 0.00181345
float3(0.0686192, 0.349644, 2.64392)
514122.668767041
normal
simd_float4x4([[-0.861479, 0.418248, 0.287962, 0.0)], [-0.411444, -0.907284, 0.0868846, 0.0)], [0.297603, -0.0436311, 0.953692, 0.0)], [-0.035444, 0.00508512, 0.00735951, 1.0)]])
-0.035444, 0.00508512, 0.00735951
float3(0.043645, 0.302478, 2.70964)
514122.802085625
normal
simd_float4x4([[-0.894032, 0.364698, 0.260195, 0.0)], [-0.348749, -0.931114, 0.106775, 0.0)], [0.281212, 0.00471748, 0.959634, 0.0)], [-0.0535944, 0.00126112, 0.0124852, 1.0)]])
-0.0535944, 0.00126112, 0.0124852
float3(-0.00471749, 0.28506, 2.76828)
514122.935403916
normal
simd_float4x4([[-0.912547, 0.329897, 0.241716, 0.0)], [-0.305498, -0.942801, 0.133409, 0.0)], [0.271901, 0.0478979, 0.961132, 0.0)], [-0.0667211, -0.00299459, 0.0153481, 1.0)]])
-0.0667211, -0.00299459, 0.0153481
float3(-0.0479163, 0.275693, 2.805)
514123.068722291
normal
simd_float4x4([[-0.92804, 0.297974, 0.223501, 0.0)], [-0.261169, -0.948375, 0.179932, 0.0)], [0.265578, 0.108613, 0.957952, 0.0)], [-0.0711459, -0.0120675, 0.0151561, 1.0)]])
-0.0711459, -0.0120675, 0.0151561
float3(-0.108828, 0.270443, 2.83717)
514123.202040708
normal
simd_float4x4([[-0.934062, 0.277287, 0.225032, 0.0)], [-0.230967, -0.949691, 0.211522, 0.0)], [0.272363, 0.1456, 0.951115, 0.0)], [-0.0672948, -0.0192693, 0.0129198, 1.0)]])
-0.0672948, -0.0192693, 0.0129198
float3(-0.146119, 0.278899, 2.85751)
514123.335359125
normal
simd_float4x4([[-0.93991, 0.267191, 0.212552, 0.0)], [-0.220248, -0.950192, 0.220511, 0.0)], [0.260884, 0.160446, 0.951944, 0.0)], [-0.0686795, -0.0238228, 0.0132746, 1.0)]])
-0.0686795, -0.0238228, 0.0132746
float3(-0.161143, 0.267486, 2.86747)
514123.468677583
normal
simd_float4x4([[-0.942734, 0.269764, 0.196161, 0.0)], [-0.226293, -0.949348, 0.218014, 0.0)], [0.245038, 0.16114, 0.956028, 0.0)], [-0.073044, -0.02745, 0.0133808, 1.0)]])
-0.073044, -0.02745, 0.0133808
float3(-0.161846, 0.250907, 2.86473)
514123.601996
normal
simd_float4x4([[-0.942544, 0.273338, 0.192089, 0.0)], [-0.22667, -0.945605, 0.233347, 0.0)], [0.245423, 0.176399, 0.953232, 0.0)], [-0.0795192, -0.0320606, 0.0128149, 1.0)]])
-0.0795192, -0.0320606, 0.0128149
float3(-0.177327, 0.251991, 2.8602)
514123.7353145
normal
simd_float4x4([[-0.944558, 0.265993, 0.192503, 0.0)], [-0.215594, -0.944626, 0.247388, 0.0)], [0.247647, 0.19217, 0.949601, 0.0)], [-0.0814735, -0.0332105, 0.0111911, 1.0)]])
-0.0814735, -0.0332105, 0.0111911
float3(-0.193373, 0.255108, 2.86711)
514123.868632791
normal
simd_float4x4([[-0.947791, 0.257655, 0.187901, 0.0)], [-0.206529, -0.944912, 0.253942, 0.0)], [0.242979, 0.201877, 0.948792, 0.0)], [-0.0805806, -0.0356855, 0.0102956, 1.0)]])
-0.0805806, -0.0356855, 0.0102956
float3(-0.203274, 0.250705, 2.87539)
514124.001951125
normal
simd_float4x4([[-0.949422, 0.260955, 0.174642, 0.0)], [-0.210785, -0.941904, 0.261507, 0.0)], [0.232737, 0.211469, 0.94927, 0.0)], [-0.0800965, -0.0400618, 0.0121356, 1.0)]])
-0.0800965, -0.0400618, 0.0121356
float3(-0.213078, 0.240432, 2.87132)
514124.135269666
normal
simd_float4x4([[-0.951386, 0.263333, 0.159751, 0.0)], [-0.217327, -0.941479, 0.257654, 0.0)], [0.218251, 0.21041, 0.95294, 0.0)], [-0.0779569, -0.0409002, 0.0137446, 1.0)]])
-0.0779569, -0.0409002, 0.0137446
float3(-0.211995, 0.225146, 2.86886)
514124.268588041
normal
simd_float4x4([[-0.953636, 0.264957, 0.142747, 0.0)], [-0.222944, -0.940525, 0.256336, 0.0)], [0.202175, 0.212627, 0.955989, 0.0)], [-0.0760212, -0.0403433, 0.0158744, 1.0)]])
-0.0760212, -0.0403433, 0.0158744
float3(-0.214262, 0.208412, 2.867)
514124.401906458
normal
simd_float4x4([[-0.953388, 0.269816, 0.135092, 0.0)], [-0.22929, -0.938834, 0.256938, 0.0)], [0.196155, 0.213987, 0.956939, 0.0)], [-0.0746452, -0.0414435, 0.0153961, 1.0)]])
-0.0746452, -0.0414435, 0.0153961
float3(-0.215654, 0.202181, 2.86174)
514124.535224916
normal
simd_float4x4([[-0.95502, 0.267104, 0.128808, 0.0)], [-0.226237, -0.937097, 0.265832, 0.0)], [0.191711, 0.224733, 0.955375, 0.0)], [-0.0733683, -0.0432854, 0.0145357, 1.0)]])
-0.0733683, -0.0432854, 0.0145357
float3(-0.226669, 0.198035, 2.86392)
514124.668543458
normal
simd_float4x4([[-0.95924, 0.256613, 0.118359, 0.0)], [-0.215404, -0.935058, 0.281545, 0.0)], [0.18292, 0.244574, 0.95222, 0.0)], [-0.0694511, -0.0450518, 0.0163236, 1.0)]])
-0.0694511, -0.0450518, 0.0163236
float3(-0.247081, 0.189787, 2.87375)
514124.80186175
normal
simd_float4x4([[-0.96149, 0.252261, 0.109089, 0.0)], [-0.209077, -0.928977, 0.305432, 0.0)], [0.17839, 0.270862, 0.945944, 0.0)], [-0.0664818, -0.0506103, 0.0171833, 1.0)]])
-0.0664818, -0.0506103, 0.0171833
float3(-0.274288, 0.186395, 2.87644)
514124.935180166
normal
simd_float4x4([[-0.953981, 0.281876, 0.102301, 0.0)], [-0.239653, -0.921739, 0.3049, 0.0)], [0.180239, 0.266352, 0.946874, 0.0)], [-0.0655396, -0.0484412, 0.0168216, 1.0)]])
-0.0655396, -0.0484412, 0.0168216
float3(-0.269606, 0.188101, 2.84482)
514125.068498625
normal
simd_float4x4([[-0.935912, 0.34202, 0.0842133, 0.0)], [-0.311751, -0.915606, 0.253921, 0.0)], [0.163952, 0.211394, 0.963552, 0.0)], [-0.0618979, -0.0431737, 0.0168246, 1.0)]])
-0.0618979, -0.0431737, 0.0168246
float3(-0.213001, 0.16854, 2.7841)
514125.201816916
normal
simd_float4x4([[-0.901076, 0.427548, 0.0725593, 0.0)], [-0.412746, -0.896863, 0.158987, 0.0)], [0.13305, 0.11331, 0.984611, 0.0)], [-0.0605677, -0.0292882, 0.0174043, 1.0)]])
-0.0605677, -0.0292882, 0.0174043
float3(-0.113554, 0.134316, 2.69675)
514125.335135458
normal
simd_float4x4([[-0.866257, 0.498761, 0.0289062, 0.0)], [-0.497354, -0.8664, 0.0446133, 0.0)], [0.0472957, 0.0242701, 0.998586, 0.0)], [-0.0525241, -0.0183986, 0.0154173, 1.0)]])
-0.0525241, -0.0183986, 0.0154173
float3(-0.0242724, 0.0473273, 2.61925)
514125.468453958
normal
simd_float4x4([[-0.83759, 0.546298, -0.000876599, 0.0)], [-0.546294, -0.837575, 0.00549099, 0.0)], [0.00226559, 0.00507805, 0.999985, 0.0)], [-0.048291, -0.0226945, 0.0164083, 1.0)]])
-0.048291, -0.0226945, 0.0164083
float3(-0.00507807, 0.00226563, 2.56365)
514125.601772333
normal
simd_float4x4([[-0.819589, 0.572912, -0.00676203, 0.0)], [-0.572945, -0.819464, 0.0146082, 0.0)], [0.00282799, 0.0158469, 0.99987, 0.0)], [-0.0423335, -0.0267096, 0.0186194, 1.0)]])
-0.0423335, -0.0267096, 0.0186194
float3(-0.0158476, 0.00282835, 2.53145)
514125.735090708
normal
simd_float4x4([[-0.80599, 0.59192, 0.00322251, 0.0)], [-0.591146, -0.805192, 0.0470267, 0.0)], [0.0304309, 0.0359981, 0.998888, 0.0)], [-0.0430002, -0.0308957, 0.0144753, 1.0)]])
-0.0430002, -0.0308957, 0.0144753
float3(-0.0360058, 0.0304553, 2.50768)
514125.868409083
normal
simd_float4x4([[-0.808125, 0.58783, 0.0372761, 0.0)], [-0.584312, -0.808049, 0.0750691, 0.0)], [0.0742488, 0.0388843, 0.996481, 0.0)], [-0.0437404, -0.0286701, 0.00405713, 1.0)]])
-0.0437404, -0.0286701, 0.00405713
float3(-0.0388942, 0.0743735, 2.51267)
514126.001727583
normal
simd_float4x4([[-0.841037, 0.533483, 0.089734, 0.0)], [-0.529226, -0.845755, 0.0679525, 0.0)], [0.112145, 0.009661, 0.993645, 0.0)], [-0.0355551, -0.0129407, -0.0169164, 1.0)]])
-0.0355551, -0.0129407, -0.0169164
float3(-0.00966115, 0.112386, 2.57885)
514126.135045958
normal
simd_float4x4([[-0.866344, 0.490254, 0.0953931, 0.0)], [-0.491654, -0.870735, 0.00984815, 0.0)], [0.0878902, -0.0383685, 0.995391, 0.0)], [-0.0239611, 0.00238272, -0.0478635, 1.0)]])
-0.0239611, 0.00238272, -0.0478635
float3(0.038378, 0.0880688, 2.6288)
514126.268364541
normal
simd_float4x4([[-0.873063, 0.480449, 0.0832445, 0.0)], [-0.485323, -0.872722, -0.0530858, 0.0)], [0.0471443, -0.0867477, 0.995114, 0.0)], [-0.00882971, -0.00105868, -0.0996712, 1.0)]])
-0.00882971, -0.00105868, -0.0996712
float3(0.0868569, 0.0473403, 2.63835)
514126.401683
normal
simd_float4x4([[-0.852538, 0.519744, 0.0551826, 0.0)], [-0.522488, -0.850239, -0.0640299, 0.0)], [0.0136393, -0.0834202, 0.996421, 0.0)], [-0.00159499, -0.0329742, -0.18875, 1.0)]])
-0.00159499, -0.0329742, -0.18875
float3(0.0835172, 0.0136874, 2.59291)
514126.535001166
normal
simd_float4x4([[-0.817961, 0.575045, 0.0162426, 0.0)], [-0.574837, -0.815914, -0.0620114, 0.0)], [-0.0224068, -0.0600597, 0.997943, 0.0)], [0.0213538, -0.0690283, -0.326403, 1.0)]])
0.0213538, -0.0690283, -0.326403
float3(0.0600959, -0.0224492, 2.52766)
514126.668319583
normal
simd_float4x4([[-0.801199, 0.596161, -0.0516943, 0.0)], [-0.592469, -0.802426, -0.0713713, 0.0)], [-0.0840295, -0.0265554, 0.996109, 0.0)], [0.066304, -0.0652469, -0.489361, 1.0)]])
0.066304, -0.0652469, -0.489361
float3(0.0265585, -0.0841585, 2.50262)
514126.801638125
normal
simd_float4x4([[-0.807656, 0.587497, -0.0503858, 0.0)], [-0.587041, -0.809172, -0.0249719, 0.0)], [-0.0554416, 0.00940988, 0.998418, 0.0)], [0.0858083, -0.0336083, -0.619259, 1.0)]])
0.0858083, -0.0336083, -0.619259
float3(-0.00941002, -0.0554725, 2.5136)
514126.934956541
normal
simd_float4x4([[-0.832226, 0.5543, 0.0122965, 0.0)], [-0.554435, -0.831966, -0.0208318, 0.0)], [-0.00131677, -0.0241544, 0.999707, 0.0)], [0.0985351, -0.0135842, -0.75099, 1.0)]])
0.0985351, -0.0135842, -0.75099
float3(0.0241567, -0.00131715, 2.55388)
514127.068274916
normal
simd_float4x4([[-0.840791, 0.53735, 0.0657644, 0.0)], [-0.540961, -0.838611, -0.0639734, 0.0)], [0.0207746, -0.0893642, 0.995782, 0.0)], [0.107509, -0.040872, -0.893531, 1.0)]])
0.107509, -0.040872, -0.893531
float3(0.0894836, 0.0208596, 2.57174)
514127.201593458
normal
simd_float4x4([[-0.838107, 0.525427, 0.146637, 0.0)], [-0.541662, -0.833424, -0.109568, 0.0)], [0.0646408, -0.171258, 0.983103, 0.0)], [0.105823, -0.0516351, -1.07151, 1.0)]])
0.105823, -0.0516351, -1.07151
float3(0.172106, 0.0656573, 2.57909)
514127.334911875
normal
simd_float4x4([[-0.825368, 0.558667, 0.0815983, 0.0)], [-0.563535, -0.824021, -0.0584567, 0.0)], [0.034581, -0.0942318, 0.99495, 0.0)], [0.105596, -0.0311108, -1.20815, 1.0)]])
0.105596, -0.0311108, -1.20815
float3(0.0943718, 0.0347425, 2.5458)
514127.468230083
normal
simd_float4x4([[-0.823642, 0.566639, 0.0231025, 0.0)], [-0.566948, -0.823696, -0.00970937, 0.0)], [0.0135278, -0.0210949, 0.999686, 0.0)], [0.104984, -0.0026405, -1.33621, 1.0)]])
0.104984, -0.0026405, -1.33621
float3(0.0210965, 0.0135313, 2.53902)
514127.601548625
normal
simd_float4x4([[-0.821661, 0.569029, 0.0328342, 0.0)], [-0.56949, -0.817218, -0.0885155, 0.0)], [-0.0235351, -0.0914285, 0.995534, 0.0)], [0.111351, -0.0266019, -1.47306, 1.0)]])
0.111351, -0.0266019, -1.47306
float3(0.0915564, -0.0236363, 2.53335)
514127.734867083
normal
simd_float4x4([[-0.820265, 0.568509, 0.0629586, 0.0)], [-0.570615, -0.805715, -0.158813, 0.0)], [-0.0395601, -0.166194, 0.985299, 0.0)], [0.121293, -0.0528604, -1.63825, 1.0)]])
0.121293, -0.0528604, -1.63825
float3(0.166969, -0.0401287, 2.52712)
514127.868185541
normal
simd_float4x4([[-0.822459, 0.565217, 0.0639646, 0.0)], [-0.568591, -0.813687, -0.120904, 0.0)], [-0.0162899, -0.135808, 0.990601, 0.0)], [0.129649, -0.0513817, -1.78287, 1.0)]])
0.129649, -0.0513817, -1.78287
float3(0.136229, -0.016443, 2.53448)
514128.001503916
normal
simd_float4x4([[-0.84181, 0.535649, 0.0666082, 0.0)], [-0.539079, -0.84056, -0.0534104, 0.0)], [0.027379, -0.0808685, 0.996349, 0.0)], [0.126113, -0.00642509, -1.90778, 1.0)]])
0.126113, -0.00642509, -1.90778
float3(0.0809569, 0.0274725, 2.57423)
514128.134822333
normal
simd_float4x4([[-0.854248, 0.510703, 0.0971781, 0.0)], [-0.515435, -0.856392, -0.0303285, 0.0)], [0.0677338, -0.075997, 0.994805, 0.0)], [0.117101, -0.00958032, -2.03878, 1.0)]])
0.117101, -0.00958032, -2.03878
float3(0.0760703, 0.0679826, 2.60387)
514128.268140708
normal
simd_float4x4([[-0.8485, 0.50577, 0.155706, 0.0)], [-0.515935, -0.856074, -0.0307876, 0.0)], [0.117725, -0.106457, 0.987324, 0.0)], [0.0963168, -0.0446528, -2.17683, 1.0)]])
0.0963168, -0.0446528, -2.17683
float3(0.10666, 0.118676, 2.60796)
514128.401459083
normal
simd_float4x4([[-0.842725, 0.510399, 0.171194, 0.0)], [-0.523142, -0.851455, -0.0367007, 0.0)], [0.127032, -0.120488, 0.984554, 0.0)], [0.0690969, -0.0419342, -2.31969, 1.0)]])
0.0690969, -0.0419342, -2.31969
float3(0.120781, 0.128316, 2.60158)
514128.534777583
normal
simd_float4x4([[-0.847157, 0.518724, 0.115105, 0.0)], [-0.521189, -0.853383, 0.00991812, 0.0)], [0.103373, -0.0515891, 0.993304, 0.0)], [0.0543816, -0.00648598, -2.43473, 1.0)]])
0.0543816, -0.00648598, -2.43473
float3(0.051612, 0.103697, 2.59543)
514128.668096083
normal
simd_float4x4([[-0.846827, 0.523386, 0.0946059, 0.0)], [-0.525578, -0.850743, 0.00204168, 0.0)], [0.0815539, -0.0479938, 0.995513, 0.0)], [0.0462654, 0.00443135, -2.5553, 1.0)]])
0.0462654, 0.00443135, -2.5553
float3(0.0480123, 0.081739, 2.59006)
514128.8014145
normal
simd_float4x4([[-0.833967, 0.531562, 0.148123, 0.0)], [-0.542156, -0.839301, -0.0405034, 0.0)], [0.10279, -0.114084, 0.988139, 0.0)], [0.0399531, -0.02194, -2.69198, 1.0)]])
0.0399531, -0.02194, -2.69198
float3(0.114333, 0.103651, 2.57702)
514128.934732833
normal
simd_float4x4([[-0.829257, 0.521095, 0.201972, 0.0)], [-0.544346, -0.834967, -0.0807328, 0.0)], [0.126571, -0.176891, 0.976058, 0.0)], [0.0428277, -0.0333378, -2.84418, 1.0)]])
0.0428277, -0.0333378, -2.84418
float3(0.177827, 0.128956, 2.58365)
514129.068051291
normal
simd_float4x4([[-0.822131, 0.515085, 0.242463, 0.0)], [-0.531795, -0.846863, -0.00411941, 0.0)], [0.203211, -0.132327, 0.970152, 0.0)], [0.0394871, -0.0114246, -2.96172, 1.0)]])
0.0394871, -0.0114246, -2.96172
float3(0.132717, 0.206478, 2.59515)
514129.201369666
normal
simd_float4x4([[-0.800774, 0.478443, 0.360351, 0.0)], [-0.486435, -0.870507, 0.0748246, 0.0)], [0.349488, -0.11537, 0.929811, 0.0)], [0.0238069, 0.00801425, -3.07904, 1.0)]])
0.0238069, 0.00801425, -3.07904
float3(0.115627, 0.359533, 2.63905)
514129.334688041
normal
simd_float4x4([[-0.753603, 0.456387, 0.473068, 0.0)], [-0.436335, -0.885577, 0.159264, 0.0)], [0.491624, -0.0863943, 0.866511, 0.0)], [0.00394788, -0.00691361, -3.19587, 1.0)]])
0.00394788, -0.00691361, -3.19587
float3(0.0865021, 0.516074, 2.66574)
514129.468006541
normal
simd_float4x4([[-0.657045, 0.431749, 0.617969, 0.0)], [-0.393448, -0.895642, 0.20742, 0.0)], [0.643032, -0.106854, 0.758348, 0.0)], [-0.0342107, -0.0174149, -3.3233, 1.0)]])
-0.0342107, -0.0174149, -3.3233
float3(0.107059, 0.703296, 2.6924)
514129.601325041
normal
simd_float4x4([[-0.594049, 0.439037, 0.674057, 0.0)], [-0.309898, -0.898159, 0.311887, 0.0)], [0.74234, -0.0236131, 0.669607, 0.0)], [-0.0595189, -0.0132552, -3.40409, 1.0)]])
-0.0595189, -0.0132552, -3.40409
float3(0.0236152, 0.836865, 2.68693)
514129.734643375
normal
simd_float4x4([[-0.509449, 0.420404, 0.750814, 0.0)], [-0.25123, -0.907183, 0.337493, 0.0)], [0.82301, -0.0166913, 0.567782, 0.0)], [-0.0829724, -0.00219828, -3.48351, 1.0)]])
-0.0829724, -0.00219828, -3.48351
float3(0.0166921, 0.966891, 2.70764)
514129.867961833
normal
simd_float4x4([[-0.423655, 0.446876, 0.78792, 0.0)], [-0.21037, -0.894595, 0.394264, 0.0)], [0.881057, 0.00127721, 0.473009, 0.0)], [-0.0944943, -0.00845288, -3.5497, 1.0)]])
-0.0944943, -0.00845288, -3.5497
float3(-0.00127721, 1.07809, 2.67832)
514130.001280083
normal
simd_float4x4([[-0.327305, 0.461655, 0.824467, 0.0)], [-0.154423, -0.88693, 0.435326, 0.0)], [0.932215, 0.015168, 0.361587, 0.0)], [-0.0942294, -0.0145187, -3.62571, 1.0)]])
-0.0942294, -0.0145187, -3.62571
float3(-0.0151685, 1.20078, 2.66167)
514130.134598583
normal
simd_float4x4([[-0.250283, 0.443434, 0.860653, 0.0)], [-0.111698, -0.896235, 0.429285, 0.0)], [0.961708, 0.0113098, 0.273843, 0.0)], [-0.092134, -0.0122465, -3.71933, 1.0)]])
-0.092134, -0.0122465, -3.71933
float3(-0.0113101, 1.29339, 2.68213)
514130.267917
normal
simd_float4x4([[-0.22915, 0.414535, 0.88071, 0.0)], [-0.063157, -0.909211, 0.411518, 0.0)], [0.97134, 0.0386761, 0.234526, 0.0)], [-0.0933974, -0.01059, -3.80663, 1.0)]])
-0.0933974, -0.01059, -3.80663
float3(-0.0386858, 1.33388, 2.71382)
514130.401235375
normal
simd_float4x4([[-0.222227, 0.409148, 0.884993, 0.0)], [-0.0475016, -0.911155, 0.409315, 0.0)], [0.973837, 0.0489224, 0.221919, 0.0)], [-0.123711, -0.0170417, -3.883, 1.0)]])
-0.123711, -0.0170417, -3.883
float3(-0.0489419, 1.34674, 2.71954)
514130.53455375
normal
simd_float4x4([[-0.238176, 0.414532, 0.878314, 0.0)], [-0.0693334, -0.909289, 0.410349, 0.0)], [0.968744, 0.0368387, 0.245311, 0.0)], [-0.192265, -0.0308282, -3.96168, 1.0)]])
-0.192265, -0.0308282, -3.96168
float3(-0.036847, 1.32278, 2.71386)
514130.667872291
normal
simd_float4x4([[-0.235587, 0.42009, 0.876369, 0.0)], [-0.123137, -0.907386, 0.401856, 0.0)], [0.964021, -0.0132409, 0.265497, 0.0)], [-0.303317, -0.040699, -4.03879, 1.0)]])
-0.303317, -0.040699, -4.03879
float3(0.0132413, 1.30205, 2.70801)
514130.80119075
normal
simd_float4x4([[-0.329054, 0.458221, 0.825686, 0.0)], [-0.130696, -0.888063, 0.440753, 0.0)], [0.935223, 0.0371175, 0.352109, 0.0)], [-0.410585, -0.0306707, -4.08618, 1.0)]])
-0.410585, -0.0306707, -4.08618
float3(-0.0371261, 1.21071, 2.66524)
514130.934508916
normal
simd_float4x4([[-0.485042, 0.462115, 0.742417, 0.0)], [-0.108686, -0.874245, 0.473163, 0.0)], [0.867711, 0.148813, 0.474271, 0.0)], [-0.516162, -0.0103232, -4.15179, 1.0)]])
-0.516162, -0.0103232, -4.15179
float3(-0.149368, 1.07058, 2.65534)
514131.067827416
normal
simd_float4x4([[-0.435785, 0.502209, 0.746912, 0.0)], [-0.177021, -0.861471, 0.475953, 0.0)], [0.882471, 0.0751941, 0.464318, 0.0)], [-0.667041, -0.0250051, -4.22273, 1.0)]])
-0.667041, -0.0250051, -4.22273
float3(-0.0752651, 1.08644, 2.61379)
514131.201145833
normal
simd_float4x4([[-0.303252, 0.540843, 0.784555, 0.0)], [-0.265327, -0.83869, 0.475605, 0.0)], [0.915227, -0.0639349, 0.397835, 0.0)], [-0.867185, -0.0458037, -4.29992, 1.0)]])
-0.867185, -0.0458037, -4.29992
float3(0.0639786, 1.16075, 2.56884)
514131.33446425
normal
simd_float4x4([[-0.286721, 0.526655, 0.800266, 0.0)], [-0.219014, -0.84925, 0.480424, 0.0)], [0.932644, -0.0375214, 0.358843, 0.0)], [-1.04845, -0.0339845, -4.38271, 1.0)]])
-1.04845, -0.0339845, -4.38271
float3(0.0375302, 1.2035, 2.58649)
514131.467782666
normal
simd_float4x4([[-0.225508, 0.496486, 0.838241, 0.0)], [-0.119917, -0.868006, 0.481856, 0.0)], [0.966833, 0.00814322, 0.255279, 0.0)], [-1.23416, -0.00861139, -4.44555, 1.0)]])
-1.23416, -0.00861139, -4.44555
float3(-0.00814331, 1.31265, 2.62203)
514131.601101083
normal
simd_float4x4([[-0.135652, 0.478212, 0.867705, 0.0)], [-0.125146, -0.877056, 0.463801, 0.0)], [0.982821, -0.0456743, 0.178821, 0.0)], [-1.42486, -0.0392168, -4.4991, 1.0)]])
-1.42486, -0.0392168, -4.4991
float3(0.0456902, 1.39082, 2.64241)
514131.734419333
normal
simd_float4x4([[-0.0596815, 0.489012, 0.870233, 0.0)], [-0.143519, -0.866933, 0.477315, 0.0)], [0.987846, -0.0964079, 0.121922, 0.0)], [-1.63196, -0.0524638, -4.54652, 1.0)]])
-1.63196, -0.0524638, -4.54652
float3(0.0965579, 1.44799, 2.62801)
514131.867737791
normal
simd_float4x4([[-0.194201, 0.534641, 0.822463, 0.0)], [-0.0768438, -0.84414, 0.530587, 0.0)], [0.977947, 0.0398393, 0.205016, 0.0)], [-1.76576, -0.0337637, -4.60088, 1.0)]])
-1.76576, -0.0337637, -4.60088
float3(-0.0398498, 1.36415, 2.57701)
514132.001056166
limited(__ObjC.ARCamera.TrackingState.Reason.insufficientFeatures)
simd_float4x4([[-0.244268, 0.557175, 0.793655, 0.0)], [-0.0783803, -0.827114, 0.556541, 0.0)], [0.966535, 0.0737383, 0.245709, 0.0)], [-1.88538, -0.00894428, -4.63048, 1.0)]])
-1.88538, -0.00894428, -4.63048
float3(-0.0738053, 1.32185, 2.54878)
514132.134374625
limited(__ObjC.ARCamera.TrackingState.Reason.insufficientFeatures)
simd_float4x4([[-0.175255, 0.57925, 0.796088, 0.0)], [-0.161075, -0.814577, 0.557243, 0.0)], [0.971257, -0.0305706, 0.236062, 0.0)], [-2.05348, -0.0461669, -4.6859, 1.0)]])
-2.05348, -0.0461669, -4.6859
float3(0.0305753, 1.33237, 2.52345)
514132.267693083
limited(__ObjC.ARCamera.TrackingState.Reason.excessiveMotion)
simd_float4x4([[-0.168409, 0.569273, 0.804715, 0.0)], [-0.231947, -0.816338, 0.528954, 0.0)], [0.958039, -0.0975706, 0.26952, 0.0)], [-2.22786, -0.0553002, -4.78127, 1.0)]])
-2.22786, -0.0553002, -4.78127
float3(0.0977261, 1.29656, 2.53265)
514132.4010115
limited(__ObjC.ARCamera.TrackingState.Reason.excessiveMotion)
simd_float4x4([[-0.169093, 0.5639, 0.808347, 0.0)], [-0.138652, -0.825611, 0.546939, 0.0)], [0.975799, -0.0195957, 0.217791, 0.0)], [-2.36663, -0.00349621, -4.81007, 1.0)]])
-2.36663, -0.00349621, -4.81007
float3(0.0195969, 1.3512, 2.54236)
514132.53433
limited(__ObjC.ARCamera.TrackingState.Reason.excessiveMotion)
simd_float4x4([[-0.155211, 0.52161, 0.838947, 0.0)], [-0.153823, -0.851641, 0.501045, 0.0)], [0.975832, -0.0512819, 0.21242, 0.0)], [-2.52242, 0.0121371, -4.85904, 1.0)]])
-2.52242, 0.0121371, -4.85904
float3(0.0513044, 1.35646, 2.59205)
514132.66764825
limited(__ObjC.ARCamera.TrackingState.Reason.insufficientFeatures)
simd_float4x4([[-0.142642, 0.512062, 0.847022, 0.0)], [-0.133024, -0.857926, 0.496253, 0.0)], [0.980794, -0.041888, 0.190493, 0.0)], [-2.69841, -0.04035, -4.89916, 1.0)]])
-2.69841, -0.04035, -4.89916
float3(0.0419003, 1.37896, 2.60349)
514132.800966625
limited(__ObjC.ARCamera.TrackingState.Reason.insufficientFeatures)
