ARKit Data
194409.7481305
limited(__ObjC.ARCamera.TrackingState.Reason.initializing)
simd_float4x4([[-0.0329761, -0.894186, 0.446471, 0.0)], [0.988576, 0.036552, 0.146224, 0.0)], [-0.147073, 0.446193, 0.882765, 0.0)], [0.0, 0.0, 0.0, 1.0)]])
0.0, 0.0, 0.0
float3(-0.462507, -0.165089, -1.52994)
194410.082471916
notAvailable
simd_float4x4([[1.0, 0.0, 0.0, 0.0)], [0.0, 1.0, 0.0, 0.0)], [0.0, 0.0, 1.0, 0.0)], [0.0, 0.0, 0.0, 1.0)]])
0.0, 0.0, 0.0
float3(-0.0, 0.0, 0.0)
194410.182489541
notAvailable
simd_float4x4([[1.0, 0.0, 0.0, 0.0)], [0.0, 1.0, 0.0, 0.0)], [0.0, 0.0, 1.0, 0.0)], [0.0, 0.0, 0.0, 1.0)]])
0.0, 0.0, 0.0
float3(-0.0, 0.0, 0.0)
194410.28254
limited(__ObjC.ARCamera.TrackingState.Reason.initializing)
simd_float4x4([[0.0920445, -0.955665, 0.279701, 0.0)], [0.995752, 0.0889706, -0.0236947, 0.0)], [-0.00224101, 0.280694, 0.959795, 0.0)], [0.0, 0.0, 0.0, 1.0)]])
0.0, 0.0, 0.0
float3(-0.284517, -0.00233488, -1.47797)
194410.382590708
limited(__ObjC.ARCamera.TrackingState.Reason.initializing)
simd_float4x4([[0.0494785, -0.960852, 0.272608, 0.0)], [0.997648, 0.0605104, 0.0322054, 0.0)], [-0.0474402, 0.270373, 0.961586, 0.0)], [0.0, 0.0, 0.0, 1.0)]])
0.0, 0.0, 0.0
float3(-0.273781, -0.0492955, -1.5079)
194410.482641291
limited(__ObjC.ARCamera.TrackingState.Reason.initializing)
simd_float4x4([[0.0110331, -0.967317, 0.253328, 0.0)], [0.998558, 0.0239697, 0.0480369, 0.0)], [-0.0525392, 0.252433, 0.966186, 0.0)], [0.0, 0.0, 0.0, 1.0)]])
0.0, 0.0, 0.0
float3(-0.255194, -0.0543244, -1.54602)
194410.582692
limited(__ObjC.ARCamera.TrackingState.Reason.initializing)
simd_float4x4([[0.0126884, -0.971593, 0.236313, 0.0)], [0.998909, 0.022939, 0.040679, 0.0)], [-0.0449443, 0.235539, 0.970824, 0.0)], [0.0, 0.0, 0.0, 1.0)]])
0.0, 0.0, 0.0
float3(-0.237773, -0.0462619, -1.54719)
194410.682742541
limited(__ObjC.ARCamera.TrackingState.Reason.initializing)
simd_float4x4([[-0.00549577, -0.959039, 0.283218, 0.0)], [0.996788, 0.0173731, 0.0781719, 0.0)], [-0.0798904, 0.282738, 0.955864, 0.0)], [0.0, 0.0, 0.0, 1.0)]])
0.0, 0.0, 0.0
float3(-0.286647, -0.0833854, -1.55268)
194410.782793
limited(__ObjC.ARCamera.TrackingState.Reason.initializing)
simd_float4x4([[0.00158992, -0.960491, 0.278307, 0.0)], [0.993608, 0.0329297, 0.107971, 0.0)], [-0.11287, 0.276356, 0.954404, 0.0)], [0.0, 0.0, 0.0, 1.0)]])
0.0, 0.0, 0.0
float3(-0.28, -0.117715, -1.53653)
194410.882843791
limited(__ObjC.ARCamera.TrackingState.Reason.initializing)
simd_float4x4([[-0.00615038, -0.954196, 0.299119, 0.0)], [0.993768, 0.0274612, 0.108035, 0.0)], [-0.111301, 0.297919, 0.94808, 0.0)], [0.0, 0.0, 0.0, 1.0)]])
0.0, 0.0, 0.0
float3(-0.302512, -0.116861, -1.54202)
194410.982894333
limited(__ObjC.ARCamera.TrackingState.Reason.initializing)
simd_float4x4([[-0.0651483, -0.948877, 0.308847, 0.0)], [0.996126, -0.0435188, 0.0764192, 0.0)], [-0.0590718, 0.312629, 0.948036, 0.0)], [0.0, 0.0, 0.0, 1.0)]])
0.0, 0.0, 0.0
float3(-0.31796, -0.0622292, -1.61663)
194411.082945041
limited(__ObjC.ARCamera.TrackingState.Reason.initializing)
simd_float4x4([[-0.107528, -0.948884, 0.296743, 0.0)], [0.988683, -0.0706518, 0.132339, 0.0)], [-0.104609, 0.307615, 0.945743, 0.0)], [0.0, 0.0, 0.0, 1.0)]])
0.0, 0.0, 0.0
float3(-0.312686, -0.110163, -1.64512)
194411.1829955
limited(__ObjC.ARCamera.TrackingState.Reason.initializing)
simd_float4x4([[-0.108668, -0.956406, 0.271066, 0.0)], [0.987207, -0.0718223, 0.142351, 0.0)], [-0.116677, 0.283068, 0.951976, 0.0)], [0.0, 0.0, 0.0, 1.0)]])
0.0, 0.0, 0.0
float3(-0.286991, -0.121955, -1.64575)
194411.283046041
limited(__ObjC.ARCamera.TrackingState.Reason.initializing)
simd_float4x4([[-0.0989317, -0.953206, 0.285675, 0.0)], [0.991143, -0.0688316, 0.113572, 0.0)], [-0.0885943, 0.294381, 0.951573, 0.0)], [0.0, 0.0, 0.0, 1.0)]])
0.0, 0.0, 0.0
float3(-0.298807, -0.0928355, -1.64288)
194411.38309675
limited(__ObjC.ARCamera.TrackingState.Reason.initializing)
simd_float4x4([[-0.112166, -0.958153, 0.263365, 0.0)], [0.990433, -0.0863595, 0.107634, 0.0)], [-0.0803861, 0.272918, 0.958673, 0.0)], [0.0, 0.0, 0.0, 1.0)]])
0.0, 0.0, 0.0
float3(-0.276425, -0.0836558, -1.66068)
194411.483147416
limited(__ObjC.ARCamera.TrackingState.Reason.initializing)
simd_float4x4([[-0.0930684, -0.957967, 0.271359, 0.0)], [0.994329, -0.0753415, 0.0750514, 0.0)], [-0.0514523, 0.276805, 0.959547, 0.0)], [0.0, 0.0, 0.0, 1.0)]])
0.0, 0.0, 0.0
float3(-0.280468, -0.0535701, -1.64928)
194411.583198166
limited(__ObjC.ARCamera.TrackingState.Reason.initializing)
simd_float4x4([[-0.0626365, -0.964928, 0.254929, 0.0)], [0.998025, -0.0617775, 0.011383, 0.0)], [0.00476502, 0.255139, 0.966892, 0.0)], [0.0, 0.0, 0.0, 1.0)]])
0.0, 0.0, 0.0
float3(-0.257991, 0.00492814, -1.63473)
194411.683248583
limited(__ObjC.ARCamera.TrackingState.Reason.initializing)
simd_float4x4([[-0.0324525, -0.964179, 0.263256, 0.0)], [0.99642, -0.0517821, -0.0668207, 0.0)], [0.0780591, 0.260145, 0.962408, 0.0)], [0.0, 0.0, 0.0, 1.0)]])
0.0, 0.0, 0.0
float3(-0.263173, 0.0809309, -1.62445)
194411.783299375
limited(__ObjC.ARCamera.TrackingState.Reason.initializing)
simd_float4x4([[-0.00489248, -0.96464, 0.263519, 0.0)], [0.99254, -0.036788, -0.11624, 0.0)], [0.121824, 0.260984, 0.957624, 0.0)], [0.0, 0.0, 0.0, 1.0)]])
0.0, 0.0, 0.0
float3(-0.264041, 0.126535, -1.60891)
194411.883349958
limited(__ObjC.ARCamera.TrackingState.Reason.initializing)
simd_float4x4([[0.0198362, -0.9695, 0.244279, 0.0)], [0.984828, -0.0231815, -0.171975, 0.0)], [0.172393, 0.243985, 0.954332, 0.0)], [0.0, 0.0, 0.0, 1.0)]])
0.0, 0.0, 0.0
float3(-0.246473, 0.178715, -1.5947)
194411.983400583
limited(__ObjC.ARCamera.TrackingState.Reason.initializing)
simd_float4x4([[0.0341, -0.973001, 0.228262, 0.0)], [0.978006, -0.0145367, -0.20807, 0.0)], [0.20577, 0.230337, 0.951105, 0.0)], [0.0, 0.0, 0.0, 1.0)]])
0.0, 0.0, 0.0
float3(-0.232424, 0.213065, -1.58574)
194412.083451208
limited(__ObjC.ARCamera.TrackingState.Reason.initializing)
simd_float4x4([[0.0352097, -0.975189, 0.218551, 0.0)], [0.971817, -0.0175956, -0.235078, 0.0)], [0.233091, 0.220669, 0.947086, 0.0)], [0.0, 0.0, 0.0, 1.0)]])
0.0, 0.0, 0.0
float3(-0.2225, 0.241318, -1.58884)
194412.183501875
limited(__ObjC.ARCamera.TrackingState.Reason.initializing)
simd_float4x4([[0.0358326, -0.977921, 0.205874, 0.0)], [0.971591, -0.0141338, -0.236245, 0.0)], [0.233939, 0.20849, 0.949632, 0.0)], [0.0, 0.0, 0.0, 1.0)]])
0.0, 0.0, 0.0
float3(-0.210031, 0.241537, -1.58525)
194412.283552583
limited(__ObjC.ARCamera.TrackingState.Reason.initializing)
simd_float4x4([[0.0308392, -0.979057, 0.201226, 0.0)], [0.973955, -0.0158098, -0.22619, 0.0)], [0.224635, 0.20296, 0.95307, 0.0)], [0.0, 0.0, 0.0, 1.0)]])
0.0, 0.0, 0.0
float3(-0.20438, 0.231471, -1.58694)
194412.383603166
limited(__ObjC.ARCamera.TrackingState.Reason.initializing)
simd_float4x4([[0.0254942, -0.979286, 0.200864, 0.0)], [0.980189, -0.0149915, -0.197498, 0.0)], [0.196419, 0.20192, 0.959502, 0.0)], [0.0, 0.0, 0.0, 1.0)]])
0.0, 0.0, 0.0
float3(-0.203318, 0.201919, -1.5861)
194412.483653958
limited(__ObjC.ARCamera.TrackingState.Reason.initializing)
simd_float4x4([[0.0181487, -0.980455, 0.1959, 0.0)], [0.986604, -0.0142079, -0.162511, 0.0)], [0.162118, 0.196225, 0.967063, 0.0)], [0.0, 0.0, 0.0, 1.0)]])
0.0, 0.0, 0.0
float3(-0.197507, 0.166096, -1.58529)
194412.583704708
limited(__ObjC.ARCamera.TrackingState.Reason.initializing)
simd_float4x4([[0.0123126, -0.981829, 0.189362, 0.0)], [0.99237, -0.011235, -0.122779, 0.0)], [0.122675, 0.189429, 0.9742, 0.0)], [0.0, 0.0, 0.0, 1.0)]])
0.0, 0.0, 0.0
float3(-0.19058, 0.125265, -1.58224)
194412.683754916
limited(__ObjC.ARCamera.TrackingState.Reason.initializing)
simd_float4x4([[0.00460103, -0.982946, 0.18383, 0.0)], [0.996468, -0.0109081, -0.0832672, 0.0)], [0.0838524, 0.183563, 0.979423, 0.0)], [0.0, 0.0, 0.0, 1.0)]])
0.0, 0.0, 0.0
float3(-0.18461, 0.0854058, -1.58189)
194412.783805875
limited(__ObjC.ARCamera.TrackingState.Reason.initializing)
simd_float4x4([[-0.00210247, -0.983448, 0.18117, 0.0)], [0.998705, -0.0112735, -0.0496064, 0.0)], [0.0508278, 0.180831, 0.982198, 0.0)], [0.0, 0.0, 0.0, 1.0)]])
0.0, 0.0, 0.0
float3(-0.181831, 0.0517029, -1.58226)
194412.8838565
limited(__ObjC.ARCamera.TrackingState.Reason.initializing)
simd_float4x4([[-0.0106039, -0.98277, 0.184525, 0.0)], [0.999741, -0.0141322, -0.0178162, 0.0)], [0.0201169, 0.184288, 0.982665, 0.0)], [0.0, 0.0, 0.0, 1.0)]])
0.0, 0.0, 0.0
float3(-0.185347, 0.0204689, -1.58518)
194412.98390725
limited(__ObjC.ARCamera.TrackingState.Reason.initializing)
simd_float4x4([[-0.0193495, -0.983248, 0.181237, 0.0)], [0.999715, -0.0164894, 0.0172746, 0.0)], [-0.0139968, 0.18152, 0.983287, 0.0)], [0.0, 0.0, 0.0, 1.0)]])
0.0, 0.0, 0.0
float3(-0.182532, -0.0142338, -1.58757)
194413.083957958
limited(__ObjC.ARCamera.TrackingState.Reason.initializing)
simd_float4x4([[-0.0268793, -0.98323, 0.180377, 0.0)], [0.998386, -0.0173758, 0.0540624, 0.0)], [-0.0500217, 0.181539, 0.98211, 0.0)], [0.0, 0.0, 0.0, 1.0)]])
0.0, 0.0, 0.0
float3(-0.182551, -0.0508889, -1.58847)
194413.184008541
limited(__ObjC.ARCamera.TrackingState.Reason.initializing)
simd_float4x4([[-0.0330665, -0.982233, 0.184727, 0.0)], [0.996956, -0.0193585, 0.0755241, 0.0)], [-0.0706063, 0.186662, 0.979883, 0.0)], [0.0, 0.0, 0.0, 1.0)]])
0.0, 0.0, 0.0
float3(-0.187764, -0.0719316, -1.5905)
194413.284059333
limited(__ObjC.ARCamera.TrackingState.Reason.initializing)
simd_float4x4([[-0.0329233, -0.982532, 0.183154, 0.0)], [0.994812, -0.0145672, 0.10068, 0.0)], [-0.0962533, 0.185518, 0.977914, 0.0)], [0.0, 0.0, 0.0, 1.0)]])
0.0, 0.0, 0.0
float3(-0.186599, -0.0981111, -1.58562)
194413.384109875
limited(__ObjC.ARCamera.TrackingState.Reason.initializing)
simd_float4x4([[-0.0421496, -0.982489, 0.181486, 0.0)], [0.989887, -0.0164394, 0.140903, 0.0)], [-0.135452, 0.18559, 0.973246, 0.0)], [0.0, 0.0, 0.0, 1.0)]])
0.0, 0.0, 0.0
float3(-0.186672, -0.138287, -1.58753)
194413.48416075
limited(__ObjC.ARCamera.TrackingState.Reason.initializing)
simd_float4x4([[-0.0504531, -0.983234, 0.175227, 0.0)], [0.983645, -0.018545, 0.179162, 0.0)], [-0.172909, 0.1814, 0.968089, 0.0)], [0.0, 0.0, 0.0, 1.0)]])
0.0, 0.0, 0.0
float3(-0.18241, -0.176744, -1.58966)
194413.584211416
limited(__ObjC.ARCamera.TrackingState.Reason.initializing)
simd_float4x4([[-0.0546486, -0.982848, 0.176133, 0.0)], [0.97596, -0.0153039, 0.217412, 0.0)], [-0.210988, 0.18378, 0.960057, 0.0)], [0.0, 0.0, 0.0, 1.0)]])
0.0, 0.0, 0.0
float3(-0.18483, -0.216327, -1.58637)
194413.684262291
limited(__ObjC.ARCamera.TrackingState.Reason.initializing)
simd_float4x4([[-0.0507093, -0.982391, 0.179824, 0.0)], [0.970828, -0.00623724, 0.239694, 0.0)], [-0.234352, 0.186733, 0.954049, 0.0)], [0.0, 0.0, 0.0, 1.0)]])
0.0, 0.0, 0.0
float3(-0.187835, -0.24087, -1.57715)
194413.784312875
limited(__ObjC.ARCamera.TrackingState.Reason.initializing)
simd_float4x4([[-0.0477201, -0.982256, 0.181373, 0.0)], [0.971334, -0.00329913, 0.237696, 0.0)], [-0.23288, 0.187517, 0.954256, 0.0)], [0.0, 0.0, 0.0, 1.0)]])
0.0, 0.0, 0.0
float3(-0.188633, -0.239364, -1.57416)
194413.884363458
limited(__ObjC.ARCamera.TrackingState.Reason.initializing)
simd_float4x4([[-0.0438661, -0.982046, 0.183468, 0.0)], [0.975935, -0.00285764, 0.218044, 0.0)], [-0.213605, 0.188618, 0.958538, 0.0)], [0.0, 0.0, 0.0, 1.0)]])
0.0, 0.0, 0.0
float3(-0.189755, -0.219262, -1.57371)
194413.984414333
limited(__ObjC.ARCamera.TrackingState.Reason.initializing)
simd_float4x4([[-0.0390115, -0.982652, 0.181304, 0.0)], [0.982904, -0.00506402, 0.184048, 0.0)], [-0.179937, 0.185385, 0.96605, 0.0)], [0.0, 0.0, 0.0, 1.0)]])
0.0, 0.0, 0.0
float3(-0.186463, -0.18415, -1.57595)
194414.084464875
limited(__ObjC.ARCamera.TrackingState.Reason.initializing)
simd_float4x4([[-0.0260677, -0.98285, 0.182552, 0.0)], [0.990553, -0.000802077, 0.137129, 0.0)], [-0.134631, 0.184402, 0.973586, 0.0)], [0.0, 0.0, 0.0, 1.0)]])
0.0, 0.0, 0.0
float3(-0.185464, -0.137412, -1.57161)
194414.18451575
limited(__ObjC.ARCamera.TrackingState.Reason.initializing)
simd_float4x4([[-0.0121044, -0.982938, 0.183532, 0.0)], [0.996167, 0.00404851, 0.0873828, 0.0)], [-0.0866351, 0.183886, 0.979121, 0.0)], [0.0, 0.0, 0.0, 1.0)]])
0.0, 0.0, 0.0
float3(-0.184938, -0.0882527, -1.56668)
194414.284566375
normal
simd_float4x4([[0.0174277, -0.983123, 0.182113, 0.0)], [0.999219, 0.0235845, 0.0316963, 0.0)], [-0.0354564, 0.181418, 0.982767, 0.0)], [-0.0154192, 0.0011488, -0.00176528, 1.0)]])
-0.0154192, 0.0011488, -0.00176528
float3(-0.182428, -0.0360625, -1.54681)
194414.384617041
normal
simd_float4x4([[0.0276071, -0.983252, 0.180149, 0.0)], [0.99949, 0.0242548, -0.020785, 0.0)], [0.0160674, 0.180631, 0.98342, 0.0)], [-0.0312099, 0.000273243, -0.00417278, 1.0)]])
-0.0312099, 0.000273243, -0.00417278
float3(-0.181628, 0.0163368, -1.54613)
194414.484667875
normal
simd_float4x4([[0.0349617, -0.982479, 0.183065, 0.0)], [0.997024, 0.0216964, -0.0739709, 0.0)], [0.068703, 0.185106, 0.980314, 0.0)], [-0.0454458, 0.000375569, -0.00797931, 1.0)]])
-0.0454458, 0.000375569, -0.00797931
float3(-0.18618, 0.0699682, -1.54872)
194414.584718541
normal
simd_float4x4([[0.0405198, -0.982304, 0.182857, 0.0)], [0.9929, 0.0191018, -0.117405, 0.0)], [0.111835, 0.186316, 0.976104, 0.0)], [-0.0565071, -0.0021235, -0.0111406, 1.0)]])
-0.0565071, -0.0021235, -0.0111406
float3(-0.187411, 0.114075, -1.55135)
194414.684769291
normal
simd_float4x4([[0.0423251, -0.98198, 0.184182, 0.0)], [0.989394, 0.0155568, -0.14442, 0.0)], [0.138953, 0.188342, 0.972224, 0.0)], [-0.0656897, -0.00393414, -0.0142887, 1.0)]])
-0.0656897, -0.00393414, -0.0142887
float3(-0.189473, 0.141961, -1.55496)
194414.784820041
normal
simd_float4x4([[0.0363404, -0.982296, 0.183778, 0.0)], [0.989693, 0.00988564, -0.142864, 0.0)], [0.138518, 0.187075, 0.972531, 0.0)], [-0.0705336, -0.0085236, -0.0168899, 1.0)]])
-0.0705336, -0.0085236, -0.0168899
float3(-0.188184, 0.141479, -1.56073)
194414.884870875
normal
simd_float4x4([[0.0253626, -0.982697, 0.183478, 0.0)], [0.994686, 0.00648669, -0.102756, 0.0)], [0.0997875, 0.185109, 0.977639, 0.0)], [-0.0526662, -0.0117873, -0.0158754, 1.0)]])
-0.0526662, -0.0117873, -0.0158754
float3(-0.186183, 0.101718, -1.5642)
194414.984921541
normal
simd_float4x4([[0.00896228, -0.982438, 0.186374, 0.0)], [0.999822, 0.00570583, -0.0180018, 0.0)], [0.0166222, 0.186502, 0.982314, 0.0)], [-0.0366679, -0.0173678, -0.0176454, 1.0)]])
-0.0366679, -0.0173678, -0.0176454
float3(-0.1876, 0.0169199, -1.56499)
194415.084972208
normal
simd_float4x4([[-0.0141763, -0.98272, 0.184557, 0.0)], [0.994688, 0.00496049, 0.102818, 0.0)], [-0.101957, 0.185034, 0.977429, 0.0)], [-0.00797677, -0.0210851, -0.0125248, 1.0)]])
-0.00797677, -0.0210851, -0.0125248
float3(-0.186106, -0.103935, -1.56575)
194415.185023
normal
simd_float4x4([[-0.0380989, -0.982907, 0.180118, 0.0)], [0.965063, 0.0105686, 0.261805, 0.0)], [-0.259233, 0.1838, 0.948164, 0.0)], [0.0285112, -0.0225178, 0.00213679, 1.0)]])
0.0285112, -0.0225178, 0.00213679
float3(-0.184851, -0.266883, -1.56004)
194415.285073708
normal
simd_float4x4([[-0.0739411, -0.982851, 0.168928, 0.0)], [0.899878, 0.00725269, 0.43608, 0.0)], [-0.429827, 0.184259, 0.88391, 0.0)], [0.0697093, -0.0228209, 0.0263277, 1.0)]])
0.0697093, -0.0228209, 0.0263277
float3(-0.185318, -0.452611, -1.56342)
194415.385124541
normal
simd_float4x4([[-0.108923, -0.982952, 0.148125, 0.0)], [0.797672, 0.00248929, 0.603086, 0.0)], [-0.593174, 0.183845, 0.783802, 0.0)], [0.103613, -0.0208842, 0.0599044, 1.0)]])
0.103613, -0.0208842, 0.0599044
float3(-0.184897, -0.647833, -1.56826)
194415.485175416
normal
simd_float4x4([[-0.127831, -0.984123, 0.123129, 0.0)], [0.65213, 0.0101346, 0.75804, 0.0)], [-0.747252, 0.177197, 0.64048, 0.0)], [0.118735, -0.0193737, 0.0948957, 1.0)]])
0.118735, -0.0193737, 0.0948957
float3(-0.178138, -0.862187, -1.5605)
194415.585226041
normal
simd_float4x4([[-0.15142, -0.983488, 0.0991168, 0.0)], [0.493096, 0.011751, 0.869896, 0.0)], [-0.856696, 0.180593, 0.483174, 0.0)], [0.121645, -0.0158249, 0.124169, 1.0)]])
0.121645, -0.0158249, 0.124169
float3(-0.18159, -1.05727, -1.55885)
194415.685276833
normal
simd_float4x4([[-0.161481, -0.984988, 0.061013, 0.0)], [0.331915, 0.00401599, 0.943301, 0.0)], [-0.929385, 0.172576, 0.326284, 0.0)], [0.108635, -0.0125484, 0.148118, 1.0)]])
0.108635, -0.0125484, 0.148118
float3(-0.173444, -1.23316, -1.56672)
194415.785327666
normal
simd_float4x4([[-0.148682, -0.988597, 0.0238792, 0.0)], [0.174606, -0.00247668, 0.984635, 0.0)], [-0.973348, 0.150567, 0.172983, 0.0)], [0.0841831, -0.00592751, 0.160809, 1.0)]])
0.0841831, -0.00592751, 0.160809
float3(-0.151142, -1.39491, -1.5733)
194415.885378416
normal
simd_float4x4([[-0.152041, -0.988372, 0.00189999, 0.0)], [0.0223377, -0.00151434, 0.999749, 0.0)], [-0.988122, 0.152046, 0.0223082, 0.0)], [0.0543337, -0.000475012, 0.165689, 1.0)]])
0.0543337, -0.000475012, 0.165689
float3(-0.152638, -1.54822, -1.57233)
194415.985429083
normal
simd_float4x4([[-0.137253, -0.990285, -0.022295, 0.0)], [-0.108207, -0.00738344, 0.994101, 0.0)], [-0.984608, 0.138856, -0.106143, 0.0)], [0.0117552, 0.000540078, 0.164683, 1.0)]])
0.0117552, 0.000540078, 0.164683
float3(-0.139306, -1.67818, -1.57825)
194416.08548
normal
simd_float4x4([[-0.129915, -0.99076, -0.0389421, 0.0)], [-0.228743, -0.00826748, 0.973452, 0.0)], [-0.964779, 0.135374, -0.225555, 0.0)], [-0.0315475, -0.00110661, 0.16177, 1.0)]])
-0.0315475, -0.00110661, 0.16177
float3(-0.135791, -1.80046, -1.57914)
194416.185530666
normal
simd_float4x4([[-0.138238, -0.989071, -0.0512748, 0.0)], [-0.342691, -0.000805745, 0.939448, 0.0)], [-0.929222, 0.147439, -0.338834, 0.0)], [-0.0734481, -0.00111322, 0.157425, 1.0)]])
-0.0734481, -0.00111322, 0.157425
float3(-0.147979, -1.92046, -1.57161)
194416.285581416
normal
simd_float4x4([[-0.113089, -0.992734, -0.0411051, 0.0)], [-0.431593, 0.0118181, 0.901991, 0.0)], [-0.894951, 0.119746, -0.429794, 0.0)], [-0.123483, 0.00297007, 0.149477, 1.0)]])
-0.123483, 0.00297007, 0.149477
float3(-0.120034, -2.01851, -1.55889)
194416.385632333
normal
simd_float4x4([[-0.0923271, -0.995038, -0.0370895, 0.0)], [-0.497806, 0.0138667, 0.867177, 0.0)], [-0.86236, 0.0985274, -0.496616, 0.0)], [-0.171127, 0.00931557, 0.14354, 1.0)]])
-0.171127, 0.00931557, 0.14354
float3(-0.0986875, -2.09329, -1.55686)
194416.485683083
normal
simd_float4x4([[-0.0741824, -0.99698, -0.0229588, 0.0)], [-0.546405, 0.0213759, 0.837249, 0.0)], [-0.83423, 0.0746539, -0.54634, 0.0)], [-0.214569, 0.017555, 0.133873, 1.0)]])
-0.214569, 0.017555, 0.133873
float3(-0.0747234, -2.15061, -1.54936)
194416.585733875
normal
simd_float4x4([[-0.0356655, -0.999364, 5.70471e-05, 0.0)], [-0.578372, 0.0206876, 0.815511, 0.0)], [-0.814993, 0.0290526, -0.578742, 0.0)], [-0.263502, 0.0249055, 0.124509, 1.0)]])
-0.263502, 0.0249055, 0.124509
float3(-0.0290567, -2.18828, -1.5501)
194416.685784666
normal
simd_float4x4([[-0.0181708, -0.999444, 0.0279521, 0.0)], [-0.607325, 0.0332412, 0.793758, 0.0)], [-0.794246, -0.00255273, -0.607592, 0.0)], [-0.309145, 0.0351634, 0.117097, 1.0)]])
-0.309145, 0.0351634, 0.117097
float3(0.00255274, -2.22382, -1.53755)
194416.7858355
normal
simd_float4x4([[-0.0399776, -0.999158, 0.00926291, 0.0)], [-0.627499, 0.0323192, 0.777946, 0.0)], [-0.77759, 0.025288, -0.628263, 0.0)], [-0.347343, 0.0455206, 0.118301, 1.0)]])
-0.347343, 0.0455206, 0.118301
float3(-0.0252907, -2.25037, -1.53846)
194416.885886291
normal
simd_float4x4([[-0.0197213, -0.9998, -0.00334708, 0.0)], [-0.630013, 0.00982759, 0.776522, 0.0)], [-0.776334, 0.0174228, -0.630081, 0.0)], [-0.393303, 0.0480741, 0.110696, 1.0)]])
-0.393303, 0.0480741, 0.110696
float3(-0.0174236, -2.25258, -1.56097)
194416.985937041
normal
simd_float4x4([[-0.0297102, -0.999548, 0.00458028, 0.0)], [-0.643747, 0.0226395, 0.764903, 0.0)], [-0.764661, 0.0197769, -0.644129, 0.0)], [-0.429068, 0.0501742, 0.0961945, 1.0)]])
-0.429068, 0.0501742, 0.0961945
float3(-0.0197781, -2.27085, -1.54815)
194417.085987916
normal
simd_float4x4([[-0.0265141, -0.999648, -0.000387792, 0.0)], [-0.647428, 0.0168764, 0.76194, 0.0)], [-0.761666, 0.0204532, -0.647648, 0.0)], [-0.4689, 0.0524706, 0.0837899, 1.0)]])
-0.4689, 0.0524706, 0.0837899
float3(-0.0204546, -2.27547, -1.55392)
194417.186038666
normal
simd_float4x4([[-0.0234291, -0.999721, 0.00284373, 0.0)], [-0.65109, 0.0174171, 0.758801, 0.0)], [-0.758639, 0.0159265, -0.651317, 0.0)], [-0.504771, 0.055493, 0.0655989, 1.0)]])
-0.504771, 0.055493, 0.0655989
float3(-0.0159272, -2.28022, -1.55338)
194417.286089583
normal
simd_float4x4([[-0.0232248, -0.999701, -0.00760133, 0.0)], [-0.649423, 0.00930569, 0.760371, 0.0)], [-0.760073, 0.022596, -0.649445, 0.0)], [-0.537207, 0.0579374, 0.0479539, 1.0)]])
-0.537207, 0.0579374, 0.0479539
float3(-0.0225979, -2.27787, -1.56149)
194417.386140208
normal
simd_float4x4([[-0.0238417, -0.999564, -0.0174039, 0.0)], [-0.644038, 0.00204201, 0.764991, 0.0)], [-0.764622, 0.0294475, -0.643806, 0.0)], [-0.448515, 0.0600521, 0.124866, 1.0)]])
-0.448515, 0.0600521, 0.124866
float3(-0.0294517, -2.27062, -1.56875)
194417.486191083
normal
simd_float4x4([[-0.0287828, -0.999213, -0.0272938, 0.0)], [-0.643343, -0.00238003, 0.765574, 0.0)], [-0.765037, 0.0395947, -0.642769, 0.0)], [-0.256965, 0.047337, 0.219594, 1.0)]])
-0.256965, 0.047337, 0.219594
float3(-0.039605, -2.26956, -1.57318)
194417.586241958
normal
simd_float4x4([[-0.0308828, -0.999098, -0.0291306, 0.0)], [-0.645741, -0.00230255, 0.763554, 0.0)], [-0.762932, 0.0423915, -0.645087, 0.0)], [-0.157226, 0.0406296, 0.253402, 1.0)]])
-0.157226, 0.0406296, 0.253402
float3(-0.0424042, -2.27269, -1.5731)
194417.68629275
normal
simd_float4x4([[-0.0305329, -0.999139, -0.0280955, 0.0)], [-0.648681, -0.00157754, 0.761059, 0.0)], [-0.760448, 0.0414623, -0.648075, 0.0)], [-0.139074, 0.0400767, 0.24633, 1.0)]])
-0.139074, 0.0400767, 0.24633
float3(-0.0414742, -2.27658, -1.57238)
194417.786343541
normal
simd_float4x4([[-0.031778, -0.999104, -0.0279608, 0.0)], [-0.656573, -0.000225423, 0.754262, 0.0)], [-0.753593, 0.0423273, -0.655977, 0.0)], [-0.131028, 0.0391871, 0.235826, 1.0)]])
-0.131028, 0.0391871, 0.235826
float3(-0.04234, -2.28705, -1.57102)
194417.886394416
normal
simd_float4x4([[-0.0388279, -0.998684, -0.0334951, 0.0)], [-0.660173, 0.000475156, 0.751114, 0.0)], [-0.75011, 0.0512767, -0.659323, 0.0)], [-0.123057, 0.0390448, 0.225457, 1.0)]])
-0.123057, 0.0390448, 0.225457
float3(-0.0512992, -2.29187, -1.57032)
194417.986445291
normal
simd_float4x4([[-0.0421919, -0.998518, -0.0343797, 0.0)], [-0.675087, 0.00312486, 0.737732, 0.0)], [-0.736531, 0.0543356, -0.674218, 0.0)], [-0.116392, 0.0369486, 0.210368, 1.0)]])
-0.116392, 0.0369486, 0.210368
float3(-0.0543624, -2.31205, -1.56767)
194418.086496083
normal
simd_float4x4([[-0.0378132, -0.998745, -0.0328322, 0.0)], [-0.684377, 0.00194212, 0.729126, 0.0)], [-0.728147, 0.0500402, -0.683592, 0.0)], [-0.115278, 0.0241271, 0.194502, 1.0)]])
-0.115278, 0.0241271, 0.194502
float3(-0.0500611, -2.32464, -1.56885)
194418.186546791
normal
simd_float4x4([[-0.0351387, -0.999037, -0.0262903, 0.0)], [-0.693819, 0.00545267, 0.720129, 0.0)], [-0.719292, 0.0435451, -0.693342, 0.0)], [-0.109703, 0.0227302, 0.175646, 1.0)]])
-0.109703, 0.0227302, 0.175646
float3(-0.0435589, -2.33783, -1.56534)
194418.286597875
normal
simd_float4x4([[-0.0382518, -0.998845, -0.0290971, 0.0)], [-0.704931, 0.0063351, 0.709248, 0.0)], [-0.708244, 0.0476414, -0.704359, 0.0)], [-0.0991825, 0.021352, 0.159061, 1.0)]])
-0.0991825, 0.021352, 0.159061
float3(-0.0476595, -2.35344, -1.56445)
194418.386648541
normal
simd_float4x4([[-0.0415784, -0.998738, -0.0281684, 0.0)], [-0.704747, 0.00933145, 0.709398, 0.0)], [-0.70824, 0.0493472, -0.704246, 0.0)], [-0.0887289, 0.0206578, 0.141548, 1.0)]])
-0.0887289, 0.0206578, 0.141548
float3(-0.0493672, -2.35337, -1.56145)
194418.486699541
normal
simd_float4x4([[-0.0414947, -0.998799, -0.0260345, 0.0)], [-0.715767, 0.011536, 0.698244, 0.0)], [-0.697105, 0.047608, -0.715387, 0.0)], [-0.0565017, 0.0171825, 0.100999, 1.0)]])
-0.0565017, 0.0171825, 0.100999
float3(-0.047626, -2.36914, -1.55925)
194418.586750291
normal
simd_float4x4([[-0.0580347, -0.997811, -0.0316997, 0.0)], [-0.662534, 0.0147427, 0.748887, 0.0)], [-0.74678, 0.0644635, -0.661939, 0.0)], [-0.0597057, 0.0138203, 0.103048, 1.0)]])
-0.0597057, 0.0138203, 0.103048
float3(-0.0645083, -2.29604, -1.55602)
194418.686801041
normal
simd_float4x4([[-0.0777131, -0.996417, -0.0333857, 0.0)], [-0.613749, 0.0214248, 0.789211, 0.0)], [-0.785667, 0.0818224, -0.613215, 0.0)], [-0.0435706, 0.0091097, 0.085499, 1.0)]])
-0.0435706, 0.0091097, 0.085499
float3(-0.081914, -2.23353, -1.5493)
194418.786852041
normal
simd_float4x4([[-0.0942046, -0.994787, -0.039056, 0.0)], [-0.538489, 0.0179192, 0.842442, 0.0)], [-0.83735, 0.100393, -0.53737, 0.0)], [-0.0280184, 0.00217896, 0.0686978, 1.0)]])
-0.0280184, 0.00217896, 0.0686978
float3(-0.100563, -2.14135, -1.55279)
194418.886902875
normal
simd_float4x4([[-0.115751, -0.991968, -0.0510075, 0.0)], [-0.453058, 0.00702748, 0.891453, 0.0)], [-0.883934, 0.126296, -0.450233, 0.0)], [-0.0146705, -0.00493342, 0.0532053, 1.0)]])
-0.0146705, -0.00493342, 0.0532053
float3(-0.126634, -2.0419, -1.56371)
194418.986953833
normal
simd_float4x4([[-0.134516, -0.989535, -0.0522176, 0.0)], [-0.350963, -0.00170364, 0.936388, 0.0)], [-0.926677, 0.144286, -0.347061, 0.0)], [-0.00446909, -0.0113349, 0.0350223, 1.0)]])
-0.00446909, -0.0113349, 0.0350223
float3(-0.144791, -1.92915, -1.57252)
194419.087004625
normal
simd_float4x4([[-0.161248, -0.986121, -0.0395424, 0.0)], [-0.224574, -0.00235294, 0.974454, 0.0)], [-0.961023, 0.166009, -0.221078, 0.0)], [0.00692266, -0.0171125, 0.012381, 1.0)]])
0.00692266, -0.0171125, 0.012381
float3(-0.166781, -1.79691, -1.57318)
194419.187055541
normal
simd_float4x4([[-0.176538, -0.983879, -0.0285797, 0.0)], [-0.0764044, -0.0152504, 0.99696, 0.0)], [-0.981324, 0.178185, -0.0724804, 0.0)], [0.0156824, -0.0221178, -0.00942241, 1.0)]])
0.0156824, -0.0221178, -0.00942241
float3(-0.179141, -1.64452, -1.5863)
194419.287106291
normal
simd_float4x4([[-0.191044, -0.981512, -0.011696, 0.0)], [0.0783554, -0.0271266, 0.996556, 0.0)], [-0.978449, 0.18947, 0.0820891, 0.0)], [0.023305, -0.0260365, -0.0321282, 1.0)]])
0.023305, -0.0260365, -0.0321282
float3(-0.190622, -1.4871, -1.59843)
194419.387157083
normal
simd_float4x4([[-0.200685, -0.979611, 0.00937781, 0.0)], [0.228968, -0.0375952, 0.972708, 0.0)], [-0.952522, 0.197355, 0.231845, 0.0)], [0.0279939, -0.0271496, -0.0507741, 1.0)]])
0.0279939, -0.0271496, -0.0507741
float3(-0.198659, -1.33204, -1.60916)
194419.487208083
normal
simd_float4x4([[-0.195463, -0.980017, 0.0368891, 0.0)], [0.366776, -0.0381644, 0.929526, 0.0)], [-0.909544, 0.195218, 0.366906, 0.0)], [0.0276412, -0.0272894, -0.0603905, 1.0)]])
0.0276412, -0.0272894, -0.0603905
float3(-0.19648, -1.18737, -1.60972)
194419.587258958
normal
simd_float4x4([[-0.187329, -0.979742, 0.0708037, 0.0)], [0.488829, -0.0304591, 0.871848, 0.0)], [-0.852029, 0.197933, 0.484633, 0.0)], [0.0260069, -0.0220643, -0.0642529, 1.0)]])
0.0260069, -0.0220643, -0.0642529
float3(-0.199249, -1.05364, -1.60188)
194419.687309875
normal
simd_float4x4([[-0.177987, -0.978934, 0.100045, 0.0)], [0.593577, -0.0257173, 0.804366, 0.0)], [-0.784849, 0.202551, 0.58565, 0.0)], [0.0229537, -0.0185756, -0.0590685, 1.0)]])
0.0229537, -0.0185756, -0.0590685
float3(-0.203962, -0.929735, -1.59706)
194419.787360833
normal
simd_float4x4([[-0.160898, -0.978586, 0.128378, 0.0)], [0.678948, -0.0153369, 0.734026, 0.0)], [-0.716339, 0.205265, 0.666877, 0.0)], [0.00868383, -0.020266, -0.0600198, 1.0)]])
0.00868383, -0.020266, -0.0600198
float3(-0.206735, -0.821142, -1.58647)
194419.88741175
normal
simd_float4x4([[-0.145153, -0.975495, 0.165348, 0.0)], [0.753245, -0.000594351, 0.65774, 0.0)], [-0.641523, 0.220021, 0.734873, 0.0)], [-0.00743623, -0.0248485, -0.0632775, 1.0)]])
-0.00743623, -0.0248485, -0.0632775
float3(-0.221836, -0.71768, -1.57141)
194419.9874625
normal
simd_float4x4([[-0.134562, -0.974065, 0.181906, 0.0)], [0.818565, -0.00581495, 0.574384, 0.0)], [-0.55843, 0.226193, 0.798119, 0.0)], [-0.026361, -0.0285356, -0.0621312, 1.0)]])
-0.026361, -0.0285356, -0.0621312
float3(-0.228167, -0.610513, -1.57677)
194420.0875135
normal
simd_float4x4([[-0.127844, -0.971853, 0.197883, 0.0)], [0.866047, -0.0121563, 0.499814, 0.0)], [-0.48334, 0.235275, 0.843225, 0.0)], [-0.0467039, -0.0307006, -0.0620162, 1.0)]])
-0.0467039, -0.0307006, -0.0620162
float3(-0.237501, -0.520484, -1.5833)
194420.187564375
normal
simd_float4x4([[-0.111747, -0.97208, 0.206331, 0.0)], [0.90583, -0.0142608, 0.423402, 0.0)], [-0.408638, 0.234214, 0.882133, 0.0)], [-0.0694813, -0.0310165, -0.0609204, 1.0)]])
-0.0694813, -0.0310165, -0.0609204
float3(-0.23641, -0.433808, -1.58547)
194420.287615083
normal
simd_float4x4([[-0.0827708, -0.971972, 0.220045, 0.0)], [0.934762, 0.000828428, 0.355274, 0.0)], [-0.345498, 0.235096, 0.908494, 0.0)], [-0.0948755, -0.0283386, -0.061017, 1.0)]])
-0.0948755, -0.0283386, -0.061017
float3(-0.237317, -0.363407, -1.56994)
194420.387666166
normal
simd_float4x4([[-0.0682565, -0.971262, 0.228015, 0.0)], [0.956755, 0.00105331, 0.290893, 0.0)], [-0.282773, 0.238009, 0.929188, 0.0)], [-0.115072, -0.0256751, -0.0605474, 1.0)]])
-0.115072, -0.0256751, -0.0605474
float3(-0.240316, -0.295418, -1.56971)
194420.487717
normal
simd_float4x4([[-0.0635926, -0.971677, 0.227595, 0.0)], [0.963131, -1.75255e-05, 0.269034, 0.0)], [-0.261411, 0.236313, 0.935853, 0.0)], [-0.129417, -0.0232162, -0.0592239, 1.0)]])
-0.129417, -0.0232162, -0.0592239
float3(-0.238569, -0.272386, -1.57081)
194420.58776775
normal
simd_float4x4([[-0.0656359, -0.973429, 0.219379, 0.0)], [0.958311, -0.000223125, 0.285727, 0.0)], [-0.278086, 0.228987, 0.932863, 0.0)], [-0.136813, -0.0204897, -0.0534636, 1.0)]])
-0.136813, -0.0204897, -0.0534636
float3(-0.231037, -0.289712, -1.57103)
194420.687818875
normal
simd_float4x4([[-0.0778976, -0.975087, 0.207695, 0.0)], [0.938336, -0.00132235, 0.345722, 0.0)], [-0.336834, 0.221819, 0.915062, 0.0)], [-0.143027, -0.0184093, -0.04659, 1.0)]])
-0.143027, -0.0184093, -0.04659
float3(-0.223679, -0.352707, -1.57215)
194420.787869583
normal
simd_float4x4([[-0.0898487, -0.978656, 0.184823, 0.0)], [0.899188, 8.23916e-05, 0.437563, 0.0)], [-0.428239, 0.205505, 0.879988, 0.0)], [-0.138961, -0.0159708, -0.0343374, 1.0)]])
-0.138961, -0.0159708, -0.0343374
float3(-0.206979, -0.452903, -1.57071)
194420.887920666
normal
simd_float4x4([[-0.105406, -0.980585, 0.165359, 0.0)], [0.837959, 0.00195371, 0.54573, 0.0)], [-0.535458, 0.196087, 0.821484, 0.0)], [-0.129855, -0.0132413, -0.0213196, 1.0)]])
-0.129855, -0.0132413, -0.0213196
float3(-0.197366, -0.577652, -1.5688)
194420.987971625
normal
simd_float4x4([[-0.12538, -0.980928, 0.148524, 0.0)], [0.753546, 0.00321948, 0.657387, 0.0)], [-0.645328, 0.194343, 0.738771, 0.0)], [-0.120722, -0.010973, -0.0109849, 1.0)]])
-0.120722, -0.010973, -0.0109849
float3(-0.195587, -0.717988, -1.56751)
194421.088022583
normal
simd_float4x4([[-0.167101, -0.97611, 0.138876, 0.0)], [0.659929, -0.00608223, 0.751303, 0.0)], [-0.73251, 0.217192, 0.64518, 0.0)], [-0.10877, -0.00957457, -0.00192649, 1.0)]])
-0.10877, -0.00957457, -0.00192649
float3(-0.218936, -0.848702, -1.57703)
194421.1880735
normal
simd_float4x4([[-0.178724, -0.978116, 0.10652, 0.0)], [0.565281, -0.0134673, 0.824789, 0.0)], [-0.805304, 0.207623, 0.555317, 0.0)], [-0.109958, -0.00751405, 0.0111972, 1.0)]])
-0.109958, -0.00751405, 0.0111972
float3(-0.209145, -0.967102, -1.58456)
194421.288124291
normal
simd_float4x4([[-0.179048, -0.980898, 0.0760355, 0.0)], [0.458155, -0.0147368, 0.88875, 0.0)], [-0.870652, 0.193965, 0.452042, 0.0)], [-0.113852, -0.00777869, 0.0230156, 1.0)]])
-0.113852, -0.00777869, 0.0230156
float3(-0.195203, -1.09191, -1.58582)
194421.38817525
normal
simd_float4x4([[-0.207983, -0.977152, 0.0437744, 0.0)], [0.363012, -0.035554, 0.931106, 0.0)], [-0.908276, 0.209544, 0.362113, 0.0)], [-0.113259, -0.0107391, 0.0361845, 1.0)]])
-0.113259, -0.0107391, 0.0361845
float3(-0.211109, -1.19143, -1.60717)
194421.488226041
normal
simd_float4x4([[-0.221596, -0.974953, 0.019029, 0.0)], [0.274738, -0.0436974, 0.960526, 0.0)], [-0.935636, 0.218077, 0.27754, 0.0)], [-0.116194, -0.0115058, 0.049197, 1.0)]])
-0.116194, -0.0115058, 0.049197
float3(-0.219843, -1.28243, -1.61559)
194421.588277041
normal
simd_float4x4([[-0.230645, -0.97299, 0.00962525, 0.0)], [0.189193, -0.0351401, 0.981311, 0.0)], [-0.954468, 0.228156, 0.192188, 0.0)], [-0.116129, -0.0142062, 0.0563402, 1.0)]])
-0.116129, -0.0142062, 0.0563402
float3(-0.230183, -1.3721, -1.6069)
194421.688327916
normal
simd_float4x4([[-0.231602, -0.972792, -0.00605128, 0.0)], [0.114575, -0.033454, 0.992851, 0.0)], [-0.96604, 0.229253, 0.119206, 0.0)], [-0.114574, -0.0177382, 0.0597999, 1.0)]])
-0.114574, -0.0177382, 0.0597999
float3(-0.23131, -1.44802, -1.60517)
194421.78837875
normal
simd_float4x4([[-0.229993, -0.973143, -0.00981438, 0.0)], [0.0672156, -0.0259448, 0.997401, 0.0)], [-0.970868, 0.228736, 0.0713775, 0.0)], [-0.108031, -0.0184047, 0.0571009, 1.0)]])
-0.108031, -0.0184047, 0.0571009
float3(-0.230779, -1.49741, -1.59745)
194421.888429875
normal
simd_float4x4([[-0.232033, -0.972661, -0.00949984, 0.0)], [0.0349325, -0.0180926, 0.999226, 0.0)], [-0.97208, 0.231522, 0.0381756, 0.0)], [-0.0954638, -0.0178679, 0.0468559, 1.0)]])
-0.0954638, -0.0178679, 0.0468559
float3(-0.233642, -1.53154, -1.5894)
194421.98848075
normal
simd_float4x4([[-0.22207, -0.974955, -0.0121298, 0.0)], [0.0136075, -0.0155381, 0.999787, 0.0)], [-0.974936, 0.221857, 0.0167172, 0.0)], [-0.0813293, -0.0187844, 0.0352243, 1.0)]])
-0.0813293, -0.0187844, 0.0352243
float3(-0.223719, -1.55365, -1.58673)
194422.088531708
normal
simd_float4x4([[-0.226634, -0.973924, -0.0104548, 0.0)], [0.00944746, -0.0129318, 0.999872, 0.0)], [-0.973934, 0.226506, 0.0121319, 0.0)], [-0.0513393, -0.0237229, 0.0233574, 1.0)]])
-0.0513393, -0.0237229, 0.0233574
float3(-0.228489, -1.55834, -1.58407)
194422.188582583
normal
simd_float4x4([[-0.244912, -0.969532, -0.00500979, 0.0)], [0.00913272, -0.00747386, 0.999931, 0.0)], [-0.969502, 0.24485, 0.0106849, 0.0)], [-0.00698059, -0.029371, 0.0113151, 1.0)]])
-0.00698059, -0.029371, 0.0113151
float3(-0.247365, -1.55978, -1.5785)
194422.288633666
normal
simd_float4x4([[-0.262551, -0.964911, -0.00375425, 0.0)], [0.0105422, -0.00675898, 0.999922, 0.0)], [-0.96486, 0.262491, 0.0119468, 0.0)], [0.0505849, -0.040109, 0.00379961, 1.0)]])
0.0505849, -0.040109, 0.00379961
float3(-0.265603, -1.55842, -1.5778)
194422.388684541
normal
simd_float4x4([[-0.275276, -0.961359, -0.00347358, 0.0)], [0.014388, -0.00773256, 0.999867, 0.0)], [-0.961258, 0.275189, 0.0159606, 0.0)], [0.120402, -0.0538393, 0.00121296, 1.0)]])
0.120402, -0.0538393, 0.00121296
float3(-0.278786, -1.55419, -1.57884)
194422.488735416
normal
simd_float4x4([[-0.299491, -0.954099, -0.0001374, 0.0)], [0.0290648, -0.00926735, 0.999535, 0.0)], [-0.953656, 0.299348, 0.0305062, 0.0)], [0.204102, -0.0625324, 0.00187293, 1.0)]])
0.204102, -0.0625324, 0.00187293
float3(-0.304009, -1.53882, -1.58051)
194422.588786333
normal
simd_float4x4([[-0.307716, -0.951357, 0.0152097, 0.0)], [0.0462616, 0.00100689, 0.998929, 0.0)], [-0.950353, 0.30809, 0.0437014, 0.0)], [0.289243, -0.0578772, 0.00186853, 1.0)]])
0.289243, -0.0578772, 0.00186853
float3(-0.313185, -1.52484, -1.56974)
194422.688837208
normal
simd_float4x4([[-0.294251, -0.955584, 0.0166308, 0.0)], [0.0542646, 0.000668578, 0.998527, 0.0)], [-0.954187, 0.29472, 0.0516577, 0.0)], [0.367651, -0.0495426, 0.00469412, 1.0)]])
0.367651, -0.0495426, 0.00469412
float3(-0.299162, -1.51671, -1.5701)
194422.788888291
normal
simd_float4x4([[-0.27791, -0.960503, 0.014128, 0.0)], [0.0536583, -0.000837674, 0.998559, 0.0)], [-0.959107, 0.278268, 0.0517718, 0.0)], [0.442701, -0.0415897, 0.00229701, 1.0)]])
0.442701, -0.0415897, 0.00229701
float3(-0.28199, -1.51687, -1.57167)
194422.888939208
normal
simd_float4x4([[-0.244623, -0.969137, 0.030538, 0.0)], [0.0539939, 0.0178308, 0.998382, 0.0)], [-0.968114, 0.245876, 0.0479657, 0.0)], [0.517743, -0.0422385, -0.00780426, 1.0)]])
0.517743, -0.0422385, -0.00780426
float3(-0.248423, -1.52129, -1.5524)
194422.988990291
normal
simd_float4x4([[-0.232717, -0.970987, 0.055027, 0.0)], [0.0643445, 0.0410843, 0.997082, 0.0)], [-0.970414, 0.235578, 0.0529167, 0.0)], [0.604712, -0.0534218, -0.0260698, 1.0)]])
0.604712, -0.0534218, -0.0260698
float3(-0.237813, -1.51632, -1.52851)
194423.089041208
normal
simd_float4x4([[-0.214921, -0.975519, 0.0466048, 0.0)], [0.0625749, 0.0338671, 0.997466, 0.0)], [-0.974625, 0.217293, 0.0537642, 0.0)], [0.698728, -0.0680853, -0.0443318, 1.0)]])
0.698728, -0.0680853, -0.0443318
float3(-0.21904, -1.51569, -1.53609)
194423.189092166
normal
simd_float4x4([[-0.180389, -0.982815, 0.0391741, 0.0)], [0.0205671, 0.0360498, 0.999138, 0.0)], [-0.98338, 0.181039, 0.0137107, 0.0)], [0.790134, -0.0721454, -0.0608378, 1.0)]])
0.790134, -0.0721454, -0.0608378
float3(-0.182043, -1.55685, -1.53413)
194423.289143083
normal
simd_float4x4([[-0.16754, -0.985482, 0.0274794, 0.0)], [0.00984349, 0.0261999, 0.999608, 0.0)], [-0.985816, 0.167745, 0.00531105, 0.0)], [0.884999, -0.0607472, -0.0764012, 1.0)]])
0.884999, -0.0607472, -0.0764012
float3(-0.168542, -1.56541, -1.54422)
194423.389194083
normal
simd_float4x4([[-0.14727, -0.988992, -0.0143654, 0.0)], [0.00810224, -0.0157295, 0.999843, 0.0)], [-0.989063, 0.147131, 0.0103296, 0.0)], [0.974931, -0.0527116, -0.0832505, 1.0)]])
0.974931, -0.0527116, -0.0832505
float3(-0.147667, -1.56035, -1.5867)
194423.489245
normal
simd_float4x4([[-0.170038, -0.985408, -0.00761973, 0.0)], [-0.00710895, -0.00650551, 0.999954, 0.0)], [-0.985412, 0.170084, -0.00589905, 0.0)], [1.07634, -0.057172, -0.0980459, 1.0)]])
1.07634, -0.057172, -0.0980459
float3(-0.170915, -1.57678, -1.5774)
194423.589296041
normal
simd_float4x4([[-0.157183, -0.986096, -0.0539317, 0.0)], [0.00621388, -0.055597, 0.998434, 0.0)], [-0.98755, 0.156602, 0.0148664, 0.0)], [1.16664, -0.0701516, -0.0948362, 1.0)]])
1.16664, -0.0701516, -0.0948362
float3(-0.157249, -1.55574, -1.62712)
194423.689346916
normal
simd_float4x4([[-0.144452, -0.988772, -0.0382443, 0.0)], [0.0202128, -0.0415902, 0.99893, 0.0)], [-0.989305, 0.143525, 0.0259936, 0.0)], [1.26077, -0.0795747, -0.100161, 1.0)]])
1.26077, -0.0795747, -0.100161
float3(-0.144022, -1.54453, -1.61283)
194423.789397875
normal
simd_float4x4([[-0.116467, -0.993143, -0.0101465, 0.0)], [0.0486102, -0.0159038, 0.998691, 0.0)], [-0.992004, 0.115822, 0.0501291, 0.0)], [1.35234, -0.081395, -0.0942944, 1.0)]])
1.35234, -0.081395, -0.0942944
float3(-0.116082, -1.52031, -1.58681)
194423.889448875
normal
simd_float4x4([[-0.0939804, -0.995571, 0.00254423, 0.0)], [0.0486202, -0.00203715, 0.998815, 0.0)], [-0.994386, 0.0939928, 0.0485963, 0.0)], [1.44029, -0.0725676, -0.09114, 1.0)]])
1.44029, -0.0725676, -0.09114
float3(-0.0941317, -1.52196, -1.57284)
194423.989499958
normal
simd_float4x4([[-0.0884973, -0.995797, 0.0235805, 0.0)], [0.0749334, 0.0169506, 0.997045, 0.0)], [-0.993254, 0.0900027, 0.0731184, 0.0)], [1.52665, -0.0629152, -0.0911964, 1.0)]])
1.52665, -0.0629152, -0.0911964
float3(-0.0901247, -1.49731, -1.55378)
194424.089550833
normal
simd_float4x4([[-0.108116, -0.993966, 0.0185213, 0.0)], [0.0442123, 0.0138046, 0.998927, 0.0)], [-0.993155, 0.108819, 0.042453, 0.0)], [1.61406, -0.0612766, -0.0939941, 1.0)]])
1.61406, -0.0612766, -0.0939941
float3(-0.109035, -1.52808, -1.55691)
194424.189601958
normal
simd_float4x4([[-0.0834313, -0.99547, 0.0455884, 0.0)], [0.0715351, 0.039647, 0.99665, 0.0)], [-0.993943, 0.0864129, 0.0679032, 0.0)], [1.6976, -0.0697446, -0.105761, 1.0)]])
1.6976, -0.0697446, -0.105761
float3(-0.0865208, -1.50259, -1.53099)
194424.289652833
normal
simd_float4x4([[-0.0463201, -0.997996, 0.0431129, 0.0)], [0.055485, 0.0405222, 0.997637, 0.0)], [-0.997385, 0.0486028, 0.0534968, 0.0)], [1.79225, -0.0857394, -0.115575, 1.0)]])
1.79225, -0.0857394, -0.115575
float3(-0.048622, -1.51721, -1.53022)
194424.389703708
normal
