ARKit Data
192146.347841208
normal
simd_float4x4([[-0.520756, -0.828524, 0.205817, 0.0)], [0.387237, -0.0143867, 0.921868, 0.0)], [-0.760829, 0.559768, 0.328328, 0.0)], [17.9583, -0.321421, -6.7035, 1.0)]])
17.9583, -0.321421, -6.7035
float3(-0.594106, -1.1634, -1.58816)
192146.684112625
notAvailable
simd_float4x4([[1.0, 0.0, 0.0, 0.0)], [0.0, 1.0, 0.0, 0.0)], [0.0, 0.0, 1.0, 0.0)], [0.0, 0.0, 0.0, 1.0)]])
0.0, 0.0, 0.0
float3(-0.0, 0.0, 0.0)
192146.784152666
notAvailable
simd_float4x4([[1.0, 0.0, 0.0, 0.0)], [0.0, 1.0, 0.0, 0.0)], [0.0, 0.0, 1.0, 0.0)], [0.0, 0.0, 0.0, 1.0)]])
0.0, 0.0, 0.0
float3(-0.0, 0.0, 0.0)
192146.884203416
limited(__ObjC.ARCamera.TrackingState.Reason.initializing)
simd_float4x4([[-0.0529214, -0.884563, 0.463408, 0.0)], [0.998577, -0.0438057, 0.0304205, 0.0)], [-0.00660896, 0.464358, 0.885623, 0.0)], [0.0, 0.0, 0.0, 1.0)]])
0.0, 0.0, 0.0
float3(-0.48291, -0.00746236, -1.62028)
192146.9842545
limited(__ObjC.ARCamera.TrackingState.Reason.initializing)
simd_float4x4([[-0.0400108, -0.896788, 0.440646, 0.0)], [0.99903, -0.0277928, 0.0341493, 0.0)], [-0.0183779, 0.441585, 0.897031, 0.0)], [0.0, 0.0, 0.0, 1.0)]])
0.0, 0.0, 0.0
float3(-0.457364, -0.0204846, -1.60178)
192147.084305291
limited(__ObjC.ARCamera.TrackingState.Reason.initializing)
simd_float4x4([[-0.0262629, -0.906451, 0.421492, 0.0)], [0.999008, -0.00863413, 0.0436792, 0.0)], [-0.0359538, 0.422221, 0.905779, 0.0)], [0.0, 0.0, 0.0, 1.0)]])
0.0, 0.0, 0.0
float3(-0.435894, -0.039673, -1.58032)
192147.184356
limited(__ObjC.ARCamera.TrackingState.Reason.initializing)
simd_float4x4([[-0.0234143, -0.91303, 0.407218, 0.0)], [0.997297, 0.00704688, 0.0731429, 0.0)], [-0.0696514, 0.407829, 0.910397, 0.0)], [0.0, 0.0, 0.0, 1.0)]])
0.0, 0.0, 0.0
float3(-0.420075, -0.0763578, -1.56308)
192147.284407083
limited(__ObjC.ARCamera.TrackingState.Reason.initializing)
simd_float4x4([[-0.0265998, -0.921845, 0.386643, 0.0)], [0.994603, 0.0143949, 0.102746, 0.0)], [-0.100282, 0.38729, 0.916488, 0.0)], [0.0, 0.0, 0.0, 1.0)]])
0.0, 0.0, 0.0
float3(-0.39769, -0.108986, -1.55518)
192147.384457916
limited(__ObjC.ARCamera.TrackingState.Reason.initializing)
simd_float4x4([[-0.0416414, -0.929794, 0.365717, 0.0)], [0.991953, 0.0053282, 0.126493, 0.0)], [-0.119561, 0.368041, 0.92209, 0.0)], [0.0, 0.0, 0.0, 1.0)]])
0.0, 0.0, 0.0
float3(-0.376901, -0.128944, -1.56507)
192147.484508833
limited(__ObjC.ARCamera.TrackingState.Reason.initializing)
simd_float4x4([[-0.054564, -0.937937, 0.342485, 0.0)], [0.990718, -0.00808561, 0.135696, 0.0)], [-0.124505, 0.34671, 0.929672, 0.0)], [0.0, 0.0, 0.0, 1.0)]])
0.0, 0.0, 0.0
float3(-0.354062, -0.133131, -1.57942)
192147.584559708
limited(__ObjC.ARCamera.TrackingState.Reason.initializing)
simd_float4x4([[-0.0603394, -0.943988, 0.324413, 0.0)], [0.991587, -0.0193987, 0.127984, 0.0)], [-0.114522, 0.329406, 0.937216, 0.0)], [0.0, 0.0, 0.0, 1.0)]])
0.0, 0.0, 0.0
float3(-0.335675, -0.121591, -1.59134)
192147.684610708
limited(__ObjC.ARCamera.TrackingState.Reason.initializing)
simd_float4x4([[-0.059, -0.947551, 0.314107, 0.0)], [0.993418, -0.0247858, 0.111828, 0.0)], [-0.0981774, 0.318638, 0.942777, 0.0)], [0.0, 0.0, 0.0, 1.0)]])
0.0, 0.0, 0.0
float3(-0.324292, -0.103762, -1.59695)
192147.7846615
limited(__ObjC.ARCamera.TrackingState.Reason.initializing)
simd_float4x4([[-0.0506591, -0.948828, 0.311696, 0.0)], [0.996466, -0.0270845, 0.0795058, 0.0)], [-0.0669954, 0.314622, 0.946847, 0.0)], [0.0, 0.0, 0.0, 1.0)]])
0.0, 0.0, 0.0
float3(-0.320058, -0.0706386, -1.59933)
192147.88471225
limited(__ObjC.ARCamera.TrackingState.Reason.initializing)
simd_float4x4([[-0.0374457, -0.94723, 0.318352, 0.0)], [0.998817, -0.0255897, 0.0413443, 0.0)], [-0.0310162, 0.319524, 0.947068, 0.0)], [0.0, 0.0, 0.0, 1.0)]])
0.0, 0.0, 0.0
float3(-0.325227, -0.032738, -1.59781)
192147.984763208
limited(__ObjC.ARCamera.TrackingState.Reason.initializing)
simd_float4x4([[-0.0205988, -0.943517, 0.330675, 0.0)], [0.999722, -0.0232421, -0.00404173, 0.0)], [0.0114991, 0.3305, 0.943733, 0.0)], [0.0, 0.0, 0.0, 1.0)]])
0.0, 0.0, 0.0
float3(-0.336833, 0.0121841, -1.59542)
192148.084814166
limited(__ObjC.ARCamera.TrackingState.Reason.initializing)
simd_float4x4([[-0.00281598, -0.939504, 0.342519, 0.0)], [0.998274, -0.0227312, -0.0541436, 0.0)], [0.0586542, 0.341776, 0.937947, 0.0)], [0.0, 0.0, 0.0, 1.0)]])
0.0, 0.0, 0.0
float3(-0.348806, 0.0624534, -1.59499)
192148.184865125
limited(__ObjC.ARCamera.TrackingState.Reason.initializing)
simd_float4x4([[0.0118332, -0.934948, 0.354579, 0.0)], [0.995529, -0.0222183, -0.0918093, 0.0)], [0.0937154, 0.35408, 0.930505, 0.0)], [0.0, 0.0, 0.0, 1.0)]])
0.0, 0.0, 0.0
float3(-0.36193, 0.100376, -1.59456)
192148.284915916
limited(__ObjC.ARCamera.TrackingState.Reason.initializing)
simd_float4x4([[0.0261221, -0.929118, 0.368852, 0.0)], [0.992355, -0.0204189, -0.121714, 0.0)], [0.120619, 0.369211, 0.921481, 0.0)], [0.0, 0.0, 0.0, 1.0)]])
0.0, 0.0, 0.0
float3(-0.37816, 0.130157, -1.59277)
192148.384966708
limited(__ObjC.ARCamera.TrackingState.Reason.initializing)
simd_float4x4([[0.0340647, -0.923438, 0.382224, 0.0)], [0.991923, -0.0155144, -0.125886, 0.0)], [0.122179, 0.383425, 0.915451, 0.0)], [0.0, 0.0, 0.0, 1.0)]])
0.0, 0.0, 0.0
float3(-0.393502, 0.132679, -1.5876)
192148.485017666
limited(__ObjC.ARCamera.TrackingState.Reason.initializing)
simd_float4x4([[0.0322095, -0.919147, 0.392588, 0.0)], [0.994307, -0.0104473, -0.106038, 0.0)], [0.101566, 0.393769, 0.913578, 0.0)], [0.0, 0.0, 0.0, 1.0)]])
0.0, 0.0, 0.0
float3(-0.404728, 0.11072, -1.58216)
192148.585068541
limited(__ObjC.ARCamera.TrackingState.Reason.initializing)
simd_float4x4([[0.0187955, -0.918147, 0.395786, 0.0)], [0.997662, -0.00879182, -0.0677743, 0.0)], [0.0657069, 0.396134, 0.915835, 0.0)], [0.0, 0.0, 0.0, 1.0)]])
0.0, 0.0, 0.0
float3(-0.407303, 0.0716226, -1.58037)
192148.685119541
limited(__ObjC.ARCamera.TrackingState.Reason.initializing)
simd_float4x4([[0.00156036, -0.918628, 0.39511, 0.0)], [0.99984, -0.00560432, -0.016979, 0.0)], [0.0178119, 0.395074, 0.918473, 0.0)], [0.0, 0.0, 0.0, 1.0)]])
0.0, 0.0, 0.0
float3(-0.406148, 0.0193905, -1.5769)
192148.785170375
limited(__ObjC.ARCamera.TrackingState.Reason.initializing)
simd_float4x4([[-0.0151664, -0.919837, 0.391998, 0.0)], [0.99926, -8.49115e-05, 0.0384621, 0.0)], [-0.0353457, 0.392292, 0.919158, 0.0)], [0.0, 0.0, 0.0, 1.0)]])
0.0, 0.0, 0.0
float3(-0.403122, -0.0384355, -1.57089)
192148.885221375
limited(__ObjC.ARCamera.TrackingState.Reason.initializing)
simd_float4x4([[-0.0313776, -0.921343, 0.387476, 0.0)], [0.99571, 0.00494573, 0.0923927, 0.0)], [-0.0870419, 0.388713, 0.917235, 0.0)], [0.0, 0.0, 0.0, 1.0)]])
0.0, 0.0, 0.0
float3(-0.399234, -0.0946127, -1.56543)
192148.985272083
limited(__ObjC.ARCamera.TrackingState.Reason.initializing)
simd_float4x4([[-0.0471283, -0.922521, 0.383053, 0.0)], [0.990147, 0.00747937, 0.139835, 0.0)], [-0.131866, 0.385869, 0.913078, 0.0)], [0.0, 0.0, 0.0, 1.0)]])
0.0, 0.0, 0.0
float3(-0.396149, -0.143427, -1.56269)
192149.085322916
limited(__ObjC.ARCamera.TrackingState.Reason.initializing)
simd_float4x4([[-0.059173, -0.922675, 0.381006, 0.0)], [0.984481, 0.00923029, 0.175251, 0.0)], [-0.165217, 0.385463, 0.907809, 0.0)], [0.0, 0.0, 0.0, 1.0)]])
0.0, 0.0, 0.0
float3(-0.395709, -0.180025, -1.56079)
192149.185373958
limited(__ObjC.ARCamera.TrackingState.Reason.initializing)
simd_float4x4([[-0.0662195, -0.923071, 0.378883, 0.0)], [0.979424, 0.0124172, 0.201432, 0.0)], [-0.190641, 0.384426, 0.903255, 0.0)], [0.0, 0.0, 0.0, 1.0)]])
0.0, 0.0, 0.0
float3(-0.394586, -0.208007, -1.55735)
192149.285424791
limited(__ObjC.ARCamera.TrackingState.Reason.initializing)
simd_float4x4([[-0.0670074, -0.923231, 0.378355, 0.0)], [0.977225, 0.0157982, 0.211619, 0.0)], [-0.201351, 0.383918, 0.901145, 0.0)], [0.0, 0.0, 0.0, 1.0)]])
0.0, 0.0, 0.0
float3(-0.394036, -0.219828, -1.55369)
192149.385475833
limited(__ObjC.ARCamera.TrackingState.Reason.initializing)
simd_float4x4([[-0.0643691, -0.921107, 0.383947, 0.0)], [0.978067, 0.0181422, 0.207498, 0.0)], [-0.198094, 0.388883, 0.899737, 0.0)], [0.0, 0.0, 0.0, 1.0)]])
0.0, 0.0, 0.0
float3(-0.399419, -0.216712, -1.5511)
192149.485526625
limited(__ObjC.ARCamera.TrackingState.Reason.initializing)
simd_float4x4([[-0.0592667, -0.919225, 0.389243, 0.0)], [0.981768, 0.0168732, 0.189333, 0.0)], [-0.180608, 0.393368, 0.901465, 0.0)], [0.0, 0.0, 0.0, 1.0)]])
0.0, 0.0, 0.0
float3(-0.404292, -0.197732, -1.55244)
192149.585577666
limited(__ObjC.ARCamera.TrackingState.Reason.initializing)
simd_float4x4([[-0.0502551, -0.917793, 0.393863, 0.0)], [0.987517, 0.0132804, 0.15695, 0.0)], [-0.149278, 0.396834, 0.905669, 0.0)], [0.0, 0.0, 0.0, 1.0)]])
0.0, 0.0, 0.0
float3(-0.408065, -0.163358, -1.55633)
192149.685628458
limited(__ObjC.ARCamera.TrackingState.Reason.initializing)
simd_float4x4([[-0.0372303, -0.917158, 0.396778, 0.0)], [0.993121, 0.0101513, 0.116651, 0.0)], [-0.111016, 0.398391, 0.910471, 0.0)], [0.0, 0.0, 0.0, 1.0)]])
0.0, 0.0, 0.0
float3(-0.409762, -0.121333, -1.55973)
192149.785679291
limited(__ObjC.ARCamera.TrackingState.Reason.initializing)
simd_float4x4([[-0.0239717, -0.915821, 0.400867, 0.0)], [0.9974, 0.00535164, 0.0718706, 0.0)], [-0.067966, 0.401547, 0.913312, 0.0)], [0.0, 0.0, 0.0, 1.0)]])
0.0, 0.0, 0.0
float3(-0.413206, -0.0742802, -1.56495)
192149.885730375
limited(__ObjC.ARCamera.TrackingState.Reason.initializing)
simd_float4x4([[-0.00555348, -0.915473, 0.402338, 0.0)], [0.999732, 0.00396056, 0.0228111, 0.0)], [-0.0224764, 0.402357, 0.915205, 0.0)], [0.0, 0.0, 0.0, 1.0)]])
0.0, 0.0, 0.0
float3(-0.41409, -0.024554, -1.56647)
192149.985781166
limited(__ObjC.ARCamera.TrackingState.Reason.initializing)
simd_float4x4([[0.00944784, -0.917816, 0.39689, 0.0)], [0.999712, -7.75494e-05, -0.0239774, 0.0)], [0.0220377, 0.397002, 0.917551, 0.0)], [0.0, 0.0, 0.0, 1.0)]])
0.0, 0.0, 0.0
float3(-0.408248, 0.0240133, -1.57088)
192150.085832166
limited(__ObjC.ARCamera.TrackingState.Reason.initializing)
simd_float4x4([[0.0254355, -0.921686, 0.387098, 0.0)], [0.997891, 0.000275142, -0.0649148, 0.0)], [0.0597248, 0.387933, 0.919749, 0.0)], [0.0, 0.0, 0.0, 1.0)]])
0.0, 0.0, 0.0
float3(-0.398388, 0.0648449, -1.5705)
192150.185882875
limited(__ObjC.ARCamera.TrackingState.Reason.initializing)
simd_float4x4([[0.0416814, -0.924076, 0.379924, 0.0)], [0.994487, 0.00175112, -0.104846, 0.0)], [0.0962211, 0.3822, 0.919055, 0.0)], [0.0, 0.0, 0.0, 1.0)]])
0.0, 0.0, 0.0
float3(-0.392176, 0.104316, -1.5689)
192150.285933916
limited(__ObjC.ARCamera.TrackingState.Reason.initializing)
simd_float4x4([[0.0558869, -0.920151, 0.387551, 0.0)], [0.990222, 0.00138944, -0.139497, 0.0)], [0.12782, 0.391558, 0.911231, 0.0)], [0.0, 0.0, 0.0, 1.0)]])
0.0, 0.0, 0.0
float3(-0.402324, 0.139362, -1.56929)
192150.385984791
limited(__ObjC.ARCamera.TrackingState.Reason.initializing)
simd_float4x4([[0.0679335, -0.908276, 0.412817, 0.0)], [0.986074, -0.00183152, -0.166299, 0.0)], [0.151802, 0.418365, 0.895502, 0.0)], [0.0, 0.0, 0.0, 1.0)]])
0.0, 0.0, 0.0
float3(-0.431645, 0.16792, -1.57281)
192150.486035666
limited(__ObjC.ARCamera.TrackingState.Reason.initializing)
simd_float4x4([[0.0851225, -0.891982, 0.443982, 0.0)], [0.983113, 0.00274082, -0.182981, 0.0)], [0.162, 0.45206, 0.877152, 0.0)], [0.0, 0.0, 0.0, 1.0)]])
0.0, 0.0, 0.0
float3(-0.469074, 0.18263, -1.56772)
192150.586086666
limited(__ObjC.ARCamera.TrackingState.Reason.initializing)
simd_float4x4([[0.086757, -0.88185, 0.463475, 0.0)], [0.98272, -0.000599682, -0.185095, 0.0)], [0.163505, 0.471525, 0.86656, 0.0)], [0.0, 0.0, 0.0, 1.0)]])
0.0, 0.0, 0.0
float3(-0.491019, 0.18649, -1.57148)
192150.6861375
normal
simd_float4x4([[0.0796413, -0.87664, 0.47451, 0.0)], [0.984317, -0.00600637, -0.176303, 0.0)], [0.157405, 0.48111, 0.862413, 0.0)], [0.00508729, -0.00217572, -0.0060898, 1.0)]])
0.00508729, -0.00217572, -0.0060898
float3(-0.50192, 0.180529, -1.57765)
192150.7861885
normal
simd_float4x4([[0.0692066, -0.867655, 0.492327, 0.0)], [0.988003, -0.00868427, -0.154189, 0.0)], [0.138058, 0.497091, 0.856645, 0.0)], [0.00630926, -0.00999282, -0.0114195, 1.0)]])
0.00630926, -0.00999282, -0.0114195
float3(-0.520244, 0.159787, -1.5808)
192150.886239375
normal
simd_float4x4([[0.0554453, -0.854508, 0.51647, 0.0)], [0.992688, -0.00836958, -0.120417, 0.0)], [0.10722, 0.51937, 0.847796, 0.0)], [0.0149826, -0.0192255, -0.0180196, 1.0)]])
0.0149826, -0.0192255, -0.0180196
float3(-0.546114, 0.125801, -1.58059)
192150.986290291
normal
simd_float4x4([[0.0366106, -0.838878, 0.543086, 0.0)], [0.996979, -0.00658973, -0.0773874, 0.0)], [0.0684974, 0.544279, 0.836103, 0.0)], [0.0261283, -0.0273927, -0.0249467, 1.0)]])
0.0261283, -0.0273927, -0.0249467
float3(-0.575529, 0.081742, -1.57865)
192151.086341208
normal
simd_float4x4([[0.0100611, -0.83221, 0.554369, 0.0)], [0.999534, -0.0076137, -0.0295699, 0.0)], [0.0288292, 0.554408, 0.831746, 0.0)], [0.0390805, -0.0326038, -0.0279534, 1.0)]])
0.0390805, -0.0326038, -0.0279534
float3(-0.587651, 0.0346472, -1.57994)
192151.186391958
normal
simd_float4x4([[-0.0135442, -0.833668, 0.5521, 0.0)], [0.999811, -0.00360845, 0.0190787, 0.0)], [-0.0139131, 0.552255, 0.833559, 0.0)], [0.0516533, -0.0331463, -0.0297904, 1.0)]])
0.0516533, -0.0331463, -0.0297904
float3(-0.585066, -0.0166896, -1.57512)
192151.286442958
normal
simd_float4x4([[-0.0365618, -0.846613, 0.530952, 0.0)], [0.99799, -0.00341459, 0.0632779, 0.0)], [-0.0517589, 0.532198, 0.845036, 0.0)], [0.0636225, -0.0264972, -0.0311853, 1.0)]])
0.0636225, -0.0264972, -0.0311853
float3(-0.561195, -0.0611741, -1.57483)
192151.386493916
normal
simd_float4x4([[-0.0510934, -0.87128, 0.488119, 0.0)], [0.994409, 0.000842517, 0.105593, 0.0)], [-0.0924122, 0.490785, 0.866366, 0.0)], [0.0756166, -0.0124025, -0.0274191, 1.0)]])
0.0756166, -0.0124025, -0.0274191
float3(-0.51299, -0.106265, -1.56983)
192151.48654475
normal
simd_float4x4([[-0.0564879, -0.895357, 0.441751, 0.0)], [0.988829, 0.0109563, 0.148651, 0.0)], [-0.137935, 0.445214, 0.884737, 0.0)], [0.0864244, 0.00285947, -0.0204068, 1.0)]])
0.0864244, 0.00285947, -0.0204068
float3(-0.461413, -0.15466, -1.55856)
192151.586595791
normal
simd_float4x4([[-0.0599963, -0.91755, 0.393067, 0.0)], [0.980426, 0.0198087, 0.195889, 0.0)], [-0.187524, 0.397126, 0.898402, 0.0)], [0.0961607, 0.020802, -0.0087839, 1.0)]])
0.0961607, 0.020802, -0.0087839
float3(-0.408383, -0.205776, -1.54921)
192151.6866465
normal
simd_float4x4([[-0.0692253, -0.938893, 0.337176, 0.0)], [0.963704, 0.0244187, 0.265853, 0.0)], [-0.257841, 0.343342, 0.903125, 0.0)], [0.108768, 0.0407666, 0.00896225, 1.0)]])
0.108768, 0.0407666, 0.00896225
float3(-0.350473, -0.2781, -1.54479)
192151.7866975
normal
simd_float4x4([[-0.0803218, -0.959436, 0.270244, 0.0)], [0.928554, 0.0265506, 0.370246, 0.0)], [-0.362402, 0.280675, 0.888755, 0.0)], [0.122995, 0.0636172, 0.0372587, 1.0)]])
0.122995, 0.0636172, 0.0372587
float3(-0.284497, -0.387181, -1.54313)
192151.886748416
normal
simd_float4x4([[-0.0808904, -0.975973, 0.202319, 0.0)], [0.869838, 0.0299859, 0.492425, 0.0)], [-0.48666, 0.215817, 0.846513, 0.0)], [0.133237, 0.082729, 0.0706033, 1.0)]])
0.133237, 0.082729, 0.0706033
float3(-0.217529, -0.521759, -1.54008)
192151.986799333
normal
simd_float4x4([[-0.0781667, -0.984059, 0.159741, 0.0)], [0.782902, 0.0386094, 0.620946, 0.0)], [-0.617215, 0.173599, 0.767404, 0.0)], [0.138037, 0.0984526, 0.10182, 1.0)]])
0.138037, 0.0984526, 0.10182
float3(-0.174483, -0.677351, -1.53158)
192152.086850208
normal
simd_float4x4([[-0.077453, -0.9884, 0.130642, 0.0)], [0.672217, 0.0449993, 0.738985, 0.0)], [-0.736291, 0.145056, 0.660934, 0.0)], [0.137623, 0.111091, 0.12937, 1.0)]])
0.137623, 0.111091, 0.12937
float3(-0.14557, -0.83928, -1.5253)
192152.186901083
normal
simd_float4x4([[-0.075815, -0.99128, 0.107779, 0.0)], [0.551769, 0.0483254, 0.832596, 0.0)], [-0.830544, 0.122592, 0.543293, 0.0)], [0.129912, 0.119047, 0.154795, 1.0)]])
0.129912, 0.119047, 0.154795
float3(-0.122902, -0.991515, -1.52208)
192152.286952083
normal
simd_float4x4([[-0.073905, -0.993193, 0.0900305, 0.0)], [0.458133, 0.0463751, 0.887673, 0.0)], [-0.885806, 0.106849, 0.451587, 0.0)], [0.10046, 0.0776624, 0.195937, 1.0)]])
0.10046, 0.0776624, 0.195937
float3(-0.107054, -1.09934, -1.52414)
192152.387003041
normal
simd_float4x4([[-0.0882811, -0.992523, 0.0842823, 0.0)], [0.367235, 0.0462221, 0.928979, 0.0)], [-0.925929, 0.112963, 0.360409, 0.0)], [0.0915422, 0.0805299, 0.208634, 1.0)]])
0.0915422, 0.0805299, 0.208634
float3(-0.113204, -1.1996, -1.52426)
192152.487054041
normal
simd_float4x4([[-0.0885592, -0.99398, 0.0644989, 0.0)], [0.298415, 0.0353031, 0.953783, 0.0)], [-0.950319, 0.103714, 0.293492, 0.0)], [0.0775165, 0.0841172, 0.218394, 1.0)]])
0.0775165, 0.0841172, 0.218394
float3(-0.103901, -1.27125, -1.53529)
192152.587104916
normal
simd_float4x4([[-0.0777037, -0.996153, 0.0405266, 0.0)], [0.256343, 0.0193202, 0.966393, 0.0)], [-0.963458, 0.085481, 0.253855, 0.0)], [0.0618111, 0.0816129, 0.229093, 1.0)]])
0.0618111, 0.0816129, 0.229093
float3(-0.0855854, -1.31317, -1.5514)
192152.687155708
normal
simd_float4x4([[-0.0740912, -0.996897, 0.0265786, 0.0)], [0.206454, 0.0107413, 0.978397, 0.0)], [-0.975647, 0.0779779, 0.205018, 0.0)], [0.0515745, 0.0817951, 0.247453, 1.0)]])
0.0515745, 0.0817951, 0.247453
float3(-0.0780572, -1.36367, -1.56002)
192152.787206833
normal
simd_float4x4([[-0.0652328, -0.997528, 0.0261255, 0.0)], [0.162372, 0.0152214, 0.986612, 0.0)], [-0.984571, 0.0686015, 0.160977, 0.0)], [0.0461971, 0.0846537, 0.274431, 1.0)]])
0.0461971, 0.0846537, 0.274431
float3(-0.0686554, -1.40873, -1.55554)
192152.8872575
normal
simd_float4x4([[-0.0495873, -0.998482, 0.023975, 0.0)], [0.1334, 0.0171683, 0.990914, 0.0)], [-0.989821, 0.052335, 0.132346, 0.0)], [0.0437584, 0.0889758, 0.302789, 1.0)]])
0.0437584, 0.0889758, 0.302789
float3(-0.0523589, -1.43788, -1.5536)
192152.987308541
normal
simd_float4x4([[-0.0339089, -0.999076, 0.0264073, 0.0)], [0.106919, 0.0226446, 0.99401, 0.0)], [-0.993689, 0.0365292, 0.106052, 0.0)], [0.0395929, 0.0932579, 0.326956, 1.0)]])
0.0395929, 0.0932579, 0.326956
float3(-0.0365373, -1.46447, -1.54813)
192153.0873595
normal
simd_float4x4([[-0.0204179, -0.999216, 0.0339076, 0.0)], [0.107666, 0.03152, 0.993687, 0.0)], [-0.993977, 0.0239397, 0.106938, 0.0)], [0.0301548, 0.0937387, 0.351203, 1.0)]])
0.0301548, 0.0937387, 0.351203
float3(-0.023942, -1.46362, -1.53926)
192153.187410583
normal
simd_float4x4([[-0.0110857, -0.999457, 0.0310193, 0.0)], [0.125906, 0.0293792, 0.991607, 0.0)], [-0.99198, 0.0148982, 0.125512, 0.0)], [0.0210101, 0.0929485, 0.367831, 1.0)]])
0.0210101, 0.0929485, 0.367831
float3(-0.0148987, -1.44494, -1.54141)
192153.287461416
normal
simd_float4x4([[-0.00942985, -0.999612, 0.0262159, 0.0)], [0.125839, 0.0248224, 0.99174, 0.0)], [-0.992006, 0.0126509, 0.125556, 0.0)], [0.0156116, 0.0932149, 0.372734, 1.0)]])
0.0156116, 0.0932149, 0.372734
float3(-0.0126513, -1.4449, -1.54597)
192153.38751225
normal
simd_float4x4([[-0.0134622, -0.999583, 0.0255582, 0.0)], [0.116045, 0.023826, 0.992958, 0.0)], [-0.993153, 0.0163333, 0.115676, 0.0)], [0.0111795, 0.0938357, 0.367651, 1.0)]])
0.0111795, 0.0938357, 0.367651
float3(-0.016334, -1.45485, -1.54696)
192153.487563166
normal
simd_float4x4([[-0.0169301, -0.999808, 0.00984666, 0.0)], [0.0994947, 0.00811458, 0.995005, 0.0)], [-0.994894, 0.0178252, 0.0993383, 0.0)], [0.0466757, 0.110248, 0.427302, 1.0)]])
0.0466757, 0.110248, 0.427302
float3(-0.0178262, -1.47128, -1.56268)
192153.587614083
normal
simd_float4x4([[-0.0136958, -0.999899, 0.00391053, 0.0)], [0.103264, 0.00247558, 0.994651, 0.0)], [-0.99456, 0.0140263, 0.103219, 0.0)], [0.0373108, 0.104901, 0.40775, 1.0)]])
0.0373108, 0.104901, 0.40775
float3(-0.0140268, -1.46738, -1.56832)
192153.687665166
normal
simd_float4x4([[-0.00878271, -0.999954, 0.00372404, 0.0)], [0.105114, 0.00278034, 0.994456, 0.0)], [-0.994421, 0.00912547, 0.105085, 0.0)], [0.0370411, 0.108034, 0.398546, 1.0)]])
0.0370411, 0.108034, 0.398546
float3(-0.0091256, -1.46551, -1.56802)
192153.787716083
normal
simd_float4x4([[-0.00997818, -0.999933, 0.00590448, 0.0)], [0.108734, 0.00478475, 0.994059, 0.0)], [-0.994021, 0.0105609, 0.108679, 0.0)], [0.0325625, 0.101649, 0.386917, 1.0)]])
0.0325625, 0.101649, 0.386917
float3(-0.0105611, -1.4619, -1.56601)
192153.887767125
normal
simd_float4x4([[-0.0165935, -0.999855, 0.00385254, 0.0)], [0.106643, 0.00206128, 0.994295, 0.0)], [-0.994159, 0.0169096, 0.106593, 0.0)], [0.0367628, 0.103215, 0.383071, 1.0)]])
0.0367628, 0.103215, 0.383071
float3(-0.0169105, -1.46398, -1.56873)
192153.987818
normal
simd_float4x4([[-0.01529, -0.999875, 0.00409369, 0.0)], [0.106503, 0.00244228, 0.994309, 0.0)], [-0.994195, 0.0156389, 0.106452, 0.0)], [0.0360158, 0.0991472, 0.380426, 1.0)]])
0.0360158, 0.0991472, 0.380426
float3(-0.0156396, -1.46413, -1.56835)
192154.087868791
normal
simd_float4x4([[-0.0127549, -0.999919, 0.000330939, 0.0)], [0.109974, -0.00107386, 0.993934, 0.0)], [-0.993853, 0.0127139, 0.109979, 0.0)], [0.0371924, 0.101382, 0.378972, 1.0)]])
0.0371924, 0.101382, 0.378972
float3(-0.0127142, -1.46059, -1.57187)
192154.187919791
normal
simd_float4x4([[-0.0166419, -0.99986, 0.00196211, 0.0)], [0.115672, 2.3944e-05, 0.993287, 0.0)], [-0.993148, 0.0167571, 0.115655, 0.0)], [0.0335745, 0.10038, 0.377331, 1.0)]])
0.0335745, 0.10038, 0.377331
float3(-0.0167579, -1.45487, -1.57077)
192154.287970708
normal
simd_float4x4([[-0.0159989, -0.999867, -0.00304409, 0.0)], [0.124354, -0.00501061, 0.992225, 0.0)], [-0.992109, 0.0154959, 0.124417, 0.0)], [0.0336752, 0.100461, 0.376335, 1.0)]])
0.0336752, 0.100461, 0.376335
float3(-0.0154966, -1.44604, -1.57581)
192154.388021791
normal
simd_float4x4([[-0.0143141, -0.999874, -0.00692179, 0.0)], [-0.0428418, -0.00630285, 0.999062, 0.0)], [-0.998979, 0.0145972, -0.0427462, 0.0)], [0.00986337, 0.100606, 0.283502, 1.0)]])
0.00986337, 0.100606, 0.283502
float3(-0.0145978, -1.61356, -1.5771)
192154.488072541
normal
simd_float4x4([[-0.0159597, -0.99986, -0.00510699, 0.0)], [0.123646, -0.00704201, 0.992301, 0.0)], [-0.992198, 0.0152054, 0.123741, 0.0)], [0.027271, 0.0897278, 0.36822, 1.0)]])
0.027271, 0.0897278, 0.36822
float3(-0.015206, -1.44672, -1.57784)
192154.5881235
normal
simd_float4x4([[-0.0160718, -0.999848, -0.00680234, 0.0)], [-0.0407028, -0.00614334, 0.999152, 0.0)], [-0.999042, 0.016335, -0.0405978, 0.0)], [0.0067005, 0.0967564, 0.276912, 1.0)]])
0.0067005, 0.0967564, 0.276912
float3(-0.0163358, -1.61141, -1.57694)
192154.688174458
normal
simd_float4x4([[-0.0171921, -0.999852, -0.00102922, 0.0)], [0.123354, -0.00314253, 0.992358, 0.0)], [-0.992214, 0.0169337, 0.12339, 0.0)], [0.025715, 0.0894085, 0.364335, 1.0)]])
0.025715, 0.0894085, 0.364335
float3(-0.0169345, -1.44707, -1.57394)
192154.788225333
normal
simd_float4x4([[-0.0157383, -0.999876, 0.000424169, 0.0)], [0.114966, -0.00138818, 0.993368, 0.0)], [-0.993245, 0.0156827, 0.114974, 0.0)], [0.027726, 0.090469, 0.35932, 1.0)]])
0.027726, 0.090469, 0.35932
float3(-0.0156833, -1.45555, -1.57218)
192154.888276458
normal
simd_float4x4([[-0.0139041, -0.999903, 1.39233e-06, 0.0)], [-0.021227, 0.000296563, 0.999775, 0.0)], [-0.999678, 0.013901, -0.021229, 0.0)], [0.00715893, 0.10684, 0.269056, 1.0)]])
0.00715893, 0.10684, 0.269056
float3(-0.0139014, -1.59203, -1.5705)
192154.988327291
normal
simd_float4x4([[-0.0135464, -0.999902, 0.00347621, 0.0)], [-0.00851418, 0.00359175, 0.999957, 0.0)], [-0.999872, 0.0135163, -0.008562, 0.0)], [0.00966123, 0.106376, 0.277121, 1.0)]])
0.00966123, 0.106376, 0.277121
float3(-0.0135167, -1.57936, -1.5672)
192155.088378416
normal
simd_float4x4([[-0.0114326, -0.999918, 0.00581894, 0.0)], [0.000365241, 0.00581514, 0.999983, 0.0)], [-0.999934, 0.0114346, 0.000298734, 0.0)], [0.010099, 0.106144, 0.280137, 1.0)]])
0.010099, 0.106144, 0.280137
float3(-0.0114348, -1.5705, -1.56498)
192155.188429333
normal
simd_float4x4([[-0.0116477, -0.999913, 0.00614374, 0.0)], [0.00478631, 0.00608833, 0.99997, 0.0)], [-0.999921, 0.0116767, 0.00471498, 0.0)], [0.0107194, 0.105876, 0.282012, 1.0)]])
0.0107194, 0.105876, 0.282012
float3(-0.011677, -1.56608, -1.56471)
192155.288480208
normal
simd_float4x4([[-0.0134947, -0.999874, 0.00839981, 0.0)], [0.00139085, 0.0083818, 0.999964, 0.0)], [-0.999908, 0.0135059, 0.00127756, 0.0)], [0.0111609, 0.105596, 0.282171, 1.0)]])
0.0111609, 0.105596, 0.282171
float3(-0.0135063, -1.56952, -1.56241)
192155.388531166
normal
simd_float4x4([[-0.0127128, -0.999888, 0.00796417, 0.0)], [-0.00531296, 0.00803225, 0.999954, 0.0)], [-0.999905, 0.0126699, -0.00541447, 0.0)], [0.0111768, 0.105645, 0.283929, 1.0)]])
0.0111768, 0.105645, 0.283929
float3(-0.0126703, -1.57621, -1.56276)
192155.488582083
normal
simd_float4x4([[-0.0161172, -0.999851, 0.0061821, 0.0)], [-0.0282836, 0.00663633, 0.999578, 0.0)], [-0.99947, 0.0159355, -0.0283863, 0.0)], [0.0115222, 0.104805, 0.285352, 1.0)]])
0.0115222, 0.104805, 0.285352
float3(-0.0159362, -1.59919, -1.56416)
192155.588633208
normal
simd_float4x4([[-0.0229448, -0.999733, -0.00255575, 0.0)], [-0.0733205, -0.000866775, 0.997308, 0.0)], [-0.997044, 0.0230704, -0.0732811, 0.0)], [0.0108285, 0.102566, 0.291013, 1.0)]])
0.0108285, 0.102566, 0.291013
float3(-0.0230725, -1.64416, -1.57166)
192155.688684041
normal
simd_float4x4([[-0.0324053, -0.999372, -0.0143454, 0.0)], [-0.141361, -0.00962594, 0.989911, 0.0)], [-0.989428, 0.0341062, -0.14096, 0.0)], [0.00845903, 0.0983059, 0.30022, 1.0)]])
0.00845903, 0.0983059, 0.30022
float3(-0.0341129, -1.71231, -1.58043)
192155.788735166
normal
simd_float4x4([[-0.046814, -0.998534, -0.0271602, 0.0)], [-0.23964, -0.0151693, 0.970743, 0.0)], [-0.969732, 0.0519531, -0.238579, 0.0)], [0.00442244, 0.0923741, 0.314034, 1.0)]])
0.00442244, 0.0923741, 0.314034
float3(-0.0519765, -1.81203, -1.58599)
192155.888785916
normal
simd_float4x4([[-0.0561074, -0.997367, -0.045937, 0.0)], [-0.361124, -0.0226223, 0.932243, 0.0)], [-0.930828, 0.0688947, -0.358905, 0.0)], [-0.00426452, 0.08476, 0.336086, 1.0)]])
-0.00426452, 0.08476, 0.336086
float3(-0.0689493, -1.93881, -1.59347)
192155.988836958
normal
simd_float4x4([[-0.0692023, -0.995572, -0.063617, 0.0)], [-0.492361, -0.0213771, 0.870129, 0.0)], [-0.867636, 0.0915374, -0.488701, 0.0)], [-0.0169643, 0.0770606, 0.366743, 1.0)]])
-0.0169643, 0.0770606, 0.366743
float3(-0.0916657, -2.08376, -1.59227)
192156.088887958
normal
simd_float4x4([[-0.0861657, -0.993365, -0.0761622, 0.0)], [-0.618416, -0.00660772, 0.785824, 0.0)], [-0.781113, 0.114811, -0.613743, 0.0)], [-0.0328126, 0.0725621, 0.401244, 1.0)]])
-0.0328126, 0.0725621, 0.401244
float3(-0.115065, -2.23677, -1.57745)
192156.188916625
normal
simd_float4x4([[-0.0875719, -0.991946, -0.0915061, 0.0)], [-0.722582, 2.11782e-05, 0.691286, 0.0)], [-0.685716, 0.126658, -0.716764, 0.0)], [-0.0571592, 0.068824, 0.438749, 1.0)]])
-0.0571592, 0.068824, 0.438749
float3(-0.126999, -2.37833, -1.57078)
192156.305565375
normal
simd_float4x4([[-0.0803941, -0.990149, -0.114636, 0.0)], [-0.815567, -0.000776297, 0.578661, 0.0)], [-0.57305, 0.140014, -0.807471, 0.0)], [-0.090739, 0.0622614, 0.485624, 1.0)]])
-0.090739, 0.0622614, 0.485624
float3(-0.140476, -2.5244, -1.57158)
192156.42221425
normal
simd_float4x4([[-0.0604213, -0.989568, -0.130782, 0.0)], [-0.88297, -0.00811798, 0.469359, 0.0)], [-0.465524, 0.143836, -0.873269, 0.0)], [-0.127953, 0.0586541, 0.535174, 1.0)]])
-0.127953, 0.0586541, 0.535174
float3(-0.144336, -2.65183, -1.579)
192156.538862958
normal
simd_float4x4([[-0.053074, -0.99058, -0.126233, 0.0)], [-0.930614, 0.00322201, 0.365988, 0.0)], [-0.362134, 0.136898, -0.922018, 0.0)], [-0.167395, 0.0588003, 0.581461, 1.0)]])
-0.167395, 0.0588003, 0.581461
float3(-0.13733, -2.76734, -1.56754)
192156.655511625
normal
simd_float4x4([[-0.0430153, -0.992162, -0.117319, 0.0)], [-0.966846, 0.0117548, 0.255087, 0.0)], [-0.251709, 0.124402, -0.959774, 0.0)], [-0.204946, 0.0643493, 0.624946, 1.0)]])
-0.204946, 0.0643493, 0.624946
float3(-0.124725, -2.88511, -1.55895)
192156.772160333
normal
simd_float4x4([[-0.0329441, -0.993364, -0.110192, 0.0)], [-0.987693, 0.015492, 0.155634, 0.0)], [-0.152894, 0.113963, -0.98165, 0.0)], [-0.233784, 0.0669166, 0.666109, 1.0)]])
-0.233784, 0.0669166, 0.666109
float3(-0.114211, -2.98708, -1.5552)
192156.888809125
normal
simd_float4x4([[-0.0252294, -0.992084, -0.123019, 0.0)], [-0.997403, 0.0166766, 0.0700644, 0.0)], [-0.0674582, 0.124467, -0.989928, 0.0)], [-0.249351, 0.0649063, 0.716101, 1.0)]])
-0.249351, 0.0649063, 0.716101
float3(-0.124791, -3.07355, -1.55399)
192156.988826916
normal
simd_float4x4([[-0.0223316, -0.990592, -0.135016, 0.0)], [-0.999738, 0.02145, 0.00798103, 0.0)], [-0.00500983, 0.135159, -0.990811, 0.0)], [-0.250516, 0.0586161, 0.763801, 1.0)]])
-0.250516, 0.0586161, 0.763801
float3(-0.135574, -3.13654, -1.54915)
192157.088877958
normal
simd_float4x4([[-0.0235941, -0.989499, -0.142603, 0.0)], [-0.998996, 0.0287679, -0.0343286, 0.0)], [0.0380705, 0.14165, -0.989184, 0.0)], [-0.238215, 0.0532811, 0.822323, 1.0)]])
-0.238215, 0.0532811, 0.822323
float3(-0.142128, 3.10312, -1.54173)
192157.188928916
normal
simd_float4x4([[-0.0224453, -0.98841, -0.150141, 0.0)], [-0.996809, 0.0336316, -0.0723857, 0.0)], [0.0765962, 0.148037, -0.986011, 0.0)], [-0.225238, 0.048967, 0.892065, 1.0)]])
-0.225238, 0.048967, 0.892065
float3(-0.148583, 3.06407, -1.53678)
192157.288957666
normal
simd_float4x4([[-0.0111054, -0.991052, -0.133012, 0.0)], [-0.993977, 0.0254445, -0.106594, 0.0)], [0.109025, 0.131027, -0.985366, 0.0)], [-0.210518, 0.0504952, 0.963731, 1.0)]])
-0.210518, 0.0504952, 0.963731
float3(-0.131405, 3.0314, -1.54513)
192157.405606375
normal
simd_float4x4([[0.00539362, -0.992791, -0.119736, 0.0)], [-0.991065, 0.0106502, -0.13295, 0.0)], [0.133267, 0.119383, -0.983864, 0.0)], [-0.194622, 0.0572078, 1.05239, 1.0)]])
-0.194622, 0.0572078, 1.05239
float3(-0.119668, 3.00696, -1.56007)
192157.522255166
normal
simd_float4x4([[0.027048, -0.992466, -0.119501, 0.0)], [-0.988963, -0.00914686, -0.147878, 0.0)], [0.145671, 0.122182, -0.981759, 0.0)], [-0.189976, 0.0598769, 1.14754, 1.0)]])
-0.189976, 0.0598769, 1.14754
float3(-0.122488, 2.99429, -1.58001)
192157.638904
normal
simd_float4x4([[0.0368631, -0.989238, -0.141596, 0.0)], [-0.985839, -0.0128033, -0.167205, 0.0)], [0.163592, 0.145755, -0.975701, 0.0)], [-0.187416, 0.060353, 1.23737, 1.0)]])
-0.187416, 0.060353, 1.23737
float3(-0.146276, 2.97547, -1.58374)
192157.755552708
normal
simd_float4x4([[0.0492167, -0.987995, -0.146435, 0.0)], [-0.984209, -0.0230153, -0.175508, 0.0)], [0.170031, 0.15276, -0.973526, 0.0)], [-0.193263, 0.0502043, 1.3299, 1.0)]])
-0.193263, 0.0502043, 1.3299
float3(-0.153361, 2.96868, -1.59409)
192157.872201333
normal
simd_float4x4([[0.0435012, -0.987398, -0.152158, 0.0)], [-0.984375, -0.0163505, -0.175324, 0.0)], [0.170627, 0.157408, -0.972682, 0.0)], [-0.207213, 0.0387392, 1.43283, 1.0)]])
-0.207213, 0.0387392, 1.43283
float3(-0.158065, 2.96794, -1.58735)
192157.988850166
normal
simd_float4x4([[0.0330335, -0.98833, -0.1487, 0.0)], [-0.985435, -0.00737586, -0.16989, 0.0)], [0.16681, 0.152146, -0.97418, 0.0)], [-0.231435, 0.0357326, 1.53844, 1.0)]])
-0.231435, 0.0357326, 1.53844
float3(-0.152739, 2.97201, -1.57826)
192158.105498916
normal
simd_float4x4([[0.0206941, -0.987974, -0.15323, 0.0)], [-0.988124, 0.00312909, -0.153625, 0.0)], [0.152257, 0.154589, -0.976176, 0.0)], [-0.251145, 0.0439563, 1.64713, 1.0)]])
-0.251145, 0.0439563, 1.64713
float3(-0.155211, 2.98687, -1.56763)
192158.222147416
normal
simd_float4x4([[0.0016984, -0.983231, -0.182357, 0.0)], [-0.991286, 0.0223646, -0.129818, 0.0)], [0.131719, 0.180988, -0.974625, 0.0)], [-0.258029, 0.0497816, 1.74363, 1.0)]])
-0.258029, 0.0497816, 1.74363
float3(-0.181991, 3.00726, -1.54805)
192158.338796291
normal
simd_float4x4([[-0.0259221, -0.982482, -0.184546, 0.0)], [-0.993602, 0.0456211, -0.103311, 0.0)], [0.109921, 0.180687, -0.977379, 0.0)], [-0.252984, 0.0505369, 1.83886, 1.0)]])
-0.252984, 0.0505369, 1.83886
float3(-0.181685, 3.0296, -1.5244)
192158.455445
normal
simd_float4x4([[-0.0273242, -0.980432, -0.194954, 0.0)], [-0.991188, 0.0518609, -0.121888, 0.0)], [0.129614, 0.189906, -0.973209, 0.0)], [-0.249762, 0.0390557, 1.93777, 1.0)]])
-0.249762, 0.0390557, 1.93777
float3(-0.191066, 3.00919, -1.51795)
192158.572093875
normal
simd_float4x4([[0.00480096, -0.983791, -0.179255, 0.0)], [-0.982773, 0.0284774, -0.182612, 0.0)], [0.184756, 0.177043, -0.966706, 0.0)], [-0.256789, 0.0325918, 2.03258, 1.0)]])
-0.256789, 0.0325918, 2.03258
float3(-0.177982, 2.95275, -1.54186)
192158.688742458
normal
simd_float4x4([[0.0334461, -0.982265, -0.18449, 0.0)], [-0.961152, 0.0189924, -0.275366, 0.0)], [0.273986, 0.186533, -0.943471, 0.0)], [-0.271971, 0.0378276, 2.12795, 1.0)]])
-0.271971, 0.0378276, 2.12795
float3(-0.187632, 2.85896, -1.55146)
192158.805391208
normal
simd_float4x4([[0.0804681, -0.983108, -0.164389, 0.0)], [-0.926345, -0.0128738, -0.376455, 0.0)], [0.367979, 0.182573, -0.911734, 0.0)], [-0.294096, 0.0453708, 2.20887, 1.0)]])
-0.294096, 0.0453708, 2.20887
float3(-0.183603, 2.75798, -1.58389)
192158.92204
normal
simd_float4x4([[0.101652, -0.983846, -0.147355, 0.0)], [-0.887545, -0.0227821, -0.460157, 0.0)], [0.449367, 0.17756, -0.875524, 0.0)], [-0.308556, 0.0455988, 2.30159, 1.0)]])
-0.308556, 0.0455988, 2.30159
float3(-0.178507, 2.6674, -1.59395)
192159.038688625
normal
simd_float4x4([[0.106083, -0.984829, -0.137327, 0.0)], [-0.866115, -0.0236735, -0.499284, 0.0)], [0.488458, 0.171907, -0.855486, 0.0)], [-0.31754, 0.0398377, 2.38612, 1.0)]])
-0.31754, 0.0398377, 2.38612
float3(-0.172765, 2.62279, -1.59483)
192159.1553375
normal
simd_float4x4([[0.0894615, -0.989049, -0.117386, 0.0)], [-0.867375, -0.0194363, -0.497275, 0.0)], [0.489548, 0.146305, -0.859615, 0.0)], [-0.316168, 0.0342466, 2.48277, 1.0)]])
-0.316168, 0.0342466, 2.48277
float3(-0.146832, 2.6239, -1.59045)
192159.271986333
normal
simd_float4x4([[0.068623, -0.991215, -0.113063, 0.0)], [-0.894498, -0.0109475, -0.446937, 0.0)], [0.441773, 0.131805, -0.887392, 0.0)], [-0.305591, 0.0351133, 2.59424, 1.0)]])
-0.305591, 0.0351133, 2.59424
float3(-0.132189, 2.67968, -1.58184)
192159.388634958
normal
simd_float4x4([[0.0423713, -0.993607, -0.104638, 0.0)], [-0.937446, -0.0033158, -0.348115, 0.0)], [0.345542, 0.112843, -0.931594, 0.0)], [-0.279019, 0.0426512, 2.70924, 1.0)]])
-0.279019, 0.0426512, 2.70924
float3(-0.113084, 2.78641, -1.57413)
192159.505283625
normal
simd_float4x4([[0.0095793, -0.990234, -0.139083, 0.0)], [-0.978527, 0.0193562, -0.205208, 0.0)], [0.205896, 0.138062, -0.968786, 0.0)], [-0.231725, 0.0467382, 2.83394, 1.0)]])
-0.231725, 0.0467382, 2.83394
float3(-0.138504, 2.93218, -1.55125)
192159.621932416
normal
simd_float4x4([[-0.0356097, -0.98853, -0.146763, 0.0)], [-0.996933, 0.0453787, -0.0637609, 0.0)], [0.0696895, 0.144043, -0.987115, 0.0)], [-0.176027, 0.0463743, 2.95909, 1.0)]])
-0.176027, 0.0463743, 2.95909
float3(-0.144545, 3.07111, -1.52492)
192159.738603416
normal
simd_float4x4([[-0.068564, -0.985366, -0.156055, 0.0)], [-0.99634, 0.0596268, 0.0612534, 0.0)], [-0.051052, 0.159683, -0.985847, 0.0)], [-0.102412, 0.036141, 3.05713, 1.0)]])
-0.102412, 0.036141, 3.05713
float3(-0.16037, -3.08985, -1.51036)
192159.838654291
normal
simd_float4x4([[-0.0652157, -0.986437, -0.150625, 0.0)], [-0.988155, 0.0428282, 0.147358, 0.0)], [-0.138909, 0.158451, -0.977547, 0.0)], [-0.0329351, 0.0282761, 3.1327, 1.0)]])
-0.0329351, 0.0282761, 3.1327
float3(-0.159122, -3.00044, -1.52741)
192159.938705208
normal
simd_float4x4([[-0.0828643, -0.983368, -0.161618, 0.0)], [-0.974422, 0.0459568, 0.219978, 0.0)], [-0.208892, 0.175712, -0.962024, 0.0)], [0.0427645, 0.0281242, 3.20528, 1.0)]])
0.0427645, 0.0281242, 3.20528
float3(-0.176629, -2.92777, -1.5241)
192160.038756375
normal
simd_float4x4([[-0.0745744, -0.985254, -0.153991, 0.0)], [-0.954618, 0.0258818, 0.296706, 0.0)], [-0.288345, 0.169129, -0.942471, 0.0)], [0.111653, 0.0331303, 3.26938, 1.0)]])
0.111653, 0.0331303, 3.26938
float3(-0.169946, -2.84469, -1.54453)
192160.138807333
normal
simd_float4x4([[-0.0974601, -0.978579, -0.181343, 0.0)], [-0.931111, 0.0253051, 0.363857, 0.0)], [-0.351474, 0.204312, -0.913631, 0.0)], [0.180289, 0.0355403, 3.33727, 1.0)]])
0.180289, 0.0355403, 3.33727
float3(-0.205761, -2.77435, -1.54494)
192160.238858375
normal
simd_float4x4([[-0.0892497, -0.97894, -0.183605, 0.0)], [-0.907687, 0.00405027, 0.419629, 0.0)], [-0.410048, 0.204107, -0.888932, 0.0)], [0.239507, 0.0358561, 3.40109, 1.0)]])
0.239507, 0.0358561, 3.40109
float3(-0.205552, -2.7094, -1.56666)
192160.338909208
normal
simd_float4x4([[-0.0854758, -0.98029, -0.178117, 0.0)], [-0.890077, -0.00520498, 0.45578, 0.0)], [-0.447724, 0.197496, -0.872089, 0.0)], [0.296392, 0.0288685, 3.47089, 1.0)]])
0.296392, 0.0288685, 3.47089
float3(-0.198803, -2.66729, -1.57611)
192160.438960208
normal
simd_float4x4([[-0.0713755, -0.984863, -0.157959, 0.0)], [-0.879881, -0.0124216, 0.475031, 0.0)], [-0.469803, 0.172891, -0.865676, 0.0)], [0.351087, 0.0227033, 3.54802, 1.0)]])
0.351087, 0.0227033, 3.54802
float3(-0.173764, -2.64437, -1.58341)
192160.53901125
normal
simd_float4x4([[-0.0541737, -0.98905, -0.137279, 0.0)], [-0.864474, -0.0223516, 0.50218, 0.0)], [-0.49975, 0.145879, -0.853797, 0.0)], [0.402789, 0.0218472, 3.63346, 1.0)]])
0.402789, 0.0218472, 3.63346
float3(-0.146401, -2.61203, -1.59339)
192160.639062208
normal
simd_float4x4([[-0.0571033, -0.987881, -0.144325, 0.0)], [-0.858479, -0.0252108, 0.512228, 0.0)], [-0.509659, 0.15315, -0.846636, 0.0)], [0.458838, 0.0316526, 3.72335, 1.0)]])
0.458838, 0.0316526, 3.72335
float3(-0.153755, -2.59972, -1.59631)
192160.739113291
normal
simd_float4x4([[-0.0659043, -0.984107, -0.164893, 0.0)], [-0.861577, -0.0272349, 0.506895, 0.0)], [-0.50333, 0.175475, -0.846089, 0.0)], [0.512152, 0.0403502, 3.80813, 1.0)]])
0.512152, 0.0403502, 3.80813
float3(-0.176388, -2.60494, -1.59846)
192160.839164125
normal
simd_float4x4([[-0.0801859, -0.984999, -0.152799, 0.0)], [-0.873235, -0.00450215, 0.487278, 0.0)], [-0.480656, 0.172503, -0.859775, 0.0)], [0.559762, 0.0420039, 3.8875, 1.0)]])
0.559762, 0.0420039, 3.8875
float3(-0.17337, -2.63183, -1.57537)
192160.93921525
normal
simd_float4x4([[-0.0931233, -0.983845, -0.152895, 0.0)], [-0.895044, 0.0154523, 0.44571, 0.0)], [-0.436147, 0.178354, -0.882024, 0.0)], [0.608849, 0.0319941, 3.97258, 1.0)]])
0.608849, 0.0319941, 3.97258
float3(-0.179313, -2.68237, -1.55509)
192161.03926625
normal
simd_float4x4([[-0.0682273, -0.98533, -0.156427, 0.0)], [-0.91792, 0.000570778, 0.396765, 0.0)], [-0.390855, 0.170658, -0.904493, 0.0)], [0.653293, 0.0184829, 4.06459, 1.0)]])
0.653293, 0.0184829, 4.06459
float3(-0.171497, -2.7337, -1.57022)
192161.139317208
normal
simd_float4x4([[-0.0544148, -0.9872, -0.149916, 0.0)], [-0.945812, 0.00282423, 0.324702, 0.0)], [-0.320123, 0.159461, -0.933859, 0.0)], [0.6947, 0.0129856, 4.15057, 1.0)]])
0.6947, 0.0129856, 4.15057
float3(-0.160145, -2.81135, -1.56794)
192161.23936825
normal
simd_float4x4([[-0.0289919, -0.986514, -0.161086, 0.0)], [-0.965367, -0.0141675, 0.260509, 0.0)], [-0.259278, 0.16306, -0.951938, 0.0)], [0.723227, 0.0205601, 4.24637, 1.0)]])
0.723227, 0.0205601, 4.24637
float3(-0.163791, -2.87567, -1.58516)
192161.339419083
normal
simd_float4x4([[-0.00601785, -0.984476, -0.175418, 0.0)], [-0.978135, -0.0306728, 0.205697, 0.0)], [-0.207884, 0.17282, -0.962765, 0.0)], [0.738014, 0.0277759, 4.34259, 1.0)]])
0.738014, 0.0277759, 4.34259
float3(-0.173692, -2.92893, -1.60194)
192161.439470291
normal
simd_float4x4([[-0.00131053, -0.979086, -0.203441, 0.0)], [-0.992745, -0.0231858, 0.117979, 0.0)], [-0.120229, 0.20212, -0.971953, 0.0)], [0.748568, 0.0245852, 4.44055, 1.0)]])
0.748568, 0.0245852, 4.44055
float3(-0.203522, -3.01852, -1.59447)
192161.539521166
normal
simd_float4x4([[0.0324943, -0.977107, -0.210253, 0.0)], [-0.998305, -0.041892, 0.0403976, 0.0)], [-0.0482807, 0.208584, -0.976812, 0.0)], [0.752461, 0.0129912, 4.5459, 1.0)]])
0.752461, 0.0129912, 4.5459
float3(-0.210127, -3.09221, -1.61364)
192161.639572208
normal
