ARKit Data
6077.332909166
normal
simd_float4x4([[0.676727, -0.735339, -0.0363048, 0.0)], [-0.72302, -0.673072, 0.155615, 0.0)], [-0.138866, -0.07906, -0.98715, 0.0)], [-0.314144, -0.0430119, -1.17458, 1.0)]])
-0.314144, -0.0430119, -1.17458
float3(0.0791425, -3.00184, -2.31201)
6077.734175333
notAvailable
simd_float4x4([[1.0, 0.0, 0.0, 0.0)], [0.0, 1.0, 0.0, 0.0)], [0.0, 0.0, 1.0, 0.0)], [0.0, 0.0, 0.0, 1.0)]])
0.0, 0.0, 0.0
float3(-0.0, 0.0, 0.0)
6077.850829125
notAvailable
simd_float4x4([[1.0, 0.0, 0.0, 0.0)], [0.0, 1.0, 0.0, 0.0)], [0.0, 0.0, 1.0, 0.0)], [0.0, 0.0, 0.0, 1.0)]])
0.0, 0.0, 0.0
float3(-0.0, 0.0, 0.0)
6077.984147708
limited(__ObjC.ARCamera.TrackingState.Reason.initializing)
simd_float4x4([[-0.67872, -0.733936, -0.0259888, 0.0)], [0.734355, -0.677881, -0.0346397, 0.0)], [0.00780544, -0.0425955, 0.999061, 0.0)], [0.0, 0.0, 0.0, 1.0)]])
0.0, 0.0, 0.0
float3(0.0426084, 0.00781262, -2.31651)
6078.117466333
limited(__ObjC.ARCamera.TrackingState.Reason.initializing)
simd_float4x4([[-0.674687, -0.737391, -0.0323785, 0.0)], [0.738085, -0.673717, -0.0365351, 0.0)], [0.0051258, -0.0485475, 0.998806, 0.0)], [0.0, 0.0, 0.0, 1.0)]])
0.0, 0.0, 0.0
float3(0.0485666, 0.00513188, -2.3111)
6078.250785
limited(__ObjC.ARCamera.TrackingState.Reason.initializing)
simd_float4x4([[-0.680903, -0.731722, -0.0308436, 0.0)], [0.732316, -0.679718, -0.0411916, 0.0)], [0.0091752, -0.0506344, 0.998674, 0.0)], [0.0, 0.0, 0.0, 1.0)]])
0.0, 0.0, 0.0
float3(0.0506561, 0.00918713, -2.31937)
6078.384103583
limited(__ObjC.ARCamera.TrackingState.Reason.initializing)
simd_float4x4([[-0.680845, -0.731463, -0.0375584, 0.0)], [0.732427, -0.679959, -0.0347246, 0.0)], [-0.000138987, -0.0511506, 0.99869, 0.0)], [0.0, 0.0, 0.0, 1.0)]])
0.0, 0.0, 0.0
float3(0.0511729, -0.00013917, -2.31972)
6078.517421916
limited(__ObjC.ARCamera.TrackingState.Reason.initializing)
simd_float4x4([[-0.679561, -0.732031, -0.0482151, 0.0)], [0.733532, -0.679024, -0.0292852, 0.0)], [-0.0113026, -0.0552679, 0.998406, 0.0)], [0.0, 0.0, 0.0, 1.0)]])
0.0, 0.0, 0.0
float3(0.0552961, -0.0113201, -2.31865)
6078.6507405
limited(__ObjC.ARCamera.TrackingState.Reason.initializing)
simd_float4x4([[-0.677449, -0.732852, -0.0630989, 0.0)], [0.734984, -0.677833, -0.0183901, 0.0)], [-0.0292964, -0.0588339, 0.997833, 0.0)], [0.0, 0.0, 0.0, 1.0)]])
0.0, 0.0, 0.0
float3(0.0588679, -0.0293515, -2.31721)
6078.784059166
limited(__ObjC.ARCamera.TrackingState.Reason.initializing)
simd_float4x4([[-0.677754, -0.731989, -0.0695302, 0.0)], [0.734329, -0.678665, -0.013187, 0.0)], [-0.0375374, -0.0599945, 0.997489, 0.0)], [0.0, 0.0, 0.0, 1.0)]])
0.0, 0.0, 0.0
float3(0.0600306, -0.0376142, -2.31841)
6078.917377708
limited(__ObjC.ARCamera.TrackingState.Reason.initializing)
simd_float4x4([[-0.677985, -0.731574, -0.0716142, 0.0)], [0.733988, -0.679057, -0.0118745, 0.0)], [-0.0399455, -0.0606137, 0.997358, 0.0)], [0.0, 0.0, 0.0, 1.0)]])
0.0, 0.0, 0.0
float3(0.0606509, -0.0400299, -2.31898)
6079.050696333
limited(__ObjC.ARCamera.TrackingState.Reason.initializing)
simd_float4x4([[-0.678277, -0.731852, -0.0657331, 0.0)], [0.734348, -0.67829, -0.0255586, 0.0)], [-0.0258848, -0.0656052, 0.997504, 0.0)], [0.0, 0.0, 0.0, 1.0)]])
0.0, 0.0, 0.0
float3(0.0656524, -0.0259437, -2.31823)
6079.184015
limited(__ObjC.ARCamera.TrackingState.Reason.initializing)
simd_float4x4([[-0.678899, -0.731983, -0.0572816, 0.0)], [0.734107, -0.678136, -0.0348408, 0.0)], [-0.0133469, -0.0657023, 0.997742, 0.0)], [0.0, 0.0, 0.0, 1.0)]])
0.0, 0.0, 0.0
float3(0.0657496, -0.0133763, -2.31803)
6079.317333416
limited(__ObjC.ARCamera.TrackingState.Reason.initializing)
simd_float4x4([[-0.677703, -0.733149, -0.0565494, 0.0)], [0.735256, -0.676735, -0.0377358, 0.0)], [-0.0106073, -0.0671504, 0.99768, 0.0)], [0.0, 0.0, 0.0, 1.0)]])
0.0, 0.0, 0.0
float3(0.067201, -0.0106315, -2.3162)
6079.450651958
limited(__ObjC.ARCamera.TrackingState.Reason.initializing)
simd_float4x4([[-0.675829, -0.734736, -0.0583661, 0.0)], [0.736956, -0.674923, -0.0370441, 0.0)], [-0.0121786, -0.0680473, 0.997602, 0.0)], [0.0, 0.0, 0.0, 1.0)]])
0.0, 0.0, 0.0
float3(0.0681, -0.0122073, -2.31379)
6079.583970625
limited(__ObjC.ARCamera.TrackingState.Reason.initializing)
simd_float4x4([[-0.675544, -0.734821, -0.0605626, 0.0)], [0.737206, -0.674593, -0.0380814, 0.0)], [-0.0128754, -0.0703714, 0.997433, 0.0)], [0.0, 0.0, 0.0, 1.0)]])
0.0, 0.0, 0.0
float3(0.0704296, -0.0129078, -2.31349)
6079.71728925
limited(__ObjC.ARCamera.TrackingState.Reason.initializing)
simd_float4x4([[-0.675945, -0.734626, -0.0584219, 0.0)], [0.736904, -0.674661, -0.0424513, 0.0)], [-0.00823239, -0.0717448, 0.997384, 0.0)], [0.0, 0.0, 0.0, 1.0)]])
0.0, 0.0, 0.0
float3(0.0718065, -0.00825379, -2.31367)
6079.850607833
limited(__ObjC.ARCamera.TrackingState.Reason.initializing)
simd_float4x4([[-0.675325, -0.735184, -0.0585752, 0.0)], [0.737498, -0.673758, -0.0462994, 0.0)], [-0.00543004, -0.0744651, 0.997204, 0.0)], [0.0, 0.0, 0.0, 1.0)]])
0.0, 0.0, 0.0
float3(0.0745341, -0.00544521, -2.31262)
6079.983926375
limited(__ObjC.ARCamera.TrackingState.Reason.initializing)
simd_float4x4([[-0.67475, -0.73585, -0.0568173, 0.0)], [0.73804, -0.673021, -0.0483555, 0.0)], [-0.00265971, -0.0745602, 0.997208, 0.0)], [0.0, 0.0, 0.0, 1.0)]])
0.0, 0.0, 0.0
float3(0.0746294, -0.00266714, -2.31163)
6080.117245
limited(__ObjC.ARCamera.TrackingState.Reason.initializing)
simd_float4x4([[-0.674169, -0.73653, -0.0548833, 0.0)], [0.738569, -0.672621, -0.0457671, 0.0)], [-0.00320956, -0.0713888, 0.997439, 0.0)], [0.0, 0.0, 0.0, 1.0)]])
0.0, 0.0, 0.0
float3(0.0714496, -0.00321779, -2.31087)
6080.250563416
limited(__ObjC.ARCamera.TrackingState.Reason.initializing)
simd_float4x4([[-0.673971, -0.7365, -0.0576752, 0.0)], [0.738744, -0.672369, -0.0466508, 0.0)], [-0.00442231, -0.0740478, 0.997242, 0.0)], [0.0, 0.0, 0.0, 1.0)]])
0.0, 0.0, 0.0
float3(0.0741157, -0.00443451, -2.31071)
6080.383882125
limited(__ObjC.ARCamera.TrackingState.Reason.initializing)
simd_float4x4([[-0.674154, -0.735935, -0.0625431, 0.0)], [0.738565, -0.672398, -0.0489962, 0.0)], [-0.00599728, -0.0792226, 0.996837, 0.0)], [0.0, 0.0, 0.0, 1.0)]])
0.0, 0.0, 0.0
float3(0.0793057, -0.00601624, -2.31111)
6080.517200666
limited(__ObjC.ARCamera.TrackingState.Reason.initializing)
simd_float4x4([[-0.674681, -0.735291, -0.0644043, 0.0)], [0.738062, -0.673044, -0.0476943, 0.0)], [-0.00827926, -0.0797123, 0.996781, 0.0)], [0.0, 0.0, 0.0, 1.0)]])
0.0, 0.0, 0.0
float3(0.0797969, -0.0083058, -2.31202)
6080.65051925
limited(__ObjC.ARCamera.TrackingState.Reason.initializing)
simd_float4x4([[-0.675687, -0.73367, -0.0719286, 0.0)], [0.73693, -0.674811, -0.0395551, 0.0)], [-0.0195182, -0.079733, 0.996624, 0.0)], [0.0, 0.0, 0.0, 1.0)]])
0.0, 0.0, 0.0
float3(0.0798178, -0.0195818, -2.31443)
6080.783838
limited(__ObjC.ARCamera.TrackingState.Reason.initializing)
simd_float4x4([[-0.676528, -0.732462, -0.0762179, 0.0)], [0.735957, -0.676133, -0.0348189, 0.0)], [-0.0260299, -0.079649, 0.996483, 0.0)], [0.0, 0.0, 0.0, 1.0)]])
0.0, 0.0, 0.0
float3(0.0797334, -0.0261159, -2.31623)
6080.9171565
limited(__ObjC.ARCamera.TrackingState.Reason.initializing)
simd_float4x4([[-0.677808, -0.731125, -0.077667, 0.0)], [0.73455, -0.677954, -0.0285179, 0.0)], [-0.0318047, -0.0763799, 0.996571, 0.0)], [0.0, 0.0, 0.0, 1.0)]])
0.0, 0.0, 0.0
float3(0.0764544, -0.0319033, -2.31848)
6081.050475125
limited(__ObjC.ARCamera.TrackingState.Reason.initializing)
simd_float4x4([[-0.679886, -0.729005, -0.0794171, 0.0)], [0.732461, -0.680331, -0.0254995, 0.0)], [-0.0354407, -0.0755067, 0.996515, 0.0)], [0.0, 0.0, 0.0, 1.0)]])
0.0, 0.0, 0.0
float3(0.0755787, -0.0355496, -2.32167)
6081.183793708
limited(__ObjC.ARCamera.TrackingState.Reason.initializing)
simd_float4x4([[-0.680787, -0.726791, -0.0911176, 0.0)], [0.730937, -0.682148, -0.0201153, 0.0)], [-0.0475368, -0.0802952, 0.995636, 0.0)], [0.0, 0.0, 0.0, 1.0)]])
0.0, 0.0, 0.0
float3(0.0803817, -0.0477089, -2.32452)
6081.31711225
limited(__ObjC.ARCamera.TrackingState.Reason.initializing)
simd_float4x4([[-0.681004, -0.726077, -0.0951066, 0.0)], [0.730312, -0.682936, -0.015572, 0.0)], [-0.0536456, -0.080062, 0.995345, 0.0)], [0.0, 0.0, 0.0, 1.0)]])
0.0, 0.0, 0.0
float3(0.0801478, -0.0538444, -2.32559)
6081.450430916
limited(__ObjC.ARCamera.TrackingState.Reason.initializing)
simd_float4x4([[-0.681814, -0.726082, -0.089078, 0.0)], [0.730087, -0.683042, -0.0206546, 0.0)], [-0.0458469, -0.0791174, 0.995811, 0.0)], [0.0, 0.0, 0.0, 1.0)]])
0.0, 0.0, 0.0
float3(0.0792002, -0.0460073, -2.32566)
6081.5837495
limited(__ObjC.ARCamera.TrackingState.Reason.initializing)
simd_float4x4([[-0.679841, -0.729105, -0.0788743, 0.0)], [0.732374, -0.680563, -0.0215053, 0.0)], [-0.0379996, -0.0723856, 0.996652, 0.0)], [0.0, 0.0, 0.0, 1.0)]])
0.0, 0.0, 0.0
float3(0.0724489, -0.0381088, -2.32177)
6081.71706825
normal
simd_float4x4([[-0.673812, -0.733259, -0.0911551, 0.0)], [0.737262, -0.675397, -0.0168467, 0.0)], [-0.0492129, -0.0785567, 0.995694, 0.0)], [0.00042313, -0.000175374, 0.00078593, 1.0)]])
0.00042313, -0.000175374, 0.00078593
float3(0.0786377, -0.0493855, -2.31514)
6081.850386791
normal
simd_float4x4([[-0.662156, -0.741634, -0.107373, 0.0)], [0.745948, -0.666004, -2.25541e-05, 0.0)], [-0.0714941, -0.0801095, 0.994219, 0.0)], [0.00473136, -0.00267558, 0.00685339, 1.0)]])
0.00473136, -0.00267558, 0.00685339
float3(0.0801955, -0.0717863, -2.30252)
6081.983705291
normal
simd_float4x4([[-0.65267, -0.748674, -0.116232, 0.0)], [0.753079, -0.657872, 0.00877689, 0.0)], [-0.0830369, -0.0818034, 0.993183, 0.0)], [0.00982319, -0.00507036, 0.0119783, 1.0)]])
0.00982319, -0.00507036, 0.0119783
float3(0.0818949, -0.0834128, -2.29173)
6082.117023875
normal
simd_float4x4([[-0.649256, -0.752258, -0.112138, 0.0)], [0.756612, -0.653841, 0.00554509, 0.0)], [-0.077492, -0.081245, 0.993677, 0.0)], [0.0127434, -0.00664017, 0.0172374, 1.0)]])
0.0127434, -0.00664017, 0.0172374
float3(0.0813346, -0.0778276, -2.28632)
6082.250342625
normal
simd_float4x4([[-0.645224, -0.755279, -0.115064, 0.0)], [0.759537, -0.650387, 0.0100189, 0.0)], [-0.0824031, -0.0809308, 0.993308, 0.0)], [0.0174643, -0.00800649, 0.0239714, 1.0)]])
0.0174643, -0.00800649, 0.0239714
float3(0.0810194, -0.0827687, -2.28171)
6082.383661125
normal
simd_float4x4([[-0.639997, -0.758243, -0.124386, 0.0)], [0.762597, -0.646624, 0.0179991, 0.0)], [-0.0940784, -0.0833367, 0.992071, 0.0)], [0.0223697, -0.00805744, 0.0325948, 1.0)]])
0.0223697, -0.00805744, 0.0325948
float3(0.0834335, -0.0945476, -2.27691)
6082.516979666
normal
simd_float4x4([[-0.639148, -0.760111, -0.117138, 0.0)], [0.763219, -0.645648, 0.0252214, 0.0)], [-0.0948012, -0.0732819, 0.992795, 0.0)], [0.0273655, -0.00898606, 0.0405924, 1.0)]])
0.0273655, -0.00898606, 0.0405924
float3(0.0733476, -0.0952005, -2.27495)
6082.650298291
normal
simd_float4x4([[-0.636427, -0.760471, -0.129014, 0.0)], [0.76333, -0.644985, 0.03634, 0.0)], [-0.110848, -0.0753528, 0.990977, 0.0)], [0.0308166, -0.00977105, 0.0512343, 1.0)]])
0.0308166, -0.00977105, 0.0512343
float3(0.0754243, -0.111394, -2.27421)
6082.783616875
normal
simd_float4x4([[-0.633609, -0.760956, -0.139593, 0.0)], [0.764317, -0.643635, 0.0394013, 0.0)], [-0.11983, -0.0817285, 0.989425, 0.0)], [0.0372474, -0.00964738, 0.0602829, 1.0)]])
0.0372474, -0.00964738, 0.0602829
float3(0.0818198, -0.120524, -2.27286)
6082.916935541
normal
simd_float4x4([[-0.632222, -0.760614, -0.147519, 0.0)], [0.762968, -0.644319, 0.0522856, 0.0)], [-0.134818, -0.079496, 0.987676, 0.0)], [0.0431817, -0.010119, 0.0699404, 1.0)]])
0.0431817, -0.010119, 0.0699404
float3(0.07958, -0.135662, -2.27361)
6083.050254125
normal
simd_float4x4([[-0.634314, -0.758446, -0.149685, 0.0)], [0.759038, -0.647741, 0.0655267, 0.0)], [-0.146655, -0.0720519, 0.98656, 0.0)], [0.0464367, -0.0101129, 0.0754528, 1.0)]])
0.0464367, -0.0101129, 0.0754528
float3(0.0721143, -0.147573, -2.27763)
6083.183572791
normal
simd_float4x4([[-0.636264, -0.755742, -0.154988, 0.0)], [0.754845, -0.651343, 0.0772102, 0.0)], [-0.159301, -0.0678655, 0.984895, 0.0)], [0.0493724, -0.00968649, 0.0818677, 1.0)]])
0.0493724, -0.00968649, 0.0818677
float3(0.0679177, -0.160356, -2.28213)
6083.316891375
normal
simd_float4x4([[-0.635129, -0.755597, -0.160265, 0.0)], [0.753301, -0.651801, 0.0877045, 0.0)], [-0.17073, -0.065024, 0.98317, 0.0)], [0.048533, -0.00881673, 0.087625, 1.0)]])
0.048533, -0.00881673, 0.087625
float3(0.0650699, -0.171938, -2.28258)
6083.450209916
normal
simd_float4x4([[-0.626533, -0.76248, -0.161495, 0.0)], [0.757561, -0.644466, 0.103753, 0.0)], [-0.183188, -0.0573378, 0.981405, 0.0)], [0.0467151, -0.0090429, 0.0905203, 1.0)]])
0.0467151, -0.0090429, 0.0905203
float3(0.0573693, -0.184535, -2.27251)
6083.583528583
normal
simd_float4x4([[-0.609059, -0.782021, -0.132253, 0.0)], [0.768646, -0.623105, 0.14465, 0.0)], [-0.195527, -0.0135552, 0.980605, 0.0)], [0.0406834, -0.0162704, 0.0912406, 1.0)]])
0.0406834, -0.0162704, 0.0912406
float3(0.0135556, -0.196813, -2.24358)
6083.716847083
normal
simd_float4x4([[-0.58927, -0.801053, -0.105238, 0.0)], [0.776305, -0.597466, 0.200963, 0.0)], [-0.223858, 0.0367249, 0.97393, 0.0)], [0.0409351, -0.0225858, 0.101998, 1.0)]])
0.0409351, -0.0225858, 0.101998
float3(-0.0367331, -0.225926, -2.21164)
6083.850165708
normal
simd_float4x4([[-0.581332, -0.803293, -0.129513, 0.0)], [0.775919, -0.595214, 0.208973, 0.0)], [-0.244954, 0.0209904, 0.969307, 0.0)], [0.033517, -0.0203669, 0.113241, 1.0)]])
0.033517, -0.0203669, 0.113241
float3(-0.020992, -0.247528, -2.20849)
6083.983484333
normal
simd_float4x4([[-0.593467, -0.79825, -0.102931, 0.0)], [0.779313, -0.601876, 0.174405, 0.0)], [-0.201171, 0.0232884, 0.97928, 0.0)], [0.0251855, -0.0230581, 0.114991, 1.0)]])
0.0251855, -0.0230581, 0.114991
float3(-0.0232905, -0.202608, -2.21685)
6084.116803041
normal
simd_float4x4([[-0.595882, -0.794757, -0.115262, 0.0)], [0.779557, -0.606923, 0.154712, 0.0)], [-0.192914, 0.00233633, 0.981213, 0.0)], [0.0165234, -0.0209496, 0.118442, 1.0)]])
0.0165234, -0.0209496, 0.118442
float3(-0.00233633, -0.194131, -2.22298)
6084.250121708
normal
simd_float4x4([[-0.582962, -0.788526, -0.195913, 0.0)], [0.77219, -0.612699, 0.168295, 0.0)], [-0.252741, -0.0531725, 0.966072, 0.0)], [0.0104929, -0.018972, 0.134601, 1.0)]])
0.0104929, -0.018972, 0.134601
float3(0.0531976, -0.255882, -2.23137)
6084.383440416
normal
simd_float4x4([[-0.556669, -0.78495, -0.271982, 0.0)], [0.763102, -0.612561, 0.206021, 0.0)], [-0.328322, -0.0928647, 0.93999, 0.0)], [-0.000346541, -0.0198337, 0.150484, 1.0)]])
-0.000346541, -0.0198337, 0.150484
float3(0.0929987, -0.336035, -2.23346)
6084.516758916
normal
simd_float4x4([[-0.485887, -0.795386, -0.362319, 0.0)], [0.760447, -0.589064, 0.273357, 0.0)], [-0.430853, -0.142704, 0.891068, 0.0)], [-0.00774954, -0.0201083, 0.163168, 1.0)]])
-0.00774954, -0.0201083, 0.163168
float3(0.143193, -0.450381, -2.20825)
6084.650077541
normal
simd_float4x4([[-0.466042, -0.8051, -0.366904, 0.0)], [0.758978, -0.576912, 0.301868, 0.0)], [-0.454705, -0.137789, 0.879919, 0.0)], [-0.00369808, -0.027804, 0.144281, 1.0)]])
-0.00369808, -0.027804, 0.144281
float3(0.138229, -0.476964, -2.19256)
6084.783396125
normal
simd_float4x4([[-0.481471, -0.804398, -0.348038, 0.0)], [0.755518, -0.582192, 0.300409, 0.0)], [-0.444273, -0.118311, 0.888045, 0.0)], [0.0201209, -0.0339511, 0.111855, 1.0)]])
0.0201209, -0.0339511, 0.111855
float3(0.118589, -0.463873, -2.19729)
6084.91671475
normal
simd_float4x4([[-0.541342, -0.782334, -0.308063, 0.0)], [0.747195, -0.615629, 0.2504, 0.0)], [-0.385549, -0.0946311, 0.917822, 0.0)], [0.0517293, -0.0481338, 0.0445727, 1.0)]])
0.0517293, -0.0481338, 0.0445727
float3(0.0947729, -0.397688, -2.23751)
6085.050033375
normal
simd_float4x4([[-0.587559, -0.768764, -0.252539, 0.0)], [0.751113, -0.634248, 0.183194, 0.0)], [-0.301005, -0.0820485, 0.950086, 0.0)], [0.0856197, -0.0510534, -0.0272743, 1.0)]])
0.0856197, -0.0510534, -0.0272743
float3(0.0821408, -0.306814, -2.26061)
6085.183352125
normal
simd_float4x4([[-0.614597, -0.745924, -0.256647, 0.0)], [0.727205, -0.661827, 0.182095, 0.0)], [-0.305685, -0.0747201, 0.949196, 0.0)], [0.120529, -0.0494771, -0.0759686, 1.0)]])
0.120529, -0.0494771, -0.0759686
float3(0.0747898, -0.311558, -2.29653)
6085.316670625
normal
simd_float4x4([[-0.606441, -0.739551, -0.292051, 0.0)], [0.71919, -0.66683, 0.195202, 0.0)], [-0.33911, -0.0916617, 0.93627, 0.0)], [0.135896, -0.0538282, -0.101373, 1.0)]])
0.135896, -0.0538282, -0.101373
float3(0.0917905, -0.347495, -2.30453)
6085.449989166
normal
simd_float4x4([[-0.60817, -0.731704, -0.307797, 0.0)], [0.703878, -0.676346, 0.217052, 0.0)], [-0.366995, -0.084647, 0.926364, 0.0)], [0.13753, -0.0568371, -0.125852, 1.0)]])
0.13753, -0.0568371, -0.125852
float3(0.0847484, -0.377198, -2.3169)
6085.583307791
normal
simd_float4x4([[-0.576083, -0.745944, -0.334208, 0.0)], [0.699306, -0.661471, 0.270975, 0.0)], [-0.423201, -0.0776098, 0.902706, 0.0)], [0.134556, -0.0627429, -0.157995, 1.0)]])
0.134556, -0.0627429, -0.157995
float3(0.0776879, -0.438389, -2.29625)
6085.716626416
normal
simd_float4x4([[-0.540871, -0.763939, -0.351932, 0.0)], [0.698925, -0.640986, 0.317238, 0.0)], [-0.467934, -0.0743891, 0.880627, 0.0)], [0.122798, -0.0708187, -0.200637, 1.0)]])
0.122798, -0.0708187, -0.200637
float3(0.0744578, -0.488423, -2.2689)
6085.849944958
normal
simd_float4x4([[-0.525646, -0.7706, -0.360378, 0.0)], [0.690407, -0.633934, 0.348522, 0.0)], [-0.497026, -0.0656086, 0.865252, 0.0)], [0.100006, -0.0791438, -0.270077, 1.0)]])
0.100006, -0.0791438, -0.270077
float3(0.0656558, -0.521406, -2.2592)
6085.98326375
normal
simd_float4x4([[-0.509268, -0.772217, -0.379904, 0.0)], [0.680613, -0.631553, 0.37136, 0.0)], [-0.5267, -0.0694459, 0.84721, 0.0)], [0.0574798, -0.0891934, -0.370983, 1.0)]])
0.0574798, -0.0891934, -0.370983
float3(0.0695018, -0.556213, -2.25632)
6086.116582333
normal
simd_float4x4([[-0.521781, -0.765873, -0.375742, 0.0)], [0.674449, -0.640055, 0.368034, 0.0)], [-0.522363, -0.0613859, 0.850511, 0.0)], [0.0121024, -0.0773439, -0.468369, 1.0)]])
0.0121024, -0.0773439, -0.468369
float3(0.0614245, -0.550778, -2.26694)
6086.249901083
normal
simd_float4x4([[-0.505784, -0.767747, -0.39338, 0.0)], [0.686741, -0.634317, 0.355006, 0.0)], [-0.522082, -0.0905937, 0.848071, 0.0)], [-0.0110549, -0.0708884, -0.550305, 1.0)]])
-0.0110549, -0.0708884, -0.550305
float3(0.090718, -0.551819, -2.26131)
6086.3832195
normal
simd_float4x4([[-0.544657, -0.776506, -0.31684, 0.0)], [0.715987, -0.627253, 0.306458, 0.0)], [-0.436705, -0.0599394, 0.897606, 0.0)], [0.0744275, -0.0815751, -0.585333, 1.0)]])
0.0744275, -0.0815751, -0.585333
float3(0.0599753, -0.452808, -2.25027)
6086.51653825
normal
simd_float4x4([[-0.593259, -0.768715, -0.239, 0.0)], [0.740757, -0.637522, 0.211766, 0.0)], [-0.315155, -0.0514089, 0.947647, 0.0)], [0.261285, -0.104855, -0.677305, 1.0)]])
0.261285, -0.104855, -0.677305
float3(0.0514316, -0.32106, -2.26317)
6086.649856875
normal
simd_float4x4([[-0.602701, -0.762242, -0.236091, 0.0)], [0.73351, -0.645706, 0.212194, 0.0)], [-0.314189, -0.0452853, 0.94828, 0.0)], [0.142251, -0.13298, -0.809637, 1.0)]])
0.142251, -0.13298, -0.809637
float3(0.0453008, -0.319942, -2.27361)
6086.7831755
normal
simd_float4x4([[-0.605628, -0.764336, -0.22137, 0.0)], [0.722099, -0.644768, 0.250694, 0.0)], [-0.334347, -0.00802434, 0.942416, 0.0)], [0.050036, -0.129393, -1.01604, 1.0)]])
0.050036, -0.129393, -1.01604
float3(0.00802442, -0.340923, -2.27154)
6086.916494083
normal
simd_float4x4([[-0.556197, -0.781128, -0.283697, 0.0)], [0.738796, -0.621074, 0.261625, 0.0)], [-0.380559, -0.0640792, 0.922534, 0.0)], [0.0531003, -0.118897, -1.121, 1.0)]])
0.0531003, -0.118897, -1.121
float3(0.0641231, -0.391249, -2.24254)
6087.049812708
normal
simd_float4x4([[-0.5273, -0.78382, -0.327996, 0.0)], [0.731886, -0.615086, 0.293278, 0.0)], [-0.431623, -0.0854102, 0.898002, 0.0)], [0.0519586, -0.112516, -1.21496, 1.0)]])
0.0519586, -0.112516, -1.21496
float3(0.0855143, -0.448046, -2.23616)
6087.183131291
normal
simd_float4x4([[-0.522745, -0.794966, -0.307843, 0.0)], [0.741727, -0.602136, 0.29542, 0.0)], [-0.420212, -0.0739057, 0.904411, 0.0)], [0.0376908, -0.125267, -1.32417, 1.0)]])
0.0376908, -0.125267, -1.32417
float3(0.0739732, -0.434949, -2.21904)
6087.316449833
normal
simd_float4x4([[-0.529367, -0.785654, -0.320185, 0.0)], [0.735974, -0.613001, 0.287355, 0.0)], [-0.422035, -0.0835316, 0.902723, 0.0)], [0.000890024, -0.140315, -1.45092, 1.0)]])
0.000890024, -0.140315, -1.45092
float3(0.083629, -0.437322, -2.23337)
6087.4497685
normal
simd_float4x4([[-0.557441, -0.757023, -0.340846, 0.0)], [0.702426, -0.648906, 0.292436, 0.0)], [-0.442558, -0.0764038, 0.893479, 0.0)], [-0.047903, -0.133515, -1.58666, 1.0)]])
-0.047903, -0.133515, -1.58666
float3(0.0764783, -0.459896, -2.27944)
6087.583087208
normal
simd_float4x4([[-0.526039, -0.757164, -0.38728, 0.0)], [0.700834, -0.643905, 0.30695, 0.0)], [-0.481783, -0.109952, 0.869365, 0.0)], [-0.0755735, -0.122215, -1.69614, 1.0)]])
-0.0755735, -0.122215, -1.69614
float3(0.110175, -0.506045, -2.27553)
6087.716405708
normal
simd_float4x4([[-0.584058, -0.761356, -0.281451, 0.0)], [0.721878, -0.645748, 0.248802, 0.0)], [-0.371173, -0.0578581, 0.926759, 0.0)], [-0.098158, -0.124149, -1.82936, 1.0)]])
-0.098158, -0.124149, -1.82936
float3(0.0578904, -0.380943, -2.27422)
6087.849724416
normal
simd_float4x4([[-0.582215, -0.758655, -0.29235, 0.0)], [0.716112, -0.648773, 0.257444, 0.0)], [-0.384979, -0.0594673, 0.921007, 0.0)], [-0.111128, -0.149241, -1.94826, 1.0)]])
-0.111128, -0.149241, -1.94826
float3(0.0595024, -0.395925, -2.27828)
6087.983043083
normal
simd_float4x4([[-0.601796, -0.757824, -0.252079, 0.0)], [0.733922, -0.649227, 0.199656, 0.0)], [-0.31496, -0.0648541, 0.946887, 0.0)], [-0.115628, -0.155595, -2.10105, 1.0)]])
-0.115628, -0.155595, -2.10105
float3(0.0648996, -0.321115, -2.27917)
6088.116361541
normal
simd_float4x4([[-0.596328, -0.769038, -0.23016, 0.0)], [0.741673, -0.637521, 0.208539, 0.0)], [-0.307107, -0.0463457, 0.950546, 0.0)], [-0.115177, -0.140537, -2.23589, 1.0)]])
-0.115177, -0.140537, -2.23589
float3(0.0463623, -0.312498, -2.26296)
6088.249680208
normal
simd_float4x4([[-0.512774, -0.775931, -0.367414, 0.0)], [0.722558, -0.621171, 0.303408, 0.0)], [-0.463651, -0.109899, 0.879176, 0.0)], [-0.12803, -0.128635, -2.32699, 1.0)]])
-0.12803, -0.128635, -2.32699
float3(0.110121, -0.485303, -2.24587)
6088.382998958
normal
simd_float4x4([[-0.490708, -0.793462, -0.360032, 0.0)], [0.726348, -0.600738, 0.333964, 0.0)], [-0.481273, -0.0976298, 0.871117, 0.0)], [-0.151079, -0.143215, -2.44172, 1.0)]])
-0.151079, -0.143215, -2.44172
float3(0.0977856, -0.504744, -2.21883)
6088.516317458
normal
simd_float4x4([[-0.496282, -0.782317, -0.376411, 0.0)], [0.723426, -0.61235, 0.318876, 0.0)], [-0.479957, -0.114053, 0.869847, 0.0)], [-0.188546, -0.162346, -2.57932, 1.0)]])
-0.188546, -0.162346, -2.57932
float3(0.114302, -0.504202, -2.23492)
6088.64963625
normal
simd_float4x4([[-0.51267, -0.743693, -0.429058, 0.0)], [0.678958, -0.65704, 0.327589, 0.0)], [-0.525534, -0.123367, 0.841781, 0.0)], [-0.237253, -0.159937, -2.72434, 1.0)]])
-0.237253, -0.159937, -2.72434
float3(0.123682, -0.558105, -2.29441)
6088.782954958
normal
simd_float4x4([[-0.474063, -0.744783, -0.469642, 0.0)], [0.67679, -0.649417, 0.346719, 0.0)], [-0.563223, -0.153483, 0.811925, 0.0)], [-0.268107, -0.153911, -2.83856, 1.0)]])
-0.268107, -0.153911, -2.83856
float3(0.154092, -0.606477, -2.2879)
6088.9162735
normal
simd_float4x4([[-0.567367, -0.744787, -0.351264, 0.0)], [0.707478, -0.659166, 0.254903, 0.0)], [-0.42139, -0.103888, 0.90091, 0.0)], [-0.292364, -0.161168, -2.97941, 1.0)]])
-0.292364, -0.161168, -2.97941
float3(0.104076, -0.437506, -2.29528)
6089.049592041
normal
simd_float4x4([[-0.584519, -0.747148, -0.316398, 0.0)], [0.722673, -0.656691, 0.215641, 0.0)], [-0.368891, -0.102606, 0.923792, 0.0)], [-0.318422, -0.181563, -3.11546, 1.0)]])
-0.318422, -0.181563, -3.11546
float3(0.102786, -0.379922, -2.29185)
6089.182910625
normal
simd_float4x4([[-0.603761, -0.734708, -0.309317, 0.0)], [0.714195, -0.670906, 0.199527, 0.0)], [-0.354117, -0.100446, 0.929791, 0.0)], [-0.325471, -0.188358, -3.2722, 1.0)]])
-0.325471, -0.188358, -3.2722
float3(0.100616, -0.363895, -2.31083)
6089.316229333
normal
simd_float4x4([[-0.557023, -0.750735, -0.355137, 0.0)], [0.71165, -0.651902, 0.261873, 0.0)], [-0.428112, -0.106864, 0.897385, 0.0)], [-0.325154, -0.173881, -3.39918, 1.0)]])
-0.325154, -0.173881, -3.39918
float3(0.107069, -0.445132, -2.28585)
6089.449548
normal
simd_float4x4([[-0.434943, -0.763888, -0.47676, 0.0)], [0.667865, -0.628799, 0.398205, 0.0)], [-0.603971, -0.145215, 0.783666, 0.0)], [-0.336011, -0.161736, -3.49432, 1.0)]])
-0.336011, -0.161736, -3.49432
float3(0.14573, -0.656617, -2.2595)
6089.582866708
normal
simd_float4x4([[-0.403626, -0.784268, -0.471179, 0.0)], [0.635632, -0.610785, 0.472138, 0.0)], [-0.658072, -0.108929, 0.745034, 0.0)], [-0.347925, -0.173309, -3.61117, 1.0)]])
-0.347925, -0.173309, -3.61117
float3(0.109146, -0.723499, -2.23247)
6089.716185166
normal
simd_float4x4([[-0.35484, -0.782116, -0.512234, 0.0)], [0.621056, -0.606722, 0.496163, 0.0)], [-0.698841, -0.142068, 0.701026, 0.0)], [-0.372573, -0.193369, -3.73623, 1.0)]])
-0.372573, -0.193369, -3.73623
float3(0.14255, -0.783837, -2.23057)
6089.849503791
normal
simd_float4x4([[-0.3119, -0.782139, -0.539423, 0.0)], [0.574681, -0.607417, 0.548441, 0.0)], [-0.756612, -0.138938, 0.638933, 0.0)], [-0.381954, -0.186346, -3.83558, 1.0)]])
-0.381954, -0.186346, -3.83558
float3(0.139388, -0.869524, -2.23111)
6089.982822375
normal
simd_float4x4([[-0.299547, -0.779719, -0.549827, 0.0)], [0.567239, -0.608921, 0.554487, 0.0)], [-0.767145, -0.145788, 0.624687, 0.0)], [-0.373457, -0.179813, -3.92045, 1.0)]])
-0.373457, -0.179813, -3.92045
float3(0.146309, -0.887396, -2.23381)
6090.116141166
normal
simd_float4x4([[-0.316138, -0.781889, -0.537314, 0.0)], [0.554417, -0.611848, 0.564149, 0.0)], [-0.769856, -0.119547, 0.626921, 0.0)], [-0.348451, -0.194516, -4.00065, 1.0)]])
-0.348451, -0.194516, -4.00065
float3(0.119834, -0.887375, -2.23479)
6090.24945975
normal
simd_float4x4([[-0.332669, -0.772977, -0.54022, 0.0)], [0.544879, -0.625099, 0.55889, 0.0)], [-0.7697, -0.108429, 0.62913, 0.0)], [-0.302047, -0.214963, -4.08767, 1.0)]])
-0.302047, -0.214963, -4.08767
float3(0.108643, -0.885553, -2.25081)
6090.3827785
normal
simd_float4x4([[-0.425385, -0.739048, -0.522357, 0.0)], [0.551633, -0.669304, 0.497728, 0.0)], [-0.71746, -0.0764235, 0.692395, 0.0)], [-0.216143, -0.224574, -4.1827, 1.0)]])
-0.216143, -0.224574, -4.1827
float3(0.0764981, -0.803175, -2.30671)
6090.516097083
normal
simd_float4x4([[-0.380929, -0.731106, -0.566019, 0.0)], [0.516433, -0.676021, 0.525636, 0.0)], [-0.766936, -0.0920808, 0.635083, 0.0)], [-0.154818, -0.213334, -4.24447, 1.0)]])
-0.154818, -0.213334, -4.24447
float3(0.0922115, -0.879167, -2.31707)
6090.649415708
normal
simd_float4x4([[-0.159946, -0.739796, -0.653543, 0.0)], [0.353573, -0.661075, 0.66179, 0.0)], [-0.921631, -0.125225, 0.367309, 0.0)], [-0.12632, -0.205467, -4.27423, 1.0)]])
-0.12632, -0.205467, -4.27423
float3(0.125555, -1.19155, -2.30006)
6090.782734125
normal
simd_float4x4([[-0.0817405, -0.757607, -0.647572, 0.0)], [0.265522, -0.642818, 0.718529, 0.0)], [-0.960634, -0.113212, 0.253706, 0.0)], [-0.0860479, -0.215816, -4.32995, 1.0)]])
-0.0860479, -0.215816, -4.32995
float3(0.113455, -1.31259, -2.27441)
6090.916052875
normal
simd_float4x4([[-0.0385526, -0.775479, -0.630195, 0.0)], [0.221001, -0.621663, 0.751461, 0.0)], [-0.974511, -0.110303, 0.195349, 0.0)], [-0.0479118, -0.23007, -4.4235, 1.0)]])
-0.0479118, -0.23007, -4.4235
float3(0.110528, -1.37296, -2.24654)
6091.0493715
normal
simd_float4x4([[-0.0679528, -0.772937, -0.630834, 0.0)], [0.260442, -0.624114, 0.736649, 0.0)], [-0.963095, -0.114238, 0.243716, 0.0)], [0.0100599, -0.240606, -4.56801, 1.0)]])
0.0100599, -0.240606, -4.56801
float3(0.114488, -1.32294, -2.25007)
6091.182690208
normal
simd_float4x4([[-0.188093, -0.749904, -0.634244, 0.0)], [0.315595, -0.657671, 0.68401, 0.0)], [-0.930065, -0.0715067, 0.360369, 0.0)], [0.0723129, -0.239836, -4.71314, 1.0)]])
0.0723129, -0.239836, -4.71314
float3(0.0715678, -1.20114, -2.29076)
6091.316008791
normal
simd_float4x4([[-0.168717, -0.736316, -0.655266, 0.0)], [0.356151, -0.665422, 0.656027, 0.0)], [-0.919071, -0.122691, 0.374508, 0.0)], [0.121243, -0.224687, -4.83042, 1.0)]])
0.121243, -0.224687, -4.83042
float3(0.123, -1.18385, -2.30566)
6091.4493275
normal
simd_float4x4([[-0.309971, -0.750043, -0.584255, 0.0)], [0.447137, -0.657326, 0.606623, 0.0)], [-0.839039, -0.0732067, 0.539124, 0.0)], [0.193508, -0.244812, -4.9653, 1.0)]])
0.193508, -0.244812, -4.9653
float3(0.0732722, -0.999677, -2.29041)
6091.582646166
normal
simd_float4x4([[-0.334787, -0.748619, -0.572264, 0.0)], [0.493739, -0.656632, 0.570138, 0.0)], [-0.802583, -0.0916744, 0.589455, 0.0)], [0.272834, -0.264097, -5.09399, 1.0)]])
0.272834, -0.264097, -5.09399
float3(0.0918033, -0.937324, -2.29083)
6091.715964708
normal
simd_float4x4([[-0.366408, -0.754646, -0.544293, 0.0)], [0.476032, -0.654659, 0.58721, 0.0)], [-0.799462, -0.0439422, 0.599108, 0.0)], [0.364803, -0.246904, -5.22452, 1.0)]])
0.364803, -0.246904, -5.22452
float3(0.0439564, -0.927687, -2.28537)
6091.849283375
normal
simd_float4x4([[-0.206433, -0.755518, -0.621755, 0.0)], [0.430782, -0.640719, 0.635536, 0.0)], [-0.878529, -0.136645, 0.457729, 0.0)], [0.408326, -0.237886, -5.29763, 1.0)]])
0.408326, -0.237886, -5.29763
float3(0.137074, -1.09048, -2.27416)
6091.982602041
normal
simd_float4x4([[-0.108807, -0.764398, -0.635498, 0.0)], [0.367352, -0.624959, 0.688825, 0.0)], [-0.923696, -0.158503, 0.348803, 0.0)], [0.462247, -0.242128, -5.37833, 1.0)]])
0.462247, -0.242128, -5.37833
float3(0.159174, -1.20973, -2.25617)
6092.1159205
normal
simd_float4x4([[-0.0913358, -0.779977, -0.619107, 0.0)], [0.352207, -0.606824, 0.712542, 0.0)], [-0.931455, -0.152973, 0.330138, 0.0)], [0.510963, -0.260816, -5.48914, 1.0)]])
0.510963, -0.260816, -5.48914
float3(0.153576, -1.23018, -2.23198)
6092.24923925
normal
simd_float4x4([[-0.0502933, -0.763917, -0.643352, 0.0)], [0.347672, -0.617267, 0.705766, 0.0)], [-0.936266, -0.18818, 0.296637, 0.0)], [0.55483, -0.264891, -5.62712, 1.0)]])
0.55483, -0.264891, -5.62712
float3(0.189309, -1.26397, -2.25041)
6092.382557916
normal
simd_float4x4([[-0.100132, -0.768669, -0.631761, 0.0)], [0.34025, -0.623126, 0.704233, 0.0)], [-0.934989, -0.14444, 0.323935, 0.0)], [0.601979, -0.2553, -5.74844, 1.0)]])
0.601979, -0.2553, -5.74844
float3(0.144947, -1.23728, -2.252)
6092.515876333
normal
simd_float4x4([[-0.13682, -0.773013, -0.61946, 0.0)], [0.367789, -0.620283, 0.692806, 0.0)], [-0.919789, -0.133041, 0.369173, 0.0)], [0.641324, -0.241535, -5.8408, 1.0)]])
0.641324, -0.241535, -5.8408
float3(0.133437, -1.18911, -2.24701)
6092.649195041
normal
simd_float4x4([[-0.19265, -0.776779, -0.599583, 0.0)], [0.42216, -0.617201, 0.663961, 0.0)], [-0.885814, -0.125208, 0.446829, 0.0)], [0.687502, -0.252886, -5.92914, 1.0)]])
0.687502, -0.252886, -5.92914
float3(0.125538, -1.10361, -2.24221)
6092.78251375
normal
simd_float4x4([[-0.25998, -0.76238, -0.592611, 0.0)], [0.465227, -0.636682, 0.61498, 0.0)], [-0.846153, -0.115816, 0.520204, 0.0)], [0.743125, -0.265642, -6.00849, 1.0)]])
0.743125, -0.265642, -6.00849
float3(0.116077, -1.01957, -2.26659)
6092.915832375
normal
simd_float4x4([[-0.318772, -0.752301, -0.576566, 0.0)], [0.507723, -0.649197, 0.566358, 0.0)], [-0.800376, -0.112196, 0.588906, 0.0)], [0.80779, -0.258116, -6.09417, 1.0)]])
0.80779, -0.258116, -6.09417
float3(0.112433, -0.936454, -2.28276)
6093.049151
normal
simd_float4x4([[-0.316974, -0.760171, -0.567157, 0.0)], [0.504602, -0.6415, 0.577802, 0.0)], [-0.803059, -0.10304, 0.586923, 0.0)], [0.853477, -0.260761, -6.15522, 1.0)]])
0.853477, -0.260761, -6.15522
float3(0.103224, -0.939659, -2.27173)
6093.182469708
normal
simd_float4x4([[-0.214454, -0.764531, -0.607867, 0.0)], [0.441752, -0.630977, 0.637749, 0.0)], [-0.871129, -0.131759, 0.473049, 0.0)], [0.879887, -0.260095, -6.19505, 1.0)]])
0.879887, -0.260095, -6.19505
float3(0.132143, -1.07332, -2.26078)
6093.31578825
normal
simd_float4x4([[-0.173544, -0.789488, -0.588721, 0.0)], [0.409824, -0.601466, 0.685772, 0.0)], [-0.895504, -0.12226, 0.427932, 0.0)], [0.912818, -0.268526, -6.26543, 1.0)]])
0.912818, -0.268526, -6.26543
float3(0.122567, -1.12501, -2.22183)
6093.449106875
normal
simd_float4x4([[-0.181495, -0.792736, -0.581919, 0.0)], [0.417385, -0.597901, 0.684328, 0.0)], [-0.890421, -0.118682, 0.439392, 0.0)], [0.946538, -0.282333, -6.369, 1.0)]])
0.946538, -0.282333, -6.369
float3(0.118962, -1.11239, -2.217)
6093.582425458
normal
simd_float4x4([[-0.169098, -0.77913, -0.603625, 0.0)], [0.400898, -0.613863, 0.680039, 0.0)], [-0.900382, -0.126999, 0.416155, 0.0)], [0.976998, -0.276503, -6.485, 1.0)]])
0.976998, -0.276503, -6.485
float3(0.127343, -1.13784, -2.23811)
6093.715744083
normal
simd_float4x4([[-0.119301, -0.774813, -0.620831, 0.0)], [0.392101, -0.611237, 0.687492, 0.0)], [-0.912154, -0.16141, 0.376727, 0.0)], [1.00931, -0.268952, -6.56484, 1.0)]])
1.00931, -0.268952, -6.56484
float3(0.162119, -1.17913, -2.23872)
6093.849062791
normal
simd_float4x4([[-0.189501, -0.780463, -0.595791, 0.0)], [0.422284, -0.612583, 0.668145, 0.0)], [-0.886434, -0.124979, 0.445663, 0.0)], [1.05398, -0.260175, -6.64888, 1.0)]])
1.05398, -0.260175, -6.64888
float3(0.125306, -1.10494, -2.23626)
6093.9823815
normal
simd_float4x4([[-0.160605, -0.779728, -0.605169, 0.0)], [0.38024, -0.614682, 0.691074, 0.0)], [-0.910837, -0.119119, 0.395206, 0.0)], [1.1119, -0.274296, -6.72405, 1.0)]])
1.1119, -0.274296, -6.72405
float3(0.119403, -1.16142, -2.23838)
6094.1157
normal
simd_float4x4([[-0.216184, -0.762071, -0.610338, 0.0)], [0.399359, -0.639454, 0.656971, 0.0)], [-0.890942, -0.101717, 0.44258, 0.0)], [1.19608, -0.295575, -6.80797, 1.0)]])
1.19608, -0.295575, -6.80797
float3(0.101893, -1.10975, -2.26893)
6094.249018625
normal
simd_float4x4([[-0.280861, -0.75866, -0.587837, 0.0)], [0.401762, -0.649181, 0.645873, 0.0)], [-0.87161, -0.05477, 0.487131, 0.0)], [1.30522, -0.285628, -6.89343, 1.0)]])
1.30522, -0.285628, -6.89343
float3(0.0547974, -1.06116, -2.27859)
6094.38233725
normal
simd_float4x4([[-0.151917, -0.760015, -0.631901, 0.0)], [0.324349, -0.642251, 0.694486, 0.0)], [-0.933659, -0.0994524, 0.344079, 0.0)], [1.36851, -0.281586, -6.92284, 1.0)]])
1.36851, -0.281586, -6.92284
float3(0.0996171, -1.21771, -2.27241)
6094.515655958
normal
simd_float4x4([[0.0094597, -0.760886, -0.648817, 0.0)], [0.169781, -0.638203, 0.750914, 0.0)], [-0.985436, -0.11726, 0.123147, 0.0)], [1.4203, -0.280329, -6.94777, 1.0)]])
1.4203, -0.280329, -6.94777
float3(0.117531, -1.44647, -2.26873)
6094.648974583
normal
simd_float4x4([[0.0924017, -0.779051, -0.620115, 0.0)], [0.0791846, -0.615057, 0.784496, 0.0)], [-0.992568, -0.121592, 0.00485634, 0.0)], [1.47763, -0.288801, -6.98805, 1.0)]])
1.47763, -0.288801, -6.98805
float3(0.121894, -1.5659, -2.2391)
6094.782293125
normal
simd_float4x4([[0.120758, -0.776309, -0.618678, 0.0)], [0.0349303, -0.61953, 0.784196, 0.0)], [-0.992067, -0.116309, -0.0476965, 0.0)], [1.55844, -0.302813, -7.05504, 1.0)]])
1.55844, -0.302813, -7.05504
float3(0.116572, -1.61884, -2.24434)
6094.91561175
normal
simd_float4x4([[0.155016, -0.743973, -0.64998, 0.0)], [-0.00128867, -0.658085, 0.752943, 0.0)], [-0.987911, -0.11588, -0.102972, 0.0)], [1.65681, -0.301921, -7.14134, 1.0)]])
1.65681, -0.301921, -7.14134
float3(0.116141, -1.67465, -2.29501)
6095.048930583
normal
simd_float4x4([[0.209339, -0.73737, -0.642232, 0.0)], [-0.0405039, -0.66276, 0.747736, 0.0)], [-0.977004, -0.130518, -0.168608, 0.0)], [1.73315, -0.296319, -7.20547, 1.0)]])
1.73315, -0.296319, -7.20547
float3(0.130891, -1.74169, -2.30296)
6095.182249041
normal
simd_float4x4([[0.118447, -0.741853, -0.660019, 0.0)], [0.00310783, -0.664418, 0.747355, 0.0)], [-0.992956, -0.0905733, -0.0763928, 0.0)], [1.82621, -0.286079, -7.2685, 1.0)]])
1.82621, -0.286079, -7.2685
float3(0.0906976, -1.64758, -2.30119)
6095.31556775
normal
simd_float4x4([[0.0716174, -0.750568, -0.656902, 0.0)], [0.0492833, -0.655125, 0.753911, 0.0)], [-0.996214, -0.0863675, -0.00992792, 0.0)], [1.9196, -0.29686, -7.32436, 1.0)]])
1.9196, -0.29686, -7.32436
float3(0.0864753, -1.58076, -2.2884)
6095.448886333
normal
simd_float4x4([[0.0669362, -0.750355, -0.657637, 0.0)], [0.0888921, -0.65201, 0.752982, 0.0)], [-0.99379, -0.108861, 0.0230575, 0.0)], [2.02913, -0.306245, -7.37615, 1.0)]])
2.02913, -0.306245, -7.37615
float3(0.109077, -1.5476, -2.28618)
6095.582205
normal
simd_float4x4([[0.0733558, -0.748521, -0.659041, 0.0)], [0.0774773, -0.654547, 0.752041, 0.0)], [-0.994292, -0.106227, 0.0099786, 0.0)], [2.14322, -0.297944, -7.41955, 1.0)]])
2.14322, -0.297944, -7.41955
float3(0.106428, -1.56076, -2.28932)
6095.715523666
normal
simd_float4x4([[0.17789, -0.76254, -0.622004, 0.0)], [0.0149889, -0.629912, 0.776522, 0.0)], [-0.983936, -0.147459, -0.100626, 0.0)], [2.21329, -0.293908, -7.45343, 1.0)]])
2.21329, -0.293908, -7.45343
float3(0.147999, -1.67271, -2.26123)
6095.84884225
normal
simd_float4x4([[0.234874, -0.779851, -0.58023, 0.0)], [-0.0888927, -0.61166, 0.786111, 0.0)], [-0.967953, -0.133059, -0.212986, 0.0)], [2.28262, -0.298348, -7.49006, 1.0)]])
2.28262, -0.298348, -7.49006
float3(0.133455, -1.78738, -2.23591)
6095.982160833
normal
simd_float4x4([[0.271417, -0.792021, -0.546842, 0.0)], [-0.155231, -0.596754, 0.787266, 0.0)], [-0.949861, -0.12879, -0.284916, 0.0)], [2.36182, -0.310185, -7.53987, 1.0)]])
2.36182, -0.310185, -7.53987
float3(0.129149, -1.86221, -2.21651)
6096.115479416
normal
simd_float4x4([[0.322283, -0.777698, -0.53974, 0.0)], [-0.194498, -0.612397, 0.766251, 0.0)], [-0.926447, -0.141972, -0.348626, 0.0)], [2.45612, -0.317173, -7.60369, 1.0)]])
2.45612, -0.317173, -7.60369
float3(0.142453, -1.93071, -2.23784)
6096.248798125
normal
simd_float4x4([[0.389045, -0.786261, -0.48004, 0.0)], [-0.30265, -0.601257, 0.739522, 0.0)], [-0.870085, -0.142423, -0.471878, 0.0)], [2.5266, -0.314581, -7.63791, 1.0)]])
2.5266, -0.314581, -7.63791
float3(0.142909, -2.06774, -2.22364)
6096.382116708
normal
simd_float4x4([[0.376981, -0.790973, -0.481921, 0.0)], [-0.336974, -0.601777, 0.724095, 0.0)], [-0.862748, -0.110575, -0.493396, 0.0)], [2.61514, -0.309944, -7.65402, 1.0)]])
2.61514, -0.309944, -7.65402
float3(0.110802, -2.09029, -2.22118)
6096.5154355
normal
simd_float4x4([[0.365478, -0.79955, -0.476598, 0.0)], [-0.37509, -0.595114, 0.710737, 0.0)], [-0.8519, -0.0809911, -0.517404, 0.0)], [2.71549, -0.329887, -7.6513, 1.0)]])
2.71549, -0.329887, -7.6513
float3(0.0810799, -2.11661, -2.21065)
6096.648754125
normal
simd_float4x4([[0.351197, -0.788756, -0.504504, 0.0)], [-0.345642, -0.609984, 0.713057, 0.0)], [-0.870168, -0.076046, -0.486852, 0.0)], [2.84716, -0.353723, -7.62392, 1.0)]])
2.84716, -0.353723, -7.62392
float3(0.0761195, -2.0809, -2.22907)
6096.782072708
normal
simd_float4x4([[0.357255, -0.788699, -0.500322, 0.0)], [-0.423488, -0.614229, 0.665868, 0.0)], [-0.832482, -0.0260046, -0.553441, 0.0)], [2.96917, -0.340712, -7.56937, 1.0)]])
2.96917, -0.340712, -7.56937
float3(0.0260075, -2.15751, -2.23247)
6096.915391166
normal
simd_float4x4([[0.511835, -0.788698, -0.34056, 0.0)], [-0.543217, -0.604238, 0.582934, 0.0)], [-0.665538, -0.113368, -0.737704, 0.0)], [3.03886, -0.323676, -7.55134, 1.0)]])
3.03886, -0.323676, -7.55134
float3(0.113612, -2.40758, -2.22454)
6097.048709791
normal
simd_float4x4([[0.55189, -0.804298, -0.220279, 0.0)], [-0.656717, -0.581978, 0.479608, 0.0)], [-0.513945, -0.12003, -0.849384, 0.0)], [3.12947, -0.334692, -7.53728, 1.0)]])
3.12947, -0.334692, -7.53728
float3(0.120321, -2.59745, -2.19718)
6097.182028583
normal
simd_float4x4([[0.533058, -0.820209, -0.207623, 0.0)], [-0.686377, -0.562702, 0.460711, 0.0)], [-0.494709, -0.103078, -0.862924, 0.0)], [3.26933, -0.363597, -7.5249, 1.0)]])
3.26933, -0.363597, -7.5249
float3(0.103261, -2.62104, -2.1721)
6097.31534725
normal
