ARKit Data
1544426.22332442
limited(__ObjC.ARCamera.TrackingState.Reason.initializing)
simd_float4x4([[0.13198, -0.0779332, -0.98818, 0.0)], [-0.129942, 0.986934, -0.095184, 0.0)], [0.98269, 0.140974, 0.120136, 0.0)], [-20.4206, 0.0972086, -10.5443, 1.0)]])
-20.4206, 0.0972086, -10.5443
float3(-0.141445, 1.44915, -0.0788014)
1544426.54308817
notAvailable
simd_float4x4([[1.0, 0.0, 0.0, 0.0)], [0.0, 1.0, 0.0, 0.0)], [0.0, 0.0, 1.0, 0.0)], [0.0, 0.0, 0.0, 1.0)]])
0.0, 0.0, 0.0
float3(-0.0, 0.0, 0.0)
1544426.64310588
notAvailable
simd_float4x4([[1.0, 0.0, 0.0, 0.0)], [0.0, 1.0, 0.0, 0.0)], [0.0, 0.0, 1.0, 0.0)], [0.0, 0.0, 0.0, 1.0)]])
0.0, 0.0, 0.0
float3(-0.0, 0.0, 0.0)
1544426.74315621
limited(__ObjC.ARCamera.TrackingState.Reason.initializing)
simd_float4x4([[0.998427, -0.0557683, 0.00573623, 0.0)], [0.0559166, 0.99798, -0.0301602, 0.0)], [-0.00404266, 0.0304335, 0.999529, 0.0)], [0.0, 0.0, 0.0, 1.0)]])
0.0, 0.0, 0.0
float3(-0.0304382, -0.00404454, -0.0558232)
1544426.84320683
limited(__ObjC.ARCamera.TrackingState.Reason.initializing)
simd_float4x4([[0.998126, -0.0595939, -0.0138996, 0.0)], [0.0593772, 0.998115, -0.0155126, 0.0)], [0.0147979, 0.0146582, 0.999783, 0.0)], [0.0, 0.0, 0.0, 1.0)]])
0.0, 0.0, 0.0
float3(-0.0146587, 0.0148, -0.0596356)
1544426.94325746
limited(__ObjC.ARCamera.TrackingState.Reason.initializing)
simd_float4x4([[0.995234, -0.0844888, -0.0486926, 0.0)], [0.0840606, 0.996402, -0.0107794, 0.0)], [0.0494281, 0.00663492, 0.998755, 0.0)], [0.0, 0.0, 0.0, 1.0)]])
0.0, 0.0, 0.0
float3(-0.00663497, 0.0494494, -0.0845915)
1544427.04330783
limited(__ObjC.ARCamera.TrackingState.Reason.initializing)
simd_float4x4([[0.994617, -0.0720024, -0.0745231, 0.0)], [0.0713007, 0.997382, -0.0120375, 0.0)], [0.0751948, 0.00665912, 0.997146, 0.0)], [0.0, 0.0, 0.0, 1.0)]])
0.0, 0.0, 0.0
float3(-0.00665917, 0.0752675, -0.0720664)
1544427.14335858
limited(__ObjC.ARCamera.TrackingState.Reason.initializing)
simd_float4x4([[0.995179, -0.0581094, -0.0790124, 0.0)], [0.0574508, 0.998292, -0.0105866, 0.0)], [0.0794927, 0.00599622, 0.996817, 0.0)], [0.0, 0.0, 0.0, 1.0)]])
0.0, 0.0, 0.0
float3(-0.00599626, 0.0795781, -0.0581432)
1544427.243409
limited(__ObjC.ARCamera.TrackingState.Reason.initializing)
simd_float4x4([[0.998145, -0.042216, -0.0438628, 0.0)], [0.0415992, 0.999023, -0.014882, 0.0)], [0.0444482, 0.0130297, 0.998926, 0.0)], [0.0, 0.0, 0.0, 1.0)]])
0.0, 0.0, 0.0
float3(-0.0130301, 0.0444667, -0.0422322)
1544427.34345967
limited(__ObjC.ARCamera.TrackingState.Reason.initializing)
simd_float4x4([[0.999812, -0.018901, -0.00441452, 0.0)], [0.018844, 0.999743, -0.0126194, 0.0)], [0.00465191, 0.0125338, 0.999911, 0.0)], [0.0, 0.0, 0.0, 1.0)]])
0.0, 0.0, 0.0
float3(-0.0125341, 0.00465229, -0.0189036)
1544427.44351012
limited(__ObjC.ARCamera.TrackingState.Reason.initializing)
simd_float4x4([[0.9988, -0.0110353, 0.0477269, 0.0)], [0.0120496, 0.999706, -0.0210163, 0.0)], [-0.047481, 0.0215662, 0.998639, 0.0)], [0.0, 0.0, 0.0, 1.0)]])
0.0, 0.0, 0.0
float3(-0.0215678, -0.0475099, -0.0110381)
1544427.54356071
limited(__ObjC.ARCamera.TrackingState.Reason.initializing)
simd_float4x4([[0.993577, -0.0111668, 0.112603, 0.0)], [0.0147032, 0.999422, -0.0306247, 0.0)], [-0.112196, 0.0320836, 0.993168, 0.0)], [0.0, 0.0, 0.0, 1.0)]])
0.0, 0.0, 0.0
float3(-0.0320891, -0.112491, -0.0111728)
1544427.64361121
limited(__ObjC.ARCamera.TrackingState.Reason.initializing)
simd_float4x4([[0.983535, -0.00941847, 0.180473, 0.0)], [0.0178981, 0.998807, -0.045415, 0.0)], [-0.17983, 0.0478973, 0.982531, 0.0)], [0.0, 0.0, 0.0, 1.0)]])
0.0, 0.0, 0.0
float3(-0.0479156, -0.181024, -0.00942943)
1544427.74366167
limited(__ObjC.ARCamera.TrackingState.Reason.initializing)
simd_float4x4([[0.96666, -0.00440229, 0.256025, 0.0)], [0.0187435, 0.998385, -0.0536025, 0.0)], [-0.255376, 0.0566142, 0.965182, 0.0)], [0.0, 0.0, 0.0, 1.0)]])
0.0, 0.0, 0.0
float3(-0.0566445, -0.258661, -0.00440938)
1544427.84371229
limited(__ObjC.ARCamera.TrackingState.Reason.initializing)
simd_float4x4([[0.945574, -0.00488348, 0.325371, 0.0)], [0.024839, 0.998052, -0.0572071, 0.0)], [-0.324458, 0.0621755, 0.943853, 0.0)], [0.0, 0.0, 0.0, 1.0)]])
0.0, 0.0, 0.0
float3(-0.0622156, -0.331104, -0.00489298)
1544427.94376283
limited(__ObjC.ARCamera.TrackingState.Reason.initializing)
simd_float4x4([[0.920781, -0.00692147, 0.390017, 0.0)], [0.03283, 0.997669, -0.0598032, 0.0)], [-0.388695, 0.0678701, 0.918862, 0.0)], [0.0, 0.0, 0.0, 1.0)]])
0.0, 0.0, 0.0
float3(-0.0679223, -0.40019, -0.00693753)
1544428.0438135
limited(__ObjC.ARCamera.TrackingState.Reason.initializing)
simd_float4x4([[0.888226, -0.00623159, 0.459364, 0.0)], [0.0380518, 0.997469, -0.0600464, 0.0)], [-0.457828, 0.0708145, 0.886215, 0.0)], [0.0, 0.0, 0.0, 1.0)]])
0.0, 0.0, 0.0
float3(-0.0708738, -0.476847, -0.00624732)
1544428.14386387
limited(__ObjC.ARCamera.TrackingState.Reason.initializing)
simd_float4x4([[0.854555, -0.00546713, 0.519332, 0.0)], [0.0408601, 0.997551, -0.0567346, 0.0)], [-0.517751, 0.0697029, 0.852686, 0.0)], [0.0, 0.0, 0.0, 1.0)]])
0.0, 0.0, 0.0
float3(-0.0697595, -0.545697, -0.0054805)
1544428.24391454
limited(__ObjC.ARCamera.TrackingState.Reason.initializing)
simd_float4x4([[0.821591, -0.000608444, 0.570076, 0.0)], [0.0373743, 0.997903, -0.0528004, 0.0)], [-0.56885, 0.0646868, 0.819891, 0.0)], [0.0, 0.0, 0.0, 1.0)]])
0.0, 0.0, 0.0
float3(-0.064732, -0.60656, -0.000609722)
1544428.34396508
limited(__ObjC.ARCamera.TrackingState.Reason.initializing)
simd_float4x4([[0.788992, 0.00527281, 0.614381, 0.0)], [0.0329734, 0.998156, -0.050913, 0.0)], [-0.613518, 0.0604286, 0.787363, 0.0)], [0.0, 0.0, 0.0, 1.0)]])
0.0, 0.0, 0.0
float3(-0.0604654, -0.661932, 0.0052825)
1544428.44401554
limited(__ObjC.ARCamera.TrackingState.Reason.initializing)
simd_float4x4([[0.760705, 0.00387731, 0.649085, 0.0)], [0.037038, 0.998091, -0.0493715, 0.0)], [-0.648039, 0.0615984, 0.759109, 0.0)], [0.0, 0.0, 0.0, 1.0)]])
0.0, 0.0, 0.0
float3(-0.0616375, -0.706628, 0.00388471)
1544428.54406629
limited(__ObjC.ARCamera.TrackingState.Reason.initializing)
simd_float4x4([[0.732161, 0.00303647, 0.681123, 0.0)], [0.0455553, 0.99753, -0.0534179, 0.0)], [-0.679605, 0.0701399, 0.730214, 0.0)], [0.0, 0.0, 0.0, 1.0)]])
0.0, 0.0, 0.0
float3(-0.0701975, -0.749516, 0.00304398)
1544428.64411683
limited(__ObjC.ARCamera.TrackingState.Reason.initializing)
simd_float4x4([[0.692172, 0.00605273, 0.721707, 0.0)], [0.0537265, 0.996756, -0.0598892, 0.0)], [-0.719729, 0.080229, 0.689601, 0.0)], [0.0, 0.0, 0.0, 1.0)]])
0.0, 0.0, 0.0
float3(-0.0803153, -0.806773, 0.00607236)
1544428.7441675
limited(__ObjC.ARCamera.TrackingState.Reason.initializing)
simd_float4x4([[0.652311, 0.00843903, 0.757904, 0.0)], [0.0656313, 0.995551, -0.0675746, 0.0)], [-0.755104, 0.0938226, 0.648854, 0.0)], [0.0, 0.0, 0.0, 1.0)]])
0.0, 0.0, 0.0
float3(-0.0939608, -0.860933, 0.00847654)
1544428.84421804
limited(__ObjC.ARCamera.TrackingState.Reason.initializing)
simd_float4x4([[0.62044, 0.00777507, 0.784214, 0.0)], [0.0866522, 0.993147, -0.078404, 0.0)], [-0.779451, 0.1166, 0.615514, 0.0)], [0.0, 0.0, 0.0, 1.0)]])
0.0, 0.0, 0.0
float3(-0.116865, -0.902382, 0.00782856)
1544428.94426846
limited(__ObjC.ARCamera.TrackingState.Reason.initializing)
simd_float4x4([[0.595478, 0.00283453, 0.803366, 0.0)], [0.113462, 0.989672, -0.0875947, 0.0)], [-0.795318, 0.143313, 0.589006, 0.0)], [0.0, 0.0, 0.0, 1.0)]])
0.0, 0.0, 0.0
float3(-0.143808, -0.933343, 0.0028641)
1544429.04431929
limited(__ObjC.ARCamera.TrackingState.Reason.initializing)
simd_float4x4([[0.569996, -0.00436971, 0.821635, 0.0)], [0.1445, 0.984931, -0.0950079, 0.0)], [-0.80884, 0.172881, 0.562038, 0.0)], [0.0, 0.0, 0.0, 1.0)]])
0.0, 0.0, 0.0
float3(-0.173754, -0.963523, -0.00443653)
1544429.14436979
limited(__ObjC.ARCamera.TrackingState.Reason.initializing)
simd_float4x4([[0.554279, -0.0144742, 0.832204, 0.0)], [0.19387, 0.974591, -0.112176, 0.0)], [-0.809437, 0.223517, 0.543, 0.0)], [0.0, 0.0, 0.0, 1.0)]])
0.0, 0.0, 0.0
float3(-0.225421, -0.979912, -0.0148504)
1544429.24442046
limited(__ObjC.ARCamera.TrackingState.Reason.initializing)
simd_float4x4([[0.545498, -0.0222182, 0.837817, 0.0)], [0.246804, 0.95958, -0.135247, 0.0)], [-0.800948, 0.280554, 0.528932, 0.0)], [0.0, 0.0, 0.0, 1.0)]])
0.0, 0.0, 0.0
float3(-0.284372, -0.987157, -0.0231499)
1544429.34447088
limited(__ObjC.ARCamera.TrackingState.Reason.initializing)
simd_float4x4([[0.531303, -0.0260735, 0.846779, 0.0)], [0.294717, 0.942782, -0.155889, 0.0)], [-0.794265, 0.332386, 0.508586, 0.0)], [0.0, 0.0, 0.0, 1.0)]])
0.0, 0.0, 0.0
float3(-0.338832, -1.00125, -0.0276488)
1544429.44452171
limited(__ObjC.ARCamera.TrackingState.Reason.initializing)
simd_float4x4([[0.521355, -0.0296643, 0.852823, 0.0)], [0.338684, 0.924502, -0.174891, 0.0)], [-0.78325, 0.380019, 0.49204, 0.0)], [0.0, 0.0, 0.0, 1.0)]])
0.0, 0.0, 0.0
float3(-0.389817, -1.0099, -0.0320758)
1544429.54457225
limited(__ObjC.ARCamera.TrackingState.Reason.initializing)
simd_float4x4([[0.514844, -0.0405421, 0.856324, 0.0)], [0.386236, 0.902728, -0.189477, 0.0)], [-0.765347, 0.428295, 0.480423, 0.0)], [0.0, 0.0, 0.0, 1.0)]])
0.0, 0.0, 0.0
float3(-0.442605, -1.01024, -0.0448804)
1544429.64462263
limited(__ObjC.ARCamera.TrackingState.Reason.initializing)
simd_float4x4([[0.513775, -0.0539894, 0.856224, 0.0)], [0.430092, 0.879757, -0.202603, 0.0)], [-0.742331, 0.472348, 0.475217, 0.0)], [0.0, 0.0, 0.0, 1.0)]])
0.0, 0.0, 0.0
float3(-0.491953, -1.00136, -0.0612916)
1544429.74467342
limited(__ObjC.ARCamera.TrackingState.Reason.initializing)
simd_float4x4([[0.51439, -0.056805, 0.855672, 0.0)], [0.472473, 0.851476, -0.227502, 0.0)], [-0.715662, 0.521307, 0.46483, 0.0)], [0.0, 0.0, 0.0, 1.0)]])
0.0, 0.0, 0.0
float3(-0.548382, -0.994765, -0.0666148)
1544429.84472392
limited(__ObjC.ARCamera.TrackingState.Reason.initializing)
simd_float4x4([[0.507019, -0.0571542, 0.860037, 0.0)], [0.508778, 0.825271, -0.245097, 0.0)], [-0.695756, 0.561837, 0.447507, 0.0)], [0.0, 0.0, 0.0, 1.0)]])
0.0, 0.0, 0.0
float3(-0.596605, -0.99922, -0.0691447)
1544429.94477475
limited(__ObjC.ARCamera.TrackingState.Reason.initializing)
simd_float4x4([[0.505459, -0.0650514, 0.860395, 0.0)], [0.54481, 0.797305, -0.25978, 0.0)], [-0.669098, 0.60006, 0.438446, 0.0)], [0.0, 0.0, 0.0, 1.0)]])
0.0, 0.0, 0.0
float3(-0.643576, -0.990719, -0.0814088)
1544430.04482517
limited(__ObjC.ARCamera.TrackingState.Reason.initializing)
simd_float4x4([[0.509529, -0.0657977, 0.857934, 0.0)], [0.573985, 0.768803, -0.281929, 0.0)], [-0.641032, 0.636092, 0.429494, 0.0)], [0.0, 0.0, 0.0, 1.0)]])
0.0, 0.0, 0.0
float3(-0.689423, -0.980487, -0.0853767)
1544430.14487575
limited(__ObjC.ARCamera.TrackingState.Reason.initializing)
simd_float4x4([[0.503405, -0.0551504, 0.862288, 0.0)], [0.598484, 0.742059, -0.301936, 0.0)], [-0.623217, 0.668062, 0.406563, 0.0)], [0.0, 0.0, 0.0, 1.0)]])
0.0, 0.0, 0.0
float3(-0.731602, -0.992762, -0.0741845)
1544430.2449265
limited(__ObjC.ARCamera.TrackingState.Reason.initializing)
simd_float4x4([[0.499383, -0.0493284, 0.864976, 0.0)], [0.621417, 0.716073, -0.317931, 0.0)], [-0.603703, 0.69628, 0.388248, 0.0)], [0.0, 0.0, 0.0, 1.0)]])
0.0, 0.0, 0.0
float3(-0.770202, -0.999279, -0.0687788)
1544430.344977
limited(__ObjC.ARCamera.TrackingState.Reason.initializing)
simd_float4x4([[0.50041, -0.0480133, 0.864456, 0.0)], [0.634207, 0.700026, -0.328245, 0.0)], [-0.589382, 0.712501, 0.380751, 0.0)], [0.0, 0.0, 0.0, 1.0)]])
0.0, 0.0, 0.0
float3(-0.793056, -0.997226, -0.0684807)
1544430.44502775
normal
simd_float4x4([[0.479517, -0.0686471, 0.874843, 0.0)], [0.65814, 0.687557, -0.306787, 0.0)], [-0.580444, 0.722879, 0.374875, 0.0)], [0.00323157, 0.00719482, -0.00225426, 1.0)]])
0.00323157, 0.00719482, -0.00225426
float3(-0.807959, -0.997351, -0.0995123)
1544430.54507829
normal
simd_float4x4([[0.474881, -0.0699196, 0.877268, 0.0)], [0.632557, 0.720165, -0.285016, 0.0)], [-0.61185, 0.690271, 0.386221, 0.0)], [0.00773556, 0.0210728, -0.00249747, 1.0)]])
0.00773556, 0.0210728, -0.00249747
float3(-0.761863, -1.00773, -0.096785)
1544430.645129
normal
simd_float4x4([[0.471171, -0.0620398, 0.879857, 0.0)], [0.585075, 0.768466, -0.259127, 0.0)], [-0.660064, 0.636876, 0.398377, 0.0)], [0.0110318, 0.0457946, -0.00381587, 1.0)]])
0.0110318, 0.0457946, -0.00381587
float3(-0.690439, -1.02778, -0.0805573)
1544430.74517958
normal
simd_float4x4([[0.478545, -0.0579149, 0.876151, 0.0)], [0.522686, 0.820564, -0.231246, 0.0)], [-0.705545, 0.568613, 0.422948, 0.0)], [0.00641158, 0.0773697, -0.00307281, 1.0)]])
0.00641158, 0.0773697, -0.00307281
float3(-0.604819, -1.03077, -0.0704626)
1544430.84523021
normal
simd_float4x4([[0.480656, -0.0494706, 0.875513, 0.0)], [0.440069, 0.87719, -0.192033, 0.0)], [-0.758491, 0.477588, 0.443397, 0.0)], [-0.00291579, 0.10851, -0.000796057, 1.0)]])
-0.00291579, 0.10851, -0.000796057
float3(-0.497907, -1.04179, -0.056337)
1544430.945281
normal
simd_float4x4([[0.486546, -0.0396603, 0.872754, 0.0)], [0.362113, 0.918275, -0.160143, 0.0)], [-0.795077, 0.393953, 0.461145, 0.0)], [-0.0144557, 0.134059, 0.00152805, 1.0)]])
-0.0144557, 0.134059, 0.00152805
float3(-0.404928, -1.04521, -0.0431632)
1544431.04533146
normal
simd_float4x4([[0.479978, -0.0251223, 0.87692, 0.0)], [0.288105, 0.948663, -0.130515, 0.0)], [-0.828623, 0.31529, 0.462575, 0.0)], [-0.0228727, 0.144127, 0.00523191, 1.0)]])
-0.0228727, 0.144127, 0.00523191
float3(-0.320762, -1.06164, -0.0264756)
1544431.14538229
normal
simd_float4x4([[0.477484, -0.0145558, 0.87852, 0.0)], [0.213627, 0.971783, -0.100007, 0.0)], [-0.852275, 0.235427, 0.46712, 0.0)], [-0.0329005, 0.151346, 0.00564841, 1.0)]])
-0.0329005, 0.151346, 0.00564841
float3(-0.237658, -1.06942, -0.0149773)
1544431.24543283
normal
simd_float4x4([[0.491939, -0.014621, 0.870507, 0.0)], [0.156369, 0.985084, -0.0718215, 0.0)], [-0.856472, 0.171452, 0.486887, 0.0)], [-0.0471947, 0.160696, 0.00271767, 1.0)]])
-0.0471947, 0.160696, 0.00271767
float3(-0.172304, -1.05388, -0.0148413)
1544431.34548354
normal
simd_float4x4([[0.522041, -0.0153381, 0.852782, 0.0)], [0.125396, 0.990354, -0.0589501, 0.0)], [-0.843652, 0.13771, 0.518929, 0.0)], [-0.0647756, 0.170008, -0.00134476, 1.0)]])
-0.0647756, 0.170008, -0.00134476
float3(-0.138149, -1.01935, -0.0154863)
1544431.44553421
normal
simd_float4x4([[0.556178, -0.0173404, 0.830882, 0.0)], [0.107138, 0.992935, -0.0509939, 0.0)], [-0.824128, 0.117381, 0.554107, 0.0)], [-0.0856787, 0.17684, -0.00587815, 1.0)]])
-0.0856787, 0.17684, -0.00587815
float3(-0.117652, -0.978866, -0.017462)
1544431.54558471
normal
simd_float4x4([[0.58988, -0.0191804, 0.807263, 0.0)], [0.0873737, 0.995364, -0.0401957, 0.0)], [-0.80275, 0.0942442, 0.588821, 0.0)], [-0.107656, 0.179092, -0.0128256, 1.0)]])
-0.107656, 0.179092, -0.0128256
float3(-0.0943843, -0.937936, -0.0192674)
1544431.64563554
normal
simd_float4x4([[0.622758, -0.018772, 0.782189, 0.0)], [0.0712154, 0.996922, -0.0327743, 0.0)], [-0.779167, 0.0761144, 0.622178, 0.0)], [-0.131276, 0.17505, -0.0197193, 1.0)]])
-0.131276, 0.17505, -0.0197193
float3(-0.0761881, -0.89696, -0.0188278)
1544431.745686
normal
simd_float4x4([[0.657382, -0.0169441, 0.753367, 0.0)], [0.0626435, 0.997515, -0.0322269, 0.0)], [-0.75095, 0.068379, 0.65681, 0.0)], [-0.153233, 0.16922, -0.0271882, 1.0)]])
-0.153233, 0.16922, -0.0271882
float3(-0.0684324, -0.852171, -0.0169847)
1544431.84573679
normal
simd_float4x4([[0.693085, -0.0135557, 0.720728, 0.0)], [0.0592912, 0.997507, -0.0382557, 0.0)], [-0.718413, 0.0692473, 0.692162, 0.0)], [-0.172935, 0.164359, -0.034157, 1.0)]])
-0.172935, 0.164359, -0.034157
float3(-0.0693027, -0.804006, -0.0135887)
1544431.94578733
normal
simd_float4x4([[0.724483, -0.0121185, 0.689187, 0.0)], [0.0581504, 0.997356, -0.0435912, 0.0)], [-0.686836, 0.0716575, 0.723271, 0.0)], [-0.190689, 0.160329, -0.0388719, 1.0)]])
-0.190689, 0.160329, -0.0388719
float3(-0.071719, -0.759565, -0.01215)
1544432.04583804
normal
simd_float4x4([[0.768105, -0.010852, 0.640232, 0.0)], [0.0571505, 0.997028, -0.0516654, 0.0)], [-0.637768, 0.076274, 0.766442, 0.0)], [-0.129601, 0.129753, -0.0667579, 1.0)]])
-0.129601, 0.129753, -0.0667579
float3(-0.0763482, -0.694019, -0.0108839)
1544432.14588867
normal
simd_float4x4([[0.797623, -0.0102173, 0.60307, 0.0)], [0.055426, 0.996868, -0.0564174, 0.0)], [-0.600605, 0.0784256, 0.79569, 0.0)], [-0.139345, 0.127618, -0.0671273, 1.0)]])
-0.139345, 0.127618, -0.0671273
float3(-0.0785062, -0.64658, -0.0102491)
1544432.24593942
normal
simd_float4x4([[0.82173, -0.0100407, 0.569789, 0.0)], [0.0547464, 0.996611, -0.0613915, 0.0)], [-0.567241, 0.0816411, 0.819495, 0.0)], [-0.144278, 0.126503, -0.0704137, 1.0)]])
-0.144278, 0.126503, -0.0704137
float3(-0.0817321, -0.605461, -0.0100745)
1544432.34599013
normal
simd_float4x4([[0.839677, -0.0123932, 0.542945, 0.0)], [0.0558998, 0.996402, -0.0637065, 0.0)], [-0.540202, 0.0838434, 0.837348, 0.0)], [-0.145938, 0.126307, -0.0742073, 1.0)]])
-0.145938, 0.126307, -0.0742073
float3(-0.0839419, -0.572947, -0.0124373)
1544432.44604071
normal
simd_float4x4([[0.853172, -0.0115278, 0.521502, 0.0)], [0.055373, 0.996108, -0.0685708, 0.0)], [-0.518682, 0.0873798, 0.85049, 0.0)], [-0.145646, 0.125493, -0.0766666, 1.0)]])
-0.145646, 0.125493, -0.0766666
float3(-0.0874914, -0.547639, -0.0115723)
1544432.5460915
normal
simd_float4x4([[0.863756, -0.00781834, 0.50385, 0.0)], [0.0516955, 0.995979, -0.0731673, 0.0)], [-0.501252, 0.0892454, 0.860687, 0.0)], [-0.146746, 0.124174, -0.0802839, 1.0)]])
-0.146746, 0.124174, -0.0802839
float3(-0.0893643, -0.527368, -0.00784974)
1544432.64614204
normal
simd_float4x4([[0.876035, -0.00598681, 0.482211, 0.0)], [0.050983, 0.995469, -0.0802619, 0.0)], [-0.479546, 0.0948968, 0.87237, 0.0)], [-0.148161, 0.123285, -0.0867157, 1.0)]])
-0.148161, 0.123285, -0.0867157
float3(-0.0950398, -0.502616, -0.00601398)
1544432.74619271
normal
simd_float4x4([[0.887527, -0.00715127, 0.460699, 0.0)], [0.0518774, 0.995072, -0.0844945, 0.0)], [-0.457825, 0.0988911, 0.883525, 0.0)], [-0.15006, 0.122567, -0.0926506, 1.0)]])
-0.15006, 0.122567, -0.0926506
float3(-0.099053, -0.478086, -0.00718656)
1544432.84624354
normal
simd_float4x4([[0.897016, -0.00656367, 0.441949, 0.0)], [0.0532943, 0.994201, -0.0934049, 0.0)], [-0.438773, 0.107339, 0.892164, 0.0)], [-0.148887, 0.121834, -0.0976031, 1.0)]])
-0.148887, 0.121834, -0.0976031
float3(-0.107546, -0.457072, -0.00660186)
1544432.94629421
normal
simd_float4x4([[0.900535, -0.0080693, 0.434709, 0.0)], [0.0562618, 0.993584, -0.0981075, 0.0)], [-0.431128, 0.112807, 0.895211, 0.0)], [-0.147753, 0.121493, -0.101136, 1.0)]])
-0.147753, 0.121493, -0.101136
float3(-0.113047, -0.448814, -0.00812123)
1544433.04634483
normal
simd_float4x4([[0.898109, -0.00947908, 0.43967, 0.0)], [0.0619707, 0.992519, -0.105189, 0.0)], [-0.435384, 0.121718, 0.891978, 0.0)], [-0.142337, 0.120658, -0.105339, 1.0)]])
-0.142337, 0.120658, -0.105339
float3(-0.12202, -0.454091, -0.00955023)
1544433.14639558
normal
simd_float4x4([[0.890394, -0.0129693, 0.455005, 0.0)], [0.0682443, 0.992099, -0.105268, 0.0)], [-0.450045, 0.124782, 0.884245, 0.0)], [-0.137223, 0.120861, -0.105252, 1.0)]])
-0.137223, 0.120861, -0.105252
float3(-0.125108, -0.47079, -0.0130718)
1544433.24644608
normal
simd_float4x4([[0.874992, -0.0140261, 0.483934, 0.0)], [0.0722214, 0.992177, -0.101825, 0.0)], [-0.47872, 0.124047, 0.86916, 0.0)], [-0.131954, 0.120789, -0.104956, 1.0)]])
-0.131954, 0.120789, -0.104956
float3(-0.124367, -0.503445, -0.0141358)
1544433.346497
normal
simd_float4x4([[0.857483, -0.0138999, 0.514324, 0.0)], [0.0745121, 0.992451, -0.0974055, 0.0)], [-0.509088, 0.121847, 0.852046, 0.0)], [-0.12547, 0.120297, -0.100425, 1.0)]])
-0.12547, 0.120297, -0.100425
float3(-0.12215, -0.53857, -0.0140047)
1544433.44654758
normal
simd_float4x4([[0.836358, -0.0131887, 0.548026, 0.0)], [0.0774427, 0.992527, -0.0943015, 0.0)], [-0.542687, 0.12131, 0.831129, 0.0)], [-0.118174, 0.121199, -0.0943035, 1.0)]])
-0.118174, 0.121199, -0.0943035
float3(-0.12161, -0.578447, -0.0132873)
1544433.54659829
normal
simd_float4x4([[0.811973, -0.0119549, 0.583572, 0.0)], [0.0790765, 0.992826, -0.0896872, 0.0)], [-0.578313, 0.11897, 0.807093, 0.0)], [-0.112759, 0.12168, -0.0886251, 1.0)]])
-0.112759, 0.12168, -0.0886251
float3(-0.119253, -0.621739, -0.0120407)
1544433.64664896
normal
simd_float4x4([[0.786014, -0.0103219, 0.618123, 0.0)], [0.0812069, 0.992921, -0.0866833, 0.0)], [-0.612852, 0.11833, 0.781287, 0.0)], [-0.108852, 0.121493, -0.0813595, 1.0)]])
-0.108852, 0.121493, -0.0813595
float3(-0.118608, -0.665164, -0.0103951)
1544433.74669967
normal
simd_float4x4([[0.760958, -0.0101237, 0.648723, 0.0)], [0.0866129, 0.992514, -0.086109, 0.0)], [-0.642995, 0.121713, 0.756137, 0.0)], [-0.104213, 0.121701, -0.0740733, 1.0)]])
-0.104213, 0.121701, -0.0740733
float3(-0.122016, -0.704707, -0.0101997)
1544433.84675042
normal
simd_float4x4([[0.735403, -0.00951545, 0.677563, 0.0)], [0.0913567, 0.992165, -0.0852217, 0.0)], [-0.671443, 0.124572, 0.73051, 0.0)], [-0.101066, 0.122563, -0.0645658, 1.0)]])
-0.101066, 0.122563, -0.0645658
float3(-0.124897, -0.743291, -0.0095903)
1544433.94680096
normal
simd_float4x4([[0.707938, -0.00722949, 0.706237, 0.0)], [0.0927596, 0.992238, -0.0828258, 0.0)], [-0.700157, 0.124146, 0.703113, 0.0)], [-0.0967828, 0.123781, -0.0547723, 1.0)]])
-0.0967828, 0.123781, -0.0547723
float3(-0.124467, -0.783291, -0.00728592)
1544434.04685171
normal
simd_float4x4([[0.679559, -0.00628434, 0.733594, 0.0)], [0.0952939, 0.992248, -0.0797745, 0.0)], [-0.727406, 0.124118, 0.674889, 0.0)], [-0.0940022, 0.12429, -0.0425114, 1.0)]])
-0.0940022, 0.12429, -0.0425114
float3(-0.124439, -0.822831, -0.00633336)
1544434.14690246
normal
simd_float4x4([[0.65167, -0.00689163, 0.758471, 0.0)], [0.0990104, 0.992176, -0.0760534, 0.0)], [-0.752013, 0.124658, 0.647253, 0.0)], [-0.0912037, 0.12521, -0.0323173, 1.0)]])
-0.0912037, 0.12521, -0.0323173
float3(-0.124983, -0.860126, -0.00694587)
1544434.24695333
normal
simd_float4x4([[0.624159, -0.0100802, 0.781233, 0.0)], [0.103528, 0.992166, -0.0699111, 0.0)], [-0.774408, 0.124515, 0.620313, 0.0)], [-0.0891092, 0.126517, -0.0196233, 1.0)]])
-0.0891092, 0.126517, -0.0196233
float3(-0.124839, -0.895437, -0.0101594)
1544434.34700396
normal
simd_float4x4([[0.597678, -0.00912563, 0.801685, 0.0)], [0.107684, 0.991788, -0.0689915, 0.0)], [-0.794472, 0.127563, 0.593753, 0.0)], [-0.0851015, 0.126671, -0.00975289, 1.0)]])
-0.0851015, 0.126671, -0.00975289
float3(-0.127911, -0.92899, -0.00920092)
1544434.44705479
normal
simd_float4x4([[0.576821, -0.00758274, 0.816835, 0.0)], [0.112778, 0.99112, -0.0704395, 0.0)], [-0.809048, 0.132752, 0.572554, 0.0)], [-0.0798451, 0.127019, 0.000977208, 1.0)]])
-0.0798451, 0.127019, 0.000977208
float3(-0.133145, -0.954929, -0.00765053)
1544434.54710525
normal
simd_float4x4([[0.559336, -0.00948429, 0.828887, 0.0)], [0.119594, 0.990396, -0.0693702, 0.0)], [-0.820268, 0.137931, 0.555099, 0.0)], [-0.0727225, 0.126126, 0.012525, 1.0)]])
-0.0727225, 0.126126, 0.012525
float3(-0.138372, -0.97586, -0.00957596)
1544434.647156
normal
simd_float4x4([[0.541478, -0.0145891, 0.840588, 0.0)], [0.139366, 0.987573, -0.0726347, 0.0)], [-0.829083, 0.15648, 0.536783, 0.0)], [-0.0602926, 0.123212, 0.0234744, 1.0)]])
-0.0602926, 0.123212, 0.0234744
float3(-0.157125, -0.996222, -0.0147716)
1544434.74720675
normal
simd_float4x4([[0.523045, -0.0155684, 0.852163, 0.0)], [0.161866, 0.983451, -0.0813837, 0.0)], [-0.836794, 0.180503, 0.516909, 0.0)], [-0.046668, 0.11876, 0.0347115, 1.0)]])
-0.046668, 0.11876, 0.0347115
float3(-0.181498, -1.01745, -0.0158291)
1544434.84725746
normal
simd_float4x4([[0.502737, -0.010409, 0.864377, 0.0)], [0.179126, 0.979479, -0.0923876, 0.0)], [-0.845677, 0.201279, 0.494285, 0.0)], [-0.0346969, 0.114349, 0.0425498, 1.0)]])
-0.0346969, 0.114349, 0.0425498
float3(-0.202663, -1.04186, -0.0106267)
1544434.94730817
normal
simd_float4x4([[0.480176, -0.00325093, 0.877166, 0.0)], [0.200397, 0.973954, -0.106091, 0.0)], [-0.853974, 0.226723, 0.468321, 0.0)], [-0.0204365, 0.109592, 0.048926, 1.0)]])
-0.0204365, 0.109592, 0.048926
float3(-0.228712, -1.06918, -0.00333785)
1544435.04735887
normal
simd_float4x4([[0.460992, -0.000822723, 0.887404, 0.0)], [0.228149, 0.966495, -0.117623, 0.0)], [-0.857575, 0.256683, 0.445734, 0.0)], [0.0376593, 0.118801, 0.00546018, 1.0)]])
0.0376593, 0.118801, 0.00546018
float3(-0.259589, -1.09147, -0.000851244)
1544435.14740958
normal
simd_float4x4([[0.453094, -0.00271718, 0.891459, 0.0)], [0.260894, 0.956617, -0.129686, 0.0)], [-0.852432, 0.291336, 0.434146, 0.0)], [0.0520595, 0.112068, 0.0117812, 1.0)]])
0.0520595, 0.112068, 0.0117812
float3(-0.295623, -1.09973, -0.0028404)
1544435.24746042
normal
simd_float4x4([[0.447746, -0.00539812, 0.894145, 0.0)], [0.291424, 0.946261, -0.140219, 0.0)], [-0.845338, 0.323358, 0.425258, 0.0)], [0.0668174, 0.104572, 0.0166142, 1.0)]])
0.0668174, 0.104572, 0.0166142
float3(-0.329276, -1.1047, -0.00570463)
1544435.34751108
normal
simd_float4x4([[0.449241, -0.0132982, 0.893311, 0.0)], [0.326504, 0.933168, -0.150306, 0.0)], [-0.831611, 0.359193, 0.42356, 0.0)], [0.0812681, 0.0957985, 0.0192492, 1.0)]])
0.0812681, 0.0957985, 0.0192492
float3(-0.367403, -1.09972, -0.0142497)
1544435.447562
normal
simd_float4x4([[0.443763, -0.0137474, 0.896039, 0.0)], [0.359257, 0.918747, -0.163826, 0.0)], [-0.82098, 0.394608, 0.412645, 0.0)], [0.0956038, 0.0866463, 0.0220327, 1.0)]])
0.0956038, 0.0866463, 0.0220327
float3(-0.405641, -1.10505, -0.0149621)
1544435.54761262
normal
simd_float4x4([[0.439754, -0.0088883, 0.898074, 0.0)], [0.383421, 0.906105, -0.178779, 0.0)], [-0.812161, 0.422959, 0.401871, 0.0)], [0.110368, 0.0781185, 0.022613, 1.0)]])
0.110368, 0.0781185, 0.022613
float3(-0.436709, -1.1113, -0.00980904)
1544435.64766337
normal
simd_float4x4([[0.439591, -0.00341578, 0.898191, 0.0)], [0.399882, 0.896166, -0.192302, 0.0)], [-0.804272, 0.443705, 0.395313, 0.0)], [0.124697, 0.0711218, 0.0210699, 1.0)]])
0.124697, 0.0711218, 0.0210699
float3(-0.459729, -1.11396, -0.00381153)
1544435.74771413
normal
simd_float4x4([[0.444469, -0.00381893, 0.895786, 0.0)], [0.405339, 0.892618, -0.197315, 0.0)], [-0.798842, 0.450797, 0.398289, 0.0)], [0.135627, 0.0660301, 0.0179041, 1.0)]])
0.135627, 0.0660301, 0.0179041
float3(-0.467658, -1.10828, -0.00427832)
1544435.84776475
normal
simd_float4x4([[0.453711, -0.00619151, 0.891127, 0.0)], [0.397235, 0.896538, -0.19602, 0.0)], [-0.797716, 0.442923, 0.409229, 0.0)], [0.146527, 0.0637251, 0.0158971, 1.0)]])
0.146527, 0.0637251, 0.0158971
float3(-0.458857, -1.0968, -0.00690591)
1544435.94781571
normal
simd_float4x4([[0.464602, -0.00576451, 0.885501, 0.0)], [0.38138, 0.903786, -0.194218, 0.0)], [-0.799183, 0.427946, 0.422099, 0.0)], [0.162768, 0.0651257, 0.0128598, 1.0)]])
0.162768, 0.0651257, 0.0128598
float3(-0.442219, -1.08487, -0.0063781)
1544436.04786637
normal
simd_float4x4([[0.474445, -0.00624591, 0.880263, 0.0)], [0.35969, 0.914063, -0.187381, 0.0)], [-0.803445, 0.405524, 0.435919, 0.0)], [0.186834, 0.0655629, 0.00838352, 1.0)]])
0.186834, 0.0655629, 0.00838352
float3(-0.417552, -1.07368, -0.00683302)
1544436.14791717
normal
simd_float4x4([[0.478823, -0.00307584, 0.877906, 0.0)], [0.345067, 0.920169, -0.184981, 0.0)], [-0.807253, 0.391509, 0.44166, 0.0)], [0.219809, 0.0625802, -0.00428514, 1.0)]])
0.219809, 0.0625802, -0.00428514
float3(-0.402271, -1.07017, -0.00334268)
1544436.24796779
normal
simd_float4x4([[0.482531, -0.000671193, 0.875878, 0.0)], [0.330148, 0.92638, -0.181172, 0.0)], [-0.811274, 0.37659, 0.447229, 0.0)], [0.255587, 0.0617508, -0.026245, 1.0)]])
0.255587, 0.0617508, -0.026245
float3(-0.386113, -1.06698, -0.000724533)
1544436.34801842
normal
simd_float4x4([[0.485329, -0.00152656, 0.87433, 0.0)], [0.315825, 0.932786, -0.173681, 0.0)], [-0.815298, 0.360428, 0.45319, 0.0)], [0.294431, 0.0601431, -0.0567766, 1.0)]])
0.294431, 0.0601431, -0.0567766
float3(-0.368727, -1.06347, -0.00163656)
1544436.44806942
normal
simd_float4x4([[0.507831, -0.0176953, 0.861275, 0.0)], [0.310977, 0.936139, -0.164127, 0.0)], [-0.803369, 0.351186, 0.480903, 0.0)], [0.333943, 0.0622827, -0.0918445, 1.0)]])
0.333943, 0.0622827, -0.0918445
float3(-0.358837, -1.0314, -0.0189002)
1544436.54812004
normal
simd_float4x4([[0.518358, -0.0371438, 0.854356, 0.0)], [0.318522, 0.935555, -0.152581, 0.0)], [-0.79363, 0.351223, 0.496784, 0.0)], [0.38242, 0.067395, -0.134046, 1.0)]])
0.38242, 0.067395, -0.134046
float3(-0.358877, -1.0115, -0.0396816)
1544436.64817083
normal
simd_float4x4([[0.487815, -0.035324, 0.872232, 0.0)], [0.30946, 0.941288, -0.134951, 0.0)], [-0.816255, 0.335752, 0.470105, 0.0)], [0.430361, 0.071673, -0.174993, 1.0)]])
0.430361, 0.071673, -0.174993
float3(-0.342403, -1.04826, -0.0375097)
1544436.74822167
normal
simd_float4x4([[0.461595, -0.0348507, 0.886406, 0.0)], [0.293257, 0.949043, -0.1154, 0.0)], [-0.837215, 0.313213, 0.448294, 0.0)], [0.470499, 0.0730449, -0.203508, 1.0)]])
0.470499, 0.0730449, -0.203508
float3(-0.318574, -1.07919, -0.0367054)
1544436.8482725
normal
simd_float4x4([[0.475435, -0.0290883, 0.87927, 0.0)], [0.290684, 0.948513, -0.125798, 0.0)], [-0.83034, 0.315399, 0.459412, 0.0)], [0.510326, 0.0748095, -0.228626, 1.0)]])
0.510326, 0.0748095, -0.228626
float3(-0.320877, -1.06544, -0.0306576)
1544436.94832321
normal
simd_float4x4([[0.492702, -0.039863, 0.869284, 0.0)], [0.282467, 0.952184, -0.116435, 0.0)], [-0.823078, 0.302912, 0.480404, 0.0)], [0.554342, 0.077493, -0.248684, 1.0)]])
0.554342, 0.077493, -0.248684
float3(-0.307746, -1.04247, -0.0418403)
1544437.04837383
normal
simd_float4x4([[0.499542, -0.0369071, 0.865503, 0.0)], [0.270906, 0.955638, -0.115608, 0.0)], [-0.822841, 0.292221, 0.48738, 0.0)], [0.608184, 0.0725662, -0.266488, 1.0)]])
0.608184, 0.0725662, -0.266488
float3(-0.296549, -1.03605, -0.0386012)
1544437.14842479
normal
simd_float4x4([[0.498946, -0.0179486, 0.866447, 0.0)], [0.25335, 0.959131, -0.126024, 0.0)], [-0.828774, 0.282394, 0.483102, 0.0)], [0.672578, 0.0657801, -0.287612, 1.0)]])
0.672578, 0.0657801, -0.287612
float3(-0.286289, -1.04304, -0.0187112)
1544437.24847537
normal
simd_float4x4([[0.501244, -0.00110874, 0.865305, 0.0)], [0.232036, 0.963547, -0.133176, 0.0)], [-0.833615, 0.267535, 0.483229, 0.0)], [0.743034, 0.0610356, -0.308263, 1.0)]])
0.743034, 0.0610356, -0.308263
float3(-0.270834, -1.04545, -0.00115068)
1544437.34852621
normal
simd_float4x4([[0.519787, 0.0124136, 0.854206, 0.0)], [0.233178, 0.959866, -0.155839, 0.0)], [-0.821857, 0.280185, 0.496031, 0.0)], [0.815542, 0.0660193, -0.32499, 1.0)]])
0.815542, 0.0660193, -0.32499
float3(-0.283987, -1.02777, 0.0129319)
1544437.44857713
normal
simd_float4x4([[0.541634, 0.0195586, 0.840387, 0.0)], [0.209502, 0.965043, -0.157485, 0.0)], [-0.814089, 0.261362, 0.518602, 0.0)], [0.873396, 0.0754553, -0.341948, 1.0)]])
0.873396, 0.0754553, -0.341948
float3(-0.264433, -1.00359, 0.0202643)
1544437.54862788
normal
simd_float4x4([[0.550219, 0.0205922, 0.834767, 0.0)], [0.22377, 0.959495, -0.171163, 0.0)], [-0.804479, 0.280973, 0.523324, 0.0)], [0.932404, 0.0770605, -0.363464, 1.0)]])
0.932404, 0.0770605, -0.363464
float3(-0.284808, -0.99406, 0.0214583)
1544437.64867854
normal
simd_float4x4([[0.557258, 0.0281189, 0.829863, 0.0)], [0.229767, 0.955179, -0.186655, 0.0)], [-0.797917, 0.29469, 0.52582, 0.0)], [0.987348, 0.0805105, -0.387549, 1.0)]])
0.987348, 0.0805105, -0.387549
float3(-0.299131, -0.988126, 0.0294299)
1544437.74872942
normal
simd_float4x4([[0.561896, 0.0355715, 0.826443, 0.0)], [0.215779, 0.958183, -0.18795, 0.0)], [-0.798569, 0.283937, 0.530724, 0.0)], [1.03708, 0.0789426, -0.416287, 1.0)]])
1.03708, 0.0789426, -0.416287
float3(-0.287898, -0.98423, 0.0371068)
1544437.84878025
normal
simd_float4x4([[0.559331, 0.0364642, 0.828142, 0.0)], [0.209491, 0.960385, -0.183778, 0.0)], [-0.802037, 0.276281, 0.529534, 0.0)], [1.09372, 0.072859, -0.453879, 1.0)]])
1.09372, 0.072859, -0.453879
float3(-0.279923, -0.987259, 0.0379501)
1544437.94883096
normal
simd_float4x4([[0.551681, 0.0282794, 0.833575, 0.0)], [0.207006, 0.963511, -0.169689, 0.0)], [-0.807958, 0.266169, 0.525697, 0.0)], [1.15271, 0.0700244, -0.497431, 1.0)]])
1.15271, 0.0700244, -0.497431
float3(-0.269416, -0.993965, 0.0293419)
1544438.04888179
normal
simd_float4x4([[0.523936, 0.0227272, 0.851455, 0.0)], [0.190016, 0.971332, -0.142852, 0.0)], [-0.830292, 0.236636, 0.504597, 0.0)], [1.21319, 0.0748868, -0.544239, 1.0)]])
1.21319, 0.0748868, -0.544239
float3(-0.238902, -1.02471, 0.0233937)
1544438.1489325
normal
simd_float4x4([[0.513104, 0.0147718, 0.858199, 0.0)], [0.195339, 0.971605, -0.133514, 0.0)], [-0.835803, 0.236146, 0.495649, 0.0)], [1.27055, 0.0824003, -0.589313, 1.0)]])
1.27055, 0.0824003, -0.589313
float3(-0.238398, -1.03552, 0.0152023)
1544438.24898321
normal
simd_float4x4([[0.523948, -0.00118574, 0.85175, 0.0)], [0.212463, 0.96857, -0.129347, 0.0)], [-0.824826, 0.248736, 0.507732, 0.0)], [1.32508, 0.0867205, -0.625142, 1.0)]])
1.32508, 0.0867205, -0.625142
float3(-0.251375, -1.01901, -0.00122422)
1544438.34903417
normal
simd_float4x4([[0.514959, -0.0122437, 0.857127, 0.0)], [0.224546, 0.96691, -0.121095, 0.0)], [-0.827282, 0.254823, 0.500669, 0.0)], [1.38671, 0.0892543, -0.658501, 1.0)]])
1.38671, 0.0892543, -0.658501
float3(-0.257665, -1.02656, -0.012662)
1544438.44908496
normal
simd_float4x4([[0.526629, -0.0190657, 0.849882, 0.0)], [0.218806, 0.969105, -0.113843, 0.0)], [-0.821454, 0.245912, 0.51453, 0.0)], [1.44583, 0.0876925, -0.687699, 1.0)]])
1.44583, 0.0876925, -0.687699
float3(-0.248461, -1.01122, -0.019671)
1544438.54913575
normal
simd_float4x4([[0.536222, -0.0160031, 0.843925, 0.0)], [0.195218, 0.975064, -0.10555, 0.0)], [-0.821192, 0.221348, 0.525974, 0.0)], [1.51143, 0.0837072, -0.714502, 1.0)]])
1.51143, 0.0837072, -0.714502
float3(-0.223196, -1.00113, -0.0164109)
1544438.64918658
normal
simd_float4x4([[0.539009, -0.0146787, 0.842172, 0.0)], [0.173142, 0.980427, -0.0937264, 0.0)], [-0.824312, 0.196335, 0.531001, 0.0)], [1.58607, 0.0805221, -0.742226, 1.0)]])
1.58607, 0.0805221, -0.742226
float3(-0.197618, -0.998527, -0.0149706)
1544438.74923738
normal
simd_float4x4([[0.545963, -0.000495687, 0.837809, 0.0)], [0.17339, 0.978417, -0.112411, 0.0)], [-0.819671, 0.20664, 0.534265, 0.0)], [1.66671, 0.0825039, -0.772794, 1.0)]])
1.66671, 0.0825039, -0.772794
float3(-0.20814, -0.993154, -0.000506621)
1544438.84928821
normal
simd_float4x4([[0.542074, 0.01204, 0.840245, 0.0)], [0.155248, 0.98125, -0.114217, 0.0)], [-0.825866, 0.192361, 0.530041, 0.0)], [1.73612, 0.0897827, -0.808961, 1.0)]])
1.73612, 0.0897827, -0.808961
float3(-0.193567, -1.00021, 0.0122695)
1544438.94933896
normal
simd_float4x4([[0.555454, 0.025186, 0.831166, 0.0)], [0.152124, 0.979595, -0.131346, 0.0)], [-0.817514, 0.199397, 0.540288, 0.0)], [1.79634, 0.0887853, -0.842203, 1.0)]])
1.79634, 0.0887853, -0.842203
float3(-0.200742, -0.986803, 0.025705)
1544439.04938983
normal
simd_float4x4([[0.561443, 0.0318161, 0.826903, 0.0)], [0.144373, 0.980169, -0.135738, 0.0)], [-0.814824, 0.195592, 0.545716, 0.0)], [1.85859, 0.0947295, -0.882013, 1.0)]])
1.85859, 0.0947295, -0.882013
float3(-0.196861, -0.980673, 0.0324484)
1544439.14944062
normal
simd_float4x4([[0.567518, 0.0293158, 0.822839, 0.0)], [0.126452, 0.984406, -0.122287, 0.0)], [-0.813592, 0.17345, 0.554962, 0.0)], [1.91104, 0.0946093, -0.919653, 1.0)]])
1.91104, 0.0946093, -0.919653
float3(-0.174332, -0.972177, 0.0297714)
1544439.24949167
normal
simd_float4x4([[0.552171, 0.0295553, 0.833207, 0.0)], [0.108137, 0.988391, -0.106723, 0.0)], [-0.826688, 0.14903, 0.542565, 0.0)], [1.97244, 0.0890285, -0.970869, 1.0)]])
1.97244, 0.0890285, -0.970869
float3(-0.149587, -0.989997, 0.0298935)
1544439.34954229
normal
simd_float4x4([[0.542463, 0.015879, 0.839929, 0.0)], [0.0858446, 0.99354, -0.0742252, 0.0)], [-0.835682, 0.112368, 0.537596, 0.0)], [2.0282, 0.0873884, -1.02188, 1.0)]])
2.0282, 0.0873884, -1.02188
float3(-0.112606, -0.999144, 0.0159809)
1544439.44959308
normal
simd_float4x4([[0.529024, 0.0149886, 0.848474, 0.0)], [0.0715669, 0.995494, -0.0622078, 0.0)], [-0.845583, 0.0936321, 0.525568, 0.0)], [2.08265, 0.0914062, -1.07412, 1.0)]])
2.08265, 0.0914062, -1.07412
float3(-0.0937695, -1.01469, 0.0150553)
1544439.54964408
normal
simd_float4x4([[0.529002, -0.00116995, 0.84862, 0.0)], [0.057697, 0.997735, -0.0345909, 0.0)], [-0.846657, 0.0672614, 0.527871, 0.0)], [2.13013, 0.104703, -1.11681, 1.0)]])
2.13013, 0.104703, -1.11681
float3(-0.0673122, -1.01329, -0.00117261)
1544439.64969483
normal
simd_float4x4([[0.539654, -0.0120724, 0.8418, 0.0)], [0.0743199, 0.996677, -0.0333509, 0.0)], [-0.8386, 0.0805604, 0.538758, 0.0)], [2.17803, 0.107117, -1.15292, 1.0)]])
2.17803, 0.107117, -1.15292
float3(-0.0806478, -0.999748, -0.0121121)
1544439.74974579
normal
simd_float4x4([[0.540094, -0.0121473, 0.841517, 0.0)], [0.0850307, 0.995567, -0.0402026, 0.0)], [-0.837298, 0.093268, 0.538733, 0.0)], [2.23214, 0.105212, -1.18772, 1.0)]])
2.23214, 0.105212, -1.18772
float3(-0.0934037, -0.999062, -0.0122008)
1544439.8497965
normal
simd_float4x4([[0.543666, -0.00839026, 0.83926, 0.0)], [0.0870681, 0.995119, -0.0464536, 0.0)], [-0.834773, 0.098328, 0.541742, 0.0)], [2.29128, 0.099863, -1.22221, 1.0)]])
2.29128, 0.099863, -1.22221
float3(-0.0984871, -0.995146, -0.00843121)
1544439.94984754
normal
simd_float4x4([[0.549186, -0.00502016, 0.835685, 0.0)], [0.0771081, 0.996021, -0.0446896, 0.0)], [-0.832135, 0.088981, 0.547387, 0.0)], [2.35881, 0.0957693, -1.25681, 1.0)]])
2.35881, 0.0957693, -1.25681
float3(-0.0890988, -0.98895, -0.00504017)
1544440.04989825
normal
simd_float4x4([[0.556576, -0.00695189, 0.830768, 0.0)], [0.0584165, 0.997817, -0.0307865, 0.0)], [-0.828741, 0.0656656, 0.555767, 0.0)], [2.428, 0.0980237, -1.28693, 1.0)]])
2.428, 0.0980237, -1.28693
float3(-0.0657129, -0.980065, -0.00696698)
1544440.14994896
normal
simd_float4x4([[0.568304, 0.0103242, 0.822754, 0.0)], [0.0487451, 0.997743, -0.0461899, 0.0)], [-0.821374, 0.0663551, 0.566518, 0.0)], [2.49956, 0.104681, -1.31808, 1.0)]])
2.49956, 0.104681, -1.31808
float3(-0.0664039, -0.967003, 0.0103472)
1544440.24999996
normal
simd_float4x4([[0.584145, 0.0154984, 0.811501, 0.0)], [0.0423272, 0.997876, -0.0495263, 0.0)], [-0.810545, 0.0632791, 0.582248, 0.0)], [2.56482, 0.112031, -1.35173, 1.0)]])
2.56482, 0.112031, -1.35173
float3(-0.0633214, -0.947866, 0.0155301)
1544440.35005092
normal
simd_float4x4([[0.582265, 0.0281919, 0.81251, 0.0)], [0.0482734, 0.996436, -0.0691676, 0.0)], [-0.811564, 0.0794965, 0.578829, 0.0)], [2.62763, 0.114648, -1.3893, 1.0)]])
2.62763, 0.114648, -1.3893
float3(-0.0795805, -0.951248, 0.0282852)
1544440.45010175
normal
simd_float4x4([[0.580079, 0.0358439, 0.813771, 0.0)], [0.0467378, 0.995921, -0.0771831, 0.0)], [-0.813218, 0.0828062, 0.576038, 0.0)], [2.68883, 0.117295, -1.43376, 1.0)]])
2.68883, 0.117295, -1.43376
float3(-0.0829011, -0.954493, 0.0359752)
1544440.5501525
normal
simd_float4x4([[0.584321, 0.0330137, 0.810851, 0.0)], [0.0382956, 0.996937, -0.068187, 0.0)], [-0.810618, 0.0708951, 0.581267, 0.0)], [2.73992, 0.115538, -1.47771, 1.0)]])
2.73992, 0.115538, -1.47771
float3(-0.0709546, -0.948708, 0.033103)
1544440.6502035
normal
simd_float4x4([[0.599497, 0.0150701, 0.800235, 0.0)], [0.0335467, 0.998471, -0.0439348, 0.0)], [-0.799674, 0.053184, 0.598075, 0.0)], [2.79593, 0.114718, -1.52719, 1.0)]])
2.79593, 0.114718, -1.52719
float3(-0.0532092, -0.928641, 0.015092)
1544440.75025429
normal
simd_float4x4([[0.603837, 0.00496836, 0.797093, 0.0)], [0.0233024, 0.999443, -0.0238823, 0.0)], [-0.796767, 0.0329952, 0.603384, 0.0)], [2.8518, 0.116259, -1.57934, 1.0)]])
2.8518, 0.116259, -1.57934
float3(-0.0330012, -0.922646, 0.00497109)
1544440.85030517
normal
simd_float4x4([[0.576928, -0.00387707, 0.816786, 0.0)], [0.0276806, 0.999507, -0.0148075, 0.0)], [-0.816326, 0.0311519, 0.576751, 0.0)], [2.91043, 0.125546, -1.63596, 1.0)]])
2.91043, 0.125546, -1.63596
float3(-0.031157, -0.955708, -0.00387896)
1544440.95035617
normal
simd_float4x4([[0.559922, -0.00847866, 0.828502, 0.0)], [0.0367209, 0.999219, -0.0145912, 0.0)], [-0.827731, 0.0385932, 0.559796, 0.0)], [2.96345, 0.130186, -1.68089, 1.0)]])
2.96345, 0.130186, -1.68089
