ARKit Data
513018.812351375
normal
simd_float4x4([[-0.844625, 0.40027, -0.355518, 0.0)], [-0.165265, -0.826584, -0.538003, 0.0)], [-0.509212, -0.395656, 0.764304, 0.0)], [-2.94839, -2.18193, 2.98442, 1.0)]])
-2.94839, -2.18193, 2.98442
float3(0.406782, -0.587709, 2.69063)
513019.164436333
limited(__ObjC.ARCamera.TrackingState.Reason.initializing)
simd_float4x4([[-0.903066, 0.394729, 0.169223, 0.0)], [-0.429427, -0.829894, -0.355562, 0.0)], [9.91302e-08, -0.393745, 0.918986, 0.0)], [0.0, 0.0, 0.0, 1.0)]])
0.0, 0.0, 0.0
float3(0.404702, 1.07869e-07, 2.69762)
513019.264459083
limited(__ObjC.ARCamera.TrackingState.Reason.initializing)
simd_float4x4([[-0.903066, 0.394729, 0.169223, 0.0)], [-0.429427, -0.829894, -0.355562, 0.0)], [9.91302e-08, -0.393745, 0.918986, 0.0)], [0.0, 0.0, 0.0, 1.0)]])
0.0, 0.0, 0.0
float3(0.404702, 1.07869e-07, 2.69762)
513019.364515541
limited(__ObjC.ARCamera.TrackingState.Reason.initializing)
simd_float4x4([[-0.614639, 0.391674, 0.684697, 0.0)], [-0.557508, -0.82977, -0.0258023, 0.0)], [0.558035, -0.397583, 0.728371, 0.0)], [0.0, 0.0, 0.0, 1.0)]])
0.0, 0.0, 0.0
float3(0.408881, 0.653752, 2.70057)
513019.464571791
limited(__ObjC.ARCamera.TrackingState.Reason.initializing)
simd_float4x4([[-0.614417, 0.392019, 0.684699, 0.0)], [-0.558001, -0.829438, -0.0258349, 0.0)], [0.557788, -0.397936, 0.728367, 0.0)], [0.0, 0.0, 0.0, 1.0)]])
0.0, 0.0, 0.0
float3(0.409266, 0.65354, 2.70008)
513019.564628291
limited(__ObjC.ARCamera.TrackingState.Reason.initializing)
simd_float4x4([[-0.615289, 0.389894, 0.685128, 0.0)], [-0.556753, -0.83022, -0.0275346, 0.0)], [0.558072, -0.398389, 0.727901, 0.0)], [0.0, 0.0, 0.0, 1.0)]])
0.0, 0.0, 0.0
float3(0.40976, 0.654095, 2.70254)
513019.664684666
limited(__ObjC.ARCamera.TrackingState.Reason.initializing)
simd_float4x4([[-0.615912, 0.390159, 0.684418, 0.0)], [-0.556636, -0.830296, -0.0276, 0.0)], [0.557501, -0.397971, 0.728566, 0.0)], [0.0, 0.0, 0.0, 1.0)]])
0.0, 0.0, 0.0
float3(0.409304, 0.65316, 2.70231)
513019.764741041
limited(__ObjC.ARCamera.TrackingState.Reason.initializing)
simd_float4x4([[-0.616252, 0.389881, 0.68427, 0.0)], [-0.55692, -0.830071, -0.0286036, 0.0)], [0.556841, -0.398711, 0.728665, 0.0)], [0.0, 0.0, 0.0, 1.0)]])
0.0, 0.0, 0.0
float3(0.410111, 0.652523, 2.70248)
513019.864797458
limited(__ObjC.ARCamera.TrackingState.Reason.initializing)
simd_float4x4([[-0.616131, 0.389482, 0.684606, 0.0)], [-0.557317, -0.829773, -0.0295013, 0.0)], [0.556577, -0.399719, 0.728314, 0.0)], [0.0, 0.0, 0.0, 1.0)]])
0.0, 0.0, 0.0
float3(0.411211, 0.652527, 2.70274)
513019.964853666
limited(__ObjC.ARCamera.TrackingState.Reason.initializing)
simd_float4x4([[-0.615778, 0.389285, 0.685036, 0.0)], [-0.557622, -0.829557, -0.0298317, 0.0)], [0.556663, -0.400361, 0.727896, 0.0)], [0.0, 0.0, 0.0, 1.0)]])
0.0, 0.0, 0.0
float3(0.411911, 0.652878, 2.70283)
513020.064910166
limited(__ObjC.ARCamera.TrackingState.Reason.initializing)
simd_float4x4([[-0.615581, 0.388991, 0.68538, 0.0)], [-0.557357, -0.829741, -0.0296697, 0.0)], [0.557147, -0.400265, 0.727579, 0.0)], [0.0, 0.0, 0.0, 1.0)]])
0.0, 0.0, 0.0
float3(0.411806, 0.653508, 2.70321)
513020.164966375
limited(__ObjC.ARCamera.TrackingState.Reason.initializing)
simd_float4x4([[-0.615247, 0.388628, 0.685886, 0.0)], [-0.557516, -0.829622, -0.0300256, 0.0)], [0.557357, -0.400865, 0.727089, 0.0)], [0.0, 0.0, 0.0, 1.0)]])
0.0, 0.0, 0.0
float3(0.412461, 0.654016, 2.70351)
513020.265022916
limited(__ObjC.ARCamera.TrackingState.Reason.initializing)
simd_float4x4([[-0.614919, 0.388391, 0.686314, 0.0)], [-0.558198, -0.829131, -0.0309176, 0.0)], [0.557037, -0.402111, 0.726648, 0.0)], [0.0, 0.0, 0.0, 1.0)]])
0.0, 0.0, 0.0
float3(0.413821, 0.654031, 2.70352)
513020.365079166
limited(__ObjC.ARCamera.TrackingState.Reason.initializing)
simd_float4x4([[-0.614864, 0.387987, 0.686591, 0.0)], [-0.558811, -0.828671, -0.0321576, 0.0)], [0.556481, -0.403447, 0.726331, 0.0)], [0.0, 0.0, 0.0, 1.0)]])
0.0, 0.0, 0.0
float3(0.415281, 0.653759, 2.7037)
513020.4651355
limited(__ObjC.ARCamera.TrackingState.Reason.initializing)
simd_float4x4([[-0.614973, 0.387442, 0.686801, 0.0)], [-0.559141, -0.828402, -0.0333408, 0.0)], [0.55603, -0.404522, 0.72608, 0.0)], [0.0, 0.0, 0.0, 1.0)]])
0.0, 0.0, 0.0
float3(0.416456, 0.653535, 2.70412)
513020.565191791
limited(__ObjC.ARCamera.TrackingState.Reason.initializing)
simd_float4x4([[-0.614676, 0.386659, 0.687509, 0.0)], [-0.559427, -0.828166, -0.0343981, 0.0)], [0.556071, -0.405755, 0.725361, 0.0)], [0.0, 0.0, 0.0, 1.0)]])
0.0, 0.0, 0.0
float3(0.417804, 0.654048, 2.70479)
513020.665248375
limited(__ObjC.ARCamera.TrackingState.Reason.initializing)
simd_float4x4([[-0.614039, 0.386414, 0.688215, 0.0)], [-0.5597, -0.827977, -0.0344898, 0.0)], [0.556499, -0.406372, 0.724687, 0.0)], [0.0, 0.0, 0.0, 1.0)]])
0.0, 0.0, 0.0
float3(0.41848, 0.65487, 2.70494)
513020.765304791
limited(__ObjC.ARCamera.TrackingState.Reason.initializing)
simd_float4x4([[-0.613459, 0.386195, 0.688856, 0.0)], [-0.559901, -0.82784, -0.0345042, 0.0)], [0.556937, -0.406858, 0.724076, 0.0)], [0.0, 0.0, 0.0, 1.0)]])
0.0, 0.0, 0.0
float3(0.419012, 0.655657, 2.70509)
513020.865361
limited(__ObjC.ARCamera.TrackingState.Reason.initializing)
simd_float4x4([[-0.61334, 0.386107, 0.68901, 0.0)], [-0.559862, -0.827869, -0.0344548, 0.0)], [0.557107, -0.406883, 0.723932, 0.0)], [0.0, 0.0, 0.0, 1.0)]])
0.0, 0.0, 0.0
float3(0.419039, 0.655901, 2.7052)
513020.965417458
limited(__ObjC.ARCamera.TrackingState.Reason.initializing)
simd_float4x4([[-0.613846, 0.386489, 0.688345, 0.0)], [-0.559725, -0.82797, -0.0342613, 0.0)], [0.556687, -0.406315, 0.724574, 0.0)], [0.0, 0.0, 0.0, 1.0)]])
0.0, 0.0, 0.0
float3(0.418418, 0.655108, 2.70486)
513021.065473833
limited(__ObjC.ARCamera.TrackingState.Reason.initializing)
simd_float4x4([[-0.613909, 0.386304, 0.688393, 0.0)], [-0.559599, -0.82805, -0.0343759, 0.0)], [0.556744, -0.406328, 0.724523, 0.0)], [0.0, 0.0, 0.0, 1.0)]])
0.0, 0.0, 0.0
float3(0.418432, 0.655192, 2.70508)
513021.16553025
limited(__ObjC.ARCamera.TrackingState.Reason.initializing)
simd_float4x4([[-0.614091, 0.386384, 0.688186, 0.0)], [-0.559822, -0.827885, -0.0347296, 0.0)], [0.55632, -0.406589, 0.724702, 0.0)], [0.0, 0.0, 0.0, 1.0)]])
0.0, 0.0, 0.0
float3(0.418717, 0.654704, 2.70493)
513021.265586458
limited(__ObjC.ARCamera.TrackingState.Reason.initializing)
simd_float4x4([[-0.613732, 0.386435, 0.688477, 0.0)], [-0.560337, -0.827524, -0.0350226, 0.0)], [0.556198, -0.407274, 0.724412, 0.0)], [0.0, 0.0, 0.0, 1.0)]])
0.0, 0.0, 0.0
float3(0.419467, 0.654791, 2.70471)
513021.365642958
limited(__ObjC.ARCamera.TrackingState.Reason.initializing)
simd_float4x4([[-0.613561, 0.386759, 0.688447, 0.0)], [-0.560658, -0.827311, -0.0349002, 0.0)], [0.556062, -0.407396, 0.724446, 0.0)], [0.0, 0.0, 0.0, 1.0)]])
0.0, 0.0, 0.0
float3(0.419601, 0.654651, 2.70429)
513021.46569925
limited(__ObjC.ARCamera.TrackingState.Reason.initializing)
simd_float4x4([[-0.613735, 0.386947, 0.688187, 0.0)], [-0.560584, -0.827368, -0.0347305, 0.0)], [0.555945, -0.407102, 0.724701, 0.0)], [0.0, 0.0, 0.0, 1.0)]])
0.0, 0.0, 0.0
float3(0.419279, 0.654379, 2.70413)
513021.565755708
limited(__ObjC.ARCamera.TrackingState.Reason.initializing)
simd_float4x4([[-0.6141, 0.387068, 0.687793, 0.0)], [-0.560271, -0.827589, -0.0344989, 0.0)], [0.555857, -0.406537, 0.725085, 0.0)], [0.0, 0.0, 0.0, 1.0)]])
0.0, 0.0, 0.0
float3(0.41866, 0.654046, 2.70411)
513021.665811916
limited(__ObjC.ARCamera.TrackingState.Reason.initializing)
simd_float4x4([[-0.614461, 0.387428, 0.687268, 0.0)], [-0.559759, -0.827968, -0.0337143, 0.0)], [0.555974, -0.40542, 0.72562, 0.0)], [0.0, 0.0, 0.0, 1.0)]])
0.0, 0.0, 0.0
float3(0.417439, 0.653792, 2.70393)
513021.765868458
limited(__ObjC.ARCamera.TrackingState.Reason.initializing)
simd_float4x4([[-0.614957, 0.387989, 0.686507, 0.0)], [-0.559047, -0.828494, -0.0325437, 0.0)], [0.55614, -0.403802, 0.726392, 0.0)], [0.0, 0.0, 0.0, 1.0)]])
0.0, 0.0, 0.0
float3(0.415669, 0.653423, 2.70362)
513021.865924916
limited(__ObjC.ARCamera.TrackingState.Reason.initializing)
simd_float4x4([[-0.616026, 0.388951, 0.685002, 0.0)], [-0.558187, -0.829125, -0.0311913, 0.0)], [0.555821, -0.401574, 0.72787, 0.0)], [0.0, 0.0, 0.0, 1.0)]])
0.0, 0.0, 0.0
float3(0.413235, 0.652165, 2.70296)
513021.965981125
limited(__ObjC.ARCamera.TrackingState.Reason.initializing)
simd_float4x4([[-0.617274, 0.389777, 0.683407, 0.0)], [-0.556974, -0.829997, -0.0296885, 0.0)], [0.555654, -0.398966, 0.729431, 0.0)], [0.0, 0.0, 0.0, 1.0)]])
0.0, 0.0, 0.0
float3(0.410389, 0.650988, 2.70255)
513022.066037583
limited(__ObjC.ARCamera.TrackingState.Reason.initializing)
simd_float4x4([[-0.618559, 0.390431, 0.68187, 0.0)], [-0.556131, -0.83059, -0.0289063, 0.0)], [0.555069, -0.397089, 0.7309, 0.0)], [0.0, 0.0, 0.0, 1.0)]])
0.0, 0.0, 0.0
float3(0.408343, 0.64951, 2.70218)
513022.166093916
limited(__ObjC.ARCamera.TrackingState.Reason.initializing)
simd_float4x4([[-0.619568, 0.39103, 0.68061, 0.0)], [-0.555839, -0.830793, -0.028671, 0.0)], [0.554235, -0.396074, 0.732082, 0.0)], [0.0, 0.0, 0.0, 1.0)]])
0.0, 0.0, 0.0
float3(0.407237, 0.648008, 2.70168)
513022.266150333
limited(__ObjC.ARCamera.TrackingState.Reason.initializing)
simd_float4x4([[-0.620086, 0.391474, 0.679882, 0.0)], [-0.555721, -0.830881, -0.0284237, 0.0)], [0.553774, -0.39545, 0.732768, 0.0)], [0.0, 0.0, 0.0, 1.0)]])
0.0, 0.0, 0.0
float3(0.406558, 0.647158, 2.70129)
513022.366206708
limited(__ObjC.ARCamera.TrackingState.Reason.initializing)
simd_float4x4([[-0.620249, 0.391655, 0.67963, 0.0)], [-0.555329, -0.831163, -0.0278264, 0.0)], [0.553985, -0.394678, 0.733025, 0.0)], [0.0, 0.0, 0.0, 1.0)]])
0.0, 0.0, 0.0
float3(0.405717, 0.647172, 2.70124)
513022.466263208
limited(__ObjC.ARCamera.TrackingState.Reason.initializing)
simd_float4x4([[-0.620301, 0.391562, 0.679636, 0.0)], [-0.55501, -0.831385, -0.0275645, 0.0)], [0.554246, -0.394303, 0.73303, 0.0)], [0.0, 0.0, 0.0, 1.0)]])
0.0, 0.0, 0.0
float3(0.405309, 0.647395, 2.70143)
513022.566319541
limited(__ObjC.ARCamera.TrackingState.Reason.initializing)
simd_float4x4([[-0.620226, 0.391548, 0.679713, 0.0)], [-0.554735, -0.831582, -0.027152, 0.0)], [0.554606, -0.393901, 0.732974, 0.0)], [0.0, 0.0, 0.0, 1.0)]])
0.0, 0.0, 0.0
float3(0.404872, 0.647745, 2.70154)
513022.666375875
limited(__ObjC.ARCamera.TrackingState.Reason.initializing)
simd_float4x4([[-0.620342, 0.391809, 0.679456, 0.0)], [-0.554551, -0.83172, -0.0266895, 0.0)], [0.55466, -0.39335, 0.733229, 0.0)], [0.0, 0.0, 0.0, 1.0)]])
0.0, 0.0, 0.0
float3(0.404272, 0.647624, 2.70135)
513022.766432208
limited(__ObjC.ARCamera.TrackingState.Reason.initializing)
simd_float4x4([[-0.620889, 0.392168, 0.678749, 0.0)], [-0.554147, -0.832005, -0.0261908, 0.0)], [0.554451, -0.392388, 0.733902, 0.0)], [0.0, 0.0, 0.0, 1.0)]])
0.0, 0.0, 0.0
float3(0.403227, 0.647002, 2.70112)
513022.866488625
limited(__ObjC.ARCamera.TrackingState.Reason.initializing)
simd_float4x4([[-0.621765, 0.393126, 0.677392, 0.0)], [-0.553851, -0.832228, -0.0253812, 0.0)], [0.553767, -0.390955, 0.735183, 0.0)], [0.0, 0.0, 0.0, 1.0)]])
0.0, 0.0, 0.0
float3(0.401669, 0.645569, 2.70029)
513022.966545083
limited(__ObjC.ARCamera.TrackingState.Reason.initializing)
simd_float4x4([[-0.622215, 0.393574, 0.676718, 0.0)], [-0.553247, -0.832659, -0.0244196, 0.0)], [0.553864, -0.389586, 0.735836, 0.0)], [0.0, 0.0, 0.0, 1.0)]])
0.0, 0.0, 0.0
float3(0.400182, 0.645227, 2.70005)
513023.066601416
normal
simd_float4x4([[-0.620717, 0.391425, 0.679336, 0.0)], [-0.558267, -0.829028, -0.0324192, 0.0)], [0.550499, -0.399374, 0.733111, 0.0)], [8.77492e-05, 4.69349e-05, -7.97547e-05, 1.0)]])
8.77492e-05, 4.69349e-05, -7.97547e-05
float3(0.410834, 0.644082, 2.70047)
513023.166657833
normal
simd_float4x4([[-0.620803, 0.392349, 0.678723, 0.0)], [-0.558377, -0.828989, -0.0315131, 0.0)], [0.55029, -0.398547, 0.733718, 0.0)], [-0.000307813, 0.000235744, -0.000216622, 1.0)]])
-0.000307813, 0.000235744, -0.000216622
float3(0.409932, 0.643502, 2.69954)
513023.266714125
normal
simd_float4x4([[-0.621055, 0.392729, 0.678274, 0.0)], [-0.558587, -0.828846, -0.0315528, 0.0)], [0.549793, -0.398471, 0.734132, 0.0)], [-0.00072051, 0.000768435, -0.000460682, 1.0)]])
-0.00072051, 0.000768435, -0.000460682
float3(0.409849, 0.642798, 2.6991)
513023.366770625
normal
simd_float4x4([[-0.620891, 0.393112, 0.678201, 0.0)], [-0.558678, -0.828803, -0.0310606, 0.0)], [0.549885, -0.398181, 0.734219, 0.0)], [-0.0011059, 0.00136488, -0.000921048, 1.0)]])
-0.0011059, 0.00136488, -0.000921048
float3(0.409533, 0.642821, 2.6987)
513023.466826958
normal
simd_float4x4([[-0.621338, 0.39308, 0.67781, 0.0)], [-0.558496, -0.828918, -0.0312531, 0.0)], [0.549564, -0.397973, 0.734572, 0.0)], [-0.0009146, 0.00154224, -0.000791665, 1.0)]])
-0.0009146, 0.00154224, -0.000791665
float3(0.409306, 0.642311, 2.69879)
513023.566883375
normal
simd_float4x4([[-0.621455, 0.393133, 0.677673, 0.0)], [-0.558583, -0.828853, -0.0314094, 0.0)], [0.549343, -0.398056, 0.734692, 0.0)], [-0.000975676, 0.00163142, -0.000866618, 1.0)]])
-0.000975676, 0.00163142, -0.000866618
float3(0.409397, 0.64204, 2.69871)
513023.666939791
normal
simd_float4x4([[-0.621303, 0.393002, 0.677888, 0.0)], [-0.558528, -0.828893, -0.0313599, 0.0)], [0.549572, -0.398103, 0.734496, 0.0)], [-0.000868119, 0.00156492, -0.00101037, 1.0)]])
-0.000868119, 0.00156492, -0.00101037
float3(0.409448, 0.642368, 2.69886)
513023.766996166
normal
simd_float4x4([[-0.621804, 0.392886, 0.677496, 0.0)], [-0.558195, -0.829112, -0.0315004, 0.0)], [0.549344, -0.397762, 0.734852, 0.0)], [-0.000730246, 0.00159724, -0.00101093, 1.0)]])
-0.000730246, 0.00159724, -0.00101093
float3(0.409076, 0.641936, 2.69907)
513023.8670525
normal
simd_float4x4([[-0.622081, 0.392954, 0.677202, 0.0)], [-0.557811, -0.829383, -0.0311492, 0.0)], [0.54942, -0.397128, 0.735137, 0.0)], [-0.000766982, 0.00166411, -0.00097125, 1.0)]])
-0.000766982, 0.00166411, -0.00097125
float3(0.408386, 0.641816, 2.69913)
513023.967109
normal
simd_float4x4([[-0.621871, 0.393038, 0.677346, 0.0)], [-0.558045, -0.829225, -0.031173, 0.0)], [0.54942, -0.397375, 0.735004, 0.0)], [-0.000831913, 0.00196152, -0.00128495, 1.0)]])
-0.000831913, 0.00196152, -0.00128495
float3(0.408655, 0.641903, 2.69897)
513024.067165416
normal
simd_float4x4([[-0.621662, 0.392982, 0.67757, 0.0)], [-0.558574, -0.828846, -0.0317649, 0.0)], [0.549118, -0.39822, 0.734772, 0.0)], [-0.00100548, 0.00248047, -0.00165437, 1.0)]])
-0.00100548, 0.00248047, -0.00165437
float3(0.409576, 0.641791, 2.69885)
513024.16722175
normal
simd_float4x4([[-0.621474, 0.392854, 0.677817, 0.0)], [-0.559038, -0.82851, -0.032374, 0.0)], [0.54886, -0.399045, 0.734518, 0.0)], [-0.00138595, 0.00286674, -0.00187478, 1.0)]])
-0.00138595, 0.00286674, -0.00187478
float3(0.410475, 0.641731, 2.69882)
513024.267278166
normal
simd_float4x4([[-0.62153, 0.392846, 0.67777, 0.0)], [-0.559398, -0.828246, -0.0329155, 0.0)], [0.548429, -0.399601, 0.734537, 0.0)], [-0.00189217, 0.00366724, -0.00259116, 1.0)]])
-0.00189217, 0.00366724, -0.00259116
float3(0.411082, 0.641343, 2.69871)
513024.367334458
normal
simd_float4x4([[-0.621439, 0.392679, 0.677951, 0.0)], [-0.559398, -0.828241, -0.0330395, 0.0)], [0.548532, -0.399776, 0.734365, 0.0)], [-0.00202439, 0.00356419, -0.00272852, 1.0)]])
-0.00202439, 0.00356419, -0.00272852
float3(0.411272, 0.641545, 2.69887)
513024.467391041
normal
simd_float4x4([[-0.621369, 0.392493, 0.678122, 0.0)], [-0.559435, -0.828207, -0.0332542, 0.0)], [0.548573, -0.400028, 0.734197, 0.0)], [-0.00215818, 0.00412739, -0.00299529, 1.0)]])
-0.00215818, 0.00412739, -0.00299529
float3(0.411548, 0.641691, 2.69904)
513024.567447333
normal
simd_float4x4([[-0.621578, 0.392654, 0.677837, 0.0)], [-0.559308, -0.8283, -0.033074, 0.0)], [0.548466, -0.399678, 0.734468, 0.0)], [-0.00232683, 0.00432623, -0.00350375, 1.0)]])
-0.00232683, 0.00432623, -0.00350375
float3(0.411165, 0.64142, 2.69892)
513024.667503833
normal
simd_float4x4([[-0.621884, 0.392802, 0.677471, 0.0)], [-0.559269, -0.828325, -0.0331119, 0.0)], [0.54816, -0.39948, 0.734804, 0.0)], [-0.00245248, 0.00474407, -0.0039664, 1.0)]])
-0.00245248, 0.00474407, -0.0039664
float3(0.410949, 0.640933, 2.69879)
513024.767560041
normal
simd_float4x4([[-0.622938, 0.393061, 0.676351, 0.0)], [-0.559212, -0.828341, -0.0336596, 0.0)], [0.547019, -0.399192, 0.73581, 0.0)], [-0.0019428, 0.00482414, -0.0038066, 1.0)]])
-0.0019428, 0.00482414, -0.0038066
float3(0.410635, 0.63928, 2.69854)
513024.867616583
normal
simd_float4x4([[-0.624536, 0.392746, 0.675059, 0.0)], [-0.558556, -0.828745, -0.0345925, 0.0)], [0.545866, -0.398663, 0.736952, 0.0)], [-0.00119976, 0.00513741, -0.00308178, 1.0)]])
-0.00119976, 0.00513741, -0.00308178
float3(0.410059, 0.637527, 2.69904)
513024.967672833
normal
simd_float4x4([[-0.625399, 0.39237, 0.674479, 0.0)], [-0.55893, -0.828418, -0.0363355, 0.0)], [0.544494, -0.399711, 0.737399, 0.0)], [-0.000239247, 0.00533243, -0.00282659, 1.0)]])
-0.000239247, 0.00533243, -0.00282659
float3(0.411201, 0.636034, 2.69926)
513025.06772925
normal
simd_float4x4([[-0.625584, 0.391911, 0.674575, 0.0)], [-0.559792, -0.827751, -0.0382352, 0.0)], [0.543395, -0.401541, 0.737216, 0.0)], [6.74613e-05, 0.00551172, -0.00233653, 1.0)]])
6.74613e-05, 0.00551172, -0.00233653
float3(0.413199, 0.635188, 2.6994)
513025.167785791
normal
simd_float4x4([[-0.624546, 0.391713, 0.67565, 0.0)], [-0.561094, -0.826818, -0.0393013, 0.0)], [0.543245, -0.403649, 0.736174, 0.0)], [-0.000171542, 0.00529831, -0.00176061, 1.0)]])
-0.000171542, 0.00529831, -0.00176061
float3(0.415501, 0.635731, 2.69916)
513025.267842125
normal
simd_float4x4([[-0.622804, 0.391397, 0.677439, 0.0)], [-0.562334, -0.825953, -0.0397792, 0.0)], [0.543963, -0.405722, 0.734503, 0.0)], [-0.000484594, 0.00550901, -0.00124945, 1.0)]])
-0.000484594, 0.00550901, -0.00124945
float3(0.417768, 0.63745, 2.69906)
513025.367898666
normal
simd_float4x4([[-0.621232, 0.390773, 0.679241, 0.0)], [-0.563186, -0.825349, -0.0402587, 0.0)], [0.544878, -0.407549, 0.73281, 0.0)], [-0.000880651, 0.00579622, -0.000823408, 1.0)]])
-0.000880651, 0.00579622, -0.000823408
float3(0.419769, 0.639358, 2.6994)
513025.467955
normal
simd_float4x4([[-0.620278, 0.389798, 0.680671, 0.0)], [-0.563824, -0.824855, -0.0414317, 0.0)], [0.545305, -0.409478, 0.731417, 0.0)], [-0.000910861, 0.00560856, 0.000435811, 1.0)]])
-0.000910861, 0.00560856, 0.000435811
float3(0.421882, 0.640644, 2.70013)
513025.5680115
normal
simd_float4x4([[-0.620115, 0.388994, 0.681279, 0.0)], [-0.564279, -0.82447, -0.042866, 0.0)], [0.545019, -0.411013, 0.730768, 0.0)], [-0.00122003, 0.00541306, 0.000900876, 1.0)]])
-0.00122003, 0.00541306, 0.000900876
float3(0.423565, 0.640819, 2.70075)
513025.668067708
normal
simd_float4x4([[-0.620862, 0.388218, 0.681042, 0.0)], [-0.564302, -0.824367, -0.044519, 0.0)], [0.544145, -0.411953, 0.73089, 0.0)], [-0.00133441, 0.00514645, 0.000758346, 1.0)]])
-0.00133441, 0.00514645, 0.000758346
float3(0.424597, 0.63997, 2.70147)
513025.76812425
normal
simd_float4x4([[-0.621433, 0.387845, 0.680733, 0.0)], [-0.564198, -0.824393, -0.0453544, 0.0)], [0.543601, -0.412253, 0.731126, 0.0)], [-0.00148463, 0.00449399, 0.00120582, 1.0)]])
-0.00148463, 0.00449399, 0.00120582
float3(0.424925, 0.639336, 2.70185)
513025.868180666
normal
simd_float4x4([[-0.621267, 0.386719, 0.681524, 0.0)], [-0.564206, -0.824319, -0.0465755, 0.0)], [0.543782, -0.413456, 0.730312, 0.0)], [-0.00229978, 0.00467509, 0.000905473, 1.0)]])
-0.00229978, 0.00467509, 0.000905473
float3(0.426246, 0.640029, 2.70294)
513025.968237
normal
simd_float4x4([[-0.620556, 0.385792, 0.682697, 0.0)], [-0.564728, -0.823895, -0.0477411, 0.0)], [0.544052, -0.415164, 0.729141, 0.0)], [-0.00238553, 0.00455261, 0.000798132, 1.0)]])
-0.00238553, 0.00455261, 0.000798132
float3(0.428123, 0.641036, 2.70366)
513026.068293333
normal
simd_float4x4([[-0.619708, 0.384941, 0.683946, 0.0)], [-0.565511, -0.823282, -0.0490341, 0.0)], [0.544205, -0.417166, 0.727883, 0.0)], [-0.00241265, 0.0033621, 0.00180825, 1.0)]])
-0.00241265, 0.0033621, 0.00180825
float3(0.430324, 0.641998, 2.70422)
513026.168349916
normal
simd_float4x4([[-0.618835, 0.384225, 0.685138, 0.0)], [-0.566287, -0.822682, -0.0501257, 0.0)], [0.544391, -0.419004, 0.726687, 0.0)], [-0.00193191, 0.00214359, 0.00346748, 1.0)]])
-0.00193191, 0.00214359, 0.00346748
float3(0.432348, 0.642951, 2.70466)
513026.268406291
normal
simd_float4x4([[-0.617858, 0.383213, 0.686586, 0.0)], [-0.566735, -0.822318, -0.051034, 0.0)], [0.545035, -0.420644, 0.725255, 0.0)], [-0.0010657, 0.000603035, 0.00436877, 1.0)]])
-0.0010657, 0.000603035, 0.00436877
float3(0.434155, 0.644465, 2.7055)
513026.368462666
normal
simd_float4x4([[-0.617117, 0.382312, 0.687753, 0.0)], [-0.56698, -0.822104, -0.0517519, 0.0)], [0.545619, -0.421879, 0.724098, 0.0)], [-0.000383727, -0.000505839, 0.00480228, 1.0)]])
-0.000383727, -0.000505839, 0.00480228
float3(0.435517, 0.645748, 2.7063)
513026.468519125
normal
simd_float4x4([[-0.616475, 0.38146, 0.688801, 0.0)], [-0.56695, -0.8221, -0.0521374, 0.0)], [0.546376, -0.422657, 0.723073, 0.0)], [0.00017643, -0.000208668, 0.00416693, 1.0)]])
0.00017643, -0.000208668, 0.00416693
float3(0.436376, 0.647095, 2.70715)
513026.568575416
normal
simd_float4x4([[-0.615992, 0.380679, 0.689665, 0.0)], [-0.566856, -0.822143, -0.0524985, 0.0)], [0.547018, -0.423279, 0.722223, 0.0)], [-6.5092e-05, 0.000342935, 0.00399529, 1.0)]])
-6.5092e-05, 0.000342935, 0.00399529
float3(0.437062, 0.648226, 2.70795)
513026.668631916
normal
simd_float4x4([[-0.616234, 0.380695, 0.68944, 0.0)], [-0.566725, -0.82223, -0.0525305, 0.0)], [0.546881, -0.423094, 0.722435, 0.0)], [-4.89674e-05, 0.000460606, 0.00419286, 1.0)]])
-4.89674e-05, 0.000460606, 0.00419286
float3(0.436858, 0.647963, 2.70798)
513026.768688291
normal
simd_float4x4([[-0.615664, 0.380021, 0.69032, 0.0)], [-0.566489, -0.822396, -0.0524957, 0.0)], [0.547767, -0.423378, 0.721597, 0.0)], [-0.000292644, 0.000966057, 0.00400617, 1.0)]])
-0.000292644, 0.000966057, 0.00400617
float3(0.437171, 0.649302, 2.70873)
513026.868744791
normal
simd_float4x4([[-0.615489, 0.379571, 0.690723, 0.0)], [-0.566915, -0.822042, -0.0534327, 0.0)], [0.547522, -0.424469, 0.721142, 0.0)], [-0.000110332, 0.00115814, 0.00386707, 1.0)]])
-0.000110332, 0.00115814, 0.00386707
float3(0.438375, 0.64939, 2.70902)
513026.968801208
normal
simd_float4x4([[-0.615611, 0.379443, 0.690685, 0.0)], [-0.567652, -0.821451, -0.0546691, 0.0)], [0.546621, -0.425724, 0.721086, 0.0)], [-0.000116553, 0.0009632, 0.00386248, 1.0)]])
-0.000116553, 0.0009632, 0.00386248
float3(0.439762, 0.648634, 2.70887)
513027.068857583
normal
simd_float4x4([[-0.615919, 0.379825, 0.690201, 0.0)], [-0.568216, -0.821023, -0.0552448, 0.0)], [0.545687, -0.42621, 0.721506, 0.0)], [3.36617e-05, 0.00071447, 0.00407308, 1.0)]])
3.36617e-05, 0.00071447, 0.00407308
float3(0.440299, 0.647532, 2.70829)
513027.168913833
normal
simd_float4x4([[-0.616984, 0.381098, 0.688546, 0.0)], [-0.568488, -0.820845, -0.0550815, 0.0)], [0.544198, -0.425415, 0.723098, 0.0)], [0.000131905, 0.000432655, 0.00398696, 1.0)]])
0.000131905, 0.000432655, 0.00398696
float3(0.43942, 0.645158, 2.70693)
513027.2689705
normal
simd_float4x4([[-0.618342, 0.382115, 0.686761, 0.0)], [-0.568749, -0.820638, -0.0554824, 0.0)], [0.542381, -0.424902, 0.724763, 0.0)], [0.00019577, 0.000434214, 0.00396949, 1.0)]])
0.00019577, 0.000434214, 0.00396949
float3(0.438853, 0.642449, 2.70582)
513027.369026958
normal
simd_float4x4([[-0.619326, 0.38312, 0.685314, 0.0)], [-0.569134, -0.820355, -0.0557199, 0.0)], [0.540853, -0.424544, 0.726113, 0.0)], [5.77904e-05, 0.000437848, 0.0041592, 1.0)]])
5.77904e-05, 0.000437848, 0.0041592
float3(0.438458, 0.640203, 2.70468)
513027.469083166
normal
simd_float4x4([[-0.620181, 0.384099, 0.683991, 0.0)], [-0.568978, -0.820502, -0.0551409, 0.0)], [0.540036, -0.423373, 0.727404, 0.0)], [-0.000182842, 0.000361161, 0.0041839, 1.0)]])
-0.000182842, 0.000361161, 0.0041839
float3(0.437165, 0.63863, 2.70377)
513027.569139791
normal
simd_float4x4([[-0.621179, 0.384766, 0.682709, 0.0)], [-0.567972, -0.82128, -0.0539194, 0.0)], [0.539949, -0.421253, 0.728698, 0.0)], [-0.000100885, 0.000414733, 0.00405505, 1.0)]])
-0.000100885, 0.000414733, 0.00405505
float3(0.434827, 0.637702, 2.70346)
513027.669196041
normal
simd_float4x4([[-0.622512, 0.384612, 0.681581, 0.0)], [-0.56661, -0.822247, -0.0535154, 0.0)], [0.539845, -0.419504, 0.729783, 0.0)], [1.7833e-05, 0.000860997, 0.00381745, 1.0)]])
1.7833e-05, 0.000860997, 0.00381745
float3(0.432899, 0.636898, 2.70407)
513027.769252458
normal
simd_float4x4([[-0.625625, 0.384689, 0.678681, 0.0)], [-0.564385, -0.823787, -0.053326, 0.0)], [0.538575, -0.416399, 0.732495, 0.0)], [0.000270009, 0.000738014, 0.00377856, 1.0)]])
0.000270009, 0.000738014, 0.00377856
float3(0.429481, 0.634001, 2.70471)
513027.869308708
normal
simd_float4x4([[-0.632472, 0.387359, 0.67077, 0.0)], [-0.55968, -0.827197, -0.0500314, 0.0)], [0.535479, -0.40706, 0.739976, 0.0)], [0.00141856, 0.000769232, 0.00396366, 1.0)]])
0.00141856, 0.000769232, 0.00396366
float3(0.419233, 0.626419, 2.70364)
513027.969365375
normal
simd_float4x4([[-0.652068, 0.39462, 0.647366, 0.0)], [-0.551742, -0.83262, -0.0482027, 0.0)], [0.519988, -0.388611, 0.760654, 0.0)], [0.00356747, -0.00168462, 0.00447255, 1.0)]])
0.00356747, -0.00168462, 0.00447255
float3(0.399123, 0.599639, 2.699)
513028.069421583
normal
simd_float4x4([[-0.677475, 0.396183, 0.619731, 0.0)], [-0.543661, -0.837222, -0.0590964, 0.0)], [0.495439, -0.37696, 0.782586, 0.0)], [0.00428099, -0.00114868, 0.00309554, 1.0)]])
0.00428099, -0.00114868, 0.00309554
float3(0.386512, 0.564388, 2.6996)
513028.169478208
normal
simd_float4x4([[-0.703698, 0.395856, 0.590006, 0.0)], [-0.535212, -0.841492, -0.0737581, 0.0)], [0.467288, -0.367682, 0.804023, 0.0)], [0.000885768, 0.000721961, -0.000260177, 1.0)]])
0.000885768, 0.000721961, -0.000260177
float3(0.376515, 0.526472, 2.70189)
513028.2695345
normal
simd_float4x4([[-0.733116, 0.396013, 0.552915, 0.0)], [-0.526994, -0.844681, -0.0937627, 0.0)], [0.429905, -0.360122, 0.827946, 0.0)], [-0.00491376, 0.00522615, -0.00875604, 1.0)]])
-0.00491376, 0.00522615, -0.00875604
float3(0.368398, 0.478924, 2.70319)
513028.369590916
normal
simd_float4x4([[-0.760561, 0.39585, 0.514636, 0.0)], [-0.522124, -0.84404, -0.122406, 0.0)], [0.385919, -0.361801, 0.848626, 0.0)], [-0.0164071, 0.0104221, -0.0171908, 1.0)]])
-0.0164071, 0.0104221, -0.0171908
float3(0.370199, 0.426803, 2.70306)
513028.469647375
normal
simd_float4x4([[-0.787135, 0.3928, 0.475528, 0.0)], [-0.515474, -0.84231, -0.157485, 0.0)], [0.338682, -0.369084, 0.865489, 0.0)], [-0.0261691, 0.024188, -0.0253841, 1.0)]])
-0.0261691, 0.024188, -0.0253841
float3(0.378023, 0.373, 2.70524)
513028.56970375
normal
simd_float4x4([[-0.808596, 0.394145, 0.436831, 0.0)], [-0.511109, -0.838325, -0.189682, 0.0)], [0.291444, -0.376645, 0.879317, 0.0)], [-0.0340011, 0.0368899, -0.0302243, 1.0)]])
-0.0340011, 0.0368899, -0.0302243
float3(0.386172, 0.320049, 2.7021)
513028.669760291
normal
simd_float4x4([[-0.823421, 0.396073, 0.406331, 0.0)], [-0.508062, -0.833508, -0.21711, 0.0)], [0.252688, -0.385214, 0.887558, 0.0)], [-0.0410623, 0.0421531, -0.0320966, 1.0)]])
-0.0410623, 0.0421531, -0.0320966
float3(0.39544, 0.277362, 2.69799)
513028.769816583
normal
simd_float4x4([[-0.835936, 0.395569, 0.380441, 0.0)], [-0.502593, -0.830223, -0.241101, 0.0)], [0.220479, -0.392752, 0.892824, 0.0)], [-0.0443799, 0.0447366, -0.0319878, 1.0)]])
-0.0443799, 0.0447366, -0.0319878
float3(0.403622, 0.242102, 2.69695)
513028.869873125
normal
simd_float4x4([[-0.839911, 0.394752, 0.372453, 0.0)], [-0.500811, -0.828181, -0.251604, 0.0)], [0.209137, -0.397853, 0.893294, 0.0)], [-0.0482243, 0.0461212, -0.0331347, 1.0)]])
-0.0482243, 0.0461212, -0.0331347
float3(0.409176, 0.229977, 2.6968)
513028.969929458
normal
simd_float4x4([[-0.840527, 0.387377, 0.378754, 0.0)], [-0.498093, -0.827549, -0.258973, 0.0)], [0.213117, -0.406328, 0.888526, 0.0)], [-0.0518567, 0.0491888, -0.0386368, 1.0)]])
-0.0518567, 0.0491888, -0.0386368
float3(0.418432, 0.235407, 2.70379)
513029.069985916
normal
simd_float4x4([[-0.841304, 0.383547, 0.380919, 0.0)], [-0.497202, -0.825578, -0.266855, 0.0)], [0.212127, -0.4139, 0.885262, 0.0)], [-0.0499039, 0.0521537, -0.0455843, 1.0)]])
-0.0499039, 0.0521537, -0.0455843
float3(0.426734, 0.235186, 2.70668)
513029.170042333
normal
simd_float4x4([[-0.846323, 0.383126, 0.37007, 0.0)], [-0.494175, -0.824043, -0.277027, 0.0)], [0.198817, -0.417333, 0.886738, 0.0)], [-0.0447745, 0.0520743, -0.0525866, 1.0)]])
-0.0447745, 0.0520743, -0.0525866
float3(0.430509, 0.220564, 2.70639)
513029.270098833
normal
simd_float4x4([[-0.852944, 0.38589, 0.351533, 0.0)], [-0.489946, -0.824175, -0.284058, 0.0)], [0.180109, -0.414517, 0.89204, 0.0)], [-0.0351917, 0.0470569, -0.0551117, 1.0)]])
-0.0351917, 0.0470569, -0.0551117
float3(0.427413, 0.199229, 2.7037)
513029.370155083
normal
simd_float4x4([[-0.857611, 0.389071, 0.336343, 0.0)], [-0.486723, -0.825272, -0.286403, 0.0)], [0.166143, -0.409329, 0.897132, 0.0)], [-0.020977, 0.036032, -0.0533624, 1.0)]])
-0.020977, 0.036032, -0.0533624
float3(0.421718, 0.183119, 2.70105)
513029.470211625
normal
simd_float4x4([[-0.860185, 0.387084, 0.332036, 0.0)], [-0.48319, -0.826847, -0.287839, 0.0)], [0.163125, -0.408032, 0.898276, 0.0)], [-0.00521561, 0.0277779, -0.0500793, 1.0)]])
-0.00521561, 0.0277779, -0.0500793
float3(0.420297, 0.17964, 2.70375)
513029.570268041
normal
simd_float4x4([[-0.860598, 0.388546, 0.329247, 0.0)], [-0.481116, -0.832282, -0.275379, 0.0)], [0.167029, -0.395396, 0.903196, 0.0)], [0.00873218, 0.0160276, -0.0454424, 1.0)]])
0.00873218, 0.0160276, -0.0454424
float3(0.406499, 0.182865, 2.70482)
513029.670324333
normal
simd_float4x4([[-0.856845, 0.389048, 0.338317, 0.0)], [-0.483639, -0.833874, -0.265984, 0.0)], [0.178634, -0.39153, 0.902659, 0.0)], [0.0188862, 0.0143527, -0.0435328, 1.0)]])
0.0188862, 0.0143527, -0.0435328
float3(0.402294, 0.195373, 2.70506)
513029.770380875
normal
simd_float4x4([[-0.850149, 0.386535, 0.357544, 0.0)], [-0.488775, -0.831866, -0.262864, 0.0)], [0.195823, -0.398233, 0.896139, 0.0)], [0.0256364, 0.0170163, -0.0454588, 1.0)]])
0.0256364, 0.0170163, -0.0454588
float3(0.409589, 0.215137, 2.70661)
513029.870437208
normal
simd_float4x4([[-0.843565, 0.393557, 0.365392, 0.0)], [-0.497978, -0.827958, -0.257883, 0.0)], [0.201037, -0.399498, 0.894419, 0.0)], [0.031028, 0.0166177, -0.0502967, 1.0)]])
0.031028, 0.0166177, -0.0502967
float3(0.410969, 0.221094, 2.69787)
513029.970493875
normal
simd_float4x4([[-0.839978, 0.402278, 0.364155, 0.0)], [-0.506317, -0.822413, -0.259384, 0.0)], [0.195141, -0.402255, 0.894489, 0.0)], [0.0328032, 0.0158428, -0.0527303, 1.0)]])
0.0328032, 0.0158428, -0.0527303
float3(0.413979, 0.214794, 2.68667)
513030.070550041
normal
simd_float4x4([[-0.835076, 0.406384, 0.370809, 0.0)], [-0.513274, -0.818113, -0.259311, 0.0)], [0.197984, -0.406871, 0.891773, 0.0)], [0.0328656, 0.0169418, -0.0542956, 1.0)]])
0.0328656, 0.0169418, -0.0542956
float3(0.419026, 0.218469, 2.68056)
513030.170606625
normal
simd_float4x4([[-0.830011, 0.404325, 0.38419, 0.0)], [-0.516888, -0.816408, -0.257497, 0.0)], [0.209543, -0.412309, 0.886619, 0.0)], [0.0346729, 0.0179201, -0.0585333, 1.0)]])
0.0346729, 0.0179201, -0.0585333
float3(0.424987, 0.232081, 2.68175)
513030.270663
normal
simd_float4x4([[-0.827758, 0.40417, 0.389182, 0.0)], [-0.518201, -0.816649, -0.254071, 0.0)], [0.215137, -0.411984, 0.885429, 0.0)], [0.0368226, 0.0168779, -0.0602547, 1.0)]])
0.0368226, 0.0168779, -0.0602547
float3(0.424631, 0.238356, 2.68202)
513030.370719458
normal
simd_float4x4([[-0.824812, 0.403878, 0.395686, 0.0)], [-0.519794, -0.817022, -0.249579, 0.0)], [0.222485, -0.411531, 0.883823, 0.0)], [0.0376683, 0.017567, -0.0635656, 1.0)]])
0.0376683, 0.017567, -0.0635656
float3(0.424133, 0.246606, 2.68249)
513030.470775833
normal
simd_float4x4([[-0.821592, 0.405344, 0.400853, 0.0)], [-0.522117, -0.817331, -0.243647, 0.0)], [0.228869, -0.409471, 0.883149, 0.0)], [0.0372038, 0.0182015, -0.0671258, 1.0)]])
0.0372038, 0.0182015, -0.0671258
float3(0.421874, 0.253572, 2.6812)
513030.57083225
normal
simd_float4x4([[-0.81951, 0.407318, 0.403108, 0.0)], [-0.523587, -0.81812, -0.237775, 0.0)], [0.23294, -0.405921, 0.883723, 0.0)], [0.0364696, 0.0178431, -0.0695257, 1.0)]])
0.0364696, 0.0178431, -0.0695257
float3(0.417986, 0.257727, 2.67965)
513030.67088875
normal
simd_float4x4([[-0.817932, 0.409131, 0.404474, 0.0)], [-0.524923, -0.818459, -0.233625, 0.0)], [0.235462, -0.403407, 0.884206, 0.0)], [0.0354448, 0.0183781, -0.0719868, 1.0)]])
0.0354448, 0.0183781, -0.0719868
float3(0.415238, 0.260258, 2.67804)
513030.770945166
normal
simd_float4x4([[-0.817118, 0.408279, 0.406972, 0.0)], [-0.524936, -0.818745, -0.232591, 0.0)], [0.238245, -0.403688, 0.883332, 0.0)], [0.0357516, 0.018392, -0.072896, 1.0)]])
0.0357516, 0.018392, -0.072896
float3(0.415545, 0.263443, 2.67901)
513030.871001708
normal
simd_float4x4([[-0.816497, 0.406872, 0.409618, 0.0)], [-0.524002, -0.820104, -0.229894, 0.0)], [0.242392, -0.402348, 0.882815, 0.0)], [0.0366986, 0.018419, -0.0737858, 1.0)]])
0.0366986, 0.018419, -0.0737858
float3(0.414081, 0.267964, 2.68105)
513030.971058
normal
simd_float4x4([[-0.815025, 0.403163, 0.416166, 0.0)], [-0.523107, -0.820855, -0.229252, 0.0)], [0.249186, -0.404545, 0.879915, 0.0)], [0.0365988, 0.0202303, -0.0748695, 1.0)]])
0.0365988, 0.0202303, -0.0748695
float3(0.416482, 0.275967, 2.68505)
513031.071114583
normal
simd_float4x4([[-0.815558, 0.399299, 0.418838, 0.0)], [-0.520709, -0.82213, -0.230142, 0.0)], [0.252444, -0.405787, 0.878413, 0.0)], [0.0367892, 0.0219357, -0.0773184, 1.0)]])
0.0367892, 0.0219357, -0.0773184
float3(0.417839, 0.279845, 2.68946)
513031.171170875
normal
simd_float4x4([[-0.817187, 0.398055, 0.416841, 0.0)], [-0.51925, -0.82234, -0.232672, 0.0)], [0.250169, -0.406581, 0.878696, 0.0)], [0.0386838, 0.0222598, -0.0787961, 1.0)]])
0.0386838, 0.0222598, -0.0787961
float3(0.418709, 0.277366, 2.69078)
513031.271227416
normal
simd_float4x4([[-0.818701, 0.39841, 0.41352, 0.0)], [-0.51891, -0.821696, -0.235685, 0.0)], [0.245889, -0.407536, 0.879462, 0.0)], [0.0402796, 0.0227182, -0.0821703, 1.0)]])
0.0402796, 0.0227182, -0.0821703
float3(0.419754, 0.272629, 2.69013)
513031.371283666
normal
simd_float4x4([[-0.82057, 0.400229, 0.408021, 0.0)], [-0.518904, -0.820946, -0.238299, 0.0)], [0.239589, -0.407264, 0.881324, 0.0)], [0.0416315, 0.0223005, -0.0849002, 1.0)]])
0.0416315, 0.0223005, -0.0849002
float3(0.419457, 0.265436, 2.68798)
513031.471340291
normal
simd_float4x4([[-0.821872, 0.401926, 0.403709, 0.0)], [-0.519101, -0.820291, -0.240119, 0.0)], [0.234648, -0.406913, 0.882815, 0.0)], [0.0411793, 0.0221482, -0.0887182, 1.0)]])
0.0411793, 0.0221482, -0.0887182
float3(0.419072, 0.259789, 2.68599)
513031.571396541
normal
simd_float4x4([[-0.822656, 0.402189, 0.401847, 0.0)], [-0.51891, -0.819964, -0.241644, 0.0)], [0.232314, -0.407312, 0.883248, 0.0)], [0.0407236, 0.0220787, -0.091446, 1.0)]])
0.0407236, 0.0220787, -0.091446
float3(0.419509, 0.257197, 2.68558)
513031.671453166
normal
simd_float4x4([[-0.823666, 0.401573, 0.400391, 0.0)], [-0.51801, -0.820101, -0.243105, 0.0)], [0.230736, -0.407644, 0.883508, 0.0)], [0.040351, 0.0212924, -0.0916217, 1.0)]])
0.040351, 0.0212924, -0.0916217
float3(0.419873, 0.255453, 2.68625)
513031.771509708
normal
simd_float4x4([[-0.825272, 0.401063, 0.397586, 0.0)], [-0.516448, -0.820822, -0.243994, 0.0)], [0.22849, -0.406694, 0.884529, 0.0)], [0.0391651, 0.021204, -0.0920787, 1.0)]])
0.0391651, 0.021204, -0.0920787
float3(0.418833, 0.252792, 2.6871)
513031.871566
normal
simd_float4x4([[-0.827101, 0.400594, 0.394244, 0.0)], [-0.514566, -0.821878, -0.244413, 0.0)], [0.22611, -0.405019, 0.885909, 0.0)], [0.038357, 0.0216141, -0.0945775, 1.0)]])
0.038357, 0.0216141, -0.0945775
float3(0.416999, 0.249894, 2.68807)
513031.9716225
normal
simd_float4x4([[-0.829015, 0.399759, 0.391059, 0.0)], [-0.512919, -0.822167, -0.24689, 0.0)], [0.222819, -0.405257, 0.886633, 0.0)], [0.0381623, 0.0216552, -0.0947957, 1.0)]])
0.0381623, 0.0216552, -0.0947957
float3(0.41726, 0.246211, 2.68902)
513032.071678958
normal
simd_float4x4([[-0.830972, 0.398387, 0.388296, 0.0)], [-0.511431, -0.821726, -0.251406, 0.0)], [0.218916, -0.407498, 0.886579, 0.0)], [0.0375088, 0.0217655, -0.0944985, 1.0)]])
0.0375088, 0.0217655, -0.0944985
float3(0.419712, 0.24208, 2.69016)
513032.171735458
normal
simd_float4x4([[-0.833284, 0.396676, 0.385079, 0.0)], [-0.509535, -0.821313, -0.256553, 0.0)], [0.214502, -0.409993, 0.886507, 0.0)], [0.0372087, 0.0223278, -0.0937712, 1.0)]])
0.0372087, 0.0223278, -0.0937712
float3(0.422446, 0.237401, 2.69166)
513032.271791666
normal
simd_float4x4([[-0.835471, 0.394421, 0.382648, 0.0)], [-0.507419, -0.821029, -0.261606, 0.0)], [0.210982, -0.412727, 0.886083, 0.0)], [0.0368512, 0.0224014, -0.093036, 1.0)]])
0.0368512, 0.0224014, -0.093036
float3(0.425446, 0.233754, 2.69375)
513032.371848291
normal
simd_float4x4([[-0.836841, 0.393644, 0.38045, 0.0)], [-0.50636, -0.82072, -0.264611, 0.0)], [0.20808, -0.414082, 0.886137, 0.0)], [0.0355414, 0.0228711, -0.0933264, 1.0)]])
0.0355414, 0.0228711, -0.0933264
float3(0.426934, 0.230639, 2.69437)
513032.471904625
normal
simd_float4x4([[-0.835448, 0.392698, 0.384467, 0.0)], [-0.507074, -0.820556, -0.26375, 0.0)], [0.211903, -0.415303, 0.884659, 0.0)], [0.0389451, 0.00999594, -0.0871457, 1.0)]])
0.0389451, 0.00999594, -0.0871457
float3(0.428276, 0.235101, 2.69523)
513032.571961208
normal
simd_float4x4([[-0.839869, 0.391356, 0.376111, 0.0)], [-0.503503, -0.820547, -0.270533, 0.0)], [0.202742, -0.416585, 0.886201, 0.0)], [0.0333635, 0.0142309, -0.0844345, 1.0)]])
0.0333635, 0.0142309, -0.0844345
float3(0.429686, 0.224906, 2.69656)
513032.672017583
normal
simd_float4x4([[-0.839974, 0.39035, 0.376921, 0.0)], [-0.502892, -0.820922, -0.270532, 0.0)], [0.20382, -0.416791, 0.885857, 0.0)], [0.0357386, 0.0106014, -0.0888464, 1.0)]])
0.0357386, 0.0106014, -0.0888464
float3(0.429912, 0.226147, 2.69773)
513032.772073958
normal
simd_float4x4([[-0.841823, 0.387971, 0.37525, 0.0)], [-0.500505, -0.82136, -0.273611, 0.0)], [0.202062, -0.418146, 0.885621, 0.0)], [0.033643, 0.01135, -0.0882914, 1.0)]])
0.033643, 0.01135, -0.0882914
float3(0.431404, 0.224318, 2.70031)
513032.8721305
normal
simd_float4x4([[-0.844471, 0.386259, 0.371042, 0.0)], [-0.497752, -0.821766, -0.277386, 0.0)], [0.197767, -0.418932, 0.886219, 0.0)], [0.031961, 0.0116089, -0.0877987, 1.0)]])
0.031961, 0.0116089, -0.0877987
float3(0.432268, 0.219561, 2.7022)
513032.972186958
normal
simd_float4x4([[-0.845496, 0.384678, 0.370351, 0.0)], [-0.495808, -0.823073, -0.276994, 0.0)], [0.198272, -0.41782, 0.886631, 0.0)], [0.0367718, 0.0116655, -0.0910201, 1.0)]])
0.0367718, 0.0116655, -0.0910201
float3(0.431045, 0.220005, 2.70439)
513033.072243458
normal
simd_float4x4([[-0.8489, 0.387405, 0.359564, 0.0)], [-0.492956, -0.825731, -0.274159, 0.0)], [0.190692, -0.409982, 0.891937, 0.0)], [0.0360115, 0.0108087, -0.0914161, 1.0)]])
0.0360115, 0.0108087, -0.0914161
float3(0.422435, 0.210625, 2.70291)
513033.172299708
normal
simd_float4x4([[-0.851618, 0.389924, 0.350294, 0.0)], [-0.491067, -0.827223, -0.273048, 0.0)], [0.183303, -0.404551, 0.895957, 0.0)], [0.0377112, 0.0103212, -0.0823102, 1.0)]])
0.0377112, 0.0103212, -0.0823102
float3(0.416487, 0.201805, 2.70111)
513033.272356291
normal
simd_float4x4([[-0.848132, 0.392566, 0.355759, 0.0)], [-0.494474, -0.827626, -0.265577, 0.0)], [0.190179, -0.401157, 0.89605, 0.0)], [0.0365983, 0.01159, -0.084382, 1.0)]])
0.0365983, 0.01159, -0.084382
float3(0.41278, 0.209138, 2.69869)
513033.37241275
normal
simd_float4x4([[-0.841941, 0.395983, 0.366514, 0.0)], [-0.500762, -0.826402, -0.257482, 0.0)], [0.200929, -0.400321, 0.894075, 0.0)], [0.0448386, 0.0191128, -0.101155, 1.0)]])
0.0448386, 0.0191128, -0.101155
float3(0.411867, 0.221061, 2.69475)
513033.472469125
normal
simd_float4x4([[-0.83541, 0.402547, 0.374227, 0.0)], [-0.508771, -0.823976, -0.249431, 0.0)], [0.207947, -0.398773, 0.893162, 0.0)], [0.0402535, 0.020554, -0.0946937, 1.0)]])
0.0402535, 0.020554, -0.0946937
