ARKit Data
1090591.45765521
normal
simd_float4x4([[0.00441617, -0.99485, -0.101257, 0.0)], [-0.998513, -0.00988933, 0.053614, 0.0)], [-0.0543393, 0.10087, -0.993415, 0.0)], [-0.09729, -0.334748, -11.996, 1.0)]])
-0.09729, -0.334748, -11.996
float3(-0.101042, -3.08695, -1.58074)
1090591.79249067
notAvailable
simd_float4x4([[1.0, 0.0, 0.0, 0.0)], [0.0, 1.0, 0.0, 0.0)], [0.0, 0.0, 1.0, 0.0)], [0.0, 0.0, 0.0, 1.0)]])
0.0, 0.0, 0.0
float3(-0.0, 0.0, 0.0)
1090591.89250971
notAvailable
simd_float4x4([[1.0, 0.0, 0.0, 0.0)], [0.0, 1.0, 0.0, 0.0)], [0.0, 0.0, 1.0, 0.0)], [0.0, 0.0, 0.0, 1.0)]])
0.0, 0.0, 0.0
float3(-0.0, 0.0, 0.0)
1090591.99256179
limited(__ObjC.ARCamera.TrackingState.Reason.initializing)
simd_float4x4([[-0.0155733, -0.982261, 0.186873, 0.0)], [0.999877, -0.0149576, 0.00470467, 0.0)], [-0.00182604, 0.186924, 0.982373, 0.0)], [0.0, 0.0, 0.0, 1.0)]])
0.0, 0.0, 0.0
float3(-0.18803, -0.0018588, -1.58602)
1090592.09261396
limited(__ObjC.ARCamera.TrackingState.Reason.initializing)
simd_float4x4([[-0.016476, -0.980653, 0.195057, 0.0)], [0.999856, -0.0153697, 0.00718379, 0.0)], [-0.00404683, 0.195148, 0.980765, 0.0)], [0.0, 0.0, 0.0, 1.0)]])
0.0, 0.0, 0.0
float3(-0.196408, -0.00412617, -1.58647)
1090592.19266625
limited(__ObjC.ARCamera.TrackingState.Reason.initializing)
simd_float4x4([[-0.0149011, -0.982491, 0.18571, 0.0)], [0.999884, -0.0140295, 0.00600691, 0.0)], [-0.00329633, 0.185778, 0.982586, 0.0)], [0.0, 0.0, 0.0, 1.0)]])
0.0, 0.0, 0.0
float3(-0.186864, -0.00335474, -1.58507)
1090592.29271821
limited(__ObjC.ARCamera.TrackingState.Reason.initializing)
simd_float4x4([[-0.0136971, -0.982474, 0.185894, 0.0)], [0.999891, -0.0144705, -0.00280421, 0.0)], [0.00544503, 0.185835, 0.982565, 0.0)], [0.0, 0.0, 0.0, 1.0)]])
0.0, 0.0, 0.0
float3(-0.186922, 0.00554159, -1.58552)
1090592.39277037
limited(__ObjC.ARCamera.TrackingState.Reason.initializing)
simd_float4x4([[-0.0146057, -0.981396, 0.191428, 0.0)], [0.999748, -0.0176004, -0.0139527, 0.0)], [0.0170623, 0.191176, 0.981406, 0.0)], [0.0, 0.0, 0.0, 1.0)]])
0.0, 0.0, 0.0
float3(-0.19236, 0.0173838, -1.58873)
1090592.4928225
limited(__ObjC.ARCamera.TrackingState.Reason.initializing)
simd_float4x4([[-0.0110515, -0.980296, 0.197212, 0.0)], [0.999467, -0.0168886, -0.0279411, 0.0)], [0.0307212, 0.196798, 0.97996, 0.0)], [0.0, 0.0, 0.0, 1.0)]])
0.0, 0.0, 0.0
float3(-0.198091, 0.0313392, -1.58802)
1090592.59287471
limited(__ObjC.ARCamera.TrackingState.Reason.initializing)
simd_float4x4([[-0.00573735, -0.979517, 0.201267, 0.0)], [0.99899, -0.0145849, -0.0425043, 0.0)], [0.0445693, 0.20082, 0.978611, 0.0)], [0.0, 0.0, 0.0, 1.0)]])
0.0, 0.0, 0.0
float3(-0.202195, 0.0455119, -1.58569)
1090592.69292692
limited(__ObjC.ARCamera.TrackingState.Reason.initializing)
simd_float4x4([[0.000165715, -0.979052, 0.203599, 0.0)], [0.998036, -0.0125924, -0.0613669, 0.0)], [0.0626453, 0.203209, 0.977127, 0.0)], [0.0, 0.0, 0.0, 1.0)]])
0.0, 0.0, 0.0
float3(-0.204634, 0.0640241, -1.58366)
1090592.79297896
limited(__ObjC.ARCamera.TrackingState.Reason.initializing)
simd_float4x4([[0.00374597, -0.978565, 0.205891, 0.0)], [0.996658, -0.0131471, -0.0806203, 0.0)], [0.0815993, 0.205505, 0.975245, 0.0)], [0.0, 0.0, 0.0, 1.0)]])
0.0, 0.0, 0.0
float3(-0.20698, 0.0834761, -1.58423)
1090592.89303125
limited(__ObjC.ARCamera.TrackingState.Reason.initializing)
simd_float4x4([[0.00708682, -0.978265, 0.207221, 0.0)], [0.995628, -0.0123971, -0.0925767, 0.0)], [0.0931339, 0.206971, 0.9739, 0.0)], [0.0, 0.0, 0.0, 1.0)]])
0.0, 0.0, 0.0
float3(-0.208478, 0.0953398, -1.58347)
1090592.99308333
limited(__ObjC.ARCamera.TrackingState.Reason.initializing)
simd_float4x4([[0.0113078, -0.977671, 0.209823, 0.0)], [0.995196, -0.00940285, -0.0974475, 0.0)], [0.0972449, 0.209917, 0.972869, 0.0)], [0.0, 0.0, 0.0, 1.0)]])
0.0, 0.0, 0.0
float3(-0.21149, 0.0996259, -1.58041)
1090593.09313538
limited(__ObjC.ARCamera.TrackingState.Reason.initializing)
simd_float4x4([[0.0113187, -0.977376, 0.211197, 0.0)], [0.995706, -0.00839055, -0.0921939, 0.0)], [0.0918804, 0.211333, 0.973084, 0.0)], [0.0, 0.0, 0.0, 1.0)]])
0.0, 0.0, 0.0
float3(-0.212939, 0.0941427, -1.57938)
1090593.19318762
limited(__ObjC.ARCamera.TrackingState.Reason.initializing)
simd_float4x4([[0.00926605, -0.977349, 0.211421, 0.0)], [0.997256, -0.0064964, -0.0737394, 0.0)], [0.0734428, 0.211525, 0.974607, 0.0)], [0.0, 0.0, 0.0, 1.0)]])
0.0, 0.0, 0.0
float3(-0.213134, 0.0752141, -1.57744)
1090593.29323971
limited(__ObjC.ARCamera.TrackingState.Reason.initializing)
simd_float4x4([[0.00661429, -0.9771, 0.212666, 0.0)], [0.998874, -0.00353321, -0.0473009, 0.0)], [0.0469692, 0.212739, 0.975977, 0.0)], [0.0, 0.0, 0.0, 1.0)]])
0.0, 0.0, 0.0
float3(-0.214378, 0.0480882, -1.57441)
1090593.39329183
limited(__ObjC.ARCamera.TrackingState.Reason.initializing)
simd_float4x4([[0.000498734, -0.977183, 0.212387, 0.0)], [0.999898, -0.00254165, -0.0140422, 0.0)], [0.0142617, 0.212372, 0.977082, 0.0)], [0.0, 0.0, 0.0, 1.0)]])
0.0, 0.0, 0.0
float3(-0.214002, 0.0145952, -1.5734)
1090593.49334396
limited(__ObjC.ARCamera.TrackingState.Reason.initializing)
simd_float4x4([[-0.00601246, -0.977128, 0.212559, 0.0)], [0.999756, -0.00135268, 0.0220611, 0.0)], [-0.021269, 0.21264, 0.976897, 0.0)], [0.0, 0.0, 0.0, 1.0)]])
0.0, 0.0, 0.0
float3(-0.214276, -0.0217686, -1.57218)
1090593.59339596
limited(__ObjC.ARCamera.TrackingState.Reason.initializing)
simd_float4x4([[-0.0131986, -0.9767, 0.214198, 0.0)], [0.998336, -0.000846526, 0.0576566, 0.0)], [-0.0561319, 0.214602, 0.975086, 0.0)], [0.0, 0.0, 0.0, 1.0)]])
0.0, 0.0, 0.0
float3(-0.216285, -0.0575027, -1.57166)
1090593.69344825
limited(__ObjC.ARCamera.TrackingState.Reason.initializing)
simd_float4x4([[-0.0216933, -0.976628, 0.213834, 0.0)], [0.995591, -0.00157987, 0.0937867, 0.0)], [-0.091257, 0.214926, 0.972356, 0.0)], [0.0, 0.0, 0.0, 1.0)]])
0.0, 0.0, 0.0
float3(-0.216616, -0.0935773, -1.57241)
1090593.79350046
limited(__ObjC.ARCamera.TrackingState.Reason.initializing)
simd_float4x4([[-0.0293875, -0.976283, 0.214493, 0.0)], [0.991379, -0.00105616, 0.131021, 0.0)], [-0.127687, 0.216495, 0.967897, 0.0)], [0.0, 0.0, 0.0, 1.0)]])
0.0, 0.0, 0.0
float3(-0.218223, -0.131165, -1.57188)
1090593.89355263
limited(__ObjC.ARCamera.TrackingState.Reason.initializing)
simd_float4x4([[-0.0371202, -0.976266, 0.213369, 0.0)], [0.985857, -0.000858404, 0.167584, 0.0)], [-0.163424, 0.216572, 0.962491, 0.0)], [0.0, 0.0, 0.0, 1.0)]])
0.0, 0.0, 0.0
float3(-0.218302, -0.168188, -1.57168)
1090593.99360467
limited(__ObjC.ARCamera.TrackingState.Reason.initializing)
simd_float4x4([[-0.0431917, -0.976328, 0.211937, 0.0)], [0.980205, -0.000385776, 0.197984, 0.0)], [-0.193216, 0.216293, 0.957018, 0.0)], [0.0, 0.0, 0.0, 1.0)]])
0.0, 0.0, 0.0
float3(-0.218016, -0.199216, -1.57119)
1090594.09365692
limited(__ObjC.ARCamera.TrackingState.Reason.initializing)
simd_float4x4([[-0.04998, -0.976105, 0.211472, 0.0)], [0.975696, -0.00248821, 0.219115, 0.0)], [-0.213353, 0.217284, 0.952506, 0.0)], [0.0, 0.0, 0.0, 1.0)]])
0.0, 0.0, 0.0
float3(-0.219031, -0.220354, -1.57335)
1090594.193709
limited(__ObjC.ARCamera.TrackingState.Reason.initializing)
simd_float4x4([[-0.0547218, -0.975583, 0.212702, 0.0)], [0.97358, -0.00483593, 0.228293, 0.0)], [-0.22169, 0.219575, 0.950073, 0.0)], [0.0, 0.0, 0.0, 1.0)]])
0.0, 0.0, 0.0
float3(-0.221379, -0.229238, -1.57575)
1090594.29376108
limited(__ObjC.ARCamera.TrackingState.Reason.initializing)
simd_float4x4([[-0.0568843, -0.974933, 0.215101, 0.0)], [0.973806, -0.00667267, 0.227284, 0.0)], [-0.220152, 0.222395, 0.949775, 0.0)], [0.0, 0.0, 0.0, 1.0)]])
0.0, 0.0, 0.0
float3(-0.22427, -0.227771, -1.57764)
1090594.39381337
limited(__ObjC.ARCamera.TrackingState.Reason.initializing)
simd_float4x4([[-0.056899, -0.974547, 0.216839, 0.0)], [0.977717, -0.0104327, 0.209668, 0.0)], [-0.202069, 0.223937, 0.953424, 0.0)], [0.0, 0.0, 0.0, 1.0)]])
0.0, 0.0, 0.0
float3(-0.225852, -0.20885, -1.5815)
1090594.4938655
limited(__ObjC.ARCamera.TrackingState.Reason.initializing)
simd_float4x4([[-0.0550966, -0.974742, 0.216426, 0.0)], [0.982948, -0.0148653, 0.183284, 0.0)], [-0.175437, 0.222834, 0.95894, 0.0)], [0.0, 0.0, 0.0, 1.0)]])
0.0, 0.0, 0.0
float3(-0.22472, -0.180948, -1.58605)
1090594.59391771
limited(__ObjC.ARCamera.TrackingState.Reason.initializing)
simd_float4x4([[-0.0473052, -0.974647, 0.218688, 0.0)], [0.988716, -0.0145352, 0.149093, 0.0)], [-0.142134, 0.223273, 0.964337, 0.0)], [0.0, 0.0, 0.0, 1.0)]])
0.0, 0.0, 0.0
float3(-0.225171, -0.146337, -1.58571)
1090594.69396979
limited(__ObjC.ARCamera.TrackingState.Reason.initializing)
simd_float4x4([[-0.0395797, -0.975195, 0.217779, 0.0)], [0.993787, -0.0157289, 0.110181, 0.0)], [-0.104022, 0.220787, 0.969759, 0.0)], [0.0, 0.0, 0.0, 1.0)]])
0.0, 0.0, 0.0
float3(-0.222621, -0.106858, -1.58692)
1090594.79402192
limited(__ObjC.ARCamera.TrackingState.Reason.initializing)
simd_float4x4([[-0.0283179, -0.975622, 0.217621, 0.0)], [0.997455, -0.0133294, 0.0700363, 0.0)], [-0.0654283, 0.21905, 0.973517, 0.0)], [0.0, 0.0, 0.0, 1.0)]])
0.0, 0.0, 0.0
float3(-0.220841, -0.0671072, -1.58446)
1090594.89407425
limited(__ObjC.ARCamera.TrackingState.Reason.initializing)
simd_float4x4([[-0.0222187, -0.975765, 0.217689, 0.0)], [0.999418, -0.0160376, 0.0301199, 0.0)], [-0.0258987, 0.218231, 0.975553, 0.0)], [0.0, 0.0, 0.0, 1.0)]])
0.0, 0.0, 0.0
float3(-0.220002, -0.0265415, -1.58723)
1090594.99412617
limited(__ObjC.ARCamera.TrackingState.Reason.initializing)
simd_float4x4([[-0.0142396, -0.976281, 0.21604, 0.0)], [0.99984, -0.0162508, -0.00753563, 0.0)], [0.0108677, 0.215898, 0.976356, 0.0)], [0.0, 0.0, 0.0, 1.0)]])
0.0, 0.0, 0.0
float3(-0.217611, 0.0111304, -1.58744)
1090595.0941785
limited(__ObjC.ARCamera.TrackingState.Reason.initializing)
simd_float4x4([[-0.00674333, -0.97676, 0.21423, 0.0)], [0.99906, -0.0157524, -0.0403739, 0.0)], [0.0428102, 0.213757, 0.975948, 0.0)], [0.0, 0.0, 0.0, 1.0)]])
0.0, 0.0, 0.0
float3(-0.215419, 0.0438372, -1.58692)
1090595.19423054
limited(__ObjC.ARCamera.TrackingState.Reason.initializing)
simd_float4x4([[-0.00268491, -0.977215, 0.212237, 0.0)], [0.99703, -0.0189506, -0.0746426, 0.0)], [0.0769638, 0.211406, 0.974364, 0.0)], [0.0, 0.0, 0.0, 1.0)]])
0.0, 0.0, 0.0
float3(-0.213013, 0.0788252, -1.59019)
1090595.29428292
limited(__ObjC.ARCamera.TrackingState.Reason.initializing)
simd_float4x4([[0.00239376, -0.977445, 0.211174, 0.0)], [0.994425, -0.019936, -0.103548, 0.0)], [0.105423, 0.210245, 0.971948, 0.0)], [0.0, 0.0, 0.0, 1.0)]])
0.0, 0.0, 0.0
float3(-0.211825, 0.108043, -1.59119)
1090595.39433488
limited(__ObjC.ARCamera.TrackingState.Reason.initializing)
simd_float4x4([[0.00756267, -0.97778, 0.209496, 0.0)], [0.991753, -0.0194699, -0.126674, 0.0)], [0.127938, 0.208726, 0.96957, 0.0)], [0.0, 0.0, 0.0, 1.0)]])
0.0, 0.0, 0.0
float3(-0.210272, 0.131195, -1.59071)
1090595.49438696
limited(__ObjC.ARCamera.TrackingState.Reason.initializing)
simd_float4x4([[0.0125724, -0.977937, 0.208516, 0.0)], [0.989736, -0.0175164, -0.141829, 0.0)], [0.142352, 0.208159, 0.96768, 0.0)], [0.0, 0.0, 0.0, 1.0)]])
0.0, 0.0, 0.0
float3(-0.209692, 0.146059, -1.58871)
1090595.59443925
limited(__ObjC.ARCamera.TrackingState.Reason.initializing)
simd_float4x4([[0.0154129, -0.977171, 0.21189, 0.0)], [0.989541, -0.01549, -0.143415, 0.0)], [0.143423, 0.211885, 0.966713, 0.0)], [0.0, 0.0, 0.0, 1.0)]])
0.0, 0.0, 0.0
float3(-0.213503, 0.147287, -1.58665)
1090595.69449142
normal
simd_float4x4([[0.0184926, -0.975875, 0.217547, 0.0)], [0.990709, -0.0114366, -0.135518, 0.0)], [0.134736, 0.218032, 0.966596, 0.0)], [0.00358645, -0.000925311, 0.0014431, 1.0)]])
0.00358645, -0.000925311, 0.0014431
float3(-0.219797, 0.1385, -1.58252)
1090595.79454363
normal
simd_float4x4([[0.0171254, -0.972324, 0.233009, 0.0)], [0.992934, -0.0108317, -0.118177, 0.0)], [0.11743, 0.233386, 0.965267, 0.0)], [0.00825921, -0.00478175, 0.00203526, 1.0)]])
0.00825921, -0.00478175, 0.00203526
float3(-0.235559, 0.121061, -1.58194)
1090595.89459583
normal
simd_float4x4([[0.0152171, -0.967366, 0.252925, 0.0)], [0.995261, -0.00964241, -0.0967585, 0.0)], [0.0960397, 0.253199, 0.962635, 0.0)], [0.014735, -0.00937327, -0.00151866, 1.0)]])
0.014735, -0.00937327, -0.00151866
float3(-0.255986, 0.0994385, -1.58076)
1090595.99464804
normal
simd_float4x4([[0.0118914, -0.961508, 0.274519, 0.0)], [0.997343, -0.00833021, -0.0723788, 0.0)], [0.0718796, 0.27465, 0.958854, 0.0)], [0.0213936, -0.0156142, -0.00661566, 1.0)]])
0.0213936, -0.0156142, -0.00661566
float3(-0.278226, 0.0748241, -1.57946)
1090596.09470025
normal
simd_float4x4([[0.00987471, -0.956582, 0.291297, 0.0)], [0.998643, -0.00546468, -0.0517985, 0.0)], [0.0511413, 0.291413, 0.95523, 0.0)], [0.0274477, -0.0215422, -0.00831469, 1.0)]])
0.0274477, -0.0215422, -0.00831469
float3(-0.295703, 0.0534872, -1.57651)
1090596.19475221
normal
simd_float4x4([[0.00432671, -0.955894, 0.293679, 0.0)], [0.999349, -0.00638709, -0.0355126, 0.0)], [0.035822, 0.293641, 0.955244, 0.0)], [0.0356156, -0.0239257, -0.00945861, 1.0)]])
0.0356156, -0.0239257, -0.00945861
float3(-0.298033, 0.0374828, -1.57748)
1090596.29480458
normal
simd_float4x4([[0.000816319, -0.957813, 0.28739, 0.0)], [0.9997, -0.00625939, -0.0237009, 0.0)], [0.0244999, 0.287323, 0.95752, 0.0)], [0.0419978, -0.0241951, -0.00944725, 1.0)]])
0.0419978, -0.0241951, -0.00944725
float3(-0.291431, 0.0255813, -1.57733)
1090596.39485667
normal
simd_float4x4([[-0.00268331, -0.959848, 0.280508, 0.0)], [0.999827, -0.00774451, -0.0169361, 0.0)], [0.0184285, 0.280414, 0.959702, 0.0)], [0.0486356, -0.0232524, -0.01039, 1.0)]])
0.0486356, -0.0232524, -0.01039
float3(-0.284226, 0.0191999, -1.57886)
1090596.49490883
normal
simd_float4x4([[-0.00745555, -0.961466, 0.274823, 0.0)], [0.999826, -0.0118641, -0.0143827, 0.0)], [0.017089, 0.274668, 0.961388, 0.0)], [0.055589, -0.0212185, -0.0100153, 1.0)]])
0.055589, -0.0212185, -0.0100153
float3(-0.278244, 0.0177735, -1.58314)
1090596.59496092
normal
simd_float4x4([[-0.00942446, -0.962079, 0.272607, 0.0)], [0.999799, -0.0138987, -0.0144863, 0.0)], [0.0177259, 0.272416, 0.962017, 0.0)], [0.0658428, -0.020555, -0.012666, 1.0)]])
0.0658428, -0.020555, -0.012666
float3(-0.275903, 0.0184237, -1.58524)
1090596.69501304
normal
simd_float4x4([[-0.00876845, -0.962891, 0.269747, 0.0)], [0.999742, -0.014096, -0.0178193, 0.0)], [0.0209604, 0.269521, 0.962766, 0.0)], [0.0782123, -0.019997, -0.0183594, 1.0)]])
0.0782123, -0.019997, -0.0183594
float3(-0.272896, 0.0217676, -1.58543)
1090596.79506533
normal
simd_float4x4([[-0.00311715, -0.963979, 0.265959, 0.0)], [0.999596, -0.0105192, -0.0264116, 0.0)], [0.0282579, 0.265769, 0.963623, 0.0)], [0.0916513, -0.0195746, -0.0234253, 1.0)]])
0.0916513, -0.0195746, -0.0234253
float3(-0.269002, 0.0293163, -1.58171)
1090596.8951175
normal
simd_float4x4([[0.00508919, -0.967852, 0.251468, 0.0)], [0.999154, -0.00533963, -0.0407721, 0.0)], [0.0408041, 0.251462, 0.967007, 0.0)], [0.105895, -0.0169893, -0.0282874, 1.0)]])
0.105895, -0.0169893, -0.0282874
float3(-0.254191, 0.0421713, -1.57631)
1090596.99516979
normal
simd_float4x4([[0.0180362, -0.970342, 0.241061, 0.0)], [0.998586, 0.00542126, -0.0528922, 0.0)], [0.0500167, 0.241674, 0.969068, 0.0)], [0.115637, -0.0161223, -0.0387292, 1.0)]])
0.115637, -0.0161223, -0.0387292
float3(-0.24409, 0.0515675, -1.56521)
1090597.09522183
normal
simd_float4x4([[0.0182333, -0.967948, 0.250486, 0.0)], [0.998152, 0.00309865, -0.0606829, 0.0)], [0.0579617, 0.25113, 0.966217, 0.0)], [0.124949, -0.0176424, -0.0580842, 1.0)]])
0.124949, -0.0176424, -0.0580842
float3(-0.253848, 0.0599165, -1.5676)
1090597.19527417
normal
simd_float4x4([[0.0153348, -0.968751, 0.247562, 0.0)], [0.998156, 0.000286644, -0.0607076, 0.0)], [0.0587396, 0.248036, 0.966969, 0.0)], [0.131717, -0.0183055, -0.0878716, 1.0)]])
0.131717, -0.0183055, -0.0878716
float3(-0.250652, 0.0606716, -1.5705)
1090597.29532625
normal
simd_float4x4([[0.0168666, -0.968465, 0.248578, 0.0)], [0.998208, 0.00203385, -0.0598067, 0.0)], [0.0574152, 0.249141, 0.966764, 0.0)], [0.130124, -0.0262163, -0.13077, 1.0)]])
0.130124, -0.0262163, -0.13077
float3(-0.251793, 0.0593193, -1.5687)
1090597.39537842
normal
simd_float4x4([[0.0217059, -0.968973, 0.246213, 0.0)], [0.998479, 0.00852614, -0.0544704, 0.0)], [0.0506811, 0.24702, 0.967684, 0.0)], [0.123775, -0.0370258, -0.188053, 1.0)]])
0.123775, -0.0370258, -0.188053
float3(-0.249604, 0.0523258, -1.562)
1090597.49543063
normal
simd_float4x4([[0.0249038, -0.970784, 0.23866, 0.0)], [0.998865, 0.0144663, -0.0453863, 0.0)], [0.0406078, 0.239519, 0.970042, 0.0)], [0.114778, -0.0464166, -0.256674, 1.0)]])
0.114778, -0.0464166, -0.256674
float3(-0.24187, 0.0418374, -1.5559)
1090597.59548283
normal
simd_float4x4([[0.0114996, -0.971395, 0.237189, 0.0)], [0.998519, -0.00145712, -0.0543787, 0.0)], [0.0531688, 0.237463, 0.96994, 0.0)], [0.105448, -0.0512497, -0.337096, 1.0)]])
0.105448, -0.0512497, -0.337096
float3(-0.239754, 0.0547617, -1.5723)
1090597.69553504
normal
simd_float4x4([[-0.00562356, -0.973163, 0.230047, 0.0)], [0.99928, -0.0141033, -0.0352334, 0.0)], [0.0375323, 0.229683, 0.972542, 0.0)], [0.0931095, -0.0420442, -0.416854, 1.0)]])
0.0931095, -0.0420442, -0.416854
float3(-0.231752, 0.0385728, -1.58529)
1090597.79558713
normal
simd_float4x4([[-0.0380586, -0.977836, 0.205884, 0.0)], [0.998968, -0.0423395, -0.0164258, 0.0)], [0.0247788, 0.205046, 0.978439, 0.0)], [0.0895966, -0.027543, -0.488931, 1.0)]])
0.0895966, -0.027543, -0.488931
float3(-0.206511, 0.0253194, -1.61407)
1090597.89563925
normal
simd_float4x4([[-0.0360012, -0.975086, 0.218886, 0.0)], [0.999196, -0.0389907, -0.00935214, 0.0)], [0.0176537, 0.218373, 0.975706, 0.0)], [0.0819785, -0.0185902, -0.568847, 1.0)]])
0.0819785, -0.0185902, -0.568847
float3(-0.220147, 0.0180912, -1.61076)
1090597.99569162
normal
simd_float4x4([[-0.0426082, -0.97643, 0.211585, 0.0)], [0.998948, -0.0452318, -0.0075729, 0.0)], [0.0169648, 0.211039, 0.97733, 0.0)], [0.0809199, -0.0140779, -0.642452, 1.0)]])
0.0809199, -0.0140779, -0.642452
float3(-0.212638, 0.0173565, -1.61709)
1090598.09574358
normal
simd_float4x4([[-0.0476984, -0.976959, 0.208028, 0.0)], [0.998502, -0.0522234, -0.0163113, 0.0)], [0.0267994, 0.206938, 0.977987, 0.0)], [0.0843655, -0.0217693, -0.720191, 1.0)]])
0.0843655, -0.0217693, -0.720191
float3(-0.208444, 0.0273958, -1.6242)
1090598.19579592
normal
simd_float4x4([[-0.0368705, -0.97821, 0.204318, 0.0)], [0.998808, -0.0426184, -0.0238018, 0.0)], [0.0319908, 0.203197, 0.978615, 0.0)], [0.0891169, -0.0290624, -0.804885, 1.0)]])
0.0891169, -0.0290624, -0.804885
float3(-0.204622, 0.0326783, -1.61434)
1090598.29584812
normal
simd_float4x4([[-0.0279905, -0.980452, 0.194756, 0.0)], [0.999115, -0.033559, -0.0253513, 0.0)], [0.0313915, 0.193874, 0.980524, 0.0)], [0.0993672, -0.0301038, -0.896289, 1.0)]])
0.0993672, -0.0301038, -0.896289
float3(-0.195109, 0.0320041, -1.60501)
1090598.39590025
normal
simd_float4x4([[-0.0154819, -0.982123, 0.187601, 0.0)], [0.999203, -0.0220986, -0.0332298, 0.0)], [0.0367814, 0.186937, 0.981683, 0.0)], [0.112904, -0.0204915, -0.989853, 1.0)]])
0.112904, -0.0204915, -0.989853
float3(-0.188044, 0.0374502, -1.59329)
1090598.49595246
normal
simd_float4x4([[0.00791673, -0.981327, 0.192186, 0.0)], [0.99868, -0.00199706, -0.051336, 0.0)], [0.0507612, 0.192338, 0.980015, 0.0)], [0.116773, -0.0117262, -1.07815, 1.0)]])
0.116773, -0.0117262, -1.07815
float3(-0.193544, 0.0517501, -1.57283)
1090598.59600471
normal
simd_float4x4([[0.00979197, -0.977544, 0.210505, 0.0)], [0.998246, -0.00273506, -0.059136, 0.0)], [0.0583838, 0.210715, 0.975803, 0.0)], [0.121807, -0.00907426, -1.16663, 1.0)]])
0.121807, -0.00907426, -1.16663
float3(-0.212306, 0.0597603, -1.57359)
1090598.69605696
normal
simd_float4x4([[0.0271173, -0.976946, 0.211757, 0.0)], [0.997876, 0.0139044, -0.0636384, 0.0)], [0.0592269, 0.213033, 0.975248, 0.0)], [0.119843, -0.00900709, -1.24791, 1.0)]])
0.119843, -0.00900709, -1.24791
float3(-0.214678, 0.0606556, -1.55656)
1090598.79610883
normal
simd_float4x4([[0.0216814, -0.980512, 0.195257, 0.0)], [0.998473, 0.0113118, -0.054067, 0.0)], [0.0508046, 0.196131, 0.979261, 0.0)], [0.119003, -0.0151804, -1.33424, 1.0)]])
0.119003, -0.0151804, -1.33424
float3(-0.19741, 0.0518341, -1.55926)
1090598.89616125
normal
simd_float4x4([[0.00571893, -0.984998, 0.172471, 0.0)], [0.998992, -0.00205031, -0.0448349, 0.0)], [0.044516, 0.172553, 0.983994, 0.0)], [0.113283, -0.0244446, -1.42643, 1.0)]])
0.113283, -0.0244446, -1.42643
float3(-0.173421, 0.0452092, -1.57288)
1090598.9962135
normal
simd_float4x4([[0.00879894, -0.98639, 0.164185, 0.0)], [0.99954, 0.00391021, -0.0300752, 0.0)], [0.0290239, 0.164374, 0.985971, 0.0)], [0.0975038, -0.0268059, -1.52139, 1.0)]])
0.0975038, -0.0268059, -1.52139
float3(-0.165124, 0.0294284, -1.56683)
1090599.09626571
normal
simd_float4x4([[-0.0120185, -0.984377, 0.175662, 0.0)], [0.999762, -0.0150327, -0.0158387, 0.0)], [0.0182319, 0.175429, 0.984323, 0.0)], [0.0853582, -0.019262, -1.615, 1.0)]])
0.0853582, -0.019262, -1.615
float3(-0.176342, 0.0185201, -1.58607)
1090599.19631779
normal
simd_float4x4([[-0.0151643, -0.977555, 0.210133, 0.0)], [0.999638, -0.019495, -0.0185535, 0.0)], [0.0222336, 0.209776, 0.977497, 0.0)], [0.0751579, -0.0138153, -1.70426, 1.0)]])
0.0751579, -0.0138153, -1.70426
float3(-0.211345, 0.0227415, -1.59074)
1090599.29636992
normal
simd_float4x4([[-0.0298192, -0.976504, 0.213426, 0.0)], [0.99942, -0.032642, -0.00971365, 0.0)], [0.0164521, 0.213013, 0.976911, 0.0)], [0.0696479, -0.00896723, -1.78073, 1.0)]])
0.0696479, -0.00896723, -1.78073
float3(-0.214657, 0.0168393, -1.60421)
1090599.39642229
normal
simd_float4x4([[-0.0382187, -0.976409, 0.21252, 0.0)], [0.999011, -0.0421735, -0.0141057, 0.0)], [0.0227357, 0.21177, 0.977055, 0.0)], [0.0681186, -0.0153212, -1.85686, 1.0)]])
0.0681186, -0.0153212, -1.85686
float3(-0.213386, 0.0232654, -1.61396)
1090599.49647438
normal
simd_float4x4([[-0.0288899, -0.978306, 0.205142, 0.0)], [0.999229, -0.0337211, -0.0200928, 0.0)], [0.0265745, 0.204404, 0.978526, 0.0)], [0.0632162, -0.0277524, -1.94575, 1.0)]])
0.0632162, -0.0277524, -1.94575
float3(-0.205855, 0.0271511, -1.60525)
1090599.59652658
normal
simd_float4x4([[-0.0341949, -0.98101, 0.190918, 0.0)], [0.99866, -0.0409652, -0.031627, 0.0)], [0.0388474, 0.189581, 0.981096, 0.0)], [0.0686761, -0.0353631, -2.04053, 1.0)]])
0.0686761, -0.0353631, -2.04053
float3(-0.190735, 0.0395752, -1.61253)
1090599.69657875
normal
simd_float4x4([[-0.0261287, -0.986403, 0.162251, 0.0)], [0.997752, -0.0357521, -0.0566781, 0.0)], [0.0617083, 0.160406, 0.985121, 0.0)], [0.0741078, -0.0312416, -2.12566, 1.0)]])
0.0741078, -0.0312416, -2.12566
float3(-0.161101, 0.0625586, -1.60703)
1090599.79663096
normal
simd_float4x4([[0.00358072, -0.980486, 0.196555, 0.0)], [0.997491, -0.0103949, -0.0700251, 0.0)], [0.0707018, 0.196312, 0.977989, 0.0)], [0.0724917, -0.0239822, -2.22068, 1.0)]])
0.0724917, -0.0239822, -2.22068
float3(-0.197596, 0.0721675, -1.5814)
1090599.89668313
normal
simd_float4x4([[-0.00824682, -0.976411, 0.215762, 0.0)], [0.997466, -0.0232794, -0.0672239, 0.0)], [0.070661, 0.214661, 0.974129, 0.0)], [0.0751442, -0.0172621, -2.29689, 1.0)]])
0.0751442, -0.0172621, -2.29689
float3(-0.216344, 0.0724107, -1.59463)
1090599.99673537
normal
simd_float4x4([[0.0157474, -0.976541, 0.214757, 0.0)], [0.997236, -0.000257304, -0.0742941, 0.0)], [0.0726064, 0.215334, 0.973838, 0.0)], [0.0731973, -0.0168851, -2.37101, 1.0)]])
0.0731973, -0.0168851, -2.37101
float3(-0.217034, 0.0744193, -1.57106)
1090600.09678771
normal
simd_float4x4([[0.0324598, -0.975767, 0.216393, 0.0)], [0.997616, 0.0184369, -0.0665103, 0.0)], [0.0609089, 0.218036, 0.974038, 0.0)], [0.0682133, -0.0279555, -2.45138, 1.0)]])
0.0682133, -0.0279555, -2.45138
float3(-0.219801, 0.062451, -1.5519)
1090600.19683975
normal
simd_float4x4([[0.0207188, -0.979062, 0.202506, 0.0)], [0.998209, 0.00888663, -0.0591642, 0.0)], [0.0561258, 0.203369, 0.977492, 0.0)], [0.0672224, -0.0405947, -2.54231, 1.0)]])
0.0672224, -0.0405947, -2.54231
float3(-0.204798, 0.0573552, -1.56172)
1090600.29689212
normal
simd_float4x4([[0.0209353, -0.981002, 0.192864, 0.0)], [0.998142, 0.00946856, -0.0601861, 0.0)], [0.0572165, 0.193766, 0.979378, 0.0)], [0.0579811, -0.0463773, -2.63845, 1.0)]])
0.0579811, -0.0463773, -2.63845
float3(-0.194999, 0.058355, -1.56114)
1090600.39694412
normal
simd_float4x4([[0.000224044, -0.979182, 0.202984, 0.0)], [0.99784, -0.0131166, -0.0643753, 0.0)], [0.0656975, 0.20256, 0.977064, 0.0)], [0.0527295, -0.0400911, -2.73924, 1.0)]])
0.0527295, -0.0400911, -2.73924
float3(-0.203971, 0.0671387, -1.58419)
1090600.49699642
normal
simd_float4x4([[-0.0162774, -0.971793, 0.235275, 0.0)], [0.998148, -0.0295875, -0.0531536, 0.0)], [0.0586154, 0.233974, 0.970475, 0.0)], [0.0487308, -0.031748, -2.8312, 1.0)]])
0.0487308, -0.031748, -2.8312
float3(-0.236163, 0.0603254, -1.60123)
1090600.59704867
normal
simd_float4x4([[-0.0123224, -0.968709, 0.247894, 0.0)], [0.999063, -0.0222146, -0.0371474, 0.0)], [0.0414919, 0.247204, 0.968075, 0.0)], [0.0439477, -0.0227813, -2.90826, 1.0)]])
0.0439477, -0.0227813, -2.90826
float3(-0.249793, 0.042834, -1.59372)
1090600.69710079
normal
simd_float4x4([[-0.0298282, -0.971224, 0.236291, 0.0)], [0.998592, -0.039328, -0.0355923, 0.0)], [0.043861, 0.234896, 0.97103, 0.0)], [0.0478494, -0.0284717, -2.98696, 1.0)]])
0.0478494, -0.0284717, -2.98696
float3(-0.237112, 0.0451388, -1.61127)
1090600.79715313
normal
simd_float4x4([[-0.0290926, -0.972629, 0.230535, 0.0)], [0.998262, -0.040096, -0.0431886, 0.0)], [0.05125, 0.228878, 0.972105, 0.0)], [0.0485913, -0.043509, -3.08143, 1.0)]])
0.0485913, -0.043509, -3.08143
float3(-0.230925, 0.0526719, -1.612)
1090600.89720517
normal
simd_float4x4([[-0.0211113, -0.975626, 0.218424, 0.0)], [0.998577, -0.0312774, -0.0431904, 0.0)], [0.0489694, 0.217201, 0.974898, 0.0)], [0.053238, -0.0511915, -3.17292, 1.0)]])
0.053238, -0.0511915, -3.17292
float3(-0.218946, 0.0501881, -1.60284)
1090600.99725737
normal
simd_float4x4([[-0.00826122, -0.97874, 0.204937, 0.0)], [0.998272, -0.0199976, -0.0552633, 0.0)], [0.0581866, 0.204126, 0.977214, 0.0)], [0.0610551, -0.0461374, -3.26714, 1.0)]])
0.0610551, -0.0461374, -3.26714
float3(-0.205571, 0.0594732, -1.59123)
1090601.09730975
normal
simd_float4x4([[0.00581354, -0.975895, 0.218163, 0.0)], [0.997848, -0.00858777, -0.0650055, 0.0)], [0.0653121, 0.218071, 0.973745, 0.0)], [0.0625656, -0.0349334, -3.36891, 1.0)]])
0.0625656, -0.0349334, -3.36891
float3(-0.219838, 0.0669727, -1.5796)
1090601.19736188
normal
simd_float4x4([[0.0132926, -0.971678, 0.235936, 0.0)], [0.998313, -0.000440027, -0.058057, 0.0)], [0.0565165, 0.236309, 0.970033, 0.0)], [0.0626326, -0.0272591, -3.45856, 1.0)]])
0.0626326, -0.0272591, -3.45856
float3(-0.238566, 0.0581966, -1.57125)
1090601.29741412
normal
simd_float4x4([[0.0336623, -0.97008, 0.240441, 0.0)], [0.997506, 0.017676, -0.0683377, 0.0)], [0.062043, 0.242142, 0.968255, 0.0)], [0.0596865, -0.0284956, -3.5446, 1.0)]])
0.0596865, -0.0284956, -3.5446
float3(-0.244573, 0.0639896, -1.55258)
1090601.39746625
normal
simd_float4x4([[0.0400313, -0.971436, 0.233903, 0.0)], [0.997778, 0.026385, -0.0611835, 0.0)], [0.0532643, 0.235832, 0.970333, 0.0)], [0.0538821, -0.0381816, -3.63673, 1.0)]])
0.0538821, -0.0381816, -3.63673
float3(-0.238075, 0.0548378, -1.54364)
1090601.49751867
normal
simd_float4x4([[0.0256148, -0.976868, 0.212304, 0.0)], [0.998383, 0.0142183, -0.0550342, 0.0)], [0.0507425, 0.213371, 0.975653, 0.0)], [0.04842, -0.0494585, -3.73694, 1.0)]])
0.04842, -0.0494585, -3.73694
float3(-0.215024, 0.051962, -1.55624)
1090601.59757075
normal
simd_float4x4([[0.0229239, -0.981902, 0.187996, 0.0)], [0.998844, 0.0145468, -0.0458192, 0.0)], [0.0422552, 0.188829, 0.981101, 0.0)], [0.0378344, -0.0511565, -3.83087, 1.0)]])
0.0378344, -0.0511565, -3.83087
float3(-0.189969, 0.0430426, -1.55598)
1090601.69762292
normal
simd_float4x4([[-0.000650332, -0.983448, 0.181187, 0.0)], [0.999214, -0.00782242, -0.0388722, 0.0)], [0.0396462, 0.181019, 0.98268, 0.0)], [0.0287814, -0.0424993, -3.92251, 1.0)]])
0.0287814, -0.0424993, -3.92251
float3(-0.182022, 0.0403231, -1.57875)
1090601.79767513
normal
simd_float4x4([[-0.00930153, -0.978472, 0.206169, 0.0)], [0.99905, -0.0178713, -0.0397436, 0.0)], [0.0425725, 0.205603, 0.977709, 0.0)], [0.0228443, -0.0356699, -4.00932, 1.0)]])
0.0228443, -0.0356699, -4.00932
float3(-0.20708, 0.0435157, -1.58906)
1090601.89772742
normal
simd_float4x4([[-0.0187993, -0.976355, 0.215354, 0.0)], [0.999275, -0.0254789, -0.0282823, 0.0)], [0.0331006, 0.214666, 0.976126, 0.0)], [0.0188908, -0.0321245, -4.08447, 1.0)]])
0.0188908, -0.0321245, -4.08447
float3(-0.21635, 0.0338971, -1.59689)
1090601.99777979
normal
simd_float4x4([[-0.0320583, -0.977414, 0.208888, 0.0)], [0.998457, -0.040801, -0.037679, 0.0)], [0.0453508, 0.207358, 0.977214, 0.0)], [0.0214112, -0.0429724, -4.16239, 1.0)]])
0.0214112, -0.0429724, -4.16239
float3(-0.208873, 0.0463751, -1.61252)
1090602.09783179
normal
simd_float4x4([[-0.0295116, -0.979436, 0.199585, 0.0)], [0.997862, -0.0405169, -0.0512829, 0.0)], [0.0583149, 0.197645, 0.978538, 0.0)], [0.024042, -0.0564533, -4.25134, 1.0)]])
0.024042, -0.0564533, -4.25134
float3(-0.198955, 0.0595235, -1.61214)
1090602.19788412
normal
simd_float4x4([[-0.0143151, -0.980508, 0.195958, 0.0)], [0.997359, -0.0279596, -0.067042, 0.0)], [0.0712141, 0.19448, 0.978318, 0.0)], [0.0334119, -0.0666877, -4.34456, 1.0)]])
0.0334119, -0.0666877, -4.34456
float3(-0.195728, 0.0726643, -1.5993)
1090602.29793629
normal
simd_float4x4([[0.00650015, -0.973202, 0.229859, 0.0)], [0.997255, -0.0106451, -0.0732716, 0.0)], [0.073755, 0.229704, 0.970462, 0.0)], [0.0416272, -0.064989, -4.44717, 1.0)]])
0.0416272, -0.064989, -4.44717
float3(-0.231774, 0.075854, -1.58173)
1090602.39798842
normal
simd_float4x4([[0.0170419, -0.966497, 0.256113, 0.0)], [0.996518, -0.0044923, -0.0832615, 0.0)], [0.0816225, 0.25664, 0.963055, 0.0)], [0.0475704, -0.0524701, -4.54334, 1.0)]])
0.0475704, -0.0524701, -4.54334
float3(-0.259544, 0.0845517, -1.57544)
1090602.49804087
normal
simd_float4x4([[0.0234668, -0.967453, 0.251961, 0.0)], [0.99503, -0.00179491, -0.0995655, 0.0)], [0.0967772, 0.253045, 0.962602, 0.0)], [0.0490673, -0.045923, -4.62777, 1.0)]])
0.0490673, -0.045923, -4.62777
float3(-0.255827, 0.1002, -1.57265)
1090602.59809296
normal
simd_float4x4([[0.0510153, -0.965121, 0.256785, 0.0)], [0.993849, 0.0237545, -0.108166, 0.0)], [0.0982937, 0.260723, 0.960397, 0.0)], [0.0479775, -0.0512715, -4.71851, 1.0)]])
0.0479775, -0.0512715, -4.71851
float3(-0.263772, 0.101992, -1.54619)
1090602.69814529
normal
simd_float4x4([[0.0473172, -0.969108, 0.242055, 0.0)], [0.994614, 0.0233377, -0.100992, 0.0)], [0.0922229, 0.24553, 0.964992, 0.0)], [0.0473577, -0.0611469, -4.8078, 1.0)]])
0.0473577, -0.0611469, -4.8078
float3(-0.248066, 0.0952792, -1.54672)
1090602.79819737
normal
simd_float4x4([[0.0315927, -0.972133, 0.232292, 0.0)], [0.996418, 0.0123934, -0.0836514, 0.0)], [0.0784414, 0.234103, 0.969042, 0.0)], [0.0453118, -0.0697171, -4.90335, 1.0)]])
0.0453118, -0.0697171, -4.90335
float3(-0.236295, 0.0807712, -1.55805)
1090602.89824958
normal
simd_float4x4([[0.0256444, -0.976538, 0.213812, 0.0)], [0.997988, 0.0126025, -0.0621385, 0.0)], [0.0579861, 0.214975, 0.974897, 0.0)], [0.0411686, -0.0635747, -4.9921, 1.0)]])
0.0411686, -0.0635747, -4.9921
float3(-0.216666, 0.0594092, -1.55789)
1090602.99830192
normal
simd_float4x4([[0.00500806, -0.974729, 0.223335, 0.0)], [0.998727, -0.00633538, -0.0500459, 0.0)], [0.0501961, 0.223301, 0.973456, 0.0)], [0.044528, -0.0527321, -5.089, 1.0)]])
0.044528, -0.0527321, -5.089
float3(-0.225199, 0.0515192, -1.5773)
1090603.098354
normal
simd_float4x4([[0.00943313, -0.968632, 0.248321, 0.0)], [0.999194, -0.000558196, -0.0401344, 0.0)], [0.039014, 0.2485, 0.967846, 0.0)], [0.0483456, -0.0481336, -5.17356, 1.0)]])
0.0483456, -0.0481336, -5.17356
float3(-0.251131, 0.0402884, -1.57137)
1090603.19840633
normal
simd_float4x4([[-0.0120818, -0.969765, 0.24374, 0.0)], [0.999649, -0.0174579, -0.0199082, 0.0)], [0.0235615, 0.243414, 0.969636, 0.0)], [0.0534713, -0.0516395, -5.25479, 1.0)]])
0.0534713, -0.0516395, -5.25479
float3(-0.245884, 0.0242945, -1.5888)
1090603.29845863
normal
simd_float4x4([[-0.0171549, -0.972148, 0.233741, 0.0)], [0.999153, -0.0254121, -0.0323605, 0.0)], [0.0373991, 0.232988, 0.97176, 0.0)], [0.0618057, -0.0634238, -5.34778, 1.0)]])
0.0618057, -0.0634238, -5.34778
float3(-0.235149, 0.0384669, -1.59693)
1090603.39851087
normal
simd_float4x4([[-0.013613, -0.977121, 0.212246, 0.0)], [0.998693, -0.023747, -0.0452705, 0.0)], [0.049275, 0.211352, 0.976167, 0.0)], [0.0716483, -0.0694207, -5.43129, 1.0)]])
0.0716483, -0.0694207, -5.43129
float3(-0.212958, 0.0504352, -1.59509)
1090603.49856308
normal
simd_float4x4([[-0.00531204, -0.978217, 0.207519, 0.0)], [0.996588, -0.0222715, -0.0794744, 0.0)], [0.0823649, 0.206389, 0.974997, 0.0)], [0.0833794, -0.0686847, -5.5184, 1.0)]])
0.0833794, -0.0686847, -5.5184
float3(-0.207883, 0.084277, -1.59356)
1090603.59861521
normal
simd_float4x4([[0.0143672, -0.973731, 0.227249, 0.0)], [0.995293, -0.00785769, -0.0965936, 0.0)], [0.0958418, 0.227567, 0.969035, 0.0)], [0.0855657, -0.0567006, -5.60957, 1.0)]])
0.0855657, -0.0567006, -5.60957
float3(-0.229579, 0.0985838, -1.57887)
1090603.6986675
normal
simd_float4x4([[0.0161734, -0.970417, 0.240894, 0.0)], [0.995006, -0.00811256, -0.0994846, 0.0)], [0.0984958, 0.2413, 0.965439, 0.0)], [0.0871827, -0.0509609, -5.68643, 1.0)]])
0.0871827, -0.0509609, -5.68643
float3(-0.243705, 0.10167, -1.57916)
1090603.79871967
normal
simd_float4x4([[0.0470481, -0.966485, 0.252377, 0.0)], [0.99292, 0.0176601, -0.11747, 0.0)], [0.109076, 0.256116, 0.960472, 0.0)], [0.0866163, -0.0597454, -5.76606, 1.0)]])
0.0866163, -0.0597454, -5.76606
float3(-0.259003, 0.11308, -1.55253)
1090603.89877192
normal
simd_float4x4([[0.04858, -0.96749, 0.248201, 0.0)], [0.993778, 0.0218823, -0.109213, 0.0)], [0.100232, 0.251962, 0.962533, 0.0)], [0.0847041, -0.0769481, -5.85152, 1.0)]])
0.0847041, -0.0769481, -5.85152
float3(-0.254707, 0.103759, -1.54818)
1090603.99882421
normal
simd_float4x4([[0.0280485, -0.974472, 0.222751, 0.0)], [0.995182, 0.00627718, -0.0978509, 0.0)], [0.0939547, 0.224422, 0.969953, 0.0)], [0.0830591, -0.0882369, -5.94299, 1.0)]])
0.0830591, -0.0882369, -5.94299
float3(-0.22635, 0.096564, -1.56435)
1090604.09887642
normal
simd_float4x4([[0.0197205, -0.978121, 0.207101, 0.0)], [0.996679, 0.00286435, -0.0813774, 0.0)], [0.0790037, 0.208018, 0.974929, 0.0)], [0.0760739, -0.0893107, -6.03155, 1.0)]])
0.0760739, -0.0893107, -6.03155
float3(-0.209548, 0.0808586, -1.56787)
1090604.19892879
normal
simd_float4x4([[-0.00113239, -0.975355, 0.220638, 0.0)], [0.997527, -0.016607, -0.0682934, 0.0)], [0.0702744, 0.220015, 0.972962, 0.0)], [0.0735541, -0.078998, -6.12178, 1.0)]])
0.0735541, -0.078998, -6.12178
float3(-0.22183, 0.0721021, -1.58782)
1090604.29898087
normal
simd_float4x4([[-0.00405477, -0.974387, 0.224841, 0.0)], [0.998487, -0.0162757, -0.0525266, 0.0)], [0.0548407, 0.224288, 0.972979, 0.0)], [0.0708998, -0.0657631, -6.20165, 1.0)]])
0.0708998, -0.0657631, -6.20165
float3(-0.226213, 0.0563041, -1.5875)
1090604.39903317
normal
simd_float4x4([[-0.0329869, -0.977531, 0.208195, 0.0)], [0.99844, -0.0416216, -0.0372297, 0.0)], [0.0450586, 0.206642, 0.977379, 0.0)], [0.0743258, -0.0670763, -6.27974, 1.0)]])
0.0743258, -0.0670763, -6.27974
float3(-0.208141, 0.0460688, -1.61335)
1090604.49908533
normal
simd_float4x4([[-0.0402832, -0.976725, 0.210677, 0.0)], [0.99798, -0.0496988, -0.0395878, 0.0)], [0.0491368, 0.208656, 0.976754, 0.0)], [0.0761755, -0.0804614, -6.37541, 1.0)]])
0.0761755, -0.0804614, -6.37541
float3(-0.210201, 0.0502638, -1.62164)
1090604.59913762
normal
simd_float4x4([[-0.0221181, -0.980387, 0.195838, 0.0)], [0.998909, -0.0297318, -0.0360232, 0.0)], [0.0411393, 0.194828, 0.979975, 0.0)], [0.0740091, -0.0836486, -6.47111, 1.0)]])
0.0740091, -0.0836486, -6.47111
float3(-0.196082, 0.0419554, -1.60111)
1090604.69918988
normal
simd_float4x4([[-0.0163274, -0.987064, 0.15949, 0.0)], [0.997298, -0.0275028, -0.0681155, 0.0)], [0.0716208, 0.157947, 0.984847, 0.0)], [0.0828705, -0.0797379, -6.55829, 1.0)]])
0.0828705, -0.0797379, -6.55829
float3(-0.158612, 0.072595, -1.59865)
1090604.79924217
normal
simd_float4x4([[-0.00256632, -0.985963, 0.166946, 0.0)], [0.996903, -0.0156457, -0.0770769, 0.0)], [0.0786069, 0.166231, 0.982949, 0.0)], [0.0843404, -0.0679191, -6.65321, 1.0)]])
0.0843404, -0.0679191, -6.65321
float3(-0.167007, 0.0798007, -1.58666)
1090604.8992945
normal
simd_float4x4([[-0.00793775, -0.982958, 0.183661, 0.0)], [0.996676, -0.0226688, -0.0782482, 0.0)], [0.0810781, 0.182429, 0.979871, 0.0)], [0.0863326, -0.0612921, -6.74222, 1.0)]])
0.0863326, -0.0612921, -6.74222
float3(-0.183457, 0.0825556, -1.59385)
1090604.99934658
normal
simd_float4x4([[0.0183575, -0.982037, 0.187791, 0.0)], [0.996122, 0.00179846, -0.0879708, 0.0)], [0.0860529, 0.188678, 0.978262, 0.0)], [0.0801626, -0.0639934, -6.82445, 1.0)]])
0.0801626, -0.0639934, -6.82445
float3(-0.189815, 0.0877393, -1.56896)
1090605.09939896
normal
simd_float4x4([[0.024064, -0.982213, 0.186224, 0.0)], [0.997077, 0.0100672, -0.0757448, 0.0)], [0.0725227, 0.187502, 0.979583, 0.0)], [0.0740791, -0.076956, -6.91287, 1.0)]])
0.0740791, -0.076956, -6.91287
float3(-0.188618, 0.0738994, -1.56055)
1090605.19945125
normal
simd_float4x4([[0.0114692, -0.984587, 0.174519, 0.0)], [0.997336, -0.00130997, -0.0729344, 0.0)], [0.0720389, 0.174891, 0.981949, 0.0)], [0.065527, -0.0904674, -7.0078, 1.0)]])
0.065527, -0.0904674, -7.0078
float3(-0.175795, 0.073232, -1.57213)
1090605.31610142
normal
simd_float4x4([[-0.00239817, -0.987096, 0.160112, 0.0)], [0.99798, -0.0125275, -0.0622847, 0.0)], [0.0634868, 0.159639, 0.985132, 0.0)], [0.0509694, -0.0943197, -7.11564, 1.0)]])
0.0509694, -0.0943197, -7.11564
float3(-0.160325, 0.0643559, -1.58349)
1090605.43275163
normal
simd_float4x4([[-0.0218795, -0.981134, 0.192087, 0.0)], [0.998125, -0.0324229, -0.0519179, 0.0)], [0.0571664, 0.190591, 0.980004, 0.0)], [0.0408669, -0.0877332, -7.22823, 1.0)]])
0.0408669, -0.0877332, -7.22823
float3(-0.191764, 0.0582668, -1.60383)
1090605.54940183
normal
simd_float4x4([[-0.0209084, -0.975878, 0.217311, 0.0)], [0.999208, -0.0277547, -0.0285, 0.0)], [0.033844, 0.216543, 0.975686, 0.0)], [0.0350284, -0.0782786, -7.32713, 1.0)]])
0.0350284, -0.0782786, -7.32713
float3(-0.218273, 0.0346735, -1.59923)
1090605.66605204
normal
simd_float4x4([[-0.0447759, -0.973908, 0.222484, 0.0)], [0.998712, -0.0489598, -0.013323, 0.0)], [0.0238682, 0.221601, 0.974845, 0.0)], [0.0370124, -0.0835549, -7.42516, 1.0)]])
0.0370124, -0.0835549, -7.42516
float3(-0.223456, 0.0244792, -1.62103)
1090605.78270229
normal
simd_float4x4([[-0.0468533, -0.973703, 0.222951, 0.0)], [0.998338, -0.053142, -0.0222875, 0.0)], [0.0335495, 0.221536, 0.974575, 0.0)], [0.0373149, -0.0992609, -7.53327, 1.0)]])
0.0373149, -0.0992609, -7.53327
float3(-0.22339, 0.0344111, -1.62532)
1090605.89935237
normal
simd_float4x4([[-0.0437294, -0.977893, 0.204484, 0.0)], [0.997989, -0.0521594, -0.0360169, 0.0)], [0.0458865, 0.202498, 0.978207, 0.0)], [0.0452913, -0.10556, -7.64651, 1.0)]])
0.0452913, -0.10556, -7.64651
float3(-0.203908, 0.0468744, -1.62408)
1090606.01600279
normal
simd_float4x4([[-0.0303724, -0.97777, 0.207471, 0.0)], [0.997629, -0.0424807, -0.0541573, 0.0)], [0.0617669, 0.205334, 0.976741, 0.0)], [0.0556901, -0.0951849, -7.7702, 1.0)]])
0.0556901, -0.0951849, -7.7702
float3(-0.206805, 0.0631536, -1.61422)
1090606.13265296
normal
simd_float4x4([[-0.0212479, -0.974263, 0.224409, 0.0)], [0.997815, -0.0347106, -0.0562183, 0.0)], [0.0625608, 0.222724, 0.972872, 0.0)], [0.0610739, -0.0839519, -7.88006, 1.0)]])
0.0610739, -0.0839519, -7.88006
float3(-0.224608, 0.0642168, -1.60641)
1090606.24930333
normal
simd_float4x4([[-0.00863069, -0.975186, 0.221219, 0.0)], [0.997631, -0.0234983, -0.0646643, 0.0)], [0.068258, 0.220137, 0.973078, 0.0)], [0.0620424, -0.0805198, -7.9794, 1.0)]])
0.0620424, -0.0805198, -7.9794
float3(-0.221955, 0.0700318, -1.59489)
1090606.36595346
normal
