ARKit Data
256251.484810166
normal
simd_float4x4([[0.14061, -0.99, -0.0113131, 0.0)], [0.014517, 0.013487, -0.999804, 0.0)], [0.989959, 0.140418, 0.0162683, 0.0)], [0.597251, -0.0853917, -16.341, 1.0)]])
0.597251, -0.0853917, -16.341
float3(-0.140883, 1.55436, -1.55717)
256251.821642958
notAvailable
simd_float4x4([[1.0, 0.0, 0.0, 0.0)], [0.0, 1.0, 0.0, 0.0)], [0.0, 0.0, 1.0, 0.0)], [0.0, 0.0, 0.0, 1.0)]])
0.0, 0.0, 0.0
float3(-0.0, 0.0, 0.0)
256251.938293708
notAvailable
simd_float4x4([[1.0, 0.0, 0.0, 0.0)], [0.0, 1.0, 0.0, 0.0)], [0.0, 0.0, 1.0, 0.0)], [0.0, 0.0, 0.0, 1.0)]])
0.0, 0.0, 0.0
float3(-0.0, 0.0, 0.0)
256252.054944541
limited(__ObjC.ARCamera.TrackingState.Reason.initializing)
simd_float4x4([[0.0109039, -0.9872, 0.159113, 0.0)], [0.999938, 0.01038, -0.00412373, 0.0)], [0.00241936, 0.159148, 0.987252, 0.0)], [0.0, 0.0, 0.0, 1.0)]])
0.0, 0.0, 0.0
float3(-0.159827, 0.00245059, -1.56028)
256252.17159525
limited(__ObjC.ARCamera.TrackingState.Reason.initializing)
simd_float4x4([[-0.0018379, -0.98856, 0.150818, 0.0)], [0.999942, -0.00341561, -0.0102026, 0.0)], [0.010601, 0.150791, 0.988509, 0.0)], [0.0, 0.0, 0.0, 1.0)]])
0.0, 0.0, 0.0
float3(-0.151368, 0.0107238, -1.57425)
256252.288246041
limited(__ObjC.ARCamera.TrackingState.Reason.initializing)
simd_float4x4([[-0.00175191, -0.987735, 0.15612, 0.0)], [0.999766, -0.00509915, -0.0210425, 0.0)], [0.0215805, 0.156046, 0.987512, 0.0)], [0.0, 0.0, 0.0, 1.0)]])
0.0, 0.0, 0.0
float3(-0.156686, 0.02185, -1.57596)
256252.404896791
limited(__ObjC.ARCamera.TrackingState.Reason.initializing)
simd_float4x4([[0.00100681, -0.987692, 0.156392, 0.0)], [0.999369, -0.0045576, -0.0352177, 0.0)], [0.0354971, 0.156329, 0.987064, 0.0)], [0.0, 0.0, 0.0, 1.0)]])
0.0, 0.0, 0.0
float3(-0.156973, 0.0359468, -1.57541)
256252.521547583
limited(__ObjC.ARCamera.TrackingState.Reason.initializing)
simd_float4x4([[0.00471472, -0.987716, 0.156168, 0.0)], [0.998912, -0.00259359, -0.0465619, 0.0)], [0.0463951, 0.156218, 0.986629, 0.0)], [0.0, 0.0, 0.0, 1.0)]])
0.0, 0.0, 0.0
float3(-0.15686, 0.0469892, -1.57342)
256252.63819825
limited(__ObjC.ARCamera.TrackingState.Reason.initializing)
simd_float4x4([[0.00950741, -0.987679, 0.156187, 0.0)], [0.998562, 0.00113752, -0.053592, 0.0)], [0.0527542, 0.156472, 0.98627, 0.0)], [0.0, 0.0, 0.0, 1.0)]])
0.0, 0.0, 0.0
float3(-0.157118, 0.0534376, -1.56964)
256252.754849083
limited(__ObjC.ARCamera.TrackingState.Reason.initializing)
simd_float4x4([[0.0109806, -0.987792, 0.155378, 0.0)], [0.99853, 0.00258341, -0.0541431, 0.0)], [0.0530808, 0.155744, 0.986368, 0.0)], [0.0, 0.0, 0.0, 1.0)]])
0.0, 0.0, 0.0
float3(-0.156381, 0.0537626, -1.56818)
256252.871499791
limited(__ObjC.ARCamera.TrackingState.Reason.initializing)
simd_float4x4([[0.012319, -0.98757, 0.156684, 0.0)], [0.998721, 0.00446908, -0.0503548, 0.0)], [0.0490288, 0.157104, 0.986363, 0.0)], [0.0, 0.0, 0.0, 1.0)]])
0.0, 0.0, 0.0
float3(-0.157758, 0.0496658, -1.56627)
256252.988150375
limited(__ObjC.ARCamera.TrackingState.Reason.initializing)
simd_float4x4([[0.0110578, -0.987555, 0.156878, 0.0)], [0.99913, 0.00460285, -0.0414502, 0.0)], [0.0402123, 0.1572, 0.986746, 0.0)], [0.0, 0.0, 0.0, 1.0)]])
0.0, 0.0, 0.0
float3(-0.157854, 0.0407299, -1.56614)
256253.104801208
limited(__ObjC.ARCamera.TrackingState.Reason.initializing)
simd_float4x4([[0.00890477, -0.987657, 0.15637, 0.0)], [0.999453, 0.00380988, -0.0328519, 0.0)], [0.0318507, 0.156577, 0.987151, 0.0)], [0.0, 0.0, 0.0, 1.0)]])
0.0, 0.0, 0.0
float3(-0.157224, 0.0322541, -1.56694)
256253.221452
limited(__ObjC.ARCamera.TrackingState.Reason.initializing)
simd_float4x4([[0.0058333, -0.987567, 0.157082, 0.0)], [0.999725, 0.00218896, -0.0233634, 0.0)], [0.0227291, 0.157175, 0.987308, 0.0)], [0.0, 0.0, 0.0, 1.0)]])
0.0, 0.0, 0.0
float3(-0.15783, 0.0230172, -1.56858)
256253.338102708
limited(__ObjC.ARCamera.TrackingState.Reason.initializing)
simd_float4x4([[0.00417321, -0.987445, 0.157897, 0.0)], [0.99994, 0.00251698, -0.0106879, 0.0)], [0.0101563, 0.157932, 0.987396, 0.0)], [0.0, 0.0, 0.0, 1.0)]])
0.0, 0.0, 0.0
float3(-0.158596, 0.0102856, -1.56825)
256253.4547535
limited(__ObjC.ARCamera.TrackingState.Reason.initializing)
simd_float4x4([[0.00281445, -0.987518, 0.157466, 0.0)], [0.999973, 0.0038452, 0.00624173, 0.0)], [-0.00676933, 0.157444, 0.987503, 0.0)], [0.0, 0.0, 0.0, 1.0)]])
0.0, 0.0, 0.0
float3(-0.158102, -0.00685489, -1.5669)
256253.571404291
limited(__ObjC.ARCamera.TrackingState.Reason.initializing)
simd_float4x4([[0.000689884, -0.987392, 0.158278, 0.0)], [0.999675, 0.00471402, 0.0250509, 0.0)], [-0.0254813, 0.158209, 0.987074, 0.0)], [0.0, 0.0, 0.0, 1.0)]])
0.0, 0.0, 0.0
float3(-0.158877, -0.0258092, -1.56602)
256253.688055041
limited(__ObjC.ARCamera.TrackingState.Reason.initializing)
simd_float4x4([[-0.00126144, -0.987304, 0.158817, 0.0)], [0.998888, 0.00623935, 0.0467226, 0.0)], [-0.0471205, 0.158699, 0.986199, 0.0)], [0.0, 0.0, 0.0, 1.0)]])
0.0, 0.0, 0.0
float3(-0.159373, -0.0477436, -1.56448)
256253.80471675
limited(__ObjC.ARCamera.TrackingState.Reason.initializing)
simd_float4x4([[-0.00457754, -0.987418, 0.158047, 0.0)], [0.997568, 0.00648244, 0.0693941, 0.0)], [-0.0695457, 0.15798, 0.984987, 0.0)], [0.0, 0.0, 0.0, 1.0)]])
0.0, 0.0, 0.0
float3(-0.158645, -0.0704888, -1.56423)
256253.904769416
limited(__ObjC.ARCamera.TrackingState.Reason.initializing)
simd_float4x4([[-0.00776128, -0.987724, 0.155994, 0.0)], [0.995748, 0.00668548, 0.0918751, 0.0)], [-0.0917905, 0.156044, 0.983473, 0.0)], [0.0, 0.0, 0.0, 1.0)]])
0.0, 0.0, 0.0
float3(-0.156684, -0.0930635, -1.56403)
256254.004822208
limited(__ObjC.ARCamera.TrackingState.Reason.initializing)
simd_float4x4([[-0.00950085, -0.988031, 0.153946, 0.0)], [0.993206, 0.00853158, 0.116054, 0.0)], [-0.115979, 0.154003, 0.981238, 0.0)], [0.0, 0.0, 0.0, 1.0)]])
0.0, 0.0, 0.0
float3(-0.154618, -0.117651, -1.56216)
256254.10487475
limited(__ObjC.ARCamera.TrackingState.Reason.initializing)
simd_float4x4([[-0.0119704, -0.988336, 0.151802, 0.0)], [0.989897, 0.00973715, 0.141456, 0.0)], [-0.141285, 0.151962, 0.978233, 0.0)], [0.0, 0.0, 0.0, 1.0)]])
0.0, 0.0, 0.0
float3(-0.152553, -0.143437, -1.56094)
256254.204927583
limited(__ObjC.ARCamera.TrackingState.Reason.initializing)
simd_float4x4([[-0.0155062, -0.988653, 0.149397, 0.0)], [0.986005, 0.00968476, 0.166433, 0.0)], [-0.165992, 0.149887, 0.974667, 0.0)], [0.0, 0.0, 0.0, 1.0)]])
0.0, 0.0, 0.0
float3(-0.150454, -0.168688, -1.561)
256254.304980208
limited(__ObjC.ARCamera.TrackingState.Reason.initializing)
simd_float4x4([[-0.0185735, -0.988784, 0.148175, 0.0)], [0.981023, 0.010584, 0.193601, 0.0)], [-0.192998, 0.148959, 0.969823, 0.0)], [0.0, 0.0, 0.0, 1.0)]])
0.0, 0.0, 0.0
float3(-0.149516, -0.196438, -1.56009)
256254.405032791
limited(__ObjC.ARCamera.TrackingState.Reason.initializing)
simd_float4x4([[-0.0232068, -0.988776, 0.147568, 0.0)], [0.974806, 0.0103736, 0.222812, 0.0)], [-0.221843, 0.149021, 0.963624, 0.0)], [0.0, 0.0, 0.0, 1.0)]])
0.0, 0.0, 0.0
float3(-0.149579, -0.226275, -1.56031)
256254.505085583
limited(__ObjC.ARCamera.TrackingState.Reason.initializing)
simd_float4x4([[-0.0288153, -0.988762, 0.146677, 0.0)], [0.968292, 0.00881677, 0.249664, 0.0)], [-0.248152, 0.149221, 0.957156, 0.0)], [0.0, 0.0, 0.0, 1.0)]])
0.0, 0.0, 0.0
float3(-0.14978, -0.253675, -1.56188)
256254.605138291
limited(__ObjC.ARCamera.TrackingState.Reason.initializing)
simd_float4x4([[-0.0346189, -0.988939, 0.144204, 0.0)], [0.96086, 0.00674759, 0.276953, 0.0)], [-0.274863, 0.148148, 0.949997, 0.0)], [0.0, 0.0, 0.0, 1.0)]])
0.0, 0.0, 0.0
float3(-0.148696, -0.28164, -1.56397)
256254.705190875
limited(__ObjC.ARCamera.TrackingState.Reason.initializing)
simd_float4x4([[-0.0396665, -0.988923, 0.143003, 0.0)], [0.95287, 0.00564073, 0.303326, 0.0)], [-0.300774, 0.148295, 0.942091, 0.0)], [0.0, 0.0, 0.0, 1.0)]])
0.0, 0.0, 0.0
float3(-0.148844, -0.309033, -1.56509)
256254.805243583
limited(__ObjC.ARCamera.TrackingState.Reason.initializing)
simd_float4x4([[-0.0439827, -0.989062, 0.140763, 0.0)], [0.945058, 0.0044934, 0.326872, 0.0)], [-0.323931, 0.147406, 0.934523, 0.0)], [0.0, 0.0, 0.0, 1.0)]])
0.0, 0.0, 0.0
float3(-0.147945, -0.333667, -1.56625)
256254.905296375
limited(__ObjC.ARCamera.TrackingState.Reason.initializing)
simd_float4x4([[-0.0483137, -0.989078, 0.139231, 0.0)], [0.937284, 0.00327995, 0.348549, 0.0)], [-0.3452, 0.147339, 0.926888, 0.0)], [0.0, 0.0, 0.0, 1.0)]])
0.0, 0.0, 0.0
float3(-0.147877, -0.356515, -1.56748)
256255.005349
limited(__ObjC.ARCamera.TrackingState.Reason.initializing)
simd_float4x4([[-0.0525069, -0.988919, 0.138844, 0.0)], [0.929308, 0.00250646, 0.369298, 0.0)], [-0.365554, 0.14842, 0.918878, 0.0)], [0.0, 0.0, 0.0, 1.0)]])
0.0, 0.0, 0.0
float3(-0.14897, -0.378632, -1.56826)
256255.105401666
limited(__ObjC.ARCamera.TrackingState.Reason.initializing)
simd_float4x4([[-0.0557054, -0.988891, 0.137793, 0.0)], [0.920552, 0.00257106, 0.39061, 0.0)], [-0.386626, 0.148605, 0.910182, 0.0)], [0.0, 0.0, 0.0, 1.0)]])
0.0, 0.0, 0.0
float3(-0.149157, -0.401683, -1.5682)
256255.205454375
limited(__ObjC.ARCamera.TrackingState.Reason.initializing)
simd_float4x4([[-0.0591923, -0.988855, 0.136588, 0.0)], [0.911326, 0.00231178, 0.411679, 0.0)], [-0.407408, 0.148845, 0.901032, 0.0)], [0.0, 0.0, 0.0, 1.0)]])
0.0, 0.0, 0.0
float3(-0.1494, -0.424646, -1.56846)
256255.305507
limited(__ObjC.ARCamera.TrackingState.Reason.initializing)
simd_float4x4([[-0.0627557, -0.988923, 0.134496, 0.0)], [0.902988, 0.001132, 0.429663, 0.0)], [-0.425057, 0.148412, 0.892915, 0.0)], [0.0, 0.0, 0.0, 1.0)]])
0.0, 0.0, 0.0
float3(-0.148962, -0.444291, -1.56965)
256255.40555975
limited(__ObjC.ARCamera.TrackingState.Reason.initializing)
simd_float4x4([[-0.0655297, -0.988929, 0.133131, 0.0)], [0.895305, 0.000641257, 0.445454, 0.0)], [-0.440608, 0.148383, 0.88535, 0.0)], [0.0, 0.0, 0.0, 1.0)]])
0.0, 0.0, 0.0
float3(-0.148933, -0.461778, -1.57015)
256255.505612458
limited(__ObjC.ARCamera.TrackingState.Reason.initializing)
simd_float4x4([[-0.0679918, -0.988868, 0.132338, 0.0)], [0.889586, -3.76254e-05, 0.456768, 0.0)], [-0.451679, 0.148783, 0.879686, 0.0)], [0.0, 0.0, 0.0, 1.0)]])
0.0, 0.0, 0.0
float3(-0.149338, -0.474354, -1.57083)
256255.605665083
limited(__ObjC.ARCamera.TrackingState.Reason.initializing)
simd_float4x4([[-0.0697414, -0.988861, 0.131488, 0.0)], [0.886773, -0.00108287, 0.462205, 0.0)], [-0.456914, 0.148835, 0.87697, 0.0)], [0.0, 0.0, 0.0, 1.0)]])
0.0, 0.0, 0.0
float3(-0.14939, -0.480317, -1.57189)
256255.705717833
normal
simd_float4x4([[-0.0634626, -0.991512, 0.113474, 0.0)], [0.885076, -0.00338325, 0.465435, 0.0)], [-0.4611, 0.129971, 0.877778, 0.0)], [-0.00478898, -0.000357509, -0.00210078, 1.0)]])
-0.00478898, -0.000357509, -0.00210078
float3(-0.130339, -0.483685, -1.57421)
256255.805770416
normal
simd_float4x4([[-0.0677946, -0.991655, 0.109652, 0.0)], [0.884249, -0.00882055, 0.466933, 0.0)], [-0.462069, 0.128616, 0.877468, 0.0)], [-0.0130672, 0.000420243, -0.00488847, 1.0)]])
-0.0130672, 0.000420243, -0.00488847
float3(-0.128973, -0.484696, -1.57969)
256255.905823166
normal
simd_float4x4([[-0.0686273, -0.991891, 0.106973, 0.0)], [0.886705, -0.0115031, 0.462194, 0.0)], [-0.457215, 0.126573, 0.880303, 0.0)], [-0.0177515, 0.00135181, -0.00678229, 1.0)]])
-0.0177515, 0.00135181, -0.00678229
float3(-0.126913, -0.479034, -1.58239)
256256.005875875
normal
simd_float4x4([[-0.0686156, -0.992058, 0.105421, 0.0)], [0.891421, -0.0135198, 0.452974, 0.0)], [-0.447951, 0.125056, 0.885269, 0.0)], [-0.0199071, 0.00176853, -0.00745765, 1.0)]])
-0.0199071, 0.00176853, -0.00745765
float3(-0.125384, -0.46844, -1.58442)
256256.1059285
normal
simd_float4x4([[-0.0661033, -0.992128, 0.106355, 0.0)], [0.899003, -0.0129722, 0.43775, 0.0)], [-0.432925, 0.12455, 0.892784, 0.0)], [-0.0213729, -0.00040001, -0.00914362, 1.0)]])
-0.0213729, -0.00040001, -0.00914362
float3(-0.124875, -0.451507, -1.58387)
256256.205981208
normal
simd_float4x4([[-0.0626256, -0.991965, 0.109929, 0.0)], [0.909203, -0.0112776, 0.416201, 0.0)], [-0.411617, 0.126012, 0.902603, 0.0)], [-0.0223761, -0.000786688, -0.00996329, 1.0)]])
-0.0223761, -0.000786688, -0.00996329
float3(-0.126348, -0.42786, -1.58216)
256256.306033666
normal
simd_float4x4([[-0.0599051, -0.991838, 0.112554, 0.0)], [0.919642, -0.0109917, 0.392604, 0.0)], [-0.388163, 0.127029, 0.912794, 0.0)], [-0.0214379, -0.000912134, -0.0123763, 1.0)]])
-0.0214379, -0.000912134, -0.0123763
float3(-0.127373, -0.402079, -1.58188)
256256.406086625
normal
simd_float4x4([[-0.0582656, -0.991517, 0.116182, 0.0)], [0.93034, -0.0117242, 0.36651, 0.0)], [-0.362039, 0.129444, 0.923132, 0.0)], [-0.0199364, -0.000289098, -0.0169771, 1.0)]])
-0.0199364, -0.000289098, -0.0169771
float3(-0.129808, -0.373752, -1.58262)
256256.506139083
normal
simd_float4x4([[-0.0561597, -0.991374, 0.118423, 0.0)], [0.939879, -0.0124753, 0.341281, 0.0)], [-0.336859, 0.13047, 0.932472, 0.0)], [-0.0163727, 0.00015153, -0.0203273, 1.0)]])
-0.0163727, 0.00015153, -0.0203273
float3(-0.130843, -0.346666, -1.58338)
256256.606191875
normal
simd_float4x4([[-0.0543704, -0.991495, 0.118239, 0.0)], [0.948391, -0.0142293, 0.316783, 0.0)], [-0.312406, 0.129361, 0.9411, 0.0)], [-0.0143901, 0.00130946, -0.0209715, 1.0)]])
-0.0143901, 0.00130946, -0.0209715
float3(-0.129724, -0.320513, -1.58515)
256256.706244666
normal
simd_float4x4([[-0.0515882, -0.991568, 0.118877, 0.0)], [0.955883, -0.0145583, 0.293386, 0.0)], [-0.289182, 0.128767, 0.948574, 0.0)], [-0.0139428, 0.00256245, -0.0207594, 1.0)]])
-0.0139428, 0.00256245, -0.0207594
float3(-0.129126, -0.295909, -1.58548)
256256.806297166
normal
simd_float4x4([[-0.0487978, -0.99193, 0.117023, 0.0)], [0.962145, -0.01523, 0.272114, 0.0)], [-0.268136, 0.125871, 0.955123, 0.0)], [-0.0122676, 0.00476401, -0.0203955, 1.0)]])
-0.0122676, 0.00476401, -0.0203955
float3(-0.126206, -0.273689, -1.58615)
256256.906349875
normal
simd_float4x4([[-0.0466996, -0.992097, 0.116462, 0.0)], [0.967632, -0.0159822, 0.251861, 0.0)], [-0.248009, 0.124454, 0.96073, 0.0)], [-0.00873899, 0.00719829, -0.016703, 1.0)]])
-0.00873899, 0.00719829, -0.016703
float3(-0.124777, -0.252631, -1.5869)
256257.006402583
normal
simd_float4x4([[-0.0446111, -0.992035, 0.117794, 0.0)], [0.973154, -0.016504, 0.229561, 0.0)], [-0.225788, 0.124873, 0.96614, 0.0)], [-0.00480317, 0.00758316, -0.012732, 1.0)]])
-0.00480317, 0.00758316, -0.012732
float3(-0.1252, -0.229581, -1.58743)
256257.106455416
normal
simd_float4x4([[-0.0388937, -0.992138, 0.118956, 0.0)], [0.978754, -0.0138411, 0.204573, 0.0)], [-0.201318, 0.124385, 0.971596, 0.0)], [-0.00836864, 0.00667304, -0.0103179, 1.0)]])
-0.00836864, 0.00667304, -0.0103179
float3(-0.124708, -0.204312, -1.58475)
256257.206507958
normal
simd_float4x4([[-0.0365743, -0.992202, 0.119149, 0.0)], [0.984088, -0.0150146, 0.177046, 0.0)], [-0.173876, 0.123729, 0.976964, 0.0)], [-0.00384898, 0.00784444, -0.00640178, 1.0)]])
-0.00384898, 0.00784444, -0.00640178
float3(-0.124047, -0.176132, -1.58593)
256257.306560791
normal
simd_float4x4([[-0.0290069, -0.992199, 0.12124, 0.0)], [0.993022, -0.014734, 0.117003, 0.0)], [-0.114304, 0.123788, 0.985703, 0.0)], [0.160775, -0.064222, 0.0218875, 1.0)]])
0.160775, -0.064222, 0.0218875
float3(-0.124106, -0.115446, -1.58565)
256257.406613333
normal
simd_float4x4([[-0.0266554, -0.992401, 0.120121, 0.0)], [0.996246, -0.016472, 0.0849851, 0.0)], [-0.0823607, 0.121935, 0.989115, 0.0)], [0.16247, -0.0616552, 0.024915, 1.0)]])
0.16247, -0.0616552, 0.024915
float3(-0.12224, -0.0830754, -1.58739)
256257.506665958
normal
simd_float4x4([[-0.0238943, -0.992443, 0.120359, 0.0)], [0.998745, -0.0183958, 0.0465899, 0.0)], [-0.0440237, 0.121321, 0.991637, 0.0)], [0.162593, -0.0589718, 0.0277209, 1.0)]])
0.162593, -0.0589718, 0.0277209
float3(-0.12162, -0.0443659, -1.58933)
256257.606718708
normal
simd_float4x4([[-0.0204269, -0.99236, 0.121677, 0.0)], [0.999785, -0.0198559, 0.00590318, 0.0)], [-0.00344203, 0.121772, 0.992552, 0.0)], [0.159652, -0.0557714, 0.0301315, 1.0)]])
0.159652, -0.0557714, 0.0301315
float3(-0.122075, -0.00346785, -1.5908)
256257.706771375
normal
simd_float4x4([[-0.0121721, -0.991834, 0.126954, 0.0)], [0.999257, -0.016708, -0.034725, 0.0)], [0.0365626, 0.126437, 0.991301, 0.0)], [0.154061, -0.0537537, 0.0304592, 1.0)]])
0.154061, -0.0537537, 0.0304592
float3(-0.126776, 0.0368667, -1.58764)
256257.806824208
normal
simd_float4x4([[-0.00818201, -0.991229, 0.131902, 0.0)], [0.997193, -0.0179053, -0.0726993, 0.0)], [0.0744234, 0.130937, 0.988593, 0.0)], [0.147911, -0.0532193, 0.0303151, 1.0)]])
0.147911, -0.0532193, 0.0303151
float3(-0.131314, 0.0751404, -1.58886)
256257.90687675
normal
simd_float4x4([[-0.00861397, -0.991369, 0.130819, 0.0)], [0.994589, -0.0220387, -0.101523, 0.0)], [0.103529, 0.129237, 0.986194, 0.0)], [0.142571, -0.0517597, 0.0324289, 1.0)]])
0.142571, -0.0517597, 0.0324289
float3(-0.1296, 0.104596, -1.59302)
256258.006929541
normal
simd_float4x4([[-0.0073296, -0.99174, 0.128059, 0.0)], [0.992176, -0.0231734, -0.122676, 0.0)], [0.12463, 0.126157, 0.98415, 0.0)], [0.139793, -0.0506077, 0.0388808, 1.0)]])
0.139793, -0.0506077, 0.0388808
float3(-0.126495, 0.125967, -1.59416)
256258.106982083
normal
simd_float4x4([[-0.00438365, -0.991533, 0.129778, 0.0)], [0.989211, -0.023304, -0.144634, 0.0)], [0.146434, 0.127744, 0.980938, 0.0)], [0.133177, -0.0514834, 0.0426394, 1.0)]])
0.133177, -0.0514834, 0.0426394
float3(-0.128094, 0.148185, -1.5943)
256258.207034708
normal
simd_float4x4([[-0.00212039, -0.991453, 0.130446, 0.0)], [0.984438, -0.0249916, -0.173947, 0.0)], [0.17572, 0.128047, 0.976077, 0.0)], [0.126732, -0.0519562, 0.047264, 1.0)]])
0.126732, -0.0519562, 0.047264
float3(-0.128399, 0.178119, -1.596)
256258.307087541
normal
simd_float4x4([[0.00202803, -0.991323, 0.131435, 0.0)], [0.975853, -0.0267459, -0.216783, 0.0)], [0.218417, 0.128701, 0.967331, 0.0)], [0.124022, -0.0534225, 0.0528077, 1.0)]])
0.124022, -0.0534225, 0.0528077
float3(-0.129059, 0.22207, -1.59777)
256258.42374925
normal
simd_float4x4([[0.0164306, -0.991118, 0.131966, 0.0)], [0.958627, -0.0218985, -0.283822, 0.0)], [0.284191, 0.131169, 0.949753, 0.0)], [0.119432, -0.052501, 0.060537, 1.0)]])
0.119432, -0.052501, 0.060537
float3(-0.131549, 0.290747, -1.59289)
256258.540400041
normal
simd_float4x4([[0.0274662, -0.992446, 0.119564, 0.0)], [0.932932, -0.0175065, -0.359626, 0.0)], [0.359003, 0.121423, 0.925405, 0.0)], [0.121205, -0.0504171, 0.0714998, 1.0)]])
0.121205, -0.0504171, 0.0714998
float3(-0.121723, 0.370068, -1.58843)
256258.657050625
normal
simd_float4x4([[0.0490437, -0.992915, 0.108237, 0.0)], [0.894126, -0.00464947, -0.447792, 0.0)], [0.445122, 0.118739, 0.887563, 0.0)], [0.11912, -0.0476964, 0.0754874, 1.0)]])
0.11912, -0.0476964, 0.0754874
float3(-0.11902, 0.464855, -1.57548)
256258.757081208
normal
simd_float4x4([[0.0691147, -0.992578, 0.100057, 0.0)], [0.854391, 0.00711564, -0.519583, 0.0)], [0.515015, 0.121399, 0.848541, 0.0)], [0.125891, -0.0438939, 0.0861944, 1.0)]])
0.125891, -0.0438939, 0.0861944
float3(-0.121699, 0.545508, -1.56363)
256258.857133875
normal
simd_float4x4([[0.0834173, -0.992914, 0.084631, 0.0)], [0.806381, 0.0173603, -0.591142, 0.0)], [0.585484, 0.117556, 0.802116, 0.0)], [0.132359, -0.0403337, 0.101937, 1.0)]])
0.132359, -0.0403337, 0.101937
float3(-0.117829, 0.630529, -1.55331)
256258.957186541
normal
simd_float4x4([[0.0934852, -0.992851, 0.074216, 0.0)], [0.75145, 0.0214618, -0.659441, 0.0)], [0.653133, 0.117418, 0.748084, 0.0)], [0.136546, -0.0401447, 0.120485, 1.0)]])
0.136546, -0.0401447, 0.120485
float3(-0.117689, 0.717738, -1.54918)
256259.057239291
normal
simd_float4x4([[0.0967624, -0.993226, 0.064335, 0.0)], [0.691551, 0.0206036, -0.722034, 0.0)], [0.715818, 0.114357, 0.68886, 0.0)], [0.139189, -0.0416365, 0.140674, 1.0)]])
0.139189, -0.0416365, 0.140674
float3(-0.114607, 0.804587, -1.55006)
256259.157291958
normal
simd_float4x4([[0.100621, -0.993048, 0.0610819, 0.0)], [0.627664, 0.0157238, -0.778325, 0.0)], [0.771954, 0.116655, 0.624883, 0.0)], [0.138541, -0.0425916, 0.161864, 1.0)]])
0.138541, -0.0425916, 0.161864
float3(-0.116921, 0.8903, -1.55496)
256259.257344541
normal
simd_float4x4([[0.111825, -0.992016, 0.05831, 0.0)], [0.560519, 0.0145146, -0.828014, 0.0)], [0.820557, 0.125277, 0.557667, 0.0)], [0.137035, -0.0442317, 0.184279, 1.0)]])
0.137035, -0.0442317, 0.184279
float3(-0.125607, 0.973879, -1.55617)
256259.357397416
normal
simd_float4x4([[0.121143, -0.991109, 0.0550291, 0.0)], [0.49213, 0.0118235, -0.870442, 0.0)], [0.862051, 0.132529, 0.489187, 0.0)], [0.13482, -0.0430312, 0.207765, 1.0)]])
0.13482, -0.0430312, 0.207765
float3(-0.13292, 1.05464, -1.55887)
256259.45745
normal
simd_float4x4([[0.12548, -0.990822, 0.0502552, 0.0)], [0.427498, 0.00828894, -0.903978, 0.0)], [0.895266, 0.134915, 0.424615, 0.0)], [0.135135, -0.0392045, 0.23181, 1.0)]])
0.135135, -0.0392045, 0.23181
float3(-0.135328, 1.12793, -1.56243)
256259.557502666
normal
simd_float4x4([[0.131667, -0.990365, 0.0428963, 0.0)], [0.371934, 0.00924375, -0.928213, 0.0)], [0.918874, 0.13817, 0.369567, 0.0)], [0.133318, -0.0368051, 0.252085, 1.0)]])
0.133318, -0.0368051, 0.252085
float3(-0.138614, 1.1884, -1.56146)
256259.657555333
normal
simd_float4x4([[0.126935, -0.991075, 0.0407122, 0.0)], [0.324224, 0.00266626, -0.945977, 0.0)], [0.937426, 0.133277, 0.321669, 0.0)], [0.126691, -0.03573, 0.273973, 1.0)]])
0.126691, -0.03573, 0.273973
float3(-0.133675, 1.24025, -1.56811)
256259.757608041
normal
simd_float4x4([[0.125757, -0.991253, 0.040023, 0.0)], [0.277885, -0.00353145, -0.960608, 0.0)], [0.952347, 0.131925, 0.27501, 0.0)], [0.117955, -0.0349296, 0.293615, 1.0)]])
0.117955, -0.0349296, 0.293615
float3(-0.13231, 1.28967, -1.57436)
256259.857660708
normal
simd_float4x4([[0.12774, -0.990857, 0.0434141, 0.0)], [0.238319, -0.0118254, -0.971115, 0.0)], [0.96275, 0.134396, 0.234629, 0.0)], [0.107449, -0.035023, 0.312667, 1.0)]])
0.107449, -0.035023, 0.312667
float3(-0.134804, 1.33175, -1.58273)
256259.957713333
normal
simd_float4x4([[0.133998, -0.989664, 0.0510816, 0.0)], [0.203538, -0.0229621, -0.978798, 0.0)], [0.969854, 0.141554, 0.198358, 0.0)], [0.0943729, -0.0350323, 0.33292, 1.0)]])
0.0943729, -0.0350323, 0.33292
float3(-0.142031, 1.36906, -1.59399)
256260.057766
normal
simd_float4x4([[0.136307, -0.989896, 0.039058, 0.0)], [0.171766, -0.0152137, -0.98502, 0.0)], [0.975662, 0.140974, 0.167957, 0.0)], [0.081887, -0.0342958, 0.356351, 1.0)]])
0.081887, -0.0342958, 0.356351
float3(-0.141445, 1.40032, -1.58616)
256260.157818791
normal
simd_float4x4([[0.135063, -0.98996, 0.0416735, 0.0)], [0.14675, -0.0216089, -0.988938, 0.0)], [0.979909, 0.139684, 0.142358, 0.0)], [0.0687035, -0.0344534, 0.376812, 1.0)]])
0.0687035, -0.0344534, 0.376812
float3(-0.140143, 1.42653, -1.59262)
256260.25787125
normal
simd_float4x4([[0.131269, -0.990634, 0.0375714, 0.0)], [0.123061, -0.0213228, -0.99217, 0.0)], [0.983679, 0.134865, 0.11911, 0.0)], [0.0596989, -0.0345454, 0.397478, 1.0)]])
0.0596989, -0.0345454, 0.397478
float3(-0.135277, 1.4503, -1.59232)
256260.357924166
normal
simd_float4x4([[0.126266, -0.991561, 0.0293963, 0.0)], [0.0966707, -0.0171931, -0.995168, 0.0)], [0.987275, 0.128498, 0.093684, 0.0)], [0.0559231, -0.033929, 0.419012, 1.0)]])
0.0559231, -0.033929, 0.419012
float3(-0.128854, 1.47619, -1.58813)
256260.45797675
normal
simd_float4x4([[0.121757, -0.992288, 0.0232252, 0.0)], [0.0657975, -0.0152787, -0.997716, 0.0)], [0.990377, 0.123007, 0.0634298, 0.0)], [0.0546477, -0.0342611, 0.43699, 1.0)]])
0.0546477, -0.0342611, 0.43699
float3(-0.12332, 1.50684, -1.58619)
256260.5580295
normal
simd_float4x4([[0.117519, -0.993, 0.0118854, 0.0)], [0.0337127, -0.00797221, -0.9994, 0.0)], [0.992498, 0.117849, 0.0325398, 0.0)], [0.0522757, -0.0334823, 0.452672, 1.0)]])
0.0522757, -0.0334823, 0.452672
float3(-0.118123, 1.53802, -1.57882)
256260.658082166
normal
simd_float4x4([[0.113014, -0.993592, 0.0016219, 0.0)], [0.00164482, -0.00144526, -0.999998, 0.0)], [0.993592, 0.113016, 0.00147097, 0.0)], [0.0499931, -0.0321371, 0.465703, 1.0)]])
0.0499931, -0.0321371, 0.465703
float3(-0.113258, 1.56932, -1.57225)
256260.758134666
normal
simd_float4x4([[0.10794, -0.99415, -0.00388774, 0.0)], [-0.0282335, 0.000843599, -0.999601, 0.0)], [0.993756, 0.108007, -0.0279772, 0.0)], [0.0476216, -0.0306155, 0.477702, 1.0)]])
0.0476216, -0.0306155, 0.477702
float3(-0.108218, 1.59894, -1.56995)
256260.858187375
normal
simd_float4x4([[0.102215, -0.994741, -0.00655636, 0.0)], [-0.0510945, 0.00133218, -0.998693, 0.0)], [0.993449, 0.102416, -0.0506896, 0.0)], [0.0460507, -0.0298152, 0.486515, 1.0)]])
0.0460507, -0.0298152, 0.486515
float3(-0.102596, 1.62178, -1.56946)
256260.958240083
normal
simd_float4x4([[0.100507, -0.994876, -0.01096, 0.0)], [-0.0694249, 0.00397619, -0.997579, 0.0)], [0.992511, 0.101024, -0.0686695, 0.0)], [0.0431978, -0.0298213, 0.494634, 1.0)]])
0.0431978, -0.0298213, 0.494634
float3(-0.101197, 1.63987, -1.5668)
256261.058292791
normal
simd_float4x4([[0.102555, -0.994641, -0.0130805, 0.0)], [-0.0911361, 0.00369942, -0.995832, 0.0)], [0.990544, 0.103319, -0.0902684, 0.0)], [0.038249, -0.031904, 0.503006, 1.0)]])
0.038249, -0.031904, 0.503006
float3(-0.103504, 1.66168, -1.56708)
256261.158345416
normal
simd_float4x4([[0.105957, -0.994311, -0.0109273, 0.0)], [-0.113699, -0.00119762, -0.993514, 0.0)], [0.987849, 0.106512, -0.113179, 0.0)], [0.0325925, -0.0345296, 0.511041, 1.0)]])
0.0325925, -0.0345296, 0.511041
float3(-0.106715, 1.68487, -1.572)
256261.258397958
normal
simd_float4x4([[0.116774, -0.993143, -0.00550656, 0.0)], [-0.120891, -0.00871067, -0.992628, 0.0)], [0.985774, 0.116579, -0.121079, 0.0)], [0.0233515, -0.0391565, 0.518356, 1.0)]])
0.0233515, -0.0391565, 0.518356
float3(-0.116844, 1.69301, -1.57957)
256261.358450666
normal
simd_float4x4([[0.12647, -0.991959, 0.00473488, 0.0)], [-0.118471, -0.0198432, -0.992759, 0.0)], [0.98487, 0.124994, -0.120028, 0.0)], [0.00913533, -0.0442082, 0.521166, 1.0)]])
0.00913533, -0.0442082, 0.521166
float3(-0.125322, 1.69207, -1.5908)
256261.458503333
normal
simd_float4x4([[0.139099, -0.990273, 0.00318213, 0.0)], [-0.113924, -0.0191942, -0.993304, 0.0)], [0.983704, 0.137805, -0.115486, 0.0)], [-0.0124443, -0.0470956, 0.518181, 1.0)]])
-0.0124443, -0.0470956, 0.518181
float3(-0.138245, 1.68766, -1.59018)
256261.558556041
normal
simd_float4x4([[0.147857, -0.989009, 0.000415832, 0.0)], [-0.111868, -0.0171421, -0.993575, 0.0)], [0.982661, 0.146861, -0.113173, 0.0)], [-0.0397626, -0.0514381, 0.513714, 1.0)]])
-0.0397626, -0.0514381, 0.513714
float3(-0.147394, 1.68546, -1.58813)
256261.658608708
normal
simd_float4x4([[0.157887, -0.987457, -0.000661612, 0.0)], [-0.115877, -0.0178624, -0.993103, 0.0)], [0.980635, 0.156875, -0.117244, 0.0)], [-0.0768522, -0.0584494, 0.506806, 1.0)]])
-0.0768522, -0.0584494, 0.506806
float3(-0.157525, 1.68979, -1.58888)
256261.758661333
normal
simd_float4x4([[0.170547, -0.985349, 0.00108813, 0.0)], [-0.125736, -0.0228579, -0.9918, 0.0)], [0.977294, 0.169012, -0.127792, 0.0)], [-0.122976, -0.0670125, 0.495328, 1.0)]])
-0.122976, -0.0670125, 0.495328
float3(-0.169827, 1.70082, -1.59399)
256261.858714125
normal
simd_float4x4([[0.167987, -0.985653, 0.0164012, 0.0)], [-0.12636, -0.0380302, -0.991255, 0.0)], [0.977657, 0.164446, -0.130936, 0.0)], [-0.174937, -0.0711348, 0.479755, 1.0)]])
-0.174937, -0.0711348, 0.479755
float3(-0.165196, 1.70393, -1.60936)
256261.958766583
normal
simd_float4x4([[0.169189, -0.985501, 0.0127756, 0.0)], [-0.121831, -0.0337753, -0.991976, 0.0)], [0.978025, 0.166275, -0.125779, 0.0)], [-0.236655, -0.0681671, 0.461513, 1.0)]])
-0.236655, -0.0681671, 0.461513
float3(-0.167051, 1.6987, -1.60506)
256262.058819416
normal
simd_float4x4([[0.164697, -0.9863, 0.0092864, 0.0)], [-0.104469, -0.0268053, -0.994167, 0.0)], [0.980796, 0.162767, -0.107453, 0.0)], [-0.301162, -0.0630928, 0.443366, 1.0)]])
-0.301162, -0.0630928, 0.443366
float3(-0.163494, 1.67992, -1.59797)
256262.158872
normal
simd_float4x4([[0.145198, -0.989387, 0.00549533, 0.0)], [-0.101697, -0.0204488, -0.994605, 0.0)], [0.984162, 0.143856, -0.103587, 0.0)], [-0.358398, -0.0612587, 0.427804, 1.0)]])
-0.358398, -0.0612587, 0.427804
float3(-0.144356, 1.67566, -1.59146)
256262.258924833
normal
simd_float4x4([[0.172228, -0.985055, 0.00197616, 0.0)], [-0.0941275, -0.0184543, -0.995389, 0.0)], [0.98055, 0.171248, -0.0958991, 0.0)], [-0.423245, -0.0607726, 0.418508, 1.0)]])
-0.423245, -0.0607726, 0.418508
float3(-0.172097, 1.66829, -1.58953)
256262.358977416
normal
simd_float4x4([[0.170135, -0.98542, -0.000773164, 0.0)], [-0.0856594, -0.0140076, -0.996226, 0.0)], [0.981691, 0.169559, -0.0867937, 0.0)], [-0.486726, -0.0602451, 0.412472, 1.0)]])
-0.486726, -0.0602451, 0.412472
float3(-0.170382, 1.65898, -1.58501)
256262.459030041
normal
simd_float4x4([[0.178842, -0.983689, -0.01928, 0.0)], [-0.0786073, 0.00524739, -0.996892, 0.0)], [0.980733, 0.179802, -0.0763866, 0.0)], [-0.556526, -0.0663236, 0.412276, 1.0)]])
-0.556526, -0.0663236, 0.412276
float3(-0.180785, 1.64853, -1.56546)
256262.559082625
normal
simd_float4x4([[0.17057, -0.985324, -0.0065585, 0.0)], [-0.0587185, -0.00352013, -0.998268, 0.0)], [0.983594, 0.17066, -0.0584572, 0.0)], [-0.631023, -0.0754593, 0.412416, 1.0)]])
-0.631023, -0.0754593, 0.412416
float3(-0.171499, 1.63016, -1.57437)
256262.659135166
normal
simd_float4x4([[0.158425, -0.987312, -0.0107593, 0.0)], [-0.0305398, 0.00599183, -0.999516, 0.0)], [0.986899, 0.158677, -0.029203, 0.0)], [-0.710713, -0.0811206, 0.420811, 1.0)]])
-0.710713, -0.0811206, 0.420811
float3(-0.15935, 1.60038, -1.56473)
256262.759187875
normal
simd_float4x4([[0.170476, -0.985312, -0.00986863, 0.0)], [-0.00263922, 0.00955862, -0.999951, 0.0)], [0.985358, 0.170494, -0.000970911, 0.0)], [-0.795048, -0.0769719, 0.430678, 1.0)]])
-0.795048, -0.0769719, 0.430678
float3(-0.171331, 1.57178, -1.5611)
256262.859240583
normal
simd_float4x4([[0.169151, -0.985544, 0.00957895, 0.0)], [0.0305004, -0.00447999, -0.999525, 0.0)], [0.985118, 0.169362, 0.0293017, 0.0)], [-0.873642, -0.0700589, 0.434549, 1.0)]])
-0.873642, -0.0700589, 0.434549
float3(-0.170183, 1.54106, -1.57534)
256262.959293333
normal
simd_float4x4([[0.184341, -0.982465, 0.0279616, 0.0)], [0.0459211, -0.0198088, -0.998749, 0.0)], [0.981789, 0.185394, 0.0414643, 0.0)], [-0.944409, -0.065513, 0.431969, 1.0)]])
-0.944409, -0.065513, 0.431969
float3(-0.186473, 1.52859, -1.59096)
256263.059345791
normal
simd_float4x4([[0.171523, -0.984178, 0.0444292, 0.0)], [0.067322, -0.0332831, -0.997176, 0.0)], [0.982877, 0.17403, 0.060548, 0.0)], [-1.01021, -0.061823, 0.426394, 1.0)]])
-1.01021, -0.061823, 0.426394
float3(-0.17492, 1.50927, -1.6046)
256263.1593985
normal
simd_float4x4([[0.162641, -0.985053, 0.0567314, 0.0)], [0.0766114, -0.0447159, -0.996058, 0.0)], [0.983707, 0.166347, 0.0681937, 0.0)], [-1.08295, -0.0689925, 0.414984, 1.0)]])
-1.08295, -0.0689925, 0.414984
float3(-0.167123, 1.50158, -1.61616)
256263.259451166
normal
simd_float4x4([[0.157834, -0.986006, 0.053666, 0.0)], [0.0778404, -0.0417546, -0.996091, 0.0)], [0.984393, 0.161394, 0.0701608, 0.0)], [-1.15974, -0.0753218, 0.402431, 1.0)]])
-1.15974, -0.0753218, 0.402431
float3(-0.162103, 1.49964, -1.61312)
256263.359503666
normal
simd_float4x4([[0.141172, -0.988871, 0.046954, 0.0)], [0.0663502, -0.0378714, -0.997078, 0.0)], [0.987759, 0.143875, 0.0602654, 0.0)], [-1.23685, -0.075369, 0.385539, 1.0)]])
-1.23685, -0.075369, 0.385539
float3(-0.144376, 1.50986, -1.60908)
256263.459556416
normal
simd_float4x4([[0.145108, -0.989057, 0.0266301, 0.0)], [0.0576466, -0.0184178, -0.998167, 0.0)], [0.987735, 0.146378, 0.0543433, 0.0)], [-1.31835, -0.0634913, 0.368116, 1.0)]])
-1.31835, -0.0634913, 0.368116
float3(-0.146905, 1.51583, -1.58942)
256263.559609
normal
simd_float4x4([[0.136414, -0.990601, 0.0100096, 0.0)], [0.0332969, -0.00551355, -0.99943, 0.0)], [0.990092, 0.136669, 0.0322319, 0.0)], [-1.39078, -0.051112, 0.350475, 1.0)]])
-1.39078, -0.051112, 0.350475
float3(-0.137098, 1.53825, -1.57636)
256263.659661833
normal
simd_float4x4([[0.143518, -0.989576, 0.0118992, 0.0)], [0.0377122, -0.00654635, -0.999267, 0.0)], [0.988929, 0.143861, 0.0363796, 0.0)], [-1.46773, -0.0466391, 0.339178, 1.0)]])
-1.46773, -0.0466391, 0.339178
float3(-0.144362, 1.53403, -1.57741)
256263.759714375
normal
simd_float4x4([[0.137854, -0.990443, -0.00430626, 0.0)], [0.0314884, 0.00872818, -0.999466, 0.0)], [0.989952, 0.137645, 0.0323907, 0.0)], [-1.5379, -0.0443047, 0.332319, 1.0)]])
-1.5379, -0.0443047, 0.332319
float3(-0.138083, 1.53809, -1.56198)
256263.859766875
normal
simd_float4x4([[0.13147, -0.991292, -0.00750885, 0.0)], [0.0377037, 0.0125693, -0.99921, 0.0)], [0.990603, 0.131083, 0.0390279, 0.0)], [-1.62197, -0.0524974, 0.327203, 1.0)]])
-1.62197, -0.0524974, 0.327203
float3(-0.131462, 1.53142, -1.55812)
256263.959819666
normal
simd_float4x4([[0.109017, -0.994015, 0.00699944, 0.0)], [0.0449432, -0.00210538, -0.998987, 0.0)], [0.993023, 0.109221, 0.0444447, 0.0)], [-1.70229, -0.0601176, 0.32511, 1.0)]])
-1.70229, -0.0601176, 0.32511
float3(-0.109439, 1.52607, -1.57291)
256264.059872125
normal
simd_float4x4([[0.100845, -0.994902, -0.000780192, 0.0)], [0.0627659, 0.0071447, -0.998003, 0.0)], [0.99292, 0.100595, 0.0631665, 0.0)], [-1.78683, -0.0641548, 0.32984, 1.0)]])
-1.78683, -0.0641548, 0.32984
float3(-0.100765, 1.50727, -1.56362)
256264.159924958
normal
simd_float4x4([[0.107853, -0.994085, 0.0127694, 0.0)], [0.0914216, -0.00287278, -0.995808, 0.0)], [0.989955, 0.108568, 0.090571, 0.0)], [-1.8705, -0.0556631, 0.33161, 1.0)]])
-1.8705, -0.0556631, 0.33161
float3(-0.108783, 1.47956, -1.57369)
256264.259977541
normal
simd_float4x4([[0.106052, -0.994243, 0.0152983, 0.0)], [0.0805259, -0.00674715, -0.99673, 0.0)], [0.991095, 0.106937, 0.0793468, 0.0)], [-1.94874, -0.0446319, 0.329205, 1.0)]])
-1.94874, -0.0446319, 0.329205
float3(-0.107142, 1.49091, -1.57758)
256264.360029958
normal
simd_float4x4([[0.113737, -0.991884, 0.0568312, 0.0)], [0.0879931, -0.0469207, -0.995016, 0.0)], [0.989607, 0.118171, 0.0819423, 0.0)], [-2.03118, -0.046203, 0.318607, 1.0)]])
-2.03118, -0.046203, 0.318607
float3(-0.118448, 1.48818, -1.61807)
256264.460082875
normal
simd_float4x4([[0.114208, -0.991504, 0.0622543, 0.0)], [0.0880492, -0.0523154, -0.994741, 0.0)], [0.989547, 0.119089, 0.0813263, 0.0)], [-2.11964, -0.0519675, 0.314636, 1.0)]])
-2.11964, -0.0519675, 0.314636
float3(-0.119372, 1.4888, -1.62351)
256264.560135333
normal
simd_float4x4([[0.111854, -0.992811, 0.0426035, 0.0)], [0.0787223, -0.0338849, -0.996321, 0.0)], [0.990602, 0.114796, 0.0743663, 0.0)], [-2.21207, -0.0611824, 0.306984, 1.0)]])
-2.21207, -0.0611824, 0.306984
float3(-0.115049, 1.49587, -1.60491)
256264.660188041
normal
simd_float4x4([[0.117525, -0.992734, 0.0258413, 0.0)], [0.0632496, -0.018486, -0.997827, 0.0)], [0.991054, 0.118904, 0.0606174, 0.0)], [-2.30964, -0.0632123, 0.293304, 1.0)]])
-2.30964, -0.0632123, 0.293304
float3(-0.119186, 1.50971, -1.58942)
256264.760240583
normal
simd_float4x4([[0.138885, -0.990063, 0.0220311, 0.0)], [0.0451027, -0.0158998, -0.998856, 0.0)], [0.989281, 0.13972, 0.0424463, 0.0)], [-2.40467, -0.0522962, 0.274514, 1.0)]])
-2.40467, -0.0522962, 0.274514
float3(-0.140178, 1.52792, -1.58685)
256264.860293333
normal
simd_float4x4([[0.127358, -0.991807, 0.0099872, 0.0)], [0.0398787, -0.00494076, -0.999192, 0.0)], [0.991055, 0.127653, 0.0389227, 0.0)], [-2.49036, -0.0428224, 0.265692, 1.0)]])
-2.49036, -0.0428224, 0.265692
float3(-0.128002, 1.53154, -1.57578)
256264.960345791
normal
simd_float4x4([[0.148783, -0.988784, -0.0130634, 0.0)], [0.0285696, 0.0175031, -0.999439, 0.0)], [0.988457, 0.148326, 0.0308534, 0.0)], [-2.58537, -0.0392361, 0.260064, 1.0)]])
-2.58537, -0.0392361, 0.260064
float3(-0.148875, 1.53959, -1.5531)
256265.060398541
normal
simd_float4x4([[0.140835, -0.98961, -0.0289264, 0.0)], [0.0350279, 0.03418, -0.998802, 0.0)], [0.989413, 0.139653, 0.0394777, 0.0)], [-2.67791, -0.0427069, 0.256097, 1.0)]])
-2.67791, -0.0427069, 0.256097
float3(-0.140111, 1.53092, -1.53627)
256265.160451125
normal
simd_float4x4([[0.1247, -0.991815, -0.0274377, 0.0)], [0.0470164, 0.0335293, -0.998331, 0.0)], [0.99108, 0.123202, 0.0508128, 0.0)], [-2.7756, -0.0542381, 0.255436, 1.0)]])
-2.7756, -0.0542381, 0.255436
float3(-0.123516, 1.51957, -1.537)
256265.260503666
normal
simd_float4x4([[0.115823, -0.992983, -0.0238904, 0.0)], [0.0613035, 0.0311528, -0.997633, 0.0)], [0.991376, 0.114084, 0.0644815, 0.0)], [-2.88247, -0.0605207, 0.258259, 1.0)]])
-2.88247, -0.0605207, 0.258259
float3(-0.114333, 1.50585, -1.53943)
256265.360556416
normal
simd_float4x4([[0.138334, -0.990383, -0.00210203, 0.0)], [0.0818497, 0.0135476, -0.996553, 0.0)], [0.986998, 0.137685, 0.0829367, 0.0)], [-2.99306, -0.0573175, 0.257949, 1.0)]])
-2.99306, -0.0573175, 0.257949
float3(-0.138124, 1.48696, -1.55712)
256265.460608958
normal
simd_float4x4([[0.120749, -0.992676, 0.00383971, 0.0)], [0.0794804, 0.00581228, -0.99682, 0.0)], [0.989496, 0.12067, 0.0796001, 0.0)], [-3.09588, -0.0504755, 0.258662, 1.0)]])
-3.09588, -0.0504755, 0.258662
float3(-0.120965, 1.49052, -1.56494)
256265.560661583
normal
simd_float4x4([[0.17945, -0.983751, -0.00561147, 0.0)], [0.100133, 0.0239396, -0.994686, 0.0)], [0.978658, 0.177935, 0.102802, 0.0)], [-3.20531, -0.0468452, 0.257418, 1.0)]])
-3.20531, -0.0468452, 0.257418
float3(-0.178887, 1.46614, -1.54647)
256265.660714125
normal
simd_float4x4([[0.155868, -0.987644, 0.0162357, 0.0)], [0.100428, -0.000506348, -0.994944, 0.0)], [0.982659, 0.156711, 0.0991081, 0.0)], [-3.3076, -0.0523977, 0.249597, 1.0)]])
-3.3076, -0.0523977, 0.249597
float3(-0.15736, 1.47028, -1.57131)
256265.760766708
normal
simd_float4x4([[0.147552, -0.988969, 0.0129725, 0.0)], [0.0893053, 0.000259379, -0.996004, 0.0)], [0.985014, 0.148121, 0.0883585, 0.0)], [-3.40492, -0.0613607, 0.237275, 1.0)]])
-3.40492, -0.0613607, 0.237275
float3(-0.148668, 1.48133, -1.57053)
256265.860819416
normal
simd_float4x4([[0.149606, -0.988737, 0.00426715, 0.0)], [0.0668131, 0.00580343, -0.997749, 0.0)], [0.986486, 0.149554, 0.0669288, 0.0)], [-3.50739, -0.0657351, 0.222503, 1.0)]])
-3.50739, -0.0657351, 0.222503
float3(-0.150117, 1.50305, -1.56493)
256265.960872041
normal
simd_float4x4([[0.166101, -0.985971, 0.0165064, 0.0)], [0.042883, -0.00950084, -0.999035, 0.0)], [0.985176, 0.166649, 0.0407033, 0.0)], [-3.60769, -0.054765, 0.201812, 1.0)]])
-3.60769, -0.054765, 0.201812
float3(-0.16743, 1.5295, -1.58043)
256266.060924708
normal
simd_float4x4([[0.155174, -0.987886, -0.00159662, 0.0)], [0.0345915, 0.0070487, -0.999377, 0.0)], [0.987282, 0.155022, 0.0352662, 0.0)], [-3.7017, -0.0409871, 0.195457, 1.0)]])
-3.7017, -0.0409871, 0.195457
float3(-0.155649, 1.53509, -1.56366)
256266.160977291
normal
simd_float4x4([[0.165897, -0.985922, -0.0208647, 0.0)], [0.0194528, 0.0244255, -0.999512, 0.0)], [0.985951, 0.16541, 0.0232311, 0.0)], [-3.79887, -0.0340653, 0.191684, 1.0)]])
-3.79887, -0.0340653, 0.191684
float3(-0.166174, 1.54724, -1.54603)
256266.26102975
normal
simd_float4x4([[0.162098, -0.985964, -0.0399863, 0.0)], [0.0258146, 0.0447454, -0.998665, 0.0)], [0.986437, 0.160849, 0.0327055, 0.0)], [-3.89217, -0.0368642, 0.19199, 1.0)]])
-3.89217, -0.0368642, 0.19199
float3(-0.161551, 1.53765, -1.52544)
256266.361082541
normal
simd_float4x4([[0.145204, -0.988757, -0.0357082, 0.0)], [0.0292953, 0.0403714, -0.998755, 0.0)], [0.988968, 0.143977, 0.0348281, 0.0)], [-3.98373, -0.043747, 0.194733, 1.0)]])
-3.98373, -0.043747, 0.194733
float3(-0.144479, 1.53559, -1.52999)
256266.461135083
normal
simd_float4x4([[0.137102, -0.990172, -0.0276169, 0.0)], [0.0396703, 0.0333465, -0.998656, 0.0)], [0.989762, 0.135823, 0.0438523, 0.0)], [-4.08525, -0.0506471, 0.200502, 1.0)]])
-4.08525, -0.0506471, 0.200502
float3(-0.136244, 1.52652, -1.53713)
256266.561187666
normal
simd_float4x4([[0.160512, -0.987034, -0.000880818, 0.0)], [0.0513127, 0.00923565, -0.99864, 0.0)], [0.985699, 0.160248, 0.0521298, 0.0)], [-4.19463, -0.0443969, 0.205342, 1.0)]])
-4.19463, -0.0443969, 0.205342
float3(-0.160942, 1.51796, -1.56144)
256266.661240208
normal
