ARKit Data
1190816.18315033
normal
simd_float4x4([[-0.0195868, -0.966486, 0.255973, 0.0)], [0.933839, 0.0737727, 0.350003, 0.0)], [-0.357156, 0.245893, 0.901097, 0.0)], [-0.422026, 0.00539921, -0.552536, 1.0)]])
-0.422026, 0.00539921, -0.552536
float3(-0.248441, -0.377362, -1.49461)
1190816.503038
notAvailable
simd_float4x4([[1.0, 0.0, 0.0, 0.0)], [0.0, 1.0, 0.0, 0.0)], [0.0, 0.0, 1.0, 0.0)], [0.0, 0.0, 0.0, 1.0)]])
0.0, 0.0, 0.0
float3(-0.0, 0.0, 0.0)
1190816.61968817
notAvailable
simd_float4x4([[1.0, 0.0, 0.0, 0.0)], [0.0, 1.0, 0.0, 0.0)], [0.0, 0.0, 1.0, 0.0)], [0.0, 0.0, 0.0, 1.0)]])
0.0, 0.0, 0.0
float3(-0.0, 0.0, 0.0)
1190816.73633833
limited(__ObjC.ARCamera.TrackingState.Reason.initializing)
simd_float4x4([[-0.00925994, -0.963666, 0.266948, 0.0)], [0.998594, -0.0228442, -0.0478267, 0.0)], [0.0521872, 0.26613, 0.962523, 0.0)], [0.0, 0.0, 0.0, 1.0)]])
0.0, 0.0, 0.0
float3(-0.269376, 0.0541661, -1.5945)
1190816.85298858
limited(__ObjC.ARCamera.TrackingState.Reason.initializing)
simd_float4x4([[-0.0420661, -0.967833, 0.248053, 0.0)], [0.984898, -0.0819028, -0.152538, 0.0)], [0.167947, 0.23789, 0.956662, 0.0)], [0.0, 0.0, 0.0, 1.0)]])
0.0, 0.0, 0.0
float3(-0.240193, 0.173784, -1.65522)
1190816.96963875
limited(__ObjC.ARCamera.TrackingState.Reason.initializing)
simd_float4x4([[-0.0405868, -0.972429, 0.229638, 0.0)], [0.950131, -0.108682, -0.292299, 0.0)], [0.309198, 0.206322, 0.928346, 0.0)], [0.0, 0.0, 0.0, 1.0)]])
0.0, 0.0, 0.0
float3(-0.207815, 0.321507, -1.6821)
1190817.08628908
limited(__ObjC.ARCamera.TrackingState.Reason.initializing)
simd_float4x4([[-0.0253024, -0.977162, 0.210981, 0.0)], [0.897801, -0.115034, -0.425113, 0.0)], [0.439674, 0.178662, 0.880207, 0.0)], [0.0, 0.0, 0.0, 1.0)]])
0.0, 0.0, 0.0
float3(-0.179627, 0.463257, -1.68798)
1190817.20293925
limited(__ObjC.ARCamera.TrackingState.Reason.initializing)
simd_float4x4([[-0.0202014, -0.981932, 0.188147, 0.0)], [0.837858, -0.119305, -0.53269, 0.0)], [0.545513, 0.14688, 0.82513, 0.0)], [0.0, 0.0, 0.0, 1.0)]])
0.0, 0.0, 0.0
float3(-0.147413, 0.584155, -1.6917)
1190817.31958946
limited(__ObjC.ARCamera.TrackingState.Reason.initializing)
simd_float4x4([[0.058892, -0.990016, 0.128056, 0.0)], [0.805453, -0.0286561, -0.591966, 0.0)], [0.589726, 0.138006, 0.795724, 0.0)], [0.0, 0.0, 0.0, 1.0)]])
0.0, 0.0, 0.0
float3(-0.138447, 0.637793, -1.59973)
1190817.43623971
limited(__ObjC.ARCamera.TrackingState.Reason.initializing)
simd_float4x4([[0.115673, -0.991639, 0.057185, 0.0)], [0.799818, 0.0588503, -0.59735, 0.0)], [0.588991, 0.114835, 0.799938, 0.0)], [0.0, 0.0, 0.0, 1.0)]])
0.0, 0.0, 0.0
float3(-0.115089, 0.634673, -1.51152)
1190817.55288987
limited(__ObjC.ARCamera.TrackingState.Reason.initializing)
simd_float4x4([[0.138745, -0.990088, 0.0217959, 0.0)], [0.824342, 0.103265, -0.556593, 0.0)], [0.548826, 0.0951917, 0.830499, 0.0)], [0.0, 0.0, 0.0, 1.0)]])
0.0, 0.0, 0.0
float3(-0.095336, 0.583957, -1.46687)
1190817.66954017
limited(__ObjC.ARCamera.TrackingState.Reason.initializing)
simd_float4x4([[0.143475, -0.989591, 0.010988, 0.0)], [0.870265, 0.120873, -0.477522, 0.0)], [0.471225, 0.0780754, 0.878549, 0.0)], [0.0, 0.0, 0.0, 1.0)]])
0.0, 0.0, 0.0
float3(-0.0781549, 0.492316, -1.44925)
1190817.78619042
limited(__ObjC.ARCamera.TrackingState.Reason.initializing)
simd_float4x4([[0.131382, -0.99121, 0.0153657, 0.0)], [0.924176, 0.11686, -0.363651, 0.0)], [0.35866, 0.0619782, 0.931406, 0.0)], [0.0, 0.0, 0.0, 1.0)]])
0.0, 0.0, 0.0
float3(-0.0620179, 0.367573, -1.45344)
1190817.90284063
limited(__ObjC.ARCamera.TrackingState.Reason.initializing)
simd_float4x4([[0.123141, -0.99225, 0.0164849, 0.0)], [0.972135, 0.117273, -0.202979, 0.0)], [0.199474, 0.0410208, 0.979042, 0.0)], [0.0, 0.0, 0.0, 1.0)]])
0.0, 0.0, 0.0
float3(-0.0410323, 0.200993, -1.45315)
1190818.01949079
limited(__ObjC.ARCamera.TrackingState.Reason.initializing)
simd_float4x4([[0.123121, -0.992156, 0.0215452, 0.0)], [0.9923, 0.122787, -0.0162348, 0.0)], [0.0134622, 0.0233782, 0.999634, 0.0)], [0.0, 0.0, 0.0, 1.0)]])
0.0, 0.0, 0.0
float3(-0.0233803, 0.0134664, -1.44767)
1190818.13614113
limited(__ObjC.ARCamera.TrackingState.Reason.initializing)
simd_float4x4([[0.109354, -0.993545, 0.0300889, 0.0)], [0.975982, 0.11306, 0.186217, 0.0)], [-0.188417, 0.00900265, 0.982046, 0.0)], [0.0, 0.0, 0.0, 1.0)]])
0.0, 0.0, 0.0
float3(-0.00900277, -0.189558, -1.45749)
1190818.25279125
limited(__ObjC.ARCamera.TrackingState.Reason.initializing)
simd_float4x4([[0.0828114, -0.995535, 0.0452743, 0.0)], [0.929249, 0.0935512, 0.357413, 0.0)], [-0.360053, 0.0124733, 0.932847, 0.0)], [0.0, 0.0, 0.0, 1.0)]])
0.0, 0.0, 0.0
float3(-0.0124736, -0.368355, -1.4771)
1190818.36944142
limited(__ObjC.ARCamera.TrackingState.Reason.initializing)
simd_float4x4([[0.0637137, -0.997239, 0.0380987, 0.0)], [0.851545, 0.0742325, 0.518999, 0.0)], [-0.520395, -0.000624456, 0.853924, 0.0)], [0.0, 0.0, 0.0, 1.0)]])
0.0, 0.0, 0.0
float3(0.000624456, -0.547314, -1.4965)
1190818.48609175
limited(__ObjC.ARCamera.TrackingState.Reason.initializing)
simd_float4x4([[0.057238, -0.998052, 0.0247544, 0.0)], [0.763296, 0.0597289, 0.643282, 0.0)], [-0.643508, -0.017925, 0.765227, 0.0)], [0.0, 0.0, 0.0, 1.0)]])
0.0, 0.0, 0.0
float3(0.0179259, -0.699209, -1.51102)
1190818.60275292
limited(__ObjC.ARCamera.TrackingState.Reason.initializing)
simd_float4x4([[0.0604457, -0.998067, 0.0143471, 0.0)], [0.671721, 0.0513036, 0.739025, 0.0)], [-0.738333, -0.0350332, 0.673523, 0.0)], [0.0, 0.0, 0.0, 1.0)]])
0.0, 0.0, 0.0
float3(0.0350404, -0.83127, -1.51944)
1190818.70280512
limited(__ObjC.ARCamera.TrackingState.Reason.initializing)
simd_float4x4([[0.0678932, -0.997615, 0.0123157, 0.0)], [0.583082, 0.0496913, 0.810891, 0.0)], [-0.809571, -0.0478725, 0.585065, 0.0)], [0.0, 0.0, 0.0, 1.0)]])
0.0, 0.0, 0.0
float3(0.0478908, -0.945007, -1.52103)
1190818.80285754
limited(__ObjC.ARCamera.TrackingState.Reason.initializing)
simd_float4x4([[0.0545253, -0.998467, 0.00928969, 0.0)], [0.481216, 0.0344266, 0.875924, 0.0)], [-0.874903, -0.0432889, 0.482355, 0.0)], [0.0, 0.0, 0.0, 1.0)]])
0.0, 0.0, 0.0
float3(0.0433024, -1.06694, -1.53633)
1190818.90290975
limited(__ObjC.ARCamera.TrackingState.Reason.initializing)
simd_float4x4([[0.0527566, -0.998594, 0.00487729, 0.0)], [0.368093, 0.0239847, 0.929478, 0.0)], [-0.92829, -0.0472399, 0.368839, 0.0)], [0.0, 0.0, 0.0, 1.0)]])
0.0, 0.0, 0.0
float3(0.0472575, -1.19259, -1.54678)
1190819.00296204
limited(__ObjC.ARCamera.TrackingState.Reason.initializing)
simd_float4x4([[0.0491961, -0.99876, -0.00730305, 0.0)], [0.251939, 0.00533167, 0.967727, 0.0)], [-0.96649, -0.049447, 0.251887, 0.0)], [0.0, 0.0, 0.0, 1.0)]])
0.0, 0.0, 0.0
float3(0.0494672, -1.31585, -1.56546)
1190819.10301429
limited(__ObjC.ARCamera.TrackingState.Reason.initializing)
simd_float4x4([[0.0510311, -0.998494, -0.0200645, 0.0)], [0.129639, -0.0132996, 0.991471, 0.0)], [-0.990246, -0.0531955, 0.128763, 0.0)], [0.0, 0.0, 0.0, 1.0)]])
0.0, 0.0, 0.0
float3(0.0532207, -1.44149, -1.58412)
1190819.2030665
limited(__ObjC.ARCamera.TrackingState.Reason.initializing)
simd_float4x4([[0.04909, -0.998307, -0.0311607, 0.0)], [0.00228601, -0.0310876, 0.999512, 0.0)], [-0.99879, -0.0491358, 0.0007545, 0.0)], [0.0, 0.0, 0.0, 1.0)]])
0.0, 0.0, 0.0
float3(0.0491556, -1.57004, -1.60193)
1190819.30311883
limited(__ObjC.ARCamera.TrackingState.Reason.initializing)
simd_float4x4([[0.0456292, -0.998273, -0.0369497, 0.0)], [-0.118643, -0.0421439, 0.99204, 0.0)], [-0.991886, -0.0408801, -0.120363, 0.0)], [0.0, 0.0, 0.0, 1.0)]])
0.0, 0.0, 0.0
float3(0.0408915, -1.69155, -1.61299)
1190819.40317092
limited(__ObjC.ARCamera.TrackingState.Reason.initializing)
simd_float4x4([[0.0464479, -0.99787, -0.0457449, 0.0)], [-0.213518, -0.0546562, 0.975406, 0.0)], [-0.975831, -0.0355353, -0.215605, 0.0)], [0.0, 0.0, 0.0, 1.0)]])
0.0, 0.0, 0.0
float3(0.0355428, -1.78825, -1.62551)
1190819.50322329
limited(__ObjC.ARCamera.TrackingState.Reason.initializing)
simd_float4x4([[0.0399778, -0.997054, -0.0654234, 0.0)], [-0.273623, -0.0738989, 0.958992, 0.0)], [-0.961003, -0.0204346, -0.275774, 0.0)], [0.0, 0.0, 0.0, 1.0)]])
0.0, 0.0, 0.0
float3(0.020436, -1.85025, -1.64478)
1190819.60327558
limited(__ObjC.ARCamera.TrackingState.Reason.initializing)
simd_float4x4([[0.0264578, -0.995667, -0.0891216, 0.0)], [-0.288276, -0.0929672, 0.95302, 0.0)], [-0.957178, 0.000480354, -0.28949, 0.0)], [0.0, 0.0, 0.0, 1.0)]])
0.0, 0.0, 0.0
float3(-0.000480354, -1.86449, -1.6639)
1190819.70332783
limited(__ObjC.ARCamera.TrackingState.Reason.initializing)
simd_float4x4([[0.0183515, -0.993923, -0.108506, 0.0)], [-0.253376, -0.109608, 0.961135, 0.0)], [-0.96719, 0.00985831, -0.253851, 0.0)], [0.0, 0.0, 0.0, 1.0)]])
0.0, 0.0, 0.0
float3(-0.00985847, -1.82747, -1.68063)
1190819.80338008
limited(__ObjC.ARCamera.TrackingState.Reason.initializing)
simd_float4x4([[0.00820842, -0.993328, -0.114999, 0.0)], [-0.181732, -0.114572, 0.976647, 0.0)], [-0.98331, 0.0128861, -0.181464, 0.0)], [0.0, 0.0, 0.0, 1.0)]])
0.0, 0.0, 0.0
float3(-0.0128865, -1.75329, -1.68563)
1190819.90343225
limited(__ObjC.ARCamera.TrackingState.Reason.initializing)
simd_float4x4([[0.000593626, -0.993523, -0.113595, 0.0)], [-0.0854925, -0.113233, 0.98988, 0.0)], [-0.996335, 0.00912809, -0.0850097, 0.0)], [0.0, 0.0, 0.0, 1.0)]])
0.0, 0.0, 0.0
float3(-0.00912822, -1.65591, -1.68428)
1190820.0034845
limited(__ObjC.ARCamera.TrackingState.Reason.initializing)
simd_float4x4([[-0.00330984, -0.993986, -0.109422, 0.0)], [0.0224539, -0.109473, 0.993733, 0.0)], [-0.999739, 0.000836015, 0.0226778, 0.0)], [0.0, 0.0, 0.0, 1.0)]])
0.0, 0.0, 0.0
float3(-0.000836015, -1.54812, -1.68049)
1190820.10353671
limited(__ObjC.ARCamera.TrackingState.Reason.initializing)
simd_float4x4([[-0.00272058, -0.994123, -0.108185, 0.0)], [0.13891, -0.107516, 0.984448, 0.0)], [-0.990298, -0.012346, 0.138382, 0.0)], [0.0, 0.0, 0.0, 1.0)]])
0.0, 0.0, 0.0
float3(0.0123463, -1.43196, -1.67853)
1190820.203589
limited(__ObjC.ARCamera.TrackingState.Reason.initializing)
simd_float4x4([[-0.00598984, -0.994208, -0.107268, 0.0)], [0.252329, -0.105306, 0.961891, 0.0)], [-0.96762, -0.021302, 0.251495, 0.0)], [0.0, 0.0, 0.0, 1.0)]])
0.0, 0.0, 0.0
float3(0.0213036, -1.31651, -1.67632)
1190820.30364125
limited(__ObjC.ARCamera.TrackingState.Reason.initializing)
simd_float4x4([[-0.00657216, -0.993989, -0.109244, 0.0)], [0.3595, -0.104295, 0.927296, 0.0)], [-0.933119, -0.0331758, 0.358021, 0.0)], [0.0, 0.0, 0.0, 1.0)]])
0.0, 0.0, 0.0
float3(0.0331819, -1.20444, -1.67534)
1190820.40369375
limited(__ObjC.ARCamera.TrackingState.Reason.initializing)
simd_float4x4([[-0.00815257, -0.994024, -0.108815, 0.0)], [0.467047, -0.100009, 0.878556, 0.0)], [-0.884193, -0.0436569, 0.465069, 0.0)], [0.0, 0.0, 0.0, 1.0)]])
0.0, 0.0, 0.0
float3(0.0436707, -1.08658, -1.67107)
1190820.50374579
limited(__ObjC.ARCamera.TrackingState.Reason.initializing)
simd_float4x4([[-0.00261092, -0.994511, -0.104553, 0.0)], [0.562396, -0.0879153, 0.822179, 0.0)], [-0.826862, -0.0566514, 0.559537, 0.0)], [0.0, 0.0, 0.0, 1.0)]])
0.0, 0.0, 0.0
float3(0.0566817, -0.97588, -1.65897)
1190820.603798
limited(__ObjC.ARCamera.TrackingState.Reason.initializing)
simd_float4x4([[0.00511359, -0.995103, -0.0986584, 0.0)], [0.634873, -0.0729984, 0.769158, 0.0)], [-0.772597, -0.0665669, 0.631389, 0.0)], [0.0, 0.0, 0.0, 1.0)]])
0.0, 0.0, 0.0
float3(0.0666161, -0.885638, -1.64402)
1190820.70385042
limited(__ObjC.ARCamera.TrackingState.Reason.initializing)
simd_float4x4([[0.00937671, -0.995988, -0.0889331, 0.0)], [0.697766, -0.057192, 0.714037, 0.0)], [-0.716262, -0.0687482, 0.694428, 0.0)], [0.0, 0.0, 0.0, 1.0)]])
0.0, 0.0, 0.0
float3(0.0688024, -0.800874, -1.62816)
1190820.80390258
limited(__ObjC.ARCamera.TrackingState.Reason.initializing)
simd_float4x4([[0.0106412, -0.99602, -0.08843, 0.0)], [0.766679, -0.0486501, 0.640183, 0.0)], [-0.641941, -0.0746085, 0.763108, 0.0)], [0.0, 0.0, 0.0, 1.0)]])
0.0, 0.0, 0.0
float3(0.0746779, -0.699374, -1.6196)
1190820.90395483
limited(__ObjC.ARCamera.TrackingState.Reason.initializing)
simd_float4x4([[-0.00869178, -0.99673, -0.0802655, 0.0)], [0.830361, -0.0519209, 0.554799, 0.0)], [-0.557156, -0.0618263, 0.828097, 0.0)], [0.0, 0.0, 0.0, 1.0)]])
0.0, 0.0, 0.0
float3(0.0618658, -0.592247, -1.62284)
1190821.00400704
limited(__ObjC.ARCamera.TrackingState.Reason.initializing)
simd_float4x4([[-0.0200313, -0.997373, -0.069537, 0.0)], [0.882098, -0.0503728, 0.468363, 0.0)], [-0.470638, -0.0519558, 0.880789, 0.0)], [0.0, 0.0, 0.0, 1.0)]])
0.0, 0.0, 0.0
float3(0.0519792, -0.490738, -1.62126)
1190821.10405917
limited(__ObjC.ARCamera.TrackingState.Reason.initializing)
simd_float4x4([[-0.0243216, -0.998128, -0.0560123, 0.0)], [0.918963, -0.0443835, 0.391836, 0.0)], [-0.393591, -0.0419426, 0.918321, 0.0)], [0.0, 0.0, 0.0, 1.0)]])
0.0, 0.0, 0.0
float3(0.0419549, -0.404915, -1.61523)
1190821.20411154
limited(__ObjC.ARCamera.TrackingState.Reason.initializing)
simd_float4x4([[-0.022984, -0.999323, -0.0285066, 0.0)], [0.953948, -0.0304549, 0.298422, 0.0)], [-0.299091, -0.0203346, 0.954001, 0.0)], [0.0, 0.0, 0.0, 1.0)]])
0.0, 0.0, 0.0
float3(0.020336, -0.303806, -1.60126)
1190821.30416383
limited(__ObjC.ARCamera.TrackingState.Reason.initializing)
simd_float4x4([[-0.0128521, -0.999732, -0.0189292, 0.0)], [0.979078, -0.0164281, 0.202819, 0.0)], [-0.203077, -0.0159264, 0.979026, 0.0)], [0.0, 0.0, 0.0, 1.0)]])
0.0, 0.0, 0.0
float3(0.015927, -0.204527, -1.58723)
1190821.40421621
limited(__ObjC.ARCamera.TrackingState.Reason.initializing)
simd_float4x4([[0.00010251, -0.999909, -0.0130551, 0.0)], [0.993379, -0.00139864, 0.114875, 0.0)], [-0.114884, -0.0129804, 0.993288, 0.0)], [0.0, 0.0, 0.0, 1.0)]])
0.0, 0.0, 0.0
float3(0.0129807, -0.115148, -1.5722)
1190821.50426842
limited(__ObjC.ARCamera.TrackingState.Reason.initializing)
simd_float4x4([[0.0107765, -0.999932, -0.00275614, 0.0)], [0.999084, 0.0106528, 0.0414404, 0.0)], [-0.0414084, -0.00320019, 0.999131, 0.0)], [0.0, 0.0, 0.0, 1.0)]])
0.0, 0.0, 0.0
float3(0.0032002, -0.0414207, -1.56014)
1190821.60429867
limited(__ObjC.ARCamera.TrackingState.Reason.initializing)
simd_float4x4([[0.0210748, -0.99977, 0.00157853, 0.0)], [0.998768, 0.0209829, -0.0449593, 0.0)], [0.0449163, 0.00252411, 0.998981, 0.0)], [0.0, 0.0, 0.0, 1.0)]])
0.0, 0.0, 0.0
float3(-0.00252412, 0.0449319, -1.54981)
1190821.72094887
limited(__ObjC.ARCamera.TrackingState.Reason.initializing)
simd_float4x4([[0.0213219, -0.999751, 0.00558352, 0.0)], [0.986735, 0.0201456, -0.161086, 0.0)], [0.160934, 0.00894422, 0.986918, 0.0)], [0.0, 0.0, 0.0, 1.0)]])
0.0, 0.0, 0.0
float3(-0.00894434, 0.161645, -1.55065)
1190821.83759892
limited(__ObjC.ARCamera.TrackingState.Reason.initializing)
simd_float4x4([[0.0192673, -0.999719, 0.0133779, 0.0)], [0.956978, 0.0145674, -0.289795, 0.0)], [0.28952, 0.0183862, 0.956989, 0.0)], [0.0, 0.0, 0.0, 1.0)]])
0.0, 0.0, 0.0
float3(-0.0183873, 0.293778, -1.55623)
1190821.95424925
limited(__ObjC.ARCamera.TrackingState.Reason.initializing)
simd_float4x4([[0.0178397, -0.999659, 0.0187804, 0.0)], [0.900506, 0.00790484, -0.434771, 0.0)], [0.434476, 0.0246687, 0.900339, 0.0)], [0.0, 0.0, 0.0, 1.0)]])
0.0, 0.0, 0.0
float3(-0.0246712, 0.449607, -1.56289)
1190822.07089946
limited(__ObjC.ARCamera.TrackingState.Reason.initializing)
simd_float4x4([[0.0273327, -0.999375, 0.0221441, 0.0)], [0.824068, 0.00999105, -0.566401, 0.0)], [0.565829, 0.0337306, 0.823825, 0.0)], [0.0, 0.0, 0.0, 1.0)]])
0.0, 0.0, 0.0
float3(-0.033737, 0.601833, -1.5608)
1190822.18754963
limited(__ObjC.ARCamera.TrackingState.Reason.initializing)
simd_float4x4([[0.0393033, -0.999047, 0.0186563, 0.0)], [0.732467, 0.0161099, -0.68061, 0.0)], [0.679665, 0.040417, 0.7324, 0.0)], [0.0, 0.0, 0.0, 1.0)]])
0.0, 0.0, 0.0
float3(-0.040428, 0.748069, -1.55467)
1190822.30419996
limited(__ObjC.ARCamera.TrackingState.Reason.initializing)
simd_float4x4([[0.0461782, -0.998917, 0.00463228, 0.0)], [0.634543, 0.0257561, -0.772456, 0.0)], [0.771504, 0.0386124, 0.635042, 0.0)], [0.0, 0.0, 0.0, 1.0)]])
0.0, 0.0, 0.0
float3(-0.038622, 0.882115, -1.54502)
1190822.42085025
limited(__ObjC.ARCamera.TrackingState.Reason.initializing)
simd_float4x4([[0.0468, -0.998873, 0.00710652, 0.0)], [0.52853, 0.0187297, -0.848704, 0.0)], [0.84762, 0.0434784, 0.528809, 0.0)], [0.0, 0.0, 0.0, 1.0)]])
0.0, 0.0, 0.0
float3(-0.0434921, 1.01301, -1.55205)
1190822.5375005
limited(__ObjC.ARCamera.TrackingState.Reason.initializing)
simd_float4x4([[0.0506285, -0.998642, 0.0118175, 0.0)], [0.42653, 0.0109261, -0.904404, 0.0)], [0.903052, 0.0508323, 0.426501, 0.0)], [0.0, 0.0, 0.0, 1.0)]])
0.0, 0.0, 0.0
float3(-0.0508542, 1.12956, -1.55986)
1190822.65415058
limited(__ObjC.ARCamera.TrackingState.Reason.initializing)
simd_float4x4([[0.0475422, -0.998831, 0.00806801, 0.0)], [0.329785, 0.00807652, -0.944018, 0.0)], [0.942854, 0.0475451, 0.32978, 0.0)], [0.0, 0.0, 0.0, 1.0)]])
0.0, 0.0, 0.0
float3(-0.0475631, 1.23433, -1.56271)
1190822.77080079
limited(__ObjC.ARCamera.TrackingState.Reason.initializing)
simd_float4x4([[0.0591722, -0.998148, 0.0137622, 0.0)], [0.239392, 0.000809789, -0.970918, 0.0)], [0.969114, 0.0607503, 0.238993, 0.0)], [0.0, 0.0, 0.0, 1.0)]])
0.0, 0.0, 0.0
float3(-0.0607878, 1.32901, -1.56999)
1190822.88746208
limited(__ObjC.ARCamera.TrackingState.Reason.initializing)
simd_float4x4([[0.0604552, -0.998054, 0.0149588, 0.0)], [0.154153, -0.00546652, -0.988028, 0.0)], [0.986192, 0.0620418, 0.153519, 0.0)], [0.0, 0.0, 0.0, 1.0)]])
0.0, 0.0, 0.0
float3(-0.0620816, 1.41637, -1.57627)
1190822.98751463
limited(__ObjC.ARCamera.TrackingState.Reason.initializing)
simd_float4x4([[0.0620841, -0.998016, 0.0100095, 0.0)], [0.0856587, -0.00465918, -0.996309, 0.0)], [0.994384, 0.0627171, 0.085195, 0.0)], [0.0, 0.0, 0.0, 1.0)]])
0.0, 0.0, 0.0
float3(-0.0627583, 1.48533, -1.57546)
1190823.08756671
limited(__ObjC.ARCamera.TrackingState.Reason.initializing)
simd_float4x4([[0.0620416, -0.998065, 0.0028778, 0.0)], [0.021923, -0.00151527, -0.999754, 0.0)], [0.997828, 0.0620945, 0.0217818, 0.0)], [0.0, 0.0, 0.0, 1.0)]])
0.0, 0.0, 0.0
float3(-0.0621345, 1.54897, -1.57231)
1190823.18761896
limited(__ObjC.ARCamera.TrackingState.Reason.initializing)
simd_float4x4([[0.0612761, -0.998098, -0.00595157, 0.0)], [-0.03071, 0.0040791, -0.999515, 0.0)], [0.997643, 0.0614343, -0.0304065, 0.0)], [0.0, 0.0, 0.0, 1.0)]])
0.0, 0.0, 0.0
float3(-0.061473, 1.60127, -1.56671)
1190823.28767121
normal
simd_float4x4([[0.053117, -0.998534, -0.0104172, 0.0)], [-0.0727457, 0.00653492, -0.997329, 0.0)], [0.995935, 0.053733, -0.0722918, 0.0)], [0.00376016, -0.000474833, 0.0128055, 1.0)]])
0.00376016, -0.000474833, 0.0128055
float3(-0.0537589, 1.64326, -1.56425)
1190823.3877235
normal
simd_float4x4([[0.0483539, -0.998692, -0.0166149, 0.0)], [-0.097077, 0.0118568, -0.995206, 0.0)], [0.994102, 0.049735, -0.0963767, 0.0)], [0.0042069, 1.85072e-05, 0.0210927, 1.0)]])
0.0042069, 1.85072e-05, 0.0210927
float3(-0.0497556, 1.66744, -1.55892)
1190823.48777588
normal
simd_float4x4([[0.0455665, -0.998796, -0.018201, 0.0)], [-0.0950416, 0.0138028, -0.995378, 0.0)], [0.99443, 0.0470857, -0.0942983, 0.0)], [0.00174099, 0.00196713, 0.0157924, 1.0)]])
0.00174099, 0.00196713, 0.0157924
float3(-0.0471031, 1.66534, -1.55698)
1190823.587828
normal
simd_float4x4([[0.049504, -0.998573, -0.020053, 0.0)], [-0.067608, 0.0166812, -0.997572, 0.0)], [0.996483, 0.0507396, -0.0666857, 0.0)], [-0.00186765, 0.000873163, 0.00255728, 1.0)]])
-0.00186765, 0.000873163, 0.00255728
float3(-0.0507614, 1.63762, -1.55409)
1190823.68788033
normal
simd_float4x4([[0.0509553, -0.998466, -0.021667, 0.0)], [-0.0159858, 0.020877, -0.999654, 0.0)], [0.998573, 0.051284, -0.0148974, 0.0)], [-0.00164676, -0.0014712, -0.01639, 1.0)]])
-0.00164676, -0.0014712, -0.01639
float3(-0.0513065, 1.58571, -1.54989)
1190823.78793254
normal
simd_float4x4([[0.0460776, -0.998633, -0.0246762, 0.0)], [0.0556996, 0.0272324, -0.998076, 0.0)], [0.997384, 0.0446145, 0.0568783, 0.0)], [0.00304365, -0.0023886, -0.0334825, 1.0)]])
0.00304365, -0.0023886, -0.0334825
float3(-0.0446293, 1.51383, -1.54353)
1190823.88798475
normal
simd_float4x4([[0.0440875, -0.99885, -0.0188378, 0.0)], [0.156021, 0.0255088, -0.987424, 0.0)], [0.986769, 0.040594, 0.156967, 0.0)], [0.00716475, -0.0027433, -0.0589533, 1.0)]])
0.00716475, -0.0027433, -0.0589533
float3(-0.0406051, 1.41305, -1.54526)
1190823.98803721
normal
simd_float4x4([[0.0436854, -0.998909, -0.0165325, 0.0)], [0.283027, 0.0282447, -0.958696, 0.0)], [0.958116, 0.0372018, 0.283952, 0.0)], [0.0148226, -0.00245092, -0.0907873, 1.0)]])
0.0148226, -0.00245092, -0.0907873
float3(-0.0372104, 1.28268, -1.54253)
1190824.08808929
normal
simd_float4x4([[0.0456594, -0.998687, -0.0232258, 0.0)], [0.427427, 0.0405455, -0.90314, 0.0)], [0.902896, 0.0313095, 0.428717, 0.0)], [0.0284762, -0.00342119, -0.122019, 1.0)]])
0.0284762, -0.00342119, -0.122019
float3(-0.0313146, 1.12749, -1.53022)
1190824.18814179
normal
simd_float4x4([[0.0535191, -0.998339, -0.021317, 0.0)], [0.563905, 0.0478339, -0.824453, 0.0)], [0.824104, 0.0321032, 0.565528, 0.0)], [0.0494888, -0.00460556, -0.154357, 1.0)]])
0.0494888, -0.00460556, -0.154357
float3(-0.0321087, 0.969369, -1.52292)
1190824.28818283
normal
simd_float4x4([[0.064732, -0.997792, -0.0148428, 0.0)], [0.682279, 0.0551075, -0.729012, 0.0)], [0.728221, 0.0370635, 0.68434, 0.0)], [0.0771816, -0.00871865, -0.181164, 1.0)]])
0.0771816, -0.00871865, -0.181164
float3(-0.037072, 0.816453, -1.51562)
1190824.40483287
normal
simd_float4x4([[0.0684751, -0.997642, 0.00468789, 0.0)], [0.794249, 0.0516701, -0.605391, 0.0)], [0.603721, 0.0451775, 0.795915, 0.0)], [0.121379, -0.0106227, -0.207594, 1.0)]])
0.121379, -0.0106227, -0.207594
float3(-0.0451929, 0.648935, -1.51905)
1190824.52148325
normal
simd_float4x4([[0.0506211, -0.9987, 0.00594911, 0.0)], [0.886949, 0.042217, -0.459934, 0.0)], [0.459085, 0.0285589, 0.887933, 0.0)], [0.176874, -0.00826467, -0.225606, 1.0)]])
0.176874, -0.00826467, -0.225606
float3(-0.0285628, 0.477176, -1.52855)
1190824.63813363
normal
simd_float4x4([[0.0400203, -0.999199, -0.000305896, 0.0)], [0.956605, 0.0384027, -0.288845, 0.0)], [0.288625, 0.011267, 0.957376, 0.0)], [0.240334, -0.00403375, -0.244601, 1.0)]])
0.240334, -0.00403375, -0.244601
float3(-0.0112673, 0.29281, -1.53238)
1190824.75478388
normal
simd_float4x4([[0.0471271, -0.998881, -0.00407115, 0.0)], [0.991611, 0.0472744, -0.120303, 0.0)], [0.120361, 0.00163252, 0.992729, 0.0)], [0.305799, 0.000438846, -0.251472, 1.0)]])
0.305799, 0.000438846, -0.251472
float3(-0.00163252, 0.120653, -1.5235)
1190824.87143392
normal
simd_float4x4([[0.0541373, -0.998515, -0.006142, 0.0)], [0.997104, 0.0537298, 0.0538133, 0.0)], [-0.0534033, -0.00903752, 0.998532, 0.0)], [0.32097, -0.0110057, -0.241608, 1.0)]])
0.32097, -0.0110057, -0.241608
float3(0.00903765, -0.0534309, -1.51704)
1190824.98808421
normal
simd_float4x4([[0.0621724, -0.997912, -0.0174964, 0.0)], [0.97441, 0.0568955, 0.217459, 0.0)], [-0.216009, -0.0305686, 0.975913, 0.0)], [0.373503, -0.005069, -0.22125, 1.0)]])
0.373503, -0.005069, -0.22125
float3(0.0305733, -0.217829, -1.51384)
1190825.10473458
normal
simd_float4x4([[0.069375, -0.997451, -0.0166839, 0.0)], [0.920156, 0.0575207, 0.387304, 0.0)], [-0.385357, -0.042221, 0.921801, 0.0)], [0.416454, -0.000913501, -0.191659, 1.0)]])
0.416454, -0.000913501, -0.191659
float3(0.0422335, -0.395967, -1.51319)
1190825.22138458
normal
simd_float4x4([[0.0873373, -0.995965, -0.0206346, 0.0)], [0.816724, 0.0597287, 0.573928, 0.0)], [-0.57038, -0.0669781, 0.818645, 0.0)], [0.448545, 0.00241438, -0.157549, 1.0)]])
0.448545, 0.00241438, -0.157549
float3(0.0670283, -0.608532, -1.5109)
1190825.33803492
normal
simd_float4x4([[0.0901208, -0.995908, 0.00671226, 0.0)], [0.682943, 0.066703, 0.727419, 0.0)], [-0.724891, -0.0609715, 0.68616, 0.0)], [0.493921, 0.0038541, -0.158676, 1.0)]])
0.493921, 0.0038541, -0.158676
float3(0.0610093, -0.812839, -1.50392)
1190825.43807617
normal
simd_float4x4([[0.0954247, -0.995426, 0.00453387, 0.0)], [0.536464, 0.0552627, 0.842112, 0.0)], [-0.838511, -0.077926, 0.539284, 0.0)], [0.51365, 0.00650726, -0.133011, 1.0)]])
0.51365, 0.00650726, -0.133011
float3(0.0780051, -0.999255, -1.51534)
1190825.53812854
normal
simd_float4x4([[0.112923, -0.993588, 0.00553241, 0.0)], [0.356104, 0.0456686, 0.93333, 0.0)], [-0.927598, -0.103424, 0.358978, 0.0)], [0.521398, 0.0116785, -0.104705, 1.0)]])
0.521398, 0.0116785, -0.104705
float3(0.103609, -1.20155, -1.52487)
1190825.63818067
normal
simd_float4x4([[0.121274, -0.992396, 0.0210567, 0.0)], [0.164475, 0.0410104, 0.985528, 0.0)], [-0.978898, -0.116056, 0.168198, 0.0)], [0.520655, 0.0170403, -0.0708485, 1.0)]])
0.520655, 0.0170403, -0.0708485
float3(0.116318, -1.40063, -1.5295)
1190825.738233
normal
simd_float4x4([[0.109707, -0.993327, 0.0355769, 0.0)], [-0.0396335, 0.0313928, 0.998721, 0.0)], [-0.993173, -0.110976, -0.0359251, 0.0)], [0.516691, 0.022723, -0.0260245, 1.0)]])
0.516691, 0.022723, -0.0260245
float3(0.111206, -1.60695, -1.5392)
1190825.83828529
normal
simd_float4x4([[0.0961274, -0.994383, 0.0443, 0.0)], [-0.244754, 0.019526, 0.969389, 0.0)], [-0.964808, -0.104027, -0.241502, 0.0)], [0.504442, 0.0290627, 0.0306901, 1.0)]])
0.504442, 0.0290627, 0.0306901
float3(0.104216, -1.81607, -1.55116)
1190825.93833742
normal
simd_float4x4([[0.0934173, -0.993594, 0.0635961, 0.0)], [-0.428834, 0.0174924, 0.903214, 0.0)], [-0.89854, -0.111648, -0.424453, 0.0)], [0.481578, 0.034881, 0.0937712, 1.0)]])
0.481578, 0.034881, 0.0937712
float3(0.111881, -2.01211, -1.55319)
1190826.03838971
normal
simd_float4x4([[0.0760445, -0.994917, 0.0660047, 0.0)], [-0.562113, 0.0118992, 0.826975, 0.0)], [-0.823557, -0.099989, -0.558351, 0.0)], [0.459258, 0.0402158, 0.164945, 1.0)]])
0.459258, 0.0402158, 0.164945
float3(0.100156, -2.16659, -1.55884)
1190826.138442
normal
simd_float4x4([[0.0629561, -0.995081, 0.0764936, 0.0)], [-0.646922, 0.0176743, 0.762351, 0.0)], [-0.759953, -0.0974801, -0.642627, 0.0)], [0.42857, 0.0440377, 0.232336, 1.0)]])
0.42857, 0.0440377, 0.232336
float3(0.0976351, -2.27274, -1.55304)
1190826.23849429
normal
simd_float4x4([[0.0428174, -0.995547, 0.0839873, 0.0)], [-0.712312, 0.0285265, 0.701283, 0.0)], [-0.700556, -0.0898523, -0.707918, 0.0)], [0.400576, 0.0460631, 0.292902, 1.0)]])
0.400576, 0.0460631, 0.292902
float3(0.0899736, -2.36142, -1.54215)
1190826.33854646
normal
simd_float4x4([[0.019053, -0.996262, 0.0842548, 0.0)], [-0.76664, 0.0395364, 0.640859, 0.0)], [-0.641794, -0.0768033, -0.763021, 0.0)], [0.405361, 0.0636638, 0.352427, 1.0)]])
0.405361, 0.0636638, 0.352427
float3(0.076879, -2.44228, -1.53113)
1190826.43859867
normal
simd_float4x4([[0.0107641, -0.995778, 0.0911632, 0.0)], [-0.820797, 0.0432722, 0.569579, 0.0)], [-0.571119, -0.0809575, -0.816865, 0.0)], [0.40637, 0.0808656, 0.402678, 1.0)]])
0.40637, 0.0808656, 0.402678
float3(0.0810462, -2.53143, -1.52737)
1190826.53865108
normal
simd_float4x4([[0.0115619, -0.994982, 0.0993825, 0.0)], [-0.871535, 0.0386962, 0.488804, 0.0)], [-0.490197, -0.0922668, -0.866714, 0.0)], [0.395635, 0.0854061, 0.427767, 1.0)]])
0.395635, 0.0854061, 0.427767
float3(0.0923982, -2.62687, -1.53192)
1190826.63870329
normal
simd_float4x4([[-0.00906179, -0.996968, 0.0772864, 0.0)], [-0.903936, 0.0412153, 0.425677, 0.0)], [-0.427572, -0.0660045, -0.901568, 0.0)], [0.394012, 0.0820028, 0.430504, 1.0)]])
0.394012, 0.0820028, 0.430504
float3(0.0660525, -2.69875, -1.52948)
1190826.73873346
normal
simd_float4x4([[-0.0117904, -0.997554, 0.0689034, 0.0)], [-0.935085, 0.0354105, 0.35265, 0.0)], [-0.354227, -0.0602726, -0.933215, 0.0)], [0.405758, 0.0757486, 0.410566, 1.0)]])
0.405758, 0.0757486, 0.410566
float3(0.0603092, -2.77881, -1.53531)
1190826.85538375
normal
simd_float4x4([[-0.0131185, -0.997537, 0.0689018, 0.0)], [-0.95972, 0.0319021, 0.279143, 0.0)], [-0.280653, -0.0624645, -0.957774, 0.0)], [0.437071, 0.0673777, 0.340867, 1.0)]])
0.437071, 0.0673777, 0.340867
float3(0.0625052, -2.85655, -1.53883)
1190826.97203383
normal
simd_float4x4([[-0.0160285, -0.997269, 0.0720958, 0.0)], [-0.973676, 0.0319647, 0.225683, 0.0)], [-0.227371, -0.0665806, -0.971529, 0.0)], [0.503365, 0.0640701, 0.252116, 1.0)]])
0.503365, 0.0640701, 0.252116
float3(0.0666299, -2.9117, -1.53876)
1190827.08868413
normal
simd_float4x4([[-0.0144858, -0.997097, 0.0747559, 0.0)], [-0.982688, 0.028007, 0.183138, 0.0)], [-0.1847, -0.0708088, -0.980241, 0.0)], [0.49018, 0.0638605, 0.244289, 1.0)]])
0.49018, 0.0638605, 0.244289
float3(0.0708681, -2.95535, -1.54272)
1190827.20533442
normal
simd_float4x4([[-0.0166214, -0.997389, 0.0702752, 0.0)], [-0.987016, 0.0275973, 0.158231, 0.0)], [-0.159757, -0.0667327, -0.984898, 0.0)], [0.52784, 0.066762, 0.221089, 1.0)]])
0.52784, 0.066762, 0.221089
float3(0.0667824, -2.98079, -1.54313)
1190827.32198462
normal
simd_float4x4([[-0.0148217, -0.997581, 0.0679181, 0.0)], [-0.990023, 0.0241607, 0.138821, 0.0)], [-0.140126, -0.0651828, -0.987986, 0.0)], [0.517772, 0.0624889, 0.216138, 1.0)]])
0.517772, 0.0624889, 0.216138
float3(0.0652291, -3.0007, -1.54658)
1190827.43863483
normal
simd_float4x4([[-0.00885431, -0.997662, 0.067765, 0.0)], [-0.991447, 0.017583, 0.129319, 0.0)], [-0.130209, -0.0660404, -0.989285, 0.0)], [0.516202, 0.0584092, 0.2171, 1.0)]])
0.516202, 0.0584092, 0.2171
float3(0.0660885, -3.01073, -1.55317)
1190827.55528521
normal
simd_float4x4([[-0.00484312, -0.997607, 0.0689727, 0.0)], [-0.990962, 0.0140346, 0.13341, 0.0)], [-0.134058, -0.0677032, -0.988658, 0.0)], [0.51755, 0.0580632, 0.213827, 1.0)]])
0.51755, 0.0580632, 0.213827
float3(0.067755, -3.00682, -1.55673)
1190827.67193538
normal
simd_float4x4([[0.00127991, -0.997095, 0.0761599, 0.0)], [-0.989574, 0.00970582, 0.1437, 0.0)], [-0.144022, -0.0755498, -0.986686, 0.0)], [0.52408, 0.0587673, 0.210782, 1.0)]])
0.52408, 0.0587673, 0.210782
float3(0.0756218, -2.99665, -1.56106)
1190827.78858571
normal
simd_float4x4([[0.0163736, -0.996982, 0.0758938, 0.0)], [-0.982669, -0.00202837, 0.185359, 0.0)], [-0.184645, -0.0776135, -0.979736, 0.0)], [0.538006, 0.0601174, 0.197434, 1.0)]])
0.538006, 0.0601174, 0.197434
float3(0.0776916, -2.95531, -1.57283)
1190827.90523575
normal
simd_float4x4([[0.0371233, -0.994513, 0.097803, 0.0)], [-0.966807, -0.0109852, 0.25527, 0.0)], [-0.252795, -0.104033, -0.96191, 0.0)], [0.561685, 0.0627412, 0.173684, 1.0)]])
0.561685, 0.0627412, 0.173684
float3(0.104222, -2.8846, -1.58184)
1190828.02188604
normal
simd_float4x4([[0.06298, -0.99036, 0.123375, 0.0)], [-0.946605, -0.0201129, 0.321769, 0.0)], [-0.316186, -0.137052, -0.938746, 0.0)], [0.593066, 0.0697943, 0.147026, 1.0)]])
0.593066, 0.0697943, 0.147026
float3(0.137485, -2.81671, -1.5911)
1190828.13853638
normal
simd_float4x4([[0.0928182, -0.987034, 0.130953, 0.0)], [-0.909613, -0.0305671, 0.41433, 0.0)], [-0.404955, -0.157574, -0.900656, 0.0)], [0.623836, 0.0799532, 0.127707, 1.0)]])
0.623836, 0.0799532, 0.127707
float3(0.158234, -2.71905, -1.60176)
1190828.25518654
normal
simd_float4x4([[0.112792, -0.987607, 0.109132, 0.0)], [-0.842373, -0.0367952, 0.537638, 0.0)], [-0.526959, -0.152571, -0.836084, 0.0)], [0.659934, 0.0917397, 0.120905, 1.0)]])
0.659934, 0.0917397, 0.120905
float3(0.153169, -2.57921, -1.60804)
1190828.37183667
normal
simd_float4x4([[0.112825, -0.990734, 0.0756086, 0.0)], [-0.756082, -0.0362323, 0.653474, 0.0)], [-0.644679, -0.130894, -0.753164, 0.0)], [0.702812, 0.103063, 0.122838, 1.0)]])
0.702812, 0.103063, 0.122838
float3(0.131271, -2.43365, -1.60735)
1190828.47184471
normal
simd_float4x4([[0.125289, -0.989619, 0.0704008, 0.0)], [-0.710767, -0.0400249, 0.702288, 0.0)], [-0.69218, -0.138027, -0.708404, 0.0)], [0.733678, 0.11044, 0.127724, 1.0)]])
0.733678, 0.11044, 0.127724
float3(0.138469, -2.36778, -1.61122)
1190828.57189721
normal
simd_float4x4([[0.124576, -0.990966, 0.0496631, 0.0)], [-0.634329, -0.0410545, 0.771972, 0.0)], [-0.76296, -0.127672, -0.633713, 0.0)], [0.765551, 0.115882, 0.138941, 1.0)]])
0.765551, 0.115882, 0.138941
float3(0.128021, -2.26392, -1.6122)
1190828.67194929
normal
simd_float4x4([[0.114224, -0.993061, 0.0279813, 0.0)], [-0.571928, -0.042702, 0.819192, 0.0)], [-0.812312, -0.109574, -0.572837, 0.0)], [0.803515, 0.120178, 0.151807, 1.0)]])
0.803515, 0.120178, 0.151807
float3(0.109795, -2.185, -1.61377)
1190828.77200158
normal
simd_float4x4([[0.114698, -0.993153, 0.0221715, 0.0)], [-0.523578, -0.04147, 0.850968, 0.0)], [-0.844222, -0.109213, -0.52475, 0.0)], [0.836904, 0.122948, 0.163298, 1.0)]])
0.836904, 0.122948, 0.163298
float3(0.109431, -2.12693, -1.61253)
1190828.87205396
normal
simd_float4x4([[0.108871, -0.994009, 0.00965956, 0.0)], [-0.468669, -0.0427576, 0.882339, 0.0)], [-0.876639, -0.100588, -0.470516, 0.0)], [0.8707, 0.127112, 0.180915, 1.0)]])
0.8707, 0.127112, 0.180915
float3(0.100759, -2.06339, -1.61379)
1190828.97210604
normal
simd_float4x4([[0.0925268, -0.995701, -0.00421048, 0.0)], [-0.409942, -0.0419473, 0.911146, 0.0)], [-0.907406, -0.0825794, -0.412061, 0.0)], [0.90459, 0.129392, 0.19846, 1.0)]])
0.90459, 0.129392, 0.19846
float3(0.0826736, -1.99706, -1.6129)
1190829.0721585
normal
simd_float4x4([[0.0858006, -0.99625, -0.0111684, 0.0)], [-0.401878, -0.0448642, 0.914594, 0.0)], [-0.911665, -0.0739844, -0.40422, 0.0)], [0.934473, 0.129839, 0.21359, 1.0)]])
0.934473, 0.129839, 0.21359
float3(0.074052, -1.98814, -1.6158)
1190829.17221062
normal
simd_float4x4([[0.0694376, -0.997026, -0.0334288, 0.0)], [-0.375589, -0.0571724, 0.925021, 0.0)], [-0.924181, -0.0516758, -0.378442, 0.0)], [0.959694, 0.129128, 0.230171, 1.0)]])
0.959694, 0.129128, 0.230171
float3(0.0516988, -1.95946, -1.62808)
1190829.27226304
normal
simd_float4x4([[0.072514, -0.996592, -0.0393135, 0.0)], [-0.372127, -0.0636054, 0.926, 0.0)], [-0.925345, -0.0525183, -0.375472, 0.0)], [0.97545, 0.126354, 0.238561, 1.0)]])
0.97545, 0.126354, 0.238561
float3(0.0525425, -1.95626, -1.63453)
1190829.37231525
normal
simd_float4x4([[0.0827991, -0.995849, -0.0378085, 0.0)], [-0.379319, -0.066576, 0.922867, 0.0)], [-0.921554, -0.0620711, -0.383257, 0.0)], [0.989058, 0.12373, 0.242406, 1.0)]])
0.989058, 0.12373, 0.242406
float3(0.062111, -1.96492, -1.63755)
1190829.47236742
normal
simd_float4x4([[0.0905069, -0.995397, -0.0315065, 0.0)], [-0.377991, -0.0636036, 0.923622, 0.0)], [-0.921374, -0.0716849, -0.382008, 0.0)], [1.00187, 0.122306, 0.242656, 1.0)]])
1.00187, 0.122306, 0.242656
float3(0.0717465, -1.96383, -1.63461)
1190829.57241971
normal
simd_float4x4([[0.10043, -0.994594, -0.026391, 0.0)], [-0.377958, -0.0626744, 0.923699, 0.0)], [-0.92036, -0.0827922, -0.382209, 0.0)], [1.01387, 0.120873, 0.241678, 1.0)]])
1.01387, 0.120873, 0.241678
float3(0.0828871, -1.96441, -1.63373)
1190829.672472
normal
simd_float4x4([[0.109988, -0.993715, -0.0208032, 0.0)], [-0.391957, -0.0625982, 0.917851, 0.0)], [-0.913385, -0.0927986, -0.396379, 0.0)], [1.01973, 0.119948, 0.236661, 1.0)]])
1.01973, 0.119948, 0.236661
float3(0.0929323, -1.98024, -1.63371)
1190829.77252438
normal
simd_float4x4([[0.108739, -0.993946, -0.0156981, 0.0)], [-0.392912, -0.0574802, 0.917778, 0.0)], [-0.913124, -0.0936304, -0.396783, 0.0)], [1.02625, 0.120479, 0.23072, 1.0)]])
1.02625, 0.120479, 0.23072
float3(0.0937677, -1.98071, -1.62856)
1190829.87257663
normal
simd_float4x4([[0.100072, -0.994536, -0.0297213, 0.0)], [-0.370002, -0.0649259, 0.92676, 0.0)], [-0.923626, -0.0817455, -0.374478, 0.0)], [1.0284, 0.122261, 0.228474, 1.0)]])
1.0284, 0.122261, 0.228474
float3(0.0818368, -1.95599, -1.63599)
1190829.97262883
normal
simd_float4x4([[0.0977198, -0.994695, -0.0321234, 0.0)], [-0.40135, -0.0689246, 0.913328, 0.0)], [-0.910697, -0.0763574, -0.405957, 0.0)], [1.02543, 0.12339, 0.216578, 1.0)]])
1.02543, 0.12339, 0.216578
float3(0.0764318, -1.99012, -1.63998)
1190830.07268113
normal
simd_float4x4([[0.105545, -0.993793, -0.0351585, 0.0)], [-0.418018, -0.0764204, 0.905219, 0.0)], [-0.902287, -0.0808448, -0.423489, 0.0)], [1.0095, 0.123311, 0.184744, 1.0)]])
1.0095, 0.123311, 0.184744
float3(0.0809332, -2.00963, -1.64754)
1190830.17273329
normal
simd_float4x4([[0.12107, -0.992012, -0.0354249, 0.0)], [-0.369373, -0.0781473, 0.92599, 0.0)], [-0.921361, -0.0990244, -0.375884, 0.0)], [0.981593, 0.121121, 0.12422, 1.0)]])
0.981593, 0.121121, 0.12422
float3(0.099187, -1.95815, -1.64941)
1190830.27278579
normal
simd_float4x4([[0.134721, -0.98987, -0.0447992, 0.0)], [-0.271861, -0.0804009, 0.958972, 0.0)], [-0.95286, -0.117014, -0.279939, 0.0)], [0.950378, 0.118755, 0.0470752, 1.0)]])
0.950378, 0.118755, 0.0470752
float3(0.117283, -1.85654, -1.65184)
1190830.37283788
normal
simd_float4x4([[0.15052, -0.987622, -0.0441099, 0.0)], [-0.159047, -0.0682285, 0.984911, 0.0)], [-0.975729, -0.141233, -0.167348, 0.0)], [0.917032, 0.114726, -0.0375873, 1.0)]])
0.917032, 0.114726, -0.0375873
float3(0.141707, -1.74065, -1.63977)
1190830.47289021
normal
simd_float4x4([[0.152828, -0.986872, -0.0522271, 0.0)], [-0.0150011, -0.0551584, 0.998365, 0.0)], [-0.988139, -0.151794, -0.0232338, 0.0)], [0.884907, 0.110031, -0.122371, 1.0)]])
0.884907, 0.110031, -0.122371
float3(0.152383, -1.5943, -1.62663)
1190830.57294246
normal
simd_float4x4([[0.131759, -0.989194, -0.0642952, 0.0)], [0.152009, -0.0439314, 0.987402, 0.0)], [-0.979558, -0.139873, 0.144578, 0.0)], [0.855929, 0.104317, -0.205136, 1.0)]])
0.855929, 0.104317, -0.205136
float3(0.140333, -1.42426, -1.61518)
1190830.67299458
normal
simd_float4x4([[0.0918654, -0.992937, -0.0750789, 0.0)], [0.311998, -0.0428996, 0.949114, 0.0)], [-0.945631, -0.110615, 0.305854, 0.0)], [0.830256, 0.0950929, -0.28404, 1.0)]])
0.830256, 0.0950929, -0.28404
float3(0.110842, -1.25798, -1.61397)
1190830.773047
normal
simd_float4x4([[0.0499449, -0.996057, -0.0733183, 0.0)], [0.467643, -0.0415431, 0.882941, 0.0)], [-0.882505, -0.0783852, 0.463724, 0.0)], [0.801294, 0.0782704, -0.362438, 1.0)]])
0.801294, 0.0782704, -0.362438
float3(0.0784657, -1.08699, -1.61248)
1190830.87309925
normal
simd_float4x4([[0.01227, -0.998767, -0.0481081, 0.0)], [0.593398, -0.0314509, 0.804294, 0.0)], [-0.804815, -0.0384159, 0.592281, 0.0)], [0.771661, 0.0583364, -0.440484, 1.0)]])
0.771661, 0.0583364, -0.440484
float3(0.0384254, -0.936367, -1.60228)
1190830.97315158
normal
simd_float4x4([[-0.0111613, -0.999729, -0.0204561, 0.0)], [0.6885, -0.022519, 0.724887, 0.0)], [-0.725151, -0.00599338, 0.688564, 0.0)], [0.746134, 0.0370314, -0.517569, 1.0)]])
0.746134, 0.0370314, -0.517569
float3(0.00599342, -0.811272, -1.59332)
1190831.07320383
normal
simd_float4x4([[-0.0215908, -0.999499, -0.0231544, 0.0)], [0.758747, -0.0314626, 0.650625, 0.0)], [-0.651027, -0.00352083, 0.759046, 0.0)], [0.728387, 0.0141596, -0.592461, 1.0)]])
0.728387, 0.0141596, -0.592461
float3(0.00352084, -0.708942, -1.60226)
1190831.17325613
normal
simd_float4x4([[-0.0414404, -0.999001, -0.016716, 0.0)], [0.796221, -0.0431264, 0.603466, 0.0)], [-0.603584, 0.0116982, 0.797213, 0.0)], [0.720769, -0.00548778, -0.673056, 1.0)]])
0.720769, -0.00548778, -0.673056
float3(-0.0116985, -0.648041, -1.61394)
1190831.27330829
normal
simd_float4x4([[-0.0490081, -0.998726, -0.0120255, 0.0)], [0.803194, -0.0465642, 0.593894, 0.0)], [-0.593698, 0.0194469, 0.804453, 0.0)], [0.714697, -0.00690885, -0.751544, 1.0)]])
0.714697, -0.00690885, -0.751544
float3(-0.0194481, -0.635786, -1.61739)
1190831.3733605
normal
simd_float4x4([[-0.0602783, -0.998071, 0.0148883, 0.0)], [0.824512, -0.0413781, 0.56433, 0.0)], [-0.562625, 0.0462925, 0.825415, 0.0)], [0.713131, -0.00962452, -0.826504, 1.0)]])
0.713131, -0.00962452, -0.826504
float3(-0.046309, -0.598288, -1.61223)
1190831.47341288
normal
simd_float4x4([[-0.073385, -0.996947, 0.0266513, 0.0)], [0.858316, -0.0495272, 0.510726, 0.0)], [-0.507847, 0.0603548, 0.859331, 0.0)], [0.707262, -0.0176757, -0.890619, 1.0)]])
0.707262, -0.0176757, -0.890619
float3(-0.0603915, -0.53376, -1.62043)
1190831.57346508
normal
simd_float4x4([[-0.103706, -0.990473, 0.0906042, 0.0)], [0.90748, -0.0569422, 0.416217, 0.0)], [-0.407092, 0.125386, 0.90474, 0.0)], [0.691448, -0.0175479, -0.96507, 1.0)]])
0.691448, -0.0175479, -0.96507
float3(-0.125716, -0.422816, -1.62822)
1190831.67351763
normal
