ARKit Data
8149.080569333
normal
simd_float4x4([[0.919444, -0.386586, 0.071937, 0.0)], [0.0575722, -0.0486261, -0.997156, 0.0)], [0.388985, 0.920971, -0.0224524, 0.0)], [-3.90865, 2.0629, -17.4545, 1.0)]])
-3.90865, 2.0629, -17.4545
float3(-1.17056, 1.62845, -1.69592)
8149.416507958
notAvailable
simd_float4x4([[1.0, 0.0, 0.0, 0.0)], [0.0, 1.0, 0.0, 0.0)], [0.0, 0.0, 1.0, 0.0)], [0.0, 0.0, 0.0, 1.0)]])
0.0, 0.0, 0.0
float3(-0.0, 0.0, 0.0)
8149.5165265
notAvailable
simd_float4x4([[1.0, 0.0, 0.0, 0.0)], [0.0, 1.0, 0.0, 0.0)], [0.0, 0.0, 1.0, 0.0)], [0.0, 0.0, 0.0, 1.0)]])
0.0, 0.0, 0.0
float3(-0.0, 0.0, 0.0)
8149.616578458
limited(__ObjC.ARCamera.TrackingState.Reason.initializing)
simd_float4x4([[0.0278495, -0.471958, 0.881181, 0.0)], [0.998346, -0.0312276, -0.0482779, 0.0)], [0.0503023, 0.881068, 0.470308, 0.0)], [0.0, 0.0, 0.0, 1.0)]])
0.0, 0.0, 0.0
float3(-1.07811, 0.106551, -1.63687)
8149.71663025
limited(__ObjC.ARCamera.TrackingState.Reason.initializing)
simd_float4x4([[-0.00139317, -0.535192, 0.844729, 0.0)], [0.994181, -0.0917282, -0.0564763, 0.0)], [0.107711, 0.839735, 0.532206, 0.0)], [0.0, 0.0, 0.0, 1.0)]])
0.0, 0.0, 0.0
float3(-0.996795, 0.199689, -1.74054)
8149.816682125
limited(__ObjC.ARCamera.TrackingState.Reason.initializing)
simd_float4x4([[-0.00192111, -0.53654, 0.843873, 0.0)], [0.995916, -0.0771986, -0.0468162, 0.0)], [0.0902646, 0.840336, 0.534497, 0.0)], [0.0, 0.0, 0.0, 1.0)]])
0.0, 0.0, 0.0
float3(-0.997903, 0.167299, -1.7137)
8149.916733916
limited(__ObjC.ARCamera.TrackingState.Reason.initializing)
simd_float4x4([[0.00766335, -0.509478, 0.860449, 0.0)], [0.997859, -0.0519912, -0.0396715, 0.0)], [0.0649476, 0.858911, 0.507989, 0.0)], [0.0, 0.0, 0.0, 1.0)]])
0.0, 0.0, 0.0
float3(-1.03314, 0.127162, -1.67249)
8150.016785708
limited(__ObjC.ARCamera.TrackingState.Reason.initializing)
simd_float4x4([[0.00407419, -0.487839, 0.872924, 0.0)], [0.997666, -0.0575118, -0.0367973, 0.0)], [0.0681546, 0.871037, 0.486466, 0.0)], [0.0, 0.0, 0.0, 1.0)]])
0.0, 0.0, 0.0
float3(-1.05731, 0.139195, -1.68815)
8150.116837458
limited(__ObjC.ARCamera.TrackingState.Reason.initializing)
simd_float4x4([[0.0109908, -0.494605, 0.869048, 0.0)], [0.997717, -0.0524894, -0.0424917, 0.0)], [0.0666324, 0.867531, 0.492899, 0.0)], [0.0, 0.0, 0.0, 1.0)]])
0.0, 0.0, 0.0
float3(-1.05022, 0.13437, -1.67652)
8150.216889041
limited(__ObjC.ARCamera.TrackingState.Reason.initializing)
simd_float4x4([[-0.0134544, -0.498386, 0.866851, 0.0)], [0.996802, -0.0749755, -0.027635, 0.0)], [0.0787655, 0.863707, 0.497801, 0.0)], [0.0, 0.0, 0.0, 1.0)]])
0.0, 0.0, 0.0
float3(-1.04258, 0.156926, -1.72011)
8150.316940958
limited(__ObjC.ARCamera.TrackingState.Reason.initializing)
simd_float4x4([[-0.0457736, -0.423445, 0.904764, 0.0)], [0.998008, -0.0587543, 0.0229929, 0.0)], [0.0434225, 0.904014, 0.425291, 0.0)], [0.0, 0.0, 0.0, 1.0)]])
0.0, 0.0, 0.0
float3(-1.12907, 0.101748, -1.70867)
8150.416992833
limited(__ObjC.ARCamera.TrackingState.Reason.initializing)
simd_float4x4([[-0.0987122, -0.275346, 0.956264, 0.0)], [0.995116, -0.0281198, 0.0946259, 0.0)], [0.000835043, 0.960934, 0.276776, 0.0)], [0.0, 0.0, 0.0, 1.0)]])
0.0, 0.0, 0.0
float3(-1.29036, 0.00301702, -1.67257)
8150.517044666
limited(__ObjC.ARCamera.TrackingState.Reason.initializing)
simd_float4x4([[-0.0630593, -0.154995, 0.985901, 0.0)], [0.997554, -0.0396272, 0.0575749, 0.0)], [0.0301447, 0.98712, 0.157115, 0.0)], [0.0, 0.0, 0.0, 1.0)]])
0.0, 0.0, 0.0
float3(-1.41013, 0.189561, -1.8211)
8150.617096333
limited(__ObjC.ARCamera.TrackingState.Reason.initializing)
simd_float4x4([[0.0502932, -0.143227, 0.988411, 0.0)], [0.997242, -0.0468821, -0.0575361, 0.0)], [0.0545796, 0.988579, 0.140475, 0.0)], [0.0, 0.0, 0.0, 1.0)]])
0.0, 0.0, 0.0
float3(-1.41951, 0.370586, -1.88713)
8150.717148166
limited(__ObjC.ARCamera.TrackingState.Reason.initializing)
simd_float4x4([[0.185209, -0.208624, 0.960299, 0.0)], [0.974589, -0.0862907, -0.206712, 0.0)], [0.12599, 0.974182, 0.187341, 0.0)], [0.0, 0.0, 0.0, 1.0)]])
0.0, 0.0, 0.0
float3(-1.34307, 0.592042, -1.96299)
8150.8172
limited(__ObjC.ARCamera.TrackingState.Reason.initializing)
simd_float4x4([[0.313814, -0.316555, 0.895161, 0.0)], [0.921315, -0.126421, -0.36769, 0.0)], [0.229562, 0.940112, 0.251974, 0.0)], [0.0, 0.0, 0.0, 1.0)]])
0.0, 0.0, 0.0
float3(-1.22296, 0.738889, -1.95076)
8150.917251625
limited(__ObjC.ARCamera.TrackingState.Reason.initializing)
simd_float4x4([[0.444047, -0.420621, 0.791138, 0.0)], [0.814417, -0.178647, -0.552095, 0.0)], [0.373558, 0.889473, 0.263233, 0.0)], [0.0, 0.0, 0.0, 1.0)]])
0.0, 0.0, 0.0
float3(-1.09619, 0.956947, -1.97243)
8151.017303583
limited(__ObjC.ARCamera.TrackingState.Reason.initializing)
simd_float4x4([[0.515945, -0.49215, 0.701133, 0.0)], [0.689062, -0.247815, -0.681013, 0.0)], [0.508912, 0.834491, 0.211262, 0.0)], [0.0, 0.0, 0.0, 1.0)]])
0.0, 0.0, 0.0
float3(-0.987209, 1.17732, -2.03727)
8151.117355333
limited(__ObjC.ARCamera.TrackingState.Reason.initializing)
simd_float4x4([[0.596064, -0.510859, 0.619458, 0.0)], [0.592897, -0.240218, -0.768613, 0.0)], [0.541459, 0.825419, 0.1597, 0.0)], [0.0, 0.0, 0.0, 1.0)]])
0.0, 0.0, 0.0
float3(-0.970944, 1.28398, -2.01034)
8151.21740725
limited(__ObjC.ARCamera.TrackingState.Reason.initializing)
simd_float4x4([[0.655448, -0.531978, 0.536082, 0.0)], [0.500083, -0.226207, -0.835909, 0.0)], [0.565952, 0.815983, 0.117765, 0.0)], [0.0, 0.0, 0.0, 1.0)]])
0.0, 0.0, 0.0
float3(-0.954428, 1.36564, -1.97285)
8151.317459
limited(__ObjC.ARCamera.TrackingState.Reason.initializing)
simd_float4x4([[0.683301, -0.571446, 0.454473, 0.0)], [0.405152, -0.221069, -0.887117, 0.0)], [0.60741, 0.790302, 0.0804643, 0.0)], [0.0, 0.0, 0.0, 1.0)]])
0.0, 0.0, 0.0
float3(-0.911301, 1.43909, -1.93992)
8151.417510666
limited(__ObjC.ARCamera.TrackingState.Reason.initializing)
simd_float4x4([[0.668731, -0.614433, 0.41865, 0.0)], [0.37926, -0.202408, -0.902878, 0.0)], [0.639497, 0.762563, 0.0976714, 0.0)], [0.0, 0.0, 0.0, 1.0)]])
0.0, 0.0, 0.0
float3(-0.867265, 1.41924, -1.88902)
8151.517562541
limited(__ObjC.ARCamera.TrackingState.Reason.initializing)
simd_float4x4([[0.626259, -0.660675, 0.413889, 0.0)], [0.40803, -0.174607, -0.896114, 0.0)], [0.664309, 0.730082, 0.160224, 0.0)], [0.0, 0.0, 0.0, 1.0)]])
0.0, 0.0, 0.0
float3(-0.818442, 1.33413, -1.82917)
8151.61761425
limited(__ObjC.ARCamera.TrackingState.Reason.initializing)
simd_float4x4([[0.552115, -0.731782, 0.399574, 0.0)], [0.424894, -0.165392, -0.890004, 0.0)], [0.717377, 0.661164, 0.219613, 0.0)], [0.0, 0.0, 0.0, 1.0)]])
0.0, 0.0, 0.0
float3(-0.72237, 1.27372, -1.79307)
8151.717666291
limited(__ObjC.ARCamera.TrackingState.Reason.initializing)
simd_float4x4([[0.473284, -0.800253, 0.36823, 0.0)], [0.44542, -0.143236, -0.883788, 0.0)], [0.76, 0.582302, 0.288656, 0.0)], [0.0, 0.0, 0.0, 1.0)]])
0.0, 0.0, 0.0
float3(-0.621557, 1.20782, -1.74791)
8151.817717958
limited(__ObjC.ARCamera.TrackingState.Reason.initializing)
simd_float4x4([[0.411364, -0.84101, 0.351394, 0.0)], [0.471006, -0.133917, -0.871904, 0.0)], [0.78034, 0.524181, 0.34103, 0.0)], [0.0, 0.0, 0.0, 1.0)]])
0.0, 0.0, 0.0
float3(-0.551753, 1.15878, -1.7287)
8151.917769833
limited(__ObjC.ARCamera.TrackingState.Reason.initializing)
simd_float4x4([[0.398345, -0.839141, 0.37035, 0.0)], [0.508263, -0.134167, -0.850685, 0.0)], [0.763535, 0.527104, 0.373058, 0.0)], [0.0, 0.0, 0.0, 1.0)]])
0.0, 0.0, 0.0
float3(-0.555189, 1.11632, -1.72934)
8152.017821583
limited(__ObjC.ARCamera.TrackingState.Reason.initializing)
simd_float4x4([[0.415019, -0.811647, 0.411078, 0.0)], [0.558619, -0.129305, -0.819281, 0.0)], [0.718123, 0.569655, 0.399736, 0.0)], [0.0, 0.0, 0.0, 1.0)]])
0.0, 0.0, 0.0
float3(-0.606086, 1.06287, -1.72878)
8152.117873375
limited(__ObjC.ARCamera.TrackingState.Reason.initializing)
simd_float4x4([[0.447242, -0.770979, 0.453389, 0.0)], [0.612259, -0.105622, -0.783569, 0.0)], [0.652005, 0.628039, 0.424799, 0.0)], [0.0, 0.0, 0.0, 1.0)]])
0.0, 0.0, 0.0
float3(-0.67903, 0.993348, -1.70695)
8152.217925291
limited(__ObjC.ARCamera.TrackingState.Reason.initializing)
simd_float4x4([[0.472222, -0.731466, 0.491895, 0.0)], [0.656357, -0.0807046, -0.75012, 0.0)], [0.588387, 0.677083, 0.441992, 0.0)], [0.0, 0.0, 0.0, 1.0)]])
0.0, 0.0, 0.0
float3(-0.743792, 0.926533, -1.68068)
8152.317977
limited(__ObjC.ARCamera.TrackingState.Reason.initializing)
simd_float4x4([[0.488256, -0.675095, 0.553037, 0.0)], [0.691644, -0.0871103, -0.716965, 0.0)], [0.532196, 0.732568, 0.424393, 0.0)], [0.0, 0.0, 0.0, 1.0)]])
0.0, 0.0, 0.0
float3(-0.822087, 0.89762, -1.69912)
8152.418028875
limited(__ObjC.ARCamera.TrackingState.Reason.initializing)
simd_float4x4([[0.509266, -0.628911, 0.587467, 0.0)], [0.709179, -0.0800448, -0.700469, 0.0)], [0.487557, 0.773345, 0.405245, 0.0)], [0.0, 0.0, 0.0, 1.0)]])
0.0, 0.0, 0.0
float3(-0.884101, 0.877333, -1.69739)
8152.518080666
limited(__ObjC.ARCamera.TrackingState.Reason.initializing)
simd_float4x4([[0.546154, -0.605157, 0.579221, 0.0)], [0.694972, -0.0587075, -0.716634, 0.0)], [0.467682, 0.793938, 0.388503, 0.0)], [0.0, 0.0, 0.0, 1.0)]])
0.0, 0.0, 0.0
float3(-0.917258, 0.877615, -1.66751)
8152.618132416
limited(__ObjC.ARCamera.TrackingState.Reason.initializing)
simd_float4x4([[0.585908, -0.598052, 0.546848, 0.0)], [0.657034, -0.0444253, -0.75255, 0.0)], [0.474359, 0.800225, 0.36691, 0.0)], [0.0, 0.0, 0.0, 1.0)]])
0.0, 0.0, 0.0
float3(-0.92767, 0.912433, -1.64494)
8152.71818425
limited(__ObjC.ARCamera.TrackingState.Reason.initializing)
simd_float4x4([[0.627257, -0.599163, 0.497544, 0.0)], [0.593077, -0.0465841, -0.803796, 0.0)], [0.504784, 0.79927, 0.326129, 0.0)], [0.0, 0.0, 0.0, 1.0)]])
0.0, 0.0, 0.0
float3(-0.926079, 0.997185, -1.64839)
8152.818236041
limited(__ObjC.ARCamera.TrackingState.Reason.initializing)
simd_float4x4([[0.674066, -0.594419, 0.438517, 0.0)], [0.505775, -0.0612548, -0.860486, 0.0)], [0.538352, 0.801818, 0.259351, 0.0)], [0.0, 0.0, 0.0, 1.0)]])
0.0, 0.0, 0.0
float3(-0.930332, 1.12185, -1.67348)
8152.918287958
limited(__ObjC.ARCamera.TrackingState.Reason.initializing)
simd_float4x4([[0.716449, -0.592137, 0.368875, 0.0)], [0.408283, -0.0728556, -0.909941, 0.0)], [0.565687, 0.802536, 0.189561, 0.0)], [0.0, 0.0, 0.0, 1.0)]])
0.0, 0.0, 0.0
float3(-0.931534, 1.24746, -1.69322)
8153.018339833
limited(__ObjC.ARCamera.TrackingState.Reason.initializing)
simd_float4x4([[0.749637, -0.591576, 0.296778, 0.0)], [0.30783, -0.0853101, -0.947607, 0.0)], [0.585902, 0.801722, 0.118152, 0.0)], [0.0, 0.0, 0.0, 1.0)]])
0.0, 0.0, 0.0
float3(-0.930171, 1.37181, -1.71402)
8153.118391708
limited(__ObjC.ARCamera.TrackingState.Reason.initializing)
simd_float4x4([[0.772567, -0.589106, 0.236831, 0.0)], [0.222241, -0.0985043, -0.970001, 0.0)], [0.594764, 0.802028, 0.0548203, 0.0)], [0.0, 0.0, 0.0, 1.0)]])
0.0, 0.0, 0.0
float3(-0.930684, 1.47888, -1.73647)
8153.218443416
limited(__ObjC.ARCamera.TrackingState.Reason.initializing)
simd_float4x4([[0.788292, -0.584188, 0.193169, 0.0)], [0.173734, -0.0898415, -0.980683, 0.0)], [0.59026, 0.80663, 0.0306699, 0.0)], [0.0, 0.0, 0.0, 1.0)]])
0.0, 0.0, 0.0
float3(-0.938428, 1.51888, -1.72339)
8153.318495208
limited(__ObjC.ARCamera.TrackingState.Reason.initializing)
simd_float4x4([[0.784742, -0.586873, 0.199385, 0.0)], [0.179472, -0.092751, -0.979378, 0.0)], [0.593265, 0.804348, 0.0325397, 0.0)], [0.0, 0.0, 0.0, 1.0)]])
0.0, 0.0, 0.0
float3(-0.934578, 1.516, -1.72754)
8153.418547041
limited(__ObjC.ARCamera.TrackingState.Reason.initializing)
simd_float4x4([[0.771686, -0.589147, 0.239585, 0.0)], [0.239104, -0.0803256, -0.967663, 0.0)], [0.589342, 0.804023, 0.0788795, 0.0)], [0.0, 0.0, 0.0, 1.0)]])
0.0, 0.0, 0.0
float3(-0.93403, 1.43774, -1.7063)
8153.518598875
normal
simd_float4x4([[0.742304, -0.576922, 0.340801, 0.0)], [0.360234, -0.0852571, -0.928958, 0.0)], [0.564992, 0.812337, 0.14454, 0.0)], [0.00993976, 0.00189291, -0.0241041, 1.0)]])
0.00993976, 0.00189291, -0.0241041
float3(-0.948149, 1.32034, -1.71751)
8153.618650833
normal
simd_float4x4([[0.693222, -0.577924, 0.430637, 0.0)], [0.479615, -0.0760863, -0.874174, 0.0)], [0.537972, 0.812536, 0.224436, 0.0)], [0.0378296, 0.0044063, -0.0819774, 1.0)]])
0.0378296, 0.0044063, -0.0819774
float3(-0.94849, 1.17556, -1.7017)
8153.7187025
normal
simd_float4x4([[0.619674, -0.575076, 0.534127, 0.0)], [0.61417, -0.0684197, -0.786202, 0.0)], [0.488671, 0.815234, 0.310796, 0.0)], [0.0748793, 0.00591802, -0.145289, 1.0)]])
0.0748793, 0.00591802, -0.145289
float3(-0.953134, 1.00432, -1.68921)
8153.818754291
normal
simd_float4x4([[0.52006, -0.577127, 0.629653, 0.0)], [0.743001, -0.0579315, -0.666778, 0.0)], [0.421293, 0.814597, 0.398678, 0.0)], [0.121452, 0.00923029, -0.206073, 1.0)]])
0.121452, 0.00923029, -0.206073
float3(-0.952034, 0.812971, -1.67084)
8153.918806208
normal
simd_float4x4([[0.396966, -0.579435, 0.71181, 0.0)], [0.85366, -0.051808, -0.518248, 0.0)], [0.337168, 0.813371, 0.474074, 0.0)], [0.17762, 0.0112749, -0.261891, 1.0)]])
0.17762, 0.0112749, -0.261891
float3(-0.949923, 0.618212, -1.65997)
8154.018858125
normal
simd_float4x4([[0.257932, -0.583789, 0.769845, 0.0)], [0.936575, -0.0446037, -0.347618, 0.0)], [0.237273, 0.810679, 0.535257, 0.0)], [0.242149, 0.0147954, -0.305376, 1.0)]])
0.242149, 0.0147954, -0.305376
float3(-0.945312, 0.417258, -1.64705)
8154.118909958
normal
simd_float4x4([[0.112512, -0.588514, 0.80062, 0.0)], [0.985965, -0.0338944, -0.163473, 0.0)], [0.123343, 0.807776, 0.576441, 0.0)], [0.309034, 0.0178172, -0.337059, 1.0)]])
0.309034, 0.0178172, -0.337059
float3(-0.94037, 0.210794, -1.62833)
8154.21896175
normal
simd_float4x4([[-0.0359607, -0.592634, 0.804668, 0.0)], [0.99935, -0.0233751, 0.0274454, 0.0)], [0.00254415, 0.805132, 0.59309, 0.0)], [0.379251, 0.0227761, -0.355049, 1.0)]])
0.379251, 0.0227761, -0.355049
float3(-0.935899, 0.00428962, -1.61022)
8154.319013666
normal
simd_float4x4([[-0.179932, -0.588072, 0.78854, 0.0)], [0.977345, -0.0160497, 0.211045, 0.0)], [-0.111454, 0.80865, 0.577637, 0.0)], [0.447637, 0.0216757, -0.362042, 1.0)]])
0.447637, 0.0216757, -0.362042
float3(-0.941853, -0.190606, -1.59808)
8154.419065458
normal
simd_float4x4([[-0.310942, -0.591131, 0.744231, 0.0)], [0.926265, -0.0130302, 0.376647, 0.0)], [-0.21295, 0.806471, 0.551596, 0.0)], [0.50746, 0.0218543, -0.354227, 1.0)]])
0.50746, 0.0218543, -0.354227
float3(-0.938159, -0.368433, -1.59284)
8154.519117166
normal
simd_float4x4([[-0.417371, -0.592386, 0.689115, 0.0)], [0.859899, -0.012202, 0.510319, 0.0)], [-0.293897, 0.805562, 0.514485, 0.0)], [0.554881, 0.0208659, -0.342048, 1.0)]])
0.554881, 0.0208659, -0.342048
float3(-0.936623, -0.519008, -1.59139)
8154.619169208
normal
simd_float4x4([[-0.49735, -0.59201, 0.634166, 0.0)], [0.79349, -0.01489, 0.6084, 0.0)], [-0.350736, 0.805793, 0.47716, 0.0)], [0.588259, 0.01704, -0.331095, 1.0)]])
0.588259, 0.01704, -0.331095
float3(-0.937013, -0.633864, -1.59594)
8154.719220833
normal
simd_float4x4([[-0.545979, -0.589329, 0.595481, 0.0)], [0.743988, -0.014246, 0.668042, 0.0)], [-0.385213, 0.807767, 0.446232, 0.0)], [0.60453, 0.0112037, -0.324087, 1.0)]])
0.60453, 0.0112037, -0.324087
float3(-0.940355, -0.712141, -1.59496)
8154.819272958
normal
simd_float4x4([[-0.56633, -0.585255, 0.580299, 0.0)], [0.723207, -0.015205, 0.690464, 0.0)], [-0.395274, 0.810707, 0.431871, 0.0)], [0.603143, 0.00577292, -0.326552, 1.0)]])
0.603143, 0.00577292, -0.326552
float3(-0.945358, -0.741182, -1.59677)
8154.919324625
normal
simd_float4x4([[-0.55507, -0.582897, 0.593404, 0.0)], [0.738531, -0.0171224, 0.674002, 0.0)], [-0.382713, 0.812366, 0.439992, 0.0)], [0.586766, 0.00160116, -0.340943, 1.0)]])
0.586766, 0.00160116, -0.340943
float3(-0.948197, -0.715888, -1.60016)
8155.019376416
normal
simd_float4x4([[-0.515481, -0.578502, 0.632151, 0.0)], [0.781902, -0.0157246, 0.623203, 0.0)], [-0.350584, 0.81553, 0.460437, 0.0)], [0.558155, -0.0014048, -0.362687, 1.0)]])
0.558155, -0.0014048, -0.362687
float3(-0.953644, -0.650767, -1.59797)
8155.119428375
normal
simd_float4x4([[-0.450187, -0.579325, 0.679495, 0.0)], [0.839792, -0.0160904, 0.54267, 0.0)], [-0.303449, 0.814938, 0.493756, 0.0)], [0.517514, -0.000858191, -0.385183, 1.0)]])
0.517514, -0.000858191, -0.385183
float3(-0.952622, -0.551066, -1.59856)
8155.219480166
normal
simd_float4x4([[-0.368376, -0.573251, 0.731903, 0.0)], [0.897166, -0.0128272, 0.441508, 0.0)], [-0.243707, 0.819279, 0.519026, 0.0)], [0.472525, -0.00164372, -0.405982, 1.0)]])
0.472525, -0.00164372, -0.405982
float3(-0.960153, -0.438989, -1.59317)
8155.319532125
normal
simd_float4x4([[-0.288101, -0.567259, 0.771502, 0.0)], [0.940571, -0.0163672, 0.339202, 0.0)], [-0.179788, 0.823377, 0.538262, 0.0)], [0.42707, -0.002275, -0.416763, 1.0)]])
0.42707, -0.002275, -0.416763
float3(-0.967337, -0.322364, -1.59964)
8155.419583833
normal
simd_float4x4([[-0.210726, -0.558928, 0.801994, 0.0)], [0.9683, -0.00678221, 0.249697, 0.0)], [-0.134123, 0.829189, 0.542639, 0.0)], [0.387339, -0.0045882, -0.420284, 1.0)]])
0.387339, -0.0045882, -0.420284
float3(-0.977655, -0.242312, -1.58293)
8155.519635791
normal
simd_float4x4([[-0.148874, -0.555039, 0.818393, 0.0)], [0.98311, 0.00601426, 0.182917, 0.0)], [-0.106448, 0.831803, 0.544769, 0.0)], [0.364567, -0.00555462, -0.413417, 1.0)]])
0.364567, -0.00555462, -0.413417
float3(-0.982347, -0.192969, -1.55996)
8155.619687583
normal
simd_float4x4([[-0.111931, -0.549803, 0.827761, 0.0)], [0.989219, 0.0175119, 0.145395, 0.0)], [-0.0944344, 0.835111, 0.541915, 0.0)], [0.363804, -0.00882967, -0.401186, 1.0)]])
0.363804, -0.00882967, -0.401186
float3(-0.988334, -0.172528, -1.53896)
8155.719739375
normal
simd_float4x4([[-0.0992088, -0.54668, 0.831444, 0.0)], [0.990605, 0.0247767, 0.134491, 0.0)], [-0.0941238, 0.836975, 0.539085, 0.0)], [0.37406, -0.0104788, -0.391017, 1.0)]])
0.37406, -0.0104788, -0.391017
float3(-0.991733, -0.172857, -1.52551)
8155.81979125
normal
simd_float4x4([[-0.103753, -0.544186, 0.832524, 0.0)], [0.989263, 0.0301603, 0.143001, 0.0)], [-0.102928, 0.838422, 0.535214, 0.0)], [0.390896, -0.0106469, -0.384369, 1.0)]])
0.390896, -0.0106469, -0.384369
float3(-0.994382, -0.189993, -1.51543)
8155.919843083
normal
simd_float4x4([[-0.124353, -0.545382, 0.828912, 0.0)], [0.985795, 0.0271435, 0.165748, 0.0)], [-0.112895, 0.837748, 0.534259, 0.0)], [0.408688, -0.00968351, -0.379157, 1.0)]])
0.408688, -0.00968351, -0.379157
float3(-0.993147, -0.208249, -1.52107)
8156.019895083
normal
simd_float4x4([[-0.148342, -0.548836, 0.822662, 0.0)], [0.980895, 0.0242117, 0.193027, 0.0)], [-0.125858, 0.835579, 0.534759, 0.0)], [0.426727, -0.00911384, -0.37598, 1.0)]])
0.426727, -0.00911384, -0.37598
float3(-0.989186, -0.231148, -1.52671)
8156.119946791
normal
simd_float4x4([[-0.171189, -0.545431, 0.820487, 0.0)], [0.975801, 0.0211265, 0.217638, 0.0)], [-0.136041, 0.837889, 0.528616, 0.0)], [0.441774, -0.0113919, -0.375199, 1.0)]])
0.441774, -0.0113919, -0.375199
float3(-0.993405, -0.251887, -1.53208)
8156.219998833
normal
simd_float4x4([[-0.194903, -0.544645, 0.815705, 0.0)], [0.969462, 0.0192376, 0.244487, 0.0)], [-0.148851, 0.838446, 0.524263, 0.0)], [0.453301, -0.0121592, -0.372028, 1.0)]])
0.453301, -0.0121592, -0.372028
float3(-0.994426, -0.276644, -1.53549)
8156.32005075
normal
simd_float4x4([[-0.213913, -0.543409, 0.811756, 0.0)], [0.963985, 0.0170033, 0.265411, 0.0)], [-0.158029, 0.839296, 0.520201, 0.0)], [0.460634, -0.0133433, -0.371266, 1.0)]])
0.460634, -0.0133433, -0.371266
float3(-0.995987, -0.294926, -1.53952)
8156.420102416
normal
simd_float4x4([[-0.224566, -0.543254, 0.808978, 0.0)], [0.960646, 0.0158674, 0.277324, 0.0)], [-0.163493, 0.839419, 0.518311, 0.0)], [0.463106, -0.0133065, -0.37145, 1.0)]])
0.463106, -0.0133065, -0.37145
float3(-0.996213, -0.305556, -1.5416)
8156.520154458
normal
simd_float4x4([[-0.233888, -0.541609, 0.807438, 0.0)], [0.958026, 0.0132219, 0.286377, 0.0)], [-0.16578, 0.840527, 0.515783, 0.0)], [0.465658, -0.0152783, -0.372697, 1.0)]])
0.465658, -0.0152783, -0.372697
float3(-0.998255, -0.310986, -1.54639)
8156.62020625
normal
simd_float4x4([[-0.240838, -0.538942, 0.80718, 0.0)], [0.956414, 0.00971781, 0.291853, 0.0)], [-0.165136, 0.842287, 0.513111, 0.0)], [0.46814, -0.0174593, -0.37327, 1.0)]])
0.46814, -0.0174593, -0.37327
float3(-1.00151, -0.311364, -1.55277)
8156.720258166
normal
simd_float4x4([[-0.243307, -0.536995, 0.807736, 0.0)], [0.955597, 0.0100164, 0.294505, 0.0)], [-0.166238, 0.843526, 0.510714, 0.0)], [0.468306, -0.0177806, -0.373947, 1.0)]])
0.468306, -0.0177806, -0.373947
float3(-1.00381, -0.314686, -1.55215)
8156.820309875
normal
simd_float4x4([[-0.243886, -0.536171, 0.808109, 0.0)], [0.954857, 0.0129755, 0.296784, 0.0)], [-0.169613, 0.84401, 0.508802, 0.0)], [0.467752, -0.0179488, -0.374206, 1.0)]])
0.467752, -0.0179488, -0.374206
float3(-1.00472, -0.321771, -1.5466)
8156.920361708
normal
simd_float4x4([[-0.242521, -0.536213, 0.808492, 0.0)], [0.954721, 0.0161062, 0.297066, 0.0)], [-0.172312, 0.843929, 0.508027, 0.0)], [0.467301, -0.0186415, -0.37531, 1.0)]])
0.467301, -0.0186415, -0.37531
float3(-1.00457, -0.327003, -1.54077)
8157.020413625
normal
simd_float4x4([[-0.242578, -0.536433, 0.808329, 0.0)], [0.954311, 0.0179155, 0.298277, 0.0)], [-0.174487, 0.843753, 0.507578, 0.0)], [0.465763, -0.0199531, -0.376671, 1.0)]])
0.465763, -0.0199531, -0.376671
float3(-1.00424, -0.331109, -1.53741)
8157.1204655
normal
simd_float4x4([[-0.24554, -0.536274, 0.807539, 0.0)], [0.952799, 0.0199334, 0.302946, 0.0)], [-0.178559, 0.843808, 0.506067, 0.0)], [0.485614, -0.00775258, -0.370623, 1.0)]])
0.485614, -0.00775258, -0.370623
float3(-1.00434, -0.3392, -1.53364)
8157.220517458
normal
simd_float4x4([[-0.246687, -0.536616, 0.806963, 0.0)], [0.953617, 0.0138148, 0.300705, 0.0)], [-0.172511, 0.843713, 0.508318, 0.0)], [0.482906, -0.00837798, -0.372576, 1.0)]])
0.482906, -0.00837798, -0.372576
float3(-1.00416, -0.32718, -1.54506)
8157.320569333
normal
simd_float4x4([[-0.236969, -0.533704, 0.811792, 0.0)], [0.957208, 0.0146214, 0.28903, 0.0)], [-0.166126, 0.845545, 0.507401, 0.0)], [0.474868, -0.0085958, -0.376262, 1.0)]])
0.474868, -0.0085958, -0.376262
float3(-1.00759, -0.316406, -1.54341)
8157.420621291
normal
simd_float4x4([[-0.225111, -0.530811, 0.817046, 0.0)], [0.961463, 0.0148285, 0.274534, 0.0)], [-0.157841, 0.847361, 0.507017, 0.0)], [0.461961, -0.0105837, -0.381174, 1.0)]])
0.461961, -0.0105837, -0.381174
float3(-1.01099, -0.301803, -1.54287)
8157.520673041
normal
simd_float4x4([[-0.214678, -0.525885, 0.823018, 0.0)], [0.965264, 0.014251, 0.260887, 0.0)], [-0.148926, 0.850436, 0.504559, 0.0)], [0.450887, -0.0134885, -0.38373, 1.0)]])
0.450887, -0.0134885, -0.38373
float3(-1.01681, -0.287011, -1.5437)
8157.620724833
normal
simd_float4x4([[-0.201715, -0.521512, 0.829058, 0.0)], [0.968943, 0.0173625, 0.246672, 0.0)], [-0.143037, 0.853068, 0.501813, 0.0)], [0.440853, -0.016225, -0.384066, 1.0)]])
0.440853, -0.016225, -0.384066
float3(-1.02184, -0.277676, -1.53752)
8157.720776916
normal
simd_float4x4([[-0.186528, -0.521059, 0.832889, 0.0)], [0.972903, 0.0199318, 0.230353, 0.0)], [-0.136629, 0.853288, 0.503222, 0.0)], [0.430716, -0.0169745, -0.383654, 1.0)]])
0.430716, -0.0169745, -0.383654
float3(-1.02226, -0.265117, -1.53256)
8157.820828625
normal
simd_float4x4([[-0.171927, -0.523605, 0.834433, 0.0)], [0.976197, 0.0231317, 0.215651, 0.0)], [-0.132218, 0.851647, 0.507165, 0.0)], [0.422889, -0.0157712, -0.3829, 1.0)]])
0.422889, -0.0157712, -0.3829
float3(-1.01912, -0.255023, -1.52665)
8157.920880666
normal
simd_float4x4([[-0.162457, -0.523549, 0.836364, 0.0)], [0.978275, 0.0251671, 0.205776, 0.0)], [-0.128783, 0.851624, 0.508086, 0.0)], [0.418011, -0.0159533, -0.381052, 1.0)]])
0.418011, -0.0159533, -0.381052
float3(-1.01908, -0.248238, -1.52276)
8158.020932416
normal
simd_float4x4([[-0.157864, -0.5249, 0.836397, 0.0)], [0.978904, 0.0280801, 0.202383, 0.0)], [-0.129717, 0.850701, 0.509394, 0.0)], [0.419492, -0.0126414, -0.379964, 1.0)]])
0.419492, -0.0126414, -0.379964
float3(-1.01732, -0.24935, -1.51735)
8158.120984333
normal
simd_float4x4([[-0.159778, -0.530326, 0.832601, 0.0)], [0.978024, 0.029396, 0.206408, 0.0)], [-0.133939, 0.847284, 0.513975, 0.0)], [0.427685, -0.00778817, -0.379147, 1.0)]])
0.427685, -0.00778817, -0.379147
float3(-1.01085, -0.254924, -1.51542)
8158.221036291
normal
simd_float4x4([[-0.161363, -0.536091, 0.828594, 0.0)], [0.976813, 0.0329499, 0.211546, 0.0)], [-0.14071, 0.843517, 0.518344, 0.0)], [0.433773, -0.00379296, -0.379578, 1.0)]])
0.433773, -0.00379296, -0.379578
float3(-1.0038, -0.265073, -1.50941)
8158.321088083
normal
simd_float4x4([[-0.165129, -0.538886, 0.826035, 0.0)], [0.975092, 0.036546, 0.218768, 0.0)], [-0.148079, 0.841586, 0.519429, 0.0)], [0.436221, -0.00171945, -0.379595, 1.0)]])
0.436221, -0.00171945, -0.379595
float3(-1.00021, -0.277714, -1.50308)
8158.42114
normal
simd_float4x4([[-0.168785, -0.542203, 0.823121, 0.0)], [0.973602, 0.0384733, 0.224985, 0.0)], [-0.153656, 0.839367, 0.521396, 0.0)], [0.438809, 0.000886679, -0.380003, 1.0)]])
0.438809, 0.000886679, -0.380003
float3(-0.996117, -0.286588, -1.49996)
8158.521191833
normal
simd_float4x4([[-0.173344, -0.545038, 0.820296, 0.0)], [0.972196, 0.0384469, 0.230989, 0.0)], [-0.157436, 0.837529, 0.52322, 0.0)], [0.443464, 0.00156201, -0.382335, 1.0)]])
0.443464, 0.00156201, -0.382335
float3(-0.992746, -0.29228, -1.50037)
8158.621243916
normal
simd_float4x4([[-0.177714, -0.544746, 0.819554, 0.0)], [0.97135, 0.036428, 0.234843, 0.0)], [-0.157785, 0.83781, 0.522665, 0.0)], [0.44745, 0.00376151, -0.384292, 1.0)]])
0.44745, 0.00376151, -0.384292
float3(-0.993259, -0.293185, -1.50402)
8158.721295666
normal
simd_float4x4([[-0.18151, -0.544517, 0.818875, 0.0)], [0.970946, 0.0328163, 0.237039, 0.0)], [-0.155944, 0.838108, 0.52274, 0.0)], [0.450211, 0.00534587, -0.385658, 1.0)]])
0.450211, 0.00534587, -0.385658
float3(-0.993805, -0.289915, -1.5106)
8158.821347583
normal
simd_float4x4([[-0.182234, -0.542695, 0.819923, 0.0)], [0.971315, 0.0301991, 0.23587, 0.0)], [-0.152767, 0.839387, 0.521625, 0.0)], [0.450475, 0.00360421, -0.387337, 1.0)]])
0.450475, 0.00360421, -0.387337
float3(-0.996154, -0.2849, -1.51521)
8158.921399583
normal
simd_float4x4([[-0.178995, -0.53537, 0.825433, 0.0)], [0.972479, 0.0309091, 0.23093, 0.0)], [-0.149146, 0.844052, 0.515104, 0.0)], [0.447508, 0.000997748, -0.39023, 1.0)]])
0.447508, 0.000997748, -0.39023
float3(-1.00479, -0.281839, -1.51313)
8159.02145125
normal
simd_float4x4([[-0.176803, -0.534026, 0.826775, 0.0)], [0.971641, 0.0393059, 0.23317, 0.0)], [-0.157016, 0.844554, 0.511932, 0.0)], [0.447855, 0.00217266, -0.393061, 1.0)]])
0.447855, 0.00217266, -0.393061
float3(-1.00573, -0.297604, -1.49733)
8159.121503375
normal
simd_float4x4([[-0.198278, -0.537792, 0.81943, 0.0)], [0.962282, 0.0520761, 0.267022, 0.0)], [-0.186275, 0.841468, 0.507182, 0.0)], [0.469755, -0.0021094, -0.387607, 1.0)]])
0.469755, -0.0021094, -0.387607
float3(-0.999994, -0.35198, -1.47426)
8159.221555208
normal
simd_float4x4([[-0.244458, -0.538458, 0.806414, 0.0)], [0.942549, 0.0633256, 0.32801, 0.0)], [-0.227686, 0.84027, 0.492042, 0.0)], [0.488169, -0.00158489, -0.386709, 1.0)]])
0.488169, -0.00158489, -0.386709
float3(-0.997781, -0.433396, -1.45373)
8159.321607083
normal
simd_float4x4([[-0.330674, -0.546451, 0.769445, 0.0)], [0.901267, 0.0590015, 0.429227, 0.0)], [-0.27995, 0.83541, 0.472988, 0.0)], [0.522767, -0.000108603, -0.379822, 1.0)]])
0.522767, -0.000108603, -0.379822
float3(-0.988879, -0.534424, -1.46324)
8159.421659041
normal
simd_float4x4([[-0.431542, -0.549569, 0.715364, 0.0)], [0.834961, 0.0568506, 0.547364, 0.0)], [-0.341483, 0.833512, 0.434335, 0.0)], [0.566359, -0.00064262, -0.367259, 1.0)]])
0.566359, -0.00064262, -0.367259
float3(-0.985434, -0.666282, -1.46772)
8159.521710833
normal
simd_float4x4([[-0.525151, -0.543505, 0.654843, 0.0)], [0.753908, 0.059826, 0.65425, 0.0)], [-0.394765, 0.837271, 0.378335, 0.0)], [0.610757, -0.00534156, -0.35223, 1.0)]])
0.610757, -0.00534156, -0.35223
float3(-0.992274, -0.806647, -1.46116)
8159.621762833
normal
simd_float4x4([[-0.604973, -0.538371, 0.586656, 0.0)], [0.66791, 0.0579883, 0.741979, 0.0)], [-0.433479, 0.840711, 0.324502, 0.0)], [0.650141, -0.00877298, -0.330689, 1.0)]])
0.650141, -0.00877298, -0.330689
float3(-0.998595, -0.928193, -1.4635)
8159.721814708
normal
simd_float4x4([[-0.661861, -0.533261, 0.526851, 0.0)], [0.590248, 0.0625314, 0.804796, 0.0)], [-0.462111, 0.843637, 0.273369, 0.0)], [0.679365, -0.0107828, -0.309527, 1.0)]])
0.679365, -0.0107828, -0.309527
float3(-1.00402, -1.0366, -1.45407)
8159.821866625
normal
simd_float4x4([[-0.698336, -0.538656, 0.471356, 0.0)], [0.526722, 0.059165, 0.847976, 0.0)], [-0.484655, 0.840446, 0.242405, 0.0)], [0.699138, -0.0119266, -0.290512, 1.0)]])
0.699138, -0.0119266, -0.290512
float3(-0.998106, -1.10702, -1.4614)
8159.921918541
normal
simd_float4x4([[-0.714007, -0.531503, 0.455739, 0.0)], [0.499998, 0.0685613, 0.863308, 0.0)], [-0.490097, 0.844277, 0.216798, 0.0)], [0.711073, -0.0168224, -0.285985, 1.0)]])
0.711073, -0.0168224, -0.285985
float3(-1.00521, -1.15432, -1.44251)
8160.021970291
normal
simd_float4x4([[-0.725682, -0.524708, 0.445047, 0.0)], [0.482477, 0.0730632, 0.872856, 0.0)], [-0.490511, 0.848141, 0.200139, 0.0)], [0.72084, -0.0207354, -0.282576, 1.0)]])
0.72084, -0.0207354, -0.282576
float3(-1.01247, -1.18339, -1.43244)
8160.122022208
normal
simd_float4x4([[-0.731192, -0.525852, 0.434555, 0.0)], [0.47276, 0.0686221, 0.878515, 0.0)], [-0.491789, 0.847804, 0.198426, 0.0)], [0.727339, -0.0227648, -0.281932, 1.0)]])
0.727339, -0.0227648, -0.281932
float3(-1.01183, -1.1873, -1.44103)
8160.222074125
normal
simd_float4x4([[-0.725467, -0.524699, 0.445408, 0.0)], [0.479752, 0.0785054, 0.873885, 0.0)], [-0.493494, 0.84766, 0.194772, 0.0)], [0.732259, -0.0235026, -0.288121, 1.0)]])
0.732259, -0.0235026, -0.288121
float3(-1.01156, -1.19488, -1.42228)
8160.322126208
normal
simd_float4x4([[-0.724233, -0.52784, 0.443702, 0.0)], [0.480264, 0.0756096, 0.873859, 0.0)], [-0.494805, 0.845972, 0.198744, 0.0)], [0.734801, -0.0242018, -0.289, 1.0)]])
0.734801, -0.0242018, -0.289
float3(-1.00839, -1.18886, -1.42852)
8160.422177958
normal
simd_float4x4([[-0.726217, -0.522378, 0.446913, 0.0)], [0.483379, 0.0742468, 0.872257, 0.0)], [-0.488829, 0.849476, 0.198587, 0.0)], [0.737644, -0.0259456, -0.292524, 1.0)]])
0.737644, -0.0259456, -0.292524
float3(-1.01499, -1.18491, -1.42961)
8160.522229916
normal
simd_float4x4([[-0.724869, -0.521628, 0.449965, 0.0)], [0.486037, 0.0756332, 0.870659, 0.0)], [-0.488193, 0.849814, 0.198707, 0.0)], [0.739477, -0.0248945, -0.29572, 1.0)]])
0.739477, -0.0248945, -0.29572
float3(-1.01563, -1.18425, -1.42681)
8160.62228175
normal
simd_float4x4([[-0.722777, -0.521688, 0.45325, 0.0)], [0.489476, 0.0765468, 0.86865, 0.0)], [-0.487859, 0.849695, 0.200028, 0.0)], [0.737716, -0.0249882, -0.29793, 1.0)]])
0.737716, -0.0249882, -0.29793
float3(-1.01541, -1.18169, -1.42511)
8160.722333708
normal
simd_float4x4([[-0.725953, -0.514829, 0.456008, 0.0)], [0.491678, 0.0751046, 0.867532, 0.0)], [-0.480879, 0.853997, 0.198608, 0.0)], [0.73618, -0.0271264, -0.30153, 1.0)]])
0.73618, -0.0271264, -0.30153
float3(-1.02362, -1.17912, -1.42594)
8160.822385666
normal
simd_float4x4([[-0.728876, -0.510756, 0.455925, 0.0)], [0.492263, 0.0718646, 0.867475, 0.0)], [-0.475833, 0.856717, 0.199046, 0.0)], [0.735742, -0.0274776, -0.304478, 1.0)]])
0.735742, -0.0274776, -0.304478
float3(-1.02887, -1.17461, -1.43101)
8160.9224375
normal
simd_float4x4([[-0.729929, -0.509549, 0.455592, 0.0)], [0.490841, 0.0731138, 0.868176, 0.0)], [-0.475688, 0.85733, 0.196739, 0.0)], [0.736337, -0.0288479, -0.306344, 1.0)]])
0.736337, -0.0288479, -0.306344
float3(-1.03006, -1.17863, -1.42828)
8161.022489541
normal
simd_float4x4([[-0.731806, -0.510169, 0.451872, 0.0)], [0.486101, 0.0739813, 0.870766, 0.0)], [-0.477668, 0.856887, 0.193854, 0.0)], [0.736183, -0.0281279, -0.305064, 1.0)]])
0.736183, -0.0281279, -0.305064
float3(-1.0292, -1.18527, -1.42679)
8161.122541333
normal
simd_float4x4([[-0.733913, -0.507942, 0.450962, 0.0)], [0.483041, 0.0764693, 0.872252, 0.0)], [-0.477538, 0.857991, 0.189235, 0.0)], [0.736219, -0.0276469, -0.306274, 1.0)]])
0.736219, -0.0276469, -0.306274
float3(-1.03135, -1.19351, -1.42137)
8161.222593291
normal
simd_float4x4([[-0.7319, -0.508697, 0.453375, 0.0)], [0.482097, 0.0836432, 0.872116, 0.0)], [-0.481565, 0.856873, 0.184023, 0.0)], [0.735538, -0.026923, -0.308395, 1.0)]])
0.735538, -0.026923, -0.308395
float3(-1.02917, -1.20579, -1.40783)
8161.322645208
normal
simd_float4x4([[-0.728036, -0.51216, 0.455692, 0.0)], [0.480356, 0.0931347, 0.872115, 0.0)], [-0.489103, 0.853826, 0.178213, 0.0)], [0.734037, -0.0268448, -0.309325, 1.0)]])
0.734037, -0.0268448, -0.309325
float3(-1.02329, -1.22138, -1.39091)
8161.422697083
normal
simd_float4x4([[-0.728946, -0.513024, 0.45326, 0.0)], [0.476234, 0.095606, 0.874105, 0.0)], [-0.491771, 0.853033, 0.174628, 0.0)], [0.733614, -0.0298822, -0.309426, 1.0)]])
0.733614, -0.0298822, -0.309426
float3(-1.02177, -1.22959, -1.38655)
8161.522749125
normal
simd_float4x4([[-0.728075, -0.51502, 0.452394, 0.0)], [0.476604, 0.0940216, 0.874076, 0.0)], [-0.492702, 0.852006, 0.177006, 0.0)], [0.73295, -0.0290537, -0.309557, 1.0)]])
0.73295, -0.0290537, -0.309557
float3(-1.01981, -1.2259, -1.39023)
8161.622800958
normal
simd_float4x4([[-0.72479, -0.520198, 0.451745, 0.0)], [0.4784, 0.0918495, 0.873325, 0.0)], [-0.495794, 0.849093, 0.182291, 0.0)], [0.73245, -0.0285413, -0.309576, 1.0)]])
0.73245, -0.0285413, -0.309576
float3(-1.01427, -1.21846, -1.39603)
8161.722852916
normal
simd_float4x4([[-0.723707, -0.520049, 0.453649, 0.0)], [0.482137, 0.0893065, 0.871532, 0.0)], [-0.493753, 0.849455, 0.186103, 0.0)], [0.731646, -0.0287933, -0.309818, 1.0)]])
0.731646, -0.0287933, -0.309818
float3(-1.01495, -1.21035, -1.40073)
8161.822904791
normal
simd_float4x4([[-0.725374, -0.517138, 0.454314, 0.0)], [0.48449, 0.0852823, 0.87063, 0.0)], [-0.48898, 0.851643, 0.188686, 0.0)], [0.731369, -0.0305558, -0.30843, 1.0)]])
0.731369, -0.0305558, -0.30843
float3(-1.01911, -1.20252, -1.40736)
8161.922956708
normal
simd_float4x4([[-0.727403, -0.513918, 0.454724, 0.0)], [0.485182, 0.083437, 0.870424, 0.0)], [-0.485267, 0.853772, 0.188651, 0.0)], [0.730924, -0.03115, -0.307493, 1.0)]])
0.730924, -0.03115, -0.307493
float3(-1.02319, -1.20002, -1.40985)
8162.023008625
normal
simd_float4x4([[-0.729375, -0.511849, 0.453897, 0.0)], [0.484458, 0.0820073, 0.870962, 0.0)], [-0.483024, 0.855152, 0.188155, 0.0)], [0.732682, -0.0322344, -0.305407, 1.0)]])
0.732682, -0.0322344, -0.305407
float3(-1.02584, -1.19934, -1.41193)
8162.123060541
normal
simd_float4x4([[-0.731895, -0.511233, 0.450522, 0.0)], [0.480609, 0.0814052, 0.873148, 0.0)], [-0.483057, 0.855578, 0.186124, 0.0)], [0.734397, -0.0326601, -0.302501, 1.0)]])
0.734397, -0.0326601, -0.302501
float3(-1.02667, -1.20302, -1.41289)
8162.223112458
normal
simd_float4x4([[-0.732478, -0.512701, 0.447899, 0.0)], [0.477172, 0.0826158, 0.874918, 0.0)], [-0.485575, 0.854583, 0.184132, 0.0)], [0.733819, -0.0328447, -0.298542, 1.0)]])
0.733819, -0.0328447, -0.298542
float3(-1.02475, -1.20834, -1.41103)
8162.323164291
normal
simd_float4x4([[-0.732379, -0.514733, 0.445725, 0.0)], [0.474892, 0.0829726, 0.876124, 0.0)], [-0.487953, 0.853326, 0.183675, 0.0)], [0.733434, -0.032429, -0.295169, 1.0)]])
0.733434, -0.032429, -0.295169
float3(-1.02233, -1.21078, -1.41098)
8162.423216458
normal
simd_float4x4([[-0.731567, -0.515702, 0.445939, 0.0)], [0.475487, 0.0828187, 0.875816, 0.0)], [-0.488592, 0.852756, 0.184622, 0.0)], [0.732157, -0.0313296, -0.294027, 1.0)]])
0.732157, -0.0313296, -0.294027
float3(-1.02124, -1.20952, -1.41156)
8162.523268166
normal
simd_float4x4([[-0.730811, -0.517424, 0.445183, 0.0)], [0.477882, 0.0778464, 0.874968, 0.0)], [-0.487385, 0.852181, 0.190377, 0.0)], [0.730429, -0.0292526, -0.293008, 1.0)]])
0.730429, -0.0292526, -0.293008
float3(-1.02014, -1.19841, -1.42147)
8162.623320166
normal
simd_float4x4([[-0.726895, -0.519246, 0.449453, 0.0)], [0.484322, 0.0763971, 0.871548, 0.0)], [-0.486884, 0.851204, 0.19595, 0.0)], [0.727501, -0.0275858, -0.294764, 1.0)]])
0.727501, -0.0275858, -0.294764
float3(-1.01827, -1.18817, -1.42471)
8162.723372208
normal
simd_float4x4([[-0.727091, -0.514499, 0.454566, 0.0)], [0.490737, 0.0735541, 0.868198, 0.0)], [-0.480122, 0.854331, 0.199003, 0.0)], [0.725993, -0.0296766, -0.296322, 1.0)]])
0.725993, -0.0296766, -0.296322
float3(-1.02426, -1.17787, -1.4288)
8162.823423875
normal
simd_float4x4([[-0.728048, -0.514654, 0.452854, 0.0)], [0.490349, 0.0706828, 0.868655, 0.0)], [-0.479066, 0.854479, 0.2009, 0.0)], [0.724517, -0.0293917, -0.294467, 1.0)]])
0.724517, -0.0293917, -0.294467
float3(-1.02455, -1.17372, -1.43431)
8162.923476083
normal
simd_float4x4([[-0.728309, -0.516123, 0.450758, 0.0)], [0.488336, 0.0705447, 0.869799, 0.0)], [-0.480722, 0.853604, 0.200664, 0.0)], [0.723716, -0.0288753, -0.293001, 1.0)]])
0.723716, -0.0288753, -0.293001
float3(-1.02287, -1.17536, -1.43496)
8163.023527791
normal
simd_float4x4([[-0.726526, -0.52147, 0.44747, 0.0)], [0.485783, 0.0707727, 0.871209, 0.0)], [-0.485978, 0.85033, 0.201903, 0.0)], [0.7229, -0.0271865, -0.291749, 1.0)]])
0.7229, -0.0271865, -0.291749
float3(-1.01661, -1.17704, -1.4359)
8163.123579666
normal
simd_float4x4([[-0.7212, -0.533992, 0.441274, 0.0)], [0.48263, 0.0696311, 0.873052, 0.0)], [-0.496929, 0.842617, 0.207503, 0.0)], [0.719682, -0.0216319, -0.289705, 1.0)]])
0.719682, -0.0216319, -0.289705
float3(-1.00213, -1.17524, -1.44113)
8163.223631708
normal
simd_float4x4([[-0.709354, -0.557819, 0.430878, 0.0)], [0.485084, 0.0571629, 0.872597, 0.0)], [-0.511381, 0.827992, 0.23004, 0.0)], [0.714033, -0.00951825, -0.286594, 1.0)]])
0.714033, -0.00951825, -0.286594
float3(-0.975517, -1.14807, -1.46868)
8163.323683541
normal
simd_float4x4([[-0.67893, -0.601506, 0.421004, 0.0)], [0.497667, 0.0445586, 0.866223, 0.0)], [-0.539798, 0.797625, 0.269097, 0.0)], [0.706449, 0.0158875, -0.284845, 1.0)]])
0.706449, 0.0158875, -0.284845
float3(-0.923347, -1.10834, -1.49685)
8163.423735541
normal
simd_float4x4([[-0.633683, -0.650381, 0.418868, 0.0)], [0.528022, 0.0320775, 0.848624, 0.0)], [-0.565365, 0.758931, 0.323089, 0.0)], [0.695263, 0.0497038, -0.286162, 1.0)]])
0.695263, 0.0497038, -0.286162
float3(-0.86167, -1.05162, -1.52152)
8163.523787458
normal
simd_float4x4([[-0.587157, -0.689887, 0.423442, 0.0)], [0.563508, 0.027183, 0.825663, 0.0)], [-0.581125, 0.723407, 0.372796, 0.0)], [0.679091, 0.0794494, -0.290838, 1.0)]])
0.679091, 0.0794494, -0.290838
float3(-0.808724, -1.00041, -1.53141)
8163.6238395
normal
simd_float4x4([[-0.561695, -0.704633, 0.43358, 0.0)], [0.614051, -0.0038362, 0.789257, 0.0)], [-0.554473, 0.709562, 0.434835, 0.0)], [0.663131, 0.0946734, -0.294969, 1.0)]])
0.663131, 0.0946734, -0.294969
float3(-0.788876, -0.905745, -1.57624)
8163.723891458
normal
simd_float4x4([[-0.528957, -0.718584, 0.451487, 0.0)], [0.671612, -0.0292331, 0.740326, 0.0)], [-0.518788, 0.694825, 0.498073, 0.0)], [0.641736, 0.104812, -0.300831, 1.0)]])
0.641736, 0.104812, -0.300831
float3(-0.768177, -0.805767, -1.61146)
8163.82394325
normal
simd_float4x4([[-0.485457, -0.731639, 0.478576, 0.0)], [0.738546, -0.0502613, 0.672326, 0.0)], [-0.467847, 0.679837, 0.564749, 0.0)], [0.615413, 0.115, -0.308078, 1.0)]])
0.615413, 0.115, -0.308078
float3(-0.74754, -0.691829, -1.63939)
8163.923995291
normal
simd_float4x4([[-0.434174, -0.757518, 0.487504, 0.0)], [0.80814, -0.0884379, 0.582313, 0.0)], [-0.397999, 0.646796, 0.650578, 0.0)], [0.592071, 0.134299, -0.315647, 1.0)]])
0.592071, 0.134299, -0.315647
float3(-0.703376, -0.549023, -1.68702)
8164.024047041
normal
simd_float4x4([[-0.348281, -0.796301, 0.494575, 0.0)], [0.869667, -0.0775856, 0.487503, 0.0)], [-0.349827, 0.599904, 0.719539, 0.0)], [0.564558, 0.169059, -0.329069, 1.0)]])
0.564558, 0.169059, -0.329069
float3(-0.643381, -0.452533, -1.66792)
8164.124099041
normal
simd_float4x4([[-0.265448, -0.846814, 0.460916, 0.0)], [0.917368, -0.0747708, 0.390953, 0.0)], [-0.296602, 0.526608, 0.796688, 0.0)], [0.537756, 0.20293, -0.329755, 1.0)]])
0.537756, 0.20293, -0.329755
float3(-0.554605, -0.356396, -1.65886)
8164.224151083
