ARKit Data
264611.568655708
normal
simd_float4x4([[-0.96715, -0.00776746, 0.254088, 0.0)], [0.0240445, -0.997847, 0.061018, 0.0)], [0.253067, 0.0651229, 0.965254, 0.0)], [0.0405411, -0.0664572, -0.0485465, 1.0)]])
0.0405411, -0.0664572, -0.0485465
float3(-0.0651691, 0.256405, -3.13381)
264611.915210291
notAvailable
simd_float4x4([[1.0, 0.0, 0.0, 0.0)], [0.0, 1.0, 0.0, 0.0)], [0.0, 0.0, 1.0, 0.0)], [0.0, 0.0, 0.0, 1.0)]])
0.0, 0.0, 0.0
float3(-0.0, 0.0, 0.0)
264612.03186425
notAvailable
simd_float4x4([[1.0, 0.0, 0.0, 0.0)], [0.0, 1.0, 0.0, 0.0)], [0.0, 0.0, 1.0, 0.0)], [0.0, 0.0, 0.0, 1.0)]])
0.0, 0.0, 0.0
float3(-0.0, 0.0, 0.0)
264612.165182541
limited(__ObjC.ARCamera.TrackingState.Reason.initializing)
simd_float4x4([[-0.999891, -0.0147242, -0.00145825, 0.0)], [0.0145269, -0.99563, 0.0922531, 0.0)], [-0.00281023, 0.0922218, 0.995735, 0.0)], [0.0, 0.0, 0.0, 1.0)]])
0.0, 0.0, 0.0
float3(-0.092353, -0.00282226, -3.1268)
264612.298501041
limited(__ObjC.ARCamera.TrackingState.Reason.initializing)
simd_float4x4([[-0.999947, -0.00919475, -0.00463362, 0.0)], [0.00868737, -0.994985, 0.0996474, 0.0)], [-0.00552661, 0.0996019, 0.995012, 0.0)], [0.0, 0.0, 0.0, 1.0)]])
0.0, 0.0, 0.0
float3(-0.0997673, -0.00555426, -3.13235)
264612.431819666
limited(__ObjC.ARCamera.TrackingState.Reason.initializing)
simd_float4x4([[-0.99996, -0.00519565, -0.00728555, 0.0)], [0.00445262, -0.995124, 0.0985341, 0.0)], [-0.00776197, 0.0984977, 0.995107, 0.0)], [0.0, 0.0, 0.0, 1.0)]])
0.0, 0.0, 0.0
float3(-0.0986577, -0.00779998, -3.13637)
264612.565138041
limited(__ObjC.ARCamera.TrackingState.Reason.initializing)
simd_float4x4([[-0.99994, -0.00355479, -0.010396, 0.0)], [0.00254552, -0.995422, 0.0955336, 0.0)], [-0.010688, 0.0955014, 0.995371, 0.0)], [0.0, 0.0, 0.0, 1.0)]])
0.0, 0.0, 0.0
float3(-0.0956471, -0.0107373, -3.13802)
264612.698456541
limited(__ObjC.ARCamera.TrackingState.Reason.initializing)
simd_float4x4([[-0.999924, -0.0027478, -0.0120073, 0.0)], [0.00163527, -0.995785, 0.0917011, 0.0)], [-0.0122086, 0.0916745, 0.995714, 0.0)], [0.0, 0.0, 0.0, 1.0)]])
0.0, 0.0, 0.0
float3(-0.0918034, -0.0122606, -3.13883)
264612.831775041
limited(__ObjC.ARCamera.TrackingState.Reason.initializing)
simd_float4x4([[-0.999824, -0.00350619, -0.0184162, 0.0)], [0.00178792, -0.995711, 0.0925022, 0.0)], [-0.0186616, 0.092453, 0.995542, 0.0)], [0.0, 0.0, 0.0, 1.0)]])
0.0, 0.0, 0.0
float3(-0.0925852, -0.0187429, -3.13807)
264612.965093708
limited(__ObjC.ARCamera.TrackingState.Reason.initializing)
simd_float4x4([[-0.999799, -0.0018963, -0.0199565, 0.0)], [3.64724e-05, -0.995686, 0.0927843, 0.0)], [-0.0200464, 0.0927649, 0.995486, 0.0)], [0.0, 0.0, 0.0, 1.0)]])
0.0, 0.0, 0.0
float3(-0.0928985, -0.0201345, -3.13969)
264613.098411916
limited(__ObjC.ARCamera.TrackingState.Reason.initializing)
simd_float4x4([[-0.999787, -0.000584172, -0.0206461, 0.0)], [-0.00135467, -0.995593, 0.0937696, 0.0)], [-0.0206099, 0.0937776, 0.99538, 0.0)], [0.0, 0.0, 0.0, 1.0)]])
0.0, 0.0, 0.0
float3(-0.0939156, -0.0207026, -3.14101)
264613.231730416
limited(__ObjC.ARCamera.TrackingState.Reason.initializing)
simd_float4x4([[-0.999707, 0.000568738, -0.0242161, 0.0)], [-0.00289209, -0.995376, 0.0960163, 0.0)], [-0.0240495, 0.0960582, 0.995085, 0.0)], [0.0, 0.0, 0.0, 1.0)]])
0.0, 0.0, 0.0
float3(-0.0962065, -0.0241636, 3.14102)
264613.365049
limited(__ObjC.ARCamera.TrackingState.Reason.initializing)
simd_float4x4([[-0.999613, 0.00209988, -0.0277403, 0.0)], [-0.00478198, -0.995275, 0.0969774, 0.0)], [-0.0274056, 0.0970725, 0.9949, 0.0)], [0.0, 0.0, 0.0, 1.0)]])
0.0, 0.0, 0.0
float3(-0.0972256, -0.0275391, 3.13948)
264613.4983675
limited(__ObjC.ARCamera.TrackingState.Reason.initializing)
simd_float4x4([[-0.999593, 0.00435578, -0.0281751, 0.0)], [-0.00707869, -0.995232, 0.0972775, 0.0)], [-0.0276171, 0.0974374, 0.994858, 0.0)], [0.0, 0.0, 0.0, 1.0)]])
0.0, 0.0, 0.0
float3(-0.0975922, -0.0277527, 3.13722)
264613.631686041
limited(__ObjC.ARCamera.TrackingState.Reason.initializing)
simd_float4x4([[-0.999528, 0.00604174, -0.0301065, 0.0)], [-0.00893564, -0.99525, 0.0969356, 0.0)], [-0.0293778, 0.0971589, 0.994835, 0.0)], [0.0, 0.0, 0.0, 1.0)]])
0.0, 0.0, 0.0
float3(-0.0973124, -0.0295218, 3.13552)
264613.765004333
limited(__ObjC.ARCamera.TrackingState.Reason.initializing)
simd_float4x4([[-0.99955, 0.00560173, -0.0294521, 0.0)], [-0.0083961, -0.995382, 0.0956289, 0.0)], [-0.0287804, 0.0958332, 0.994981, 0.0)], [0.0, 0.0, 0.0, 1.0)]])
0.0, 0.0, 0.0
float3(-0.0959805, -0.0289175, 3.13597)
264613.898322791
limited(__ObjC.ARCamera.TrackingState.Reason.initializing)
simd_float4x4([[-0.999498, 0.00307565, -0.0315391, 0.0)], [-0.00608148, -0.995396, 0.0956571, 0.0)], [-0.0310996, 0.0958009, 0.994915, 0.0)], [0.0, 0.0, 0.0, 1.0)]])
0.0, 0.0, 0.0
float3(-0.095948, -0.0312484, 3.1385)
264614.031641375
limited(__ObjC.ARCamera.TrackingState.Reason.initializing)
simd_float4x4([[-0.999499, 0.0021418, -0.031578, 0.0)], [-0.0049863, -0.995904, 0.0902771, 0.0)], [-0.0312553, 0.0903893, 0.995416, 0.0)], [0.0, 0.0, 0.0, 1.0)]])
0.0, 0.0, 0.0
float3(-0.0905129, -0.031389, 3.13944)
264614.164959916
limited(__ObjC.ARCamera.TrackingState.Reason.initializing)
simd_float4x4([[-0.999436, 0.00324159, -0.0334122, 0.0)], [-0.00630171, -0.995749, 0.0918933, 0.0)], [-0.0329723, 0.0920521, 0.995208, 0.0)], [0.0, 0.0, 0.0, 1.0)]])
0.0, 0.0, 0.0
float3(-0.0921826, -0.033119, 3.13834)
264614.298278333
limited(__ObjC.ARCamera.TrackingState.Reason.initializing)
simd_float4x4([[-0.99945, 0.00142958, -0.0331187, 0.0)], [-0.00445314, -0.995804, 0.0914022, 0.0)], [-0.0328491, 0.0914994, 0.995263, 0.0)], [0.0, 0.0, 0.0, 1.0)]])
0.0, 0.0, 0.0
float3(-0.0916276, -0.0329935, 3.14016)
264614.431596833
limited(__ObjC.ARCamera.TrackingState.Reason.initializing)
simd_float4x4([[-0.999439, -0.000201583, -0.0334761, 0.0)], [-0.00289056, -0.995727, 0.0922947, 0.0)], [-0.0333517, 0.0923397, 0.995169, 0.0)], [0.0, 0.0, 0.0, 1.0)]])
0.0, 0.0, 0.0
float3(-0.0924715, -0.0335011, -3.14139)
264614.564915333
limited(__ObjC.ARCamera.TrackingState.Reason.initializing)
simd_float4x4([[-0.99937, -0.00214389, -0.0354119, 0.0)], [-0.00120933, -0.995534, 0.0944, 0.0)], [-0.0354561, 0.0943834, 0.994904, 0.0)], [0.0, 0.0, 0.0, 1.0)]])
0.0, 0.0, 0.0
float3(-0.0945241, -0.0356227, -3.13944)
264614.698233833
limited(__ObjC.ARCamera.TrackingState.Reason.initializing)
simd_float4x4([[-0.999343, -0.00657787, -0.0356299, 0.0)], [0.00297687, -0.994964, 0.100191, 0.0)], [-0.0361095, 0.10002, 0.99433, 0.0)], [0.0, 0.0, 0.0, 1.0)]])
0.0, 0.0, 0.0
float3(-0.100187, -0.0362995, -3.13498)
264614.831552208
limited(__ObjC.ARCamera.TrackingState.Reason.initializing)
simd_float4x4([[-0.999234, -0.0098711, -0.0378758, 0.0)], [0.00565277, -0.993926, 0.109904, 0.0)], [-0.0387306, 0.109606, 0.99322, 0.0)], [0.0, 0.0, 0.0, 1.0)]])
0.0, 0.0, 0.0
float3(-0.109827, -0.0389753, -3.13166)
264614.96487075
limited(__ObjC.ARCamera.TrackingState.Reason.initializing)
simd_float4x4([[-0.999129, -0.015286, -0.0388355, 0.0)], [0.010561, -0.992828, 0.119081, 0.0)], [-0.0403773, 0.118567, 0.992124, 0.0)], [0.0, 0.0, 0.0, 1.0)]])
0.0, 0.0, 0.0
float3(-0.118847, -0.0406754, -3.1262)
264615.098189166
limited(__ObjC.ARCamera.TrackingState.Reason.initializing)
simd_float4x4([[-0.998981, -0.018139, -0.0413303, 0.0)], [0.0129949, -0.992507, 0.121494, 0.0)], [-0.0432244, 0.120833, 0.991731, 0.0)], [0.0, 0.0, 0.0, 1.0)]])
0.0, 0.0, 0.0
float3(-0.121129, -0.0435572, -3.12332)
264615.231507791
limited(__ObjC.ARCamera.TrackingState.Reason.initializing)
simd_float4x4([[-0.998893, -0.0216611, -0.0417513, 0.0)], [0.0165538, -0.992755, 0.119008, 0.0)], [-0.0440266, 0.118185, 0.992015, 0.0)], [0.0, 0.0, 0.0, 1.0)]])
0.0, 0.0, 0.0
float3(-0.118462, -0.0443519, -3.11978)
264615.364826166
limited(__ObjC.ARCamera.TrackingState.Reason.initializing)
simd_float4x4([[-0.99905, -0.0210477, -0.0381591, 0.0)], [0.0164518, -0.992997, 0.116988, 0.0)], [-0.0403542, 0.116249, 0.9924, 0.0)], [0.0, 0.0, 0.0, 1.0)]])
0.0, 0.0, 0.0
float3(-0.116512, -0.0406409, -3.1204)
264615.498144791
limited(__ObjC.ARCamera.TrackingState.Reason.initializing)
simd_float4x4([[-0.998861, -0.00942298, -0.0467821, 0.0)], [0.00406554, -0.99355, 0.113319, 0.0)], [-0.0475482, 0.113, 0.992457, 0.0)], [0.0, 0.0, 0.0, 1.0)]])
0.0, 0.0, 0.0
float3(-0.113241, -0.047873, -3.13211)
264615.631463166
limited(__ObjC.ARCamera.TrackingState.Reason.initializing)
simd_float4x4([[-0.998783, -0.0208198, -0.0447206, 0.0)], [0.0160778, -0.994459, 0.103892, 0.0)], [-0.0466358, 0.103047, 0.993583, 0.0)], [0.0, 0.0, 0.0, 1.0)]])
0.0, 0.0, 0.0
float3(-0.10323, -0.0469026, -3.12066)
264615.764781583
limited(__ObjC.ARCamera.TrackingState.Reason.initializing)
simd_float4x4([[-0.99855, -0.0123289, -0.0524046, 0.0)], [0.00647515, -0.993862, 0.110439, 0.0)], [-0.0534445, 0.109939, 0.9925, 0.0)], [0.0, 0.0, 0.0, 1.0)]])
0.0, 0.0, 0.0
float3(-0.110162, -0.0537964, -3.12919)
264615.898100166
normal
simd_float4x4([[-0.999249, -0.0244636, -0.0300391, 0.0)], [0.021789, -0.996027, 0.0863457, 0.0)], [-0.0320321, 0.0856263, 0.995812, 0.0)], [-0.00104095, 0.000774467, -0.00153446, 1.0)]])
-0.00104095, 0.000774467, -0.00153446
float3(-0.0857313, -0.0321557, -3.11704)
264616.031418666
normal
simd_float4x4([[-0.99922, -0.0291533, -0.0266247, 0.0)], [0.0266012, -0.995437, 0.0916371, 0.0)], [-0.0291747, 0.0908574, 0.995437, 0.0)], [-0.000463728, -0.00157785, 0.000473864, 1.0)]])
-0.000463728, -0.00157785, 0.000473864
float3(-0.0909829, -0.0293001, -3.11231)
264616.164737125
normal
simd_float4x4([[-0.999333, -0.0251856, -0.026445, 0.0)], [0.0227875, -0.995916, 0.087366, 0.0)], [-0.0285373, 0.0867051, 0.995825, 0.0)], [-0.00274108, -0.000955228, 0.00188131, 1.0)]])
-0.00274108, -0.000955228, 0.00188131
float3(-0.0868141, -0.0286491, -3.11631)
264616.298055625
normal
simd_float4x4([[-0.999428, -0.0203775, -0.0270098, 0.0)], [0.0178452, -0.995701, 0.0908911, 0.0)], [-0.0287458, 0.0903571, 0.995495, 0.0)], [-0.00282685, -0.002085, 0.00386137, 1.0)]])
-0.00282685, -0.002085, 0.00386137
float3(-0.0904805, -0.0288679, -3.12113)
264616.431374125
normal
simd_float4x4([[-0.999493, -0.0204287, -0.0244346, 0.0)], [0.0181811, -0.995874, 0.0889122, 0.0)], [-0.0261502, 0.0884228, 0.99574, 0.0)], [-0.00403525, -0.00101017, 0.00358921, 1.0)]])
-0.00403525, -0.00101017, 0.00358921
float3(-0.0885385, -0.026256, -3.12108)
264616.564692458
normal
simd_float4x4([[-0.99927, -0.013478, -0.0357597, 0.0)], [0.0104517, -0.996453, 0.0835038, 0.0)], [-0.0367583, 0.083069, 0.995866, 0.0)], [-0.00333574, -0.000327113, 0.00749669, 1.0)]])
-0.00333574, -0.000327113, 0.00749669
float3(-0.0831649, -0.0368941, -3.12807)
264616.698011083
normal
simd_float4x4([[-0.999235, -0.0146859, -0.0362524, 0.0)], [0.0114975, -0.996173, 0.0866424, 0.0)], [-0.0373861, 0.0861593, 0.99558, 0.0)], [-0.00351619, 0.000160171, 0.011084, 1.0)]])
-0.00351619, 0.000160171, 0.011084
float3(-0.0862662, -0.0375345, -3.12685)
264616.831329458
normal
simd_float4x4([[-0.999351, -0.0148275, -0.0328334, 0.0)], [0.0120858, -0.996544, 0.0821803, 0.0)], [-0.0339385, 0.0817301, 0.996077, 0.0)], [-0.00626152, 0.000434053, 0.00978841, 1.0)]])
-0.00626152, 0.000434053, 0.00978841
float3(-0.0818214, -0.034059, -3.12671)
264616.964648125
normal
simd_float4x4([[-0.999379, -0.016061, -0.0313692, 0.0)], [0.0134467, -0.996555, 0.0818397, 0.0)], [-0.0325756, 0.081367, 0.996152, 0.0)], [-0.0100281, 0.00115672, 0.0137557, 1.0)]])
-0.0100281, 0.00115672, 0.0137557
float3(-0.0814571, -0.0326898, -3.12548)
264617.097966625
normal
simd_float4x4([[-0.999669, -0.0203375, -0.0157422, 0.0)], [0.0189092, -0.996107, 0.0861011, 0.0)], [-0.017432, 0.0857749, 0.996162, 0.0)], [-0.0151817, 0.000703304, 0.0137787, 1.0)]])
-0.0151817, 0.000703304, 0.0137787
float3(-0.0858805, -0.0174973, -3.12118)
264617.231285041
normal
simd_float4x4([[-0.999602, -0.0146208, -0.0241266, 0.0)], [0.0123163, -0.995586, 0.0930469, 0.0)], [-0.0253805, 0.0927127, 0.995369, 0.0)], [-0.0160839, -0.00516722, 0.0183076, 1.0)]])
-0.0160839, -0.00516722, 0.0183076
float3(-0.0928461, -0.0254931, -3.12691)
264617.364603583
normal
simd_float4x4([[-0.999447, -0.0206182, -0.0261015, 0.0)], [0.0179945, -0.995118, 0.0970405, 0.0)], [-0.0279748, 0.0965171, 0.994938, 0.0)], [-0.0181042, -0.00573579, 0.0198469, 1.0)]])
-0.0181042, -0.00573579, 0.0198469
float3(-0.0966676, -0.0281098, -3.12088)
264617.497921958
normal
simd_float4x4([[-0.999234, -0.0242907, -0.0306727, 0.0)], [0.0210595, -0.994603, 0.101595, 0.0)], [-0.0329749, 0.100872, 0.994353, 0.0)], [-0.0190862, -0.0071645, 0.0221285, 1.0)]])
-0.0190862, -0.0071645, 0.0221285
float3(-0.101044, -0.0331501, -3.11717)
264617.631240416
normal
simd_float4x4([[-0.998911, -0.0247743, -0.0395403, 0.0)], [0.0207082, -0.99476, 0.100121, 0.0)], [-0.0418136, 0.0991934, 0.994189, 0.0)], [-0.019559, -0.00649429, 0.02231, 1.0)]])
-0.019559, -0.00649429, 0.02231
float3(-0.0993568, -0.0420332, -3.11669)
264617.764559
normal
simd_float4x4([[-0.998917, -0.0211363, -0.0414438, 0.0)], [0.0168584, -0.994745, 0.100982, 0.0)], [-0.0433604, 0.100174, 0.994025, 0.0)], [-0.0225049, -0.00697131, 0.0221173, 1.0)]])
-0.0225049, -0.00697131, 0.0221173
float3(-0.100343, -0.0435935, -3.12035)
264617.897877458
normal
simd_float4x4([[-0.998757, -0.0191617, -0.0460112, 0.0)], [0.014242, -0.994374, 0.104967, 0.0)], [-0.0477637, 0.104181, 0.993411, 0.0)], [-0.022199, -0.00801043, 0.0228093, 1.0)]])
-0.022199, -0.00801043, 0.0228093
float3(-0.10437, -0.0480435, -3.12232)
264618.031196
normal
simd_float4x4([[-0.998868, -0.0201857, -0.0430661, 0.0)], [0.0156996, -0.994653, 0.102074, 0.0)], [-0.0448963, 0.101282, 0.993844, 0.0)], [-0.0236882, -0.00616555, 0.0210128, 1.0)]])
-0.0236882, -0.00616555, 0.0210128
float3(-0.101456, -0.0451436, -3.1213)
264618.164514541
normal
simd_float4x4([[-0.999009, -0.0257155, -0.0363175, 0.0)], [0.0220188, -0.994868, 0.0987554, 0.0)], [-0.0386707, 0.0978579, 0.994449, 0.0)], [-0.0257193, -0.00369109, 0.0196317, 1.0)]])
-0.0257193, -0.00369109, 0.0196317
float3(-0.0980148, -0.038867, -3.11575)
264618.297832916
normal
simd_float4x4([[-0.999191, -0.0278573, -0.0290147, 0.0)], [0.0250315, -0.995298, 0.0935733, 0.0)], [-0.031485, 0.0927712, 0.99519, 0.0)], [-0.0274105, -0.00329311, 0.0184797, 1.0)]])
-0.0274105, -0.00329311, 0.0184797
float3(-0.0929048, -0.0316266, -3.11361)
264618.431151375
normal
simd_float4x4([[-0.999237, -0.0283449, -0.0268778, 0.0)], [0.025754, -0.995401, 0.0922733, 0.0)], [-0.0293697, 0.0915106, 0.995371, 0.0)], [-0.0284656, -0.00454949, 0.0177416, 1.0)]])
-0.0284656, -0.00454949, 0.0177416
float3(-0.0916388, -0.0294977, -3.11312)
264618.564469875
normal
simd_float4x4([[-0.999231, -0.029059, -0.026327, 0.0)], [0.0265329, -0.995434, 0.0916877, 0.0)], [-0.0288712, 0.0909187, 0.99544, 0.0)], [-0.0280487, -0.00465112, 0.0154873, 1.0)]])
-0.0280487, -0.00465112, 0.0154873
float3(-0.0910444, -0.0289953, -3.11241)
264618.697788375
normal
simd_float4x4([[-0.99926, -0.0285722, -0.0257692, 0.0)], [0.0260425, -0.995263, 0.0936629, 0.0)], [-0.0283233, 0.0929225, 0.995271, 0.0)], [-0.0262896, -0.00529901, 0.0143554, 1.0)]])
-0.0262896, -0.00529901, 0.0143554
float3(-0.0930567, -0.0284502, -3.11289)
264618.831106875
normal
simd_float4x4([[-0.999189, -0.027106, -0.029794, 0.0)], [0.0242392, -0.9954, 0.0926945, 0.0)], [-0.0321695, 0.0918971, 0.995249, 0.0)], [-0.0242544, -0.00447522, 0.0144038, 1.0)]])
-0.0242544, -0.00447522, 0.0144038
float3(-0.092027, -0.0323118, -3.11437)
264618.964425416
normal
simd_float4x4([[-0.999214, -0.0260215, -0.0299137, 0.0)], [0.0231648, -0.995474, 0.0921719, 0.0)], [-0.0321768, 0.0914065, 0.995294, 0.0)], [-0.0229916, -0.00439747, 0.0127148, 1.0)]])
-0.0229916, -0.00439747, 0.0127148
float3(-0.0915343, -0.0323177, -3.11546)
264619.097743833
normal
simd_float4x4([[-0.999252, -0.0243953, -0.030015, 0.0)], [0.0214465, -0.995254, 0.0949205, 0.0)], [-0.0321881, 0.0942057, 0.995032, 0.0)], [-0.0219228, -0.00531171, 0.0127203, 1.0)]])
-0.0219228, -0.00531171, 0.0127203
float3(-0.0943456, -0.0323376, -3.11709)
264619.23106225
normal
simd_float4x4([[-0.999351, -0.0226661, -0.0279893, 0.0)], [0.0199335, -0.995342, 0.0943207, 0.0)], [-0.0299968, 0.0937016, 0.995148, 0.0)], [-0.0215549, -0.00469768, 0.0112241, 1.0)]])
-0.0215549, -0.00469768, 0.0112241
float3(-0.0938392, -0.030134, -3.11882)
264619.36438075
normal
simd_float4x4([[-0.999345, -0.0208465, -0.0295686, 0.0)], [0.018005, -0.995475, 0.0933055, 0.0)], [-0.0313799, 0.0927121, 0.995198, 0.0)], [-0.0204408, -0.00486786, 0.0113345, 1.0)]])
-0.0204408, -0.00486786, 0.0113345
float3(-0.0928454, -0.0315208, -3.12065)
264619.497699333
normal
simd_float4x4([[-0.999406, -0.0210711, -0.0272734, 0.0)], [0.0184779, -0.995581, 0.0920685, 0.0)], [-0.0290929, 0.0915098, 0.995379, 0.0)], [-0.0211516, -0.00415453, 0.0103744, 1.0)]])
-0.0211516, -0.00415453, 0.0103744
float3(-0.091638, -0.0292196, -3.12043)
264619.631017833
normal
simd_float4x4([[-0.999463, -0.0207072, -0.025409, 0.0)], [0.0182897, -0.995596, 0.0919427, 0.0)], [-0.027201, 0.0914286, 0.99544, 0.0)], [-0.0212498, -0.00460419, 0.00935411, 1.0)]])
-0.0212498, -0.00460419, 0.00935411
float3(-0.0915564, -0.0273188, -3.1208)
264619.764336333
normal
simd_float4x4([[-0.999544, -0.0207007, -0.0219961, 0.0)], [0.0185268, -0.995323, 0.0948154, 0.0)], [-0.023856, 0.0943646, 0.995252, 0.0)], [-0.0212613, -0.00563757, 0.0077553, 1.0)]])
-0.0212613, -0.00563757, 0.0077553
float3(-0.0945052, -0.0239652, -3.1208)
264619.89765475
normal
simd_float4x4([[-0.999563, -0.0230581, -0.0184808, 0.0)], [0.02119, -0.995196, 0.0955884, 0.0)], [-0.0205961, 0.095155, 0.99525, 0.0)], [-0.0218411, -0.00569948, 0.00645082, 1.0)]])
-0.0218411, -0.00569948, 0.00645082
float3(-0.0952992, -0.0206914, -3.11843)
264620.030973166
normal
simd_float4x4([[-0.999623, -0.022203, -0.0161829, 0.0)], [0.0205192, -0.995007, 0.0976709, 0.0)], [-0.0182707, 0.097302, 0.995087, 0.0)], [-0.0229135, -0.00704328, 0.00528603, 1.0)]])
-0.0229135, -0.00704328, 0.00528603
float3(-0.0974562, -0.0183588, -3.11928)
264620.164291708
normal
simd_float4x4([[-0.999671, -0.0235025, -0.010313, 0.0)], [0.0224092, -0.995158, 0.0956967, 0.0)], [-0.0125122, 0.0954341, 0.995357, 0.0)], [-0.0237876, -0.00641838, 0.00257787, 1.0)]])
-0.0237876, -0.00641838, 0.00257787
float3(-0.0955795, -0.0125699, -3.11798)
264620.297610125
normal
simd_float4x4([[-0.999621, -0.0268013, -0.00635671, 0.0)], [0.0260914, -0.99529, 0.09337, 0.0)], [-0.0088292, 0.0931687, 0.995611, 0.0)], [-0.0269773, -0.00536679, 0.000771584, 1.0)]])
-0.0269773, -0.00536679, 0.000771584
float3(-0.093304, -0.00886789, -3.11467)
264620.430928708
normal
simd_float4x4([[-0.999668, -0.0244943, 0.00799628, 0.0)], [0.0251139, -0.995645, 0.0897756, 0.0)], [0.00576246, 0.0899466, 0.99593, 0.0)], [-0.0287881, -0.00923061, -0.00726036, 1.0)]])
-0.0287881, -0.00923061, -0.00726036
float3(-0.0900683, 0.00578595, -3.117)
264620.564247166
normal
simd_float4x4([[-0.999686, -0.0250332, 0.00121153, 0.0)], [0.0250524, -0.996745, 0.0766317, 0.0)], [-0.000710756, 0.0766379, 0.997059, 0.0)], [-0.0309341, -0.00513336, -0.00362348, 1.0)]])
-0.0309341, -0.00513336, -0.00362348
float3(-0.0767132, -0.000712853, -3.11648)
264620.697565583
normal
simd_float4x4([[-0.999659, -0.0260236, 0.00217081, 0.0)], [0.0261137, -0.996527, 0.0790673, 0.0)], [0.000105658, 0.079097, 0.996867, 0.0)], [-0.0327232, -0.00657008, -0.00277169, 1.0)]])
-0.0327232, -0.00657008, -0.00277169
float3(-0.0791797, 0.00010599, -3.11548)
264620.830884291
normal
simd_float4x4([[-0.999519, -0.0309745, 0.00163452, 0.0)], [0.0310025, -0.995998, 0.0838284, 0.0)], [-0.000968567, 0.0838387, 0.996479, 0.0)], [-0.0337377, -0.0076044, -0.00420175, 1.0)]])
-0.0337377, -0.0076044, -0.00420175
float3(-0.0839372, -0.000971989, -3.1105)
264620.9642025
normal
simd_float4x4([[-0.999422, -0.0335325, -0.0055664, 0.0)], [0.032971, -0.996157, 0.0811486, 0.0)], [-0.00826612, 0.0809182, 0.996687, 0.0)], [-0.0326738, -0.00489684, -0.00330525, 1.0)]])
-0.0326738, -0.00489684, -0.00330525
float3(-0.0810067, -0.00829341, -3.10794)
264621.097521041
normal
simd_float4x4([[-0.99944, -0.0333626, -0.00279516, 0.0)], [0.0329471, -0.994942, 0.094895, 0.0)], [-0.00594697, 0.0947497, 0.995483, 0.0)], [-0.0332315, -0.0097883, -0.00306584, 1.0)]])
-0.0332315, -0.0097883, -0.00306584
float3(-0.094892, -0.00597388, -3.10807)
264621.230839458
normal
simd_float4x4([[-0.999186, -0.0368264, -0.016495, 0.0)], [0.0351933, -0.995298, 0.090247, 0.0)], [-0.0197409, 0.089593, 0.995783, 0.0)], [-0.0309431, -0.00466015, 0.00093395, 1.0)]])
-0.0309431, -0.00466015, 0.00093395
float3(-0.0897133, -0.0198219, -3.10461)
264621.364157958
normal
simd_float4x4([[-0.999318, -0.0362391, -0.0071488, 0.0)], [0.0353414, -0.994335, 0.100243, 0.0)], [-0.010741, 0.0999218, 0.994937, 0.0)], [-0.0339893, -0.00885474, -0.00146206, 1.0)]])
-0.0339893, -0.00885474, -0.00146206
float3(-0.100089, -0.0107953, -3.10516)
264621.4974765
normal
simd_float4x4([[-0.999107, -0.0394543, -0.0151243, 0.0)], [0.0376629, -0.99381, 0.104518, 0.0)], [-0.0191543, 0.103855, 0.994408, 0.0)], [-0.0322665, -0.00906603, 0.00129395, 1.0)]])
-0.0322665, -0.00906603, 0.00129395
float3(-0.104042, -0.0192596, -3.10191)
264621.630794958
normal
simd_float4x4([[-0.99914, -0.0392103, -0.0134779, 0.0)], [0.0375312, -0.993451, 0.107923, 0.0)], [-0.0176214, 0.107325, 0.994068, 0.0)], [-0.0326652, -0.0105648, 0.00119591, 1.0)]])
-0.0326652, -0.0105648, 0.00119591
float3(-0.107532, -0.0177247, -3.10214)
264621.764113625
normal
simd_float4x4([[-0.999096, -0.0404394, -0.0131403, 0.0)], [0.0387393, -0.99309, 0.110777, 0.0)], [-0.0175293, 0.110168, 0.993758, 0.0)], [-0.0328161, -0.010482, 0.0041891, 1.0)]])
-0.0328161, -0.010482, 0.0041891
float3(-0.110392, -0.0176376, -3.10089)
264621.897431833
normal
simd_float4x4([[-0.999152, -0.0391229, -0.0128185, 0.0)], [0.0375118, -0.99343, 0.108116, 0.0)], [-0.0169641, 0.107544, 0.994056, 0.0)], [-0.0344372, -0.00970457, 0.00600637, 1.0)]])
-0.0344372, -0.00970457, 0.00600637
float3(-0.107752, -0.0170639, -3.10223)
264622.030750416
normal
simd_float4x4([[-0.998946, -0.0450161, -0.00901742, 0.0)], [0.0438647, -0.99382, 0.101968, 0.0)], [-0.0135519, 0.101465, 0.994747, 0.0)], [-0.037504, -0.00658681, 0.00695406, 1.0)]])
-0.037504, -0.00658681, 0.00695406
float3(-0.10164, -0.0136226, -3.09633)
264622.164068958
normal
simd_float4x4([[-0.998854, -0.0469685, -0.00926452, 0.0)], [0.0457841, -0.993749, 0.101818, 0.0)], [-0.0139889, 0.101278, 0.99476, 0.0)], [-0.0409906, -0.00808269, 0.00965991, 1.0)]])
-0.0409906, -0.00808269, 0.00965991
float3(-0.101451, -0.0140616, -3.09436)
264622.297387458
normal
simd_float4x4([[-0.998826, -0.0471055, -0.0113271, 0.0)], [0.0455968, -0.993011, 0.108863, 0.0)], [-0.0163759, 0.108218, 0.993992, 0.0)], [-0.0428844, -0.0101133, 0.00856193, 1.0)]])
-0.0428844, -0.0101133, 0.00856193
float3(-0.108431, -0.0164734, -3.09419)
264622.430705916
normal
simd_float4x4([[-0.998447, -0.0511112, -0.0221522, 0.0)], [0.0483366, -0.992585, 0.11153, 0.0)], [-0.0276884, 0.110286, 0.993514, 0.0)], [-0.0423686, -0.00920503, 0.0118046, 1.0)]])
-0.0423686, -0.00920503, 0.0118046
float3(-0.11051, -0.0278619, -3.09015)
264622.564024375
normal
simd_float4x4([[-0.99819, -0.0517836, -0.030598, 0.0)], [0.0479933, -0.992348, 0.113763, 0.0)], [-0.0362549, 0.112088, 0.993037, 0.0)], [-0.041345, -0.00993456, 0.012681, 1.0)]])
-0.041345, -0.00993456, 0.012681
float3(-0.112325, -0.0364929, -3.08946)
264622.69734275
normal
simd_float4x4([[-0.998295, -0.0446056, -0.0376537, 0.0)], [0.0400946, -0.992779, 0.113063, 0.0)], [-0.0424251, 0.111361, 0.992874, 0.0)], [-0.0414382, -0.0102927, 0.0120236, 1.0)]])
-0.0414382, -0.0102927, 0.0120236
float3(-0.111592, -0.0427036, -3.09669)
264622.83066125
normal
simd_float4x4([[-0.998253, -0.0395392, -0.0438993, 0.0)], [0.0342605, -0.992764, 0.115093, 0.0)], [-0.0481323, 0.113388, 0.992384, 0.0)], [-0.0401504, -0.00997531, 0.0115882, 1.0)]])
-0.0401504, -0.00997531, 0.0115882
float3(-0.113633, -0.0484637, -3.10179)
264622.96397975
normal
simd_float4x4([[-0.998236, -0.0321965, -0.04988, 0.0)], [0.0262305, -0.992908, 0.115957, 0.0)], [-0.0532596, 0.114444, 0.992001, 0.0)], [-0.0405303, -0.0093974, 0.0121265, 1.0)]])
-0.0405303, -0.0093974, 0.0121265
float3(-0.114696, -0.0536376, -3.10918)
264623.09729825
normal
simd_float4x4([[-0.998195, -0.0248209, -0.0546817, 0.0)], [0.0182147, -0.992828, 0.118157, 0.0)], [-0.0572223, 0.116948, 0.991488, 0.0)], [-0.0406602, -0.00965729, 0.013923, 1.0)]])
-0.0406602, -0.00965729, 0.013923
float3(-0.117216, -0.0576496, -3.1166)
264623.230616666
normal
simd_float4x4([[-0.998325, -0.0196498, -0.0544216, 0.0)], [0.013248, -0.993209, 0.115589, 0.0)], [-0.0563233, 0.114675, 0.991805, 0.0)], [-0.0426598, -0.00868154, 0.0136253, 1.0)]])
-0.0426598, -0.00868154, 0.0136253
float3(-0.114927, -0.0567277, -3.12181)
264623.363935208
normal
simd_float4x4([[-0.998497, -0.0189162, -0.0514334, 0.0)], [0.0131424, -0.993805, 0.110363, 0.0)], [-0.0532024, 0.109522, 0.99256, 0.0)], [-0.0436303, -0.00817099, 0.01509, 1.0)]])
-0.0436303, -0.00817099, 0.01509
float3(-0.109742, -0.0535499, -3.12256)
264623.497253666
normal
simd_float4x4([[-0.998635, -0.0212223, -0.0477214, 0.0)], [0.0162488, -0.994622, 0.102293, 0.0)], [-0.0496356, 0.101378, 0.993609, 0.0)], [-0.0445065, -0.00668869, 0.0139651, 1.0)]])
-0.0445065, -0.00668869, 0.0139651
float3(-0.101552, -0.0499134, -3.12026)
264623.630571958
normal
simd_float4x4([[-0.998734, -0.0232313, -0.0446263, 0.0)], [0.0187768, -0.995032, 0.0977655, 0.0)], [-0.0466758, 0.0968037, 0.994209, 0.0)], [-0.045802, -0.00667798, 0.0124224, 1.0)]])
-0.045802, -0.00667798, 0.0124224
float3(-0.0969555, -0.0469133, -3.11825)
264623.763890416
normal
simd_float4x4([[-0.998493, -0.0267534, -0.0479192, 0.0)], [0.0219754, -0.994983, 0.0975987, 0.0)], [-0.0502899, 0.0963986, 0.994072, 0.0)], [-0.0455736, -0.00715052, 0.0111143, 1.0)]])
-0.0455736, -0.00715052, 0.0111143
float3(-0.0965485, -0.0505467, -3.11471)
264623.897208958
normal
simd_float4x4([[-0.997673, -0.0319608, -0.0602275, 0.0)], [0.0258304, -0.994657, 0.0999503, 0.0)], [-0.0631002, 0.098162, 0.993168, 0.0)], [-0.0454741, -0.00792727, 0.009643, 1.0)]])
-0.0454741, -0.00792727, 0.009643
float3(-0.0983204, -0.063449, -3.10947)
264624.030527458
normal
simd_float4x4([[-0.995882, -0.0412425, -0.0807329, 0.0)], [0.0328493, -0.994174, 0.102663, 0.0)], [-0.0844966, 0.0995878, 0.991435, 0.0)], [-0.0472238, -0.00856112, 0.00686616, 1.0)]])
-0.0472238, -0.00856112, 0.00686616
float3(-0.0997532, -0.0850211, -3.10013)
264624.163845916
normal
simd_float4x4([[-0.994282, -0.0423147, -0.0980489, 0.0)], [0.0331755, -0.99511, 0.0930351, 0.0)], [-0.101506, 0.0892503, 0.990823, 0.0)], [-0.0512178, -0.00947416, 0.00136177, 1.0)]])
-0.0512178, -0.00947416, 0.00136177
float3(-0.0893692, -0.10209, -3.0991)
264624.297164416
normal
simd_float4x4([[-0.992172, -0.034903, -0.1199, 0.0)], [0.0260962, -0.996898, 0.0742518, 0.0)], [-0.12212, 0.0705416, 0.990005, 0.0)], [-0.0561395, -0.0124902, 0.000108173, 1.0)]])
-0.0561395, -0.0124902, 0.000108173
float3(-0.0706002, -0.122733, -3.1066)
264624.430482875
normal
simd_float4x4([[-0.988523, -0.0472774, -0.143482, 0.0)], [0.0349125, -0.995552, 0.0875048, 0.0)], [-0.146981, 0.0814912, 0.985777, 0.0)], [-0.0625752, -0.0164196, 0.000941104, 1.0)]])
-0.0625752, -0.0164196, 0.000941104
float3(-0.0815817, -0.148011, -3.09414)
264624.563801333
normal
simd_float4x4([[-0.9865, -0.0500581, -0.155925, 0.0)], [0.0340921, -0.994052, 0.103437, 0.0)], [-0.160176, 0.0967251, 0.982338, 0.0)], [-0.0657443, -0.0205472, 0.000357875, 1.0)]])
-0.0657443, -0.0205472, 0.000357875
float3(-0.0968765, -0.161633, -3.09128)
264624.697119708
normal
simd_float4x4([[-0.985533, -0.0577001, -0.159361, 0.0)], [0.0399798, -0.992876, 0.112246, 0.0)], [-0.164702, 0.104251, 0.980819, 0.0)], [-0.0662803, -0.0192793, 0.00432994, 1.0)]])
-0.0662803, -0.0192793, 0.00432994
float3(-0.104441, -0.166371, -3.08354)
264624.830438208
normal
simd_float4x4([[-0.987344, -0.0592955, -0.147093, 0.0)], [0.0425682, -0.992526, 0.114368, 0.0)], [-0.152776, 0.106659, 0.982488, 0.0)], [-0.0628685, -0.0189963, 0.00567863, 1.0)]])
-0.0628685, -0.0189963, 0.00567863
float3(-0.106863, -0.154263, -3.08192)
264624.963756916
normal
simd_float4x4([[-0.989435, -0.0657207, -0.129222, 0.0)], [0.0513036, -0.992395, 0.111895, 0.0)], [-0.135594, 0.104083, 0.985282, 0.0)], [-0.0567572, -0.015803, 0.0127451, 1.0)]])
-0.0567572, -0.015803, 0.0127451
float3(-0.104272, -0.13676, -3.07546)
264625.097075333
normal
simd_float4x4([[-0.993075, -0.0583406, -0.101969, 0.0)], [0.0473722, -0.993145, 0.10686, 0.0)], [-0.107505, 0.10129, 0.989031, 0.0)], [-0.045106, -0.0124658, 0.0171345, 1.0)]])
-0.045106, -0.0124658, 0.0171345
float3(-0.101464, -0.108272, -3.08292)
264625.230393708
normal
simd_float4x4([[-0.996484, -0.0490191, -0.0679546, 0.0)], [0.0421806, -0.994228, 0.0986514, 0.0)], [-0.0723981, 0.0954381, 0.992799, 0.0)], [-0.0256252, -0.00598114, 0.0211114, 1.0)]])
-0.0256252, -0.00598114, 0.0211114
float3(-0.0955836, -0.0727944, -3.09233)
264625.363712125
normal
simd_float4x4([[-0.998635, -0.0397031, -0.0339427, 0.0)], [0.0365183, -0.995291, 0.0897892, 0.0)], [-0.0373478, 0.0884271, 0.995382, 0.0)], [-0.00274667, -0.00109453, 0.0244882, 1.0)]])
-0.00274667, -0.00109453, 0.0244882
float3(-0.0885428, -0.0375034, -3.10172)
264625.497030583
normal
simd_float4x4([[-0.999652, -0.0260853, 0.0040414, 0.0)], [0.0263535, -0.994994, 0.0964038, 0.0)], [0.00150645, 0.0964767, 0.995334, 0.0)], [0.0202125, -0.000785002, 0.0276793, 1.0)]])
0.0202125, -0.000785002, 0.0276793
float3(-0.096627, 0.00151351, -3.11538)
264625.630349125
normal
simd_float4x4([[-0.999459, -0.014753, 0.0294029, 0.0)], [0.0180832, -0.993035, 0.116424, 0.0)], [0.0274805, 0.116893, 0.992764, 0.0)], [0.0407779, -0.00517154, 0.0314564, 1.0)]])
0.0407779, -0.00517154, 0.0314564
float3(-0.117161, 0.0276737, -3.12674)
264625.763667583
normal
simd_float4x4([[-0.999401, 0.00168812, 0.0345705, 0.0)], [0.0029091, -0.991179, 0.1325, 0.0)], [0.0344893, 0.132521, 0.99058, 0.0)], [0.056859, -0.0111282, 0.0307881, 1.0)]])
0.056859, -0.0111282, 0.0307881
float3(-0.132912, 0.0348032, 3.13989)
264625.896986083
normal
simd_float4x4([[-0.99977, 0.00620891, 0.020517, 0.0)], [-0.00355767, -0.99192, 0.126816, 0.0)], [0.0211386, 0.126714, 0.991714, 0.0)], [0.0603606, -0.0110374, 0.0288295, 1.0)]])
0.0603606, -0.0110374, 0.0288295
float3(-0.127056, 0.021312, 3.13533)
264626.030304625
normal
simd_float4x4([[-0.999997, -4.55809e-05, -0.00250275, 0.0)], [-0.00024418, -0.99329, 0.115655, 0.0)], [-0.00249122, 0.115655, 0.993286, 0.0)], [0.0526579, -0.00667037, 0.0272364, 1.0)]])
0.0526579, -0.00667037, 0.0272364
float3(-0.115914, -0.00250806, -3.14155)
264626.163623125
normal
simd_float4x4([[-0.999633, 0.00243604, -0.026998, 0.0)], [-0.00530381, -0.994281, 0.106665, 0.0)], [-0.0265838, 0.106769, 0.993928, 0.0)], [0.0313082, -0.00619321, 0.0233937, 1.0)]])
0.0313082, -0.00619321, 0.0233937
float3(-0.106973, -0.0267398, 3.13914)
264626.296941416
normal
simd_float4x4([[-0.998849, 0.0119718, -0.0464494, 0.0)], [-0.0160813, -0.99589, 0.0891336, 0.0)], [-0.0451914, 0.089778, 0.994936, 0.0)], [0.00249128, -0.00525504, 0.0199666, 1.0)]])
0.00249128, -0.00525504, 0.0199666
float3(-0.089899, -0.0453902, 3.12957)
264626.430259958
normal
simd_float4x4([[-0.998512, 0.0252156, -0.0483518, 0.0)], [-0.0282885, -0.997552, 0.0639586, 0.0)], [-0.0466206, 0.0652312, 0.996781, 0.0)], [-0.0257803, -0.00505519, 0.0148415, 1.0)]])
-0.0257803, -0.00505519, 0.0148415
float3(-0.0652776, -0.0467371, 3.11632)
264626.563578375
normal
simd_float4x4([[-0.997916, 0.0460773, -0.0451842, 0.0)], [-0.0473979, -0.998467, 0.0286029, 0.0)], [-0.0437969, 0.0306849, 0.998569, 0.0)], [-0.0529088, -0.00846591, 0.00991527, 1.0)]])
-0.0529088, -0.00846591, 0.00991527
float3(-0.0306897, -0.0438316, 3.09548)
264626.696896791
normal
simd_float4x4([[-0.998054, 0.0392258, -0.0484681, 0.0)], [-0.0392887, -0.999228, 0.000346374, 0.0)], [-0.0484171, 0.00224995, 0.998825, 0.0)], [-0.0743581, -0.00593111, 0.00667658, 1.0)]])
-0.0743581, -0.00593111, 0.00667658
float3(-0.00224995, -0.0484362, 3.10236)
264626.830215375
normal
simd_float4x4([[-0.998048, 0.0243161, -0.0575164, 0.0)], [-0.0232669, -0.999552, -0.018841, 0.0)], [-0.0579488, -0.017466, 0.998167, 0.0)], [-0.0857635, -0.00109442, 0.00436591, 1.0)]])
-0.0857635, -0.00109442, 0.00436591
float3(0.0174669, -0.0579901, 3.11727)
264626.96353375
normal
simd_float4x4([[-0.995169, 0.0191947, -0.0962832, 0.0)], [-0.0191002, -0.999816, -0.00190272, 0.0)], [-0.096302, -5.4495e-05, 0.995352, 0.0)], [-0.0841351, 0.0076837, 0.00491102, 1.0)]])
-0.0841351, 0.0076837, 0.00491102
float3(5.4495e-05, -0.0964514, 3.1224)
264627.096852083
normal
simd_float4x4([[-0.99155, 0.0352474, -0.124844, 0.0)], [-0.0373412, -0.999198, 0.0144704, 0.0)], [-0.124234, 0.01901, 0.992071, 0.0)], [-0.0771937, 0.0110909, -7.04583e-05, 1.0)]])
-0.0771937, 0.0110909, -7.04583e-05
float3(-0.0190112, -0.124579, 3.10633)
264627.230170583
normal
simd_float4x4([[-0.990426, 0.0505894, -0.12844, 0.0)], [-0.054968, -0.998014, 0.0307755, 0.0)], [-0.126628, 0.0375409, 0.99124, 0.0)], [-0.0697034, 0.00843, -0.00662218, 1.0)]])
-0.0697034, 0.00843, -0.00662218
float3(-0.0375498, -0.127059, 3.09095)
264627.363489041
normal
simd_float4x4([[-0.991608, 0.0542197, -0.117363, 0.0)], [-0.0601588, -0.99705, 0.0476661, 0.0)], [-0.114432, 0.0543265, 0.991945, 0.0)], [-0.0600373, 0.00885307, -0.0120446, 1.0)]])
-0.0600373, 0.00885307, -0.0120446
float3(-0.0543533, -0.114854, 3.08727)
264627.496807625
normal
simd_float4x4([[-0.991422, 0.0573428, -0.11745, 0.0)], [-0.0660001, -0.995276, 0.0711974, 0.0)], [-0.112812, 0.0783384, 0.990523, 0.0)], [-0.0565293, 0.00807572, -0.0118214, 1.0)]])
-0.0565293, 0.00807572, -0.0118214
float3(-0.0784187, -0.113403, 3.08404)
264627.630126166
normal
simd_float4x4([[-0.989, 0.0988493, -0.11004, 0.0)], [-0.108044, -0.990843, 0.0809796, 0.0)], [-0.101028, 0.0919779, 0.990623, 0.0)], [-0.0533725, 0.00286147, -0.0134115, 1.0)]])
-0.0533725, 0.00286147, -0.0134115
float3(-0.0921081, -0.101633, 3.04216)
264627.763444583
normal
simd_float4x4([[-0.988759, 0.104955, -0.106489, 0.0)], [-0.114678, -0.989344, 0.0897058, 0.0)], [-0.0959397, 0.100909, 0.990259, 0.0)], [-0.0520682, 0.00730358, -0.017444, 1.0)]])
-0.0520682, 0.00730358, -0.017444
float3(-0.101081, -0.096582, 3.0359)
264627.896763041
normal
simd_float4x4([[-0.992779, 0.0905558, -0.0786708, 0.0)], [-0.0971322, -0.991701, 0.0842318, 0.0)], [-0.0703902, 0.0912651, 0.993336, 0.0)], [-0.0528503, 0.00780764, -0.0217398, 1.0)]])
-0.0528503, 0.00780764, -0.0217398
float3(-0.0913922, -0.0707442, 3.05053)
264628.030081291
normal
simd_float4x4([[-0.996589, 0.0712703, -0.0416146, 0.0)], [-0.0742804, -0.994342, 0.0759334, 0.0)], [-0.0359674, 0.0787655, 0.996244, 0.0)], [-0.0590101, 0.00352431, -0.0263062, 1.0)]])
-0.0590101, 0.00352431, -0.0263062
float3(-0.0788472, -0.0360873, 3.07004)
264628.163399833
normal
simd_float4x4([[-0.99814, 0.055644, -0.024898, 0.0)], [-0.0570584, -0.996551, 0.0602551, 0.0)], [-0.0214593, 0.0615637, 0.997873, 0.0)], [-0.0664906, -0.00144624, -0.0238361, 1.0)]])
-0.0664906, -0.00144624, -0.0238361
float3(-0.0616026, -0.0215017, 3.08581)
264628.29671825
normal
simd_float4x4([[-0.999465, 0.0325877, -0.00264927, 0.0)], [-0.0326855, -0.997863, 0.0565867, 0.0)], [-0.000799573, 0.0566431, 0.998394, 0.0)], [-0.076707, -0.00238444, -0.0227926, 1.0)]])
-0.076707, -0.00238444, -0.0227926
float3(-0.0566734, -0.000800858, 3.10895)
264628.430036833
normal
simd_float4x4([[-0.999648, 0.0264287, 0.00229581, 0.0)], [-0.0262273, -0.997598, 0.0641137, 0.0)], [0.00398473, 0.0640309, 0.99794, 0.0)], [-0.0844385, -0.00507784, -0.0166149, 1.0)]])
-0.0844385, -0.00507784, -0.0166149
float3(-0.0640747, 0.00399293, 3.11511)
264628.56335525
normal
simd_float4x4([[-0.999612, 0.0216058, -0.017596, 0.0)], [-0.0229728, -0.9964, 0.0816008, 0.0)], [-0.0157696, 0.0819734, 0.99651, 0.0)], [-0.0896173, -0.0128202, -0.0194722, 1.0)]])
-0.0896173, -0.0128202, -0.0194722
float3(-0.0820654, -0.0158235, 3.11991)
264628.696673791
normal
simd_float4x4([[-0.993349, 0.0188592, -0.113585, 0.0)], [-0.0298843, -0.994917, 0.0961591, 0.0)], [-0.111195, 0.098914, 0.988864, 0.0)], [-0.0840766, -0.0184217, -0.0142367, 1.0)]])
-0.0840766, -0.0184217, -0.0142367
float3(-0.099076, -0.111977, 3.12264)
264628.829992208
normal
simd_float4x4([[-0.973997, 0.0147938, -0.22608, 0.0)], [-0.0398354, -0.993503, 0.106608, 0.0)], [-0.223034, 0.112841, 0.968258, 0.0)], [-0.0767496, -0.0225252, -0.00945588, 1.0)]])
-0.0767496, -0.0225252, -0.00945588
float3(-0.113082, -0.226396, 3.1267)
264628.963310583
normal
simd_float4x4([[-0.94179, -0.00799664, -0.336106, 0.0)], [-0.0318968, -0.993082, 0.113004, 0.0)], [-0.334685, 0.117147, 0.93502, 0.0)], [-0.0609154, -0.0181575, -0.00795756, 1.0)]])
-0.0609154, -0.0181575, -0.00795756
float3(-0.117417, -0.343734, -3.13354)
264629.096629125
normal
simd_float4x4([[-0.896734, -0.0269824, -0.441748, 0.0)], [-0.031389, -0.991749, 0.124296, 0.0)], [-0.441456, 0.125326, 0.888487, 0.0)], [-0.0468295, -0.0219789, 0.0017025, 1.0)]])
-0.0468295, -0.0219789, 0.0017025
float3(-0.125657, -0.461135, -3.11439)
264629.2299475
normal
simd_float4x4([[-0.844712, -0.0413621, -0.533621, 0.0)], [-0.0393935, -0.989501, 0.139057, 0.0)], [-0.53377, 0.138485, 0.834213, 0.0)], [-0.0405129, -0.0224517, 0.0198533, 1.0)]])
-0.0405129, -0.0224517, 0.0198533
float3(-0.138931, -0.569206, -3.09982)
264629.363265958
normal
simd_float4x4([[-0.809721, -0.034296, -0.585812, 0.0)], [-0.0507549, -0.990457, 0.12814, 0.0)], [-0.584616, 0.133491, 0.800253, 0.0)], [-0.0373529, -0.0191799, 0.0329508, 1.0)]])
-0.0373529, -0.0191799, 0.0329508
float3(-0.13389, -0.63093, -3.10698)
264629.4965845
normal
simd_float4x4([[-0.797845, -0.0273623, -0.602241, 0.0)], [-0.0480545, -0.992904, 0.108774, 0.0)], [-0.600944, 0.115725, 0.790869, 0.0)], [-0.0385247, -0.0124576, 0.0417898, 1.0)]])
-0.0385247, -0.0124576, 0.0417898
float3(-0.115985, -0.649777, -3.11404)
264629.629903
normal
simd_float4x4([[-0.795105, -0.019447, -0.606161, 0.0)], [-0.0510482, -0.993793, 0.0988433, 0.0)], [-0.60432, 0.109534, 0.789177, 0.0)], [-0.044798, -0.0104331, 0.0501222, 1.0)]])
-0.044798, -0.0104331, 0.0501222
float3(-0.109754, -0.653512, -3.12203)
264629.76322125
normal
simd_float4x4([[-0.792705, -0.0230835, -0.609168, 0.0)], [-0.0545321, -0.992592, 0.108575, 0.0)], [-0.607162, 0.119287, 0.785573, 0.0)], [-0.0511925, -0.0140841, 0.0584728, 1.0)]])
-0.0511925, -0.0140841, 0.0584728
float3(-0.119572, -0.65799, -3.11834)
264629.896539916
normal
simd_float4x4([[-0.785987, -0.0270258, -0.617652, 0.0)], [-0.0538112, -0.992262, 0.111894, 0.0)], [-0.615897, 0.121184, 0.778451, 0.0)], [-0.0531375, -0.0140357, 0.0661393, 1.0)]])
-0.0531375, -0.0140357, 0.0661393
float3(-0.121482, -0.669341, -3.11436)
264630.029858291
normal
simd_float4x4([[-0.749632, -0.027901, -0.661267, 0.0)], [-0.0630142, -0.991564, 0.113272, 0.0)], [-0.658848, 0.126582, 0.74155, 0.0)], [-0.0456163, -0.0168549, 0.0800504, 1.0)]])
-0.0456163, -0.0168549, 0.0800504
float3(-0.126922, -0.726411, -3.11346)
264630.163176791
normal
simd_float4x4([[-0.691392, -0.0325134, -0.721748, 0.0)], [-0.0798445, -0.989429, 0.121058, 0.0)], [-0.718054, 0.141326, 0.681487, 0.0)], [-0.0248478, -0.0210099, 0.0943537, 1.0)]])
-0.0248478, -0.0210099, 0.0943537
float3(-0.141801, -0.81152, -3.10874)
264630.296495291
normal
simd_float4x4([[-0.630037, -0.024779, -0.77617, 0.0)], [-0.103676, -0.98786, 0.115694, 0.0)], [-0.769613, 0.153362, 0.619819, 0.0)], [0.00400417, -0.0250265, 0.103475, 1.0)]])
0.00400417, -0.0250265, 0.103475
float3(-0.153969, -0.892793, -3.11651)
264630.42981375
normal
simd_float4x4([[-0.548634, -0.0244401, -0.835705, 0.0)], [-0.134623, -0.983947, 0.117154, 0.0)], [-0.825153, 0.176779, 0.536537, 0.0)], [0.0457593, -0.0216752, 0.110319, 1.0)]])
0.0457593, -0.0216752, 0.110319
float3(-0.177713, -0.994262, -3.11676)
264630.563132166
normal
