ARKit Data
1535431.52000008
normal
simd_float4x4([[-0.0272209, -0.999557, -0.0119967, 0.0)], [0.215971, -0.0175984, 0.976241, 0.0)], [-0.97602, 0.0239833, 0.216354, 0.0)], [-3.35031, 0.691788, 0.0336396, 1.0)]])
-3.35031, 0.691788, 0.0336396
float3(-0.0239856, -1.35265, -1.5884)
1535431.85489363
notAvailable
simd_float4x4([[1.0, 0.0, 0.0, 0.0)], [0.0, 1.0, 0.0, 0.0)], [0.0, 0.0, 1.0, 0.0)], [0.0, 0.0, 0.0, 1.0)]])
0.0, 0.0, 0.0
float3(-0.0, 0.0, 0.0)
1535431.97154254
notAvailable
simd_float4x4([[1.0, 0.0, 0.0, 0.0)], [0.0, 1.0, 0.0, 0.0)], [0.0, 0.0, 1.0, 0.0)], [0.0, 0.0, 0.0, 1.0)]])
0.0, 0.0, 0.0
float3(-0.0, 0.0, 0.0)
1535432.08819133
limited(__ObjC.ARCamera.TrackingState.Reason.initializing)
simd_float4x4([[-0.0243503, -0.999023, 0.0368632, 0.0)], [0.999679, -0.0245888, -0.00603151, 0.0)], [0.00693204, 0.0367045, 0.999302, 0.0)], [0.0, 0.0, 0.0, 1.0)]])
0.0, 0.0, 0.0
float3(-0.0367128, 0.00693677, -1.5954)
1535432.20484004
limited(__ObjC.ARCamera.TrackingState.Reason.initializing)
simd_float4x4([[-0.0761297, -0.996972, 0.0158235, 0.0)], [0.996956, -0.0763774, -0.0156864, 0.0)], [0.0168475, 0.0145811, 0.999752, 0.0)], [0.0, 0.0, 0.0, 1.0)]])
0.0, 0.0, 0.0
float3(-0.0145817, 0.0168501, -1.64726)
1535432.32148879
limited(__ObjC.ARCamera.TrackingState.Reason.initializing)
simd_float4x4([[-0.0483444, -0.997776, 0.0458811, 0.0)], [0.998286, -0.0497841, -0.0307717, 0.0)], [0.0329874, 0.0443148, 0.998473, 0.0)], [0.0, 0.0, 0.0, 1.0)]])
0.0, 0.0, 0.0
float3(-0.0443293, 0.0330258, -1.62065)
1535432.4381375
limited(__ObjC.ARCamera.TrackingState.Reason.initializing)
simd_float4x4([[-0.0584913, -0.997185, 0.0469204, 0.0)], [0.99668, -0.0609994, -0.0539321, 0.0)], [0.0566424, 0.04361, 0.997442, 0.0)], [0.0, 0.0, 0.0, 1.0)]])
0.0, 0.0, 0.0
float3(-0.0436239, 0.0567268, -1.63189)
1535432.55478625
limited(__ObjC.ARCamera.TrackingState.Reason.initializing)
simd_float4x4([[-0.0654403, -0.996599, 0.0500783, 0.0)], [0.99521, -0.0688371, -0.0694158, 0.0)], [0.0726269, 0.0452958, 0.99633, 0.0)], [0.0, 0.0, 0.0, 1.0)]])
0.0, 0.0, 0.0
float3(-0.0453113, 0.0727658, -1.63976)
1535432.67143512
limited(__ObjC.ARCamera.TrackingState.Reason.initializing)
simd_float4x4([[-0.0728501, -0.99629, 0.0458021, 0.0)], [0.992981, -0.0767455, -0.0899988, 0.0)], [0.09318, 0.0389241, 0.994888, 0.0)], [0.0, 0.0, 0.0, 1.0)]])
0.0, 0.0, 0.0
float3(-0.038934, 0.0933864, -1.64768)
1535432.788084
limited(__ObjC.ARCamera.TrackingState.Reason.initializing)
simd_float4x4([[-0.0741496, -0.996184, 0.0460295, 0.0)], [0.990251, -0.0790087, -0.11472, 0.0)], [0.117919, 0.0370743, 0.992331, 0.0)], [0.0, 0.0, 0.0, 1.0)]])
0.0, 0.0, 0.0
float3(-0.0370828, 0.118275, -1.64994)
1535432.90473258
limited(__ObjC.ARCamera.TrackingState.Reason.initializing)
simd_float4x4([[-0.0641337, -0.997118, 0.0405305, 0.0)], [0.988972, -0.0689378, -0.131081, 0.0)], [0.133497, 0.0316768, 0.990543, 0.0)], [0.0, 0.0, 0.0, 1.0)]])
0.0, 0.0, 0.0
float3(-0.0316821, 0.133964, -1.63982)
1535433.02138129
limited(__ObjC.ARCamera.TrackingState.Reason.initializing)
simd_float4x4([[-0.0667725, -0.997049, 0.0378735, 0.0)], [0.988195, -0.0713298, -0.135584, 0.0)], [0.137885, 0.0283731, 0.990041, 0.0)], [0.0, 0.0, 0.0, 1.0)]])
0.0, 0.0, 0.0
float3(-0.0283769, 0.138382, -1.64222)
1535433.13803017
limited(__ObjC.ARCamera.TrackingState.Reason.initializing)
simd_float4x4([[-0.0615663, -0.997494, 0.0348709, 0.0)], [0.986943, -0.0660506, -0.146902, 0.0)], [0.148837, 0.0253714, 0.988536, 0.0)], [0.0, 0.0, 0.0, 1.0)]])
0.0, 0.0, 0.0
float3(-0.0253741, 0.14944, -1.63692)
1535433.25467879
limited(__ObjC.ARCamera.TrackingState.Reason.initializing)
simd_float4x4([[-0.0555727, -0.998204, 0.0223535, 0.0)], [0.989278, -0.0580765, -0.134, 0.0)], [0.135057, 0.0146671, 0.990729, 0.0)], [0.0, 0.0, 0.0, 1.0)]])
0.0, 0.0, 0.0
float3(-0.0146676, 0.135486, -1.62891)
1535433.37132767
limited(__ObjC.ARCamera.TrackingState.Reason.initializing)
simd_float4x4([[-0.0681741, -0.997673, 0.00119624, 0.0)], [0.986884, -0.0676127, -0.146588, 0.0)], [0.146328, -0.00881298, 0.989197, 0.0)], [0.0, 0.0, 0.0, 1.0)]])
0.0, 0.0, 0.0
float3(0.00881309, 0.146861, -1.63846)
1535433.48797646
limited(__ObjC.ARCamera.TrackingState.Reason.initializing)
simd_float4x4([[-0.0767643, -0.996857, 0.0195616, 0.0)], [0.986439, -0.0787874, -0.143981, 0.0)], [0.14507, 0.00824373, 0.989387, 0.0)], [0.0, 0.0, 0.0, 1.0)]])
0.0, 0.0, 0.0
float3(-0.00824383, 0.145588, -1.64967)
1535433.60462538
limited(__ObjC.ARCamera.TrackingState.Reason.initializing)
simd_float4x4([[-0.090776, -0.99319, 0.0730174, 0.0)], [0.993093, -0.095752, -0.0678076, 0.0)], [0.0743374, 0.0663578, 0.995022, 0.0)], [0.0, 0.0, 0.0, 1.0)]])
0.0, 0.0, 0.0
float3(-0.0664066, 0.0745708, -1.66691)
1535433.72127396
limited(__ObjC.ARCamera.TrackingState.Reason.initializing)
simd_float4x4([[-0.119742, -0.988798, 0.0890917, 0.0)], [0.992519, -0.117071, 0.034643, 0.0)], [-0.0238251, 0.0925735, 0.995419, 0.0)], [0.0, 0.0, 0.0, 1.0)]])
0.0, 0.0, 0.0
float3(-0.0927062, -0.0239302, -1.68865)
1535433.83792279
limited(__ObjC.ARCamera.TrackingState.Reason.initializing)
simd_float4x4([[-0.136397, -0.981846, 0.1318, 0.0)], [0.990082, -0.130584, 0.0518211, 0.0)], [-0.0336695, 0.137561, 0.98992, 0.0)], [0.0, 0.0, 0.0, 1.0)]])
0.0, 0.0, 0.0
float3(-0.137999, -0.0339993, -1.70302)
1535433.95457162
limited(__ObjC.ARCamera.TrackingState.Reason.initializing)
simd_float4x4([[-0.150229, -0.962357, 0.22649, 0.0)], [0.986803, -0.159963, -0.0251465, 0.0)], [0.0604297, 0.219723, 0.973687, 0.0)], [0.0, 0.0, 0.0, 1.0)]])
0.0, 0.0, 0.0
float3(-0.221531, 0.0619833, -1.73551)
1535434.07123133
limited(__ObjC.ARCamera.TrackingState.Reason.initializing)
simd_float4x4([[-0.102562, -0.944846, 0.311035, 0.0)], [0.980818, -0.148162, -0.126662, 0.0)], [0.165759, 0.292078, 0.941919, 0.0)], [0.0, 0.0, 0.0, 1.0)]])
0.0, 0.0, 0.0
float3(-0.296399, 0.174197, -1.72634)
1535434.17128242
limited(__ObjC.ARCamera.TrackingState.Reason.initializing)
simd_float4x4([[-0.0403412, -0.929803, 0.365834, 0.0)], [0.972081, -0.121222, -0.200906, 0.0)], [0.23115, 0.347516, 0.908734, 0.0)], [0.0, 0.0, 0.0, 1.0)]])
0.0, 0.0, 0.0
float3(-0.354921, 0.249083, -1.70044)
1535434.27133358
limited(__ObjC.ARCamera.TrackingState.Reason.initializing)
simd_float4x4([[-0.0127857, -0.919215, 0.393544, 0.0)], [0.959968, -0.121422, -0.252423, 0.0)], [0.279816, 0.374562, 0.88397, 0.0)], [0.0, 0.0, 0.0, 1.0)]])
0.0, 0.0, 0.0
float3(-0.383924, 0.306566, -1.70213)
1535434.3713845
limited(__ObjC.ARCamera.TrackingState.Reason.initializing)
simd_float4x4([[-0.00986203, -0.929093, 0.369711, 0.0)], [0.946234, -0.128221, -0.296984, 0.0)], [0.323331, 0.346904, 0.880404, 0.0)], [0.0, 0.0, 0.0, 1.0)]])
0.0, 0.0, 0.0
float3(-0.354268, 0.351962, -1.70794)
1535434.47143567
limited(__ObjC.ARCamera.TrackingState.Reason.initializing)
simd_float4x4([[0.0502562, -0.933075, 0.356148, 0.0)], [0.921443, -0.094234, -0.376912, 0.0)], [0.385249, 0.347113, 0.855039, 0.0)], [0.0, 0.0, 0.0, 1.0)]])
0.0, 0.0, 0.0
float3(-0.35449, 0.423322, -1.67145)
1535434.57148658
limited(__ObjC.ARCamera.TrackingState.Reason.initializing)
simd_float4x4([[0.11478, -0.962664, 0.245149, 0.0)], [0.868167, -0.0227321, -0.495751, 0.0)], [0.482816, 0.269733, 0.833143, 0.0)], [0.0, 0.0, 0.0, 1.0)]])
0.0, 0.0, 0.0
float3(-0.273115, 0.525218, -1.59441)
1535434.6715375
limited(__ObjC.ARCamera.TrackingState.Reason.initializing)
simd_float4x4([[0.148701, -0.984288, 0.0951784, 0.0)], [0.815138, 0.0675163, -0.575318, 0.0)], [0.559854, 0.163135, 0.812369, 0.0)], [0.0, 0.0, 0.0, 1.0)]])
0.0, 0.0, 0.0
float3(-0.163867, 0.603415, -1.50231)
1535434.77158858
limited(__ObjC.ARCamera.TrackingState.Reason.initializing)
simd_float4x4([[0.117159, -0.988018, -0.100425, 0.0)], [0.760113, 0.154294, -0.631205, 0.0)], [0.63914, -0.00238211, 0.769081, 0.0)], [0.0, 0.0, 0.0, 1.0)]])
0.0, 0.0, 0.0
float3(0.00238211, 0.693385, -1.41588)
1535434.87163954
limited(__ObjC.ARCamera.TrackingState.Reason.initializing)
simd_float4x4([[0.183351, -0.960231, -0.210544, 0.0)], [0.721355, 0.276926, -0.634788, 0.0)], [0.667853, -0.0354862, 0.743442, 0.0)], [0.0, 0.0, 0.0, 1.0)]])
0.0, 0.0, 0.0
float3(0.0354937, 0.731889, -1.29002)
1535434.97169075
limited(__ObjC.ARCamera.TrackingState.Reason.initializing)
simd_float4x4([[0.12674, -0.954407, -0.270246, 0.0)], [0.67017, 0.283251, -0.68603, 0.0)], [0.731304, -0.094161, 0.675514, 0.0)], [0.0, 0.0, 0.0, 1.0)]])
0.0, 0.0, 0.0
float3(0.0943007, 0.825035, -1.28229)
1535435.07174175
limited(__ObjC.ARCamera.TrackingState.Reason.initializing)
simd_float4x4([[0.105559, -0.959988, -0.259364, 0.0)], [0.681476, 0.259784, -0.684178, 0.0)], [0.724186, -0.104527, 0.681631, 0.0)], [0.0, 0.0, 0.0, 1.0)]])
0.0, 0.0, 0.0
float3(0.104718, 0.81566, -1.30651)
1535435.17179271
limited(__ObjC.ARCamera.TrackingState.Reason.initializing)
simd_float4x4([[0.110345, -0.971873, -0.208031, 0.0)], [0.671044, 0.227255, -0.705728, 0.0)], [0.733158, -0.0617223, 0.677245, 0.0)], [0.0, 0.0, 0.0, 1.0)]])
0.0, 0.0, 0.0
float3(0.0617616, 0.825021, -1.34109)
1535435.27184375
limited(__ObjC.ARCamera.TrackingState.Reason.initializing)
simd_float4x4([[0.0175811, -0.986446, -0.163107, 0.0)], [0.630363, 0.137566, -0.764013, 0.0)], [0.7761, -0.0893824, 0.624236, 0.0)], [0.0, 0.0, 0.0, 1.0)]])
0.0, 0.0, 0.0
float3(0.0895018, 0.893424, -1.43223)
1535435.37189479
limited(__ObjC.ARCamera.TrackingState.Reason.initializing)
simd_float4x4([[-0.0474009, -0.981191, -0.1871, 0.0)], [0.535596, 0.133146, -0.833909, 0.0)], [0.84314, -0.139736, 0.519209, 0.0)], [0.0, 0.0, 0.0, 1.0)]])
0.0, 0.0, 0.0
float3(0.140195, 1.01884, -1.43592)
1535435.47194596
limited(__ObjC.ARCamera.TrackingState.Reason.initializing)
simd_float4x4([[0.00112818, -0.973567, -0.228373, 0.0)], [0.472678, 0.201774, -0.857821, 0.0)], [0.881231, -0.106976, 0.460409, 0.0)], [0.0, 0.0, 0.0, 1.0)]])
0.0, 0.0, 0.0
float3(0.107181, 1.08934, -1.36644)
1535435.57199688
limited(__ObjC.ARCamera.TrackingState.Reason.initializing)
simd_float4x4([[0.0513594, -0.949493, -0.309533, 0.0)], [0.363943, 0.306429, -0.879568, 0.0)], [0.930001, -0.0674739, 0.361297, 0.0)], [0.0, 0.0, 0.0, 1.0)]])
0.0, 0.0, 0.0
float3(0.0675252, 1.20025, -1.25862)
1535435.67204796
limited(__ObjC.ARCamera.TrackingState.Reason.initializing)
simd_float4x4([[0.0326448, -0.934301, -0.354966, 0.0)], [0.29927, 0.348004, -0.888438, 0.0)], [0.953606, -0.0772225, 0.290965, 0.0)], [0.0, 0.0, 0.0, 1.0)]])
0.0, 0.0, 0.0
float3(0.0772994, 1.27465, -1.21424)
1535435.77209912
limited(__ObjC.ARCamera.TrackingState.Reason.initializing)
simd_float4x4([[0.0124222, -0.946744, -0.321725, 0.0)], [0.305645, 0.309951, -0.90028, 0.0)], [0.95206, -0.0871449, 0.293214, 0.0)], [0.0, 0.0, 0.0, 1.0)]])
0.0, 0.0, 0.0
float3(0.0872556, 1.27204, -1.25441)
1535435.87215
normal
simd_float4x4([[-0.0124245, -0.946153, -0.323482, 0.0)], [0.325824, 0.302019, -0.895892, 0.0)], [0.945349, -0.116529, 0.304527, 0.0)], [0.0376603, -0.00016997, -0.0171513, 1.0)]])
0.0376603, -0.00016997, -0.0171513
float3(0.116795, 1.25916, -1.26181)
1535435.97220108
normal
simd_float4x4([[-0.0284718, -0.950349, -0.309882, 0.0)], [0.336294, 0.28283, -0.898284, 0.0)], [0.941327, -0.129787, 0.311544, 0.0)], [0.0802808, -0.00330712, -0.0324417, 1.0)]])
0.0802808, -0.00330712, -0.0324417
float3(0.130155, 1.25118, -1.28154)
1535436.07225213
normal
simd_float4x4([[-0.0508521, -0.946147, -0.319718, 0.0)], [0.337291, 0.285052, -0.897207, 0.0)], [0.940026, -0.153463, 0.304631, 0.0)], [0.123675, -0.00761587, -0.0503247, 1.0)]])
0.123675, -0.00761587, -0.0503247
float3(0.154072, 1.25741, -1.27817)
1535436.17230329
normal
simd_float4x4([[-0.0538014, -0.943495, -0.32699, 0.0)], [0.296266, 0.297637, -0.907545, 0.0)], [0.953589, -0.145703, 0.263513, 0.0)], [0.157944, -0.0068126, -0.0682301, 1.0)]])
0.157944, -0.0068126, -0.0682301
float3(0.146224, 1.30119, -1.26521)
1535436.27235421
normal
simd_float4x4([[-0.0136456, -0.944119, -0.329323, 0.0)], [0.272857, 0.313338, -0.909598, 0.0)], [0.961958, -0.10227, 0.253334, 0.0)], [0.190286, -0.00875013, -0.0960397, 1.0)]])
0.190286, -0.00875013, -0.0960397
float3(0.102449, 1.31329, -1.25035)
1535436.37240525
normal
simd_float4x4([[-0.019835, -0.944619, -0.327569, 0.0)], [0.198811, 0.317364, -0.927229, 0.0)], [0.979837, -0.083516, 0.181506, 0.0)], [0.246458, -0.0153509, -0.111328, 1.0)]])
0.246458, -0.0153509, -0.111328
float3(0.0836134, 1.38763, -1.24667)
1535436.47245637
normal
simd_float4x4([[-0.0256539, -0.947058, -0.320036, 0.0)], [0.189874, 0.309698, -0.931684, 0.0)], [0.981473, -0.084668, 0.171877, 0.0)], [0.303096, -0.0180328, -0.136076, 1.0)]])
0.303096, -0.0180328, -0.136076
float3(0.0847695, 1.39743, -1.25475)
1535436.57250746
normal
simd_float4x4([[-0.0342986, -0.947427, -0.318128, 0.0)], [0.163434, 0.308713, -0.937009, 0.0)], [0.985958, -0.0841311, 0.144254, 0.0)], [0.357794, -0.0170851, -0.159374, 1.0)]])
0.357794, -0.0170851, -0.159374
float3(0.0842306, 1.42552, -1.2558)
1535436.67255858
normal
simd_float4x4([[-0.030187, -0.951224, -0.30702, 0.0)], [0.129486, 0.30085, -0.94484, 0.0)], [0.991122, -0.0682766, 0.114088, 0.0)], [0.414276, -0.0199295, -0.187946, 1.0)]])
0.414276, -0.0199295, -0.187946
float3(0.0683298, 1.45619, -1.26447)
1535436.77260954
normal
simd_float4x4([[-0.0323048, -0.952698, -0.302196, 0.0)], [0.131884, 0.295647, -0.94615, 0.0)], [0.990739, -0.07042, 0.116095, 0.0)], [0.465303, -0.0231374, -0.218266, 1.0)]])
0.465303, -0.0231374, -0.218266
float3(0.0704784, 1.45415, -1.26989)
1535436.87266067
normal
simd_float4x4([[-0.0376829, -0.953012, -0.300581, 0.0)], [0.158237, 0.291309, -0.943451, 0.0)], [0.986682, -0.0831149, 0.139824, 0.0)], [0.524907, -0.0257527, -0.250131, 1.0)]])
0.524907, -0.0257527, -0.250131
float3(0.0832109, 1.43002, -1.27414)
1535436.97271167
normal
simd_float4x4([[-0.0392203, -0.953275, -0.299547, 0.0)], [0.195248, 0.286688, -0.937917, 0.0)], [0.979969, -0.0952713, 0.174881, 0.0)], [0.589503, -0.0276415, -0.284356, 1.0)]])
0.589503, -0.0276415, -0.284356
float3(0.0954161, 1.3942, -1.27866)
1535437.07276271
normal
simd_float4x4([[-0.0355191, -0.955569, -0.292621, 0.0)], [0.233541, 0.276762, -0.932128, 0.0)], [0.971698, -0.101447, 0.213334, 0.0)], [0.653935, -0.0326966, -0.323319, 1.0)]])
0.653935, -0.0326966, -0.323319
float3(0.101622, 1.35468, -1.28888)
1535437.17281375
normal
simd_float4x4([[-0.018541, -0.956749, -0.290324, 0.0)], [0.282832, 0.273494, -0.919351, 0.0)], [0.95899, -0.0991587, 0.265529, 0.0)], [0.720114, -0.03645, -0.367275, 1.0)]])
0.720114, -0.03645, -0.367275
float3(0.0993219, 1.30068, -1.29236)
1535437.27286483
normal
simd_float4x4([[0.00252391, -0.960945, -0.276729, 0.0)], [0.340366, 0.261033, -0.903334, 0.0)], [0.94029, -0.0919094, 0.327732, 0.0)], [0.791283, -0.0398041, -0.417764, 1.0)]])
0.791283, -0.0398041, -0.417764
float3(0.0920393, 1.23542, -1.30555)
1535437.37291596
normal
simd_float4x4([[0.0221974, -0.965818, -0.258269, 0.0)], [0.415614, 0.243867, -0.876239, 0.0)], [0.90927, -0.08789, 0.406821, 0.0)], [0.867792, -0.0442003, -0.472248, 1.0)]])
0.867792, -0.0442003, -0.472248
float3(0.0880035, 1.15009, -1.32347)
1535437.47296696
normal
simd_float4x4([[0.0431873, -0.969552, -0.241046, 0.0)], [0.475978, 0.232097, -0.848278, 0.0)], [0.878396, -0.0780978, 0.471509, 0.0)], [0.946765, -0.0501425, -0.532004, 1.0)]])
0.946765, -0.0501425, -0.532004
float3(0.0781774, 1.07816, -1.33583)
1535437.57301817
normal
simd_float4x4([[0.0604711, -0.970837, -0.231989, 0.0)], [0.520655, 0.22897, -0.822491, 0.0)], [0.851623, -0.071049, 0.519317, 0.0)], [1.02817, -0.056789, -0.591231, 1.0)]])
1.02817, -0.056789, -0.591231
float3(0.0711089, 1.0232, -1.33918)
1535437.67306913
normal
simd_float4x4([[0.071356, -0.97439, -0.213241, 0.0)], [0.575635, 0.21482, -0.788984, 0.0)], [0.814587, -0.0664502, 0.576222, 0.0)], [1.10663, -0.0653375, -0.654555, 1.0)]])
1.10663, -0.0653375, -0.654555
float3(0.0664992, 0.955135, -1.3538)
1535437.77312025
normal
simd_float4x4([[0.087719, -0.977212, -0.193292, 0.0)], [0.584655, 0.207609, -0.784268, 0.0)], [0.806526, -0.0442141, 0.589544, 0.0)], [1.1803, -0.0722586, -0.723696, 1.0)]])
1.1803, -0.0722586, -0.723696
float3(0.0442285, 0.939588, -1.36146)
1535437.87317125
normal
simd_float4x4([[0.094192, -0.979397, -0.178633, 0.0)], [0.561689, 0.200426, -0.802705, 0.0)], [0.821969, -0.024728, 0.568995, 0.0)], [1.24864, -0.0755382, -0.803952, 1.0)]])
1.24864, -0.0755382, -0.803952
float3(0.0247305, 0.965302, -1.36894)
1535437.97322229
normal
simd_float4x4([[0.0872529, -0.984241, -0.153806, 0.0)], [0.514129, 0.176735, -0.839307, 0.0)], [0.853263, -0.00584425, 0.521448, 0.0)], [1.30451, -0.0769886, -0.883834, 1.0)]])
1.30451, -0.0769886, -0.883834
float3(0.00584428, 1.02224, -1.39313)
1535438.07327358
normal
simd_float4x4([[0.0640284, -0.988609, -0.136205, 0.0)], [0.515685, 0.149627, -0.843612, 0.0)], [0.854383, -0.0162238, 0.519391, 0.0)], [1.35517, -0.0770218, -0.976519, 1.0)]])
1.35517, -0.0770218, -0.976519
float3(0.0162245, 1.02458, -1.42059)
1535438.17332446
normal
simd_float4x4([[0.0507523, -0.988778, -0.140508, 0.0)], [0.550161, 0.145098, -0.822356, 0.0)], [0.833515, -0.0355654, 0.551351, 0.0)], [1.41186, -0.0770902, -1.07366, 1.0)]])
1.41186, -0.0770902, -1.07366
float3(0.0355729, 0.986396, -1.42509)
1535438.27337558
normal
simd_float4x4([[0.0386033, -0.987457, -0.153098, 0.0)], [0.558781, 0.14835, -0.815938, 0.0)], [0.828416, -0.0540502, 0.557499, 0.0)], [1.45237, -0.0716952, -1.16621, 1.0)]])
1.45237, -0.0716952, -1.16621
float3(0.0540766, 0.978442, -1.42168)
1535438.37342675
normal
simd_float4x4([[0.035001, -0.98757, -0.153233, 0.0)], [0.549672, 0.147075, -0.822332, 0.0)], [0.834647, -0.0554452, 0.547987, 0.0)], [1.49605, -0.0713005, -1.24511, 1.0)]])
1.49605, -0.0713005, -1.24511
float3(0.0554737, 0.989831, -1.42296)
1535438.47347775
normal
simd_float4x4([[0.0299204, -0.986835, -0.158935, 0.0)], [0.536075, 0.150047, -0.830728, 0.0)], [0.84364, -0.0603456, 0.533508, 0.0)], [1.55188, -0.0709537, -1.31948, 1.0)]])
1.55188, -0.0709537, -1.31948
float3(0.0603823, 1.0069, -1.4199)
1535438.57352887
normal
simd_float4x4([[0.022616, -0.986481, -0.162308, 0.0)], [0.523711, 0.149982, -0.83859, 0.0)], [0.851596, -0.0660369, 0.520022, 0.0)], [1.61203, -0.0698629, -1.39994, 1.0)]])
1.61203, -0.0698629, -1.39994
float3(0.066085, 1.02259, -1.41991)
1535438.67357975
normal
simd_float4x4([[0.0171918, -0.986012, -0.165786, 0.0)], [0.50431, 0.151726, -0.850089, 0.0)], [0.863351, -0.0689933, 0.499864, 0.0)], [1.68996, -0.0708311, -1.46953, 1.0)]])
1.68996, -0.0708311, -1.46953
float3(0.0690481, 1.04598, -1.41812)
1535438.77363096
normal
simd_float4x4([[0.00931525, -0.985437, -0.169785, 0.0)], [0.485524, 0.152892, -0.86075, 0.0)], [0.874174, -0.0744167, 0.479878, 0.0)], [1.78113, -0.0761006, -1.53662, 1.0)]])
1.78113, -0.0761006, -1.53662
float3(0.0744856, 1.06876, -1.41687)
1535438.87368204
normal
simd_float4x4([[0.0074357, -0.975829, -0.218408, 0.0)], [0.299863, 0.210539, -0.93046, 0.0)], [0.953953, -0.0585741, 0.294181, 0.0)], [1.60324, -0.0421451, -1.3979, 1.0)]])
1.60324, -0.0421451, -1.3979
float3(0.0586076, 1.27167, -1.3583)
1535438.97373296
normal
simd_float4x4([[0.000849248, -0.974155, -0.225881, 0.0)], [0.248697, 0.21899, -0.943501, 0.0)], [0.968581, -0.0553747, 0.242455, 0.0)], [1.64386, -0.0484066, -1.41233, 1.0)]])
1.64386, -0.0484066, -1.41233
float3(0.0554031, 1.32552, -1.34967)
1535439.07378425
normal
simd_float4x4([[-0.00968492, -0.973478, -0.228573, 0.0)], [0.219837, 0.220919, -0.950193, 0.0)], [0.975489, -0.0594514, 0.211867, 0.0)], [1.62243, -0.0450962, -1.40438, 1.0)]])
1.62243, -0.0450962, -1.40438
float3(0.0594864, 1.35693, -1.34764)
1535439.17383533
normal
simd_float4x4([[0.00948858, -0.972538, -0.232552, 0.0)], [0.183206, 0.230317, -0.955714, 0.0)], [0.983029, -0.0335364, 0.18036, 0.0)], [1.619, -0.0411167, -1.39951, 1.0)]])
1.619, -0.0411167, -1.39951
float3(0.0335427, 1.38934, -1.33826)
1535439.2738865
normal
simd_float4x4([[0.0542678, -0.980169, -0.190586, 0.0)], [0.181619, 0.197373, -0.963358, 0.0)], [0.98187, 0.0176652, 0.188728, 0.0)], [1.60485, -0.0159344, -1.39636, 1.0)]])
1.60485, -0.0159344, -1.39636
float3(-0.0176661, 1.3809, -1.37209)
1535439.37393746
normal
simd_float4x4([[0.118995, -0.990238, -0.0725892, 0.0)], [0.210364, 0.0965929, -0.97284, 0.0)], [0.970354, 0.100493, 0.219805, 0.0)], [1.58241, 0.026656, -1.40319, 1.0)]])
1.58241, 0.026656, -1.40319
float3(-0.100663, 1.34804, -1.47356)
1535439.47398842
normal
simd_float4x4([[0.187562, -0.976846, 0.102919, 0.0)], [0.209411, -0.0626025, -0.975822, 0.0)], [0.959671, 0.20458, 0.19282, 0.0)], [1.55013, 0.0664968, -1.41817, 1.0)]])
1.55013, 0.0664968, -1.41817
float3(-0.206034, 1.37251, -1.6348)
1535439.57403967
normal
simd_float4x4([[0.215995, -0.938587, 0.269074, 0.0)], [0.273519, -0.206381, -0.939465, 0.0)], [0.937301, 0.276516, 0.212144, 0.0)], [1.51819, 0.100321, -1.43344, 1.0)]])
1.51819, 0.100321, -1.43344
float3(-0.280167, 1.34821, -1.78724)
1535439.67409071
normal
simd_float4x4([[0.229512, -0.924774, 0.303508, 0.0)], [0.358818, -0.209475, -0.909599, 0.0)], [0.904751, 0.317668, 0.283748, 0.0)], [1.47727, 0.123949, -1.45214, 1.0)]])
1.47727, 0.123949, -1.45214
float3(-0.323269, 1.26689, -1.79355)
1535439.77414183
normal
simd_float4x4([[0.196613, -0.926372, 0.321213, 0.0)], [0.532675, -0.174123, -0.828214, 0.0)], [0.823165, 0.33394, 0.45922, 0.0)], [1.44025, 0.134427, -1.45616, 1.0)]])
1.44025, 0.134427, -1.45616
float3(-0.340481, 1.06193, -1.75659)
1535439.87419283
normal
simd_float4x4([[0.14853, -0.953575, 0.261978, 0.0)], [0.564322, -0.135817, -0.814306, 0.0)], [0.812084, 0.268789, 0.51795, 0.0)], [1.41184, 0.149467, -1.45772, 1.0)]])
1.41184, 0.149467, -1.45772
float3(-0.272135, 1.00304, -1.71227)
1535439.97424412
normal
simd_float4x4([[0.167149, -0.963343, 0.209839, 0.0)], [0.640264, -0.0557887, -0.766126, 0.0)], [0.749749, 0.262409, 0.607469, 0.0)], [1.38645, 0.163875, -1.45566, 1.0)]])
1.38645, 0.163875, -1.45566
float3(-0.265518, 0.889849, -1.62864)
1535440.07429512
normal
simd_float4x4([[0.165158, -0.971013, 0.172792, 0.0)], [0.7318, 0.00319521, -0.681512, 0.0)], [0.661205, 0.239006, 0.711115, 0.0)], [1.37226, 0.178794, -1.44147, 1.0)]])
1.37226, 0.178794, -1.44147
float3(-0.241342, 0.749045, -1.56751)
1535440.17434612
normal
simd_float4x4([[0.116012, -0.981565, 0.15189, 0.0)], [0.785314, -0.00298228, -0.619091, 0.0)], [0.608131, 0.191103, 0.770491, 0.0)], [1.36415, 0.196659, -1.41846, 1.0)]])
1.36415, 0.196659, -1.41846
float3(-0.192286, 0.668169, -1.57383)
1535440.27439746
normal
simd_float4x4([[0.0853133, -0.989557, 0.116182, 0.0)], [0.837625, 0.00808823, -0.546185, 0.0)], [0.539542, 0.143914, 0.829568, 0.0)], [1.35456, 0.214756, -1.38294, 1.0)]])
1.35456, 0.214756, -1.38294
float3(-0.144415, 0.576649, -1.56262)
1535440.37444842
normal
simd_float4x4([[0.0787605, -0.992068, 0.097972, 0.0)], [0.876038, 0.0219742, -0.481742, 0.0)], [0.475768, 0.123769, 0.870819, 0.0)], [1.3407, 0.229648, -1.33827, 1.0)]])
1.3407, 0.229648, -1.33827
float3(-0.124088, 0.500033, -1.54865)
1535440.47449954
normal
simd_float4x4([[0.0807837, -0.990391, 0.112247, 0.0)], [0.91618, 0.0294317, -0.399686, 0.0)], [0.392542, 0.135126, 0.909754, 0.0)], [1.32388, 0.24116, -1.2858, 1.0)]])
1.32388, 0.24116, -1.2858
float3(-0.135541, 0.407348, -1.54109)
1535440.57455054
normal
simd_float4x4([[0.0718649, -0.991163, 0.111496, 0.0)], [0.948449, 0.0333139, -0.315175, 0.0)], [0.308676, 0.128398, 0.942462, 0.0)], [1.30198, 0.25143, -1.21839, 1.0)]])
1.30198, 0.25143, -1.21839
float3(-0.128753, 0.31651, -1.5372)
1535440.67460167
normal
simd_float4x4([[0.059426, -0.991727, 0.113778, 0.0)], [0.968886, 0.0298691, -0.245699, 0.0)], [0.240268, 0.124838, 0.962646, 0.0)], [1.27323, 0.260537, -1.14036, 1.0)]])
1.27323, 0.260537, -1.14036
float3(-0.125165, 0.244594, -1.54069)
1535440.77463075
normal
simd_float4x4([[0.0481359, -0.993407, 0.104048, 0.0)], [0.984299, 0.0294664, -0.174035, 0.0)], [0.169821, 0.110792, 0.979227, 0.0)], [1.23628, 0.269307, -1.05114, 1.0)]])
1.23628, 0.269307, -1.05114
float3(-0.11102, 0.171716, -1.54114)
1535440.89127971
normal
simd_float4x4([[0.0428063, -0.993871, 0.101918, 0.0)], [0.993928, 0.0320137, -0.10527, 0.0)], [0.101362, 0.105806, 0.989207, 0.0)], [1.17852, 0.278492, -0.936874, 1.0)]])
1.17852, 0.278492, -0.936874
float3(-0.106004, 0.102111, -1.5386)
1535441.00792858
normal
simd_float4x4([[0.0352872, -0.994817, 0.0953578, 0.0)], [0.996926, 0.0283616, -0.0730316, 0.0)], [0.0699486, 0.0976418, 0.99276, 0.0)], [1.10117, 0.286522, -0.811185, 1.0)]])
1.10117, 0.286522, -0.811185
float3(-0.0977976, 0.0703425, -1.54229)
1535441.12457725
normal
simd_float4x4([[0.0360882, -0.995278, 0.0901078, 0.0)], [0.995928, 0.0283647, -0.0855692, 0.0)], [0.0826093, 0.0928289, 0.992249, 0.0)], [1.00196, 0.295839, -0.674485, 1.0)]])
1.00196, 0.295839, -0.674485
float3(-0.0929627, 0.083063, -1.5423)
1535441.24122629
normal
simd_float4x4([[0.0381532, -0.996357, 0.0762706, 0.0)], [0.989851, 0.0272272, -0.139477, 0.0)], [0.136892, 0.080818, 0.987284, 0.0)], [0.8839, 0.304175, -0.524957, 1.0)]])
0.8839, 0.304175, -0.524957
float3(-0.0809063, 0.137777, -1.54348)
1535441.35787521
normal
simd_float4x4([[0.0480857, -0.996421, 0.0695246, 0.0)], [0.975637, 0.0319379, -0.217055, 0.0)], [0.214058, 0.078268, 0.97368, 0.0)], [0.748088, 0.311785, -0.364085, 1.0)]])
0.748088, 0.311785, -0.364085
float3(-0.0783481, 0.216401, -1.53875)
1535441.47452408
normal
simd_float4x4([[0.061517, -0.996349, 0.0591972, 0.0)], [0.94742, 0.0396302, -0.31753, 0.0)], [0.314025, 0.0756181, 0.946399, 0.0)], [0.594265, 0.312195, -0.194702, 1.0)]])
0.594265, 0.312195, -0.194702
float3(-0.0756903, 0.320379, -1.53104)
1535441.59117283
normal
simd_float4x4([[0.0664183, -0.997222, 0.0337258, 0.0)], [0.905591, 0.0460555, -0.421644, 0.0)], [0.418919, 0.0585466, 0.906134, 0.0)], [0.431336, 0.315882, -0.0112745, 1.0)]])
0.431336, 0.315882, -0.0112745
float3(-0.0585801, 0.433047, -1.52465)
1535441.70782179
normal
simd_float4x4([[0.0781633, -0.996774, 0.0182004, 0.0)], [0.850423, 0.0571375, -0.522988, 0.0)], [0.520261, 0.0563565, 0.852146, 0.0)], [0.262652, 0.322835, 0.184931, 1.0)]])
0.262652, 0.322835, 0.184931
float3(-0.0563864, 0.548127, -1.51354)
1535441.82447075
normal
simd_float4x4([[0.086954, -0.996207, 0.00310832, 0.0)], [0.782496, 0.0663684, -0.619109, 0.0)], [0.616554, 0.0562662, 0.785299, 0.0)], [0.0865268, 0.326481, 0.388297, 1.0)]])
0.0865268, 0.326481, 0.388297
float3(-0.0562959, 0.665602, -1.50427)
1535441.92448871
normal
simd_float4x4([[0.0813131, -0.996644, -0.00944691, 0.0)], [0.706716, 0.0643371, -0.704566, 0.0)], [0.702809, 0.0506141, 0.709576, 0.0)], [-0.134819, 0.329762, 0.507727, 1.0)]])
-0.134819, 0.329762, 0.507727
float3(-0.0506358, 0.780607, -1.50633)
1535442.02453983
normal
simd_float4x4([[0.0795358, -0.996778, -0.0103744, 0.0)], [0.62931, 0.0582803, -0.774966, 0.0)], [0.773074, 0.0551088, 0.631918, 0.0)], [-0.360742, 0.33081, 0.62333, 1.0)]])
-0.360742, 0.33081, 0.62333
float3(-0.0551368, 0.885529, -1.51239)
1535442.12459088
normal
simd_float4x4([[0.0823252, -0.9966, -0.00322658, 0.0)], [0.539182, 0.0472621, -0.840862, 0.0)], [0.838156, 0.0674844, 0.54124, 0.0)], [-0.586076, 0.329177, 0.742962, 1.0)]])
-0.586076, 0.329177, 0.742962
float3(-0.0675357, 0.997414, -1.52341)
1535442.22464196
normal
simd_float4x4([[0.0942451, -0.995545, 0.00295153, 0.0)], [0.418321, 0.0369105, -0.907549, 0.0)], [0.903397, 0.0867668, 0.419936, 0.0)], [-0.815826, 0.326285, 0.877571, 1.0)]])
-0.815826, 0.326285, 0.877571
float3(-0.086876, 1.13567, -1.53374)
1535442.32469317
limited(__ObjC.ARCamera.TrackingState.Reason.excessiveMotion)
simd_float4x4([[0.106357, -0.99415, 0.0188389, 0.0)], [0.264704, 0.0100461, -0.964277, 0.0)], [0.958447, 0.107545, 0.264224, 0.0)], [-1.03655, 0.32204, 1.02431, 1.0)]])
-1.03655, 0.32204, 1.02431
float3(-0.107753, 1.3018, -1.56069)
1535442.42474425
limited(__ObjC.ARCamera.TrackingState.Reason.excessiveMotion)
simd_float4x4([[0.14125, -0.988704, 0.0501304, 0.0)], [0.174784, -0.0249365, -0.984291, 0.0)], [0.974423, 0.147793, 0.169287, 0.0)], [-1.25166, 0.317832, 1.17676, 1.0)]])
-1.25166, 0.317832, 1.17676
float3(-0.148336, 1.39878, -1.59601)
1535442.52479542
limited(__ObjC.ARCamera.TrackingState.Reason.excessiveMotion)
simd_float4x4([[0.14661, -0.987419, 0.059246, 0.0)], [0.125199, -0.0408888, -0.991289, 0.0)], [0.981239, 0.15275, 0.117629, 0.0)], [-1.44699, 0.317743, 1.34825, 1.0)]])
-1.44699, 0.317743, 1.34825
float3(-0.153351, 1.45149, -1.61218)
1535442.62484642
limited(__ObjC.ARCamera.TrackingState.Reason.excessiveMotion)
simd_float4x4([[0.155719, -0.986067, 0.058508, 0.0)], [0.10407, -0.042524, -0.993661, 0.0)], [0.982304, 0.16082, 0.095998, 0.0)], [-1.64223, 0.320815, 1.52423, 1.0)]])
-1.64223, 0.320815, 1.52423
float3(-0.161522, 1.47338, -1.61389)
1535442.7248975
limited(__ObjC.ARCamera.TrackingState.Reason.excessiveMotion)
simd_float4x4([[0.135551, -0.989202, 0.0557162, 0.0)], [0.102573, -0.0419218, -0.993842, 0.0)], [0.985446, 0.140431, 0.0957834, 0.0)], [-1.8305, 0.321403, 1.70869, 1.0)]])
-1.8305, 0.321403, 1.70869
float3(-0.140897, 1.4739, -1.61315)
1535442.82494879
limited(__ObjC.ARCamera.TrackingState.Reason.excessiveMotion)
simd_float4x4([[0.122959, -0.991282, 0.0473356, 0.0)], [0.151798, -0.02835, -0.988005, 0.0)], [0.980734, 0.12867, 0.146989, 0.0)], [-2.01696, 0.319315, 1.89761, 1.0)]])
-2.01696, 0.319315, 1.89761
float3(-0.129027, 1.42203, -1.59939)
1535442.92499988
limited(__ObjC.ARCamera.TrackingState.Reason.excessiveMotion)
simd_float4x4([[0.0773158, -0.995924, 0.0464483, 0.0)], [0.205386, -0.0296786, -0.978231, 0.0)], [0.975622, 0.0851725, 0.202254, 0.0)], [-2.19329, 0.313207, 2.08629, 1.0)]])
-2.19329, 0.313207, 2.08629
float3(-0.0852758, 1.36638, -1.60059)
1535443.02505113
limited(__ObjC.ARCamera.TrackingState.Reason.excessiveMotion)
simd_float4x4([[0.0477114, -0.997686, 0.0484357, 0.0)], [0.223347, -0.0366073, -0.974051, 0.0)], [0.973571, 0.0572913, 0.221084, 0.0)], [-2.40849, 0.304662, 2.2508, 1.0)]])
-2.40849, 0.304662, 2.2508
float3(-0.0573227, 1.3475, -1.60747)
1535443.12510217
limited(__ObjC.ARCamera.TrackingState.Reason.excessiveMotion)
simd_float4x4([[-0.00157757, -0.99873, 0.0503549, 0.0)], [0.210346, -0.0495598, -0.97637, 0.0)], [0.977626, 0.00905162, 0.210157, 0.0)], [-2.61049, 0.29209, 2.42479, 1.0)]])
-2.61049, 0.29209, 2.42479
float3(-0.00905175, 1.35905, -1.62038)
1535443.22515337
limited(__ObjC.ARCamera.TrackingState.Reason.excessiveMotion)
simd_float4x4([[-0.00912956, -0.999086, 0.0417595, 0.0)], [0.209376, -0.0427455, -0.9769, 0.0)], [0.977793, -0.000175215, 0.209575, 0.0)], [-2.80623, 0.280705, 2.6113, 1.0)]])
-2.80623, 0.280705, 2.6113
float3(0.000175215, 1.35966, -1.61355)
1535443.32520442
limited(__ObjC.ARCamera.TrackingState.Reason.excessiveMotion)
simd_float4x4([[0.0341289, -0.99882, 0.0345411, 0.0)], [0.178454, -0.0279155, -0.983552, 0.0)], [0.983356, 0.0397316, 0.177291, 0.0)], [-3.01708, 0.270198, 2.78764, 1.0)]])
-3.01708, 0.270198, 2.78764
float3(-0.039742, 1.39242, -1.59874)
1535443.42525546
limited(__ObjC.ARCamera.TrackingState.Reason.excessiveMotion)
simd_float4x4([[0.0565593, -0.997873, 0.0324004, 0.0)], [0.130046, -0.0248126, -0.991198, 0.0)], [0.989894, 0.0602749, 0.128366, 0.0)], [-3.21808, 0.255712, 2.97879, 1.0)]])
-3.21808, 0.255712, 2.97879
float3(-0.0603115, 1.44184, -1.59566)
1535443.52530675
limited(__ObjC.ARCamera.TrackingState.Reason.excessiveMotion)
simd_float4x4([[0.106251, -0.993274, 0.0460226, 0.0)], [0.0780963, -0.0378055, -0.996229, 0.0)], [0.991268, 0.109445, 0.0735542, 0.0)], [-3.40066, 0.239552, 3.19334, 1.0)]])
-3.40066, 0.239552, 3.19334
float3(-0.109664, 1.49673, -1.60884)
1535443.62535775
limited(__ObjC.ARCamera.TrackingState.Reason.excessiveMotion)
simd_float4x4([[0.138029, -0.989208, 0.0491511, 0.0)], [-0.0147608, -0.0516752, -0.998555, 0.0)], [0.990318, 0.137104, -0.0217342, 0.0)], [-3.6179, 0.227922, 3.38, 1.0)]])
-3.6179, 0.227922, 3.38
float3(-0.137537, 1.59274, -1.62299)
1535443.72540908
limited(__ObjC.ARCamera.TrackingState.Reason.excessiveMotion)
simd_float4x4([[0.17147, -0.984282, 0.0422723, 0.0)], [-0.10446, -0.0608301, -0.992667, 0.0)], [0.979636, 0.165797, -0.113248, 0.0)], [-3.78033, 0.211874, 3.64996, 1.0)]])
-3.78033, 0.211874, 3.64996
float3(-0.166566, 1.68589, -1.63252)
1535443.82546017
limited(__ObjC.ARCamera.TrackingState.Reason.excessiveMotion)
simd_float4x4([[0.226763, -0.973354, 0.0340735, 0.0)], [-0.128756, -0.0646374, -0.989568, 0.0)], [0.965402, 0.22001, -0.139982, 0.0)], [-4.00851, 0.203455, 3.87423, 1.0)]])
-4.00851, 0.203455, 3.87423
float3(-0.221825, 1.71479, -1.63711)
1535443.92551138
limited(__ObjC.ARCamera.TrackingState.Reason.excessiveMotion)
simd_float4x4([[0.25461, -0.966334, 0.0370403, 0.0)], [-0.153508, -0.0782039, -0.985048, 0.0)], [0.954782, 0.245117, -0.168252, 0.0)], [-4.25372, 0.196275, 4.09262, 1.0)]])
-4.25372, 0.196275, 4.09262
float3(-0.24764, 1.74523, -1.65155)
1535444.02556238
limited(__ObjC.ARCamera.TrackingState.Reason.excessiveMotion)
simd_float4x4([[0.256236, -0.965985, 0.0348649, 0.0)], [-0.182545, -0.0837787, -0.979622, 0.0)], [0.949221, 0.24465, -0.197803, 0.0)], [-4.5026, 0.193289, 4.32114, 1.0)]])
-4.5026, 0.193289, 4.32114
float3(-0.247159, 1.77624, -1.65731)
1535444.12561354
limited(__ObjC.ARCamera.TrackingState.Reason.excessiveMotion)
simd_float4x4([[0.262069, -0.96443, 0.0345597, 0.0)], [-0.182491, -0.0846907, -0.979553, 0.0)], [0.947638, 0.250404, -0.198195, 0.0)], [-4.7359, 0.191392, 4.57816, 1.0)]])
-4.7359, 0.191392, 4.57816
float3(-0.253097, 1.77697, -1.65839)
1535444.22566479
limited(__ObjC.ARCamera.TrackingState.Reason.excessiveMotion)
simd_float4x4([[0.239539, -0.970269, 0.0346317, 0.0)], [-0.171242, -0.0773332, -0.982189, 0.0)], [0.955666, 0.229342, -0.184675, 0.0)], [-4.97018, 0.192386, 4.83824, 1.0)]])
-4.97018, 0.192386, 4.83824
float3(-0.231401, 1.76169, -1.65033)
1535444.32571579
limited(__ObjC.ARCamera.TrackingState.Reason.excessiveMotion)
simd_float4x4([[0.193962, -0.980254, 0.0384703, 0.0)], [-0.156429, -0.0696181, -0.985233, 0.0)], [0.968457, 0.18508, -0.166844, 0.0)], [-5.18877, 0.192002, 5.11421, 1.0)]])
-5.18877, 0.192002, 5.11421
float3(-0.186153, 1.7414, -1.6417)
1535444.42576692
limited(__ObjC.ARCamera.TrackingState.Reason.excessiveMotion)
simd_float4x4([[0.135319, -0.989949, 0.0410989, 0.0)], [-0.165703, -0.0635075, -0.984129, 0.0)], [0.976848, 0.126361, -0.172631, 0.0)], [-5.40722, 0.19509, 5.40347, 1.0)]])
-5.40722, 0.19509, 5.40347
float3(-0.126699, 1.74571, -1.63486)
1535444.52581808
limited(__ObjC.ARCamera.TrackingState.Reason.excessiveMotion)
simd_float4x4([[0.100662, -0.994155, 0.0390145, 0.0)], [-0.163423, -0.0552027, -0.985011, 0.0)], [0.981407, 0.0927771, -0.168024, 0.0)], [-5.64245, 0.198641, 5.68358, 1.0)]])
-5.64245, 0.198641, 5.68358
float3(-0.0929107, 1.74036, -1.62627)
1535444.62586908
limited(__ObjC.ARCamera.TrackingState.Reason.excessiveMotion)
simd_float4x4([[0.0902413, -0.995379, 0.0328268, 0.0)], [-0.154102, -0.0465201, -0.986959, 0.0)], [0.983925, 0.0840058, -0.157587, 0.0)], [-5.88695, 0.204993, 5.97227, 1.0)]])
-5.88695, 0.204993, 5.97227
float3(-0.084105, 1.72961, -1.6175)
1535444.72592033
limited(__ObjC.ARCamera.TrackingState.Reason.excessiveMotion)
simd_float4x4([[0.0944054, -0.99527, 0.0229278, 0.0)], [-0.167986, -0.0386261, -0.985032, 0.0)], [0.981259, 0.0891408, -0.170838, 0.0)], [-6.15321, 0.209532, 6.25215, 1.0)]])
-6.15321, 0.209532, 6.25215
float3(-0.0892593, 1.74317, -1.60959)
1535444.82597142
limited(__ObjC.ARCamera.TrackingState.Reason.excessiveMotion)
simd_float4x4([[0.117841, -0.992752, 0.0236006, 0.0)], [-0.192189, -0.046117, -0.980274, 0.0)], [0.974257, 0.110981, -0.19623, 0.0)], [-6.42428, 0.207918, 6.5335, 1.0)]])
-6.42428, 0.207918, 6.5335
float3(-0.11121, 1.76955, -1.61722)
1535444.92602271
limited(__ObjC.ARCamera.TrackingState.Reason.excessiveMotion)
simd_float4x4([[0.132001, -0.990905, 0.0261272, 0.0)], [-0.196863, -0.0520392, -0.979049, 0.0)], [0.971504, 0.124092, -0.201941, 0.0)], [-6.67713, 0.203063, 6.83241, 1.0)]])
-6.67713, 0.203063, 6.83241
float3(-0.124413, 1.77574, -1.62327)
1535445.02607375
limited(__ObjC.ARCamera.TrackingState.Reason.excessiveMotion)
simd_float4x4([[0.137305, -0.990016, 0.0318741, 0.0)], [-0.181592, -0.0567925, -0.981733, 0.0)], [0.973741, 0.129009, -0.187577, 0.0)], [-6.94764, 0.201773, 7.12072, 1.0)]])
-6.94764, 0.201773, 7.12072
float3(-0.12937, 1.7611, -1.6281)
1535445.12612504
limited(__ObjC.ARCamera.TrackingState.Reason.excessiveMotion)
simd_float4x4([[0.14529, -0.988637, 0.0385703, 0.0)], [-0.146334, -0.0600277, -0.987412, 0.0)], [0.978508, 0.137817, -0.153392, 0.0)], [-7.22287, 0.2028, 7.41664, 1.0)]])
-7.22287, 0.2028, 7.41664
float3(-0.138257, 1.72629, -1.63144)
1535445.22617608
limited(__ObjC.ARCamera.TrackingState.Reason.excessiveMotion)
simd_float4x4([[0.142375, -0.989018, 0.0396698, 0.0)], [-0.0927391, -0.0532307, -0.994267, 0.0)], [0.985459, 0.137879, -0.0992993, 0.0)], [-7.50462, 0.210051, 7.71282, 1.0)]])
-7.50462, 0.210051, 7.71282
float3(-0.13832, 1.67122, -1.62457)
1535445.32622708
limited(__ObjC.ARCamera.TrackingState.Reason.excessiveMotion)
simd_float4x4([[0.132471, -0.989896, 0.0505678, 0.0)], [-0.0487782, -0.0574663, -0.997155, 0.0)], [0.989986, 0.129627, -0.0558979, 0.0)], [-7.77773, 0.214352, 8.01438, 1.0)]])
-7.77773, 0.214352, 8.01438
float3(-0.129993, 1.6272, -1.62878)
1535445.42627838
limited(__ObjC.ARCamera.TrackingState.Reason.excessiveMotion)
simd_float4x4([[0.131865, -0.989496, 0.0592379, 0.0)], [0.0113344, -0.0582507, -0.998238, 0.0)], [0.991203, 0.132304, 0.00353414, 0.0)], [-8.06009, 0.215729, 8.3132, 1.0)]])
-8.06009, 0.215729, 8.3132
float3(-0.132693, 1.56723, -1.6296)
1535445.52632954
limited(__ObjC.ARCamera.TrackingState.Reason.excessiveMotion)
simd_float4x4([[0.139692, -0.987864, 0.0679089, 0.0)], [0.0761506, -0.0576606, -0.995428, 0.0)], [0.987263, 0.144224, 0.0671717, 0.0)], [-8.352, 0.213005, 8.60407, 1.0)]])
-8.352, 0.213005, 8.60407
float3(-0.144729, 1.50286, -1.6291)
1535445.62638088
limited(__ObjC.ARCamera.TrackingState.Reason.excessiveMotion)
simd_float4x4([[0.137214, -0.987146, 0.0819435, 0.0)], [0.142969, -0.0621229, -0.987776, 0.0)], [0.980169, 0.147252, 0.132608, 0.0)], [-8.6461, 0.210584, 8.89745, 1.0)]])
-8.6461, 0.210584, 8.89745
float3(-0.14779, 1.43632, -1.63365)
1535445.72643188
limited(__ObjC.ARCamera.TrackingState.Reason.excessiveMotion)
simd_float4x4([[0.143752, -0.985, 0.0954454, 0.0)], [0.212933, -0.0634015, -0.975008, 0.0)], [0.966434, 0.160483, 0.200625, 0.0)], [-8.94731, 0.209827, 9.19886, 1.0)]])
-8.94731, 0.209827, 9.19886
float3(-0.16118, 1.36611, -1.63507)
1535445.82648296
limited(__ObjC.ARCamera.TrackingState.Reason.excessiveMotion)
simd_float4x4([[0.139005, -0.985027, 0.101978, 0.0)], [0.272666, -0.0609276, -0.960178, 0.0)], [0.952014, 0.161276, 0.260114, 0.0)], [-9.2925, 0.209634, 9.45271, 1.0)]])
-9.2925, 0.209634, 9.45271
float3(-0.161983, 1.30408, -1.63257)
1535445.92653425
limited(__ObjC.ARCamera.TrackingState.Reason.excessiveMotion)
simd_float4x4([[0.140529, -0.984175, 0.107941, 0.0)], [0.315479, -0.0588286, -0.947107, 0.0)], [0.938469, 0.167149, 0.302219, 0.0)], [-9.57379, 0.20315, 9.79778, 1.0)]])
-9.57379, 0.20315, 9.79778
float3(-0.167937, 1.25925, -1.6305)
1535446.02658533
limited(__ObjC.ARCamera.TrackingState.Reason.excessiveMotion)
simd_float4x4([[0.143487, -0.982774, 0.11648, 0.0)], [0.351862, -0.0593466, -0.934169, 0.0)], [0.924989, 0.175026, 0.337285, 0.0)], [-9.8799, 0.199201, 10.1385, 1.0)]])
-9.8799, 0.199201, 10.1385
float3(-0.175932, 1.22114, -1.63111)
1535446.12663663
limited(__ObjC.ARCamera.TrackingState.Reason.excessiveMotion)
simd_float4x4([[0.139544, -0.980479, 0.138524, 0.0)], [0.40706, -0.0707256, -0.910659, 0.0)], [0.902679, 0.183465, 0.389244, 0.0)], [-10.2221, 0.195194, 10.448, 1.0)]])
-10.2221, 0.195194, 10.448
float3(-0.18451, 1.16368, -1.64281)
1535446.22668767
limited(__ObjC.ARCamera.TrackingState.Reason.excessiveMotion)
simd_float4x4([[0.136731, -0.978337, 0.155442, 0.0)], [0.466724, -0.0747861, -0.881236, 0.0)], [0.87377, 0.19304, 0.446387, 0.0)], [-10.5356, 0.19117, 10.8104, 1.0)]])
-10.5356, 0.19117, 10.8104
