ARKit Data
1034275.66699325
normal
simd_float4x4([[0.063377, -0.989457, 0.130223, 0.0)], [0.984043, 0.0402185, -0.173327, 0.0)], [0.166262, 0.13913, 0.976217, 0.0)], [0.301769, -0.277019, 8.20676, 1.0)]])
0.301769, -0.277019, 8.20676
float3(-0.139583, 0.168694, -1.53017)
1034275.86710633
normal
simd_float4x4([[0.0650882, -0.992104, 0.107208, 0.0)], [0.98433, 0.0461881, -0.170182, 0.0)], [0.163887, 0.116604, 0.979563, 0.0)], [0.307075, -0.275753, 8.20764, 1.0)]])
0.307075, -0.275753, 8.20764
float3(-0.11687, 0.165771, -1.52427)
1034276.06721921
normal
simd_float4x4([[0.0579064, -0.99355, 0.0974957, 0.0)], [0.983889, 0.0402505, -0.174188, 0.0)], [0.16914, 0.106012, 0.979874, 0.0)], [0.308725, -0.275781, 8.2062, 1.0)]])
0.308725, -0.275781, 8.2062
float3(-0.106211, 0.17093, -1.53031)
1034276.83680704
notAvailable
simd_float4x4([[-0.0318439, 0.0, 0.999493, 0.0)], [0.0, 1.0, 0.0, 0.0)], [-0.999493, 0.0, -0.0318439, 0.0)], [-0.011316, -0.086069, -0.00462432, 1.0)]])
-0.011316, -0.086069, -0.00462432
float3(-0.0, -1.60265, 0.0)
1034277.05345063
limited(__ObjC.ARCamera.TrackingState.Reason.initializing)
simd_float4x4([[0.0344131, -0.992423, 0.117952, 0.0)], [0.999402, 0.0345885, -0.00056037, 0.0)], [-0.00352367, 0.117901, 0.993019, 0.0)], [0.0, 0.0, 0.0, 1.0)]])
0.0, 0.0, 0.0
float3(-0.118176, -0.00354843, -1.53596)
1034277.25355238
limited(__ObjC.ARCamera.TrackingState.Reason.initializing)
simd_float4x4([[0.0132696, -0.992862, 0.118526, 0.0)], [0.99991, 0.0134085, 0.000373999, 0.0)], [-0.00196059, 0.118511, 0.992951, 0.0)], [0.0, 0.0, 0.0, 1.0)]])
0.0, 0.0, 0.0
float3(-0.11879, -0.0019745, -1.55729)
1034277.45366538
limited(__ObjC.ARCamera.TrackingState.Reason.initializing)
simd_float4x4([[0.0179381, -0.992299, 0.122557, 0.0)], [0.999836, 0.0181151, 0.000330091, 0.0)], [-0.00254768, 0.122531, 0.992461, 0.0)], [0.0, 0.0, 0.0, 1.0)]])
0.0, 0.0, 0.0
float3(-0.12284, -0.00256702, -1.55254)
1034277.67045429
limited(__ObjC.ARCamera.TrackingState.Reason.initializing)
simd_float4x4([[0.0185134, -0.992005, 0.124831, 0.0)], [0.999827, 0.0181263, -0.00423598, 0.0)], [0.00193939, 0.124888, 0.992169, 0.0)], [0.0, 0.0, 0.0, 1.0)]])
0.0, 0.0, 0.0
float3(-0.125215, 0.0019547, -1.55253)
1034277.87056737
normal
simd_float4x4([[0.0206459, -0.990727, 0.134286, 0.0)], [0.999738, 0.0191277, -0.0125865, 0.0)], [0.00990117, 0.134511, 0.990863, 0.0)], [-0.00319353, -0.00324742, 0.00208753, 1.0)]])
-0.00319353, -0.00324742, 0.00208753
float3(-0.13492, 0.00999214, -1.55149)
1034278.07068025
normal
simd_float4x4([[0.0188037, -0.990022, 0.139652, 0.0)], [0.999632, 0.0158818, -0.0220074, 0.0)], [0.0195699, 0.140015, 0.989956, 0.0)], [-0.0081491, -0.00724684, 0.00164637, 1.0)]])
-0.0081491, -0.00724684, 0.00164637
float3(-0.140476, 0.0197658, -1.55476)
1034278.27079317
normal
simd_float4x4([[0.0165682, -0.988418, 0.150846, 0.0)], [0.9996, 0.012916, -0.0251592, 0.0)], [0.0229195, 0.151202, 0.988237, 0.0)], [-0.00940336, -0.011844, 0.00158103, 1.0)]])
-0.00940336, -0.011844, 0.00158103
float3(-0.151784, 0.0231881, -1.55773)
1034278.48758221
normal
simd_float4x4([[0.0162111, -0.987297, 0.158053, 0.0)], [0.999637, 0.0126007, -0.023818, 0.0)], [0.0215239, 0.158382, 0.987143, 0.0)], [-0.0092122, -0.0162889, -0.000247734, 1.0)]])
-0.0092122, -0.0162889, -0.000247734
float3(-0.159052, 0.0218008, -1.55803)
1034278.70437133
normal
simd_float4x4([[0.0151065, -0.986778, 0.16137, 0.0)], [0.99969, 0.0117127, -0.0219615, 0.0)], [0.0197811, 0.161652, 0.98665, 0.0)], [-0.00853068, -0.0191999, -0.00077407, 1.0)]])
-0.00853068, -0.0191999, -0.00077407
float3(-0.162364, 0.0200461, -1.55893)
1034278.92116033
normal
simd_float4x4([[0.0133276, -0.986801, 0.161389, 0.0)], [0.999846, 0.0113105, -0.0134107, 0.0)], [0.0114083, 0.161543, 0.9868, 0.0)], [-0.00331502, -0.0174859, 0.00128997, 1.0)]])
-0.00331502, -0.0174859, 0.00128997
float3(-0.162254, 0.0115603, -1.55934)
1034279.12127325
normal
simd_float4x4([[0.0126555, -0.986916, 0.160737, 0.0)], [0.999893, 0.0136691, 0.00520222, 0.0)], [-0.00733129, 0.160654, 0.986983, 0.0)], [0.00323407, -0.0152663, 0.000330801, 1.0)]])
0.00323407, -0.0152663, 0.000330801
float3(-0.161353, -0.00742784, -1.55695)
1034279.32138625
normal
simd_float4x4([[0.014462, -0.986217, 0.164825, 0.0)], [0.999613, 0.0181764, 0.0210494, 0.0)], [-0.0237552, 0.164456, 0.986098, 0.0)], [0.00604334, -0.0147738, 5.82678e-05, 1.0)]])
0.00604334, -0.0147738, 5.82678e-05
float3(-0.165207, -0.0240854, -1.55237)
1034279.53817533
normal
simd_float4x4([[0.0113887, -0.985918, 0.166841, 0.0)], [0.999488, 0.0162112, 0.0275712, 0.0)], [-0.0298877, 0.166441, 0.985598, 0.0)], [0.0107187, -0.015077, 0.00157823, 1.0)]])
0.0107187, -0.015077, 0.00157823
float3(-0.16722, -0.0303151, -1.55436)
1034279.75496433
normal
simd_float4x4([[0.0107324, -0.986392, 0.164062, 0.0)], [0.999524, 0.0153304, 0.0267856, 0.0)], [-0.0289363, 0.163697, 0.986086, 0.0)], [0.0093673, -0.0154968, 0.00155968, 1.0)]])
0.0093673, -0.0154968, 0.00155968
float3(-0.164437, -0.0293361, -1.55526)
1034279.95507738
normal
simd_float4x4([[0.0121969, -0.986515, 0.163215, 0.0)], [0.999536, 0.0165831, 0.0255386, 0.0)], [-0.0279009, 0.162827, 0.98626, 0.0)], [0.00745101, -0.0148959, 0.00256418, 1.0)]])
0.00745101, -0.0148959, 0.00256418
float3(-0.163556, -0.028282, -1.55399)
1034280.15519017
normal
simd_float4x4([[0.0133875, -0.986312, 0.164344, 0.0)], [0.999741, 0.0162251, 0.0159361, 0.0)], [-0.0183845, 0.164088, 0.986274, 0.0)], [0.0019409, -0.0155248, 0.0020508, 1.0)]])
0.0019409, -0.0155248, 0.0020508
float3(-0.164833, -0.0186382, -1.55435)
1034280.37197938
normal
simd_float4x4([[0.0160916, -0.98642, 0.163449, 0.0)], [0.999758, 0.0134257, -0.0174019, 0.0)], [0.0149712, 0.16369, 0.986398, 0.0)], [-0.0172947, -0.0157632, 0.00313359, 1.0)]])
-0.0172947, -0.0157632, 0.00313359
float3(-0.16443, 0.0151765, -1.55719)
1034280.58876846
normal
simd_float4x4([[0.0252091, -0.98716, 0.157734, 0.0)], [0.997076, 0.0134423, -0.075226, 0.0)], [0.0721398, 0.159169, 0.984612, 0.0)], [-0.0497039, -0.0140613, 0.00609404, 1.0)]])
-0.0497039, -0.0140613, 0.00609404
float3(-0.159849, 0.0731365, -1.55718)
1034280.80555746
normal
simd_float4x4([[0.0331193, -0.986953, 0.157567, 0.0)], [0.988708, 0.00929983, -0.149568, 0.0)], [0.146151, 0.160741, 0.976116, 0.0)], [-0.0892512, -0.0156264, 0.00857455, 1.0)]])
-0.0892512, -0.0156264, 0.00857455
float3(-0.161441, 0.148623, -1.56137)
1034281.00567046
normal
simd_float4x4([[0.0435836, -0.986332, 0.158903, 0.0)], [0.971995, 0.00509937, -0.234944, 0.0)], [0.230922, 0.164693, 0.958932, 0.0)], [-0.135712, -0.0186334, 0.0110315, 1.0)]])
-0.135712, -0.0186334, 0.0110315
float3(-0.165447, 0.236313, -1.56563)
1034281.22245933
normal
simd_float4x4([[0.0551617, -0.986212, 0.156024, 0.0)], [0.933738, -0.00440004, -0.357931, 0.0)], [0.353682, 0.16543, 0.92062, 0.0)], [-0.200127, -0.0208106, 0.0185994, 1.0)]])
-0.200127, -0.0208106, 0.0185994
float3(-0.166194, 0.366793, -1.57526)
1034281.43924829
normal
simd_float4x4([[0.0825383, -0.984451, 0.155057, 0.0)], [0.844199, -0.0136213, -0.535857, 0.0)], [0.529637, 0.175127, 0.829948, 0.0)], [-0.275644, -0.0228614, 0.0331779, 1.0)]])
-0.275644, -0.0228614, 0.0331779
float3(-0.176035, 0.568005, -1.58463)
1034281.63924958
normal
simd_float4x4([[0.115918, -0.98314, 0.141419, 0.0)], [0.708596, -0.0179187, -0.705387, 0.0)], [0.696028, 0.181976, 0.694571, 0.0)], [-0.34089, -0.0213335, 0.0573947, 1.0)]])
-0.34089, -0.0213335, 0.0573947
float3(-0.182996, 0.786446, -1.58902)
1034281.83932896
normal
simd_float4x4([[0.145482, -0.981793, 0.12214, 0.0)], [0.558042, -0.0205108, -0.829559, 0.0)], [0.81696, 0.188845, 0.544898, 0.0)], [-0.403775, -0.0239499, 0.0709356, 1.0)]])
-0.403775, -0.0239499, 0.0709356
float3(-0.189986, 0.982576, -1.59168)
1034282.05611788
normal
simd_float4x4([[0.166363, -0.981716, 0.0925037, 0.0)], [0.405762, -0.0173444, -0.913814, 0.0)], [0.89871, 0.189559, 0.395458, 0.0)], [-0.49348, -0.0306243, 0.0653083, 1.0)]])
-0.49348, -0.0306243, 0.0653083
float3(-0.190713, 1.15627, -1.58846)
1034282.25623079
normal
simd_float4x4([[0.167554, -0.983918, 0.0618943, 0.0)], [0.27913, -0.0128665, -0.960167, 0.0)], [0.945522, 0.178156, 0.272485, 0.0)], [-0.590815, -0.0336777, 0.0384732, 1.0)]])
-0.590815, -0.0336777, 0.0384732
float3(-0.179113, 1.29021, -1.58387)
1034282.45634379
normal
simd_float4x4([[0.167009, -0.984785, 0.0480219, 0.0)], [0.177685, -0.0178465, -0.983926, 0.0)], [0.969812, 0.172857, 0.172001, 0.0)], [-0.69272, -0.0283454, 0.00591044, 1.0)]])
-0.69272, -0.0283454, 0.00591044
float3(-0.17373, 1.39527, -1.58892)
1034282.67313279
normal
simd_float4x4([[0.190865, -0.981201, 0.0285497, 0.0)], [0.0996309, -0.00957018, -0.994978, 0.0)], [0.976547, 0.192751, 0.0959313, 0.0)], [-0.800254, -0.0285003, -0.0097179, 1.0)]])
-0.800254, -0.0285003, -0.0097179
float3(-0.193965, 1.47288, -1.58055)
1034282.88992179
normal
simd_float4x4([[0.167289, -0.985404, 0.0315178, 0.0)], [0.0586553, -0.0219642, -0.998037, 0.0)], [0.984161, 0.168809, 0.0541248, 0.0)], [-0.899185, -0.0357987, -0.0122101, 1.0)]])
-0.899185, -0.0357987, -0.0122101
float3(-0.169621, 1.51586, -1.59308)
1034283.09003479
normal
simd_float4x4([[0.124917, -0.991334, 0.0406429, 0.0)], [0.0614579, -0.0331539, -0.997559, 0.0)], [0.990262, 0.12711, 0.0567839, 0.0)], [-0.987688, -0.0338331, -0.00379182, 1.0)]])
-0.987688, -0.0338331, -0.00379182
float3(-0.127454, 1.51352, -1.60423)
1034283.29014771
normal
simd_float4x4([[0.149541, -0.98742, 0.0513754, 0.0)], [0.0697099, -0.0413016, -0.996712, 0.0)], [0.986295, 0.15263, 0.0626566, 0.0)], [-1.08642, -0.0247037, -0.00263245, 1.0)]])
-1.08642, -0.0247037, -0.00263245
float3(-0.153229, 1.50735, -1.6126)
1034283.49026087
normal
simd_float4x4([[0.127538, -0.990618, 0.049101, 0.0)], [0.0553261, -0.0423227, -0.997571, 0.0)], [0.990289, 0.129945, 0.0494092, 0.0)], [-1.16363, -0.0205592, -0.00315406, 1.0)]])
-1.16363, -0.0205592, -0.00315406
float3(-0.130313, 1.52094, -1.61349)
1034283.69037383
normal
simd_float4x4([[0.107118, -0.993694, 0.0331257, 0.0)], [0.0230717, -0.0308241, -0.999258, 0.0)], [0.993979, 0.107803, 0.0196244, 0.0)], [-1.28444, -0.0256825, -0.0122777, 1.0)]])
-1.28444, -0.0256825, -0.0122777
float3(-0.108013, 1.55106, -1.60181)
1034283.90716262
normal
simd_float4x4([[0.0795688, -0.996819, -0.00444206, 0.0)], [-0.0500342, 0.00045679, -0.998747, 0.0)], [0.995573, 0.0796914, -0.0498387, 0.0)], [-1.43716, -0.00918136, -0.030787, 1.0)]])
-1.43716, -0.00918136, -0.030787
float3(-0.0797759, 1.62081, -1.57034)
1034284.10727583
normal
simd_float4x4([[0.0863963, -0.99622, -0.00904946, 0.0)], [-0.0796594, 0.00214651, -0.99682, 0.0)], [0.993071, 0.0868424, -0.0791728, 0.0)], [-1.5679, -0.00752855, -0.0442097, 1.0)]])
-1.5679, -0.00752855, -0.0442097
float3(-0.0869519, 1.65035, -1.56864)
1034284.30738883
normal
simd_float4x4([[0.0882082, -0.995856, -0.0221218, 0.0)], [-0.105787, 0.0127173, -0.994307, 0.0)], [0.990469, 0.0900463, -0.104227, 0.0)], [-1.69408, -0.0178585, -0.045789, 1.0)]])
-1.69408, -0.0178585, -0.045789
float3(-0.0901684, 1.67564, -1.55803)
1034284.50750154
normal
simd_float4x4([[0.0767944, -0.997032, -0.00552204, 0.0)], [-0.112543, -0.00316512, -0.993642, 0.0)], [0.990675, 0.0769276, -0.112452, 0.0)], [-1.84859, -0.0307741, -0.0447691, 1.0)]])
-1.84859, -0.0307741, -0.0447691
float3(-0.0770037, 1.68382, -1.57397)
1034284.70761471
normal
simd_float4x4([[0.0675324, -0.997689, -0.0074336, 0.0)], [-0.105389, 0.000275695, -0.994431, 0.0)], [0.992135, 0.0679398, -0.105126, 0.0)], [-1.99694, -0.0249377, -0.0387603, 1.0)]])
-1.99694, -0.0249377, -0.0387603
float3(-0.0679921, 1.67636, -1.57052)
1034284.90772754
normal
simd_float4x4([[0.109764, -0.993931, 0.00731247, 0.0)], [-0.151253, -0.0239739, -0.988204, 0.0)], [0.982382, 0.107363, -0.152967, 0.0)], [-2.12935, -0.0264257, -0.0257526, 1.0)]])
-2.12935, -0.0264257, -0.0257526
float3(-0.10757, 1.72527, -1.59491)
1034285.10784058
normal
simd_float4x4([[0.111752, -0.993729, -0.00359811, 0.0)], [-0.230451, -0.0223935, -0.972826, 0.0)], [0.966646, 0.109545, -0.231508, 0.0)], [-2.26543, -0.036614, -0.00329965, 1.0)]])
-2.26543, -0.036614, -0.00329965
float3(-0.109765, 1.80587, -1.59333)
1034285.30795354
normal
simd_float4x4([[0.103418, -0.994404, -0.0215792, 0.0)], [-0.317101, -0.0123997, -0.948311, 0.0)], [0.942736, 0.104916, -0.316608, 0.0)], [-2.41405, -0.026765, 0.0188328, 1.0)]])
-2.41405, -0.026765, 0.0188328
float3(-0.105109, 1.8948, -1.58327)
1034285.5247425
normal
simd_float4x4([[0.114368, -0.99202, -0.0530761, 0.0)], [-0.394563, 0.00367346, -0.918862, 0.0)], [0.911724, 0.12603, -0.390994, 0.0)], [-2.55572, -0.0206551, 0.0632096, 1.0)]])
-2.55572, -0.0206551, 0.0632096
float3(-0.126366, 1.97592, -1.56709)
1034285.72485546
normal
simd_float4x4([[0.11585, -0.989546, -0.0858869, 0.0)], [-0.436774, 0.0269081, -0.899169, 0.0)], [0.892081, 0.141681, -0.429091, 0.0)], [-2.68321, -0.0333488, 0.127022, 1.0)]])
-2.68321, -0.0333488, 0.127022
float3(-0.14216, 2.01913, -1.54361)
1034285.9416445
normal
simd_float4x4([[0.111366, -0.991194, -0.0716347, 0.0)], [-0.448366, 0.0142149, -0.893737, 0.0)], [0.886885, 0.131651, -0.442835, 0.0)], [-2.82256, -0.039938, 0.213293, 1.0)]])
-2.82256, -0.039938, 0.213293
float3(-0.132034, 2.0339, -1.55646)
1034286.1417575
normal
simd_float4x4([[0.143437, -0.988839, -0.0402952, 0.0)], [-0.450959, -0.0290625, -0.892071, 0.0)], [0.880944, 0.146128, -0.450094, 0.0)], [-2.9406, -0.030358, 0.28786, 1.0)]])
-2.9406, -0.030358, 0.28786
float3(-0.146653, 2.04314, -1.60018)
1034286.34187037
normal
simd_float4x4([[0.137866, -0.990401, -0.00996004, 0.0)], [-0.475273, -0.0573298, -0.877968, 0.0)], [0.86897, 0.125776, -0.478615, 0.0)], [-3.04914, -0.0356222, 0.358045, 1.0)]])
-3.04914, -0.0356222, 0.358045
float3(-0.12611, 2.07424, -1.62862)
1034286.54198325
normal
simd_float4x4([[0.133741, -0.990737, -0.0235116, 0.0)], [-0.4927, -0.0458878, -0.868989, 0.0)], [0.859861, 0.127803, -0.494273, 0.0)], [-3.18381, -0.0508904, 0.433377, 1.0)]])
-3.18381, -0.0508904, 0.433377
float3(-0.128154, 2.0925, -1.61708)
1034286.75877242
normal
simd_float4x4([[0.11915, -0.991951, -0.0428502, 0.0)], [-0.512242, -0.024444, -0.858493, 0.0)], [0.850536, 0.124239, -0.511032, 0.0)], [-3.32945, -0.0407559, 0.513056, 1.0)]])
-3.32945, -0.0407559, 0.513056
float3(-0.124561, 2.11183, -1.59543)
1034286.97556142
normal
simd_float4x4([[0.123069, -0.988981, -0.0822847, 0.0)], [-0.516068, 0.007044, -0.856519, 0.0)], [0.84766, 0.147875, -0.509514, 0.0)], [-3.44544, -0.0415267, 0.597699, 1.0)]])
-3.44544, -0.0415267, 0.597699
float3(-0.14842, 2.11201, -1.56367)
1034287.17567438
normal
simd_float4x4([[0.118902, -0.99013, -0.0741994, 0.0)], [-0.505709, 0.0039206, -0.862695, 0.0)], [0.854471, 0.140099, -0.500251, 0.0)], [-3.55836, -0.0557231, 0.68629, 1.0)]])
-3.55836, -0.0557231, 0.68629
float3(-0.140561, 2.10045, -1.56684)
1034287.37578742
normal
simd_float4x4([[0.0961482, -0.994729, -0.0356292, 0.0)], [-0.471669, -0.014011, -0.881664, 0.0)], [0.876518, 0.101576, -0.47053, 0.0)], [-3.66492, -0.0458205, 0.778781, 1.0)]])
-3.66492, -0.0458205, 0.778781
float3(-0.101751, 2.06346, -1.58488)
1034287.57590046
normal
simd_float4x4([[0.137603, -0.990091, -0.0280277, 0.0)], [-0.472155, -0.0406928, -0.880576, 0.0)], [0.87071, 0.134404, -0.473076, 0.0)], [-3.77625, -0.0414243, 0.862252, 1.0)]])
-3.77625, -0.0414243, 0.862252
float3(-0.134812, 2.0685, -1.61187)
1034287.79268937
normal
simd_float4x4([[0.148102, -0.988677, -0.0241483, 0.0)], [-0.474018, -0.0495348, -0.879121, 0.0)], [0.86797, 0.141647, -0.475987, 0.0)], [-3.90815, -0.0544284, 0.950296, 1.0)]])
-3.90815, -0.0544284, 0.950296
float3(-0.142125, 2.0724, -1.62086)
1034288.00947842
normal
simd_float4x4([[0.145059, -0.988966, -0.0300715, 0.0)], [-0.483531, -0.0443414, -0.874203, 0.0)], [0.863224, 0.141352, -0.484628, 0.0)], [-4.06587, -0.0557661, 1.02993, 1.0)]])
-4.06587, -0.0557661, 1.02993
float3(-0.141827, 2.08236, -1.6156)
1034288.20959133
normal
simd_float4x4([[0.140263, -0.988173, -0.0619652, 0.0)], [-0.493363, -0.0154935, -0.869685, 0.0)], [0.85844, 0.152556, -0.489702, 0.0)], [-4.19065, -0.0423676, 1.10526, 1.0)]])
-4.19065, -0.0423676, 1.10526
float3(-0.153154, 2.08921, -1.58647)
1034288.40970433
normal
simd_float4x4([[0.12189, -0.987658, -0.098361, 0.0)], [-0.48694, 0.0268499, -0.873023, 0.0)], [0.864889, 0.154308, -0.477657, 0.0)], [-4.3027, -0.050217, 1.18026, 1.0)]])
-4.3027, -0.050217, 1.18026
float3(-0.154927, 2.07538, -1.54362)
1034288.60981733
normal
simd_float4x4([[0.127305, -0.988734, -0.0787309, 0.0)], [-0.464447, 0.0107134, -0.885536, 0.0)], [0.876403, 0.149299, -0.457851, 0.0)], [-4.43492, -0.0673747, 1.27261, 1.0)]])
-4.43492, -0.0673747, 1.27261
float3(-0.14986, 2.05222, -1.55996)
1034288.82660638
normal
simd_float4x4([[0.142554, -0.989213, -0.0337133, 0.0)], [-0.423462, -0.0301673, -0.905411, 0.0)], [0.894627, 0.143347, -0.423194, 0.0)], [-4.58145, -0.056732, 1.36744, 1.0)]])
-4.58145, -0.056732, 1.36744
float3(-0.143842, 2.01264, -1.60128)
1034289.02671933
normal
simd_float4x4([[0.188941, -0.98117, -0.0400781, 0.0)], [-0.395122, -0.0385971, -0.917817, 0.0)], [0.898988, 0.189249, -0.394975, 0.0)], [-4.71956, -0.0629599, 1.44263, 1.0)]])
-4.71956, -0.0629599, 1.44263
float3(-0.190397, 1.98476, -1.61011)
1034289.22683229
normal
simd_float4x4([[0.185188, -0.981664, -0.0451707, 0.0)], [-0.393193, -0.031892, -0.918903, 0.0)], [0.900613, 0.187931, -0.391889, 0.0)], [-4.87214, -0.0820549, 1.52131, 1.0)]])
-4.87214, -0.0820549, 1.52131
float3(-0.189055, 1.98122, -1.60327)
1034289.42694525
normal
simd_float4x4([[0.187335, -0.98043, -0.0605114, 0.0)], [-0.417231, -0.0236506, -0.908493, 0.0)], [0.889283, 0.19544, -0.413496, 0.0)], [-5.03147, -0.0711409, 1.59513, 1.0)]])
-5.03147, -0.0711409, 1.59513
float3(-0.196706, 2.00604, -1.59491)
1034289.62705817
normal
simd_float4x4([[0.196427, -0.973986, -0.112998, 0.0)], [-0.424743, 0.0193476, -0.905107, 0.0)], [0.883748, 0.225782, -0.409893, 0.0)], [-5.16664, -0.0682101, 1.68014, 1.0)]])
-5.16664, -0.0682101, 1.68014
float3(-0.227746, 2.00508, -1.55093)
1034289.82717108
normal
simd_float4x4([[0.177679, -0.980521, -0.0837157, 0.0)], [-0.405671, 0.0045257, -0.914008, 0.0)], [0.896583, 0.196361, -0.396965, 0.0)], [-5.30424, -0.0790295, 1.76204, 1.0)]])
-5.30424, -0.0790295, 1.76204
float3(-0.197646, 1.98761, -1.56618)
1034290.027284
normal
simd_float4x4([[0.15367, -0.986236, -0.0610212, 0.0)], [-0.36528, 0.000681385, -0.930898, 0.0)], [0.918126, 0.165341, -0.360147, 0.0)], [-5.44661, -0.0740803, 1.85551, 1.0)]])
-5.44661, -0.0740803, 1.85551
float3(-0.166103, 1.94462, -1.57011)
1034290.22739721
normal
simd_float4x4([[0.197823, -0.980004, -0.0213985, 0.0)], [-0.317735, -0.043456, -0.947183, 0.0)], [0.927313, 0.194174, -0.319978, 0.0)], [-5.59097, -0.0657505, 1.93108, 1.0)]])
-5.59097, -0.0657505, 1.93108
float3(-0.195415, 1.90306, -1.61511)
1034290.42751008
normal
simd_float4x4([[0.201638, -0.979444, 0.00556138, 0.0)], [-0.30638, -0.0684656, -0.949444, 0.0)], [0.930308, 0.18974, -0.313888, 0.0)], [-5.73608, -0.079864, 2.00975, 1.0)]])
-5.73608, -0.079864, 2.00975
float3(-0.190898, 1.8962, -1.64059)
1034290.64429921
normal
simd_float4x4([[0.198908, -0.980011, -0.00386838, 0.0)], [-0.300984, -0.0573318, -0.951904, 0.0)], [0.932654, 0.190505, -0.306372, 0.0)], [-5.9129, -0.0808559, 2.08921, 1.0)]])
-5.9129, -0.0808559, 2.08921
float3(-0.191677, 1.88819, -1.62923)
1034290.84441212
normal
simd_float4x4([[0.197493, -0.9794, -0.0421013, 0.0)], [-0.290113, -0.0173692, -0.956835, 0.0)], [0.936392, 0.201183, -0.287567, 0.0)], [-6.05212, -0.071187, 2.16548, 1.0)]])
-6.05212, -0.071187, 2.16548
float3(-0.202565, 1.86875, -1.58853)
1034291.04452517
normal
simd_float4x4([[0.180321, -0.98232, -0.0503182, 0.0)], [-0.219559, 0.00966776, -0.975551, 0.0)], [0.95879, 0.186961, -0.213934, 0.0)], [-6.18967, -0.0791207, 2.23172, 1.0)]])
-6.18967, -0.0791207, 2.23172
float3(-0.188067, 1.79033, -1.56095)
1034291.24460437
normal
simd_float4x4([[0.148195, -0.98791, 0.0455285, 0.0)], [0.0954084, -0.0315403, -0.994938, 0.0)], [0.984345, 0.151789, 0.0895808, 0.0)], [-6.34085, -0.084945, 2.23852, 1.0)]])
-6.34085, -0.084945, 2.23852
float3(-0.152378, 1.48004, -1.60271)
1034291.44465033
normal
simd_float4x4([[0.150895, -0.976968, 0.150877, 0.0)], [0.471184, -0.0630911, -0.879775, 0.0)], [0.869032, 0.203844, 0.450812, 0.0)], [-6.45247, -0.0751524, 2.17592, 1.0)]])
-6.45247, -0.0751524, 2.17592
float3(-0.205283, 1.09226, -1.63529)
1034291.66143917
normal
simd_float4x4([[0.108623, -0.977854, 0.178893, 0.0)], [0.682341, -0.0575273, -0.728768, 0.0)], [0.722919, 0.201227, 0.660981, 0.0)], [-6.54141, -0.0666275, 2.13386, 1.0)]])
-6.54141, -0.0666275, 2.13386
float3(-0.20261, 0.830125, -1.62956)
1034291.86155212
normal
simd_float4x4([[0.0621486, -0.980803, 0.184833, 0.0)], [0.755017, -0.0749174, -0.651412, 0.0)], [0.652754, 0.180036, 0.735866, 0.0)], [-6.64304, -0.0708536, 2.08561, 1.0)]])
-6.64304, -0.0708536, 2.08561
float3(-0.181023, 0.725617, -1.64703)
1034292.06166517
normal
simd_float4x4([[0.068947, -0.984436, 0.161655, 0.0)], [0.780685, -0.0476434, -0.623105, 0.0)], [0.621109, 0.169163, 0.76525, 0.0)], [-6.78195, -0.0722322, 2.01902, 1.0)]])
-6.78195, -0.0722322, 2.01902
float3(-0.16998, 0.6818, -1.61916)
1034292.26177812
normal
simd_float4x4([[0.0952052, -0.980688, 0.170841, 0.0)], [0.818311, -0.0206229, -0.574406, 0.0)], [0.566836, 0.194488, 0.800544, 0.0)], [-6.89565, -0.0653374, 1.94175, 1.0)]])
-6.89565, -0.0653374, 1.94175
float3(-0.195735, 0.616117, -1.59182)
1034292.47856713
normal
simd_float4x4([[0.0796636, -0.980566, 0.179285, 0.0)], [0.857464, -0.0243106, -0.513969, 0.0)], [0.50834, 0.194675, 0.838864, 0.0)], [-6.96983, -0.074665, 1.85613, 1.0)]])
-6.96983, -0.074665, 1.85613
float3(-0.195926, 0.544809, -1.59558)
1034292.67868013
normal
simd_float4x4([[0.041928, -0.984858, 0.168219, 0.0)], [0.892544, -0.0387438, -0.449294, 0.0)], [0.449008, 0.168981, 0.877404, 0.0)], [-7.04281, -0.0909722, 1.75581, 1.0)]])
-7.04281, -0.0909722, 1.75581
float3(-0.169795, 0.473, -1.61012)
1034292.87875954
normal
simd_float4x4([[0.000820482, -0.98469, 0.174312, 0.0)], [0.94582, -0.0558334, -0.319855, 0.0)], [0.32469, 0.165131, 0.931294, 0.0)], [-7.10853, -0.0854898, 1.6086, 1.0)]])
-7.10853, -0.0854898, 1.6086
float3(-0.16589, 0.335466, -1.62744)
1034293.09540304
normal
simd_float4x4([[-0.00826385, -0.978954, 0.203914, 0.0)], [0.977206, -0.0511655, -0.206034, 0.0)], [0.212131, 0.197563, 0.957063, 0.0)], [-7.15038, -0.0890849, 1.44482, 1.0)]])
-7.15038, -0.0890849, 1.44482
float3(-0.198872, 0.218122, -1.62301)
1034293.31204671
normal
simd_float4x4([[-0.00775288, -0.982755, 0.184748, 0.0)], [0.990592, -0.0327909, -0.132859, 0.0)], [0.136626, 0.18198, 0.973764, 0.0)], [-7.19463, -0.102312, 1.2593, 1.0)]])
-7.19463, -0.102312, 1.2593
float3(-0.183, 0.139397, -1.60415)
1034293.52869017
normal
simd_float4x4([[-0.00448471, -0.986477, 0.16384, 0.0)], [0.994463, -0.0216024, -0.102846, 0.0)], [0.104995, 0.162472, 0.981111, 0.0)], [-7.22446, -0.0810575, 1.08685, 1.0)]])
-7.22446, -0.0810575, 1.08685
float3(-0.163195, 0.10661, -1.59269)
1034293.76199858
normal
simd_float4x4([[0.0507135, -0.984045, 0.170539, 0.0)], [0.99666, 0.0389231, -0.0717844, 0.0)], [0.0640012, 0.17361, 0.982733, 0.0)], [-7.27053, -0.0804946, 0.908169, 1.0)]])
-7.27053, -0.0804946, 0.908169
float3(-0.174494, 0.0650339, -1.53126)
1034293.97864217
normal
simd_float4x4([[0.0283454, -0.989408, 0.142365, 0.0)], [0.999159, 0.0238251, -0.0333564, 0.0)], [0.0296112, 0.143191, 0.989252, 0.0)], [-7.31661, -0.0921609, 0.720169, 1.0)]])
-7.31661, -0.0921609, 0.720169
float3(-0.143685, 0.029924, -1.54672)
1034294.19528575
normal
simd_float4x4([[0.00315926, -0.986336, 0.164718, 0.0)], [0.999972, 0.00198775, -0.00727653, 0.0)], [0.00684968, 0.164736, 0.986314, 0.0)], [-7.34962, -0.0803039, 0.528241, 1.0)]])
-7.34962, -0.0803039, 0.528241
float3(-0.165491, 0.00694462, -1.56878)
1034294.42859429
normal
simd_float4x4([[-0.0180168, -0.981207, 0.192116, 0.0)], [0.999836, -0.0179798, 0.00193579, 0.0)], [0.00155481, 0.19212, 0.98137, 0.0)], [-7.35589, -0.093417, 0.32786, 1.0)]])
-7.35589, -0.093417, 0.32786
float3(-0.193322, 0.00158433, -1.58912)
1034294.66190262
normal
simd_float4x4([[0.0109406, -0.982729, 0.184726, 0.0)], [0.999759, 0.00723489, -0.020723, 0.0)], [0.0190286, 0.184908, 0.982572, 0.0)], [-7.34879, -0.092651, 0.115358, 1.0)]])
-7.34879, -0.092651, 0.115358
float3(-0.185978, 0.0193637, -1.56343)
1034294.89521117
normal
simd_float4x4([[0.0289864, -0.98491, 0.17062, 0.0)], [0.999086, 0.0231824, -0.0359124, 0.0)], [0.0314151, 0.171505, 0.984682, 0.0)], [-7.35461, -0.0783552, -0.0714405, 1.0)]])
-7.35461, -0.0783552, -0.0714405
float3(-0.172357, 0.031893, -1.54726)
1034295.11185442
normal
simd_float4x4([[0.0047509, -0.988692, 0.149888, 0.0)], [0.999892, 0.00677586, 0.0130021, 0.0)], [-0.0138706, 0.14981, 0.988617, 0.0)], [-7.36343, -0.0906167, -0.23535, 1.0)]])
-7.36343, -0.0906167, -0.23535
float3(-0.150376, -0.0140294, -1.56394)
