ARKit Data
1090538.66333979
limited(__ObjC.ARCamera.TrackingState.Reason.initializing)
simd_float4x4([[-0.0171378, -0.977843, 0.208597, 0.0)], [0.991502, 0.010282, 0.129677, 0.0)], [-0.128954, 0.209049, 0.969357, 0.0)], [0.0, 0.0, 0.0, 1.0)]])
0.0, 0.0, 0.0
float3(-0.210602, -0.132254, -1.56028)
1090538.99711592
notAvailable
simd_float4x4([[1.0, 0.0, 0.0, 0.0)], [0.0, 1.0, 0.0, 0.0)], [0.0, 0.0, 1.0, 0.0)], [0.0, 0.0, 0.0, 1.0)]])
0.0, 0.0, 0.0
float3(-0.0, 0.0, 0.0)
1090539.09713442
notAvailable
simd_float4x4([[1.0, 0.0, 0.0, 0.0)], [0.0, 1.0, 0.0, 0.0)], [0.0, 0.0, 1.0, 0.0)], [0.0, 0.0, 0.0, 1.0)]])
0.0, 0.0, 0.0
float3(-0.0, 0.0, 0.0)
1090539.19718592
limited(__ObjC.ARCamera.TrackingState.Reason.initializing)
simd_float4x4([[0.0103048, -0.978103, 0.207864, 0.0)], [0.99993, 0.0112923, 0.00356462, 0.0)], [-0.00583384, 0.207813, 0.978151, 0.0)], [0.0, 0.0, 0.0, 1.0)]])
0.0, 0.0, 0.0
float3(-0.209339, -0.00596408, -1.55925)
1090539.29723738
limited(__ObjC.ARCamera.TrackingState.Reason.initializing)
simd_float4x4([[0.00299983, -0.979907, 0.199427, 0.0)], [0.999909, 0.00556424, 0.0122998, 0.0)], [-0.0131623, 0.199372, 0.979834, 0.0)], [0.0, 0.0, 0.0, 1.0)]])
0.0, 0.0, 0.0
float3(-0.200717, -0.0134324, -1.56512)
1090539.39728883
limited(__ObjC.ARCamera.TrackingState.Reason.initializing)
simd_float4x4([[-0.0121877, -0.980267, 0.197299, 0.0)], [0.999836, -0.00929922, 0.0155602, 0.0)], [-0.0134185, 0.197456, 0.980219, 0.0)], [0.0, 0.0, 0.0, 1.0)]])
0.0, 0.0, 0.0
float3(-0.198762, -0.0136884, -1.58028)
1090539.49734033
limited(__ObjC.ARCamera.TrackingState.Reason.initializing)
simd_float4x4([[-0.0158094, -0.981025, 0.193225, 0.0)], [0.999869, -0.0148544, 0.00639037, 0.0)], [-0.00339891, 0.193301, 0.981132, 0.0)], [0.0, 0.0, 0.0, 1.0)]])
0.0, 0.0, 0.0
float3(-0.194526, -0.00346426, -1.58594)
1090539.59739192
limited(__ObjC.ARCamera.TrackingState.Reason.initializing)
simd_float4x4([[-0.0131663, -0.981438, 0.191316, 0.0)], [0.999775, -0.0161064, -0.0138207, 0.0)], [0.0166456, 0.191091, 0.981429, 0.0)], [0.0, 0.0, 0.0, 1.0)]])
0.0, 0.0, 0.0
float3(-0.192274, 0.0169589, -1.58721)
1090539.69744346
limited(__ObjC.ARCamera.TrackingState.Reason.initializing)
simd_float4x4([[-0.00789346, -0.981681, 0.190362, 0.0)], [0.998735, -0.0171942, -0.0472566, 0.0)], [0.0496641, 0.189748, 0.980575, 0.0)], [0.0, 0.0, 0.0, 1.0)]])
0.0, 0.0, 0.0
float3(-0.190905, 0.0506047, -1.58831)
1090539.797495
limited(__ObjC.ARCamera.TrackingState.Reason.initializing)
simd_float4x4([[0.0018765, -0.982004, 0.188843, 0.0)], [0.995791, -0.0154701, -0.0903421, 0.0)], [0.0916378, 0.188218, 0.977841, 0.0)], [0.0, 0.0, 0.0, 1.0)]])
0.0, 0.0, 0.0
float3(-0.189347, 0.0934415, -1.58655)
1090539.8975465
limited(__ObjC.ARCamera.TrackingState.Reason.initializing)
simd_float4x4([[0.0123117, -0.982417, 0.186286, 0.0)], [0.990668, -0.0133054, -0.135643, 0.0)], [0.135737, 0.186218, 0.973086, 0.0)], [0.0, 0.0, 0.0, 1.0)]])
0.0, 0.0, 0.0
float3(-0.187311, 0.138597, -1.58434)
1090539.997598
limited(__ObjC.ARCamera.TrackingState.Reason.initializing)
simd_float4x4([[0.0235111, -0.982797, 0.183177, 0.0)], [0.982771, -0.0108785, -0.184508, 0.0)], [0.183327, 0.184359, 0.965609, 0.0)], [0.0, 0.0, 0.0, 1.0)]])
0.0, 0.0, 0.0
float3(-0.185419, 0.187624, -1.58186)
1090540.09764967
limited(__ObjC.ARCamera.TrackingState.Reason.initializing)
simd_float4x4([[0.0346058, -0.982329, 0.18393, 0.0)], [0.972616, -0.0092197, -0.232236, 0.0)], [0.229828, 0.18693, 0.955109, 0.0)], [0.0, 0.0, 0.0, 1.0)]])
0.0, 0.0, 0.0
float3(-0.188037, 0.236141, -1.58018)
1090540.197701
limited(__ObjC.ARCamera.TrackingState.Reason.initializing)
simd_float4x4([[0.0437478, -0.982021, 0.183622, 0.0)], [0.960913, -0.00893182, -0.276707, 0.0)], [0.273373, 0.18855, 0.943246, 0.0)], [0.0, 0.0, 0.0, 1.0)]])
0.0, 0.0, 0.0
float3(-0.189686, 0.282092, -1.57989)
1090540.29775267
limited(__ObjC.ARCamera.TrackingState.Reason.initializing)
simd_float4x4([[0.0492312, -0.982229, 0.181108, 0.0)], [0.947728, -0.0112942, -0.318881, 0.0)], [0.31526, 0.18734, 0.930329, 0.0)], [0.0, 0.0, 0.0, 1.0)]])
0.0, 0.0, 0.0
float3(-0.188453, 0.326725, -1.58229)
1090540.39780412
limited(__ObjC.ARCamera.TrackingState.Reason.initializing)
simd_float4x4([[0.0565615, -0.981951, 0.180474, 0.0)], [0.93426, -0.0116884, -0.356401, 0.0)], [0.352078, 0.188769, 0.916736, 0.0)], [0.0, 0.0, 0.0, 1.0)]])
0.0, 0.0, 0.0
float3(-0.189908, 0.366687, -1.5827)
1090540.49785567
limited(__ObjC.ARCamera.TrackingState.Reason.initializing)
simd_float4x4([[0.0608887, -0.982017, 0.178694, 0.0)], [0.923278, -0.0126143, -0.383925, 0.0)], [0.379276, 0.188361, 0.905907, 0.0)], [0.0, 0.0, 0.0, 1.0)]])
0.0, 0.0, 0.0
float3(-0.189493, 0.396496, -1.58364)
1090540.59790738
limited(__ObjC.ARCamera.TrackingState.Reason.initializing)
simd_float4x4([[0.0634069, -0.982086, 0.177436, 0.0)], [0.918903, -0.0119113, -0.394302, 0.0)], [0.389353, 0.188048, 0.901687, 0.0)], [0.0, 0.0, 0.0, 1.0)]])
0.0, 0.0, 0.0
float3(-0.189174, 0.40762, -1.58292)
1090540.69795883
limited(__ObjC.ARCamera.TrackingState.Reason.initializing)
simd_float4x4([[0.0632384, -0.982391, 0.175797, 0.0)], [0.923315, -0.00926746, -0.383931, 0.0)], [0.3788, 0.186595, 0.90647, 0.0)], [0.0, 0.0, 0.0, 1.0)]])
0.0, 0.0, 0.0
float3(-0.187696, 0.395829, -1.58023)
1090540.79801042
limited(__ObjC.ARCamera.TrackingState.Reason.initializing)
simd_float4x4([[0.0594604, -0.98235, 0.17734, 0.0)], [0.936233, -0.00675172, -0.351314, 0.0)], [0.346312, 0.186921, 0.919307, 0.0)], [0.0, 0.0, 0.0, 1.0)]])
0.0, 0.0, 0.0
float3(-0.188027, 0.360269, -1.57767)
1090540.898062
limited(__ObjC.ARCamera.TrackingState.Reason.initializing)
simd_float4x4([[0.0535045, -0.981891, 0.181724, 0.0)], [0.952375, -0.00453167, -0.304894, 0.0)], [0.300197, 0.189383, 0.934886, 0.0)], [0.0, 0.0, 0.0, 1.0)]])
0.0, 0.0, 0.0
float3(-0.190533, 0.310705, -1.57541)
1090540.99811358
limited(__ObjC.ARCamera.TrackingState.Reason.initializing)
simd_float4x4([[0.045916, -0.981232, 0.187281, 0.0)], [0.968007, -0.00259206, -0.250909, 0.0)], [0.246686, 0.19281, 0.949721, 0.0)], [0.0, 0.0, 0.0, 1.0)]])
0.0, 0.0, 0.0
float3(-0.194025, 0.25413, -1.57344)
1090541.09816504
limited(__ObjC.ARCamera.TrackingState.Reason.initializing)
simd_float4x4([[0.0355979, -0.980639, 0.192556, 0.0)], [0.981026, -0.00245433, -0.193863, 0.0)], [0.190582, 0.195804, 0.961945, 0.0)], [0.0, 0.0, 0.0, 1.0)]])
0.0, 0.0, 0.0
float3(-0.197077, 0.195589, -1.5733)
1090541.19821667
limited(__ObjC.ARCamera.TrackingState.Reason.initializing)
simd_float4x4([[0.0257925, -0.979898, 0.197821, 0.0)], [0.990468, -0.00173448, -0.137732, 0.0)], [0.135307, 0.199488, 0.970513, 0.0)], [0.0, 0.0, 0.0, 1.0)]])
0.0, 0.0, 0.0
float3(-0.200836, 0.138525, -1.57257)
1090541.29826817
limited(__ObjC.ARCamera.TrackingState.Reason.initializing)
simd_float4x4([[0.0171471, -0.979645, 0.2, 0.0)], [0.996466, 0.000293221, -0.0839967, 0.0)], [0.0822283, 0.200734, 0.976188, 0.0)], [0.0, 0.0, 0.0, 1.0)]])
0.0, 0.0, 0.0
float3(-0.202107, 0.0840357, -1.5705)
1090541.39831979
limited(__ObjC.ARCamera.TrackingState.Reason.initializing)
simd_float4x4([[0.00870484, -0.979567, 0.200925, 0.0)], [0.999369, 0.00160128, -0.0354898, 0.0)], [0.034443, 0.201107, 0.978963, 0.0)], [0.0, 0.0, 0.0, 1.0)]])
0.0, 0.0, 0.0
float3(-0.202488, 0.0351686, -1.56916)
1090541.49837146
limited(__ObjC.ARCamera.TrackingState.Reason.initializing)
simd_float4x4([[0.00229795, -0.97949, 0.201474, 0.0)], [0.999953, 0.00414252, 0.00873435, 0.0)], [-0.00938983, 0.201444, 0.979454, 0.0)], [0.0, 0.0, 0.0, 1.0)]])
0.0, 0.0, 0.0
float3(-0.202832, -0.00958651, -1.56657)
1090541.59842292
limited(__ObjC.ARCamera.TrackingState.Reason.initializing)
simd_float4x4([[-0.00660038, -0.979563, 0.201019, 0.0)], [0.998794, 0.00332151, 0.0489812, 0.0)], [-0.0486479, 0.2011, 0.97836, 0.0)], [0.0, 0.0, 0.0, 1.0)]])
0.0, 0.0, 0.0
float3(-0.202481, -0.0496831, -1.56741)
1090541.69847454
limited(__ObjC.ARCamera.TrackingState.Reason.initializing)
simd_float4x4([[-0.0144847, -0.978783, 0.204378, 0.0)], [0.99651, 0.00267442, 0.0834339, 0.0)], [-0.0822105, 0.204873, 0.975328, 0.0)], [0.0, 0.0, 0.0, 1.0)]])
0.0, 0.0, 0.0
float3(-0.206334, -0.0840914, -1.56806)
1090541.79852613
limited(__ObjC.ARCamera.TrackingState.Reason.initializing)
simd_float4x4([[-0.0229805, -0.976866, 0.212602, 0.0)], [0.993389, 0.00161247, 0.114787, 0.0)], [-0.112475, 0.213834, 0.970371, 0.0)], [0.0, 0.0, 0.0, 1.0)]])
0.0, 0.0, 0.0
float3(-0.215498, -0.115395, -1.56915)
1090541.89857762
limited(__ObjC.ARCamera.TrackingState.Reason.initializing)
simd_float4x4([[-0.0338801, -0.975259, 0.218444, 0.0)], [0.989546, -0.00207704, 0.144204, 0.0)], [-0.140183, 0.221046, 0.965134, 0.0)], [0.0, 0.0, 0.0, 1.0)]])
0.0, 0.0, 0.0
float3(-0.222887, -0.144238, -1.57293)
1090541.99862937
limited(__ObjC.ARCamera.TrackingState.Reason.initializing)
simd_float4x4([[-0.0414569, -0.973768, 0.223725, 0.0)], [0.984469, -0.00157999, 0.17555, 0.0)], [-0.170592, 0.227528, 0.95871, 0.0)], [0.0, 0.0, 0.0, 1.0)]])
0.0, 0.0, 0.0
float3(-0.229538, -0.176096, -1.57242)
1090542.09868092
limited(__ObjC.ARCamera.TrackingState.Reason.initializing)
simd_float4x4([[-0.0504635, -0.973007, 0.22518, 0.0)], [0.978103, -0.00256646, 0.208107, 0.0)], [-0.201912, 0.230751, 0.951831, 0.0)], [0.0, 0.0, 0.0, 1.0)]])
0.0, 0.0, 0.0
float3(-0.23285, -0.209032, -1.57343)
1090542.19873262
limited(__ObjC.ARCamera.TrackingState.Reason.initializing)
simd_float4x4([[-0.0598129, -0.971251, 0.230414, 0.0)], [0.969947, -0.00201154, 0.243309, 0.0)], [-0.235851, 0.238043, 0.942182, 0.0)], [0.0, 0.0, 0.0, 1.0)]])
0.0, 0.0, 0.0
float3(-0.24035, -0.245284, -1.57287)
1090542.29878425
limited(__ObjC.ARCamera.TrackingState.Reason.initializing)
simd_float4x4([[-0.0709706, -0.9697, 0.233759, 0.0)], [0.960903, -0.00358585, 0.276861, 0.0)], [-0.267635, 0.244269, 0.932042, 0.0)], [0.0, 0.0, 0.0, 1.0)]])
0.0, 0.0, 0.0
float3(-0.246766, -0.279625, -1.57449)
1090542.39883575
limited(__ObjC.ARCamera.TrackingState.Reason.initializing)
simd_float4x4([[-0.0834789, -0.96712, 0.240224, 0.0)], [0.952063, -0.006212, 0.305839, 0.0)], [-0.294291, 0.25424, 0.921278, 0.0)], [0.0, 0.0, 0.0, 1.0)]])
0.0, 0.0, 0.0
float3(-0.257062, -0.309193, -1.57722)
1090542.49888737
limited(__ObjC.ARCamera.TrackingState.Reason.initializing)
simd_float4x4([[-0.0929639, -0.963779, 0.249971, 0.0)], [0.945056, -0.00638521, 0.326847, 0.0)], [-0.313412, 0.266622, 0.911419, 0.0)], [0.0, 0.0, 0.0, 1.0)]])
0.0, 0.0, 0.0
float3(-0.269886, -0.331206, -1.57742)
1090542.598939
limited(__ObjC.ARCamera.TrackingState.Reason.initializing)
simd_float4x4([[-0.0989892, -0.960298, 0.260819, 0.0)], [0.941585, -0.00560446, 0.336728, 0.0)], [-0.321898, 0.278916, 0.904757, 0.0)], [0.0, 0.0, 0.0, 1.0)]])
0.0, 0.0, 0.0
float3(-0.282665, -0.341818, -1.57663)
1090542.69899067
limited(__ObjC.ARCamera.TrackingState.Reason.initializing)
simd_float4x4([[-0.10078, -0.9571, 0.271659, 0.0)], [0.942661, -0.0045387, 0.33372, 0.0)], [-0.318171, 0.289715, 0.902678, 0.0)], [0.0, 0.0, 0.0, 1.0)]])
0.0, 0.0, 0.0
float3(-0.293929, -0.338878, -1.57554)
1090542.79904217
limited(__ObjC.ARCamera.TrackingState.Reason.initializing)
simd_float4x4([[-0.097338, -0.953606, 0.28488, 0.0)], [0.948563, -0.00224906, 0.316579, 0.0)], [-0.301252, 0.301042, 0.904774, 0.0)], [0.0, 0.0, 0.0, 1.0)]])
0.0, 0.0, 0.0
float3(-0.305786, -0.321413, -1.57315)
1090542.89909387
normal
simd_float4x4([[-0.0790725, -0.961624, 0.262728, 0.0)], [0.956302, 0.0012467, 0.292378, 0.0)], [-0.281486, 0.274367, 0.919505, 0.0)], [-0.00641837, -7.07582e-05, -0.00213425, 1.0)]])
-0.00641837, -7.07582e-05, -0.00213425
float3(-0.277931, -0.297069, -1.5695)
1090542.99914538
normal
simd_float4x4([[-0.0711502, -0.958992, 0.274359, 0.0)], [0.965154, 0.0032513, 0.261661, 0.0)], [-0.251823, 0.283416, 0.925344, 0.0)], [-0.0158538, -0.00271828, -0.00524443, 1.0)]])
-0.0158538, -0.00271828, -0.00524443
float3(-0.287354, -0.265705, -1.56741)
1090543.09919713
normal
simd_float4x4([[-0.059418, -0.957625, 0.281823, 0.0)], [0.974622, 0.00538871, 0.223794, 0.0)], [-0.21583, 0.287968, 0.933002, 0.0)], [-0.0280949, -0.00474288, -0.00825771, 1.0)]])
-0.0280949, -0.00474288, -0.00825771
float3(-0.292104, -0.22733, -1.56517)
1090543.19924883
normal
simd_float4x4([[-0.0463979, -0.95784, 0.283532, 0.0)], [0.984345, 0.00447457, 0.176197, 0.0)], [-0.170037, 0.287268, 0.942637, 0.0)], [-0.0393885, -0.00497258, -0.0104257, 1.0)]])
-0.0393885, -0.00497258, -0.0104257
float3(-0.291373, -0.178465, -1.56612)
1090543.29930029
normal
simd_float4x4([[-0.0312284, -0.961602, 0.272667, 0.0)], [0.99276, 0.00181418, 0.120099, 0.0)], [-0.115982, 0.274443, 0.954583, 0.0)], [-0.0540994, -0.00266642, -0.0099002, 1.0)]])
-0.0540994, -0.00266642, -0.0099002
float3(-0.27801, -0.120907, -1.56891)
1090543.399352
normal
simd_float4x4([[-0.0149598, -0.967741, 0.251502, 0.0)], [0.99803, 0.000873293, 0.0627253, 0.0)], [-0.0609215, 0.251945, 0.965822, 0.0)], [-0.071896, 0.00265373, -0.00809436, 1.0)]])
-0.071896, 0.00265373, -0.00809436
float3(-0.254689, -0.0629938, -1.56989)
1090543.49940367
normal
simd_float4x4([[-0.00478964, -0.972652, 0.232219, 0.0)], [0.99986, -0.000932485, 0.016717, 0.0)], [-0.0160432, 0.232266, 0.97252, 0.0)], [-0.0842026, 0.00762321, -0.0073457, 1.0)]])
-0.0842026, 0.00762321, -0.0073457
float3(-0.234407, -0.0164951, -1.57176)
1090543.59945525
normal
simd_float4x4([[-0.00696617, -0.976224, 0.216651, 0.0)], [0.999891, -0.00961991, -0.0111967, 0.0)], [0.0130147, 0.216549, 0.976185, 0.0)], [-0.0856767, 0.0109189, -0.0105426, 1.0)]])
-0.0856767, 0.0109189, -0.0105426
float3(-0.218279, 0.0133314, -1.58065)
1090543.69950708
normal
simd_float4x4([[-0.00938028, -0.978378, 0.206613, 0.0)], [0.99958, -0.0148432, -0.0249059, 0.0)], [0.0274342, 0.206292, 0.978106, 0.0)], [-0.0830702, 0.0109648, -0.0154126, 1.0)]])
-0.0830702, 0.0109648, -0.0154126
float3(-0.207784, 0.0280409, -1.58597)
1090543.79955854
normal
simd_float4x4([[-0.0102181, -0.978545, 0.205778, 0.0)], [0.9995, -0.016152, -0.027177, 0.0)], [0.0299176, 0.205398, 0.978221, 0.0)], [-0.077525, 0.0116275, -0.0236307, 1.0)]])
-0.077525, 0.0116275, -0.0236307
float3(-0.20687, 0.0305742, -1.5873)
1090543.89961021
normal
simd_float4x4([[-0.00885328, -0.978379, 0.20663, 0.0)], [0.999616, -0.014086, -0.0238668, 0.0)], [0.0262613, 0.206339, 0.978128, 0.0)], [-0.0650426, 0.0133097, -0.0314005, 1.0)]])
-0.0650426, 0.0133097, -0.0314005
float3(-0.207832, 0.0268421, -1.58519)
1090543.99966196
normal
simd_float4x4([[-0.000120966, -0.978689, 0.20535, 0.0)], [0.999717, -0.00500431, -0.0232614, 0.0)], [0.0237933, 0.205289, 0.978412, 0.0)], [-0.0513232, 0.012129, -0.0411758, 1.0)]])
-0.0513232, 0.012129, -0.0411758
float3(-0.206759, 0.0243135, -1.57591)
1090544.09971362
normal
simd_float4x4([[0.0114736, -0.97986, 0.199358, 0.0)], [0.999525, 0.00553631, -0.030314, 0.0)], [0.0285998, 0.199611, 0.979458, 0.0)], [-0.0366626, 0.0107045, -0.0502502, 1.0)]])
-0.0366626, 0.0107045, -0.0502502
float3(-0.200961, 0.0291913, -1.56515)
1090544.19976529
normal
simd_float4x4([[0.020847, -0.980379, 0.196015, 0.0)], [0.999181, 0.0136315, -0.0380883, 0.0)], [0.034669, 0.196649, 0.979861, 0.0)], [-0.0216103, 0.00920799, -0.060096, 1.0)]])
-0.0216103, 0.00920799, -0.060096
float3(-0.197939, 0.0353668, -1.55689)
1090544.29981679
normal
simd_float4x4([[0.0300967, -0.981617, 0.188472, 0.0)], [0.999066, 0.0236928, -0.0361396, 0.0)], [0.0310098, 0.189384, 0.981414, 0.0)], [-0.0104241, 0.00905008, -0.0705859, 1.0)]])
-0.0104241, 0.00905008, -0.0705859
float3(-0.190534, 0.0315866, -1.54666)
1090544.39986862
normal
simd_float4x4([[0.0380407, -0.98162, 0.187016, 0.0)], [0.99849, 0.0299169, -0.0460721, 0.0)], [0.0396304, 0.188486, 0.981276, 0.0)], [-0.00315717, 0.00967037, -0.0859724, 1.0)]])
-0.00315717, 0.00967037, -0.0859724
float3(-0.189621, 0.0403646, -1.54033)
1090544.49992029
normal
simd_float4x4([[0.0359787, -0.985547, 0.165538, 0.0)], [0.998231, 0.0275975, -0.0526549, 0.0)], [0.0473255, 0.16714, 0.984797, 0.0)], [0.00680643, 0.0109561, -0.105263, 1.0)]])
0.00680643, 0.0109561, -0.105263
float3(-0.167928, 0.0480191, -1.5428)
1090544.599972
normal
simd_float4x4([[0.0278287, -0.990108, 0.137523, 0.0)], [0.99821, 0.0202402, -0.0562742, 0.0)], [0.052934, 0.138843, 0.988899, 0.0)], [0.00868027, 0.00848145, -0.130534, 1.0)]])
0.00868027, 0.00848145, -0.130534
float3(-0.139293, 0.0534772, -1.55036)
1090544.70002346
normal
simd_float4x4([[0.0263387, -0.991694, 0.125896, 0.0)], [0.998131, 0.0191415, -0.0580396, 0.0)], [0.0551476, 0.12719, 0.990344, 0.0)], [0.00130675, 0.00222544, -0.171326, 1.0)]])
0.00130675, 0.00222544, -0.171326
float3(-0.127535, 0.0556279, -1.5515)
1090544.80007525
normal
simd_float4x4([[0.0351583, -0.992283, 0.118908, 0.0)], [0.998321, 0.029391, -0.0499129, 0.0)], [0.0460329, 0.120463, 0.99165, 0.0)], [-0.0136808, -0.00794942, -0.219867, 1.0)]])
-0.0136808, -0.00794942, -0.219867
float3(-0.120756, 0.0463872, -1.54119)
1090544.90012704
normal
simd_float4x4([[0.0404092, -0.992942, 0.111505, 0.0)], [0.998575, 0.03624, -0.0391675, 0.0)], [0.0348501, 0.112929, 0.992992, 0.0)], [-0.03173, -0.0223976, -0.282891, 1.0)]])
-0.03173, -0.0223976, -0.282891
float3(-0.113171, 0.0350817, -1.53431)
1090545.00017858
normal
simd_float4x4([[0.0248567, -0.993724, 0.109061, 0.0)], [0.999055, 0.0208004, -0.0381739, 0.0)], [0.0356658, 0.109907, 0.993302, 0.0)], [-0.0517326, -0.0368866, -0.360324, 1.0)]])
-0.0517326, -0.0368866, -0.360324
float3(-0.11013, 0.0358909, -1.54987)
1090545.10023038
normal
simd_float4x4([[0.0237535, -0.993098, 0.114854, 0.0)], [0.999151, 0.0197156, -0.036166, 0.0)], [0.033652, 0.115615, 0.992724, 0.0)], [-0.0782041, -0.0415589, -0.436615, 1.0)]])
-0.0782041, -0.0415589, -0.436615
float3(-0.115874, 0.0338856, -1.55095)
1090545.20028196
normal
simd_float4x4([[0.00745089, -0.994081, 0.108384, 0.0)], [0.999608, 0.00448074, -0.0276218, 0.0)], [0.0269726, 0.108547, 0.993725, 0.0)], [-0.0925373, -0.0336919, -0.496112, 1.0)]])
-0.0925373, -0.0336919, -0.496112
float3(-0.108761, 0.0271363, -1.56629)
1090545.30033375
normal
simd_float4x4([[0.00681663, -0.992299, 0.123676, 0.0)], [0.999563, 0.00320483, -0.0293791, 0.0)], [0.0287565, 0.123822, 0.991888, 0.0)], [-0.103297, -0.0210785, -0.552943, 1.0)]])
-0.103297, -0.0210785, -0.552943
float3(-0.124141, 0.0289836, -1.56757)
1090545.40038542
normal
simd_float4x4([[0.000158124, -0.991239, 0.132081, 0.0)], [0.999655, -0.00331138, -0.026048, 0.0)], [0.0262571, 0.132039, 0.990897, 0.0)], [-0.108406, -0.00866199, -0.606227, 1.0)]])
-0.108406, -0.00866199, -0.606227
float3(-0.132426, 0.0264922, -1.57414)
1090545.500437
normal
simd_float4x4([[-0.0139099, -0.993835, 0.109996, 0.0)], [0.999281, -0.0176988, -0.0335444, 0.0)], [0.0352843, 0.10945, 0.993366, 0.0)], [-0.106546, -0.00636459, -0.652346, 1.0)]])
-0.106546, -0.00636459, -0.652346
float3(-0.10967, 0.0355051, -1.5886)
1090545.60048883
normal
simd_float4x4([[-0.0143136, -0.994268, 0.105958, 0.0)], [0.998964, -0.0187988, -0.0414529, 0.0)], [0.0432072, 0.105255, 0.993506, 0.0)], [-0.103189, -0.0162502, -0.707757, 1.0)]])
-0.103189, -0.0162502, -0.707757
float3(-0.10545, 0.0434622, -1.5897)
1090545.7005405
normal
simd_float4x4([[-0.0108444, -0.994201, 0.106992, 0.0)], [0.998552, -0.0164049, -0.0512294, 0.0)], [0.0526875, 0.106282, 0.992939, 0.0)], [-0.0995958, -0.0324146, -0.773854, 1.0)]])
-0.0995958, -0.0324146, -0.773854
float3(-0.106483, 0.0530125, -1.5873)
1090545.80059217
normal
simd_float4x4([[-0.0118706, -0.99438, 0.105206, 0.0)], [0.997914, -0.0184573, -0.0618569, 0.0)], [0.0634511, 0.104252, 0.992525, 0.0)], [-0.0912682, -0.0537825, -0.850144, 1.0)]])
-0.0912682, -0.0537825, -0.850144
float3(-0.104442, 0.0638421, -1.58936)
1090545.90064392
normal
simd_float4x4([[-0.0113999, -0.994075, 0.108101, 0.0)], [0.998524, -0.017059, -0.0515705, 0.0)], [0.053109, 0.107354, 0.992801, 0.0)], [-0.079972, -0.0717528, -0.942419, 1.0)]])
-0.079972, -0.0717528, -0.942419
float3(-0.107561, 0.0534431, -1.58796)
1090546.00069567
normal
simd_float4x4([[0.00702415, -0.9942, 0.107318, 0.0)], [0.999151, 0.00261987, -0.0411256, 0.0)], [0.040606, 0.107515, 0.993374, 0.0)], [-0.0717289, -0.0828697, -1.03762, 1.0)]])
-0.0717289, -0.0828697, -1.03762
float3(-0.107724, 0.0408541, -1.56816)
1090546.10074742
normal
simd_float4x4([[0.0283723, -0.992904, 0.115481, 0.0)], [0.99857, 0.0229164, -0.0483013, 0.0)], [0.0453121, 0.116686, 0.992135, 0.0)], [-0.0704781, -0.0875186, -1.12224, 1.0)]])
-0.0704781, -0.0875186, -1.12224
float3(-0.116953, 0.0456396, -1.54772)
1090546.20079904
normal
simd_float4x4([[0.0328374, -0.989753, 0.138965, 0.0)], [0.998343, 0.0259078, -0.0513844, 0.0)], [0.0472576, 0.140422, 0.988963, 0.0)], [-0.0714551, -0.0770964, -1.19517, 1.0)]])
-0.0714551, -0.0770964, -1.19517
float3(-0.140888, 0.0477487, -1.54463)
1090546.30085087
normal
simd_float4x4([[0.0492739, -0.986959, 0.153246, 0.0)], [0.997407, 0.0405646, -0.0594503, 0.0)], [0.0524587, 0.155778, 0.986398, 0.0)], [-0.0759597, -0.0539452, -1.27257, 1.0)]])
-0.0759597, -0.0539452, -1.27257
float3(-0.156415, 0.053132, -1.52972)
1090546.40090254
normal
simd_float4x4([[0.0641489, -0.988223, 0.138924, 0.0)], [0.996727, 0.0565852, -0.05773, 0.0)], [0.049189, 0.142173, 0.988619, 0.0)], [-0.0846127, -0.0401046, -1.34183, 1.0)]])
-0.0846127, -0.0401046, -1.34183
float3(-0.142656, 0.0497143, -1.5136)
1090546.50095437
normal
simd_float4x4([[0.0581979, -0.991878, 0.113099, 0.0)], [0.996776, 0.0514665, -0.0615542, 0.0)], [0.0552334, 0.116317, 0.991675, 0.0)], [-0.0959882, -0.0484935, -1.4177, 1.0)]])
-0.0959882, -0.0484935, -1.4177
float3(-0.116581, 0.0556396, -1.51895)
1090546.601006
normal
simd_float4x4([[0.0486397, -0.993492, 0.10299, 0.0)], [0.997748, 0.0435604, -0.0510074, 0.0)], [0.0461892, 0.105239, 0.993374, 0.0)], [-0.109833, -0.0713537, -1.50618, 1.0)]])
-0.109833, -0.0713537, -1.50618
float3(-0.105434, 0.0464638, -1.52698)
1090546.70105767
normal
simd_float4x4([[0.0423758, -0.995288, 0.0872133, 0.0)], [0.998198, 0.0384628, -0.0460691, 0.0)], [0.0424975, 0.0890083, 0.995124, 0.0)], [-0.13048, -0.0941838, -1.60648, 1.0)]])
-0.13048, -0.0941838, -1.60648
float3(-0.0891263, 0.0426798, -1.53217)
1090546.80110946
normal
simd_float4x4([[0.0436135, -0.994961, 0.0902852, 0.0)], [0.99852, 0.0404722, -0.0363373, 0.0)], [0.0325001, 0.0917364, 0.995253, 0.0)], [-0.15628, -0.113308, -1.71138, 1.0)]])
-0.15628, -0.113308, -1.71138
float3(-0.0918655, 0.0326435, -1.53014)
1090546.90116121
normal
simd_float4x4([[0.0110675, -0.996969, 0.0770039, 0.0)], [0.999493, 0.00872955, -0.0306324, 0.0)], [0.0298674, 0.0773038, 0.99656, 0.0)], [-0.165624, -0.123171, -1.79134, 1.0)]])
-0.165624, -0.123171, -1.79134
float3(-0.077381, 0.0299615, -1.56204)
1090547.00121304
normal
simd_float4x4([[0.0126587, -0.994971, 0.0993589, 0.0)], [0.999383, 0.00933454, -0.0338498, 0.0)], [0.0327521, 0.0997261, 0.994476, 0.0)], [-0.174563, -0.11103, -1.86896, 1.0)]])
-0.174563, -0.11103, -1.86896
float3(-0.0998921, 0.0329221, -1.56141)
1090547.10126471
normal
simd_float4x4([[0.00587918, -0.993098, 0.117142, 0.0)], [0.999644, 0.00278671, -0.0265457, 0.0)], [0.0260361, 0.117256, 0.99276, 0.0)], [-0.176359, -0.0753253, -1.94474, 1.0)]])
-0.176359, -0.0753253, -1.94474
float3(-0.117526, 0.0262199, -1.56799)
1090547.20131658
normal
simd_float4x4([[-0.019611, -0.995493, 0.0927839, 0.0)], [0.999691, -0.0209451, -0.0134266, 0.0)], [0.0153094, 0.0924918, 0.995596, 0.0)], [-0.167379, -0.0511312, -2.0153, 1.0)]])
-0.167379, -0.0511312, -2.0153
float3(-0.0926242, 0.015376, -1.59183)
1090547.30136829
normal
simd_float4x4([[-0.0193155, -0.998242, 0.056026, 0.0)], [0.999614, -0.0203999, -0.0188474, 0.0)], [0.0199572, 0.0556404, 0.998251, 0.0)], [-0.161743, -0.0546686, -2.0862, 1.0)]])
-0.161743, -0.0546686, -2.0862
float3(-0.0556691, 0.0199895, -1.59123)
1090547.40141983
normal
simd_float4x4([[-0.00449813, -0.998731, 0.0501601, 0.0)], [0.999574, -0.0059366, -0.0285655, 0.0)], [0.028827, 0.0500103, 0.998333, 0.0)], [-0.153407, -0.0749306, -2.17218, 1.0)]])
-0.153407, -0.0749306, -2.17218
float3(-0.0500312, 0.0288671, -1.57674)
1090547.50147183
normal
simd_float4x4([[0.00132439, -0.998729, 0.0503759, 0.0)], [0.999861, 0.000485589, -0.0166594, 0.0)], [0.0166137, 0.050391, 0.998591, 0.0)], [-0.139984, -0.0947029, -2.27163, 1.0)]])
-0.139984, -0.0947029, -2.27163
float3(-0.0504124, 0.0166356, -1.57031)
1090547.60152346
normal
simd_float4x4([[0.0273588, -0.996396, 0.0802955, 0.0)], [0.99962, 0.0270049, -0.00548938, 0.0)], [0.00330122, 0.0804152, 0.996756, 0.0)], [-0.129602, -0.108261, -2.3904, 1.0)]])
-0.129602, -0.108261, -2.3904
float3(-0.0805021, 0.00331195, -1.5437)
1090547.70157542
normal
simd_float4x4([[0.0424357, -0.994703, 0.0936201, 0.0)], [0.998811, 0.0399875, -0.0278735, 0.0)], [0.0239822, 0.0946917, 0.995218, 0.0)], [-0.119212, -0.118736, -2.49002, 1.0)]])
-0.119212, -0.118736, -2.49002
float3(-0.0948338, 0.0240928, -1.53062)
1090547.80162704
normal
simd_float4x4([[0.03694, -0.993087, 0.111414, 0.0)], [0.99896, 0.0337154, -0.0306902, 0.0)], [0.0267216, 0.112432, 0.9933, 0.0)], [-0.113925, -0.109098, -2.57969, 1.0)]])
-0.113925, -0.109098, -2.57969
float3(-0.112671, 0.0268954, -1.53686)
1090547.90167867
normal
simd_float4x4([[0.0447656, -0.99263, 0.112609, 0.0)], [0.998432, 0.0406641, -0.0384605, 0.0)], [0.0335979, 0.114154, 0.992895, 0.0)], [-0.117476, -0.0875717, -2.66847, 1.0)]])
-0.117476, -0.0875717, -2.66847
float3(-0.114403, 0.0338254, -1.52985)
1090548.00173046
normal
simd_float4x4([[0.0623794, -0.993409, 0.0961675, 0.0)], [0.996928, 0.0574471, -0.0532337, 0.0)], [0.0473583, 0.0991928, 0.993941, 0.0)], [-0.127219, -0.0884768, -2.76778, 1.0)]])
-0.127219, -0.0884768, -2.76778
float3(-0.0993562, 0.047611, -1.51303)
1090548.10178217
normal
simd_float4x4([[0.0648962, -0.994572, 0.0813303, 0.0)], [0.996235, 0.0598774, -0.0627005, 0.0)], [0.0574904, 0.0850931, 0.994713, 0.0)], [-0.135819, -0.101535, -2.86672, 1.0)]])
-0.135819, -0.101535, -2.86672
float3(-0.0851961, 0.0577317, -1.51066)
1090548.20183421
normal
simd_float4x4([[0.0608708, -0.995383, 0.0742069, 0.0)], [0.997714, 0.0584895, -0.0338537, 0.0)], [0.0293571, 0.076098, 0.996668, 0.0)], [-0.14843, -0.118048, -2.97178, 1.0)]])
-0.14843, -0.118048, -2.97178
float3(-0.0761716, 0.0294468, -1.5121)
1090548.30188592
normal
simd_float4x4([[0.0627598, -0.996392, 0.057137, 0.0)], [0.997968, 0.0620241, -0.0145622, 0.0)], [0.0109658, 0.0579348, 0.99826, 0.0)], [-0.167186, -0.124611, -3.07496, 1.0)]])
-0.167186, -0.124611, -3.07496
float3(-0.0579673, 0.0109844, -1.50863)
1090548.40193771
normal
simd_float4x4([[0.0391756, -0.996713, 0.0709134, 0.0)], [0.999128, 0.0380455, -0.0172168, 0.0)], [0.0144623, 0.0715261, 0.997334, 0.0)], [-0.17426, -0.125198, -3.171, 1.0)]])
-0.17426, -0.125198, -3.171
float3(-0.0715872, 0.0144999, -1.53264)
1090548.50198942
normal
simd_float4x4([[0.0342132, -0.994353, 0.100453, 0.0)], [0.999342, 0.0328264, -0.015427, 0.0)], [0.0120424, 0.100914, 0.994822, 0.0)], [-0.178354, -0.112033, -3.25752, 1.0)]])
-0.178354, -0.112033, -3.25752
float3(-0.101086, 0.0121045, -1.5378)
1090548.60204117
normal
simd_float4x4([[0.0145182, -0.994711, 0.101681, 0.0)], [0.999829, 0.0132801, -0.0128425, 0.0)], [0.0114242, 0.10185, 0.994734, 0.0)], [-0.176918, -0.0942594, -3.34308, 1.0)]])
-0.176918, -0.0942594, -3.34308
float3(-0.102027, 0.0114842, -1.55745)
1090548.70209313
normal
simd_float4x4([[0.00252858, -0.996791, 0.0800053, 0.0)], [0.999914, 0.00148971, -0.013042, 0.0)], [0.012881, 0.0800314, 0.996709, 0.0)], [-0.170327, -0.0936922, -3.42635, 1.0)]])
-0.170327, -0.0936922, -3.42635
float3(-0.0801171, 0.0129228, -1.5693)
1090548.80214483
normal
simd_float4x4([[0.00500198, -0.997244, 0.0740168, 0.0)], [0.999765, 0.00342499, -0.0214174, 0.0)], [0.0211049, 0.0741065, 0.997027, 0.0)], [-0.159831, -0.110854, -3.5257, 1.0)]])
-0.159831, -0.110854, -3.5257
float3(-0.0741745, 0.0211647, -1.56736)
1090548.90219675
normal
simd_float4x4([[0.016158, -0.996856, 0.0775647, 0.0)], [0.999661, 0.0145232, -0.0215944, 0.0)], [0.0204, 0.0778874, 0.996754, 0.0)], [-0.148424, -0.131766, -3.63459, 1.0)]])
-0.148424, -0.131766, -3.63459
float3(-0.0779664, 0.0204636, -1.55623)
1090549.00224842
normal
simd_float4x4([[0.0213144, -0.99679, 0.0771736, 0.0)], [0.999334, 0.0189552, -0.0311741, 0.0)], [0.0296112, 0.0777867, 0.99653, 0.0)], [-0.13056, -0.144484, -3.75032, 1.0)]])
-0.13056, -0.144484, -3.75032
float3(-0.0778653, 0.0297055, -1.55178)
1090549.10230029
normal
simd_float4x4([[0.0446475, -0.992955, 0.109754, 0.0)], [0.998535, 0.0409959, -0.0353068, 0.0)], [0.0305586, 0.111169, 0.993331, 0.0)], [-0.121989, -0.143032, -3.8689, 1.0)]])
-0.121989, -0.143032, -3.8689
float3(-0.1114, 0.030754, -1.52953)
1090549.20235196
normal
simd_float4x4([[0.0504873, -0.991292, 0.12162, 0.0)], [0.997539, 0.0441188, -0.0545015, 0.0)], [0.0486612, 0.124072, 0.991079, 0.0)], [-0.115809, -0.13081, -3.96761, 1.0)]])
-0.115809, -0.13081, -3.96761
float3(-0.124393, 0.0490598, -1.52632)
1090549.30240379
normal
simd_float4x4([[0.0569801, -0.990114, 0.128168, 0.0)], [0.996854, 0.0493386, -0.0620282, 0.0)], [0.0550914, 0.131299, 0.989811, 0.0)], [-0.1149, -0.117934, -4.07102, 1.0)]])
-0.1149, -0.117934, -4.07102
float3(-0.131679, 0.0556011, -1.52101)
1090549.40245575
normal
simd_float4x4([[0.0632977, -0.99253, 0.104292, 0.0)], [0.995863, 0.0559896, -0.0715722, 0.0)], [0.0651983, 0.108391, 0.991968, 0.0)], [-0.117595, -0.126467, -4.17366, 1.0)]])
-0.117595, -0.126467, -4.17366
float3(-0.108605, 0.0656318, -1.51445)
1090549.5025075
normal
simd_float4x4([[0.0583914, -0.99334, 0.0993315, 0.0)], [0.996021, 0.0512583, -0.0729084, 0.0)], [0.0673312, 0.103193, 0.99238, 0.0)], [-0.122524, -0.149608, -4.28905, 1.0)]])
-0.122524, -0.149608, -4.28905
float3(-0.103377, 0.0677444, -1.51924)
1090549.60255938
normal
simd_float4x4([[0.0490931, -0.99477, 0.0895653, 0.0)], [0.997091, 0.0435769, -0.0625382, 0.0)], [0.0583081, 0.092375, 0.994016, 0.0)], [-0.132852, -0.172416, -4.40774, 1.0)]])
-0.132852, -0.172416, -4.40774
float3(-0.0925068, 0.058592, -1.52702)
1090549.70261108
normal
simd_float4x4([[0.0651787, -0.992967, 0.0988332, 0.0)], [0.997174, 0.0611036, -0.0437162, 0.0)], [0.0373697, 0.101403, 0.994143, 0.0)], [-0.155143, -0.186482, -4.52776, 1.0)]])
-0.155143, -0.186482, -4.52776
float3(-0.101578, 0.0375722, -1.50934)
1090549.80266283
normal
simd_float4x4([[0.0340228, -0.993534, 0.108314, 0.0)], [0.998586, 0.0293642, -0.0443187, 0.0)], [0.0408516, 0.109668, 0.993128, 0.0)], [-0.15978, -0.185151, -4.63335, 1.0)]])
-0.15978, -0.185151, -4.63335
float3(-0.109889, 0.0411111, -1.54125)
1090549.90271475
normal
simd_float4x4([[0.016518, -0.991586, 0.128393, 0.0)], [0.998648, 0.0100301, -0.0510147, 0.0)], [0.0492976, 0.129062, 0.99041, 0.0)], [-0.159851, -0.172462, -4.73119, 1.0)]])
-0.159851, -0.172462, -4.73119
float3(-0.129423, 0.0497339, -1.56068)
1090550.0027665
normal
simd_float4x4([[0.0091381, -0.988033, 0.153973, 0.0)], [0.999044, 0.00243802, -0.0436473, 0.0)], [0.0427495, 0.154225, 0.98711, 0.0)], [-0.159204, -0.155949, -4.82892, 1.0)]])
-0.159204, -0.155949, -4.82892
float3(-0.154843, 0.0432807, -1.56833)
1090550.10281837
normal
simd_float4x4([[0.000365999, -0.990394, 0.138275, 0.0)], [0.998565, -0.00704267, -0.0530863, 0.0)], [0.0535502, 0.138096, 0.98897, 0.0)], [-0.153545, -0.15811, -4.92428, 1.0)]])
-0.153545, -0.15811, -4.92428
float3(-0.138538, 0.0540946, -1.57791)
1090550.20287017
normal
simd_float4x4([[-0.00207877, -0.992878, 0.119114, 0.0)], [0.998083, -0.00942737, -0.0611637, 0.0)], [0.0618511, 0.118758, 0.990995, 0.0)], [-0.144404, -0.177623, -5.02718, 1.0)]])
-0.144404, -0.177623, -5.02718
float3(-0.119039, 0.0623323, -1.58029)
1090550.302922
normal
simd_float4x4([[0.00548209, -0.994735, 0.102332, 0.0)], [0.998102, -0.000834818, -0.0615847, 0.0)], [0.0613459, 0.102476, 0.992842, 0.0)], [-0.130497, -0.200196, -5.14012, 1.0)]])
-0.130497, -0.200196, -5.14012
float3(-0.102656, 0.0617097, -1.57164)
1090550.40297383
normal
simd_float4x4([[0.00690523, -0.995869, 0.090536, 0.0)], [0.998072, 0.00127941, -0.0620504, 0.0)], [0.0616783, 0.0907899, 0.993958, 0.0)], [-0.11107, -0.212894, -5.25806, 1.0)]])
-0.11107, -0.212894, -5.25806
float3(-0.0909151, 0.0619737, -1.56951)
1090550.50302562
normal
simd_float4x4([[0.0222352, -0.994523, 0.10213, 0.0)], [0.997255, 0.0148468, -0.0725417, 0.0)], [0.0706281, 0.103462, 0.992123, 0.0)], [-0.105274, -0.212715, -5.37312, 1.0)]])
-0.105274, -0.212715, -5.37312
float3(-0.103648, 0.071069, -1.55587)
1090550.60307754
normal
simd_float4x4([[0.0331264, -0.99176, 0.123754, 0.0)], [0.99726, 0.0246039, -0.0697717, 0.0)], [0.0661519, 0.125726, 0.989857, 0.0)], [-0.0999586, -0.199616, -5.47491, 1.0)]])
-0.0999586, -0.199616, -5.47491
float3(-0.12606, 0.0667305, -1.54599)
1090550.70312921
normal
simd_float4x4([[0.045513, -0.98939, 0.137972, 0.0)], [0.997368, 0.0372016, -0.0622325, 0.0)], [0.0564394, 0.140441, 0.988479, 0.0)], [-0.0986761, -0.178713, -5.57895, 1.0)]])
-0.0986761, -0.178713, -5.57895
float3(-0.140907, 0.0570353, -1.53321)
1090550.80318129
normal
simd_float4x4([[0.0537491, -0.992604, 0.108853, 0.0)], [0.99714, 0.0475522, -0.0587485, 0.0)], [0.0531378, 0.111699, 0.99232, 0.0)], [-0.104659, -0.175967, -5.67376, 1.0)]])
-0.104659, -0.175967, -5.67376
float3(-0.111933, 0.053498, -1.52293)
1090550.903233
normal
simd_float4x4([[0.0447636, -0.995728, 0.0807616, 0.0)], [0.997857, 0.0407036, -0.0512365, 0.0)], [0.0477303, 0.0828821, 0.995416, 0.0)], [-0.113897, -0.196323, -5.77885, 1.0)]])
-0.113897, -0.196323, -5.77885
float3(-0.0829773, 0.0479134, -1.52994)
1090551.00328475
normal
simd_float4x4([[0.0315665, -0.997396, 0.064844, 0.0)], [0.998339, 0.0283347, -0.0501682, 0.0)], [0.0482003, 0.0663199, 0.996634, 0.0)], [-0.128666, -0.219499, -5.89304, 1.0)]])
-0.128666, -0.219499, -5.89304
float3(-0.0663686, 0.0483254, -1.5424)
1090551.10333683
normal
simd_float4x4([[0.0399003, -0.995276, 0.0885104, 0.0)], [0.997763, 0.0349304, -0.0570064, 0.0)], [0.0536453, 0.0905869, 0.994443, 0.0)], [-0.149608, -0.228788, -6.01761, 1.0)]])
-0.149608, -0.228788, -6.01761
float3(-0.0907113, 0.0538929, -1.53571)
1090551.20338846
normal
simd_float4x4([[0.012966, -0.994845, 0.100578, 0.0)], [0.998848, 0.00823867, -0.0472761, 0.0)], [0.0462037, 0.101075, 0.993805, 0.0)], [-0.158069, -0.223357, -6.12851, 1.0)]])
-0.158069, -0.223357, -6.12851
float3(-0.101248, 0.0464583, -1.56252)
1090551.30344046
normal
simd_float4x4([[0.0144509, -0.991065, 0.132596, 0.0)], [0.998788, 0.00806635, -0.0485617, 0.0)], [0.0470583, 0.133137, 0.98998, 0.0)], [-0.160074, -0.209776, -6.23313, 1.0)]])
-0.160074, -0.209776, -6.23313
float3(-0.133533, 0.0474988, -1.56266)
1090551.40349225
normal
simd_float4x4([[0.00645957, -0.98901, 0.147706, 0.0)], [0.999375, 0.00124978, -0.035337, 0.0)], [0.034764, 0.147842, 0.9884, 0.0)], [-0.159388, -0.199281, -6.33864, 1.0)]])
-0.159388, -0.199281, -6.33864
float3(-0.148386, 0.0351575, -1.56953)
1090551.50354417
normal
simd_float4x4([[-0.00635392, -0.990517, 0.137244, 0.0)], [0.998863, -0.0127724, -0.0459371, 0.0)], [0.0472544, 0.136796, 0.989472, 0.0)], [-0.151324, -0.208997, -6.44288, 1.0)]])
-0.151324, -0.208997, -6.44288
float3(-0.137226, 0.047721, -1.58369)
1090551.603596
normal
simd_float4x4([[-0.00212216, -0.992367, 0.123303, 0.0)], [0.998464, -0.00892884, -0.0546765, 0.0)], [0.0553601, 0.122998, 0.990862, 0.0)], [-0.142374, -0.230545, -6.55501, 1.0)]])
-0.142374, -0.230545, -6.55501
float3(-0.12331, 0.0558126, -1.57979)
1090551.70364792
normal
simd_float4x4([[-4.72956e-05, -0.994741, 0.102426, 0.0)], [0.998241, -0.00611873, -0.058963, 0.0)], [0.0592796, 0.102243, 0.992992, 0.0)], [-0.123897, -0.250261, -6.66516, 1.0)]])
-0.123897, -0.250261, -6.66516
float3(-0.102422, 0.0596272, -1.57695)
1090551.80369979
normal
simd_float4x4([[0.0131029, -0.994795, 0.101055, 0.0)], [0.998206, 0.00710912, -0.0594463, 0.0)], [0.0584185, 0.101652, 0.993103, 0.0)], [-0.101997, -0.257426, -6.77325, 1.0)]])
-0.101997, -0.257426, -6.77325
float3(-0.101828, 0.0587565, -1.56365)
1090551.90375162
normal
simd_float4x4([[0.0203061, -0.993068, 0.115772, 0.0)], [0.997702, 0.01264, -0.0665709, 0.0)], [0.0646461, 0.116858, 0.991042, 0.0)], [-0.0917989, -0.251596, -6.86651, 1.0)]])
-0.0917989, -0.251596, -6.86651
float3(-0.117126, 0.0651382, -1.55807)
1090552.00380346
normal
simd_float4x4([[0.034009, -0.988884, 0.144747, 0.0)], [0.997337, 0.0242318, -0.0687826, 0.0)], [0.0645105, 0.146701, 0.987075, 0.0)], [-0.0892281, -0.231176, -6.95575, 1.0)]])
-0.0892281, -0.231176, -6.95575
float3(-0.147232, 0.0652624, -1.5463)
1090552.10385529
normal
simd_float4x4([[0.0435807, -0.989189, 0.140018, 0.0)], [0.9976, 0.0355387, -0.0594322, 0.0)], [0.0538137, 0.142272, 0.988364, 0.0)], [-0.0920507, -0.218662, -7.04675, 1.0)]])
-0.0920507, -0.218662, -7.04675
float3(-0.142756, 0.0543935, -1.53488)
1090552.20390733
normal
simd_float4x4([[0.0514473, -0.991607, 0.118608, 0.0)], [0.997095, 0.0443223, -0.0619476, 0.0)], [0.0561707, 0.121451, 0.991007, 0.0)], [-0.100628, -0.230976, -7.1388, 1.0)]])
-0.100628, -0.230976, -7.1388
float3(-0.121751, 0.0566198, -1.52613)
1090552.30395912
normal
simd_float4x4([[0.0463125, -0.993085, 0.10788, 0.0)], [0.997494, 0.0401928, -0.0582275, 0.0)], [0.0534888, 0.110306, 0.992457, 0.0)], [-0.110246, -0.252036, -7.24414, 1.0)]])
-0.110246, -0.252036, -7.24414
float3(-0.110531, 0.0538432, -1.53035)
1090552.40401079
normal
simd_float4x4([[0.049038, -0.992614, 0.110962, 0.0)], [0.997622, 0.0432905, -0.0536271, 0.0)], [0.0484274, 0.113328, 0.992377, 0.0)], [-0.12874, -0.265904, -7.35811, 1.0)]])
-0.12874, -0.265904, -7.35811
float3(-0.113572, 0.0487607, -1.52721)
1090552.50406283
normal
simd_float4x4([[0.0381358, -0.991711, 0.122698, 0.0)], [0.997999, 0.031603, -0.0547556, 0.0)], [0.0504241, 0.124541, 0.990932, 0.0)], [-0.141256, -0.26477, -7.46931, 1.0)]])
-0.141256, -0.26477, -7.46931
float3(-0.124865, 0.0508416, -1.53894)
1090552.60411471
normal
simd_float4x4([[0.0160377, -0.990549, 0.136221, 0.0)], [0.998669, 0.00919032, -0.0507477, 0.0)], [0.0490162, 0.136853, 0.989378, 0.0)], [-0.141035, -0.255521, -7.56375, 1.0)]])
-0.141035, -0.255521, -7.56375
float3(-0.137284, 0.049502, -1.56152)
1090552.70416658
normal
simd_float4x4([[0.00988615, -0.985532, 0.1692, 0.0)], [0.999102, 0.00276199, -0.0422886, 0.0)], [0.0412095, 0.169466, 0.984674, 0.0)], [-0.139058, -0.242116, -7.66614, 1.0)]])
-0.139058, -0.242116, -7.66614
float3(-0.170288, 0.0418265, -1.56799)
1090552.80421854
normal
simd_float4x4([[-0.00421756, -0.986916, 0.161182, 0.0)], [0.999241, -0.0103994, -0.0375287, 0.0)], [0.0387138, 0.160901, 0.986211, 0.0)], [-0.136303, -0.24165, -7.76325, 1.0)]])
-0.136303, -0.24165, -7.76325
float3(-0.161604, 0.039235, -1.58133)
1090552.90427033
normal
simd_float4x4([[0.000936623, -0.987802, 0.155712, 0.0)], [0.998741, -0.00688481, -0.0496832, 0.0)], [0.0501492, 0.155563, 0.986552, 0.0)], [-0.131609, -0.261483, -7.86958, 1.0)]])
-0.131609, -0.261483, -7.86958
float3(-0.156197, 0.050789, -1.57777)
1090553.00432233
normal
simd_float4x4([[0.0120248, -0.990154, 0.139467, 0.0)], [0.997963, 0.00314512, -0.0637155, 0.0)], [0.0626495, 0.139949, 0.988175, 0.0)], [-0.123875, -0.281425, -7.97824, 1.0)]])
-0.123875, -0.281425, -7.97824
float3(-0.14041, 0.0633145, -1.56762)
1090553.10437404
normal
simd_float4x4([[0.0144035, -0.992349, 0.122619, 0.0)], [0.996813, 0.00462737, -0.0796419, 0.0)], [0.0784652, 0.123376, 0.989253, 0.0)], [-0.108359, -0.290043, -8.08254, 1.0)]])
-0.108359, -0.290043, -8.08254
float3(-0.123691, 0.0791519, -1.56613)
1090553.20442617
normal
simd_float4x4([[0.0405754, -0.992115, 0.118578, 0.0)], [0.995575, 0.0300763, -0.0890279, 0.0)], [0.0847596, 0.121665, 0.988946, 0.0)], [-0.1039, -0.284288, -8.18403, 1.0)]])
-0.1039, -0.284288, -8.18403
float3(-0.121968, 0.0854981, -1.54049)
1090553.30447796
normal
simd_float4x4([[0.0424843, -0.987713, 0.150392, 0.0)], [0.996012, 0.0300508, -0.0840026, 0.0)], [0.0784511, 0.153361, 0.985051, 0.0)], [-0.0987058, -0.276019, -8.27942, 1.0)]])
-0.0987058, -0.276019, -8.27942
float3(-0.153969, 0.0794739, -1.54038)
1090553.40452992
normal
