ARKit Data
93982.505781041
normal
simd_float4x4([[0.893501, 0.313635, 0.321386, 0.0)], [-0.396545, 0.886914, 0.236931, 0.0)], [-0.210732, -0.339142, 0.916829, 0.0)], [4805.17, -20788.7, 181326.0, 1.0)]])
4805.17, -20788.7, 181326.0
float3(0.346005, -0.225925, 0.339901)
93982.889577208
notAvailable
simd_float4x4([[1.0, 0.0, 0.0, 0.0)], [0.0, 1.0, 0.0, 0.0)], [0.0, 0.0, 1.0, 0.0)], [0.0, 0.0, 0.0, 1.0)]])
0.0, 0.0, 0.0
float3(-0.0, 0.0, 0.0)
93983.006230833
limited(__ObjC.ARCamera.TrackingState.Reason.initializing)
simd_float4x4([[0.999293, -0.037201, 0.00540002, 0.0)], [0.0375909, 0.988929, -0.143551, 0.0)], [1.35405e-09, 0.143652, 0.989628, 0.0)], [0.0, 0.0, 0.0, 1.0)]])
0.0, 0.0, 0.0
float3(-0.144151, 1.36824e-09, -0.0375997)
93983.139548958
limited(__ObjC.ARCamera.TrackingState.Reason.initializing)
simd_float4x4([[0.999197, -0.0385744, 0.0108514, 0.0)], [0.0396896, 0.989996, -0.1354, 0.0)], [-0.00551988, 0.135722, 0.990732, 0.0)], [0.0, 0.0, 0.0, 1.0)]])
0.0, 0.0, 0.0
float3(-0.136142, -0.00557146, -0.0389445)
93983.272867208
limited(__ObjC.ARCamera.TrackingState.Reason.initializing)
simd_float4x4([[0.998641, -0.0503803, -0.0133292, 0.0)], [0.0481321, 0.989715, -0.134708, 0.0)], [0.0199787, 0.133883, 0.990795, 0.0)], [0.0, 0.0, 0.0, 1.0)]])
0.0, 0.0, 0.0
float3(-0.134286, 0.0201616, -0.0508599)
93983.406185416
limited(__ObjC.ARCamera.TrackingState.Reason.initializing)
simd_float4x4([[0.995206, -0.0700181, -0.0682849, 0.0)], [0.0602573, 0.988901, -0.135797, 0.0)], [0.0770353, 0.131031, 0.988379, 0.0)], [0.0, 0.0, 0.0, 1.0)]])
0.0, 0.0, 0.0
float3(-0.131409, 0.0777838, -0.070686)
93983.539503416
limited(__ObjC.ARCamera.TrackingState.Reason.initializing)
simd_float4x4([[0.985791, -0.0788197, -0.148333, 0.0)], [0.0589035, 0.989204, -0.134176, 0.0)], [0.157307, 0.123532, 0.979791, 0.0)], [0.0, 0.0, 0.0, 1.0)]])
0.0, 0.0, 0.0
float3(-0.123848, 0.159193, -0.079512)
93983.672821583
limited(__ObjC.ARCamera.TrackingState.Reason.initializing)
simd_float4x4([[0.968216, -0.0781611, -0.237589, 0.0)], [0.0467543, 0.989731, -0.135069, 0.0)], [0.245706, 0.119667, 0.961928, 0.0)], [0.0, 0.0, 0.0, 1.0)]])
0.0, 0.0, 0.0
float3(-0.119955, 0.250084, -0.0788085)
93983.806139833
limited(__ObjC.ARCamera.TrackingState.Reason.initializing)
simd_float4x4([[0.942844, -0.0730319, -0.325131, 0.0)], [0.0302052, 0.990399, -0.134878, 0.0)], [0.331861, 0.117349, 0.935998, 0.0)], [0.0, 0.0, 0.0, 1.0)]])
0.0, 0.0, 0.0
float3(-0.11762, 0.340725, -0.0736067)
93983.939458041
limited(__ObjC.ARCamera.TrackingState.Reason.initializing)
simd_float4x4([[0.91462, -0.0670363, -0.398717, 0.0)], [0.0152233, 0.991165, -0.131729, 0.0)], [0.404026, 0.114413, 0.90756, 0.0)], [0.0, 0.0, 0.0, 1.0)]])
0.0, 0.0, 0.0
float3(-0.114664, 0.418837, -0.067531)
93984.072776291
limited(__ObjC.ARCamera.TrackingState.Reason.initializing)
simd_float4x4([[0.884559, -0.0612374, -0.462389, 0.0)], [0.000884537, 0.991557, -0.129633, 0.0)], [0.466426, 0.114259, 0.877144, 0.0)], [0.0, 0.0, 0.0, 1.0)]])
0.0, 0.0, 0.0
float3(-0.11451, 0.488728, -0.0616805)
93984.206094583
limited(__ObjC.ARCamera.TrackingState.Reason.initializing)
simd_float4x4([[0.85192, -0.0568739, -0.520573, 0.0)], [-0.0108707, 0.991945, -0.126167, 0.0)], [0.523558, 0.113144, 0.844439, 0.0)], [0.0, 0.0, 0.0, 1.0)]])
0.0, 0.0, 0.0
float3(-0.113387, 0.555, -0.0572731)
93984.339412791
limited(__ObjC.ARCamera.TrackingState.Reason.initializing)
simd_float4x4([[0.816022, -0.0537849, -0.575512, 0.0)], [-0.0220584, 0.992033, -0.123993, 0.0)], [0.577598, 0.113877, 0.808333, 0.0)], [0.0, 0.0, 0.0, 1.0)]])
0.0, 0.0, 0.0
float3(-0.114125, 0.620428, -0.0541638)
93984.472730708
limited(__ObjC.ARCamera.TrackingState.Reason.initializing)
simd_float4x4([[0.78125, -0.0507428, -0.62215, 0.0)], [-0.0313302, 0.992241, -0.120275, 0.0)], [0.623429, 0.113459, 0.773598, 0.0)], [0.0, 0.0, 0.0, 1.0)]])
0.0, 0.0, 0.0
float3(-0.113703, 0.678318, -0.0510951)
93984.606049
limited(__ObjC.ARCamera.TrackingState.Reason.initializing)
simd_float4x4([[0.745406, -0.0470128, -0.664949, 0.0)], [-0.0400335, 0.992547, -0.115058, 0.0)], [0.665406, 0.112386, 0.737967, 0.0)], [0.0, 0.0, 0.0, 1.0)]])
0.0, 0.0, 0.0
float3(-0.112624, 0.733739, -0.0473305)
93984.739367333
limited(__ObjC.ARCamera.TrackingState.Reason.initializing)
simd_float4x4([[0.706842, -0.0499485, -0.705603, 0.0)], [-0.0449304, 0.992314, -0.115259, 0.0)], [0.705941, 0.113174, 0.699164, 0.0)], [0.0, 0.0, 0.0, 1.0)]])
0.0, 0.0, 0.0
float3(-0.113417, 0.790221, -0.0502929)
93984.872685583
limited(__ObjC.ARCamera.TrackingState.Reason.initializing)
simd_float4x4([[0.684609, -0.0496465, -0.727215, 0.0)], [-0.0487148, 0.992325, -0.113612, 0.0)], [0.727278, 0.113208, 0.676934, 0.0)], [0.0, 0.0, 0.0, 1.0)]])
0.0, 0.0, 0.0
float3(-0.113451, 0.821235, -0.0499888)
93985.006003708
limited(__ObjC.ARCamera.TrackingState.Reason.initializing)
simd_float4x4([[0.692942, -0.0465586, -0.719486, 0.0)], [-0.0472588, 0.992828, -0.109767, 0.0)], [0.719441, 0.110066, 0.68577, 0.0)], [0.0, 0.0, 0.0, 1.0)]])
0.0, 0.0, 0.0
float3(-0.11029, 0.809355, -0.0468606)
93985.139321875
limited(__ObjC.ARCamera.TrackingState.Reason.initializing)
simd_float4x4([[0.722347, -0.0426024, -0.690215, 0.0)], [-0.0417327, 0.993591, -0.105008, 0.0)], [0.690269, 0.104658, 0.715938, 0.0)], [0.0, 0.0, 0.0, 1.0)]])
0.0, 0.0, 0.0
float3(-0.10485, 0.767146, -0.0428509)
93985.27264
limited(__ObjC.ARCamera.TrackingState.Reason.initializing)
simd_float4x4([[0.752008, -0.039614, -0.65796, 0.0)], [-0.0288951, 0.995246, -0.0929523, 0.0)], [0.658518, 0.0889143, 0.747287, 0.0)], [0.0, 0.0, 0.0, 1.0)]])
0.0, 0.0, 0.0
float3(-0.0890319, 0.722337, -0.0397823)
93985.405958208
limited(__ObjC.ARCamera.TrackingState.Reason.initializing)
simd_float4x4([[0.778932, -0.0406422, -0.625787, 0.0)], [-0.0185792, 0.995959, -0.0878146, 0.0)], [0.626831, 0.0800295, 0.775028, 0.0)], [0.0, 0.0, 0.0, 1.0)]])
0.0, 0.0, 0.0
float3(-0.0801152, 0.680074, -0.0407845)
93985.539276541
limited(__ObjC.ARCamera.TrackingState.Reason.initializing)
simd_float4x4([[0.811027, -0.0435021, -0.583387, 0.0)], [-0.0108067, 0.995942, -0.0892941, 0.0)], [0.584907, 0.0787254, 0.807265, 0.0)], [0.0, 0.0, 0.0, 1.0)]])
0.0, 0.0, 0.0
float3(-0.0788069, 0.627016, -0.0436516)
93985.672594708
limited(__ObjC.ARCamera.TrackingState.Reason.initializing)
simd_float4x4([[0.842211, -0.0438266, -0.537363, 0.0)], [-0.00711652, 0.995695, -0.0923664, 0.0)], [0.5391, 0.081617, 0.838272, 0.0)], [0.0, 0.0, 0.0, 1.0)]])
0.0, 0.0, 0.0
float3(-0.0817079, 0.571516, -0.0439877)
93985.805913
limited(__ObjC.ARCamera.TrackingState.Reason.initializing)
simd_float4x4([[0.87161, -0.0433846, -0.488275, 0.0)], [-0.00238339, 0.995685, -0.0927281, 0.0)], [0.490193, 0.081987, 0.867745, 0.0)], [0.0, 0.0, 0.0, 1.0)]])
0.0, 0.0, 0.0
float3(-0.0820792, 0.514214, -0.0435451)
93985.939231208
limited(__ObjC.ARCamera.TrackingState.Reason.initializing)
simd_float4x4([[0.8969, -0.0418813, -0.440244, 0.0)], [0.00080569, 0.995656, -0.0930804, 0.0)], [0.442231, 0.0831294, 0.893037, 0.0)], [0.0, 0.0, 0.0, 1.0)]])
0.0, 0.0, 0.0
float3(-0.0832255, 0.4598, -0.0420393)
93986.072549458
limited(__ObjC.ARCamera.TrackingState.Reason.initializing)
simd_float4x4([[0.914971, -0.0416151, -0.401368, 0.0)], [0.00245653, 0.99522, -0.0975915, 0.0)], [0.403512, 0.0883077, 0.910699, 0.0)], [0.0, 0.0, 0.0, 1.0)]])
0.0, 0.0, 0.0
float3(-0.0884229, 0.417084, -0.0417906)
93986.205867583
limited(__ObjC.ARCamera.TrackingState.Reason.initializing)
simd_float4x4([[0.935286, -0.0381314, -0.351832, 0.0)], [0.00304674, 0.995005, -0.0997434, 0.0)], [0.353879, 0.0922169, 0.93073, 0.0)], [0.0, 0.0, 0.0, 1.0)]])
0.0, 0.0, 0.0
float3(-0.0923481, 0.363337, -0.0383041)
93986.339185791
limited(__ObjC.ARCamera.TrackingState.Reason.initializing)
simd_float4x4([[0.953736, -0.0333021, -0.298793, 0.0)], [0.00355121, 0.99502, -0.0995706, 0.0)], [0.300622, 0.0939033, 0.949105, 0.0)], [0.0, 0.0, 0.0, 1.0)]])
0.0, 0.0, 0.0
float3(-0.0940418, 0.306746, -0.0334563)
93986.472504
limited(__ObjC.ARCamera.TrackingState.Reason.initializing)
simd_float4x4([[0.967928, -0.0281344, -0.249646, 0.0)], [0.0033636, 0.995067, -0.099105, 0.0)], [0.251204, 0.0950869, 0.963248, 0.0)], [0.0, 0.0, 0.0, 1.0)]])
0.0, 0.0, 0.0
float3(-0.0952308, 0.255107, -0.0282663)
93986.605822291
limited(__ObjC.ARCamera.TrackingState.Reason.initializing)
simd_float4x4([[0.979093, -0.0243426, -0.20195, 0.0)], [0.00407546, 0.994958, -0.100176, 0.0)], [0.203371, 0.0972591, 0.974255, 0.0)], [0.0, 0.0, 0.0, 1.0)]])
0.0, 0.0, 0.0
float3(-0.0974131, 0.20579, -0.0244611)
93986.7391405
limited(__ObjC.ARCamera.TrackingState.Reason.initializing)
simd_float4x4([[0.984585, -0.0221358, -0.173502, 0.0)], [0.00421955, 0.994673, -0.102962, 0.0)], [0.174858, 0.100643, 0.979433, 0.0)], [0.0, 0.0, 0.0, 1.0)]])
0.0, 0.0, 0.0
float3(-0.100813, 0.176668, -0.0222507)
93986.87245875
normal
simd_float4x4([[0.986142, -0.0185585, -0.164861, 0.0)], [0.00210593, 0.995044, -0.0994154, 0.0)], [0.165889, 0.0976905, 0.981294, 0.0)], [-0.000473283, 9.76362e-05, -0.000464121, 1.0)]])
-0.000473283, 9.76362e-05, -0.000464121
float3(-0.0978466, 0.167468, -0.0186487)
93987.005776916
normal
simd_float4x4([[0.985253, -0.0195268, -0.169984, 0.0)], [0.00180148, 0.994595, -0.103812, 0.0)], [0.171092, 0.101975, 0.979963, 0.0)], [-0.00163998, -0.000756023, -0.00548151, 1.0)]])
-0.00163998, -0.000756023, -0.00548151
float3(-0.102152, 0.172848, -0.0196304)
93987.139095083
normal
simd_float4x4([[0.980422, -0.0176878, -0.196111, 0.0)], [-0.00196304, 0.99503, -0.0995583, 0.0)], [0.196898, 0.0979941, 0.975514, 0.0)], [-0.0076637, -0.00458149, 0.00253024, 1.0)]])
-0.0076637, -0.00458149, 0.00253024
float3(-0.0981516, 0.199164, -0.0177743)
93987.272413333
normal
simd_float4x4([[0.968536, -0.0182118, -0.248207, 0.0)], [-0.00637431, 0.995177, -0.0978929, 0.0)], [0.248793, 0.0963949, 0.963748, 0.0)], [-0.0248378, -0.00489593, 0.00837867, 1.0)]])
-0.0248378, -0.00489593, 0.00837867
float3(-0.0965448, 0.252635, -0.018298)
93987.405731666
normal
simd_float4x4([[0.95009, -0.0185053, -0.311427, 0.0)], [-0.0117165, 0.995418, -0.0948934, 0.0)], [0.311756, 0.0938061, 0.94552, 0.0)], [-0.044241, -0.00449163, 0.01658, 1.0)]])
-0.044241, -0.00449163, 0.01658
float3(-0.0939442, 0.318494, -0.0185884)
93987.539049916
normal
simd_float4x4([[0.924735, -0.0199605, -0.380089, 0.0)], [-0.0164424, 0.995597, -0.0922876, 0.0)], [0.380257, 0.0915911, 0.920335, 0.0)], [-0.061696, -0.0048772, 0.0247356, 1.0)]])
-0.061696, -0.0048772, 0.0247356
float3(-0.0917196, 0.39181, -0.0200461)
93987.672368083
normal
simd_float4x4([[0.896527, -0.020055, -0.442536, 0.0)], [-0.0225365, 0.995616, -0.090776, 0.0)], [0.442416, 0.0913563, 0.892145, 0.0)], [-0.0783606, -0.00470017, 0.0352835, 1.0)]])
-0.0783606, -0.00470017, 0.0352835
float3(-0.0914839, 0.460364, -0.0201406)
93987.805686375
normal
simd_float4x4([[0.862965, -0.0217424, -0.504795, 0.0)], [-0.0263254, 0.995782, -0.0878942, 0.0)], [0.504577, 0.0891386, 0.858753, 0.0)], [-0.0918472, -0.00470681, 0.0469718, 1.0)]])
-0.0918472, -0.00470681, 0.0469718
float3(-0.0892571, 0.531229, -0.021831)
93987.939004541
normal
simd_float4x4([[0.823572, -0.0194653, -0.566878, 0.0)], [-0.0349089, 0.995777, -0.0849089, 0.0)], [0.566137, 0.0897176, 0.819414, 0.0)], [-0.105615, -0.00478276, 0.0619275, 1.0)]])
-0.105615, -0.00478276, 0.0619275
float3(-0.0898384, 0.604596, -0.0195453)
93988.072322708
normal
simd_float4x4([[0.780023, -0.018266, -0.625485, 0.0)], [-0.0418721, 0.99581, -0.0812979, 0.0)], [0.624349, 0.0896046, 0.775989, 0.0)], [-0.118805, -0.00559514, 0.076839, 1.0)]])
-0.118805, -0.00559514, 0.076839
float3(-0.0897249, 0.67753, -0.0183408)
93988.205641
normal
simd_float4x4([[0.734227, -0.0191682, -0.678633, 0.0)], [-0.0483924, 0.995581, -0.0804771, 0.0)], [0.677177, 0.0919291, 0.730055, 0.0)], [-0.132483, -0.00633059, 0.090912, 1.0)]])
-0.132483, -0.00633059, 0.090912
float3(-0.0920591, 0.74784, -0.0192509)
93988.338959416
normal
simd_float4x4([[0.688651, -0.0203933, -0.724806, 0.0)], [-0.0532056, 0.995489, -0.0785608, 0.0)], [0.723139, 0.0926647, 0.684459, 0.0)], [-0.144853, -0.00750452, 0.105975, 1.0)]])
-0.144853, -0.00750452, 0.105975
float3(-0.0927978, 0.81287, -0.0204828)
93988.4722775
normal
simd_float4x4([[0.647446, -0.0211655, -0.761817, 0.0)], [-0.0575778, 0.995399, -0.0765887, 0.0)], [0.759933, 0.0934508, 0.643249, 0.0)], [-0.156676, -0.00844841, 0.120135, 1.0)]])
-0.156676, -0.00844841, 0.120135
float3(-0.0935873, 0.868364, -0.0212601)
93988.605595958
normal
simd_float4x4([[0.612674, -0.0256423, -0.78992, 0.0)], [-0.0565377, 0.995491, -0.076167, 0.0)], [0.788311, 0.0913258, 0.608461, 0.0)], [-0.167804, -0.0082152, 0.132315, 1.0)]])
-0.167804, -0.0082152, 0.132315
float3(-0.0914532, 0.913455, -0.0257528)
93988.738914125
normal
simd_float4x4([[0.588009, -0.027744, -0.808379, 0.0)], [-0.0572166, 0.995481, -0.0757843, 0.0)], [0.806828, 0.0908145, 0.583764, 0.0)], [-0.176107, -0.00848614, 0.138598, 1.0)]])
-0.176107, -0.00848614, 0.138598
float3(-0.0909398, 0.944453, -0.0278627)
93988.872232208
normal
simd_float4x4([[0.575613, -0.0280954, -0.81724, 0.0)], [-0.0551031, 0.995805, -0.0730454, 0.0)], [0.815864, 0.0870783, 0.57165, 0.0)], [-0.180186, -0.00877827, 0.139702, 1.0)]])
-0.180186, -0.00877827, 0.139702
float3(-0.0871888, 0.959622, -0.0282062)
93989.005550541
normal
simd_float4x4([[0.565079, -0.0292926, -0.824517, 0.0)], [-0.055974, 0.995706, -0.0737359, 0.0)], [0.823136, 0.0878181, 0.561012, 0.0)], [-0.181739, -0.00900703, 0.138244, 1.0)]])
-0.181739, -0.00900703, 0.138244
float3(-0.0879314, 0.972557, -0.0294104)
93989.138868708
normal
simd_float4x4([[0.554704, -0.0280778, -0.831574, 0.0)], [-0.0578694, 0.995708, -0.0722217, 0.0)], [0.830033, 0.0881843, 0.550699, 0.0)], [-0.181894, -0.0089242, 0.139226, 1.0)]])
-0.181894, -0.0089242, 0.139226
float3(-0.088299, 0.985013, -0.0281913)
93989.272187083
normal
simd_float4x4([[0.540844, -0.0273684, -0.840677, 0.0)], [-0.0586624, 0.995809, -0.0701588, 0.0)], [0.839075, 0.0872612, 0.536972, 0.0)], [-0.183375, -0.0086973, 0.141314, 1.0)]])
-0.183375, -0.0086973, 0.141314
float3(-0.0873723, 1.00151, -0.0274766)
93989.405505291
normal
simd_float4x4([[0.525012, -0.0279845, -0.850634, 0.0)], [-0.0622727, 0.995517, -0.0711857, 0.0)], [0.848813, 0.0903446, 0.520916, 0.0)], [-0.184413, -0.00890164, 0.14301, 1.0)]])
-0.184413, -0.00890164, 0.14301
float3(-0.090468, 1.02036, -0.0281031)
93989.538823666
normal
simd_float4x4([[0.516088, -0.0263423, -0.85613, 0.0)], [-0.0632127, 0.99563, -0.0687401, 0.0)], [0.8542, 0.0895942, 0.512167, 0.0)], [-0.186219, -0.00893158, 0.143515, 1.0)]])
-0.186219, -0.00893158, 0.143515
float3(-0.0897145, 1.03068, -0.0264517)
93989.672141666
normal
simd_float4x4([[0.517087, -0.0286586, -0.855453, 0.0)], [-0.0606119, 0.995704, -0.0699947, 0.0)], [0.853784, 0.0880439, 0.513129, 0.0)], [-0.183187, -0.00842057, 0.141566, 1.0)]])
-0.183187, -0.00842057, 0.141566
float3(-0.0881581, 1.02964, -0.0287743)
93989.805459958
normal
simd_float4x4([[0.536903, -0.0280057, -0.843179, 0.0)], [-0.0561742, 0.996044, -0.0688526, 0.0)], [0.841771, 0.0843322, 0.533206, 0.0)], [-0.180029, -0.00836376, 0.138853, 1.0)]])
-0.180029, -0.00836376, 0.138853
float3(-0.0844324, 1.00616, -0.0281095)
93989.93877825
normal
simd_float4x4([[0.565695, -0.0261458, -0.8242, 0.0)], [-0.0520545, 0.996372, -0.0673355, 0.0)], [0.82297, 0.0809947, 0.562282, 0.0)], [-0.175244, -0.00878747, 0.13485, 1.0)]])
-0.175244, -0.00878747, 0.13485
float3(-0.0810835, 0.971411, -0.0262349)
93990.072096583
normal
simd_float4x4([[0.604215, -0.0237982, -0.796466, 0.0)], [-0.0477771, 0.996673, -0.066025, 0.0)], [0.795388, 0.0779461, 0.601068, 0.0)], [-0.169534, -0.00837659, 0.129424, 1.0)]])
-0.169534, -0.00837659, 0.129424
float3(-0.0780253, 0.923663, -0.0238731)
93990.205414875
normal
simd_float4x4([[0.648014, -0.0219748, -0.761311, 0.0)], [-0.0455852, 0.996673, -0.0675697, 0.0)], [0.760263, 0.0784906, 0.644856, 0.0)], [-0.162732, -0.00825426, 0.124485, 1.0)]])
-0.162732, -0.00825426, 0.124485
float3(-0.0785714, 0.867348, -0.0220446)
93990.338733125
normal
simd_float4x4([[0.694671, -0.0211256, -0.719017, 0.0)], [-0.0445183, 0.99639, -0.0722861, 0.0)], [0.717949, 0.0822245, 0.691223, 0.0)], [-0.153365, -0.00809277, 0.121276, 1.0)]])
-0.153365, -0.00809277, 0.121276
float3(-0.0823174, 0.804362, -0.021199)
93990.472051416
normal
simd_float4x4([[0.740547, -0.0200999, -0.671704, 0.0)], [-0.0438542, 0.995976, -0.0781521, 0.0)], [0.670572, 0.0873323, 0.736686, 0.0)], [-0.146202, -0.00861505, 0.116498, 1.0)]])
-0.146202, -0.00861505, 0.116498
float3(-0.0874437, 0.738452, -0.0201783)
93990.605369541
normal
simd_float4x4([[0.784647, -0.014885, -0.619764, 0.0)], [-0.0429592, 0.996003, -0.0783093, 0.0)], [0.618452, 0.0880697, 0.780872, 0.0)], [-0.139152, -0.00876938, 0.112819, 1.0)]])
-0.139152, -0.00876938, 0.112819
float3(-0.0881839, 0.669845, -0.0149436)
93990.738687916
normal
simd_float4x4([[0.823582, -0.0113248, -0.567084, 0.0)], [-0.0388903, 0.99632, -0.0763775, 0.0)], [0.565863, 0.0849572, 0.820111, 0.0)], [-0.128142, -0.00783397, 0.108674, 1.0)]])
-0.128142, -0.00783397, 0.108674
float3(-0.0850597, 0.603972, -0.0113662)
93990.87200625
normal
simd_float4x4([[0.860573, -0.00839531, -0.509258, 0.0)], [-0.0347916, 0.99656, -0.0752214, 0.0)], [0.508138, 0.0824514, 0.85732, 0.0)], [-0.122354, -0.00662685, 0.104564, 1.0)]])
-0.122354, -0.00662685, 0.104564
float3(-0.0825451, 0.535038, -0.00842409)
93991.005324416
normal
simd_float4x4([[0.893702, -0.00381849, -0.448645, 0.0)], [-0.0323585, 0.996811, -0.0729423, 0.0)], [0.447493, 0.0797062, 0.890728, 0.0)], [-0.114615, -0.00667595, 0.100897, 1.0)]])
-0.114615, -0.00667595, 0.100897
float3(-0.0797908, 0.465558, -0.00383068)
93991.138642708
normal
simd_float4x4([[0.922768, -0.00457899, -0.385329, 0.0)], [-0.0246896, 0.997172, -0.0709752, 0.0)], [0.384565, 0.0750072, 0.920046, 0.0)], [-0.104345, -0.0050063, 0.0916568, 1.0)]])
-0.104345, -0.0050063, 0.0916568
float3(-0.0750777, 0.395913, -0.00459194)
93991.271961083
normal
simd_float4x4([[0.94978, -0.00349656, -0.312898, 0.0)], [-0.0199328, 0.997231, -0.0716483, 0.0)], [0.312282, 0.074287, 0.94708, 0.0)], [-0.0952671, -0.00465998, 0.0858329, 1.0)]])
-0.0952671, -0.00465998, 0.0858329
float3(-0.0743555, 0.318506, -0.00350626)
93991.405279041
normal
simd_float4x4([[0.969426, -0.00339529, -0.24536, 0.0)], [-0.0145986, 0.997335, -0.0714807, 0.0)], [0.244949, 0.0728772, 0.966793, 0.0)], [-0.0870598, -0.00548463, 0.0803078, 1.0)]])
-0.0870598, -0.00548463, 0.0803078
float3(-0.0729419, 0.24814, -0.00340435)
93991.5385975
normal
simd_float4x4([[0.981545, -0.00721087, -0.191098, 0.0)], [-0.00736255, 0.997123, -0.0754419, 0.0)], [0.191092, 0.0754566, 0.978668, 0.0)], [-0.0771827, -0.00624583, 0.0721457, 1.0)]])
-0.0771827, -0.00624583, 0.0721457
float3(-0.0755284, 0.192831, -0.00723155)
93991.671915666
normal
simd_float4x4([[0.989367, -0.01023, -0.145083, 0.0)], [-0.000928497, 0.997059, -0.076636, 0.0)], [0.14544, 0.0759558, 0.986447, 0.0)], [-0.0718936, -0.00589561, 0.0674672, 1.0)]])
-0.0718936, -0.00589561, 0.0674672
float3(-0.076029, 0.146384, -0.0102598)
93991.805233958
normal
simd_float4x4([[0.994256, -0.0124752, -0.106295, 0.0)], [0.00405197, 0.996859, -0.0790944, 0.0)], [0.106948, 0.0782094, 0.991184, 0.0)], [-0.0644048, -0.00582705, 0.0608176, 1.0)]])
-0.0644048, -0.00582705, 0.0608176
float3(-0.0782894, 0.107483, -0.0125139)
93991.938552333
normal
simd_float4x4([[0.996431, -0.0123868, -0.0835018, 0.0)], [0.00560117, 0.996697, -0.0810126, 0.0)], [0.0842296, 0.0802557, 0.993209, 0.0)], [-0.0543361, -0.00651057, 0.0499221, 1.0)]])
-0.0543361, -0.00651057, 0.0499221
float3(-0.0803421, 0.084603, -0.0124272)
93992.071870625
normal
simd_float4x4([[0.996772, -0.0102178, -0.0796298, 0.0)], [0.00366335, 0.996623, -0.0820267, 0.0)], [0.0801991, 0.0814702, 0.993444, 0.0)], [-0.0537062, -0.00633383, 0.0439791, 1.0)]])
-0.0537062, -0.00633383, 0.0439791
float3(-0.0815606, 0.0805536, -0.0102521)
93992.205188875
normal
simd_float4x4([[0.995098, -0.00872256, -0.0985132, 0.0)], [0.000687155, 0.996689, -0.0813079, 0.0)], [0.0988962, 0.0808415, 0.991808, 0.0)], [-0.0574167, -0.00708709, 0.0432094, 1.0)]])
-0.0574167, -0.00708709, 0.0432094
float3(-0.0809298, 0.0993845, -0.00875132)
93992.338506958
normal
simd_float4x4([[0.991234, -0.010267, -0.131717, 0.0)], [-0.000591765, 0.996621, -0.082137, 0.0)], [0.132115, 0.0814949, 0.987879, 0.0)], [-0.0651479, -0.00859672, 0.0456462, 1.0)]])
-0.0651479, -0.00859672, 0.0456462
float3(-0.0815854, 0.132947, -0.0103014)
93992.471825208
normal
simd_float4x4([[0.984821, -0.0111849, -0.173212, 0.0)], [-0.00329123, 0.996539, -0.0830627, 0.0)], [0.173541, 0.082372, 0.981376, 0.0)], [-0.0762268, -0.00926359, 0.0477328, 1.0)]])
-0.0762268, -0.00926359, 0.0477328
float3(-0.0824654, 0.175025, -0.0112232)
93992.605143625
normal
simd_float4x4([[0.975157, -0.0120911, -0.221186, 0.0)], [-0.00690693, 0.996364, -0.0849175, 0.0)], [0.221408, 0.0843356, 0.971528, 0.0)], [-0.0862675, -0.00930074, 0.0503987, 1.0)]])
-0.0862675, -0.00930074, 0.0503987
float3(-0.0844359, 0.22407, -0.0121347)
93992.738462
normal
simd_float4x4([[0.962007, -0.0131421, -0.27271, 0.0)], [-0.0104486, 0.996337, -0.0848727, 0.0)], [0.272826, 0.0844976, 0.958345, 0.0)], [-0.095488, -0.00891648, 0.0558757, 1.0)]])
-0.095488, -0.00891648, 0.0558757
float3(-0.0845985, 0.277347, -0.0131897)
93992.871780291
normal
simd_float4x4([[0.946527, -0.0103092, -0.32246, 0.0)], [-0.0173159, 0.996425, -0.0826843, 0.0)], [0.32216, 0.0838466, 0.942965, 0.0)], [-0.103931, -0.00858359, 0.0631721, 1.0)]])
-0.103931, -0.00858359, 0.0631721
float3(-0.0839452, 0.329213, -0.0103458)
93993.005098541
normal
simd_float4x4([[0.928738, -0.0100507, -0.370599, 0.0)], [-0.0212179, 0.996553, -0.0801999, 0.0)], [0.370128, 0.082348, 0.925324, 0.0)], [-0.110976, -0.00815132, 0.070707, 1.0)]])
-0.110976, -0.00815132, 0.070707
float3(-0.0824414, 0.380505, -0.0100852)
93993.138416875
normal
simd_float4x4([[0.909572, -0.0104849, -0.415413, 0.0)], [-0.0240115, 0.996685, -0.0777306, 0.0)], [0.414852, 0.0806763, 0.906305, 0.0)], [-0.11925, -0.00873145, 0.079299, 1.0)]])
-0.11925, -0.00873145, 0.079299
float3(-0.080764, 0.429271, -0.0105194)
93993.271735
normal
simd_float4x4([[0.886289, -0.0145459, -0.462905, 0.0)], [-0.0249811, 0.99655, -0.0791441, 0.0)], [0.462459, 0.0817084, 0.882868, 0.0)], [-0.128395, -0.00865905, 0.0876511, 1.0)]])
-0.128395, -0.00865905, 0.0876511
float3(-0.0817996, 0.482517, -0.0145952)
93993.405053375
normal
simd_float4x4([[0.861412, -0.0180203, -0.507588, 0.0)], [-0.0246627, 0.996708, -0.0772392, 0.0)], [0.507309, 0.0790532, 0.858131, 0.0)], [-0.137618, -0.00891099, 0.0992607, 1.0)]])
-0.137618, -0.00891099, 0.0992607
float3(-0.0791358, 0.533908, -0.0180779)
93993.538371583
normal
simd_float4x4([[0.835685, -0.0168707, -0.54895, 0.0)], [-0.0284621, 0.996855, -0.0739648, 0.0)], [0.548471, 0.0774356, 0.832576, 0.0)], [-0.146913, -0.00984851, 0.110589, 1.0)]])
-0.146913, -0.00984851, 0.110589
float3(-0.0775132, 0.582512, -0.0169223)
93993.671689958
normal
simd_float4x4([[0.80398, -0.0207837, -0.594293, 0.0)], [-0.0308492, 0.996586, -0.0765866, 0.0)], [0.593856, 0.0799075, 0.800593, 0.0)], [-0.150899, -0.0103939, 0.120883, 1.0)]])
-0.150899, -0.0103939, 0.120883
float3(-0.0799928, 0.638213, -0.0208519)
93993.805008291
normal
simd_float4x4([[0.773711, -0.024554, -0.633062, 0.0)], [-0.0325749, 0.996385, -0.0784581, 0.0)], [0.6327, 0.0813258, 0.770114, 0.0)], [-0.153373, -0.0109843, 0.129361, 1.0)]])
-0.153373, -0.0109843, 0.129361
float3(-0.0814157, 0.687754, -0.0246381)
93993.938326625
normal
simd_float4x4([[0.745862, -0.026922, -0.665556, 0.0)], [-0.0341833, 0.996319, -0.0786092, 0.0)], [0.665223, 0.0813825, 0.742196, 0.0)], [-0.158073, -0.0119573, 0.142485, 1.0)]])
-0.158073, -0.0119573, 0.142485
float3(-0.0814726, 0.730762, -0.0270149)
93994.07164475
normal
simd_float4x4([[0.715682, -0.0328023, -0.697656, 0.0)], [-0.0318148, 0.996328, -0.0794821, 0.0)], [0.697701, 0.0790797, 0.712011, 0.0)], [-0.153167, -0.0112532, 0.141938, 1.0)]])
-0.153167, -0.0112532, 0.141938
float3(-0.0791623, 0.775248, -0.0329113)
93994.204963083
normal
simd_float4x4([[0.688305, -0.0364779, -0.724504, 0.0)], [-0.0324825, 0.996184, -0.0810162, 0.0)], [0.724694, 0.0792975, 0.684493, 0.0)], [-0.15129, -0.011616, 0.142589, 1.0)]])
-0.15129, -0.011616, 0.142589
float3(-0.0793808, 0.813919, -0.0366013)
93994.338281333
normal
simd_float4x4([[0.654435, -0.0398764, -0.755066, 0.0)], [-0.0430834, 0.995019, -0.0898902, 0.0)], [0.75489, 0.0913582, 0.649458, 0.0)], [-0.14905, -0.0113107, 0.14236, 1.0)]])
-0.14905, -0.0113107, 0.14236
float3(-0.0914857, 0.860333, -0.0400545)
93994.471599666
normal
simd_float4x4([[0.645286, -0.0445831, -0.762639, 0.0)], [-0.0350832, 0.995513, -0.0878813, 0.0)], [0.763135, 0.0834644, 0.640826, 0.0)], [-0.146131, -0.0120202, 0.139429, 1.0)]])
-0.146131, -0.0120202, 0.139429
float3(-0.0835616, 0.872296, -0.0447541)
93994.604918083
normal
simd_float4x4([[0.662521, -0.0408971, -0.747926, 0.0)], [-0.0298422, 0.996275, -0.0809115, 0.0)], [0.748449, 0.0759253, 0.658832, 0.0)], [-0.146796, -0.013329, 0.136329, 1.0)]])
-0.146796, -0.013329, 0.136329
float3(-0.0759985, 0.848993, -0.041027)
93994.738236333
normal
simd_float4x4([[0.669524, -0.0387276, -0.74178, 0.0)], [-0.0287244, 0.996543, -0.0779548, 0.0)], [0.742235, 0.0734998, 0.666097, 0.0)], [-0.146668, -0.0146927, 0.134907, 1.0)]])
-0.146668, -0.0146927, 0.134907
float3(-0.0735661, 0.839408, -0.0388424)
93994.871554666
normal
simd_float4x4([[0.676781, -0.0346372, -0.735369, 0.0)], [-0.0263308, 0.997115, -0.0711988, 0.0)], [0.735714, 0.0675489, 0.673916, 0.0)], [-0.145179, -0.014992, 0.134016, 1.0)]])
-0.145179, -0.014992, 0.134016
float3(-0.0676004, 0.82921, -0.0347235)
