ARKit Data
1531714.65602608
normal
simd_float4x4([[0.0668563, -0.967803, 0.242666, 0.0)], [0.986569, 0.0277934, -0.160961, 0.0)], [0.149035, 0.250168, 0.956663, 0.0)], [-0.147031, 0.283165, 0.172454, 1.0)]])
-0.147031, 0.283165, 0.172454
float3(-0.252854, 0.154544, -1.54209)
1531714.99125046
notAvailable
simd_float4x4([[1.0, 0.0, 0.0, 0.0)], [0.0, 1.0, 0.0, 0.0)], [0.0, 0.0, 1.0, 0.0)], [0.0, 0.0, 0.0, 1.0)]])
0.0, 0.0, 0.0
float3(-0.0, 0.0, 0.0)
1531715.09126892
notAvailable
simd_float4x4([[1.0, 0.0, 0.0, 0.0)], [0.0, 1.0, 0.0, 0.0)], [0.0, 0.0, 1.0, 0.0)], [0.0, 0.0, 0.0, 1.0)]])
0.0, 0.0, 0.0
float3(-0.0, 0.0, 0.0)
1531715.19132058
limited(__ObjC.ARCamera.TrackingState.Reason.initializing)
simd_float4x4([[-0.0815639, -0.93583, 0.342885, 0.0)], [0.996489, -0.0700574, 0.045834, 0.0)], [-0.0188712, 0.34542, 0.938259, 0.0)], [0.0, 0.0, 0.0, 1.0)]])
0.0, 0.0, 0.0
float3(-0.352686, -0.0201102, -1.64552)
1531715.29137208
limited(__ObjC.ARCamera.TrackingState.Reason.initializing)
simd_float4x4([[-0.201959, -0.93813, 0.281292, 0.0)], [0.969306, -0.150342, 0.194531, 0.0)], [-0.140206, 0.311945, 0.939698, 0.0)], [0.0, 0.0, 0.0, 1.0)]])
0.0, 0.0, 0.0
float3(-0.31724, -0.14811, -1.7297)
1531715.39142379
limited(__ObjC.ARCamera.TrackingState.Reason.initializing)
simd_float4x4([[-0.119948, -0.99227, -0.0318186, 0.0)], [0.989261, -0.122158, 0.0802549, 0.0)], [-0.0835214, -0.0218505, 0.996266, 0.0)], [0.0, 0.0, 0.0, 1.0)]])
0.0, 0.0, 0.0
float3(0.0218522, -0.0836389, -1.69329)
1531715.49147533
limited(__ObjC.ARCamera.TrackingState.Reason.initializing)
simd_float4x4([[-0.129563, -0.991395, 0.0187171, 0.0)], [0.986448, -0.126954, 0.10394, 0.0)], [-0.10067, 0.0319303, 0.994407, 0.0)], [0.0, 0.0, 0.0, 1.0)]])
0.0, 0.0, 0.0
float3(-0.0319357, -0.100892, -1.69816)
1531715.59152713
limited(__ObjC.ARCamera.TrackingState.Reason.initializing)
simd_float4x4([[-0.132091, -0.990467, 0.0390694, 0.0)], [0.989087, -0.129106, 0.0709875, 0.0)], [-0.0652667, 0.0480198, 0.996711, 0.0)], [0.0, 0.0, 0.0, 1.0)]])
0.0, 0.0, 0.0
float3(-0.0480383, -0.0653887, -1.70041)
1531715.69157854
limited(__ObjC.ARCamera.TrackingState.Reason.initializing)
simd_float4x4([[-0.104425, -0.990388, -0.0906895, 0.0)], [0.992549, -0.109539, 0.0533622, 0.0)], [-0.0627835, -0.0844414, 0.994448, 0.0)], [0.0, 0.0, 0.0, 1.0)]])
0.0, 0.0, 0.0
float3(0.084542, -0.0630504, -1.68095)
1531715.79163021
limited(__ObjC.ARCamera.TrackingState.Reason.initializing)
simd_float4x4([[-0.110345, -0.989886, -0.089144, 0.0)], [0.991353, -0.116028, 0.0612902, 0.0)], [-0.0710137, -0.0816101, 0.99413, 0.0)], [0.0, 0.0, 0.0, 1.0)]])
0.0, 0.0, 0.0
float3(0.0817009, -0.0713119, -1.68748)
1531715.89168183
limited(__ObjC.ARCamera.TrackingState.Reason.initializing)
simd_float4x4([[-0.122525, -0.98941, -0.0778122, 0.0)], [0.991212, -0.125933, 0.0404927, 0.0)], [-0.0498632, -0.072167, 0.996145, 0.0)], [0.0, 0.0, 0.0, 1.0)]])
0.0, 0.0, 0.0
float3(0.0722298, -0.0500144, -1.6974)
1531715.99173329
limited(__ObjC.ARCamera.TrackingState.Reason.initializing)
simd_float4x4([[-0.140456, -0.988075, -0.0630855, 0.0)], [0.990087, -0.1402, -0.008496, 0.0)], [-0.0004499, -0.0636534, 0.997972, 0.0)], [0.0, 0.0, 0.0, 1.0)]])
0.0, 0.0, 0.0
float3(0.0636965, -0.000450815, -1.71175)
1531716.09178504
limited(__ObjC.ARCamera.TrackingState.Reason.initializing)
simd_float4x4([[-0.130887, -0.990047, -0.0516981, 0.0)], [0.990427, -0.128275, -0.0509824, 0.0)], [0.0438433, -0.0578762, 0.99736, 0.0)], [0.0, 0.0, 0.0, 1.0)]])
0.0, 0.0, 0.0
float3(0.0579086, 0.0439311, -1.69964)
1531716.19183658
limited(__ObjC.ARCamera.TrackingState.Reason.initializing)
simd_float4x4([[-0.126362, -0.990799, -0.0484628, 0.0)], [0.988878, -0.121952, -0.0851396, 0.0)], [0.0784461, -0.0586821, 0.995189, 0.0)], [0.0, 0.0, 0.0, 1.0)]])
0.0, 0.0, 0.0
float3(0.0587158, 0.0786627, -1.69326)
1531716.29188817
limited(__ObjC.ARCamera.TrackingState.Reason.initializing)
simd_float4x4([[-0.117288, -0.991826, -0.0502313, 0.0)], [0.987925, -0.111371, -0.107708, 0.0)], [0.101234, -0.0622576, 0.992912, 0.0)], [0.0, 0.0, 0.0, 1.0)]])
0.0, 0.0, 0.0
float3(0.0622979, 0.101605, -1.68262)
1531716.39193983
limited(__ObjC.ARCamera.TrackingState.Reason.initializing)
simd_float4x4([[-0.107616, -0.992853, -0.0515652, 0.0)], [0.992384, -0.104148, -0.0657814, 0.0)], [0.0599408, -0.0582516, 0.9965, 0.0)], [0.0, 0.0, 0.0, 1.0)]])
0.0, 0.0, 0.0
float3(0.0582846, 0.0600789, -1.67531)
1531716.49199125
limited(__ObjC.ARCamera.TrackingState.Reason.initializing)
simd_float4x4([[-0.096664, -0.993586, -0.0586649, 0.0)], [0.992298, -0.0916155, -0.08338, 0.0)], [0.0774705, -0.0662729, 0.994788, 0.0)], [0.0, 0.0, 0.0, 1.0)]])
0.0, 0.0, 0.0
float3(0.0663215, 0.0777195, -1.66274)
1531716.592043
limited(__ObjC.ARCamera.TrackingState.Reason.initializing)
simd_float4x4([[-0.0848447, -0.993725, -0.072869, 0.0)], [0.996373, -0.085091, 0.000276453, 0.0)], [-0.00647527, -0.0725812, 0.997341, 0.0)], [0.0, 0.0, 0.0, 1.0)]])
0.0, 0.0, 0.0
float3(0.0726451, -0.00649244, -1.65622)
1531716.69209454
limited(__ObjC.ARCamera.TrackingState.Reason.initializing)
simd_float4x4([[-0.068488, -0.994274, -0.0820212, 0.0)], [0.995317, -0.0737185, 0.0625334, 0.0)], [-0.068222, -0.0773543, 0.994666, 0.0)], [0.0, 0.0, 0.0, 1.0)]])
0.0, 0.0, 0.0
float3(0.0774316, -0.0684806, -1.6448)
1531716.79214617
limited(__ObjC.ARCamera.TrackingState.Reason.initializing)
simd_float4x4([[-0.0535866, -0.993621, -0.0992185, 0.0)], [0.977059, -0.0726829, 0.200183, 0.0)], [-0.206118, -0.0862151, 0.974721, 0.0)], [0.0, 0.0, 0.0, 1.0)]])
0.0, 0.0, 0.0
float3(0.0863223, -0.208393, -1.64382)
1531716.89219788
limited(__ObjC.ARCamera.TrackingState.Reason.initializing)
simd_float4x4([[-0.0338818, -0.993187, -0.111482, 0.0)], [0.942304, -0.0689168, 0.327586, 0.0)], [-0.333038, -0.0939508, 0.93822, 0.0)], [0.0, 0.0, 0.0, 1.0)]])
0.0, 0.0, 0.0
float3(0.0940895, -0.341094, -1.64007)
1531716.99224929
limited(__ObjC.ARCamera.TrackingState.Reason.initializing)
simd_float4x4([[-0.0181001, -0.993013, -0.116592, 0.0)], [0.898225, -0.0673703, 0.434343, 0.0)], [-0.439164, -0.0968644, 0.893168, 0.0)], [0.0, 0.0, 0.0, 1.0)]])
0.0, 0.0, 0.0
float3(0.0970165, -0.456979, -1.63854)
1531717.09230092
limited(__ObjC.ARCamera.TrackingState.Reason.initializing)
simd_float4x4([[-0.00134988, -0.994021, -0.109166, 0.0)], [0.843652, -0.0597429, 0.533555, 0.0)], [-0.536888, -0.0913776, 0.838688, 0.0)], [0.0, 0.0, 0.0, 1.0)]])
0.0, 0.0, 0.0
float3(0.0915053, -0.569421, -1.63083)
1531717.19235254
limited(__ObjC.ARCamera.TrackingState.Reason.initializing)
simd_float4x4([[0.0112324, -0.994571, -0.103442, 0.0)], [0.786615, -0.0550789, 0.614982, 0.0)], [-0.617341, -0.0882762, 0.781725, 0.0)], [0.0, 0.0, 0.0, 1.0)]])
0.0, 0.0, 0.0
float3(0.0883913, -0.668439, -1.62612)
1531717.29240429
limited(__ObjC.ARCamera.TrackingState.Reason.initializing)
simd_float4x4([[0.0215321, -0.994992, -0.0975985, 0.0)], [0.739774, -0.0498106, 0.671009, 0.0)], [-0.672511, -0.0866488, 0.734996, 0.0)], [0.0, 0.0, 0.0, 1.0)]])
0.0, 0.0, 0.0
float3(0.0867576, -0.741033, -1.62082)
1531717.39245579
limited(__ObjC.ARCamera.TrackingState.Reason.initializing)
simd_float4x4([[0.0331113, -0.995503, -0.0887587, 0.0)], [0.689718, -0.0415117, 0.722887, 0.0)], [-0.72332, -0.0851542, 0.685242, 0.0)], [0.0, 0.0, 0.0, 1.0)]])
0.0, 0.0, 0.0
float3(0.0852575, -0.812425, -1.61247)
1531717.49250721
limited(__ObjC.ARCamera.TrackingState.Reason.initializing)
simd_float4x4([[0.0480673, -0.99529, -0.0841844, 0.0)], [0.626947, -0.0355487, 0.77825, 0.0)], [-0.777578, -0.0901874, 0.622285, 0.0)], [0.0, 0.0, 0.0, 1.0)]])
0.0, 0.0, 0.0
float3(0.0903101, -0.895881, -1.6065)
1531717.59255896
limited(__ObjC.ARCamera.TrackingState.Reason.initializing)
simd_float4x4([[0.0563951, -0.995092, -0.0813038, 0.0)], [0.576651, -0.0340137, 0.816282, 0.0)], [-0.815042, -0.0929181, 0.571902, 0.0)], [0.0, 0.0, 0.0, 1.0)]])
0.0, 0.0, 0.0
float3(0.0930524, -0.958941, -1.60496)
1531717.6926105
limited(__ObjC.ARCamera.TrackingState.Reason.initializing)
simd_float4x4([[0.0586827, -0.994267, -0.0893736, 0.0)], [0.545822, -0.0430043, 0.836797, 0.0)], [-0.835843, -0.0978872, 0.540169, 0.0)], [0.0, 0.0, 0.0, 1.0)]])
0.0, 0.0, 0.0
float3(0.0980442, -0.997057, -1.61402)
1531717.79266225
limited(__ObjC.ARCamera.TrackingState.Reason.initializing)
simd_float4x4([[0.0569075, -0.993384, -0.0997273, 0.0)], [0.552489, -0.0518675, 0.831904, 0.0)], [-0.831575, -0.102439, 0.545881, 0.0)], [0.0, 0.0, 0.0, 1.0)]])
0.0, 0.0, 0.0
float3(0.102619, -0.989905, -1.62296)
1531717.89271371
limited(__ObjC.ARCamera.TrackingState.Reason.initializing)
simd_float4x4([[0.0515039, -0.992484, -0.110996, 0.0)], [0.582435, -0.0604342, 0.810627, 0.0)], [-0.811243, -0.106398, 0.574944, 0.0)], [0.0, 0.0, 0.0, 1.0)]])
0.0, 0.0, 0.0
float3(0.1066, -0.954242, -1.63161)
1531717.99276546
limited(__ObjC.ARCamera.TrackingState.Reason.initializing)
simd_float4x4([[0.0435059, -0.991793, -0.120219, 0.0)], [0.62889, -0.0663134, 0.774661, 0.0)], [-0.776276, -0.109307, 0.620844, 0.0)], [0.0, 0.0, 0.0, 1.0)]])
0.0, 0.0, 0.0
float3(0.109526, -0.896194, -1.63756)
1531718.09281692
limited(__ObjC.ARCamera.TrackingState.Reason.initializing)
simd_float4x4([[0.0336143, -0.992098, -0.12088, 0.0)], [0.681737, -0.0656814, 0.728643, 0.0)], [-0.730825, -0.106901, 0.674141, 0.0)], [0.0, 0.0, 0.0, 1.0)]])
0.0, 0.0, 0.0
float3(0.107106, -0.825721, -1.6369)
1531718.19286854
limited(__ObjC.ARCamera.TrackingState.Reason.initializing)
simd_float4x4([[0.020682, -0.992799, -0.117988, 0.0)], [0.744697, -0.0634442, 0.664381, 0.0)], [-0.667082, -0.101606, 0.738022, 0.0)], [0.0, 0.0, 0.0, 1.0)]])
0.0, 0.0, 0.0
float3(0.101782, -0.734954, -1.63461)
1531718.29292021
limited(__ObjC.ARCamera.TrackingState.Reason.initializing)
simd_float4x4([[0.00481553, -0.993591, -0.112936, 0.0)], [0.800324, -0.0638829, 0.596154, 0.0)], [-0.599548, -0.0932565, 0.794887, 0.0)], [0.0, 0.0, 0.0, 1.0)]])
0.0, 0.0, 0.0
float3(0.0933922, -0.646219, -1.635)
1531718.39297167
limited(__ObjC.ARCamera.TrackingState.Reason.initializing)
simd_float4x4([[-0.00838261, -0.994651, -0.10295, 0.0)], [0.852117, -0.0609811, 0.519786, 0.0)], [-0.523284, -0.0833682, 0.84807, 0.0)], [0.0, 0.0, 0.0, 1.0)]])
0.0, 0.0, 0.0
float3(0.0834651, -0.552847, -1.63203)
1531718.49302346
limited(__ObjC.ARCamera.TrackingState.Reason.initializing)
simd_float4x4([[-0.0179022, -0.995015, -0.0981052, 0.0)], [0.887235, -0.0610475, 0.457261, 0.0)], [-0.460971, -0.0788564, 0.883905, 0.0)], [0.0, 0.0, 0.0, 1.0)]])
0.0, 0.0, 0.0
float3(0.0789383, -0.480712, -1.63207)
1531718.59307492
limited(__ObjC.ARCamera.TrackingState.Reason.initializing)
simd_float4x4([[-0.0249391, -0.995155, -0.0950974, 0.0)], [0.914289, -0.0611766, 0.400416, 0.0)], [-0.404294, -0.0769604, 0.911385, 0.0)], [0.0, 0.0, 0.0, 1.0)]])
0.0, 0.0, 0.0
float3(0.0770366, -0.417523, -1.63219)
1531718.69312667
limited(__ObjC.ARCamera.TrackingState.Reason.initializing)
simd_float4x4([[-0.027093, -0.995112, -0.0949554, 0.0)], [0.931068, -0.0596946, 0.359928, 0.0)], [-0.363838, -0.0786583, 0.928134, 0.0)], [0.0, 0.0, 0.0, 1.0)]])
0.0, 0.0, 0.0
float3(0.0787397, -0.373599, -1.63071)
1531718.79317817
limited(__ObjC.ARCamera.TrackingState.Reason.initializing)
simd_float4x4([[-0.0266336, -0.9947, -0.0993065, 0.0)], [0.936578, -0.0595569, 0.345362, 0.0)], [-0.349446, -0.08381, 0.9332, 0.0)], [0.0, 0.0, 0.0, 1.0)]])
0.0, 0.0, 0.0
float3(0.0839084, -0.358298, -1.6306)
1531718.89322979
limited(__ObjC.ARCamera.TrackingState.Reason.initializing)
simd_float4x4([[-0.0309792, -0.994416, -0.100876, 0.0)], [0.943071, -0.0625174, 0.326664, 0.0)], [-0.331147, -0.0850136, 0.939741, 0.0)], [0.0, 0.0, 0.0, 1.0)]])
0.0, 0.0, 0.0
float3(0.0851164, -0.338794, -1.63358)
1531718.99328142
limited(__ObjC.ARCamera.TrackingState.Reason.initializing)
simd_float4x4([[-0.0350618, -0.994114, -0.102498, 0.0)], [0.950311, -0.0649085, 0.304461, 0.0)], [-0.309322, -0.0867302, 0.946993, 0.0)], [0.0, 0.0, 0.0, 1.0)]])
0.0, 0.0, 0.0
float3(0.0868393, -0.315711, -1.636)
1531719.09333288
limited(__ObjC.ARCamera.TrackingState.Reason.initializing)
simd_float4x4([[-0.039331, -0.993689, -0.105047, 0.0)], [0.956838, -0.0677489, 0.282615, 0.0)], [-0.287949, -0.0893972, 0.953464, 0.0)], [0.0, 0.0, 0.0, 1.0)]])
0.0, 0.0, 0.0
float3(0.0895167, -0.293293, -1.63887)
1531719.19338479
limited(__ObjC.ARCamera.TrackingState.Reason.initializing)
simd_float4x4([[-0.0485894, -0.992578, -0.111475, 0.0)], [0.96577, -0.0751605, 0.248274, 0.0)], [-0.25481, -0.0955953, 0.962253, 0.0)], [0.0, 0.0, 0.0, 1.0)]])
0.0, 0.0, 0.0
float3(0.0957415, -0.258864, -1.64637)
1531719.29343625
normal
simd_float4x4([[-0.103209, -0.986831, -0.12455, 0.0)], [0.973231, -0.126042, 0.192182, 0.0)], [-0.20535, -0.101381, 0.973423, 0.0)], [0.00779068, 0.0031617, 0.00527412, 1.0)]])
0.00779068, 0.0031617, 0.00527412
float3(0.101556, -0.207908, -1.69783)
1531719.39348775
normal
simd_float4x4([[-0.112144, -0.985452, -0.127702, 0.0)], [0.983071, -0.128765, 0.130348, 0.0)], [-0.144895, -0.110923, 0.98321, 0.0)], [0.023906, 0.00744071, 0.0147002, 1.0)]])
0.023906, 0.00744071, 0.0147002
float3(0.111151, -0.146316, -1.70073)
1531719.49353946
normal
simd_float4x4([[-0.120807, -0.984149, -0.12983, 0.0)], [0.989018, -0.130545, 0.0692904, 0.0)], [-0.0851408, -0.120033, 0.989112, 0.0)], [0.043219, 0.00962039, 0.0231515, 1.0)]])
0.043219, 0.00962039, 0.0231515
float3(0.120323, -0.0858663, -1.70267)
1531719.59359092
normal
simd_float4x4([[-0.129861, -0.983343, -0.127169, 0.0)], [0.991368, -0.131102, 0.00140204, 0.0)], [-0.0180508, -0.125889, 0.99188, 0.0)], [0.0662678, 0.0106304, 0.0315214, 1.0)]])
0.0662678, 0.0106304, 0.0315214
float3(0.126224, -0.0181966, -1.70334)
1531719.69364267
normal
simd_float4x4([[-0.138283, -0.98265, -0.1236, 0.0)], [0.989372, -0.131397, -0.0622632, 0.0)], [0.0449421, -0.130897, 0.990377, 0.0)], [0.0981611, 0.00997427, 0.044246, 1.0)]])
0.0981611, 0.00997427, 0.044246
float3(0.131274, 0.0453477, -1.70373)
1531719.79369433
normal
simd_float4x4([[-0.144531, -0.982968, -0.113511, 0.0)], [0.984022, -0.130727, -0.120879, 0.0)], [0.103981, -0.129168, 0.986156, 0.0)], [0.132777, 0.00888185, 0.0580398, 1.0)]])
0.132777, 0.00888185, 0.0580398
float3(0.12953, 0.105052, -1.70301)
1531719.89374592
normal
simd_float4x4([[-0.151684, -0.982703, -0.106241, 0.0)], [0.977127, -0.132874, -0.166032, 0.0)], [0.149044, -0.128995, 0.980381, 0.0)], [0.172215, 0.00800736, 0.0734297, 1.0)]])
0.172215, 0.00800736, 0.0734297
float3(0.129355, 0.150871, -1.70519)
1531719.99379737
normal
simd_float4x4([[-0.157238, -0.982207, -0.102693, 0.0)], [0.970032, -0.134104, -0.20262, 0.0)], [0.185243, -0.131475, 0.973858, 0.0)], [0.218595, 0.00845368, 0.0915338, 1.0)]])
0.218595, 0.00845368, 0.0915338
float3(0.131856, 0.18797, -1.70649)
1531720.093849
normal
simd_float4x4([[-0.161899, -0.981638, -0.10087, 0.0)], [0.963213, -0.134981, -0.232379, 0.0)], [0.214497, -0.134781, 0.96738, 0.0)], [0.272494, 0.00868418, 0.111028, 1.0)]])
0.272494, 0.00868418, 0.111028
float3(0.135193, 0.2182, -1.70745)
1531720.19390062
normal
simd_float4x4([[-0.124862, -0.987234, -0.0988854, 0.0)], [0.963008, -0.0966007, -0.251562, 0.0)], [0.238798, -0.126638, 0.962776, 0.0)], [0.123783, 0.00692286, 0.0427859, 1.0)]])
0.123783, 0.00692286, 0.0427859
float3(0.126979, 0.243124, -1.66834)
1531720.29395217
normal
simd_float4x4([[-0.123075, -0.987915, -0.0942091, 0.0)], [0.957406, -0.0932135, -0.273284, 0.0)], [0.2612, -0.123831, 0.957309, 0.0)], [0.148527, 0.00715093, 0.0486356, 1.0)]])
0.148527, 0.00715093, 0.0486356
float3(0.12415, 0.266365, -1.66487)
1531720.394004
normal
simd_float4x4([[-0.121186, -0.988855, -0.0864845, 0.0)], [0.954114, -0.0920064, -0.284959, 0.0)], [0.273826, -0.117049, 0.95463, 0.0)], [0.165866, 0.00680454, 0.0524552, 1.0)]])
0.165866, 0.00680454, 0.0524552
float3(0.117318, 0.27934, -1.66357)
1531720.49405546
normal
simd_float4x4([[-0.112292, -0.990577, -0.0784128, 0.0)], [0.949945, -0.083863, -0.300952, 0.0)], [0.29154, -0.108282, 0.95041, 0.0)], [0.140268, 0.00680985, 0.0463521, 1.0)]])
0.140268, 0.00680985, 0.0463521
float3(0.108495, 0.297639, -1.65526)
1531720.59410704
normal
simd_float4x4([[-0.110722, -0.991187, -0.0727245, 0.0)], [0.946149, -0.0827272, -0.312983, 0.0)], [0.304208, -0.103462, 0.94697, 0.0)], [0.151617, 0.00549015, 0.0481094, 1.0)]])
0.151617, 0.00549015, 0.0481094
float3(0.103648, 0.31083, -1.65407)
1531720.69415863
normal
simd_float4x4([[-0.108736, -0.991611, -0.0698815, 0.0)], [0.943731, -0.0808867, -0.32067, 0.0)], [0.312328, -0.100818, 0.944609, 0.0)], [0.152352, 0.00609344, 0.0525289, 1.0)]])
0.152352, 0.00609344, 0.0525289
float3(0.100989, 0.319327, -1.65219)
1531720.79421017
normal
simd_float4x4([[-0.107844, -0.99139, -0.0742585, 0.0)], [0.940775, -0.0776182, -0.330027, 0.0)], [0.321422, -0.105452, 0.941046, 0.0)], [0.148625, 0.00714023, 0.0580301, 1.0)]])
0.148625, 0.00714023, 0.0580301
float3(0.105649, 0.329134, -1.64893)
1531720.89426187
normal
simd_float4x4([[-0.107899, -0.991143, -0.0774143, 0.0)], [0.942882, -0.0773371, -0.324024, 0.0)], [0.315167, -0.107955, 0.942876, 0.0)], [0.148003, 0.00639726, 0.0626596, 1.0)]])
0.148003, 0.00639726, 0.0626596
float3(0.108165, 0.322586, -1.64867)
1531720.9943135
normal
simd_float4x4([[-0.108226, -0.991102, -0.0774921, 0.0)], [0.946643, -0.0789396, -0.312467, 0.0)], [0.303569, -0.107174, 0.946762, 0.0)], [0.1466, 0.00535825, 0.0652593, 1.0)]])
0.1466, 0.00535825, 0.0652593
float3(0.10738, 0.310283, -1.65028)
1531721.09436517
normal
simd_float4x4([[-0.107452, -0.991519, -0.0731049, 0.0)], [0.956029, -0.0828635, -0.281322, 0.0)], [0.272878, -0.100119, 0.956825, 0.0)], [0.142255, 0.00394614, 0.0627433, 1.0)]])
0.142255, 0.00394614, 0.0627433
float3(0.100287, 0.277817, -1.65417)
1531721.19441679
normal
simd_float4x4([[-0.10588, -0.99183, -0.0711582, 0.0)], [0.96813, -0.0864874, -0.235041, 0.0)], [0.226966, -0.0937765, 0.969377, 0.0)], [0.140198, 0.00331257, 0.0572953, 1.0)]])
0.140198, 0.00331257, 0.0572953
float3(0.0939145, 0.229993, -1.65778)
1531721.29446829
normal
simd_float4x4([[-0.102003, -0.99231, -0.0701201, 0.0)], [0.979939, -0.0880995, -0.178768, 0.0)], [0.171215, -0.0869484, 0.981389, 0.0)], [0.13722, 0.00273359, 0.0518966, 1.0)]])
0.13722, 0.00273359, 0.0518966
float3(0.0870583, 0.172724, -1.65935)
1531721.39452
normal
simd_float4x4([[-0.09656, -0.992765, -0.0713635, 0.0)], [0.990428, -0.0887326, -0.105728, 0.0)], [0.0986312, -0.0808896, 0.991831, 0.0)], [0.13584, 0.00288206, 0.0427989, 1.0)]])
0.13584, 0.00288206, 0.0427989
float3(0.080978, 0.0991177, -1.65994)
1531721.4945715
normal
simd_float4x4([[-0.0894277, -0.99348, -0.0707161, 0.0)], [0.995722, -0.0875214, -0.0296172, 0.0)], [0.0232349, -0.0730622, 0.997057, 0.0)], [0.134065, 0.00268489, 0.0376082, 1.0)]])
0.134065, 0.00268489, 0.0376082
float3(0.0731273, 0.0232993, -1.65867)
1531721.59462321
normal
simd_float4x4([[-0.0816428, -0.994485, -0.0658301, 0.0)], [0.995423, -0.0846556, 0.0443515, 0.0)], [-0.0496798, -0.0619078, 0.996845, 0.0)], [0.130277, 0.000949994, 0.0326227, 1.0)]])
0.130277, 0.000949994, 0.0326227
float3(0.0619474, -0.0497959, -1.65572)
1531721.69467479
normal
simd_float4x4([[-0.0731772, -0.995536, -0.0596081, 0.0)], [0.990141, -0.0796786, 0.115204, 0.0)], [-0.119439, -0.0505901, 0.991552, 0.0)], [0.125438, -0.0010059, 0.0267329, 1.0)]])
0.125438, -0.0010059, 0.0267329
float3(0.0506117, -0.119879, -1.65066)
1531721.7947265
normal
simd_float4x4([[-0.0652176, -0.996423, -0.0537436, 0.0)], [0.975919, -0.074925, 0.20486, 0.0)], [-0.208154, -0.0390889, 0.977314, 0.0)], [0.121047, -0.00284666, 0.0218468, 1.0)]])
0.121047, -0.00284666, 0.0218468
float3(0.0390989, -0.20985, -1.64585)
1531721.89477792
normal
simd_float4x4([[-0.0561492, -0.996996, -0.0533514, 0.0)], [0.948199, -0.0699829, 0.309871, 0.0)], [-0.312674, -0.0331887, 0.94928, 0.0)], [0.117296, -0.00515539, 0.0177947, 1.0)]])
0.117296, -0.00515539, 0.0177947
float3(0.0331948, -0.318188, -1.64088)
1531721.99482946
normal
simd_float4x4([[-0.0468499, -0.997456, -0.0537331, 0.0)], [0.904341, -0.0651989, 0.421801, 0.0)], [-0.424231, -0.0288318, 0.905095, 0.0)], [0.113986, -0.00785414, 0.0140668, 1.0)]])
0.113986, -0.00785414, 0.0140668
float3(0.0288357, -0.438307, -1.63607)
1531722.09488121
normal
simd_float4x4([[-0.0381263, -0.997802, -0.0542015, 0.0)], [0.847048, -0.0610474, 0.527999, 0.0)], [-0.530148, -0.0257806, 0.847513, 0.0)], [0.110207, -0.012194, 0.00995257, 1.0)]])
0.110207, -0.012194, 0.00995257
float3(0.0257835, -0.558983, -1.6319)
1531722.19493275
normal
simd_float4x4([[-0.0304915, -0.99824, -0.0508707, 0.0)], [0.785555, -0.0554022, 0.616307, 0.0)], [-0.618041, -0.0211696, 0.785861, 0.0)], [0.10707, -0.0171346, 0.00468373, 1.0)]])
0.10707, -0.0171346, 0.00468373
float3(0.0211711, -0.666424, -1.62624)
1531722.29498446
normal
simd_float4x4([[-0.0287316, -0.998406, -0.0485868, 0.0)], [0.707047, -0.0546579, 0.705051, 0.0)], [-0.706583, -0.0140959, 0.70749, 0.0)], [0.111428, -0.0212087, -0.00316846, 1.0)]])
0.111428, -0.0212087, -0.00316846
float3(0.0140964, -0.784756, -1.62549)
1531722.39503596
normal
simd_float4x4([[-0.0376954, -0.99844, -0.0411912, 0.0)], [0.653561, -0.055815, 0.754813, 0.0)], [-0.755935, 0.00153204, 0.654645, 0.0)], [0.119165, -0.0263949, -0.0149759, 1.0)]])
0.119165, -0.0263949, -0.0149759
float3(-0.00153204, -0.857082, -1.62664)
1531722.49508758
normal
simd_float4x4([[-0.0584265, -0.997589, -0.0374438, 0.0)], [0.582933, -0.064542, 0.809953, 0.0)], [-0.810417, 0.0254955, 0.585298, 0.0)], [0.139812, -0.0362865, -0.0277769, 1.0)]])
0.139812, -0.0362865, -0.0277769
float3(-0.0254983, -0.945314, -1.6354)
1531722.59513921
normal
simd_float4x4([[-0.0787323, -0.995774, -0.0472723, 0.0)], [0.552022, -0.0830339, 0.829685, 0.0)], [-0.830104, 0.0392277, 0.556227, 0.0)], [0.171461, -0.0460882, -0.0392383, 1.0)]])
0.171461, -0.0460882, -0.0392383
float3(-0.0392377, -0.980443, -1.65399)
1531722.69519075
normal
simd_float4x4([[-0.0712446, -0.993825, -0.0850678, 0.0)], [0.518142, -0.109749, 0.848224, 0.0)], [-0.852322, 0.0163541, 0.522762, 0.0)], [0.221626, -0.0474247, -0.042789, 1.0)]])
0.221626, -0.0474247, -0.042789
float3(-0.0163549, -1.02063, -1.68078)
1531722.79524258
normal
simd_float4x4([[-0.0390954, -0.991774, -0.121885, 0.0)], [0.429721, -0.12681, 0.894013, 0.0)], [-0.902115, -0.0174247, 0.431144, 0.0)], [0.278421, -0.0425782, -0.0371279, 1.0)]])
0.278421, -0.0425782, -0.0371279
float3(0.0174256, -1.12496, -1.69797)
1531722.89529408
normal
simd_float4x4([[0.000323704, -0.991541, -0.129794, 0.0)], [0.313472, -0.123151, 0.941578, 0.0)], [-0.949597, -0.0409915, 0.310781, 0.0)], [0.323489, -0.0403452, -0.0320838, 1.0)]])
0.323489, -0.0403452, -0.0320838
float3(0.041003, -1.25451, -1.69437)
1531722.99534575
normal
simd_float4x4([[0.0135132, -0.993761, -0.110709, 0.0)], [0.318153, -0.100692, 0.942677, 0.0)], [-0.947943, -0.047961, 0.314808, 0.0)], [0.36337, -0.0435622, -0.0335955, 1.0)]])
0.36337, -0.0435622, -0.0335955
float3(0.0479794, -1.25016, -1.67178)
1531723.09539725
normal
simd_float4x4([[0.0245226, -0.99428, -0.103954, 0.0)], [0.201436, -0.0969379, 0.974693, 0.0)], [-0.979195, -0.044842, 0.197906, 0.0)], [0.399491, -0.0487538, -0.0331886, 1.0)]])
0.399491, -0.0487538, -0.0331886
float3(0.0448571, -1.37137, -1.66798)
1531723.19544879
normal
simd_float4x4([[0.015255, -0.996512, -0.0820465, 0.0)], [0.141256, -0.0790852, 0.986809, 0.0)], [-0.989856, -0.0266433, 0.139557, 0.0)], [0.464011, -0.053609, -0.0396353, 1.0)]])
0.464011, -0.053609, -0.0396353
float3(0.0266464, -1.43073, -1.64999)
1531723.29550062
normal
simd_float4x4([[0.00235426, -0.997778, -0.0665764, 0.0)], [0.113789, -0.0658769, 0.991318, 0.0)], [-0.993502, -0.00990949, 0.113381, 0.0)], [0.538862, -0.0642115, -0.0547854, 1.0)]])
0.538862, -0.0642115, -0.0547854
float3(0.00990965, -1.45717, -1.63672)
1531723.39555221
normal
simd_float4x4([[0.00352747, -0.998513, -0.0543901, 0.0)], [0.104098, -0.0537283, 0.993115, 0.0)], [-0.994561, -0.00916506, 0.103753, 0.0)], [0.629621, -0.0763943, -0.0810767, 1.0)]])
0.629621, -0.0763943, -0.0810767
float3(0.00916518, -1.46685, -1.62455)
1531723.49560383
normal
simd_float4x4([[0.0342744, -0.998666, -0.0386088, 0.0)], [0.126507, -0.0339855, 0.991383, 0.0)], [-0.991373, -0.0388634, 0.125173, 0.0)], [0.733487, -0.0740882, -0.119576, 1.0)]])
0.733487, -0.0740882, -0.119576
float3(0.0388732, -1.4452, -1.60481)
1531723.59565533
normal
simd_float4x4([[0.0778088, -0.992835, -0.0906925, 0.0)], [0.0511926, -0.0868695, 0.994903, 0.0)], [-0.995653, -0.082055, 0.0440665, 0.0)], [0.848657, -0.0607897, -0.150102, 1.0)]])
0.848657, -0.0607897, -0.150102
float3(0.0821474, -1.52657, -1.65807)
1531723.69570688
normal
simd_float4x4([[0.0431126, -0.987003, -0.154809, 0.0)], [-0.00767858, -0.155275, 0.987841, 0.0)], [-0.999041, -0.0413997, -0.0142731, 0.0)], [0.936407, -0.0561538, -0.167888, 1.0)]])
0.936407, -0.0561538, -0.167888
float3(0.0414115, -1.58508, -1.72684)
1531723.79575863
normal
simd_float4x4([[0.0259129, -0.987072, -0.15817, 0.0)], [-0.00600732, -0.158374, 0.987361, 0.0)], [-0.999646, -0.0246352, -0.0100336, 0.0)], [1.01082, -0.050536, -0.183439, 1.0)]])
1.01082, -0.050536, -0.183439
float3(0.0246377, -1.58083, -1.72989)
1531723.89581017
normal
simd_float4x4([[0.0136959, -0.985312, -0.170215, 0.0)], [-0.0129726, -0.170392, 0.985291, 0.0)], [-0.999822, -0.0112863, -0.0151158, 0.0)], [1.08859, -0.0579157, -0.193328, 1.0)]])
1.08859, -0.0579157, -0.193328
float3(0.0112865, -1.58591, -1.74203)
1531723.99586179
normal
simd_float4x4([[0.00836717, -0.984863, -0.173133, 0.0)], [-0.0125983, -0.173229, 0.984801, 0.0)], [-0.999886, -0.00605882, -0.013857, 0.0)], [1.17635, -0.0698916, -0.200224, 1.0)]])
1.17635, -0.0698916, -0.200224
float3(0.00605886, -1.58465, -1.74491)
1531724.09591333
normal
simd_float4x4([[0.0234755, -0.984618, -0.173138, 0.0)], [0.047872, -0.17188, 0.983954, 0.0)], [-0.998578, -0.0313873, 0.0431007, 0.0)], [1.26706, -0.0837151, -0.199667, 1.0)]])
1.26706, -0.0837151, -0.199667
float3(0.0313924, -1.52766, -1.74362)
1531724.19596512
normal
simd_float4x4([[0.0948066, -0.979707, -0.176595, 0.0)], [-0.0695832, -0.183481, 0.980557, 0.0)], [-0.993061, -0.0806753, -0.0855665, 0.0)], [1.36649, -0.0663977, -0.179911, 1.0)]])
1.36649, -0.0663977, -0.179911
float3(0.0807631, -1.65675, -1.75593)
1531724.29601662
normal
simd_float4x4([[0.168343, -0.980947, -0.0969765, 0.0)], [-0.105796, -0.115792, 0.987623, 0.0)], [-0.980035, -0.155999, -0.123273, 0.0)], [1.45375, -0.0584105, -0.17565, 1.0)]])
1.45375, -0.0584105, -0.17565
float3(0.156639, -1.69592, -1.68829)
1531724.39606817
normal
simd_float4x4([[0.102784, -0.994671, -0.00808407, 0.0)], [0.0425915, -0.00371875, 0.999086, 0.0)], [-0.993791, -0.103035, 0.0419822, 0.0)], [1.5311, -0.0471678, -0.178787, 1.0)]])
1.5311, -0.0471678, -0.178787
float3(0.103218, -1.52858, -1.57454)
1531724.49611983
normal
simd_float4x4([[0.0831364, -0.996451, 0.0132041, 0.0)], [0.0139494, 0.0144123, 0.999799, 0.0)], [-0.996441, -0.0829355, 0.0150981, 0.0)], [1.61097, -0.0478003, -0.179316, 1.0)]])
1.61097, -0.0478003, -0.179316
float3(0.0830309, -1.55565, -1.55633)
1531724.59617142
normal
simd_float4x4([[0.0460865, -0.998513, 0.0291036, 0.0)], [0.0111465, 0.0296468, 0.999498, 0.0)], [-0.998875, -0.045739, 0.0124963, 0.0)], [1.68263, -0.0659141, -0.184481, 1.0)]])
1.68263, -0.0659141, -0.184481
float3(0.0457549, -1.55829, -1.54111)
1531724.69622321
normal
simd_float4x4([[0.034958, -0.998745, 0.0358696, 0.0)], [-0.0108909, 0.0355087, 0.99931, 0.0)], [-0.999329, -0.0353246, -0.00963588, 0.0)], [1.77026, -0.0812591, -0.201137, 1.0)]])
1.77026, -0.0812591, -0.201137
float3(0.0353319, -1.58044, -1.53526)
1531724.79627467
normal
simd_float4x4([[0.0684765, -0.996732, 0.0428429, 0.0)], [0.0487579, 0.0462359, 0.99774, 0.0)], [-0.996461, -0.0662328, 0.0517646, 0.0)], [1.87059, -0.0710198, -0.219382, 1.0)]])
1.87059, -0.0710198, -0.219382
float3(0.0662814, -1.51889, -1.52444)
1531724.89632637
normal
simd_float4x4([[0.124743, -0.991165, -0.0450633, 0.0)], [-0.0981248, -0.0575194, 0.99351, 0.0)], [-0.987325, -0.119512, -0.104433, 0.0)], [1.95877, -0.0584801, -0.231405, 1.0)]])
1.95877, -0.0584801, -0.231405
float3(0.119798, -1.67618, -1.62876)
1531724.99637804
normal
simd_float4x4([[0.0519031, -0.99637, -0.0674708, 0.0)], [-0.100168, -0.0724153, 0.992332, 0.0)], [-0.993616, -0.0447467, -0.103563, 0.0)], [2.02863, -0.0515652, -0.245985, 1.0)]])
2.02863, -0.0515652, -0.245985
float3(0.0447617, -1.67465, -1.64335)
1531725.0964295
normal
simd_float4x4([[0.0424871, -0.995202, -0.0881391, 0.0)], [-0.0201496, -0.0890544, 0.995823, 0.0)], [-0.998894, -0.0405336, -0.0238366, 0.0)], [2.11633, -0.0541053, -0.268281, 1.0)]])
2.11633, -0.0541053, -0.268281
float3(0.0405447, -1.59465, -1.66004)
1531725.19648125
normal
simd_float4x4([[0.0223245, -0.993682, -0.109993, 0.0)], [-0.0507053, -0.111005, 0.992525, 0.0)], [-0.998464, -0.0165804, -0.052863, 0.0)], [2.20464, -0.0728827, -0.275522, 1.0)]])
2.20464, -0.0728827, -0.275522
float3(0.0165811, -1.62369, -1.68205)
1531725.29653271
normal
simd_float4x4([[0.034635, -0.992792, -0.114733, 0.0)], [0.0390469, -0.11337, 0.992785, 0.0)], [-0.998637, -0.038865, 0.0348389, 0.0)], [2.3113, -0.0872343, -0.285753, 1.0)]])
2.3113, -0.0872343, -0.285753
float3(0.0388748, -1.53592, -1.6845)
1531725.39658458
normal
simd_float4x4([[0.0995958, -0.988881, -0.110427, 0.0)], [-0.0358192, -0.11447, 0.992781, 0.0)], [-0.994383, -0.0949213, -0.0468217, 0.0)], [2.42617, -0.0699324, -0.270275, 1.0)]])
2.42617, -0.0699324, -0.270275
float3(0.0950645, -1.61785, -1.68604)
1531725.49663604
normal
simd_float4x4([[0.16656, -0.985209, -0.0402725, 0.0)], [-0.0546075, -0.0499969, 0.997255, 0.0)], [-0.984518, -0.163903, -0.0621272, 0.0)], [2.53075, -0.0627787, -0.265107, 1.0)]])
2.53075, -0.0627787, -0.265107
float3(0.164646, -1.63382, -1.6215)
1531725.59668754
normal
simd_float4x4([[0.0663393, -0.997412, -0.0277149, 0.0)], [0.0928587, -0.0214841, 0.995447, 0.0)], [-0.993467, -0.0686109, 0.0911931, 0.0)], [2.61245, -0.0578886, -0.26642, 1.0)]])
2.61245, -0.0578886, -0.26642
float3(0.0686648, -1.47926, -1.59233)
1531725.69673929
limited(__ObjC.ARCamera.TrackingState.Reason.excessiveMotion)
simd_float4x4([[0.0527234, -0.998608, -0.00141632, 0.0)], [-0.0329213, -0.00315566, 0.999453, 0.0)], [-0.998066, -0.0526479, -0.0330418, 0.0)], [2.68819, -0.0594016, -0.251121, 1.0)]])
2.68819, -0.0594016, -0.251121
float3(0.0526723, -1.60389, -1.57396)
1531725.79679079
limited(__ObjC.ARCamera.TrackingState.Reason.insufficientFeatures)
simd_float4x4([[0.0253613, -0.999304, 0.0273428, 0.0)], [0.0215462, 0.0278917, 0.999379, 0.0)], [-0.999446, -0.0247564, 0.0222385, 0.0)], [2.77035, -0.0772122, -0.26211, 1.0)]])
2.77035, -0.0772122, -0.26211
float3(0.0247589, -1.54855, -1.54289)
1531725.89684258
limited(__ObjC.ARCamera.TrackingState.Reason.insufficientFeatures)
simd_float4x4([[0.0434131, -0.998567, 0.0313053, 0.0)], [0.0306065, 0.0326495, 0.998998, 0.0)], [-0.998588, -0.0424114, 0.03198, 0.0)], [2.8937, -0.0801398, -0.27687, 1.0)]])
2.8937, -0.0801398, -0.27687
float3(0.0424241, -1.53878, -1.53811)
1531725.996894
limited(__ObjC.ARCamera.TrackingState.Reason.excessiveMotion)
simd_float4x4([[0.113502, -0.993476, -0.0111215, 0.0)], [0.0433375, -0.00623263, 0.999041, 0.0)], [-0.992592, -0.113875, 0.0423473, 0.0)], [2.98921, -0.0626309, -0.297527, 1.0)]])
2.98921, -0.0626309, -0.297527
float3(0.114122, -1.52816, -1.57707)
1531726.09694583
limited(__ObjC.ARCamera.TrackingState.Reason.excessiveMotion)
simd_float4x4([[0.125286, -0.985594, -0.113611, 0.0)], [-0.101942, -0.126696, 0.986689, 0.0)], [-0.986869, -0.112037, -0.116347, 0.0)], [3.06904, -0.0568767, -0.299336, 1.0)]])
3.06904, -0.0568767, -0.299336
float3(0.112273, -1.68815, -1.69864)
1531726.19699733
limited(__ObjC.ARCamera.TrackingState.Reason.insufficientFeatures)
simd_float4x4([[0.0569402, -0.99653, -0.0607088, 0.0)], [0.0133825, -0.0600401, 0.998106, 0.0)], [-0.998288, -0.0576448, 0.00991738, 0.0)], [3.14795, -0.0505155, -0.318971, 1.0)]])
3.14795, -0.0505155, -0.318971
float3(0.0576768, -1.56086, -1.63097)
1531726.297049
limited(__ObjC.ARCamera.TrackingState.Reason.excessiveMotion)
simd_float4x4([[0.0464756, -0.994519, -0.0936596, 0.0)], [-0.0261797, -0.0949414, 0.995139, 0.0)], [-0.998576, -0.0437977, -0.0304487, 0.0)], [3.23384, -0.0603627, -0.322518, 1.0)]])
3.23384, -0.0603627, -0.322518
float3(0.0438117, -1.60128, -1.66597)
1531726.39710071
limited(__ObjC.ARCamera.TrackingState.Reason.insufficientFeatures)
simd_float4x4([[0.0462546, -0.995147, -0.0868528, 0.0)], [0.0613203, -0.0839532, 0.994581, 0.0)], [-0.997046, -0.0513298, 0.0571394, 0.0)], [3.31976, -0.0802674, -0.318374, 1.0)]])
3.31976, -0.0802674, -0.318374
float3(0.0513524, -1.51355, -1.65496)
1531726.49715225
limited(__ObjC.ARCamera.TrackingState.Reason.excessiveMotion)
simd_float4x4([[0.0910399, -0.991467, -0.0933017, 0.0)], [0.00947054, -0.0928245, 0.995637, 0.0)], [-0.995802, -0.0915263, 0.000938995, 0.0)], [3.41868, -0.0763816, -0.303326, 1.0)]])
3.41868, -0.0763816, -0.303326
float3(0.0916546, -1.56985, -1.66415)
1531726.59720379
limited(__ObjC.ARCamera.TrackingState.Reason.excessiveMotion)
simd_float4x4([[0.159073, -0.985819, -0.0534534, 0.0)], [-0.0226266, -0.057769, 0.998073, 0.0)], [-0.987007, -0.157557, -0.0314952, 0.0)], [3.50701, -0.0661086, -0.303929, 1.0)]])
3.50701, -0.0661086, -0.303929
float3(0.158216, -1.6027, -1.62933)
1531726.69725546
limited(__ObjC.ARCamera.TrackingState.Reason.insufficientFeatures)
simd_float4x4([[0.0790017, -0.996733, -0.0167863, 0.0)], [0.121547, -0.0070821, 0.99256, 0.0)], [-0.989437, -0.0804543, 0.120591, 0.0)], [3.59241, -0.056558, -0.300334, 1.0)]])
3.59241, -0.056558, -0.300334
float3(0.0805414, -1.44952, -1.5779)
1531726.79730704
limited(__ObjC.ARCamera.TrackingState.Reason.excessiveMotion)
simd_float4x4([[0.074833, -0.997009, 0.0192984, 0.0)], [0.0320753, 0.0217492, 0.999249, 0.0)], [-0.99668, -0.0741578, 0.033607, 0.0)], [3.65787, -0.0585239, -0.294181, 1.0)]])
3.65787, -0.0585239, -0.294181
float3(0.0742259, -1.53709, -1.54899)
1531726.89735879
limited(__ObjC.ARCamera.TrackingState.Reason.excessiveMotion)
simd_float4x4([[0.0567666, -0.997069, 0.0512845, 0.0)], [0.00618227, 0.0517174, 0.998643, 0.0)], [-0.998368, -0.0563724, 0.00909997, 0.0)], [3.73528, -0.0729029, -0.30061, 1.0)]])
3.73528, -0.0729029, -0.30061
float3(0.0564023, -1.56168, -1.51897)
1531726.99741025
limited(__ObjC.ARCamera.TrackingState.Reason.insufficientFeatures)
simd_float4x4([[0.0701238, -0.995776, 0.0592772, 0.0)], [0.053257, 0.0630759, 0.996587, 0.0)], [-0.996116, -0.0667275, 0.0574551, 0.0)], [3.83846, -0.0877083, -0.318539, 1.0)]])
3.83846, -0.0877083, -0.318539
float3(0.0667771, -1.51318, -1.50754)
1531727.097462
limited(__ObjC.ARCamera.TrackingState.Reason.excessiveMotion)
simd_float4x4([[0.125313, -0.991002, 0.0470306, 0.0)], [0.115799, 0.0616902, 0.991355, 0.0)], [-0.985336, -0.118783, 0.122487, 0.0)], [3.93638, -0.0718178, -0.343652, 1.0)]])
3.93638, -0.0718178, -0.343652
float3(0.119065, -1.44712, -1.50863)
1531727.19751354
limited(__ObjC.ARCamera.TrackingState.Reason.insufficientFeatures)
simd_float4x4([[0.161063, -0.985081, -0.0606189, 0.0)], [-0.0576947, -0.0707134, 0.995827, 0.0)], [-0.985256, -0.156894, -0.0682232, 0.0)], [4.02467, -0.0608895, -0.354699, 1.0)]])
4.02467, -0.0608895, -0.354699
float3(0.157544, -1.63993, -1.64246)
1531727.29756521
limited(__ObjC.ARCamera.TrackingState.Reason.excessiveMotion)
simd_float4x4([[0.0992671, -0.99393, -0.047415, 0.0)], [-0.00676168, -0.048323, 0.998809, 0.0)], [-0.995038, -0.0988282, -0.0115175, 0.0)], [4.08578, -0.0536293, -0.365348, 1.0)]])
4.08578, -0.0536293, -0.365348
float3(0.0989898, -1.58237, -1.61938)
1531727.39761687
limited(__ObjC.ARCamera.TrackingState.Reason.excessiveMotion)
simd_float4x4([[0.0884043, -0.992574, -0.0835523, 0.0)], [0.0120028, -0.0828131, 0.996493, 0.0)], [-0.996012, -0.0890971, 0.00459263, 0.0)], [4.18175, -0.0591888, -0.382682, 1.0)]])
4.18175, -0.0591888, -0.382682
float3(0.0892154, -1.56619, -1.65404)
1531727.49766846
limited(__ObjC.ARCamera.TrackingState.Reason.insufficientFeatures)
simd_float4x4([[0.0633199, -0.994617, -0.0820185, 0.0)], [0.0488736, -0.0789944, 0.995676, 0.0)], [-0.996796, -0.0670547, 0.0436086, 0.0)], [4.25365, -0.0768601, -0.378927, 1.0)]])
4.25365, -0.0768601, -0.378927
float3(0.067105, -1.52708, -1.65005)
1531727.59772017
limited(__ObjC.ARCamera.TrackingState.Reason.excessiveMotion)
simd_float4x4([[0.0939064, -0.99151, -0.0899383, 0.0)], [0.0411567, -0.0863941, 0.995411, 0.0)], [-0.99473, -0.097177, 0.0326943, 0.0)], [4.36037, -0.0792405, -0.373695, 1.0)]])
4.36037, -0.0792405, -0.373695
float3(0.0973306, -1.53794, -1.65771)
1531727.69777162
limited(__ObjC.ARCamera.TrackingState.Reason.excessiveMotion)
simd_float4x4([[0.165082, -0.983342, -0.0760727, 0.0)], [-0.0187217, -0.0802413, 0.9966, 0.0)], [-0.986102, -0.163097, -0.0316563, 0.0)], [4.47277, -0.0595378, -0.37017, 1.0)]])
4.47277, -0.0595378, -0.37017
float3(0.163829, -1.60289, -1.65222)
1531727.79782329
limited(__ObjC.ARCamera.TrackingState.Reason.excessiveMotion)
simd_float4x4([[0.136968, -0.990511, -0.011313, 0.0)], [0.0775862, -0.000658274, 0.996985, 0.0)], [-0.987532, -0.137433, 0.0767597, 0.0)], [4.57388, -0.0564011, -0.370945, 1.0)]])
4.57388, -0.0564011, -0.370945
float3(0.13787, -1.49322, -1.57146)
1531727.897875
limited(__ObjC.ARCamera.TrackingState.Reason.excessiveMotion)
simd_float4x4([[0.0885303, -0.996012, -0.0110217, 0.0)], [0.0920766, -0.00283458, 0.995748, 0.0)], [-0.991809, -0.0891687, 0.0914585, 0.0)], [4.65199, -0.0588069, -0.370663, 1.0)]])
4.65199, -0.0588069, -0.370663
float3(0.0892873, -1.47884, -1.57364)
1531727.99792662
limited(__ObjC.ARCamera.TrackingState.Reason.excessiveMotion)
simd_float4x4([[0.0642709, -0.99694, 0.0444995, 0.0)], [-0.0128649, 0.0437602, 0.998959, 0.0)], [-0.99785, -0.0647765, -0.010013, 0.0)], [4.75861, -0.0730534, -0.36476, 1.0)]])
4.75861, -0.0730534, -0.36476
float3(0.0648219, -1.58083, -1.52693)
1531728.09797813
limited(__ObjC.ARCamera.TrackingState.Reason.insufficientFeatures)
simd_float4x4([[0.0642091, -0.996542, 0.052731, 0.0)], [0.0921032, 0.0585324, 0.994028, 0.0)], [-0.993677, -0.0589689, 0.0955431, 0.0)], [4.85902, -0.0940257, -0.392954, 1.0)]])
4.85902, -0.0940257, -0.392954
float3(0.0590031, -1.47494, -1.51213)
1531728.19802979
limited(__ObjC.ARCamera.TrackingState.Reason.insufficientFeatures)
simd_float4x4([[0.101499, -0.994181, 0.0360815, 0.0)], [0.129647, 0.0491782, 0.99034, 0.0)], [-0.986352, -0.095841, 0.133884, 0.0)], [4.96995, -0.0896572, -0.413192, 1.0)]])
4.96995, -0.0896572, -0.413192
float3(0.0959884, -1.43588, -1.52137)
1531728.29808146
limited(__ObjC.ARCamera.TrackingState.Reason.excessiveMotion)
simd_float4x4([[0.147742, -0.985629, -0.0818953, 0.0)], [0.0237801, -0.0792399, 0.996572, 0.0)], [-0.98874, -0.149183, 0.0117313, 0.0)], [5.09672, -0.0764228, -0.431377, 1.0)]])
5.09672, -0.0764228, -0.431377
float3(0.149742, -1.55893, -1.65102)
1531728.39813308
limited(__ObjC.ARCamera.TrackingState.Reason.excessiveMotion)
simd_float4x4([[0.104356, -0.989086, -0.104009, 0.0)], [-0.00817799, -0.10543, 0.994393, 0.0)], [-0.994506, -0.10292, -0.019091, 0.0)], [5.16534, -0.0720989, -0.434874, 1.0)]])
5.16534, -0.0720989, -0.434874
float3(0.103103, -1.58999, -1.67699)
1531728.49818467
limited(__ObjC.ARCamera.TrackingState.Reason.excessiveMotion)
simd_float4x4([[0.0826915, -0.990269, -0.111932, 0.0)], [0.0371246, -0.109178, 0.993329, 0.0)], [-0.995883, -0.0862952, 0.0277353, 0.0)], [5.27861, -0.0802336, -0.455913, 1.0)]])
5.27861, -0.0802336, -0.455913
float3(0.0864027, -1.54295, -1.6806)
1531728.59823633
limited(__ObjC.ARCamera.TrackingState.Reason.excessiveMotion)
simd_float4x4([[0.0621209, -0.991728, -0.112327, 0.0)], [0.0476984, -0.109466, 0.992845, 0.0)], [-0.996928, -0.0670343, 0.0405037, 0.0)], [5.36221, -0.102099, -0.453579, 1.0)]])
5.36221, -0.102099, -0.453579
float3(0.0670846, -1.53019, -1.68073)
1531728.69828792
limited(__ObjC.ARCamera.TrackingState.Reason.insufficientFeatures)
