ARKit Data
1531629.78086337
normal
simd_float4x4([[0.146665, -0.971744, 0.184941, 0.0)], [0.733025, -0.0187709, -0.679943, 0.0)], [0.664202, 0.23529, 0.70956, 0.0)], [-0.234259, 0.111594, -0.0299506, 1.0)]])
-0.234259, 0.111594, -0.0299506
float3(-0.237517, 0.752393, -1.59011)
1531630.10385388
notAvailable
simd_float4x4([[1.0, 0.0, 0.0, 0.0)], [0.0, 1.0, 0.0, 0.0)], [0.0, 0.0, 1.0, 0.0)], [0.0, 0.0, 0.0, 1.0)]])
0.0, 0.0, 0.0
float3(-0.0, 0.0, 0.0)
1531630.20387217
notAvailable
simd_float4x4([[1.0, 0.0, 0.0, 0.0)], [0.0, 1.0, 0.0, 0.0)], [0.0, 0.0, 1.0, 0.0)], [0.0, 0.0, 0.0, 1.0)]])
0.0, 0.0, 0.0
float3(-0.0, 0.0, 0.0)
1531630.30392379
limited(__ObjC.ARCamera.TrackingState.Reason.initializing)
simd_float4x4([[-0.0273067, -0.932955, 0.358955, 0.0)], [0.999391, -0.0176823, 0.0300687, 0.0)], [-0.0217056, 0.359558, 0.93287, 0.0)], [0.0, 0.0, 0.0, 1.0)]])
0.0, 0.0, 0.0
float3(-0.367794, -0.0232634, -1.58975)
1531630.40397517
limited(__ObjC.ARCamera.TrackingState.Reason.initializing)
simd_float4x4([[-0.003659, -0.994986, 0.0999407, 0.0)], [0.999513, -0.000540324, 0.0312146, 0.0)], [-0.0310041, 0.100006, 0.994503, 0.0)], [0.0, 0.0, 0.0, 1.0)]])
0.0, 0.0, 0.0
float3(-0.100174, -0.0311654, -1.57134)
1531630.5040265
limited(__ObjC.ARCamera.TrackingState.Reason.initializing)
simd_float4x4([[0.031439, -0.989736, 0.139407, 0.0)], [0.993746, 0.0160001, -0.110515, 0.0)], [0.10715, 0.142009, 0.984048, 0.0)], [0.0, 0.0, 0.0, 1.0)]])
0.0, 0.0, 0.0
float3(-0.142491, 0.10846, -1.55463)
1531630.60407812
limited(__ObjC.ARCamera.TrackingState.Reason.initializing)
simd_float4x4([[0.0249853, -0.986203, 0.163644, 0.0)], [0.995152, 0.00895983, -0.0979436, 0.0)], [0.0951261, 0.165298, 0.981645, 0.0)], [0.0, 0.0, 0.0, 1.0)]])
0.0, 0.0, 0.0
float3(-0.16606, 0.0966031, -1.56171)
1531630.7041295
limited(__ObjC.ARCamera.TrackingState.Reason.initializing)
simd_float4x4([[-0.107395, -0.99369, 0.0323617, 0.0)], [0.979389, -0.111338, -0.168528, 0.0)], [0.171067, 0.0135957, 0.985166, 0.0)], [0.0, 0.0, 0.0, 1.0)]])
0.0, 0.0, 0.0
float3(-0.0135961, 0.171929, -1.68238)
1531630.804181
limited(__ObjC.ARCamera.TrackingState.Reason.initializing)
simd_float4x4([[-0.0678748, -0.997497, 0.0198243, 0.0)], [0.971806, -0.0705976, -0.224965, 0.0)], [0.225802, 0.00399592, 0.974165, 0.0)], [0.0, 0.0, 0.0, 1.0)]])
0.0, 0.0, 0.0
float3(-0.00399594, 0.227768, -1.64145)
1531630.90423242
limited(__ObjC.ARCamera.TrackingState.Reason.initializing)
simd_float4x4([[-0.0648905, -0.997704, 0.0193509, 0.0)], [0.953746, -0.067712, -0.292889, 0.0)], [0.293527, -0.000549942, 0.95595, 0.0)], [0.0, 0.0, 0.0, 1.0)]])
0.0, 0.0, 0.0
float3(0.000549942, 0.297915, -1.63856)
1531631.00428387
limited(__ObjC.ARCamera.TrackingState.Reason.initializing)
simd_float4x4([[-0.0698183, -0.997115, 0.0297629, 0.0)], [0.929075, -0.0758602, -0.362029, 0.0)], [0.363242, 0.00237572, 0.931691, 0.0)], [0.0, 0.0, 0.0, 1.0)]])
0.0, 0.0, 0.0
float3(-0.00237572, 0.371747, -1.64673)
1531631.10433542
limited(__ObjC.ARCamera.TrackingState.Reason.initializing)
simd_float4x4([[-0.0613287, -0.99773, 0.0278188, 0.0)], [0.906092, -0.0673418, -0.417687, 0.0)], [0.418612, -0.000409875, 0.908165, 0.0)], [0.0, 0.0, 0.0, 1.0)]])
0.0, 0.0, 0.0
float3(0.000409875, 0.431917, -1.63819)
1531631.20438679
limited(__ObjC.ARCamera.TrackingState.Reason.initializing)
simd_float4x4([[-0.0536602, -0.998403, 0.0175836, 0.0)], [0.897367, -0.0559385, -0.437724, 0.0)], [0.438009, -0.00770939, 0.898936, 0.0)], [0.0, 0.0, 0.0, 1.0)]])
0.0, 0.0, 0.0
float3(0.00770947, 0.453398, -1.62677)
1531631.30443821
limited(__ObjC.ARCamera.TrackingState.Reason.initializing)
simd_float4x4([[-0.04994, -0.998726, 0.00696993, 0.0)], [0.896806, -0.0479122, -0.439821, 0.0)], [0.439595, -0.0157138, 0.898057, 0.0)], [0.0, 0.0, 0.0, 1.0)]])
0.0, 0.0, 0.0
float3(0.0157145, 0.455209, -1.61873)
1531631.40448967
limited(__ObjC.ARCamera.TrackingState.Reason.initializing)
simd_float4x4([[-0.0609382, -0.998136, -0.00291882, 0.0)], [0.903634, -0.0539257, -0.424897, 0.0)], [0.423948, -0.0285299, 0.905236, 0.0)], [0.0, 0.0, 0.0, 1.0)]])
0.0, 0.0, 0.0
float3(0.0285338, 0.437991, -1.62477)
1531631.50454133
limited(__ObjC.ARCamera.TrackingState.Reason.initializing)
simd_float4x4([[-0.0701562, -0.997496, -0.00882405, 0.0)], [0.918684, -0.0611607, -0.39023, 0.0)], [0.388713, -0.0354835, 0.920675, 0.0)], [0.0, 0.0, 0.0, 1.0)]])
0.0, 0.0, 0.0
float3(0.0354909, 0.399501, -1.63203)
1531631.60459275
limited(__ObjC.ARCamera.TrackingState.Reason.initializing)
simd_float4x4([[-0.0755782, -0.996878, -0.0228197, 0.0)], [0.942785, -0.0639868, -0.327204, 0.0)], [0.324723, -0.0462436, 0.944678, 0.0)], [0.0, 0.0, 0.0, 1.0)]])
0.0, 0.0, 0.0
float3(0.0462601, 0.331087, -1.6349)
1531631.704644
limited(__ObjC.ARCamera.TrackingState.Reason.initializing)
simd_float4x4([[-0.0803169, -0.996246, -0.0322734, 0.0)], [0.970161, -0.0707006, -0.231926, 0.0)], [0.228773, -0.049938, 0.972198, 0.0)], [0.0, 0.0, 0.0, 1.0)]])
0.0, 0.0, 0.0
float3(0.0499587, 0.231111, -1.64164)
1531631.80469567
limited(__ObjC.ARCamera.TrackingState.Reason.initializing)
simd_float4x4([[-0.079239, -0.996063, -0.0397272, 0.0)], [0.989292, -0.0736754, -0.125987, 0.0)], [0.122564, -0.0492849, 0.991236, 0.0)], [0.0, 0.0, 0.0, 1.0)]])
0.0, 0.0, 0.0
float3(0.0493049, 0.123023, -1.64463)
1531631.90474692
limited(__ObjC.ARCamera.TrackingState.Reason.initializing)
simd_float4x4([[-0.0732999, -0.996231, -0.0463649, 0.0)], [0.997079, -0.0722033, -0.0249017, 0.0)], [0.0214601, -0.0480547, 0.998614, 0.0)], [0.0, 0.0, 0.0, 1.0)]])
0.0, 0.0, 0.0
float3(0.0480733, 0.0214866, -1.64315)
1531632.00479854
limited(__ObjC.ARCamera.TrackingState.Reason.initializing)
simd_float4x4([[-0.0635804, -0.996684, -0.0507745, 0.0)], [0.995282, -0.0670629, 0.0701158, 0.0)], [-0.0732884, -0.046077, 0.996245, 0.0)], [0.0, 0.0, 0.0, 1.0)]])
0.0, 0.0, 0.0
float3(0.0460933, -0.0734323, -1.63798)
1531632.10484996
limited(__ObjC.ARCamera.TrackingState.Reason.initializing)
simd_float4x4([[-0.0534491, -0.997072, -0.0546674, 0.0)], [0.985443, -0.0615152, 0.158485, 0.0)], [-0.161384, -0.0454007, 0.985846, 0.0)], [0.0, 0.0, 0.0, 1.0)]])
0.0, 0.0, 0.0
float3(0.0454163, -0.162262, -1.63241)
1531632.20490121
limited(__ObjC.ARCamera.TrackingState.Reason.initializing)
simd_float4x4([[-0.0389642, -0.997002, -0.0668344, 0.0)], [0.969168, -0.0539928, 0.240414, 0.0)], [-0.243302, -0.0554062, 0.968366, 0.0)], [0.0, 0.0, 0.0, 1.0)]])
0.0, 0.0, 0.0
float3(0.0554345, -0.246155, -1.6249)
1531632.30495292
limited(__ObjC.ARCamera.TrackingState.Reason.initializing)
simd_float4x4([[-0.0239012, -0.996882, -0.0751939, 0.0)], [0.948194, -0.0464399, 0.314279, 0.0)], [-0.316791, -0.0637867, 0.946347, 0.0)], [0.0, 0.0, 0.0, 1.0)]])
0.0, 0.0, 0.0
float3(0.06383, -0.323026, -1.61735)
1531632.40500433
limited(__ObjC.ARCamera.TrackingState.Reason.initializing)
simd_float4x4([[-0.0135913, -0.996841, -0.0782476, 0.0)], [0.924946, -0.0422623, 0.377742, 0.0)], [-0.379856, -0.0672407, 0.922598, 0.0)], [0.0, 0.0, 0.0, 1.0)]])
0.0, 0.0, 0.0
float3(0.0672915, -0.390572, -1.61317)
1531632.50505575
limited(__ObjC.ARCamera.TrackingState.Reason.initializing)
simd_float4x4([[-0.00669502, -0.996826, -0.0793216, 0.0)], [0.901423, -0.0403551, 0.431055, 0.0)], [-0.432888, -0.0686163, 0.898832, 0.0)], [0.0, 0.0, 0.0, 1.0)]])
0.0, 0.0, 0.0
float3(0.0686703, -0.448829, -1.61126)
1531632.60510721
limited(__ObjC.ARCamera.TrackingState.Reason.initializing)
simd_float4x4([[-0.00388984, -0.99694, -0.078078, 0.0)], [0.882408, -0.0401559, 0.468769, 0.0)], [-0.47047, -0.0670732, 0.879863, 0.0)], [0.0, 0.0, 0.0, 1.0)]])
0.0, 0.0, 0.0
float3(0.0671236, -0.491027, -1.61105)
1531632.70515875
limited(__ObjC.ARCamera.TrackingState.Reason.initializing)
simd_float4x4([[-0.00479442, -0.997493, -0.0706067, 0.0)], [0.872218, -0.0387055, 0.487583, 0.0)], [-0.489094, -0.0592467, 0.870217, 0.0)], [0.0, 0.0, 0.0, 1.0)]])
0.0, 0.0, 0.0
float3(0.0592814, -0.512038, -1.60958)
1531632.80521012
limited(__ObjC.ARCamera.TrackingState.Reason.initializing)
simd_float4x4([[-0.0113017, -0.998371, -0.055931, 0.0)], [0.87115, -0.0372901, 0.489599, 0.0)], [-0.490887, -0.043191, 0.870152, 0.0)], [0.0, 0.0, 0.0, 1.0)]])
0.0, 0.0, 0.0
float3(0.0432044, -0.513634, -1.60813)
1531632.90526163
limited(__ObjC.ARCamera.TrackingState.Reason.initializing)
simd_float4x4([[-0.0174671, -0.998787, -0.0460375, 0.0)], [0.880555, -0.0371778, 0.472484, 0.0)], [-0.473622, -0.0322856, 0.880136, 0.0)], [0.0, 0.0, 0.0, 1.0)]])
0.0, 0.0, 0.0
float3(0.0322912, -0.493679, -1.608)
1531633.00531308
limited(__ObjC.ARCamera.TrackingState.Reason.initializing)
simd_float4x4([[-0.0216716, -0.998809, -0.0437041, 0.0)], [0.899992, -0.0385266, 0.434201, 0.0)], [-0.435368, -0.0299235, 0.899755, 0.0)], [0.0, 0.0, 0.0, 1.0)]])
0.0, 0.0, 0.0
float3(0.0299279, -0.450663, -1.60935)
1531633.10536463
limited(__ObjC.ARCamera.TrackingState.Reason.initializing)
simd_float4x4([[-0.0223142, -0.998724, -0.04531, 0.0)], [0.923258, -0.0379722, 0.382299, 0.0)], [-0.383532, -0.0333021, 0.922927, 0.0)], [0.0, 0.0, 0.0, 1.0)]])
0.0, 0.0, 0.0
float3(0.0333083, -0.393848, -1.6088)
1531633.20541608
limited(__ObjC.ARCamera.TrackingState.Reason.initializing)
simd_float4x4([[-0.0250298, -0.998727, -0.0437957, 0.0)], [0.945353, -0.037893, 0.323839, 0.0)], [-0.325086, -0.0332968, 0.945098, 0.0)], [0.0, 0.0, 0.0, 1.0)]])
0.0, 0.0, 0.0
float3(0.0333029, -0.331293, -1.60872)
1531633.30546738
limited(__ObjC.ARCamera.TrackingState.Reason.initializing)
simd_float4x4([[-0.0247564, -0.998792, -0.0424331, 0.0)], [0.966641, -0.0347408, 0.253768, 0.0)], [-0.254936, -0.0347352, 0.966333, 0.0)], [0.0, 0.0, 0.0, 1.0)]])
0.0, 0.0, 0.0
float3(0.0347422, -0.257941, -1.60557)
1531633.40551883
limited(__ObjC.ARCamera.TrackingState.Reason.initializing)
simd_float4x4([[-0.027162, -0.998848, -0.0395588, 0.0)], [0.983388, -0.0338048, 0.178341, 0.0)], [-0.179473, -0.0340575, 0.983173, 0.0)], [0.0, 0.0, 0.0, 1.0)]])
0.0, 0.0, 0.0
float3(0.0340641, -0.180557, -1.60463)
1531633.50557037
limited(__ObjC.ARCamera.TrackingState.Reason.initializing)
simd_float4x4([[-0.0320836, -0.998993, -0.0313392, 0.0)], [0.995534, -0.0347264, 0.0877851, 0.0)], [-0.0887851, -0.0283828, 0.995646, 0.0)], [0.0, 0.0, 0.0, 1.0)]])
0.0, 0.0, 0.0
float3(0.0283866, -0.0889381, -1.60554)
1531633.60562179
limited(__ObjC.ARCamera.TrackingState.Reason.initializing)
simd_float4x4([[-0.0370887, -0.999006, -0.0246816, 0.0)], [0.999193, -0.0366914, -0.0163575, 0.0)], [0.0154357, -0.0252684, 0.999561, 0.0)], [0.0, 0.0, 0.0, 1.0)]])
0.0, 0.0, 0.0
float3(0.0252711, 0.0154412, -1.60751)
1531633.70567346
limited(__ObjC.ARCamera.TrackingState.Reason.initializing)
simd_float4x4([[-0.040603, -0.998963, -0.0205506, 0.0)], [0.99181, -0.0378023, -0.121996, 0.0)], [0.121093, -0.0253356, 0.992317, 0.0)], [0.0, 0.0, 0.0, 1.0)]])
0.0, 0.0, 0.0
float3(0.0253384, 0.12143, -1.60862)
1531633.80572475
limited(__ObjC.ARCamera.TrackingState.Reason.initializing)
simd_float4x4([[-0.0397523, -0.999126, -0.0128601, 0.0)], [0.977225, -0.0361894, -0.209097, 0.0)], [0.208449, -0.0208793, 0.97781, 0.0)], [0.0, 0.0, 0.0, 1.0)]])
0.0, 0.0, 0.0
float3(0.0208808, 0.210036, -1.607)
1531633.90577633
limited(__ObjC.ARCamera.TrackingState.Reason.initializing)
simd_float4x4([[-0.0395692, -0.9992, -0.00565094, 0.0)], [0.956944, -0.0362669, -0.288, 0.0)], [0.287564, -0.0168035, 0.957613, 0.0)], [0.0, 0.0, 0.0, 1.0)]])
0.0, 0.0, 0.0
float3(0.0168043, 0.291725, -1.60708)
1531634.00582763
limited(__ObjC.ARCamera.TrackingState.Reason.initializing)
simd_float4x4([[-0.044903, -0.998991, -0.000318529, 0.0)], [0.932829, -0.0418148, -0.357885, 0.0)], [0.35751, -0.0163672, 0.933765, 0.0)], [0.0, 0.0, 0.0, 1.0)]])
0.0, 0.0, 0.0
float3(0.0163679, 0.365652, -1.61263)
1531634.10587908
limited(__ObjC.ARCamera.TrackingState.Reason.initializing)
simd_float4x4([[-0.0515308, -0.998657, 0.00526367, 0.0)], [0.899048, -0.0486845, -0.435135, 0.0)], [0.434807, -0.0176906, 0.90035, 0.0)], [0.0, 0.0, 0.0, 1.0)]])
0.0, 0.0, 0.0
float3(0.0176915, 0.449899, -1.61951)
1531634.20593063
limited(__ObjC.ARCamera.TrackingState.Reason.initializing)
simd_float4x4([[-0.0578073, -0.99824, 0.0132077, 0.0)], [0.860267, -0.0565214, -0.506701, 0.0)], [0.506556, -0.0179288, 0.862021, 0.0)], [0.0, 0.0, 0.0, 1.0)]])
0.0, 0.0, 0.0
float3(0.0179298, 0.53128, -1.62736)
1531634.30598208
normal
simd_float4x4([[-0.0454027, -0.998758, -0.0205384, 0.0)], [0.814867, -0.0251345, -0.579103, 0.0)], [0.577867, -0.0430289, 0.814996, 0.0)], [-0.0252311, -0.0158823, 0.0555789, 1.0)]])
-0.0252311, -0.0158823, 0.0555789
float3(0.0430422, 0.616769, -1.59596)
1531634.40603362
normal
simd_float4x4([[-0.0517603, -0.998554, -0.0145439, 0.0)], [0.779703, -0.0313077, -0.625366, 0.0)], [0.624006, -0.0437091, 0.780196, 0.0)], [-0.0572303, -0.0156441, 0.107239, 1.0)]])
-0.0572303, -0.0156441, 0.107239
float3(0.043723, 0.674623, -1.60214)
1531634.506085
normal
simd_float4x4([[-0.0539577, -0.998505, -0.0087462, 0.0)], [0.746314, -0.0345074, -0.664699, 0.0)], [0.663403, -0.042393, 0.74706, 0.0)], [-0.0936597, -0.0185879, 0.16572, 1.0)]])
-0.0936597, -0.0185879, 0.16572
float3(0.0424057, 0.726156, -1.60534)
1531634.60613654
normal
simd_float4x4([[-0.0544517, -0.99851, -0.0034405, 0.0)], [0.718583, -0.0367935, -0.694467, 0.0)], [0.693306, -0.0402872, 0.719516, 0.0)], [-0.126367, -0.0128013, 0.211692, 1.0)]])
-0.126367, -0.0128013, 0.211692
float3(0.0402981, 0.766849, -1.60763)
1531634.706188
normal
simd_float4x4([[-0.0561306, -0.998418, 0.00316978, 0.0)], [0.69728, -0.0414726, -0.715598, 0.0)], [0.714598, -0.0379567, 0.698505, 0.0)], [-0.157156, -0.00396413, 0.253678, 1.0)]])
-0.157156, -0.00396413, 0.253678
float3(0.0379658, 0.796786, -1.61231)
1531634.80623929
normal
simd_float4x4([[-0.0588118, -0.998257, 0.0048734, 0.0)], [0.682319, -0.043761, -0.729744, 0.0)], [0.728685, -0.0395923, 0.683703, 0.0)], [-0.187998, 0.00714582, 0.29214, 1.0)]])
-0.187998, 0.00714582, 0.29214
float3(0.0396027, 0.817236, -1.61461)
1531634.90629088
normal
simd_float4x4([[-0.0577368, -0.998307, 0.00698387, 0.0)], [0.69564, -0.0452478, -0.716964, 0.0)], [0.716066, -0.0365369, 0.697075, 0.0)], [-0.207507, 0.0242303, 0.315252, 1.0)]])
-0.207507, 0.0242303, 0.315252
float3(0.0365451, 0.798836, -1.61609)
1531635.00634225
normal
simd_float4x4([[-0.0615358, -0.998098, 0.00370922, 0.0)], [0.731954, -0.0476531, -0.679685, 0.0)], [0.678569, -0.03911, 0.733494, 0.0)], [-0.216163, 0.0416187, 0.336008, 1.0)]])
-0.216163, 0.0416187, 0.336008
float3(0.0391199, 0.746521, -1.6185)
1531635.10639379
normal
simd_float4x4([[-0.0642225, -0.997935, -0.000968293, 0.0)], [0.777093, -0.0494013, -0.627444, 0.0)], [0.6261, -0.0410484, 0.778661, 0.0)], [-0.219681, 0.0569283, 0.353498, 1.0)]])
-0.219681, 0.0569283, 0.353498
float3(0.04106, 0.677219, -1.62026)
1531635.20644521
normal
simd_float4x4([[-0.0667365, -0.99774, -0.00778663, 0.0)], [0.818342, -0.0502688, -0.572529, 0.0)], [0.570843, -0.0445807, 0.819848, 0.0)], [-0.229966, 0.0595977, 0.396945, 1.0)]])
-0.229966, 0.0595977, 0.396945
float3(0.0445955, 0.608225, -1.62114)
1531635.30649667
normal
simd_float4x4([[-0.0681528, -0.997565, -0.0148194, 0.0)], [0.859217, -0.0511388, -0.509049, 0.0)], [0.507052, -0.0474262, 0.86061, 0.0)], [-0.24274, 0.0570917, 0.448964, 1.0)]])
-0.24274, 0.0570917, 0.448964
float3(0.047444, 0.532424, -1.62202)
1531635.40654808
normal
simd_float4x4([[-0.0679079, -0.997425, -0.0230492, 0.0)], [0.89216, -0.0503676, -0.448902, 0.0)], [0.446585, -0.0510476, 0.893284, 0.0)], [-0.259131, 0.0478213, 0.518027, 1.0)]])
-0.259131, 0.0478213, 0.518027
float3(0.0510698, 0.463597, -1.62125)
1531635.5065995
normal
simd_float4x4([[-0.0672185, -0.99723, -0.0318464, 0.0)], [0.921972, -0.0498819, -0.38403, 0.0)], [0.381377, -0.0551754, 0.922771, 0.0)], [-0.270418, 0.036565, 0.593477, 1.0)]])
-0.270418, 0.036565, 0.593477
float3(0.0552034, 0.391915, -1.62078)
1531635.60665121
normal
simd_float4x4([[-0.0645056, -0.997122, -0.0398418, 0.0)], [0.946429, -0.0484699, -0.319254, 0.0)], [0.316404, -0.0583011, 0.946831, 0.0)], [-0.283382, 0.022741, 0.67977, 1.0)]])
-0.283382, 0.022741, 0.67977
float3(0.0583342, 0.322504, -1.61937)
1531635.70670262
normal
simd_float4x4([[-0.0611289, -0.996916, -0.0492151, 0.0)], [0.965677, -0.0465985, -0.255532, 0.0)], [0.25245, -0.0631462, 0.965547, 0.0)], [-0.289369, 0.0117868, 0.761296, 1.0)]])
-0.289369, 0.0117868, 0.761296
float3(0.0631883, 0.255733, -1.6175)
1531635.80675413
normal
simd_float4x4([[-0.0581307, -0.996747, -0.0558175, 0.0)], [0.980029, -0.0463262, -0.193385, 0.0)], [0.19017, -0.0659443, 0.979534, 0.0)], [-0.278537, 0.00614095, 0.823873, 1.0)]])
-0.278537, 0.00614095, 0.823873
float3(0.0659922, 0.191758, -1.61724)
1531635.9068055
normal
simd_float4x4([[-0.0567369, -0.996439, -0.0623652, 0.0)], [0.990479, -0.0483296, -0.128905, 0.0)], [0.125432, -0.0690851, 0.989694, 0.0)], [-0.270329, 0.000812029, 0.891083, 1.0)]])
-0.270329, 0.000812029, 0.891083
float3(0.0691402, 0.126066, -1.61926)
1531636.00685692
normal
simd_float4x4([[-0.0555382, -0.996118, -0.0682904, 0.0)], [0.996435, -0.0509453, -0.0672511, 0.0)], [0.063511, -0.071782, 0.995396, 0.0)], [-0.253967, -0.00202359, 0.949076, 1.0)]])
-0.253967, -0.00202359, 0.949076
float3(0.0718438, 0.0637184, -1.6219)
1531636.10690846
normal
simd_float4x4([[-0.0527444, -0.995892, -0.0735997, 0.0)], [0.998608, -0.0525576, -0.00447493, 0.0)], [0.000588318, -0.0737332, 0.997278, 0.0)], [-0.227195, 0.00192699, 0.991031, 1.0)]])
-0.227195, 0.00192699, 0.991031
float3(0.0738002, 0.000589924, -1.62352)
1531636.20695988
normal
simd_float4x4([[-0.0476234, -0.996056, -0.0748559, 0.0)], [0.996278, -0.052757, 0.0681681, 0.0)], [-0.0718485, -0.0713309, 0.994862, 0.0)], [-0.21562, -0.00305837, 1.05512, 1.0)]])
-0.21562, -0.00305837, 1.05512
float3(0.0713915, -0.0720944, -1.62371)
1531636.30701146
normal
simd_float4x4([[-0.0430859, -0.996407, -0.0729211, 0.0)], [0.987757, -0.053438, 0.146563, 0.0)], [-0.149933, -0.0657135, 0.98651, 0.0)], [-0.197181, -0.00259227, 1.10353, 1.0)]])
-0.197181, -0.00259227, 1.10353
float3(0.0657608, -0.150829, -1.62438)
1531636.40706288
normal
simd_float4x4([[-0.0377392, -0.996589, -0.0733891, 0.0)], [0.97224, -0.0535898, 0.227765, 0.0)], [-0.230921, -0.0627562, 0.970946, 0.0)], [-0.187213, -0.00373855, 1.14835, 1.0)]])
-0.187213, -0.00373855, 1.14835
float3(0.0627974, -0.233493, -1.62452)
1531636.50711425
normal
simd_float4x4([[-0.0344807, -0.99663, -0.0744301, 0.0)], [0.949723, -0.0558648, 0.308066, 0.0)], [-0.311186, -0.0600657, 0.948449, 0.0)], [-0.188126, -0.00867847, 1.20374, 1.0)]])
-0.188126, -0.00867847, 1.20374
float3(0.0601018, -0.317033, -1.62679)
1531636.60716579
normal
simd_float4x4([[-0.0311796, -0.996797, -0.0736519, 0.0)], [0.921189, -0.0572529, 0.384881, 0.0)], [-0.387865, -0.0558469, 0.920023, 0.0)], [-0.183972, -0.0132238, 1.26977, 1.0)]])
-0.183972, -0.0132238, 1.26977
float3(0.055876, -0.398971, -1.62817)
1531636.70721717
normal
simd_float4x4([[-0.0260336, -0.996964, -0.0733878, 0.0)], [0.889198, -0.0566393, 0.454003, 0.0)], [-0.456781, -0.053437, 0.887973, 0.0)], [-0.180891, -0.0267298, 1.36604, 1.0)]])
-0.180891, -0.0267298, 1.36604
float3(0.0534625, -0.475108, -1.62755)
1531636.80726871
normal
simd_float4x4([[-0.0219389, -0.997069, -0.0732931, 0.0)], [0.852636, -0.0569407, 0.519393, 0.0)], [-0.522044, -0.0510975, 0.851387, 0.0)], [-0.187352, -0.0504605, 1.48063, 1.0)]])
-0.187352, -0.0504605, 1.48063
float3(0.0511197, -0.550046, -1.62784)
1531636.90732013
normal
simd_float4x4([[-0.0177173, -0.996982, -0.0755853, 0.0)], [0.816561, -0.0580536, 0.574333, 0.0)], [-0.576988, -0.0515444, 0.815125, 0.0)], [-0.190774, -0.0816573, 1.59995, 1.0)]])
-0.190774, -0.0816573, 1.59995
float3(0.0515672, -0.615977, -1.62896)
1531637.00737162
normal
simd_float4x4([[-0.0140516, -0.99723, -0.0730458, 0.0)], [0.779768, -0.056658, 0.6235, 0.0)], [-0.625911, -0.0481975, 0.778404, 0.0)], [-0.194936, -0.108712, 1.69958, 1.0)]])
-0.194936, -0.108712, 1.69958
float3(0.0482162, -0.677233, -1.62755)
1531637.10742308
normal
simd_float4x4([[-0.0119622, -0.997407, -0.0709611, 0.0)], [0.738837, -0.0566354, 0.6715, 0.0)], [-0.673778, -0.044396, 0.737599, 0.0)], [-0.198956, -0.133359, 1.77513, 1.0)]])
-0.198956, -0.133359, 1.77513
float3(0.0444106, -0.74021, -1.62752)
1531637.20747446
normal
simd_float4x4([[-0.0163412, -0.997708, -0.0656574, 0.0)], [0.700385, -0.0582861, 0.711381, 0.0)], [-0.713578, -0.0343606, 0.699732, 0.0)], [-0.206717, -0.160892, 1.83986, 1.0)]])
-0.206717, -0.160892, 1.83986
float3(0.0343674, -0.795195, -1.62915)
1531637.307526
normal
simd_float4x4([[-0.0223137, -0.997887, -0.0610269, 0.0)], [0.669456, -0.0602499, 0.740404, 0.0)], [-0.742517, -0.0243337, 0.669385, 0.0)], [-0.214312, -0.182397, 1.8794, 1.0)]])
-0.214312, -0.182397, 1.8794
float3(0.0243361, -0.837148, -1.6311)
1531637.40757737
normal
simd_float4x4([[-0.0299282, -0.99795, -0.0565701, 0.0)], [0.655521, -0.062321, 0.752601, 0.0)], [-0.754584, -0.0145589, 0.656042, 0.0)], [-0.20729, -0.188997, 1.86895, 1.0)]])
-0.20729, -0.188997, 1.86895
float3(0.0145594, -0.855141, -1.63316)
1531637.50762904
normal
simd_float4x4([[-0.0356783, -0.997843, -0.0551, 0.0)], [0.64546, -0.0651013, 0.761014, 0.0)], [-0.76296, -0.00841314, 0.646391, 0.0)], [-0.192511, -0.183191, 1.80002, 1.0)]])
-0.192511, -0.183191, 1.80002
float3(0.00841324, -0.867922, -1.63595)
1531637.60768033
normal
simd_float4x4([[-0.0377058, -0.997752, -0.0554046, 0.0)], [0.65988, -0.0664969, 0.748423, 0.0)], [-0.750425, -0.00834045, 0.660903, 0.0)], [-0.172419, -0.167151, 1.70931, 1.0)]])
-0.172419, -0.167151, 1.70931
float3(0.00834055, -0.848744, -1.63734)
1531637.707732
normal
simd_float4x4([[-0.042504, -0.997734, -0.0521483, 0.0)], [0.695915, -0.0670166, 0.714991, 0.0)], [-0.716866, -0.00590079, 0.697186, 0.0)], [-0.152845, -0.142897, 1.58421, 1.0)]])
-0.152845, -0.142897, 1.58421
float3(0.00590083, -0.799314, -1.63786)
1531637.80778338
normal
simd_float4x4([[-0.0446771, -0.997748, -0.0500383, 0.0)], [0.748057, -0.0666105, 0.660283, 0.0)], [-0.662129, -0.00793201, 0.749348, 0.0)], [-0.136473, -0.110837, 1.4245, 1.0)]])
-0.136473, -0.110837, 1.4245
float3(0.0079321, -0.723684, -1.63746)
1531637.90783471
normal
simd_float4x4([[-0.0441435, -0.997786, -0.0497539, 0.0)], [0.805546, -0.0650065, 0.588957, 0.0)], [-0.590887, -0.0140804, 0.806632, 0.0)], [-0.123177, -0.0683125, 1.20049, 1.0)]])
-0.123177, -0.0683125, 1.20049
float3(0.0140809, -0.632231, -1.63586)
1531638.00788625
normal
simd_float4x4([[-0.0458016, -0.997468, -0.0544056, 0.0)], [0.855711, -0.0672767, 0.513062, 0.0)], [-0.515424, -0.0230563, 0.856625, 0.0)], [-0.114565, -0.0125782, 0.892448, 1.0)]])
-0.114565, -0.0125782, 0.892448
float3(0.0230584, -0.541662, -1.63814)
1531638.10793771
normal
simd_float4x4([[-0.0524344, -0.996996, -0.0570006, 0.0)], [0.904361, -0.0716159, 0.420717, 0.0)], [-0.423536, -0.029489, 0.905399, 0.0)], [-0.107803, 0.0492094, 0.559481, 1.0)]])
-0.107803, 0.0492094, 0.559481
float3(0.0294933, -0.437548, -1.6425)
1531638.20798921
normal
simd_float4x4([[-0.0614204, -0.996655, -0.0539184, 0.0)], [0.945777, -0.0753777, 0.31595, 0.0)], [-0.318957, -0.031589, 0.947243, 0.0)], [-0.0875363, 0.0826619, 0.374747, 1.0)]])
-0.0875363, 0.0826619, 0.374747
float3(0.0315943, -0.324797, -1.64628)
1531638.30804067
normal
simd_float4x4([[-0.0712652, -0.995956, -0.0547001, 0.0)], [0.974258, -0.0812616, 0.21028, 0.0)], [-0.213875, -0.0383063, 0.97611, 0.0)], [-0.0864049, 0.0779923, 0.366377, 1.0)]])
-0.0864049, 0.0779923, 0.366377
float3(0.0383157, -0.215701, -1.65221)
1531638.40809204
limited(__ObjC.ARCamera.TrackingState.Reason.insufficientFeatures)
simd_float4x4([[-0.0766447, -0.995473, -0.0561985, 0.0)], [0.990526, -0.082463, 0.109812, 0.0)], [-0.113949, -0.0472496, 0.992362, 0.0)], [-0.0606353, 0.0600771, 0.456445, 1.0)]])
-0.0606353, 0.0600771, 0.456445
float3(0.0472672, -0.114325, -1.65345)
1531638.50814362
limited(__ObjC.ARCamera.TrackingState.Reason.insufficientFeatures)
simd_float4x4([[-0.0763333, -0.995481, -0.0564905, 0.0)], [0.996781, -0.0775803, 0.0202176, 0.0)], [-0.0245088, -0.0547654, 0.998198, 0.0)], [-0.0470702, 0.0573289, 0.551626, 1.0)]])
-0.0470702, 0.0573289, 0.551626
float3(0.0547928, -0.0245481, -1.64857)
1531638.608195
limited(__ObjC.ARCamera.TrackingState.Reason.insufficientFeatures)
simd_float4x4([[-0.078117, -0.99591, -0.0453957, 0.0)], [0.996277, -0.0763187, -0.0400837, 0.0)], [0.0364552, -0.048358, 0.998165, 0.0)], [-0.054209, 0.098671, 0.506308, 1.0)]])
-0.054209, 0.098671, 0.506308
float3(0.0483768, 0.036506, -1.64728)
1531638.70824654
limited(__ObjC.ARCamera.TrackingState.Reason.insufficientFeatures)
simd_float4x4([[-0.0768604, -0.99557, -0.0541499, 0.0)], [0.993649, -0.0720091, -0.0864654, 0.0)], [0.0821831, -0.0604517, 0.994782, 0.0)], [-0.0480411, 0.0909306, 0.508266, 1.0)]])
-0.0480411, 0.0909306, 0.508266
float3(0.0604886, 0.082427, -1.643)
1531638.80829804
limited(__ObjC.ARCamera.TrackingState.Reason.insufficientFeatures)
simd_float4x4([[-0.0781566, -0.995316, -0.0569015, 0.0)], [0.98973, -0.0706125, -0.124288, 0.0)], [0.119688, -0.0660311, 0.990613, 0.0)], [-0.0426931, 0.0865735, 0.512089, 1.0)]])
-0.0426931, 0.0865735, 0.512089
float3(0.0660792, 0.120239, -1.64162)
1531638.90834958
limited(__ObjC.ARCamera.TrackingState.Reason.insufficientFeatures)
simd_float4x4([[-0.0784579, -0.995485, -0.053427, 0.0)], [0.985009, -0.0691507, -0.158034, 0.0)], [0.153626, -0.0650252, 0.985987, 0.0)], [-0.0365346, 0.0834593, 0.5171, 1.0)]])
-0.0365346, 0.0834593, 0.5171
float3(0.0650711, 0.154567, -1.64015)
1531639.00840092
limited(__ObjC.ARCamera.TrackingState.Reason.excessiveMotion)
simd_float4x4([[-0.0762203, -0.996032, -0.0459432, 0.0)], [0.982307, -0.0671053, -0.174841, 0.0)], [0.171064, -0.0584568, 0.983524, 0.0)], [-0.0278594, 0.0798174, 0.523135, 1.0)]])
-0.0278594, 0.0798174, 0.523135
float3(0.0584901, 0.172207, -1.63807)
1531639.10845238
limited(__ObjC.ARCamera.TrackingState.Reason.insufficientFeatures)
simd_float4x4([[-0.0702566, -0.99696, -0.033685, 0.0)], [0.978559, -0.062327, -0.196308, 0.0)], [0.193612, -0.0467547, 0.979963, 0.0)], [-0.0187291, 0.0759586, 0.530883, 1.0)]])
-0.0187291, 0.0759586, 0.530883
float3(0.0467718, 0.195059, -1.63323)
1531639.20850387
limited(__ObjC.ARCamera.TrackingState.Reason.excessiveMotion)
simd_float4x4([[-0.0617163, -0.99784, -0.0225119, 0.0)], [0.971717, -0.054919, -0.229673, 0.0)], [0.227941, -0.0360498, 0.973007, 0.0)], [-0.00783586, 0.0692316, 0.533155, 1.0)]])
-0.00783586, 0.0692316, 0.533155
float3(0.0360576, 0.230115, -1.62578)
1531639.30855521
normal
simd_float4x4([[-0.0555464, -0.998314, -0.0168514, 0.0)], [0.965966, -0.0494608, -0.253896, 0.0)], [0.252634, -0.0303808, 0.967085, 0.0)], [0.000674039, 0.0633254, 0.534141, 1.0)]])
0.000674039, 0.0633254, 0.534141
float3(0.0303855, 0.255523, -1.6203)
1531639.40860679
normal
simd_float4x4([[-0.050444, -0.998644, -0.0128553, 0.0)], [0.955806, -0.0445393, -0.290603, 0.0)], [0.289637, -0.0269464, 0.956757, 0.0)], [0.00860754, 0.0570661, 0.525135, 1.0)]])
0.00860754, 0.0570661, 0.525135
float3(0.0269496, 0.293957, -1.61537)
1531639.50865817
normal
simd_float4x4([[-0.0469693, -0.998849, -0.00969746, 0.0)], [0.943694, -0.0411889, -0.328246, 0.0)], [0.327469, -0.0245689, 0.944543, 0.0)], [0.0139363, 0.0530631, 0.51185, 1.0)]])
0.0139363, 0.0530631, 0.51185
float3(0.0245714, 0.333728, -1.61201)
1531639.60870958
normal
simd_float4x4([[-0.0428432, -0.999064, -0.00598529, 0.0)], [0.936619, -0.0380789, -0.348273, 0.0)], [0.347719, -0.0205271, 0.937374, 0.0)], [0.0232938, 0.0486617, 0.497379, 1.0)]])
0.0232938, 0.0486617, 0.497379
float3(0.0205285, 0.355216, -1.60889)
1531639.70876125
normal
simd_float4x4([[-0.0396691, -0.999213, -0.000790376, 0.0)], [0.940053, -0.0370523, -0.339009, 0.0)], [0.338712, -0.0141912, 0.940783, 0.0)], [0.0284206, 0.0484974, 0.478119, 1.0)]])
0.0284206, 0.0484974, 0.478119
float3(0.0141916, 0.345584, -1.60786)
1531639.80881263
normal
simd_float4x4([[-0.0344808, -0.999389, 0.00575676, 0.0)], [0.942178, -0.0344271, -0.333338, 0.0)], [0.333333, -0.00606988, 0.94279, 0.0)], [0.0311054, 0.0470237, 0.453138, 1.0)]])
0.0311054, 0.0470237, 0.453138
float3(0.00606992, 0.339843, -1.60523)
1531639.90886421
normal
simd_float4x4([[-0.0314162, -0.999305, 0.0200442, 0.0)], [0.950681, -0.0360667, -0.308065, 0.0)], [0.308574, 0.00937746, 0.951154, 0.0)], [0.0300796, 0.0422881, 0.419653, 1.0)]])
0.0300796, 0.0422881, 0.419653
float3(-0.0093776, 0.313708, -1.60687)
1531640.0089155
normal
simd_float4x4([[-0.0250799, -0.998674, 0.0449588, 0.0)], [0.958014, -0.0368595, -0.284342, 0.0)], [0.285622, 0.0359399, 0.957668, 0.0)], [0.0193625, 0.0346279, 0.378914, 1.0)]])
0.0193625, 0.0346279, 0.378914
float3(-0.0359477, 0.289848, -1.60769)
1531640.10896717
normal
simd_float4x4([[-0.0148311, -0.997094, 0.0747256, 0.0)], [0.968333, -0.0329503, -0.24748, 0.0)], [0.249222, 0.0686889, 0.966007, 0.0)], [0.00478856, 0.0243015, 0.330511, 1.0)]])
0.00478856, 0.0243015, 0.330511
float3(-0.068743, 0.252487, -1.60383)
1531640.2090185
normal
simd_float4x4([[-0.00656423, -0.995402, 0.0955649, 0.0)], [0.979109, -0.0258203, -0.20169, 0.0)], [0.20323, 0.0922445, 0.974776, 0.0)], [-0.0156263, 0.0147112, 0.272937, 1.0)]])
-0.0156263, 0.0147112, 0.272937
float3(-0.0923759, 0.205545, -1.59673)
1531640.30906983
normal
simd_float4x4([[-0.0121729, -0.998155, 0.0594834, 0.0)], [0.982698, -0.0229371, -0.183791, 0.0)], [0.184816, 0.0562169, 0.981164, 0.0)], [-0.0483065, 0.0184882, 0.200726, 1.0)]])
-0.0483065, 0.0184882, 0.200726
float3(-0.0562466, 0.186182, -1.59377)
1531640.40912146
normal
simd_float4x4([[-0.0407181, -0.99914, 0.00777876, 0.0)], [0.987336, -0.0414293, -0.153136, 0.0)], [0.153327, 0.00144483, 0.988174, 0.0)], [-0.0798237, 0.0318758, 0.127282, 1.0)]])
-0.0798237, 0.0318758, 0.127282
float3(-0.00144483, 0.153934, -1.61224)
1531640.50917296
normal
simd_float4x4([[-0.0842754, -0.99644, 0.00218208, 0.0)], [0.994305, -0.0842377, -0.0652806, 0.0)], [0.065232, -0.00333189, 0.997865, 0.0)], [-0.0962851, 0.0382696, 0.0696175, 1.0)]])
-0.0962851, 0.0382696, 0.0696175
float3(0.0033319, 0.0652787, -1.65513)
1531640.60922446
normal
simd_float4x4([[-0.0846917, -0.996402, -0.00307609, 0.0)], [0.990731, -0.0838798, -0.106845, 0.0)], [0.106203, -0.0120965, 0.994271, 0.0)], [-0.114771, 0.0461084, 0.00971536, 1.0)]])
-0.114771, 0.0461084, 0.00971536
float3(0.0120968, 0.106411, -1.65478)
1531640.70927583
normal
simd_float4x4([[-0.102543, -0.994715, 0.0051828, 0.0)], [0.991009, -0.102609, -0.0858687, 0.0)], [0.0859467, -0.00366907, 0.996293, 0.0)], [-0.123171, 0.0419774, -0.0579125, 1.0)]])
-0.123171, 0.0419774, -0.0579125
float3(0.00366907, 0.0860534, -1.67359)
1531640.80932746
normal
simd_float4x4([[-0.108839, -0.993979, 0.0126851, 0.0)], [0.988399, -0.10957, -0.105177, 0.0)], [0.105934, 0.00109055, 0.994373, 0.0)], [-0.126691, 0.0309819, -0.137722, 1.0)]])
-0.126691, 0.0309819, -0.137722
float3(-0.00109055, 0.106133, -1.68059)
1531640.90937892
normal
simd_float4x4([[-0.126032, -0.991963, 0.0111902, 0.0)], [0.987604, -0.126526, -0.0928902, 0.0)], [0.0935595, -0.000655651, 0.995613, 0.0)], [-0.118982, 0.0151054, -0.229098, 1.0)]])
-0.118982, 0.0151054, -0.229098
float3(0.000655651, 0.0936966, -1.69766)
1531641.00943029
normal
simd_float4x4([[-0.123925, -0.992153, -0.0165903, 0.0)], [0.985233, -0.121036, -0.121106, 0.0)], [0.118147, -0.0313534, 0.992501, 0.0)], [-0.100509, 0.0159943, -0.331018, 1.0)]])
-0.100509, 0.0159943, -0.331018
float3(0.0313586, 0.118483, -1.69219)
1531641.10948175
normal
simd_float4x4([[-0.0947581, -0.993519, -0.0627787, 0.0)], [0.99348, -0.0903618, -0.0695158, 0.0)], [0.0633924, -0.0689565, 0.995604, 0.0)], [-0.0788325, 0.0333618, -0.436104, 1.0)]])
-0.0788325, 0.0333618, -0.436104
float3(0.0690113, 0.0635865, -1.6615)
1531641.20953321
normal
simd_float4x4([[0.0035964, -0.99849, -0.0548235, 0.0)], [0.981343, 0.0140631, -0.191752, 0.0)], [0.192233, -0.053111, 0.979911, 0.0)], [-0.0725995, 0.0312586, -0.528915, 1.0)]])
-0.0725995, 0.0312586, -0.528915
float3(0.053136, 0.193714, -1.55671)
1531641.30958492
normal
simd_float4x4([[0.0156972, -0.998215, -0.0576284, 0.0)], [0.980664, 0.0266141, -0.193878, 0.0)], [0.195066, -0.0534708, 0.979331, 0.0)], [-0.0680852, 0.038789, -0.603412, 1.0)]])
-0.0680852, 0.038789, -0.603412
float3(0.0534963, 0.19661, -1.54414)
1531641.40963617
normal
simd_float4x4([[0.0276389, -0.998714, -0.0425112, 0.0)], [0.980999, 0.0352694, -0.19078, 0.0)], [0.192034, -0.0364305, 0.980712, 0.0)], [-0.0642151, 0.0327561, -0.689288, 1.0)]])
-0.0642151, 0.0327561, -0.689288
float3(0.0364386, 0.193364, -1.5355)
1531641.50968754
normal
simd_float4x4([[0.0369949, -0.999015, -0.0245146, 0.0)], [0.986317, 0.0404466, -0.159824, 0.0)], [0.160658, -0.0182665, 0.986841, 0.0)], [-0.0670688, 0.0136306, -0.785783, 1.0)]])
-0.0670688, 0.0136306, -0.785783
float3(0.0182675, 0.161384, -1.53033)
1531641.60973921
normal
simd_float4x4([[0.0326321, -0.998891, -0.033942, 0.0)], [0.992656, 0.0363489, -0.115379, 0.0)], [0.116485, -0.0299277, 0.992742, 0.0)], [-0.0811963, 0.000206893, -0.890144, 1.0)]])
-0.0811963, 0.000206893, -0.890144
float3(0.0299321, 0.116802, -1.53442)
1531641.70979062
normal
simd_float4x4([[0.0151099, -0.995108, -0.0976264, 0.0)], [0.990602, 0.0281722, -0.133841, 0.0)], [0.135937, -0.0946866, 0.986182, 0.0)], [-0.103545, 0.00596175, -1.00445, 1.0)]])
-0.103545, 0.00596175, -1.00445
float3(0.0948286, 0.136978, -1.54249)
1531641.80984217
normal
simd_float4x4([[-0.0800354, -0.988975, -0.124594, 0.0)], [0.996484, -0.0824902, 0.0146615, 0.0)], [-0.0247776, -0.122982, 0.992099, 0.0)], [-0.107719, 0.0084357, -1.09125, 1.0)]])
-0.107719, 0.0084357, -1.09125
float3(0.123294, -0.0249697, -1.65401)
1531641.90989362
normal
simd_float4x4([[-0.0648339, -0.994138, -0.0865202, 0.0)], [0.997787, -0.0632988, -0.0203728, 0.0)], [0.0147767, -0.0876495, 0.996042, 0.0)], [-0.11814, 0.0166862, -1.17155, 1.0)]])
-0.11814, 0.0166862, -1.17155
float3(0.0877621, 0.0148343, -1.63438)
1531642.00994521
normal
simd_float4x4([[-0.0981476, -0.992456, -0.0734699, 0.0)], [0.994838, -0.0959368, -0.0330481, 0.0)], [0.0257502, -0.0763343, 0.99675, 0.0)], [-0.127157, 0.00827339, -1.25976, 1.0)]])
-0.127157, 0.00827339, -1.25976
float3(0.0764086, 0.0258285, -1.66716)
1531642.10999646
normal
simd_float4x4([[-0.0964268, -0.994406, -0.043117, 0.0)], [0.993022, -0.0931575, -0.0723063, 0.0)], [0.0678852, -0.0497884, 0.99645, 0.0)], [-0.127665, -0.0124697, -1.34626, 1.0)]])
-0.127665, -0.0124697, -1.34626
float3(0.049809, 0.0680219, -1.66421)
1531642.21004796
normal
simd_float4x4([[-0.0994834, -0.993925, -0.0470671, 0.0)], [0.993535, -0.0966222, -0.0595959, 0.0)], [0.0546862, -0.0526916, 0.997112, 0.0)], [-0.118605, -0.0308866, -1.45028, 1.0)]])
-0.118605, -0.0308866, -1.45028
float3(0.052716, 0.0547897, -1.6677)
1531642.3100995
normal
simd_float4x4([[-0.102227, -0.990051, -0.0966913, 0.0)], [0.994727, -0.102545, -0.0016871, 0.0)], [-0.0082449, -0.0963539, 0.995313, 0.0)], [-0.0970001, -0.0165575, -1.55577, 1.0)]])
-0.0970001, -0.0165575, -1.55577
float3(0.0965036, -0.00828354, -1.674)
1531642.41015088
normal
simd_float4x4([[-0.0262575, -0.992742, -0.117364, 0.0)], [0.999503, -0.0240224, -0.0204183, 0.0)], [0.0174507, -0.117842, 0.992879, 0.0)], [-0.0944197, -0.0155919, -1.6474, 1.0)]])
-0.0944197, -0.0155919, -1.6474
float3(0.118116, 0.017574, -1.59499)
1531642.51020254
normal
simd_float4x4([[0.0119784, -0.99699, -0.0765954, 0.0)], [0.990046, 0.0225678, -0.138921, 0.0)], [0.140231, -0.074169, 0.987337, 0.0)], [-0.0978818, -0.00680828, -1.7257, 1.0)]])
-0.0978818, -0.00680828, -1.7257
float3(0.0742371, 0.141086, -1.54816)
1531642.61025396
normal
simd_float4x4([[0.0302569, -0.998147, -0.0527959, 0.0)], [0.996772, 0.0340607, -0.0727011, 0.0)], [0.0743646, -0.0504257, 0.995956, 0.0)], [-0.093388, -0.0139834, -1.81462, 1.0)]])
-0.093388, -0.0139834, -1.81462
float3(0.0504471, 0.0745283, -1.53669)
1531642.71030533
normal
simd_float4x4([[0.0437599, -0.998478, -0.0335541, 0.0)], [0.995362, 0.0464543, -0.0842409, 0.0)], [0.0856715, -0.0297121, 0.99588, 0.0)], [-0.10495, -0.0298557, -1.90478, 1.0)]])
-0.10495, -0.0298557, -1.90478
float3(0.0297164, 0.0858146, -1.5243)
1531642.81035692
normal
simd_float4x4([[0.0509914, -0.997934, -0.039074, 0.0)], [0.996489, 0.0534412, -0.0644556, 0.0)], [0.0664106, -0.0356501, 0.997155, 0.0)], [-0.115564, -0.0484665, -2.00262, 1.0)]])
-0.115564, -0.0484665, -2.00262
float3(0.0356577, 0.0665019, -1.5173)
1531642.91040829
normal
simd_float4x4([[0.0233896, -0.994324, -0.103795, 0.0)], [0.999268, 0.0263953, -0.0276797, 0.0)], [0.0302623, -0.103071, 0.994213, 0.0)], [-0.135905, -0.0321096, -2.10069, 1.0)]])
-0.135905, -0.0321096, -2.10069
float3(0.103255, 0.0304291, -1.54426)
1531643.01045992
normal
simd_float4x4([[-0.0757253, -0.989486, -0.12322, 0.0)], [0.991696, -0.087617, 0.0941354, 0.0)], [-0.103942, -0.115068, 0.987905, 0.0)], [-0.139507, -0.0284953, -2.16117, 1.0)]])
-0.139507, -0.0284953, -2.16117
float3(0.115324, -0.104829, -1.65911)
1531643.11051133
normal
simd_float4x4([[-0.0571746, -0.995379, -0.0771438, 0.0)], [0.998177, -0.0584885, 0.0148791, 0.0)], [-0.0193223, -0.0761525, 0.996909, 0.0)], [-0.154235, -0.0188519, -2.22466, 1.0)]])
-0.154235, -0.0188519, -2.22466
float3(0.0762263, -0.0193798, -1.62949)
1531643.21056292
normal
simd_float4x4([[-0.085778, -0.993881, -0.0695918, 0.0)], [0.996031, -0.0872102, 0.0178044, 0.0)], [-0.0237645, -0.0677883, 0.997417, 0.0)], [-0.15702, -0.0176057, -2.28344, 1.0)]])
-0.15702, -0.0176057, -2.28344
float3(0.0678403, -0.0238216, -1.65832)
1531643.31061421
normal
simd_float4x4([[-0.0886039, -0.994487, -0.0560753, 0.0)], [0.99575, -0.0870147, -0.0301793, 0.0)], [0.0251335, -0.058511, 0.99797, 0.0)], [-0.155501, -0.0270709, -2.33221, 1.0)]])
-0.155501, -0.0270709, -2.33221
float3(0.0585444, 0.0251793, -1.65807)
1531643.41066571
limited(__ObjC.ARCamera.TrackingState.Reason.insufficientFeatures)
simd_float4x4([[-0.0946821, -0.993189, -0.0679102, 0.0)], [0.995496, -0.0941323, -0.0112588, 0.0)], [0.00478954, -0.0686704, 0.997628, 0.0)], [-0.144546, -0.0413298, -2.41069, 1.0)]])
-0.144546, -0.0413298, -2.41069
float3(0.0687245, 0.00480089, -1.66529)
1531643.51071721
limited(__ObjC.ARCamera.TrackingState.Reason.excessiveMotion)
simd_float4x4([[-0.0885309, -0.990209, -0.107931, 0.0)], [0.994019, -0.0947842, 0.0542447, 0.0)], [-0.0639437, -0.102483, 0.992677, 0.0)], [-0.125236, -0.0245137, -2.50068, 1.0)]])
-0.125236, -0.0245137, -2.50068
float3(0.102663, -0.0643265, -1.66623)
1531643.61076863
limited(__ObjC.ARCamera.TrackingState.Reason.insufficientFeatures)
simd_float4x4([[-0.013551, -0.994771, -0.101223, 0.0)], [0.999783, -0.0150809, 0.014364, 0.0)], [-0.0158154, -0.101006, 0.99476, 0.0)], [-0.126898, -0.0258015, -2.58275, 1.0)]])
-0.126898, -0.0258015, -2.58275
float3(0.101179, -0.0158974, -1.58596)
1531643.71082025
limited(__ObjC.ARCamera.TrackingState.Reason.insufficientFeatures)
simd_float4x4([[0.0275256, -0.997284, -0.0683134, 0.0)], [0.99475, 0.034066, -0.0965021, 0.0)], [0.0985672, -0.0652985, 0.992986, 0.0)], [-0.12753, -0.016735, -2.65338, 1.0)]])
-0.12753, -0.016735, -2.65338
float3(0.065345, 0.0989394, -1.53665)
1531643.81087171
limited(__ObjC.ARCamera.TrackingState.Reason.insufficientFeatures)
simd_float4x4([[0.0520123, -0.997057, -0.056313, 0.0)], [0.996804, 0.0552579, -0.0576986, 0.0)], [0.0606406, -0.053132, 0.996745, 0.0)], [-0.127898, -0.0244106, -2.72898, 1.0)]])
-0.127898, -0.0244106, -2.72898
float3(0.053157, 0.0607637, -1.51543)
1531643.91092317
normal
simd_float4x4([[0.0592618, -0.997252, -0.0444682, 0.0)], [0.996258, 0.0618925, -0.060318, 0.0)], [0.0629045, -0.0407273, 0.997188, 0.0)], [-0.132872, -0.0435925, -2.81438, 1.0)]])
-0.132872, -0.0435925, -2.81438
float3(0.0407385, 0.0629984, -1.50881)
1531644.01097458
normal
simd_float4x4([[0.0589502, -0.996075, -0.066033, 0.0)], [0.996557, 0.0625837, -0.0543775, 0.0)], [0.0582966, -0.0626001, 0.996335, 0.0)], [-0.144644, -0.0569878, -2.9062, 1.0)]])
-0.144644, -0.0569878, -2.9062
float3(0.062641, 0.0584445, -1.50805)
1531644.11102604
normal
