ARKit Data
1194067.12806504
limited(__ObjC.ARCamera.TrackingState.Reason.initializing)
simd_float4x4([[0.0718633, -0.707259, 0.703293, 0.0)], [0.99705, 0.0699965, -0.0314886, 0.0)], [-0.0269574, 0.703481, 0.710203, 0.0)], [0.0, 0.0, 0.0, 1.0)]])
0.0, 0.0, 0.0
float3(-0.780283, -0.0379391, -1.47215)
1194067.22811567
limited(__ObjC.ARCamera.TrackingState.Reason.initializing)
simd_float4x4([[0.0297624, -0.758043, 0.651525, 0.0)], [0.998822, 0.0475532, 0.00970044, 0.0)], [-0.0383355, 0.650469, 0.758565, 0.0)], [0.0, 0.0, 0.0, 1.0)]])
0.0, 0.0, 0.0
float3(-0.708201, -0.0504939, -1.50815)
1194067.60949354
notAvailable
simd_float4x4([[1.0, 0.0, 0.0, 0.0)], [0.0, 1.0, 0.0, 0.0)], [0.0, 0.0, 1.0, 0.0)], [0.0, 0.0, 0.0, 1.0)]])
0.0, 0.0, 0.0
float3(-0.0, 0.0, 0.0)
1194067.70951079
notAvailable
simd_float4x4([[1.0, 0.0, 0.0, 0.0)], [0.0, 1.0, 0.0, 0.0)], [0.0, 0.0, 1.0, 0.0)], [0.0, 0.0, 0.0, 1.0)]])
0.0, 0.0, 0.0
float3(-0.0, 0.0, 0.0)
1194067.80956146
limited(__ObjC.ARCamera.TrackingState.Reason.initializing)
simd_float4x4([[0.00562643, -0.936099, 0.351691, 0.0)], [0.999955, 0.00795564, 0.0051781, 0.0)], [-0.00764514, 0.351646, 0.936102, 0.0)], [0.0, 0.0, 0.0, 1.0)]])
0.0, 0.0, 0.0
float3(-0.359328, -0.00816682, -1.5623)
1194067.90961187
limited(__ObjC.ARCamera.TrackingState.Reason.initializing)
simd_float4x4([[0.0282188, -0.930834, 0.36435, 0.0)], [0.999458, 0.0201012, -0.0260537, 0.0)], [0.0169278, 0.364888, 0.930898, 0.0)], [0.0, 0.0, 0.0, 1.0)]])
0.0, 0.0, 0.0
float3(-0.373512, 0.0181824, -1.5492)
1194068.00966238
limited(__ObjC.ARCamera.TrackingState.Reason.initializing)
simd_float4x4([[0.0417727, -0.934091, 0.354582, 0.0)], [0.997661, 0.01978, -0.0654255, 0.0)], [0.0540998, 0.356485, 0.932733, 0.0)], [0.0, 0.0, 0.0, 1.0)]])
0.0, 0.0, 0.0
float3(-0.364503, 0.0579365, -1.54962)
1194068.10971287
limited(__ObjC.ARCamera.TrackingState.Reason.initializing)
simd_float4x4([[0.0522179, -0.946657, 0.317982, 0.0)], [0.992428, 0.0137447, -0.122055, 0.0)], [0.111173, 0.321947, 0.940207, 0.0)], [0.0, 0.0, 0.0, 1.0)]])
0.0, 0.0, 0.0
float3(-0.327786, 0.117697, -1.55628)
1194068.20976333
limited(__ObjC.ARCamera.TrackingState.Reason.initializing)
simd_float4x4([[0.0709764, -0.947128, 0.312904, 0.0)], [0.979104, 0.00621955, -0.203266, 0.0)], [0.190573, 0.320793, 0.927778, 0.0)], [0.0, 0.0, 0.0, 1.0)]])
0.0, 0.0, 0.0
float3(-0.326566, 0.20259, -1.56423)
1194068.30981396
limited(__ObjC.ARCamera.TrackingState.Reason.initializing)
simd_float4x4([[0.104278, -0.942583, 0.317272, 0.0)], [0.960181, 0.0122774, -0.279109, 0.0)], [0.259189, 0.333744, 0.90633, 0.0)], [0.0, 0.0, 0.0, 1.0)]])
0.0, 0.0, 0.0
float3(-0.340273, 0.278542, -1.55777)
1194068.40986446
limited(__ObjC.ARCamera.TrackingState.Reason.initializing)
simd_float4x4([[0.139014, -0.941079, 0.308291, 0.0)], [0.93713, 0.0243867, -0.348127, 0.0)], [0.320097, 0.337303, 0.885304, 0.0)], [0.0, 0.0, 0.0, 1.0)]])
0.0, 0.0, 0.0
float3(-0.344051, 0.346942, -1.54489)
1194068.50991492
limited(__ObjC.ARCamera.TrackingState.Reason.initializing)
simd_float4x4([[0.160974, -0.940988, 0.297704, 0.0)], [0.910861, 0.0254992, -0.411924, 0.0)], [0.380024, 0.337476, 0.861214, 0.0)], [0.0, 0.0, 0.0, 1.0)]])
0.0, 0.0, 0.0
float3(-0.344234, 0.415567, -1.5437)
1194068.64331554
limited(__ObjC.ARCamera.TrackingState.Reason.initializing)
simd_float4x4([[0.183768, -0.940266, 0.286579, 0.0)], [0.8752, 0.0237871, -0.483175, 0.0)], [0.447497, 0.339606, 0.827292, 0.0)], [0.0, 0.0, 0.0, 1.0)]])
0.0, 0.0, 0.0
float3(-0.346498, 0.495844, -1.5455)
1194068.77671629
limited(__ObjC.ARCamera.TrackingState.Reason.initializing)
simd_float4x4([[0.199135, -0.936883, 0.287389, 0.0)], [0.847955, 0.0177268, -0.52977, 0.0)], [0.491239, 0.349189, 0.797965, 0.0)], [0.0, 0.0, 0.0, 1.0)]])
0.0, 0.0, 0.0
float3(-0.356706, 0.551822, -1.55188)
1194068.893442
limited(__ObjC.ARCamera.TrackingState.Reason.initializing)
simd_float4x4([[0.205853, -0.935371, 0.287577, 0.0)], [0.830492, 0.0115528, -0.55691, 0.0)], [0.517597, 0.353472, 0.779196, 0.0)], [0.0, 0.0, 0.0, 1.0)]])
0.0, 0.0, 0.0
float3(-0.361281, 0.586342, -1.55845)
1194068.9934925
limited(__ObjC.ARCamera.TrackingState.Reason.initializing)
simd_float4x4([[0.205634, -0.93401, 0.29212, 0.0)], [0.82843, 0.00723228, -0.560045, 0.0)], [0.520977, 0.357166, 0.775248, 0.0)], [0.0, 0.0, 0.0, 1.0)]])
0.0, 0.0, 0.0
float3(-0.365232, 0.591695, -1.56305)
1194069.09354308
limited(__ObjC.ARCamera.TrackingState.Reason.initializing)
simd_float4x4([[0.201924, -0.930704, 0.304973, 0.0)], [0.840894, 0.00510956, -0.541174, 0.0)], [0.502117, 0.365727, 0.783655, 0.0)], [0.0, 0.0, 0.0, 1.0)]])
0.0, 0.0, 0.0
float3(-0.374414, 0.569836, -1.56531)
1194069.21026863
limited(__ObjC.ARCamera.TrackingState.Reason.initializing)
simd_float4x4([[0.189369, -0.926773, 0.324385, 0.0)], [0.866415, 0.00226851, -0.499318, 0.0)], [0.462021, 0.375608, 0.803399, 0.0)], [0.0, 0.0, 0.0, 1.0)]])
0.0, 0.0, 0.0
float3(-0.385053, 0.521896, -1.56835)
1194069.31031946
limited(__ObjC.ARCamera.TrackingState.Reason.initializing)
simd_float4x4([[0.163599, -0.921203, 0.353007, 0.0)], [0.901208, -0.00600938, -0.433345, 0.0)], [0.401322, 0.389028, 0.829212, 0.0)], [0.0, 0.0, 0.0, 1.0)]])
0.0, 0.0, 0.0
float3(-0.399576, 0.450749, -1.57732)
1194069.41036987
limited(__ObjC.ARCamera.TrackingState.Reason.initializing)
simd_float4x4([[0.140272, -0.920791, 0.363952, 0.0)], [0.921776, -0.0127449, -0.387511, 0.0)], [0.361457, 0.38984, 0.846976, 0.0)], [0.0, 0.0, 0.0, 1.0)]])
0.0, 0.0, 0.0
float3(-0.400458, 0.403362, -1.58464)
1194069.52709558
limited(__ObjC.ARCamera.TrackingState.Reason.initializing)
simd_float4x4([[0.108305, -0.924928, 0.364381, 0.0)], [0.947736, -0.0145866, -0.318723, 0.0)], [0.300112, 0.379856, 0.875007, 0.0)], [0.0, 0.0, 0.0, 1.0)]])
0.0, 0.0, 0.0
float3(-0.389641, 0.330409, -1.58657)
1194069.62714613
limited(__ObjC.ARCamera.TrackingState.Reason.initializing)
simd_float4x4([[0.0843934, -0.927094, 0.365199, 0.0)], [0.96296, -0.0183142, -0.269023, 0.0)], [0.256099, 0.374376, 0.891208, 0.0)], [0.0, 0.0, 0.0, 1.0)]])
0.0, 0.0, 0.0
float3(-0.383724, 0.279821, -1.59055)
1194069.74387175
limited(__ObjC.ARCamera.TrackingState.Reason.initializing)
simd_float4x4([[0.0621397, -0.932463, 0.355878, 0.0)], [0.977306, -0.0155019, -0.211266, 0.0)], [0.202515, 0.360929, 0.910338, 0.0)], [0.0, 0.0, 0.0, 1.0)]])
0.0, 0.0, 0.0
float3(-0.369264, 0.218896, -1.58742)
1194069.84392246
limited(__ObjC.ARCamera.TrackingState.Reason.initializing)
simd_float4x4([[0.0444175, -0.937389, 0.345435, 0.0)], [0.986094, -0.0142885, -0.165571, 0.0)], [0.16014, 0.347986, 0.92372, 0.0)], [0.0, 0.0, 0.0, 1.0)]])
0.0, 0.0, 0.0
float3(-0.355422, 0.171659, -1.58604)
1194069.94397304
limited(__ObjC.ARCamera.TrackingState.Reason.initializing)
simd_float4x4([[0.0260385, -0.942955, 0.331897, 0.0)], [0.992605, -0.0149891, -0.12046, 0.0)], [0.118563, 0.332579, 0.935591, 0.0)], [0.0, 0.0, 0.0, 1.0)]])
0.0, 0.0, 0.0
float3(-0.339037, 0.126053, -1.58669)
1194070.04402358
limited(__ObjC.ARCamera.TrackingState.Reason.initializing)
simd_float4x4([[0.0175377, -0.945898, 0.323985, 0.0)], [0.995957, -0.0120248, -0.0890201, 0.0)], [0.0881, 0.324237, 0.941863, 0.0)], [0.0, 0.0, 0.0, 1.0)]])
0.0, 0.0, 0.0
float3(-0.330205, 0.0932667, -1.58351)
1194070.16074929
limited(__ObjC.ARCamera.TrackingState.Reason.initializing)
simd_float4x4([[0.0081791, -0.952065, 0.305781, 0.0)], [0.998801, -0.00698478, -0.0484639, 0.0)], [0.0482767, 0.30581, 0.950866, 0.0)], [0.0, 0.0, 0.0, 1.0)]])
0.0, 0.0, 0.0
float3(-0.310789, 0.0507278, -1.57813)
1194070.27747512
limited(__ObjC.ARCamera.TrackingState.Reason.initializing)
simd_float4x4([[-0.00186982, -0.959841, 0.280534, 0.0)], [0.99994, -0.00483512, -0.00987852, 0.0)], [0.0108382, 0.280498, 0.959792, 0.0)], [0.0, 0.0, 0.0, 1.0)]])
0.0, 0.0, 0.0
float3(-0.284313, 0.0112918, -1.57583)
1194070.39420096
limited(__ObjC.ARCamera.TrackingState.Reason.initializing)
simd_float4x4([[-0.00746115, -0.967971, 0.250947, 0.0)], [0.999707, -0.00143913, 0.0241722, 0.0)], [-0.0230369, 0.251054, 0.967698, 0.0)], [0.0, 0.0, 0.0, 1.0)]])
0.0, 0.0, 0.0
float3(-0.253769, -0.0238014, -1.57228)
1194070.49425146
limited(__ObjC.ARCamera.TrackingState.Reason.initializing)
simd_float4x4([[-0.0058714, -0.975708, 0.218991, 0.0)], [0.998636, 0.0056418, 0.0519117, 0.0)], [-0.0518862, 0.218997, 0.974344, 0.0)], [0.0, 0.0, 0.0, 1.0)]])
0.0, 0.0, 0.0
float3(-0.220787, -0.0532022, -1.56501)
1194070.61097721
limited(__ObjC.ARCamera.TrackingState.Reason.initializing)
simd_float4x4([[-0.0135694, -0.980653, 0.195276, 0.0)], [0.996775, 0.00218059, 0.0802151, 0.0)], [-0.0790891, 0.195735, 0.977462, 0.0)], [0.0, 0.0, 0.0, 1.0)]])
0.0, 0.0, 0.0
float3(-0.197007, -0.0807369, -1.56857)
1194070.72770296
limited(__ObjC.ARCamera.TrackingState.Reason.initializing)
simd_float4x4([[-0.0291084, -0.983438, 0.178888, 0.0)], [0.992743, -0.00755203, 0.120021, 0.0)], [-0.116682, 0.181083, 0.97652, 0.0)], [0.0, 0.0, 0.0, 1.0)]])
0.0, 0.0, 0.0
float3(-0.182088, -0.118924, -1.57848)
1194070.86110371
limited(__ObjC.ARCamera.TrackingState.Reason.initializing)
simd_float4x4([[-0.0419197, -0.984474, 0.170446, 0.0)], [0.986193, -0.0134162, 0.165055, 0.0)], [-0.160206, 0.175012, 0.971444, 0.0)], [0.0, 0.0, 0.0, 1.0)]])
0.0, 0.0, 0.0
float3(-0.175918, -0.163444, -1.58442)
1194070.96115458
limited(__ObjC.ARCamera.TrackingState.Reason.initializing)
simd_float4x4([[-0.0483897, -0.985107, 0.164989, 0.0)], [0.979499, -0.0144621, 0.200928, 0.0)], [-0.19555, 0.17133, 0.965612, 0.0)], [0.0, 0.0, 0.0, 1.0)]])
0.0, 0.0, 0.0
float3(-0.172179, -0.199811, -1.58548)
1194071.06120504
limited(__ObjC.ARCamera.TrackingState.Reason.initializing)
simd_float4x4([[-0.0544128, -0.984513, 0.16665, 0.0)], [0.971578, -0.0136955, 0.236322, 0.0)], [-0.230379, 0.174772, 0.957277, 0.0)], [0.0, 0.0, 0.0, 1.0)]])
0.0, 0.0, 0.0
float3(-0.175674, -0.23617, -1.58471)
1194071.17793087
limited(__ObjC.ARCamera.TrackingState.Reason.initializing)
simd_float4x4([[-0.0600749, -0.984359, 0.165617, 0.0)], [0.965006, -0.0148451, 0.261807, 0.0)], [-0.255254, 0.175549, 0.950804, 0.0)], [0.0, 0.0, 0.0, 1.0)]])
0.0, 0.0, 0.0
float3(-0.176464, -0.262277, -1.58588)
1194071.29465663
limited(__ObjC.ARCamera.TrackingState.Reason.initializing)
simd_float4x4([[-0.0703986, -0.982659, 0.171531, 0.0)], [0.960193, -0.0201559, 0.278609, 0.0)], [-0.27032, 0.184317, 0.944961, 0.0)], [0.0, 0.0, 0.0, 1.0)]])
0.0, 0.0, 0.0
float3(-0.185377, -0.278624, -1.59131)
1194071.41138263
limited(__ObjC.ARCamera.TrackingState.Reason.initializing)
simd_float4x4([[-0.0708756, -0.982196, 0.173962, 0.0)], [0.962395, -0.0214839, 0.270803, 0.0)], [-0.262245, 0.186614, 0.946783, 0.0)], [0.0, 0.0, 0.0, 1.0)]])
0.0, 0.0, 0.0
float3(-0.187714, -0.270211, -1.59267)
1194071.51143313
limited(__ObjC.ARCamera.TrackingState.Reason.initializing)
simd_float4x4([[-0.062465, -0.982949, 0.172928, 0.0)], [0.967522, -0.017115, 0.252207, 0.0)], [-0.244948, 0.183065, 0.952094, 0.0)], [0.0, 0.0, 0.0, 1.0)]])
0.0, 0.0, 0.0
float3(-0.184104, -0.251812, -1.58821)
1194071.62815883
limited(__ObjC.ARCamera.TrackingState.Reason.initializing)
simd_float4x4([[-0.0568281, -0.984183, 0.167773, 0.0)], [0.974904, -0.018473, 0.221857, 0.0)], [-0.215249, 0.176171, 0.960534, 0.0)], [0.0, 0.0, 0.0, 1.0)]])
0.0, 0.0, 0.0
float3(-0.177095, -0.220451, -1.58956)
1194071.74488471
limited(__ObjC.ARCamera.TrackingState.Reason.initializing)
simd_float4x4([[-0.0520663, -0.985316, 0.162593, 0.0)], [0.982284, -0.0211808, 0.186198, 0.0)], [-0.180021, 0.169407, 0.968962, 0.0)], [0.0, 0.0, 0.0, 1.0)]])
0.0, 0.0, 0.0
float3(-0.170228, -0.183693, -1.59229)
1194071.86161062
normal
simd_float4x4([[-0.0493455, -0.987959, 0.146638, 0.0)], [0.989073, -0.0279153, 0.14476, 0.0)], [-0.138923, 0.152179, 0.978541, 0.0)], [-0.00381663, 9.04128e-05, 0.00349712, 1.0)]])
-0.00381663, 9.04128e-05, 0.00349712
float3(-0.152772, -0.141027, -1.59904)
1194071.96166133
normal
simd_float4x4([[-0.0447063, -0.988854, 0.142019, 0.0)], [0.993488, -0.0290947, 0.11016, 0.0)], [-0.1048, 0.146019, 0.983715, 0.0)], [-0.00329816, -0.00040707, 0.00444729, 1.0)]])
-0.00329816, -0.00040707, 0.00444729
float3(-0.146542, -0.106135, -1.60021)
1194072.061712
normal
simd_float4x4([[-0.036205, -0.989615, 0.139109, 0.0)], [0.997097, -0.0264425, 0.0713975, 0.0)], [-0.0669776, 0.14129, 0.9877, 0.0)], [-0.00461982, -0.00110933, 0.00552542, 1.0)]])
-0.00461982, -0.00110933, 0.00552542
float3(-0.141764, -0.0677081, -1.59751)
1194072.17843783
normal
simd_float4x4([[-0.0291424, -0.990104, 0.137277, 0.0)], [0.99939, -0.026219, 0.0230561, 0.0)], [-0.0192287, 0.137865, 0.990264, 0.0)], [-0.00812836, -0.0025048, 0.00477799, 1.0)]])
-0.00812836, -0.0025048, 0.00477799
float3(-0.138305, -0.0194153, -1.59727)
1194072.29516362
normal
simd_float4x4([[-0.0200322, -0.990728, 0.134372, 0.0)], [0.99937, -0.0237821, -0.0263596, 0.0)], [0.0293108, 0.133759, 0.99058, 0.0)], [-0.0117089, -0.00452192, 0.00165173, 1.0)]])
-0.0117089, -0.00452192, 0.00165173
float3(-0.134161, 0.0295809, -1.5948)
1194072.39521425
normal
simd_float4x4([[-0.00854836, -0.990998, 0.133602, 0.0)], [0.99771, -0.017418, -0.0653613, 0.0)], [0.0671, 0.132738, 0.988877, 0.0)], [-0.0198509, -0.00699852, -0.000831739, 1.0)]])
-0.0198509, -0.00699852, -0.000831739
float3(-0.13313, 0.0677509, -1.58837)
1194072.51194012
normal
simd_float4x4([[0.00204247, -0.990951, 0.134209, 0.0)], [0.994276, -0.0123248, -0.106133, 0.0)], [0.106827, 0.133658, 0.985253, 0.0)], [-0.0247614, -0.00841671, 0.000423766, 1.0)]])
-0.0247614, -0.00841671, 0.000423766
float3(-0.134059, 0.108004, -1.58323)
1194072.61199096
normal
simd_float4x4([[0.00975369, -0.990871, 0.134461, 0.0)], [0.990488, -0.00888343, -0.137313, 0.0)], [0.137254, 0.134521, 0.981359, 0.0)], [-0.0301226, -0.00928391, 0.000859919, 1.0)]])
-0.0301226, -0.00928391, 0.000859919
float3(-0.13493, 0.13896, -1.57976)
1194072.72871687
normal
simd_float4x4([[0.0174966, -0.990469, 0.136619, 0.0)], [0.984191, -0.00702473, -0.176973, 0.0)], [0.176246, 0.137555, 0.974688, 0.0)], [-0.0376561, -0.0102103, 0.004333, 1.0)]])
-0.0376561, -0.0102103, 0.004333
float3(-0.137993, 0.17889, -1.57789)
1194072.82876738
normal
simd_float4x4([[0.0277402, -0.990023, 0.138146, 0.0)], [0.977803, -0.00183796, -0.209518, 0.0)], [0.207681, 0.140892, 0.967997, 0.0)], [-0.0477811, -0.0103043, 0.00803414, 1.0)]])
-0.0477811, -0.0103043, 0.00803414
float3(-0.141362, 0.211344, -1.57265)
1194072.94549317
normal
simd_float4x4([[0.0372836, -0.989737, 0.137949, 0.0)], [0.968896, 0.00200741, -0.247461, 0.0)], [0.244645, 0.142885, 0.959027, 0.0)], [-0.0580844, -0.0111838, 0.0132129, 1.0)]])
-0.0580844, -0.0111838, 0.0132129
float3(-0.143375, 0.24977, -1.56877)
1194073.06221938
normal
simd_float4x4([[0.0443685, -0.989832, 0.135141, 0.0)], [0.961524, 0.00559974, -0.274665, 0.0)], [0.271115, 0.142128, 0.951996, 0.0)], [-0.0714099, -0.0106031, 0.0175903, 1.0)]])
-0.0714099, -0.0106031, 0.0175903
float3(-0.142611, 0.277441, -1.56514)
1194073.16226996
normal
simd_float4x4([[0.0516921, -0.989267, 0.136667, 0.0)], [0.95602, 0.00945646, -0.293149, 0.0)], [0.28871, 0.145809, 0.946248, 0.0)], [-0.0918525, -0.0101268, 0.0191523, 1.0)]])
-0.0918525, -0.0101268, 0.0191523
float3(-0.146331, 0.296139, -1.56124)
1194073.26232075
normal
simd_float4x4([[0.0573084, -0.987687, 0.14557, 0.0)], [0.952359, 0.0103351, -0.304803, 0.0)], [0.299546, 0.156103, 0.941225, 0.0)], [-0.148556, -0.0321641, -0.0248378, 1.0)]])
-0.148556, -0.0321641, -0.0248378
float3(-0.156744, 0.308116, -1.56033)
1194073.39572171
normal
simd_float4x4([[0.0604039, -0.985121, 0.160894, 0.0)], [0.948309, 0.0063265, -0.317284, 0.0)], [0.311546, 0.171743, 0.934582, 0.0)], [-0.172731, -0.0367286, -0.0304089, 1.0)]])
-0.172731, -0.0367286, -0.0304089
float3(-0.172598, 0.321768, -1.56437)
1194073.52912288
normal
simd_float4x4([[0.0667272, -0.981312, 0.180484, 0.0)], [0.946256, 0.00486647, -0.323383, 0.0)], [0.316462, 0.192362, 0.928897, 0.0)], [-0.198582, -0.041757, -0.0408001, 1.0)]])
-0.198582, -0.041757, -0.0408001
float3(-0.193569, 0.328353, -1.56584)
1194073.62917363
normal
simd_float4x4([[0.0716975, -0.980093, 0.185139, 0.0)], [0.945896, 0.00792168, -0.324374, 0.0)], [0.31645, 0.198379, 0.927634, 0.0)], [-0.217348, -0.0437937, -0.0479072, 1.0)]])
-0.217348, -0.0437937, -0.0479072
float3(-0.199704, 0.328757, -1.56271)
1194073.72922446
normal
simd_float4x4([[0.0731514, -0.979029, 0.190133, 0.0)], [0.947873, 0.00896485, -0.318521, 0.0)], [0.310137, 0.203522, 0.928652, 0.0)], [-0.231477, -0.0451974, -0.0541261, 1.0)]])
-0.231477, -0.0451974, -0.0541261
float3(-0.204954, 0.322319, -1.56164)
1194073.84595021
normal
simd_float4x4([[0.0694467, -0.980498, 0.18385, 0.0)], [0.953629, 0.0111458, -0.300778, 0.0)], [0.292863, 0.196213, 0.935805, 0.0)], [-0.243035, -0.0466277, -0.0559017, 1.0)]])
-0.243035, -0.0466277, -0.0559017
float3(-0.197494, 0.303297, -1.55943)
1194073.96267608
normal
simd_float4x4([[0.0669605, -0.980318, 0.185724, 0.0)], [0.961156, 0.0134229, -0.275681, 0.0)], [0.267762, 0.19697, 0.943137, 0.0)], [-0.253788, -0.0503903, -0.0594615, 1.0)]])
-0.253788, -0.0503903, -0.0594615
float3(-0.198266, 0.276627, -1.5571)
1194074.07940208
normal
simd_float4x4([[0.0599928, -0.979388, 0.192871, 0.0)], [0.967882, 0.00981649, -0.251214, 0.0)], [0.244143, 0.201747, 0.948521, 0.0)], [-0.263632, -0.0551011, -0.0663077, 1.0)]])
-0.263632, -0.0551011, -0.0663077
float3(-0.203141, 0.251925, -1.56077)
1194074.179453
normal
simd_float4x4([[0.0589305, -0.977361, 0.203205, 0.0)], [0.973102, 0.0108293, -0.230119, 0.0)], [0.222709, 0.2113, 0.951711, 0.0)], [-0.271253, -0.0573262, -0.0729477, 1.0)]])
-0.271253, -0.0573262, -0.0729477
float3(-0.212905, 0.229873, -1.55972)
1194074.29617883
normal
simd_float4x4([[0.0554127, -0.974539, 0.217262, 0.0)], [0.979396, 0.01073, -0.201665, 0.0)], [0.1942, 0.22396, 0.955054, 0.0)], [-0.27154, -0.0611924, -0.0846196, 1.0)]])
-0.27154, -0.0611924, -0.0846196
float3(-0.225876, 0.200604, -1.55979)
1194074.41290467
normal
simd_float4x4([[0.0548151, -0.972477, 0.226461, 0.0)], [0.984633, 0.0149829, -0.173991, 0.0)], [0.165809, 0.232518, 0.958354, 0.0)], [-0.267038, -0.0625595, -0.0936749, 1.0)]])
-0.267038, -0.0625595, -0.0936749
float3(-0.234666, 0.171319, -1.55539)
1194074.52963062
normal
simd_float4x4([[0.0486926, -0.972468, 0.22789, 0.0)], [0.989699, 0.0162218, -0.142243, 0.0)], [0.13463, 0.232469, 0.963241, 0.0)], [-0.257953, -0.0629046, -0.101295, 1.0)]])
-0.257953, -0.0629046, -0.101295
float3(-0.234616, 0.138868, -1.55412)
1194074.62968158
normal
simd_float4x4([[0.0408453, -0.971371, 0.234028, 0.0)], [0.993517, 0.0146147, -0.11274, 0.0)], [0.106092, 0.237115, 0.965671, 0.0)], [-0.248333, -0.0648997, -0.111363, 1.0)]])
-0.248333, -0.0648997, -0.111363
float3(-0.239396, 0.109424, -1.55575)
1194074.72973221
normal
simd_float4x4([[0.0270943, -0.971394, 0.235922, 0.0)], [0.997074, 0.00938631, -0.0758608, 0.0)], [0.0714764, 0.237287, 0.968806, 0.0)], [-0.232792, -0.067837, -0.122906, 1.0)]])
-0.232792, -0.067837, -0.122906
float3(-0.239573, 0.0736443, -1.56113)
1194074.84645825
normal
simd_float4x4([[0.00479674, -0.96808, 0.250596, 0.0)], [0.999861, 0.000639785, -0.0166671, 0.0)], [0.0159748, 0.250641, 0.967948, 0.0)], [-0.201712, -0.0708702, -0.144602, 1.0)]])
-0.201712, -0.0708702, -0.144602
float3(-0.253342, 0.0165023, -1.57014)
1194074.96318408
normal
simd_float4x4([[-0.0210293, -0.968457, 0.24829, 0.0)], [0.998605, -0.00831335, 0.0521518, 0.0)], [-0.0484427, 0.249041, 0.967281, 0.0)], [-0.163534, -0.0749072, -0.172404, 1.0)]])
-0.163534, -0.0749072, -0.172404
float3(-0.25169, -0.0500395, -1.57938)
1194075.09658533
normal
simd_float4x4([[-0.043439, -0.967192, 0.250304, 0.0)], [0.9924, -0.0129, 0.122379, 0.0)], [-0.115135, 0.253718, 0.960402, 0.0)], [-0.10842, -0.0802913, -0.214963, 1.0)]])
-0.10842, -0.0802913, -0.214963
float3(-0.256522, -0.119313, -1.58413)
1194075.19663629
normal
simd_float4x4([[-0.0666161, -0.963449, 0.259477, 0.0)], [0.983649, -0.0198038, 0.179002, 0.0)], [-0.167321, 0.267159, 0.949015, 0.0)], [-0.0547308, -0.0811378, -0.249896, 1.0)]])
-0.0547308, -0.0811378, -0.249896
float3(-0.270444, -0.174516, -1.59135)
1194075.296687
normal
simd_float4x4([[-0.0969615, -0.962269, 0.254238, 0.0)], [0.96739, -0.0310614, 0.251379, 0.0)], [-0.233997, 0.270322, 0.933901, 0.0)], [0.00601472, -0.0759349, -0.280157, 1.0)]])
0.00601472, -0.0759349, -0.280157
float3(-0.273727, -0.245504, -1.60306)
1194075.41341296
normal
simd_float4x4([[-0.117251, -0.965613, 0.232042, 0.0)], [0.939028, -0.0317488, 0.342371, 0.0)], [-0.323231, 0.258038, 0.91046, 0.0)], [0.0800593, -0.0653994, -0.303156, 1.0)]])
0.0800593, -0.0653994, -0.303156
float3(-0.260991, -0.341139, -1.60366)
1194075.53013912
normal
simd_float4x4([[-0.131865, -0.971459, 0.197178, 0.0)], [0.888493, -0.027631, 0.458058, 0.0)], [-0.439536, 0.235594, 0.866778, 0.0)], [0.150456, -0.0601831, -0.309145, 1.0)]])
0.150456, -0.0601831, -0.309145
float3(-0.237829, -0.469305, -1.59923)
1194075.64686504
normal
simd_float4x4([[-0.169196, -0.966101, 0.194993, 0.0)], [0.818907, -0.0277147, 0.573256, 0.0)], [-0.548419, 0.256674, 0.795836, 0.0)], [0.22163, -0.0601058, -0.322566, 1.0)]])
0.22163, -0.0601058, -0.322566
float3(-0.259579, -0.60338, -1.59948)
1194075.74691588
normal
simd_float4x4([[-0.188327, -0.96237, 0.195901, 0.0)], [0.757505, -0.015383, 0.652649, 0.0)], [-0.625076, 0.271308, 0.731897, 0.0)], [0.278889, -0.0615914, -0.337353, 1.0)]])
0.278889, -0.0615914, -0.337353
float3(-0.274751, -0.70684, -1.58678)
1194075.86364196
normal
simd_float4x4([[-0.2169, -0.955261, 0.201075, 0.0)], [0.687982, -0.00345333, 0.72572, 0.0)], [-0.692557, 0.295744, 0.657951, 0.0)], [0.343857, -0.0698835, -0.358436, 1.0)]])
0.343857, -0.0698835, -0.358436
float3(-0.300235, -0.811017, -1.57441)
1194075.96369288
normal
simd_float4x4([[-0.229999, -0.956689, 0.178455, 0.0)], [0.630051, -0.00662272, 0.776526, 0.0)], [-0.741712, 0.291036, 0.604286, 0.0)], [0.397768, -0.0756495, -0.37739, 1.0)]])
0.397768, -0.0756495, -0.37739
float3(-0.295309, -0.887146, -1.57772)
1194076.06374371
normal
simd_float4x4([[-0.219336, -0.962809, 0.15777, 0.0)], [0.570085, 0.0047561, 0.821572, 0.0)], [-0.791767, 0.270142, 0.54784, 0.0)], [0.44767, -0.0736323, -0.401369, 1.0)]])
0.44767, -0.0736323, -0.401369
float3(-0.273541, -0.965513, -1.56586)
1194076.16379458
normal
simd_float4x4([[-0.219993, -0.965252, 0.141037, 0.0)], [0.487766, 0.0163639, 0.872821, 0.0)], [-0.8448, 0.260808, 0.467217, 0.0)], [0.503535, -0.0733766, -0.424255, 1.0)]])
0.503535, -0.0733766, -0.424255
float3(-0.263859, -1.06561, -1.55385)
1194076.26384546
normal
simd_float4x4([[-0.224144, -0.965151, 0.135064, 0.0)], [0.408766, 0.0327023, 0.912053, 0.0)], [-0.884686, 0.25964, 0.387191, 0.0)], [0.559197, -0.0701476, -0.444094, 1.0)]])
0.559197, -0.0701476, -0.444094
float3(-0.26265, -1.15825, -1.53693)
1194076.36389625
normal
simd_float4x4([[-0.224968, -0.965161, 0.133619, 0.0)], [0.361351, 0.0447125, 0.931357, 0.0)], [-0.904884, 0.257809, 0.338703, 0.0)], [0.619393, -0.0705565, -0.460514, 1.0)]])
0.619393, -0.0705565, -0.460514
float3(-0.260754, -1.21263, -1.5245)
1194076.46394721
normal
simd_float4x4([[-0.260465, -0.958444, 0.116372, 0.0)], [0.294901, 0.0357947, 0.954857, 0.0)], [-0.919343, 0.283025, 0.273323, 0.0)], [0.681991, -0.0744369, -0.465677, 1.0)]])
0.681991, -0.0744369, -0.465677
float3(-0.286947, -1.28182, -1.53347)
1194076.56399796
normal
simd_float4x4([[-0.28671, -0.952537, 0.102323, 0.0)], [0.25348, 0.0275749, 0.966948, 0.0)], [-0.923875, 0.30317, 0.233543, 0.0)], [0.743264, -0.0829307, -0.467335, 1.0)]])
0.743264, -0.0829307, -0.467335
float3(-0.308018, -1.3232, -1.54186)
1194076.68072408
normal
simd_float4x4([[-0.2926, -0.951878, 0.0911733, 0.0)], [0.227928, 0.0231717, 0.973402, 0.0)], [-0.928673, 0.305598, 0.210179, 0.0)], [0.815264, -0.0924073, -0.46681, 1.0)]])
0.815264, -0.0924073, -0.46681
float3(-0.310567, -1.34822, -1.54646)
1194076.78077512
normal
simd_float4x4([[-0.27006, -0.959601, 0.0789549, 0.0)], [0.226057, 0.0165185, 0.973974, 0.0)], [-0.935931, 0.280879, 0.212464, 0.0)], [0.876909, -0.0948175, -0.462519, 1.0)]])
0.876909, -0.0948175, -0.462519
float3(-0.28471, -1.34757, -1.55358)
1194076.88082579
normal
simd_float4x4([[-0.242152, -0.967412, 0.073997, 0.0)], [0.226276, 0.0178543, 0.9739, 0.0)], [-0.943484, 0.252576, 0.214578, 0.0)], [0.934697, -0.0898177, -0.455103, 1.0)]])
0.934697, -0.0898177, -0.455103
float3(-0.255341, -1.34717, -1.55234)
1194076.98087683
normal
simd_float4x4([[-0.221471, -0.973465, 0.0575935, 0.0)], [0.214015, 0.00910016, 0.976788, 0.0)], [-0.951393, 0.228656, 0.20632, 0.0)], [0.995504, -0.0784691, -0.443092, 1.0)]])
0.995504, -0.0784691, -0.443092
float3(-0.230697, -1.35724, -1.56145)
1194077.09760292
normal
simd_float4x4([[-0.206829, -0.977071, 0.0505368, 0.0)], [0.202119, 0.00786861, 0.979329, 0.0)], [-0.957272, 0.212768, 0.195857, 0.0)], [1.06348, -0.0762832, -0.437884, 1.0)]])
1.06348, -0.0762832, -0.437884
float3(-0.214407, -1.36898, -1.56274)
1194077.21432908
normal
simd_float4x4([[-0.245223, -0.966616, 0.0742962, 0.0)], [0.184995, 0.0285716, 0.982324, 0.0)], [-0.951652, 0.254633, 0.171813, 0.0)], [1.14156, -0.0815211, -0.440642, 1.0)]])
1.14156, -0.0815211, -0.440642
float3(-0.257468, -1.39218, -1.54125)
1194077.31437971
normal
simd_float4x4([[-0.234767, -0.966854, 0.100392, 0.0)], [0.171568, 0.0604418, 0.983316, 0.0)], [-0.956791, 0.248074, 0.151691, 0.0)], [1.19588, -0.0917048, -0.454294, 1.0)]])
1.19588, -0.0917048, -0.454294
float3(-0.250691, -1.41356, -1.50836)
1194077.41443083
normal
simd_float4x4([[-0.231177, -0.964499, 0.127668, 0.0)], [0.185009, 0.085248, 0.979032, 0.0)], [-0.955159, 0.24995, 0.158733, 0.0)], [1.27363, -0.113551, -0.476944, 1.0)]])
1.27363, -0.113551, -0.476944
float3(-0.252628, -1.40612, -1.48264)
1194077.53115692
normal
simd_float4x4([[-0.201079, -0.973465, 0.109237, 0.0)], [0.17712, 0.0735454, 0.981438, 0.0)], [-0.963429, 0.216694, 0.157631, 0.0)], [1.36523, -0.140525, -0.507323, 1.0)]])
1.36523, -0.140525, -0.507323
float3(-0.218427, -1.40862, -1.49539)
1194077.64788296
normal
simd_float4x4([[-0.22218, -0.972658, 0.0676142, 0.0)], [0.109449, 0.0440286, 0.993017, 0.0)], [-0.968843, 0.228029, 0.0966739, 0.0)], [1.45572, -0.159515, -0.526027, 1.0)]])
1.45572, -0.159515, -0.526027
float3(-0.230053, -1.47134, -1.52556)
1194077.74793383
normal
simd_float4x4([[-0.217955, -0.975502, 0.0298624, 0.0)], [0.0927454, 0.00975687, 0.995642, 0.0)], [-0.971542, 0.219775, 0.0883467, 0.0)], [1.53353, -0.164778, -0.53023, 1.0)]])
1.53353, -0.164778, -0.53023
float3(-0.221584, -1.48011, -1.56079)
1194077.84798488
normal
simd_float4x4([[-0.225183, -0.973441, 0.0413045, 0.0)], [0.0764209, 0.0246163, 0.996772, 0.0)], [-0.971315, 0.227612, 0.0688481, 0.0)], [1.61346, -0.156991, -0.53506, 1.0)]])
1.61346, -0.156991, -0.53506
float3(-0.229625, -1.50003, -1.54551)
1194077.96471075
normal
simd_float4x4([[-0.165558, -0.985944, 0.0224559, 0.0)], [0.0698324, 0.010993, 0.997498, 0.0)], [-0.983725, 0.166712, 0.0670309, 0.0)], [1.69283, -0.154303, -0.528312, 1.0)]])
1.69283, -0.154303, -0.528312
float3(-0.167494, -1.50276, -1.55965)
1194078.08143708
normal
simd_float4x4([[-0.126484, -0.991791, 0.0187563, 0.0)], [0.0953566, 0.00666394, 0.995421, 0.0)], [-0.987375, 0.127694, 0.093731, 0.0)], [1.78071, -0.161362, -0.52173, 1.0)]])
1.78071, -0.161362, -0.52173
float3(-0.128043, -1.47615, -1.56408)
1194078.19816308
normal
simd_float4x4([[-0.0928675, -0.995641, 0.00864616, 0.0)], [0.120024, -0.00257388, 0.992768, 0.0)], [-0.988418, 0.0932336, 0.119739, 0.0)], [1.87969, -0.168611, -0.513761, 1.0)]])
1.87969, -0.168611, -0.513761
float3(-0.0933692, -1.45024, -1.57338)
1194078.29821412
normal
simd_float4x4([[-0.0917395, -0.995774, 0.00430871, 0.0)], [0.145123, -0.00908903, 0.989372, 0.0)], [-0.985151, 0.0913897, 0.145344, 0.0)], [1.97004, -0.158391, -0.50524, 1.0)]])
1.97004, -0.158391, -0.50524
float3(-0.0915174, -1.42432, -1.57992)
1194078.39826492
normal
simd_float4x4([[-0.0825444, -0.996452, 0.016423, 0.0)], [0.167929, 0.00233633, 0.985796, 0.0)], [-0.982337, 0.0841299, 0.167141, 0.0)], [2.04707, -0.146019, -0.507556, 1.0)]])
2.04707, -0.146019, -0.507556
float3(-0.0842294, -1.40226, -1.56845)
1194078.53166629
normal
simd_float4x4([[-0.0915921, -0.99509, 0.0374921, 0.0)], [0.186099, 0.019882, 0.98233, 0.0)], [-0.978252, 0.0969509, 0.183365, 0.0)], [2.14276, -0.144794, -0.517233, 1.0)]])
2.14276, -0.144794, -0.517233
float3(-0.0971034, -1.38551, -1.55082)
1194078.63171729
normal
simd_float4x4([[-0.0838111, -0.994327, 0.0654906, 0.0)], [0.203644, 0.0472439, 0.977904, 0.0)], [-0.975451, 0.095296, 0.198529, 0.0)], [2.21878, -0.15388, -0.525337, 1.0)]])
2.21878, -0.15388, -0.525337
float3(-0.0954408, -1.37001, -1.52332)
1194078.73176825
normal
simd_float4x4([[-0.0596916, -0.995129, 0.0784516, 0.0)], [0.207579, 0.0644992, 0.976089, 0.0)], [-0.976395, 0.0745493, 0.202718, 0.0)], [2.29671, -0.167399, -0.538312, 1.0)]])
2.29671, -0.167399, -0.538312
float3(-0.0746185, -1.36609, -1.50607)
1194078.83181904
normal
simd_float4x4([[-0.00308267, -0.997787, 0.0664196, 0.0)], [0.210329, 0.0642872, 0.975515, 0.0)], [-0.977626, 0.0169772, 0.209666, 0.0)], [2.37369, -0.171912, -0.553724, 1.0)]])
2.37369, -0.171912, -0.553724
float3(-0.016978, -1.35953, -1.50646)
1194078.94854546
normal
simd_float4x4([[0.02892, -0.999164, 0.0289031, 0.0)], [0.1821, 0.0336976, 0.982702, 0.0)], [-0.982855, -0.0231565, 0.182922, 0.0)], [2.46711, -0.163778, -0.567409, 1.0)]])
2.46711, -0.163778, -0.567409
float3(0.0231586, -1.38679, -1.53708)
1194079.04859629
normal
simd_float4x4([[0.0327918, -0.99946, -0.00208996, 0.0)], [0.175082, 0.00368559, 0.984547, 0.0)], [-0.984007, -0.032651, 0.175108, 0.0)], [2.54647, -0.155329, -0.571491, 1.0)]])
2.54647, -0.155329, -0.571491
float3(0.0326568, -1.39469, -1.56711)
1194079.14864717
normal
simd_float4x4([[0.0149985, -0.999874, -0.00512812, 0.0)], [0.140801, -0.00296556, 0.990033, 0.0)], [-0.989924, -0.0155711, 0.140739, 0.0)], [2.61979, -0.154541, -0.571573, 1.0)]])
2.61979, -0.154541, -0.571573
float3(0.0155717, -1.42957, -1.57376)
1194079.24869825
normal
simd_float4x4([[0.00179527, -0.999843, -0.0176101, 0.0)], [0.13543, -0.0172048, 0.990637, 0.0)], [-0.990785, -0.0041634, 0.135378, 0.0)], [2.69728, -0.169808, -0.568018, 1.0)]])
2.69728, -0.169808, -0.568018
float3(0.00416341, -1.435, -1.588)
1194079.34874929
normal
simd_float4x4([[-0.00853344, -0.999937, -0.00734931, 0.0)], [0.134283, -0.00842891, 0.990907, 0.0)], [-0.990906, 0.00746896, 0.134346, 0.0)], [2.77537, -0.188265, -0.56843, 1.0)]])
2.77537, -0.188265, -0.56843
float3(-0.00746903, -1.43604, -1.57923)
1194079.48215067
normal
simd_float4x4([[-0.00259007, -0.999994, 0.00230977, 0.0)], [0.136488, 0.00193464, 0.99064, 0.0)], [-0.990638, 0.00288108, 0.136482, 0.0)], [2.8749, -0.193953, -0.56277, 1.0)]])
2.8749, -0.193953, -0.56277
float3(-0.00288108, -1.43389, -1.56886)
1194079.58220167
normal
simd_float4x4([[-0.00469498, -0.999956, 0.00814272, 0.0)], [0.14544, 0.0073734, 0.98934, 0.0)], [-0.989356, 0.00582921, 0.145399, 0.0)], [2.94979, -0.178101, -0.560647, 1.0)]])
2.94979, -0.178101, -0.560647
float3(-0.00582924, -1.42488, -1.56342)
1194079.68225263
normal
simd_float4x4([[0.00350593, -0.999994, 0.000259073, 0.0)], [0.158523, 0.000811573, 0.987355, 0.0)], [-0.987349, -0.00342052, 0.158525, 0.0)], [3.01952, -0.166506, -0.561258, 1.0)]])
3.01952, -0.166506, -0.561258
float3(0.00342053, -1.4116, -1.56998)
1194079.79897858
normal
simd_float4x4([[-0.00734645, -0.999435, 0.0328026, 0.0)], [0.160543, 0.0311992, 0.986536, 0.0)], [-0.987001, 0.0125138, 0.160223, 0.0)], [3.10636, -0.165118, -0.572174, 1.0)]])
3.10636, -0.165118, -0.572174
float3(-0.0125141, -1.40987, -1.53959)
1194079.91570492
normal
simd_float4x4([[0.00833118, -0.999063, 0.0424603, 0.0)], [0.156932, 0.0432419, 0.986662, 0.0)], [-0.987574, -0.00155668, 0.157145, 0.0)], [3.19604, -0.179259, -0.582629, 1.0)]])
3.19604, -0.179259, -0.582629
float3(0.00155668, -1.413, -1.52754)
1194080.03243104
normal
simd_float4x4([[0.0431813, -0.998757, 0.0248848, 0.0)], [0.154528, 0.0312851, 0.987493, 0.0)], [-0.987044, -0.0387959, 0.155686, 0.0)], [3.29369, -0.189595, -0.600736, 1.0)]])
3.29369, -0.189595, -0.600736
float3(0.0388056, -1.41436, -1.53948)
1194080.13248221
normal
simd_float4x4([[0.00839223, -0.999924, 0.00902171, 0.0)], [0.120119, 0.00996476, 0.992709, 0.0)], [-0.992724, -0.00724736, 0.120194, 0.0)], [3.38642, -0.185742, -0.619176, 1.0)]])
3.38642, -0.185742, -0.619176
float3(0.00724743, -1.45031, -1.56083)
1194080.23253308
normal
simd_float4x4([[-0.00887662, -0.999819, -0.0167997, 0.0)], [0.106241, -0.0176483, 0.994184, 0.0)], [-0.994301, 0.00704018, 0.106378, 0.0)], [3.47699, -0.174529, -0.627627, 1.0)]])
3.47699, -0.174529, -0.627627
float3(-0.00704024, -1.46421, -1.58845)
1194080.36593442
normal
simd_float4x4([[-0.0438173, -0.999025, -0.00542483, 0.0)], [0.113255, -0.0103622, 0.993512, 0.0)], [-0.992599, 0.0429186, 0.113598, 0.0)], [3.58598, -0.167922, -0.633958, 1.0)]])
3.58598, -0.167922, -0.633958
float3(-0.0429318, -1.45685, -1.58117)
1194080.46598558
normal
simd_float4x4([[-0.0623018, -0.997931, -0.0158695, 0.0)], [0.11627, -0.0230492, 0.99295, 0.0)], [-0.991262, 0.0600175, 0.117466, 0.0)], [3.67197, -0.182077, -0.635463, 1.0)]])
3.67197, -0.182077, -0.635463
float3(-0.0600536, -1.45285, -1.59389)
1194080.56603654
normal
simd_float4x4([[-0.0756998, -0.997116, 0.00532438, 0.0)], [0.113027, -0.00327534, 0.993586, 0.0)], [-0.990704, 0.0758161, 0.112949, 0.0)], [3.7625, -0.195567, -0.634049, 1.0)]])
3.7625, -0.195567, -0.634049
float3(-0.0758889, -1.45728, -1.57408)
1194080.68276283
normal
simd_float4x4([[-0.0500082, -0.998724, 0.00697959, 0.0)], [0.120168, 0.000920794, 0.992753, 0.0)], [-0.991493, 0.0504845, 0.119969, 0.0)], [3.84763, -0.202108, -0.627018, 1.0)]])
3.84763, -0.202108, -0.627018
float3(-0.050506, -1.45038, -1.56987)
1194080.79948888
normal
simd_float4x4([[-0.132976, -0.990555, 0.033425, 0.0)], [0.13732, 0.0149858, 0.990413, 0.0)], [-0.98156, 0.136292, 0.13403, 0.0)], [3.96022, -0.188662, -0.622939, 1.0)]])
3.96022, -0.188662, -0.622939
float3(-0.136717, -1.43509, -1.55567)
1194080.91621525
normal
simd_float4x4([[-0.125889, -0.991454, 0.0342019, 0.0)], [0.11592, 0.0195387, 0.993066, 0.0)], [-0.985248, 0.128981, 0.11247, 0.0)], [4.03757, -0.173322, -0.622213, 1.0)]])
4.03757, -0.173322, -0.622213
float3(-0.129341, -1.45713, -1.55109)
1194081.01626621
normal
simd_float4x4([[-0.136947, -0.988396, 0.0657118, 0.0)], [0.10444, 0.0515602, 0.993194, 0.0)], [-0.985057, 0.142878, 0.0961668, 0.0)], [4.11416, -0.171544, -0.6233, 1.0)]])
4.11416, -0.171544, -0.6233
float3(-0.143369, -1.47348, -1.51868)
1194081.13299242
normal
simd_float4x4([[-0.125973, -0.98909, 0.0763637, 0.0)], [0.084969, 0.0659362, 0.994199, 0.0)], [-0.988388, 0.131731, 0.0757358, 0.0)], [4.19843, -0.179819, -0.628742, 1.0)]])
4.19843, -0.179819, -0.628742
float3(-0.132115, -1.49432, -1.50423)
1194081.2330435
normal
simd_float4x4([[-0.108038, -0.992279, 0.0609029, 0.0)], [0.0591915, 0.0547323, 0.996745, 0.0)], [-0.992383, 0.111292, 0.0528214, 0.0)], [4.28537, -0.187838, -0.640402, 1.0)]])
4.28537, -0.187838, -0.640402
float3(-0.111523, -1.51762, -1.51569)
1194081.34976987
normal
simd_float4x4([[-0.106793, -0.993997, 0.0237877, 0.0)], [0.0238358, 0.0213582, 0.999488, 0.0)], [-0.993995, 0.107305, 0.0214118, 0.0)], [4.37179, -0.186928, -0.655671, 1.0)]])
4.37179, -0.186928, -0.655671
float3(-0.107512, -1.54926, -1.54931)
1194081.48317117
normal
simd_float4x4([[-0.108088, -0.994065, -0.0122996, 0.0)], [-0.0115972, -0.0111104, 0.999871, 0.0)], [-0.994074, 0.108217, -0.0103275, 0.0)], [4.47305, -0.175826, -0.663788, 1.0)]])
4.47305, -0.175826, -0.663788
float3(-0.108429, -1.58119, -1.58197)
1194081.58322229
normal
simd_float4x4([[-0.144573, -0.989458, -0.00840368, 0.0)], [-0.0398144, -0.00266905, 0.999204, 0.0)], [-0.988693, 0.144792, -0.0390088, 0.0)], [4.55256, -0.169006, -0.670197, 1.0)]])
4.55256, -0.169006, -0.670197
float3(-0.145303, -1.61023, -1.57349)
1194081.68327312
normal
simd_float4x4([[-0.153959, -0.987826, -0.0222646, 0.0)], [-0.0451503, -0.0154763, 0.99886, 0.0)], [-0.987045, 0.154789, -0.0422179, 0.0)], [4.6268, -0.172994, -0.671769, 1.0)]])
4.6268, -0.172994, -0.671769
float3(-0.155414, -1.61354, -1.58646)
1194081.79999942
normal
simd_float4x4([[-0.132297, -0.991005, -0.0201849, 0.0)], [-0.0448074, -0.0143638, 0.998892, 0.0)], [-0.990197, 0.133055, -0.0425041, 0.0)], [4.71344, -0.183503, -0.672769, 1.0)]])
4.71344, -0.183503, -0.672769
float3(-0.13345, -1.61369, -1.58529)
1194081.91672583
normal
simd_float4x4([[-0.100704, -0.994814, -0.0142459, 0.0)], [-0.0481516, -0.00942861, 0.998796, 0.0)], [-0.993751, 0.101268, -0.0469524, 0.0)], [4.79723, -0.187983, -0.670481, 1.0)]])
4.79723, -0.187983, -0.670481
float3(-0.101442, -1.61801, -1.58027)
1194082.03345208
normal
simd_float4x4([[-0.109323, -0.993851, -0.0175367, 0.0)], [-0.0187775, -0.0155744, 0.999702, 0.0)], [-0.993829, 0.10962, -0.0169594, 0.0)], [4.88263, -0.173186, -0.665231, 1.0)]])
4.88263, -0.173186, -0.665231
float3(-0.109841, -1.58786, -1.58647)
1194082.13350313
normal
simd_float4x4([[-0.106392, -0.994238, -0.0131035, 0.0)], [-0.00706482, -0.0124221, 0.999898, 0.0)], [-0.994299, 0.106473, -0.00570248, 0.0)], [4.94043, -0.161776, -0.670477, 1.0)]])
4.94043, -0.161776, -0.670477
float3(-0.106675, -1.57653, -1.58329)
1194082.25022937
normal
simd_float4x4([[-0.110291, -0.993697, 0.0200309, 0.0)], [-0.00484944, 0.0206916, 0.999774, 0.0)], [-0.993887, 0.110169, -0.00710097, 0.0)], [5.01187, -0.152276, -0.679075, 1.0)]])
5.01187, -0.152276, -0.679075
float3(-0.110393, -1.57794, -1.54998)
1194082.36695567
normal
simd_float4x4([[-0.0929729, -0.994821, 0.0410748, 0.0)], [-0.0139252, 0.0425486, 0.998997, 0.0)], [-0.995571, 0.0923077, -0.0178089, 0.0)], [5.08855, -0.155863, -0.689156, 1.0)]])
5.08855, -0.155863, -0.689156
float3(-0.0924393, -1.58868, -1.52805)
1194082.483682
normal
simd_float4x4([[-0.062615, -0.997553, 0.0311145, 0.0)], [-0.0248018, 0.0327213, 0.999157, 0.0)], [-0.99773, 0.0617905, -0.0267899, 0.0)], [5.17802, -0.164825, -0.696658, 1.0)]])
5.17802, -0.164825, -0.696658
float3(-0.0618299, -1.59764, -1.53801)
1194082.58373292
normal
simd_float4x4([[-0.0359903, -0.999287, 0.0113945, 0.0)], [-0.0602116, 0.0135495, 0.998094, 0.0)], [-0.997537, 0.0352356, -0.0606563, 0.0)], [5.25563, -0.168625, -0.70523, 1.0)]])
5.25563, -0.168625, -0.70523
float3(-0.0352429, -1.63153, -1.55724)
1194082.70045929
normal
simd_float4x4([[-0.0468412, -0.998835, -0.0115933, 0.0)], [-0.0859318, -0.00753373, 0.996273, 0.0)], [-0.995199, 0.0476628, -0.0854788, 0.0)], [5.3478, -0.163327, -0.711591, 1.0)]])
5.3478, -0.163327, -0.711591
float3(-0.0476809, -1.65648, -1.57834)
1194082.81718542
normal
simd_float4x4([[-0.0688137, -0.997435, -0.019706, 0.0)], [-0.108197, -0.0121746, 0.994055, 0.0)], [-0.991745, 0.0705367, -0.107082, 0.0)], [5.43215, -0.155267, -0.712319, 1.0)]])
5.43215, -0.155267, -0.712319
float3(-0.0705953, -1.67835, -1.583)
1194082.933912
normal
simd_float4x4([[-0.0779938, -0.996244, -0.0376211, 0.0)], [-0.142682, -0.0261932, 0.989422, 0.0)], [-0.986691, 0.0825366, -0.140103, 0.0)], [5.5149, -0.159322, -0.710244, 1.0)]])
5.5149, -0.159322, -0.710244
float3(-0.0826306, -1.71185, -1.59708)
1194083.05063821
normal
simd_float4x4([[-0.097108, -0.99492, -0.0265202, 0.0)], [-0.143594, -0.012362, 0.989559, 0.0)], [-0.984861, 0.0999023, -0.141664, 0.0)], [5.60633, -0.173213, -0.706556, 1.0)]])
5.60633, -0.173213, -0.706556
float3(-0.100069, -1.71366, -1.58322)
1194083.16736442
normal
simd_float4x4([[-0.0881358, -0.996106, -0.00237653, 0.0)], [-0.125894, 0.00877239, 0.992005, 0.0)], [-0.988121, 0.0877303, -0.126177, 0.0)], [5.69371, -0.181263, -0.701715, 1.0)]])
5.69371, -0.181263, -0.701715
float3(-0.0878433, -1.6978, -1.56199)
1194083.26741563
normal
simd_float4x4([[-0.0903368, -0.995726, -0.019204, 0.0)], [-0.0888961, -0.0111438, 0.995979, 0.0)], [-0.991936, 0.0916806, -0.0875095, 0.0)], [5.77214, -0.170104, -0.688059, 1.0)]])
5.77214, -0.170104, -0.688059
float3(-0.0918096, -1.65879, -1.58199)
1194083.40081704
normal
