ARKit Data
92856.105275625
normal
simd_float4x4([[0.49304482, -0.8223561, 0.2839668, 0.0)], [0.45450735, -0.034845393, -0.89006114, 0.0)], [0.7418421, 0.5679051, 0.35658658, 0.0)], [13.1678705, -0.13707662, 0.008596523, 1.0)]])
13.1678705, -0.13707662, 0.008596523
float3(-0.6039585, 1.1227261, -1.6131437)
100.448616
92856.171934875
normal
simd_float4x4([[0.49332815, -0.8231377, 0.28119683, 0.0)], [0.45992893, -0.027546117, -0.8875283, 0.0)], [0.7383038, 0.56717336, 0.36499554, 0.0)], [13.161228, -0.13999325, 0.009216441, 1.0)]])
13.161228, -0.13999325, 0.009216441
float3(-0.6030697, 1.1116625, -1.6042486)
100.448616
92856.238594416
normal
simd_float4x4([[0.49228808, -0.8248294, 0.27804506, 0.0)], [0.46802035, -0.018499132, -0.883524, 0.0)], [0.7339001, 0.56507915, 0.37693003, 0.0)], [13.156466, -0.1387186, 0.011172691, 1.0)]])
13.156466, -0.1387186, 0.011172691
float3(-0.6005292, 1.0963292, -1.5932204)
100.448616
92856.321918708
normal
simd_float4x4([[0.49201852, -0.8245017, 0.27948976, 0.0)], [0.4764771, -0.013654881, -0.87908065, 0.0)], [0.7286199, 0.5656946, 0.38613775, 0.0)], [13.156212, -0.1375796, 0.012014735, 0.9999999)]])
13.156212, -0.1375796, 0.012014735
float3(-0.6012753, 1.0834707, -1.5873562)
100.448616
92856.38857825
normal
simd_float4x4([[0.49510857, -0.8234666, 0.27707404, 0.0)], [0.48050705, -0.006171698, -0.87696904, 0.0)], [0.72386473, 0.5673311, 0.3926259, 0.0)], [13.158074, -0.13634682, 0.012220906, 1.0)]])
13.158074, -0.13634682, 0.012220906
float3(-0.60326123, 1.073805, -1.5782909)
100.448616
92856.455237791
normal
simd_float4x4([[0.4978111, -0.82203114, 0.27649397, 0.0)], [0.48199013, -0.002817715, -0.876172, 0.0)], [0.72101974, 0.56943554, 0.3948082, 0.0)], [13.1535845, -0.13686126, 0.011479566, 1.0)]])
13.1535845, -0.13686126, 0.011479566
float3(-0.60581905, 1.0698212, -1.5742241)
100.448616
92856.521897125
normal
simd_float4x4([[0.50069606, -0.8187069, 0.2811092, 0.0)], [0.48860198, -0.00076768745, -0.87250644, 0.0)], [0.7145427, 0.5742111, 0.39963743, 0.0)], [13.159253, -0.1376062, 0.01042225, 1.0)]])
13.159253, -0.1376062, 0.01042225
float3(-0.6116403, 1.0608478, -1.571734)
100.4492
92857.361162291
notAvailable
simd_float4x4([[-0.13967, 0.0, 0.990198, 0.0)], [0.0, 1.0, 0.0, 0.0)], [-0.990198, 0.0, -0.13967, 0.0)], [-0.0072810994, -0.055519518, -0.0028950335, 1.0)]])
-0.0072810994, -0.055519518, -0.0028950335
float3(-0.0, -1.7109245, 0.0)
100.4492
92857.411156833
notAvailable
simd_float4x4([[-0.13967, 0.0, 0.990198, 0.0)], [0.0, 1.0, 0.0, 0.0)], [-0.990198, 0.0, -0.13967, 0.0)], [-0.0072810994, -0.055519518, -0.0028950335, 1.0)]])
-0.0072810994, -0.055519518, -0.0028950335
float3(-0.0, -1.7109245, 0.0)
100.4492
92857.461151291
notAvailable
simd_float4x4([[-0.13967, 0.0, 0.990198, 0.0)], [0.0, 1.0, 0.0, 0.0)], [-0.990198, 0.0, -0.13967, 0.0)], [-0.0072810994, -0.055519518, -0.0028950335, 1.0)]])
-0.0072810994, -0.055519518, -0.0028950335
float3(-0.0, -1.7109245, 0.0)
100.44947
92857.511145958
notAvailable
simd_float4x4([[-0.13967, 0.0, 0.990198, 0.0)], [0.0, 1.0, 0.0, 0.0)], [-0.990198, 0.0, -0.13967, 0.0)], [-0.0072810994, -0.055519518, -0.0028950335, 1.0)]])
-0.0072810994, -0.055519518, -0.0028950335
float3(-0.0, -1.7109245, 0.0)
100.44947
92857.561140625
limited((extension in ARKit):__C.ARCamera.TrackingState.Reason.initializing)
simd_float4x4([[0.021433242, -0.803893, 0.59438753, 0.0)], [0.999767, 0.018758755, -0.010680263, 0.0)], [-0.0025641806, 0.59447795, 0.8041078, 0.0)], [0.0, 0.0, 0.0, 1.0)]])
0.0, 0.0, 0.0
float3(-0.6366163, -0.003188841, -1.5474657)
100.44947
92857.611135166
limited((extension in ARKit):__C.ARCamera.TrackingState.Reason.initializing)
simd_float4x4([[0.024727542, -0.80403286, 0.5940705, 0.0)], [0.9996808, 0.022965493, -0.010528448, 0.0)], [-0.005177906, 0.59414124, 0.80434406, 0.0)], [0.0, 0.0, 0.0, 1.0)]])
0.0, 0.0, 0.0
float3(-0.6361976, -0.0064373375, -1.5422412)
100.44947
92857.661129916
limited((extension in ARKit):__C.ARCamera.TrackingState.Reason.initializing)
simd_float4x4([[0.029655123, -0.81178975, 0.58319634, 0.0)], [0.9995554, 0.025885992, -0.014794257, 0.0)], [-0.00308679, 0.5833758, 0.8121965, 0.0)], [0.0, 0.0, 0.0, 1.0)]])
0.0, 0.0, 0.0
float3(-0.6228789, -0.0038005274, -1.5389196)
100.44947
92857.711124375
limited((extension in ARKit):__C.ARCamera.TrackingState.Reason.initializing)
simd_float4x4([[0.046577264, -0.8348764, 0.54846334, 0.0)], [0.99890846, 0.036990374, -0.028523395, 0.0)], [0.003525645, 0.5491932, 0.835688, 0.0)], [0.0, 0.0, 0.0, 1.0)]])
0.0, 0.0, 0.0
float3(-0.5813985, 0.0042188284, -1.5265188)
100.44947
92857.761119
limited((extension in ARKit):__C.ARCamera.TrackingState.Reason.initializing)
simd_float4x4([[0.06782794, -0.87375784, 0.48160833, 0.0)], [0.99768925, 0.05749835, -0.0361945, 0.0)], [0.0039335457, 0.48295045, 0.8756388, 0.0)], [0.0, 0.0, 0.0, 1.0)]])
0.0, 0.0, 0.0
float3(-0.50402105, 0.004492171, -1.5050852)
100.44947
92857.8277785
limited((extension in ARKit):__C.ARCamera.TrackingState.Reason.initializing)
simd_float4x4([[0.07409068, -0.9136443, 0.39970574, 0.0)], [0.9971457, 0.07370965, -0.016349036, 0.0)], [-0.014524965, 0.39977616, 0.91649777, 0.0)], [0.0, 0.0, 0.0, 1.0)]])
0.0, 0.0, 0.0
float3(-0.41127264, -0.015847009, -1.4902941)
100.44947
92857.894437875
limited((extension in ARKit):__C.ARCamera.TrackingState.Reason.initializing)
simd_float4x4([[0.060521554, -0.94012994, 0.33539945, 0.0)], [0.99793965, 0.06415856, -0.00023697228, 0.0)], [-0.021295961, 0.33472276, 0.9420759, 0.0)], [0.0, 0.0, 0.0, 1.0)]])
0.0, 0.0, 0.0
float3(-0.341311, -0.022601506, -1.5026577)
100.44947
92857.961097458
limited((extension in ARKit):__C.ARCamera.TrackingState.Reason.initializing)
simd_float4x4([[0.04690506, -0.961633, 0.27029943, 0.0)], [0.9988661, 0.04736191, -0.0048357253, 0.0)], [-0.008151704, 0.27021974, 0.9627642, 0.0)], [0.0, 0.0, 0.0, 1.0)]])
0.0, 0.0, 0.0
float3(-0.27362126, -0.008466776, -1.5215845)
100.44947
92858.027756791
limited((extension in ARKit):__C.ARCamera.TrackingState.Reason.initializing)
simd_float4x4([[0.030105323, -0.9774331, 0.20908953, 0.0)], [0.9993277, 0.025053592, -0.026767837, 0.0)], [0.020925319, 0.20975481, 0.9775302, 0.0)], [0.0, 0.0, 0.0, 1.0)]])
0.0, 0.0, 0.0
float3(-0.21132419, 0.021403046, -1.54517)
100.44947
92858.077751541
limited((extension in ARKit):__C.ARCamera.TrackingState.Reason.initializing)
simd_float4x4([[0.011009744, -0.9838529, 0.17864016, 0.0)], [0.99818265, 0.00022843666, -0.060260717, 0.0)], [0.059246864, 0.17897896, 0.9820674, 0.0)], [0.0, 0.0, 0.0, 1.0)]])
0.0, 0.0, 0.0
float3(-0.17994855, 0.060255684, -1.5705642)
100.44947
92858.144410958
limited((extension in ARKit):__C.ARCamera.TrackingState.Reason.initializing)
simd_float4x4([[-0.028223561, -0.9879009, 0.15249686, 0.0)], [0.98802966, -0.05071641, -0.14568865, 0.0)], [0.15166004, 0.14655958, 0.9775068, 0.0)], [0.0, 0.0, 0.0, 1.0)]])
0.0, 0.0, 0.0
float3(-0.14708939, 0.15392263, -1.6220888)
100.44947
92858.194405458
limited((extension in ARKit):__C.ARCamera.TrackingState.Reason.initializing)
simd_float4x4([[-0.049632873, -0.9854349, 0.16264877, 0.0)], [0.9823982, -0.07753056, -0.16994944, 0.0)], [0.18008436, 0.15135078, 0.9719375, 0.0)], [0.0, 0.0, 0.0, 1.0)]])
0.0, 0.0, 0.0
float3(-0.15193465, 0.18320626, -1.6493111)
100.44947
92858.244400166
limited((extension in ARKit):__C.ARCamera.TrackingState.Reason.initializing)
simd_float4x4([[-0.05600871, -0.9817644, 0.1816641, 0.0)], [0.98260903, -0.08646377, -0.16432741, 0.0)], [0.17703813, 0.16930102, 0.9695332, 0.0)], [0.0, 0.0, 0.0, 1.0)]])
0.0, 0.0, 0.0
float3(-0.1701204, 0.18061157, -1.6586394)
100.44947
92858.327724541
limited((extension in ARKit):__C.ARCamera.TrackingState.Reason.initializing)
simd_float4x4([[-0.044949587, -0.9759908, 0.21312301, 0.0)], [0.9886988, -0.074004665, -0.13037673, 0.0)], [0.14301859, 0.20485407, 0.96828735, 0.0)], [0.0, 0.0, 0.0, 1.0)]])
0.0, 0.0, 0.0
float3(-0.20631461, 0.14664239, -1.6464766)
100.44947
92858.41104875
limited((extension in ARKit):__C.ARCamera.TrackingState.Reason.initializing)
simd_float4x4([[-0.041283857, -0.97320056, 0.22622126, 0.0)], [0.9943645, -0.062146697, -0.08588945, 0.0)], [0.09764657, 0.22140054, 0.9702817, 0.0)], [0.0, 0.0, 0.0, 1.0)]])
0.0, 0.0, 0.0
float3(-0.22325042, 0.10029964, -1.6345677)
100.44954
92858.47770825
limited((extension in ARKit):__C.ARCamera.TrackingState.Reason.initializing)
simd_float4x4([[-0.03856448, -0.9721532, 0.2311511, 0.0)], [0.99730694, -0.05188675, -0.051832985, 0.0)], [0.062383283, 0.22852969, 0.9715361, 0.0)], [0.0, 0.0, 0.0, 1.0)]])
0.0, 0.0, 0.0
float3(-0.23056714, 0.064122945, -1.6241188)
100.44954
92858.561032625
limited((extension in ARKit):__C.ARCamera.TrackingState.Reason.initializing)
simd_float4x4([[-0.041431986, -0.973653, 0.22423935, 0.0)], [0.99914116, -0.040512174, 0.008703195, 0.0)], [0.000610532, 0.22440735, 0.97449523, 0.0)], [0.0, 0.0, 0.0, 1.0)]])
0.0, 0.0, 0.0
float3(-0.22633483, 0.00062651094, -1.6123807)
100.44954
92858.61102725
limited((extension in ARKit):__C.ARCamera.TrackingState.Reason.initializing)
simd_float4x4([[-0.0439389, -0.9762951, 0.21193717, 0.0)], [0.9982104, -0.034289688, 0.048992872, 0.0)], [-0.040564235, 0.21371059, 0.97605455, 0.0)], [0.0, 0.0, 0.0, 1.0)]])
0.0, 0.0, 0.0
float3(-0.21537174, -0.041535493, -1.6059041)
100.44954
92858.661021791
limited((extension in ARKit):__C.ARCamera.TrackingState.Reason.initializing)
simd_float4x4([[-0.05162539, -0.9792846, 0.19579774, 0.0)], [0.99569404, -0.03535705, 0.08569287, 0.0)], [-0.07699485, 0.19937858, 0.9768931, 0.0)], [0.0, 0.0, 0.0, 1.0)]])
0.0, 0.0, 0.0
float3(-0.20072372, -0.07865345, -1.6068857)
100.44954
92858.7110165
limited((extension in ARKit):__C.ARCamera.TrackingState.Reason.initializing)
simd_float4x4([[-0.059177693, -0.9814158, 0.18254046, 0.0)], [0.9912072, -0.036090303, 0.127302, 0.0)], [-0.118348286, 0.18846886, 0.9749221, 0.0)], [0.0, 0.0, 0.0, 1.0)]])
0.0, 0.0, 0.0
float3(-0.18960284, -0.120801486, -1.6075535)
100.44954
92858.761011125
limited((extension in ARKit):__C.ARCamera.TrackingState.Reason.initializing)
simd_float4x4([[-0.06594917, -0.982547, 0.17393175, 0.0)], [0.9843257, -0.035487667, 0.17275265, 0.0)], [-0.16356514, 0.18259838, 0.96948665, 0.0)], [0.0, 0.0, 0.0, 1.0)]])
0.0, 0.0, 0.0
float3(-0.18362862, -0.16713919, -1.6068987)
100.44954
92858.894330083
limited((extension in ARKit):__C.ARCamera.TrackingState.Reason.initializing)
simd_float4x4([[-0.08232855, -0.98518157, 0.15046303, 0.0)], [0.9530182, -0.033664614, 0.30103657, 0.0)], [-0.29151043, 0.1681779, 0.9416675, 0.0)], [0.0, 0.0, 0.0, 1.0)]])
0.0, 0.0, 0.0
float3(-0.16898096, -0.3002118, -1.604954)
100.44954
92858.944324458
normal
simd_float4x4([[-0.15825543, -0.9828844, 0.094305456, 0.0)], [0.93152106, -0.11694364, 0.34437254, 0.0)], [-0.32744995, 0.14234637, 0.93408453, 0.0)], [-1.4901161e-08, 0.0, 0.0, 1.0)]])
-1.4901161e-08, 0.0, 0.0
float3(-0.14283152, -0.33717102, -1.6892197)
100.44954
92858.994319166
normal
simd_float4x4([[-0.15887444, -0.9843485, 0.07626801, 0.0)], [0.9175822, -0.1187013, 0.37941095, 0.0)], [-0.36441952, 0.13026088, 0.9220794, 0.0)], [0.021239921, 0.0055108294, 0.01044808, 1.0)]])
0.021239921, 0.0055108294, 0.01044808
float3(-0.1306321, -0.3763745, -1.6908056)
100.44954
92859.094308458
normal
simd_float4x4([[-0.113000445, -0.9934467, 0.017160201, 0.0)], [0.8573531, -0.08876244, 0.50701755, 0.0)], [-0.5021717, 0.07200556, 0.8617648, 0.0)], [0.013163164, 0.012265421, 0.04362535, 1.0)]])
0.013163164, 0.012265421, 0.04362535
float3(-0.07206793, -0.52762026, -1.6599077)
100.44954
92859.177632708
normal
simd_float4x4([[-0.07696101, -0.9970162, 0.005967924, 0.0)], [0.7927596, -0.057561934, 0.60681033, 0.0)], [-0.6046562, 0.051431865, 0.7948242, 0.0)], [0.010827626, 0.03125486, 0.06985078, 0.9999999)]])
0.010827626, 0.03125486, 0.06985078
float3(-0.051454566, -0.6503407, -1.6284665)
100.44954
92859.227627333
normal
simd_float4x4([[-0.07336649, -0.9973047, 0.00074545504, 0.0)], [0.77592134, -0.056610864, 0.62828416, 0.0)], [-0.6265485, 0.04667342, 0.7779834, 0.0)], [0.023050588, 0.036454115, 0.08113771, 0.9999999)]])
0.023050588, 0.036454115, 0.08113771
float3(-0.046690382, -0.6779943, -1.6274993)
100.44954
92859.277621791
normal
simd_float4x4([[-0.062244136, -0.99805963, 0.001637846, 0.0)], [0.72165114, -0.04387215, 0.6908653, 0.0)], [-0.6894528, 0.044184264, 0.72298163, 0.0)], [-0.011200219, 0.042741835, 0.07050234, 1.0)]])
-0.011200219, 0.042741835, 0.07050234
float3(-0.044198655, -0.76166433, -1.6147255)
100.44954
92859.327616541
normal
simd_float4x4([[-0.059103124, -0.99825114, -0.0012416169, 0.0)], [0.7097451, -0.042896222, 0.7031513, 0.0)], [-0.70197475, 0.04067721, 0.7110391, 0.0)], [-0.0038957915, 0.046685223, 0.07610179, 0.99999994)]])
-0.0038957915, 0.046685223, 0.07610179
float3(-0.040688433, -0.7789833, -1.6137413)
100.44954
92859.377611041
normal
simd_float4x4([[-0.061403695, -0.9980564, -0.010629917, 0.0)], [0.6383396, -0.047455505, 0.76829076, 0.0)], [-0.767302, 0.0403904, 0.6400128, 0.0)], [-0.044633314, 0.031591438, 0.09082909, 1.0)]])
-0.044633314, 0.031591438, 0.09082909
float3(-0.040401388, -0.875601, -1.6183084)
100.44954
92859.427605791
normal
simd_float4x4([[-0.06054587, -0.9981291, -0.008504455, 0.0)], [0.6292373, -0.044780295, 0.77592206, 0.0)], [-0.77485126, 0.041627564, 0.63077134, 0.0)], [-0.04115573, 0.03336871, 0.09434601, 0.9999999)]])
-0.04115573, 0.03336871, 0.09434601
float3(-0.041639596, -0.887544, -1.6156305)
100.44954
92859.477600333
normal
simd_float4x4([[-0.074513756, -0.99717796, -0.00915883, 0.0)], [0.545946, -0.0484779, 0.8364168, 0.0)], [-0.8345004, 0.057324324, 0.5480176, 0.0)], [-0.080184415, 0.022636749, 0.1044876, 1.0)]])
-0.080184415, 0.022636749, 0.1044876
float3(-0.057355765, -0.98972446, -1.6193732)
100.44954
92859.54425975
normal
simd_float4x4([[-0.07575525, -0.99710226, -0.0069415765, 0.0)], [0.5363719, -0.046617698, 0.8426933, 0.0)], [-0.8405749, 0.06011518, 0.53834915, 0.0)], [-0.079528585, 0.023449777, 0.10785528, 0.99999994)]])
-0.079528585, 0.023449777, 0.10785528
float3(-0.060151447, -1.0011615, -1.6175154)
100.44954
92859.627584041
normal
simd_float4x4([[-0.08702419, -0.99620545, -0.0012229087, 0.0)], [0.5232395, -0.04675247, 0.85090226, 0.0)], [-0.8477306, 0.073409215, 0.5253226, 0.0)], [-0.082623735, 0.020624198, 0.10245988, 1.0)]])
-0.082623735, 0.020624198, 0.10245988
float3(-0.07347531, -1.016031, -1.6176925)
100.44954
92859.677578666
normal
simd_float4x4([[-0.08727895, -0.996182, 0.0018970545, 0.0)], [0.5180716, -0.043763336, 0.8542168, 0.0)], [-0.85087246, 0.07553797, 0.5199132, 0.0)], [-0.08347703, 0.020915177, 0.1033506, 0.9999999)]])
-0.08347703, 0.020915177, 0.1033506
float3(-0.07561, -1.022302, -1.6146991)
100.44954
92859.7275735
normal
simd_float4x4([[-0.09003857, -0.9959358, 0.0022293567, 0.0)], [0.5040504, -0.043638345, 0.86257124, 0.0)], [-0.8589682, 0.07878838, 0.5059309, 0.0)], [-0.08685946, 0.018998075, 0.09737149, 1.0000001)]])
-0.08685946, 0.018998075, 0.09737149
float3(-0.07887012, -1.0385056, -1.6145847)
100.44954
92859.8275625
normal
simd_float4x4([[-0.09322221, -0.99564, 0.0032731907, 0.0)], [0.5028363, -0.044242837, 0.86324865, 0.0)], [-0.85934, 0.08211982, 0.5047683, 0.0)], [-0.08798057, 0.018327048, 0.09740896, 0.99999994)]])
-0.08798057, 0.018327048, 0.09740896
float3(-0.0822124, -1.0397, -1.6152037)
100.44954
92859.910886916
normal
simd_float4x4([[-0.09664699, -0.9952949, 0.006873597, 0.0)], [0.50361013, -0.042943478, 0.86286306, 0.0)], [-0.85850805, 0.08685473, 0.50539094, 0.0)], [-0.09246839, 0.018043345, 0.09847594, 0.99999994)]])
-0.09246839, 0.018043345, 0.09847594
float3(-0.08696431, -1.0387381, -1.613916)
100.44954
92859.977546375
normal
simd_float4x4([[-0.097128406, -0.99523056, 0.009067416, 0.0)], [0.5108658, -0.042034496, 0.8586322, 0.0)], [-0.8541558, 0.0880298, 0.512512, 0.0)], [-0.09390286, 0.017723188, 0.0974793, 1.0)]])
-0.09390286, 0.017723188, 0.0974793
float3(-0.08814389, -1.0303608, -1.6130072)
100.44954
92860.027541
normal
simd_float4x4([[-0.09647854, -0.99527955, 0.010514821, 0.0)], [0.5201872, -0.041412745, 0.8530476, 0.0)], [-0.84858537, 0.08777046, 0.52172714, 0.0)], [-0.09592166, 0.017531179, 0.09591742, 1.0)]])
-0.09592166, 0.017531179, 0.09591742
float3(-0.08788355, -1.019551, -1.6123815)
100.44954
92860.077535583
normal
simd_float4x4([[-0.09875026, -0.9950355, 0.012359821, 0.0)], [0.5278429, -0.041847408, 0.8483105, 0.0)], [-0.84358174, 0.09029493, 0.5293549, 0.0)], [-0.09744096, 0.01710876, 0.09511919, 1.0)]])
-0.09744096, 0.01710876, 0.09511919
float3(-0.09041808, -1.010395, -1.6128278)
100.44954
92860.144195
normal
simd_float4x4([[-0.09665554, -0.99525297, 0.011372541, 0.0)], [0.5421351, -0.043061074, 0.8391874, 0.0)], [-0.834714, 0.087277554, 0.54372364, 0.0)], [-0.09807058, 0.017137863, 0.0953583, 1.0)]])
-0.09807058, 0.017137863, 0.0953583
float3(-0.08738874, -0.99344516, -1.6140358)
100.44954
92860.194189708
normal
simd_float4x4([[-0.09817152, -0.9950584, 0.014863275, 0.0)], [0.5504898, -0.041856382, 0.83379185, 0.0)], [-0.8290495, 0.09003671, 0.5518787, 0.0)], [-0.09973326, 0.0165794, 0.094672464, 0.9999999)]])
-0.09973326, 0.0165794, 0.094672464
float3(-0.090158805, -0.9834796, -1.6128358)
100.44954
92860.244184291
normal
simd_float4x4([[-0.09945273, -0.9949013, 0.01675043, 0.0)], [0.5657511, -0.042689674, 0.8234703, 0.0)], [-0.8185566, 0.091372944, 0.56711215, 0.0)], [-0.09944148, 0.016340457, 0.093166694, 1.0)]])
-0.09944148, 0.016340457, 0.093166694
float3(-0.09150057, -0.9649056, -1.6136785)
100.44954
92860.294178833
normal
simd_float4x4([[-0.10183968, -0.9945648, 0.021669809, 0.0)], [0.57947326, -0.041601803, 0.8139287, 0.0)], [-0.8086034, 0.09544731, 0.5805604, 0.0)], [-0.10003972, 0.015432157, 0.09202543, 1.0)]])
-0.10003972, 0.015432157, 0.09202543
float3(-0.095592834, -0.94810545, -1.6126012)
100.44954
92860.344173416
normal
simd_float4x4([[-0.1053787, -0.99401593, 0.028767802, 0.0)], [0.5924226, -0.03951697, 0.8046576, 0.0)], [-0.79870576, 0.10183647, 0.5930417, 0.0)], [-0.09696771, 0.015519895, 0.090200946, 1.0)]])
-0.09696771, 0.015519895, 0.090200946
float3(-0.10201332, -0.9321103, -1.6105303)
100.44928
92860.394168083
normal
simd_float4x4([[-0.10929478, -0.99352705, 0.030959541, 0.0)], [0.608807, -0.04228731, 0.7921903, 0.0)], [-0.78575337, 0.10543066, 0.60948807, 0.0)], [-0.096050106, 0.014293279, 0.0893709, 0.9999999)]])
-0.096050106, 0.014293279, 0.0893709
float3(-0.10562697, -0.9110656, -1.6133335)
100.44928
92860.444162791
normal
simd_float4x4([[-0.11334121, -0.99283147, 0.03793998, 0.0)], [0.6224373, -0.04118974, 0.781585, 0.0)], [-0.7744195, 0.11220106, 0.6226439, 0.0)], [-0.094317965, 0.013369404, 0.09055874, 1.0)]])
-0.094317965, 0.013369404, 0.09055874
float3(-0.11243782, -0.8936128, -1.6122597)
100.44928
92860.494157375
normal
simd_float4x4([[-0.117587544, -0.99176, 0.050845712, 0.0)], [0.6393546, -0.036428332, 0.76804864, 0.0)], [-0.75986767, 0.12282139, 0.6383698, 0.0)], [-0.09202426, 0.012528405, 0.0888861, 1.0)]])
-0.09202426, 0.012528405, 0.0888861
float3(-0.1231323, -0.87207407, -1.6075108)
100.44928
92860.544152
normal
simd_float4x4([[-0.121589616, -0.99060714, 0.06255831, 0.0)], [0.65848565, -0.03334348, 0.7518542, 0.0)], [-0.74270624, 0.13261142, 0.6563548, 0.0)], [-0.08723575, 0.01210621, 0.087518826, 1.0)]])
-0.08723575, 0.01210621, 0.087518826
float3(-0.1330032, -0.847041, -1.6044433)
100.44928
92860.5941465
normal
simd_float4x4([[-0.11931955, -0.990129, 0.07353423, 0.0)], [0.675575, -0.026692174, 0.73680794, 0.0)], [-0.72757214, 0.13759348, 0.67209125, 0.0)], [-0.084916964, 0.011878429, 0.08657212, 0.99999994)]])
-0.084916964, 0.011878429, 0.08657212
float3(-0.13803138, -0.82501614, -1.597748)
100.44928
92860.694135791
normal
simd_float4x4([[-0.11545184, -0.98941433, 0.08792162, 0.0)], [0.70856774, -0.020000843, 0.7053592, 0.0)], [-0.69613403, 0.14373347, 0.7033762, 0.0)], [-0.07734206, 0.01264438, 0.08622095, 1.0)]])
-0.07734206, 0.01264438, 0.08622095
float3(-0.14423303, -0.7802234, -1.5910084)
100.44928
92860.7441305
normal
simd_float4x4([[-0.11323939, -0.9894443, 0.09042544, 0.0)], [0.7207228, -0.0191553, 0.6929587, 0.0)], [-0.68391186, 0.14364192, 0.7152842, 0.0)], [-0.07647097, 0.01397156, 0.087920964, 1.0)]])
-0.07647097, 0.01397156, 0.087920964
float3(-0.14414053, -0.7629802, -1.5901536)
100.44928
92860.810789875
normal
simd_float4x4([[-0.110938184, -0.9887009, 0.10081213, 0.0)], [0.75056255, -0.016861672, 0.66058415, 0.0)], [-0.65142035, 0.14894983, 0.7439526, 0.0)], [-0.072895095, 0.014233766, 0.08735693, 0.99999994)]])
-0.072895095, 0.014233766, 0.08735693
float3(-0.14950617, -0.7191815, -1.587849)
100.44928
92860.8607845
normal
simd_float4x4([[-0.10806486, -0.9884439, 0.10630453, 0.0)], [0.76712626, -0.014895977, 0.64132315, 0.0)], [-0.63232845, 0.15085351, 0.75987095, 0.0)], [-0.06948097, 0.015033647, 0.08808607, 1.0)]])
-0.06948097, 0.015033647, 0.08808607
float3(-0.1514316, -0.69404095, -1.5858653)
100.44928
92860.910779083
normal
simd_float4x4([[-0.101946466, -0.9889946, 0.1072223, 0.0)], [0.78704417, -0.014265979, 0.61673176, 0.0)], [-0.6084147, 0.1472623, 0.7798368, 0.0)], [-0.068745285, 0.015475817, 0.08907558, 1.0)]])
-0.068745285, 0.015475817, 0.08907558
float3(-0.14779982, -0.66253954, -1.5852201)
100.44928
92860.960773666
normal
simd_float4x4([[-0.100357965, -0.98865694, 0.11173947, 0.0)], [0.8092759, -0.015781017, 0.5872166, 0.0)], [-0.5787924, 0.14935994, 0.80168, 0.0)], [-0.06821892, 0.017574087, 0.09023857, 1.0)]])
-0.06821892, 0.017574087, 0.09023857
float3(-0.14992093, -0.6253221, -1.5867571)
100.44928
92861.027433208
normal
simd_float4x4([[-0.096904784, -0.9887603, 0.113853276, 0.0)], [0.83737636, -0.019164195, 0.5462907, 0.0)], [-0.5379687, 0.14827622, 0.8298216, 0.0)], [-0.07124841, 0.020668559, 0.09131305, 1.0)]])
-0.07124841, 0.020668559, 0.09131305
float3(-0.148825, -0.5751753, -1.590176)
100.44928
92861.077427833
normal
simd_float4x4([[-0.09422645, -0.9896081, 0.108614266, 0.0)], [0.8643531, -0.027186798, 0.5021499, 0.0)], [-0.49397874, 0.14119689, 0.8579326, 0.0)], [-0.075887874, 0.024642058, 0.09301464, 1.0)]])
-0.075887874, 0.024642058, 0.09301464
float3(-0.14167032, -0.5224188, -1.5982617)
100.44928
92861.144087208
normal
simd_float4x4([[-0.085151896, -0.9914187, 0.09918669, 0.0)], [0.8938068, -0.032017104, 0.4473079, 0.0)], [-0.44029376, 0.12674287, 0.8888631, 0.0)], [-0.08703387, 0.030249223, 0.09617421, 1.0)]])
-0.08703387, 0.030249223, 0.09617421
float3(-0.12708467, -0.45991656, -1.6030793)
100.44928
92861.194081875
normal
simd_float4x4([[-0.07525495, -0.99196863, 0.10166099, 0.0)], [0.9181063, -0.029143449, 0.39526132, 0.0)], [-0.3891241, 0.12308097, 0.9129258, 0.0)], [-0.1003665, 0.035797667, 0.10077498, 0.99999994)]])
-0.1003665, 0.035797667, 0.10077498
float3(-0.12339386, -0.40291917, -1.6001673)
100.44928
92861.244076416
normal
simd_float4x4([[-0.06420709, -0.99248016, 0.10421425, 0.0)], [0.9375405, -0.024213087, 0.3470326, 0.0)], [-0.3418996, 0.119987026, 0.9320448, 0.0)], [-0.11479831, 0.040002406, 0.10544005, 1.0)]])
-0.11479831, 0.040002406, 0.10544005
float3(-0.120276816, -0.3515865, -1.595188)
100.448845
92861.310735958
normal
simd_float4x4([[-0.049601745, -0.9935113, 0.10234668, 0.0)], [0.96341115, -0.020569481, 0.26723742, 0.0)], [-0.26339817, 0.11185738, 0.95818025, 0.0)], [-0.14071275, 0.044124994, 0.11406498, 1.0000001)]])
-0.14071275, 0.044124994, 0.11406498
float3(-0.11209196, -0.2682678, -1.5914972)
100.448845
92861.360730458
normal
simd_float4x4([[-0.04253768, -0.9946263, 0.094387956, 0.0)], [0.9836932, -0.025170201, 0.17808497, 0.0)], [-0.17475225, 0.10042411, 0.9794777, 0.0)], [-0.16147779, 0.04787591, 0.1208331, 1.0)]])
-0.16147779, 0.04787591, 0.1208331
float3(-0.10059368, -0.176556, -1.5960971)
100.448845
92861.427390041
normal
simd_float4x4([[-0.032041263, -0.9949985, 0.09461136, 0.0)], [0.998966, -0.028826026, 0.035157297, 0.0)], [-0.032254186, 0.09564001, 0.99489325, 0.0)], [-0.19625485, 0.054101426, 0.13034692, 0.99999994)]])
-0.19625485, 0.054101426, 0.13034692
float3(-0.095786415, -0.032408394, -1.5997591)
100.448845
92861.510714458
normal
simd_float4x4([[-0.008830243, -0.9964038, 0.08426932, 0.0)], [0.98428464, -0.023524448, -0.17501478, 0.0)], [0.17636777, 0.08139959, 0.98095274, 0.0)], [-0.24604651, 0.06260654, 0.1511515, 1.0)]])
-0.24604651, 0.06260654, 0.1511515
float3(-0.08148975, 0.17789178, -1.5944012)
100.448845
92861.57737375
normal
simd_float4x4([[0.009322269, -0.99712443, 0.07520658, 0.0)], [0.9373957, -0.017470503, -0.34782746, 0.0)], [0.34814116, 0.07374087, 0.93453723, 0.0)], [-0.28608093, 0.06947172, 0.17631646, 1.0)]])
-0.28608093, 0.06947172, 0.17631646
float3(-0.073807865, 0.35660157, -1.5883154)
100.448845
92861.6273685
normal
simd_float4x4([[0.018973527, -0.9979396, 0.061290678, 0.0)], [0.88284665, -0.012050498, -0.46950668, 0.0)], [0.4692779, 0.06301847, 0.88079894, 0.0)], [-0.3144143, 0.07322069, 0.20088668, 0.99999994)]])
-0.3144143, 0.07322069, 0.20088668
float3(-0.063060254, 0.48953158, -1.5828711)
100.448845
92861.694027875
normal
simd_float4x4([[0.0037008224, -0.99966276, 0.025705067, 0.0)], [0.7884824, -0.012892932, -0.61492234, 0.0)], [0.6150463, 0.022543706, 0.7881687, 0.0)], [-0.3449065, 0.075296655, 0.24262969, 1.0)]])
-0.3449065, 0.075296655, 0.24262969
float3(-0.022545615, 0.66264296, -1.5836929)
100.448845
92861.744022541
normal
simd_float4x4([[-0.0058923992, -0.9998116, 0.018496301, 0.0)], [0.70707685, -0.017245153, -0.70692647, 0.0)], [0.7071122, 0.008912813, 0.7070452, 0.0)], [-0.36396012, 0.07392111, 0.27510545, 1.0000001)]])
-0.36396012, 0.07392111, 0.27510545
float3(-0.008912931, 0.7854455, -1.588043)
100.448845
92861.794017083
normal
simd_float4x4([[0.0025871743, -0.9998057, 0.019538691, 0.0)], [0.6237917, -0.013657721, -0.78147113, 0.0)], [0.78158617, 0.014209876, 0.6236352, 0.0)], [-0.38001367, 0.07364247, 0.30794632, 0.9999999)]])
-0.38001367, 0.07364247, 0.30794632
float3(-0.014210355, 0.89733124, -1.5844558)
100.448845
92861.844011833
normal
simd_float4x4([[0.020802598, -0.9997443, 0.008860604, 0.0)], [0.5513766, 0.004079182, -0.83424646, 0.0)], [0.833997, 0.022240026, 0.5513205, 0.0)], [-0.3926319, 0.074336275, 0.3435611, 1.0)]])
-0.3926319, 0.074336275, 0.3435611
float3(-0.02224186, 0.98668665, -1.5667161)
100.448845
92861.910671208
normal
simd_float4x4([[0.030626064, -0.99939597, -0.016424181, 0.0)], [0.4644674, 0.028779605, -0.8851224, 0.0)], [0.8850605, 0.019479325, 0.46506825, 0.0)], [-0.39973575, 0.07751484, 0.38979757, 1.0)]])
-0.39973575, 0.07751484, 0.38979757
float3(-0.019480556, 1.0869849, -1.5420073)
100.448845
92861.960665833
normal
simd_float4x4([[0.030347688, -0.99906194, -0.030889293, 0.0)], [0.40403116, 0.040527515, -0.913847, 0.0)], [0.9142416, 0.015252907, 0.40488207, 0.0)], [-0.40135726, 0.08007443, 0.42176467, 1.0)]])
-0.40135726, 0.08007443, 0.42176467
float3(-0.015253498, 1.1538949, -1.5302529)
100.448845
92862.010660458
normal
simd_float4x4([[0.02620258, -0.99849254, -0.04822901, 0.0)], [0.34897617, 0.05434686, -0.9355544, 0.0)], [0.9367651, 0.0076831644, 0.3498741, 0.0)], [-0.39870483, 0.08412177, 0.45534566, 0.99999994)]])
-0.39870483, 0.08412177, 0.45534566
float3(-0.00768324, 1.2133485, -1.5164211)
100.448845
92862.060655125
normal
simd_float4x4([[0.027718537, -0.9980192, -0.056473516, 0.0)], [0.30768973, 0.06227066, -0.9494469, 0.0)], [0.95108294, 0.008940956, 0.3088064, 0.0)], [-0.39429998, 0.08806141, 0.48622313, 1.0)]])
-0.39429998, 0.08806141, 0.48622313
float3(-0.008941075, 1.2568456, -1.5084828)
100.448845
92862.127314583
normal
simd_float4x4([[0.03607498, -0.9975919, -0.05923719, 0.0)], [0.252155, 0.066444255, -0.965403, 0.0)], [0.9670142, 0.019889943, 0.25394475, 0.0)], [-0.38487703, 0.09292421, 0.52917415, 1.0)]])
-0.38487703, 0.09292421, 0.52917415
float3(-0.019891255, 1.3139879, -1.5042899)
100.448845
92862.177309041
normal
simd_float4x4([[0.030221518, -0.9979564, -0.056299403, 0.0)], [0.21909906, 0.061569326, -0.97375816, 0.0)], [0.97523445, 0.017093303, 0.22051205, 0.0)], [-0.37368348, 0.09482646, 0.56156236, 1.0)]])
-0.37368348, 0.09482646, 0.56156236
float3(-0.017094135, 1.3484238, -1.509179)
100.448845
92862.243968541
normal
simd_float4x4([[0.020390349, -0.9987189, -0.046311427, 0.0)], [0.1895874, 0.049343027, -0.9806232, 0.0)], [0.98165214, 0.011215185, 0.19035065, 0.0)], [-0.35470188, 0.09592448, 0.60243404, 1.0)]])
-0.35470188, 0.09592448, 0.60243404
float3(-0.0112154195, 1.3792648, -1.5214301)
100.448685
92862.327292958
normal
simd_float4x4([[0.019477777, -0.9993397, -0.030670706, 0.0)], [0.14054355, 0.033108637, -0.9895207, 0.0)], [0.9898828, 0.014963094, 0.14109564, 0.0)], [-0.33035988, 0.092577495, 0.64806896, 0.99999994)]])
-0.33035988, 0.092577495, 0.64806896
float3(-0.014963653, 1.4292123, -1.5376779)
100.448685
92862.377287583
normal
simd_float4x4([[0.023526076, -0.99932647, -0.028163118, 0.0)], [0.12054125, 0.030800913, -0.9922304, 0.0)], [0.99242955, 0.01994847, 0.1211847, 0.0)], [-0.31031224, 0.09267153, 0.6718816, 1.0)]])
-0.31031224, 0.09267153, 0.6718816
float3(-0.019949792, 1.4492887, -1.5399845)
100.448685
92862.443947166
normal
simd_float4x4([[0.028861012, -0.999392, -0.019565266, 0.0)], [0.10001256, 0.022362312, -0.9947348, 0.0)], [0.99456745, 0.026752284, 0.10059715, 0.0)], [-0.28469154, 0.08796027, 0.70348465, 1.0)]])
-0.28469154, 0.08796027, 0.70348465
float3(-0.026755476, 1.4699925, -1.5484241)
100.448685
92862.493941583
normal
simd_float4x4([[0.023413997, -0.9995482, -0.018845744, 0.0)], [0.08339403, 0.020737989, -0.9963009, 0.0)], [0.9962415, 0.021755762, 0.08384193, 0.0)], [-0.25655395, 0.08695276, 0.72097516, 1.0)]])
-0.25655395, 0.08695276, 0.72097516
float3(-0.02175748, 1.486836, -1.5500519)
100.448685
92862.543936291
normal
simd_float4x4([[0.01912721, -0.9994196, -0.028188938, 0.0)], [0.07542221, 0.029556066, -0.9967135, 0.0)], [0.9969682, 0.016938278, 0.07594376, 0.0)], [-0.23455198, 0.081386685, 0.7455522, 1.0)]])
-0.23455198, 0.081386685, 0.7455522
float3(-0.016939089, 1.4947685, -1.5412318)
100.448685
92862.593930791
normal
simd_float4x4([[0.020999309, -0.99896914, -0.040244516, 0.0)], [0.06924892, 0.04161004, -0.9967313, 0.0)], [0.9973784, 0.018143779, 0.07005133, 0.0)], [-0.20144153, 0.08070536, 0.7589773, 1.0)]])
-0.20144153, 0.08070536, 0.7589773
float3(-0.018144775, 1.500676, -1.5291674)
100.448685
92862.66059025
normal
simd_float4x4([[0.034617204, -0.99832463, -0.046364628, 0.0)], [0.07317704, 0.04879988, -0.9961244, 0.0)], [0.996718, 0.031090215, 0.07474375, 0.0)], [-0.16808592, 0.07560745, 0.78774726, 1.0)]])
-0.16808592, 0.07560745, 0.78774726
float3(-0.031095225, 1.4959465, -1.5219535)
100.448685
92862.710584958
normal
simd_float4x4([[0.03158791, -0.9985555, -0.04346397, 0.0)], [0.08495871, 0.04601076, -0.9953216, 0.0)], [0.99588364, 0.027747488, 0.08628935, 0.0)], [-0.12530294, 0.07413895, 0.7935596, 0.99999994)]])
-0.12530294, 0.07413895, 0.7935596
float3(-0.027751049, 1.4843662, -1.5247515)
100.448685
92862.760579541
normal
simd_float4x4([[0.028567124, -0.99866265, -0.04308965, 0.0)], [0.100009, 0.045746423, -0.99393433, 0.0)], [0.99457633, 0.024084494, 0.101182096, 0.0)], [-0.092489235, 0.07061283, 0.8041143, 1.0)]])
-0.092489235, 0.07061283, 0.8041143
float3(-0.024086822, 1.4694113, -1.5250206)
100.448685
92862.827239125
normal
simd_float4x4([[0.033821244, -0.998168, -0.050168537, 0.0)], [0.12579931, 0.05404978, -0.99058235, 0.0)], [0.9914791, 0.02719156, 0.12739687, 0.0)], [-0.027286798, 0.068463564, 0.8043186, 1.0)]])
-0.027286798, 0.068463564, 0.8043186
float3(-0.027194913, 1.4430048, -1.5167001)
100.448685
92862.877233541
normal
simd_float4x4([[0.033878163, -0.99758404, -0.06064923, 0.0)], [0.14459787, 0.06493806, -0.9873574, 0.0)], [0.9889103, 0.024680099, 0.14644854, 0.0)], [0.018709734, 0.06364696, 0.7959304, 1.0)]])
0.018709734, 0.06364696, 0.7959304
float3(-0.024682604, 1.4237741, -1.5057927)
100.448685
92862.927228208
normal
simd_float4x4([[0.045567907, -0.996837, -0.065111846, 0.0)], [0.1522484, 0.071348205, -0.9857636, 0.0)], [0.9872913, 0.035006013, 0.15501803, 0.0)], [0.07139136, 0.061043516, 0.78849643, 1.0)]])
0.07139136, 0.061043516, 0.78849643
float3(-0.035013165, 1.4150544, -1.4993436)
100.448685
92862.993887875
normal
simd_float4x4([[0.09045149, -0.99422586, -0.057737123, 0.0)], [0.20608579, 0.07540591, -0.9756242, 0.0)], [0.97434443, 0.076347865, 0.21171638, 0.0)], [0.1385037, 0.05488946, 0.77139103, 0.99999994)]])
0.1385037, 0.05488946, 0.77139103
float3(-0.07642223, 1.3568313, -1.4950974)
100.448685
92863.060547166
normal
simd_float4x4([[0.13922907, -0.9888923, -0.052030887, 0.0)], [0.28230762, 0.089999445, -0.95509285, 0.0)], [0.9491668, 0.118287995, 0.2917024, 0.0)], [0.21084833, 0.048709232, 0.7556677, 0.99999994)]])
0.21084833, 0.048709232, 0.7556677
float3(-0.1185656, 1.2726332, -1.480036)
100.448685
92863.143871583
normal
simd_float4x4([[0.21300803, -0.976276, -0.038892094, 0.0)], [0.3873848, 0.12093055, -0.9139522, 0.0)], [0.89697284, 0.17961298, 0.4039537, 0.0)], [0.29617962, 0.037487086, 0.733342, 0.9999999)]])
0.29617962, 0.037487086, 0.733342
float3(-0.18059301, 1.1476495, -1.4475548)
100.44843
92863.193866333
normal
simd_float4x4([[0.2425645, -0.9697929, -0.025772387, 0.0)], [0.46029887, 0.13843377, -0.87690425, 0.0)], [0.85398316, 0.20084283, 0.47997373, 0.0)], [0.35237712, 0.030119047, 0.72173023, 1.0)]])
0.35237712, 0.030119047, 0.72173023
float3(-0.2022182, 1.0587554, -1.4290085)
100.44843
92863.260525666
normal
simd_float4x4([[0.24002737, -0.97075737, -0.0041210623, 0.0)], [0.52926487, 0.13442129, -0.8377408, 0.0)], [0.81379694, 0.19889958, 0.5460525, 0.0)], [0.42584896, 0.018948361, 0.7029012, 1.0)]])
0.42584896, 0.018948361, 0.7029012
float3(-0.20023493, 0.97980416, -1.4332007)
100.44843
92863.310520291
normal
simd_float4x4([[0.22106658, -0.97524977, 0.0041656964, 0.0)], [0.5761856, 0.12715936, -0.80736643, 0.0)], [0.78685427, 0.18088195, 0.5900356, 0.0)], [0.48534268, 0.011897795, 0.69003856, 1.0)]])
0.48534268, 0.011897795, 0.69003856
float3(-0.18188311, 0.9273807, -1.4411414)
100.44843
92863.360514875
normal
simd_float4x4([[0.2121319, -0.97681344, 0.028905801, 0.0)], [0.6302302, 0.11413959, -0.76797265, 0.0)], [0.7468667, 0.18112883, 0.63983, 0.0)], [0.5391472, 0.0056396946, 0.6723631, 1.0)]])
0.5391472, 0.0056396946, 0.6723631
float3(-0.18213415, 0.8624337, -1.4544749)
100.44843
92863.427174291
normal
simd_float4x4([[0.19638337, -0.9789306, 0.055932347, 0.0)], [0.69487524, 0.0986995, -0.71232486, 0.0)], [0.69179606, 0.17875478, 0.6996176, 0.0)], [0.61504936, 0.002891861, 0.6479939, 1.0)]])
0.61504936, 0.002891861, 0.6479939
float3(-0.1797207, 0.77977693, -1.4703121)
100.44843
92863.477169041
normal
simd_float4x4([[0.1829653, -0.98001695, 0.07804119, 0.0)], [0.74026567, 0.08509719, -0.66690713, 0.0)], [0.6469393, 0.1797921, 0.74104273, 0.0)], [0.6670327, 0.0020585114, 0.6268737, 0.99999994)]])
0.6670327, 0.0020585114, 0.6268737
float3(-0.1807751, 0.717703, -1.4841812)
100.44843
92863.527163541
normal
simd_float4x4([[0.15814324, -0.983687, 0.08573587, 0.0)], [0.7912391, 0.07430157, -0.60697603, 0.0)], [0.59070414, 0.16382673, 0.79008186, 0.0)], [0.72433, 0.0022379362, 0.6072776, 0.99999994)]])
0.72433, 0.0022379362, 0.6072776
float3(-0.16456856, 0.64199495, -1.4954057)
100.44843
92863.577158291
normal
simd_float4x4([[0.14028637, -0.9861258, 0.08874457, 0.0)], [0.8316331, 0.068716824, -0.5510575, 0.0)], [0.53731376, 0.15110879, 0.8297349, 0.0)], [0.7789268, 0.0017156675, 0.58455276, 1.0)]])
0.7789268, 0.0017156675, 0.58455276
float3(-0.15168984, 0.57466704, -1.5012251)
100.44843
92863.643817666
normal
simd_float4x4([[0.12248259, -0.9887539, 0.08581188, 0.0)], [0.8772682, 0.067427024, -0.47524115, 0.0)], [0.46411052, 0.13348882, 0.87566096, 0.0)], [0.8524014, -0.00045462698, 0.55585855, 1.0)]])
0.8524014, -0.00045462698, 0.55585855
float3(-0.13388848, 0.4873677, -1.5027078)
100.44843
92863.69381225
normal
simd_float4x4([[0.121394105, -0.9892043, 0.08208752, 0.0)], [0.91049707, 0.07803691, -0.40608537, 0.0)], [0.3952955, 0.12403682, 0.9101409, 0.0)], [0.9067296, -0.0040792855, 0.5313889, 1.0000001)]])
0.9067296, -0.0040792855, 0.5313889
float3(-0.1243571, 0.4097411, -1.4920708)
100.44843
92863.760471958
normal
simd_float4x4([[0.107947245, -0.98947114, 0.096406646, 0.0)], [0.9482792, 0.073361956, -0.30884382, 0.0)], [0.2985194, 0.12475926, 0.94621414, 0.0)], [0.97983396, -0.008756429, 0.49941722, 1.0)]])
0.97983396, -0.008756429, 0.49941722
float3(-0.12508519, 0.3056049, -1.4967891)
100.44843
92863.810466416
normal
simd_float4x4([[0.09298465, -0.98903185, 0.114759736, 0.0)], [0.967594, 0.0625839, -0.24463218, 0.0)], [0.23476692, 0.1337879, 0.9628007, 0.0)], [1.0342158, -0.013192678, 0.47222736, 0.99999994)]])
1.0342158, -0.013192678, 0.47222736
float3(-0.13419026, 0.23917031, -1.5076027)
100.44843
92863.860461125
normal
simd_float4x4([[0.084678724, -0.9865204, 0.14002468, 0.0)], [0.98287696, 0.059618905, -0.17435135, 0.0)], [0.16365306, 0.15239088, 0.9746767, 0.0)], [1.0886085, -0.014911786, 0.44617155, 1.0)]])
1.0886085, -0.014911786, 0.44617155
float3(-0.15298696, 0.16635327, -1.5104362)
100.44843
92863.943785375
normal
simd_float4x4([[0.06203531, -0.9754472, 0.21131599, 0.0)], [0.9973304, 0.052412875, -0.050841928, 0.0)], [0.038517937, 0.21390587, 0.9760946, 0.0)], [1.1804062, -0.02078998, 0.40255386, 1.0)]])
1.1804062, -0.02078998, 0.40255386
float3(-0.21557164, 0.03944081, -1.5171158)
100.44843
92864.010445041
normal
simd_float4x4([[0.023443539, -0.96887004, 0.24645732, 0.0)], [0.9992955, 0.02993751, 0.0226349, 0.0)], [-0.029308593, 0.24575303, 0.96888924, 0.0)], [1.2552291, -0.027115822, 0.374768, 1.0000001)]])
1.2552291, -0.027115822, 0.374768
float3(-0.24829647, -0.030240463, -1.5399067)
100.44843
92864.060439333
normal
simd_float4x4([[-0.0035737522, -0.9655374, 0.26023954, 0.0)], [0.99712163, 0.016268725, 0.07405305, 0.0)], [-0.075734764, 0.2597551, 0.9627001, 0.0)], [1.3101606, -0.03309627, 0.35903943, 0.99999994)]])
1.3101606, -0.03309627, 0.35903943
float3(-0.2627686, -0.07850742, -1.5539485)
100.44843
92864.110434125
normal
simd_float4x4([[-0.029437989, -0.96592385, 0.25714695, 0.0)], [0.9921582, 0.003027052, 0.12495208, 0.0)], [-0.12147259, 0.25880882, 0.95826006, 0.0)], [1.3664558, -0.037103295, 0.34889844, 1.0)]])
1.3664558, -0.037103295, 0.34889844
float3(-0.26178882, -0.12609118, -1.5676625)
100.44843
92864.177093666
normal
simd_float4x4([[-0.044693425, -0.9673619, 0.24942632, 0.0)], [0.98465616, -0.00049772504, 0.17450514, 0.0)], [-0.16868548, 0.2533984, 0.9525411, 0.0)], [1.4411645, -0.041634943, 0.3385755, 1.0)]])
1.4411645, -0.041634943, 0.3385755
float3(-0.2561917, -0.17527282, -1.5713109)
100.44843
92864.227088125
normal
simd_float4x4([[-0.057829883, -0.9637331, 0.2605265, 0.0)], [0.97458255, 0.0020781315, 0.22401851, 0.0)], [-0.2164355, 0.26685962, 0.9391174, 0.0)], [1.49882, -0.044248797, 0.3316362, 1.0)]])
1.49882, -0.044248797, 0.3316362
float3(-0.27013302, -0.22651182, -1.56864)
100.44843
92864.277082833
normal
simd_float4x4([[-0.07182178, -0.9606397, 0.26835242, 0.0)], [0.9636857, 0.0025438983, 0.26702717, 0.0)], [-0.25719956, 0.27778572, 0.925572, 0.0)], [1.5573442, -0.0489505, 0.32384577, 1.0)]])
1.5573442, -0.0489505, 0.32384577
float3(-0.28148833, -0.27104336, -1.5681483)
100.44843
92864.343742416
normal
simd_float4x4([[-0.08814874, -0.962898, 0.25506273, 0.0)], [0.9522547, -0.006319431, 0.30523896, 0.0)], [-0.29230216, 0.2697912, 0.9174813, 0.0)], [1.6375259, -0.055057697, 0.31753653, 0.9999998)]])
1.6375259, -0.055057697, 0.31753653
float3(-0.27317616, -0.30842516, -1.5773592)
100.44843
92864.393736958
normal
simd_float4x4([[-0.0920936, -0.96554184, 0.24340855, 0.0)], [0.9448522, -0.0075817998, 0.32740957, 0.0)], [-0.31428215, 0.26013738, 0.9129924, 0.0)], [1.6990682, -0.060796205, 0.3107541, 1.0)]])
1.6990682, -0.060796205, 0.3107541
float3(-0.2631645, -0.331528, -1.5786486)
100.44843
92864.443731541
normal
