ARKit Data
365.582654
limited(__ObjC.ARCamera.TrackingState.Reason.initializing)
simd_float4x4([[-0.018631, -0.997946, -0.0612881, 0.0)], [-0.964589, 0.00181027, 0.26375, 0.0)], [-0.263097, 0.0640327, -0.962642, 0.0)], [0.0, 0.0, 0.0, 1.0)]])
0.0, 0.0, 0.0
float3(-0.0640766, -2.8748, -1.56898)
365.9199265
notAvailable
simd_float4x4([[1.0, 0.0, 0.0, 0.0)], [0.0, 1.0, 0.0, 0.0)], [0.0, 0.0, 1.0, 0.0)], [0.0, 0.0, 0.0, 1.0)]])
0.0, 0.0, 0.0
float3(-0.0, 0.0, 0.0)
366.036576416
notAvailable
simd_float4x4([[1.0, 0.0, 0.0, 0.0)], [0.0, 1.0, 0.0, 0.0)], [0.0, 0.0, 1.0, 0.0)], [0.0, 0.0, 0.0, 1.0)]])
0.0, 0.0, 0.0
float3(-0.0, 0.0, 0.0)
366.15322625
limited(__ObjC.ARCamera.TrackingState.Reason.initializing)
simd_float4x4([[0.0187158, -0.996446, 0.0821294, 0.0)], [0.999802, 0.0192133, 0.00527124, 0.0)], [-0.00683048, 0.0820144, 0.996607, 0.0)], [0.0, 0.0, 0.0, 1.0)]])
0.0, 0.0, 0.0
float3(-0.0821067, -0.00685362, -1.55152)
366.269876041
limited(__ObjC.ARCamera.TrackingState.Reason.initializing)
simd_float4x4([[0.000468268, -0.996334, 0.0855467, 0.0)], [0.999996, 0.000235376, -0.00273248, 0.0)], [0.00270232, 0.0855477, 0.99633, 0.0)], [0.0, 0.0, 0.0, 1.0)]])
0.0, 0.0, 0.0
float3(-0.0856523, 0.00271227, -1.57056)
366.386526
limited(__ObjC.ARCamera.TrackingState.Reason.initializing)
simd_float4x4([[-0.00160303, -0.996056, 0.0887102, 0.0)], [0.999342, -0.00480943, -0.035943, 0.0)], [0.0362279, 0.0885943, 0.995408, 0.0)], [0.0, 0.0, 0.0, 1.0)]])
0.0, 0.0, 0.0
float3(-0.0887106, 0.0363789, -1.57562)
366.503175916
limited(__ObjC.ARCamera.TrackingState.Reason.initializing)
simd_float4x4([[0.00770932, -0.995136, 0.0982113, 0.0)], [0.998168, 0.00176417, -0.0604779, 0.0)], [0.0600104, 0.0984976, 0.993326, 0.0)], [0.0, 0.0, 0.0, 1.0)]])
0.0, 0.0, 0.0
float3(-0.0986576, 0.0603403, -1.56902)
366.619825583
limited(__ObjC.ARCamera.TrackingState.Reason.initializing)
simd_float4x4([[0.0209463, -0.992072, 0.123914, 0.0)], [0.99666, 0.0109342, -0.0809336, 0.0)], [0.0789371, 0.125195, 0.988987, 0.0)], [0.0, 0.0, 0.0, 1.0)]])
0.0, 0.0, 0.0
float3(-0.125524, 0.0796473, -1.55978)
366.736475375
limited(__ObjC.ARCamera.TrackingState.Reason.initializing)
simd_float4x4([[0.0380383, -0.989494, 0.13948, 0.0)], [0.992906, 0.0216906, -0.116904, 0.0)], [0.11265, 0.142937, 0.9833, 0.0)], [0.0, 0.0, 0.0, 1.0)]])
0.0, 0.0, 0.0
float3(-0.143429, 0.114066, -1.54888)
366.853125333
limited(__ObjC.ARCamera.TrackingState.Reason.initializing)
simd_float4x4([[0.0520586, -0.987598, 0.148121, 0.0)], [0.98664, 0.027936, -0.160501, 0.0)], [0.154373, 0.154498, 0.975858, 0.0)], [0.0, 0.0, 0.0, 1.0)]])
0.0, 0.0, 0.0
float3(-0.155119, 0.156892, -1.54252)
366.969775125
limited(__ObjC.ARCamera.TrackingState.Reason.initializing)
simd_float4x4([[0.0648354, -0.984893, 0.160568, 0.0)], [0.979266, 0.0318488, -0.200061, 0.0)], [0.191925, 0.17021, 0.966537, 0.0)], [0.0, 0.0, 0.0, 1.0)]])
0.0, 0.0, 0.0
float3(-0.171043, 0.19602, -1.53847)
367.086425041
limited(__ObjC.ARCamera.TrackingState.Reason.initializing)
simd_float4x4([[0.0766347, -0.981433, 0.17583, 0.0)], [0.972407, 0.0345968, -0.230711, 0.0)], [0.220344, 0.188658, 0.957004, 0.0)], [0.0, 0.0, 0.0, 1.0)]])
0.0, 0.0, 0.0
float3(-0.189796, 0.2263, -1.53556)
367.203074875
limited(__ObjC.ARCamera.TrackingState.Reason.initializing)
simd_float4x4([[0.0739148, -0.980495, 0.182115, 0.0)], [0.974895, 0.0325805, -0.22027, 0.0)], [0.21004, 0.193824, 0.958287, 0.0)], [0.0, 0.0, 0.0, 1.0)]])
0.0, 0.0, 0.0
float3(-0.195058, 0.215771, -1.53758)
367.319724875
limited(__ObjC.ARCamera.TrackingState.Reason.initializing)
simd_float4x4([[0.0640406, -0.981598, 0.179896, 0.0)], [0.980316, 0.0281432, -0.195418, 0.0)], [0.186759, 0.188869, 0.964079, 0.0)], [0.0, 0.0, 0.0, 1.0)]])
0.0, 0.0, 0.0
float3(-0.190011, 0.191347, -1.54213)
367.4363745
limited(__ObjC.ARCamera.TrackingState.Reason.initializing)
simd_float4x4([[0.0486777, -0.984422, 0.168945, 0.0)], [0.985922, 0.0202679, -0.165974, 0.0)], [0.159964, 0.174645, 0.97155, 0.0)], [0.0, 0.0, 0.0, 1.0)]])
0.0, 0.0, 0.0
float3(-0.175546, 0.163184, -1.55021)
367.5530245
limited(__ObjC.ARCamera.TrackingState.Reason.initializing)
simd_float4x4([[0.0361164, -0.985924, 0.163243, 0.0)], [0.991951, 0.0155304, -0.125665, 0.0)], [0.121361, 0.166468, 0.978549, 0.0)], [0.0, 0.0, 0.0, 1.0)]])
0.0, 0.0, 0.0
float3(-0.167246, 0.123392, -1.55505)
367.669674375
limited(__ObjC.ARCamera.TrackingState.Reason.initializing)
simd_float4x4([[0.0219968, -0.988245, 0.151284, 0.0)], [0.997778, 0.0121818, -0.0655017, 0.0)], [0.0628889, 0.152388, 0.986317, 0.0)], [0.0, 0.0, 0.0, 1.0)]])
0.0, 0.0, 0.0
float3(-0.152984, 0.0636752, -1.55847)
367.786324208
limited(__ObjC.ARCamera.TrackingState.Reason.initializing)
simd_float4x4([[0.00568365, -0.989033, 0.147582, 0.0)], [0.999979, 0.00514897, -0.00400473, 0.0)], [0.00320092, 0.147601, 0.989041, 0.0)], [0.0, 0.0, 0.0, 1.0)]])
0.0, 0.0, 0.0
float3(-0.148143, 0.00323638, -1.56559)
367.902974
limited(__ObjC.ARCamera.TrackingState.Reason.initializing)
simd_float4x4([[-0.0032149, -0.989154, 0.146841, 0.0)], [0.998579, 0.00463507, 0.0530859, 0.0)], [-0.0531908, 0.146803, 0.987734, 0.0)], [0.0, 0.0, 0.0, 1.0)]])
0.0, 0.0, 0.0
float3(-0.147335, -0.0537994, -1.56611)
368.019623833
limited(__ObjC.ARCamera.TrackingState.Reason.initializing)
simd_float4x4([[-0.012306, -0.988909, 0.148005, 0.0)], [0.993337, 0.0048717, 0.115144, 0.0)], [-0.114588, 0.148435, 0.98226, 0.0)], [0.0, 0.0, 0.0, 1.0)]])
0.0, 0.0, 0.0
float3(-0.148986, -0.116133, -1.56587)
368.136273708
limited(__ObjC.ARCamera.TrackingState.Reason.initializing)
simd_float4x4([[-0.0211028, -0.989563, 0.142547, 0.0)], [0.98331, 0.00522825, 0.181865, 0.0)], [-0.180712, 0.144006, 0.972936, 0.0)], [0.0, 0.0, 0.0, 1.0)]])
0.0, 0.0, 0.0
float3(-0.144508, -0.183647, -1.56551)
368.252923541
limited(__ObjC.ARCamera.TrackingState.Reason.initializing)
simd_float4x4([[-0.0316897, -0.990436, 0.134281, 0.0)], [0.967644, 0.00324568, 0.2523, 0.0)], [-0.250323, 0.137931, 0.958286, 0.0)], [0.0, 0.0, 0.0, 1.0)]])
0.0, 0.0, 0.0
float3(-0.138373, -0.25551, -1.56752)
368.369573583
limited(__ObjC.ARCamera.TrackingState.Reason.initializing)
simd_float4x4([[-0.0410947, -0.992363, 0.116305, 0.0)], [0.947935, -0.00193179, 0.318459, 0.0)], [-0.315802, 0.123336, 0.940774, 0.0)], [0.0, 0.0, 0.0, 1.0)]])
0.0, 0.0, 0.0
float3(-0.123651, -0.323864, -1.57274)
368.4862235
limited(__ObjC.ARCamera.TrackingState.Reason.initializing)
simd_float4x4([[-0.0430775, -0.993345, 0.106812, 0.0)], [0.932235, -0.00151877, 0.361849, 0.0)], [-0.359279, 0.115161, 0.926097, 0.0)], [0.0, 0.0, 0.0, 1.0)]])
0.0, 0.0, 0.0
float3(-0.115417, -0.370075, -1.57233)
368.602873375
limited(__ObjC.ARCamera.TrackingState.Reason.initializing)
simd_float4x4([[-0.0473609, -0.99325, 0.10588, 0.0)], [0.918195, -0.00155513, 0.396126, 0.0)], [-0.393287, 0.11598, 0.912071, 0.0)], [0.0, 0.0, 0.0, 1.0)]])
0.0, 0.0, 0.0
float3(-0.116241, -0.407112, -1.57236)
368.719523166
limited(__ObjC.ARCamera.TrackingState.Reason.initializing)
simd_float4x4([[-0.0516848, -0.992713, 0.108855, 0.0)], [0.902595, 0.000211984, 0.430491, 0.0)], [-0.427378, 0.120502, 0.896006, 0.0)], [0.0, 0.0, 0.0, 1.0)]])
0.0, 0.0, 0.0
float3(-0.120795, -0.445063, -1.57058)
368.836173125
limited(__ObjC.ARCamera.TrackingState.Reason.initializing)
simd_float4x4([[-0.0511582, -0.992453, 0.111446, 0.0)], [0.894318, 0.00414199, 0.447414, 0.0)], [-0.444498, 0.122557, 0.887356, 0.0)], [0.0, 0.0, 0.0, 1.0)]])
0.0, 0.0, 0.0
float3(-0.122866, -0.464387, -1.56662)
368.952823
limited(__ObjC.ARCamera.TrackingState.Reason.initializing)
simd_float4x4([[-0.0475516, -0.991457, 0.121456, 0.0)], [0.909893, 0.00717205, 0.414781, 0.0)], [-0.412108, 0.130236, 0.901779, 0.0)], [0.0, 0.0, 0.0, 1.0)]])
0.0, 0.0, 0.0
float3(-0.130607, -0.428655, -1.56356)
369.069473
limited(__ObjC.ARCamera.TrackingState.Reason.initializing)
simd_float4x4([[-0.0471022, -0.990358, 0.130281, 0.0)], [0.930151, 0.00406024, 0.367155, 0.0)], [-0.364144, 0.138474, 0.920991, 0.0)], [0.0, 0.0, 0.0, 1.0)]])
0.0, 0.0, 0.0
float3(-0.138921, -0.37652, -1.5667)
369.18612275
limited(__ObjC.ARCamera.TrackingState.Reason.initializing)
simd_float4x4([[-0.0446754, -0.989507, 0.137403, 0.0)], [0.948521, 0.00115383, 0.316712, 0.0)], [-0.313547, 0.144479, 0.938517, 0.0)], [0.0, 0.0, 0.0, 1.0)]])
0.0, 0.0, 0.0
float3(-0.144987, -0.32243, -1.56963)
369.302772666
limited(__ObjC.ARCamera.TrackingState.Reason.initializing)
simd_float4x4([[-0.0366839, -0.989518, 0.139671, 0.0)], [0.965536, 0.000941843, 0.260266, 0.0)], [-0.25767, 0.144405, 0.955381, 0.0)], [0.0, 0.0, 0.0, 1.0)]])
0.0, 0.0, 0.0
float3(-0.144911, -0.263435, -1.56984)
369.419422583
limited(__ObjC.ARCamera.TrackingState.Reason.initializing)
simd_float4x4([[-0.032303, -0.989156, 0.143268, 0.0)], [0.978414, -0.00202182, 0.206647, 0.0)], [-0.204116, 0.146851, 0.967869, 0.0)], [0.0, 0.0, 0.0, 1.0)]])
0.0, 0.0, 0.0
float3(-0.147384, -0.207847, -1.57284)
369.5360725
limited(__ObjC.ARCamera.TrackingState.Reason.initializing)
simd_float4x4([[-0.024057, -0.989816, 0.140296, 0.0)], [0.988298, -0.00240211, 0.152519, 0.0)], [-0.150629, 0.142324, 0.978291, 0.0)], [0.0, 0.0, 0.0, 1.0)]])
0.0, 0.0, 0.0
float3(-0.142809, -0.152772, -1.57322)
369.652722458
limited(__ObjC.ARCamera.TrackingState.Reason.initializing)
simd_float4x4([[-0.00944053, -0.991084, 0.132898, 0.0)], [0.996403, 0.00186849, 0.0847155, 0.0)], [-0.0842086, 0.13322, 0.987501, 0.0)], [0.0, 0.0, 0.0, 1.0)]])
0.0, 0.0, 0.0
float3(-0.133617, -0.0850686, -1.56891)
369.769372375
limited(__ObjC.ARCamera.TrackingState.Reason.initializing)
simd_float4x4([[0.0112403, -0.990159, 0.139487, 0.0)], [0.999894, 0.0124239, 0.00761693, 0.0)], [-0.00927494, 0.139387, 0.990193, 0.0)], [0.0, 0.0, 0.0, 1.0)]])
0.0, 0.0, 0.0
float3(-0.139842, -0.00936653, -1.55825)
369.88602225
normal
simd_float4x4([[0.0284839, -0.991686, 0.125487, 0.0)], [0.997381, 0.0198474, -0.0695439, 0.0)], [0.0664751, 0.12714, 0.989655, 0.0)], [-0.00356496, 0.000199672, -0.000972492, 1.0)]])
-0.00356496, 0.000199672, -0.000972492
float3(-0.127485, 0.0670692, -1.55079)
370.002672166
normal
simd_float4x4([[0.0356162, -0.99207, 0.120533, 0.0)], [0.992032, 0.0205123, -0.124304, 0.0)], [0.120846, 0.124, 0.984896, 0.0)], [-0.01599, 0.00069651, -0.00275909, 1.0)]])
-0.01599, 0.00069651, -0.00275909
float3(-0.12432, 0.122089, -1.55012)
370.119322041
normal
simd_float4x4([[0.0412895, -0.99285, 0.111998, 0.0)], [0.983575, 0.0206768, -0.179311, 0.0)], [0.175713, 0.117562, 0.977397, 0.0)], [-0.0267941, 0.00227313, -0.00298664, 1.0)]])
-0.0267941, 0.00227313, -0.00298664
float3(-0.117834, 0.177877, -1.54997)
370.235972125
normal
simd_float4x4([[0.0413844, -0.994259, 0.0986686, 0.0)], [0.978054, 0.0201303, -0.207376, 0.0)], [0.204199, 0.105085, 0.973273, 0.0)], [-0.0351012, 0.00516764, -0.000800251, 1.0)]])
-0.0351012, 0.00516764, -0.000800251
float3(-0.10528, 0.206807, -1.55055)
370.352621916
normal
simd_float4x4([[0.0304994, -0.99586, 0.0856335, 0.0)], [0.980861, 0.0133364, -0.194252, 0.0)], [0.192305, 0.0899191, 0.977207, 0.0)], [-0.0409246, 0.00741304, 0.00418354, 1.0)]])
-0.0409246, 0.00741304, 0.00418354
float3(-0.0900407, 0.194308, -1.55741)
370.469271875
normal
simd_float4x4([[0.0244634, -0.996473, 0.0802711, 0.0)], [0.986618, 0.0111177, -0.162667, 0.0)], [0.161201, 0.0831763, 0.98341, 0.0)], [-0.0375675, 0.00846218, 0.00864115, 1.0)]])
-0.0375675, 0.00846218, 0.00864115
float3(-0.0832725, 0.162476, -1.55964)
370.58592175
normal
simd_float4x4([[0.0189867, -0.996954, 0.0756401, 0.0)], [0.991494, 0.00903157, -0.12984, 0.0)], [0.128762, 0.0774619, 0.988646, 0.0)], [-0.0309847, 0.0087696, 0.0125066, 1.0)]])
-0.0309847, 0.0087696, 0.0125066
float3(-0.0775395, 0.129511, -1.56174)
370.702571833
normal
simd_float4x4([[0.0183236, -0.996918, 0.0762811, 0.0)], [0.994892, 0.0106053, -0.100385, 0.0)], [0.0992664, 0.0777309, 0.99202, 0.0)], [-0.0254012, 0.00931323, 0.0159122, 1.0)]])
-0.0254012, 0.00931323, 0.0159122
float3(-0.0778094, 0.0997329, -1.56016)
370.819221625
normal
simd_float4x4([[0.0140765, -0.996889, 0.0775532, 0.0)], [0.997406, 0.00852333, -0.0714751, 0.0)], [0.0705917, 0.0783581, 0.994423, 0.0)], [-0.0199077, 0.00916207, 0.0176826, 1.0)]])
-0.0199077, 0.00916207, 0.0176826
float3(-0.0784385, 0.0708687, -1.56225)
370.935871541
normal
simd_float4x4([[0.0124416, -0.996923, 0.0773965, 0.0)], [0.998646, 0.00847883, -0.0513208, 0.0)], [0.0505066, 0.0779303, 0.995679, 0.0)], [-0.0171381, 0.0089175, 0.0221702, 1.0)]])
-0.0171381, 0.0089175, 0.0221702
float3(-0.0780094, 0.0506824, -1.56229)
371.052521583
normal
simd_float4x4([[0.0156966, -0.996723, 0.0793558, 0.0)], [0.999021, 0.0123508, -0.0424785, 0.0)], [0.0413592, 0.0799449, 0.995941, 0.0)], [-0.0171644, 0.0092807, 0.0231119, 1.0)]])
-0.0171644, 0.0092807, 0.0231119
float3(-0.0800303, 0.0415039, -1.55841)
371.169171583
normal
simd_float4x4([[0.016568, -0.996584, 0.0809003, 0.0)], [0.999173, 0.0134983, -0.0383451, 0.0)], [0.0371221, 0.0814688, 0.995984, 0.0)], [-0.0167551, 0.00860009, 0.0224064, 1.0)]])
-0.0167551, 0.00860009, 0.0224064
float3(-0.0815592, 0.0372545, -1.55725)
371.285821416
normal
simd_float4x4([[0.018021, -0.996161, 0.085662, 0.0)], [0.999057, 0.014557, -0.040893, 0.0)], [0.039489, 0.0863182, 0.995485, 0.0)], [-0.0170252, 0.00755128, 0.0220366, 1.0)]])
-0.0170252, 0.00755128, 0.0220366
float3(-0.0864258, 0.0396473, -1.55618)
371.402471416
normal
simd_float4x4([[0.0156089, -0.996094, 0.0869034, 0.0)], [0.998994, 0.0118824, -0.0432335, 0.0)], [0.0420321, 0.0874908, 0.995278, 0.0)], [-0.0168583, 0.00766883, 0.0237666, 1.0)]])
-0.0168583, 0.00766883, 0.0237666
float3(-0.0876028, 0.0422064, -1.55887)
371.519121333
normal
simd_float4x4([[0.0122257, -0.996458, 0.0832007, 0.0)], [0.998415, 0.00759284, -0.0557733, 0.0)], [0.054944, 0.0837506, 0.994971, 0.0)], [-0.0102529, -0.00183824, 0.0270079, 1.0)]])
-0.0102529, -0.00183824, 0.0270079
float3(-0.0838488, 0.0551657, -1.56318)
371.635771208
normal
simd_float4x4([[0.0107475, -0.996486, 0.0830662, 0.0)], [0.998568, 0.00634244, -0.0531143, 0.0)], [0.0524008, 0.0835181, 0.995128, 0.0)], [-0.00855625, -0.00211478, 0.0287754, 1.0)]])
-0.00855625, -0.00211478, 0.0287754
float3(-0.0836155, 0.0526088, -1.56443)
371.752421083
normal
simd_float4x4([[0.00791558, -0.996327, 0.0852618, 0.0)], [0.998749, 0.00366631, -0.0498797, 0.0)], [0.0493839, 0.0855499, 0.995109, 0.0)], [-0.006137, -0.00104963, 0.029969, 1.0)]])
-0.006137, -0.00104963, 0.029969
float3(-0.0856546, 0.049586, -1.56712)
371.869071125
normal
simd_float4x4([[0.00614116, -0.996378, 0.0848081, 0.0)], [0.998789, 0.00197189, -0.0491578, 0.0)], [0.0488125, 0.0850073, 0.995184, 0.0)], [-0.00181651, -0.000561532, 0.0307889, 1.0)]])
-0.00181651, -0.000561532, 0.0307889
float3(-0.08511, 0.0490094, -1.56882)
371.985721208
normal
simd_float4x4([[0.00351725, -0.996068, 0.0885247, 0.0)], [0.998863, -0.000708612, -0.0476599, 0.0)], [0.0475352, 0.0885917, 0.994933, 0.0)], [0.00527286, -0.00052698, 0.0284426, 1.0)]])
0.00527286, -0.00052698, 0.0284426
float3(-0.088708, 0.047741, -1.57151)
372.102371083
normal
simd_float4x4([[0.00148188, -0.995969, 0.0896846, 0.0)], [0.998832, -0.00285697, -0.0482312, 0.0)], [0.048293, 0.0896513, 0.994802, 0.0)], [0.01296, -0.00158978, 0.0265086, 1.0)]])
0.01296, -0.00158978, 0.0265086
float3(-0.0897718, 0.0485073, -1.57366)
372.219021
normal
simd_float4x4([[0.000405338, -0.995794, 0.0916174, 0.0)], [0.998617, -0.00441393, -0.0523933, 0.0)], [0.0525774, 0.0915119, 0.994415, 0.0)], [0.0226564, -0.00243108, 0.0259443, 1.0)]])
0.0226564, -0.00243108, 0.0259443
float3(-0.0916401, 0.0528235, -1.57523)
372.335671083
normal
simd_float4x4([[-0.00312343, -0.995641, 0.0932179, 0.0)], [0.998309, -0.00851463, -0.0574928, 0.0)], [0.0580359, 0.0928807, 0.993984, 0.0)], [0.0325969, -0.00266302, 0.0243085, 1.0)]])
0.0325969, -0.00266302, 0.0243085
float3(-0.0930148, 0.0583209, -1.57935)
372.452321166
normal
simd_float4x4([[-0.00399717, -0.995712, 0.092419, 0.0)], [0.997697, -0.0102293, -0.067058, 0.0)], [0.0677158, 0.0919381, 0.99346, 0.0)], [0.0439267, -0.00347118, 0.0229023, 1.0)]])
0.0439267, -0.00347118, 0.0229023
float3(-0.0920681, 0.0680564, -1.58107)
372.568971
normal
simd_float4x4([[-0.00449793, -0.995473, 0.0949356, 0.0)], [0.996265, -0.0126477, -0.0854188, 0.0)], [0.0862328, 0.0941968, 0.991812, 0.0)], [0.0527927, -0.00454407, 0.0197834, 1.0)]])
0.0527927, -0.00454407, 0.0197834
float3(-0.0943367, 0.0867267, -1.5835)
372.685620958
normal
simd_float4x4([[-0.000224723, -0.994308, 0.106542, 0.0)], [0.992523, -0.0132258, -0.121337, 0.0)], [0.122055, 0.105718, 0.986877, 0.0)], [0.0561988, -0.00865004, 0.0131439, 1.0)]])
0.0561988, -0.00865004, 0.0131439
float3(-0.105916, 0.123054, -1.5841)
372.802270958
normal
simd_float4x4([[0.0140692, -0.992459, 0.121767, 0.0)], [0.985004, -0.00718653, -0.172383, 0.0)], [0.171959, 0.122366, 0.977475, 0.0)], [0.0478889, -0.016202, 0.00135827, 1.0)]])
0.0478889, -0.016202, 0.00135827
float3(-0.122673, 0.174139, -1.57804)
372.918920833
normal
simd_float4x4([[0.0315533, -0.989631, 0.140124, 0.0)], [0.974138, -0.000934097, -0.225954, 0.0)], [0.223742, 0.14363, 0.964007, 0.0)], [0.0256485, -0.0226486, -0.0178927, 1.0)]])
0.0256485, -0.0226486, -0.0178927
float3(-0.144129, 0.228058, -1.57174)
373.035570833
normal
simd_float4x4([[0.0590848, -0.98825, 0.14096, 0.0)], [0.956677, 0.0157288, -0.290727, 0.0)], [0.285094, 0.152031, 0.946366, 0.0)], [-0.0124597, -0.0270295, -0.0402968, 1.0)]])
-0.0124597, -0.0270295, -0.0402968
float3(-0.152623, 0.292605, -1.55488)
373.152220875
normal
simd_float4x4([[0.0698047, -0.986784, 0.146234, 0.0)], [0.938033, 0.0150491, -0.346218, 0.0)], [0.339442, 0.16134, 0.926687, 0.0)], [-0.0612419, -0.0331722, -0.0666704, 1.0)]])
-0.0612419, -0.0331722, -0.0666704
float3(-0.162049, 0.351118, -1.55555)
373.268870916
normal
simd_float4x4([[0.065825, -0.988607, 0.135366, 0.0)], [0.917591, 0.00667273, -0.397469, 0.0)], [0.392037, 0.150374, 0.907576, 0.0)], [-0.116842, -0.0345463, -0.0894527, 1.0)]])
-0.116842, -0.0345463, -0.0894527
float3(-0.150947, 0.407752, -1.56405)
373.385520708
normal
simd_float4x4([[0.0699078, -0.990169, 0.121153, 0.0)], [0.889679, 0.00695332, -0.456533, 0.0)], [0.451202, 0.139703, 0.881419, 0.0)], [-0.179392, -0.031163, -0.110416, 1.0)]])
-0.179392, -0.031163, -0.110416
float3(-0.140161, 0.473126, -1.56377)
373.502170916
normal
simd_float4x4([[0.065862, -0.991601, 0.111307, 0.0)], [0.850981, -0.00243061, -0.525191, 0.0)], [0.52105, 0.129311, 0.843674, 0.0)], [-0.241301, -0.0279999, -0.122943, 1.0)]])
-0.241301, -0.0279999, -0.122943
float3(-0.129674, 0.553258, -1.57325)
373.602200875
normal
simd_float4x4([[0.0697239, -0.992374, 0.101648, 0.0)], [0.799392, -0.00537305, -0.600786, 0.0)], [0.59675, 0.123146, 0.792921, 0.0)], [-0.291133, -0.0263082, -0.12154, 1.0)]])
-0.291133, -0.0263082, -0.12154
float3(-0.123459, 0.645161, -1.57621)
373.702252875
normal
simd_float4x4([[0.0835117, -0.993095, 0.0823951, 0.0)], [0.720286, 0.00301801, -0.693671, 0.0)], [0.688632, 0.117278, 0.715564, 0.0)], [-0.341773, -0.0218732, -0.112451, 1.0)]])
-0.341773, -0.0218732, -0.112451
float3(-0.117548, 0.766221, -1.56776)
373.802305041
normal
simd_float4x4([[0.0887507, -0.993449, 0.0719844, 0.0)], [0.616436, -0.00198447, -0.787402, 0.0)], [0.782387, 0.114256, 0.612222, 0.0)], [-0.389567, -0.0236636, -0.0980114, 1.0)]])
-0.389567, -0.0236636, -0.0980114
float3(-0.114506, 0.906814, -1.57279)
373.902357
normal
simd_float4x4([[0.11436, -0.990991, 0.069698, 0.0)], [0.49936, -0.0033084, -0.866388, 0.0)], [0.858814, 0.133885, 0.494483, 0.0)], [-0.439299, -0.0290562, -0.0870053, 1.0)]])
-0.439299, -0.0290562, -0.0870053
float3(-0.134288, 1.04838, -1.57413)
374.002408958
normal
simd_float4x4([[0.144793, -0.986945, 0.070534, 0.0)], [0.391008, -0.0084104, -0.920349, 0.0)], [0.908927, 0.160839, 0.384686, 0.0)], [-0.484964, -0.0370337, -0.0833101, 1.0)]])
-0.484964, -0.0370337, -0.0833101
float3(-0.161541, 1.17042, -1.57932)
374.102461166
normal
simd_float4x4([[0.177807, -0.982077, 0.0625274, 0.0)], [0.289015, -0.00862228, -0.957286, 0.0)], [0.940667, 0.188283, 0.282302, 0.0)], [-0.529098, -0.0475385, -0.0864476, 1.0)]])
-0.529098, -0.0475385, -0.0864476
float3(-0.189414, 1.27924, -1.57958)
374.202513208
normal
simd_float4x4([[0.197059, -0.979193, 0.0484596, 0.0)], [0.209775, -0.0061708, -0.97773, 0.0)], [0.957686, 0.202836, 0.204194, 0.0)], [-0.570194, -0.0559696, -0.0941214, 1.0)]])
-0.570194, -0.0559696, -0.0941214
float3(-0.204254, 1.36073, -1.5771)
374.302565333
normal
simd_float4x4([[0.201203, -0.978691, 0.0409974, 0.0)], [0.14852, -0.0108897, -0.98885, 0.0)], [0.968225, 0.205049, 0.143164, 0.0)], [-0.61302, -0.0607936, -0.113063, 1.0)]])
-0.61302, -0.0607936, -0.113063
float3(-0.206513, 1.424, -1.58192)
374.402617291
normal
simd_float4x4([[0.19145, -0.98081, 0.0368589, 0.0)], [0.101656, -0.0175368, -0.994665, 0.0)], [0.976224, 0.194175, 0.0963475, 0.0)], [-0.658023, -0.0556859, -0.140554, 1.0)]])
-0.658023, -0.0556859, -0.140554
float3(-0.195417, 1.47242, -1.58867)
374.502669375
normal
simd_float4x4([[0.18028, -0.983496, 0.0153389, 0.0)], [0.059949, -0.00457913, -0.998191, 0.0)], [0.981787, 0.180874, 0.0581341, 0.0)], [-0.70731, -0.0457844, -0.163152, 1.0)]])
-0.70731, -0.0457844, -0.163152
float3(-0.181875, 1.51165, -1.57545)
374.602721333
normal
simd_float4x4([[0.159672, -0.987082, -0.0131647, 0.0)], [0.0135685, 0.015529, -0.999787, 0.0)], [0.987077, 0.15946, 0.0158727, 0.0)], [-0.75506, -0.0441949, -0.173572, 1.0)]])
-0.75506, -0.0441949, -0.173572
float3(-0.160143, 1.55472, -1.55507)
374.702773375
normal
simd_float4x4([[0.17338, -0.984645, -0.0203466, 0.0)], [-0.0335113, 0.0147492, -0.99933, 0.0)], [0.984285, 0.173946, -0.0304395, 0.0)], [-0.815156, -0.0456161, -0.178791, 1.0)]])
-0.815156, -0.0456161, -0.178791
float3(-0.174835, 1.60171, -1.55582)
374.802825541
normal
simd_float4x4([[0.179285, -0.983133, -0.0361315, 0.0)], [-0.0801215, 0.0220133, -0.996542, 0.0)], [0.980529, 0.18156, -0.0748235, 0.0)], [-0.876181, -0.0485802, -0.170528, 1.0)]])
-0.876181, -0.0485802, -0.170528
float3(-0.182572, 1.64696, -1.54841)
374.902877625
normal
simd_float4x4([[0.183981, -0.980867, -0.0636485, 0.0)], [-0.104214, 0.0449234, -0.99354, 0.0)], [0.97739, 0.189425, -0.0939555, 0.0)], [-0.938786, -0.058827, -0.156238, 1.0)]])
-0.938786, -0.058827, -0.156238
float3(-0.190577, 1.66663, -1.52503)
375.00292975
normal
simd_float4x4([[0.175318, -0.98254, -0.0622849, 0.0)], [-0.10849, 0.0435987, -0.993141, 0.0)], [0.978516, 0.180873, -0.0989517, 0.0)], [-1.00147, -0.0682992, -0.138866, 1.0)]])
-1.00147, -0.0682992, -0.138866
float3(-0.181874, 1.67158, -1.52645)
375.102981666
normal
simd_float4x4([[0.166721, -0.983687, -0.0675616, 0.0)], [-0.0927749, 0.0525663, -0.994299, 0.0)], [0.98163, 0.172039, -0.0824975, 0.0)], [-1.06408, -0.0699727, -0.118767, 1.0)]])
-1.06408, -0.0699727, -0.118767
float3(-0.172899, 1.65464, -1.51741)
375.203033791
normal
simd_float4x4([[0.165821, -0.984137, -0.0630737, 0.0)], [-0.0828099, 0.0498374, -0.995318, 0.0)], [0.982673, 0.170268, -0.0732322, 0.0)], [-1.12365, -0.0626497, -0.101416, 1.0)]])
-1.12365, -0.0626497, -0.101416
float3(-0.171101, 1.64518, -1.5202)
375.303086
normal
simd_float4x4([[0.181147, -0.98286, -0.0342396, 0.0)], [-0.0778376, 0.0203778, -0.996758, 0.0)], [0.980371, 0.183225, -0.0728121, 0.0)], [-1.18064, -0.056804, -0.0924564, 1.0)]])
-1.18064, -0.056804, -0.0924564
float3(-0.184266, 1.64493, -1.55007)
375.403137833
normal
simd_float4x4([[0.183566, -0.98275, -0.0224816, 0.0)], [-0.0684736, 0.0100313, -0.997602, 0.0)], [0.98062, 0.184665, -0.0654511, 0.0)], [-1.23082, -0.0493617, -0.0912745, 1.0)]])
-1.23082, -0.0493617, -0.0912745
float3(-0.185731, 1.63744, -1.56059)
375.50319
normal
simd_float4x4([[0.183497, -0.983004, 0.00563667, 0.0)], [-0.0652684, -0.0179046, -0.997707, 0.0)], [0.980851, 0.182708, -0.0674445, 0.0)], [-1.28571, -0.051465, -0.0993483, 1.0)]])
-1.28571, -0.051465, -0.0993483
float3(-0.18374, 1.63945, -1.58901)
375.603242041
normal
simd_float4x4([[0.195964, -0.980606, 0.00322016, 0.0)], [-0.0700767, -0.0172794, -0.997392, 0.0)], [0.978104, 0.195227, -0.0721038, 0.0)], [-1.36138, -0.0620781, -0.101411, 1.0)]])
-1.36138, -0.0620781, -0.101411
float3(-0.196489, 1.64438, -1.58842)
375.70329425
normal
simd_float4x4([[0.188364, -0.982032, 0.0115229, 0.0)], [-0.0650555, -0.0241838, -0.997589, 0.0)], [0.979942, 0.18716, -0.0684419, 0.0)], [-1.43975, -0.072616, -0.110991, 1.0)]])
-1.43975, -0.072616, -0.110991
float3(-0.18827, 1.64053, -1.59542)
375.80334625
normal
simd_float4x4([[0.169981, -0.985363, 0.0129009, 0.0)], [-0.0661939, -0.0244787, -0.997506, 0.0)], [0.983222, 0.168703, -0.0693859, 0.0)], [-1.52305, -0.0743437, -0.122727, 1.0)]])
-1.52305, -0.0743437, -0.122727
float3(-0.169513, 1.64125, -1.59563)
375.903398291
normal
simd_float4x4([[0.124705, -0.992146, 0.00971772, 0.0)], [-0.0796064, -0.0197675, -0.99663, 0.0)], [0.988995, 0.123511, -0.0814463, 0.0)], [-1.60637, -0.0599165, -0.133564, 1.0)]])
-1.60637, -0.0599165, -0.133564
float3(-0.123827, 1.65296, -1.59072)
376.003450375
normal
simd_float4x4([[0.0967383, -0.995094, -0.0207305, 0.0)], [-0.101695, 0.0108371, -0.994757, 0.0)], [0.990101, 0.0983393, -0.100148, 0.0)], [-1.68819, -0.0471243, -0.134918, 1.0)]])
-1.68819, -0.0471243, -0.134918
float3(-0.0984985, 1.6716, -1.55991)
376.103502375
normal
simd_float4x4([[0.10672, -0.993849, -0.0295644, 0.0)], [-0.118424, 0.0168173, -0.992821, 0.0)], [0.987211, 0.109455, -0.115901, 0.0)], [-1.76504, -0.0447889, -0.132273, 1.0)]])
-1.76504, -0.0447889, -0.132273
float3(-0.109675, 1.68766, -1.55388)
376.203554708
normal
simd_float4x4([[0.125081, -0.991019, -0.0472776, 0.0)], [-0.12896, 0.0310079, -0.991165, 0.0)], [0.98373, 0.130073, -0.123923, 0.0)], [-1.84041, -0.0499448, -0.125165, 1.0)]])
-1.84041, -0.0499448, -0.125165
float3(-0.130442, 1.69611, -1.53952)
376.3036065
normal
simd_float4x4([[0.145588, -0.98688, -0.0698054, 0.0)], [-0.126473, 0.0514133, -0.990637, 0.0)], [0.981228, 0.153054, -0.117329, 0.0)], [-1.92444, -0.060702, -0.110073, 1.0)]])
-1.92444, -0.060702, -0.110073
float3(-0.153658, 1.6898, -1.51875)
376.40365875
normal
simd_float4x4([[0.146018, -0.986235, -0.077578, 0.0)], [-0.130916, 0.0584651, -0.989668, 0.0)], [0.980581, 0.154665, -0.120577, 0.0)], [-2.01235, -0.0703574, -0.0945392, 1.0)]])
-2.01235, -0.0703574, -0.0945392
float3(-0.155289, 1.69315, -1.51158)
376.503710875
normal
simd_float4x4([[0.158334, -0.985629, -0.058869, 0.0)], [-0.114604, 0.0408734, -0.99257, 0.0)], [0.980712, 0.163904, -0.106485, 0.0)], [-2.10397, -0.0757625, -0.0806678, 1.0)]])
-2.10397, -0.0757625, -0.0806678
float3(-0.164647, 1.67895, -1.52935)
376.603762791
normal
simd_float4x4([[0.151867, -0.988236, -0.0180796, 0.0)], [-0.10929, 0.00139016, -0.994009, 0.0)], [0.98234, 0.152933, -0.107793, 0.0)], [-2.19025, -0.0689061, -0.0792453, 1.0)]])
-2.19025, -0.0689061, -0.0792453
float3(-0.153535, 1.68009, -1.56939)
376.703815083
normal
simd_float4x4([[0.15531, -0.987494, -0.0270998, 0.0)], [-0.115916, 0.00902605, -0.993218, 0.0)], [0.981041, 0.157398, -0.113064, 0.0)], [-2.27352, -0.062687, -0.074782, 1.0)]])
-2.27352, -0.062687, -0.074782
float3(-0.158055, 1.68554, -1.56166)
376.803867125
normal
simd_float4x4([[0.176026, -0.983993, -0.0278091, 0.0)], [-0.112007, 0.00804593, -0.993675, 0.0)], [0.977992, 0.178027, -0.108798, 0.0)], [-2.36086, -0.0636968, -0.0720991, 1.0)]])
-2.36086, -0.0636968, -0.0720991
float3(-0.178981, 1.68159, -1.56262)
376.90391925
normal
simd_float4x4([[0.179287, -0.983484, -0.0248105, 0.0)], [-0.127106, 0.00185141, -0.991887, 0.0)], [0.975551, 0.180987, -0.124674, 0.0)], [-2.44911, -0.0759857, -0.0718273, 1.0)]])
-2.44911, -0.0759857, -0.0718273
float3(-0.181989, 1.69791, -1.56891)
377.003971208
normal
simd_float4x4([[0.168556, -0.985343, -0.0262377, 0.0)], [-0.166907, -0.00229721, -0.98597, 0.0)], [0.971458, 0.17057, -0.164847, 0.0)], [-2.54369, -0.0881626, -0.0766486, 1.0)]])
-2.54369, -0.0881626, -0.0766486
float3(-0.171408, 1.73889, -1.57313)
377.10402325
normal
simd_float4x4([[0.155964, -0.987448, -0.0249452, 0.0)], [-0.200168, -0.00686554, -0.979737, 0.0)], [0.967268, 0.157797, -0.198727, 0.0)], [-2.63536, -0.0848665, -0.0876379, 1.0)]])
-2.63536, -0.0848665, -0.0876379
float3(-0.15846, 1.77343, -1.57775)
377.2040755
normal
simd_float4x4([[0.140759, -0.989524, -0.0320653, 0.0)], [-0.219419, 0.000402899, -0.975631, 0.0)], [0.965423, 0.144365, -0.217063, 0.0)], [-2.72022, -0.0647841, -0.0975491, 1.0)]])
-2.72022, -0.0647841, -0.0975491
float3(-0.144871, 1.79196, -1.57039)
377.304127416
normal
simd_float4x4([[0.12748, -0.991407, -0.0293525, 0.0)], [-0.209143, 0.00205951, -0.977883, 0.0)], [0.96954, 0.130799, -0.207083, 0.0)], [-2.79341, -0.0556148, -0.102172, 1.0)]])
-2.79341, -0.0556148, -0.102172
float3(-0.131175, 1.78122, -1.56872)
377.404179666
normal
simd_float4x4([[0.129809, -0.989676, -0.0607547, 0.0)], [-0.200511, 0.0338062, -0.979108, 0.0)], [0.971053, 0.139279, -0.194053, 0.0)], [-2.87448, -0.0527061, -0.0964994, 1.0)]])
-2.87448, -0.0527061, -0.0964994
float3(-0.139733, 1.76804, -1.53665)
377.504231666
normal
simd_float4x4([[0.132292, -0.987861, -0.0814163, 0.0)], [-0.181895, 0.0565487, -0.981691, 0.0)], [0.974378, 0.144679, -0.172206, 0.0)], [-2.96128, -0.0631686, -0.0833805, 1.0)]])
-2.96128, -0.0631686, -0.0833805
float3(-0.145189, 1.74572, -1.51362)
377.604283916
normal
simd_float4x4([[0.121506, -0.988932, -0.0851417, 0.0)], [-0.181809, 0.0621524, -0.981368, 0.0)], [0.975798, 0.134721, -0.172245, 0.0)], [-3.05555, -0.0732489, -0.0629119, 1.0)]])
-3.05555, -0.0732489, -0.0629119
float3(-0.135132, 1.74551, -1.50803)
377.704335958
normal
simd_float4x4([[0.124428, -0.98929, -0.076311, 0.0)], [-0.170711, 0.0544177, -0.983817, 0.0)], [0.977433, 0.135442, -0.162112, 0.0)], [-3.15987, -0.0808838, -0.0395902, 1.0)]])
-3.15987, -0.0808838, -0.0395902
float3(-0.135859, 1.73516, -1.51584)
377.804388083
normal
simd_float4x4([[0.121943, -0.991085, -0.0536637, 0.0)], [-0.18581, 0.030316, -0.982118, 0.0)], [0.974989, 0.129734, -0.180457, 0.0)], [-3.2678, -0.0733464, -0.0226131, 1.0)]])
-3.2678, -0.0733464, -0.0226131
float3(-0.130101, 1.75381, -1.54022)
377.904440208
normal
simd_float4x4([[0.144525, -0.988149, -0.0517127, 0.0)], [-0.184857, 0.0243783, -0.982463, 0.0)], [0.97208, 0.15155, -0.179143, 0.0)], [-3.37317, -0.0642287, -0.00997637, 1.0)]])
-3.37317, -0.0642287, -0.00997637
float3(-0.152136, 1.75304, -1.54613)
378.004492166
normal
simd_float4x4([[0.155323, -0.987862, 0.00157347, 0.0)], [-0.177848, -0.02953, -0.983615, 0.0)], [0.971723, 0.152498, -0.180276, 0.0)], [-3.47697, -0.0666368, -0.00865944, 1.0)]])
-3.47697, -0.0666368, -0.00865944
float3(-0.153096, 1.75423, -1.60068)
378.104544375
normal
simd_float4x4([[0.159161, -0.987251, 0.00191236, 0.0)], [-0.187499, -0.0321296, -0.981739, 0.0)], [0.969284, 0.155896, -0.190222, 0.0)], [-3.57777, -0.0768599, -0.00067584, 1.0)]])
-3.57777, -0.0768599, -0.00067584
float3(-0.156535, 1.76458, -1.60333)
378.204596541
normal
simd_float4x4([[0.1387, -0.990272, -0.0111158, 0.0)], [-0.209356, -0.0183486, -0.977667, 0.0)], [0.967953, 0.137929, -0.209865, 0.0)], [-3.66466, -0.0872793, 0.00281353, 1.0)]])
-3.66466, -0.0872793, 0.00281353
float3(-0.138371, 1.7843, -1.58932)
378.304648458
normal
simd_float4x4([[0.123722, -0.992232, -0.0129906, 0.0)], [-0.253781, -0.0189828, -0.967076, 0.0)], [0.959316, 0.122945, -0.254158, 0.0)], [-3.75843, -0.088124, 0.0014961, 1.0)]])
-3.75843, -0.088124, 0.0014961
float3(-0.123257, 1.82978, -1.58993)
378.404700541
normal
simd_float4x4([[0.114983, -0.993354, -0.00518638, 0.0)], [-0.285091, -0.0279976, -0.958092, 0.0)], [0.951579, 0.111643, -0.286415, 0.0)], [-3.84343, -0.0725027, -0.00126755, 1.0)]])
-3.84343, -0.0725027, -0.00126755
float3(-0.111876, 1.86316, -1.59897)
378.504752708
normal
simd_float4x4([[0.107347, -0.994207, -0.00533328, 0.0)], [-0.300013, -0.0272779, -0.953545, 0.0)], [0.947876, 0.10396, -0.301203, 0.0)], [-3.91931, -0.0598673, 0.00751283, 1.0)]])
-3.91931, -0.0598673, 0.00751283
float3(-0.104148, 1.87847, -1.59823)
378.604804875
normal
simd_float4x4([[0.104336, -0.993966, -0.0338368, 0.0)], [-0.319361, -0.00126345, -0.947632, 0.0)], [0.941872, 0.109678, -0.317566, 0.0)], [-3.99781, -0.0523907, 0.0250394, 1.0)]])
-3.99781, -0.0523907, 0.0250394
float3(-0.109899, 1.89599, -1.57207)
378.704857
normal
simd_float4x4([[0.115737, -0.990784, -0.0703723, 0.0)], [-0.310618, 0.0311929, -0.950023, 0.0)], [0.943463, 0.131811, -0.304145, 0.0)], [-4.08019, -0.0596069, 0.0479806, 1.0)]])
-4.08019, -0.0596069, 0.0479806
float3(-0.132196, 1.88265, -1.53932)
378.804909125
normal
simd_float4x4([[0.0999671, -0.991966, -0.0775292, 0.0)], [-0.315217, 0.0423323, -0.948075, 0.0)], [0.94374, 0.119215, -0.308453, 0.0)], [-4.16628, -0.0728528, 0.0747213, 1.0)]])
-4.16628, -0.0728528, 0.0747213
float3(-0.119499, 1.88669, -1.52815)
378.904961166
normal
simd_float4x4([[0.105453, -0.991617, -0.0746662, 0.0)], [-0.315164, 0.0378873, -0.948281, 0.0)], [0.94316, 0.123531, -0.308526, 0.0)], [-4.26048, -0.0802047, 0.100649, 1.0)]])
-4.26048, -0.0802047, 0.100649
float3(-0.123847, 1.88694, -1.53261)
379.005013208
normal
simd_float4x4([[0.100831, -0.994004, -0.0423081, 0.0)], [-0.311917, 0.00879725, -0.950069, 0.0)], [0.944744, 0.108993, -0.30916, 0.0)], [-4.35144, -0.0742181, 0.119973, 1.0)]])
-4.35144, -0.0742181, 0.119973
float3(-0.10921, 1.88705, -1.56195)
379.105065416
normal
simd_float4x4([[0.0868198, -0.995892, -0.0257061, 0.0)], [-0.30745, -0.00224106, -0.951562, 0.0)], [0.947595, 0.0905177, -0.306382, 0.0)], [-4.43311, -0.0677208, 0.135067, 1.0)]])
-4.43311, -0.0677208, 0.135067
float3(-0.0906418, 1.88351, -1.57305)
379.205117541
normal
simd_float4x4([[0.106516, -0.993993, -0.0251438, 0.0)], [-0.278292, -0.00552562, -0.96048, 0.0)], [0.954572, 0.109304, -0.277209, 0.0)], [-4.52249, -0.0639236, 0.145591, 1.0)]])
-4.52249, -0.0639236, 0.145591
float3(-0.109523, 1.85342, -1.57636)
379.305169666
normal
simd_float4x4([[0.0969175, -0.995283, 0.00438941, 0.0)], [-0.27367, -0.0308888, -0.961328, 0.0)], [0.956928, 0.0919682, -0.275373, 0.0)], [-4.60808, -0.0720705, 0.146674, 1.0)]])
-4.60808, -0.0720705, 0.146674
float3(-0.0920983, 1.85099, -1.60182)
379.40522175
normal
simd_float4x4([[0.0952918, -0.995449, 0.000989142, 0.0)], [-0.267837, -0.0265963, -0.963097, 0.0)], [0.95874, 0.0915103, -0.269152, 0.0)], [-4.69689, -0.0851203, 0.149189, 1.0)]])
-4.69689, -0.0851203, 0.149189
float3(-0.0916385, 1.84449, -1.59751)
379.505273916
normal
simd_float4x4([[0.101211, -0.99485, -0.0054988, 0.0)], [-0.273342, -0.0224932, -0.961654, 0.0)], [0.956577, 0.0988331, -0.274211, 0.0)], [-4.79564, -0.0954119, 0.145612, 1.0)]])
-4.79564, -0.0954119, 0.145612
float3(-0.0989947, 1.84997, -1.5934)
379.605326083
normal
simd_float4x4([[0.110848, -0.993835, 0.002132, 0.0)], [-0.279019, -0.0331793, -0.959712, 0.0)], [0.953866, 0.105787, -0.280977, 0.0)], [-4.89118, -0.0903094, 0.13706, 1.0)]])
-4.89118, -0.0903094, 0.13706
float3(-0.105986, 1.85726, -1.60417)
379.705378083
normal
simd_float4x4([[0.109861, -0.993922, 0.00704795, 0.0)], [-0.271451, -0.0368242, -0.961747, 0.0)], [0.956161, 0.103746, -0.273847, 0.0)], [-4.97272, -0.0787792, 0.13299, 1.0)]])
-4.97272, -0.0787792, 0.13299
float3(-0.103933, 1.84973, -1.60783)
379.80543025
normal
simd_float4x4([[0.115139, -0.99333, 0.0061118, 0.0)], [-0.248581, -0.0347696, -0.967987, 0.0)], [0.961743, 0.109934, -0.250927, 0.0)], [-5.0501, -0.073477, 0.132758, 1.0)]])
-5.0501, -0.073477, 0.132758
float3(-0.110157, 1.82602, -1.60579)
379.905482333
normal
simd_float4x4([[0.129343, -0.990941, -0.0361335, 0.0)], [-0.219997, 0.00685434, -0.975477, 0.0)], [0.966888, 0.134121, -0.217117, 0.0)], [-5.13363, -0.0766017, 0.140152, 1.0)]])
-5.13363, -0.0766017, 0.140152
float3(-0.134526, 1.79169, -1.56388)
380.005534541
normal
simd_float4x4([[0.134238, -0.9905, -0.0298244, 0.0)], [-0.186039, 0.00437147, -0.982533, 0.0)], [0.973329, 0.137442, -0.183684, 0.0)], [-5.21861, -0.0893317, 0.141064, 1.0)]])
-5.21861, -0.0893317, 0.141064
float3(-0.137879, 1.75732, -1.56638)
380.105586541
normal
simd_float4x4([[0.126259, -0.991698, -0.0243728, 0.0)], [-0.171077, 0.00243367, -0.985255, 0.0)], [0.977134, 0.128566, -0.16935, 0.0)], [-5.31145, -0.0986079, 0.152574, 1.0)]])
-5.31145, -0.0986079, 0.152574
float3(-0.128923, 1.7424, -1.56834)
380.205638666
normal
simd_float4x4([[0.136423, -0.990586, -0.0113189, 0.0)], [-0.148038, -0.00908769, -0.98894, 0.0)], [0.979527, 0.136589, -0.147885, 0.0)], [-5.41299, -0.097158, 0.165721, 1.0)]])
-5.41299, -0.097158, 0.165721
float3(-0.137018, 1.72064, -1.57997)
380.305690916
normal
simd_float4x4([[0.128833, -0.991608, 0.0107644, 0.0)], [-0.125539, -0.027076, -0.991719, 0.0)], [0.983688, 0.126415, -0.127974, 0.0)], [-5.50873, -0.0922529, 0.173242, 1.0)]])
-5.50873, -0.0922529, 0.173242
float3(-0.126754, 1.70017, -1.59809)
380.405742875
normal
simd_float4x4([[0.159149, -0.987206, -0.00975725, 0.0)], [-0.107353, -0.0074803, -0.994193, 0.0)], [0.9814, 0.159273, -0.10717, 0.0)], [-5.60948, -0.0860576, 0.181005, 1.0)]])
-5.60948, -0.0860576, 0.181005
float3(-0.159954, 1.67957, -1.57837)
380.505795083
normal
simd_float4x4([[0.168358, -0.985723, 0.00245897, 0.0)], [-0.0883589, -0.0175759, -0.995934, 0.0)], [0.981758, 0.167456, -0.0900564, 0.0)], [-5.70765, -0.088593, 0.177835, 1.0)]])
-5.70765, -0.088593, 0.177835
float3(-0.168249, 1.66227, -1.58862)
380.605847208
normal
simd_float4x4([[0.175299, -0.984367, 0.0170521, 0.0)], [-0.0804386, -0.0315828, -0.996259, 0.0)], [0.981224, 0.173272, -0.0847176, 0.0)], [-5.80095, -0.100996, 0.170304, 1.0)]])
-5.80095, -0.100996, 0.170304
float3(-0.174151, 1.65692, -1.60287)
380.705899416
normal
simd_float4x4([[0.154511, -0.987932, 0.0108195, 0.0)], [-0.0973585, -0.0261226, -0.994906, 0.0)], [0.983182, 0.152671, -0.10022, 0.0)], [-5.89399, -0.106329, 0.164582, 1.0)]])
-5.89399, -0.106329, 0.164582
float3(-0.15327, 1.67238, -1.59723)
380.805951458
normal
simd_float4x4([[0.152494, -0.988249, 0.0104278, 0.0)], [-0.128453, -0.0302807, -0.991253, 0.0)], [0.979921, 0.149821, -0.131561, 0.0)], [-5.98873, -0.100288, 0.157412, 1.0)]])
-5.98873, -0.100288, 0.157412
float3(-0.150387, 1.70425, -1.60143)
380.906003541
normal
simd_float4x4([[0.158117, -0.987391, -0.00755592, 0.0)], [-0.149836, -0.0164292, -0.988575, 0.0)], [0.975986, 0.157443, -0.150544, 0.0)], [-6.07656, -0.086709, 0.155643, 1.0)]])
-6.07656, -0.086709, 0.155643
float3(-0.158101, 1.72384, -1.58743)
381.006055833
normal
simd_float4x4([[0.17489, -0.984539, -0.00976772, 0.0)], [-0.161503, -0.0188997, -0.986691, 0.0)], [0.971252, 0.17414, -0.162311, 0.0)], [-6.15808, -0.0848323, 0.157026, 1.0)]])
-6.15808, -0.0848323, 0.157026
float3(-0.175033, 1.73638, -1.58999)
381.106107833
normal
simd_float4x4([[0.170303, -0.984368, -0.0449024, 0.0)], [-0.177075, 0.0142547, -0.984094, 0.0)], [0.969351, 0.175546, -0.171879, 0.0)], [-6.2395, -0.0868362, 0.169361, 1.0)]])
-6.2395, -0.0868362, 0.169361
float3(-0.17646, 1.74629, -1.55632)
381.206160083
normal
simd_float4x4([[0.152876, -0.986255, -0.062692, 0.0)], [-0.178908, 0.0347692, -0.983251, 0.0)], [0.971916, 0.161531, -0.171134, 0.0)], [-6.32255, -0.0958509, 0.181329, 1.0)]])
-6.32255, -0.0958509, 0.181329
float3(-0.162242, 1.74509, -1.53556)
381.306212166
normal
simd_float4x4([[0.130245, -0.989713, -0.0591907, 0.0)], [-0.174022, 0.035953, -0.984085, 0.0)], [0.97609, 0.138473, -0.167549, 0.0)], [-6.41145, -0.0994461, 0.196807, 1.0)]])
-6.41145, -0.0994461, 0.196807
float3(-0.138919, 1.74079, -1.53449)
381.40626425
normal
simd_float4x4([[0.127171, -0.991624, -0.0225488, 0.0)], [-0.151379, 0.0030635, -0.988471, 0.0)], [0.980261, 0.129119, -0.149721, 0.0)], [-6.5001, -0.0989489, 0.208704, 1.0)]])
-6.5001, -0.0989489, 0.208704
float3(-0.12948, 1.72236, -1.56771)
381.506316458
normal
simd_float4x4([[0.114939, -0.993173, 0.0199312, 0.0)], [-0.129777, -0.034905, -0.990929, 0.0)], [0.984859, 0.111309, -0.132903, 0.0)], [-6.58768, -0.0893252, 0.215576, 1.0)]])
-6.58768, -0.0893252, 0.215576
float3(-0.11154, 1.70493, -1.60593)
381.606368583
normal
