ARKit Data
264492.722898083
normal
simd_float4x4([[-0.293059, -0.107886, -0.949988, 0.0)], [-0.0638776, -0.989184, 0.132043, 0.0)], [-0.953958, 0.0993794, 0.282998, 0.0)], [-17.8785, 0.0740113, 1.48221, 1.0)]])
-17.8785, 0.0740113, 1.48221
float3(-0.0995437, -1.28241, -3.03296)
264493.098524333
notAvailable
simd_float4x4([[1.0, 0.0, 0.0, 0.0)], [0.0, 1.0, 0.0, 0.0)], [0.0, 0.0, 1.0, 0.0)], [0.0, 0.0, 0.0, 1.0)]])
0.0, 0.0, 0.0
float3(-0.0, 0.0, 0.0)
264493.215177958
notAvailable
simd_float4x4([[1.0, 0.0, 0.0, 0.0)], [0.0, 1.0, 0.0, 0.0)], [0.0, 0.0, 1.0, 0.0)], [0.0, 0.0, 0.0, 1.0)]])
0.0, 0.0, 0.0
float3(-0.0, 0.0, 0.0)
264493.3484965
limited(__ObjC.ARCamera.TrackingState.Reason.initializing)
simd_float4x4([[-0.994235, -0.106441, 0.012955, 0.0)], [0.107202, -0.984124, 0.141451, 0.0)], [-0.00230693, 0.142024, 0.989861, 0.0)], [0.0, 0.0, 0.0, 1.0)]])
0.0, 0.0, 0.0
float3(-0.142506, -0.00233056, -3.03385)
264493.481815
limited(__ObjC.ARCamera.TrackingState.Reason.initializing)
simd_float4x4([[-0.994631, -0.102759, 0.0122108, 0.0)], [0.103453, -0.984655, 0.140543, 0.0)], [-0.00241868, 0.141052, 0.989999, 0.0)], [0.0, 0.0, 0.0, 1.0)]])
0.0, 0.0, 0.0
float3(-0.141524, -0.00244311, -3.03761)
264493.6151335
limited(__ObjC.ARCamera.TrackingState.Reason.initializing)
simd_float4x4([[-0.994594, -0.10325, 0.0110669, 0.0)], [0.103765, -0.984112, 0.144071, 0.0)], [-0.00398428, 0.144441, 0.989505, 0.0)], [0.0, 0.0, 0.0, 1.0)]])
0.0, 0.0, 0.0
float3(-0.144948, -0.00402651, -3.03706)
264493.748452041
limited(__ObjC.ARCamera.TrackingState.Reason.initializing)
simd_float4x4([[-0.99455, -0.103829, 0.00950809, 0.0)], [0.104111, -0.984031, 0.144376, 0.0)], [-0.00563413, 0.144579, 0.989477, 0.0)], [0.0, 0.0, 0.0, 1.0)]])
0.0, 0.0, 0.0
float3(-0.145087, -0.00569399, -3.03647)
264493.881770583
limited(__ObjC.ARCamera.TrackingState.Reason.initializing)
simd_float4x4([[-0.99461, -0.10315, 0.0105632, 0.0)], [0.103594, -0.984141, 0.143999, 0.0)], [-0.00445784, 0.144317, 0.989522, 0.0)], [0.0, 0.0, 0.0, 1.0)]])
0.0, 0.0, 0.0
float3(-0.144822, -0.00450501, -3.03716)
264494.015088833
limited(__ObjC.ARCamera.TrackingState.Reason.initializing)
simd_float4x4([[-0.994658, -0.102707, 0.0103693, 0.0)], [0.103123, -0.98404, 0.14502, 0.0)], [-0.00469082, 0.145314, 0.989374, 0.0)], [0.0, 0.0, 0.0, 1.0)]])
0.0, 0.0, 0.0
float3(-0.145831, -0.00474116, -3.0376)
264494.148407375
limited(__ObjC.ARCamera.TrackingState.Reason.initializing)
simd_float4x4([[-0.99458, -0.103578, 0.00905804, 0.0)], [0.103796, -0.984023, 0.144653, 0.0)], [-0.00606947, 0.144809, 0.989441, 0.0)], [0.0, 0.0, 0.0, 1.0)]])
0.0, 0.0, 0.0
float3(-0.14532, -0.00613417, -3.03672)
264494.281725875
limited(__ObjC.ARCamera.TrackingState.Reason.initializing)
simd_float4x4([[-0.994595, -0.103416, 0.00926658, 0.0)], [0.103668, -0.984097, 0.14424, 0.0)], [-0.00579749, 0.144421, 0.989499, 0.0)], [0.0, 0.0, 0.0, 1.0)]])
0.0, 0.0, 0.0
float3(-0.144928, -0.00585895, -3.03689)
264494.415044375
limited(__ObjC.ARCamera.TrackingState.Reason.initializing)
simd_float4x4([[-0.994707, -0.10233, 0.00929786, 0.0)], [0.102598, -0.984185, 0.144405, 0.0)], [-0.00562613, 0.144594, 0.989475, 0.0)], [0.0, 0.0, 0.0, 1.0)]])
0.0, 0.0, 0.0
float3(-0.145103, -0.00568591, -3.03799)
264494.548362833
limited(__ObjC.ARCamera.TrackingState.Reason.initializing)
simd_float4x4([[-0.99476, -0.101953, 0.0075757, 0.0)], [0.101967, -0.984087, 0.145516, 0.0)], [-0.00738054, 0.145526, 0.989327, 0.0)], [0.0, 0.0, 0.0, 1.0)]])
0.0, 0.0, 0.0
float3(-0.146044, -0.00746003, -3.03836)
264494.68168125
limited(__ObjC.ARCamera.TrackingState.Reason.initializing)
simd_float4x4([[-0.994811, -0.101542, 0.00635036, 0.0)], [0.101377, -0.984055, 0.146143, 0.0)], [-0.00859061, 0.146029, 0.989243, 0.0)], [0.0, 0.0, 0.0, 1.0)]])
0.0, 0.0, 0.0
float3(-0.146553, -0.00868381, -3.03877)
264494.814999625
limited(__ObjC.ARCamera.TrackingState.Reason.initializing)
simd_float4x4([[-0.994864, -0.101034, 0.00619361, 0.0)], [0.100844, -0.983994, 0.146923, 0.0)], [-0.00874967, 0.146793, 0.989129, 0.0)], [0.0, 0.0, 0.0, 1.0)]])
0.0, 0.0, 0.0
float3(-0.147325, -0.0088456, -3.03927)
264494.948318166
limited(__ObjC.ARCamera.TrackingState.Reason.initializing)
simd_float4x4([[-0.994877, -0.100905, 0.00618329, 0.0)], [0.10071, -0.983913, 0.147552, 0.0)], [-0.00880486, 0.147419, 0.989035, 0.0)], [0.0, 0.0, 0.0, 1.0)]])
0.0, 0.0, 0.0
float3(-0.147958, -0.00890225, -3.0394)
264495.081636541
limited(__ObjC.ARCamera.TrackingState.Reason.initializing)
simd_float4x4([[-0.994874, -0.100931, 0.00616767, 0.0)], [0.10074, -0.984021, 0.146815, 0.0)], [-0.00874907, 0.146684, 0.989145, 0.0)], [0.0, 0.0, 0.0, 1.0)]])
0.0, 0.0, 0.0
float3(-0.147215, -0.00884486, -3.03938)
264495.214955208
limited(__ObjC.ARCamera.TrackingState.Reason.initializing)
simd_float4x4([[-0.994725, -0.102338, 0.00707511, 0.0)], [0.102268, -0.983914, 0.146475, 0.0)], [-0.00802867, 0.146426, 0.989189, 0.0)], [0.0, 0.0, 0.0, 1.0)]])
0.0, 0.0, 0.0
float3(-0.146954, -0.00811624, -3.03795)
264495.348273666
limited(__ObjC.ARCamera.TrackingState.Reason.initializing)
simd_float4x4([[-0.994717, -0.102397, 0.0072212, 0.0)], [0.102344, -0.983841, 0.146912, 0.0)], [-0.00793885, 0.146875, 0.989123, 0.0)], [0.0, 0.0, 0.0, 1.0)]])
0.0, 0.0, 0.0
float3(-0.147409, -0.00802598, -3.03789)
264495.481592166
limited(__ObjC.ARCamera.TrackingState.Reason.initializing)
simd_float4x4([[-0.994785, -0.101706, 0.00769277, 0.0)], [0.101722, -0.983745, 0.147981, 0.0)], [-0.00748278, 0.147992, 0.98896, 0.0)], [0.0, 0.0, 0.0, 1.0)]])
0.0, 0.0, 0.0
float3(-0.148537, -0.00756617, -3.03857)
264495.614910708
limited(__ObjC.ARCamera.TrackingState.Reason.initializing)
simd_float4x4([[-0.994806, -0.101393, 0.00899004, 0.0)], [0.101607, -0.983817, 0.147579, 0.0)], [-0.00611903, 0.147726, 0.989009, 0.0)], [0.0, 0.0, 0.0, 1.0)]])
0.0, 0.0, 0.0
float3(-0.148269, -0.00618695, -3.03889)
264495.748229
limited(__ObjC.ARCamera.TrackingState.Reason.initializing)
simd_float4x4([[-0.99492, -0.100334, 0.00823385, 0.0)], [0.100454, -0.984084, 0.146588, 0.0)], [-0.00660498, 0.146671, 0.989163, 0.0)], [0.0, 0.0, 0.0, 1.0)]])
0.0, 0.0, 0.0
float3(-0.147202, -0.00667724, -3.03999)
264495.881547583
limited(__ObjC.ARCamera.TrackingState.Reason.initializing)
simd_float4x4([[-0.994794, -0.10163, 0.00753504, 0.0)], [0.101639, -0.984067, 0.145883, 0.0)], [-0.00741114, 0.145889, 0.989273, 0.0)], [0.0, 0.0, 0.0, 1.0)]])
0.0, 0.0, 0.0
float3(-0.146412, -0.00749136, -3.03868)
264496.014865958
limited(__ObjC.ARCamera.TrackingState.Reason.initializing)
simd_float4x4([[-0.994847, -0.100877, 0.0102037, 0.0)], [0.101272, -0.983763, 0.148168, 0.0)], [-0.00490874, 0.148438, 0.98891, 0.0)], [0.0, 0.0, 0.0, 1.0)]])
0.0, 0.0, 0.0
float3(-0.148989, -0.00496375, -3.03941)
264496.148184625
limited(__ObjC.ARCamera.TrackingState.Reason.initializing)
simd_float4x4([[-0.994777, -0.101096, 0.0140818, 0.0)], [0.102056, -0.982598, 0.155193, 0.0)], [-0.0018527, 0.155819, 0.987784, 0.0)], [0.0, 0.0, 0.0, 1.0)]])
0.0, 0.0, 0.0
float3(-0.156457, -0.00187561, -3.03907)
264496.281502958
limited(__ObjC.ARCamera.TrackingState.Reason.initializing)
simd_float4x4([[-0.99464, -0.102362, 0.0145948, 0.0)], [0.103385, -0.982461, 0.155184, 0.0)], [-0.00154613, 0.155861, 0.987778, 0.0)], [0.0, 0.0, 0.0, 1.0)]])
0.0, 0.0, 0.0
float3(-0.156499, -0.00156526, -3.03778)
264496.414821541
limited(__ObjC.ARCamera.TrackingState.Reason.initializing)
simd_float4x4([[-0.994366, -0.104487, 0.0178592, 0.0)], [0.105994, -0.982224, 0.154918, 0.0)], [0.00135475, 0.155939, 0.987765, 0.0)], [0.0, 0.0, 0.0, 1.0)]])
0.0, 0.0, 0.0
float3(-0.156578, 0.00137153, -3.03561)
264496.548140041
limited(__ObjC.ARCamera.TrackingState.Reason.initializing)
simd_float4x4([[-0.993992, -0.107824, 0.0187978, 0.0)], [0.109443, -0.98111, 0.159516, 0.0)], [0.00124311, 0.160615, 0.987016, 0.0)], [0.0, 0.0, 0.0, 1.0)]])
0.0, 0.0, 0.0
float3(-0.161313, 0.00125946, -3.03213)
264496.6814585
limited(__ObjC.ARCamera.TrackingState.Reason.initializing)
simd_float4x4([[-0.993851, -0.108777, 0.0206608, 0.0)], [0.110689, -0.980682, 0.161281, 0.0)], [0.00271793, 0.162576, 0.986692, 0.0)], [0.0, 0.0, 0.0, 1.0)]])
0.0, 0.0, 0.0
float3(-0.163301, 0.00275458, -3.03112)
264496.814777
limited(__ObjC.ARCamera.TrackingState.Reason.initializing)
simd_float4x4([[-0.99334, -0.113043, 0.022283, 0.0)], [0.115147, -0.9808, 0.157394, 0.0)], [0.0040629, 0.158911, 0.987285, 0.0)], [0.0, 0.0, 0.0, 1.0)]])
0.0, 0.0, 0.0
float3(-0.159588, 0.0041152, -3.02684)
264496.948095416
limited(__ObjC.ARCamera.TrackingState.Reason.initializing)
simd_float4x4([[-0.992799, -0.117467, 0.0234727, 0.0)], [0.119685, -0.980886, 0.153421, 0.0)], [0.00500221, 0.155125, 0.987882, 0.0)], [0.0, 0.0, 0.0, 1.0)]])
0.0, 0.0, 0.0
float3(-0.155754, 0.00506353, -3.0224)
264497.081413875
normal
simd_float4x4([[-0.991771, -0.125678, 0.0243932, 0.0)], [0.127872, -0.981716, 0.141002, 0.0)], [0.00622628, 0.142961, 0.989709, 0.0)], [-0.000148907, 0.000180421, 0.000381777, 1.0)]])
-0.000148907, 0.000180421, 0.000381777
float3(-0.143453, 0.00629094, -3.01427)
264497.214732458
normal
simd_float4x4([[-0.991206, -0.130195, 0.0236674, 0.0)], [0.132224, -0.981546, 0.138147, 0.0)], [0.00524466, 0.140061, 0.990129, 0.0)], [-0.000324588, 0.00184013, 0.00421918, 1.0)]])
-0.000324588, 0.00184013, 0.00421918
float3(-0.140523, 0.00529689, -3.00972)
264497.348050916
normal
simd_float4x4([[-0.991148, -0.130659, 0.0235172, 0.0)], [0.132652, -0.981785, 0.13602, 0.0)], [0.00531654, 0.137936, 0.990427, 0.0)], [0.000130151, 0.000837985, 0.00541342, 1.0)]])
0.000130151, 0.000837985, 0.00541342
float3(-0.138377, 0.00536788, -3.00929)
264497.481369333
normal
simd_float4x4([[-0.991129, -0.131002, 0.0224141, 0.0)], [0.132836, -0.981878, 0.135166, 0.0)], [0.00430092, 0.136945, 0.990569, 0.0)], [0.000530295, 0.000869698, 0.00562812, 1.0)]])
0.000530295, 0.000869698, 0.00562812
float3(-0.137377, 0.00434184, -3.00896)
264497.61468775
normal
simd_float4x4([[-0.991014, -0.131515, 0.0243959, 0.0)], [0.1336, -0.982108, 0.132725, 0.0)], [0.00650422, 0.134791, 0.990853, 0.0)], [0.000632048, 0.00149804, 0.00553282, 1.0)]])
0.000632048, 0.00149804, 0.00553282
float3(-0.135203, 0.00656417, -3.00847)
264497.748006291
normal
simd_float4x4([[-0.991458, -0.128341, 0.0232344, 0.0)], [0.130298, -0.982555, 0.132697, 0.0)], [0.00579871, 0.134591, 0.990884, 0.0)], [0.00159696, 0.000265196, 0.00685427, 1.0)]])
0.00159696, 0.000265196, 0.00685427
float3(-0.135001, 0.00585199, -3.01171)
264497.881324916
normal
simd_float4x4([[-0.991416, -0.128707, 0.022982, 0.0)], [0.130633, -0.982379, 0.133669, 0.0)], [0.00537288, 0.135524, 0.99076, 0.0)], [0.00176271, 0.000371874, 0.00752071, 1.0)]])
0.00176271, 0.000371874, 0.00752071
float3(-0.135942, 0.00542294, -3.01132)
264498.014643333
normal
simd_float4x4([[-0.991891, -0.125392, 0.0207113, 0.0)], [0.127053, -0.982348, 0.137293, 0.0)], [0.00313029, 0.138811, 0.990314, 0.0)], [0.00213471, -0.000467646, 0.00734569, 1.0)]])
0.00213471, -0.000467646, 0.00734569
float3(-0.13926, 0.0031609, -3.01463)
264498.147961833
normal
simd_float4x4([[-0.992208, -0.123141, 0.0189436, 0.0)], [0.124581, -0.982363, 0.139436, 0.0)], [0.00143928, 0.140709, 0.99005, 0.0)], [0.00124633, -0.000332367, 0.00656746, 1.0)]])
0.00124633, -0.000332367, 0.00656746
float3(-0.141178, 0.00145375, -3.01689)
264498.281280375
normal
simd_float4x4([[-0.992078, -0.123621, 0.0223239, 0.0)], [0.125531, -0.982295, 0.139061, 0.0)], [0.00473782, 0.140762, 0.990032, 0.0)], [-0.000266556, 0.000158794, 0.00392949, 1.0)]])
-0.000266556, 0.000158794, 0.00392949
float3(-0.141231, 0.00478549, -3.0164)
264498.414598666
normal
simd_float4x4([[-0.992144, -0.123196, 0.0217734, 0.0)], [0.125039, -0.982166, 0.14041, 0.0)], [0.00408716, 0.142029, 0.989854, 0.0)], [-0.000125367, -0.000183703, 0.00219315, 1.0)]])
-0.000125367, -0.000183703, 0.00219315
float3(-0.142511, 0.00412903, -3.01681)
264498.547917125
normal
simd_float4x4([[-0.992956, -0.117296, 0.0167304, 0.0)], [0.118482, -0.982206, 0.145716, 0.0)], [-0.000659291, 0.146672, 0.989185, 0.0)], [-0.000509493, -0.00155277, 6.12158e-05, 1.0)]])
-0.000509493, -0.00155277, 6.12158e-05
float3(-0.147203, -0.0006665, -3.02273)
264498.681235791
normal
simd_float4x4([[-0.993023, -0.116629, 0.0174104, 0.0)], [0.117918, -0.981037, 0.153824, 0.0)], [-0.000860071, 0.154803, 0.987945, 0.0)], [-0.00110068, -0.00328908, -0.0026074, 1.0)]])
-0.00110068, -0.00328908, -0.0026074
float3(-0.155428, -0.000870566, -3.02326)
264498.81455425
normal
simd_float4x4([[-0.99257, -0.119756, 0.0215458, 0.0)], [0.121644, -0.980842, 0.152158, 0.0)], [0.00291113, 0.153648, 0.988121, 0.0)], [-0.00235234, -0.00177849, -0.00734837, 1.0)]])
-0.00235234, -0.00177849, -0.00734837
float3(-0.154259, 0.00294612, -3.0201)
264498.947872708
normal
simd_float4x4([[-0.992389, -0.121275, 0.0213595, 0.0)], [0.123113, -0.980899, 0.150598, 0.0)], [0.00268765, 0.152082, 0.988364, 0.0)], [-0.000742905, -0.00161741, -0.00687493, 1.0)]])
-0.000742905, -0.00161741, -0.00687493
float3(-0.152674, 0.00271929, -3.01858)
264499.081191208
normal
simd_float4x4([[-0.992141, -0.122866, 0.023682, 0.0)], [0.125028, -0.98099, 0.148416, 0.0)], [0.00499657, 0.15021, 0.988642, 0.0)], [-0.000751808, -0.000971625, -0.00816432, 1.0)]])
-0.000751808, -0.000971625, -0.00816432
float3(-0.150781, 0.00505393, -3.01699)
264499.214509625
normal
simd_float4x4([[-0.991915, -0.12427, 0.0257223, 0.0)], [0.126689, -0.981468, 0.143774, 0.0)], [0.00737886, 0.145871, 0.989276, 0.0)], [-0.00186212, 0.000781247, -0.00730465, 1.0)]])
-0.00186212, 0.000781247, -0.00730465
float3(-0.146393, 0.00745871, -3.01565)
264499.347828166
normal
simd_float4x4([[-0.991785, -0.124612, 0.0288735, 0.0)], [0.127437, -0.982047, 0.13908, 0.0)], [0.0110242, 0.141617, 0.98986, 0.0)], [-0.00271153, 0.0020753, -0.00489701, 1.0)]])
-0.00271153, 0.0020753, -0.00489701
float3(-0.142095, 0.0111366, -3.01538)
264499.4811465
normal
simd_float4x4([[-0.991605, -0.125661, 0.0304777, 0.0)], [0.128705, -0.981872, 0.139149, 0.0)], [0.0124396, 0.141903, 0.989803, 0.0)], [-0.00272796, 0.00304734, -0.00310723, 1.0)]])
-0.00272796, 0.00304734, -0.00310723
float3(-0.142384, 0.0125671, -3.0143)
264499.614465166
normal
simd_float4x4([[-0.991489, -0.125885, 0.0332023, 0.0)], [0.129305, -0.981874, 0.138579, 0.0)], [0.0151555, 0.141692, 0.989795, 0.0)], [-0.00200264, 0.00339259, -0.00223436, 1.0)]])
-0.00200264, 0.00339259, -0.00223436
float3(-0.142171, 0.0153106, -3.01408)
264499.7477835
normal
simd_float4x4([[-0.991194, -0.127499, 0.0357544, 0.0)], [0.131254, -0.981703, 0.137954, 0.0)], [0.0175113, 0.141432, 0.989793, 0.0)], [-0.00183098, 0.00295931, -0.00234168, 1.0)]])
-0.00183098, 0.00295931, -0.00234168
float3(-0.141908, 0.01769, -3.01244)
264499.88110225
normal
simd_float4x4([[-0.991009, -0.128416, 0.0375527, 0.0)], [0.132406, -0.981625, 0.137406, 0.0)], [0.0192176, 0.141143, 0.989803, 0.0)], [-0.00109365, 0.00324505, -0.00186849, 1.0)]])
-0.00109365, 0.00324505, -0.00186849
float3(-0.141616, 0.0194131, -3.01151)
264500.014420666
normal
simd_float4x4([[-0.990825, -0.129303, 0.0393162, 0.0)], [0.133511, -0.981627, 0.136317, 0.0)], [0.0209677, 0.140315, 0.989885, 0.0)], [-0.000635483, 0.00326391, -0.00043477, 1.0)]])
-0.000635483, 0.00326391, -0.00043477
float3(-0.14078, 0.0211788, -3.01062)
264500.147739041
normal
simd_float4x4([[-0.990646, -0.129775, 0.0421757, 0.0)], [0.134376, -0.981539, 0.1361, 0.0)], [0.0237347, 0.140495, 0.989797, 0.0)], [-0.00106383, 0.00300793, -0.00104583, 1.0)]])
-0.00106383, 0.00300793, -0.00104583
float3(-0.140961, 0.0239748, -3.01014)
264500.281057458
normal
simd_float4x4([[-0.990663, -0.128786, 0.0447212, 0.0)], [0.133752, -0.981643, 0.135968, 0.0)], [0.0263895, 0.14068, 0.989703, 0.0)], [-0.000297286, 0.00332691, -0.000999109, 1.0)]])
-0.000297286, 0.00332691, -0.000999109
float3(-0.141148, 0.0266577, -3.01114)
264500.414375958
normal
simd_float4x4([[-0.990558, -0.128718, 0.047176, 0.0)], [0.134025, -0.981633, 0.135775, 0.0)], [0.0288327, 0.140816, 0.989616, 0.0)], [-1.73375e-05, 0.00355675, -0.000644366, 1.0)]])
-1.73375e-05, 0.00355675, -0.000644366
float3(-0.141286, 0.029127, -3.01121)
264500.547694583
normal
simd_float4x4([[-0.990367, -0.128824, 0.0507729, 0.0)], [0.134607, -0.981682, 0.134842, 0.0)], [0.0324719, 0.140378, 0.989565, 0.0)], [0.000745192, 0.00407169, -0.000888204, 1.0)]])
0.000745192, 0.00407169, -0.000888204
float3(-0.140843, 0.0328025, -3.01111)
264500.681013083
normal
simd_float4x4([[-0.990167, -0.129001, 0.0541093, 0.0)], [0.135306, -0.981379, 0.136332, 0.0)], [0.0355148, 0.142313, 0.989184, 0.0)], [0.00179718, 0.00365104, -0.0015439, 1.0)]])
0.00179718, 0.00365104, -0.0015439
float3(-0.142798, 0.0358877, -3.01089)
264500.8143315
normal
simd_float4x4([[-0.98896, -0.12951, 0.0720152, 0.0)], [0.138573, -0.980437, 0.13979, 0.0)], [0.0525021, 0.148227, 0.987559, 0.0)], [0.00075464, 0.00210885, -0.00358193, 1.0)]])
0.00075464, 0.00210885, -0.00358193
float3(-0.148775, 0.0531135, -3.01026)
264500.947650041
normal
simd_float4x4([[-0.985543, -0.129834, 0.108847, 0.0)], [0.144166, -0.980134, 0.136212, 0.0)], [0.0890002, 0.149935, 0.984682, 0.0)], [-0.00361232, 0.00192226, -0.00524235, 1.0)]])
-0.00361232, 0.00192226, -0.00524235
float3(-0.150502, 0.0901397, -3.00989)
264501.080968291
normal
simd_float4x4([[-0.97717, -0.12816, 0.169452, 0.0)], [0.150643, -0.980367, 0.127233, 0.0)], [0.149819, 0.149855, 0.977291, 0.0)], [-0.0122804, 0.00280904, -0.00477459, 1.0)]])
-0.0122804, 0.00280904, -0.00477459
float3(-0.150421, 0.152116, -3.0116)
264501.214286958
normal
simd_float4x4([[-0.957637, -0.12533, 0.259274, 0.0)], [0.15958, -0.980406, 0.115496, 0.0)], [0.239719, 0.151978, 0.958873, 0.0)], [-0.0264898, 0.00328798, -0.00297724, 1.0)]])
-0.0264898, 0.00328798, -0.00297724
float3(-0.15257, 0.244979, -3.01445)
264501.347605416
normal
simd_float4x4([[-0.918757, -0.120313, 0.376045, 0.0)], [0.168976, -0.980625, 0.0991006, 0.0)], [0.356837, 0.154592, 0.921286, 0.0)], [-0.0451979, 0.00376566, 0.00723897, 1.0)]])
-0.0451979, 0.00376566, 0.00723897
float3(-0.155215, 0.369532, -3.01951)
264501.480923875
normal
simd_float4x4([[-0.85563, -0.117441, 0.504088, 0.0)], [0.182984, -0.97966, 0.0823557, 0.0)], [0.484163, 0.162706, 0.859717, 0.0)], [-0.0664337, 0.00190484, 0.020531, 1.0)]])
-0.0664337, 0.00190484, 0.020531
float3(-0.163433, 0.512895, -3.02228)
264501.614242416
normal
simd_float4x4([[-0.774072, -0.104394, 0.624431, 0.0)], [0.188278, -0.979645, 0.0696173, 0.0)], [0.604453, 0.171455, 0.777971, 0.0)], [-0.085592, -0.00468052, 0.0403395, 1.0)]])
-0.085592, -0.00468052, 0.0403395
float3(-0.172307, 0.660534, -3.03543)
264501.747560833
normal
simd_float4x4([[-0.682118, -0.0957279, 0.724949, 0.0)], [0.198346, -0.978449, 0.0574251, 0.0)], [0.703828, 0.182961, 0.686405, 0.0)], [-0.113007, -0.011772, 0.0656366, 1.0)]])
-0.113007, -0.011772, 0.0656366
float3(-0.183998, 0.79793, -3.04407)
264501.880879208
normal
simd_float4x4([[-0.591785, -0.106131, 0.799078, 0.0)], [0.194593, -0.980786, 0.013847, 0.0)], [0.782256, 0.163689, 0.601067, 0.0)], [-0.146508, -0.0105903, 0.0858582, 1.0)]])
-0.146508, -0.0105903, 0.0858582
float3(-0.164429, 0.915637, -3.0338)
264502.014197666
normal
simd_float4x4([[-0.513923, -0.113544, 0.850289, 0.0)], [0.173499, -0.984475, -0.0265985, 0.0)], [0.840108, 0.133854, 0.525644, 0.0)], [-0.180596, -0.00669574, 0.108374, 1.0)]])
-0.180596, -0.00669574, 0.108374
float3(-0.134257, 1.0117, -3.02677)
264502.14751625
normal
simd_float4x4([[-0.448115, -0.123709, 0.885375, 0.0)], [0.170248, -0.984063, -0.0513311, 0.0)], [0.877615, 0.127731, 0.462035, 0.0)], [-0.220575, -0.00019186, 0.1386, 1.0)]])
-0.220575, -0.00019186, 0.1386
float3(-0.128081, 1.0862, -3.01654)
264502.280834833
normal
simd_float4x4([[-0.400754, -0.124425, 0.907698, 0.0)], [0.157555, -0.985335, -0.0655059, 0.0)], [0.902537, 0.116761, 0.41448, 0.0)], [-0.246863, 0.00847858, 0.16461, 1.0)]])
-0.246863, 0.00847858, 0.16461
float3(-0.117028, 1.14029, -3.01598)
264502.414153333
normal
simd_float4x4([[-0.337041, -0.134688, 0.931806, 0.0)], [0.159258, -0.983608, -0.0845707, 0.0)], [0.927923, 0.119894, 0.352966, 0.0)], [-0.266779, 0.011431, 0.187183, 1.0)]])
-0.266779, 0.011431, 0.187183
float3(-0.120183, 1.20731, -3.00551)
264502.547471666
normal
simd_float4x4([[-0.272332, -0.14452, 0.951288, 0.0)], [0.166849, -0.980772, -0.101235, 0.0)], [0.947627, 0.131152, 0.291208, 0.0)], [-0.293551, 0.0136275, 0.210166, 1.0)]])
-0.293551, 0.0136275, 0.210166
float3(-0.131531, 1.27265, -2.99529)
264502.680790208
normal
simd_float4x4([[-0.206107, -0.142581, 0.968086, 0.0)], [0.168799, -0.979677, -0.108351, 0.0)], [0.96386, 0.14108, 0.225986, 0.0)], [-0.305842, 0.0135475, 0.21818, 1.0)]])
-0.305842, 0.0135475, 0.21818
float3(-0.141552, 1.3405, -2.99707)
264502.814108583
normal
simd_float4x4([[-0.153013, -0.152121, 0.976446, 0.0)], [0.164141, -0.978268, -0.126684, 0.0)], [0.974497, 0.140891, 0.174657, 0.0)], [-0.314483, 0.0191868, 0.216637, 1.0)]])
-0.314483, 0.0191868, 0.216637
float3(-0.141361, 1.39345, -2.98733)
264502.947427208
normal
simd_float4x4([[-0.111835, -0.159009, 0.980923, 0.0)], [0.158332, -0.977356, -0.140379, 0.0)], [0.981032, 0.139612, 0.134479, 0.0)], [-0.329032, 0.0243005, 0.208785, 1.0)]])
-0.329032, 0.0243005, 0.208785
float3(-0.14007, 1.43457, -2.98031)
264503.0807455
normal
simd_float4x4([[-0.0938515, -0.160608, 0.982546, 0.0)], [0.151055, -0.977774, -0.1454, 0.0)], [0.98406, 0.134772, 0.116026, 0.0)], [-0.354648, 0.0111825, 0.180857, 1.0)]])
-0.354648, 0.0111825, 0.180857
float3(-0.135184, 1.45343, -2.97879)
264503.214064
normal
simd_float4x4([[-0.0829514, -0.158317, 0.983898, 0.0)], [0.146807, -0.97847, -0.145067, 0.0)], [0.985681, 0.132409, 0.104408, 0.0)], [-0.353017, 0.0136326, 0.149397, 1.0)]])
-0.353017, 0.0136326, 0.149397
float3(-0.132799, 1.46527, -2.98118)
264503.347382541
normal
simd_float4x4([[-0.0628057, -0.155194, 0.985886, 0.0)], [0.138717, -0.979605, -0.145368, 0.0)], [0.988339, 0.127629, 0.0830528, 0.0)], [-0.379706, 0.00915079, 0.100955, 1.0)]])
-0.379706, 0.00915079, 0.100955
float3(-0.127978, 1.48696, -2.98447)
264503.480701041
normal
simd_float4x4([[-0.0634618, -0.150277, 0.986605, 0.0)], [0.127697, -0.981694, -0.141315, 0.0)], [0.989781, 0.117019, 0.08149, 0.0)], [-0.369568, 0.0162157, 0.107207, 1.0)]])
-0.369568, 0.0162157, 0.107207
float3(-0.117288, 1.48865, -2.98969)
264503.6140195
normal
simd_float4x4([[-0.0643655, -0.143523, 0.987552, 0.0)], [0.120329, -0.983499, -0.135091, 0.0)], [0.990645, 0.110136, 0.0805735, 0.0)], [-0.385859, 0.0149446, 0.1089, 1.0)]])
-0.385859, 0.0149446, 0.1089
float3(-0.11036, 1.48964, -2.99668)
264503.747337958
normal
simd_float4x4([[-0.0508101, -0.142163, 0.988538, 0.0)], [0.119535, -0.983567, -0.135305, 0.0)], [0.991529, 0.11129, 0.0669686, 0.0)], [-0.375101, 0.012838, 0.0880802, 1.0)]])
-0.375101, 0.012838, 0.0880802
float3(-0.111521, 1.50336, -2.99805)
264503.880656416
normal
simd_float4x4([[-0.0629105, -0.140801, 0.988037, 0.0)], [0.121865, -0.983674, -0.13242, 0.0)], [0.990551, 0.112077, 0.0790421, 0.0)], [-0.375373, 0.0138369, 0.101965, 1.0)]])
-0.375373, 0.0138369, 0.101965
float3(-0.112313, 1.49117, -2.99942)
264504.013974875
normal
simd_float4x4([[-0.055694, -0.139943, 0.988592, 0.0)], [0.123206, -0.983525, -0.132285, 0.0)], [0.990817, 0.114433, 0.0720183, 0.0)], [-0.362923, 0.0127176, 0.0930965, 1.0)]])
-0.362923, 0.0127176, 0.0930965
float3(-0.114684, 1.49824, -3.00025)
264504.147293458
normal
simd_float4x4([[-0.059318, -0.140039, 0.988368, 0.0)], [0.128576, -0.982936, -0.131552, 0.0)], [0.989924, 0.119277, 0.0763114, 0.0)], [-0.374727, 0.013779, 0.10223, 1.0)]])
-0.374727, 0.013779, 0.10223
float3(-0.119561, 1.49386, -3.00008)
264504.280611875
normal
simd_float4x4([[-0.0659209, -0.143875, 0.987398, 0.0)], [0.127957, -0.982599, -0.134633, 0.0)], [0.989587, 0.117469, 0.0831836, 0.0)], [-0.363824, 0.0146168, 0.102648, 1.0)]])
-0.363824, 0.0146168, 0.102648
float3(-0.117741, 1.48693, -2.9962)
264504.4139305
normal
simd_float4x4([[-0.0537753, -0.143951, 0.988123, 0.0)], [0.126505, -0.982563, -0.136257, 0.0)], [0.990507, 0.117675, 0.0710482, 0.0)], [-0.382844, 0.0143524, 0.0835454, 1.0)]])
-0.382844, 0.0143524, 0.0835454
float3(-0.117948, 1.49919, -2.99612)
264504.547248708
normal
simd_float4x4([[-0.0495557, -0.137133, 0.989312, 0.0)], [0.133075, -0.982604, -0.129537, 0.0)], [0.989866, 0.125233, 0.0669426, 0.0)], [-0.370782, 0.0142746, 0.097745, 1.0)]])
-0.370782, 0.0142746, 0.097745
float3(-0.125563, 1.50327, -3.00293)
264504.68056725
normal
simd_float4x4([[-0.0244742, -0.130417, 0.991157, 0.0)], [0.133815, -0.982959, -0.126034, 0.0)], [0.990704, 0.129547, 0.041509, 0.0)], [-0.377515, 0.0114535, 0.114402, 1.0)]])
-0.377515, 0.0114535, 0.114402
float3(-0.129912, 1.52892, -3.00968)
264504.813885791
normal
simd_float4x4([[0.00565185, -0.129156, 0.991608, 0.0)], [0.132484, -0.982786, -0.128762, 0.0)], [0.991169, 0.1321, 0.0115566, 0.0)], [-0.385773, 0.0102079, 0.122951, 1.0)]])
-0.385773, 0.0102079, 0.122951
float3(-0.132487, 1.55914, -3.01092)
264504.94720425
normal
simd_float4x4([[0.0420202, -0.126262, 0.991107, 0.0)], [0.125824, -0.983416, -0.130617, 0.0)], [0.991162, 0.130194, -0.0254365, 0.0)], [-0.377532, 0.0102239, 0.110066, 1.0)]])
-0.377532, 0.0102239, 0.110066
float3(-0.130564, 1.59645, -3.0139)
264505.08052275
normal
simd_float4x4([[0.0414808, -0.127446, 0.990978, 0.0)], [0.126171, -0.983223, -0.13173, 0.0)], [0.991141, 0.130497, -0.0247049, 0.0)], [-0.364054, 0.0111575, 0.139049, 1.0)]])
-0.364054, 0.0111575, 0.139049
float3(-0.13087, 1.59572, -3.01269)
264505.213841333
normal
simd_float4x4([[0.0336112, -0.121274, 0.99205, 0.0)], [0.129271, -0.983745, -0.124639, 0.0)], [0.99104, 0.132432, -0.0173876, 0.0)], [-0.374105, 0.0102402, 0.142844, 1.0)]])
-0.374105, 0.0102402, 0.142844
float3(-0.132823, 1.58834, -3.01893)
264505.347159625
normal
simd_float4x4([[0.0460141, -0.116822, 0.992086, 0.0)], [0.122159, -0.985026, -0.121656, 0.0)], [0.991443, 0.126791, -0.0310542, 0.0)], [-0.385925, 0.0113753, 0.115127, 1.0)]])
-0.385925, 0.0113753, 0.115127
float3(-0.127133, 1.60211, -3.02355)
264505.480478125
normal
simd_float4x4([[0.0318048, -0.103702, 0.9941, 0.0)], [0.112622, -0.987897, -0.106658, 0.0)], [0.993129, 0.115349, -0.0197408, 0.0)], [-0.368544, 0.0111159, 0.132811, 1.0)]])
-0.368544, 0.0111159, 0.132811
float3(-0.115607, 1.59067, -3.037)
264505.613796583
normal
simd_float4x4([[0.0448059, -0.092622, 0.994693, 0.0)], [0.111806, -0.988972, -0.0971257, 0.0)], [0.992719, 0.115565, -0.0339561, 0.0)], [-0.363513, 0.012795, 0.116734, 1.0)]])
-0.363513, 0.012795, 0.116734
float3(-0.115823, 1.60499, -3.04821)
264505.747115166
normal
simd_float4x4([[0.0641564, -0.0829504, 0.994486, 0.0)], [0.119534, -0.988726, -0.0901813, 0.0)], [0.990755, 0.12466, -0.0535177, 0.0)], [-0.356195, 0.0111336, 0.098226, 1.0)]])
-0.356195, 0.0111336, 0.098226
float3(-0.124986, 1.62476, -3.05789)
264505.880433583
normal
simd_float4x4([[0.0594471, -0.0770562, 0.995253, 0.0)], [0.134588, -0.987294, -0.084479, 0.0)], [0.989117, 0.138971, -0.0483209, 0.0)], [-0.382094, 0.00430791, 0.104442, 1.0)]])
-0.382094, 0.00430791, 0.104442
float3(-0.139422, 1.61961, -3.0637)
264506.013752
normal
simd_float4x4([[0.0727452, -0.0762752, 0.99443, 0.0)], [0.152426, -0.984508, -0.0866646, 0.0)], [0.985634, 0.157881, -0.0599919, 0.0)], [-0.383284, 0.00784539, 0.0891126, 1.0)]])
-0.383284, 0.00784539, 0.0891126
float3(-0.158545, 1.63159, -3.06427)
264506.147070541
normal
simd_float4x4([[0.0809126, -0.0709397, 0.994194, 0.0)], [0.172066, -0.981494, -0.0840371, 0.0)], [0.981757, 0.177866, -0.067209, 0.0)], [-0.380062, 0.000353853, 0.081302, 1.0)]])
-0.380062, 0.000353853, 0.081302
float3(-0.178818, 1.63915, -3.06944)
264506.280388916
normal
simd_float4x4([[0.088767, -0.0617927, 0.994134, 0.0)], [0.187515, -0.979191, -0.0776073, 0.0)], [0.978243, 0.193304, -0.0753328, 0.0)], [-0.379175, -0.00616417, 0.0823768, 1.0)]])
-0.379175, -0.00616417, 0.0823768
float3(-0.194528, 1.64765, -3.07857)
264506.413707458
normal
simd_float4x4([[0.087272, -0.0692648, 0.993774, 0.0)], [0.186864, -0.978734, -0.0846267, 0.0)], [0.978502, 0.193086, -0.0724729, 0.0)], [-0.377014, -0.00760489, 0.0917366, 1.0)]])
-0.377014, -0.00760489, 0.0917366
float3(-0.194307, 1.64473, -3.07094)
264506.547025875
normal
simd_float4x4([[0.0745269, -0.0770799, 0.994236, 0.0)], [0.177399, -0.980081, -0.0892802, 0.0)], [0.981313, 0.18303, -0.0593685, 0.0)], [-0.368597, -0.0076776, 0.107006, 1.0)]])
-0.368597, -0.0076776, 0.107006
float3(-0.184068, 1.63122, -3.06311)
264506.680344416
normal
simd_float4x4([[0.0746421, -0.0743313, 0.994436, 0.0)], [0.178554, -0.980106, -0.0866624, 0.0)], [0.981095, 0.184029, -0.059885, 0.0)], [-0.368412, -0.0119221, 0.122535, 1.0)]])
-0.368412, -0.0119221, 0.122535
float3(-0.185084, 1.63176, -3.0659)
264506.813662958
normal
simd_float4x4([[0.0687024, -0.0742184, 0.994873, 0.0)], [0.169166, -0.981921, -0.0849342, 0.0)], [0.98319, 0.174133, -0.0549052, 0.0)], [-0.367618, -0.010663, 0.134987, 1.0)]])
-0.367618, -0.010663, 0.134987
float3(-0.175026, 1.62658, -3.06615)
264506.946981333
normal
simd_float4x4([[0.0584007, -0.0816658, 0.994947, 0.0)], [0.150018, -0.984613, -0.0896232, 0.0)], [0.986957, 0.154494, -0.0452507, 0.0)], [-0.366095, -0.00466516, 0.145074, 1.0)]])
-0.366095, -0.00466516, 0.145074
float3(-0.155116, 1.61661, -3.05884)
264507.080299875
normal
simd_float4x4([[0.046811, -0.0759615, 0.996011, 0.0)], [0.143772, -0.98621, -0.0819711, 0.0)], [0.988503, 0.147036, -0.0352443, 0.0)], [-0.363516, -0.00333825, 0.150769, 1.0)]])
-0.363516, -0.00333825, 0.150769
float3(-0.147571, 1.60644, -3.06472)
264507.213618291
normal
simd_float4x4([[0.0537055, -0.0802272, 0.995329, 0.0)], [0.143483, -0.985803, -0.0872014, 0.0)], [0.988194, 0.147496, -0.0414318, 0.0)], [-0.364733, -0.0018889, 0.156078, 1.0)]])
-0.364733, -0.0018889, 0.156078
float3(-0.148036, 1.6127, -3.06039)
264507.346936791
normal
simd_float4x4([[0.0581051, -0.0758434, 0.995425, 0.0)], [0.149261, -0.985242, -0.0837802, 0.0)], [0.987089, 0.153446, -0.0459271, 0.0)], [-0.367505, -0.0029289, 0.158831, 1.0)]])
-0.367505, -0.0029289, 0.158831
float3(-0.154055, 1.61729, -3.06476)
264507.480255291
normal
simd_float4x4([[0.0710979, -0.0778286, 0.994428, 0.0)], [0.150011, -0.984778, -0.0877986, 0.0)], [0.986125, 0.155418, -0.0583405, 0.0)], [-0.368851, -0.0023658, 0.161288, 1.0)]])
-0.368851, -0.0023658, 0.161288
float3(-0.15605, 1.62989, -3.06273)
264507.613573833
normal
simd_float4x4([[0.0848334, -0.0807165, 0.99312, 0.0)], [0.152423, -0.983931, -0.0929898, 0.0)], [0.984668, 0.159263, -0.0711671, 0.0)], [-0.368524, -0.00369511, 0.163049, 1.0)]])
-0.368524, -0.00369511, 0.163049
float3(-0.159944, 1.64295, -3.05974)
264507.74689225
normal
simd_float4x4([[0.0840952, -0.0786515, 0.993349, 0.0)], [0.154141, -0.983854, -0.0909491, 0.0)], [0.984464, 0.160764, -0.070614, 0.0)], [-0.366091, -0.0050518, 0.164533, 1.0)]])
-0.366091, -0.0050518, 0.164533
float3(-0.161465, 1.6424, -3.06182)
264507.880210791
normal
simd_float4x4([[0.089535, -0.0815373, 0.992641, 0.0)], [0.152893, -0.983705, -0.0945941, 0.0)], [0.984178, 0.160237, -0.0756096, 0.0)], [-0.365909, -0.00372589, 0.170039, 1.0)]])
-0.365909, -0.00372589, 0.170039
float3(-0.160931, 1.64747, -3.05889)
264508.013529083
normal
simd_float4x4([[0.0923615, -0.0814476, 0.992389, 0.0)], [0.155748, -0.9832, -0.0951889, 0.0)], [0.983469, 0.163355, -0.0781244, 0.0)], [-0.367418, -0.00516893, 0.17665, 1.0)]])
-0.367418, -0.00516893, 0.17665
float3(-0.16409, 1.65007, -3.05894)
264508.146847583
normal
simd_float4x4([[0.0855962, -0.0859944, 0.992612, 0.0)], [0.159334, -0.982265, -0.0988378, 0.0)], [0.983507, 0.166617, -0.0703763, 0.0)], [-0.369104, -0.0064485, 0.185035, 1.0)]])
-0.369104, -0.0064485, 0.185035
float3(-0.167397, 1.64223, -3.05427)
264508.280166083
normal
simd_float4x4([[0.0699051, -0.0908304, 0.99341, 0.0)], [0.164119, -0.981229, -0.101266, 0.0)], [0.98396, 0.170117, -0.0536859, 0.0)], [-0.374283, -0.00742173, 0.199755, 1.0)]])
-0.374283, -0.00742173, 0.199755
float3(-0.170948, 1.6253, -3.04929)
264508.413484541
normal
simd_float4x4([[0.0550697, -0.0837157, 0.994967, 0.0)], [0.166087, -0.981829, -0.0918029, 0.0)], [0.984572, 0.170306, -0.0401649, 0.0)], [-0.381114, -0.0111406, 0.219818, 1.0)]])
-0.381114, -0.0111406, 0.219818
float3(-0.171141, 1.61157, -3.05653)
264508.546803
normal
simd_float4x4([[0.0409807, -0.0646328, 0.997067, 0.0)], [0.168851, -0.983105, -0.0706678, 0.0)], [0.984789, 0.171252, -0.029375, 0.0)], [-0.390466, -0.0183988, 0.245196, 1.0)]])
-0.390466, -0.0183988, 0.245196
float3(-0.1721, 1.60062, -3.07594)
264508.680121583
normal
simd_float4x4([[0.0372489, -0.0648431, 0.9972, 0.0)], [0.182279, -0.98071, -0.0705796, 0.0)], [0.982541, 0.184397, -0.0247109, 0.0)], [-0.404849, -0.0225027, 0.263281, 1.0)]])
-0.404849, -0.0225027, 0.263281
float3(-0.185459, 1.59594, -3.07557)
264508.813440125
normal
simd_float4x4([[0.0311981, -0.0662969, 0.997312, 0.0)], [0.193057, -0.978609, -0.0710928, 0.0)], [0.980691, 0.194756, -0.0177316, 0.0)], [-0.420234, -0.0269385, 0.273533, 1.0)]])
-0.420234, -0.0269385, 0.273533
float3(-0.196008, 1.58888, -3.07395)
264508.946758333
normal
simd_float4x4([[0.0333291, -0.0731911, 0.996761, 0.0)], [0.208379, -0.974889, -0.0785527, 0.0)], [0.97748, 0.210323, -0.0172407, 0.0)], [-0.443291, -0.0330081, 0.279504, 1.0)]])
-0.443291, -0.0330081, 0.279504
float3(-0.211905, 1.58843, -3.06666)
264509.080076875
normal
simd_float4x4([[0.0663354, -0.0658734, 0.995621, 0.0)], [0.211172, -0.974289, -0.0785318, 0.0)], [0.975195, 0.215457, -0.0507192, 0.0)], [-0.47935, -0.0451855, 0.23982, 1.0)]])
-0.47935, -0.0451855, 0.23982
float3(-0.217159, 1.62276, -3.07408)
264509.213395375
normal
simd_float4x4([[0.0857441, -0.0610664, 0.994444, 0.0)], [0.206481, -0.975361, -0.077698, 0.0)], [0.974686, 0.211996, -0.0710224, 0.0)], [-0.526738, -0.0470874, 0.229258, 1.0)]])
-0.526738, -0.0470874, 0.229258
float3(-0.213617, 1.64353, -3.07907)
264509.346713791
normal
simd_float4x4([[0.100835, -0.0684061, 0.992549, 0.0)], [0.189678, -0.978013, -0.086674, 0.0)], [0.976655, 0.197004, -0.0856426, 0.0)], [-0.578162, -0.0351293, 0.214877, 1.0)]])
-0.578162, -0.0351293, 0.214877
float3(-0.198301, 1.65826, -3.07176)
264509.480032375
normal
simd_float4x4([[0.142258, -0.0712188, 0.987264, 0.0)], [0.151605, -0.984072, -0.0928337, 0.0)], [0.978151, 0.16288, -0.129195, 0.0)], [-0.632597, -0.0182636, 0.201341, 1.0)]])
-0.632597, -0.0182636, 0.201341
float3(-0.163609, 1.70212, -3.06935)
264509.613350791
normal
simd_float4x4([[0.180389, -0.0881072, 0.979641, 0.0)], [0.136238, -0.984141, -0.113599, 0.0)], [0.974114, 0.153956, -0.165525, 0.0)], [-0.672541, -0.0108867, 0.193822, 1.0)]])
-0.672541, -0.0108867, 0.193822
float3(-0.154571, 1.73911, -3.0523)
264509.746669333
normal
simd_float4x4([[0.191933, -0.0861415, 0.97762, 0.0)], [0.141586, -0.983289, -0.114438, 0.0)], [0.971141, 0.160382, -0.176529, 0.0)], [-0.701613, -0.0107603, 0.187271, 1.0)]])
-0.701613, -0.0107603, 0.187271
float3(-0.161078, 1.75061, -3.05421)
264509.87998775
normal
simd_float4x4([[0.202205, -0.0830077, 0.975819, 0.0)], [0.147345, -0.982481, -0.114107, 0.0)], [0.968196, 0.166855, -0.186431, 0.0)], [-0.724998, -0.012779, 0.185454, 1.0)]])
-0.724998, -0.012779, 0.185454
float3(-0.167639, 1.76102, -3.0573)
264510.013306125
normal
simd_float4x4([[0.214895, -0.0777526, 0.973537, 0.0)], [0.154549, -0.981558, -0.112508, 0.0)], [0.964331, 0.174636, -0.198916, 0.0)], [-0.737018, -0.0156788, 0.189522, 1.0)]])
-0.737018, -0.0156788, 0.189522
float3(-0.175536, 1.77422, -3.06254)
264510.146624541
normal
simd_float4x4([[0.260661, -0.0594818, 0.963596, 0.0)], [0.150323, -0.983426, -0.101369, 0.0)], [0.953656, 0.171273, -0.247399, 0.0)], [-0.748921, -0.0179173, 0.204821, 1.0)]])
-0.748921, -0.0179173, 0.204821
float3(-0.172122, 1.82462, -3.08118)
264510.279943208
normal
simd_float4x4([[0.336046, -0.0423923, 0.940891, 0.0)], [0.143566, -0.985007, -0.0956555, 0.0)], [0.930839, 0.167224, -0.324922, 0.0)], [-0.75351, -0.0149518, 0.242213, 1.0)]])
-0.75351, -0.0149518, 0.242213
float3(-0.168014, 1.90664, -3.09858)
264510.41326175
normal
simd_float4x4([[0.370399, -0.0211685, 0.928632, 0.0)], [0.134918, -0.987912, -0.0763338, 0.0)], [0.919022, 0.153563, -0.363066, 0.0)], [-0.760558, -0.0142326, 0.280086, 1.0)]])
-0.760558, -0.0142326, 0.280086
float3(-0.154173, 1.94703, -3.12017)
264510.546580208
normal
simd_float4x4([[0.37432, -0.0414885, 0.926371, 0.0)], [0.10938, -0.990049, -0.088538, 0.0)], [0.920826, 0.134468, -0.366058, 0.0)], [-0.770197, -0.00858178, 0.327028, 1.0)]])
-0.770197, -0.00858178, 0.327028
float3(-0.134877, 1.94917, -3.09971)
264510.679898541
normal
simd_float4x4([[0.387002, -0.0438551, 0.921035, 0.0)], [0.10681, -0.990012, -0.0920192, 0.0)], [0.915872, 0.133988, -0.378453, 0.0)], [-0.781634, -0.0176637, 0.386748, 1.0)]])
-0.781634, -0.0176637, 0.386748
float3(-0.134392, 1.96264, -3.09732)
264510.813217041
normal
simd_float4x4([[0.398991, -0.0392987, 0.916113, 0.0)], [0.107454, -0.990194, -0.0892756, 0.0)], [0.910637, 0.13406, -0.390855, 0.0)], [-0.784631, -0.0191093, 0.459795, 1.0)]])
-0.784631, -0.0191093, 0.459795
float3(-0.134465, 1.97623, -3.10193)
264510.946535541
normal
simd_float4x4([[0.419765, -0.0283736, 0.907189, 0.0)], [0.108711, -0.990744, -0.0812884, 0.0)], [0.901099, 0.132743, -0.412795, 0.0)], [-0.789203, -0.015052, 0.53499, 1.0)]])
-0.789203, -0.015052, 0.53499
float3(-0.133136, 2.00037, -3.11296)
264511.079853958
normal
simd_float4x4([[0.435173, -0.0143291, 0.900233, 0.0)], [0.11804, -0.990335, -0.0728241, 0.0)], [0.892575, 0.137955, -0.429276, 0.0)], [-0.794822, -0.0157307, 0.599603, 1.0)]])
-0.794822, -0.0157307, 0.599603
float3(-0.138396, 2.01908, -3.12712)
264511.213172458
normal
simd_float4x4([[0.461191, -0.0345983, 0.886626, 0.0)], [0.126059, -0.986549, -0.104069, 0.0)], [0.878301, 0.159763, -0.450626, 0.0)], [-0.808116, -0.0167718, 0.651205, 1.0)]])
-0.808116, -0.0167718, 0.651205
float3(-0.16045, 2.04484, -3.10654)
264511.346490958
normal
simd_float4x4([[0.491952, -0.047801, 0.869309, 0.0)], [0.135186, -0.982187, -0.130511, 0.0)], [0.860063, 0.181724, -0.476727, 0.0)], [-0.832824, -0.0261133, 0.707428, 1.0)]])
-0.832824, -0.0261133, 0.707428
float3(-0.182739, 2.07693, -3.09296)
264511.4798095
normal
simd_float4x4([[0.524697, -0.0391937, 0.850386, 0.0)], [0.139629, -0.981449, -0.131387, 0.0)], [0.83976, 0.187676, -0.509491, 0.0)], [-0.863053, -0.0358368, 0.755018, 1.0)]])
-0.863053, -0.0358368, 0.755018
float3(-0.188796, 2.11614, -3.10168)
264511.613127833
normal
simd_float4x4([[0.548622, -0.0078828, 0.836033, 0.0)], [0.134251, -0.986149, -0.0973963, 0.0)], [0.825221, 0.165672, -0.539965, 0.0)], [-0.902237, -0.0399537, 0.800897, 1.0)]])
-0.902237, -0.0399537, 0.800897
float3(-0.166439, 2.15021, -3.1336)
264511.746446291
normal
simd_float4x4([[0.566888, 0.00839724, 0.823752, 0.0)], [0.127776, -0.988743, -0.0778536, 0.0)], [0.813825, 0.14939, -0.561579, 0.0)], [-0.954485, -0.02697, 0.848005, 1.0)]])
-0.954485, -0.02697, 0.848005
float3(-0.149952, 2.17481, 3.1331)
264511.87976475
normal
simd_float4x4([[0.544864, 0.00719817, 0.838494, 0.0)], [0.0982046, -0.993629, -0.0552847, 0.0)], [0.832754, 0.112467, -0.5421, 0.0)], [-1.00328, -0.00563121, 0.878877, 1.0)]])
-1.00328, -0.00563121, 0.878877
float3(-0.112705, 2.14785, 3.13435)
264512.01308325
normal
simd_float4x4([[0.520193, -0.0149543, 0.853918, 0.0)], [0.084219, -0.994075, -0.0687136, 0.0)], [0.849886, 0.10766, -0.515851, 0.0)], [-1.05066, -0.00101831, 0.908775, 1.0)]])
-1.05066, -0.00101831, 0.908775
float3(-0.10787, 2.11632, -3.12655)
264512.146401791
normal
simd_float4x4([[0.471225, -0.0328388, 0.881401, 0.0)], [0.0879776, -0.992573, -0.0840164, 0.0)], [0.877614, 0.117134, -0.464836, 0.0)], [-1.09832, -0.000871186, 0.936329, 1.0)]])
-1.09832, -0.000871186, 0.936329
float3(-0.117404, 2.05789, -3.10852)
264512.279720208
normal
simd_float4x4([[0.422876, -0.0564305, 0.904429, 0.0)], [0.0968051, -0.989535, -0.107003, 0.0)], [0.901002, 0.132802, -0.412988, 0.0)], [-1.14755, -0.00663269, 0.966964, 1.0)]])
-1.14755, -0.00663269, 0.966964
