ARKit Data
548094.128519083
normal
simd_float4x4([[-0.0268779, -0.999602, -0.00860264, 0.0)], [0.397458, -0.00279002, -0.917616, 0.0)], [0.917227, -0.0280828, 0.397375, 0.0)], [-13.901, 0.729718, -4.1663, 1.0)]])
-13.901, 0.729718, -4.1663
float3(0.0280865, 1.16197, -1.57359)
548094.328632416
normal
simd_float4x4([[-0.031294, -0.999439, -0.0119492, 0.0)], [0.395296, -0.00139519, -0.918553, 0.0)], [0.918021, -0.0334687, 0.395118, 0.0)], [-13.8991, 0.729952, -4.1651, 1.0)]])
-13.8991, 0.729952, -4.1651
float3(0.0334749, 1.16436, -1.57219)
548094.54542175
normal
simd_float4x4([[-0.0310063, -0.999413, -0.0145328, 0.0)], [0.394365, 0.0011278, -0.918953, 0.0)], [0.918431, -0.0342246, 0.394099, 0.0)], [-13.8983, 0.730242, -4.16427, 1.0)]])
-13.8983, 0.730242, -4.16427
float3(0.0342313, 1.16546, -1.56967)
548095.25674275
notAvailable
simd_float4x4([[0.0856989, 0.0, 0.996321, 0.0)], [0.0, 1.0, 0.0, 0.0)], [-0.996321, 0.0, 0.0856989, 0.0)], [0.158535, -0.0645025, 0.266191, 1.0)]])
0.158535, -0.0645025, 0.266191
float3(-0.0, -1.48499, 0.0)
548095.45682225
limited(__ObjC.ARCamera.TrackingState.Reason.initializing)
simd_float4x4([[0.0116652, -0.999894, 0.00864658, 0.0)], [0.999812, 0.0117972, 0.0153744, 0.0)], [-0.0154748, 0.00846561, 0.999844, 0.0)], [0.0, 0.0, 0.0, 1.0)]])
0.0, 0.0, 0.0
float3(-0.00846571, -0.015476, -1.559)
548095.656935666
limited(__ObjC.ARCamera.TrackingState.Reason.initializing)
simd_float4x4([[0.0158971, -0.999847, 0.00719548, 0.0)], [0.994611, 0.0165503, 0.102349, 0.0)], [-0.102452, 0.00552965, 0.994721, 0.0)], [0.0, 0.0, 0.0, 1.0)]])
0.0, 0.0, 0.0
float3(-0.00552968, -0.102634, -1.55424)
548095.857048958
limited(__ObjC.ARCamera.TrackingState.Reason.initializing)
simd_float4x4([[-0.0185133, -0.999805, -0.0067075, 0.0)], [0.986723, -0.0193531, 0.161256, 0.0)], [-0.161355, -0.00363304, 0.986889, 0.0)], [0.0, 0.0, 0.0, 1.0)]])
0.0, 0.0, 0.0
float3(0.00363304, -0.162065, -1.59015)
548096.057162125
limited(__ObjC.ARCamera.TrackingState.Reason.initializing)
simd_float4x4([[-0.0492157, -0.99809, 0.0373101, 0.0)], [0.981519, -0.0414147, 0.186829, 0.0)], [-0.184927, 0.0458156, 0.981683, 0.0)], [0.0, 0.0, 0.0, 1.0)]])
0.0, 0.0, 0.0
float3(-0.0458316, -0.186196, -1.61227)
548096.257275458
normal
simd_float4x4([[-0.102765, -0.991856, 0.0752465, 0.0)], [0.91775, -0.0653679, 0.391742, 0.0)], [-0.383633, 0.109315, 0.916993, 0.0)], [0.00401014, 0.00075883, -0.00157436, 1.0)]])
0.00401014, 0.00075883, -0.00157436
float3(-0.109534, -0.396232, -1.63661)
548096.474064833
normal
simd_float4x4([[-0.146908, -0.987527, 0.056637, 0.0)], [0.746582, -0.0731393, 0.661261, 0.0)], [-0.648871, 0.139429, 0.748015, 0.0)], [0.0299197, -0.006013, 0.0134661, 1.0)]])
0.0299197, -0.006013, 0.0134661
float3(-0.139885, -0.714542, -1.64472)
548096.674178041
normal
simd_float4x4([[-0.174969, -0.983471, 0.0465843, 0.0)], [0.568637, -0.0623143, 0.820225, 0.0)], [-0.803764, 0.170003, 0.570142, 0.0)], [0.0567219, -0.0191572, 0.0267237, 1.0)]])
0.0567219, -0.0191572, 0.0267237
float3(-0.170833, -0.95383, -1.63407)
548096.874291291
normal
simd_float4x4([[-0.20303, -0.978397, 0.0389749, 0.0)], [0.398499, -0.0462043, 0.916004, 0.0)], [-0.894415, 0.201508, 0.399271, 0.0)], [0.0697888, -0.0205477, 0.0341049, 1.0)]])
0.0697888, -0.0205477, 0.0341049
float3(-0.202897, -1.15094, -1.61799)
548097.0744045
normal
simd_float4x4([[-0.191946, -0.980608, 0.0395635, 0.0)], [0.264732, -0.0129161, 0.964236, 0.0)], [-0.945026, 0.195555, 0.262077, 0.0)], [0.0845038, -0.0192842, 0.02855, 1.0)]])
0.0845038, -0.0192842, 0.02855
float3(-0.196823, -1.30027, -1.58397)
548097.274517833
normal
simd_float4x4([[-0.18406, -0.982152, 0.0387157, 0.0)], [0.241922, -0.00709009, 0.97027, 0.0)], [-0.952678, 0.187954, 0.238909, 0.0)], [0.164082, -0.0303186, 0.0247418, 1.0)]])
0.164082, -0.0303186, 0.0247418
float3(-0.189079, -1.32509, -1.57802)
548097.491307166
normal
simd_float4x4([[-0.191859, -0.98081, 0.0346747, 0.0)], [0.139658, 0.00768672, 0.99017, 0.0)], [-0.971435, 0.194816, 0.135503, 0.0)], [0.260065, -0.0331249, 0.0263687, 1.0)]])
0.260065, -0.0331249, 0.0263687
float3(-0.19607, -1.4322, -1.56296)
548097.708096666
normal
simd_float4x4([[-0.188434, -0.981696, 0.0276535, 0.0)], [0.0397403, 0.0205129, 0.998999, 0.0)], [-0.981281, 0.189345, 0.0351476, 0.0)], [0.345996, -0.0249034, 0.00709666, 1.0)]])
0.345996, -0.0249034, 0.00709666
float3(-0.190495, -1.53499, -1.5499)
548097.908209875
normal
simd_float4x4([[-0.186837, -0.98239, -0.001257, 0.0)], [-0.0140963, 0.00140151, 0.9999, 0.0)], [-0.98229, 0.186836, -0.0141099, 0.0)], [0.444006, -0.0108949, -0.0292779, 1.0)]])
0.444006, -0.0108949, -0.0292779
float3(-0.18794, -1.58516, -1.56937)
548098.108323083
normal
simd_float4x4([[-0.189432, -0.981754, -0.0165861, 0.0)], [-0.0812757, -0.00115604, 0.996691, 0.0)], [-0.978524, 0.190153, -0.0795737, 0.0)], [0.489341, -0.00120122, -0.0883752, 1.0)]])
0.489341, -0.00120122, -0.0883752
float3(-0.191318, -1.65194, -1.57197)
548098.30843625
normal
simd_float4x4([[-0.181274, -0.982928, -0.0314955, 0.0)], [-0.167142, -0.000767016, 0.985932, 0.0)], [-0.969125, 0.183988, -0.16415, 0.0)], [0.53282, -7.53365e-05, -0.14565, 1.0)]])
0.53282, -7.53365e-05, -0.14565
float3(-0.185042, -1.73858, -1.57158)
548098.508549458
normal
simd_float4x4([[-0.167359, -0.985115, -0.0392256, 0.0)], [-0.258394, 0.0054325, 0.966024, 0.0)], [-0.951432, 0.171808, -0.255457, 0.0)], [0.550848, -0.00255039, -0.178869, 1.0)]])
0.550848, -0.00255039, -0.178869
float3(-0.172665, -1.83311, -1.56528)
548098.708662791
normal
simd_float4x4([[-0.158172, -0.986533, -0.0416409, 0.0)], [-0.345594, 0.0158064, 0.938251, 0.0)], [-0.924958, 0.162796, -0.34344, 0.0)], [0.546642, -0.00912895, -0.193767, 1.0)]])
0.546642, -0.00912895, -0.193767
float3(-0.163523, -1.92632, -1.55478)
548098.925452208
normal
simd_float4x4([[-0.139556, -0.989253, -0.043626, 0.0)], [-0.3955, 0.0152952, 0.918339, 0.0)], [-0.907802, 0.145414, -0.393384, 0.0)], [0.546383, -0.00154071, -0.232454, 1.0)]])
0.546383, -0.00154071, -0.232454
float3(-0.145931, -1.97971, -1.55534)
548099.125565333
normal
simd_float4x4([[-0.127438, -0.990926, -0.0427317, 0.0)], [-0.394572, 0.0111225, 0.918798, 0.0)], [-0.909985, 0.13395, -0.392409, 0.0)], [0.556892, 0.00309949, -0.276802, 1.0)]])
0.556892, 0.00309949, -0.276802
float3(-0.134354, -1.97793, -1.55957)
548099.342354833
normal
simd_float4x4([[-0.146893, -0.986764, -0.0686975, 0.0)], [-0.412806, -0.00195832, 0.910817, 0.0)], [-0.898896, 0.162151, -0.407055, 0.0)], [0.540983, -0.00706546, -0.253749, 1.0)]])
0.540983, -0.00706546, -0.253749
float3(-0.16287, -1.99601, -1.57278)
548099.559144166
normal
simd_float4x4([[-0.147011, -0.987373, -0.059019, 0.0)], [-0.399572, 0.00469866, 0.91669, 0.0)], [-0.904837, 0.158346, -0.395218, 0.0)], [0.557856, -0.00489488, -0.285786, 1.0)]])
0.557856, -0.00489488, -0.285786
float3(-0.159015, -1.9826, -1.56604)
548099.775933541
normal
simd_float4x4([[-0.143167, -0.988657, -0.0453864, 0.0)], [-0.359733, 0.00926112, 0.933009, 0.0)], [-0.922006, 0.149903, -0.356979, 0.0)], [0.564709, -0.00943615, -0.288216, 1.0)]])
0.564709, -0.00943615, -0.288216
float3(-0.150471, -1.9402, -1.56143)
548099.992722666
normal
simd_float4x4([[-0.143688, -0.989034, -0.0341437, 0.0)], [-0.339904, 0.01692, 0.940308, 0.0)], [-0.929419, 0.146717, -0.338607, 0.0)], [0.591819, -0.0131343, -0.301148, 1.0)]])
0.591819, -0.0131343, -0.301148
float3(-0.147248, -1.92017, -1.55369)
548100.209512166
normal
simd_float4x4([[-0.1097, -0.993843, -0.0155797, 0.0)], [-0.33728, 0.0224756, 0.941136, 0.0)], [-0.934991, 0.108498, -0.337669, 0.0)], [0.631258, -0.0190641, -0.304889, 1.0)]])
0.631258, -0.0190641, -0.304889
float3(-0.108712, -1.91737, -1.54819)
548100.409625416
normal
simd_float4x4([[-0.164838, -0.986248, -0.011937, 0.0)], [-0.35532, 0.0480883, 0.933507, 0.0)], [-0.920096, 0.158119, -0.358361, 0.0)], [0.696863, -0.0279533, -0.316504, 1.0)]])
0.696863, -0.0279533, -0.316504
float3(-0.158785, -1.9422, -1.52208)
548100.626414625
normal
simd_float4x4([[-0.161894, -0.986806, -0.00205334, 0.0)], [-0.361636, 0.0573931, 0.930551, 0.0)], [-0.918156, 0.151393, -0.366156, 0.0)], [0.777123, -0.0262262, -0.35112, 1.0)]])
0.777123, -0.0262262, -0.35112
float3(-0.151977, -1.95026, -1.5127)
548100.843204083
normal
simd_float4x4([[-0.144162, -0.989054, -0.0314504, 0.0)], [-0.582765, 0.0591703, 0.810484, 0.0)], [-0.799751, 0.135169, -0.584917, 0.0)], [0.69212, 0.0105481, -0.436897, 1.0)]])
0.69212, 0.0105481, -0.436897
float3(-0.135584, -2.20227, -1.51104)
548101.059993375
normal
simd_float4x4([[-0.131101, -0.988874, -0.0702856, 0.0)], [-0.612251, 0.0250007, 0.790268, 0.0)], [-0.779718, 0.146638, -0.608717, 0.0)], [0.795921, 0.0063098, -0.432077, 1.0)]])
0.795921, 0.0063098, -0.432077
float3(-0.147168, -2.23365, -1.54552)
548101.260106708
normal
simd_float4x4([[-0.124011, -0.987253, -0.0997635, 0.0)], [-0.623982, -0.000585967, 0.781438, 0.0)], [-0.771536, 0.159157, -0.615956, 0.0)], [0.89389, -0.00380164, -0.431272, 1.0)]])
0.89389, -0.00380164, -0.431272
float3(-0.159837, -2.24453, -1.57139)
548101.460219833
normal
simd_float4x4([[-0.125657, -0.985613, -0.113042, 0.0)], [-0.64468, -0.0054832, 0.764433, 0.0)], [-0.754054, 0.168932, -0.634716, 0.0)], [0.972359, -0.0190783, -0.392847, 1.0)]])
0.972359, -0.0190783, -0.392847
float3(-0.169746, -2.27047, -1.57636)
548101.677009166
normal
simd_float4x4([[-0.135011, -0.986876, -0.0885841, 0.0)], [-0.639212, 0.0184382, 0.768809, 0.0)], [-0.757087, 0.160422, -0.633313, 0.0)], [1.07331, -0.0301567, -0.327825, 1.0)]])
1.07331, -0.0301567, -0.327825
float3(-0.161118, -2.26741, -1.55212)
548101.877122541
normal
simd_float4x4([[-0.1078, -0.993577, -0.0344063, 0.0)], [-0.659279, 0.0455405, 0.750518, 0.0)], [-0.744131, 0.103589, -0.659953, 0.0)], [1.17492, -0.00379545, -0.256169, 1.0)]])
1.17492, -0.00379545, -0.256169
float3(-0.103776, -2.29631, -1.52499)
548102.093911708
normal
simd_float4x4([[-0.159217, -0.983937, -0.0807334, 0.0)], [-0.599906, 0.0314788, 0.799451, 0.0)], [-0.784068, 0.175719, -0.595282, 0.0)], [1.31772, -0.0323609, -0.200753, 1.0)]])
1.31772, -0.0323609, -0.200753
float3(-0.176636, -2.22017, -1.53881)
548102.310701166
normal
simd_float4x4([[-0.198286, -0.97525, -0.0978289, 0.0)], [-0.588047, 0.0385179, 0.807909, 0.0)], [-0.784145, 0.217725, -0.58113, 0.0)], [1.46538, -0.0572632, -0.164212, 1.0)]])
1.46538, -0.0572632, -0.164212
float3(-0.219483, -2.20858, -1.53132)
548102.51081425
normal
simd_float4x4([[-0.147119, -0.98248, -0.114409, 0.0)], [-0.636751, 0.00556088, 0.771049, 0.0)], [-0.756904, 0.186286, -0.626414, 0.0)], [1.60214, -0.0659258, -0.132274, 1.0)]])
1.60214, -0.0659258, -0.132274
float3(-0.18738, -2.26214, -1.56514)
548102.710927583
normal
simd_float4x4([[-0.120535, -0.986947, -0.106803, 0.0)], [-0.669712, 0.0014281, 0.742619, 0.0)], [-0.732773, 0.161039, -0.661143, 0.0)], [1.74028, -0.0314965, -0.11741, 1.0)]])
1.74028, -0.0314965, -0.11741
float3(-0.161744, -2.30485, -1.56935)
548102.911040708
normal
simd_float4x4([[-0.113011, -0.989426, -0.0909151, 0.0)], [-0.682963, 0.0108961, 0.730371, 0.0)], [-0.721658, 0.144632, -0.676973, 0.0)], [1.84695, -0.0372689, -0.107829, 1.0)]])
1.84695, -0.0372689, -0.107829
float3(-0.145141, -2.32426, -1.55978)
548103.111153958
normal
simd_float4x4([[-0.119026, -0.988224, -0.096155, 0.0)], [-0.705653, 0.0160665, 0.708375, 0.0)], [-0.698489, 0.152167, -0.699256, 0.0)], [1.95186, -0.054126, -0.0771717, 1.0)]])
1.95186, -0.054126, -0.0771717
float3(-0.152761, -2.35674, -1.55454)
548103.327943291
normal
simd_float4x4([[-0.0830397, -0.992188, -0.093099, 0.0)], [-0.702399, -0.00799751, 0.711738, 0.0)], [-0.706922, 0.124495, -0.696248, 0.0)], [2.04584, -0.0672524, 0.0122737, 1.0)]])
2.04584, -0.0672524, 0.0122737
float3(-0.124819, -2.34859, -1.57886)
548103.528056541
normal
simd_float4x4([[-0.0515433, -0.997958, -0.0377282, 0.0)], [-0.656334, 0.00537652, 0.754451, 0.0)], [-0.752708, 0.0636492, -0.655271, 0.0)], [2.14887, -0.0366602, 0.0870104, 1.0)]])
2.14887, -0.0366602, 0.0870104
float3(-0.0636923, -2.2871, -1.56541)
548103.72816975
normal
simd_float4x4([[-0.0616347, -0.995558, -0.0711685, 0.0)], [-0.600375, -0.0199818, 0.799469, 0.0)], [-0.79734, 0.0920029, -0.596477, 0.0)], [2.26547, -0.0458378, 0.147743, 1.0)]])
2.26547, -0.0458378, 0.147743
float3(-0.0921331, -2.21307, -1.59086)
548103.944959125
normal
simd_float4x4([[-0.0904192, -0.992168, -0.0861745, 0.0)], [-0.606234, -0.0138162, 0.795167, 0.0)], [-0.79013, 0.12414, -0.600237, 0.0)], [2.4016, -0.0794065, 0.210299, 1.0)]])
2.4016, -0.0794065, 0.210299
float3(-0.124461, -2.22046, -1.58472)
548104.145072291
normal
simd_float4x4([[-0.0691695, -0.996247, -0.0520261, 0.0)], [-0.654657, 0.00597801, 0.755903, 0.0)], [-0.752755, 0.0863446, -0.652614, 0.0)], [2.53505, -0.0778311, 0.262387, 1.0)]])
2.53505, -0.0778311, 0.262387
float3(-0.0864523, -2.28506, -1.5648)
548104.3451855
normal
simd_float4x4([[-0.064919, -0.995825, -0.0641726, 0.0)], [-0.71305, 0.0013038, 0.701112, 0.0)], [-0.698101, 0.0912737, -0.710158, 0.0)], [2.65847, -0.0610784, 0.322414, 1.0)]])
2.65847, -0.0610784, 0.322414
float3(-0.0914009, -2.36476, -1.56949)
548104.561974791
normal
simd_float4x4([[-0.0953921, -0.989973, -0.104183, 0.0)], [-0.735831, -0.000359843, 0.677165, 0.0)], [-0.670412, 0.141257, -0.728419, 0.0)], [2.79282, -0.0789357, 0.391349, 1.0)]])
2.79282, -0.0789357, 0.391349
float3(-0.141731, -2.39764, -1.57116)
548104.778764041
normal
simd_float4x4([[-0.0537579, -0.994565, -0.0891672, 0.0)], [-0.741743, -0.0200106, 0.670385, 0.0)], [-0.668526, 0.102178, -0.736636, 0.0)], [2.91428, -0.0957321, 0.487086, 1.0)]])
2.91428, -0.0957321, 0.487086
float3(-0.102356, -2.40463, -1.59091)
548104.995553416
normal
simd_float4x4([[-0.0625055, -0.997045, -0.0446662, 0.0)], [-0.688173, 0.0106421, 0.725469, 0.0)], [-0.722849, 0.0760838, -0.686804, 0.0)], [3.06417, -0.0766872, 0.583194, 1.0)]])
3.06417, -0.0766872, 0.583194
float3(-0.0761574, -2.33063, -1.56012)
548105.212342875
normal
simd_float4x4([[-0.112883, -0.990665, -0.0764201, 0.0)], [-0.590693, 0.00506438, 0.806881, 0.0)], [-0.798962, 0.136224, -0.58575, 0.0)], [3.22594, -0.0950525, 0.653858, 1.0)]])
3.22594, -0.0950525, 0.653858
float3(-0.136649, -2.20342, -1.56568)
548105.429132
normal
simd_float4x4([[-0.100076, -0.992779, -0.066136, 0.0)], [-0.564211, 0.00187355, 0.825629, 0.0)], [-0.819543, 0.11994, -0.560325, 0.0)], [3.35638, -0.112953, 0.687643, 1.0)]])
3.35638, -0.112953, 0.687643
float3(-0.120229, -2.1705, -1.56891)
548105.645921166
normal
simd_float4x4([[-0.0620853, -0.997809, -0.022841, 0.0)], [-0.535575, 0.0139957, 0.844371, 0.0)], [-0.842202, 0.0646562, -0.535271, 0.0)], [3.46812, -0.093388, 0.691512, 1.0)]])
3.46812, -0.093388, 0.691512
float3(-0.0647013, -2.13695, -1.55677)
548105.862710625
normal
simd_float4x4([[-0.0839638, -0.996356, -0.0150168, 0.0)], [-0.449724, 0.0244421, 0.892833, 0.0)], [-0.889212, 0.0817191, -0.450137, 0.0)], [3.56641, -0.0967829, 0.682886, 1.0)]])
3.56641, -0.0967829, 0.682886
float3(-0.0818103, -2.03941, -1.54627)
548106.079499916
normal
simd_float4x4([[-0.07664, -0.997056, -0.00229367, 0.0)], [-0.290246, 0.0201092, 0.956741, 0.0)], [-0.953878, 0.0739903, -0.290933, 0.0)], [3.62768, -0.0964581, 0.666161, 1.0)]])
3.62768, -0.0964581, 0.666161
float3(-0.074058, -1.86683, -1.55063)
548106.296289125
normal
simd_float4x4([[-0.0594161, -0.998223, -0.00451825, 0.0)], [-0.0982948, 0.00134632, 0.995156, 0.0)], [-0.993382, 0.0595724, -0.0982002, 0.0)], [3.65323, -0.103707, 0.643197, 1.0)]])
3.65323, -0.103707, 0.643197
float3(-0.0596077, -1.66933, -1.56945)
548106.513078458
normal
simd_float4x4([[-0.0582935, -0.998252, -0.00976779, 0.0)], [0.0366222, -0.0119162, 0.999258, 0.0)], [-0.997627, 0.0578925, 0.0372528, 0.0)], [3.65781, -0.115324, 0.635938, 1.0)]])
3.65781, -0.115324, 0.635938
float3(-0.0579249, -1.53347, -1.58273)
548106.713191708
normal
simd_float4x4([[-0.0643998, -0.997876, -0.00983264, 0.0)], [0.0477433, -0.0129227, 0.998776, 0.0)], [-0.996781, 0.0638516, 0.0484741, 0.0)], [3.6546, -0.126288, 0.653239, 1.0)]])
3.6546, -0.126288, 0.653239
float3(-0.063895, -1.5222, -1.58375)
548106.913304875
normal
simd_float4x4([[-0.0656839, -0.997796, -0.00939614, 0.0)], [0.0360418, -0.0117827, 0.999281, 0.0)], [-0.997189, 0.0652981, 0.0367363, 0.0)], [3.64923, -0.13545, 0.686327, 1.0)]])
3.64923, -0.13545, 0.686327
float3(-0.0653445, -1.53397, -1.5826)
548107.130094166
normal
simd_float4x4([[-0.0754064, -0.997083, -0.011774, 0.0)], [0.0297965, -0.0140554, 0.999457, 0.0)], [-0.996708, 0.0750146, 0.0307695, 0.0)], [3.65657, -0.137471, 0.669391, 1.0)]])
3.65657, -0.137471, 0.669391
float3(-0.0750851, -1.53993, -1.58489)
548107.330207375
normal
simd_float4x4([[-0.0724727, -0.997355, -0.00553408, 0.0)], [0.0307766, -0.00778233, 0.999496, 0.0)], [-0.996895, 0.0722658, 0.0312592, 0.0)], [3.64961, -0.133607, 0.685709, 1.0)]])
3.64961, -0.133607, 0.685709
float3(-0.0723289, -1.53945, -1.5786)
548107.54699675
normal
simd_float4x4([[-0.0747138, -0.997193, -0.00497454, 0.0)], [0.0275762, -0.00705264, 0.999595, 0.0)], [-0.996824, 0.0745463, 0.0280257, 0.0)], [3.64382, -0.130361, 0.710956, 1.0)]])
3.64382, -0.130361, 0.710956
float3(-0.0746155, -1.54269, -1.57787)
548107.747109875
normal
simd_float4x4([[-0.0864331, -0.996112, 0.0170255, 0.0)], [0.0177963, 0.015543, 0.999721, 0.0)], [-0.996099, 0.086712, 0.0163837, 0.0)], [3.63347, -0.134014, 0.741558, 1.0)]])
3.63347, -0.134014, 0.741558
float3(-0.086821, -1.55435, -1.55519)
548107.947223
normal
simd_float4x4([[-0.0776279, -0.996868, 0.0151148, 0.0)], [-0.0555568, 0.0194624, 0.998266, 0.0)], [-0.995433, 0.0766536, -0.0568936, 0.0)], [3.61356, -0.132701, 0.80439, 1.0)]])
3.61356, -0.132701, 0.80439
float3(-0.0767288, -1.62789, -1.55128)
548108.147336208
normal
simd_float4x4([[-0.0851884, -0.996345, 0.00622385, 0.0)], [-0.120839, 0.0165318, 0.992535, 0.0)], [-0.98901, 0.0838003, -0.121805, 0.0)], [3.59973, -0.136878, 0.861539, 1.0)]])
3.59973, -0.136878, 0.861539
float3(-0.0838987, -1.69334, -1.55421)
548108.364125416
normal
simd_float4x4([[-0.0970096, -0.995214, -0.0117559, 0.0)], [-0.136103, 0.00156429, 0.990693, 0.0)], [-0.985934, 0.0977068, -0.135604, 0.0)], [3.58761, -0.139706, 0.925817, 1.0)]])
3.58761, -0.139706, 0.925817
float3(-0.0978629, -1.70748, -1.56922)
548108.564238541
normal
simd_float4x4([[-0.106071, -0.993456, -0.0423663, 0.0)], [-0.0975992, -0.0319993, 0.994711, 0.0)], [-0.989557, 0.109645, -0.0935663, 0.0)], [3.57347, -0.147592, 1.00282, 1.0)]])
3.57347, -0.147592, 1.00282
float3(-0.109865, -1.66507, -1.603)
548108.76435175
normal
simd_float4x4([[-0.0868389, -0.995369, -0.0412323, 0.0)], [-0.0332008, -0.0384741, 0.998708, 0.0)], [-0.995669, 0.0880956, -0.029706, 0.0)], [3.54864, -0.144964, 1.11496, 1.0)]])
3.54864, -0.144964, 1.11496
float3(-0.08821, -1.60062, -1.60943)
548108.964464958
normal
simd_float4x4([[-0.110749, -0.993753, -0.0137732, 0.0)], [0.0212154, -0.0162192, 0.999643, 0.0)], [-0.993622, 0.110418, 0.0228791, 0.0)], [3.5611, -0.118681, 1.22094, 1.0)]])
3.5611, -0.118681, 1.22094
float3(-0.110643, -1.54777, -1.58712)
548109.181254291
normal
simd_float4x4([[-0.111262, -0.99331, 0.0309324, 0.0)], [0.126394, 0.016729, 0.991839, 0.0)], [-0.985721, 0.114264, 0.123687, 0.0)], [3.58797, -0.0922208, 1.31976, 1.0)]])
3.58797, -0.0922208, 1.31976
float3(-0.114514, -1.44597, -1.55396)
548109.398043666
normal
simd_float4x4([[-0.0872773, -0.995594, 0.0342776, 0.0)], [0.196388, 0.0165379, 0.980387, 0.0)], [-0.976634, 0.0922972, 0.194079, 0.0)], [3.56722, -0.0800635, 1.47119, 1.0)]])
3.56722, -0.0800635, 1.47119
float3(-0.0924288, -1.37463, -1.55419)
548109.598156666
normal
simd_float4x4([[-0.0731447, -0.997009, 0.0249497, 0.0)], [0.238778, 0.00678235, 0.971051, 0.0)], [-0.968315, 0.0769847, 0.237568, 0.0)], [3.5411, -0.0839758, 1.67443, 1.0)]])
3.5411, -0.0839758, 1.67443
float3(-0.0770609, -1.33021, -1.56399)
548109.798269916
normal
simd_float4x4([[-0.0762998, -0.996967, 0.0153537, 0.0)], [0.280525, -0.00668742, 0.959824, 0.0)], [-0.956809, 0.0775415, 0.280184, 0.0)], [3.539, -0.0886087, 1.8869, 1.0)]])
3.539, -0.0886087, 1.8869
float3(-0.0776194, -1.28593, -1.5775)
548109.998383041
normal
simd_float4x4([[-0.106601, -0.992944, 0.05195, 0.0)], [0.353003, 0.0110499, 0.935557, 0.0)], [-0.92953, 0.118069, 0.349334, 0.0)], [3.51601, -0.137952, 2.17354, 1.0)]])
3.51601, -0.137952, 2.17354
float3(-0.118345, -1.21131, -1.55967)
548110.198496166
normal
simd_float4x4([[-0.141934, -0.988301, 0.0558273, 0.0)], [0.41399, -0.00803689, 0.910246, 0.0)], [-0.899148, 0.152307, 0.410288, 0.0)], [3.50081, -0.155641, 2.43321, 1.0)]])
3.50081, -0.155641, 2.43321
float3(-0.152902, -1.14271, -1.57893)
548110.415285458
normal
simd_float4x4([[-0.0962907, -0.990673, 0.0964154, 0.0)], [0.458066, 0.0418934, 0.88793, 0.0)], [-0.883688, 0.129664, 0.449759, 0.0)], [3.33036, -0.153153, 2.74267, 1.0)]])
3.33036, -0.153153, 2.74267
float3(-0.13003, -1.10001, -1.52853)
548110.615398625
normal
simd_float4x4([[-0.0764504, -0.993089, 0.0890452, 0.0)], [0.490006, 0.040357, 0.870785, 0.0)], [-0.86836, 0.110204, 0.483534, 0.0)], [3.06363, -0.152052, 3.02619, 1.0)]])
3.06363, -0.152052, 3.02619
float3(-0.110429, -1.06272, -1.53018)
548110.81551175
normal
simd_float4x4([[-0.041028, -0.998485, 0.0366552, 0.0)], [0.503094, 0.0110517, 0.864161, 0.0)], [-0.863257, 0.0538958, 0.501879, 0.0)], [2.87996, -0.0862448, 3.32028, 1.0)]])
2.87996, -0.0862448, 3.32028
float3(-0.053922, -1.04418, -1.55973)
548111.032301041
normal
simd_float4x4([[-0.0556778, -0.997521, 0.0430308, 0.0)], [0.470939, 0.0117652, 0.882087, 0.0)], [-0.880407, 0.0693776, 0.469117, 0.0)], [2.77856, -0.0953061, 3.61114, 1.0)]])
2.77856, -0.0953061, 3.61114
float3(-0.0694333, -1.08122, -1.559)
548111.249090291
normal
simd_float4x4([[-0.151722, -0.988365, 0.0107554, 0.0)], [0.430414, -0.0562687, 0.900876, 0.0)], [-0.889789, 0.141312, 0.433943, 0.0)], [2.66699, -0.11019, 3.90373, 1.0)]])
2.66699, -0.11019, 3.90373
float3(-0.141787, -1.11704, -1.62767)
548111.465879708
normal
simd_float4x4([[-0.198351, -0.979908, 0.0209171, 0.0)], [0.249835, -0.0299119, 0.967826, 0.0)], [-0.947755, 0.197196, 0.250748, 0.0)], [2.64575, -0.087384, 4.31755, 1.0)]])
2.64575, -0.087384, 4.31755
float3(-0.198496, -1.31215, -1.60131)
548111.665992708
normal
simd_float4x4([[-0.20025, -0.978695, -0.0453338, 0.0)], [0.0847187, -0.0633948, 0.994386, 0.0)], [-0.976075, 0.195285, 0.0956086, 0.0)], [2.66175, -0.0914882, 4.78127, 1.0)]])
2.66175, -0.0914882, 4.78127
float3(-0.196548, -1.47316, -1.63548)
548111.866105958
normal
simd_float4x4([[-0.206069, -0.976779, -0.0586433, 0.0)], [0.0734337, -0.0751971, 0.994461, 0.0)], [-0.975778, 0.200621, 0.0872242, 0.0)], [2.6804, -0.11624, 5.25324, 1.0)]])
2.6804, -0.11624, 5.25324
float3(-0.201992, -1.48164, -1.64763)
548112.082895166
normal
simd_float4x4([[-0.128382, -0.991484, -0.0218414, 0.0)], [0.208812, -0.0485548, 0.97675, 0.0)], [-0.969492, 0.120837, 0.213267, 0.0)], [2.47339, -0.11681, 5.7711, 1.0)]])
2.47339, -0.11681, 5.7711
float3(-0.121133, -1.35427, -1.61973)
548112.299684458
limited(__ObjC.ARCamera.TrackingState.Reason.excessiveMotion)
simd_float4x4([[-0.15994, -0.98709, -0.00854523, 0.0)], [0.23733, -0.046855, 0.970298, 0.0)], [-0.958172, 0.153162, 0.24176, 0.0)], [2.34588, -0.116355, 6.35775, 1.0)]])
2.34588, -0.116355, 6.35775
float3(-0.153767, -1.32364, -1.61823)
548112.499797583
limited(__ObjC.ARCamera.TrackingState.Reason.excessiveMotion)
simd_float4x4([[-0.166698, -0.983215, 0.0741581, 0.0)], [0.204432, 0.0391122, 0.978099, 0.0)], [-0.964583, 0.178207, 0.194481, 0.0)], [2.21207, -0.157031, 6.93732, 1.0)]])
2.21207, -0.157031, 6.93732
float3(-0.179164, -1.37184, -1.53104)
548112.699910833
limited(__ObjC.ARCamera.TrackingState.Reason.excessiveMotion)
simd_float4x4([[-0.249173, -0.964418, 0.0883802, 0.0)], [0.167956, 0.0468431, 0.984681, 0.0)], [-0.953784, 0.260199, 0.150307, 0.0)], [2.08399, -0.170833, 7.50471, 1.0)]])
2.08399, -0.170833, 7.50471
float3(-0.263229, -1.41449, -1.52226)
548112.900023958
limited(__ObjC.ARCamera.TrackingState.Reason.excessiveMotion)
simd_float4x4([[-0.284082, -0.952097, 0.113176, 0.0)], [0.228928, 0.0472709, 0.972295, 0.0)], [-0.931069, 0.302121, 0.204533, 0.0)], [2.06205, -0.198785, 8.1948, 1.0)]])
2.06205, -0.198785, 8.1948
float3(-0.306916, -1.35456, -1.52119)
548113.116813166
limited(__ObjC.ARCamera.TrackingState.Reason.excessiveMotion)
simd_float4x4([[-0.175119, -0.981591, 0.0762365, 0.0)], [0.505597, -0.0232163, 0.862458, 0.0)], [-0.844811, 0.189578, 0.500355, 0.0)], [1.76957, -0.226389, 8.95737, 1.0)]])
1.76957, -0.226389, 8.95737
float3(-0.190732, -1.03608, -1.59444)
548113.333602583
limited(__ObjC.ARCamera.TrackingState.Reason.excessiveMotion)
simd_float4x4([[-0.0924364, -0.98078, 0.17183, 0.0)], [0.771004, 0.0386993, 0.635653, 0.0)], [-0.630086, 0.191239, 0.752608, 0.0)], [1.51284, -0.209674, 9.65442, 1.0)]])
1.51284, -0.209674, 9.65442
float3(-0.192424, -0.697018, -1.53136)
548113.550391583
limited(__ObjC.ARCamera.TrackingState.Reason.excessiveMotion)
simd_float4x4([[-0.090804, -0.976332, 0.196291, 0.0)], [0.868358, 0.018874, 0.495578, 0.0)], [-0.487554, 0.215452, 0.846092, 0.0)], [1.39958, -0.208718, 10.4646, 1.0)]])
1.39958, -0.208718, 10.4646
float3(-0.217154, -0.522767, -1.55147)
548113.767180916
limited(__ObjC.ARCamera.TrackingState.Reason.excessiveMotion)
simd_float4x4([[-0.0463897, -0.980252, 0.192237, 0.0)], [0.895328, 0.0445399, 0.443174, 0.0)], [-0.442984, 0.192674, 0.875581, 0.0)], [1.1473, -0.213797, 11.2653, 1.0)]])
1.1473, -0.213797, 11.2653
float3(-0.193886, -0.468382, -1.52539)
548114.017322375
limited(__ObjC.ARCamera.TrackingState.Reason.excessiveMotion)
simd_float4x4([[-0.0589356, -0.991091, 0.119433, 0.0)], [0.943323, -0.0161493, 0.331482, 0.0)], [-0.3266, 0.1322, 0.935872, 0.0)], [0.867399, -0.201059, 12.2369, 1.0)]])
0.867399, -0.201059, 12.2369
float3(-0.132588, -0.335765, -1.58709)
548114.217435625
limited(__ObjC.ARCamera.TrackingState.Reason.excessiveMotion)
simd_float4x4([[-0.0679578, -0.982817, 0.171616, 0.0)], [0.966192, -0.0219515, 0.256888, 0.0)], [-0.248706, 0.183271, 0.951082, 0.0)], [0.918328, -0.210308, 13.3404, 1.0)]])
0.918328, -0.210308, 13.3404
float3(-0.184313, -0.255771, -1.59313)
548114.41754875
limited(__ObjC.ARCamera.TrackingState.Reason.excessiveMotion)
simd_float4x4([[-0.0505615, -0.98125, 0.185988, 0.0)], [0.971199, -0.00489093, 0.238221, 0.0)], [-0.232844, 0.192676, 0.953236, 0.0)], [0.971405, -0.217629, 14.3984, 1.0)]])
0.971405, -0.217629, 14.3984
float3(-0.193888, -0.239576, -1.57578)
548114.61766175
limited(__ObjC.ARCamera.TrackingState.Reason.excessiveMotion)
simd_float4x4([[-0.0174116, -0.98642, 0.163319, 0.0)], [0.963155, 0.0272978, 0.267558, 0.0)], [-0.268382, 0.16196, 0.9496, 0.0)], [1.53939, -0.188849, 15.7013, 1.0)]])
1.53939, -0.188849, 15.7013
float3(-0.162676, -0.275443, -1.54313)
548114.817774958
limited(__ObjC.ARCamera.TrackingState.Reason.excessiveMotion)
simd_float4x4([[-0.0869721, -0.989576, 0.11478, 0.0)], [0.905709, -0.0305612, 0.422797, 0.0)], [-0.414882, 0.140729, 0.898926, 0.0)], [3.78498, -0.0419561, 17.1958, 1.0)]])
3.78498, -0.0419561, 17.1958
float3(-0.141198, -0.432401, -1.60167)
548115.034564166
limited(__ObjC.ARCamera.TrackingState.Reason.excessiveMotion)
simd_float4x4([[-0.144845, -0.985225, 0.0913847, 0.0)], [0.71979, -0.0415469, 0.692948, 0.0)], [-0.678913, 0.166148, 0.715173, 0.0)], [4.72213, 0.0233548, 18.4959, 1.0)]])
4.72213, 0.0233548, 18.4959
float3(-0.166922, -0.759394, -1.61294)
548115.251353458
limited(__ObjC.ARCamera.TrackingState.Reason.excessiveMotion)
simd_float4x4([[-0.248502, -0.965517, 0.0776078, 0.0)], [0.407295, -0.0314617, 0.912755, 0.0)], [-0.878839, 0.258431, 0.401069, 0.0)], [6.48327, 0.158971, 19.7343, 1.0)]])
6.48327, 0.158971, 19.7343
float3(-0.261397, -1.14266, -1.60337)
548115.468142875
limited(__ObjC.ARCamera.TrackingState.Reason.excessiveMotion)
simd_float4x4([[-0.333659, -0.942656, 0.00840168, 0.0)], [0.226619, -0.0715559, 0.971351, 0.0)], [-0.915049, 0.326004, 0.237499, 0.0)], [8.07432, 0.300716, 20.8629, 1.0)]])
8.07432, 0.300716, 20.8629
float3(-0.332074, -1.31685, -1.64656)
548115.684931916
limited(__ObjC.ARCamera.TrackingState.Reason.excessiveMotion)
simd_float4x4([[-0.344578, -0.938378, -0.0266913, 0.0)], [0.158595, -0.0862138, 0.983573, 0.0)], [-0.925264, 0.334684, 0.17853, 0.0)], [9.40486, 0.423756, 21.9769, 1.0)]])
9.40486, 0.423756, 21.9769
float3(-0.34127, -1.38019, -1.66241)
548115.885044958
limited(__ObjC.ARCamera.TrackingState.Reason.excessiveMotion)
simd_float4x4([[-0.351153, -0.935882, -0.0285916, 0.0)], [0.186904, -0.0999844, 0.977277, 0.0)], [-0.917474, 0.337829, 0.210029, 0.0)], [9.49156, 0.417022, 23.2772, 1.0)]])
9.49156, 0.417022, 23.2772
float3(-0.34461, -1.34575, -1.67723)
548116.085158333
limited(__ObjC.ARCamera.TrackingState.Reason.excessiveMotion)
simd_float4x4([[-0.298622, -0.954249, 0.0152761, 0.0)], [0.327904, -0.0875558, 0.940645, 0.0)], [-0.896272, 0.285906, 0.339048, 0.0)], [9.14802, 0.376605, 24.6987, 1.0)]])
9.14802, 0.376605, 24.6987
float3(-0.289952, -1.20915, -1.66229)
548116.301947291
limited(__ObjC.ARCamera.TrackingState.Reason.excessiveMotion)
simd_float4x4([[-0.141057, -0.984921, 0.100171, 0.0)], [0.786323, -0.0499862, 0.61579, 0.0)], [-0.601497, 0.165628, 0.781517, 0.0)], [8.07246, 0.296939, 26.3145, 1.0)]])
8.07246, 0.296939, 26.3145
float3(-0.166395, -0.655961, -1.6215)
548116.518736541
limited(__ObjC.ARCamera.TrackingState.Reason.excessiveMotion)
simd_float4x4([[0.00409333, -0.994779, 0.101968, 0.0)], [0.997269, 0.0115799, 0.0729375, 0.0)], [-0.0737375, 0.101391, 0.99211, 0.0)], [7.6904, 0.280841, 27.8858, 1.0)]])
7.6904, 0.280841, 27.8858
float3(-0.101565, -0.0741875, -1.55916)
548116.718849875
limited(__ObjC.ARCamera.TrackingState.Reason.excessiveMotion)
simd_float4x4([[0.104136, -0.988496, 0.10969, 0.0)], [0.921227, 0.0543033, -0.385216, 0.0)], [0.374828, 0.141164, 0.916284, 0.0)], [7.35527, 0.246152, 29.4177, 1.0)]])
7.35527, 0.246152, 29.4177
float3(-0.141637, 0.388304, -1.51592)
548116.918962875
limited(__ObjC.ARCamera.TrackingState.Reason.excessiveMotion)
simd_float4x4([[0.102942, -0.992499, 0.0659399, 0.0)], [0.747583, 0.033469, -0.663324, 0.0)], [0.656142, 0.117579, 0.745421, 0.0)], [7.11965, 0.221608, 30.9592, 1.0)]])
7.11965, 0.221608, 30.9592
float3(-0.117852, 0.721784, -1.53709)
548117.11907625
limited(__ObjC.ARCamera.TrackingState.Reason.excessiveMotion)
simd_float4x4([[0.192245, -0.981342, -0.00302925, 0.0)], [0.562025, 0.11263, -0.819416, 0.0)], [0.804469, 0.155826, 0.573192, 0.0)], [7.10624, 0.195463, 32.4889, 1.0)]])
7.10624, 0.195463, 32.4889
float3(-0.156464, 0.951724, -1.45652)
548117.319189416
limited(__ObjC.ARCamera.TrackingState.Reason.excessiveMotion)
simd_float4x4([[0.218818, -0.973004, -0.0733664, 0.0)], [0.323861, 0.143347, -0.935182, 0.0)], [0.920452, 0.180874, 0.346485, 0.0)], [6.95572, 0.157465, 34.0212, 1.0)]])
6.95572, 0.157465, 34.0212
float3(-0.181875, 1.21077, -1.42452)
548117.535978583
limited(__ObjC.ARCamera.TrackingState.Reason.insufficientFeatures)
simd_float4x4([[0.247247, -0.952769, -0.176355, 0.0)], [0.0673961, 0.198475, -0.977786, 0.0)], [0.966606, 0.229869, 0.113285, 0.0)], [6.80344, 0.123626, 35.7431, 1.0)]])
6.80344, 0.123626, 35.7431
float3(-0.231943, 1.45413, -1.36542)
548117.752767708
limited(__ObjC.ARCamera.TrackingState.Reason.excessiveMotion)
simd_float4x4([[0.242655, -0.955339, -0.168657, 0.0)], [0.115558, 0.20108, -0.972735, 0.0)], [0.963205, 0.216549, 0.15919, 0.0)], [6.63409, 0.0932842, 37.4979, 1.0)]])
6.63409, 0.0932842, 37.4979
float3(-0.218279, 1.40701, -1.36334)
548117.969556958
limited(__ObjC.ARCamera.TrackingState.Reason.excessiveMotion)
simd_float4x4([[0.270901, -0.960689, -0.0607344, 0.0)], [0.412382, 0.172834, -0.894466, 0.0)], [0.869801, 0.217266, 0.442992, 0.0)], [6.74845, 0.0873957, 39.3724, 1.0)]])
6.74845, 0.0873957, 39.3724
float3(-0.219013, 1.09973, -1.39279)
548118.186346166
limited(__ObjC.ARCamera.TrackingState.Reason.excessiveMotion)
simd_float4x4([[0.316266, -0.948515, 0.0171487, 0.0)], [0.580955, 0.179355, -0.793929, 0.0)], [0.749978, 0.261055, 0.607769, 0.0)], [6.629, 0.0813852, 41.3499, 1.0)]])
6.629, 0.0813852, 41.3499
float3(-0.264115, 0.889757, -1.38391)
548118.386459416
limited(__ObjC.ARCamera.TrackingState.Reason.excessiveMotion)
simd_float4x4([[0.401027, -0.915523, 0.0315362, 0.0)], [0.62464, 0.248106, -0.740451, 0.0)], [0.670076, 0.316639, 0.67137, 0.0)], [6.24126, 0.0530655, 43.2198, 1.0)]])
6.24126, 0.0530655, 43.2198
float3(-0.322185, 0.784433, -1.30615)
548118.586572625
limited(__ObjC.ARCamera.TrackingState.Reason.excessiveMotion)
simd_float4x4([[0.356985, -0.934089, 0.00626764, 0.0)], [0.60743, 0.227037, -0.761238, 0.0)], [0.709641, 0.275558, 0.648443, 0.0)], [5.15291, -0.0102257, 45.1175, 1.0)]])
5.15291, -0.0102257, 45.1175
float3(-0.27917, 0.83043, -1.33236)
548118.786685666
limited(__ObjC.ARCamera.TrackingState.Reason.excessiveMotion)
simd_float4x4([[0.321385, -0.946728, -0.0204552, 0.0)], [0.528407, 0.19722, -0.825767, 0.0)], [0.78581, 0.254581, 0.563641, 0.0)], [4.02673, -0.119499, 46.7442, 1.0)]])
4.02673, -0.119499, 46.7442
float3(-0.257414, 0.948572, -1.36542)
548118.98679875
limited(__ObjC.ARCamera.TrackingState.Reason.excessiveMotion)
simd_float4x4([[0.260353, -0.965154, -0.026352, 0.0)], [0.310122, 0.109441, -0.944376, 0.0)], [0.914353, 0.237699, 0.327809, 0.0)], [4.0719, -0.19183, 48.4106, 1.0)]])
4.0719, -0.19183, 48.4106
float3(-0.239996, 1.22656, -1.45789)
548119.203588083
limited(__ObjC.ARCamera.TrackingState.Reason.excessiveMotion)
simd_float4x4([[0.354229, -0.924027, -0.14386, 0.0)], [-0.0252368, 0.144333, -0.989207, 0.0)], [0.934818, 0.354037, 0.0278076, 0.0)], [3.44285, -0.360138, 50.0455, 1.0)]])
3.44285, -0.360138, 50.0455
float3(-0.361884, 1.54106, -1.41585)
548119.403701166
limited(__ObjC.ARCamera.TrackingState.Reason.excessiveMotion)
simd_float4x4([[0.372921, -0.896557, -0.238989, 0.0)], [-0.256279, 0.148023, -0.955202, 0.0)], [0.891769, 0.417462, -0.174568, 0.0)], [2.8669, -0.502503, 51.555, 1.0)]])
2.8669, -0.502503, 51.555
float3(-0.430651, 1.76411, -1.40717)
548119.620490416
limited(__ObjC.ARCamera.TrackingState.Reason.excessiveMotion)
simd_float4x4([[0.304145, -0.914806, -0.265757, 0.0)], [-0.467762, 0.0996132, -0.878223, 0.0)], [0.829876, 0.391418, -0.397614, 0.0)], [2.05987, -0.676491, 53.0528, 1.0)]])
2.05987, -0.676491, 53.0528
float3(-0.402172, 2.0176, -1.46233)
548119.8206035
limited(__ObjC.ARCamera.TrackingState.Reason.excessiveMotion)
simd_float4x4([[0.193662, -0.939753, -0.281708, 0.0)], [-0.540267, 0.137525, -0.83018, 0.0)], [0.818906, 0.312972, -0.481084, 0.0)], [0.972866, -0.738728, 54.4319, 1.0)]])
0.972866, -0.738728, 54.4319
float3(-0.31832, 2.10195, -1.42549)
548120.020716666
limited(__ObjC.ARCamera.TrackingState.Reason.excessiveMotion)
simd_float4x4([[0.201528, -0.946212, -0.253121, 0.0)], [-0.563437, 0.0993979, -0.820158, 0.0)], [0.801203, 0.307902, -0.513099, 0.0)], [0.922612, -0.599523, 55.5405, 1.0)]])
0.922612, -0.599523, 55.5405
float3(-0.312987, 2.1404, -1.46613)
548120.220829666
limited(__ObjC.ARCamera.TrackingState.Reason.excessiveMotion)
simd_float4x4([[0.19692, -0.944399, -0.263313, 0.0)], [-0.605028, 0.0942763, -0.790603, 0.0)], [0.771469, 0.314997, -0.552823, 0.0)], [1.52985, -0.379041, 56.4359, 1.0)]])
1.52985, -0.379041, 56.4359
float3(-0.320454, 2.19257, -1.4713)
548120.420943
limited(__ObjC.ARCamera.TrackingState.Reason.excessiveMotion)
simd_float4x4([[0.196913, -0.926566, -0.320471, 0.0)], [-0.654728, 0.119027, -0.746435, 0.0)], [0.729765, 0.356804, -0.58321, 0.0)], [-0.549661, -0.31792, 57.1427, 1.0)]])
-0.549661, -0.31792, 57.1427
float3(-0.364844, 2.24503, -1.44304)
548120.637732041
limited(__ObjC.ARCamera.TrackingState.Reason.excessiveMotion)
simd_float4x4([[0.237358, -0.914754, -0.326936, 0.0)], [-0.718867, 0.0609612, -0.692469, 0.0)], [0.653369, 0.399386, -0.643117, 0.0)], [-1.73918, -0.180181, 57.9012, 1.0)]])
-1.73918, -0.180181, 57.9012
float3(-0.410847, 2.34829, -1.50425)
548120.837845291
limited(__ObjC.ARCamera.TrackingState.Reason.excessiveMotion)
simd_float4x4([[0.198894, -0.922416, -0.331043, 0.0)], [-0.791613, 0.0479226, -0.609141, 0.0)], [0.577746, 0.383212, -0.720665, 0.0)], [-2.23205, 0.0554195, 57.85, 1.0)]])
-2.23205, 0.0554195, 57.85
float3(-0.393271, 2.46583, -1.51889)
548121.0546345
limited(__ObjC.ARCamera.TrackingState.Reason.excessiveMotion)
simd_float4x4([[0.105408, -0.955677, -0.274901, 0.0)], [-0.879385, 0.0394888, -0.474471, 0.0)], [0.464296, 0.291757, -0.836246, 0.0)], [-5.63885, -0.107447, 58.5105, 1.0)]])
-5.63885, -0.107447, 58.5105
float3(-0.296063, 2.63475, -1.5295)
548121.271423791
limited(__ObjC.ARCamera.TrackingState.Reason.excessiveMotion)
simd_float4x4([[0.0719458, -0.964997, -0.252199, 0.0)], [-0.927787, 0.028063, -0.372052, 0.0)], [0.366107, 0.260754, -0.893293, 0.0)], [-10.7046, -0.190252, 57.4813, 1.0)]])
-10.7046, -0.190252, 57.4813
float3(-0.263804, 2.75263, -1.54172)
548121.488213041
limited(__ObjC.ARCamera.TrackingState.Reason.excessiveMotion)
simd_float4x4([[0.0864762, -0.953975, -0.287147, 0.0)], [-0.940131, 0.0172324, -0.340378, 0.0)], [0.32966, 0.29939, -0.895371, 0.0)], [-15.1765, -0.00577392, 54.9566, 1.0)]])
-15.1765, -0.00577392, 54.9566
float3(-0.304053, 2.78881, -1.55273)
548121.705002291
limited(__ObjC.ARCamera.TrackingState.Reason.excessiveMotion)
simd_float4x4([[0.0818621, -0.964545, -0.250903, 0.0)], [-0.919326, 0.0241417, -0.392756, 0.0)], [0.384888, 0.262814, -0.884754, 0.0)], [-17.2594, -0.496783, 55.6076, 1.0)]])
-17.2594, -0.496783, 55.6076
float3(-0.265937, 2.73126, -1.54577)
548121.905115416
limited(__ObjC.ARCamera.TrackingState.Reason.excessiveMotion)
simd_float4x4([[0.0716403, -0.963274, -0.258788, 0.0)], [-0.893078, 0.0535881, -0.4467, 0.0)], [0.444162, 0.263119, -0.856439, 0.0)], [-18.3236, -0.51377, 54.5886, 1.0)]])
-18.3236, -0.51377, 54.5886
float3(-0.266254, 2.66316, -1.51522)
548122.121904666
limited(__ObjC.ARCamera.TrackingState.Reason.excessiveMotion)
simd_float4x4([[0.113524, -0.963031, -0.244304, 0.0)], [-0.88261, 0.0151517, -0.469861, 0.0)], [0.456192, 0.268966, -0.848261, 0.0)], [-18.1257, -0.265695, 52.6363, 1.0)]])
-18.1257, -0.265695, 52.6363
float3(-0.272319, 2.64817, -1.55506)
548122.32201775
limited(__ObjC.ARCamera.TrackingState.Reason.excessiveMotion)
simd_float4x4([[0.0700075, -0.978432, -0.194343, 0.0)], [-0.913922, 0.0151722, -0.405605, 0.0)], [0.399806, 0.20601, -0.893149, 0.0)], [-17.8275, -0.458271, 52.6923, 1.0)]])
-17.8275, -0.458271, 52.6923
float3(-0.207495, 2.72071, -1.55529)
548122.522130791
limited(__ObjC.ARCamera.TrackingState.Reason.excessiveMotion)
simd_float4x4([[0.0213115, -0.985534, -0.16813, 0.0)], [-0.971395, 0.0193711, -0.236679, 0.0)], [0.236512, 0.168364, -0.95693, 0.0)], [-17.6326, -0.451538, 52.9822, 1.0)]])
-17.6326, -0.451538, 52.9822
float3(-0.16917, 2.89929, -1.55114)
548122.722244041
limited(__ObjC.ARCamera.TrackingState.Reason.excessiveMotion)
simd_float4x4([[-0.00328597, -0.983111, -0.18298, 0.0)], [-0.999912, 0.00557852, -0.0120157, 0.0)], [0.0128335, 0.182925, -0.983043, 0.0)], [-17.5621, -0.376, 53.8523, 1.0)]])
-17.5621, -0.376, 53.8523
float3(-0.183961, 3.12854, -1.56512)
548122.939033208
limited(__ObjC.ARCamera.TrackingState.Reason.excessiveMotion)
simd_float4x4([[-0.0124824, -0.985526, -0.169062, 0.0)], [-0.991272, -0.00999487, 0.131453, 0.0)], [-0.13124, 0.169227, -0.9768, 0.0)], [-18.2583, -0.596022, 57.7482, 1.0)]])
-18.2583, -0.596022, 57.7482
float3(-0.170046, -3.00804, -1.58094)
548123.139146333
limited(__ObjC.ARCamera.TrackingState.Reason.excessiveMotion)
simd_float4x4([[-0.0409814, -0.980877, -0.190265, 0.0)], [-0.982366, 0.00478816, 0.186908, 0.0)], [-0.182423, 0.19457, -0.963776, 0.0)], [-18.7488, -0.667059, 60.2655, 1.0)]])
-18.7488, -0.667059, 60.2655
float3(-0.195819, -2.95453, -1.56591)
548123.339259333
limited(__ObjC.ARCamera.TrackingState.Reason.excessiveMotion)
simd_float4x4([[-0.0465786, -0.96569, -0.255485, 0.0)], [-0.984263, 0.000723724, 0.17671, 0.0)], [-0.170462, 0.259695, -0.950527, 0.0)], [-19.6094, -0.845267, 64.1843, 1.0)]])
-19.6094, -0.845267, 64.1843
