ARKit Data
359925.982370916
normal
simd_float4x4([[-0.0412027, -0.998988, 0.0180358, 0.0)], [0.0401886, 0.0163795, 0.999058, 0.0)], [-0.998342, 0.0418887, 0.039473, 0.0)], [-3.44942, 0.716538, 0.825664, 1.0)]])
-3.44942, 0.716538, 0.825664
float3(-0.0419009, -1.53128, -1.5544)
359926.049030125
normal
simd_float4x4([[-0.0420834, -0.998979, 0.0164342, 0.0)], [0.0412222, 0.0146987, 0.999042, 0.0)], [-0.998263, 0.0427205, 0.0405614, 0.0)], [-3.45107, 0.715875, 0.825048, 1.0)]])
-3.45107, 0.715875, 0.825048
float3(-0.0427335, -1.53019, -1.55608)
359926.132354041
normal
simd_float4x4([[-0.0421606, -0.998999, 0.0149173, 0.0)], [0.0422297, 0.0131355, 0.999022, 0.0)], [-0.998218, 0.0427493, 0.0416336, 0.0)], [-3.45212, 0.715943, 0.823894, 1.0)]])
-3.45212, 0.715943, 0.823894
float3(-0.0427623, -1.52911, -1.55765)
359926.215677958
normal
simd_float4x4([[-0.0400625, -0.999068, 0.0160375, 0.0)], [0.0464804, 0.0141696, 0.998819, 0.0)], [-0.998116, 0.0407606, 0.0458694, 0.0)], [-3.45262, 0.715847, 0.821299, 1.0)]])
-3.45262, 0.715847, 0.821299
float3(-0.0407719, -1.52487, -1.55661)
359926.282337208
normal
simd_float4x4([[-0.043037, -0.998913, 0.0179071, 0.0)], [0.0417648, 0.0161093, 0.998998, 0.0)], [-0.9982, 0.0437417, 0.0410261, 0.0)], [-3.45328, 0.715976, 0.819787, 1.0)]])
-3.45328, 0.715976, 0.819787
float3(-0.0437557, -1.52972, -1.55467)
359926.348996375
normal
simd_float4x4([[-0.0391058, -0.999135, 0.014134, 0.0)], [0.0506837, 0.0121433, 0.998641, 0.0)], [-0.997949, 0.039769, 0.0501649, 0.0)], [-3.45379, 0.715744, 0.818895, 1.0)]])
-3.45379, 0.715744, 0.818895
float3(-0.0397795, -1.52057, -1.55864)
359926.974126541
notAvailable
simd_float4x4([[0.172625, 0.0, 0.984988, 0.0)], [0.0, 1.0, 0.0, 0.0)], [-0.984988, 0.0, 0.172625, 0.0)], [0.018952, -0.0809645, 0.0667126, 1.0)]])
0.018952, -0.0809645, 0.0667126
float3(-0.0, -1.3973, 0.0)
359927.040785833
notAvailable
simd_float4x4([[0.172625, 0.0, 0.984988, 0.0)], [0.0, 1.0, 0.0, 0.0)], [-0.984988, 0.0, 0.172625, 0.0)], [0.018952, -0.0809645, 0.0667126, 1.0)]])
0.018952, -0.0809645, 0.0667126
float3(-0.0, -1.3973, 0.0)
359927.107444916
limited(__ObjC.ARCamera.TrackingState.Reason.initializing)
simd_float4x4([[-0.00497969, -0.997252, 0.0739164, 0.0)], [0.999988, -0.00496607, 0.000368079, 0.0)], [6.68842e-09, 0.0739173, 0.997264, 0.0)], [0.0, 0.0, 0.0, 1.0)]])
0.0, 0.0, 0.0
float3(-0.0739847, 6.70677e-09, -1.57578)
359927.174104333
limited(__ObjC.ARCamera.TrackingState.Reason.initializing)
simd_float4x4([[-0.0050553, -0.99722, 0.074343, 0.0)], [0.999977, -0.00469917, 0.00496454, 0.0)], [-0.00460138, 0.0743663, 0.99722, 0.0)], [0.0, 0.0, 0.0, 1.0)]])
0.0, 0.0, 0.0
float3(-0.074435, -0.00461418, -1.57551)
359927.240763291
limited(__ObjC.ARCamera.TrackingState.Reason.initializing)
simd_float4x4([[-0.00357709, -0.997174, 0.0750319, 0.0)], [0.999931, -0.00272634, 0.011438, 0.0)], [-0.0112012, 0.0750676, 0.997115, 0.0)], [0.0, 0.0, 0.0, 1.0)]])
0.0, 0.0, 0.0
float3(-0.0751383, -0.0112331, -1.57353)
359927.307422541
limited(__ObjC.ARCamera.TrackingState.Reason.initializing)
simd_float4x4([[-0.0149534, -0.997799, 0.0646007, 0.0)], [0.999779, -0.013966, 0.0157094, 0.0)], [-0.0147726, 0.0648213, 0.997787, 0.0)], [0.0, 0.0, 0.0, 1.0)]])
0.0, 0.0, 0.0
float3(-0.0648668, -0.0148043, -1.58479)
359927.374081875
limited(__ObjC.ARCamera.TrackingState.Reason.initializing)
simd_float4x4([[-0.00937571, -0.997593, 0.0686798, 0.0)], [0.999732, -0.00789747, 0.0217641, 0.0)], [-0.0211694, 0.0688654, 0.9974, 0.0)], [0.0, 0.0, 0.0, 1.0)]])
0.0, 0.0, 0.0
float3(-0.0689199, -0.0212214, -1.57871)
359927.440741
limited(__ObjC.ARCamera.TrackingState.Reason.initializing)
simd_float4x4([[-0.0103508, -0.997474, 0.0702464, 0.0)], [0.999579, -0.00841724, 0.027766, 0.0)], [-0.0271047, 0.0705042, 0.997141, 0.0)], [0.0, 0.0, 0.0, 1.0)]])
0.0, 0.0, 0.0
float3(-0.0705627, -0.0271757, -1.57923)
359927.507400333
limited(__ObjC.ARCamera.TrackingState.Reason.initializing)
simd_float4x4([[-0.00935807, -0.997419, 0.0711641, 0.0)], [0.999422, -0.00700432, 0.0332538, 0.0)], [-0.0326696, 0.0714342, 0.996908, 0.0)], [0.0, 0.0, 0.0, 1.0)]])
0.0, 0.0, 0.0
float3(-0.0714951, -0.0327592, -1.57782)
359927.574059458
limited(__ObjC.ARCamera.TrackingState.Reason.initializing)
simd_float4x4([[-0.0108013, -0.997285, 0.0728276, 0.0)], [0.999196, -0.00795247, 0.0392956, 0.0)], [-0.0386098, 0.0731935, 0.996569, 0.0)], [0.0, 0.0, 0.0, 1.0)]])
0.0, 0.0, 0.0
float3(-0.073259, -0.0387234, -1.57877)
359927.640718791
limited(__ObjC.ARCamera.TrackingState.Reason.initializing)
simd_float4x4([[-0.0109949, -0.997158, 0.0745132, 0.0)], [0.999117, -0.00793278, 0.0412672, 0.0)], [-0.0405589, 0.0749011, 0.996365, 0.0)], [0.0, 0.0, 0.0, 1.0)]])
0.0, 0.0, 0.0
float3(-0.0749713, -0.0406844, -1.57875)
359927.707377916
limited(__ObjC.ARCamera.TrackingState.Reason.initializing)
simd_float4x4([[-0.0123816, -0.997069, 0.0754881, 0.0)], [0.999028, -0.00914118, 0.0431216, 0.0)], [-0.0423052, 0.0759487, 0.996213, 0.0)], [0.0, 0.0, 0.0, 1.0)]])
0.0, 0.0, 0.0
float3(-0.0760219, -0.0424405, -1.57996)
359927.790702
limited(__ObjC.ARCamera.TrackingState.Reason.initializing)
simd_float4x4([[-0.0129528, -0.996849, 0.0782474, 0.0)], [0.999135, -0.00981131, 0.0404002, 0.0)], [-0.0395052, 0.078703, 0.996114, 0.0)], [0.0, 0.0, 0.0, 1.0)]])
0.0, 0.0, 0.0
float3(-0.0787845, -0.0396385, -1.58064)
359927.857360958
normal
simd_float4x4([[0.00216612, -0.994991, 0.0999435, 0.0)], [0.999323, 0.00582439, 0.0363262, 0.0)], [-0.0367263, 0.0997972, 0.99433, 0.0)], [-0.000850001, 0.000478935, -5.84535e-05, 1.0)]])
-0.000850001, 0.000478935, -5.84535e-05
float3(-0.0999636, -0.036919, -1.56494)
359927.92402025
normal
simd_float4x4([[0.000639444, -0.994602, 0.103763, 0.0)], [0.999185, 0.00482391, 0.0400812, 0.0)], [-0.0403654, 0.103653, 0.993794, 0.0)], [-0.0020381, -0.000660847, -0.00214272, 1.0)]])
-0.0020381, -0.000660847, -0.00214272
float3(-0.103839, -0.0405951, -1.56595)
359927.9906795
normal
simd_float4x4([[0.00132524, -0.994632, 0.103464, 0.0)], [0.999377, 0.00496609, 0.03494, 0.0)], [-0.0352663, 0.103353, 0.994019, 0.0)], [-0.00396841, 0.000393805, -0.00224555, 1.0)]])
-0.00396841, 0.000393805, -0.00224555
float3(-0.103538, -0.0354636, -1.5658)
359928.05733875
normal
simd_float4x4([[-0.00176349, -0.99498, 0.10006, 0.0)], [0.999271, 0.00206198, 0.0381154, 0.0)], [-0.0381304, 0.100054, 0.994251, 0.0)], [-0.00380801, -0.00122524, -0.000809125, 1.0)]])
-0.00380801, -0.00122524, -0.000809125
float3(-0.100222, -0.0383321, -1.56872)
359928.123998
normal
simd_float4x4([[-0.00178496, -0.995002, 0.0998366, 0.0)], [0.999496, 0.00138964, 0.0317194, 0.0)], [-0.0316996, 0.0998428, 0.994498, 0.0)], [-0.00455359, -0.000678226, -0.000562476, 1.0)]])
-0.00455359, -0.000678226, -0.000562476
float3(-0.100009, -0.0318642, -1.5694)
359928.190657333
normal
simd_float4x4([[-0.000877807, -0.995077, 0.0990973, 0.0)], [0.99939, 0.00258732, 0.0348329, 0.0)], [-0.0349179, 0.0990674, 0.994468, 0.0)], [-0.00852664, -0.00180016, -0.000565205, 1.0)]])
-0.00852664, -0.00180016, -0.000565205
float3(-0.0992302, -0.0350977, -1.5682)
359928.257316375
normal
simd_float4x4([[-0.00152836, -0.995103, 0.0988296, 0.0)], [0.999212, 0.00239939, 0.0396116, 0.0)], [-0.0396548, 0.0988123, 0.994316, 0.0)], [-0.00942696, -0.00245526, -0.00149063, 1.0)]])
-0.00942696, -0.00245526, -0.00149063
float3(-0.0989738, -0.0398603, -1.56839)
359928.357305375
normal
simd_float4x4([[-0.00175564, -0.99534, 0.0964142, 0.0)], [0.999335, 0.00176643, 0.0364331, 0.0)], [-0.0364336, 0.096414, 0.994674, 0.0)], [-0.0105572, -0.00319052, 0.000494817, 1.0)]])
-0.0105572, -0.00319052, 0.000494817
float3(-0.096564, -0.0366124, -1.56902)
359928.423964458
normal
simd_float4x4([[-0.000793334, -0.995496, 0.0948013, 0.0)], [0.999382, 0.00254146, 0.0350507, 0.0)], [-0.0351338, 0.0947705, 0.994879, 0.0)], [-0.0106885, -0.00399265, 0.00228455, 1.0)]])
-0.0106885, -0.00399265, 0.00228455
float3(-0.094913, -0.0353, -1.56824)
359928.490623625
normal
simd_float4x4([[-0.00082237, -0.995545, 0.0942811, 0.0)], [0.999442, 0.00233007, 0.0333217, 0.0)], [-0.0333929, 0.0942559, 0.994988, 0.0)], [-0.0103637, -0.00425552, 0.0030177, 1.0)]])
-0.0103637, -0.00425552, 0.0030177
float3(-0.094396, -0.0335485, -1.56846)
359928.607277333
normal
simd_float4x4([[-0.000266263, -0.995523, 0.0945242, 0.0)], [0.999512, 0.00268631, 0.0311075, 0.0)], [-0.0312221, 0.0944864, 0.995036, 0.0)], [-0.00969208, -0.00526688, 0.00372078, 1.0)]])
-0.00969208, -0.00526688, 0.00372078
float3(-0.0946276, -0.0313676, -1.5681)
359928.673936625
normal
simd_float4x4([[0.000597468, -0.995453, 0.0952553, 0.0)], [0.999544, 0.00347093, 0.030003, 0.0)], [-0.0301972, 0.095194, 0.995001, 0.0)], [-0.0101931, -0.00402575, 0.00247785, 1.0)]])
-0.0101931, -0.00402575, 0.00247785
float3(-0.0953383, -0.0303396, -1.56731)
359928.757260708
normal
simd_float4x4([[0.000811241, -0.995506, 0.0946948, 0.0)], [0.999566, 0.00359496, 0.0292298, 0.0)], [-0.0294389, 0.09463, 0.995077, 0.0)], [-0.00988113, -0.00396444, 0.00260028, 1.0)]])
-0.00988113, -0.00396444, 0.00260028
float3(-0.0947718, -0.0295759, -1.56719)
359928.82392
normal
simd_float4x4([[0.0015776, -0.995491, 0.0948411, 0.0)], [0.999595, 0.0042631, 0.0281199, 0.0)], [-0.0283975, 0.0947584, 0.995095, 0.0)], [-0.00908439, -0.00329756, 0.00222101, 1.0)]])
-0.00908439, -0.00329756, 0.00222101
float3(-0.0949007, -0.0285297, -1.56651)
359928.907244
normal
simd_float4x4([[0.0015099, -0.995433, 0.0954551, 0.0)], [0.999625, 0.00411073, 0.027056, 0.0)], [-0.0273248, 0.0953785, 0.995066, 0.0)], [-0.00839752, -0.00354865, 0.00211614, 1.0)]])
-0.00839752, -0.00354865, 0.00211614
float3(-0.0955237, -0.0274534, -1.56667)
359928.990568041
normal
simd_float4x4([[0.00144214, -0.995319, 0.0966304, 0.0)], [0.999655, 0.0039682, 0.0259544, 0.0)], [-0.0262164, 0.0965596, 0.994982, 0.0)], [-0.00813019, -0.00364532, 0.00161962, 1.0)]])
-0.00813019, -0.00364532, 0.00161962
float3(-0.0967103, -0.0263425, -1.56681)
359929.05722725
normal
simd_float4x4([[0.00175164, -0.995316, 0.0966551, 0.0)], [0.999635, 0.00434846, 0.0266627, 0.0)], [-0.0269582, 0.0965731, 0.994961, 0.0)], [-0.00820317, -0.00373545, 0.00196548, 1.0)]])
-0.00820317, -0.00373545, 0.00196548
float3(-0.0967238, -0.0270881, -1.56643)
359929.123886375
normal
simd_float4x4([[0.00206108, -0.995394, 0.0958413, 0.0)], [0.999622, 0.00467917, 0.0271002, 0.0)], [-0.0274239, 0.0957492, 0.995028, 0.0)], [-0.00803937, -0.00364714, 0.00221519, 1.0)]])
-0.00803937, -0.00364714, 0.00221519
float3(-0.0958961, -0.0275539, -1.5661)
359929.223875333
normal
simd_float4x4([[0.00174577, -0.995483, 0.0949215, 0.0)], [0.999646, 0.00425681, 0.0262578, 0.0)], [-0.0265433, 0.0948421, 0.995138, 0.0)], [-0.00775407, -0.00341626, 0.00275471, 1.0)]])
-0.00775407, -0.00341626, 0.00275471
float3(-0.0949849, -0.0266666, -1.56652)
359929.307199375
normal
simd_float4x4([[0.00109384, -0.995533, 0.0944126, 0.0)], [0.999652, 0.00357855, 0.0261523, 0.0)], [-0.0263733, 0.0943511, 0.99519, 0.0)], [-0.00777302, -0.00337625, 0.00229056, 1.0)]])
-0.00777302, -0.00337625, 0.00229056
float3(-0.0944916, -0.0264946, -1.5672)
359929.373858791
normal
simd_float4x4([[0.00149927, -0.9956, 0.093694, 0.0)], [0.999669, 0.00389796, 0.0254236, 0.0)], [-0.0256769, 0.0936249, 0.995276, 0.0)], [-0.00797239, -0.00327476, 0.00247589, 1.0)]])
-0.00797239, -0.00327476, 0.00247589
float3(-0.0937622, -0.025793, -1.56688)
359929.45718275
normal
simd_float4x4([[0.00128652, -0.995582, 0.093885, 0.0)], [0.99973, 0.00346063, 0.022998, 0.0)], [-0.0232213, 0.09383, 0.995317, 0.0)], [-0.0082781, -0.00344025, 0.00182509, 1.0)]])
-0.0082781, -0.00344025, 0.00182509
float3(-0.0939682, -0.0233263, -1.56732)
359929.540506791
normal
simd_float4x4([[0.00126712, -0.995686, 0.0927772, 0.0)], [0.999812, 0.00305573, 0.019139, 0.0)], [-0.01934, 0.0927355, 0.995503, 0.0)], [-0.0083627, -0.00357313, 0.00236433, 1.0)]])
-0.0083627, -0.00357313, 0.00236433
float3(-0.0928689, -0.0194249, -1.56773)
359929.607165916
normal
simd_float4x4([[0.00139775, -0.995706, 0.0925622, 0.0)], [0.999815, 0.0031647, 0.0189454, 0.0)], [-0.019157, 0.0925187, 0.995527, 0.0)], [-0.00868517, -0.00360544, 0.00248754, 1.0)]])
-0.00868517, -0.00360544, 0.00248754
float3(-0.0926512, -0.0192407, -1.56762)
359929.673825125
normal
simd_float4x4([[0.00147886, -0.995727, 0.092339, 0.0)], [0.999827, 0.00318616, 0.0183447, 0.0)], [-0.0185606, 0.0922959, 0.995559, 0.0)], [-0.00868621, -0.00364026, 0.00244348, 1.0)]])
-0.00868621, -0.00364026, 0.00244348
float3(-0.0924274, -0.0186412, -1.5676)
359929.773814125
normal
simd_float4x4([[0.00224485, -0.995697, 0.0926428, 0.0)], [0.999825, 0.00395612, 0.0182922, 0.0)], [-0.01858, 0.0925855, 0.995531, 0.0)], [-0.00882308, -0.00365777, 0.00214752, 1.0)]])
-0.00882308, -0.00365777, 0.00214752
float3(-0.0927183, -0.0186612, -1.56682)
359929.840473416
normal
simd_float4x4([[0.00262397, -0.995653, 0.0931056, 0.0)], [0.999814, 0.00438938, 0.0187617, 0.0)], [-0.0190889, 0.0930391, 0.995479, 0.0)], [-0.00879037, -0.00372841, 0.00195791, 1.0)]])
-0.00879037, -0.00372841, 0.00195791
float3(-0.0931739, -0.0191732, -1.56639)
359929.907132666
normal
simd_float4x4([[0.00294918, -0.995635, 0.0932874, 0.0)], [0.999831, 0.00463082, 0.0178151, 0.0)], [-0.0181693, 0.0932191, 0.99548, 0.0)], [-0.00881657, -0.00382949, 0.00200709, 1.0)]])
-0.00881657, -0.00382949, 0.00200709
float3(-0.0933546, -0.0182498, -1.56615)
359929.990456666
normal
simd_float4x4([[0.00341584, -0.995589, 0.0937605, 0.0)], [0.999813, 0.00518324, 0.0186131, 0.0)], [-0.019017, 0.0936795, 0.995421, 0.0)], [-0.00862392, -0.00399281, 0.00178417, 1.0)]])
-0.00862392, -0.00399281, 0.00178417
float3(-0.093817, -0.0191022, -1.56559)
359930.057115958
normal
simd_float4x4([[0.00340784, -0.99556, 0.094065, 0.0)], [0.999832, 0.0050872, 0.0176192, 0.0)], [-0.0180195, 0.0939891, 0.99541, 0.0)], [-0.00833195, -0.00412739, 0.0017692, 1.0)]])
-0.00833195, -0.00412739, 0.0017692
float3(-0.0941281, -0.0181006, -1.56569)
359930.12377525
normal
simd_float4x4([[0.00367527, -0.995401, 0.0957208, 0.0)], [0.999825, 0.00541327, 0.0179036, 0.0)], [-0.0183394, 0.0956382, 0.995247, 0.0)], [-0.008432, -0.00439632, 0.00147624, 1.0)]])
-0.008432, -0.00439632, 0.00147624
float3(-0.0957846, -0.0184249, -1.56536)
359930.190434416
normal
simd_float4x4([[0.00378928, -0.995389, 0.0958454, 0.0)], [0.999831, 0.00549625, 0.0175519, 0.0)], [-0.0179978, 0.0957627, 0.995241, 0.0)], [-0.00834961, -0.00451209, 0.00135009, 1.0)]])
-0.00834961, -0.00451209, 0.00135009
float3(-0.0959097, -0.0180818, -1.56527)
359930.257093708
normal
simd_float4x4([[0.0031063, -0.99541, 0.0956472, 0.0)], [0.999854, 0.00470033, 0.0164449, 0.0)], [-0.016819, 0.0955821, 0.995279, 0.0)], [-0.00837899, -0.00469065, 0.00111033, 1.0)]])
-0.00837899, -0.00469065, 0.00111033
float3(-0.0957282, -0.0168972, -1.56607)
359930.323752875
normal
simd_float4x4([[0.0032351, -0.995421, 0.0955307, 0.0)], [0.999877, 0.00468625, 0.01497, 0.0)], [-0.0153491, 0.0954705, 0.995314, 0.0)], [-0.00843547, -0.00470457, 0.00087816, 1.0)]])
-0.00843547, -0.00470457, 0.00087816
float3(-0.0956161, -0.0154202, -1.56609)
359930.407077
normal
simd_float4x4([[0.00320548, -0.995318, 0.0965999, 0.0)], [0.999923, 0.00434878, 0.0116272, 0.0)], [-0.0119928, 0.0965552, 0.995255, 0.0)], [-0.00863033, -0.00483777, 0.000589279, 1.0)]])
-0.00863033, -0.00483777, 0.000589279
float3(-0.0967059, -0.0120494, -1.56643)
359930.490401041
normal
simd_float4x4([[0.00381547, -0.99525, 0.0972737, 0.0)], [0.99995, 0.00469589, 0.00882357, 0.0)], [-0.00923845, 0.0972352, 0.995219, 0.0)], [-0.00901591, -0.00495627, 8.58467e-05, 1.0)]])
-0.00901591, -0.00495627, 8.58467e-05
float3(-0.0973891, -0.00928257, -1.56608)
359930.557060541
normal
simd_float4x4([[0.00411156, -0.995268, 0.0970857, 0.0)], [0.999965, 0.00480236, 0.00688269, 0.0)], [-0.00731636, 0.0970539, 0.995252, 0.0)], [-0.00946964, -0.00499111, 0.000109319, 1.0)]])
-0.00946964, -0.00499111, 0.000109319
float3(-0.097207, -0.00735113, -1.56597)
359930.6403845
normal
simd_float4x4([[0.00491927, -0.995281, 0.0969097, 0.0)], [0.999978, 0.00531971, 0.00387417, 0.0)], [-0.00437142, 0.0968886, 0.995286, 0.0)], [-0.00997505, -0.00488283, -0.000766312, 1.0)]])
-0.00997505, -0.00488283, -0.000766312
float3(-0.0970408, -0.0043921, -1.56545)
359930.707043625
normal
simd_float4x4([[0.00406694, -0.99534, 0.0963425, 0.0)], [0.999991, 0.00416156, 0.000781275, 0.0)], [-0.00117857, 0.0963385, 0.995348, 0.0)], [-0.0099943, -0.0050136, -0.00118961, 1.0)]])
-0.0099943, -0.0050136, -0.00118961
float3(-0.0964881, -0.00118408, -1.56662)
359930.773702875
normal
simd_float4x4([[0.00392641, -0.995337, 0.096381, 0.0)], [0.999991, 0.00377792, -0.00172313, 0.0)], [0.00135097, 0.0963869, 0.995343, 0.0)], [-0.0103166, -0.00505502, -0.00153668, 1.0)]])
-0.0103166, -0.00505502, -0.00153668
float3(-0.0965368, 0.00135729, -1.567)
359930.857027125
normal
simd_float4x4([[0.00423476, -0.995357, 0.0961604, 0.0)], [0.999983, 0.00383912, -0.004299, 0.0)], [0.00390987, 0.096177, 0.995357, 0.0)], [-0.0108456, -0.00489814, -0.001426, 1.0)]])
-0.0108456, -0.00489814, -0.001426
float3(-0.0963259, 0.00392809, -1.56694)
359930.94035125
normal
simd_float4x4([[0.0042154, -0.995404, 0.0956763, 0.0)], [0.99996, 0.00344276, -0.00823914, 0.0)], [0.00787188, 0.0957072, 0.995378, 0.0)], [-0.0114252, -0.00478406, -0.00181752, 1.0)]])
-0.0114252, -0.00478406, -0.00181752
float3(-0.095854, 0.00790826, -1.56734)
359931.007010416
normal
simd_float4x4([[0.00437494, -0.995483, 0.0948366, 0.0)], [0.999949, 0.0034899, -0.00949614, 0.0)], [0.00912228, 0.0948733, 0.995448, 0.0)], [-0.0116439, -0.00468249, -0.00159705, 1.0)]])
-0.0116439, -0.00468249, -0.00159705
float3(-0.0950162, 0.00916374, -1.56729)
359931.090334416
normal
simd_float4x4([[0.00433321, -0.99557, 0.0939263, 0.0)], [0.999928, 0.00326281, -0.0115467, 0.0)], [0.0111891, 0.0939695, 0.995512, 0.0)], [-0.0117523, -0.00455708, -0.0017882, 1.0)]])
-0.0117523, -0.00455708, -0.0017882
float3(-0.0941084, 0.011239, -1.56752)
359931.173658625
normal
simd_float4x4([[0.00421491, -0.995552, 0.0941198, 0.0)], [0.999899, 0.00291586, -0.0139354, 0.0)], [0.013599, 0.094169, 0.995463, 0.0)], [-0.0120156, -0.00485895, -0.00222912, 1.0)]])
-0.0120156, -0.00485895, -0.00222912
float3(-0.0943087, 0.0136601, -1.56787)
359931.273647416
normal
simd_float4x4([[0.00413111, -0.995384, 0.0958855, 0.0)], [0.999869, 0.00261046, -0.015979, 0.0)], [0.0156549, 0.0959389, 0.995264, 0.0)], [-0.0122082, -0.00518209, -0.00318024, 1.0)]])
-0.0122082, -0.00518209, -0.00318024
float3(-0.0960867, 0.0157281, -1.56817)
359931.356971625
normal
simd_float4x4([[0.00383069, -0.995404, 0.0956914, 0.0)], [0.999868, 0.00230111, -0.0160898, 0.0)], [0.0157956, 0.0957404, 0.995281, 0.0)], [-0.0125543, -0.00512904, -0.00295221, 1.0)]])
-0.0125543, -0.00512904, -0.00295221
float3(-0.0958873, 0.0158692, -1.56848)
359931.42363075
normal
simd_float4x4([[0.00336948, -0.995449, 0.0952353, 0.0)], [0.99985, 0.00173779, -0.017211, 0.0)], [0.0169672, 0.095279, 0.995306, 0.0)], [-0.0123892, -0.00511732, -0.00288405, 1.0)]])
-0.0123892, -0.00511732, -0.00288405
float3(-0.0954238, 0.0170455, -1.56905)
359931.490290166
normal
simd_float4x4([[0.00369541, -0.995354, 0.0962102, 0.0)], [0.999853, 0.00206779, -0.0170115, 0.0)], [0.0167335, 0.0962589, 0.995216, 0.0)], [-0.0130515, -0.00495166, -0.0031741, 1.0)]])
-0.0130515, -0.00495166, -0.0031741
float3(-0.0964082, 0.0168124, -1.56872)
359931.556949375
normal
simd_float4x4([[0.00313368, -0.995364, 0.0961309, 0.0)], [0.999834, 0.00139231, -0.0181763, 0.0)], [0.0179582, 0.0961718, 0.995203, 0.0)], [-0.0129737, -0.00507485, -0.00320164, 1.0)]])
-0.0129737, -0.00507485, -0.00320164
float3(-0.0963207, 0.0180428, -1.5694)
359931.656938291
normal
simd_float4x4([[0.00383482, -0.995394, 0.0957963, 0.0)], [0.999815, 0.00200966, -0.0191417, 0.0)], [0.018861, 0.0958519, 0.995217, 0.0)], [-0.0134655, -0.00478669, -0.00345845, 1.0)]])
-0.0134655, -0.00478669, -0.00345845
float3(-0.0959993, 0.0189494, -1.56878)
359931.740262333
normal
simd_float4x4([[0.00523402, -0.995427, 0.0953775, 0.0)], [0.999804, 0.00338599, -0.0195275, 0.0)], [0.0191153, 0.095461, 0.99525, 0.0)], [-0.013953, -0.0045772, -0.00345289, 1.0)]])
-0.013953, -0.0045772, -0.00345289
float3(-0.0956065, 0.0192041, -1.56739)
359931.823586375
normal
simd_float4x4([[0.00657231, -0.995484, 0.0947018, 0.0)], [0.999813, 0.00482179, -0.0187015, 0.0)], [0.0181604, 0.094807, 0.99533, 0.0)], [-0.0143595, -0.00447231, -0.00339047, 1.0)]])
-0.0143595, -0.00447231, -0.00339047
float3(-0.0949496, 0.0182436, -1.56595)
359931.923575166
normal
simd_float4x4([[0.00753344, -0.995531, 0.0941309, 0.0)], [0.999857, 0.00607213, -0.015801, 0.0)], [0.0151588, 0.0942365, 0.995434, 0.0)], [-0.0152782, -0.0045171, -0.00348201, 1.0)]])
-0.0152782, -0.0045171, -0.00348201
float3(-0.0943765, 0.0152272, -1.5647)
359932.006899291
normal
simd_float4x4([[0.00798539, -0.995503, 0.0943901, 0.0)], [0.999931, 0.00713524, -0.0093409, 0.0)], [0.00862539, 0.0944581, 0.995491, 0.0)], [-0.0152703, -0.00435972, -0.00361836, 1.0)]])
-0.0152703, -0.00435972, -0.00361836
float3(-0.0945992, 0.00866424, -1.56363)
359932.090223375
normal
simd_float4x4([[0.00732309, -0.995607, 0.0933434, 0.0)], [0.999972, 0.00743028, 0.000800796, 0.0)], [-0.00149085, 0.093335, 0.995634, 0.0)], [-0.0160558, -0.00396791, -0.00374045, 1.0)]])
-0.0160558, -0.00396791, -0.00374045
float3(-0.093471, -0.00149739, -1.56333)
359932.156882791
normal
simd_float4x4([[0.00610356, -0.995564, 0.0938874, 0.0)], [0.999934, 0.00699216, 0.0091385, 0.0)], [-0.00975444, 0.0938254, 0.995541, 0.0)], [-0.0168066, -0.00317284, -0.00381429, 1.0)]])
-0.0168066, -0.00317284, -0.00381429
float3(-0.0939636, -0.00979782, -1.56377)
359932.24020675
normal
simd_float4x4([[-2.68326e-05, -0.996115, 0.0880585, 0.0)], [0.999816, 0.00166165, 0.0191011, 0.0)], [-0.0191733, 0.0880428, 0.995932, 0.0)], [-0.0167419, -0.00178386, -0.00124761, 1.0)]])
-0.0167419, -0.00178386, -0.00124761
float3(-0.088157, -0.0192492, -1.56913)
359932.306866041
normal
simd_float4x4([[-0.00367814, -0.996536, 0.083083, 0.0)], [0.999613, -0.00137321, 0.0277825, 0.0)], [-0.0275722, 0.0831531, 0.996155, 0.0)], [-0.0187353, -0.00080467, 0.00077512, 1.0)]])
-0.0187353, -0.00080467, 0.00077512
float3(-0.0832492, -0.0276716, -1.57217)
359932.39019
normal
simd_float4x4([[-0.00662277, -0.996758, 0.0801825, 0.0)], [0.999293, -0.00362906, 0.0374244, 0.0)], [-0.0370121, 0.0803736, 0.996077, 0.0)], [-0.0203861, -0.00176229, 0.00239225, 1.0)]])
-0.0203861, -0.00176229, 0.00239225
float3(-0.0804604, -0.0371408, -1.57444)
359932.456849416
normal
simd_float4x4([[-0.00911142, -0.996396, 0.0843291, 0.0)], [0.998724, -0.00487914, 0.0502584, 0.0)], [-0.0496658, 0.0846794, 0.99517, 0.0)], [-0.021936, -0.00337656, 0.00138699, 1.0)]])
-0.021936, -0.00337656, 0.00138699
float3(-0.084781, -0.0498655, -1.57569)
359932.5401735
normal
simd_float4x4([[-0.0122984, -0.995848, 0.0901969, 0.0)], [0.998444, -0.00732428, 0.0552725, 0.0)], [-0.0543824, 0.0907364, 0.994389, 0.0)], [-0.0224727, -0.016914, -0.00926872, 1.0)]])
-0.0224727, -0.016914, -0.00926872
float3(-0.0908614, -0.0546348, -1.57815)
359932.623497708
normal
simd_float4x4([[-0.0151935, -0.995325, 0.0953809, 0.0)], [0.997601, -0.00864584, 0.0686892, 0.0)], [-0.0675435, 0.0961957, 0.993068, 0.0)], [-0.0244435, -0.0209111, -0.0120023, 1.0)]])
-0.0244435, -0.0209111, -0.0120023
float3(-0.0963446, -0.0679103, -1.57948)
359932.690156875
normal
simd_float4x4([[-0.0159213, -0.994986, 0.0987393, 0.0)], [0.996687, -0.00791568, 0.0809459, 0.0)], [-0.0797585, 0.099701, 0.991816, 0.0)], [-0.0259915, -0.0255555, -0.0152984, 1.0)]])
-0.0259915, -0.0255555, -0.0152984
float3(-0.0998669, -0.080244, -1.57875)
359932.790145916
normal
simd_float4x4([[-0.0216356, -0.994144, 0.105872, 0.0)], [0.99497, -0.0110509, 0.0995601, 0.0)], [-0.0978071, 0.107493, 0.989383, 0.0)], [-0.0268723, -0.0362061, -0.0224195, 1.0)]])
-0.0268723, -0.0362061, -0.0224195
float3(-0.107701, -0.0985365, -1.58191)
359932.856805041
normal
simd_float4x4([[-0.0246283, -0.992189, 0.122291, 0.0)], [0.993648, -0.0108593, 0.112007, 0.0)], [-0.109804, 0.124273, 0.986154, 0.0)], [-0.0269814, -0.0452569, -0.0298524, 1.0)]])
-0.0269814, -0.0452569, -0.0298524
float3(-0.124595, -0.110889, -1.58174)
359932.956794
normal
simd_float4x4([[-0.0269111, -0.98897, 0.145648, 0.0)], [0.99231, -0.00881916, 0.123464, 0.0)], [-0.120818, 0.14785, 0.981602, 0.0)], [-0.0275869, -0.0589827, -0.0399062, 1.0)]])
-0.0275869, -0.0589827, -0.0399062
float3(-0.148394, -0.122466, -1.57971)
359933.02345325
normal
simd_float4x4([[-0.0244335, -0.98782, 0.153668, 0.0)], [0.992039, -0.00496245, 0.125836, 0.0)], [-0.123541, 0.155519, 0.980077, 0.0)], [-0.02837, -0.0660233, -0.0428315, 1.0)]])
-0.02837, -0.0660233, -0.0428315
float3(-0.156153, -0.125391, -1.57582)
359933.090112666
normal
simd_float4x4([[-0.0220597, -0.987675, 0.154955, 0.0)], [0.992098, -0.00247784, 0.125444, 0.0)], [-0.123514, 0.156498, 0.979925, 0.0)], [-0.0303064, -0.0705882, -0.0442101, 1.0)]])
-0.0303064, -0.0705882, -0.0442101
float3(-0.157144, -0.125383, -1.57331)
359933.173436708
normal
simd_float4x4([[-0.0177197, -0.988011, 0.153363, 0.0)], [0.992078, 0.00170577, 0.125615, 0.0)], [-0.124371, 0.154373, 0.980154, 0.0)], [-0.0329475, -0.0744884, -0.0432085, 1.0)]])
-0.0329475, -0.0744884, -0.0432085
float3(-0.154993, -0.126215, -1.56907)
359933.240095958
normal
simd_float4x4([[-0.012952, -0.989, 0.147348, 0.0)], [0.992544, 0.00514509, 0.12178, 0.0)], [-0.121198, 0.147826, 0.981559, 0.0)], [-0.0357838, -0.0751528, -0.0423025, 1.0)]])
-0.0357838, -0.0751528, -0.0423025
float3(-0.14837, -0.122853, -1.56559)
359933.323420083
normal
simd_float4x4([[-0.0153447, -0.990188, 0.138899, 0.0)], [0.993532, 0.000531701, 0.11355, 0.0)], [-0.112509, 0.139743, 0.983775, 0.0)], [-0.0364434, -0.0771669, -0.0426642, 1.0)]])
-0.0364434, -0.0771669, -0.0426642
float3(-0.140201, -0.11387, -1.57026)
359933.390079541
normal
simd_float4x4([[-0.0158183, -0.990836, 0.134142, 0.0)], [0.993805, -0.000819352, 0.111139, 0.0)], [-0.110011, 0.135069, 0.98471, 0.0)], [-0.0378187, -0.0765533, -0.0421203, 1.0)]])
-0.0378187, -0.0765533, -0.0421203
float3(-0.135483, -0.111258, -1.57162)
359933.473403541
normal
simd_float4x4([[-0.0164494, -0.992205, 0.123523, 0.0)], [0.993735, -0.00256429, 0.111737, 0.0)], [-0.110549, 0.124587, 0.986031, 0.0)], [-0.0395444, -0.074719, -0.038245, 1.0)]])
-0.0395444, -0.074719, -0.038245
float3(-0.124911, -0.111649, -1.57338)
359933.556727708
normal
simd_float4x4([[-0.0157063, -0.994466, 0.103881, 0.0)], [0.993425, -0.00373753, 0.114421, 0.0)], [-0.113399, 0.104995, 0.987986, 0.0)], [-0.0406254, -0.0734592, -0.0337498, 1.0)]])
-0.0406254, -0.0734592, -0.0337498
float3(-0.105189, -0.114278, -1.57455)
359933.623386916
normal
simd_float4x4([[-0.0151346, -0.995716, 0.0912177, 0.0)], [0.992617, -0.00398219, 0.121223, 0.0)], [-0.120341, 0.0923789, 0.988425, 0.0)], [-0.0402513, -0.0733176, -0.0317134, 1.0)]])
-0.0402513, -0.0733176, -0.0317134
float3(-0.0925108, -0.121154, -1.5748)
359933.706710958
normal
simd_float4x4([[-0.0154835, -0.996208, 0.0856114, 0.0)], [0.991247, -0.00406628, 0.131958, 0.0)], [-0.13111, 0.0869052, 0.987551, 0.0)], [-0.0385784, -0.0731571, -0.0309161, 1.0)]])
-0.0385784, -0.0731571, -0.0309161
float3(-0.087015, -0.13199, -1.57488)
359933.773370375
normal
simd_float4x4([[-0.0164942, -0.996747, 0.0788877, 0.0)], [0.989415, -0.0048945, 0.145029, 0.0)], [-0.144172, 0.0804448, 0.986278, 0.0)], [-0.035827, -0.0731149, -0.0308487, 1.0)]])
-0.035827, -0.0731149, -0.0308487
float3(-0.0805318, -0.145149, -1.57571)
359933.840029666
normal
simd_float4x4([[-0.0161173, -0.997306, 0.0715667, 0.0)], [0.985645, -0.00381665, 0.168787, 0.0)], [-0.168059, 0.0732597, 0.983051, 0.0)], [-0.0327569, -0.0726617, -0.0290933, 1.0)]])
-0.0327569, -0.0726617, -0.0290933
float3(-0.0733254, -0.16932, -1.57462)
359933.906688916
normal
simd_float4x4([[-0.0119643, -0.997645, 0.0675426, 0.0)], [0.980483, 0.00155162, 0.196599, 0.0)], [-0.196241, 0.0685765, 0.978155, 0.0)], [-0.0279116, -0.0717904, -0.0291126, 1.0)]])
-0.0279116, -0.0717904, -0.0291126
float3(-0.0686304, -0.197995, -1.56924)
359933.973348333
normal
simd_float4x4([[-0.0124942, -0.997317, 0.0721287, 0.0)], [0.973528, 0.00433154, 0.228527, 0.0)], [-0.228227, 0.0730746, 0.970862, 0.0)], [-0.0195821, -0.071875, -0.0293054, 1.0)]])
-0.0195821, -0.071875, -0.0293054
float3(-0.0731398, -0.230884, -1.56645)
359934.040007458
normal
simd_float4x4([[-0.0167467, -0.996776, 0.0784627, 0.0)], [0.965805, 0.00417997, 0.259238, 0.0)], [-0.25873, 0.080121, 0.962621, 0.0)], [-0.00811865, -0.0723762, -0.0296063, 1.0)]])
-0.00811865, -0.0723762, -0.0296063
float3(-0.080207, -0.262571, -1.5666)
359934.123331583
normal
simd_float4x4([[-0.0243058, -0.996381, 0.0814474, 0.0)], [0.951655, 0.0018937, 0.307163, 0.0)], [-0.306205, 0.0849757, 0.948165, 0.0)], [0.0114512, -0.0753452, -0.0272522, 1.0)]])
0.0114512, -0.0753452, -0.0272522
float3(-0.0850783, -0.312372, -1.5689)
359934.189991083
normal
simd_float4x4([[-0.0337309, -0.995802, 0.0850909, 0.0)], [0.937464, -0.00201175, 0.348077, 0.0)], [-0.346445, 0.0915106, 0.933596, 0.0)], [0.0312442, -0.0797616, -0.0253937, 1.0)]])
0.0312442, -0.0797616, -0.0253937
float3(-0.0916388, -0.355335, -1.57282)
359934.273315166
normal
simd_float4x4([[-0.0513262, -0.994989, 0.0858034, 0.0)], [0.917094, -0.0129466, 0.39846, 0.0)], [-0.395353, 0.0991413, 0.913163, 0.0)], [0.0609416, -0.0876652, -0.0213257, 1.0)]])
0.0609416, -0.0876652, -0.0213257
float3(-0.0993044, -0.408584, -1.58381)
359934.339974291
normal
simd_float4x4([[-0.0640796, -0.994469, 0.083222, 0.0)], [0.899885, -0.0215322, 0.435596, 0.0)], [-0.431394, 0.102803, 0.896287, 0.0)], [0.0864415, -0.0933839, -0.0171964, 1.0)]])
0.0864415, -0.0933839, -0.0171964
float3(-0.102985, -0.448586, -1.59244)
359934.423298416
normal
simd_float4x4([[-0.0743797, -0.993911, 0.0812927, 0.0)], [0.87812, -0.0266432, 0.477698, 0.0)], [-0.472624, 0.106916, 0.874755, 0.0)], [0.119791, -0.0973721, -0.0119096, 1.0)]])
0.119791, -0.0973721, -0.0119096
float3(-0.107121, -0.49536, -1.5976)
359934.489957833
normal
simd_float4x4([[-0.0823314, -0.993218, 0.0820893, 0.0)], [0.855339, -0.0281471, 0.517304, 0.0)], [-0.511485, 0.112805, 0.851856, 0.0)], [0.147907, -0.0977595, -0.00583622, 1.0)]])
0.147907, -0.0977595, -0.00583622
float3(-0.113045, -0.54074, -1.59913)
359934.573281958
normal
simd_float4x4([[-0.0811686, -0.994675, 0.0635068, 0.0)], [0.82255, -0.030867, 0.567854, 0.0)], [-0.56287, 0.0983295, 0.820676, 0.0)], [0.180434, -0.0965098, 0.00880499, 1.0)]])
0.180434, -0.0965098, 0.00880499
float3(-0.0984886, -0.601174, -1.60182)
359934.639941208
normal
simd_float4x4([[-0.0765094, -0.995624, 0.0536587, 0.0)], [0.792554, -0.0280742, 0.609155, 0.0)], [-0.604983, 0.0891335, 0.791234, 0.0)], [0.20642, -0.0945674, 0.0225113, 1.0)]])
0.20642, -0.0945674, 0.0225113
float3(-0.0892519, -0.652784, -1.59899)
359934.706600416
normal
simd_float4x4([[-0.075905, -0.995584, 0.0552407, 0.0)], [0.757055, -0.0214871, 0.652997, 0.0)], [-0.648927, 0.0913861, 0.755343, 0.0)], [0.232762, -0.0916014, 0.038275, 1.0)]])
0.232762, -0.0916014, 0.038275
float3(-0.0915138, -0.709762, -1.59238)
359934.773259791
normal
simd_float4x4([[-0.0717704, -0.995808, 0.0566975, 0.0)], [0.710325, -0.0111241, 0.703785, 0.0)], [-0.700205, 0.0907847, 0.708146, 0.0)], [0.256472, -0.0869068, 0.0551685, 1.0)]])
0.256472, -0.0869068, 0.0551685
float3(-0.0909099, -0.779759, -1.58197)
359934.839919166
normal
simd_float4x4([[-0.0625727, -0.996991, 0.0457607, 0.0)], [0.654995, -0.006427, 0.755606, 0.0)], [-0.753038, 0.0772533, 0.653426, 0.0)], [0.276044, -0.0817542, 0.0768102, 1.0)]])
0.276044, -0.0817542, 0.0768102
float3(-0.0773304, -0.856105, -1.57724)
359934.906578583
normal
simd_float4x4([[-0.0552625, -0.997815, 0.0362231, 0.0)], [0.591547, -0.00349269, 0.806263, 0.0)], [-0.804374, 0.0659838, 0.590447, 0.0)], [0.292236, -0.0774671, 0.100141, 1.0)]])
0.292236, -0.0774671, 0.100141
float3(-0.0660318, -0.937585, -1.5743)
359934.97323775
normal
simd_float4x4([[-0.0563655, -0.99796, 0.0299932, 0.0)], [0.516983, -0.00347325, 0.855989, 0.0)], [-0.854138, 0.0637543, 0.516124, 0.0)], [0.307294, -0.0750238, 0.12304, 1.0)]])
0.307294, -0.0750238, 0.12304
float3(-0.0637975, -1.02725, -1.57428)
359935.039897166
normal
simd_float4x4([[-0.0555177, -0.998162, 0.0243159, 0.0)], [0.435433, -0.00228887, 0.900218, 0.0)], [-0.898507, 0.0605659, 0.43476, 0.0)], [0.316917, -0.0726895, 0.145452, 1.0)]])
0.316917, -0.0726895, 0.145452
float3(-0.060603, -1.12014, -1.57309)
359935.12322125
normal
simd_float4x4([[-0.0558473, -0.998193, 0.0221928, 0.0)], [0.329715, 0.00254264, 0.944077, 0.0)], [-0.942427, 0.0600414, 0.328977, 0.0)], [0.323738, -0.0719021, 0.1712, 1.0)]])
0.323738, -0.0719021, 0.1712
float3(-0.0600776, -1.23495, -1.56825)
359935.1898805
normal
simd_float4x4([[-0.0588529, -0.99808, 0.0193244, 0.0)], [0.245081, 0.00431945, 0.969493, 0.0)], [-0.967715, 0.0617936, 0.244356, 0.0)], [0.326121, -0.0724638, 0.189814, 1.0)]])
0.326121, -0.0724638, 0.189814
float3(-0.061833, -1.32346, -1.56647)
359935.256539791
normal
simd_float4x4([[-0.0690818, -0.997441, 0.018442, 0.0)], [0.152903, 0.00768141, 0.988211, 0.0)], [-0.985824, 0.0710872, 0.151981, 0.0)], [0.324953, -0.0723362, 0.206773, 1.0)]])
0.324953, -0.0723362, 0.206773
float3(-0.0711472, -1.41783, -1.5631)
359935.323199208
normal
simd_float4x4([[-0.0742746, -0.997165, 0.0120568, 0.0)], [0.051529, 0.00823645, 0.998637, 0.0)], [-0.995905, 0.0747946, 0.0507712, 0.0)], [0.3208, -0.0708616, 0.224219, 1.0)]])
0.3208, -0.0708616, 0.224219
float3(-0.0748646, -1.51986, -1.56254)
359935.423188166
normal
simd_float4x4([[-0.0728451, -0.997336, 0.00378402, 0.0)], [-0.116911, 0.0123069, 0.993066, 0.0)], [-0.990467, 0.0718976, -0.117496, 0.0)], [0.305465, -0.0675472, 0.248323, 1.0)]])
0.305465, -0.0675472, 0.248323
float3(-0.0719597, -1.68887, -1.55846)
359935.489847416
normal
simd_float4x4([[-0.0653955, -0.997859, -0.000908867, 0.0)], [-0.227438, 0.0140185, 0.973692, 0.0)], [-0.971594, 0.0638818, -0.227868, 0.0)], [0.290794, -0.0658778, 0.262656, 1.0)]])
0.290794, -0.0658778, 0.262656
float3(-0.0639253, -1.80116, -1.55675)
359935.5731715
normal
simd_float4x4([[-0.0575872, -0.998336, -0.00308161, 0.0)], [-0.363853, 0.0181136, 0.93128, 0.0)], [-0.929674, 0.054751, -0.364291, 0.0)], [0.268651, -0.064727, 0.274125, 1.0)]])
0.268651, -0.064727, 0.274125
float3(-0.0547784, -1.94426, -1.55265)
359935.639830708
normal
simd_float4x4([[-0.0475417, -0.998863, -0.0034769, 0.0)], [-0.468183, 0.0192085, 0.883423, 0.0)], [-0.882352, 0.0436272, -0.468564, 0.0)], [0.249457, -0.0647348, 0.277565, 1.0)]])
0.249457, -0.0647348, 0.277565
float3(-0.0436411, -2.05897, -1.55157)
359935.723199666
normal
simd_float4x4([[-0.0360492, -0.999309, -0.00907627, 0.0)], [-0.574261, 0.0132813, 0.818565, 0.0)], [-0.817878, 0.0347207, -0.574342, 0.0)], [0.22623, -0.0632554, 0.275365, 1.0)]])
0.22623, -0.0632554, 0.275365
float3(-0.0347277, -2.18302, -1.55751)
359935.773227708
normal
simd_float4x4([[-0.0348946, -0.999251, -0.0167004, 0.0)], [-0.631442, 0.00909175, 0.77537, 0.0)], [-0.774638, 0.0376016, -0.631287, 0.0)], [0.215441, -0.0609535, 0.273413, 1.0)]])
0.215441, -0.0609535, 0.273413
float3(-0.0376104, -2.25458, -1.5617)
359935.823255875
normal
simd_float4x4([[-0.0304887, -0.999393, -0.0168871, 0.0)], [-0.679967, 0.00835487, 0.733195, 0.0)], [-0.732609, 0.0338368, -0.679809, 0.0)], [0.203117, -0.059554, 0.264324, 1.0)]])
0.203117, -0.059554, 0.264324
float3(-0.0338433, -2.31883, -1.56244)
359935.873283875
normal
simd_float4x4([[-0.0312192, -0.999393, -0.0154808, 0.0)], [-0.720396, 0.011762, 0.693463, 0.0)], [-0.69286, 0.0328017, -0.720326, 0.0)], [0.194227, -0.0555105, 0.261493, 1.0)]])
0.194227, -0.0555105, 0.261493
float3(-0.0328076, -2.37563, -1.55903)
359935.923312
normal
simd_float4x4([[-0.0353468, -0.999245, -0.0161444, 0.0)], [-0.755249, 0.0161294, 0.65524, 0.0)], [-0.654485, 0.0353537, -0.755248, 0.0)], [0.183284, -0.0553039, 0.247671, 1.0)]])
0.183284, -0.0553039, 0.247671
float3(-0.0353611, -2.42755, -1.55466)
359935.973339916
normal
simd_float4x4([[-0.0340922, -0.999199, -0.0209373, 0.0)], [-0.78432, 0.0137648, 0.620203, 0.0)], [-0.619419, 0.0375656, -0.784162, 0.0)], [0.175954, -0.0532477, 0.24244, 1.0)]])
0.175954, -0.0532477, 0.24244
float3(-0.0375745, -2.47303, -1.55702)
359936.023368208
normal
simd_float4x4([[-0.0313987, -0.999162, -0.0262474, 0.0)], [-0.809976, 0.0100498, 0.586376, 0.0)], [-0.585621, 0.0396713, -0.809613, 0.0)], [0.164267, -0.0537564, 0.225937, 1.0)]])
0.164267, -0.0537564, 0.225937
float3(-0.0396817, -2.51538, -1.56074)
359936.073396208
normal
simd_float4x4([[-0.0296727, -0.999053, -0.0318109, 0.0)], [-0.833386, 0.0071554, 0.552646, 0.0)], [-0.551895, 0.0429093, -0.832809, 0.0)], [0.158438, -0.0508296, 0.218168, 1.0)]])
0.158438, -0.0508296, 0.218168
float3(-0.0429225, -2.55635, -1.56363)
359936.140100333
normal
simd_float4x4([[-0.0290785, -0.998947, -0.0354973, 0.0)], [-0.860129, 0.00691384, 0.51003, 0.0)], [-0.509247, 0.0453631, -0.859424, 0.0)], [0.14241, -0.0513844, 0.191512, 1.0)]])
0.14241, -0.0513844, 0.191512
float3(-0.0453787, -2.60667, -1.56388)
359936.206804375
normal
simd_float4x4([[-0.0317274, -0.998708, -0.0396866, 0.0)], [-0.884028, 0.00951314, 0.467337, 0.0)], [-0.466356, 0.0499114, -0.883188, 0.0)], [0.132098, -0.0493748, 0.171297, 1.0)]])
0.132098, -0.0493748, 0.171297
float3(-0.0499322, -2.65577, -1.56127)
359936.256832416
normal
simd_float4x4([[-0.0303601, -0.998646, -0.042253, 0.0)], [-0.899607, 0.00887613, 0.43661, 0.0)], [-0.435643, 0.0512666, -0.898658, 0.0)], [0.118081, -0.0501035, 0.14771, 1.0)]])
0.118081, -0.0501035, 0.14771
float3(-0.0512891, -2.6902, -1.56191)
359936.323536541
normal
simd_float4x4([[-0.028902, -0.998496, -0.0465896, 0.0)], [-0.918141, 0.00809077, 0.396172, 0.0)], [-0.395199, 0.054226, -0.916994, 0.0)], [0.102121, -0.0487179, 0.125178, 1.0)]])
0.102121, -0.0487179, 0.125178
float3(-0.0542526, -2.73467, -1.56269)
359936.37356475
normal
simd_float4x4([[-0.0282192, -0.998463, -0.0477005, 0.0)], [-0.930467, 0.00879937, 0.366269, 0.0)], [-0.365287, 0.0547196, -0.929285, 0.0)], [0.0860685, -0.0491977, 0.0986241, 1.0)]])
0.0860685, -0.0491977, 0.0986241
float3(-0.0547469, -2.76706, -1.56198)
359936.440268708
normal
simd_float4x4([[-0.0290879, -0.998385, -0.0488074, 0.0)], [-0.944678, 0.0114983, 0.327798, 0.0)], [-0.326708, 0.0556422, -0.943486, 0.0)], [0.069431, -0.0472901, 0.0716431, 1.0)]])
0.069431, -0.0472901, 0.0716431
float3(-0.055671, -2.80824, -1.55928)
359936.490296875
normal
simd_float4x4([[-0.0312128, -0.998248, -0.0502623, 0.0)], [-0.953903, 0.0147334, 0.299755, 0.0)], [-0.298489, 0.0573015, -0.952691, 0.0)], [0.0520971, -0.0466852, 0.0430637, 1.0)]])
0.0520971, -0.0466852, 0.0430637
float3(-0.0573329, -2.83797, -1.55604)
359936.55700075
normal
simd_float4x4([[-0.0314164, -0.998237, -0.0503632, 0.0)], [-0.964167, 0.0169869, 0.264751, 0.0)], [-0.263429, 0.0568761, -0.963001, 0.0)], [0.0681349, -0.0468916, 0.0758138, 1.0)]])
0.0681349, -0.0468916, 0.0758138
float3(-0.0569068, -2.87458, -1.55378)
359936.640381041
normal
simd_float4x4([[-0.0280056, -0.998525, -0.0465155, 0.0)], [-0.973058, 0.0165786, 0.229965, 0.0)], [-0.228854, 0.0517026, -0.972087, 0.0)], [0.0406646, -0.0448707, 0.0279703, 1.0)]])
0.0406646, -0.0448707, 0.0279703
float3(-0.0517257, -2.91038, -1.55419)
359936.690409
normal
simd_float4x4([[-0.0290771, -0.998371, -0.0490805, 0.0)], [-0.977312, 0.0180893, 0.211032, 0.0)], [-0.2098, 0.0541032, -0.976246, 0.0)], [0.0639173, -0.0487908, 0.056967, 1.0)]])
0.0639173, -0.0487908, 0.056967
float3(-0.0541296, -2.92991, -1.55268)
359936.757113125
normal
simd_float4x4([[-0.0269514, -0.998383, -0.0500529, 0.0)], [-0.981548, 0.0169484, 0.190461, 0.0)], [-0.189304, 0.0542625, -0.980418, 0.0)], [0.0448052, -0.0476641, 0.0187248, 1.0)]])
0.0448052, -0.0476641, 0.0187248
float3(-0.0542892, -2.95085, -1.55382)
359936.807141083
normal
