ARKit Data
264774.447039708
normal
simd_float4x4([[0.930812, -0.314915, -0.185519, 0.0)], [0.362254, 0.862355, 0.353717, 0.0)], [0.0485922, -0.396449, 0.91677, 0.0)], [-1.92187, -0.704978, 1.4055, 1.0)]])
-1.92187, -0.704978, 1.4055
float3(0.407646, 0.0529542, -0.350134)
264774.819586833
notAvailable
simd_float4x4([[1.0, 0.0, 0.0, 0.0)], [0.0, 1.0, 0.0, 0.0)], [0.0, 0.0, 1.0, 0.0)], [0.0, 0.0, 0.0, 1.0)]])
0.0, 0.0, 0.0
float3(-0.0, 0.0, 0.0)
264774.93624075
limited(__ObjC.ARCamera.TrackingState.Reason.initializing)
simd_float4x4([[0.934747, -0.326253, -0.140737, 0.0)], [0.355314, 0.858295, 0.370246, 0.0)], [-2.60138e-08, -0.396093, 0.918211, 0.0)], [0.0, 0.0, 0.0, 1.0)]])
0.0, 0.0, 0.0
float3(0.407258, -2.8331e-08, -0.36325)
264775.069558958
limited(__ObjC.ARCamera.TrackingState.Reason.initializing)
simd_float4x4([[0.934487, -0.32667, -0.141495, 0.0)], [0.355997, 0.858199, 0.369811, 0.0)], [0.000624845, -0.395955, 0.91827, 0.0)], [0.0, 0.0, 0.0, 1.0)]])
0.0, 0.0, 0.0
float3(0.407108, 0.000680459, -0.363711)
264775.202877333
limited(__ObjC.ARCamera.TrackingState.Reason.initializing)
simd_float4x4([[0.934104, -0.327182, -0.142838, 0.0)], [0.357, 0.857317, 0.370888, 0.0)], [0.00110977, -0.397441, 0.917627, 0.0)], [0.0, 0.0, 0.0, 1.0)]])
0.0, 0.0, 0.0
float3(0.408726, 0.00120939, -0.364574)
264775.33619575
limited(__ObjC.ARCamera.TrackingState.Reason.initializing)
simd_float4x4([[0.93411, -0.327175, -0.142812, 0.0)], [0.356984, 0.857288, 0.37097, 0.0)], [0.00105905, -0.397509, 0.917598, 0.0)], [0.0, 0.0, 0.0, 1.0)]])
0.0, 0.0, 0.0
float3(0.4088, 0.00115415, -0.364578)
264775.469514166
limited(__ObjC.ARCamera.TrackingState.Reason.initializing)
simd_float4x4([[0.933819, -0.326766, -0.145624, 0.0)], [0.357729, 0.856876, 0.371205, 0.0)], [0.00348473, -0.398732, 0.917061, 0.0)], [0.0, 0.0, 0.0, 1.0)]])
0.0, 0.0, 0.0
float3(0.410134, 0.00379987, -0.364322)
264775.602832666
limited(__ObjC.ARCamera.TrackingState.Reason.initializing)
simd_float4x4([[0.933851, -0.326627, -0.145731, 0.0)], [0.357635, 0.857815, 0.369121, 0.0)], [0.00444563, -0.396822, 0.917884, 0.0)], [0.0, 0.0, 0.0, 1.0)]])
0.0, 0.0, 0.0
float3(0.408052, 0.00484331, -0.363816)
264775.736150916
limited(__ObjC.ARCamera.TrackingState.Reason.initializing)
simd_float4x4([[0.933846, -0.326502, -0.146039, 0.0)], [0.357632, 0.858654, 0.367169, 0.0)], [0.00551541, -0.395107, 0.918618, 0.0)], [0.0, 0.0, 0.0, 1.0)]])
0.0, 0.0, 0.0
float3(0.406184, 0.00600396, -0.363364)
264775.869469125
limited(__ObjC.ARCamera.TrackingState.Reason.initializing)
simd_float4x4([[0.933765, -0.326707, -0.146104, 0.0)], [0.357839, 0.859003, 0.366148, 0.0)], [0.00588059, -0.394178, 0.919015, 0.0)], [0.0, 0.0, 0.0, 1.0)]])
0.0, 0.0, 0.0
float3(0.405173, 0.00639871, -0.363437)
264776.002787625
limited(__ObjC.ARCamera.TrackingState.Reason.initializing)
simd_float4x4([[0.933708, -0.327027, -0.145748, 0.0)], [0.357981, 0.859815, 0.364099, 0.0)], [0.00624646, -0.392137, 0.919885, 0.0)], [0.0, 0.0, 0.0, 1.0)]])
0.0, 0.0, 0.0
float3(0.402953, 0.00679037, -0.363449)
264776.136105958
limited(__ObjC.ARCamera.TrackingState.Reason.initializing)
simd_float4x4([[0.933919, -0.326554, -0.145459, 0.0)], [0.357425, 0.860408, 0.363241, 0.0)], [0.0065368, -0.391229, 0.92027, 0.0)], [0.0, 0.0, 0.0, 1.0)]])
0.0, 0.0, 0.0
float3(0.401966, 0.00710302, -0.362739)
264776.269424375
limited(__ObjC.ARCamera.TrackingState.Reason.initializing)
simd_float4x4([[0.933571, -0.327461, -0.145649, 0.0)], [0.358329, 0.860469, 0.362206, 0.0)], [0.00671836, -0.390336, 0.920648, 0.0)], [0.0, 0.0, 0.0, 1.0)]])
0.0, 0.0, 0.0
float3(0.400996, 0.0072973, -0.363638)
264776.402742916
limited(__ObjC.ARCamera.TrackingState.Reason.initializing)
simd_float4x4([[0.933873, -0.327821, -0.142881, 0.0)], [0.357575, 0.861233, 0.361135, 0.0)], [0.00466642, -0.388345, 0.921502, 0.0)], [0.0, 0.0, 0.0, 1.0)]])
0.0, 0.0, 0.0
float3(0.398835, 0.00506388, -0.363707)
264776.536061208
limited(__ObjC.ARCamera.TrackingState.Reason.initializing)
simd_float4x4([[0.933604, -0.328271, -0.143601, 0.0)], [0.358256, 0.861943, 0.358757, 0.0)], [0.00600653, -0.386383, 0.922319, 0.0)], [0.0, 0.0, 0.0, 1.0)]])
0.0, 0.0, 0.0
float3(0.396707, 0.00651233, -0.363889)
264776.669379583
limited(__ObjC.ARCamera.TrackingState.Reason.initializing)
simd_float4x4([[0.93249, -0.330298, -0.146171, 0.0)], [0.361061, 0.863471, 0.352213, 0.0)], [0.00987909, -0.381211, 0.924435, 0.0)], [0.0, 0.0, 0.0, 1.0)]])
0.0, 0.0, 0.0
float3(0.391106, 0.0106862, -0.36535)
264776.802697791
limited(__ObjC.ARCamera.TrackingState.Reason.initializing)
simd_float4x4([[0.930337, -0.332983, -0.153608, 0.0)], [0.366239, 0.864845, 0.343382, 0.0)], [0.0185069, -0.375718, 0.926549, 0.0)], [0.0, 0.0, 0.0, 1.0)]])
0.0, 0.0, 0.0
float3(0.385172, 0.0199714, -0.367527)
264776.936016208
limited(__ObjC.ARCamera.TrackingState.Reason.initializing)
simd_float4x4([[0.927167, -0.336074, -0.165578, 0.0)], [0.373397, 0.865027, 0.33511, 0.0)], [0.0306077, -0.372529, 0.927513, 0.0)], [0.0, 0.0, 0.0, 1.0)]])
0.0, 0.0, 0.0
float3(0.381733, 0.0329878, -0.370564)
264777.06933475
limited(__ObjC.ARCamera.TrackingState.Reason.initializing)
simd_float4x4([[0.923765, -0.339163, -0.177835, 0.0)], [0.380475, 0.86563, 0.325444, 0.0)], [0.0435612, -0.368295, 0.928682, 0.0)], [0.0, 0.0, 0.0, 1.0)]])
0.0, 0.0, 0.0
float3(0.377175, 0.0468721, -0.373427)
264777.202653083
limited(__ObjC.ARCamera.TrackingState.Reason.initializing)
simd_float4x4([[0.919925, -0.340894, -0.193722, 0.0)], [0.387327, 0.866888, 0.313801, 0.0)], [0.0609623, -0.363707, 0.929509, 0.0)], [0.0, 0.0, 0.0, 1.0)]])
0.0, 0.0, 0.0
float3(0.372245, 0.0654917, -0.374664)
264777.335971458
limited(__ObjC.ARCamera.TrackingState.Reason.initializing)
simd_float4x4([[0.915673, -0.343039, -0.209436, 0.0)], [0.394164, 0.86833, 0.301038, 0.0)], [0.0785922, -0.358205, 0.93032, 0.0)], [0.0, 0.0, 0.0, 1.0)]])
0.0, 0.0, 0.0
float3(0.366345, 0.0842785, -0.376238)
264777.46929
limited(__ObjC.ARCamera.TrackingState.Reason.initializing)
simd_float4x4([[0.907074, -0.355069, -0.226139, 0.0)], [0.410916, 0.863505, 0.29239, 0.0)], [0.0914542, -0.358144, 0.929166, 0.0)], [0.0, 0.0, 0.0, 1.0)]])
0.0, 0.0, 0.0
float3(0.366279, 0.0981101, -0.39012)
264777.602608375
limited(__ObjC.ARCamera.TrackingState.Reason.initializing)
simd_float4x4([[0.903854, -0.360757, -0.229995, 0.0)], [0.41777, 0.860144, 0.292583, 0.0)], [0.0922783, -0.360537, 0.928158, 0.0)], [0.0, 0.0, 0.0, 1.0)]])
0.0, 0.0, 0.0
float3(0.368844, 0.0990952, -0.397131)
264777.735926708
limited(__ObjC.ARCamera.TrackingState.Reason.initializing)
simd_float4x4([[0.903067, -0.359039, -0.235706, 0.0)], [0.418271, 0.859845, 0.292748, 0.0)], [0.097563, -0.36296, 0.926673, 0.0)], [0.0, 0.0, 0.0, 1.0)]])
0.0, 0.0, 0.0
float3(0.371443, 0.104897, -0.395554)
264777.869245083
limited(__ObjC.ARCamera.TrackingState.Reason.initializing)
simd_float4x4([[0.903955, -0.3564, -0.236307, 0.0)], [0.417729, 0.854161, 0.30967, 0.0)], [0.0914786, -0.37864, 0.921001, 0.0)], [0.0, 0.0, 0.0, 1.0)]])
0.0, 0.0, 0.0
float3(0.388326, 0.0990005, -0.39529)
264778.002563333
limited(__ObjC.ARCamera.TrackingState.Reason.initializing)
simd_float4x4([[0.907142, -0.353874, -0.227732, 0.0)], [0.414141, 0.846769, 0.333843, 0.0)], [0.0746983, -0.397157, 0.914694, 0.0)], [0.0, 0.0, 0.0, 1.0)]])
0.0, 0.0, 0.0
float3(0.408417, 0.0814839, -0.395851)
264778.135881875
limited(__ObjC.ARCamera.TrackingState.Reason.initializing)
simd_float4x4([[0.908195, -0.355068, -0.221592, 0.0)], [0.413928, 0.840388, 0.349844, 0.0)], [0.0620052, -0.40945, 0.910209, 0.0)], [0.0, 0.0, 0.0, 1.0)]])
0.0, 0.0, 0.0
float3(0.421851, 0.0680168, -0.399756)
264778.269200291
limited(__ObjC.ARCamera.TrackingState.Reason.initializing)
simd_float4x4([[0.911769, -0.351346, -0.21267, 0.0)], [0.407256, 0.840395, 0.357569, 0.0)], [0.0530968, -0.412632, 0.909334, 0.0)], [0.0, 0.0, 0.0, 1.0)]])
0.0, 0.0, 0.0
float3(0.425341, 0.0583246, -0.395988)
264778.402518625
limited(__ObjC.ARCamera.TrackingState.Reason.initializing)
simd_float4x4([[0.918434, -0.342334, -0.198198, 0.0)], [0.393163, 0.84522, 0.361938, 0.0)], [0.043618, -0.41034, 0.910871, 0.0)], [0.0, 0.0, 0.0, 1.0)]])
0.0, 0.0, 0.0
float3(0.422827, 0.0478494, -0.384829)
264778.535836916
limited(__ObjC.ARCamera.TrackingState.Reason.initializing)
simd_float4x4([[0.923619, -0.335884, -0.184673, 0.0)], [0.381512, 0.852169, 0.358087, 0.0)], [0.0370971, -0.401191, 0.915223, 0.0)], [0.0, 0.0, 0.0, 1.0)]])
0.0, 0.0, 0.0
float3(0.412816, 0.0405113, -0.375455)
264778.669155333
limited(__ObjC.ARCamera.TrackingState.Reason.initializing)
simd_float4x4([[0.92742, -0.332666, -0.170942, 0.0)], [0.37296, 0.856954, 0.355666, 0.0)], [0.0281722, -0.393606, 0.918827, 0.0)], [0.0, 0.0, 0.0, 1.0)]])
0.0, 0.0, 0.0
float3(0.404551, 0.0306514, -0.370289)
264778.80247375
normal
simd_float4x4([[0.935317, -0.322221, -0.146139, 0.0)], [0.353508, 0.868195, 0.348238, 0.0)], [0.014668, -0.377374, 0.925945, 0.0)], [-0.00073079, -0.000286341, -0.000215411, 1.0)]])
-0.00073079, -0.000286341, -0.000215411
float3(0.386959, 0.0158398, -0.355381)
264778.935792291
normal
simd_float4x4([[0.936716, -0.321173, -0.139325, 0.0)], [0.349978, 0.869156, 0.349405, 0.0)], [0.00887613, -0.376054, 0.926555, 0.0)], [-0.00287012, -0.00313909, 0.00193165, 1.0)]])
-0.00287012, -0.00313909, 0.00193165
float3(0.385534, 0.00957941, -0.35396)
264779.069110666
normal
simd_float4x4([[0.93734, -0.32077, -0.136015, 0.0)], [0.348361, 0.869763, 0.349508, 0.0)], [0.0061891, -0.37499, 0.927008, 0.0)], [-0.00298502, -0.00509391, 0.00428404, 1.0)]])
-0.00298502, -0.00509391, 0.00428404
float3(0.384386, 0.00667632, -0.353326)
264779.202429041
normal
simd_float4x4([[0.937513, -0.320713, -0.134956, 0.0)], [0.347904, 0.870377, 0.348435, 0.0)], [0.00571502, -0.373614, 0.927567, 0.0)], [-0.00305823, -0.00573104, 0.00527863, 1.0)]])
-0.00305823, -0.00573104, 0.00527863
float3(0.382902, 0.00616122, -0.353039)
264779.335747583
normal
simd_float4x4([[0.937112, -0.320044, -0.139255, 0.0)], [0.348894, 0.869994, 0.348401, 0.0)], [0.00964777, -0.375076, 0.926944, 0.0)], [-0.00242805, -0.00519666, 0.00427019, 1.0)]])
-0.00242805, -0.00519666, 0.00427019
float3(0.384479, 0.0104078, -0.352504)
264779.46906575
normal
simd_float4x4([[0.936589, -0.319984, -0.142869, 0.0)], [0.35017, 0.870288, 0.346381, 0.0)], [0.0135012, -0.374445, 0.927151, 0.0)], [-0.0008642, -0.00411649, 0.00138734, 1.0)]])
-0.0008642, -0.00411649, 0.00138734
float3(0.383798, 0.014561, -0.352334)
264779.602384291
normal
simd_float4x4([[0.935769, -0.320931, -0.146082, 0.0)], [0.352215, 0.870422, 0.343962, 0.0)], [0.0167647, -0.373321, 0.927551, 0.0)], [6.28233e-05, -0.00261382, -0.000649042, 1.0)]])
6.28233e-05, -0.00261382, -0.000649042
float3(0.382587, 0.0180722, -0.353243)
264779.735702625
normal
simd_float4x4([[0.935278, -0.322187, -0.146462, 0.0)], [0.353484, 0.870809, 0.341673, 0.0)], [0.0174575, -0.371331, 0.928336, 0.0)], [0.00103547, -0.000112284, -0.00506277, 1.0)]])
0.00103547, -0.000112284, -0.00506277
float3(0.380442, 0.0188029, -0.354368)
264779.869020958
normal
simd_float4x4([[0.934968, -0.323007, -0.146633, 0.0)], [0.354336, 0.869932, 0.343022, 0.0)], [0.0167619, -0.372672, 0.927812, 0.0)], [-0.000639997, 0.000307996, -0.00654279, 1.0)]])
-0.000639997, 0.000307996, -0.00654279
float3(0.381887, 0.0180641, -0.355524)
264780.002339041
normal
simd_float4x4([[0.933383, -0.32632, -0.149368, 0.0)], [0.358341, 0.870249, 0.338022, 0.0)], [0.0196838, -0.369029, 0.929209, 0.0)], [-0.00149889, 0.00107114, -0.0121931, 1.0)]])
-0.00149889, 0.00107114, -0.0121931
float3(0.377964, 0.0211802, -0.358747)
264780.135657916
normal
simd_float4x4([[0.932566, -0.326477, -0.154055, 0.0)], [0.360099, 0.871404, 0.333143, 0.0)], [0.0254808, -0.366153, 0.930206, 0.0)], [-0.00177938, 0.000797652, -0.0156809, 1.0)]])
-0.00177938, 0.000797652, -0.0156809
float3(0.374872, 0.0273858, -0.35847)
264780.268976125
normal
simd_float4x4([[0.932748, -0.326453, -0.153002, 0.0)], [0.359599, 0.872878, 0.329808, 0.0)], [0.0258856, -0.362647, 0.931567, 0.0)], [-0.00301009, -0.000388943, -0.0178053, 1.0)]])
-0.00301009, -0.000388943, -0.0178053
float3(0.371107, 0.02778, -0.35789)
264780.402294666
normal
simd_float4x4([[0.93469, -0.321185, -0.152299, 0.0)], [0.354559, 0.872962, 0.334999, 0.0)], [0.0253546, -0.36712, 0.929828, 0.0)], [-0.00422739, -0.000782193, -0.0161865, 1.0)]])
-0.00422739, -0.000782193, -0.0161865
float3(0.37591, 0.0272612, -0.352554)
264780.535613041
normal
simd_float4x4([[0.936988, -0.31428, -0.152585, 0.0)], [0.348389, 0.873134, 0.340971, 0.0)], [0.026067, -0.372644, 0.927608, 0.0)], [-0.00521567, 0.000533339, -0.0164026, 1.0)]])
-0.00521567, 0.000533339, -0.0164026
float3(0.381857, 0.0280939, -0.345507)
264780.668931541
normal
simd_float4x4([[0.9376, -0.310693, -0.156129, 0.0)], [0.34655, 0.871709, 0.346449, 0.0)], [0.0284602, -0.378937, 0.924985, 0.0)], [-0.00724851, 0.000774161, -0.0181883, 1.0)]])
-0.00724851, 0.000774161, -0.0181883
float3(0.388647, 0.0307586, -0.342381)
264780.802249833
normal
simd_float4x4([[0.936994, -0.311402, -0.15834, 0.0)], [0.348054, 0.871079, 0.346526, 0.0)], [0.0300174, -0.379804, 0.92458, 0.0)], [-0.00841137, 0.00123924, -0.0191841, 1.0)]])
-0.00841137, 0.00123924, -0.0191841
float3(0.389584, 0.0324545, -0.343332)
264780.935568375
normal
simd_float4x4([[0.935713, -0.314425, -0.159933, 0.0)], [0.35157, 0.868448, 0.349565, 0.0)], [0.0289817, -0.38332, 0.923161, 0.0)], [-0.00847543, 0.000457317, -0.0195364, 1.0)]])
-0.00847543, 0.000457317, -0.0195364
float3(0.393388, 0.0313837, -0.347372)
264781.06888675
normal
simd_float4x4([[0.934839, -0.317103, -0.159757, 0.0)], [0.35403, 0.866874, 0.350987, 0.0)], [0.0271905, -0.384676, 0.922651, 0.0)], [-0.0095606, 0.00126594, -0.0220254, 1.0)]])
-0.0095606, 0.00126594, -0.0220254
float3(0.394856, 0.0294614, -0.350681)
264781.202205
normal
simd_float4x4([[0.932636, -0.321351, -0.164086, 0.0)], [0.359503, 0.866404, 0.346556, 0.0)], [0.0307985, -0.3822, 0.923566, 0.0)], [-0.00883417, 0.00192746, -0.0213227, 1.0)]])
-0.00883417, 0.00192746, -0.0213227
float3(0.392175, 0.033335, -0.355173)
264781.335523375
normal
simd_float4x4([[0.923976, -0.325014, -0.20158, 0.0)], [0.376551, 0.865321, 0.330799, 0.0)], [0.0669172, -0.381555, 0.921921, 0.0)], [-0.00996242, 0.00309853, -0.0163885, 1.0)]])
-0.00996242, 0.00309853, -0.0163885
float3(0.391478, 0.0724575, -0.359296)
264781.468841916
normal
simd_float4x4([[0.90153, -0.333903, -0.275231, 0.0)], [0.411069, 0.859517, 0.30373, 0.0)], [0.13515, -0.386961, 0.912138, 0.0)], [-0.0132358, 0.00108097, -0.0039796, 1.0)]])
-0.0132358, 0.00108097, -0.0039796
float3(0.397334, 0.147098, -0.370533)
264781.602160333
normal
simd_float4x4([[0.8706, -0.333984, -0.361262, 0.0)], [0.437097, 0.862113, 0.256336, 0.0)], [0.225836, -0.381072, 0.896539, 0.0)], [-0.0135792, -0.0022081, 0.00801045, 1.0)]])
-0.0135792, -0.0022081, 0.00801045
float3(0.390956, 0.246764, -0.369599)
264781.73547875
normal
simd_float4x4([[0.820261, -0.335205, -0.463476, 0.0)], [0.459595, 0.868609, 0.185179, 0.0)], [0.340506, -0.364906, 0.866544, 0.0)], [-0.0122932, -0.00593912, 0.0216467, 1.0)]])
-0.0122932, -0.00593912, 0.0216467
float3(0.373532, 0.374412, -0.368301)
264781.868797208
normal
simd_float4x4([[0.748238, -0.345698, -0.566244, 0.0)], [0.472067, 0.87713, 0.088294, 0.0)], [0.466146, -0.33337, 0.819495, 0.0)], [-0.0124643, -0.00900183, 0.0378786, 1.0)]])
-0.0124643, -0.00900183, 0.0378786
float3(0.339876, 0.517178, -0.375431)
264782.002115666
normal
simd_float4x4([[0.654123, -0.36311, -0.663532, 0.0)], [0.471919, 0.881475, -0.0171506, 0.0)], [0.591114, -0.301914, 0.747952, 0.0)], [-0.0114687, -0.00970922, 0.0548726, 1.0)]])
-0.0114687, -0.00970922, 0.0548726
float3(0.3067, 0.668805, -0.390753)
264782.135434
normal
simd_float4x4([[0.555995, -0.396969, -0.730263, 0.0)], [0.467549, 0.875771, -0.120092, 0.0)], [0.687216, -0.274663, 0.672528, 0.0)], [-0.0169732, -0.0062884, 0.0711081, 1.0)]])
-0.0169732, -0.0062884, 0.0711081
float3(0.278239, 0.7962, -0.425578)
264782.268752375
normal
simd_float4x4([[0.479613, -0.409724, -0.775949, 0.0)], [0.46484, 0.868654, -0.171358, 0.0)], [0.744241, -0.278507, 0.607074, 0.0)], [-0.0300449, -0.000246111, 0.0846566, 1.0)]])
-0.0300449, -0.000246111, 0.0846566
float3(0.28224, 0.886558, -0.440733)
264782.402070833
normal
simd_float4x4([[0.44327, -0.375685, -0.813863, 0.0)], [0.470182, 0.870456, -0.145724, 0.0)], [0.763178, -0.318068, 0.562488, 0.0)], [-0.0483298, 0.00571222, 0.0965179, 1.0)]])
-0.0483298, 0.00571222, 0.0965179
float3(0.323691, 0.935646, -0.407444)
264782.535389125
normal
simd_float4x4([[0.400199, -0.347037, -0.848178, 0.0)], [0.461815, 0.875788, -0.140433, 0.0)], [0.79156, -0.3355, 0.510756, 0.0)], [-0.0710368, 0.00809267, 0.112305, 1.0)]])
-0.0710368, 0.00809267, 0.112305
float3(0.342136, 0.997766, -0.377275)
264782.668707625
normal
simd_float4x4([[0.341948, -0.322677, -0.882582, 0.0)], [0.446385, 0.882246, -0.149607, 0.0)], [0.82693, -0.342813, 0.44572, 0.0)], [-0.0998234, 0.00623358, 0.124697, 1.0)]])
-0.0998234, 0.00623358, 0.124697
float3(0.34991, 1.07643, -0.350632)
264782.802026125
normal
simd_float4x4([[0.32414, -0.327462, -0.887526, 0.0)], [0.432563, 0.885662, -0.168795, 0.0)], [0.841322, -0.329197, 0.428726, 0.0)], [-0.119369, 0.00118425, 0.134151, 1.0)]])
-0.119369, 0.00118425, 0.134151
float3(0.335453, 1.09951, -0.354148)
264782.935344416
normal
simd_float4x4([[0.346364, -0.320522, -0.881644, 0.0)], [0.391928, 0.90331, -0.174425, 0.0)], [0.852305, -0.285127, 0.438496, 0.0)], [-0.138774, -0.000904752, 0.137504, 1.0)]])
-0.138774, -0.000904752, 0.137504
float3(0.289139, 1.09563, -0.340972)
264783.068662833
normal
simd_float4x4([[0.32255, -0.317805, -0.891606, 0.0)], [0.369446, 0.909509, -0.190535, 0.0)], [0.871477, -0.267943, 0.410774, 0.0)], [-0.145628, -0.0213519, 0.129993, 1.0)]])
-0.145628, -0.0213519, 0.129993
float3(0.271257, 1.13033, -0.336162)
264783.201981208
normal
simd_float4x4([[0.212564, -0.334231, -0.918208, 0.0)], [0.387799, 0.891367, -0.234686, 0.0)], [0.896899, -0.306194, 0.319087, 0.0)], [-0.134544, -0.00799789, 0.116795, 1.0)]])
-0.134544, -0.00799789, 0.116795
float3(0.311193, 1.22899, -0.35874)
264783.335299708
normal
simd_float4x4([[0.0962418, -0.348314, -0.932424, 0.0)], [0.420968, 0.863111, -0.278971, 0.0)], [0.901955, -0.365672, 0.229697, 0.0)], [-0.126286, 0.00344964, 0.103462, 1.0)]])
-0.126286, 0.00344964, 0.103462
float3(0.374355, 1.32143, -0.383569)
264783.468618125
normal
simd_float4x4([[0.0377328, -0.350709, -0.935724, 0.0)], [0.425019, 0.853105, -0.302604, 0.0)], [0.904397, -0.386283, 0.181248, 0.0)], [-0.107891, -0.00240326, 0.112278, 1.0)]])
-0.107891, -0.00240326, 0.112278
float3(0.396598, 1.37301, -0.390035)
264783.6019365
normal
simd_float4x4([[0.00576374, -0.36003, -0.932923, 0.0)], [0.415538, 0.849438, -0.325244, 0.0)], [0.909558, -0.38579, 0.154502, 0.0)], [-0.10427, -9.07779e-05, 0.105009, 1.0)]])
-0.10427, -9.07779e-05, 0.105009
float3(0.396064, 1.40254, -0.400892)
264783.735254916
normal
simd_float4x4([[-0.00680869, -0.364484, -0.931185, 0.0)], [0.40821, 0.84907, -0.335328, 0.0)], [0.912863, -0.382402, 0.143005, 0.0)], [-0.104089, 0.00233559, 0.100634, 1.0)]])
-0.104089, 0.00233559, 0.100634
float3(0.392394, 1.4154, -0.405486)
264783.868573291
normal
simd_float4x4([[-0.0150361, -0.363568, -0.931446, 0.0)], [0.395831, 0.853283, -0.339449, 0.0)], [0.9182, -0.3738, 0.131082, 0.0)], [-0.129838, -0.0176975, 0.102721, 1.0)]])
-0.129838, -0.0176975, 0.102721
float3(0.383102, 1.429, -0.402786)
264784.00189175
normal
simd_float4x4([[-0.00815219, -0.365429, -0.930804, 0.0)], [0.386597, 0.857304, -0.339959, 0.0)], [0.922213, -0.362617, 0.134285, 0.0)], [-0.12116, -0.0178061, 0.117521, 1.0)]])
-0.12116, -0.0178061, 0.117521
float3(0.371075, 1.4262, -0.402932)
264784.135210083
normal
simd_float4x4([[-0.00964811, -0.365187, -0.930884, 0.0)], [0.384577, 0.85797, -0.340568, 0.0)], [0.923042, -0.361283, 0.132165, 0.0)], [-0.128113, -0.0179898, 0.117588, 1.0)]])
-0.128113, -0.0179898, 0.117588
float3(0.369643, 1.42858, -0.402413)
264784.268528625
normal
simd_float4x4([[-0.001614, -0.362921, -0.931818, 0.0)], [0.383732, 0.860259, -0.335715, 0.0)], [0.923443, -0.35811, 0.137876, 0.0)], [-0.12787, -0.0166362, 0.113793, 1.0)]])
-0.12787, -0.0166362, 0.113793
float3(0.366243, 1.42258, -0.399221)
264784.401847041
normal
simd_float4x4([[0.00719844, -0.362313, -0.932028, 0.0)], [0.379249, 0.863409, -0.332709, 0.0)], [0.925267, -0.351076, 0.143622, 0.0)], [-0.131731, -0.0181676, 0.10781, 1.0)]])
-0.131731, -0.0181676, 0.10781
float3(0.35872, 1.4168, -0.397314)
264784.535165416
normal
simd_float4x4([[0.0133888, -0.361711, -0.932194, 0.0)], [0.366326, 0.869234, -0.33202, 0.0)], [0.93039, -0.337041, 0.144142, 0.0)], [-0.135293, -0.0178095, 0.0966766, 1.0)]])
-0.135293, -0.0178095, 0.0966766
float3(0.343772, 1.41709, -0.394331)
264784.668483791
normal
simd_float4x4([[0.0168013, -0.372379, -0.927929, 0.0)], [0.359533, 0.868234, -0.341914, 0.0)], [0.932981, -0.327877, 0.14847, 0.0)], [-0.134998, -0.0222643, 0.0923516, 1.0)]])
-0.134998, -0.0222643, 0.0923516
float3(0.334055, 1.41298, -0.405163)
264784.80180225
normal
simd_float4x4([[0.0190775, -0.38657, -0.922063, 0.0)], [0.362352, 0.862206, -0.353979, 0.0)], [0.931846, -0.327358, 0.156523, 0.0)], [-0.130933, -0.0234972, 0.0987387, 1.0)]])
-0.130933, -0.0234972, 0.0987387
float3(0.333506, 1.40438, -0.421481)
264784.935120666
normal
simd_float4x4([[-0.00830976, -0.398232, -0.917247, 0.0)], [0.348962, 0.858457, -0.375869, 0.0)], [0.9371, -0.323207, 0.131834, 0.0)], [-0.125828, -0.0271491, 0.0971488, 1.0)]])
-0.125828, -0.0271491, 0.0971488
float3(0.329117, 1.43103, -0.434347)
264785.068439125
normal
simd_float4x4([[-0.0296002, -0.405552, -0.913592, 0.0)], [0.342317, 0.854611, -0.390461, 0.0)], [0.939118, -0.324296, 0.113531, 0.0)], [-0.115845, -0.0106775, 0.100527, 1.0)]])
-0.115845, -0.0106775, 0.100527
float3(0.330267, 1.45049, -0.443078)
264785.201757541
normal
simd_float4x4([[-0.0517175, -0.412275, -0.90959, 0.0)], [0.342225, 0.848344, -0.403973, 0.0)], [0.938194, -0.332177, 0.0972165, 0.0)], [-0.113375, -0.0105566, 0.0969406, 1.0)]])
-0.113375, -0.0105566, 0.0969406
float3(0.33861, 1.46754, -0.452366)
264785.335076
normal
simd_float4x4([[-0.0740181, -0.40991, -0.909117, 0.0)], [0.344331, 0.845049, -0.409057, 0.0)], [0.935926, -0.343315, 0.0785959, 0.0)], [-0.124332, -0.00801175, 0.0988893, 1.0)]])
-0.124332, -0.00801175, 0.0988893
float3(0.350444, 1.48702, -0.451635)
264785.468394375
normal
simd_float4x4([[-0.0722758, -0.41532, -0.906799, 0.0)], [0.322519, 0.850599, -0.415286, 0.0)], [0.943799, -0.322475, 0.072471, 0.0)], [-0.148374, -0.0104236, 0.101683, 1.0)]])
-0.148374, -0.0104236, 0.101683
float3(0.328343, 1.49416, -0.454218)
264785.60171275
normal
simd_float4x4([[-0.0604334, -0.399926, -0.914553, 0.0)], [0.312714, 0.862518, -0.397836, 0.0)], [0.947923, -0.310036, 0.0729377, 0.0)], [-0.186051, -0.018557, 0.108696, 1.0)]])
-0.186051, -0.018557, 0.108696
float3(0.315231, 1.494, -0.434166)
264785.735031208
normal
simd_float4x4([[-0.0437026, -0.374752, -0.926094, 0.0)], [0.317194, 0.873813, -0.368564, 0.0)], [0.947353, -0.309858, 0.0806811, 0.0)], [-0.241383, -0.0244182, 0.12104, 1.0)]])
-0.241383, -0.0244182, 0.12104
float3(0.315044, 1.48584, -0.405144)
264785.868349666
normal
simd_float4x4([[-0.0259113, -0.349904, -0.936427, 0.0)], [0.330734, 0.880989, -0.33834, 0.0)], [0.943368, -0.318475, 0.0928976, 0.0)], [-0.305855, -0.0219456, 0.143737, 1.0)]])
-0.305855, -0.0219456, 0.143737
float3(0.32412, 1.47264, -0.378066)
264786.001668041
normal
simd_float4x4([[-0.0372874, -0.337823, -0.940471, 0.0)], [0.358553, 0.873936, -0.328139, 0.0)], [0.932765, -0.349444, 0.0885406, 0.0)], [-0.361248, -0.00891625, 0.168007, 1.0)]])
-0.361248, -0.00891625, 0.168007
float3(0.356977, 1.47616, -0.368861)
264786.1349865
normal
simd_float4x4([[-0.0373285, -0.318383, -0.947227, 0.0)], [0.361922, 0.879228, -0.30979, 0.0)], [0.931461, -0.354387, 0.0824098, 0.0)], [-0.404457, -0.010155, 0.183164, 1.0)]])
-0.404457, -0.010155, 0.183164
float3(0.362258, 1.48255, -0.347428)
264786.268305
normal
simd_float4x4([[-0.0638864, -0.309481, -0.948757, 0.0)], [0.351248, 0.882893, -0.311649, 0.0)], [0.9341, -0.353159, 0.0522998, 0.0)], [-0.438609, -0.00649905, 0.193744, 1.0)]])
-0.438609, -0.00649905, 0.193744
float3(0.360945, 1.51487, -0.337148)
264786.401623458
normal
simd_float4x4([[-0.0697627, -0.304297, -0.950019, 0.0)], [0.33005, 0.891664, -0.309842, 0.0)], [0.941382, -0.335169, 0.0382283, 0.0)], [-0.476377, -0.00998082, 0.195307, 1.0)]])
-0.476377, -0.00998082, 0.195307
float3(0.341785, 1.53021, -0.328875)
264786.534941666
normal
simd_float4x4([[-0.0805986, -0.315038, -0.94565, 0.0)], [0.31807, 0.891006, -0.323943, 0.0)], [0.944635, -0.326892, 0.0283902, 0.0)], [-0.518818, -0.0115432, 0.189008, 1.0)]])
-0.518818, -0.0115432, 0.189008
float3(0.333013, 1.54075, -0.339856)
264786.668260166
normal
simd_float4x4([[-0.0893347, -0.331528, -0.939206, 0.0)], [0.315904, 0.884857, -0.342392, 0.0)], [0.944576, -0.327286, 0.0256828, 0.0)], [-0.570648, -0.0196541, 0.176079, 1.0)]])
-0.570648, -0.0196541, 0.176079
float3(0.33343, 1.54361, -0.35848)
264786.801578666
normal
simd_float4x4([[-0.103842, -0.358485, -0.927742, 0.0)], [0.328623, 0.868031, -0.372195, 0.0)], [0.938735, -0.343527, 0.0276679, 0.0)], [-0.635228, -0.0185325, 0.151835, 1.0)]])
-0.635228, -0.0185325, 0.151835
float3(0.35067, 1.54133, -0.391651)
264786.934897041
normal
simd_float4x4([[-0.121771, -0.371579, -0.920381, 0.0)], [0.347691, 0.852558, -0.390199, 0.0)], [0.929668, -0.367523, 0.0253776, 0.0)], [-0.702002, -0.0105291, 0.11909, 1.0)]])
-0.702002, -0.0105291, 0.11909
float3(0.376344, 1.54351, -0.411016)
264787.068215625
normal
simd_float4x4([[-0.15355, -0.375438, -0.91404, 0.0)], [0.349754, 0.844478, -0.405621, 0.0)], [0.924172, -0.381972, 0.00164165, 0.0)], [-0.749228, -0.000293747, 0.0931205, 1.0)]])
-0.749228, -0.000293747, 0.0931205
float3(0.391929, 1.56902, -0.418337)
264787.201534041
normal
simd_float4x4([[-0.192987, -0.381144, -0.904149, 0.0)], [0.331886, 0.841801, -0.425702, 0.0)], [0.923367, -0.382229, -0.0359605, 0.0)], [-0.788853, 0.00603725, 0.0796277, 1.0)]])
-0.788853, 0.00603725, 0.0796277
float3(0.392208, 1.60972, -0.425157)
264787.334852291
normal
simd_float4x4([[-0.193366, -0.389501, -0.900499, 0.0)], [0.31882, 0.843066, -0.43312, 0.0)], [0.927881, -0.370848, -0.0388398, 0.0)], [-0.830252, 0.00830961, 0.0700972, 1.0)]])
-0.830252, 0.00830961, 0.0700972
float3(0.379922, 1.61263, -0.432793)
264787.468170833
normal
simd_float4x4([[-0.175585, -0.394691, -0.901881, 0.0)], [0.306159, 0.848794, -0.431064, 0.0)], [0.935648, -0.351807, -0.0281974, 0.0)], [-0.873724, -0.00180815, 0.0701086, 1.0)]])
-0.873724, -0.00180815, 0.0701086
float3(0.359501, 1.60092, -0.435259)
264787.601489208
normal
simd_float4x4([[-0.148259, -0.393266, -0.907393, 0.0)], [0.29855, 0.856926, -0.420174, 0.0)], [0.942808, -0.333197, -0.00963753, 0.0)], [-0.931914, -0.0147297, 0.0738224, 1.0)]])
-0.931914, -0.0147297, 0.0738224
float3(0.339692, 1.58102, -0.430252)
264787.734807708
normal
simd_float4x4([[-0.121002, -0.370492, -0.92092, 0.0)], [0.300898, 0.870398, -0.389702, 0.0)], [0.945949, -0.324258, 0.00616059, 0.0)], [-1.00507, -0.0191675, 0.0837052, 1.0)]])
-1.00507, -0.0191675, 0.0837052
float3(0.330227, 1.56428, -0.402428)
264787.868126208
normal
simd_float4x4([[-0.141531, -0.352791, -0.924937, 0.0)], [0.322556, 0.866917, -0.380017, 0.0)], [0.93591, -0.352128, -0.00890049, 0.0)], [-1.08387, -0.00851199, 0.107987, 1.0)]])
-1.08387, -0.00851199, 0.107987
float3(0.359844, 1.58031, -0.386483)
264788.001444541
normal
simd_float4x4([[-0.129797, -0.34304, -0.93031, 0.0)], [0.337264, 0.867029, -0.366761, 0.0)], [0.932419, -0.361365, 0.00315748, 0.0)], [-1.15752, 0.00146956, 0.130948, 1.0)]])
-1.15752, 0.00146956, 0.130948
float3(0.369731, 1.56741, -0.376751)
264788.134763083
normal
simd_float4x4([[-0.155804, -0.347883, -0.924501, 0.0)], [0.308605, 0.871939, -0.380113, 0.0)], [0.938343, -0.344529, -0.0284925, 0.0)], [-1.20731, 0.00470296, 0.141955, 1.0)]])
-1.20731, 0.00470296, 0.141955
float3(0.351737, 1.60115, -0.379624)
264788.268081375
normal
simd_float4x4([[-0.138734, -0.340879, -0.929814, 0.0)], [0.307832, 0.87754, -0.367645, 0.0)], [0.941272, -0.337231, -0.0168107, 0.0)], [-1.25161, 0.00926423, 0.144775, 1.0)]])
-1.25161, 0.00926423, 0.144775
float3(0.343974, 1.58865, -0.370509)
264788.40139975
normal
simd_float4x4([[-0.134154, -0.319037, -0.938199, 0.0)], [0.302529, 0.888374, -0.345353, 0.0)], [0.943652, -0.330163, -0.0226607, 0.0)], [-1.28274, 0.000488343, 0.141692, 1.0)]])
-1.28274, 0.000488343, 0.141692
float3(0.336476, 1.59481, -0.344781)
264788.534718333
normal
simd_float4x4([[-0.16223, -0.330674, -0.929697, 0.0)], [0.298697, 0.881517, -0.36566, 0.0)], [0.940458, -0.337019, -0.0442374, 0.0)], [-1.31358, -0.00113307, 0.126841, 1.0)]])
-1.31358, -0.00113307, 0.126841
float3(0.343749, 1.6178, -0.358875)
264788.668036708
normal
simd_float4x4([[-0.208082, -0.350666, -0.913091, 0.0)], [0.296424, 0.867015, -0.400522, 0.0)], [0.932113, -0.354003, -0.0764646, 0.0)], [-1.34454, 0.00881683, 0.113327, 1.0)]])
-1.34454, 0.00881683, 0.113327
float3(0.361848, 1.65265, -0.384339)
264788.801355166
normal
simd_float4x4([[-0.28372, -0.358212, -0.889487, 0.0)], [0.271259, 0.859734, -0.432754, 0.0)], [0.91974, -0.364062, -0.146756, 0.0)], [-1.36152, 0.0139357, 0.107186, 1.0)]])
-1.36152, 0.0139357, 0.107186
float3(0.372626, 1.72902, -0.394781)
264788.934673583
normal
simd_float4x4([[-0.35036, -0.365481, -0.862364, 0.0)], [0.24918, 0.851169, -0.461974, 0.0)], [0.90286, -0.376741, -0.207145, 0.0)], [-1.37805, 0.0144966, 0.102647, 1.0)]])
-1.37805, 0.0144966, 0.102647
float3(0.386276, 1.79633, -0.405581)
264789.067991916
normal
simd_float4x4([[-0.37695, -0.369314, -0.849421, 0.0)], [0.238191, 0.847576, -0.474215, 0.0)], [0.895083, -0.38108, -0.231527, 0.0)], [-1.39208, 0.011531, 0.0939943, 1.0)]])
-1.39208, 0.011531, 0.0939943
float3(0.390964, 1.82391, -0.410923)
264789.201310458
normal
simd_float4x4([[-0.369669, -0.37554, -0.849891, 0.0)], [0.229044, 0.849628, -0.475049, 0.0)], [0.900491, -0.370273, -0.228066, 0.0)], [-1.40982, 0.00842357, 0.0818289, 1.0)]])
-1.40982, 0.00842357, 0.0818289
float3(0.379303, 1.81885, -0.416186)
264789.334628916
normal
simd_float4x4([[-0.355541, -0.400299, -0.844601, 0.0)], [0.213565, 0.844946, -0.490364, 0.0)], [0.909934, -0.354722, -0.214923, 0.0)], [-1.42702, 0.00374887, 0.0758489, 1.0)]])
-1.42702, 0.00374887, 0.0758489
float3(0.362616, 1.80274, -0.442434)
264789.467947333
normal
simd_float4x4([[-0.366834, -0.421882, -0.829125, 0.0)], [0.206611, 0.832052, -0.514783, 0.0)], [0.907053, -0.360146, -0.218059, 0.0)], [-1.44444, 0.00194833, 0.0793123, 1.0)]])
-1.44444, 0.00194833, 0.0793123
float3(0.368424, 1.80672, -0.469262)
264789.601265875
normal
simd_float4x4([[-0.375178, -0.428086, -0.822183, 0.0)], [0.182396, 0.83554, -0.518271, 0.0)], [0.908831, -0.344407, -0.235395, 0.0)], [-1.47519, 0.00126779, 0.0891404, 1.0)]])
-1.47519, 0.00126779, 0.0891404
float3(0.351607, 1.82424, -0.473476)
264789.73458425
normal
simd_float4x4([[-0.378451, -0.4152, -0.827275, 0.0)], [0.179842, 0.843736, -0.505733, 0.0)], [0.907982, -0.340174, -0.244642, 0.0)], [-1.52122, -0.00966814, 0.107449, 1.0)]])
-1.52122, -0.00966814, 0.107449
float3(0.347102, 1.83398, -0.457305)
264789.86790275
normal
simd_float4x4([[-0.357184, -0.404228, -0.842033, 0.0)], [0.172194, 0.857551, -0.484721, 0.0)], [0.918024, -0.318128, -0.236698, 0.0)], [-1.58311, -0.0249065, 0.138968, 1.0)]])
-1.58311, -0.0249065, 0.138968
float3(0.323754, 1.82313, -0.440486)
264790.001221083
normal
simd_float4x4([[-0.323703, -0.392719, -0.860806, 0.0)], [0.183292, 0.866528, -0.464256, 0.0)], [0.928235, -0.30806, -0.208516, 0.0)], [-1.66349, -0.0262609, 0.185311, 1.0)]])
-1.66349, -0.0262609, 0.185311
float3(0.313153, 1.79176, -0.42552)
264790.134539375
normal
simd_float4x4([[-0.298793, -0.372919, -0.878439, 0.0)], [0.208213, 0.872838, -0.441363, 0.0)], [0.931327, -0.314779, -0.183151, 0.0)], [-1.74889, -0.0120195, 0.241296, 1.0)]])
-1.74889, -0.0120195, 0.241296
float3(0.320223, 1.76497, -0.403773)
264790.267858041
normal
simd_float4x4([[-0.217926, -0.355888, -0.908764, 0.0)], [0.230258, 0.88611, -0.402233, 0.0)], [0.948414, -0.296907, -0.11116, 0.0)], [-1.82536, -0.0041531, 0.266281, 1.0)]])
-1.82536, -0.0041531, 0.266281
float3(0.301452, 1.68747, -0.38191)
264790.401176416
normal
simd_float4x4([[-0.144661, -0.345131, -0.927339, 0.0)], [0.269814, 0.887922, -0.372551, 0.0)], [0.951984, -0.304103, -0.035326, 0.0)], [-1.90205, 0.000779244, 0.27608, 1.0)]])
-1.90205, 0.000779244, 0.27608
float3(0.308997, 1.60789, -0.370723)
264790.534494875
normal
simd_float4x4([[-0.0961573, -0.34141, -0.934983, 0.0)], [0.278618, 0.892553, -0.354571, 0.0)], [0.955576, -0.294598, 0.00929766, 0.0)], [-1.98091, -0.0128827, 0.27471, 1.0)]])
-1.98091, -0.0128827, 0.27471
float3(0.299035, 1.56107, -0.365338)
264790.667813333
normal
simd_float4x4([[-0.10831, -0.367508, -0.923692, 0.0)], [0.308909, 0.870719, -0.382654, 0.0)], [0.944904, -0.326782, 0.0192194, 0.0)], [-2.06633, -0.0241058, 0.264915, 1.0)]])
-2.06633, -0.0241058, 0.264915
float3(0.332896, 1.55046, -0.39939)
264790.801131875
normal
simd_float4x4([[-0.165504, -0.38049, -0.909855, 0.0)], [0.339671, 0.844138, -0.414795, 0.0)], [0.925868, -0.377701, -0.0104666, 0.0)], [-2.15205, -0.0072403, 0.25089, 1.0)]])
-2.15205, -0.0072403, 0.25089
float3(0.387312, 1.5821, -0.423472)
264790.934450125
normal
simd_float4x4([[-0.193807, -0.383894, -0.902809, 0.0)], [0.350805, 0.832291, -0.429216, 0.0)], [0.916174, -0.399895, -0.0266319, 0.0)], [-2.22608, 0.00711709, 0.240752, 1.0)]])
-2.22608, 0.00711709, 0.240752
float3(0.411402, 1.59986, -0.432169)
264791.067768708
normal
simd_float4x4([[-0.173604, -0.381711, -0.907831, 0.0)], [0.352819, 0.836533, -0.419202, 0.0)], [0.919445, -0.393076, -0.0105502, 0.0)], [-2.29791, 0.0127504, 0.233744, 1.0)]])
-2.29791, 0.0127504, 0.233744
float3(0.403974, 1.58227, -0.428082)
264791.201087
normal
simd_float4x4([[-0.107788, -0.372894, -0.921592, 0.0)], [0.364764, 0.847511, -0.385581, 0.0)], [0.92484, -0.377724, 0.0446662, 0.0)], [-2.37415, 0.00871306, 0.222464, 1.0)]])
-2.37415, 0.00871306, 0.222464
float3(0.387337, 1.52254, -0.414496)
264791.3344055
normal
simd_float4x4([[-0.041389, -0.360156, -0.931974, 0.0)], [0.368934, 0.861345, -0.349246, 0.0)], [0.928534, -0.358292, 0.0972237, 0.0)], [-2.46241, -0.0051426, 0.213962, 1.0)]])
-2.46241, -0.0051426, 0.213962
float3(0.366438, 1.46647, -0.396039)
264791.467723958
normal
simd_float4x4([[0.0130331, -0.361502, -0.93228, 0.0)], [0.399761, 0.856489, -0.326525, 0.0)], [0.916527, -0.368433, 0.155677, 0.0)], [-2.5598, -0.00924796, 0.218336, 1.0)]])
-2.5598, -0.00924796, 0.218336
float3(0.377323, 1.40255, -0.399391)
264791.601042375
normal
simd_float4x4([[0.0352149, -0.344514, -0.938121, 0.0)], [0.405503, 0.862883, -0.301662, 0.0)], [0.913415, -0.369788, 0.170088, 0.0)], [-2.65533, -0.00271791, 0.230147, 1.0)]])
-2.65533, -0.00271791, 0.230147
float3(0.378781, 1.38669, -0.379867)
264791.734360625
normal
simd_float4x4([[0.0711527, -0.3161, -0.946054, 0.0)], [0.400875, 0.877552, -0.263062, 0.0)], [0.913365, -0.360532, 0.189157, 0.0)], [-2.72473, -0.00101165, 0.230549, 1.0)]])
-2.72473, -0.00101165, 0.230549
float3(0.368838, 1.36658, -0.345738)
264791.867679208
normal
simd_float4x4([[0.0754616, -0.30134, -0.950526, 0.0)], [0.410068, 0.878286, -0.245883, 0.0)], [0.908928, -0.371225, 0.189847, 0.0)], [-2.77946, 0.00240125, 0.230763, 1.0)]])
-2.77946, 0.00240125, 0.230763
float3(0.380328, 1.36489, -0.330515)
264792.000997625
normal
simd_float4x4([[0.0824982, -0.29995, -0.950381, 0.0)], [0.395282, 0.88526, -0.245085, 0.0)], [0.914847, -0.35545, 0.191598, 0.0)], [-2.83234, -0.00510063, 0.220575, 1.0)]])
-2.83234, -0.00510063, 0.220575
float3(0.363395, 1.36435, -0.326687)
264792.134316166
normal
simd_float4x4([[0.091223, -0.314269, -0.944941, 0.0)], [0.397005, 0.881707, -0.254912, 0.0)], [0.913272, -0.351892, 0.205198, 0.0)], [-2.89352, -0.0127346, 0.198404, 1.0)]])
-2.89352, -0.0127346, 0.198404
float3(0.359592, 1.34978, -0.342394)
264792.267634666
normal
simd_float4x4([[0.110877, -0.331638, -0.936868, 0.0)], [0.391752, 0.880938, -0.265476, 0.0)], [0.913365, -0.337585, 0.227596, 0.0)], [-2.96464, -0.0266212, 0.161929, 1.0)]])
-2.96464, -0.0266212, 0.161929
float3(0.34435, 1.32659, -0.36005)
264792.400953083
normal
simd_float4x4([[0.105967, -0.347597, -0.931637, 0.0)], [0.393381, 0.875132, -0.281771, 0.0)], [0.913248, -0.33663, 0.229473, 0.0)], [-3.05591, -0.0327847, 0.110805, 1.0)]])
-3.05591, -0.0327847, 0.110805
float3(0.343336, 1.32462, -0.378085)
264792.534271583
normal
simd_float4x4([[0.0853323, -0.361558, -0.928437, 0.0)], [0.403237, 0.864643, -0.299653, 0.0)], [0.911108, -0.34881, 0.219575, 0.0)], [-3.13923, -0.0189542, 0.0619021, 1.0)]])
-3.13923, -0.0189542, 0.0619021
float3(0.356301, 1.33431, -0.396061)
264792.667589916
normal
simd_float4x4([[0.0443839, -0.37558, -0.925727, 0.0)], [0.40249, 0.854829, -0.327518, 0.0)], [0.914348, -0.35806, 0.189108, 0.0)], [-3.20946, -0.00798106, 0.0327129, 1.0)]])
-3.20946, -0.00798106, 0.0327129
float3(0.366189, 1.36685, -0.413972)
264792.800908416
normal
simd_float4x4([[0.0528252, -0.381127, -0.923012, 0.0)], [0.401621, 0.854363, -0.329795, 0.0)], [0.914281, -0.35328, 0.1982, 0.0)], [-3.28217, -0.0066137, 0.00479164, 1.0)]])
-3.28217, -0.0066137, 0.00479164
float3(0.361074, 1.35732, -0.419602)
264792.934226791
normal
simd_float4x4([[0.0729408, -0.385144, -0.919969, 0.0)], [0.384851, 0.861853, -0.3303, 0.0)], [0.920092, -0.329959, 0.211087, 0.0)], [-3.36306, -0.019334, -0.0168376, 1.0)]])
-3.36306, -0.019334, -0.0168376
float3(0.33626, 1.34528, -0.420255)
264793.067545291
normal
simd_float4x4([[0.0895117, -0.378282, -0.921353, 0.0)], [0.382056, 0.867341, -0.318988, 0.0)], [0.919794, -0.323455, 0.222162, 0.0)], [-3.45226, -0.0383614, -0.0337798, 1.0)]])
-3.45226, -0.0383614, -0.0337798
float3(0.329379, 1.3338, -0.411268)
264793.200863875
normal
simd_float4x4([[0.105017, -0.357393, -0.928031, 0.0)], [0.397618, 0.870443, -0.29022, 0.0)], [0.911521, -0.338524, 0.233517, 0.0)], [-3.56221, -0.0265435, -0.0456049, 1.0)]])
-3.56221, -0.0265435, -0.0456049
float3(0.345348, 1.32001, -0.3896)
264793.334182333
normal
simd_float4x4([[0.165771, -0.343442, -0.924428, 0.0)], [0.411378, 0.876025, -0.25169, 0.0)], [0.896264, -0.338566, 0.286504, 0.0)], [-3.65626, -0.0159804, -0.0666975, 1.0)]])
-3.65626, -0.0159804, -0.0666975
float3(0.345393, 1.2614, -0.37363)
264793.467500583
normal
simd_float4x4([[0.192716, -0.342224, -0.919643, 0.0)], [0.412547, 0.878614, -0.240504, 0.0)], [0.890318, -0.333047, 0.310506, 0.0)], [-3.74055, -0.0100159, -0.0925056, 1.0)]])
-3.74055, -0.0100159, -0.0925056
float3(0.339533, 1.23523, -0.371425)
264793.600819041
normal
simd_float4x4([[0.210824, -0.344293, -0.914885, 0.0)], [0.413062, 0.879635, -0.235843, 0.0)], [0.885965, -0.328183, 0.327663, 0.0)], [-3.82204, -0.0174272, -0.128634, 1.0)]])
-3.82204, -0.0174272, -0.128634
float3(0.334379, 1.21656, -0.373075)
264793.734137625
normal
simd_float4x4([[0.204105, -0.362364, -0.909414, 0.0)], [0.420841, 0.871228, -0.252696, 0.0)], [0.883875, -0.331142, 0.330319, 0.0)], [-3.9036, -0.0356774, -0.176445, 1.0)]])
-3.9036, -0.0356774, -0.176445
float3(0.337513, 1.21315, -0.394157)
264793.867456083
normal
simd_float4x4([[0.157096, -0.371389, -0.915091, 0.0)], [0.441002, 0.855462, -0.271481, 0.0)], [0.883651, -0.360908, 0.298173, 0.0)], [-3.98696, -0.0298446, -0.231442, 1.0)]])
-3.98696, -0.0298446, -0.231442
float3(0.369242, 1.24536, -0.409585)
264794.0007745
normal
simd_float4x4([[0.113518, -0.371407, -0.921504, 0.0)], [0.440408, 0.850209, -0.288419, 0.0)], [0.890592, -0.373097, 0.260085, 0.0)], [-4.06447, -0.0153147, -0.279486, 1.0)]])
-4.06447, -0.0153147, -0.279486
float3(0.382345, 1.28666, -0.411858)
264794.134092916
normal
