ARKit Data
505.825309583
normal
simd_float4x4([[-0.00535597, -0.961283, 0.275512, 0.0)], [0.982816, 0.0457765, 0.178823, 0.0)], [-0.184512, 0.271736, 0.944518, 0.0)], [-0.312466, -0.139909, 8.0425, 1.0)]])
-0.312466, -0.139909, 8.0425
float3(-0.275196, -0.192921, -1.52321)
506.180222625
notAvailable
simd_float4x4([[1.0, 0.0, 0.0, 0.0)], [0.0, 1.0, 0.0, 0.0)], [0.0, 0.0, 1.0, 0.0)], [0.0, 0.0, 0.0, 1.0)]])
0.0, 0.0, 0.0
float3(-0.0, 0.0, 0.0)
506.246879958
notAvailable
simd_float4x4([[1.0, 0.0, 0.0, 0.0)], [0.0, 1.0, 0.0, 0.0)], [0.0, 0.0, 1.0, 0.0)], [0.0, 0.0, 0.0, 1.0)]])
0.0, 0.0, 0.0
float3(-0.0, 0.0, 0.0)
506.3135375
limited(__ObjC.ARCamera.TrackingState.Reason.initializing)
simd_float4x4([[0.0522154, -0.954467, 0.293711, 0.0)], [0.998636, 0.0499059, -0.0153572, 0.0)], [-1.50183e-08, 0.294113, 0.955771, 0.0)], [0.0, 0.0, 0.0, 1.0)]])
0.0, 0.0, 0.0
float3(-0.298527, -1.57133e-08, -1.51856)
506.380195
limited(__ObjC.ARCamera.TrackingState.Reason.initializing)
simd_float4x4([[0.0514028, -0.955479, 0.290548, 0.0)], [0.998677, 0.0488054, -0.0161844, 0.0)], [0.00128355, 0.290995, 0.956724, 0.0)], [0.0, 0.0, 0.0, 1.0)]])
0.0, 0.0, 0.0
float3(-0.295267, 0.00134161, -1.51976)
506.430221125
limited(__ObjC.ARCamera.TrackingState.Reason.initializing)
simd_float4x4([[0.0513526, -0.956114, 0.288459, 0.0)], [0.998678, 0.0485446, -0.0168846, 0.0)], [0.0021405, 0.288944, 0.957343, 0.0)], [0.0, 0.0, 0.0, 1.0)]])
0.0, 0.0, 0.0
float3(-0.293124, 0.00223587, -1.52007)
506.480247375
limited(__ObjC.ARCamera.TrackingState.Reason.initializing)
simd_float4x4([[0.0498879, -0.955664, 0.290201, 0.0)], [0.998743, 0.0462922, -0.0192466, 0.0)], [0.00495922, 0.290796, 0.956772, 0.0)], [0.0, 0.0, 0.0, 1.0)]])
0.0, 0.0, 0.0
float3(-0.295059, 0.00518323, -1.52239)
506.530273416
limited(__ObjC.ARCamera.TrackingState.Reason.initializing)
simd_float4x4([[0.0504882, -0.957411, 0.284281, 0.0)], [0.998702, 0.0464999, -0.0207652, 0.0)], [0.00666177, 0.284961, 0.958516, 0.0)], [0.0, 0.0, 0.0, 1.0)]])
0.0, 0.0, 0.0
float3(-0.288965, 0.00694997, -1.52227)
506.580299583
limited(__ObjC.ARCamera.TrackingState.Reason.initializing)
simd_float4x4([[0.055131, -0.956801, 0.285467, 0.0)], [0.998456, 0.050878, -0.0222991, 0.0)], [0.00681177, 0.286256, 0.958128, 0.0)], [0.0, 0.0, 0.0, 1.0)]])
0.0, 0.0, 0.0
float3(-0.290317, 0.00710933, -1.51767)
506.630325958
limited(__ObjC.ARCamera.TrackingState.Reason.initializing)
simd_float4x4([[0.0569947, -0.955669, 0.288873, 0.0)], [0.998331, 0.0518635, -0.0253925, 0.0)], [0.00928496, 0.289838, 0.95703, 0.0)], [0.0, 0.0, 0.0, 1.0)]])
0.0, 0.0, 0.0
float3(-0.294057, 0.00970155, -1.51658)
506.680352125
limited(__ObjC.ARCamera.TrackingState.Reason.initializing)
simd_float4x4([[0.055007, -0.958197, 0.28077, 0.0)], [0.998427, 0.0497401, -0.0258561, 0.0)], [0.0108097, 0.281751, 0.959426, 0.0)], [0.0, 0.0, 0.0, 1.0)]])
0.0, 0.0, 0.0
float3(-0.285619, 0.0112664, -1.51893)
506.730378291
limited(__ObjC.ARCamera.TrackingState.Reason.initializing)
simd_float4x4([[0.0551314, -0.958715, 0.278971, 0.0)], [0.998441, 0.0504984, -0.0237726, 0.0)], [0.00870361, 0.279846, 0.960005, 0.0)], [0.0, 0.0, 0.0, 1.0)]])
0.0, 0.0, 0.0
float3(-0.283634, 0.00906597, -1.51817)
506.7804045
limited(__ObjC.ARCamera.TrackingState.Reason.initializing)
simd_float4x4([[0.0526305, -0.959766, 0.275821, 0.0)], [0.998531, 0.0470263, -0.0268976, 0.0)], [0.0128447, 0.276832, 0.960831, 0.0)], [0.0, 0.0, 0.0, 1.0)]])
0.0, 0.0, 0.0
float3(-0.280495, 0.0133675, -1.52184)
506.830430875
limited(__ObjC.ARCamera.TrackingState.Reason.initializing)
simd_float4x4([[0.0508932, -0.961883, 0.268679, 0.0)], [0.998601, 0.0451551, -0.0274974, 0.0)], [0.0143172, 0.269703, 0.962836, 0.0)], [0.0, 0.0, 0.0, 1.0)]])
0.0, 0.0, 0.0
float3(-0.273085, 0.0148687, -1.52389)
506.880457
limited(__ObjC.ARCamera.TrackingState.Reason.initializing)
simd_float4x4([[0.0511, -0.964064, 0.260704, 0.0)], [0.9986, 0.0457458, -0.0265686, 0.0)], [0.0136878, 0.261697, 0.965051, 0.0)], [0.0, 0.0, 0.0, 1.0)]])
0.0, 0.0, 0.0
float3(-0.26478, 0.0141825, -1.52338)
506.930483125
limited(__ObjC.ARCamera.TrackingState.Reason.initializing)
simd_float4x4([[0.0494593, -0.965905, 0.254121, 0.0)], [0.998556, 0.0424833, -0.0328701, 0.0)], [0.0209537, 0.25538, 0.966612, 0.0)], [0.0, 0.0, 0.0, 1.0)]])
0.0, 0.0, 0.0
float3(-0.25824, 0.021674, -1.52684)
506.980509291
limited(__ObjC.ARCamera.TrackingState.Reason.initializing)
simd_float4x4([[0.0512412, -0.968542, 0.243508, 0.0)], [0.998282, 0.0427388, -0.0400756, 0.0)], [0.0284078, 0.245144, 0.969068, 0.0)], [0.0, 0.0, 0.0, 1.0)]])
0.0, 0.0, 0.0
float3(-0.247668, 0.0293062, -1.5267)
507.030535458
limited(__ObjC.ARCamera.TrackingState.Reason.initializing)
simd_float4x4([[0.0534332, -0.97214, 0.228218, 0.0)], [0.997612, 0.0419534, -0.054864, 0.0)], [0.0437612, 0.230605, 0.972061, 0.0)], [0.0, 0.0, 0.0, 1.0)]])
0.0, 0.0, 0.0
float3(-0.232699, 0.0449887, -1.52767)
507.080561708
limited(__ObjC.ARCamera.TrackingState.Reason.initializing)
simd_float4x4([[0.0550013, -0.973842, 0.220458, 0.0)], [0.996991, 0.0414866, -0.0654746, 0.0)], [0.0546162, 0.223396, 0.973194, 0.0)], [0.0, 0.0, 0.0, 1.0)]])
0.0, 0.0, 0.0
float3(-0.225297, 0.0560617, -1.52822)
507.130588125
limited(__ObjC.ARCamera.TrackingState.Reason.initializing)
simd_float4x4([[0.056746, -0.975767, 0.211314, 0.0)], [0.996061, 0.0408875, -0.0786782, 0.0)], [0.0681318, 0.214946, 0.974244, 0.0)], [0.0, 0.0, 0.0, 1.0)]])
0.0, 0.0, 0.0
float3(-0.216637, 0.0698193, -1.52892)
507.180614166
limited(__ObjC.ARCamera.TrackingState.Reason.initializing)
simd_float4x4([[0.0575612, -0.977236, 0.204182, 0.0)], [0.996012, 0.0422476, -0.0785859, 0.0)], [0.0681711, 0.207891, 0.97577, 0.0)], [0.0, 0.0, 0.0, 1.0)]])
0.0, 0.0, 0.0
float3(-0.209418, 0.0697506, -1.52759)
507.230640375
limited(__ObjC.ARCamera.TrackingState.Reason.initializing)
simd_float4x4([[0.0600261, -0.979053, 0.194536, 0.0)], [0.995019, 0.0431495, -0.0898626, 0.0)], [0.0795866, 0.198961, 0.976767, 0.0)], [0.0, 0.0, 0.0, 1.0)]])
0.0, 0.0, 0.0
float3(-0.200298, 0.0813, -1.52675)
507.280666666
limited(__ObjC.ARCamera.TrackingState.Reason.initializing)
simd_float4x4([[0.0591332, -0.980253, 0.188682, 0.0)], [0.994755, 0.0420613, -0.0932383, 0.0)], [0.0834614, 0.193206, 0.977598, 0.0)], [0.0, 0.0, 0.0, 1.0)]])
0.0, 0.0, 0.0
float3(-0.194428, 0.0851674, -1.52791)
507.330692791
limited(__ObjC.ARCamera.TrackingState.Reason.initializing)
simd_float4x4([[0.0588621, -0.982503, 0.176681, 0.0)], [0.994631, 0.0426324, -0.0942927, 0.0)], [0.085111, 0.181282, 0.979737, 0.0)], [0.0, 0.0, 0.0, 1.0)]])
0.0, 0.0, 0.0
float3(-0.18229, 0.0866537, -1.52743)
507.380719083
limited(__ObjC.ARCamera.TrackingState.Reason.initializing)
simd_float4x4([[0.0541785, -0.984212, 0.168475, 0.0)], [0.995837, 0.040872, -0.0814737, 0.0)], [0.073302, 0.172187, 0.982329, 0.0)], [0.0, 0.0, 0.0, 1.0)]])
0.0, 0.0, 0.0
float3(-0.17305, 0.0744825, -1.52929)
507.430745208
limited(__ObjC.ARCamera.TrackingState.Reason.initializing)
simd_float4x4([[0.0495234, -0.986187, 0.15803, 0.0)], [0.997189, 0.0399143, -0.0634134, 0.0)], [0.0562303, 0.160727, 0.985392, 0.0)], [0.0, 0.0, 0.0, 1.0)]])
0.0, 0.0, 0.0
float3(-0.161427, 0.0570021, -1.53035)
507.480771375
limited(__ObjC.ARCamera.TrackingState.Reason.initializing)
simd_float4x4([[0.0457248, -0.987629, 0.149968, 0.0)], [0.998734, 0.0420463, -0.0276102, 0.0)], [0.0209633, 0.151041, 0.988301, 0.0)], [0.0, 0.0, 0.0, 1.0)]])
0.0, 0.0, 0.0
float3(-0.151621, 0.0212082, -1.52825)
507.530797541
limited(__ObjC.ARCamera.TrackingState.Reason.initializing)
simd_float4x4([[0.0453229, -0.989262, 0.138916, 0.0)], [0.998884, 0.046725, 0.00684779, 0.0)], [-0.013265, 0.138451, 0.990276, 0.0)], [0.0, 0.0, 0.0, 1.0)]])
0.0, 0.0, 0.0
float3(-0.138897, -0.0133945, -1.5236)
507.580824041
limited(__ObjC.ARCamera.TrackingState.Reason.initializing)
simd_float4x4([[0.0401846, -0.990487, 0.131576, 0.0)], [0.997757, 0.0468315, 0.0478205, 0.0)], [-0.0535276, 0.129359, 0.990148, 0.0)], [0.0, 0.0, 0.0, 1.0)]])
0.0, 0.0, 0.0
float3(-0.129723, -0.0540076, -1.52355)
507.630850083
limited(__ObjC.ARCamera.TrackingState.Reason.initializing)
simd_float4x4([[0.0392707, -0.991806, 0.121537, 0.0)], [0.994909, 0.0501072, 0.0874338, 0.0)], [-0.0928075, 0.117485, 0.988725, 0.0)], [0.0, 0.0, 0.0, 1.0)]])
0.0, 0.0, 0.0
float3(-0.117757, -0.0935917, -1.52032)
507.680876208
limited(__ObjC.ARCamera.TrackingState.Reason.initializing)
simd_float4x4([[0.0386266, -0.992041, 0.119817, 0.0)], [0.990548, 0.0538068, 0.126175, 0.0)], [-0.131618, 0.113811, 0.984742, 0.0)], [0.0, 0.0, 0.0, 1.0)]])
0.0, 0.0, 0.0
float3(-0.114058, -0.13287, -1.51661)
507.730902375
limited(__ObjC.ARCamera.TrackingState.Reason.initializing)
simd_float4x4([[0.0390042, -0.991151, 0.126851, 0.0)], [0.986031, 0.058749, 0.155857, 0.0)], [-0.161931, 0.119, 0.979597, 0.0)], [0.0, 0.0, 0.0, 1.0)]])
0.0, 0.0, 0.0
float3(-0.119282, -0.163822, -1.51159)
507.780928541
limited(__ObjC.ARCamera.TrackingState.Reason.initializing)
simd_float4x4([[0.0337177, -0.991164, 0.128258, 0.0)], [0.982082, 0.0566657, 0.179734, 0.0)], [-0.185415, 0.1199, 0.975314, 0.0)], [0.0, 0.0, 0.0, 1.0)]])
0.0, 0.0, 0.0
float3(-0.120189, -0.187866, -1.51369)
507.830955
limited(__ObjC.ARCamera.TrackingState.Reason.initializing)
simd_float4x4([[0.0287549, -0.991273, 0.128619, 0.0)], [0.977307, 0.0548944, 0.204589, 0.0)], [-0.209865, 0.119817, 0.970357, 0.0)], [0.0, 0.0, 0.0, 1.0)]])
0.0, 0.0, 0.0
float3(-0.120106, -0.212996, -1.51548)
507.880981125
limited(__ObjC.ARCamera.TrackingState.Reason.initializing)
simd_float4x4([[0.0241823, -0.991653, 0.12662, 0.0)], [0.972614, 0.0526236, 0.226391, 0.0)], [-0.231165, 0.117677, 0.965768, 0.0)], [0.0, 0.0, 0.0, 1.0)]])
0.0, 0.0, 0.0
float3(-0.117951, -0.234939, -1.51778)
507.931007333
limited(__ObjC.ARCamera.TrackingState.Reason.initializing)
simd_float4x4([[0.0218013, -0.991496, 0.12827, 0.0)], [0.967626, 0.0531932, 0.246719, 0.0)], [-0.251445, 0.118739, 0.960557, 0.0)], [0.0, 0.0, 0.0, 1.0)]])
0.0, 0.0, 0.0
float3(-0.119019, -0.256025, -1.5172)
507.981033541
limited(__ObjC.ARCamera.TrackingState.Reason.initializing)
simd_float4x4([[0.0198728, -0.991847, 0.125844, 0.0)], [0.965738, 0.0516178, 0.254335, 0.0)], [-0.258758, 0.116478, 0.958889, 0.0)], [0.0, 0.0, 0.0, 1.0)]])
0.0, 0.0, 0.0
float3(-0.116743, -0.263574, -1.5188)
508.031059708
limited(__ObjC.ARCamera.TrackingState.Reason.initializing)
simd_float4x4([[0.0163637, -0.991883, 0.126064, 0.0)], [0.963752, 0.0492253, 0.26222, 0.0)], [-0.266298, 0.117203, 0.956734, 0.0)], [0.0, 0.0, 0.0, 1.0)]])
0.0, 0.0, 0.0
float3(-0.117473, -0.27147, -1.52121)
508.081086041
limited(__ObjC.ARCamera.TrackingState.Reason.initializing)
simd_float4x4([[0.0160266, -0.991224, 0.131188, 0.0)], [0.964321, 0.0499972, 0.259971, 0.0)], [-0.26425, 0.122341, 0.956659, 0.0)], [0.0, 0.0, 0.0, 1.0)]])
0.0, 0.0, 0.0
float3(-0.122648, -0.269501, -1.5204)
508.13111225
limited(__ObjC.ARCamera.TrackingState.Reason.initializing)
simd_float4x4([[0.0130469, -0.990927, 0.133744, 0.0)], [0.967442, 0.046319, 0.248818, 0.0)], [-0.252756, 0.126143, 0.959268, 0.0)], [0.0, 0.0, 0.0, 1.0)]])
0.0, 0.0, 0.0
float3(-0.12648, -0.257633, -1.52409)
508.181138458
limited(__ObjC.ARCamera.TrackingState.Reason.initializing)
simd_float4x4([[0.0140999, -0.991266, 0.131097, 0.0)], [0.970463, 0.0451448, 0.236986, 0.0)], [-0.240835, 0.123883, 0.962623, 0.0)], [0.0, 0.0, 0.0, 1.0)]])
0.0, 0.0, 0.0
float3(-0.124203, -0.245154, -1.52529)
508.2311645
limited(__ObjC.ARCamera.TrackingState.Reason.initializing)
simd_float4x4([[0.0152103, -0.991241, 0.131157, 0.0)], [0.975855, 0.0433003, 0.214086, 0.0)], [-0.217891, 0.124734, 0.967966, 0.0)], [0.0, 0.0, 0.0, 1.0)]])
0.0, 0.0, 0.0
float3(-0.12506, -0.221412, -1.52714)
508.28119075
limited(__ObjC.ARCamera.TrackingState.Reason.initializing)
simd_float4x4([[0.0142438, -0.990909, 0.133747, 0.0)], [0.982729, 0.0385542, 0.180989, 0.0)], [-0.184501, 0.128859, 0.974344, 0.0)], [0.0, 0.0, 0.0, 1.0)]])
0.0, 0.0, 0.0
float3(-0.129219, -0.187144, -1.53191)
508.331217041
limited(__ObjC.ARCamera.TrackingState.Reason.initializing)
simd_float4x4([[0.0146238, -0.991559, 0.1288, 0.0)], [0.988231, 0.0339483, 0.149152, 0.0)], [-0.152266, 0.125103, 0.980386, 0.0)], [0.0, 0.0, 0.0, 1.0)]])
0.0, 0.0, 0.0
float3(-0.125431, -0.154081, -1.53657)
508.381243291
limited(__ObjC.ARCamera.TrackingState.Reason.initializing)
simd_float4x4([[0.0168283, -0.992038, 0.124779, 0.0)], [0.993742, 0.0303772, 0.107494, 0.0)], [-0.110429, 0.122189, 0.986341, 0.0)], [0.0, 0.0, 0.0, 1.0)]])
0.0, 0.0, 0.0
float3(-0.122495, -0.111494, -1.54018)
508.431269375
limited(__ObjC.ARCamera.TrackingState.Reason.initializing)
simd_float4x4([[0.0231725, -0.992513, 0.119889, 0.0)], [0.997503, 0.0309556, 0.0634717, 0.0)], [-0.066708, 0.118118, 0.990753, 0.0)], [0.0, 0.0, 0.0, 1.0)]])
0.0, 0.0, 0.0
float3(-0.118395, -0.0672291, -1.53962)
508.481295541
limited(__ObjC.ARCamera.TrackingState.Reason.initializing)
simd_float4x4([[0.0321109, -0.992327, 0.119372, 0.0)], [0.999192, 0.0347618, 0.020192, 0.0)], [-0.0241866, 0.118627, 0.992641, 0.0)], [0.0, 0.0, 0.0, 1.0)]])
0.0, 0.0, 0.0
float3(-0.118907, -0.0243611, -1.53578)
508.531321833
limited(__ObjC.ARCamera.TrackingState.Reason.initializing)
simd_float4x4([[0.0363887, -0.992649, 0.115399, 0.0)], [0.998981, 0.0330474, -0.0307381, 0.0)], [0.0266987, 0.1164, 0.99284, 0.0)], [0.0, 0.0, 0.0, 1.0)]])
0.0, 0.0, 0.0
float3(-0.116665, 0.0268848, -1.53752)
508.581348208
limited(__ObjC.ARCamera.TrackingState.Reason.initializing)
simd_float4x4([[0.0415852, -0.992205, 0.117442, 0.0)], [0.995984, 0.0318386, -0.0836828, 0.0)], [0.0792916, 0.12045, 0.989544, 0.0)], [0.0, 0.0, 0.0, 1.0)]])
0.0, 0.0, 0.0
float3(-0.120744, 0.0799586, -1.53872)
508.63137425
limited(__ObjC.ARCamera.TrackingState.Reason.initializing)
simd_float4x4([[0.0454403, -0.992244, 0.115669, 0.0)], [0.990209, 0.029441, -0.13645, 0.0)], [0.131987, 0.120737, 0.983867, 0.0)], [0.0, 0.0, 0.0, 1.0)]])
0.0, 0.0, 0.0
float3(-0.121033, 0.133355, -1.54113)
508.681400458
limited(__ObjC.ARCamera.TrackingState.Reason.initializing)
simd_float4x4([[0.0481026, -0.992592, 0.111533, 0.0)], [0.982591, 0.026964, -0.183815, 0.0)], [0.179447, 0.118433, 0.976609, 0.0)], [0.0, 0.0, 0.0, 1.0)]])
0.0, 0.0, 0.0
float3(-0.118712, 0.181718, -1.54364)
508.731426625
limited(__ObjC.ARCamera.TrackingState.Reason.initializing)
simd_float4x4([[0.0546484, -0.992634, 0.108093, 0.0)], [0.971969, 0.0280926, -0.233424, 0.0)], [0.228669, 0.117819, 0.966345, 0.0)], [0.0, 0.0, 0.0, 1.0)]])
0.0, 0.0, 0.0
float3(-0.118093, 0.232359, -1.5425)
508.781453
limited(__ObjC.ARCamera.TrackingState.Reason.initializing)
simd_float4x4([[0.0582711, -0.992947, 0.103219, 0.0)], [0.960967, 0.0277811, -0.275263, 0.0)], [0.270455, 0.11523, 0.955809, 0.0)], [0.0, 0.0, 0.0, 1.0)]])
0.0, 0.0, 0.0
float3(-0.115486, 0.275751, -1.54283)
508.831479208
limited(__ObjC.ARCamera.TrackingState.Reason.initializing)
simd_float4x4([[0.0579593, -0.993804, 0.0948019, 0.0)], [0.946205, 0.0244064, -0.322644, 0.0)], [0.318332, 0.108403, 0.941757, 0.0)], [0.0, 0.0, 0.0, 1.0)]])
0.0, 0.0, 0.0
float3(-0.108616, 0.325962, -1.54624)
508.881505291
limited(__ObjC.ARCamera.TrackingState.Reason.initializing)
simd_float4x4([[0.058579, -0.994026, 0.0920535, 0.0)], [0.932875, 0.02168, -0.359547, 0.0)], [0.355405, 0.106937, 0.928571, 0.0)], [0.0, 0.0, 0.0, 1.0)]])
0.0, 0.0, 0.0
float3(-0.107141, 0.365543, -1.54899)
508.931531541
limited(__ObjC.ARCamera.TrackingState.Reason.initializing)
simd_float4x4([[0.0592498, -0.994408, 0.0873807, 0.0)], [0.917915, 0.0198716, -0.396279, 0.0)], [0.392328, 0.103688, 0.913959, 0.0)], [0.0, 0.0, 0.0, 1.0)]])
0.0, 0.0, 0.0
float3(-0.103875, 0.405475, -1.55082)
508.981557833
limited(__ObjC.ARCamera.TrackingState.Reason.initializing)
simd_float4x4([[0.0611325, -0.994476, 0.0852844, 0.0)], [0.903973, 0.0189372, -0.42717, 0.0)], [0.423197, 0.103209, 0.900136, 0.0)], [0.0, 0.0, 0.0, 1.0)]])
0.0, 0.0, 0.0
float3(-0.103393, 0.439482, -1.55176)
509.031584041
limited(__ObjC.ARCamera.TrackingState.Reason.initializing)
simd_float4x4([[0.061767, -0.994758, 0.0814493, 0.0)], [0.890523, 0.018076, -0.454579, 0.0)], [0.450725, 0.100611, 0.886971, 0.0)], [0.0, 0.0, 0.0, 1.0)]])
0.0, 0.0, 0.0
float3(-0.100781, 0.470156, -1.55263)
509.081610291
limited(__ObjC.ARCamera.TrackingState.Reason.initializing)
simd_float4x4([[0.0620679, -0.994958, 0.0787291, 0.0)], [0.880303, 0.0174031, -0.474091, 0.0)], [0.470333, 0.0987318, 0.876945, 0.0)], [0.0, 0.0, 0.0, 1.0)]])
0.0, 0.0, 0.0
float3(-0.0988929, 0.492288, -1.55331)
509.131636375
limited(__ObjC.ARCamera.TrackingState.Reason.initializing)
simd_float4x4([[0.0625002, -0.995121, 0.0762919, 0.0)], [0.871179, 0.0171001, -0.490667, 0.0)], [0.486971, 0.0971313, 0.867996, 0.0)], [0.0, 0.0, 0.0, 1.0)]])
0.0, 0.0, 0.0
float3(-0.0972847, 0.511271, -1.55361)
509.181662666
limited(__ObjC.ARCamera.TrackingState.Reason.initializing)
simd_float4x4([[0.0633142, -0.995328, 0.0728403, 0.0)], [0.866339, 0.018585, -0.499109, 0.0)], [0.495426, 0.0947057, 0.863468, 0.0)], [0.0, 0.0, 0.0, 1.0)]])
0.0, 0.0, 0.0
float3(-0.0948479, 0.520904, -1.55213)
509.23168875
limited(__ObjC.ARCamera.TrackingState.Reason.initializing)
simd_float4x4([[0.0657793, -0.99509, 0.0738937, 0.0)], [0.86353, 0.0196646, -0.503914, 0.0)], [0.499989, 0.0969571, 0.860583, 0.0)], [0.0, 0.0, 0.0, 1.0)]])
0.0, 0.0, 0.0
float3(-0.0971096, 0.526323, -1.55104)
509.281715125
limited(__ObjC.ARCamera.TrackingState.Reason.initializing)
simd_float4x4([[0.0637277, -0.995338, 0.0723516, 0.0)], [0.864134, 0.0187719, -0.502911, 0.0)], [0.49921, 0.0945714, 0.861301, 0.0)], [0.0, 0.0, 0.0, 1.0)]])
0.0, 0.0, 0.0
float3(-0.094713, 0.525285, -1.55194)
509.331741291
limited(__ObjC.ARCamera.TrackingState.Reason.initializing)
simd_float4x4([[0.0636668, -0.995267, 0.0733759, 0.0)], [0.865129, 0.0183917, -0.501211, 0.0)], [0.497491, 0.0953907, 0.862205, 0.0)], [0.0, 0.0, 0.0, 1.0)]])
0.0, 0.0, 0.0
float3(-0.0955359, 0.523335, -1.55232)
509.381767541
limited(__ObjC.ARCamera.TrackingState.Reason.initializing)
simd_float4x4([[0.0640086, -0.995053, 0.0759514, 0.0)], [0.869809, 0.0183192, -0.493048, 0.0)], [0.489219, 0.0976229, 0.866678, 0.0)], [0.0, 0.0, 0.0, 1.0)]])
0.0, 0.0, 0.0
float3(-0.0977786, 0.513889, -1.55239)
509.431793708
limited(__ObjC.ARCamera.TrackingState.Reason.initializing)
simd_float4x4([[0.0618764, -0.995135, 0.0766435, 0.0)], [0.878482, 0.0178522, -0.477442, 0.0)], [0.473752, 0.0968726, 0.875312, 0.0)], [0.0, 0.0, 0.0, 1.0)]])
0.0, 0.0, 0.0
float3(-0.0970247, 0.496091, -1.55286)
509.481819791
limited(__ObjC.ARCamera.TrackingState.Reason.initializing)
simd_float4x4([[0.0625793, -0.994992, 0.0779208, 0.0)], [0.887768, 0.019823, -0.459863, 0.0)], [0.456016, 0.0979537, 0.884562, 0.0)], [0.0, 0.0, 0.0, 1.0)]])
0.0, 0.0, 0.0
float3(-0.0981111, 0.475993, -1.55088)
509.531846208
limited(__ObjC.ARCamera.TrackingState.Reason.initializing)
simd_float4x4([[0.06297, -0.994926, 0.0784463, 0.0)], [0.899423, 0.0225098, -0.436499, 0.0)], [0.432519, 0.0980429, 0.896276, 0.0)], [0.0, 0.0, 0.0, 1.0)]])
0.0, 0.0, 0.0
float3(-0.0982007, 0.44961, -1.54818)
509.581872416
limited(__ObjC.ARCamera.TrackingState.Reason.initializing)
simd_float4x4([[0.0622038, -0.994871, 0.0797446, 0.0)], [0.912188, 0.0242466, -0.409054, 0.0)], [0.405024, 0.098187, 0.909017, 0.0)], [0.0, 0.0, 0.0, 1.0)]])
0.0, 0.0, 0.0
float3(-0.0983454, 0.419157, -1.54643)
509.631898583
limited(__ObjC.ARCamera.TrackingState.Reason.initializing)
simd_float4x4([[0.0595683, -0.995129, 0.07853, 0.0)], [0.924642, 0.0253625, -0.379993, 0.0)], [0.376151, 0.0952478, 0.921648, 0.0)], [0.0, 0.0, 0.0, 1.0)]])
0.0, 0.0, 0.0
float3(-0.0953924, 0.387494, -1.54532)
509.681924708
limited(__ObjC.ARCamera.TrackingState.Reason.initializing)
simd_float4x4([[0.0571895, -0.995093, 0.0807225, 0.0)], [0.937021, 0.0255956, -0.348333, 0.0)], [0.344558, 0.0955599, 0.933887, 0.0)], [0.0, 0.0, 0.0, 1.0)]])
0.0, 0.0, 0.0
float3(-0.0957059, 0.353456, -1.54508)
509.731951166
limited(__ObjC.ARCamera.TrackingState.Reason.initializing)
simd_float4x4([[0.0529832, -0.995312, 0.0808908, 0.0)], [0.948236, 0.0247471, -0.3166, 0.0)], [0.313114, 0.0934782, 0.945102, 0.0)], [0.0, 0.0, 0.0, 1.0)]])
0.0, 0.0, 0.0
float3(-0.0936149, 0.319921, -1.54594)
509.781977291
limited(__ObjC.ARCamera.TrackingState.Reason.initializing)
simd_float4x4([[0.0497858, -0.995329, 0.0826975, 0.0)], [0.959105, 0.0245454, -0.281985, 0.0)], [0.278638, 0.0933545, 0.955846, 0.0)], [0.0, 0.0, 0.0, 1.0)]])
0.0, 0.0, 0.0
float3(-0.0934906, 0.283649, -1.54614)
509.832003416
limited(__ObjC.ARCamera.TrackingState.Reason.initializing)
simd_float4x4([[0.046653, -0.995142, 0.0866745, 0.0)], [0.968911, 0.0239762, -0.246245, 0.0)], [0.242971, 0.095468, 0.965322, 0.0)], [0.0, 0.0, 0.0, 1.0)]])
0.0, 0.0, 0.0
float3(-0.0956137, 0.246577, -1.54671)
509.882029583
limited(__ObjC.ARCamera.TrackingState.Reason.initializing)
simd_float4x4([[0.0416272, -0.995597, 0.0839662, 0.0)], [0.977783, 0.0233136, -0.208317, 0.0)], [0.205443, 0.0907725, 0.974449, 0.0)], [0.0, 0.0, 0.0, 1.0)]])
0.0, 0.0, 0.0
float3(-0.0908976, 0.207787, -1.54738)
509.932055833
limited(__ObjC.ARCamera.TrackingState.Reason.initializing)
simd_float4x4([[0.0390426, -0.995607, 0.0850886, 0.0)], [0.985662, 0.0243837, -0.166961, 0.0)], [0.164153, 0.0903872, 0.982284, 0.0)], [0.0, 0.0, 0.0, 1.0)]])
0.0, 0.0, 0.0
float3(-0.0905107, 0.165583, -1.54631)
509.982082125
limited(__ObjC.ARCamera.TrackingState.Reason.initializing)
simd_float4x4([[0.0348947, -0.995959, 0.0827413, 0.0)], [0.99162, 0.0242004, -0.1269, 0.0)], [0.124385, 0.0864761, 0.988457, 0.0)], [0.0, 0.0, 0.0, 1.0)]])
0.0, 0.0, 0.0
float3(-0.0865842, 0.125179, -1.5465)
510.032108291
normal
simd_float4x4([[0.0395282, -0.997364, 0.0608494, 0.0)], [0.995993, 0.0344385, -0.0825332, 0.0)], [0.0802201, 0.063868, 0.994729, 0.0)], [0.00594566, 0.000249311, -0.000431009, 1.0)]])
0.00594566, 0.000249311, -0.000431009
float3(-0.0639115, 0.080471, -1.53628)
510.0821345
normal
simd_float4x4([[0.0362258, -0.997562, 0.0596487, 0.0)], [0.998659, 0.0339281, -0.0390939, 0.0)], [0.0369748, 0.060985, 0.997453, 0.0)], [0.014731, 0.000393006, -0.000820957, 1.0)]])
0.014731, 0.000393006, -0.000820957
float3(-0.0610228, 0.0370522, -1.5368)
510.13216075
normal
simd_float4x4([[0.0351381, -0.997436, 0.0623464, 0.0)], [0.999381, 0.035167, -0.000633336, 0.0)], [-0.00156082, 0.0623301, 0.998054, 0.0)], [0.0235924, 0.00068821, -0.00477539, 1.0)]])
0.0235924, 0.00068821, -0.00477539
float3(-0.0623705, -0.00156386, -1.53555)
510.182186916
normal
simd_float4x4([[0.0334739, -0.997693, 0.0590661, 0.0)], [0.998617, 0.0357847, 0.038508, 0.0)], [-0.0405328, 0.0576954, 0.997511, 0.0)], [0.0307618, 0.000891387, -0.00455582, 1.0)]])
0.0307618, 0.000891387, -0.00455582
float3(-0.0577274, -0.0406116, -1.53494)
510.23221325
normal
simd_float4x4([[0.0321113, -0.997585, 0.0615894, 0.0)], [0.996882, 0.0364103, 0.069999, 0.0)], [-0.0720725, 0.0591496, 0.995644, 0.0)], [0.039466, 6.49927e-05, -0.00770045, 1.0)]])
0.039466, 6.49927e-05, -0.00770045
float3(-0.0591842, -0.0722618, -1.53431)
510.282239375
normal
simd_float4x4([[0.0304577, -0.99753, 0.0632961, 0.0)], [0.994286, 0.036719, 0.100237, 0.0)], [-0.102314, 0.0598814, 0.992948, 0.0)], [0.0449318, -0.000331953, -0.00755109, 1.0)]])
0.0449318, -0.000331953, -0.00755109
float3(-0.0599173, -0.102678, -1.534)
510.332265625
normal
simd_float4x4([[0.0278754, -0.99757, 0.0638553, 0.0)], [0.990964, 0.0359623, 0.129219, 0.0)], [-0.131202, 0.0596763, 0.989558, 0.0)], [0.0504011, -0.000190747, -0.00982155, 1.0)]])
0.0504011, -0.000190747, -0.00982155
float3(-0.0597118, -0.131817, -1.53476)
510.382291791
normal
simd_float4x4([[0.026296, -0.997507, 0.065484, 0.0)], [0.98698, 0.0363047, 0.156689, 0.0)], [-0.158676, 0.0605112, 0.985475, 0.0)], [0.0543703, -0.00068152, -0.00871468, 1.0)]])
0.0543703, -0.00068152, -0.00871468
float3(-0.0605482, -0.159645, -1.53442)
510.432317958
normal
simd_float4x4([[0.0247528, -0.997519, 0.0659092, 0.0)], [0.982596, 0.0364177, 0.182149, 0.0)], [-0.184097, 0.0602535, 0.981059, 0.0)], [0.0610978, 0.000726372, -0.010997, 1.0)]])
0.0610978, 0.000726372, -0.010997
float3(-0.06029, -0.185494, -1.5343)
510.482344208
normal
simd_float4x4([[0.0262176, -0.997485, 0.0658582, 0.0)], [0.976998, 0.0395149, 0.209555, 0.0)], [-0.21163, 0.0588493, 0.975576, 0.0)], [0.0637166, 0.000757322, -0.00926003, 1.0)]])
0.0637166, 0.000757322, -0.00926003
float3(-0.0588833, -0.213618, -1.5312)
510.5323705
normal
simd_float4x4([[0.0257115, -0.99744, 0.0667199, 0.0)], [0.971746, 0.040602, 0.23251, 0.0)], [-0.234624, 0.0588566, 0.970303, 0.0)], [0.0725226, 0.00204059, -0.0120492, 1.0)]])
0.0725226, 0.00204059, -0.0120492
float3(-0.0588906, -0.237251, -1.53011)
510.582396625
normal
simd_float4x4([[0.0257374, -0.99757, 0.0647356, 0.0)], [0.965704, 0.0415474, 0.256301, 0.0)], [-0.258368, 0.0559188, 0.964427, 0.0)], [0.0748391, 0.00212987, -0.00995134, 1.0)]])
0.0748391, 0.00212987, -0.00995134
float3(-0.055948, -0.261752, -1.52917)
510.632422958
normal
simd_float4x4([[0.0245639, -0.997697, 0.0632212, 0.0)], [0.959541, 0.041274, 0.278528, 0.0)], [-0.280496, 0.0538216, 0.958345, 0.0)], [0.085389, 0.00252874, -0.014661, 1.0)]])
0.085389, 0.00252874, -0.014661
float3(-0.0538476, -0.284735, -1.52945)
510.682449166
normal
simd_float4x4([[0.0256683, -0.997547, 0.0651301, 0.0)], [0.953329, 0.0440331, 0.298706, 0.0)], [-0.300841, 0.0544232, 0.95212, 0.0)], [0.0870066, 0.00236316, -0.0136382, 1.0)]])
0.0870066, 0.00236316, -0.0136382
float3(-0.0544501, -0.306042, -1.52668)
510.732475375
normal
simd_float4x4([[0.0240779, -0.997558, 0.065559, 0.0)], [0.946943, 0.0437818, 0.318407, 0.0)], [-0.3205, 0.0544141, 0.945684, 0.0)], [0.098418, 0.00236252, -0.0183539, 1.0)]])
0.098418, 0.00236252, -0.0183539
float3(-0.0544409, -0.326759, -1.52694)
510.7825015
normal
simd_float4x4([[0.0259637, -0.997374, 0.067604, 0.0)], [0.941471, 0.0471329, 0.333782, 0.0)], [-0.336092, 0.054981, 0.940223, 0.0)], [0.098679, 0.00151476, -0.0176017, 1.0)]])
0.098679, 0.00151476, -0.0176017
float3(-0.0550088, -0.343305, -1.52357)
510.832527666
normal
simd_float4x4([[0.0256356, -0.997067, 0.0721117, 0.0)], [0.936022, 0.0492692, 0.348476, 0.0)], [-0.351007, 0.0585648, 0.934539, 0.0)], [0.110221, 0.0021774, -0.0217044, 1.0)]])
0.110221, 0.0021774, -0.0217044
float3(-0.0585983, -0.359291, -1.52142)
510.882554
normal
simd_float4x4([[0.027711, -0.996988, 0.0724427, 0.0)], [0.931281, 0.0520835, 0.360559, 0.0)], [-0.363246, 0.0574731, 0.929919, 0.0)], [0.109235, 0.001957, -0.0207139, 1.0)]])
0.109235, 0.001957, -0.0207139
float3(-0.0575048, -0.372395, -1.5186)
510.93258025
normal
simd_float4x4([[0.0275815, -0.996969, 0.0727511, 0.0)], [0.926567, 0.0528089, 0.372403, 0.0)], [-0.375116, 0.0571374, 0.925215, 0.0)], [0.120355, 0.00267266, -0.0231326, 1.0)]])
0.120355, 0.00267266, -0.0231326
float3(-0.0571685, -0.385184, -1.51788)
510.982606541
normal
simd_float4x4([[0.0273998, -0.997206, 0.0694911, 0.0)], [0.924131, 0.0517715, 0.378551, 0.0)], [-0.381091, 0.0538467, 0.922968, 0.0)], [0.118779, 0.00255787, -0.0207349, 1.0)]])
0.118779, 0.00255787, -0.0207349
float3(-0.0538727, -0.391575, -1.51893)
511.032632625
normal
simd_float4x4([[0.0268139, -0.997337, 0.0678292, 0.0)], [0.920278, 0.0511241, 0.387911, 0.0)], [-0.390346, 0.0520203, 0.919197, 0.0)], [0.126667, 0.0022614, -0.0218268, 1.0)]])
0.126667, 0.0022614, -0.0218268
float3(-0.0520438, -0.401582, -1.51958)
511.082658875
normal
simd_float4x4([[0.0285136, -0.997437, 0.0656221, 0.0)], [0.918669, 0.0520247, 0.391588, 0.0)], [-0.393998, 0.0491194, 0.917798, 0.0)], [0.122535, 0.00191279, -0.0190635, 1.0)]])
0.122535, 0.00191279, -0.0190635
float3(-0.0491391, -0.405496, -1.51869)
511.132684958
normal
simd_float4x4([[0.0272865, -0.997394, 0.0667887, 0.0)], [0.918907, 0.05133, 0.391121, 0.0)], [-0.39353, 0.0507002, 0.917912, 0.0)], [0.129279, 0.00166925, -0.020337, 1.0)]])
0.129279, 0.00166925, -0.020337
float3(-0.050722, -0.40502, -1.51938)
511.182711375
normal
simd_float4x4([[0.0271395, -0.99765, 0.062912, 0.0)], [0.921023, 0.0494189, 0.38636, 0.0)], [-0.388561, 0.0474578, 0.9202, 0.0)], [0.123892, 0.000908447, -0.0174204, 1.0)]])
0.123892, 0.000908447, -0.0174204
float3(-0.0474757, -0.399545, -1.5213)
511.232737541
normal
simd_float4x4([[0.0243351, -0.997796, 0.0617393, 0.0)], [0.924615, 0.0459468, 0.378121, 0.0)], [-0.380124, 0.0478835, 0.923695, 0.0)], [0.128174, 0.000554681, -0.0166834, 1.0)]])
0.128174, 0.000554681, -0.0166834
float3(-0.0479018, -0.390402, -1.52478)
511.282763708
normal
simd_float4x4([[0.0250461, -0.997697, 0.0630318, 0.0)], [0.927893, 0.046664, 0.369916, 0.0)], [-0.372005, 0.0492218, 0.926925, 0.0)], [0.120119, -0.000173292, -0.0138676, 1.0)]])
0.120119, -0.000173292, -0.0138676
float3(-0.0492417, -0.381655, -1.52406)
511.332789916
normal
simd_float4x4([[0.0241481, -0.997669, 0.0638292, 0.0)], [0.932406, 0.045507, 0.358536, 0.0)], [-0.360605, 0.0508568, 0.931331, 0.0)], [0.119613, 2.11e-05, -0.0142543, 1.0)]])
0.119613, 2.11e-05, -0.0142543
float3(-0.0508788, -0.369417, -1.52521)
511.382816208
normal
simd_float4x4([[0.0209044, -0.997497, 0.06755, 0.0)], [0.938629, 0.0428482, 0.342258, 0.0)], [-0.344296, 0.0562497, 0.937175, 0.0)], [0.109816, -0.00071246, -0.0116235, 1.0)]])
0.109816, -0.00071246, -0.0116235
float3(-0.0562794, -0.35207, -1.52787)
511.4328425
normal
simd_float4x4([[0.0185998, -0.997515, 0.0679513, 0.0)], [0.946414, 0.0394819, 0.320534, 0.0)], [-0.322421, 0.0583481, 0.944796, 0.0)], [0.106767, -0.000489134, -0.0142057, 1.0)]])
0.106767, -0.000489134, -0.0142057
float3(-0.0583813, -0.328867, -1.53124)
511.482868708
normal
simd_float4x4([[0.0201643, -0.997521, 0.0674212, 0.0)], [0.953302, 0.039508, 0.299422, 0.0)], [-0.301344, 0.0582351, 0.951736, 0.0)], [0.0945222, -0.00139222, -0.0108052, 1.0)]])
0.0945222, -0.00139222, -0.0108052
float3(-0.0582681, -0.306639, -1.53121)
511.532894958
normal
simd_float4x4([[0.0229818, -0.997901, 0.060542, 0.0)], [0.959775, 0.0389729, 0.278051, 0.0)], [-0.279827, 0.0517166, 0.958656, 0.0)], [0.0859497, -0.00245222, -0.0118194, 1.0)]])
0.0859497, -0.00245222, -0.0118194
float3(-0.0517396, -0.284005, -1.53176)
511.582921083
normal
simd_float4x4([[0.0263825, -0.997808, 0.0606882, 0.0)], [0.966518, 0.0409618, 0.253308, 0.0)], [-0.255239, 0.0519733, 0.96548, 0.0)], [0.0716652, -0.00421374, -0.00846281, 1.0)]])
0.0716652, -0.00421374, -0.00846281
float3(-0.0519967, -0.258452, -1.52977)
511.632947166
normal
simd_float4x4([[0.0273141, -0.997884, 0.0589987, 0.0)], [0.973506, 0.0399581, 0.225142, 0.0)], [-0.227023, 0.0512861, 0.972538, 0.0)], [0.059234, -0.00629815, -0.0110402, 1.0)]])
0.059234, -0.00629815, -0.0110402
float3(-0.0513086, -0.229327, -1.53077)
511.682973541
normal
simd_float4x4([[0.0306788, -0.997806, 0.0586605, 0.0)], [0.979269, 0.0417617, 0.198213, 0.0)], [-0.200228, 0.0513634, 0.978402, 0.0)], [0.0434852, -0.00924672, -0.00914642, 1.0)]])
0.0434852, -0.00924672, -0.00914642
float3(-0.051386, -0.201861, -1.52897)
511.732999666
normal
simd_float4x4([[0.0319778, -0.997511, 0.0628502, 0.0)], [0.984105, 0.0424136, 0.172451, 0.0)], [-0.174687, 0.0563365, 0.983011, 0.0)], [6.29947e-06, -0.0480855, 0.00152862, 1.0)]])
6.29947e-06, -0.0480855, 0.00152862
float3(-0.0563664, -0.17587, -1.5283)
511.783025875
normal
simd_float4x4([[0.0322816, -0.997545, 0.062144, 0.0)], [0.988962, 0.040876, 0.142418, 0.0)], [-0.144608, 0.0568606, 0.987854, 0.0)], [-0.0146165, -0.0521821, 0.00210403, 1.0)]])
-0.0146165, -0.0521821, 0.00210403
float3(-0.0568913, -0.145354, -1.52984)
511.833052083
normal
simd_float4x4([[0.0377182, -0.996979, 0.0678949, 0.0)], [0.991829, 0.0456363, 0.119133, 0.0)], [-0.121871, 0.0628466, 0.990554, 0.0)], [-0.0268361, -0.0554709, -4.51882e-06, 1.0)]])
-0.0268361, -0.0554709, -4.51882e-06
float3(-0.0628881, -0.122418, -1.52505)
511.883078541
normal
simd_float4x4([[0.0474533, -0.995794, 0.0783777, 0.0)], [0.993053, 0.0554898, 0.103765, 0.0)], [-0.107678, 0.0729092, 0.991509, 0.0)], [-0.0416857, -0.0589983, -0.00368488, 1.0)]])
-0.0416857, -0.0589983, -0.00368488
float3(-0.072974, -0.108176, -1.51513)
511.93310475
normal
simd_float4x4([[0.0558471, -0.994485, 0.0887745, 0.0)], [0.994217, 0.0635592, 0.0865628, 0.0)], [-0.0917278, 0.0834269, 0.992283, 0.0)], [-0.0546289, -0.0633672, -0.0103315, 1.0)]])
-0.0546289, -0.0633672, -0.0103315
float3(-0.0835239, -0.0921792, -1.50697)
511.983130833
normal
simd_float4x4([[0.0660684, -0.993107, 0.0968172, 0.0)], [0.994348, 0.0736092, 0.0765031, 0.0)], [-0.0831025, 0.0912157, 0.992357, 0.0)], [-0.0683803, -0.0682512, -0.0173249, 1.0)]])
-0.0683803, -0.0682512, -0.0173249
float3(-0.0913426, -0.0835475, -1.49681)
512.033156958
normal
simd_float4x4([[0.0778104, -0.991355, 0.105649, 0.0)], [0.993916, 0.0854216, 0.0695338, 0.0)], [-0.0779573, 0.0995954, 0.991969, 0.0)], [-0.0805845, -0.0733714, -0.0272273, 1.0)]])
-0.0805845, -0.0733714, -0.0272273
float3(-0.0997608, -0.0784273, -1.48484)
512.08318325
normal
simd_float4x4([[0.0882276, -0.989744, 0.112355, 0.0)], [0.992965, 0.0963309, 0.0688526, 0.0)], [-0.0789696, 0.10549, 0.99128, 0.0)], [-0.0923206, -0.0779031, -0.0378744, 1.0)]])
-0.0923206, -0.0779031, -0.0378744
float3(-0.105686, -0.0794964, -1.47377)
512.133209666
normal
simd_float4x4([[0.0940543, -0.988553, 0.117972, 0.0)], [0.99178, 0.103362, 0.0754195, 0.0)], [-0.08675, 0.109909, 0.990148, 0.0)], [-0.10049, -0.0819706, -0.0521443, 1.0)]])
-0.10049, -0.0819706, -0.0521443
float3(-0.110131, -0.0873899, -1.46662)
512.183235708
normal
simd_float4x4([[0.0913526, -0.987397, 0.129234, 0.0)], [0.991902, 0.101723, 0.0760479, 0.0)], [-0.0882355, 0.12124, 0.988694, 0.0)], [-0.107876, -0.0872943, -0.0691046, 1.0)]])
-0.107876, -0.0872943, -0.0691046
float3(-0.121539, -0.0890088, -1.46814)
512.233261875
normal
simd_float4x4([[0.0846996, -0.98496, 0.150598, 0.0)], [0.993091, 0.0957682, 0.0678195, 0.0)], [-0.081222, 0.143813, 0.986266, 0.0)], [-0.108901, -0.0924235, -0.0937706, 1.0)]])
-0.108901, -0.0924235, -0.0937706
float3(-0.144313, -0.0821676, -1.47387)
512.283288208
normal
simd_float4x4([[0.0816283, -0.981996, 0.170358, 0.0)], [0.993955, 0.0927994, 0.0586636, 0.0)], [-0.0734165, 0.164539, 0.983634, 0.0)], [-0.115515, -0.0976967, -0.119022, 1.0)]])
-0.115515, -0.0976967, -0.119022
float3(-0.165291, -0.0744999, -1.47658)
512.333314333
normal
simd_float4x4([[0.0799713, -0.980494, 0.179542, 0.0)], [0.994559, 0.0905511, 0.0515129, 0.0)], [-0.0667659, 0.174445, 0.982401, 0.0)], [-0.111244, -0.0990369, -0.143387, 1.0)]])
-0.111244, -0.0990369, -0.143387
float3(-0.175342, -0.0678576, -1.47871)
512.383340625
normal
simd_float4x4([[0.0870487, -0.97759, 0.191677, 0.0)], [0.993881, 0.0983542, 0.050262, 0.0)], [-0.0679879, 0.186129, 0.98017, 0.0)], [-0.117704, -0.100816, -0.169512, 1.0)]])
-0.117704, -0.100816, -0.169512
float3(-0.187221, -0.0692525, -1.47052)
512.43336675
normal
simd_float4x4([[0.0857894, -0.975364, 0.203236, 0.0)], [0.9938, 0.0982535, 0.0520349, 0.0)], [-0.0707216, 0.197512, 0.977746, 0.0)], [-0.10579, -0.0972063, -0.196481, 1.0)]])
-0.10579, -0.0972063, -0.196481
float3(-0.198819, -0.0722056, -1.4704)
512.483393041
normal
simd_float4x4([[0.083049, -0.973559, 0.212803, 0.0)], [0.994032, 0.0960865, 0.0516562, 0.0)], [-0.0707379, 0.207243, 0.975729, 0.0)], [-0.106714, -0.0965268, -0.224037, 1.0)]])
-0.106714, -0.0965268, -0.224037
float3(-0.208756, -0.0723709, -1.47242)
512.533419125
normal
simd_float4x4([[0.0918761, -0.970585, 0.22254, 0.0)], [0.992381, 0.107672, 0.0598918, 0.0)], [-0.0820914, 0.215342, 0.973082, 0.0)], [-0.0976218, -0.0925224, -0.250599, 1.0)]])
-0.0976218, -0.0925224, -0.250599
float3(-0.217042, -0.084163, -1.46031)
512.583445416
normal
simd_float4x4([[0.105292, -0.969519, 0.22124, 0.0)], [0.990418, 0.122231, 0.0642831, 0.0)], [-0.0893661, 0.212351, 0.973098, 0.0)], [-0.100004, -0.0898867, -0.276227, 1.0)]])
-0.100004, -0.0898867, -0.276227
float3(-0.21398, -0.0915797, -1.44538)
512.63347175
normal
simd_float4x4([[0.113275, -0.968966, 0.21971, 0.0)], [0.989313, 0.130432, 0.0651742, 0.0)], [-0.0918089, 0.20998, 0.973386, 0.0)], [-0.090741, -0.0892986, -0.300871, 1.0)]])
-0.090741, -0.0892986, -0.300871
float3(-0.211554, -0.0940409, -1.43699)
512.683497875
normal
simd_float4x4([[0.116015, -0.967654, 0.224022, 0.0)], [0.989435, 0.132334, 0.0592118, 0.0)], [-0.0869424, 0.214786, 0.972784, 0.0)], [-0.0894263, -0.0885588, -0.327491, 1.0)]])
-0.0894263, -0.0885588, -0.327491
float3(-0.216472, -0.089138, -1.43488)
512.733524083
normal
simd_float4x4([[0.11373, -0.9658, 0.233015, 0.0)], [0.989908, 0.130115, 0.056145, 0.0)], [-0.0845436, 0.224279, 0.970851, 0.0)], [-0.0807427, -0.0898328, -0.351321, 1.0)]])
-0.0807427, -0.0898328, -0.351321
float3(-0.226203, -0.0868629, -1.43688)
512.78355025
normal
simd_float4x4([[0.109085, -0.96551, 0.236414, 0.0)], [0.989899, 0.12718, 0.0626455, 0.0)], [-0.090552, 0.227193, 0.969631, 0.0)], [-0.0783037, -0.0899827, -0.374284, 1.0)]])
-0.0783037, -0.0899827, -0.374284
float3(-0.229194, -0.093118, -1.43983)
512.833576625
normal
simd_float4x4([[0.101672, -0.965044, 0.241565, 0.0)], [0.990649, 0.120422, 0.0641282, 0.0)], [-0.0909761, 0.232786, 0.968263, 0.0)], [-0.0726114, -0.0898046, -0.398345, 1.0)]])
-0.0726114, -0.0898046, -0.398345
float3(-0.234941, -0.093683, -1.44665)
512.883602791
normal
simd_float4x4([[0.0989096, -0.964603, 0.244454, 0.0)], [0.991151, 0.117352, 0.0620318, 0.0)], [-0.0885233, 0.236155, 0.967675, 0.0)], [-0.0729712, -0.0899096, -0.420629, 1.0)]])
-0.0729712, -0.0899096, -0.420629
float3(-0.238407, -0.0912265, -1.44973)
512.933628958
normal
simd_float4x4([[0.0950959, -0.963357, 0.2508, 0.0)], [0.990939, 0.115616, 0.0683622, 0.0)], [-0.0948537, 0.242026, 0.965622, 0.0)], [-0.073487, -0.0912897, -0.44647, 1.0)]])
-0.073487, -0.0912897, -0.44647
float3(-0.244454, -0.0979165, -1.45135)
512.98365525
normal
simd_float4x4([[0.089837, -0.96089, 0.261955, 0.0)], [0.991674, 0.110665, 0.0658417, 0.0)], [-0.0922558, 0.253859, 0.962831, 0.0)], [-0.0777915, -0.0938306, -0.471479, 1.0)]])
-0.0777915, -0.0938306, -0.471479
float3(-0.256668, -0.0955256, -1.45613)
513.033681333
normal
simd_float4x4([[0.0890094, -0.957734, 0.273537, 0.0)], [0.992685, 0.107791, 0.0543875, 0.0)], [-0.0815736, 0.266695, 0.960322, 0.0)], [-0.0846341, -0.0970999, -0.502829, 1.0)]])
-0.0846341, -0.0970999, -0.502829
float3(-0.269962, -0.0847406, -1.45872)
513.083707708
normal
simd_float4x4([[0.0931504, -0.958744, 0.268575, 0.0)], [0.992666, 0.110303, 0.0494637, 0.0)], [-0.0770476, 0.261998, 0.961988, 0.0)], [-0.0947589, -0.101767, -0.529409, 1.0)]])
-0.0947589, -0.101767, -0.529409
float3(-0.265092, -0.0799215, -1.45625)
513.133733916
normal
simd_float4x4([[0.0967419, -0.959316, 0.265241, 0.0)], [0.992647, 0.112472, 0.0447354, 0.0)], [-0.0727476, 0.258963, 0.963143, 0.0)], [-0.108435, -0.10839, -0.56261, 1.0)]])
-0.108435, -0.10839, -0.56261
float3(-0.261949, -0.0753883, -1.45409)
513.183760041
normal
simd_float4x4([[0.0987216, -0.960085, 0.261709, 0.0)], [0.992527, 0.113954, 0.0436433, 0.0)], [-0.0717241, 0.255444, 0.964159, 0.0)], [-0.123789, -0.112534, -0.592724, 1.0)]])
-0.123789, -0.112534, -0.592724
float3(-0.258307, -0.0742535, -1.45266)
513.23378625
normal
simd_float4x4([[0.0955777, -0.961182, 0.258831, 0.0)], [0.993672, 0.10754, 0.0324268, 0.0)], [-0.0590029, 0.254094, 0.965378, 0.0)], [-0.139134, -0.115934, -0.63492, 1.0)]])
-0.139134, -0.115934, -0.63492
float3(-0.25691, -0.061043, -1.45938)
513.2838125
normal
simd_float4x4([[0.0856628, -0.960578, 0.264483, 0.0)], [0.995119, 0.0955415, 0.0246911, 0.0)], [-0.0489868, 0.261077, 0.964074, 0.0)], [-0.155333, -0.116957, -0.670325, 1.0)]])
-0.155333, -0.116957, -0.670325
float3(-0.264138, -0.0507686, -1.47166)
513.33383875
normal
simd_float4x4([[0.0791664, -0.960562, 0.26656, 0.0)], [0.995639, 0.08943, 0.0265678, 0.0)], [-0.0493584, 0.263294, 0.963452, 0.0)], [-0.168788, -0.117465, -0.715607, 1.0)]])
-0.168788, -0.117465, -0.715607
float3(-0.266435, -0.051186, -1.47796)
513.383865
normal
simd_float4x4([[0.0622559, -0.960737, 0.270384, 0.0)], [0.997294, 0.0704919, 0.0208471, 0.0)], [-0.0390885, 0.268355, 0.962527, 0.0)], [-0.182285, -0.115597, -0.752327, 1.0)]])
