ARKit Data
601818.49075575
normal
simd_float4x4([[-0.00402187, -0.996912, -0.0784285, 0.0)], [-0.97736, -0.0126726, 0.211202, 0.0)], [-0.211543, 0.0775023, -0.974291, 0.0)], [-0.020705, 0.184901, -0.181577, 1.0)]])
-0.020705, 0.184901, -0.181577
float3(-0.0775801, -2.92779, -1.58351)
601818.707397208
normal
simd_float4x4([[0.000823547, -0.996417, -0.0845764, 0.0)], [-0.982412, -0.0165988, 0.185989, 0.0)], [-0.186726, 0.0829356, -0.978905, 0.0)], [-0.0244881, 0.183069, -0.179444, 1.0)]])
-0.0244881, 0.183069, -0.179444
float3(-0.083031, -2.95311, -1.58745)
601819.457976083
notAvailable
simd_float4x4([[-0.113687, 0.0, -0.993517, 0.0)], [0.0, 1.0, 0.0, 0.0)], [0.993517, 0.0, -0.113687, 0.0)], [-0.0362461, -0.0301506, -0.0680556, 1.0)]])
-0.0362461, -0.0301506, -0.0680556
float3(-0.0, 1.68473, 0.0)
601819.6746175
limited(__ObjC.ARCamera.TrackingState.Reason.initializing)
simd_float4x4([[-0.00547524, -0.994961, 0.100111, 0.0)], [0.999973, -0.00593159, -0.00426135, 0.0)], [0.0048337, 0.100085, 0.994967, 0.0)], [0.0, 0.0, 0.0, 1.0)]])
0.0, 0.0, 0.0
float3(-0.100253, 0.00485812, -1.57676)
601819.891258916
limited(__ObjC.ARCamera.TrackingState.Reason.initializing)
simd_float4x4([[-0.00922937, -0.995246, 0.0969544, 0.0)], [0.999933, -0.00986015, -0.00602881, 0.0)], [0.00695613, 0.0968922, 0.995271, 0.0)], [0.0, 0.0, 0.0, 1.0)]])
0.0, 0.0, 0.0
float3(-0.0970445, 0.00698907, -1.5807)
601820.1079005
limited(__ObjC.ARCamera.TrackingState.Reason.initializing)
simd_float4x4([[-0.00612817, -0.994964, 0.100048, 0.0)], [0.999981, -0.00603865, 0.00119759, 0.0)], [-0.000587403, 0.100054, 0.994982, 0.0)], [0.0, 0.0, 0.0, 1.0)]])
0.0, 0.0, 0.0
float3(-0.100221, -0.000590365, -1.57687)
601820.324542083
normal
simd_float4x4([[-0.00487972, -0.995153, 0.0982134, 0.0)], [0.999981, -0.00447645, 0.00432602, 0.0)], [-0.00386541, 0.0982326, 0.995156, 0.0)], [0.000102818, 0.000625802, 0.000347657, 1.0)]])
0.000102818, 0.000625802, 0.000347657
float3(-0.0983913, -0.0038842, -1.57529)
601820.541183416
normal
simd_float4x4([[-0.00666125, -0.994935, 0.100298, 0.0)], [0.999978, -0.0066444, 0.00050206, 0.0)], [0.000166903, 0.100299, 0.994957, 0.0)], [-0.000183351, -0.00146321, -0.000820983, 1.0)]])
-0.000183351, -0.00146321, -0.000820983
float3(-0.100468, 0.000167748, -1.57747)
601820.774489875
normal
simd_float4x4([[-0.00727961, -0.994875, 0.100854, 0.0)], [0.999959, -0.00777873, -0.00455655, 0.0)], [0.00531771, 0.100817, 0.994891, 0.0)], [-0.000283904, -0.0013969, -0.00160061, 1.0)]])
-0.000283904, -0.0013969, -0.00160061
float3(-0.100988, 0.00534497, -1.57861)
601820.991131375
normal
simd_float4x4([[-0.00916312, -0.995022, 0.0992279, 0.0)], [0.999954, -0.009417, -0.00209044, 0.0)], [0.00301446, 0.0992042, 0.995063, 0.0)], [-5.19073e-05, 3.19108e-05, -0.00196828, 1.0)]])
-5.19073e-05, 3.19108e-05, -0.00196828
float3(-0.0993676, 0.00302941, -1.58026)
601821.207773
normal
simd_float4x4([[-0.0109161, -0.99537, 0.095498, 0.0)], [0.999939, -0.0107257, 0.00250626, 0.0)], [-0.00147037, 0.0955196, 0.995426, 0.0)], [0.000202873, 0.000554124, 0.00127163, 1.0)]])
0.000202873, 0.000554124, 0.00127163
float3(-0.0956654, -0.00147712, -1.58157)
601821.424414666
normal
simd_float4x4([[-0.0127081, -0.99538, 0.0951669, 0.0)], [0.999666, -0.0105038, 0.0236274, 0.0)], [-0.0225187, 0.0954354, 0.995181, 0.0)], [0.00416767, 0.0012596, 0.00212483, 1.0)]])
0.00416767, 0.0012596, 0.00212483
float3(-0.0955808, -0.0226238, -1.58135)
601821.657721
normal
simd_float4x4([[-0.0115121, -0.995469, 0.0943893, 0.0)], [0.998047, -0.00564266, 0.0622158, 0.0)], [-0.0614013, 0.0949212, 0.993589, 0.0)], [0.0126286, 0.00209263, 0.00715246, 1.0)]])
0.0126286, 0.00209263, 0.00715246
float3(-0.0950643, -0.061719, -1.57646)
601821.874362708
normal
simd_float4x4([[-0.0128404, -0.995452, 0.0943945, 0.0)], [0.995846, -0.00422073, 0.0909534, 0.0)], [-0.0901414, 0.0951703, 0.991371, 0.0)], [0.016151, 0.00234915, 0.00939954, 1.0)]])
0.016151, 0.00234915, 0.00939954
float3(-0.0953145, -0.0906766, -1.57504)
601822.091004458
normal
simd_float4x4([[-0.0158557, -0.995696, 0.0913145, 0.0)], [0.992499, -0.00460083, 0.122168, 0.0)], [-0.121222, 0.0925666, 0.9883, 0.0)], [0.0230217, 0.00218083, 0.011833, 1.0)]])
0.0230217, 0.00218083, 0.011833
float3(-0.0926993, -0.122048, -1.57542)
601822.324310916
normal
simd_float4x4([[-0.0154815, -0.996025, 0.0877208, 0.0)], [0.98833, -0.00194711, 0.152318, 0.0)], [-0.151541, 0.0890552, 0.984431, 0.0)], [0.0254945, 0.00277041, 0.0142735, 1.0)]])
0.0254945, 0.00277041, 0.0142735
float3(-0.0891733, -0.152739, -1.57275)
601822.524399791
normal
simd_float4x4([[-0.0148152, -0.996113, 0.0868295, 0.0)], [0.986714, -0.000513714, 0.162464, 0.0)], [-0.161787, 0.0880829, 0.982887, 0.0)], [0.0262874, 0.00390352, 0.0145631, 1.0)]])
0.0262874, 0.00390352, 0.0145631
float3(-0.0881972, -0.163141, -1.57131)
601822.724511041
normal
simd_float4x4([[-0.0135014, -0.996472, 0.0828345, 0.0)], [0.987151, -9.21573e-05, 0.15979, 0.0)], [-0.159218, 0.0839275, 0.983669, 0.0)], [0.0273686, 0.0046767, 0.0174006, 1.0)]])
0.0273686, 0.0046767, 0.0174006
float3(-0.0840264, -0.16047, -1.57089)
601822.9246225
normal
simd_float4x4([[-0.0140236, -0.996476, 0.0827013, 0.0)], [0.988972, -0.00162688, 0.148097, 0.0)], [-0.14744, 0.0838661, 0.985509, 0.0)], [0.0259411, 0.00439998, 0.0188809, 1.0)]])
0.0259411, 0.00439998, 0.0188809
float3(-0.0839647, -0.148507, -1.57243)
601823.124733833
normal
simd_float4x4([[-0.0135175, -0.995916, 0.089271, 0.0)], [0.991874, -0.00205987, 0.127211, 0.0)], [-0.126507, 0.0902651, 0.98785, 0.0)], [0.0223033, 0.00226919, 0.0169609, 1.0)]])
0.0223033, 0.00226919, 0.0169609
float3(-0.0903882, -0.12737, -1.57286)
601823.324845166
normal
simd_float4x4([[-0.0118391, -0.995237, 0.0967628, 0.0)], [0.994417, -0.0015707, 0.105514, 0.0)], [-0.104859, 0.0974717, 0.989699, 0.0)], [0.0186676, 0.000744, 0.0145575, 1.0)]])
0.0186676, 0.000744, 0.0145575
float3(-0.0976267, -0.105557, -1.57237)
601823.524956791
normal
simd_float4x4([[-0.0115759, -0.994812, 0.101067, 0.0)], [0.996651, -0.00329642, 0.0817065, 0.0)], [-0.0809495, 0.101674, 0.991519, 0.0)], [0.0157558, -0.000204213, 0.0135545, 1.0)]])
0.0157558, -0.000204213, 0.0135545
float3(-0.10185, -0.0814612, -1.57411)
601823.72506825
normal
simd_float4x4([[-0.00883642, -0.994794, 0.101523, 0.0)], [0.998407, -0.00311837, 0.0563441, 0.0)], [-0.0557342, 0.101859, 0.993236, 0.0)], [0.0130989, -0.000183791, 0.012876, 1.0)]])
0.0130989, -0.000183791, 0.012876
float3(-0.102036, -0.0560549, -1.57393)
601823.941732333
normal
simd_float4x4([[-0.00755371, -0.994987, 0.0997216, 0.0)], [0.999752, -0.00542696, 0.021581, 0.0)], [-0.0209316, 0.0998599, 0.994781, 0.0)], [0.009239, 0.000567004, 0.0118799, 1.0)]])
0.009239, 0.000567004, 0.0118799
float3(-0.100027, -0.0210383, -1.57625)
601824.158374416
normal
simd_float4x4([[-0.00919114, -0.995227, 0.0971513, 0.0)], [0.999931, -0.00986502, -0.00645828, 0.0)], [0.00738586, 0.0970852, 0.995249, 0.0)], [0.00587746, 0.000801277, 0.0109648, 1.0)]])
0.00587746, 0.000801277, 0.0109648
float3(-0.0972383, 0.00742098, -1.58071)
601824.391680916
normal
simd_float4x4([[-0.0121362, -0.995394, 0.0951005, 0.0)], [0.999583, -0.0145677, -0.0249154, 0.0)], [0.026186, 0.0947585, 0.995156, 0.0)], [0.00470521, 0.000570307, 0.0107838, 1.0)]])
0.00470521, 0.000570307, 0.0107838
float3(-0.0949009, 0.0263074, -1.58543)
601824.641652416
normal
simd_float4x4([[-0.0119785, -0.995321, 0.0958738, 0.0)], [0.998824, -0.0164155, -0.0456256, 0.0)], [0.0469859, 0.0952145, 0.994347, 0.0)], [0.0033535, 0.00053214, 0.00953433, 1.0)]])
0.0033535, 0.00053214, 0.00953433
float3(-0.0953589, 0.0472179, -1.58729)
601824.858294458
normal
simd_float4x4([[-0.0089483, -0.995443, 0.0949352, 0.0)], [0.998101, -0.0146781, -0.0598292, 0.0)], [0.06095, 0.0942195, 0.993684, 0.0)], [0.00168189, 4.05684e-05, 0.00870872, 1.0)]])
0.00168189, 4.05684e-05, 0.00870872
float3(-0.0943595, 0.0612607, -1.58554)
601825.074936458
normal
simd_float4x4([[-0.00360971, -0.995284, 0.0969344, 0.0)], [0.997047, -0.0110179, -0.0759984, 0.0)], [0.076708, 0.0963738, 0.992385, 0.0)], [0.00797481, -0.0228765, 0.000137122, 1.0)]])
0.00797481, -0.0228765, 0.000137122
float3(-0.0965236, 0.0771433, -1.58187)
601825.324908041
normal
simd_float4x4([[-0.0027218, -0.995225, 0.0975697, 0.0)], [0.996864, -0.0104164, -0.0784401, 0.0)], [0.0790818, 0.0970503, 0.992133, 0.0)], [0.00614048, -0.0225417, -0.000949062, 1.0)]])
0.00614048, -0.0225417, -0.000949062
float3(-0.0972033, 0.0795408, -1.58126)
601825.541550208
normal
simd_float4x4([[-0.00231393, -0.995154, 0.0983035, 0.0)], [0.996731, -0.0102343, -0.0801435, 0.0)], [0.0807612, 0.0977967, 0.991924, 0.0)], [0.00628523, -0.0223442, -0.00237678, 1.0)]])
0.00628523, -0.0223442, -0.00237678
float3(-0.0979532, 0.0812395, -1.58108)
601825.791521708
normal
simd_float4x4([[-0.00285023, -0.995173, 0.0980976, 0.0)], [0.996534, -0.0109824, -0.0824589, 0.0)], [0.0831382, 0.0975226, 0.991755, 0.0)], [0.00670512, -0.0228311, -0.00247835, 1.0)]])
0.00670512, -0.0228311, -0.00247835
float3(-0.0976778, 0.0836339, -1.58183)
601826.008163833
normal
simd_float4x4([[-0.000526088, -0.995112, 0.0987505, 0.0)], [0.996589, -0.00867139, -0.0820727, 0.0)], [0.0825278, 0.0983704, 0.991722, 0.0)], [0.00685016, -0.0232445, -0.00211932, 1.0)]])
0.00685016, -0.0232445, -0.00211932
float3(-0.0985298, 0.0830254, -1.57951)
601826.258135541
normal
simd_float4x4([[0.00176592, -0.995161, 0.0982403, 0.0)], [0.996725, -0.00619038, -0.0806244, 0.0)], [0.0808424, 0.098061, 0.991891, 0.0)], [0.00599145, -0.0229818, -0.0010296, 1.0)]])
0.00599145, -0.0229818, -0.0010296
float3(-0.0982188, 0.0813235, -1.57702)
601826.47477775
normal
simd_float4x4([[0.00294862, -0.995149, 0.0983323, 0.0)], [0.996938, -0.00475806, -0.0780472, 0.0)], [0.0781365, 0.0982614, 0.992088, 0.0)], [0.00566036, -0.0228636, -0.000366559, 1.0)]])
0.00566036, -0.0228636, -0.000366559
float3(-0.0984202, 0.0785974, -1.57558)
601826.724749541
normal
simd_float4x4([[0.00369351, -0.995068, 0.0991272, 0.0)], [0.996952, -0.00406064, -0.0779087, 0.0)], [0.077927, 0.0991128, 0.99202, 0.0)], [0.00489471, -0.022731, 0.000254612, 1.0)]])
0.00489471, -0.022731, 0.000254612
float3(-0.0992758, 0.0783929, -1.57488)
601826.958056583
normal
simd_float4x4([[0.00471118, -0.995014, 0.0996263, 0.0)], [0.996827, -0.00324298, -0.0795277, 0.0)], [0.0794542, 0.0996849, 0.991842, 0.0)], [0.00436051, -0.0228201, -0.000443883, 1.0)]])
0.00436051, -0.0228201, -0.000443883
float3(-0.0998507, 0.079937, -1.57406)
601827.174698583
normal
simd_float4x4([[0.00653628, -0.995153, 0.0981187, 0.0)], [0.995428, -0.00287493, -0.09547, 0.0)], [0.0952894, 0.0982941, 0.990585, 0.0)], [0.0155498, -0.0101723, 0.00566891, 1.0)]])
0.0155498, -0.0101723, 0.00566891
float3(-0.0984531, 0.0959, -1.57369)
601827.424670333
normal
simd_float4x4([[0.00716916, -0.995291, 0.0966659, 0.0)], [0.995507, -0.00202318, -0.0946623, 0.0)], [0.0944121, 0.0969102, 0.990805, 0.0)], [0.0148038, -0.0107153, 0.0048304, 1.0)]])
0.0148038, -0.0107153, 0.0048304
float3(-0.0970626, 0.0950014, -1.57283)
601827.641312625
normal
simd_float4x4([[0.00665361, -0.995276, 0.096855, 0.0)], [0.995449, -0.00261573, -0.095263, 0.0)], [0.0950664, 0.097048, 0.990729, 0.0)], [0.0149676, -0.0109444, 0.00392383, 1.0)]])
0.0149676, -0.0109444, 0.00392383
float3(-0.097201, 0.0956631, -1.57342)
601827.874619708
normal
simd_float4x4([[0.00546317, -0.995204, 0.0976701, 0.0)], [0.995637, -0.00368531, -0.0932421, 0.0)], [0.0931548, 0.0977534, 0.990841, 0.0)], [0.015858, -0.0111374, 0.00357809, 1.0)]])
0.015858, -0.0111374, 0.00357809
float3(-0.0979097, 0.0937404, -1.5745)
601828.10792675
normal
simd_float4x4([[0.00471554, -0.994866, 0.101091, 0.0)], [0.995641, -0.00474623, -0.0931524, 0.0)], [0.0931539, 0.101089, 0.990507, 0.0)], [0.0157134, -0.0109781, 0.00215034, 1.0)]])
0.0157134, -0.0109781, 0.00215034
float3(-0.101262, 0.0937709, -1.57557)
601828.341234
normal
simd_float4x4([[0.00455844, -0.994973, 0.100041, 0.0)], [0.995456, -0.00500042, -0.0950914, 0.0)], [0.0951136, 0.100019, 0.990429, 0.0)], [0.0161959, -0.0109532, 0.00220987, 1.0)]])
0.0161959, -0.0109532, 0.00220987
float3(-0.100187, 0.0957392, -1.57582)
