ARKit Data
440427.310878958
normal
simd_float4x4([[0.13208, -0.0807665, -0.987943, 0.0)], [-0.991088, 0.00665523, -0.133045, 0.0)], [0.0173205, 0.996711, -0.0791676, 0.0)], [-0.449207, -0.0180437, 0.697709, 1.0)]])
-0.449207, -0.0180437, 0.697709
float3(-1.48967, 2.9262, -1.48858)
440427.510989208
normal
simd_float4x4([[0.134965, -0.104293, -0.985346, 0.0)], [-0.988444, 0.0550954, -0.141221, 0.0)], [0.0690163, 0.993019, -0.0956516, 0.0)], [-0.548165, -0.0244441, 0.822959, 1.0)]])
-0.548165, -0.0244441, 0.822959
float3(-1.45257, 2.51656, -1.08478)
440428.23130675
notAvailable
simd_float4x4([[-0.845773, 0.0, -0.533543, 0.0)], [0.0, 1.0, 0.0, 0.0)], [0.533543, 0.0, -0.845773, 0.0)], [-0.0864707, -0.0376377, -0.0406646, 1.0)]])
-0.0864707, -0.0376377, -0.0406646
float3(-0.0, 2.57881, 0.0)
440428.43138375
limited(__ObjC.ARCamera.TrackingState.Reason.initializing)
simd_float4x4([[0.149055, -0.0900362, 0.984721, 0.0)], [0.988749, 0.000881268, -0.149584, 0.0)], [0.0126002, 0.995938, 0.0891545, 0.0)], [0.0, 0.0, 0.0, 1.0)]])
0.0, 0.0, 0.0
float3(-1.48063, 0.1404, -1.56101)
440428.631494125
limited(__ObjC.ARCamera.TrackingState.Reason.initializing)
simd_float4x4([[0.251522, -0.0693986, 0.96536, 0.0)], [0.967772, 0.00527812, -0.251771, 0.0)], [0.0123773, 0.997575, 0.0684896, 0.0)], [0.0, 0.0, 0.0, 1.0)]])
0.0, 0.0, 0.0
float3(-1.50114, 0.178788, -1.49489)
440428.831604625
limited(__ObjC.ARCamera.TrackingState.Reason.initializing)
simd_float4x4([[0.36093, -0.0772451, 0.929388, 0.0)], [0.932375, 0.00832011, -0.361398, 0.0)], [0.0201836, 0.996977, 0.0750244, 0.0)], [0.0, 0.0, 0.0, 1.0)]])
0.0, 0.0, 0.0
float3(-1.49303, 0.262805, -1.4635)
440429.031715208
limited(__ObjC.ARCamera.TrackingState.Reason.initializing)
simd_float4x4([[0.433679, -0.0718078, 0.898202, 0.0)], [0.900728, 0.00720405, -0.434323, 0.0)], [0.0247171, 0.997392, 0.0678035, 0.0)], [0.0, 0.0, 0.0, 1.0)]])
0.0, 0.0, 0.0
float3(-1.49857, 0.349569, -1.47081)
440429.231825666
normal
simd_float4x4([[-0.448469, -0.0243794, 0.893466, 0.0)], [0.893514, -0.0374594, 0.447471, 0.0)], [0.0225597, 0.999001, 0.0385827, 0.0)], [-0.00312312, -0.00150149, -0.0182388, 1.0)]])
-0.00312312, -0.00150149, -0.0182388
float3(-1.52609, 0.5291, -2.56464)
440429.465288041
normal
simd_float4x4([[-0.327686, 0.0316849, 0.944255, 0.0)], [0.939365, -0.0959935, 0.329209, 0.0)], [0.101073, 0.994878, 0.001692, 0.0)], [0.0537821, -0.0601552, -0.188541, 1.0)]])
0.0537821, -0.0601552, -0.188541
float3(-1.46954, 1.55406, 2.82278)
440429.682074583
normal
simd_float4x4([[-0.297367, 0.0642067, 0.952602, 0.0)], [0.943629, -0.132168, 0.303474, 0.0)], [0.145389, 0.989146, -0.0212848, 0.0)], [0.124505, -0.0721471, -0.439444, 1.0)]])
0.124505, -0.0721471, -0.439444
float3(-1.42332, 1.71616, 2.68937)
440429.898861083
normal
simd_float4x4([[-0.308814, 0.0181139, 0.95095, 0.0)], [0.945567, -0.102053, 0.30901, 0.0)], [0.102644, 0.994614, 0.0143874, 0.0)], [0.0973118, -0.0528111, -0.371195, 1.0)]])
0.0973118, -0.0528111, -0.371195
float3(-1.46696, 1.43154, 2.96593)
440430.115647541
normal
simd_float4x4([[-0.379329, 0.0177099, 0.925092, 0.0)], [0.919747, -0.101779, 0.379086, 0.0)], [0.100868, 0.994649, 0.0223189, 0.0)], [0.199336, 0.0171733, -0.331876, 1.0)]])
0.199336, 0.0171733, -0.331876
float3(-1.4673, 1.35304, 2.96931)
440430.31575825
normal
simd_float4x4([[-0.471737, 0.0150615, 0.881611, 0.0)], [0.876783, -0.0978463, 0.470826, 0.0)], [0.0933537, 0.995088, 0.0329521, 0.0)], [0.339929, 0.0729044, -0.180953, 1.0)]])
0.339929, 0.0729044, -0.180953
float3(-1.47164, 1.23147, 2.98886)
440430.515869083
normal
simd_float4x4([[-0.560528, 0.00841683, 0.828092, 0.0)], [0.823256, -0.102718, 0.558299, 0.0)], [0.0897593, 0.994675, 0.0506473, 0.0)], [0.482345, 0.119342, -0.120237, 1.0)]])
0.482345, 0.119342, -0.120237
float3(-1.46755, 1.05707, 3.05983)
440430.715979875
normal
simd_float4x4([[-0.650767, -0.000809521, 0.759277, 0.0)], [0.755721, -0.0973583, 0.647616, 0.0)], [0.0733976, 0.995249, 0.0639694, 0.0)], [0.635524, 0.179429, -0.0784933, 1.0)]])
0.635524, 0.179429, -0.0784933
float3(-1.47328, 0.853926, -3.13328)
440430.916090583
normal
simd_float4x4([[-0.733103, 0.00452892, 0.680102, 0.0)], [0.676899, -0.0923099, 0.730265, 0.0)], [0.0660875, 0.99572, 0.0646071, 0.0)], [0.819796, 0.244168, -0.0134997, 1.0)]])
0.819796, 0.244168, -0.0134997
float3(-1.47824, 0.796725, 3.09257)
440431.116201208
normal
simd_float4x4([[-0.803613, 0.0116288, 0.595039, 0.0)], [0.591857, -0.0894539, 0.801064, 0.0)], [0.062544, 0.995923, 0.0650038, 0.0)], [1.0288, 0.310957, 0.136165, 1.0)]])
1.0288, 0.310957, 0.136165
float3(-1.48047, 0.766115, 3.01232)
440431.316312083
normal
simd_float4x4([[-0.86054, 0.00325156, 0.509373, 0.0)], [0.507725, -0.075146, 0.858236, 0.0)], [0.041068, 0.997167, 0.0630153, 0.0)], [1.1653, 0.36937, 0.340206, 1.0)]])
1.1653, 0.36937, 0.340206
float3(-1.49551, 0.57758, 3.09835)
440431.516422875
normal
simd_float4x4([[-0.899417, -0.0188864, 0.436683, 0.0)], [0.436703, -0.0808951, 0.895961, 0.0)], [0.018404, 0.996544, 0.0810063, 0.0)], [1.10209, 0.394626, 0.763218, 1.0)]])
1.10209, 0.394626, 0.763218
float3(-1.48763, 0.2234, -2.91223)
440431.733209666
normal
simd_float4x4([[-0.935406, -0.0264383, 0.352585, 0.0)], [0.353436, -0.0979376, 0.930318, 0.0)], [0.0099354, 0.994841, 0.100956, 0.0)], [1.09211, 0.395923, 1.23324, 1.0)]])
1.09211, 0.395923, 1.23324
float3(-1.46918, 0.0980976, -2.87793)
440431.9499965
normal
simd_float4x4([[-0.960738, -0.0427378, 0.274144, 0.0)], [0.27712, -0.099189, 0.955702, 0.0)], [-0.0136525, 0.99415, 0.107138, 0.0)], [1.20933, 0.389764, 1.54058, 1.0)]])
1.20933, 0.389764, 1.54058
float3(-1.46258, -0.126746, -2.73476)
440432.150107375
normal
simd_float4x4([[-0.974219, -0.0631004, 0.216601, 0.0)], [0.221737, -0.0907752, 0.970872, 0.0)], [-0.0416004, 0.99387, 0.102427, 0.0)], [1.29698, 0.370263, 1.99017, 1.0)]])
1.29698, 0.370263, 1.99017
float3(-1.46002, -0.385795, -2.53414)
440432.350218375
limited(__ObjC.ARCamera.TrackingState.Reason.insufficientFeatures)
simd_float4x4([[-0.988349, -0.0676013, 0.136371, 0.0)], [0.141445, -0.0770192, 0.986945, 0.0)], [-0.0562156, 0.994735, 0.0856837, 0.0)], [1.39383, 0.389806, 2.24379, 1.0)]])
1.39383, 0.389806, 2.24379
float3(-1.46814, -0.58064, -2.42122)
440432.550329166
limited(__ObjC.ARCamera.TrackingState.Reason.insufficientFeatures)
simd_float4x4([[-0.995988, -0.0832408, 0.0328398, 0.0)], [0.0382792, -0.0646142, 0.997176, 0.0)], [-0.0808838, 0.994433, 0.0675414, 0.0)], [1.57684, 0.42089, 2.55642, 1.0)]])
1.57684, 0.42089, 2.55642
float3(-1.46522, -0.87505, -2.23088)
440432.750440125
limited(__ObjC.ARCamera.TrackingState.Reason.insufficientFeatures)
simd_float4x4([[-0.996038, -0.0744293, -0.0486762, 0.0)], [-0.0447748, -0.0532165, 0.997579, 0.0)], [-0.0768395, 0.995805, 0.0496731, 0.0)], [1.76929, 0.450884, 2.88165, 1.0)]])
1.76929, 0.450884, 2.88165
float3(-1.47917, -0.996919, -2.19151)
440432.950551083
limited(__ObjC.ARCamera.TrackingState.Reason.insufficientFeatures)
simd_float4x4([[-0.994364, -0.0608474, -0.0868236, 0.0)], [-0.0842658, -0.0434158, 0.995497, 0.0)], [-0.0643429, 0.997202, 0.0380437, 0.0)], [1.97033, 0.483685, 3.20833, 1.0)]])
1.97033, 0.483685, 3.20833
float3(-1.49598, -1.03682, -2.19054)
440433.150662166
limited(__ObjC.ARCamera.TrackingState.Reason.insufficientFeatures)
simd_float4x4([[-0.995771, -0.056378, -0.0725382, 0.0)], [-0.0698906, -0.0475961, 0.996419, 0.0)], [-0.0596287, 0.997274, 0.0434545, 0.0)], [2.14661, 0.513423, 3.47662, 1.0)]])
2.14661, 0.513423, 3.47662
float3(-1.49695, -0.941033, -2.27193)
440433.367449
limited(__ObjC.ARCamera.TrackingState.Reason.insufficientFeatures)
simd_float4x4([[-0.995771, -0.056378, -0.0725382, 0.0)], [-0.0698906, -0.0475961, 0.996419, 0.0)], [-0.0596287, 0.997274, 0.0434545, 0.0)], [2.14661, 0.513423, 3.47662, 1.0)]])
2.14661, 0.513423, 3.47662
float3(-1.49695, -0.941033, -2.27193)
440433.567560041
limited(__ObjC.ARCamera.TrackingState.Reason.insufficientFeatures)
simd_float4x4([[-0.995771, -0.056378, -0.0725382, 0.0)], [-0.0698906, -0.0475961, 0.996419, 0.0)], [-0.0596287, 0.997274, 0.0434545, 0.0)], [2.14661, 0.513423, 3.47662, 1.0)]])
2.14661, 0.513423, 3.47662
float3(-1.49695, -0.941033, -2.27193)
440433.784347208
limited(__ObjC.ARCamera.TrackingState.Reason.insufficientFeatures)
simd_float4x4([[-0.995771, -0.056378, -0.0725382, 0.0)], [-0.0698906, -0.0475961, 0.996419, 0.0)], [-0.0596287, 0.997274, 0.0434545, 0.0)], [2.14661, 0.513423, 3.47662, 1.0)]])
2.14661, 0.513423, 3.47662
float3(-1.49695, -0.941033, -2.27193)
440434.034486125
limited(__ObjC.ARCamera.TrackingState.Reason.insufficientFeatures)
simd_float4x4([[-0.995771, -0.056378, -0.0725382, 0.0)], [-0.0698906, -0.0475961, 0.996419, 0.0)], [-0.0596287, 0.997274, 0.0434545, 0.0)], [2.14661, 0.513423, 3.47662, 1.0)]])
2.14661, 0.513423, 3.47662
float3(-1.49695, -0.941033, -2.27193)
440434.251272958
limited(__ObjC.ARCamera.TrackingState.Reason.insufficientFeatures)
simd_float4x4([[-0.995771, -0.056378, -0.0725382, 0.0)], [-0.0698906, -0.0475961, 0.996419, 0.0)], [-0.0596287, 0.997274, 0.0434545, 0.0)], [2.14661, 0.513423, 3.47662, 1.0)]])
2.14661, 0.513423, 3.47662
float3(-1.49695, -0.941033, -2.27193)
440434.468060083
limited(__ObjC.ARCamera.TrackingState.Reason.insufficientFeatures)
simd_float4x4([[-0.995771, -0.056378, -0.0725382, 0.0)], [-0.0698906, -0.0475961, 0.996419, 0.0)], [-0.0596287, 0.997274, 0.0434545, 0.0)], [2.14661, 0.513423, 3.47662, 1.0)]])
2.14661, 0.513423, 3.47662
float3(-1.49695, -0.941033, -2.27193)
440434.66817125
limited(__ObjC.ARCamera.TrackingState.Reason.insufficientFeatures)
simd_float4x4([[-0.995771, -0.056378, -0.0725382, 0.0)], [-0.0698906, -0.0475961, 0.996419, 0.0)], [-0.0596287, 0.997274, 0.0434545, 0.0)], [2.14661, 0.513423, 3.47662, 1.0)]])
2.14661, 0.513423, 3.47662
float3(-1.49695, -0.941033, -2.27193)
440434.8682825
limited(__ObjC.ARCamera.TrackingState.Reason.insufficientFeatures)
simd_float4x4([[-0.995771, -0.056378, -0.0725382, 0.0)], [-0.0698906, -0.0475961, 0.996419, 0.0)], [-0.0596287, 0.997274, 0.0434545, 0.0)], [2.14661, 0.513423, 3.47662, 1.0)]])
2.14661, 0.513423, 3.47662
float3(-1.49695, -0.941033, -2.27193)
440435.085069666
limited(__ObjC.ARCamera.TrackingState.Reason.insufficientFeatures)
simd_float4x4([[-0.995771, -0.056378, -0.0725382, 0.0)], [-0.0698906, -0.0475961, 0.996419, 0.0)], [-0.0596287, 0.997274, 0.0434545, 0.0)], [2.14661, 0.513423, 3.47662, 1.0)]])
2.14661, 0.513423, 3.47662
float3(-1.49695, -0.941033, -2.27193)
440435.28518075
limited(__ObjC.ARCamera.TrackingState.Reason.insufficientFeatures)
simd_float4x4([[-0.995771, -0.056378, -0.0725382, 0.0)], [-0.0698906, -0.0475961, 0.996419, 0.0)], [-0.0596287, 0.997274, 0.0434545, 0.0)], [2.14661, 0.513423, 3.47662, 1.0)]])
2.14661, 0.513423, 3.47662
float3(-1.49695, -0.941033, -2.27193)
440435.485291916
limited(__ObjC.ARCamera.TrackingState.Reason.insufficientFeatures)
simd_float4x4([[-0.995771, -0.056378, -0.0725382, 0.0)], [-0.0698906, -0.0475961, 0.996419, 0.0)], [-0.0596287, 0.997274, 0.0434545, 0.0)], [2.14661, 0.513423, 3.47662, 1.0)]])
2.14661, 0.513423, 3.47662
float3(-1.49695, -0.941033, -2.27193)
440435.685403416
limited(__ObjC.ARCamera.TrackingState.Reason.insufficientFeatures)
simd_float4x4([[-0.995771, -0.056378, -0.0725382, 0.0)], [-0.0698906, -0.0475961, 0.996419, 0.0)], [-0.0596287, 0.997274, 0.0434545, 0.0)], [2.14661, 0.513423, 3.47662, 1.0)]])
2.14661, 0.513423, 3.47662
float3(-1.49695, -0.941033, -2.27193)
440435.902190458
limited(__ObjC.ARCamera.TrackingState.Reason.insufficientFeatures)
simd_float4x4([[-0.995771, -0.056378, -0.0725382, 0.0)], [-0.0698906, -0.0475961, 0.996419, 0.0)], [-0.0596287, 0.997274, 0.0434545, 0.0)], [2.14661, 0.513423, 3.47662, 1.0)]])
2.14661, 0.513423, 3.47662
float3(-1.49695, -0.941033, -2.27193)
440436.102301708
limited(__ObjC.ARCamera.TrackingState.Reason.insufficientFeatures)
simd_float4x4([[-0.995771, -0.056378, -0.0725382, 0.0)], [-0.0698906, -0.0475961, 0.996419, 0.0)], [-0.0596287, 0.997274, 0.0434545, 0.0)], [2.14661, 0.513423, 3.47662, 1.0)]])
2.14661, 0.513423, 3.47662
float3(-1.49695, -0.941033, -2.27193)
440436.302413125
limited(__ObjC.ARCamera.TrackingState.Reason.insufficientFeatures)
simd_float4x4([[-0.995771, -0.056378, -0.0725382, 0.0)], [-0.0698906, -0.0475961, 0.996419, 0.0)], [-0.0596287, 0.997274, 0.0434545, 0.0)], [2.14661, 0.513423, 3.47662, 1.0)]])
2.14661, 0.513423, 3.47662
float3(-1.49695, -0.941033, -2.27193)
440436.502524583
limited(__ObjC.ARCamera.TrackingState.Reason.insufficientFeatures)
simd_float4x4([[-0.995771, -0.056378, -0.0725382, 0.0)], [-0.0698906, -0.0475961, 0.996419, 0.0)], [-0.0596287, 0.997274, 0.0434545, 0.0)], [2.14661, 0.513423, 3.47662, 1.0)]])
2.14661, 0.513423, 3.47662
float3(-1.49695, -0.941033, -2.27193)
440436.702635833
limited(__ObjC.ARCamera.TrackingState.Reason.insufficientFeatures)
simd_float4x4([[-0.995771, -0.056378, -0.0725382, 0.0)], [-0.0698906, -0.0475961, 0.996419, 0.0)], [-0.0596287, 0.997274, 0.0434545, 0.0)], [2.14661, 0.513423, 3.47662, 1.0)]])
2.14661, 0.513423, 3.47662
float3(-1.49695, -0.941033, -2.27193)
440436.90274725
limited(__ObjC.ARCamera.TrackingState.Reason.insufficientFeatures)
simd_float4x4([[-0.995771, -0.056378, -0.0725382, 0.0)], [-0.0698906, -0.0475961, 0.996419, 0.0)], [-0.0596287, 0.997274, 0.0434545, 0.0)], [2.14661, 0.513423, 3.47662, 1.0)]])
2.14661, 0.513423, 3.47662
float3(-1.49695, -0.941033, -2.27193)
440437.102858541
limited(__ObjC.ARCamera.TrackingState.Reason.insufficientFeatures)
simd_float4x4([[-0.995771, -0.056378, -0.0725382, 0.0)], [-0.0698906, -0.0475961, 0.996419, 0.0)], [-0.0596287, 0.997274, 0.0434545, 0.0)], [2.14661, 0.513423, 3.47662, 1.0)]])
2.14661, 0.513423, 3.47662
float3(-1.49695, -0.941033, -2.27193)
440437.319645916
limited(__ObjC.ARCamera.TrackingState.Reason.insufficientFeatures)
simd_float4x4([[-0.995771, -0.056378, -0.0725382, 0.0)], [-0.0698906, -0.0475961, 0.996419, 0.0)], [-0.0596287, 0.997274, 0.0434545, 0.0)], [2.14661, 0.513423, 3.47662, 1.0)]])
2.14661, 0.513423, 3.47662
float3(-1.49695, -0.941033, -2.27193)
440437.519757375
limited(__ObjC.ARCamera.TrackingState.Reason.insufficientFeatures)
simd_float4x4([[-0.513065, -0.366538, 0.776153, 0.0)], [0.847624, -0.0738523, 0.525433, 0.0)], [-0.135271, 0.927467, 0.348577, 0.0)], [0.150733, 0.172486, 0.537412, 1.0)]])
0.150733, 0.172486, 0.537412
float3(-1.18758, -0.370175, -1.76962)
440437.736544583
limited(__ObjC.ARCamera.TrackingState.Reason.insufficientFeatures)
simd_float4x4([[-0.449255, -0.387567, 0.804961, 0.0)], [0.888866, -0.103209, 0.446391, 0.0)], [-0.0899267, 0.916046, 0.390862, 0.0)], [0.160536, 0.261338, 0.459006, 1.0)]])
0.160536, 0.261338, 0.459006
float3(-1.15811, -0.226137, -1.83106)
440437.936656125
limited(__ObjC.ARCamera.TrackingState.Reason.insufficientFeatures)
simd_float4x4([[-0.418597, -0.393113, 0.818681, 0.0)], [0.906247, -0.12215, 0.404717, 0.0)], [-0.0590976, 0.91134, 0.407389, 0.0)], [0.190376, 0.359521, 0.411063, 1.0)]])
0.190376, 0.359521, 0.411063
float3(-1.14653, -0.144059, -1.87206)
440438.153443541
limited(__ObjC.ARCamera.TrackingState.Reason.insufficientFeatures)
simd_float4x4([[-0.499351, -0.351629, 0.791837, 0.0)], [0.862895, -0.119723, 0.490997, 0.0)], [-0.0778473, 0.928452, 0.363203, 0.0)], [0.285639, 0.384918, 0.487091, 1.0)]])
0.285639, 0.384918, 0.487091
float3(-1.19022, -0.211141, -1.89897)
440438.353554958
normal
simd_float4x4([[-0.588913, -0.320389, 0.741979, 0.0)], [0.801789, -0.116231, 0.586196, 0.0)], [-0.10157, 0.940128, 0.325334, 0.0)], [0.356949, 0.398127, 0.592488, 1.0)]])
0.356949, 0.398127, 0.592488
float3(-1.22301, -0.302613, -1.91881)
440438.553666458
normal
simd_float4x4([[-0.664737, -0.301978, 0.683326, 0.0)], [0.736534, -0.111776, 0.667101, 0.0)], [-0.12507, 0.946739, 0.296718, 0.0)], [0.439371, 0.433263, 0.716379, 1.0)]])
0.439371, 0.433263, 0.716379
float3(-1.24295, -0.398912, -1.92531)
440438.753777916
normal
simd_float4x4([[-0.719602, -0.284322, 0.633509, 0.0)], [0.679931, -0.103326, 0.72596, 0.0)], [-0.140949, 0.953145, 0.267673, 0.0)], [0.538459, 0.491336, 0.836915, 1.0)]])
0.538459, 0.491336, 0.836915
float3(-1.26347, -0.484677, -1.91937)
440438.970565541
normal
simd_float4x4([[-0.761801, -0.270914, 0.588443, 0.0)], [0.628761, -0.0905552, 0.772308, 0.0)], [-0.155942, 0.958335, 0.239325, 0.0)], [0.629719, 0.542487, 0.968679, 1.0)]])
0.629719, 0.542487, 0.968679
float3(-1.28111, -0.577493, -1.89338)
440439.170676958
normal
simd_float4x4([[-0.794997, -0.259859, 0.548136, 0.0)], [0.58308, -0.0780988, 0.808652, 0.0)], [-0.167327, 0.962483, 0.213607, 0.0)], [0.697928, 0.57741, 1.08107, 1.0)]])
0.697928, 0.57741, 1.08107
float3(-1.29601, -0.6645, -1.86275)
440439.387464458
normal
simd_float4x4([[-0.836933, -0.256602, 0.483424, 0.0)], [0.514023, -0.065211, 0.855294, 0.0)], [-0.187946, 0.964315, 0.186477, 0.0)], [0.600003, 0.52861, 1.27374, 1.0)]])
0.600003, 0.52861, 1.27374
float3(-1.30284, -0.789322, -1.81966)
440439.587576083
normal
simd_float4x4([[-0.871142, -0.24861, 0.423443, 0.0)], [0.449098, -0.0546977, 0.891807, 0.0)], [-0.198551, 0.967058, 0.1593, 0.0)], [0.498973, 0.467294, 1.35219, 1.0)]])
0.498973, 0.467294, 1.35219
float3(-1.31341, -0.894647, -1.78736)
440439.804363708
normal
simd_float4x4([[-0.902521, -0.236681, 0.359774, 0.0)], [0.380046, -0.0448333, 0.923881, 0.0)], [-0.202535, 0.970552, 0.130413, 0.0)], [0.501174, 0.459756, 1.44803, 1.0)]])
0.501174, 0.459756, 1.44803
float3(-1.32751, -0.99872, -1.758)
440440.004475375
normal
simd_float4x4([[-0.925426, -0.23159, 0.299922, 0.0)], [0.315216, -0.0312232, 0.948506, 0.0)], [-0.2103, 0.972312, 0.101896, 0.0)], [0.515947, 0.465957, 1.55786, 1.0)]])
0.515947, 0.465957, 1.55786
float3(-1.33493, -1.11961, -1.70481)
440440.204587041
normal
simd_float4x4([[-0.945593, -0.227357, 0.232729, 0.0)], [0.243997, -0.0223711, 0.969518, 0.0)], [-0.215221, 0.973554, 0.0766284, 0.0)], [0.550106, 0.489735, 1.67291, 1.0)]])
0.550106, 0.489735, 1.67291
float3(-1.34031, -1.22875, -1.66888)
440440.4213745
normal
simd_float4x4([[-0.960633, -0.236976, 0.145004, 0.0)], [0.152155, -0.0120702, 0.988283, 0.0)], [-0.23245, 0.97144, 0.0476521, 0.0)], [0.570357, 0.511682, 1.8082, 1.0)]])
0.570357, 0.511682, 1.8082
float3(-1.33123, -1.3686, -1.62169)
440440.62148625
normal
simd_float4x4([[-0.964692, -0.251308, 0.0788267, 0.0)], [0.0831185, -0.00649173, 0.996519, 0.0)], [-0.249921, 0.967885, 0.0271508, 0.0)], [0.599908, 0.53486, 1.92446, 1.0)]])
0.599908, 0.53486, 1.92446
float3(-1.31668, -1.46258, -1.59662)
440440.821597958
normal
simd_float4x4([[-0.963974, -0.262045, 0.0456712, 0.0)], [0.0480393, -0.00263493, 0.998842, 0.0)], [-0.261621, 0.965052, 0.0151285, 0.0)], [0.62133, 0.553372, 2.00411, 1.0)]])
0.62133, 0.553372, 2.00411
float3(-1.30564, -1.51303, -1.58085)
440441.021709666
normal
simd_float4x4([[-0.958347, -0.281842, 0.046221, 0.0)], [0.0475513, 0.00212204, 0.998867, 0.0)], [-0.281621, 0.959459, 0.0113683, 0.0)], [0.627759, 0.573271, 2.01384, 1.0)]])
0.627759, 0.573271, 2.01384
float3(-1.28507, -1.53045, -1.56327)
440441.221821333
normal
simd_float4x4([[-0.948632, -0.307696, 0.0736207, 0.0)], [0.073399, 0.0123102, 0.997227, 0.0)], [-0.307748, 0.951405, 0.0109067, 0.0)], [0.608236, 0.585768, 1.91658, 1.0)]])
0.608236, 0.585768, 1.91658
float3(-1.25777, -1.53537, -1.53081)
440441.438609083
normal
simd_float4x4([[-0.922699, -0.371161, 0.104236, 0.0)], [0.100689, 0.0289822, 0.994496, 0.0)], [-0.372139, 0.928116, 0.01063, 0.0)], [0.540011, 0.605272, 1.74374, 1.0)]])
0.540011, 0.605272, 1.74374
float3(-1.18932, -1.54224, -1.49287)
440441.655396708
normal
simd_float4x4([[-0.857322, -0.49925, 0.125493, 0.0)], [0.124931, 0.0347074, 0.991558, 0.0)], [-0.499391, 0.865762, 0.0326162, 0.0)], [0.521411, 0.673669, 1.60359, 1.0)]])
0.521411, 0.673669, 1.60359
float3(-1.04667, -1.50558, -1.50139)
440441.855508625
normal
simd_float4x4([[-0.774705, -0.617085, 0.137982, 0.0)], [0.142443, 0.0422945, 0.988899, 0.0)], [-0.61607, 0.785759, 0.0551338, 0.0)], [0.526567, 0.749504, 1.48704, 1.0)]])
0.526567, 0.749504, 1.48704
float3(-0.903923, -1.48154, -1.50236)
440442.055620375
normal
simd_float4x4([[-0.641244, -0.754212, 0.141318, 0.0)], [0.15186, 0.0557897, 0.986826, 0.0)], [-0.75216, 0.654257, 0.0787597, 0.0)], [0.533729, 0.841188, 1.37699, 1.0)]])
0.533729, 0.841188, 1.37699
float3(-0.7132, -1.46647, -1.49696)
440442.255732208
limited(__ObjC.ARCamera.TrackingState.Reason.insufficientFeatures)
simd_float4x4([[-0.495663, -0.861217, 0.112355, 0.0)], [0.177677, 0.0260799, 0.983743, 0.0)], [-0.850147, 0.507568, 0.140091, 0.0)], [0.568769, 0.935396, 1.2827, 1.0)]])
0.568769, 0.935396, 1.2827
float3(-0.53236, -1.40748, -1.54052)
440442.455843916
limited(__ObjC.ARCamera.TrackingState.Reason.insufficientFeatures)
simd_float4x4([[-0.364661, -0.927171, 0.0858904, 0.0)], [0.172715, 0.0232896, 0.984696, 0.0)], [-0.914982, 0.373915, 0.151644, 0.0)], [0.627677, 1.01773, 1.18459, 1.0)]])
0.627677, 1.01773, 1.18459
float3(-0.383226, -1.40655, -1.54568)
440442.672631875
limited(__ObjC.ARCamera.TrackingState.Reason.insufficientFeatures)
simd_float4x4([[-0.261197, -0.962299, 0.0758746, 0.0)], [0.159836, 0.0344019, 0.986544, 0.0)], [-0.95196, 0.26981, 0.144825, 0.0)], [0.71413, 1.07819, 1.06676, 1.0)]])
0.71413, 1.07819, 1.06676
float3(-0.273196, -1.41982, -1.53506)
440442.88927425
limited(__ObjC.ARCamera.TrackingState.Reason.insufficientFeatures)
simd_float4x4([[-0.217443, -0.973292, 0.0736354, 0.0)], [0.150763, 0.0410448, 0.987717, 0.0)], [-0.964359, 0.225873, 0.137812, 0.0)], [0.831322, 1.11007, 0.926163, 1.0)]])
0.831322, 1.11007, 0.926163
float3(-0.227839, -1.42885, -1.52865)
440443.105916583
limited(__ObjC.ARCamera.TrackingState.Reason.insufficientFeatures)
simd_float4x4([[-0.201892, -0.976156, 0.0797475, 0.0)], [0.150347, 0.0495698, 0.98739, 0.0)], [-0.967799, 0.211336, 0.136755, 0.0)], [0.974111, 1.1301, 0.764475, 1.0)]])
0.974111, 1.1301, 0.764475
float3(-0.212942, -1.43042, -1.52006)
440443.355888416
limited(__ObjC.ARCamera.TrackingState.Reason.insufficientFeatures)
simd_float4x4([[-0.201892, -0.976156, 0.0797475, 0.0)], [0.150347, 0.0495698, 0.98739, 0.0)], [-0.967799, 0.211336, 0.136755, 0.0)], [0.974111, 1.1301, 0.764475, 1.0)]])
0.974111, 1.1301, 0.764475
float3(-0.212942, -1.43042, -1.52006)
440443.572530958
limited(__ObjC.ARCamera.TrackingState.Reason.insufficientFeatures)
simd_float4x4([[-0.104856, -0.986057, 0.129214, 0.0)], [0.756375, 0.00528385, 0.654117, 0.0)], [-0.645679, 0.166322, 0.745275, 0.0)], [0.142667, 0.160475, 0.669083, 1.0)]])
0.142667, 0.160475, 0.669083
float3(-0.167099, -0.713917, -1.56544)
440443.789173333
limited(__ObjC.ARCamera.TrackingState.Reason.insufficientFeatures)
simd_float4x4([[-0.0988831, -0.986988, 0.126798, 0.0)], [0.760819, 0.0071432, 0.648925, 0.0)], [-0.641386, 0.160638, 0.750213, 0.0)], [0.140787, 0.162527, 0.668612, 1.0)]])
0.140787, 0.162527, 0.668612
float3(-0.161337, -0.707354, -1.56356)
440444.022480541
limited(__ObjC.ARCamera.TrackingState.Reason.insufficientFeatures)
simd_float4x4([[-0.0855668, -0.989096, 0.119866, 0.0)], [0.760841, 0.0128071, 0.648812, 0.0)], [-0.643272, 0.146715, 0.751449, 0.0)], [0.139744, 0.166499, 0.670004, 1.0)]])
0.139744, 0.166499, 0.670004
float3(-0.147247, -0.707992, -1.55785)
440444.239122958
normal
simd_float4x4([[-0.0764574, -0.99038, 0.115336, 0.0)], [0.765114, 0.0158961, 0.643698, 0.0)], [-0.639339, 0.137461, 0.756538, 0.0)], [0.139814, 0.167748, 0.669028, 1.0)]])
0.139814, 0.167748, 0.669028
float3(-0.137898, -0.701634, -1.55475)
440444.455765458
normal
simd_float4x4([[-0.0708105, -0.991569, 0.108521, 0.0)], [0.768173, 0.0151936, 0.640062, 0.0)], [-0.636314, 0.128686, 0.760621, 0.0)], [0.138051, 0.1679, 0.670409, 1.0)]])
0.138051, 0.1679, 0.670409
float3(-0.129044, -0.696647, -1.55547)
440444.672407875
normal
simd_float4x4([[-0.066947, -0.992256, 0.104622, 0.0)], [0.777058, 0.0139224, 0.629275, 0.0)], [-0.625858, 0.123426, 0.770109, 0.0)], [0.135239, 0.168354, 0.670589, 1.0)]])
0.135239, 0.168354, 0.670589
float3(-0.123741, -0.68243, -1.55677)
440444.905715083
normal
simd_float4x4([[-0.060531, -0.993553, 0.0958565, 0.0)], [0.780498, 0.0127509, 0.625028, 0.0)], [-0.622221, 0.112649, 0.774695, 0.0)], [0.130846, 0.168828, 0.672763, 1.0)]])
0.130846, 0.168828, 0.672763
float3(-0.112889, -0.676678, -1.55796)
440445.122357708
normal
simd_float4x4([[-0.0624884, -0.992931, 0.100907, 0.0)], [0.781153, 0.0142718, 0.624176, 0.0)], [-0.621204, 0.117828, 0.77474, 0.0)], [0.1301, 0.168316, 0.669021, 1.0)]])
0.1301, 0.168316, 0.669021
float3(-0.118102, -0.675852, -1.55642)
440445.372329833
normal
simd_float4x4([[-0.0598372, -0.993043, 0.101417, 0.0)], [0.78447, 0.0160455, 0.619959, 0.0)], [-0.617273, 0.116655, 0.778052, 0.0)], [0.125131, 0.16879, 0.666918, 1.0)]])
0.125131, 0.16879, 0.666918
float3(-0.116921, -0.670677, -1.55464)
440445.588972458
normal
simd_float4x4([[-0.0596853, -0.993035, 0.101584, 0.0)], [0.787581, 0.015679, 0.616011, 0.0)], [-0.613313, 0.116772, 0.78116, 0.0)], [0.125598, 0.167524, 0.664745, 1.0)]])
0.125598, 0.167524, 0.664745
float3(-0.11704, -0.665609, -1.55501)
440445.838944583
normal
simd_float4x4([[-0.0610989, -0.992803, 0.103004, 0.0)], [0.7908, 0.0148172, 0.611896, 0.0)], [-0.609018, 0.118842, 0.784203, 0.0)], [0.124182, 0.167488, 0.664395, 1.0)]])
0.124182, 0.167488, 0.664395
float3(-0.119123, -0.660314, -1.55587)
440446.055587166
normal
simd_float4x4([[-0.0663115, -0.992454, 0.103135, 0.0)], [0.790181, 0.010883, 0.612777, 0.0)], [-0.609276, 0.12213, 0.783497, 0.0)], [0.123896, 0.166558, 0.663203, 1.0)]])
0.123896, 0.166558, 0.663203
float3(-0.122435, -0.660955, -1.55983)
440446.2888945
normal
simd_float4x4([[-0.0694413, -0.991655, 0.108621, 0.0)], [0.788851, 0.0120659, 0.614465, 0.0)], [-0.610648, 0.128355, 0.781431, 0.0)], [0.12506, 0.165858, 0.660519, 1.0)]])
0.12506, 0.165858, 0.660519
float3(-0.12871, -0.663327, -1.55863)
440446.505537083
normal
simd_float4x4([[-0.0733894, -0.990914, 0.112705, 0.0)], [0.786575, 0.0119643, 0.617379, 0.0)], [-0.613118, 0.13396, 0.778551, 0.0)], [0.12508, 0.165461, 0.659352, 1.0)]])
0.12508, 0.165461, 0.659352
float3(-0.134364, -0.66708, -1.55872)
440446.72217975
normal
simd_float4x4([[-0.0736806, -0.990873, 0.112879, 0.0)], [0.784554, 0.0122835, 0.619939, 0.0)], [-0.615667, 0.134237, 0.776489, 0.0)], [0.123871, 0.165528, 0.658798, 1.0)]])
0.123871, 0.165528, 0.658798
float3(-0.134643, -0.670388, -1.5584)
440446.972151958
normal
simd_float4x4([[-0.0713439, -0.991227, 0.111263, 0.0)], [0.78305, 0.0134372, 0.621814, 0.0)], [-0.617853, 0.131488, 0.775221, 0.0)], [0.121523, 0.165912, 0.659257, 1.0)]])
0.121523, 0.165912, 0.659257
float3(-0.131869, -0.672911, -1.55724)
440447.205459583
normal
simd_float4x4([[-0.0740599, -0.990863, 0.112721, 0.0)], [0.780909, 0.0126777, 0.624516, 0.0)], [-0.620239, 0.134276, 0.772834, 0.0)], [0.120877, 0.165248, 0.660527, 1.0)]])
0.120877, 0.165248, 0.660527
float3(-0.134683, -0.676295, -1.558)
440447.422102291
normal
simd_float4x4([[-0.0729695, -0.991078, 0.111537, 0.0)], [0.778836, 0.0132301, 0.627087, 0.0)], [-0.622968, 0.132627, 0.770922, 0.0)], [0.120092, 0.165721, 0.660515, 1.0)]])
0.120092, 0.165721, 0.660515
float3(-0.133019, -0.679649, -1.55745)
440447.655409625
normal
simd_float4x4([[-0.0696851, -0.991198, 0.112567, 0.0)], [0.777771, 0.0166769, 0.628327, 0.0)], [-0.624673, 0.131337, 0.769762, 0.0)], [0.117818, 0.166332, 0.660794, 1.0)]])
0.117818, 0.166332, 0.660794
float3(-0.131717, -0.681723, -1.55397)
440447.888717416
normal
simd_float4x4([[-0.0680628, -0.991301, 0.112648, 0.0)], [0.777083, 0.0181385, 0.629137, 0.0)], [-0.625708, 0.130358, 0.769088, 0.0)], [0.116731, 0.166527, 0.659173, 1.0)]])
0.116731, 0.166527, 0.659173
float3(-0.13073, -0.682961, -1.5525)
440448.105360041
normal
simd_float4x4([[-0.0681611, -0.991282, 0.112756, 0.0)], [0.777309, 0.0180832, 0.628859, 0.0)], [-0.625415, 0.13051, 0.7693, 0.0)], [0.115878, 0.16735, 0.658965, 1.0)]])
0.115878, 0.16735, 0.658965
float3(-0.130884, -0.682597, -1.55256)
440448.32200275
normal
simd_float4x4([[-0.0697586, -0.991293, 0.111674, 0.0)], [0.765693, 0.0185473, 0.642939, 0.0)], [-0.639412, 0.130358, 0.757733, 0.0)], [0.123957, 0.159298, 0.664643, 1.0)]])
0.123957, 0.159298, 0.664643
float3(-0.130731, -0.700912, -1.55209)
440448.571975125
normal
simd_float4x4([[-0.0670116, -0.990799, 0.117585, 0.0)], [0.768176, 0.0239739, 0.63979, 0.0)], [-0.636723, 0.1332, 0.759501, 0.0)], [0.119595, 0.158745, 0.658889, 1.0)]])
0.119595, 0.158745, 0.658889
float3(-0.133597, -0.697688, -1.5466)
440448.788617833
normal
simd_float4x4([[-0.0697635, -0.988626, 0.133232, 0.0)], [0.773919, 0.0306322, 0.632543, 0.0)], [-0.62943, 0.14724, 0.76298, 0.0)], [0.108003, 0.152308, 0.64362, 1.0)]])
0.108003, 0.152308, 0.64362
float3(-0.147777, -0.689777, -1.53982)
440449.021925625
normal
simd_float4x4([[-0.0922244, -0.982922, 0.159246, 0.0)], [0.774702, 0.0296443, 0.631631, 0.0)], [-0.625564, 0.18162, 0.758738, 0.0)], [0.101975, 0.13781, 0.618937, 1.0)]])
0.101975, 0.13781, 0.618937
float3(-0.182633, -0.68949, -1.54065)
440449.238568458
normal
simd_float4x4([[-0.124994, -0.977638, 0.169117, 0.0)], [0.740835, 0.0214152, 0.671346, 0.0)], [-0.659955, 0.209202, 0.721591, 0.0)], [0.113263, 0.122117, 0.60109, 1.0)]])
0.113263, 0.122117, 0.60109
float3(-0.210759, -0.740814, -1.54889)
440449.471875958
normal
simd_float4x4([[-0.150367, -0.973129, 0.174382, 0.0)], [0.660214, 0.032449, 0.750376, 0.0)], [-0.735871, 0.227961, 0.637595, 0.0)], [0.136901, 0.110109, 0.594538, 1.0)]])
0.136901, 0.110109, 0.594538
float3(-0.229983, -0.85683, -1.53746)
440449.68851875
normal
simd_float4x4([[-0.156432, -0.972852, 0.170552, 0.0)], [0.602747, 0.0427652, 0.796786, 0.0)], [-0.782448, 0.227443, 0.579693, 0.0)], [0.150405, 0.104911, 0.595275, 1.0)]])
0.150405, 0.104911, 0.595275
float3(-0.229451, -0.933163, -1.52687)
440449.905161708
normal
simd_float4x4([[-0.159452, -0.971812, 0.173654, 0.0)], [0.626376, 0.0363676, 0.778672, 0.0)], [-0.763038, 0.232934, 0.602921, 0.0)], [0.148087, 0.0957509, 0.575118, 1.0)]])
0.148087, 0.0957509, 0.575118
float3(-0.235093, -0.902085, -1.53339)
440450.121804583
normal
simd_float4x4([[-0.14683, -0.97106, 0.18837, 0.0)], [0.714057, 0.0277298, 0.699538, 0.0)], [-0.684517, 0.23722, 0.689321, 0.0)], [0.126347, 0.0866114, 0.535124, 1.0)]])
0.126347, 0.0866114, 0.535124
float3(-0.239504, -0.781901, -1.54225)
440450.3384475
normal
simd_float4x4([[-0.120997, -0.970466, 0.2087, 0.0)], [0.808533, 0.0256193, 0.587893, 0.0)], [-0.575877, 0.239874, 0.781554, 0.0)], [0.0854531, 0.083628, 0.487123, 1.0)]])
0.0854531, 0.083628, 0.487123
float3(-0.242236, -0.635023, -1.5444)
440450.588420041
normal
simd_float4x4([[-0.0925445, -0.968149, 0.232645, 0.0)], [0.932454, -0.00231687, 0.361281, 0.0)], [-0.349235, 0.250366, 0.902969, 0.0)], [0.00385174, 0.0781006, 0.427528, 1.0)]])
0.00385174, 0.0781006, 0.427528
float3(-0.253058, -0.369043, -1.57319)
440450.80511875
normal
simd_float4x4([[-0.0244516, -0.964502, 0.262943, 0.0)], [0.997845, -0.00752655, 0.0651836, 0.0)], [-0.0608908, 0.26397, 0.962607, 0.0)], [-0.084105, 0.0811651, 0.383375, 1.0)]])
-0.084105, 0.0811651, 0.383375
float3(-0.267136, -0.0631719, -1.5786)
440451.00523125
normal
simd_float4x4([[0.0531003, -0.955901, 0.288848, 0.0)], [0.976648, -0.0105894, -0.214586, 0.0)], [0.208182, 0.293497, 0.933016, 0.0)], [-0.148277, 0.078833, 0.339364, 1.0)]])
-0.148277, 0.078833, 0.339364
float3(-0.297883, 0.219532, -1.58187)
440451.222019625
normal
simd_float4x4([[0.10883, -0.949925, 0.292915, 0.0)], [0.916504, -0.0182204, -0.399609, 0.0)], [0.384936, 0.311947, 0.868627, 0.0)], [-0.173338, 0.0719913, 0.274813, 1.0)]])
-0.173338, 0.0719913, 0.274813
float3(-0.317242, 0.417146, -1.58997)
440451.455484125
normal
simd_float4x4([[0.158908, -0.951215, 0.264457, 0.0)], [0.862225, 0.00322077, -0.506514, 0.0)], [0.480953, 0.308511, 0.820674, 0.0)], [-0.164732, 0.08327, 0.179528, 1.0)]])
-0.164732, 0.08327, 0.179528
float3(-0.313627, 0.530096, -1.56741)
440451.655596583
normal
simd_float4x4([[0.17563, -0.958191, 0.225886, 0.0)], [0.795795, 0.00310907, -0.605558, 0.0)], [0.579537, 0.286113, 0.76307, 0.0)], [-0.164503, 0.0905283, 0.118394, 1.0)]])
-0.164503, 0.0905283, 0.118394
float3(-0.290168, 0.649542, -1.56755)
440451.855709
normal
simd_float4x4([[0.201078, -0.960445, 0.192648, 0.0)], [0.707184, 0.006243, -0.707002, 0.0)], [0.677834, 0.2784, 0.680467, 0.0)], [-0.195304, 0.0962973, 0.0674906, 1.0)]])
-0.195304, 0.0962973, 0.0674906
float3(-0.282128, 0.78346, -1.5643)
440452.055821416
normal
simd_float4x4([[0.215389, -0.958141, 0.188607, 0.0)], [0.666182, 0.00295167, -0.745784, 0.0)], [0.714009, 0.286281, 0.638932, 0.0)], [-0.255306, 0.069487, 0.00146431, 1.0)]])
-0.255306, 0.069487, 0.00146431
float3(-0.290343, 0.840833, -1.56772)
440452.255933875
normal
simd_float4x4([[0.25137, -0.956768, 0.146317, 0.0)], [0.650323, 0.0549898, -0.757665, 0.0)], [0.716863, 0.285607, 0.636031, 0.0)], [-0.348533, 0.0508825, -0.0466791, 1.0)]])
-0.348533, 0.0508825, -0.0466791
float3(-0.28964, 0.845075, -1.51338)
440452.456046375
normal
simd_float4x4([[0.185736, -0.971866, 0.144837, 0.0)], [0.660511, 0.014359, -0.750679, 0.0)], [0.72748, 0.235095, 0.644596, 0.0)], [-0.406197, 0.0590132, -0.112672, 1.0)]])
-0.406197, 0.0590132, -0.112672
float3(-0.237316, 0.845732, -1.55602)
440452.656158875
normal
simd_float4x4([[0.16206, -0.972264, 0.168638, 0.0)], [0.630582, -0.0294132, -0.775565, 0.0)], [0.759014, 0.232028, 0.608326, 0.0)], [-0.482223, 0.0617962, -0.19698, 1.0)]])
-0.482223, 0.0617962, -0.19698
float3(-0.234162, 0.895161, -1.60104)
440452.856271375
normal
simd_float4x4([[0.15275, -0.975679, 0.157218, 0.0)], [0.606198, -0.0331385, -0.794623, 0.0)], [0.780507, 0.216684, 0.586393, 0.0)], [-0.577404, 0.052271, -0.31419, 1.0)]])
-0.577404, 0.052271, -0.31419
float3(-0.218416, 0.926465, -1.60475)
440453.073059708
normal
simd_float4x4([[0.114384, -0.987039, 0.112565, 0.0)], [0.594504, -0.0227697, -0.80377, 0.0)], [0.795915, 0.158859, 0.584194, 0.0)], [-0.687887, 0.0583554, -0.450572, 1.0)]])
-0.687887, 0.0583554, -0.450572
float3(-0.159535, 0.93762, -1.59386)
440453.273172375
normal
simd_float4x4([[0.0727111, -0.994223, 0.0789501, 0.0)], [0.579864, -0.0222637, -0.814409, 0.0)], [0.811462, 0.104997, 0.574896, 0.0)], [-0.781656, 0.0833037, -0.543628, 1.0)]])
-0.781656, 0.0833037, -0.543628
float3(-0.105191, 0.954409, -1.59319)
440453.473284875
normal
simd_float4x4([[0.0773698, -0.996498, 0.031715, 0.0)], [0.580767, 0.0191899, -0.813844, 0.0)], [0.810385, 0.081386, 0.580218, 0.0)], [-0.914615, 0.0686969, -0.638744, 1.0)]])
-0.914615, 0.0686969, -0.638744
float3(-0.0814761, 0.949427, -1.55154)
440453.690073416
normal
simd_float4x4([[0.0559484, -0.998021, 0.0287012, 0.0)], [0.606841, 0.0111637, -0.794745, 0.0)], [0.792852, 0.0618818, 0.606264, 0.0)], [-1.0879, 0.0513372, -0.758545, 1.0)]])
-1.0879, 0.0513372, -0.758545
float3(-0.0619214, 0.917977, -1.55961)
440453.906861916
normal
simd_float4x4([[0.0485316, -0.997486, 0.0516397, 0.0)], [0.629538, -0.00959108, -0.776911, 0.0)], [0.775453, 0.0702139, 0.627489, 0.0)], [-1.22915, 0.0631254, -0.880946, 1.0)]])
-1.22915, 0.0631254, -0.880946
float3(-0.0702717, 0.890476, -1.58041)
440454.106974375
normal
simd_float4x4([[0.0435007, -0.996975, 0.0644124, 0.0)], [0.626714, -0.0229784, -0.77891, 0.0)], [0.778034, 0.0742513, 0.623819, 0.0)], [-1.34664, 0.0460453, -0.998971, 1.0)]])
-1.34664, 0.0460453, -0.998971
float3(-0.0743197, 0.894965, -1.59384)
440454.307087208
normal
simd_float4x4([[0.0580023, -0.997215, 0.0468844, 0.0)], [0.592828, -0.00338104, -0.805322, 0.0)], [0.803237, 0.0745049, 0.590981, 0.0)], [-1.46279, 0.0402162, -1.12091, 1.0)]])
-1.46279, 0.0402162, -1.12091
float3(-0.074574, 0.936478, -1.57419)
440454.507199791
normal
simd_float4x4([[0.0569364, -0.997201, 0.0484699, 0.0)], [0.58244, -0.00625424, -0.81285, 0.0)], [0.810877, 0.0745115, 0.580453, 0.0)], [-1.55936, 0.0548922, -1.22557, 1.0)]])
-1.55936, 0.0548922, -1.22557
float3(-0.0745806, 0.949523, -1.57707)
440454.723988083
normal
simd_float4x4([[0.109678, -0.99356, 0.0284461, 0.0)], [0.587293, 0.0416887, -0.8083, 0.0)], [0.801909, 0.105359, 0.588083, 0.0)], [-1.69015, 0.0334155, -1.32948, 1.0)]])
-1.69015, 0.0334155, -1.32948
float3(-0.105555, 0.938034, -1.52886)
440454.924100875
normal
simd_float4x4([[0.0787994, -0.995616, 0.0503877, 0.0)], [0.628129, 0.0103379, -0.77804, 0.0)], [0.774109, 0.0929591, 0.62619, 0.0)], [-1.83637, 0.0207831, -1.45776, 1.0)]])
-1.83637, 0.0207831, -1.45776
float3(-0.0930935, 0.890641, -1.56041)
440455.124213416
normal
simd_float4x4([[0.0387003, -0.995379, 0.0878809, 0.0)], [0.662339, -0.0402989, -0.74812, 0.0)], [0.748204, 0.0871594, 0.657719, 0.0)], [-1.95925, 0.038832, -1.58468, 1.0)]])
-1.95925, 0.038832, -1.58468
float3(-0.0872702, 0.849669, -1.61126)
440455.324326
normal
simd_float4x4([[0.0452878, -0.993752, 0.102004, 0.0)], [0.659151, -0.0470005, -0.75054, 0.0)], [0.750645, 0.101227, 0.652905, 0.0)], [-2.08544, 0.0297266, -1.70321, 1.0)]])
-2.08544, 0.0297266, -1.70321
float3(-0.1014, 0.854924, -1.61806)
440455.524438666
normal
simd_float4x4([[0.0475604, -0.996305, 0.0715099, 0.0)], [0.627976, -0.0258494, -0.777803, 0.0)], [0.776778, 0.0818992, 0.624426, 0.0)], [-2.21947, 0.0111566, -1.82921, 1.0)]])
-2.21947, 0.0111566, -1.82921
float3(-0.081991, 0.893702, -1.59674)
440455.724551166
normal
simd_float4x4([[0.0721759, -0.9961, 0.0507507, 0.0)], [0.61417, 0.0042945, -0.789162, 0.0)], [0.785866, 0.088128, 0.612084, 0.0)], [-2.34492, 0.0324058, -1.95724, 1.0)]])
-2.34492, 0.0324058, -1.95724
float3(-0.0882425, 0.909076, -1.56649)
440455.941339875
normal
simd_float4x4([[0.0934436, -0.994983, 0.0357347, 0.0)], [0.606344, 0.0284033, -0.794695, 0.0)], [0.789693, 0.0959267, 0.605956, 0.0)], [-2.47911, 0.0275196, -2.08143, 1.0)]])
-2.47911, 0.0275196, -2.08143
float3(-0.0960744, 0.916295, -1.54226)
440456.158128625
normal
simd_float4x4([[0.077425, -0.99631, 0.0370372, 0.0)], [0.601273, 0.0170288, -0.798862, 0.0)], [0.795284, 0.0841213, 0.600373, 0.0)], [-2.64193, 0.0068063, -2.22602, 1.0)]])
-2.64193, 0.0068063, -2.22602
float3(-0.0842209, 0.924156, -1.55371)
440456.37491725
normal
simd_float4x4([[0.0734617, -0.995304, 0.0630338, 0.0)], [0.637317, -0.00176371, -0.7706, 0.0)], [0.767092, 0.0967821, 0.634194, 0.0)], [-2.7959, 0.0195032, -2.38013, 1.0)]])
-2.7959, 0.0195032, -2.38013
float3(-0.0969338, 0.879955, -1.57257)
440456.575030041
normal
simd_float4x4([[0.0748758, -0.992139, 0.100267, 0.0)], [0.657944, -0.0264047, -0.752604, 0.0)], [0.749335, 0.122322, 0.650795, 0.0)], [-2.93584, 0.0160014, -2.53438, 1.0)]])
-2.93584, 0.0160014, -2.53438
float3(-0.122629, 0.855662, -1.5974)
440456.77514275
normal
simd_float4x4([[0.0526895, -0.995108, 0.083573, 0.0)], [0.630612, -0.0317352, -0.775449, 0.0)], [0.774307, 0.0935602, 0.625855, 0.0)], [-3.07052, 0.00548099, -2.68356, 1.0)]])
-3.07052, 0.00548099, -2.68356
float3(-0.0936972, 0.891028, -1.60268)
440456.9752555
normal
simd_float4x4([[0.0629207, -0.995371, 0.0726421, 0.0)], [0.614461, -0.018719, -0.788726, 0.0)], [0.786435, 0.0942629, 0.610439, 0.0)], [-3.19474, 0.0232722, -2.81083, 1.0)]])
-3.19474, 0.0232722, -2.81083
float3(-0.094403, 0.910731, -1.5896)
440457.192044166
normal
simd_float4x4([[0.125531, -0.991439, 0.0359355, 0.0)], [0.59302, 0.045948, -0.803876, 0.0)], [0.795342, 0.122222, 0.593711, 0.0)], [-3.35421, 0.011177, -2.93741, 1.0)]])
-3.35421, 0.011177, -2.93741
float3(-0.122528, 0.929549, -1.52448)
440457.392156875
normal
simd_float4x4([[0.120663, -0.992423, 0.0231633, 0.0)], [0.624624, 0.0577673, -0.778786, 0.0)], [0.771548, 0.108439, 0.626861, 0.0)], [-3.5168, -0.00727771, -3.07278, 1.0)]])
-3.5168, -0.00727771, -3.07278
float3(-0.108653, 0.888496, -1.51265)
440457.592269541
normal
simd_float4x4([[0.116363, -0.992255, 0.0434607, 0.0)], [0.617091, 0.0379412, -0.785976, 0.0)], [0.77824, 0.118278, 0.616727, 0.0)], [-3.67012, 0.00483792, -3.20654, 1.0)]])
-3.67012, 0.00483792, -3.20654
float3(-0.118555, 0.900668, -1.53258)
440457.792382416
normal
