ARKit Data
1188543.46871817
normal
simd_float4x4([[0.0179477, -0.983282, 0.181201, 0.0)], [0.99955, 0.0132874, -0.0268999, 0.0)], [0.0240425, 0.181603, 0.983078, 0.0)], [-0.574421, -0.475047, -1.8845, 1.0)]])
-0.574421, -0.475047, -1.8845
float3(-0.182616, 0.0244515, -1.55728)
1188543.8062555
notAvailable
simd_float4x4([[1.0, 0.0, 0.0, 0.0)], [0.0, 1.0, 0.0, 0.0)], [0.0, 0.0, 1.0, 0.0)], [0.0, 0.0, 0.0, 1.0)]])
0.0, 0.0, 0.0
float3(-0.0, 0.0, 0.0)
1188543.90627471
notAvailable
simd_float4x4([[1.0, 0.0, 0.0, 0.0)], [0.0, 1.0, 0.0, 0.0)], [0.0, 0.0, 1.0, 0.0)], [0.0, 0.0, 0.0, 1.0)]])
0.0, 0.0, 0.0
float3(-0.0, 0.0, 0.0)
1188544.00632696
limited(__ObjC.ARCamera.TrackingState.Reason.initializing)
simd_float4x4([[0.0333415, -0.979772, 0.19732, 0.0)], [0.999341, 0.0298518, -0.0206341, 0.0)], [0.0143263, 0.197878, 0.980122, 0.0)], [0.0, 0.0, 0.0, 1.0)]])
0.0, 0.0, 0.0
float3(-0.199193, 0.0146158, -1.54034)
1188544.10637942
limited(__ObjC.ARCamera.TrackingState.Reason.initializing)
simd_float4x4([[-0.00170342, -0.98022, 0.197902, 0.0)], [0.998625, -0.0120361, -0.05102, 0.0)], [0.0523928, 0.197543, 0.978893, 0.0)], [0.0, 0.0, 0.0, 1.0)]])
0.0, 0.0, 0.0
float3(-0.198851, 0.0534714, -1.58307)
1188544.20643154
limited(__ObjC.ARCamera.TrackingState.Reason.initializing)
simd_float4x4([[-0.012478, -0.989302, 0.145348, 0.0)], [0.995459, -0.0260088, -0.0915684, 0.0)], [0.0943691, 0.143545, 0.985134, 0.0)], [0.0, 0.0, 0.0, 1.0)]])
0.0, 0.0, 0.0
float3(-0.144043, 0.0955018, -1.59708)
1188544.30648383
limited(__ObjC.ARCamera.TrackingState.Reason.initializing)
simd_float4x4([[-0.0201106, -0.992657, 0.119278, 0.0)], [0.990855, -0.035709, -0.130117, 0.0)], [0.133421, 0.11557, 0.984298, 0.0)], [0.0, 0.0, 0.0, 1.0)]])
0.0, 0.0, 0.0
float3(-0.115829, 0.134729, -1.60675)
1188544.40653604
limited(__ObjC.ARCamera.TrackingState.Reason.initializing)
simd_float4x4([[-0.016436, -0.994438, 0.10403, 0.0)], [0.986078, -0.0333396, -0.162906, 0.0)], [0.165468, 0.0999038, 0.981142, 0.0)], [0.0, 0.0, 0.0, 1.0)]])
0.0, 0.0, 0.0
float3(-0.100071, 0.167077, -1.60431)
1188544.50658829
limited(__ObjC.ARCamera.TrackingState.Reason.initializing)
simd_float4x4([[-0.0113745, -0.996027, 0.0883165, 0.0)], [0.981339, -0.0280739, -0.190227, 0.0)], [0.191951, 0.0845047, 0.977759, 0.0)], [0.0, 0.0, 0.0, 1.0)]])
0.0, 0.0, 0.0
float3(-0.0846056, 0.193852, -1.59897)
1188544.60664071
limited(__ObjC.ARCamera.TrackingState.Reason.initializing)
simd_float4x4([[-0.00745694, -0.996888, 0.078477, 0.0)], [0.976035, -0.0243244, -0.216249, 0.0)], [0.217485, 0.0749838, 0.973179, 0.0)], [0.0, 0.0, 0.0, 1.0)]])
0.0, 0.0, 0.0
float3(-0.0750542, 0.219866, -1.59519)
1188544.70669287
limited(__ObjC.ARCamera.TrackingState.Reason.initializing)
simd_float4x4([[-0.00503307, -0.99743, 0.0714607, 0.0)], [0.97095, -0.0219704, -0.238272, 0.0)], [0.23923, 0.0681855, 0.968565, 0.0)], [0.0, 0.0, 0.0, 1.0)]])
0.0, 0.0, 0.0
float3(-0.0682385, 0.242148, -1.59282)
1188544.80674529
limited(__ObjC.ARCamera.TrackingState.Reason.initializing)
simd_float4x4([[-4.56872e-05, -0.997592, 0.0693465, 0.0)], [0.96535, -0.0181404, -0.260328, 0.0)], [0.26096, 0.0669318, 0.963026, 0.0)], [0.0, 0.0, 0.0, 1.0)]])
0.0, 0.0, 0.0
float3(-0.0669818, 0.264624, -1.58898)
1188544.90679742
limited(__ObjC.ARCamera.TrackingState.Reason.initializing)
simd_float4x4([[0.00252412, -0.997467, 0.0710869, 0.0)], [0.959995, -0.0174878, -0.279471, 0.0)], [0.280006, 0.0689485, 0.957519, 0.0)], [0.0, 0.0, 0.0, 1.0)]])
0.0, 0.0, 0.0
float3(-0.0690032, 0.284496, -1.58833)
1188545.00684979
limited(__ObjC.ARCamera.TrackingState.Reason.initializing)
simd_float4x4([[0.00519003, -0.997051, 0.0765653, 0.0)], [0.955297, -0.0176901, -0.295119, 0.0)], [0.295604, 0.0746743, 0.952388, 0.0)], [0.0, 0.0, 0.0, 1.0)]])
0.0, 0.0, 0.0
float3(-0.0747438, 0.300954, -1.58854)
1188545.10690204
limited(__ObjC.ARCamera.TrackingState.Reason.initializing)
simd_float4x4([[0.00617105, -0.996601, 0.0821429, 0.0)], [0.951702, -0.0193623, -0.306413, 0.0)], [0.306963, 0.0800664, 0.948347, 0.0)], [0.0, 0.0, 0.0, 1.0)]])
0.0, 0.0, 0.0
float3(-0.0801522, 0.313039, -1.59022)
1188545.20695425
limited(__ObjC.ARCamera.TrackingState.Reason.initializing)
simd_float4x4([[0.0066056, -0.996252, 0.0862346, 0.0)], [0.949577, -0.020783, -0.312844, 0.0)], [0.313464, 0.083953, 0.945881, 0.0)], [0.0, 0.0, 0.0, 1.0)]])
0.0, 0.0, 0.0
float3(-0.0840519, 0.320008, -1.59165)
1188545.30700675
limited(__ObjC.ARCamera.TrackingState.Reason.initializing)
simd_float4x4([[0.00754854, -0.995971, 0.0893472, 0.0)], [0.948817, -0.021078, -0.315123, 0.0)], [0.315737, 0.0871529, 0.944835, 0.0)], [0.0, 0.0, 0.0, 1.0)]])
0.0, 0.0, 0.0
float3(-0.0872636, 0.322505, -1.59196)
1188545.40705879
limited(__ObjC.ARCamera.TrackingState.Reason.initializing)
simd_float4x4([[0.00689206, -0.995739, 0.0919634, 0.0)], [0.949459, -0.0223449, -0.313096, 0.0)], [0.313816, 0.0894733, 0.945258, 0.0)], [0.0, 0.0, 0.0, 1.0)]])
0.0, 0.0, 0.0
float3(-0.0895931, 0.320541, -1.59323)
1188545.50711125
limited(__ObjC.ARCamera.TrackingState.Reason.initializing)
simd_float4x4([[0.00471598, -0.995402, 0.0956715, 0.0)], [0.950131, -0.0253723, -0.310818, 0.0)], [0.311817, 0.0923662, 0.945642, 0.0)], [0.0, 0.0, 0.0, 1.0)]])
0.0, 0.0, 0.0
float3(-0.092498, 0.318514, -1.59628)
1188545.6071635
limited(__ObjC.ARCamera.TrackingState.Reason.initializing)
simd_float4x4([[0.0039275, -0.995026, 0.0995362, 0.0)], [0.952172, -0.0266912, -0.304394, 0.0)], [0.305536, 0.0959711, 0.947331, 0.0)], [0.0, 0.0, 0.0, 1.0)]])
0.0, 0.0, 0.0
float3(-0.0961191, 0.31199, -1.59761)
1188545.70721596
limited(__ObjC.ARCamera.TrackingState.Reason.initializing)
simd_float4x4([[0.00372014, -0.994764, 0.102122, 0.0)], [0.954286, -0.0269901, -0.297675, 0.0)], [0.298873, 0.0985607, 0.949189, 0.0)], [0.0, 0.0, 0.0, 1.0)]])
0.0, 0.0, 0.0
float3(-0.098721, 0.305044, -1.59792)
1188545.80726813
limited(__ObjC.ARCamera.TrackingState.Reason.initializing)
simd_float4x4([[0.00552316, -0.994392, 0.105613, 0.0)], [0.956751, -0.025464, -0.28979, 0.0)], [0.290854, 0.102646, 0.951245, 0.0)], [0.0, 0.0, 0.0, 1.0)]])
0.0, 0.0, 0.0
float3(-0.102827, 0.296734, -1.5964)
1188545.90732033
limited(__ObjC.ARCamera.TrackingState.Reason.initializing)
simd_float4x4([[0.00495101, -0.994098, 0.108367, 0.0)], [0.959198, -0.0259141, -0.281546, 0.0)], [0.282693, 0.105339, 0.953409, 0.0)], [0.0, 0.0, 0.0, 1.0)]])
0.0, 0.0, 0.0
float3(-0.105535, 0.28825, -1.59686)
1188546.00737267
limited(__ObjC.ARCamera.TrackingState.Reason.initializing)
simd_float4x4([[0.0079915, -0.993753, 0.111302, 0.0)], [0.962303, -0.022618, -0.271038, 0.0)], [0.271863, 0.109273, 0.956111, 0.0)], [0.0, 0.0, 0.0, 1.0)]])
0.0, 0.0, 0.0
float3(-0.109491, 0.277031, -1.59355)
1188546.107425
limited(__ObjC.ARCamera.TrackingState.Reason.initializing)
simd_float4x4([[0.00695227, -0.993446, 0.114077, 0.0)], [0.966424, -0.0226275, -0.255954, 0.0)], [0.256859, 0.112026, 0.959933, 0.0)], [0.0, 0.0, 0.0, 1.0)]])
0.0, 0.0, 0.0
float3(-0.112262, 0.261455, -1.59357)
1188546.20747733
limited(__ObjC.ARCamera.TrackingState.Reason.initializing)
simd_float4x4([[0.0034833, -0.993481, 0.113927, 0.0)], [0.972887, -0.0229793, -0.230135, 0.0)], [0.231254, 0.11164, 0.966465, 0.0)], [0.0, 0.0, 0.0, 1.0)]])
0.0, 0.0, 0.0
float3(-0.111874, 0.234862, -1.59392)
1188546.30752954
limited(__ObjC.ARCamera.TrackingState.Reason.initializing)
simd_float4x4([[0.00156213, -0.993632, 0.112648, 0.0)], [0.981063, -0.0202949, -0.192622, 0.0)], [0.193682, 0.110816, 0.974784, 0.0)], [0.0, 0.0, 0.0, 1.0)]])
0.0, 0.0, 0.0
float3(-0.111044, 0.196138, -1.59122)
1188546.40758183
limited(__ObjC.ARCamera.TrackingState.Reason.initializing)
simd_float4x4([[0.000204689, -0.993958, 0.10975, 0.0)], [0.989123, -0.015942, -0.146226, 0.0)], [0.147093, 0.108586, 0.983143, 0.0)], [0.0, 0.0, 0.0, 1.0)]])
0.0, 0.0, 0.0
float3(-0.108801, 0.148513, -1.58683)
1188546.50763408
limited(__ObjC.ARCamera.TrackingState.Reason.initializing)
simd_float4x4([[-0.00775298, -0.994445, 0.104953, 0.0)], [0.994614, -0.0185172, -0.101982, 0.0)], [0.103359, 0.103597, 0.989233, 0.0)], [0.0, 0.0, 0.0, 1.0)]])
0.0, 0.0, 0.0
float3(-0.103783, 0.104107, -1.58941)
1188546.60768633
limited(__ObjC.ARCamera.TrackingState.Reason.initializing)
simd_float4x4([[-0.0130579, -0.994589, 0.103055, 0.0)], [0.997951, -0.0194195, -0.0609709, 0.0)], [0.0626423, 0.102048, 0.992804, 0.0)], [0.0, 0.0, 0.0, 1.0)]])
0.0, 0.0, 0.0
float3(-0.102226, 0.0630128, -1.59032)
1188546.70773887
limited(__ObjC.ARCamera.TrackingState.Reason.initializing)
simd_float4x4([[-0.0164087, -0.994642, 0.102058, 0.0)], [0.999512, -0.0190324, -0.0247882, 0.0)], [0.0265978, 0.101601, 0.994468, 0.0)], [0.0, 0.0, 0.0, 1.0)]])
0.0, 0.0, 0.0
float3(-0.101777, 0.0267394, -1.58993)
1188546.80779096
limited(__ObjC.ARCamera.TrackingState.Reason.initializing)
simd_float4x4([[-0.0226411, -0.994734, 0.0999366, 0.0)], [0.99972, -0.021838, 0.00912308, 0.0)], [-0.0068927, 0.100115, 0.99495, 0.0)], [0.0, 0.0, 0.0, 1.0)]])
0.0, 0.0, 0.0
float3(-0.100283, -0.00692757, -1.59275)
1188546.90784333
limited(__ObjC.ARCamera.TrackingState.Reason.initializing)
simd_float4x4([[-0.0255411, -0.99454, 0.101168, 0.0)], [0.999027, -0.021754, 0.0383625, 0.0)], [-0.0359523, 0.102049, 0.994128, 0.0)], [0.0, 0.0, 0.0, 1.0)]])
0.0, 0.0, 0.0
float3(-0.102227, -0.0361489, -1.59267)
1188547.00789558
limited(__ObjC.ARCamera.TrackingState.Reason.initializing)
simd_float4x4([[-0.0284374, -0.994979, 0.095948, 0.0)], [0.997582, -0.0221594, 0.0658753, 0.0)], [-0.0634185, 0.0975893, 0.993203, 0.0)], [0.0, 0.0, 0.0, 1.0)]])
0.0, 0.0, 0.0
float3(-0.0977449, -0.0637659, -1.59306)
1188547.10794792
limited(__ObjC.ARCamera.TrackingState.Reason.initializing)
simd_float4x4([[-0.0306087, -0.995301, 0.0918485, 0.0)], [0.99644, -0.0231637, 0.0810569, 0.0)], [-0.0785486, 0.0940026, 0.992467, 0.0)], [0.0, 0.0, 0.0, 1.0)]])
0.0, 0.0, 0.0
float3(-0.0941416, -0.0789802, -1.59407)
1188547.20800029
limited(__ObjC.ARCamera.TrackingState.Reason.initializing)
simd_float4x4([[-0.0246687, -0.995179, 0.0949015, 0.0)], [0.995599, -0.015872, 0.092357, 0.0)], [-0.0904057, 0.0967623, 0.991191, 0.0)], [0.0, 0.0, 0.0, 1.0)]])
0.0, 0.0, 0.0
float3(-0.0969139, -0.0909575, -1.58674)
1188547.3080525
limited(__ObjC.ARCamera.TrackingState.Reason.initializing)
simd_float4x4([[-0.0227689, -0.995258, 0.0945461, 0.0)], [0.994689, -0.0130576, 0.102093, 0.0)], [-0.100375, 0.0963686, 0.990269, 0.0)], [0.0, 0.0, 0.0, 1.0)]])
0.0, 0.0, 0.0
float3(-0.0965184, -0.101016, -1.58392)
1188547.40810487
limited(__ObjC.ARCamera.TrackingState.Reason.initializing)
simd_float4x4([[-0.0169304, -0.995542, 0.09276, 0.0)], [0.994141, -0.00685603, 0.10787, 0.0)], [-0.106754, 0.0940429, 0.989825, 0.0)], [0.0, 0.0, 0.0, 1.0)]])
0.0, 0.0, 0.0
float3(-0.0941821, -0.107436, -1.57768)
1188547.50815712
limited(__ObjC.ARCamera.TrackingState.Reason.initializing)
simd_float4x4([[-0.0142077, -0.99554, 0.0932341, 0.0)], [0.994759, -0.00463087, 0.102144, 0.0)], [-0.101257, 0.0941967, 0.990388, 0.0)], [0.0, 0.0, 0.0, 1.0)]])
0.0, 0.0, 0.0
float3(-0.0943365, -0.101886, -1.57545)
1188547.60820954
limited(__ObjC.ARCamera.TrackingState.Reason.initializing)
simd_float4x4([[-0.0130033, -0.995679, 0.0919079, 0.0)], [0.996474, -0.00528453, 0.0837366, 0.0)], [-0.0828894, 0.0926727, 0.992237, 0.0)], [0.0, 0.0, 0.0, 1.0)]])
0.0, 0.0, 0.0
float3(-0.0928059, -0.0833444, -1.5761)
1188547.70826175
limited(__ObjC.ARCamera.TrackingState.Reason.initializing)
simd_float4x4([[-0.0104863, -0.995767, 0.0912846, 0.0)], [0.998494, -0.00551112, 0.054586, 0.0)], [-0.0538521, 0.0917196, 0.994325, 0.0)], [0.0, 0.0, 0.0, 1.0)]])
0.0, 0.0, 0.0
float3(-0.0918486, -0.0541066, -1.57633)
1188547.80831396
limited(__ObjC.ARCamera.TrackingState.Reason.initializing)
simd_float4x4([[-0.0073248, -0.995956, 0.0895077, 0.0)], [0.999867, -0.00599054, 0.015167, 0.0)], [-0.0145696, 0.0896069, 0.995868, 0.0)], [0.0, 0.0, 0.0, 1.0)]])
0.0, 0.0, 0.0
float3(-0.0897273, -0.014629, -1.57681)
1188547.90836637
normal
simd_float4x4([[0.00504256, -0.996836, 0.0793281, 0.0)], [0.999621, 0.00287895, -0.0273649, 0.0)], [0.0270499, 0.0794361, 0.996473, 0.0)], [-0.0105692, 0.00265274, -0.00168275, 1.0)]])
-0.0105692, 0.00265274, -0.00168275
float3(-0.0795198, 0.027139, -1.56791)
1188548.00841871
normal
simd_float4x4([[0.00919834, -0.996677, 0.0809308, 0.0)], [0.996852, 0.00276578, -0.079238, 0.0)], [0.0787509, 0.0814049, 0.993565, 0.0)], [-0.0250737, 0.00102231, -0.00261298, 1.0)]])
-0.0250737, 0.00102231, -0.00261298
float3(-0.0814951, 0.0790955, -1.56802)
1188548.10847092
normal
simd_float4x4([[0.0155944, -0.996411, 0.0831921, 0.0)], [0.991058, 0.00437645, -0.133357, 0.0)], [0.132514, 0.0845279, 0.98757, 0.0)], [-0.0436835, -0.000207679, -0.00426138, 1.0)]])
-0.0436835, -0.000207679, -0.00426138
float3(-0.0846289, 0.133385, -1.5664)
1188548.20852329
normal
simd_float4x4([[0.021536, -0.996168, 0.0847668, 0.0)], [0.982486, 0.00539077, -0.18626, 0.0)], [0.185089, 0.0872935, 0.978837, 0.0)], [-0.0636032, -0.00258248, -0.00556555, 1.0)]])
-0.0636032, -0.00258248, -0.00556555
float3(-0.0874047, 0.186885, -1.56538)
1188548.3085755
normal
simd_float4x4([[0.0266307, -0.996084, 0.084303, 0.0)], [0.972365, 0.00624425, -0.233384, 0.0)], [0.231944, 0.0881884, 0.968723, 0.0)], [-0.0814516, -0.00452054, -0.0081743, 1.0)]])
-0.0814516, -0.00452054, -0.0081743
float3(-0.0883031, 0.235008, -1.56453)
1188548.40862787
normal
simd_float4x4([[0.0305846, -0.996113, 0.0826062, 0.0)], [0.960954, 0.00656466, -0.276629, 0.0)], [0.275012, 0.0878413, 0.95742, 0.0)], [-0.0995602, -0.0105651, -0.00943803, 1.0)]])
-0.0995602, -0.0105651, -0.00943803
float3(-0.0879547, 0.279712, -1.56421)
1188548.50868012
normal
simd_float4x4([[0.0341483, -0.995965, 0.0829954, 0.0)], [0.948888, 0.00623875, -0.315552, 0.0)], [0.313761, 0.0895289, 0.945272, 0.0)], [-0.11763, -0.0162672, -0.00789613, 1.0)]])
-0.11763, -0.0162672, -0.00789613
float3(-0.0896489, 0.320484, -1.56453)
1188548.60873246
normal
simd_float4x4([[0.0370143, -0.995784, 0.0839319, 0.0)], [0.937883, 0.00562234, -0.346906, 0.0)], [0.344971, 0.0915587, 0.934137, 0.0)], [-0.134954, -0.0206459, -0.00323174, 1.0)]])
-0.134954, -0.0206459, -0.00323174
float3(-0.0916872, 0.353759, -1.56515)
1188548.70878475
normal
simd_float4x4([[0.0421111, -0.995313, 0.0870596, 0.0)], [0.92835, 0.00677029, -0.371645, 0.0)], [0.369314, 0.0964722, 0.924284, 0.0)], [-0.151416, -0.0245306, 0.00202847, 1.0)]])
-0.151416, -0.0245306, 0.00202847
float3(-0.0966225, 0.380133, -1.56399)
1188548.80883729
normal
simd_float4x4([[0.0389554, -0.995483, 0.08658, 0.0)], [0.923381, 0.00274719, -0.383875, 0.0)], [0.381903, 0.0949003, 0.919317, 0.0)], [-0.164832, -0.0287276, 0.0063578, 1.0)]])
-0.164832, -0.0287276, 0.0063578
float3(-0.0950433, 0.393728, -1.56804)
1188548.90888946
normal
simd_float4x4([[0.038247, -0.995342, 0.0884911, 0.0)], [0.922861, 0.00122178, -0.38513, 0.0)], [0.383228, 0.0963951, 0.91861, 0.0)], [-0.179945, -0.031762, 0.00874511, 1.0)]])
-0.179945, -0.031762, 0.00874511
float3(-0.096545, 0.395231, -1.56957)
1188549.00894163
normal
simd_float4x4([[0.037886, -0.995018, 0.0922185, 0.0)], [0.926543, 0.000413639, -0.376187, 0.0)], [0.374275, 0.0996967, 0.921943, 0.0)], [-0.197678, -0.0347732, 0.0118106, 1.0)]])
-0.197678, -0.0347732, 0.0118106
float3(-0.0998626, 0.385637, -1.57038)
1188549.10899408
normal
simd_float4x4([[0.0356022, -0.994897, 0.0944062, 0.0)], [0.936559, 0.000254476, -0.35051, 0.0)], [0.348698, 0.100896, 0.931789, 0.0)], [-0.210756, -0.0376541, 0.0138791, 1.0)]])
-0.210756, -0.0376541, 0.0138791
float3(-0.101068, 0.35809, -1.57054)
1188549.20904629
normal
simd_float4x4([[0.0297122, -0.9948, 0.0974166, 0.0)], [0.951089, -0.00184363, -0.30891, 0.0)], [0.307484, 0.10183, 0.946089, 0.0)], [-0.1794, -0.037556, 0.0133305, 1.0)]])
-0.1794, -0.037556, 0.0133305
float3(-0.102007, 0.314236, -1.57265)
1188549.30909883
normal
simd_float4x4([[0.0262428, -0.994456, 0.101821, 0.0)], [0.964498, -0.00158704, -0.264084, 0.0)], [0.262781, 0.105137, 0.95911, 0.0)], [-0.183574, -0.0381522, 0.00814475, 1.0)]])
-0.183574, -0.0381522, 0.00814475
float3(-0.105332, 0.267422, -1.57239)
1188549.409151
normal
simd_float4x4([[0.0212825, -0.9944, 0.103517, 0.0)], [0.976093, -0.001735, -0.217346, 0.0)], [0.216308, 0.105668, 0.97059, 0.0)], [-0.184072, -0.0387864, 0.00221664, 1.0)]])
-0.184072, -0.0387864, 0.00221664
float3(-0.105865, 0.219279, -1.57254)
1188549.50920329
normal
simd_float4x4([[0.0226432, -0.99437, 0.103521, 0.0)], [0.970823, -0.00285574, -0.23978, 0.0)], [0.238726, 0.10593, 0.965292, 0.0)], [-0.0729516, -0.0627902, 0.00489209, 1.0)]])
-0.0729516, -0.0627902, 0.00489209
float3(-0.106129, 0.242445, -1.57367)
1188549.60925575
normal
simd_float4x4([[0.014505, -0.99486, 0.100219, 0.0)], [0.982107, -0.00464659, -0.188269, 0.0)], [0.187767, 0.101157, 0.976991, 0.0)], [-0.0843323, -0.0621989, -0.00171914, 1.0)]])
-0.0843323, -0.0621989, -0.00171914
float3(-0.10133, 0.189873, -1.57547)
1188549.70930796
normal
simd_float4x4([[0.0118106, -0.9945, 0.104068, 0.0)], [0.990582, -0.00256098, -0.136894, 0.0)], [0.136408, 0.104704, 0.985104, 0.0)], [-0.0938654, -0.0615007, -0.00818606, 1.0)]])
-0.0938654, -0.0615007, -0.00818606
float3(-0.104897, 0.137596, -1.57337)
1188549.80936033
normal
simd_float4x4([[0.0078893, -0.993421, 0.114247, 0.0)], [0.996027, -0.00232813, -0.0890242, 0.0)], [0.0887045, 0.114496, 0.989455, 0.0)], [-0.10104, -0.0616017, -0.0173543, 1.0)]])
-0.10104, -0.0616017, -0.0173543
float3(-0.114747, 0.0894108, -1.57314)
1188549.90941263
normal
simd_float4x4([[0.00346558, -0.9914, 0.130818, 0.0)], [0.999085, -0.00214247, -0.0427039, 0.0)], [0.042617, 0.130847, 0.990486, 0.0)], [-0.10588, -0.0634392, -0.0260455, 1.0)]])
-0.10588, -0.0634392, -0.0260455
float3(-0.131223, 0.0429998, -1.57296)
1188550.00946496
normal
simd_float4x4([[-0.00925694, -0.989404, 0.144895, 0.0)], [0.999949, -0.00858856, 0.00523766, 0.0)], [-0.00393772, 0.144936, 0.989433, 0.0)], [-0.107086, -0.0654202, -0.0321595, 1.0)]])
-0.107086, -0.0654202, -0.0321595
float3(-0.145449, -0.00397976, -1.57948)
1188550.10951729
normal
simd_float4x4([[-0.019889, -0.987863, 0.154048, 0.0)], [0.998956, -0.0132958, 0.0437122, 0.0)], [-0.0411335, 0.154756, 0.987096, 0.0)], [-0.105714, -0.0663116, -0.0393175, 1.0)]])
-0.105714, -0.0663116, -0.0393175
float3(-0.155381, -0.0416471, -1.58425)
1188550.20956942
normal
simd_float4x4([[-0.023769, -0.986398, 0.162649, 0.0)], [0.997618, -0.0128655, 0.0677648, 0.0)], [-0.0647504, 0.163872, 0.984354, 0.0)], [-0.106197, -0.0660918, -0.0440291, 1.0)]])
-0.106197, -0.0660918, -0.0440291
float3(-0.164615, -0.065685, -1.58384)
1188550.30962183
normal
simd_float4x4([[-0.026202, -0.98518, 0.16951, 0.0)], [0.99684, -0.0130289, 0.0783636, 0.0)], [-0.0749938, 0.171028, 0.982408, 0.0)], [-0.107583, -0.0654598, -0.0509589, 1.0)]])
-0.107583, -0.0654598, -0.0509589
float3(-0.171873, -0.0761889, -1.58402)
1188550.40967408
normal
simd_float4x4([[-0.0252316, -0.985014, 0.17062, 0.0)], [0.996304, -0.0107583, 0.085226, 0.0)], [-0.0821132, 0.172139, 0.981644, 0.0)], [-0.110779, -0.0621596, -0.0580273, 1.0)]])
-0.110779, -0.0621596, -0.0580273
float3(-0.173001, -0.0834544, -1.58172)
1188550.50972658
normal
simd_float4x4([[-0.0264077, -0.984176, 0.175217, 0.0)], [0.995495, -0.00992403, 0.0942928, 0.0)], [-0.0910619, 0.176918, 0.980004, 0.0)], [-0.109603, -0.0579386, -0.0694528, 1.0)]])
-0.109603, -0.0579386, -0.0694528
float3(-0.177854, -0.0926538, -1.58088)
1188550.60977883
normal
simd_float4x4([[-0.0322189, -0.983125, 0.180076, 0.0)], [0.994486, -0.0135441, 0.103988, 0.0)], [-0.0997943, 0.182434, 0.978141, 0.0)], [-0.0986088, -0.0558875, -0.0844406, 1.0)]])
-0.0986088, -0.0558875, -0.0844406
float3(-0.183461, -0.101673, -1.58457)
1188550.70983108
normal
simd_float4x4([[-0.0368049, -0.982839, 0.180758, 0.0)], [0.993532, -0.0165453, 0.112336, 0.0)], [-0.107417, 0.183723, 0.977091, 0.0)], [-0.0844357, -0.0566972, -0.103769, 1.0)]])
-0.0844357, -0.0566972, -0.103769
float3(-0.184773, -0.109496, -1.58763)
1188550.80988337
normal
simd_float4x4([[-0.041581, -0.982588, 0.181088, 0.0)], [0.993474, -0.021395, 0.11203, 0.0)], [-0.106205, 0.184564, 0.977065, 0.0)], [-0.064489, -0.0600437, -0.131278, 1.0)]])
-0.064489, -0.0600437, -0.131278
float3(-0.185628, -0.108273, -1.59257)
1188550.90993567
normal
simd_float4x4([[-0.0485866, -0.983163, 0.176153, 0.0)], [0.993663, -0.0296823, 0.108407, 0.0)], [-0.101353, 0.180304, 0.978375, 0.0)], [-0.0404831, -0.0629335, -0.163468, 1.0)]])
-0.0404831, -0.0629335, -0.163468
float3(-0.181296, -0.103225, -1.60098)
1188551.00998808
normal
simd_float4x4([[-0.0490132, -0.982532, 0.179523, 0.0)], [0.992602, -0.0279257, 0.118162, 0.0)], [-0.111084, 0.183986, 0.976632, 0.0)], [-0.00754677, -0.0652401, -0.199438, 1.0)]])
-0.00754677, -0.0652401, -0.199438
float3(-0.18504, -0.113256, -1.59921)
1188551.11004042
normal
simd_float4x4([[-0.0499768, -0.984928, 0.165588, 0.0)], [0.988091, -0.0246011, 0.151891, 0.0)], [-0.145528, 0.171207, 0.974428, 0.0)], [0.0327039, -0.0627041, -0.226753, 1.0)]])
0.0327039, -0.0627041, -0.226753
float3(-0.172055, -0.148251, -1.59577)
1188551.21009292
normal
simd_float4x4([[-0.0534013, -0.988296, 0.142895, 0.0)], [0.979885, -0.0243077, 0.198075, 0.0)], [-0.192283, 0.150598, 0.969715, 0.0)], [0.0835532, -0.0616183, -0.247248, 1.0)]])
0.0835532, -0.0616183, -0.247248
float3(-0.151173, -0.195749, -1.59539)
1188551.310145
normal
simd_float4x4([[-0.0488866, -0.990282, 0.130201, 0.0)], [0.961877, -0.0115593, 0.273239, 0.0)], [-0.269079, 0.138595, 0.953094, 0.0)], [0.132605, -0.0637233, -0.25858, 1.0)]])
0.132605, -0.0637233, -0.25858
float3(-0.139042, -0.27516, -1.58247)
1188551.41019721
normal
simd_float4x4([[-0.0665617, -0.988326, 0.137043, 0.0)], [0.929193, -0.0113548, 0.369419, 0.0)], [-0.363551, 0.151929, 0.919102, 0.0)], [0.186919, -0.0681166, -0.270795, 1.0)]])
0.186919, -0.0681166, -0.270795
float3(-0.152519, -0.376664, -1.58228)
1188551.51024971
normal
simd_float4x4([[-0.0766668, -0.988689, 0.128906, 0.0)], [0.881775, -0.00688625, 0.471619, 0.0)], [-0.465397, 0.149824, 0.872329, 0.0)], [0.23837, -0.0669685, -0.283294, 1.0)]])
0.23837, -0.0669685, -0.283294
float3(-0.15039, -0.490096, -1.57776)
1188551.61030196
normal
simd_float4x4([[-0.0776014, -0.987677, 0.135911, 0.0)], [0.817297, 0.0150494, 0.576021, 0.0)], [-0.570968, 0.155779, 0.806057, 0.0)], [0.28478, -0.0687275, -0.30076, 1.0)]])
0.28478, -0.0687275, -0.30076
float3(-0.156416, -0.616306, -1.55556)
1188551.71035442
normal
simd_float4x4([[-0.0900074, -0.98747, 0.129617, 0.0)], [0.750501, 0.0183061, 0.660616, 0.0)], [-0.654712, 0.156738, 0.73945, 0.0)], [0.333376, -0.0737458, -0.322428, 1.0)]])
0.333376, -0.0737458, -0.322428
float3(-0.157387, -0.724692, -1.55226)
1188551.81040658
normal
simd_float4x4([[-0.0847157, -0.988121, 0.128222, 0.0)], [0.678002, 0.0371339, 0.734122, 0.0)], [-0.730162, 0.149126, 0.666802, 0.0)], [0.374549, -0.0750913, -0.354035, 1.0)]])
0.374549, -0.0750913, -0.354035
float3(-0.149684, -0.830723, -1.53323)
1188551.91045896
normal
simd_float4x4([[-0.0778707, -0.99152, 0.104036, 0.0)], [0.600832, 0.0366001, 0.798537, 0.0)], [-0.795574, 0.124691, 0.592887, 0.0)], [0.419139, -0.0726265, -0.386297, 1.0)]])
0.419139, -0.0726265, -0.386297
float3(-0.125016, -0.930354, -1.5339)
1188552.01051129
normal
simd_float4x4([[-0.0811113, -0.993773, 0.076392, 0.0)], [0.541249, 0.0204421, 0.840614, 0.0)], [-0.836941, 0.10953, 0.536221, 0.0)], [0.466332, -0.0660925, -0.421812, 1.0)]])
0.466332, -0.0660925, -0.421812
float3(-0.109751, -1.00099, -1.55023)
1188552.11056342
normal
simd_float4x4([[-0.0886258, -0.994421, 0.0571964, 0.0)], [0.473596, 0.00844734, 0.880702, 0.0)], [-0.876272, 0.105141, 0.470205, 0.0)], [0.511211, -0.0588729, -0.456395, 1.0)]])
0.511211, -0.0588729, -0.456395
float3(-0.105336, -1.0783, -1.5623)
1188552.21061583
normal
simd_float4x4([[-0.108647, -0.993033, 0.0456222, 0.0)], [0.415788, -0.00370849, 0.909454, 0.0)], [-0.902949, 0.117778, 0.413294, 0.0)], [0.560143, -0.052533, -0.481982, 1.0)]])
0.560143, -0.052533, -0.481982
float3(-0.118052, -1.14154, -1.57453)
1188552.31066817
normal
simd_float4x4([[-0.130163, -0.990617, 0.0416581, 0.0)], [0.355124, -0.00735118, 0.93479, 0.0)], [-0.925713, 0.136468, 0.352748, 0.0)], [0.614414, -0.0474569, -0.499572, 1.0)]])
0.614414, -0.0474569, -0.499572
float3(-0.136896, -1.20673, -1.57822)
1188552.41072058
normal
simd_float4x4([[-0.143181, -0.989293, 0.0282471, 0.0)], [0.300076, -0.016197, 0.953778, 0.0)], [-0.943109, 0.145039, 0.299182, 0.0)], [0.66604, -0.0514184, -0.505359, 1.0)]])
0.66604, -0.0514184, -0.505359
float3(-0.145552, -1.26361, -1.58717)
1188552.51077283
normal
simd_float4x4([[-0.156343, -0.987502, 0.0199263, 0.0)], [0.261961, -0.0220052, 0.964828, 0.0)], [-0.952331, 0.156064, 0.262127, 0.0)], [0.713837, -0.060672, -0.503981, 1.0)]])
0.713837, -0.060672, -0.503981
float3(-0.156704, -1.3022, -1.59308)
1188552.61082512
normal
simd_float4x4([[-0.162035, -0.986729, 0.0105248, 0.0)], [0.252975, -0.0312281, 0.966969, 0.0)], [-0.953807, 0.159345, 0.254678, 0.0)], [0.768154, -0.0728253, -0.499641, 1.0)]])
0.768154, -0.0728253, -0.499641
float3(-0.160027, -1.30987, -1.60243)
1188552.71087746
normal
simd_float4x4([[-0.159914, -0.987106, 0.00694798, 0.0)], [0.257885, -0.0349818, 0.965542, 0.0)], [-0.95285, 0.156195, 0.260154, 0.0)], [0.827386, -0.0726664, -0.499164, 1.0)]])
0.827386, -0.0726664, -0.499164
float3(-0.156838, -1.30427, -1.60622)
1188552.81092975
normal
simd_float4x4([[-0.153091, -0.988209, 0.0023233, 0.0)], [0.24116, -0.0350798, 0.969851, 0.0)], [-0.958335, 0.149036, 0.243687, 0.0)], [0.883958, -0.0601585, -0.492839, 1.0)]])
0.883958, -0.0601585, -0.492839
float3(-0.149593, -1.32179, -1.60628)
1188552.91098217
normal
simd_float4x4([[-0.119975, -0.992735, -0.00915699, 0.0)], [0.21572, -0.0350715, 0.975825, 0.0)], [-0.969057, 0.115099, 0.218361, 0.0)], [0.937838, -0.0520018, -0.490818, 1.0)]])
0.937838, -0.0520018, -0.490818
float3(-0.115355, -1.34916, -1.60611)
1188553.01103442
normal
simd_float4x4([[-0.136179, -0.990666, -0.00599146, 0.0)], [0.191969, -0.0323207, 0.980869, 0.0)], [-0.971907, 0.132424, 0.194579, 0.0)], [1.00059, -0.0529633, -0.490978, 1.0)]])
1.00059, -0.0529633, -0.490978
float3(-0.132814, -1.37321, -1.60341)
1188553.11108683
normal
simd_float4x4([[-0.140411, -0.990091, 0.00204376, 0.0)], [0.153464, -0.0197243, 0.987957, 0.0)], [-0.978128, 0.139034, 0.154713, 0.0)], [1.05881, -0.0546014, -0.495448, 1.0)]])
1.05881, -0.0546014, -0.495448
float3(-0.139485, -1.41392, -1.59072)
1188553.21113904
normal
simd_float4x4([[-0.151927, -0.988115, 0.0234006, 0.0)], [0.111648, 0.00636716, 0.993727, 0.0)], [-0.982066, 0.153587, 0.109354, 0.0)], [1.12664, -0.064357, -0.510116, 1.0)]])
1.12664, -0.064357, -0.510116
float3(-0.154197, -1.4599, -1.56435)
1188553.31119129
normal
simd_float4x4([[-0.161309, -0.986134, 0.0389832, 0.0)], [0.0914447, 0.0243957, 0.995511, 0.0)], [-0.982658, 0.164149, 0.0862415, 0.0)], [1.20763, -0.0757662, -0.528787, 1.0)]])
1.20763, -0.0757662, -0.528787
float3(-0.164896, -1.48326, -1.54606)
1188553.41124375
normal
simd_float4x4([[-0.144295, -0.988715, 0.0402733, 0.0)], [0.0844603, 0.0282449, 0.996026, 0.0)], [-0.985924, 0.147123, 0.0794315, 0.0)], [1.29297, -0.0786562, -0.552042, 1.0)]])
1.29297, -0.0786562, -0.552042
float3(-0.147659, -1.4904, -1.54224)
1188553.51129596
normal
simd_float4x4([[-0.148525, -0.988214, 0.0370593, 0.0)], [0.0573665, 0.028802, 0.997938, 0.0)], [-0.987243, 0.150345, 0.0524126, 0.0)], [1.37463, -0.0743897, -0.578701, 1.0)]])
1.37463, -0.0743897, -0.578701
float3(-0.150917, -1.51776, -1.54166)
1188553.61134846
normal
simd_float4x4([[-0.129545, -0.991573, 0.000968115, 0.0)], [0.0414734, -0.00444283, 0.99913, 0.0)], [-0.990706, 0.129472, 0.0416994, 0.0)], [1.45223, -0.0693918, -0.59314, 1.0)]])
1.45223, -0.0693918, -0.59314
float3(-0.129837, -1.52873, -1.57528)
1188553.71140067
normal
simd_float4x4([[-0.178211, -0.983927, 0.0113663, 0.0)], [0.0342992, 0.00533265, 0.999397, 0.0)], [-0.983394, 0.178493, 0.0327975, 0.0)], [1.53968, -0.0602895, -0.607478, 1.0)]])
1.53968, -0.0602895, -0.607478
float3(-0.179455, -1.53746, -1.56538)
1188553.81145292
normal
simd_float4x4([[-0.166329, -0.986, -0.0118051, 0.0)], [0.0188248, -0.0151448, 0.999708, 0.0)], [-0.985891, 0.166058, 0.0210803, 0.0)], [1.60985, -0.0571259, -0.611538, 1.0)]])
1.60985, -0.0571259, -0.611538
float3(-0.166831, -1.54942, -1.58615)
1188553.91150533
normal
simd_float4x4([[-0.159496, -0.987139, -0.0108528, 0.0)], [0.0154759, -0.0134924, 0.999789, 0.0)], [-0.987077, 0.159294, 0.0174288, 0.0)], [1.68249, -0.0614683, -0.614077, 1.0)]])
1.68249, -0.0614683, -0.614077
float3(-0.159976, -1.55314, -1.58446)
1188554.01155754
normal
simd_float4x4([[-0.157424, -0.987487, -0.00926969, 0.0)], [0.0215267, -0.0128159, 0.999686, 0.0)], [-0.987296, 0.157175, 0.0232749, 0.0)], [1.76357, -0.0725457, -0.607945, 1.0)]])
1.76357, -0.0725457, -0.607945
float3(-0.157829, -1.54723, -1.58377)
1188554.11161004
normal
simd_float4x4([[-0.147398, -0.989077, 0.000775029, 0.0)], [0.0317156, -0.00394326, 0.999489, 0.0)], [-0.988569, 0.147347, 0.0319504, 0.0)], [1.84492, -0.0693426, -0.602856, 1.0)]])
1.84492, -0.0693426, -0.602856
float3(-0.147886, -1.53849, -1.57478)
1188554.21166217
normal
simd_float4x4([[-0.0958453, -0.99536, -0.00850146, 0.0)], [0.042389, -0.0126145, 0.999022, 0.0)], [-0.994493, 0.0953911, 0.0434014, 0.0)], [1.91314, -0.0575089, -0.592604, 1.0)]])
1.91314, -0.0575089, -0.592604
float3(-0.0955364, -1.52718, -1.58347)
1188554.31171462
normal
simd_float4x4([[-0.0808816, -0.996675, 0.00986987, 0.0)], [0.0502302, 0.00581388, 0.998721, 0.0)], [-0.995457, 0.0812739, 0.049593, 0.0)], [1.98414, -0.044209, -0.595635, 1.0)]])
1.98414, -0.044209, -0.595635
float3(-0.0813636, -1.52102, -1.56496)
1188554.411767
normal
simd_float4x4([[-0.0964771, -0.995288, 0.00970985, 0.0)], [0.0464272, 0.0052448, 0.998908, 0.0)], [-0.994252, 0.0968226, 0.0457024, 0.0)], [2.05085, -0.0386274, -0.598889, 1.0)]])
2.05085, -0.0386274, -0.598889
float3(-0.0969745, -1.52486, -1.56553)
1188554.51181908
normal
simd_float4x4([[-0.109062, -0.993427, 0.034755, 0.0)], [0.0559205, 0.0287765, 0.99802, 0.0)], [-0.992461, 0.11079, 0.0524145, 0.0)], [2.12632, -0.0409981, -0.605686, 1.0)]])
2.12632, -0.0409981, -0.605686
float3(-0.111018, -1.51803, -1.54184)
1188554.61187158
normal
simd_float4x4([[-0.0888093, -0.995442, 0.0347599, 0.0)], [0.0480775, 0.0305731, 0.998376, 0.0)], [-0.994888, 0.0903362, 0.0451431, 0.0)], [2.18957, -0.0512858, -0.616137, 1.0)]])
2.18957, -0.0512858, -0.616137
float3(-0.0904595, -1.52545, -1.54009)
1188554.71192379
normal
simd_float4x4([[-0.0480387, -0.998342, 0.0317192, 0.0)], [0.0539652, 0.0291154, 0.998118, 0.0)], [-0.997387, 0.04966, 0.0524771, 0.0)], [2.26188, -0.0553238, -0.637891, 1.0)]])
2.26188, -0.0553238, -0.637891
float3(-0.0496805, -1.51823, -1.54164)
1188554.81197625
normal
simd_float4x4([[-0.0169982, -0.999437, 0.028935, 0.0)], [0.0305722, 0.0284061, 0.999129, 0.0)], [-0.999388, 0.017868, 0.0300722, 0.0)], [2.3369, -0.0502029, -0.65655, 1.0)]])
2.3369, -0.0502029, -0.65655
float3(-0.017869, -1.54071, -1.54238)
1188554.9120285
normal
simd_float4x4([[-0.0118658, -0.999919, -0.00455945, 0.0)], [0.0177058, -0.00476916, 0.999832, 0.0)], [-0.999773, 0.0117831, 0.0177609, 0.0)], [2.41329, -0.0446651, -0.662171, 1.0)]])
2.41329, -0.0446651, -0.662171
float3(-0.0117834, -1.55303, -1.57557)
1188555.01208087
normal
simd_float4x4([[-0.0688217, -0.997628, 0.0014972, 0.0)], [0.0151793, 0.000453434, 0.999885, 0.0)], [-0.997514, 0.0688365, 0.0151121, 0.0)], [2.49557, -0.0378625, -0.666394, 1.0)]])
2.49557, -0.0378625, -0.666394
float3(-0.068891, -1.55565, -1.57034)
1188555.11213325
normal
simd_float4x4([[-0.0804608, -0.996608, -0.0172778, 0.0)], [0.00998018, -0.0181387, 0.999786, 0.0)], [-0.996708, 0.0802711, 0.0114058, 0.0)], [2.5636, -0.0389922, -0.666315, 1.0)]])
2.5636, -0.0389922, -0.666315
float3(-0.0803576, -1.55935, -1.58899)
1188555.21218546
normal
simd_float4x4([[-0.0903403, -0.995749, -0.0179425, 0.0)], [0.00901264, -0.0188329, 0.999782, 0.0)], [-0.99587, 0.0901589, 0.0106757, 0.0)], [2.63316, -0.0446885, -0.661884, 1.0)]])
2.63316, -0.0446885, -0.661884
float3(-0.0902815, -1.56008, -1.58971)
1188555.31223775
normal
simd_float4x4([[-0.0936674, -0.995444, -0.0178099, 0.0)], [0.0282147, -0.0205354, 0.999391, 0.0)], [-0.995204, 0.0931079, 0.0300096, 0.0)], [2.71459, -0.0545557, -0.654688, 1.0)]])
2.71459, -0.0545557, -0.654688
float3(-0.0932429, -1.54065, -1.59142)
1188555.41229004
normal
simd_float4x4([[-0.0712805, -0.997262, -0.0196826, 0.0)], [0.0587001, -0.0238926, 0.99799, 0.0)], [-0.995728, 0.0699818, 0.0602424, 0.0)], [2.79131, -0.0531959, -0.64729, 1.0)]])
2.79131, -0.0531959, -0.64729
float3(-0.0700391, -1.51037, -1.59475)
1188555.51234254
normal
simd_float4x4([[-0.0475257, -0.998793, -0.0123887, 0.0)], [0.0849941, -0.0164014, 0.996246, 0.0)], [-0.995247, 0.0462943, 0.0856711, 0.0)], [2.86326, -0.0424662, -0.637312, 1.0)]])
2.86326, -0.0424662, -0.637312
float3(-0.0463109, -1.48493, -1.58722)
1188555.61239479
normal
simd_float4x4([[-0.0597763, -0.998212, -8.58102e-05, 0.0)], [0.0890559, -0.00541859, 0.996012, 0.0)], [-0.994231, 0.0595302, 0.0892206, 0.0)], [2.93253, -0.0344486, -0.634037, 1.0)]])
2.93253, -0.0344486, -0.634037
float3(-0.0595654, -1.4813, -1.57622)
1188555.71244708
normal
simd_float4x4([[-0.0893844, -0.995997, -0.000211166, 0.0)], [0.102149, -0.00937812, 0.994725, 0.0)], [-0.990745, 0.0888913, 0.102578, 0.0)], [2.99689, -0.0323407, -0.631374, 1.0)]])
2.99689, -0.0323407, -0.631374
float3(-0.0890088, -1.46763, -1.58021)
1188555.8124995
normal
simd_float4x4([[-0.0958622, -0.994845, 0.0330705, 0.0)], [0.0947008, 0.0239576, 0.995217, 0.0)], [-0.990879, 0.0985355, 0.091916, 0.0)], [3.05134, -0.0332332, -0.640186, 1.0)]])
3.05134, -0.0332332, -0.640186
float3(-0.0986957, -1.4783, -1.54672)
1188555.91255175
normal
simd_float4x4([[-0.0896095, -0.995303, 0.0366341, 0.0)], [0.0832667, 0.0291667, 0.9961, 0.0)], [-0.99249, 0.0923105, 0.080262, 0.0)], [3.11079, -0.0459398, -0.644324, 1.0)]])
3.11079, -0.0459398, -0.644324
float3(-0.0924421, -1.4901, -1.5415)
1188556.01260417
normal
simd_float4x4([[-0.0849628, -0.995887, 0.0314635, 0.0)], [0.0833473, 0.0243634, 0.996223, 0.0)], [-0.992892, 0.0872642, 0.0809345, 0.0)], [3.18697, -0.0563207, -0.650983, 1.0)]])
3.18697, -0.0563207, -0.650983
float3(-0.0873754, -1.48946, -1.54634)
1188556.11265637
normal
simd_float4x4([[-0.0654697, -0.99735, 0.0317174, 0.0)], [0.0603973, 0.0277666, 0.997788, 0.0)], [-0.996025, 0.0672405, 0.0584194, 0.0)], [3.26134, -0.054009, -0.666112, 1.0)]])
3.26134, -0.054009, -0.666112
float3(-0.0672913, -1.51221, -1.54296)
1188556.21270888
normal
simd_float4x4([[-0.0607128, -0.99796, 0.0197384, 0.0)], [0.0566349, 0.0162989, 0.998262, 0.0)], [-0.996547, 0.0617251, 0.0555298, 0.0)], [3.341, -0.0464739, -0.675064, 1.0)]])
3.341, -0.0464739, -0.675064
float3(-0.0617644, -1.51513, -1.55447)
1188556.31276108
normal
simd_float4x4([[-0.0640754, -0.997943, 0.00202397, 0.0)], [0.0805916, -0.00315305, 0.996742, 0.0)], [-0.994685, 0.0640298, 0.0806278, 0.0)], [3.4157, -0.0403582, -0.674865, 1.0)]])
3.4157, -0.0403582, -0.674865
float3(-0.0640736, -1.48991, -1.57396)
1188556.41281329
normal
simd_float4x4([[-0.0799068, -0.996788, -0.00529328, 0.0)], [0.0600217, -0.0101121, 0.998146, 0.0)], [-0.994994, 0.0794409, 0.060637, 0.0)], [3.48318, -0.0379574, -0.674542, 1.0)]])
3.48318, -0.0379574, -0.674542
float3(-0.0795247, -1.50993, -1.58094)
1188556.51286583
normal
simd_float4x4([[-0.0895289, -0.995973, -0.00465237, 0.0)], [0.0542832, -0.00954364, 0.99848, 0.0)], [-0.994504, 0.0891403, 0.0549191, 0.0)], [3.5528, -0.0440547, -0.670554, 1.0)]])
3.5528, -0.0440547, -0.670554
float3(-0.0892588, -1.51563, -1.58038)
1188556.612918
normal
simd_float4x4([[-0.0743164, -0.997193, -0.00915102, 0.0)], [0.0659841, -0.0140734, 0.997721, 0.0)], [-0.995049, 0.0735432, 0.0668448, 0.0)], [3.62959, -0.0544323, -0.665498, 1.0)]])
3.62959, -0.0544323, -0.665498
float3(-0.0736097, -1.50372, -1.58491)
1188556.71297033
normal
simd_float4x4([[-0.0447251, -0.998986, -0.00515246, 0.0)], [0.0983663, -0.00953636, 0.995105, 0.0)], [-0.994145, 0.0439993, 0.0986931, 0.0)], [3.70788, -0.0566974, -0.660871, 1.0)]])
3.70788, -0.0566974, -0.660871
float3(-0.0440135, -1.47185, -1.58034)
1188556.81302267
normal
simd_float4x4([[-0.0473924, -0.998866, -0.00454607, 0.0)], [0.133228, -0.0108316, 0.991026, 0.0)], [-0.989952, 0.0463614, 0.13359, 0.0)], [3.7885, -0.0479945, -0.650208, 1.0)]])
3.7885, -0.0479945, -0.650208
float3(-0.0463781, -1.43666, -1.58164)
1188556.913075
normal
simd_float4x4([[-0.0475846, -0.998857, 0.00450475, 0.0)], [0.14987, -0.00268069, 0.988702, 0.0)], [-0.98756, 0.0477221, 0.149826, 0.0)], [3.85419, -0.0391487, -0.646446, 1.0)]])
3.85419, -0.0391487, -0.646446
float3(-0.0477403, -1.42023, -1.57348)
1188557.01312737
normal
simd_float4x4([[-0.0430322, -0.999001, 0.0120369, 0.0)], [0.154912, 0.0052304, 0.987914, 0.0)], [-0.986991, 0.0443768, 0.154532, 0.0)], [3.91015, -0.0331566, -0.643177, 1.0)]])
3.91015, -0.0331566, -0.643177
float3(-0.0443914, -1.41549, -1.56556)
1188557.11317958
normal
simd_float4x4([[-0.0397076, -0.998351, 0.0414488, 0.0)], [0.158161, 0.0346789, 0.986804, 0.0)], [-0.986615, 0.0457392, 0.156523, 0.0)], [3.97076, -0.0310655, -0.646441, 1.0)]])
3.97076, -0.0310655, -0.646441
float3(-0.0457551, -1.41346, -1.53607)
1188557.213232
normal
simd_float4x4([[-0.0319213, -0.998446, 0.0456808, 0.0)], [0.149673, 0.0404136, 0.987909, 0.0)], [-0.98822, 0.0383726, 0.14815, 0.0)], [4.02852, -0.0406334, -0.652546, 1.0)]])
4.02852, -0.0406334, -0.652546
float3(-0.038382, -1.42199, -1.53034)
1188557.31328433
normal
simd_float4x4([[-0.0203313, -0.998657, 0.0476569, 0.0)], [0.149367, 0.0440978, 0.987798, 0.0)], [-0.988573, 0.0272016, 0.148269, 0.0)], [4.10213, -0.0493103, -0.664219, 1.0)]])
4.10213, -0.0493103, -0.664219
float3(-0.027205, -1.42192, -1.52667)
1188557.41333675
normal
simd_float4x4([[-0.00938674, -0.999463, 0.0313762, 0.0)], [0.123568, 0.0299777, 0.991883, 0.0)], [-0.992292, 0.0131876, 0.12322, 0.0)], [4.1812, -0.0503646, -0.676615, 1.0)]])
4.1812, -0.0503646, -0.676615
float3(-0.013188, -1.44725, -1.54081)
1188557.51338904
normal
simd_float4x4([[-0.0105943, -0.999879, 0.0113563, 0.0)], [0.100434, 0.0102355, 0.994891, 0.0)], [-0.994887, 0.0116808, 0.100313, 0.0)], [4.26003, -0.0423725, -0.68261, 1.0)]])
4.26003, -0.0423725, -0.68261
float3(-0.011681, -1.47031, -1.56056)
1188557.61344125
normal
simd_float4x4([[-0.0170002, -0.999823, -0.0080348, 0.0)], [0.0934192, -0.00958912, 0.995581, 0.0)], [-0.995482, 0.0161744, 0.0935657, 0.0)], [4.33379, -0.0383409, -0.686511, 1.0)]])
4.33379, -0.0383409, -0.686511
float3(-0.0161751, -1.47708, -1.58039)
1188557.71349354
normal
simd_float4x4([[-0.04362, -0.999028, -0.00640519, 0.0)], [0.0677322, -0.00935378, 0.99766, 0.0)], [-0.99675, 0.0430841, 0.0680744, 0.0)], [4.40747, -0.0332755, -0.690196, 1.0)]])
4.40747, -0.0332755, -0.690196
float3(-0.0430974, -1.50261, -1.58016)
1188557.81354592
normal
simd_float4x4([[-0.0567952, -0.998357, -0.00754269, 0.0)], [0.0662598, -0.0113074, 0.997738, 0.0)], [-0.996185, 0.056167, 0.0667932, 0.0)], [4.49035, -0.0382202, -0.6891, 1.0)]])
4.49035, -0.0382202, -0.6891
float3(-0.0561966, -1.50385, -1.58212)
1188557.91359825
normal
simd_float4x4([[-0.0459558, -0.998933, 0.00467155, 0.0)], [0.0753438, 0.00119707, 0.997157, 0.0)], [-0.996098, 0.0461771, 0.0752083, 0.0)], [4.57337, -0.0398807, -0.685125, 1.0)]])
4.57337, -0.0398807, -0.685125
float3(-0.0461935, -1.49544, -1.5696)
1188558.01365067
normal
simd_float4x4([[-0.0254259, -0.999651, 0.0071992, 0.0)], [0.099066, 0.00464648, 0.99507, 0.0)], [-0.994756, 0.0260138, 0.0989133, 0.0)], [4.65403, -0.0454023, -0.676953, 1.0)]])
4.65403, -0.0454023, -0.676953
float3(-0.0260167, -1.47169, -1.56615)
1188558.11370308
normal
simd_float4x4([[-0.0442395, -0.999021, -0.000593584, 0.0)], [0.139336, -0.00675854, 0.990222, 0.0)], [-0.989256, 0.0437242, 0.139498, 0.0)], [4.73867, -0.0417741, -0.664425, 1.0)]])
4.73867, -0.0417741, -0.664425
