ARKit Data
108124.107567041
limited(__ObjC.ARCamera.TrackingState.Reason.initializing)
simd_float4x4([[0.122295, -0.986237, -0.111244, 0.0)], [-0.703784, -0.00714195, -0.710371, 0.0)], [0.699802, 0.165173, -0.694975, 0.0)], [0.0, 0.0, 0.0, 1.0)]])
0.0, 0.0, 0.0
float3(-0.165933, 2.35273, -1.57804)
108124.444362416
notAvailable
simd_float4x4([[1.0, 0.0, 0.0, 0.0)], [0.0, 1.0, 0.0, 0.0)], [0.0, 0.0, 1.0, 0.0)], [0.0, 0.0, 0.0, 1.0)]])
0.0, 0.0, 0.0
float3(-0.0, 0.0, 0.0)
108124.561011125
notAvailable
simd_float4x4([[1.0, 0.0, 0.0, 0.0)], [0.0, 1.0, 0.0, 0.0)], [0.0, 0.0, 1.0, 0.0)], [0.0, 0.0, 0.0, 1.0)]])
0.0, 0.0, 0.0
float3(-0.0, 0.0, 0.0)
108124.677659583
limited(__ObjC.ARCamera.TrackingState.Reason.initializing)
simd_float4x4([[-0.0344845, -0.992656, 0.115949, 0.0)], [0.999274, -0.0323665, 0.0201008, 0.0)], [-0.0162003, 0.116558, 0.993052, 0.0)], [0.0, 0.0, 0.0, 1.0)]])
0.0, 0.0, 0.0
float3(-0.116823, -0.0163122, -1.60339)
108124.794308208
limited(__ObjC.ARCamera.TrackingState.Reason.initializing)
simd_float4x4([[-0.0329088, -0.992256, 0.119762, 0.0)], [0.99901, -0.0290691, 0.0336688, 0.0)], [-0.0299268, 0.120751, 0.992231, 0.0)], [0.0, 0.0, 0.0, 1.0)]])
0.0, 0.0, 0.0
float3(-0.121046, -0.0301519, -1.60008)
108124.910956875
limited(__ObjC.ARCamera.TrackingState.Reason.initializing)
simd_float4x4([[-0.0219247, -0.990525, 0.13556, 0.0)], [0.997243, -0.0120531, 0.0732181, 0.0)], [-0.0708906, 0.136792, 0.988059, 0.0)], [0.0, 0.0, 0.0, 1.0)]])
0.0, 0.0, 0.0
float3(-0.137222, -0.0716246, -1.58296)
108125.027605625
limited(__ObjC.ARCamera.TrackingState.Reason.initializing)
simd_float4x4([[-0.0206147, -0.98914, 0.145513, 0.0)], [0.991535, -0.00156496, 0.129833, 0.0)], [-0.128195, 0.146958, 0.980799, 0.0)], [0.0, 0.0, 0.0, 1.0)]])
0.0, 0.0, 0.0
float3(-0.147492, -0.129968, -1.57238)
108125.144254166
limited(__ObjC.ARCamera.TrackingState.Reason.initializing)
simd_float4x4([[-0.0364359, -0.989044, 0.143046, 0.0)], [0.981792, -0.00872403, 0.18976, 0.0)], [-0.186433, 0.147355, 0.971353, 0.0)], [0.0, 0.0, 0.0, 1.0)]])
0.0, 0.0, 0.0
float3(-0.147894, -0.189625, -1.57962)
108125.260902791
limited(__ObjC.ARCamera.TrackingState.Reason.initializing)
simd_float4x4([[-0.0409082, -0.988571, 0.145088, 0.0)], [0.97502, -0.00776882, 0.22198, 0.0)], [-0.218316, 0.150545, 0.964194, 0.0)], [0.0, 0.0, 0.0, 1.0)]])
0.0, 0.0, 0.0
float3(-0.151119, -0.222669, -1.57865)
108125.3775515
limited(__ObjC.ARCamera.TrackingState.Reason.initializing)
simd_float4x4([[-0.0436584, -0.989226, 0.139714, 0.0)], [0.967923, -0.00724869, 0.251143, 0.0)], [-0.247425, 0.146197, 0.957811, 0.0)], [0.0, 0.0, 0.0, 1.0)]])
0.0, 0.0, 0.0
float3(-0.146722, -0.252797, -1.57812)
108125.494200083
limited(__ObjC.ARCamera.TrackingState.Reason.initializing)
simd_float4x4([[-0.0492548, -0.989855, 0.133247, 0.0)], [0.95976, -0.00997975, 0.280645, 0.0)], [-0.276469, 0.141708, 0.950515, 0.0)], [0.0, 0.0, 0.0, 1.0)]])
0.0, 0.0, 0.0
float3(-0.142186, -0.283053, -1.58088)
108125.610848791
limited(__ObjC.ARCamera.TrackingState.Reason.initializing)
simd_float4x4([[-0.0429772, -0.99094, 0.127216, 0.0)], [0.966458, -0.00896558, 0.256666, 0.0)], [-0.253201, 0.13398, 0.958088, 0.0)], [0.0, 0.0, 0.0, 1.0)]])
0.0, 0.0, 0.0
float3(-0.134384, -0.258371, -1.57984)
108125.727497458
limited(__ObjC.ARCamera.TrackingState.Reason.initializing)
simd_float4x4([[-0.0376391, -0.991186, 0.12699, 0.0)], [0.980379, -0.0120212, 0.196755, 0.0)], [-0.193495, 0.131905, 0.97219, 0.0)], [0.0, 0.0, 0.0, 1.0)]])
0.0, 0.0, 0.0
float3(-0.13229, -0.196462, -1.58292)
108125.844146166
limited(__ObjC.ARCamera.TrackingState.Reason.initializing)
simd_float4x4([[-0.034747, -0.990644, 0.131947, 0.0)], [0.986905, -0.0132041, 0.160761, 0.0)], [-0.157515, 0.135805, 0.978131, 0.0)], [0.0, 0.0, 0.0, 1.0)]])
0.0, 0.0, 0.0
float3(-0.136226, -0.159666, -1.58412)
108125.960794833
limited(__ObjC.ARCamera.TrackingState.Reason.initializing)
simd_float4x4([[-0.0267137, -0.990814, 0.132533, 0.0)], [0.993032, -0.0110805, 0.117323, 0.0)], [-0.114778, 0.134744, 0.984206, 0.0)], [0.0, 0.0, 0.0, 1.0)]])
0.0, 0.0, 0.0
float3(-0.135155, -0.116095, -1.58198)
108126.077443416
limited(__ObjC.ARCamera.TrackingState.Reason.initializing)
simd_float4x4([[-0.0220092, -0.99106, 0.131552, 0.0)], [0.996839, -0.0117067, 0.0785831, 0.0)], [-0.076341, 0.132866, 0.988185, 0.0)], [0.0, 0.0, 0.0, 1.0)]])
0.0, 0.0, 0.0
float3(-0.13326, -0.0771006, -1.58261)
108126.19409225
limited(__ObjC.ARCamera.TrackingState.Reason.initializing)
simd_float4x4([[-0.012354, -0.991258, 0.13132, 0.0)], [0.999496, -0.00840231, 0.0306045, 0.0)], [-0.0292338, 0.131632, 0.990863, 0.0)], [0.0, 0.0, 0.0, 1.0)]])
0.0, 0.0, 0.0
float3(-0.132015, -0.0294948, -1.57927)
108126.310741041
limited(__ObjC.ARCamera.TrackingState.Reason.initializing)
simd_float4x4([[-0.00596467, -0.991552, 0.129534, 0.0)], [0.999966, -0.00665296, -0.00488182, 0.0)], [0.00570236, 0.129501, 0.991558, 0.0)], [0.0, 0.0, 0.0, 1.0)]])
0.0, 0.0, 0.0
float3(-0.129865, 0.00575085, -1.57751)
108126.427389625
limited(__ObjC.ARCamera.TrackingState.Reason.initializing)
simd_float4x4([[-0.00345009, -0.991558, 0.129574, 0.0)], [0.999511, -0.00744702, -0.0303763, 0.0)], [0.0310849, 0.129406, 0.991099, 0.0)], [0.0, 0.0, 0.0, 1.0)]])
0.0, 0.0, 0.0
float3(-0.129769, 0.0313538, -1.57831)
108126.5440385
limited(__ObjC.ARCamera.TrackingState.Reason.initializing)
simd_float4x4([[0.00506628, -0.991773, 0.127865, 0.0)], [0.99839, -0.00220798, -0.0566872, 0.0)], [0.0565035, 0.127946, 0.990164, 0.0)], [0.0, 0.0, 0.0, 1.0)]])
0.0, 0.0, 0.0
float3(-0.128298, 0.057003, -1.57302)
108126.660687333
limited(__ObjC.ARCamera.TrackingState.Reason.initializing)
simd_float4x4([[0.00726148, -0.991841, 0.127226, 0.0)], [0.998257, -0.000262452, -0.0590247, 0.0)], [0.0585769, 0.127433, 0.99011, 0.0)], [0.0, 0.0, 0.0, 1.0)]])
0.0, 0.0, 0.0
float3(-0.12778, 0.0590932, -1.57106)
108126.777335875
limited(__ObjC.ARCamera.TrackingState.Reason.initializing)
simd_float4x4([[0.00838326, -0.992041, 0.125582, 0.0)], [0.99895, 0.00265301, -0.0457298, 0.0)], [0.0450331, 0.125833, 0.991022, 0.0)], [0.0, 0.0, 0.0, 1.0)]])
0.0, 0.0, 0.0
float3(-0.126168, 0.0454098, -1.56812)
108126.893984625
limited(__ObjC.ARCamera.TrackingState.Reason.initializing)
simd_float4x4([[0.0068865, -0.992058, 0.125544, 0.0)], [0.99986, 0.00491391, -0.0160162, 0.0)], [0.0152723, 0.125636, 0.991952, 0.0)], [0.0, 0.0, 0.0, 1.0)]])
0.0, 0.0, 0.0
float3(-0.125969, 0.015395, -1.56584)
108127.010633583
limited(__ObjC.ARCamera.TrackingState.Reason.initializing)
simd_float4x4([[0.00462988, -0.992831, 0.11938, 0.0)], [0.999843, 0.00664024, 0.0164487, 0.0)], [-0.0171235, 0.119285, 0.992705, 0.0)], [0.0, 0.0, 0.0, 1.0)]])
0.0, 0.0, 0.0
float3(-0.11957, -0.0172476, -1.56411)
108127.12728225
limited(__ObjC.ARCamera.TrackingState.Reason.initializing)
simd_float4x4([[0.000265947, -0.993514, 0.113644, 0.0)], [0.998939, 0.00549655, 0.0457183, 0.0)], [-0.0460467, 0.113512, 0.992461, 0.0)], [0.0, 0.0, 0.0, 1.0)]])
0.0, 0.0, 0.0
float3(-0.113757, -0.0463632, -1.56526)
108127.243930958
limited(__ObjC.ARCamera.TrackingState.Reason.initializing)
simd_float4x4([[-0.00683437, -0.994, 0.109085, 0.0)], [0.99812, -0.000137821, 0.061283, 0.0)], [-0.0609009, 0.109299, 0.992133, 0.0)], [0.0, 0.0, 0.0, 1.0)]])
0.0, 0.0, 0.0
float3(-0.109517, -0.0613069, -1.57094)
108127.360579875
limited(__ObjC.ARCamera.TrackingState.Reason.initializing)
simd_float4x4([[-0.0136317, -0.995114, 0.0976985, 0.0)], [0.997312, -0.0064966, 0.0729868, 0.0)], [-0.0719962, 0.0984309, 0.992527, 0.0)], [0.0, 0.0, 0.0, 1.0)]])
0.0, 0.0, 0.0
float3(-0.0985905, -0.0724114, -1.57732)
108127.477228625
limited(__ObjC.ARCamera.TrackingState.Reason.initializing)
simd_float4x4([[-0.0183102, -0.99616, 0.08551, 0.0)], [0.995496, -0.0102081, 0.0942524, 0.0)], [-0.0930186, 0.0868507, 0.991861, 0.0)], [0.0, 0.0, 0.0, 1.0)]])
0.0, 0.0, 0.0
float3(-0.0869602, -0.0935084, -1.58104)
108127.593877416
limited(__ObjC.ARCamera.TrackingState.Reason.initializing)
simd_float4x4([[-0.0183587, -0.996565, 0.0806547, 0.0)], [0.995063, -0.0103435, 0.0987017, 0.0)], [-0.0975293, 0.0820686, 0.991835, 0.0)], [0.0, 0.0, 0.0, 1.0)]])
0.0, 0.0, 0.0
float3(-0.082161, -0.0980171, -1.58118)
108127.710526333
limited(__ObjC.ARCamera.TrackingState.Reason.initializing)
simd_float4x4([[-0.0162473, -0.996638, 0.0802092, 0.0)], [0.995368, -0.00852081, 0.0957563, 0.0)], [-0.0947518, 0.0813935, 0.99216, 0.0)], [0.0, 0.0, 0.0, 1.0)]])
0.0, 0.0, 0.0
float3(-0.0814837, -0.0952117, -1.57935)
108127.827175125
limited(__ObjC.ARCamera.TrackingState.Reason.initializing)
simd_float4x4([[-0.0143713, -0.996513, 0.0821009, 0.0)], [0.994963, -0.00610635, 0.100055, 0.0)], [-0.0992052, 0.0831254, 0.991581, 0.0)], [0.0, 0.0, 0.0, 1.0)]])
0.0, 0.0, 0.0
float3(-0.0832214, -0.0997156, -1.57692)
108127.943823958
limited(__ObjC.ARCamera.TrackingState.Reason.initializing)
simd_float4x4([[-0.0130657, -0.996198, 0.0860244, 0.0)], [0.993342, -0.00308501, 0.115158, 0.0)], [-0.114456, 0.0869563, 0.989606, 0.0)], [0.0, 0.0, 0.0, 1.0)]])
0.0, 0.0, 0.0
float3(-0.0870663, -0.115147, -1.57389)
108128.060472625
limited(__ObjC.ARCamera.TrackingState.Reason.initializing)
simd_float4x4([[-0.0131471, -0.996344, 0.0843047, 0.0)], [0.991706, -0.00221333, 0.128509, 0.0)], [-0.127854, 0.0852951, 0.988109, 0.0)], [0.0, 0.0, 0.0, 1.0)]])
0.0, 0.0, 0.0
float3(-0.0853989, -0.128678, -1.57302)
108128.177121625
limited(__ObjC.ARCamera.TrackingState.Reason.initializing)
simd_float4x4([[-0.00865945, -0.996274, 0.0857063, 0.0)], [0.991379, 0.00265109, 0.130996, 0.0)], [-0.130737, 0.0861019, 0.987662, 0.0)], [0.0, 0.0, 0.0, 1.0)]])
0.0, 0.0, 0.0
float3(-0.0862086, -0.131605, -1.56814)
108128.293770625
limited(__ObjC.ARCamera.TrackingState.Reason.initializing)
simd_float4x4([[-0.0095101, -0.995861, 0.0902981, 0.0)], [0.991627, 0.00223668, 0.129116, 0.0)], [-0.128785, 0.09077, 0.987501, 0.0)], [0.0, 0.0, 0.0, 1.0)]])
0.0, 0.0, 0.0
float3(-0.0908951, -0.129683, -1.56855)
108128.4104195
normal
simd_float4x4([[0.00173707, -0.997058, 0.0766303, 0.0)], [0.992517, 0.0110754, 0.121606, 0.0)], [-0.122097, 0.0758456, 0.989616, 0.0)], [-0.000538541, -0.000347711, 7.55172e-05, 1.0)]])
-0.000538541, -0.000347711, 7.55172e-05
float3(-0.0759185, -0.122758, -1.55969)
108128.527068208
normal
simd_float4x4([[0.00238786, -0.996718, 0.0809146, 0.0)], [0.993608, 0.0114971, 0.112301, 0.0)], [-0.112863, 0.0801292, 0.990374, 0.0)], [-0.00133612, -0.000502817, -0.00088867, 1.0)]])
-0.00133612, -0.000502817, -0.00088867
float3(-0.0802151, -0.11347, -1.55926)
108128.643717041
normal
simd_float4x4([[0.00433237, -0.996692, 0.0811562, 0.0)], [0.994673, 0.0126533, 0.102298, 0.0)], [-0.102986, 0.0802807, 0.991438, 0.0)], [-0.00226811, -0.00123084, -0.000661833, 1.0)]])
-0.00226811, -0.00123084, -0.000661833
float3(-0.0803672, -0.103505, -1.5581)
108128.760366166
normal
simd_float4x4([[0.00666212, -0.996346, 0.0851472, 0.0)], [0.995475, 0.0146793, 0.0938814, 0.0)], [-0.0947883, 0.0841365, 0.991936, 0.0)], [-0.00131975, -0.00470389, -0.00109552, 1.0)]])
-0.00131975, -0.00470389, -0.00109552
float3(-0.0842361, -0.0952696, -1.55606)
108128.877014875
normal
simd_float4x4([[0.00875049, -0.996108, 0.0877093, 0.0)], [0.99575, 0.0167222, 0.0905701, 0.0)], [-0.0916842, 0.086544, 0.99202, 0.0)], [0.00239354, -0.00458397, -0.00239019, 1.0)]])
0.00239354, -0.00458397, -0.00239019
float3(-0.0866524, -0.0921599, -1.55401)
108128.993663791
normal
simd_float4x4([[0.0112732, -0.99654, 0.0823481, 0.0)], [0.996179, 0.018325, 0.0853876, 0.0)], [-0.0866012, 0.0810709, 0.992939, 0.0)], [0.0046423, -0.00290056, 0.000985341, 1.0)]])
0.0046423, -0.00290056, 0.000985341
float3(-0.0811599, -0.0869969, -1.55241)
108129.110312916
normal
simd_float4x4([[0.013294, -0.996526, 0.0822087, 0.0)], [0.996449, 0.0200393, 0.081778, 0.0)], [-0.0831413, 0.0808296, 0.993254, 0.0)], [0.00681637, -0.00208927, 0.00163653, 1.0)]])
0.00681637, -0.00208927, 0.00163653
float3(-0.0809179, -0.0835113, -1.55069)
108129.226961833
normal
simd_float4x4([[0.0139424, -0.996405, 0.0835575, 0.0)], [0.996617, 0.0206166, 0.0795534, 0.0)], [-0.0809901, 0.0821657, 0.993322, 0.0)], [0.00987672, -0.00180409, 0.00157155, 1.0)]])
0.00987672, -0.00180409, 0.00157155
float3(-0.0822584, -0.0813546, -1.55011)
108129.343610583
normal
simd_float4x4([[0.0126956, -0.996503, 0.0825911, 0.0)], [0.997028, 0.0188927, 0.0746901, 0.0)], [-0.0759893, 0.0813974, 0.993781, 0.0)], [0.0124717, -0.00112374, 0.00180831, 1.0)]])
0.0124717, -0.00112374, 0.00180831
float3(-0.0814876, -0.0763163, -1.55184)
108129.460259583
normal
simd_float4x4([[0.0109366, -0.996304, 0.0852021, 0.0)], [0.997357, 0.0169899, 0.0706485, 0.0)], [-0.0718349, 0.0842042, 0.993856, 0.0)], [0.0140102, -0.000571422, 0.00118337, 1.0)]])
0.0140102, -0.000571422, 0.00118337
float3(-0.084304, -0.0721536, -1.55375)
108129.576908625
normal
simd_float4x4([[0.0106874, -0.996277, 0.0855398, 0.0)], [0.997546, 0.0165421, 0.0680305, 0.0)], [-0.0691922, 0.0846028, 0.994009, 0.0)], [0.016447, -0.000271864, 0.00225069, 1.0)]])
0.016447, -0.000271864, 0.00225069
float3(-0.0847041, -0.0694971, -1.55419)
108129.693557666
normal
simd_float4x4([[0.00944979, -0.996427, 0.0839212, 0.0)], [0.997724, 0.0149993, 0.0657454, 0.0)], [-0.0667692, 0.0831089, 0.994301, 0.0)], [0.0167372, -0.000602253, 0.00193068, 1.0)]])
0.0167372, -0.000602253, 0.00193068
float3(-0.0832049, -0.0670513, -1.55574)
108129.810206458
normal
simd_float4x4([[0.00936849, -0.996531, 0.0826897, 0.0)], [0.997959, 0.014541, 0.0621744, 0.0)], [-0.0631611, 0.0819384, 0.994634, 0.0)], [0.0174235, -0.00109828, 0.00201584, 1.0)]])
0.0174235, -0.00109828, 0.00201584
float3(-0.0820304, -0.0634167, -1.55621)
108129.926855541
normal
simd_float4x4([[0.0101063, -0.996525, 0.08268, 0.0)], [0.998003, 0.0152075, 0.0613032, 0.0)], [-0.0623475, 0.0818954, 0.994689, 0.0)], [0.0176766, -0.00133361, 0.00137749, 1.0)]])
0.0176766, -0.00133361, 0.00137749
float3(-0.0819872, -0.0625985, -1.55554)
108130.043504541
normal
simd_float4x4([[0.0102811, -0.99658, 0.0819844, 0.0)], [0.998, 0.0153409, 0.0613277, 0.0)], [-0.0623757, 0.0811899, 0.994745, 0.0)], [0.0178246, -0.00116145, 0.00120804, 1.0)]])
0.0178246, -0.00116145, 0.00120804
float3(-0.0812794, -0.0626232, -1.5554)
108130.160153416
normal
simd_float4x4([[0.00990344, -0.996629, 0.0814326, 0.0)], [0.998115, 0.0147842, 0.0595535, 0.0)], [-0.0605567, 0.0806894, 0.994898, 0.0)], [0.0185245, -0.00110967, 0.00120193, 1.0)]])
0.0185245, -0.00110967, 0.00120193
float3(-0.0807772, -0.0607922, -1.55596)
108130.2768025
normal
simd_float4x4([[0.00936933, -0.996542, 0.0825573, 0.0)], [0.998217, 0.0141884, 0.0579804, 0.0)], [-0.0589513, 0.0818669, 0.994898, 0.0)], [0.0188042, -0.00146212, 0.00194486, 1.0)]])
0.0188042, -0.00146212, 0.00194486
float3(-0.0819586, -0.0591844, -1.55656)
108130.3934515
normal
simd_float4x4([[0.0102927, -0.996535, 0.0825326, 0.0)], [0.998271, 0.0150169, 0.0568249, 0.0)], [-0.0578674, 0.0818051, 0.994967, 0.0)], [0.0187421, -0.00139845, 0.00228764, 1.0)]])
0.0187421, -0.00139845, 0.00228764
float3(-0.0818966, -0.0580947, -1.55573)
108130.510100458
normal
simd_float4x4([[0.0105963, -0.996484, 0.083106, 0.0)], [0.998325, 0.0152694, 0.0557976, 0.0)], [-0.0568704, 0.0823756, 0.994977, 0.0)], [0.0195101, -0.00146669, 0.00235379, 1.0)]])
0.0195101, -0.00146669, 0.00235379
float3(-0.082469, -0.0570954, -1.55547)
108130.626749458
normal
simd_float4x4([[0.00942721, -0.996449, 0.0836713, 0.0)], [0.995841, 0.0169382, 0.0895172, 0.0)], [-0.0906165, 0.0824794, 0.992464, 0.0)], [0.00296891, -0.0162193, 0.0195966, 1.0)]])
0.00296891, -0.0162193, 0.0195966
float3(-0.0825732, -0.0910521, -1.5538)
108130.743398458
normal
simd_float4x4([[0.0103492, -0.996517, 0.0827469, 0.0)], [0.996139, 0.017489, 0.0860309, 0.0)], [-0.0871784, 0.081537, 0.99285, 0.0)], [0.00521199, -0.0153774, 0.0194714, 1.0)]])
0.00521199, -0.0153774, 0.0194714
float3(-0.0816277, -0.0875816, -1.55325)
108130.860047625
normal
simd_float4x4([[0.0105847, -0.996444, 0.0835902, 0.0)], [0.996259, 0.0176791, 0.0845935, 0.0)], [-0.0857705, 0.0823821, 0.992903, 0.0)], [0.0064801, -0.01496, 0.0185841, 1.0)]])
0.0064801, -0.01496, 0.0185841
float3(-0.0824755, -0.0861696, -1.55306)
108130.976696625
normal
simd_float4x4([[0.00984821, -0.996428, 0.0838735, 0.0)], [0.996627, 0.0166151, 0.0803685, 0.0)], [-0.081475, 0.082799, 0.99323, 0.0)], [0.0072705, -0.0142829, 0.0171107, 1.0)]])
0.0072705, -0.0142829, 0.0171107
float3(-0.0828939, -0.0818471, -1.55412)
108131.0933455
normal
simd_float4x4([[0.00980433, -0.99621, 0.0864224, 0.0)], [0.996766, 0.0166301, 0.0786191, 0.0)], [-0.0797584, 0.0853721, 0.993152, 0.0)], [0.00826228, -0.0141316, 0.0165412, 1.0)]])
0.00826228, -0.0141316, 0.0165412
float3(-0.0854762, -0.0801364, -1.5541)
108131.209994666
normal
simd_float4x4([[0.00971248, -0.996498, 0.0830535, 0.0)], [0.996879, 0.0161565, 0.077272, 0.0)], [-0.0783433, 0.0820437, 0.993545, 0.0)], [0.00944729, -0.0136891, 0.0177103, 1.0)]])
0.00944729, -0.0136891, 0.0177103
float3(-0.0821361, -0.0786895, -1.55458)
108131.326643666
normal
simd_float4x4([[0.00959232, -0.996536, 0.0826114, 0.0)], [0.996834, 0.0160505, 0.0778703, 0.0)], [-0.0789265, 0.0816029, 0.993535, 0.0)], [0.0105375, -0.0137785, 0.0177014, 1.0)]])
0.0105375, -0.0137785, 0.0177014
float3(-0.0816938, -0.0792736, -1.55469)
108131.443292666
normal
simd_float4x4([[0.00836757, -0.996497, 0.0832077, 0.0)], [0.99675, 0.0149785, 0.0791472, 0.0)], [-0.0801163, 0.082275, 0.993384, 0.0)], [0.0119455, -0.0141947, 0.0172064, 1.0)]])
0.0119455, -0.0141947, 0.0172064
float3(-0.0823681, -0.0804757, -1.55577)
108131.559941708
normal
simd_float4x4([[0.00394261, -0.996522, 0.0832352, 0.0)], [0.996737, 0.0106267, 0.0800142, 0.0)], [-0.0806204, 0.0826482, 0.993312, 0.0)], [0.0147025, -0.0146581, 0.0168043, 1.0)]])
0.0147025, -0.0146581, 0.0168043
float3(-0.0827425, -0.0809857, -1.56013)
108131.676590875
normal
simd_float4x4([[0.0011069, -0.996372, 0.0850981, 0.0)], [0.996776, 0.0079265, 0.0798422, 0.0)], [-0.080227, 0.0847354, 0.993168, 0.0)], [0.0155919, -0.0147963, 0.0171134, 1.0)]])
0.0155919, -0.0147963, 0.0171134
float3(-0.0848371, -0.0806038, -1.56284)
108131.793239958
normal
simd_float4x4([[-0.000329059, -0.996391, 0.0848847, 0.0)], [0.996939, 0.00630895, 0.0779202, 0.0)], [-0.0781745, 0.0846506, 0.993339, 0.0)], [0.0170155, -0.0150188, 0.0169251, 1.0)]])
0.0170155, -0.0150188, 0.0169251
float3(-0.084752, -0.0785368, -1.56446)
108131.909889041
normal
simd_float4x4([[-0.000767338, -0.996479, 0.0838348, 0.0)], [0.997202, 0.00550418, 0.0745512, 0.0)], [-0.0747502, 0.0836575, 0.993687, 0.0)], [0.0184497, -0.015178, 0.0169852, 1.0)]])
0.0184497, -0.015178, 0.0169852
float3(-0.0837554, -0.0750837, -1.56527)
108132.026538041
normal
simd_float4x4([[0.000758138, -0.996312, 0.0857995, 0.0)], [0.997416, 0.00691717, 0.0715096, 0.0)], [-0.0718394, 0.0855235, 0.993743, 0.0)], [0.0194899, -0.0154738, 0.0164086, 1.0)]])
0.0194899, -0.0154738, 0.0164086
float3(-0.0856281, -0.0721662, -1.56385)
108132.143187375
normal
simd_float4x4([[0.000991598, -0.996533, 0.0831949, 0.0)], [0.997585, 0.00676365, 0.0691267, 0.0)], [-0.0694498, 0.0829255, 0.994133, 0.0)], [0.0210165, -0.0152076, 0.0175213, 1.0)]])
0.0210165, -0.0152076, 0.0175213
float3(-0.0830208, -0.0697463, -1.56401)
108132.259836333
normal
simd_float4x4([[0.00172428, -0.996415, 0.0845806, 0.0)], [0.9977, 0.00744515, 0.0673694, 0.0)], [-0.0677576, 0.0842699, 0.994137, 0.0)], [0.0218321, -0.0152352, 0.0172415, 1.0)]])
0.0218321, -0.0152352, 0.0172415
float3(-0.08437, -0.068052, -1.56332)
108132.376485458
normal
simd_float4x4([[0.00153564, -0.996492, 0.0836762, 0.0)], [0.997803, 0.00706948, 0.0658779, 0.0)], [-0.0662383, 0.0833911, 0.994313, 0.0)], [0.0224788, -0.014857, 0.0176386, 1.0)]])
0.0224788, -0.014857, 0.0176386
float3(-0.0834881, -0.0665189, -1.5637)
108132.493134625
normal
simd_float4x4([[-0.00155343, -0.996635, 0.0819566, 0.0)], [0.997959, 0.00368739, 0.0637562, 0.0)], [-0.0638439, 0.0818883, 0.994594, 0.0)], [0.0233299, -0.014666, 0.0180953, 1.0)]])
0.0233299, -0.014666, 0.0180953
float3(-0.0819801, -0.0641029, -1.5671)
108132.609783791
normal
simd_float4x4([[-0.0180188, -0.996587, 0.0805582, 0.0)], [0.99821, -0.013336, 0.0582945, 0.0)], [-0.0570212, 0.0814644, 0.995044, 0.0)], [0.0247891, -0.0152445, 0.0174216, 1.0)]])
0.0247891, -0.0152445, 0.0174216
float3(-0.0815547, -0.0572426, -1.58418)
108132.726432916
normal
simd_float4x4([[-0.0533026, -0.995929, 0.0726888, 0.0)], [0.992676, -0.0449445, 0.112132, 0.0)], [-0.108409, 0.0781334, 0.991031, 0.0)], [-0.00914421, -0.0121131, -0.0331599, 1.0)]])
-0.00914421, -0.0121131, -0.0331599
float3(-0.0782131, -0.108956, -1.61589)
108132.843082
normal
simd_float4x4([[-0.0810958, -0.994382, 0.0680253, 0.0)], [0.991305, -0.0733726, 0.109227, 0.0)], [-0.103622, 0.0762917, 0.991686, 0.0)], [-0.00196617, -0.0143345, -0.031951, 1.0)]])
-0.00196617, -0.0143345, -0.031951
float3(-0.0763659, -0.104113, -1.64445)
108132.959731083
normal
simd_float4x4([[-0.10598, -0.992208, 0.0655113, 0.0)], [0.989289, -0.0985593, 0.107674, 0.0)], [-0.100378, 0.0762209, 0.992025, 0.0)], [0.00273767, -0.0170808, -0.0317777, 1.0)]])
0.00273767, -0.0170808, -0.0317777
float3(-0.0762949, -0.100842, -1.6698)
108133.076380333
normal
simd_float4x4([[-0.134049, -0.989139, 0.0602869, 0.0)], [0.986215, -0.127202, 0.105829, 0.0)], [-0.0970106, 0.073642, 0.992555, 0.0)], [0.00636052, -0.0198065, -0.0286864, 1.0)]])
0.00636052, -0.0198065, -0.0286864
float3(-0.0737087, -0.0974287, -1.69869)
108133.193029375
normal
simd_float4x4([[-0.16186, -0.985284, 0.0549272, 0.0)], [0.982323, -0.15557, 0.104114, 0.0)], [-0.0940368, 0.0708081, 0.993047, 0.0)], [0.00810866, -0.0213925, -0.0277969, 1.0)]])
0.00810866, -0.0213925, -0.0277969
float3(-0.0708674, -0.0944137, -1.7274)
108133.309678541
normal
simd_float4x4([[-0.188515, -0.9809, 0.0479291, 0.0)], [0.97807, -0.183123, 0.0992255, 0.0)], [-0.0885534, 0.0655835, 0.99391, 0.0)], [0.0110055, -0.0233502, -0.0260895, 1.0)]])
0.0110055, -0.0233502, -0.0260895
float3(-0.0656306, -0.0888614, -1.75536)
108133.426327791
normal
simd_float4x4([[-0.217658, -0.975171, 0.0408275, 0.0)], [0.972346, -0.213019, 0.0957412, 0.0)], [-0.084667, 0.0605373, 0.994569, 0.0)], [0.0142725, -0.0250577, -0.0248429, 1.0)]])
0.0142725, -0.0250577, -0.0248429
float3(-0.0605743, -0.0849246, -1.78586)
108133.542976833
normal
simd_float4x4([[-0.243208, -0.969248, 0.0375193, 0.0)], [0.966537, -0.238912, 0.0934254, 0.0)], [-0.0815886, 0.0589856, 0.994919, 0.0)], [0.0154839, -0.0269727, -0.0251049, 1.0)]])
0.0154839, -0.0269727, -0.0251049
float3(-0.0590199, -0.0818222, -1.81247)
108133.659626208
normal
simd_float4x4([[-0.271516, -0.961726, 0.0368999, 0.0)], [0.959359, -0.267387, 0.0901973, 0.0)], [-0.0768785, 0.0598902, 0.99524, 0.0)], [0.0169865, -0.0291283, -0.0259159, 1.0)]])
0.0169865, -0.0291283, -0.0259159
float3(-0.0599261, -0.0770931, -1.84198)
108133.776275416
normal
simd_float4x4([[-0.303592, -0.952309, 0.0306442, 0.0)], [0.95011, -0.300161, 0.084821, 0.0)], [-0.0715776, 0.0548663, 0.995925, 0.0)], [0.0185991, -0.0306257, -0.0243478, 1.0)]])
0.0185991, -0.0306257, -0.0243478
float3(-0.0548939, -0.0717471, -1.87613)
108133.892924583
normal
simd_float4x4([[-0.335244, -0.94185, 0.0229993, 0.0)], [0.939804, -0.332602, 0.0783877, 0.0)], [-0.0661799, 0.0478938, 0.996658, 0.0)], [0.0209923, -0.0328966, -0.0232946, 1.0)]])
0.0209923, -0.0328966, -0.0232946
float3(-0.0479122, -0.0663045, -1.91026)
108134.009573625
normal
simd_float4x4([[-0.366222, -0.93038, 0.0165804, 0.0)], [0.928424, -0.364139, 0.0736941, 0.0)], [-0.0625259, 0.0423821, 0.997143, 0.0)], [0.0226729, -0.0345445, -0.0227696, 1.0)]])
0.0226729, -0.0345445, -0.0227696
float3(-0.0423947, -0.0626231, -1.94386)
108134.126222875
normal
simd_float4x4([[-0.39921, -0.916763, 0.0132827, 0.0)], [0.914811, -0.397309, 0.072568, 0.0)], [-0.0612504, 0.0411211, 0.997275, 0.0)], [0.0249305, -0.0387095, -0.0222164, 1.0)]])
0.0249305, -0.0387095, -0.0222164
float3(-0.0411327, -0.0613407, -1.97975)
108134.242872166
normal
simd_float4x4([[-0.427195, -0.90408, 0.0119385, 0.0)], [0.902082, -0.425282, 0.0733718, 0.0)], [-0.0612568, 0.0421136, 0.997233, 0.0)], [0.0265994, -0.0428346, -0.0220167, 1.0)]])
0.0265994, -0.0428346, -0.0220167
float3(-0.0421261, -0.0613496, -2.01049)
108134.3595215
normal
simd_float4x4([[-0.450229, -0.892829, 0.0122797, 0.0)], [0.89082, -0.44819, 0.0745981, 0.0)], [-0.0610997, 0.0445252, 0.997138, 0.0)], [0.0277732, -0.0463336, -0.0221655, 1.0)]])
0.0277732, -0.0463336, -0.0221655
float3(-0.0445399, -0.0611985, -2.03603)
108134.4761705
normal
simd_float4x4([[-0.478266, -0.878147, 0.0109191, 0.0)], [0.876155, -0.476256, 0.0743827, 0.0)], [-0.0601187, 0.0451415, 0.99717, 0.0)], [0.032193, -0.0513781, -0.0233676, 1.0)]])
0.032193, -0.0513781, -0.0233676
float3(-0.0451569, -0.0602164, -2.06774)
108134.592819791
normal
simd_float4x4([[-0.501111, -0.86534, 0.00861595, 0.0)], [0.863463, -0.499312, 0.0715401, 0.0)], [-0.0576044, 0.0432891, 0.9974, 0.0)], [0.0336754, -0.0544635, -0.0226262, 1.0)]])
0.0336754, -0.0544635, -0.0226262
float3(-0.0433026, -0.0576904, -2.09414)
108134.709469041
normal
simd_float4x4([[-0.521302, -0.853363, 0.00387129, 0.0)], [0.851626, -0.51994, 0.0663013, 0.0)], [-0.0545662, 0.0378599, 0.997792, 0.0)], [0.0348662, -0.0573598, -0.020464, 1.0)]])
0.0348662, -0.0573598, -0.020464
float3(-0.0378689, -0.0546326, -2.11801)
108134.826118166
normal
simd_float4x4([[-0.541122, -0.840935, 0.00402565, 0.0)], [0.83929, -0.539751, 0.0652751, 0.0)], [-0.0527192, 0.0387005, 0.997859, 0.0)], [0.0361042, -0.0608392, -0.0183125, 1.0)]])
0.0361042, -0.0608392, -0.0183125
float3(-0.0387101, -0.0527833, -2.14142)
108134.942767541
normal
simd_float4x4([[-0.559632, -0.828741, 0.00104715, 0.0)], [0.827046, -0.558405, 0.0646469, 0.0)], [-0.0529908, 0.0370445, 0.997908, 0.0)], [0.0369759, -0.0651438, -0.0154479, 1.0)]])
0.0369759, -0.0651438, -0.0154479
float3(-0.037053, -0.0530521, -2.16372)
108135.05941675
normal
simd_float4x4([[-0.578918, -0.815386, -0.000658589, 0.0)], [0.813764, -0.577817, 0.0625734, 0.0)], [-0.051402, 0.0356889, 0.99804, 0.0)], [0.0389932, -0.069204, -0.0121725, 1.0)]])
0.0389932, -0.069204, -0.0121725
float3(-0.0356965, -0.0514575, -2.1873)
108135.176066083
normal
simd_float4x4([[-0.594469, -0.804114, -0.0027211, 0.0)], [0.802616, -0.593562, 0.0590918, 0.0)], [-0.0491317, 0.0329443, 0.998249, 0.0)], [0.0391151, -0.0698521, -0.0136399, 1.0)]])
0.0391151, -0.0698521, -0.0136399
float3(-0.0329502, -0.0491782, -2.20667)
108135.292715291
normal
simd_float4x4([[-0.608895, -0.793224, -0.00644451, 0.0)], [0.791827, -0.608269, 0.0549367, 0.0)], [-0.0474971, 0.0283477, 0.998469, 0.0)], [0.0403049, -0.0738064, -0.0103038, 1.0)]])
0.0403049, -0.0738064, -0.0103038
float3(-0.0283515, -0.0475341, -2.22498)
108135.409364583
normal
simd_float4x4([[-0.624193, -0.781244, -0.00633602, 0.0)], [0.780024, -0.623636, 0.0513862, 0.0)], [-0.0440965, 0.0271327, 0.998659, 0.0)], [0.0418464, -0.0777024, -0.00767106, 1.0)]])
0.0418464, -0.0777024, -0.00767106
float3(-0.027136, -0.0441271, -2.24448)
108135.526013958
normal
simd_float4x4([[-0.63572, -0.771883, -0.00748251, 0.0)], [0.770781, -0.635279, 0.0481397, 0.0)], [-0.0419118, 0.024836, 0.998813, 0.0)], [0.043465, -0.0809476, -0.00459305, 1.0)]])
0.043465, -0.0809476, -0.00459305
float3(-0.0248386, -0.041937, -2.25942)
108135.642663
normal
simd_float4x4([[-0.633372, -0.773814, -0.00717135, 0.0)], [0.772799, -0.632969, 0.0461623, 0.0)], [-0.0402602, 0.0236959, 0.998908, 0.0)], [0.0444073, -0.0834679, -0.00126328, 1.0)]])
0.0444073, -0.0834679, -0.00126328
float3(-0.0236981, -0.0402824, -2.25641)
108135.759312416
normal
simd_float4x4([[-0.61784, -0.786297, -0.00317023, 0.0)], [0.785328, -0.61727, 0.0473058, 0.0)], [-0.0391533, 0.0267377, 0.998875, 0.0)], [0.0430486, -0.0793546, -0.004241, 1.0)]])
0.0430486, -0.0793546, -0.004241
float3(-0.0267409, -0.0391773, -2.23634)
108135.875961666
normal
simd_float4x4([[-0.578664, -0.81556, 0.00329518, 0.0)], [0.814589, -0.577768, 0.0512755, 0.0)], [-0.0399144, 0.0323555, 0.998679, 0.0)], [0.0419918, -0.0760073, -0.00583578, 1.0)]])
0.0419918, -0.0760073, -0.00583578
float3(-0.0323611, -0.0399459, -2.18716)
108135.992611
normal
simd_float4x4([[-0.521488, -0.853216, 0.00854471, 0.0)], [0.851992, -0.520142, 0.0596792, 0.0)], [-0.0464748, 0.038402, 0.998181, 0.0)], [0.0411002, -0.07063, -0.00539926, 1.0)]])
0.0411002, -0.07063, -0.00539926
float3(-0.0384114, -0.0465259, -2.11826)
108136.109260125
normal
simd_float4x4([[-0.469814, -0.882675, 0.0126324, 0.0)], [0.881085, -0.467989, 0.0683766, 0.0)], [-0.0544425, 0.0432545, 0.99758, 0.0)], [0.0426978, -0.0651867, -0.00516425, 1.0)]])
0.0426978, -0.0651867, -0.00516425
float3(-0.043268, -0.0545205, -2.05831)
108136.225909541
normal
simd_float4x4([[-0.413644, -0.910297, 0.0160814, 0.0)], [0.908557, -0.41159, 0.0715362, 0.0)], [-0.0585002, 0.0442014, 0.997308, 0.0)], [0.0434736, -0.0587532, -0.00525044, 1.0)]])
0.0434736, -0.0587532, -0.00525044
float3(-0.0442158, -0.058591, -1.99544)
108136.342558958
normal
simd_float4x4([[-0.360802, -0.932378, 0.0222053, 0.0)], [0.930376, -0.358164, 0.0782268, 0.0)], [-0.0649839, 0.0488837, 0.996688, 0.0)], [0.0446448, -0.0535346, -0.00519712, 1.0)]])
0.0446448, -0.0535346, -0.00519712
float3(-0.0489031, -0.0651076, -1.93756)
108136.459208166
normal
simd_float4x4([[-0.312216, -0.949468, 0.032115, 0.0)], [0.947652, -0.308882, 0.0809169, 0.0)], [-0.0669082, 0.0556975, 0.996203, 0.0)], [0.0449699, -0.0503315, -0.00542952, 1.0)]])
0.0449699, -0.0503315, -0.00542952
float3(-0.0557263, -0.0670625, -1.88532)
108136.575857416
normal
simd_float4x4([[-0.262441, -0.964144, 0.0393829, 0.0)], [0.962466, -0.258623, 0.082302, 0.0)], [-0.0691657, 0.0595041, 0.995829, 0.0)], [0.044471, -0.0453323, -0.00681634, 1.0)]])
0.044471, -0.0453323, -0.00681634
float3(-0.0595393, -0.069344, -1.83287)
108136.692506625
normal
simd_float4x4([[-0.222217, -0.973979, 0.0445554, 0.0)], [0.972159, -0.217854, 0.0862975, 0.0)], [-0.0743454, 0.0624916, 0.995273, 0.0)], [0.0444049, -0.0414351, -0.00648978, 1.0)]])
0.0444049, -0.0414351, -0.00648978
float3(-0.0625324, -0.07456, -1.79085)
108136.809156166
normal
simd_float4x4([[-0.188933, -0.980509, 0.0539116, 0.0)], [0.978867, -0.183674, 0.0899042, 0.0)], [-0.0782497, 0.0697581, 0.99449, 0.0)], [0.0444545, -0.0378162, -0.00822059, 1.0)]])
0.0444545, -0.0378162, -0.00822059
float3(-0.0698148, -0.0785215, -1.75597)
108136.925805375
normal
simd_float4x4([[-0.157771, -0.985708, 0.0590601, 0.0)], [0.98426, -0.152153, 0.0899021, 0.0)], [-0.0796311, 0.0723144, 0.994198, 0.0)], [0.0436858, -0.0350004, -0.00782181, 1.0)]])
0.0436858, -0.0350004, -0.00782181
float3(-0.0723776, -0.0799252, -1.72395)
108137.042454708
normal
simd_float4x4([[-0.125458, -0.989766, 0.0679889, 0.0)], [0.988827, -0.119189, 0.0895268, 0.0)], [-0.0805071, 0.0784611, 0.993661, 0.0)], [0.0421573, -0.0341108, -0.0113294, 1.0)]])
0.0421573, -0.0341108, -0.0113294
float3(-0.0785418, -0.0808441, -1.69064)
108137.159104041
normal
simd_float4x4([[-0.0897979, -0.993347, 0.072095, 0.0)], [0.992717, -0.0834338, 0.0869009, 0.0)], [-0.0803076, 0.0793734, 0.993605, 0.0)], [0.0400225, -0.033086, -0.0131313, 1.0)]])
0.0400225, -0.033086, -0.0131313
float3(-0.079457, -0.0806492, -1.65459)
108137.275753416
normal
simd_float4x4([[-0.0579839, -0.995415, 0.0760715, 0.0)], [0.99511, -0.0515261, 0.0842696, 0.0)], [-0.0799635, 0.0805857, 0.993535, 0.0)], [0.0376914, -0.0289681, -0.0201962, 1.0)]])
0.0376914, -0.0289681, -0.0201962
float3(-0.0806732, -0.0803107, -1.62251)
108137.392402625
normal
simd_float4x4([[-0.0466616, -0.995985, 0.0763949, 0.0)], [0.995686, -0.040235, 0.083603, 0.0)], [-0.0801936, 0.0799664, 0.993567, 0.0)], [0.0376356, -0.0280766, -0.0209775, 1.0)]])
0.0376356, -0.0280766, -0.0209775
float3(-0.0800519, -0.0805383, -1.61117)
108137.509052083
normal
simd_float4x4([[-0.0419441, -0.996288, 0.0751655, 0.0)], [0.996291, -0.0360498, 0.0781283, 0.0)], [-0.0751286, 0.0781638, 0.994106, 0.0)], [0.0388651, -0.0272091, -0.0211477, 1.0)]])
0.0388651, -0.0272091, -0.0211477
float3(-0.0782436, -0.0754307, -1.60696)
108137.625701416
normal
simd_float4x4([[-0.0339004, -0.996535, 0.0759548, 0.0)], [0.996798, -0.0282065, 0.0748215, 0.0)], [-0.0724198, 0.078248, 0.9943, 0.0)], [0.0397198, -0.0276901, -0.0217619, 1.0)]])
0.0397198, -0.0276901, -0.0217619
float3(-0.0783281, -0.0727065, -1.59909)
108137.742350875
normal
simd_float4x4([[-0.0281244, -0.996663, 0.0766286, 0.0)], [0.997028, -0.0224694, 0.0736854, 0.0)], [-0.0717177, 0.0784732, 0.994333, 0.0)], [0.0405064, -0.0278176, -0.020855, 1.0)]])
0.0405064, -0.0278176, -0.020855
float3(-0.078554, -0.0720017, -1.59334)
108137.859000083
normal
simd_float4x4([[-0.0297909, -0.996729, 0.0751299, 0.0)], [0.997046, -0.0243081, 0.0728645, 0.0)], [-0.0707999, 0.0770786, 0.994508, 0.0)], [0.0428881, -0.0283129, -0.0196509, 1.0)]])
0.0428881, -0.0283129, -0.0196509
float3(-0.0771551, -0.0710709, -1.59518)
108137.975649541
normal
simd_float4x4([[-0.0241752, -0.996724, 0.0771747, 0.0)], [0.997445, -0.0188574, 0.0689058, 0.0)], [-0.0672247, 0.0786433, 0.994634, 0.0)], [0.0440943, -0.0288391, -0.0211165, 1.0)]])
0.0440943, -0.0288391, -0.0211165
float3(-0.0787246, -0.0674848, -1.58971)
108138.092298875
normal
simd_float4x4([[-0.0169772, -0.996957, 0.0760754, 0.0)], [0.997783, -0.0119961, 0.0654608, 0.0)], [-0.064349, 0.0770181, 0.994951, 0.0)], [0.0448295, -0.0281403, -0.0195935, 1.0)]])
0.0448295, -0.0281403, -0.0195935
float3(-0.0770944, -0.0645856, -1.58283)
108138.208948166
normal
simd_float4x4([[-0.0184133, -0.99705, 0.0745136, 0.0)], [0.99775, -0.0135183, 0.065671, 0.0)], [-0.0644699, 0.0755551, 0.995055, 0.0)], [0.0460248, -0.0281443, -0.0179553, 1.0)]])
0.0460248, -0.0281443, -0.0179553
float3(-0.0756272, -0.0646999, -1.58435)
108138.325597625
normal
simd_float4x4([[-0.0223714, -0.997188, 0.0715243, 0.0)], [0.997658, -0.0176423, 0.0660789, 0.0)], [-0.0646313, 0.0728351, 0.995248, 0.0)], [0.0478568, -0.0287063, -0.0164685, 1.0)]])
0.0478568, -0.0287063, -0.0164685
float3(-0.0728997, -0.0648488, -1.58849)
108138.442246958
normal
simd_float4x4([[-0.0200766, -0.997076, 0.0737262, 0.0)], [0.997626, -0.0151205, 0.0671772, 0.0)], [-0.065866, 0.0748999, 0.995013, 0.0)], [0.0480566, -0.0292016, -0.0172804, 1.0)]])
0.0480566, -0.0292016, -0.0172804
float3(-0.0749701, -0.0660997, -1.58596)
108138.558896541
normal
simd_float4x4([[-0.0184175, -0.997087, 0.0740122, 0.0)], [0.996607, -0.0123682, 0.0813751, 0.0)], [-0.0802227, 0.0752598, 0.993932, 0.0)], [0.0156659, -0.0338535, -0.00967831, 1.0)]])
0.0156659, -0.0338535, -0.00967831
float3(-0.075331, -0.0805379, -1.5832)
108138.675545666
normal
simd_float4x4([[-0.0188121, -0.997267, 0.0714456, 0.0)], [0.996595, -0.012966, 0.0814256, 0.0)], [-0.0802767, 0.0727341, 0.994115, 0.0)], [0.0199734, -0.0334068, -0.00932676, 1.0)]])
0.0199734, -0.0334068, -0.00932676
float3(-0.0727984, -0.080577, -1.5838)
108138.792195125
normal
simd_float4x4([[-0.0175988, -0.99714, 0.0735031, 0.0)], [0.99659, -0.0115665, 0.0817019, 0.0)], [-0.080618, 0.0746903, 0.993943, 0.0)], [0.021097, -0.0331468, -0.0112814, 1.0)]])
0.021097, -0.0331468, -0.0112814
float3(-0.0747599, -0.0809322, -1.5824)
108138.908844666
normal
simd_float4x4([[-0.018017, -0.997192, 0.0726894, 0.0)], [0.996543, -0.0120129, 0.0822064, 0.0)], [-0.0811023, 0.0739192, 0.993961, 0.0)], [0.022409, -0.0330856, -0.0108202, 1.0)]])
0.022409, -0.0330856, -0.0108202
float3(-0.0739866, -0.0814147, -1.58284)
108139.025494083
normal
simd_float4x4([[-0.0196354, -0.997212, 0.0719878, 0.0)], [0.996498, -0.0136666, 0.0824885, 0.0)], [-0.0812748, 0.0733554, 0.993989, 0.0)], [0.0233857, -0.0330004, -0.0102969, 1.0)]])
0.0233857, -0.0330004, -0.0102969
float3(-0.0734213, -0.0815848, -1.5845)
108139.142143333
normal
simd_float4x4([[-0.0172385, -0.997276, 0.0717127, 0.0)], [0.996539, -0.0113036, 0.0823559, 0.0)], [-0.081321, 0.0728841, 0.99402, 0.0)], [0.0237789, -0.0326476, -0.0102551, 1.0)]])
0.0237789, -0.0326476, -0.0102551
float3(-0.0729488, -0.0816285, -1.58213)
108139.258792791
normal
simd_float4x4([[-0.00177853, -0.997322, 0.0731115, 0.0)], [0.996509, 0.00433474, 0.0833719, 0.0)], [-0.0834655, 0.0730046, 0.993833, 0.0)], [0.0226477, -0.0327847, -0.011105, 1.0)]])
0.0226477, -0.0327847, -0.011105
float3(-0.0730696, -0.0837869, -1.56645)
108139.375442291
normal
simd_float4x4([[0.0373287, -0.996319, 0.077171, 0.0)], [0.995808, 0.0435397, 0.0804344, 0.0)], [-0.0834984, 0.073845, 0.993768, 0.0)], [0.0217178, -0.0314552, -0.0111538, 1.0)]])
0.0217178, -0.0314552, -0.0111538
float3(-0.0739123, -0.0838251, -1.52712)
108139.492091708
normal
simd_float4x4([[0.0890503, -0.99289, 0.0789931, 0.0)], [0.992643, 0.0949999, 0.0750612, 0.0)], [-0.0820318, 0.0717278, 0.994045, 0.0)], [0.018006, -0.0294147, -0.0111859, 1.0)]])
0.018006, -0.0294147, -0.0111859
float3(-0.0717894, -0.0823367, -1.47541)
108139.608741041
normal
simd_float4x4([[0.140366, -0.986751, 0.0813579, 0.0)], [0.987032, 0.145921, 0.0668895, 0.0)], [-0.0778751, 0.0709139, 0.994438, 0.0)], [0.0141604, -0.0260631, -0.0130455, 1.0)]])
0.0141604, -0.0260631, -0.0130455
float3(-0.0709734, -0.0781512, -1.42398)
108139.725390625
normal
simd_float4x4([[0.188676, -0.978505, 0.0832409, 0.0)], [0.979566, 0.193536, 0.0547173, 0.0)], [-0.0696512, 0.0712161, 0.995026, 0.0)], [0.00921991, -0.0225915, -0.0144173, 1.0)]])
0.00921991, -0.0225915, -0.0144173
float3(-0.0712764, -0.0698854, -1.37553)
108139.84204
normal
simd_float4x4([[0.227371, -0.970209, 0.0836483, 0.0)], [0.971744, 0.23164, 0.045336, 0.0)], [-0.0633617, 0.0709767, 0.995463, 0.0)], [0.0052088, -0.0195874, -0.0158798, 1.0)]])
0.0052088, -0.0195874, -0.0158798
float3(-0.0710364, -0.0635647, -1.33643)
108139.958689416
normal
simd_float4x4([[0.259522, -0.961931, 0.0856542, 0.0)], [0.963898, 0.263477, 0.0384677, 0.0)], [-0.0595712, 0.0725787, 0.995582, 0.0)], [0.00297191, -0.0181616, -0.0167521, 1.0)]])
0.00297191, -0.0181616, -0.0167521
float3(-0.0726426, -0.0597643, -1.30345)
108140.075338958
normal
simd_float4x4([[0.278328, -0.956307, 0.0894959, 0.0)], [0.958556, 0.282465, 0.0372053, 0.0)], [-0.0608592, 0.0754315, 0.995292, 0.0)], [0.00464165, -0.0181303, -0.0189904, 1.0)]])
0.00464165, -0.0181303, -0.0189904
float3(-0.0755032, -0.061071, -1.28359)
108140.191988458
normal
simd_float4x4([[0.295188, -0.950815, 0.0938825, 0.0)], [0.95328, 0.299698, 0.0379279, 0.0)], [-0.0641988, 0.0783005, 0.994861, 0.0)], [0.00646133, -0.0179568, -0.0200836, 1.0)]])
0.00646133, -0.0179568, -0.0200836
float3(-0.0783807, -0.0644411, -1.26545)
108140.30863775
normal
simd_float4x4([[0.316175, -0.943795, 0.0963537, 0.0)], [0.946471, 0.32076, 0.0361293, 0.0)], [-0.0650051, 0.0797728, 0.994691, 0.0)], [0.00706662, -0.0175856, -0.0211194, 1.0)]])
0.00706662, -0.0175856, -0.0211194
float3(-0.0798576, -0.0652593, -1.24318)
108140.42528725
normal
simd_float4x4([[0.338944, -0.93569, 0.0979883, 0.0)], [0.938412, 0.343669, 0.0356979, 0.0)], [-0.0670777, 0.0798538, 0.994547, 0.0)], [0.00736604, -0.0170191, -0.0204745, 1.0)]])
0.00736604, -0.0170191, -0.0204745
float3(-0.0799389, -0.0673434, -1.2188)
108140.541936708
normal
simd_float4x4([[0.366443, -0.925101, 0.0995354, 0.0)], [0.928255, 0.370813, 0.0290013, 0.0)], [-0.0637381, 0.0817669, 0.994611, 0.0)], [0.00681479, -0.0159128, -0.021106, 1.0)]])
0.00681479, -0.0159128, -0.021106
float3(-0.0818582, -0.0639959, -1.18957)
108140.658586333
normal
simd_float4x4([[0.394953, -0.913345, 0.0990648, 0.0)], [0.916587, 0.399058, 0.0249253, 0.0)], [-0.062298, 0.0809572, 0.994769, 0.0)], [0.00731241, -0.0132557, -0.0215909, 1.0)]])
0.00731241, -0.0132557, -0.0215909
float3(-0.0810459, -0.062544, -1.15887)
108140.775235708
normal
simd_float4x4([[0.418152, -0.903475, 0.0942409, 0.0)], [0.906525, 0.42167, 0.0201919, 0.0)], [-0.0579814, 0.0769884, 0.995345, 0.0)], [0.00981378, -0.00994834, -0.0204196, 1.0)]])
0.00981378, -0.00994834, -0.0204196
float3(-0.0770646, -0.0581869, -1.13413)
108140.891885125
normal
