ARKit Data
507556.872882208
limited(__ObjC.ARCamera.TrackingState.Reason.initializing)
simd_float4x4([[0.0127218, -0.999904, -0.00504106, 0.0)], [-0.84606, -0.0134526, 0.532909, 0.0)], [-0.532927, -0.00250966, -0.846154, 0.0)], [0.0, 0.0, 0.0, 1.0)]])
0.0, 0.0, 0.0
float3(0.00250966, -2.57953, -1.58425)
507557.259371916
notAvailable
simd_float4x4([[1.0, 0.0, 0.0, 0.0)], [0.0, 1.0, 0.0, 0.0)], [0.0, 0.0, 1.0, 0.0)], [0.0, 0.0, 0.0, 1.0)]])
0.0, 0.0, 0.0
float3(-0.0, 0.0, 0.0)
507557.376020833
notAvailable
simd_float4x4([[1.0, 0.0, 0.0, 0.0)], [0.0, 1.0, 0.0, 0.0)], [0.0, 0.0, 1.0, 0.0)], [0.0, 0.0, 0.0, 1.0)]])
0.0, 0.0, 0.0
float3(-0.0, 0.0, 0.0)
507557.492669416
limited(__ObjC.ARCamera.TrackingState.Reason.initializing)
simd_float4x4([[-0.0183063, -0.999702, -0.0161491, 0.0)], [0.99983, -0.0183425, 0.00209696, 0.0)], [-0.00239255, -0.0161079, 0.999867, 0.0)], [0.0, 0.0, 0.0, 1.0)]])
0.0, 0.0, 0.0
float3(0.0161086, -0.00239287, -1.58914)
507557.609317833
limited(__ObjC.ARCamera.TrackingState.Reason.initializing)
simd_float4x4([[-0.00808257, -0.999676, 0.0241406, 0.0)], [0.999964, -0.00801452, 0.00291422, 0.0)], [-0.0027198, 0.0241633, 0.999704, 0.0)], [0.0, 0.0, 0.0, 1.0)]])
0.0, 0.0, 0.0
float3(-0.0241656, -0.0027206, -1.57881)
507557.725966625
limited(__ObjC.ARCamera.TrackingState.Reason.initializing)
simd_float4x4([[-0.00992392, -0.999698, 0.0224846, 0.0)], [0.999944, -0.00984118, 0.00378777, 0.0)], [-0.00356536, 0.0225209, 0.99974, 0.0)], [0.0, 0.0, 0.0, 1.0)]])
0.0, 0.0, 0.0
float3(-0.0225228, -0.00356627, -1.58064)
507557.842615333
limited(__ObjC.ARCamera.TrackingState.Reason.initializing)
simd_float4x4([[-0.0136768, -0.999614, 0.0241704, 0.0)], [0.999906, -0.0136929, -0.000498704, 0.0)], [0.000829475, 0.0241613, 0.999708, 0.0)], [0.0, 0.0, 0.0, 1.0)]])
0.0, 0.0, 0.0
float3(-0.0241636, 0.000829717, -1.58449)
507557.959264
limited(__ObjC.ARCamera.TrackingState.Reason.initializing)
simd_float4x4([[-0.0170691, -0.99914, 0.0377768, 0.0)], [0.999844, -0.0172274, -0.00386734, 0.0)], [0.0045148, 0.0377049, 0.999278, 0.0)], [0.0, 0.0, 0.0, 1.0)]])
0.0, 0.0, 0.0
float3(-0.0377138, 0.00451803, -1.58804)
507558.075912666
limited(__ObjC.ARCamera.TrackingState.Reason.initializing)
simd_float4x4([[-0.0185892, -0.997672, 0.0656, 0.0)], [0.999799, -0.0190438, -0.00631024, 0.0)], [0.00754481, 0.0654695, 0.997825, 0.0)], [0.0, 0.0, 0.0, 1.0)]])
0.0, 0.0, 0.0
float3(-0.0655164, 0.00756111, -1.58988)
507558.192561333
limited(__ObjC.ARCamera.TrackingState.Reason.initializing)
simd_float4x4([[-0.0186591, -0.995776, 0.0898944, 0.0)], [0.999669, -0.0201753, -0.0159872, 0.0)], [0.0177334, 0.0895663, 0.995822, 0.0)], [0.0, 0.0, 0.0, 1.0)]])
0.0, 0.0, 0.0
float3(-0.0896865, 0.0178059, -1.59105)
507558.309210083
limited(__ObjC.ARCamera.TrackingState.Reason.initializing)
simd_float4x4([[-0.0175657, -0.99542, 0.0939672, 0.0)], [0.999754, -0.0187629, -0.0118723, 0.0)], [0.013581, 0.0937354, 0.995504, 0.0)], [0.0, 0.0, 0.0, 1.0)]])
0.0, 0.0, 0.0
float3(-0.0938733, 0.0136415, -1.58964)
507558.425858625
limited(__ObjC.ARCamera.TrackingState.Reason.initializing)
simd_float4x4([[-0.0210964, -0.995846, 0.0885786, 0.0)], [0.999675, -0.0222772, -0.0123637, 0.0)], [0.0142856, 0.088289, 0.995992, 0.0)], [0.0, 0.0, 0.0, 1.0)]])
0.0, 0.0, 0.0
float3(-0.0884041, 0.0143421, -1.59316)
507558.5425075
limited(__ObjC.ARCamera.TrackingState.Reason.initializing)
simd_float4x4([[-0.0196596, -0.996892, 0.0762813, 0.0)], [0.999683, -0.0208, -0.0141842, 0.0)], [0.0157267, 0.0759782, 0.996985, 0.0)], [0.0, 0.0, 0.0, 1.0)]])
0.0, 0.0, 0.0
float3(-0.0760515, 0.015773, -1.59166)
507558.659156291
limited(__ObjC.ARCamera.TrackingState.Reason.initializing)
simd_float4x4([[-0.018061, -0.997489, 0.0684738, 0.0)], [0.999347, -0.0201538, -0.029998, 0.0)], [0.0313027, 0.0678873, 0.997201, 0.0)], [0.0, 0.0, 0.0, 1.0)]])
0.0, 0.0, 0.0
float3(-0.0679395, 0.0313803, -1.591)
507558.775804958
limited(__ObjC.ARCamera.TrackingState.Reason.initializing)
simd_float4x4([[-0.0203935, -0.997704, 0.0645647, 0.0)], [0.997869, -0.0243149, -0.0605446, 0.0)], [0.0619755, 0.0631924, 0.996075, 0.0)], [0.0, 0.0, 0.0, 1.0)]])
0.0, 0.0, 0.0
float3(-0.0632345, 0.0621397, -1.59516)
507558.89245375
limited(__ObjC.ARCamera.TrackingState.Reason.initializing)
simd_float4x4([[-0.0181404, -0.997773, 0.0641676, 0.0)], [0.995481, -0.0240072, -0.0918753, 0.0)], [0.0932112, 0.0622109, 0.9937, 0.0)], [0.0, 0.0, 0.0, 1.0)]])
0.0, 0.0, 0.0
float3(-0.0622511, 0.0935286, -1.59485)
507559.009102625
limited(__ObjC.ARCamera.TrackingState.Reason.initializing)
simd_float4x4([[-0.0122044, -0.997902, 0.0635588, 0.0)], [0.991667, -0.0202316, -0.127231, 0.0)], [0.12825, 0.0614764, 0.989833, 0.0)], [0.0, 0.0, 0.0, 1.0)]])
0.0, 0.0, 0.0
float3(-0.0615152, 0.12885, -1.59107)
507559.125751333
limited(__ObjC.ARCamera.TrackingState.Reason.initializing)
simd_float4x4([[-0.00825017, -0.998087, 0.0612591, 0.0)], [0.987083, -0.0179303, -0.159203, 0.0)], [0.159997, 0.0591543, 0.985342, 0.0)], [0.0, 0.0, 0.0, 1.0)]])
0.0, 0.0, 0.0
float3(-0.0591889, 0.160972, -1.58876)
507559.242400166
limited(__ObjC.ARCamera.TrackingState.Reason.initializing)
simd_float4x4([[-0.00149192, -0.998175, 0.0603538, 0.0)], [0.981152, -0.0131234, -0.192794, 0.0)], [0.193234, 0.0589286, 0.979381, 0.0)], [0.0, 0.0, 0.0, 1.0)]])
0.0, 0.0, 0.0
float3(-0.0589628, 0.194801, -1.58394)
507559.359048833
limited(__ObjC.ARCamera.TrackingState.Reason.initializing)
simd_float4x4([[0.00323943, -0.998119, 0.0611958, 0.0)], [0.973574, -0.0108261, -0.228117, 0.0)], [0.228351, 0.0603176, 0.971707, 0.0)], [0.0, 0.0, 0.0, 1.0)]])
0.0, 0.0, 0.0
float3(-0.0603542, 0.230811, -1.58164)
507559.475697833
limited(__ObjC.ARCamera.TrackingState.Reason.initializing)
simd_float4x4([[0.00575789, -0.997995, 0.0630088, 0.0)], [0.965135, -0.0109426, -0.261522, 0.0)], [0.261688, 0.0623179, 0.963137, 0.0)], [0.0, 0.0, 0.0, 1.0)]])
0.0, 0.0, 0.0
float3(-0.0623583, 0.265299, -1.58176)
507559.592346625
limited(__ObjC.ARCamera.TrackingState.Reason.initializing)
simd_float4x4([[0.0101784, -0.997847, 0.0647708, 0.0)], [0.957556, -0.00893351, -0.288109, 0.0)], [0.288067, 0.0649542, 0.955404, 0.0)], [0.0, 0.0, 0.0, 1.0)]])
0.0, 0.0, 0.0
float3(-0.065, 0.292845, -1.57975)
507559.708995375
limited(__ObjC.ARCamera.TrackingState.Reason.initializing)
simd_float4x4([[0.0145283, -0.997673, 0.0666037, 0.0)], [0.951729, -0.00662677, -0.306868, 0.0)], [0.306596, 0.0678469, 0.949418, 0.0)], [0.0, 0.0, 0.0, 1.0)]])
0.0, 0.0, 0.0
float3(-0.0678991, 0.312359, -1.57744)
507559.825644333
limited(__ObjC.ARCamera.TrackingState.Reason.initializing)
simd_float4x4([[0.0176975, -0.997516, 0.0681669, 0.0)], [0.948552, -0.00480525, -0.316585, 0.0)], [0.316127, 0.0702627, 0.94611, 0.0)], [0.0, 0.0, 0.0, 1.0)]])
0.0, 0.0, 0.0
float3(-0.0703206, 0.32247, -1.57561)
507559.942293125
limited(__ObjC.ARCamera.TrackingState.Reason.initializing)
simd_float4x4([[0.0171313, -0.997498, 0.0685639, 0.0)], [0.949198, -0.0053246, -0.314636, 0.0)], [0.314214, 0.0704708, 0.946732, 0.0)], [0.0, 0.0, 0.0, 1.0)]])
0.0, 0.0, 0.0
float3(-0.0705293, 0.320454, -1.57613)
507560.058942166
limited(__ObjC.ARCamera.TrackingState.Reason.initializing)
simd_float4x4([[0.0157066, -0.997419, 0.0700537, 0.0)], [0.95538, -0.00569734, -0.295326, 0.0)], [0.294963, 0.0715665, 0.952824, 0.0)], [0.0, 0.0, 0.0, 1.0)]])
0.0, 0.0, 0.0
float3(-0.0716277, 0.30021, -1.57651)
507560.175590916
limited(__ObjC.ARCamera.TrackingState.Reason.initializing)
simd_float4x4([[0.0151823, -0.997307, 0.0717471, 0.0)], [0.965363, -0.0040718, -0.26088, 0.0)], [0.26047, 0.0732227, 0.962701, 0.0)], [0.0, 0.0, 0.0, 1.0)]])
0.0, 0.0, 0.0
float3(-0.0732883, 0.264235, -1.57488)
507560.292239791
limited(__ObjC.ARCamera.TrackingState.Reason.initializing)
simd_float4x4([[0.0137815, -0.997224, 0.0731634, 0.0)], [0.975616, -0.00261876, -0.219469, 0.0)], [0.219051, 0.074404, 0.972872, 0.0)], [0.0, 0.0, 0.0, 1.0)]])
0.0, 0.0, 0.0
float3(-0.0744729, 0.221466, -1.57342)
507560.408888833
limited(__ObjC.ARCamera.TrackingState.Reason.initializing)
simd_float4x4([[0.0103098, -0.997172, 0.074433, 0.0)], [0.985448, -0.00249779, -0.169959, 0.0)], [0.169665, 0.0751021, 0.982636, 0.0)], [0.0, 0.0, 0.0, 1.0)]])
0.0, 0.0, 0.0
float3(-0.0751729, 0.170977, -1.5733)
507560.52553775
limited(__ObjC.ARCamera.TrackingState.Reason.initializing)
simd_float4x4([[0.00746993, -0.996981, 0.0772739, 0.0)], [0.992445, -0.00207208, -0.122674, 0.0)], [0.122464, 0.0776065, 0.989433, 0.0)], [0.0, 0.0, 0.0, 1.0)]])
0.0, 0.0, 0.0
float3(-0.0776846, 0.123145, -1.57287)
507560.642186625
limited(__ObjC.ARCamera.TrackingState.Reason.initializing)
simd_float4x4([[0.00467392, -0.996985, 0.077443, 0.0)], [0.996867, -0.00146968, -0.0790849, 0.0)], [0.0789603, 0.07757, 0.993855, 0.0)], [0.0, 0.0, 0.0, 1.0)]])
0.0, 0.0, 0.0
float3(-0.077648, 0.0792821, -1.57227)
507560.758835583
limited(__ObjC.ARCamera.TrackingState.Reason.initializing)
simd_float4x4([[0.00209483, -0.997107, 0.0759743, 0.0)], [0.99907, -0.00118603, -0.0431135, 0.0)], [0.0430789, 0.0759939, 0.996176, 0.0)], [0.0, 0.0, 0.0, 1.0)]])
0.0, 0.0, 0.0
float3(-0.0760672, 0.0432173, -1.57199)
507560.875484541
limited(__ObjC.ARCamera.TrackingState.Reason.initializing)
simd_float4x4([[-0.00275224, -0.996956, 0.0778941, 0.0)], [0.999936, -0.00359562, -0.0106893, 0.0)], [0.0109369, 0.0778597, 0.996903, 0.0)], [0.0, 0.0, 0.0, 1.0)]])
0.0, 0.0, 0.0
float3(-0.0779386, 0.0109704, -1.5744)
507560.992133416
limited(__ObjC.ARCamera.TrackingState.Reason.initializing)
simd_float4x4([[-0.00668036, -0.996905, 0.07831, 0.0)], [0.999769, -0.00506007, 0.0208713, 0.0)], [-0.0204105, 0.0784314, 0.996709, 0.0)], [0.0, 0.0, 0.0, 1.0)]])
0.0, 0.0, 0.0
float3(-0.078512, -0.020475, -1.57587)
507561.108782416
limited(__ObjC.ARCamera.TrackingState.Reason.initializing)
simd_float4x4([[-0.0109882, -0.997035, 0.0761355, 0.0)], [0.998537, -0.00690926, 0.0536337, 0.0)], [-0.0529487, 0.0766134, 0.995652, 0.0)], [0.0, 0.0, 0.0, 1.0)]])
0.0, 0.0, 0.0
float3(-0.0766886, -0.0531299, -1.57773)
507561.2254315
normal
simd_float4x4([[-0.0117199, -0.997695, 0.0668453, 0.0)], [0.996333, -0.00598513, 0.085355, 0.0)], [-0.0847582, 0.0676005, 0.994106, 0.0)], [0.00172909, 5.74638e-05, 0.000734888, 1.0)]])
0.00172909, 5.74638e-05, 0.000734888
float3(-0.0676521, -0.085055, -1.5768)
507561.342080541
normal
simd_float4x4([[-0.0150415, -0.99796, 0.0620419, 0.0)], [0.993046, -0.00766406, 0.117477, 0.0)], [-0.116762, 0.0633775, 0.991136, 0.0)], [0.0070141, -0.000274991, 0.00401427, 1.0)]])
0.0070141, -0.000274991, 0.00401427
float3(-0.06342, -0.117266, -1.57848)
507561.458729333
normal
simd_float4x4([[-0.0181418, -0.998185, 0.0574231, 0.0)], [0.989202, -0.00956557, 0.146243, 0.0)], [-0.145428, 0.0594562, 0.987581, 0.0)], [0.0113145, -0.000548328, 0.00704045, 1.0)]])
0.0113145, -0.000548328, 0.00704045
float3(-0.0594913, -0.146207, -1.58038)
507561.575378458
normal
simd_float4x4([[-0.0183959, -0.998429, 0.0529192, 0.0)], [0.984818, -0.0089568, 0.173356, 0.0)], [-0.17261, 0.0553049, 0.983436, 0.0)], [0.0138687, -0.00108749, 0.0108524, 1.0)]])
0.0138687, -0.00108749, 0.0108524
float3(-0.0553331, -0.173747, -1.57977)
507561.692027541
normal
simd_float4x4([[-0.0192517, -0.998573, 0.0498202, 0.0)], [0.980792, -0.00918814, 0.194839, 0.0)], [-0.194103, 0.0526142, 0.979569, 0.0)], [0.0190618, -0.0027139, 0.0145162, 1.0)]])
0.0190618, -0.0027139, 0.0145162
float3(-0.0526385, -0.195618, -1.58)
507561.808676291
normal
simd_float4x4([[-0.022784, -0.998568, 0.0484123, 0.0)], [0.977872, -0.0121865, 0.208847, 0.0)], [-0.207958, 0.0520994, 0.976749, 0.0)], [0.0222313, -0.00386293, 0.0166542, 1.0)]])
0.0222313, -0.00386293, 0.0166542
float3(-0.052123, -0.209776, -1.583)
507561.9253255
normal
simd_float4x4([[-0.0253017, -0.998623, 0.045949, 0.0)], [0.976628, -0.0148783, 0.214422, 0.0)], [-0.213444, 0.0503003, 0.97566, 0.0)], [0.02354, -0.00479692, 0.0182178, 1.0)]])
0.02354, -0.00479692, 0.0182178
float3(-0.0503216, -0.215375, -1.58569)
507562.041974666
normal
simd_float4x4([[-0.0235969, -0.998607, 0.0471898, 0.0)], [0.977957, -0.0132617, 0.208383, 0.0)], [-0.207467, 0.0510668, 0.976908, 0.0)], [0.0215634, -0.0056646, 0.0178288, 1.0)]])
0.0215634, -0.0056646, 0.0178288
float3(-0.051089, -0.209262, -1.58408)
507562.15862375
normal
simd_float4x4([[-0.0234369, -0.998586, 0.0477192, 0.0)], [0.982068, -0.0140652, 0.188002, 0.0)], [-0.187065, 0.0512697, 0.981009, 0.0)], [0.0172663, -0.00654833, 0.0170982, 1.0)]])
0.0172663, -0.00654833, 0.0170982
float3(-0.0512921, -0.188424, -1.58488)
507562.275272708
normal
simd_float4x4([[-0.023046, -0.998483, 0.050004, 0.0)], [0.986987, -0.0147619, 0.160121, 0.0)], [-0.159139, 0.0530435, 0.98583, 0.0)], [0.0116602, -0.00710803, 0.0157398, 1.0)]])
0.0116602, -0.00710803, 0.0157398
float3(-0.0530684, -0.160046, -1.58558)
507562.391921875
normal
simd_float4x4([[-0.0231311, -0.998386, 0.0518687, 0.0)], [0.991535, -0.01628, 0.128817, 0.0)], [-0.127765, 0.0544093, 0.990311, 0.0)], [0.00625764, -0.00752053, 0.015209, 1.0)]])
0.00625764, -0.00752053, 0.015209
float3(-0.0544362, -0.128306, -1.5871)
507562.508570958
normal
simd_float4x4([[-0.0240824, -0.998273, 0.0535809, 0.0)], [0.994861, -0.0186586, 0.0995175, 0.0)], [-0.0983458, 0.0557022, 0.993592, 0.0)], [0.00148816, -0.00778689, 0.0156836, 1.0)]])
0.00148816, -0.00778689, 0.0156836
float3(-0.055731, -0.0986588, -1.58949)
507562.625220083
normal
simd_float4x4([[-0.0246692, -0.998201, 0.0546471, 0.0)], [0.997011, -0.0205629, 0.0744699, 0.0)], [-0.0732123, 0.0563209, 0.995725, 0.0)], [0.00121661, -0.00766503, 0.0170781, 1.0)]])
0.00121661, -0.00766503, 0.0170781
float3(-0.0563507, -0.0733945, -1.59139)
507562.741869166
normal
simd_float4x4([[-0.0265789, -0.998213, 0.053515, 0.0)], [0.998142, -0.0235651, 0.0561808, 0.0)], [-0.0548194, 0.0549089, 0.996985, 0.0)], [0.00532318, -0.00723168, 0.0198592, 1.0)]])
0.00532318, -0.00723168, 0.0198592
float3(-0.0549365, -0.0549298, -1.5944)
507562.858518291
normal
simd_float4x4([[-0.02481, -0.998308, 0.0525849, 0.0)], [0.998851, -0.022597, 0.0422703, 0.0)], [-0.0410106, 0.0535732, 0.997721, 0.0)], [0.01046, -0.00677837, 0.0219411, 1.0)]])
0.01046, -0.00677837, 0.0219411
float3(-0.0535989, -0.0410811, -1.59343)
507562.9751675
normal
simd_float4x4([[-0.0209655, -0.99802, 0.0593014, 0.0)], [0.999426, -0.0193418, 0.027822, 0.0)], [-0.0266199, 0.0598506, 0.997852, 0.0)], [0.0138634, -0.00764757, 0.020852, 1.0)]])
0.0138634, -0.00764757, 0.020852
float3(-0.0598864, -0.0266709, -1.59017)
507563.0918165
normal
simd_float4x4([[-0.0189684, -0.998167, 0.0574618, 0.0)], [0.999765, -0.0183325, 0.0115745, 0.0)], [-0.0104998, 0.0576679, 0.998281, 0.0)], [0.0175046, -0.00811999, 0.0212045, 1.0)]])
0.0175046, -0.00811999, 0.0212045
float3(-0.0576999, -0.0105175, -1.58916)
507563.208465666
normal
simd_float4x4([[-0.013658, -0.99848, 0.0533861, 0.0)], [0.999875, -0.0140618, -0.00719562, 0.0)], [0.00793538, 0.0532812, 0.998548, 0.0)], [0.0201281, -0.00805055, 0.0233303, 1.0)]])
0.0201281, -0.00805055, 0.0233303
float3(-0.0533064, 0.00794676, -1.58488)
507563.325114875
normal
simd_float4x4([[-0.011329, -0.998615, 0.0513815, 0.0)], [0.999613, -0.0126168, -0.0248089, 0.0)], [0.0254228, 0.0510805, 0.998371, 0.0)], [0.0250276, -0.00754906, 0.0256955, 1.0)]])
0.0250276, -0.00754906, 0.0256955
float3(-0.0511028, 0.0254588, -1.58343)
507563.441764083
normal
simd_float4x4([[-0.00553329, -0.998659, 0.0514718, 0.0)], [0.998954, -0.00785681, -0.0450494, 0.0)], [0.0453934, 0.0511686, 0.997658, 0.0)], [0.0300982, -0.00771295, 0.028748, 1.0)]])
0.0300982, -0.00771295, 0.028748
float3(-0.051191, 0.0454686, -1.57866)
507563.558413083
normal
simd_float4x4([[0.00429818, -0.998777, 0.049253, 0.0)], [0.997585, 0.000868341, -0.069448, 0.0)], [0.0693203, 0.0494326, 0.996369, 0.0)], [0.0364817, -0.00921326, 0.0352129, 1.0)]])
0.0364817, -0.00921326, 0.0352129
float3(-0.0494527, 0.069461, -1.56993)
507563.67506225
normal
simd_float4x4([[0.0114052, -0.998883, 0.0458576, 0.0)], [0.996196, 0.00738868, -0.0868214, 0.0)], [0.0863856, 0.0466734, 0.995168, 0.0)], [0.0427044, -0.0102677, 0.045613, 1.0)]])
0.0427044, -0.0102677, 0.045613
float3(-0.0466904, 0.086588, -1.5634)
507563.791711541
normal
simd_float4x4([[0.0148843, -0.99861, 0.0505597, 0.0)], [0.995742, 0.0102028, -0.0916205, 0.0)], [0.0909773, 0.0517081, 0.99451, 0.0)], [0.0484253, -0.0115715, 0.0573896, 1.0)]])
0.0484253, -0.0115715, 0.0573896
float3(-0.0517312, 0.0912256, -1.56058)
507563.908360875
normal
simd_float4x4([[0.00861303, -0.998684, 0.0505526, 0.0)], [0.995694, 0.00389908, -0.0926161, 0.0)], [0.0922972, 0.0511327, 0.994418, 0.0)], [0.0536556, -0.0139261, 0.0791729, 1.0)]])
0.0536556, -0.0139261, 0.0791729
float3(-0.051155, 0.0925501, -1.56689)
507564.025009958
normal
simd_float4x4([[0.00923928, -0.998659, 0.0509306, 0.0)], [0.995774, 0.00453485, -0.0917222, 0.0)], [0.0913683, 0.0515628, 0.994481, 0.0)], [0.0527474, -0.0140967, 0.101766, 1.0)]])
0.0527474, -0.0140967, 0.101766
float3(-0.0515857, 0.0916181, -1.56626)
507564.141659125
normal
simd_float4x4([[0.0019902, -0.998535, 0.0540688, 0.0)], [0.996549, -0.00250601, -0.0829623, 0.0)], [0.0829763, 0.0540474, 0.995085, 0.0)], [0.0477834, -0.0142288, 0.127656, 1.0)]])
0.0477834, -0.0142288, 0.127656
float3(-0.0540737, 0.0831937, -1.57331)
507564.2583085
normal
simd_float4x4([[-0.00450909, -0.997286, 0.0734922, 0.0)], [0.996641, -0.0104912, -0.0812168, 0.0)], [0.0817673, 0.0728792, 0.993983, 0.0)], [0.0409852, -0.0154474, 0.149633, 1.0)]])
0.0409852, -0.0154474, 0.149633
float3(-0.0729439, 0.0820775, -1.58132)
507564.374957541
normal
simd_float4x4([[-0.00476016, -0.996662, 0.0815038, 0.0)], [0.996888, -0.0111431, -0.0780395, 0.0)], [0.0786872, 0.0808787, 0.993613, 0.0)], [0.0321314, -0.0158511, 0.177165, 1.0)]])
0.0321314, -0.0158511, 0.177165
float3(-0.0809671, 0.079028, -1.58198)
507564.491606958
normal
simd_float4x4([[-0.0166794, -0.997037, 0.0750934, 0.0)], [0.99797, -0.0212178, -0.0600497, 0.0)], [0.0614651, 0.0739394, 0.995367, 0.0)], [0.0305964, -0.0155651, 0.208681, 1.0)]])
0.0305964, -0.0155651, 0.208681
float3(-0.0740069, 0.0616729, -1.59207)
507564.608256208
normal
simd_float4x4([[-0.00626999, -0.997295, 0.0732347, 0.0)], [0.998523, -0.0101968, -0.0533688, 0.0)], [0.0539712, 0.0727919, 0.995886, 0.0)], [0.028994, -0.0144473, 0.236522, 1.0)]])
0.028994, -0.0144473, 0.236522
float3(-0.0728564, 0.0541412, -1.58102)
507564.7249055
normal
simd_float4x4([[0.00178819, -0.99731, 0.0732751, 0.0)], [0.998798, -0.00180813, -0.048984, 0.0)], [0.0489847, 0.0732747, 0.996108, 0.0)], [0.0311947, -0.0144389, 0.261483, 1.0)]])
0.0311947, -0.0144389, 0.261483
float3(-0.0733404, 0.0491365, -1.57261)
507564.841554583
normal
simd_float4x4([[0.00431373, -0.997755, 0.0668234, 0.0)], [0.999122, 0.00151602, -0.0418615, 0.0)], [0.0416662, 0.0669453, 0.996886, 0.0)], [0.0397757, -0.0140217, 0.287613, 1.0)]])
0.0397757, -0.0140217, 0.287613
float3(-0.0669954, 0.041772, -1.56928)
507564.958203958
normal
simd_float4x4([[0.0171927, -0.998029, 0.0603611, 0.0)], [0.999197, 0.014965, -0.0371651, 0.0)], [0.0361885, 0.0609516, 0.997484, 0.0)], [0.0488691, -0.0131469, 0.312828, 1.0)]])
0.0488691, -0.0131469, 0.312828
float3(-0.0609894, 0.0362638, -1.5558)
507565.074853208
normal
simd_float4x4([[0.0243982, -0.998143, 0.0558171, 0.0)], [0.999108, 0.0224208, -0.0357841, 0.0)], [0.0344662, 0.0566404, 0.9978, 0.0)], [0.0608907, -0.0121309, 0.334303, 1.0)]])
0.0608907, -0.0121309, 0.334303
float3(-0.0566707, 0.0345285, -1.54834)
507565.191502666
normal
simd_float4x4([[0.0286589, -0.99777, 0.0602852, 0.0)], [0.998619, 0.0259229, -0.0456879, 0.0)], [0.0440232, 0.0615113, 0.997135, 0.0)], [0.0772584, -0.0134517, 0.357209, 1.0)]])
0.0772584, -0.0134517, 0.357209
float3(-0.0615502, 0.044121, -1.54482)
507565.30815175
normal
simd_float4x4([[0.0398613, -0.996803, 0.069238, 0.0)], [0.997659, 0.0358502, -0.0582393, 0.0)], [0.0555709, 0.0713974, 0.995899, 0.0)], [0.0929017, -0.0133831, 0.380637, 1.0)]])
0.0929017, -0.0133831, 0.380637
float3(-0.0714582, 0.055742, -1.53485)
507565.424801083
normal
simd_float4x4([[0.0469273, -0.996446, 0.0699445, 0.0)], [0.996466, 0.0418151, -0.0728424, 0.0)], [0.0696588, 0.0731157, 0.994888, 0.0)], [0.110252, -0.0132466, 0.41307, 1.0)]])
0.110252, -0.0132466, 0.41307
float3(-0.073181, 0.0699026, -1.52886)
507565.541450625
normal
simd_float4x4([[0.0615653, -0.995339, 0.0742331, 0.0)], [0.994347, 0.054718, -0.0909886, 0.0)], [0.0865026, 0.0794152, 0.993081, 0.0)], [0.124369, -0.0140578, 0.446963, 1.0)]])
0.124369, -0.0140578, 0.446963
float3(-0.079499, 0.086886, -1.51588)
507565.65809975
normal
simd_float4x4([[0.0579182, -0.99572, 0.0720174, 0.0)], [0.993143, 0.0501298, -0.105611, 0.0)], [0.101548, 0.0776403, 0.991796, 0.0)], [0.136249, -0.0147403, 0.479713, 1.0)]])
0.136249, -0.0147403, 0.479713
float3(-0.0777186, 0.102033, -1.52049)
507565.774749166
normal
simd_float4x4([[0.0448256, -0.997219, 0.0595462, 0.0)], [0.992167, 0.0374832, -0.119161, 0.0)], [0.116598, 0.0644213, 0.991088, 0.0)], [0.143904, -0.0131501, 0.510031, 1.0)]])
0.143904, -0.0131501, 0.510031
float3(-0.0644659, 0.117108, -1.53323)
507565.891398458
normal
simd_float4x4([[0.0318623, -0.997646, 0.0607296, 0.0)], [0.991406, 0.0238326, -0.128634, 0.0)], [0.126884, 0.0643063, 0.989831, 0.0)], [0.145665, -0.0133819, 0.529529, 1.0)]])
0.145665, -0.0133819, 0.529529
float3(-0.0643507, 0.127492, -1.54691)
507566.008047875
normal
simd_float4x4([[0.0281233, -0.99769, 0.0618378, 0.0)], [0.991859, 0.0201657, -0.125736, 0.0)], [0.124198, 0.0648705, 0.990135, 0.0)], [0.143104, -0.0117935, 0.548578, 1.0)]])
0.143104, -0.0117935, 0.548578
float3(-0.0649161, 0.124784, -1.55059)
507566.124697166
normal
simd_float4x4([[0.0265525, -0.997682, 0.0626539, 0.0)], [0.992788, 0.018989, -0.118365, 0.0)], [0.116901, 0.065345, 0.990991, 0.0)], [0.136932, -0.0116067, 0.570254, 1.0)]])
0.136932, -0.0116067, 0.570254
float3(-0.0653916, 0.117421, -1.55177)
507566.241346458
normal
simd_float4x4([[0.0175968, -0.99732, 0.071016, 0.0)], [0.994359, 0.010026, -0.105588, 0.0)], [0.104593, 0.0724734, 0.991871, 0.0)], [0.132812, -0.0137385, 0.58805, 1.0)]])
0.132812, -0.0137385, 0.58805
float3(-0.072537, 0.105062, -1.56074)
507566.357996
normal
simd_float4x4([[0.0204951, -0.995459, 0.0929553, 0.0)], [0.99534, 0.0115536, -0.0957289, 0.0)], [0.0942203, 0.0944842, 0.991058, 0.0)], [0.126352, -0.0164958, 0.602371, 1.0)]])
0.126352, -0.0164958, 0.602371
float3(-0.0946253, 0.0947855, -1.55919)
507566.474645166
normal
simd_float4x4([[0.0164447, -0.994459, 0.103829, 0.0)], [0.996025, 0.00720116, -0.0887815, 0.0)], [0.0875419, 0.104876, 0.990625, 0.0)], [0.125968, -0.0199556, 0.623863, 1.0)]])
0.125968, -0.0199556, 0.623863
float3(-0.105069, 0.0881414, -1.56356)
507566.591294583
normal
simd_float4x4([[0.0127466, -0.993997, 0.108659, 0.0)], [0.995357, 0.00224578, -0.0962195, 0.0)], [0.0953979, 0.109381, 0.989411, 0.0)], [0.133499, -0.02057, 0.643585, 1.0)]])
0.133499, -0.02057, 0.643585
float3(-0.1096, 0.0961217, -1.56854)
507566.707943958
normal
simd_float4x4([[0.0100908, -0.994933, 0.100031, 0.0)], [0.995863, 0.000964932, -0.0908618, 0.0)], [0.0903049, 0.100534, 0.990827, 0.0)], [0.143884, -0.0178847, 0.671021, 1.0)]])
0.143884, -0.0178847, 0.671021
float3(-0.100704, 0.0908898, -1.56983)
507566.824593375
normal
simd_float4x4([[-0.0018471, -0.996507, 0.0834887, 0.0)], [0.993631, -0.0112355, -0.112122, 0.0)], [0.112668, 0.0827498, 0.990181, 0.0)], [0.160649, -0.0153172, 0.698637, 1.0)]])
0.160649, -0.0153172, 0.698637
float3(-0.0828445, 0.113298, -1.58207)
507566.941242708
normal
simd_float4x4([[-0.0123355, -0.996848, 0.0783655, 0.0)], [0.9897, -0.0233503, -0.14124, 0.0)], [0.142624, 0.0758161, 0.986869, 0.0)], [0.179222, -0.0154351, 0.721908, 1.0)]])
0.179222, -0.0154351, 0.721908
float3(-0.0758889, 0.143528, -1.59422)
507567.057892083
normal
simd_float4x4([[-0.000614596, -0.996047, 0.0888282, 0.0)], [0.986382, -0.0152132, -0.163764, 0.0)], [0.164468, 0.0875179, 0.982492, 0.0)], [0.199367, -0.0129873, 0.744187, 1.0)]])
0.199367, -0.0129873, 0.744187
float3(-0.08763, 0.165861, -1.58607)
507567.174541666
normal
simd_float4x4([[0.0194845, -0.994725, 0.100714, 0.0)], [0.985574, 0.00217075, -0.169232, 0.0)], [0.168121, 0.102559, 0.980417, 0.0)], [0.217578, -0.00710515, 0.771195, 1.0)]])
0.217578, -0.00710515, 0.771195
float3(-0.102739, 0.169827, -1.56861)
507567.291191166
normal
simd_float4x4([[0.0394841, -0.994828, 0.0935862, 0.0)], [0.98316, 0.021954, -0.181424, 0.0)], [0.178431, 0.0991735, 0.978942, 0.0)], [0.235458, -0.00286271, 0.802314, 1.0)]])
0.235458, -0.00286271, 0.802314
float3(-0.0993368, 0.18029, -1.54873)
507567.407840375
normal
simd_float4x4([[0.0417082, -0.993713, 0.103895, 0.0)], [0.984113, 0.0228976, -0.176062, 0.0)], [0.172576, 0.109587, 0.978881, 0.0)], [0.252743, -0.00253852, 0.82965, 1.0)]])
0.252743, -0.00253852, 0.82965
float3(-0.109808, 0.174506, -1.54776)
507567.524489791
normal
simd_float4x4([[0.0376119, -0.993252, 0.109706, 0.0)], [0.985229, 0.018505, -0.170238, 0.0)], [0.167059, 0.114489, 0.979277, 0.0)], [0.263314, -0.00326183, 0.856993, 1.0)]])
0.263314, -0.00326183, 0.856993
float3(-0.11474, 0.168968, -1.55217)
507567.641139375
normal
simd_float4x4([[0.0209038, -0.994725, 0.100422, 0.0)], [0.988398, 0.00544738, -0.151786, 0.0)], [0.150438, 0.10243, 0.983299, 0.0)], [0.269552, -0.00446266, 0.890707, 1.0)]])
0.269552, -0.00446266, 0.890707
float3(-0.10261, 0.151816, -1.56532)
507567.757788583
normal
simd_float4x4([[0.0198163, -0.995159, 0.0962558, 0.0)], [0.991739, 0.00736191, -0.128058, 0.0)], [0.12673, 0.0979983, 0.987084, 0.0)], [0.265895, -0.00477589, 0.927443, 1.0)]])
0.265895, -0.00477589, 0.927443
float3(-0.0981558, 0.127689, -1.5634)
507567.874438083
normal
simd_float4x4([[0.0165496, -0.994636, 0.102103, 0.0)], [0.993911, 0.00523958, -0.110059, 0.0)], [0.108934, 0.103303, 0.988667, 0.0)], [0.255363, -0.00615799, 0.967003, 1.0)]])
0.255363, -0.00615799, 0.967003
float3(-0.103487, 0.10974, -1.56553)
507567.991087666
normal
simd_float4x4([[0.0159361, -0.99365, 0.111382, 0.0)], [0.99495, 0.00471858, -0.100259, 0.0)], [0.0990972, 0.112417, 0.988707, 0.0)], [0.243376, -0.0104083, 1.01139, 1.0)]])
0.243376, -0.0104083, 1.01139
float3(-0.112655, 0.0998955, -1.56605)
507568.107737125
normal
simd_float4x4([[0.0181125, -0.99129, 0.130443, 0.0)], [0.995811, 0.00619121, -0.0912223, 0.0)], [0.0896201, 0.131549, 0.98725, 0.0)], [0.23089, -0.0147989, 1.05744, 1.0)]])
0.23089, -0.0147989, 1.05744
float3(-0.131931, 0.0905294, -1.56455)
507568.224386375
normal
simd_float4x4([[0.0153142, -0.989346, 0.144778, 0.0)], [0.996943, 0.0040131, -0.0780298, 0.0)], [0.0766174, 0.14553, 0.986383, 0.0)], [0.221155, -0.0157311, 1.10013, 1.0)]])
0.221155, -0.0157311, 1.10013
float3(-0.146049, 0.0775195, -1.56674)
507568.341035875
normal
simd_float4x4([[0.0210669, -0.990401, 0.13661, 0.0)], [0.997595, 0.0117991, -0.0682995, 0.0)], [0.066032, 0.13772, 0.988268, 0.0)], [0.216576, -0.012104, 1.143, 1.0)]])
0.216576, -0.012104, 1.143
float3(-0.138159, 0.0667167, -1.55888)
507568.4576855
normal
simd_float4x4([[0.0315456, -0.992202, 0.120578, 0.0)], [0.997603, 0.0238219, -0.0649692, 0.0)], [0.0615902, 0.122339, 0.990575, 0.0)], [0.215919, -0.00551805, 1.18296, 1.0)]])
0.215919, -0.00551805, 1.18296
float3(-0.122646, 0.0620962, -1.54679)
507568.574335
normal
simd_float4x4([[0.0357819, -0.993792, 0.105338, 0.0)], [0.997589, 0.0292478, -0.0629341, 0.0)], [0.0594625, 0.107336, 0.992443, 0.0)], [0.219691, -0.00224446, 1.22095, 1.0)]])
0.219691, -0.00224446, 1.22095
float3(-0.107544, 0.0598437, -1.54137)
507568.690984375
normal
simd_float4x4([[0.0411756, -0.994199, 0.0993593, 0.0)], [0.997257, 0.0347724, -0.0653376, 0.0)], [0.0615036, 0.101777, 0.992904, 0.0)], [0.229513, -0.00252094, 1.2545, 1.0)]])
0.229513, -0.00252094, 1.2545
float3(-0.101954, 0.0618641, -1.53584)
507568.807633875
normal
simd_float4x4([[0.0455855, -0.993395, 0.105304, 0.0)], [0.996694, 0.0381315, -0.0717466, 0.0)], [0.0672573, 0.108227, 0.991848, 0.0)], [0.243996, -0.00459865, 1.28865, 1.0)]])
0.243996, -0.00459865, 1.28865
float3(-0.108439, 0.0677064, -1.53243)
507568.924283375
normal
simd_float4x4([[0.0533165, -0.992414, 0.110776, 0.0)], [0.995818, 0.0446003, -0.0797253, 0.0)], [0.0741798, 0.114563, 0.990642, 0.0)], [0.261468, -0.00912911, 1.33139, 1.0)]])
0.261468, -0.00912911, 1.33139
float3(-0.114815, 0.074741, -1.52589)
507569.040932666
normal
simd_float4x4([[0.0614646, -0.990552, 0.122594, 0.0)], [0.995411, 0.0518095, -0.0804495, 0.0)], [0.0733378, 0.126976, 0.989191, 0.0)], [0.282663, -0.0130718, 1.37781, 1.0)]])
0.282663, -0.0130718, 1.37781
float3(-0.12732, 0.0740038, -1.51854)
507569.15758225
normal
simd_float4x4([[0.0652239, -0.98806, 0.139584, 0.0)], [0.995095, 0.0539774, -0.0828964, 0.0)], [0.0743722, 0.144306, 0.986734, 0.0)], [0.30459, -0.0142552, 1.42488, 1.0)]])
0.30459, -0.0142552, 1.42488
float3(-0.144812, 0.0752298, -1.51622)
507569.27423175
normal
simd_float4x4([[0.0676831, -0.987912, 0.139456, 0.0)], [0.994388, 0.0554052, -0.0901202, 0.0)], [0.0813043, 0.144773, 0.986119, 0.0)], [0.317506, -0.0101101, 1.4708, 1.0)]])
0.317506, -0.0101101, 1.4708
float3(-0.145284, 0.0822627, -1.51477)
507569.390881375
normal
simd_float4x4([[0.0577877, -0.989129, 0.135222, 0.0)], [0.993662, 0.0439066, -0.103476, 0.0)], [0.0964136, 0.140345, 0.985397, 0.0)], [0.330087, -0.00686346, 1.51527, 1.0)]])
0.330087, -0.00686346, 1.51527
float3(-0.14081, 0.0975319, -1.52644)
507569.507530708
normal
simd_float4x4([[0.0385913, -0.991814, 0.121717, 0.0)], [0.994439, 0.0261749, -0.102008, 0.0)], [0.0979872, 0.124977, 0.987309, 0.0)], [0.340626, -0.00256143, 1.55963, 1.0)]])
0.340626, -0.00256143, 1.55963
float3(-0.125305, 0.0989228, -1.54441)
507569.624180125
normal
simd_float4x4([[0.0314785, -0.992582, 0.11743, 0.0)], [0.9947, 0.0196043, -0.100935, 0.0)], [0.0978839, 0.119985, 0.987938, 0.0)], [0.348186, -0.0046147, 1.60473, 1.0)]])
0.348186, -0.0046147, 1.60473
float3(-0.120275, 0.0987566, -1.55105)
507569.740829875
normal
simd_float4x4([[0.0236624, -0.992436, 0.120458, 0.0)], [0.995461, 0.0122795, -0.0943768, 0.0)], [0.0921838, 0.122144, 0.988222, 0.0)], [0.350181, -0.0111745, 1.65556, 1.0)]])
0.350181, -0.0111745, 1.65556
float3(-0.12245, 0.0930133, -1.55842)
507569.857479166
normal
simd_float4x4([[0.0246054, -0.989299, 0.143809, 0.0)], [0.994656, 0.00979798, -0.102781, 0.0)], [0.100272, 0.145569, 0.984253, 0.0)], [0.349273, -0.0179212, 1.70625, 1.0)]])
0.349273, -0.0179212, 1.70625
float3(-0.146088, 0.101526, -1.56089)
507569.97412875
normal
simd_float4x4([[0.018158, -0.987466, 0.156783, 0.0)], [0.995326, 0.00297776, -0.0965201, 0.0)], [0.0948435, 0.157803, 0.982905, 0.0)], [0.352099, -0.0209883, 1.75596, 1.0)]])
0.352099, -0.0209883, 1.75596
float3(-0.158465, 0.0961952, -1.56778)
507570.090778166
normal
simd_float4x4([[0.0142652, -0.986467, 0.163338, 0.0)], [0.995608, -0.00110272, -0.0936113, 0.0)], [0.0925246, 0.163956, 0.982119, 0.0)], [0.360049, -0.0163583, 1.79256, 1.0)]])
0.360049, -0.0163583, 1.79256
float3(-0.1647, 0.0939319, -1.57191)
507570.207427833
normal
simd_float4x4([[0.0244987, -0.987452, 0.156005, 0.0)], [0.995764, 0.0102706, -0.0913638, 0.0)], [0.0886151, 0.157582, 0.983522, 0.0)], [0.368435, -0.00868375, 1.83104, 1.0)]])
0.368435, -0.00868375, 1.83104
float3(-0.158242, 0.0898572, -1.5604)
507570.324077166
normal
simd_float4x4([[0.0254119, -0.989996, 0.138791, 0.0)], [0.9946, 0.0110638, -0.103188, 0.0)], [0.10062, 0.140664, 0.984931, 0.0)], [0.382196, -0.00206673, 1.87177, 1.0)]])
0.382196, -0.00206673, 1.87177
float3(-0.141132, 0.101806, -1.55962)
507570.440726833
normal
simd_float4x4([[0.0304476, -0.990154, 0.13663, 0.0)], [0.993156, 0.0145487, -0.115888, 0.0)], [0.112759, 0.139224, 0.98382, 0.0)], [0.402552, -0.00140657, 1.91126, 1.0)]])
0.402552, -0.00140657, 1.91126
float3(-0.139678, 0.114115, -1.5561)
507570.557376291
normal
simd_float4x4([[0.0458309, -0.988747, 0.142402, 0.0)], [0.991902, 0.0281397, -0.123851, 0.0)], [0.11845, 0.146925, 0.98203, 0.0)], [0.427322, -0.00379911, 1.95269, 1.0)]])
0.427322, -0.00379911, 1.95269
float3(-0.147459, 0.120037, -1.54234)
507570.674026
normal
simd_float4x4([[0.0700917, -0.986587, 0.147423, 0.0)], [0.989972, 0.0506251, -0.131883, 0.0)], [0.122651, 0.155189, 0.980241, 0.0)], [0.449084, -0.0041777, 1.99779, 1.0)]])
0.449084, -0.0041777, 1.99779
float3(-0.155819, 0.124476, -1.51953)
507570.790675291
normal
simd_float4x4([[0.0820575, -0.987815, 0.132244, 0.0)], [0.988819, 0.0641169, -0.134633, 0.0)], [0.124513, 0.141814, 0.982031, 0.0)], [0.46566, 0.000879891, 2.04935, 1.0)]])
0.46566, 0.000879891, 2.04935
float3(-0.142293, 0.126118, -1.50598)
507570.907324875
normal
simd_float4x4([[0.0796786, -0.989379, 0.121574, 0.0)], [0.987754, 0.0619528, -0.143189, 0.0)], [0.134136, 0.131495, 0.9822, 0.0)], [0.474418, 0.00449782, 2.09587, 1.0)]])
0.474418, 0.00449782, 2.09587
float3(-0.131877, 0.135727, -1.50826)
507571.023974583
normal
simd_float4x4([[0.0744862, -0.990001, 0.119793, 0.0)], [0.987037, 0.0560667, -0.150381, 0.0)], [0.142161, 0.129442, 0.981344, 0.0)], [0.473514, 0.0132977, 2.13545, 1.0)]])
0.473514, 0.0132977, 2.13545
float3(-0.129806, 0.143863, -1.51422)
507571.140624041
normal
simd_float4x4([[0.0523525, -0.99414, 0.0945778, 0.0)], [0.989397, 0.0387873, -0.139964, 0.0)], [0.135475, 0.100902, 0.985629, 0.0)], [0.467324, 0.0183369, 2.18136, 1.0)]])
0.467324, 0.0183369, 2.18136
float3(-0.101074, 0.136594, -1.5318)
507571.257273583
normal
simd_float4x4([[0.0436838, -0.99466, 0.093506, 0.0)], [0.99053, 0.0309271, -0.133768, 0.0)], [0.130162, 0.098464, 0.986591, 0.0)], [0.455136, 0.0182756, 2.21679, 1.0)]])
0.455136, 0.0182756, 2.21679
float3(-0.0986238, 0.131174, -1.53971)
507571.373923166
normal
simd_float4x4([[0.0481493, -0.993702, 0.101186, 0.0)], [0.991881, 0.035631, -0.122071, 0.0)], [0.117697, 0.106242, 0.98735, 0.0)], [0.430314, 0.0183303, 2.24824, 1.0)]])
0.430314, 0.0183303, 2.24824
float3(-0.106443, 0.118645, -1.53495)
507571.490572833
normal
simd_float4x4([[0.0393031, -0.994852, 0.0934059, 0.0)], [0.993771, 0.0291619, -0.107557, 0.0)], [0.10428, 0.0970515, 0.989801, 0.0)], [0.401836, 0.0168959, 2.28351, 1.0)]])
0.401836, 0.0168959, 2.28351
float3(-0.0972045, 0.104967, -1.54149)
507571.607222125
normal
simd_float4x4([[0.028043, -0.993738, 0.108154, 0.0)], [0.996364, 0.0190802, -0.0830325, 0.0)], [0.080449, 0.110089, 0.99066, 0.0)], [0.375967, 0.01313, 2.31304, 1.0)]])
0.375967, 0.01313, 2.31304
float3(-0.110313, 0.0810296, -1.5516)
507571.723871833
normal
simd_float4x4([[0.0185762, -0.991935, 0.125383, 0.0)], [0.997892, 0.0105948, -0.0640257, 0.0)], [0.0621808, 0.126308, 0.99004, 0.0)], [0.351238, 0.0131794, 2.34116, 1.0)]])
0.351238, 0.0131794, 2.34116
float3(-0.126646, 0.062724, -1.56012)
507571.840521416
normal
simd_float4x4([[0.0140718, -0.992841, 0.118609, 0.0)], [0.999093, 0.00919532, -0.0415614, 0.0)], [0.0401732, 0.119086, 0.992071, 0.0)], [0.332357, 0.0144076, 2.37524, 1.0)]])
0.332357, 0.0144076, 2.37524
float3(-0.11937, 0.0404722, -1.56154)
507571.957171041
normal
simd_float4x4([[0.0163409, -0.992736, 0.119195, 0.0)], [0.999608, 0.0135128, -0.0244969, 0.0)], [0.0227083, 0.119549, 0.992569, 0.0)], [0.320866, 0.0174964, 2.39905, 1.0)]])
0.320866, 0.0174964, 2.39905
float3(-0.119835, 0.0228743, -1.55719)
507572.073820416
normal
simd_float4x4([[0.0270677, -0.993351, 0.111897, 0.0)], [0.999531, 0.0252904, -0.0172721, 0.0)], [0.0143274, 0.112312, 0.99357, 0.0)], [0.311901, 0.0196152, 2.42487, 1.0)]])
0.311901, 0.0196152, 2.42487
float3(-0.112549, 0.0144191, -1.54534)
507572.190470125
normal
simd_float4x4([[0.0372754, -0.993525, 0.107329, 0.0)], [0.999228, 0.0357271, -0.0163132, 0.0)], [0.0123729, 0.107855, 0.99409, 0.0)], [0.308824, 0.0171535, 2.44878, 1.0)]])
0.308824, 0.0171535, 2.44878
float3(-0.108065, 0.0124459, -1.53485)
507572.307119708
normal
simd_float4x4([[0.0431795, -0.992821, 0.111542, 0.0)], [0.998984, 0.0414655, -0.0176418, 0.0)], [0.01289, 0.11219, 0.993603, 0.0)], [0.318471, 0.0229957, 2.4428, 1.0)]])
0.318471, 0.0229957, 2.4428
float3(-0.112427, 0.0129722, -1.52906)
507572.423769083
normal
simd_float4x4([[0.0431875, -0.992928, 0.110585, 0.0)], [0.998932, 0.0410979, -0.0211076, 0.0)], [0.0164135, 0.111379, 0.993642, 0.0)], [0.324664, 0.0193079, 2.47356, 1.0)]])
0.324664, 0.0193079, 2.47356
float3(-0.11161, 0.0165171, -1.52943)
507572.540418833
normal
simd_float4x4([[0.0460943, -0.991766, 0.11948, 0.0)], [0.998759, 0.0434994, -0.0242374, 0.0)], [0.0188405, 0.120449, 0.992541, 0.0)], [0.332775, 0.0162664, 2.50135, 1.0)]])
0.332775, 0.0162664, 2.50135
float3(-0.120742, 0.0189798, -1.52696)
507572.657068416
normal
simd_float4x4([[0.0525286, -0.990397, 0.127882, 0.0)], [0.998547, 0.0505562, -0.0186234, 0.0)], [0.0119793, 0.128674, 0.991614, 0.0)], [0.339723, 0.0145063, 2.53104, 1.0)]])
0.339723, 0.0145063, 2.53104
float3(-0.129032, 0.01208, -1.51979)
507572.773718083
normal
simd_float4x4([[0.0535606, -0.989351, 0.135336, 0.0)], [0.998503, 0.0515606, -0.0182426, 0.0)], [0.0110704, 0.136111, 0.990632, 0.0)], [0.343594, 0.0151612, 2.55595, 1.0)]])
0.343594, 0.0151612, 2.55595
float3(-0.136535, 0.0111746, -1.51873)
507572.890367583
normal
simd_float4x4([[0.0470419, -0.98905, 0.139882, 0.0)], [0.998792, 0.0445869, -0.0206345, 0.0)], [0.0141716, 0.140684, 0.989953, 0.0)], [0.342221, 0.018463, 2.57096, 1.0)]])
0.342221, 0.018463, 2.57096
float3(-0.141152, 0.0143145, -1.52575)
507573.007017166
normal
simd_float4x4([[0.0418668, -0.990254, 0.132834, 0.0)], [0.998876, 0.038527, -0.0276147, 0.0)], [0.0222278, 0.133841, 0.990753, 0.0)], [0.336542, 0.0231804, 2.5866, 1.0)]])
0.336542, 0.0231804, 2.5866
float3(-0.134244, 0.0224315, -1.53191)
507573.123666833
normal
simd_float4x4([[0.0330476, -0.992557, 0.117213, 0.0)], [0.99913, 0.0298243, -0.0291485, 0.0)], [0.0254358, 0.118075, 0.992679, 0.0)], [0.329575, 0.0270246, 2.59915, 1.0)]])
0.329575, 0.0270246, 2.59915
float3(-0.118351, 0.0256177, -1.54076)
507573.24031625
normal
simd_float4x4([[0.0259776, -0.994047, 0.105809, 0.0)], [0.999351, 0.0231804, -0.027581, 0.0)], [0.0249641, 0.106457, 0.994004, 0.0)], [0.322542, 0.0286168, 2.6186, 1.0)]])
0.322542, 0.0286168, 2.6186
float3(-0.106659, 0.0251094, -1.54748)
507573.356965833
normal
simd_float4x4([[0.0230035, -0.993548, 0.111058, 0.0)], [0.999457, 0.020234, -0.0260005, 0.0)], [0.0235855, 0.111596, 0.993474, 0.0)], [0.313765, 0.02782, 2.63375, 1.0)]])
0.313765, 0.02782, 2.63375
float3(-0.111829, 0.023736, -1.55043)
507573.473615625
normal
simd_float4x4([[0.0251918, -0.992114, 0.122777, 0.0)], [0.999042, 0.0205896, -0.03861, 0.0)], [0.0357776, 0.123632, 0.991683, 0.0)], [0.301507, 0.0266089, 2.64659, 1.0)]])
0.301507, 0.0266089, 2.64659
float3(-0.12395, 0.036062, -1.55005)
507573.59026525
normal
simd_float4x4([[0.0153014, -0.991963, 0.125602, 0.0)], [0.99934, 0.0110322, -0.0346158, 0.0)], [0.0329519, 0.126049, 0.991477, 0.0)], [0.296814, 0.0229723, 2.67014, 1.0)]])
0.296814, 0.0229723, 2.67014
float3(-0.126385, 0.033223, -1.55968)
507573.706914791
normal
simd_float4x4([[0.0178477, -0.991206, 0.131115, 0.0)], [0.99943, 0.0139274, -0.0307558, 0.0)], [0.0286592, 0.131589, 0.99089, 0.0)], [0.291912, 0.0206895, 2.68058, 1.0)]])
0.291912, 0.0206895, 2.68058
float3(-0.131972, 0.0289147, -1.55675)
507573.823564541
normal
simd_float4x4([[0.014987, -0.991745, 0.127347, 0.0)], [0.999583, 0.0117194, -0.0263702, 0.0)], [0.0246601, 0.127689, 0.991508, 0.0)], [0.28979, 0.0230064, 2.68871, 1.0)]])
0.28979, 0.0230064, 2.68871
float3(-0.128038, 0.0248662, -1.55898)
507573.940214125
normal
simd_float4x4([[0.0142979, -0.992175, 0.124033, 0.0)], [0.99959, 0.0111033, -0.0264094, 0.0)], [0.0248256, 0.12436, 0.991926, 0.0)], [0.286731, 0.0241521, 2.69125, 1.0)]])
0.286731, 0.0241521, 2.69125
float3(-0.124683, 0.0250224, -1.55961)
507574.056863833
normal
simd_float4x4([[0.0168754, -0.992214, 0.123398, 0.0)], [0.9996, 0.0139401, -0.0246123, 0.0)], [0.0227005, 0.123764, 0.992052, 0.0)], [0.286481, 0.0212809, 2.69055, 1.0)]])
0.286481, 0.0212809, 2.69055
float3(-0.124082, 0.0228784, -1.55675)
507574.173513291
normal
