ARKit Data
95365.875709666
normal
simd_float4x4([[-0.436043, -0.896942, 0.0732154, 0.0)], [-0.563762, 0.33567, 0.754651, 0.0)], [-0.701455, 0.287785, -0.652029, 0.0)], [-1.95454, 0.714257, -0.894136, 1.0)]])
-1.95454, 0.714257, -0.894136
float3(-0.291913, -2.31969, -1.21269)
95366.227188125
notAvailable
simd_float4x4([[1.0, 0.0, 0.0, 0.0)], [0.0, 1.0, 0.0, 0.0)], [0.0, 0.0, 1.0, 0.0)], [0.0, 0.0, 0.0, 1.0)]])
0.0, 0.0, 0.0
float3(-0.0, 0.0, 0.0)
95366.343842458
notAvailable
simd_float4x4([[1.0, 0.0, 0.0, 0.0)], [0.0, 1.0, 0.0, 0.0)], [0.0, 0.0, 1.0, 0.0)], [0.0, 0.0, 0.0, 1.0)]])
0.0, 0.0, 0.0
float3(-0.0, 0.0, 0.0)
95366.460496583
limited(__ObjC.ARCamera.TrackingState.Reason.initializing)
simd_float4x4([[0.330564, -0.884334, 0.329667, 0.0)], [0.943783, 0.309223, -0.116856, 0.0)], [0.00139921, 0.349762, 0.936837, 0.0)], [0.0, 0.0, 0.0, 1.0)]])
0.0, 0.0, 0.0
float3(-0.357317, 0.00149354, -1.23442)
95366.577150583
limited(__ObjC.ARCamera.TrackingState.Reason.initializing)
simd_float4x4([[0.326214, -0.888602, 0.322446, 0.0)], [0.945296, 0.306509, -0.111659, 0.0)], [0.000387215, 0.341232, 0.939979, 0.0)], [0.0, 0.0, 0.0, 1.0)]])
0.0, 0.0, 0.0
float3(-0.348227, 0.00041194, -1.23864)
95366.69380475
limited(__ObjC.ARCamera.TrackingState.Reason.initializing)
simd_float4x4([[0.312997, -0.895434, 0.31659, 0.0)], [0.949752, 0.295747, -0.10249, 0.0)], [-0.00185719, 0.332761, 0.943009, 0.0)], [0.0, 0.0, 0.0, 1.0)]])
0.0, 0.0, 0.0
float3(-0.33923, -0.00196942, -1.25179)
95366.810458958
limited(__ObjC.ARCamera.TrackingState.Reason.initializing)
simd_float4x4([[0.309674, -0.893433, 0.32539, 0.0)], [0.950826, 0.292987, -0.100439, 0.0)], [-0.0055995, 0.340493, 0.94023, 0.0)], [0.0, 0.0, 0.0, 1.0)]])
0.0, 0.0, 0.0
float3(-0.347441, -0.00595539, -1.25391)
95366.927113083
limited(__ObjC.ARCamera.TrackingState.Reason.initializing)
simd_float4x4([[0.310491, -0.891334, 0.33033, 0.0)], [0.950538, 0.294257, -0.0994503, 0.0)], [-0.00855836, 0.34487, 0.938611, 0.0)], [0.0, 0.0, 0.0, 1.0)]])
0.0, 0.0, 0.0
float3(-0.3521, -0.00911786, -1.25193)
95367.043767125
limited(__ObjC.ARCamera.TrackingState.Reason.initializing)
simd_float4x4([[0.309269, -0.892889, 0.32726, 0.0)], [0.950934, 0.29355, -0.0977412, 0.0)], [-0.00879476, 0.341431, 0.939864, 0.0)], [0.0, 0.0, 0.0, 1.0)]])
0.0, 0.0, 0.0
float3(-0.348439, -0.0093572, -1.25316)
95367.160421208
limited(__ObjC.ARCamera.TrackingState.Reason.initializing)
simd_float4x4([[0.309459, -0.893739, 0.324752, 0.0)], [0.950885, 0.293468, -0.0984619, 0.0)], [-0.007305, 0.339272, 0.94066, 0.0)], [0.0, 0.0, 0.0, 1.0)]])
0.0, 0.0, 0.0
float3(-0.346143, -0.00776567, -1.25353)
95367.277075375
limited(__ObjC.ARCamera.TrackingState.Reason.initializing)
simd_float4x4([[0.306039, -0.890872, 0.335685, 0.0)], [0.951992, 0.289019, -0.10089, 0.0)], [-0.00713861, 0.350446, 0.936554, 0.0)], [0.0, 0.0, 0.0, 1.0)]])
0.0, 0.0, 0.0
float3(-0.358047, -0.00762205, -1.25709)
95367.393729541
limited(__ObjC.ARCamera.TrackingState.Reason.initializing)
simd_float4x4([[0.302794, -0.889392, 0.342482, 0.0)], [0.953045, 0.280837, -0.113295, 0.0)], [0.00458272, 0.360706, 0.932667, 0.0)], [0.0, 0.0, 0.0, 1.0)]])
0.0, 0.0, 0.0
float3(-0.369025, 0.00491352, -1.26494)
95367.493774583
limited(__ObjC.ARCamera.TrackingState.Reason.initializing)
simd_float4x4([[0.293579, -0.887996, 0.353936, 0.0)], [0.95563, 0.263279, -0.132119, 0.0)], [0.0241383, 0.377019, 0.925889, 0.0)], [0.0, 0.0, 0.0, 1.0)]])
0.0, 0.0, 0.0
float3(-0.386576, 0.0260645, -1.28257)
95367.59383125
limited(__ObjC.ARCamera.TrackingState.Reason.initializing)
simd_float4x4([[0.292608, -0.882149, 0.369039, 0.0)], [0.955442, 0.254023, -0.150345, 0.0)], [0.0388831, 0.396588, 0.917171, 0.0)], [0.0, 0.0, 0.0, 1.0)]])
0.0, 0.0, 0.0
float3(-0.407797, 0.0423692, -1.29042)
95367.693887458
limited(__ObjC.ARCamera.TrackingState.Reason.initializing)
simd_float4x4([[0.291367, -0.87579, 0.384829, 0.0)], [0.95494, 0.242517, -0.1711, 0.0)], [0.056521, 0.417342, 0.906988, 0.0)], [0.0, 0.0, 0.0, 1.0)]])
0.0, 0.0, 0.0
float3(-0.430518, 0.0622368, -1.30065)
95367.793944041
limited(__ObjC.ARCamera.TrackingState.Reason.initializing)
simd_float4x4([[0.290448, -0.862052, 0.415335, 0.0)], [0.952924, 0.221095, -0.207493, 0.0)], [0.0870418, 0.456049, 0.885686, 0.0)], [0.0, 0.0, 0.0, 1.0)]])
0.0, 0.0, 0.0
float3(-0.47355, 0.0979616, -1.31973)
95367.89400025
limited(__ObjC.ARCamera.TrackingState.Reason.initializing)
simd_float4x4([[0.279666, -0.830516, 0.481692, 0.0)], [0.952488, 0.176961, -0.247896, 0.0)], [0.120641, 0.528134, 0.840546, 0.0)], [0.0, 0.0, 0.0, 1.0)]])
0.0, 0.0, 0.0
float3(-0.556401, 0.142554, -1.36086)
95367.994056708
limited(__ObjC.ARCamera.TrackingState.Reason.initializing)
simd_float4x4([[0.240984, -0.793957, 0.558172, 0.0)], [0.95242, 0.0828803, -0.293305, 0.0)], [0.186611, 0.602295, 0.776153, 0.0)], [0.0, 0.0, 0.0, 1.0)]])
0.0, 0.0, 0.0
float3(-0.646373, 0.235952, -1.46678)
95368.094113041
limited(__ObjC.ARCamera.TrackingState.Reason.initializing)
simd_float4x4([[0.178277, -0.76391, 0.620207, 0.0)], [0.949412, -0.0320574, -0.312392, 0.0)], [0.258522, 0.644524, 0.71955, 0.0)], [0.0, 0.0, 0.0, 1.0)]])
0.0, 0.0, 0.0
float3(-0.700401, 0.344921, -1.61274)
95368.1941695
limited(__ObjC.ARCamera.TrackingState.Reason.initializing)
simd_float4x4([[0.163597, -0.735526, 0.657446, 0.0)], [0.942747, -0.0797648, -0.32383, 0.0)], [0.290626, 0.672783, 0.680366, 0.0)], [0.0, 0.0, 0.0, 1.0)]])
0.0, 0.0, 0.0
float3(-0.737964, 0.403701, -1.67882)
95368.294225875
limited(__ObjC.ARCamera.TrackingState.Reason.initializing)
simd_float4x4([[0.178931, -0.703756, 0.687539, 0.0)], [0.941289, -0.0808902, -0.327767, 0.0)], [0.286284, 0.705821, 0.647964, 0.0)], [0.0, 0.0, 0.0, 1.0)]])
0.0, 0.0, 0.0
float3(-0.783581, 0.416031, -1.68523)
95368.39428225
limited(__ObjC.ARCamera.TrackingState.Reason.initializing)
simd_float4x4([[0.156004, -0.680929, 0.715539, 0.0)], [0.941597, -0.116343, -0.316006, 0.0)], [0.298426, 0.723048, 0.623011, 0.0)], [0.0, 0.0, 0.0, 1.0)]])
0.0, 0.0, 0.0
float3(-0.808204, 0.446712, -1.74002)
95368.494338833
limited(__ObjC.ARCamera.TrackingState.Reason.initializing)
simd_float4x4([[0.124541, -0.656765, 0.743739, 0.0)], [0.941938, -0.157319, -0.296653, 0.0)], [0.311836, 0.737502, 0.599039, 0.0)], [0.0, 0.0, 0.0, 1.0)]])
0.0, 0.0, 0.0
float3(-0.829364, 0.47996, -1.8059)
95368.594394958
limited(__ObjC.ARCamera.TrackingState.Reason.initializing)
simd_float4x4([[0.128933, -0.630282, 0.765584, 0.0)], [0.940954, -0.165937, -0.295078, 0.0)], [0.313021, 0.758425, 0.571672, 0.0)], [0.0, 0.0, 0.0, 1.0)]])
0.0, 0.0, 0.0
float3(-0.860892, 0.500963, -1.82823)
95368.694451583
limited(__ObjC.ARCamera.TrackingState.Reason.initializing)
simd_float4x4([[0.160657, -0.607606, 0.77782, 0.0)], [0.93076, -0.168973, -0.324243, 0.0)], [0.328443, 0.776056, 0.538388, 0.0)], [0.0, 0.0, 0.0, 1.0)]])
0.0, 0.0, 0.0
float3(-0.888387, 0.547775, -1.84204)
95368.794507958
limited(__ObjC.ARCamera.TrackingState.Reason.initializing)
simd_float4x4([[0.197596, -0.600734, 0.774644, 0.0)], [0.9263, -0.144193, -0.348103, 0.0)], [0.320816, 0.786337, 0.527968, 0.0)], [0.0, 0.0, 0.0, 1.0)]])
0.0, 0.0, 0.0
float3(-0.904857, 0.54602, -1.80637)
95368.894564375
limited(__ObjC.ARCamera.TrackingState.Reason.initializing)
simd_float4x4([[0.217273, -0.62239, 0.751945, 0.0)], [0.924698, -0.11547, -0.362766, 0.0)], [0.31261, 0.774142, 0.550434, 0.0)], [0.0, 0.0, 0.0, 1.0)]])
0.0, 0.0, 0.0
float3(-0.885358, 0.516507, -1.75424)
95368.994620583
limited(__ObjC.ARCamera.TrackingState.Reason.initializing)
simd_float4x4([[0.140331, -0.619662, 0.772221, 0.0)], [0.901452, -0.242614, -0.3585, 0.0)], [0.4095, 0.746429, 0.524549, 0.0)], [0.0, 0.0, 0.0, 1.0)]])
0.0, 0.0, 0.0
float3(-0.842679, 0.662843, -1.94398)
95369.094677166
limited(__ObjC.ARCamera.TrackingState.Reason.initializing)
simd_float4x4([[0.0556775, -0.6037, 0.795264, 0.0)], [0.843725, -0.397447, -0.360781, 0.0)], [0.533879, 0.691072, 0.487228, 0.0)], [0.0, 0.0, 0.0, 1.0)]])
0.0, 0.0, 0.0
float3(-0.762971, 0.831053, -2.15302)
95369.1947335
limited(__ObjC.ARCamera.TrackingState.Reason.initializing)
simd_float4x4([[0.0783403, -0.585219, 0.807082, 0.0)], [0.807163, -0.43791, -0.39588, 0.0)], [0.585106, 0.68246, 0.438061, 0.0)], [0.0, 0.0, 0.0, 1.0)]])
0.0, 0.0, 0.0
float3(-0.751123, 0.928137, -2.2132)
95369.294790041
limited(__ObjC.ARCamera.TrackingState.Reason.initializing)
simd_float4x4([[0.118496, -0.597506, 0.79306, 0.0)], [0.791289, -0.425668, -0.438939, 0.0)], [0.599849, 0.679552, 0.422359, 0.0)], [0.0, 0.0, 0.0, 1.0)]])
0.0, 0.0, 0.0
float3(-0.747152, 0.957318, -2.1898)
95369.394846375
limited(__ObjC.ARCamera.TrackingState.Reason.initializing)
simd_float4x4([[0.155937, -0.62392, 0.765772, 0.0)], [0.776831, -0.401373, -0.485213, 0.0)], [0.610094, 0.670539, 0.422091, 0.0)], [0.0, 0.0, 0.0, 1.0)]])
0.0, 0.0, 0.0
float3(-0.734935, 0.965565, -2.14245)
95369.494902666
limited(__ObjC.ARCamera.TrackingState.Reason.initializing)
simd_float4x4([[0.193578, -0.633906, 0.748792, 0.0)], [0.767714, -0.377335, -0.517912, 0.0)], [0.610854, 0.675114, 0.413615, 0.0)], [0.0, 0.0, 0.0, 1.0)]])
0.0, 0.0, 0.0
float3(-0.741119, 0.975599, -2.10772)
95369.594958791
limited(__ObjC.ARCamera.TrackingState.Reason.initializing)
simd_float4x4([[0.206577, -0.63821, 0.741628, 0.0)], [0.764214, -0.368076, -0.529619, 0.0)], [0.610984, 0.67617, 0.411692, 0.0)], [0.0, 0.0, 0.0, 1.0)]])
0.0, 0.0, 0.0
float3(-0.742552, 0.977859, -2.09393)
95369.695015625
limited(__ObjC.ARCamera.TrackingState.Reason.initializing)
simd_float4x4([[0.189127, -0.652957, 0.733401, 0.0)], [0.790205, -0.342175, -0.50842, 0.0)], [0.582928, 0.675693, 0.451255, 0.0)], [0.0, 0.0, 0.0, 1.0)]])
0.0, 0.0, 0.0
float3(-0.741905, 0.912037, -2.05349)
95369.795072083
limited(__ObjC.ARCamera.TrackingState.Reason.initializing)
simd_float4x4([[0.170704, -0.706206, 0.687118, 0.0)], [0.855996, -0.239078, -0.45838, 0.0)], [0.487986, 0.666417, 0.563698, 0.0)], [0.0, 0.0, 0.0, 1.0)]])
0.0, 0.0, 0.0
float3(-0.729393, 0.713531, -1.89722)
95369.895128416
limited(__ObjC.ARCamera.TrackingState.Reason.initializing)
simd_float4x4([[0.202303, -0.742372, 0.638713, 0.0)], [0.90123, -0.114085, -0.418053, 0.0)], [0.383219, 0.660201, 0.645968, 0.0)], [0.0, 0.0, 0.0, 1.0)]])
0.0, 0.0, 0.0
float3(-0.721087, 0.53544, -1.72328)
95369.995184916
limited(__ObjC.ARCamera.TrackingState.Reason.initializing)
simd_float4x4([[0.235344, -0.794004, 0.560507, 0.0)], [0.931368, 0.0194112, -0.363562, 0.0)], [0.27779, 0.6076, 0.744077, 0.0)], [0.0, 0.0, 0.0, 1.0)]])
0.0, 0.0, 0.0
float3(-0.653036, 0.35731, -1.54635)
95370.095241208
normal
simd_float4x4([[0.204968, -0.82639, 0.524469, 0.0)], [0.962619, 0.0732622, -0.260765, 0.0)], [0.17707, 0.558312, 0.810515, 0.0)], [0.00920475, 0.0270247, -0.000415295, 1.0)]])
0.00920475, 0.0270247, -0.000415295
float3(-0.59235, 0.215086, -1.48237)
95370.195297666
normal
simd_float4x4([[0.231681, -0.841457, 0.488133, 0.0)], [0.968558, 0.152766, -0.196363, 0.0)], [0.0906606, 0.518279, 0.850393, 0.0)], [0.0232149, 0.0766734, -0.00505356, 1.0)]])
0.0232149, 0.0766734, -0.00505356
float3(-0.544837, 0.106209, -1.3912)
95370.295354
normal
simd_float4x4([[0.26477, -0.860958, 0.434337, 0.0)], [0.96393, 0.22362, -0.14434, 0.0)], [0.0271445, 0.456887, 0.889111, 0.0)], [0.0260608, 0.126416, 0.00108825, 1.0)]])
0.0260608, 0.126416, 0.00108825
float3(-0.474493, 0.0305205, -1.31668)
95370.395410458
normal
simd_float4x4([[0.264146, -0.886257, 0.380495, 0.0)], [0.964468, 0.240494, -0.109386, 0.0)], [0.00543723, 0.395868, 0.918291, 0.0)], [0.0305058, 0.17143, 0.0134805, 1.0)]])
0.0305058, 0.17143, 0.0134805
float3(-0.407013, 0.00592096, -1.30582)
95370.49546675
normal
simd_float4x4([[0.27573, -0.897878, 0.343201, 0.0)], [0.961233, 0.256795, -0.100439, 0.0)], [0.0020494, 0.35759, 0.933877, 0.0)], [0.0250341, 0.208473, 0.0198797, 1.0)]])
0.0250341, 0.208473, 0.0198797
float3(-0.365686, 0.0021945, -1.29223)
95370.595523375
normal
simd_float4x4([[0.285273, -0.906347, 0.311696, 0.0)], [0.958433, 0.268041, -0.097776, 0.0)], [0.00507148, 0.326633, 0.945138, 0.0)], [-0.0170055, 0.215955, 0.0331367, 1.0)]])
-0.0170055, 0.215955, 0.0331367
float3(-0.332739, 0.00536581, -1.28325)
95370.69557975
normal
simd_float4x4([[0.286421, -0.912319, 0.292638, 0.0)], [0.958073, 0.270253, -0.0951849, 0.0)], [0.00775252, 0.307632, 0.951474, 0.0)], [-0.0352789, 0.214835, 0.0506112, 1.0)]])
-0.0352789, 0.214835, 0.0506112
float3(-0.312703, 0.00814772, -1.28281)
95370.795636125
normal
simd_float4x4([[0.281827, -0.919742, 0.273217, 0.0)], [0.959423, 0.267466, -0.0892756, 0.0)], [0.00903433, 0.28729, 0.957801, 0.0)], [-0.0491902, 0.208591, 0.0701193, 1.0)]])
-0.0491902, 0.208591, 0.0701193
float3(-0.291397, 0.00943208, -1.2878)
95370.895692583
normal
simd_float4x4([[0.264366, -0.925823, 0.270115, 0.0)], [0.964349, 0.250304, -0.0859035, 0.0)], [0.0119205, 0.283195, 0.958988, 0.0)], [-0.0561517, 0.194725, 0.0825469, 1.0)]])
-0.0561517, 0.194725, 0.0825469
float3(-0.287124, 0.0124297, -1.30675)
95370.995748875
normal
simd_float4x4([[0.262145, -0.923882, 0.278786, 0.0)], [0.964853, 0.245405, -0.0939995, 0.0)], [0.0184289, 0.293629, 0.955742, 0.0)], [-0.0655863, 0.177782, 0.0829751, 1.0)]])
-0.0655863, 0.177782, 0.0829751
float3(-0.298021, 0.0192799, -1.31117)
95371.095805375
normal
simd_float4x4([[0.253823, -0.924843, 0.283266, 0.0)], [0.966911, 0.23485, -0.0996432, 0.0)], [0.0256295, 0.299184, 0.953851, 0.0)], [-0.0751189, 0.162142, 0.0791723, 1.0)]])
-0.0751189, 0.162142, 0.0791723
float3(-0.303838, 0.026863, -1.32212)
95371.19586175
normal
simd_float4x4([[0.23385, -0.929823, 0.284154, 0.0)], [0.971746, 0.213897, -0.0997906, 0.0)], [0.032008, 0.299461, 0.953572, 0.0)], [-0.0866511, 0.146953, 0.0764735, 1.0)]])
-0.0866511, 0.146953, 0.0764735
float3(-0.304128, 0.0335538, -1.34469)
95371.295907125
normal
simd_float4x4([[0.226209, -0.92749, 0.297645, 0.0)], [0.973741, 0.207261, -0.0941937, 0.0)], [0.0256737, 0.311136, 0.950019, 0.0)], [-0.0981683, 0.134774, 0.0740476, 1.0)]])
-0.0981683, 0.134774, 0.0740476
float3(-0.316388, 0.0270178, -1.35094)
95371.412561291
normal
simd_float4x4([[0.243183, -0.926939, 0.285737, 0.0)], [0.969863, 0.227771, -0.0865255, 0.0)], [0.0151211, 0.298167, 0.954394, 0.0)], [-0.114513, 0.136406, 0.0824329, 1.0)]])
-0.114513, 0.136406, 0.0824329
float3(-0.302772, 0.0158423, -1.32985)
95371.52921525
normal
simd_float4x4([[0.251207, -0.930571, 0.266331, 0.0)], [0.967885, 0.244262, -0.0594589, 0.0)], [-0.00972383, 0.272714, 0.962046, 0.0)], [-0.122075, 0.129306, 0.0885665, 1.0)]])
-0.122075, 0.129306, 0.0885665
float3(-0.276213, -0.0101071, -1.3141)
95371.645869333
normal
simd_float4x4([[0.259334, -0.924936, 0.27792, 0.0)], [0.96554, 0.254818, -0.0529158, 0.0)], [-0.0218753, 0.282066, 0.959146, 0.0)], [-0.1569, -0.214374, -0.0679333, 1.0)]])
-0.1569, -0.214374, -0.0679333
float3(-0.285947, -0.0228031, -1.30197)
95371.762523666
normal
simd_float4x4([[0.252964, -0.929379, 0.268818, 0.0)], [0.966862, 0.252745, -0.0360271, 0.0)], [-0.0344597, 0.269023, 0.962517, 0.0)], [-0.156901, -0.221166, -0.0646039, 1.0)]])
-0.156901, -0.221166, -0.0646039
float3(-0.272379, -0.0357864, -1.30527)
95371.879177791
normal
simd_float4x4([[0.254252, -0.93008, 0.265156, 0.0)], [0.965816, 0.258506, -0.0193458, 0.0)], [-0.0505514, 0.261011, 0.964012, 0.0)], [-0.156657, -0.230832, -0.0661022, 1.0)]])
-0.156657, -0.230832, -0.0661022
float3(-0.264069, -0.0523906, -1.2997)
95371.995831958
normal
simd_float4x4([[0.250002, -0.929424, 0.271423, 0.0)], [0.966503, 0.256358, -0.0123877, 0.0)], [-0.0580681, 0.265428, 0.962381, 0.0)], [-0.152194, -0.251786, -0.0813219, 1.0)]])
-0.152194, -0.251786, -0.0813219
float3(-0.268648, -0.0602649, -1.30166)
95372.112486083
normal
simd_float4x4([[0.249239, -0.92669, 0.281293, 0.0)], [0.966327, 0.257162, -0.00901754, 0.0)], [-0.0639813, 0.274068, 0.95958, 0.0)], [-0.147123, -0.268037, -0.0934319, 1.0)]])
-0.147123, -0.268037, -0.0934319
float3(-0.27762, -0.0665778, -1.3001)
95372.22914025
normal
simd_float4x4([[0.240826, -0.92718, 0.286949, 0.0)], [0.96821, 0.250099, -0.00446974, 0.0)], [-0.0676216, 0.278903, 0.957936, 0.0)], [-0.145365, -0.270829, -0.0953557, 1.0)]])
-0.145365, -0.270829, -0.0953557
float3(-0.282652, -0.0704741, -1.30733)
95372.345794458
normal
simd_float4x4([[0.243939, -0.922988, 0.297634, 0.0)], [0.966819, 0.255462, -0.000188927, 0.0)], [-0.0758601, 0.287804, 0.95468, 0.0)], [-0.151206, -0.274591, -0.0920076, 1.0)]])
-0.151206, -0.274591, -0.0920076
float3(-0.291934, -0.0792946, -1.30078)
95372.462448541
normal
simd_float4x4([[0.24042, -0.925363, 0.293089, 0.0)], [0.967515, 0.252776, 0.00443362, 0.0)], [-0.0781884, 0.282502, 0.956075, 0.0)], [-0.157923, -0.27313, -0.0826345, 1.0)]])
-0.157923, -0.27313, -0.0826345
float3(-0.286401, -0.081599, -1.30414)
