ARKit Data
1544296.89479512
normal
simd_float4x4([[-0.429255, -0.837369, 0.338458, 0.0)], [0.666206, -0.0405237, 0.744666, 0.0)], [-0.609845, 0.545134, 0.575255, 0.0)], [-8.34958, -0.0227434, -8.50204, 1.0)]])
-8.34958, -0.0227434, -8.50204
float3(-0.576549, -0.814577, -1.61915)
1544297.22876142
limited(__ObjC.ARCamera.TrackingState.Reason.initializing)
simd_float4x4([[-0.0463695, -0.811031, 0.583156, 0.0)], [0.998921, -0.0376519, 0.0270677, 0.0)], [2.59444e-08, 0.583787, 0.811904, 0.0)], [0.0, 0.0, 0.0, 1.0)]])
0.0, 0.0, 0.0
float3(-0.623385, 3.1955e-08, -1.61719)
1544297.32877912
limited(__ObjC.ARCamera.TrackingState.Reason.initializing)
simd_float4x4([[-0.0463695, -0.811031, 0.583156, 0.0)], [0.998921, -0.0376519, 0.0270677, 0.0)], [2.59444e-08, 0.583787, 0.811904, 0.0)], [0.0, 0.0, 0.0, 1.0)]])
0.0, 0.0, 0.0
float3(-0.623385, 3.1955e-08, -1.61719)
1544297.42882967
limited(__ObjC.ARCamera.TrackingState.Reason.initializing)
simd_float4x4([[0.558084, -0.800846, 0.217229, 0.0)], [0.551261, 0.162159, -0.818423, 0.0)], [0.620205, 0.576498, 0.531973, 0.0)], [0.0, 0.0, 0.0, 1.0)]])
0.0, 0.0, 0.0
float3(-0.614437, 0.861827, -1.37101)
1544297.52888025
limited(__ObjC.ARCamera.TrackingState.Reason.initializing)
simd_float4x4([[0.482423, -0.859603, 0.168378, 0.0)], [0.568928, 0.161334, -0.806407, 0.0)], [0.666025, 0.484824, 0.566883, 0.0)], [0.0, 0.0, 0.0, 1.0)]])
0.0, 0.0, 0.0
float3(-0.506162, 0.865638, -1.38527)
1544297.62893071
limited(__ObjC.ARCamera.TrackingState.Reason.initializing)
simd_float4x4([[0.386726, -0.911599, 0.139389, 0.0)], [0.637077, 0.154807, -0.755095, 0.0)], [0.666765, 0.380817, 0.640626, 0.0)], [0.0, 0.0, 0.0, 1.0)]])
0.0, 0.0, 0.0
float3(-0.39068, 0.805389, -1.40258)
1544297.72898142
limited(__ObjC.ARCamera.TrackingState.Reason.initializing)
simd_float4x4([[0.312104, -0.942091, 0.122698, 0.0)], [0.692271, 0.137066, -0.708501, 0.0)], [0.650655, 0.306067, 0.694961, 0.0)], [0.0, 0.0, 0.0, 1.0)]])
0.0, 0.0, 0.0
float3(-0.311059, 0.752484, -1.42632)
1544297.82903179
limited(__ObjC.ARCamera.TrackingState.Reason.initializing)
simd_float4x4([[0.245636, -0.95946, 0.1382, 0.0)], [0.744233, 0.0953125, -0.661085, 0.0)], [0.621113, 0.265239, 0.737474, 0.0)], [0.0, 0.0, 0.0, 1.0)]])
0.0, 0.0, 0.0
float3(-0.268452, 0.699958, -1.47178)
1544297.92908238
limited(__ObjC.ARCamera.TrackingState.Reason.initializing)
simd_float4x4([[0.175755, -0.971469, 0.159242, 0.0)], [0.788024, 0.0418847, -0.614219, 0.0)], [0.590024, 0.233439, 0.772902, 0.0)], [0.0, 0.0, 0.0, 1.0)]])
0.0, 0.0, 0.0
float3(-0.235613, 0.652015, -1.52771)
1544298.02913296
limited(__ObjC.ARCamera.TrackingState.Reason.initializing)
simd_float4x4([[0.13307, -0.977022, 0.166492, 0.0)], [0.821732, 0.0148417, -0.569681, 0.0)], [0.55412, 0.21262, 0.804825, 0.0)], [0.0, 0.0, 0.0, 1.0)]])
0.0, 0.0, 0.0
float3(-0.214255, 0.602964, -1.55561)
1544298.12918346
limited(__ObjC.ARCamera.TrackingState.Reason.initializing)
simd_float4x4([[0.101608, -0.981782, 0.160563, 0.0)], [0.840187, -0.001734, -0.542294, 0.0)], [0.532692, 0.190004, 0.824704, 0.0)], [0.0, 0.0, 0.0, 1.0)]])
0.0, 0.0, 0.0
float3(-0.191166, 0.573501, -1.57256)
1544298.229234
limited(__ObjC.ARCamera.TrackingState.Reason.initializing)
simd_float4x4([[0.0765482, -0.983515, 0.163822, 0.0)], [0.863212, -0.0168584, -0.504559, 0.0)], [0.499003, 0.180036, 0.847692, 0.0)], [0.0, 0.0, 0.0, 1.0)]])
0.0, 0.0, 0.0
float3(-0.181023, 0.53204, -1.58794)
1544298.32928454
limited(__ObjC.ARCamera.TrackingState.Reason.initializing)
simd_float4x4([[0.0526821, -0.985085, 0.163802, 0.0)], [0.886787, -0.0292726, -0.46125, 0.0)], [0.459165, 0.169557, 0.872019, 0.0)], [0.0, 0.0, 0.0, 1.0)]])
0.0, 0.0, 0.0
float3(-0.17038, 0.484665, -1.6005)
1544298.429335
limited(__ObjC.ARCamera.TrackingState.Reason.initializing)
simd_float4x4([[0.0322664, -0.985977, 0.163732, 0.0)], [0.90654, -0.0401136, -0.42021, 0.0)], [0.420886, 0.161988, 0.892533, 0.0)], [0.0, 0.0, 0.0, 1.0)]])
0.0, 0.0, 0.0
float3(-0.162705, 0.44064, -1.61146)
1544298.52938562
limited(__ObjC.ARCamera.TrackingState.Reason.initializing)
simd_float4x4([[0.0165536, -0.986344, 0.163864, 0.0)], [0.920914, -0.048788, -0.386701, 0.0)], [0.389415, 0.157306, 0.90753, 0.0)], [0.0, 0.0, 0.0, 1.0)]])
0.0, 0.0, 0.0
float3(-0.157962, 0.405332, -1.62022)
1544298.62943617
limited(__ObjC.ARCamera.TrackingState.Reason.initializing)
simd_float4x4([[0.00713724, -0.986011, 0.166526, 0.0)], [0.932354, -0.0536367, -0.357545, 0.0)], [0.361475, 0.157813, 0.918929, 0.0)], [0.0, 0.0, 0.0, 1.0)]])
0.0, 0.0, 0.0
float3(-0.158476, 0.374774, -1.62514)
1544298.72948679
limited(__ObjC.ARCamera.TrackingState.Reason.initializing)
simd_float4x4([[0.00852446, -0.986351, 0.164438, 0.0)], [0.946913, -0.0448881, -0.318342, 0.0)], [0.321378, 0.158422, 0.933605, 0.0)], [0.0, 0.0, 0.0, 1.0)]])
0.0, 0.0, 0.0
float3(-0.159092, 0.331528, -1.61627)
1544298.82953737
limited(__ObjC.ARCamera.TrackingState.Reason.initializing)
simd_float4x4([[0.00986404, -0.986122, 0.165727, 0.0)], [0.962036, -0.0358467, -0.270556, 0.0)], [0.272741, 0.162104, 0.948332, 0.0)], [0.0, 0.0, 0.0, 1.0)]])
0.0, 0.0, 0.0
float3(-0.162823, 0.280043, -1.60713)
1544298.92958792
limited(__ObjC.ARCamera.TrackingState.Reason.initializing)
simd_float4x4([[0.0101864, -0.984934, 0.172623, 0.0)], [0.976536, -0.0273395, -0.21361, 0.0)], [0.21511, 0.170749, 0.961545, 0.0)], [0.0, 0.0, 0.0, 1.0)]])
0.0, 0.0, 0.0
float3(-0.17159, 0.220089, -1.59855)
1544299.02963842
limited(__ObjC.ARCamera.TrackingState.Reason.initializing)
simd_float4x4([[0.00741863, -0.983838, 0.178893, 0.0)], [0.98848, -0.0198303, -0.150042, 0.0)], [0.151163, 0.177946, 0.972358, 0.0)], [0.0, 0.0, 0.0, 1.0)]])
0.0, 0.0, 0.0
float3(-0.178899, 0.154226, -1.59095)
1544299.12968896
limited(__ObjC.ARCamera.TrackingState.Reason.initializing)
simd_float4x4([[-0.00150787, -0.98376, 0.179472, 0.0)], [0.996679, -0.0160908, -0.0798197, 0.0)], [0.08141, 0.178757, 0.980518, 0.0)], [0.0, 0.0, 0.0, 1.0)]])
0.0, 0.0, 0.0
float3(-0.179723, 0.0828376, -1.58715)
1544299.2297395
limited(__ObjC.ARCamera.TrackingState.Reason.initializing)
simd_float4x4([[-0.0087534, -0.983342, 0.181546, 0.0)], [0.999895, -0.010685, -0.009657, 0.0)], [0.0114343, 0.181444, 0.983333, 0.0)], [0.0, 0.0, 0.0, 1.0)]])
0.0, 0.0, 0.0
float3(-0.182455, 0.0116276, -1.58166)
1544299.32979004
limited(__ObjC.ARCamera.TrackingState.Reason.initializing)
simd_float4x4([[-0.0236532, -0.983795, 0.177718, 0.0)], [0.99817, -0.0133491, 0.0589616, 0.0)], [-0.0556356, 0.178788, 0.982312, 0.0)], [0.0, 0.0, 0.0, 1.0)]])
0.0, 0.0, 0.0
float3(-0.179755, -0.056577, -1.58436)
1544299.42984067
limited(__ObjC.ARCamera.TrackingState.Reason.initializing)
simd_float4x4([[-0.0383128, -0.984136, 0.173217, 0.0)], [0.991768, -0.0162573, 0.127005, 0.0)], [-0.122177, 0.176658, 0.976658, 0.0)], [0.0, 0.0, 0.0, 1.0)]])
0.0, 0.0, 0.0
float3(-0.177591, -0.12445, -1.58731)
1544299.52989117
limited(__ObjC.ARCamera.TrackingState.Reason.initializing)
simd_float4x4([[-0.0532849, -0.984197, 0.168856, 0.0)], [0.980779, -0.0197997, 0.194105, 0.0)], [-0.187697, 0.175955, 0.966336, 0.0)], [0.0, 0.0, 0.0, 1.0)]])
0.0, 0.0, 0.0
float3(-0.176876, -0.191847, -1.59091)
1544299.62994171
limited(__ObjC.ARCamera.TrackingState.Reason.initializing)
simd_float4x4([[-0.0618951, -0.984378, 0.164813, 0.0)], [0.96674, -0.018075, 0.255113, 0.0)], [-0.248152, 0.175124, 0.952758, 0.0)], [0.0, 0.0, 0.0, 1.0)]])
0.0, 0.0, 0.0
float3(-0.176031, -0.254795, -1.58916)
1544299.72999238
limited(__ObjC.ARCamera.TrackingState.Reason.initializing)
simd_float4x4([[-0.0683363, -0.984427, 0.161954, 0.0)], [0.948595, -0.0138335, 0.316184, 0.0)], [-0.309022, 0.175238, 0.934769, 0.0)], [0.0, 0.0, 0.0, 1.0)]])
0.0, 0.0, 0.0
float3(-0.176148, -0.319277, -1.58485)
1544299.83004279
limited(__ObjC.ARCamera.TrackingState.Reason.initializing)
simd_float4x4([[-0.078977, -0.984245, 0.158177, 0.0)], [0.926109, -0.0137268, 0.377001, 0.0)], [-0.368893, 0.176266, 0.912603, 0.0)], [0.0, 0.0, 0.0, 1.0)]])
0.0, 0.0, 0.0
float3(-0.177192, -0.38414, -1.58474)
1544299.93009346
limited(__ObjC.ARCamera.TrackingState.Reason.initializing)
simd_float4x4([[-0.0916155, -0.983439, 0.156358, 0.0)], [0.899679, -0.0144457, 0.436308, 0.0)], [-0.426828, 0.180648, 0.886104, 0.0)], [0.0, 0.0, 0.0, 1.0)]])
0.0, 0.0, 0.0
float3(-0.181645, -0.448893, -1.58548)
1544300.03014404
limited(__ObjC.ARCamera.TrackingState.Reason.initializing)
simd_float4x4([[-0.0998988, -0.983621, 0.15001, 0.0)], [0.867379, -0.0122237, 0.497492, 0.0)], [-0.487515, 0.179818, 0.854394, 0.0)], [0.0, 0.0, 0.0, 1.0)]])
0.0, 0.0, 0.0
float3(-0.180802, -0.518519, -1.58322)
1544300.13019475
limited(__ObjC.ARCamera.TrackingState.Reason.initializing)
simd_float4x4([[-0.103594, -0.984253, 0.143212, 0.0)], [0.831687, -0.00675538, 0.555199, 0.0)], [-0.545492, 0.176626, 0.819291, 0.0)], [0.0, 0.0, 0.0, 1.0)]])
0.0, 0.0, 0.0
float3(-0.177557, -0.587409, -1.57766)
1544300.23024513
limited(__ObjC.ARCamera.TrackingState.Reason.initializing)
simd_float4x4([[-0.111072, -0.984526, 0.135519, 0.0)], [0.796461, -0.00662792, 0.604648, 0.0)], [-0.594398, 0.175098, 0.784874, 0.0)], [0.0, 0.0, 0.0, 1.0)]])
0.0, 0.0, 0.0
float3(-0.176006, -0.648168, -1.57753)
1544300.33029567
limited(__ObjC.ARCamera.TrackingState.Reason.initializing)
simd_float4x4([[-0.120327, -0.984525, 0.127384, 0.0)], [0.761369, -0.00918046, 0.648249, 0.0)], [-0.637052, 0.174992, 0.750692, 0.0)], [0.0, 0.0, 0.0, 1.0)]])
0.0, 0.0, 0.0
float3(-0.175897, -0.703693, -1.58012)
1544300.43034629
limited(__ObjC.ARCamera.TrackingState.Reason.initializing)
simd_float4x4([[-0.122776, -0.985293, 0.118825, 0.0)], [0.730617, -0.00870711, 0.682728, 0.0)], [-0.671656, 0.170641, 0.720941, 0.0)], [0.0, 0.0, 0.0, 1.0)]])
0.0, 0.0, 0.0
float3(-0.17148, -0.750022, -1.57963)
1544300.53039692
limited(__ObjC.ARCamera.TrackingState.Reason.initializing)
simd_float4x4([[-0.126901, -0.985187, 0.115312, 0.0)], [0.705442, -0.00791594, 0.70872, 0.0)], [-0.697313, 0.171287, 0.695997, 0.0)], [0.0, 0.0, 0.0, 1.0)]])
0.0, 0.0, 0.0
float3(-0.172135, -0.786342, -1.57883)
1544300.6304475
limited(__ObjC.ARCamera.TrackingState.Reason.initializing)
simd_float4x4([[-0.126759, -0.985786, 0.110236, 0.0)], [0.690105, -0.00781661, 0.723663, 0.0)], [-0.712519, 0.167809, 0.681287, 0.0)], [0.0, 0.0, 0.0, 1.0)]])
0.0, 0.0, 0.0
float3(-0.168607, -0.807802, -1.57873)
1544300.73049804
limited(__ObjC.ARCamera.TrackingState.Reason.initializing)
simd_float4x4([[-0.128757, -0.986092, 0.105065, 0.0)], [0.68359, -0.0115064, 0.72977, 0.0)], [-0.718416, 0.165788, 0.675565, 0.0)], [0.0, 0.0, 0.0, 1.0)]])
0.0, 0.0, 0.0
float3(-0.166557, -0.816129, -1.58246)
1544300.83054879
limited(__ObjC.ARCamera.TrackingState.Reason.initializing)
simd_float4x4([[-0.122583, -0.98653, 0.108282, 0.0)], [0.692245, -0.00681293, 0.721625, 0.0)], [-0.711172, 0.163422, 0.683756, 0.0)], [0.0, 0.0, 0.0, 1.0)]])
0.0, 0.0, 0.0
float3(-0.164158, -0.80505, -1.5777)
1544300.93059917
limited(__ObjC.ARCamera.TrackingState.Reason.initializing)
simd_float4x4([[-0.117762, -0.986765, 0.111446, 0.0)], [0.718977, -0.00731409, 0.694989, 0.0)], [-0.684981, 0.161976, 0.710323, 0.0)], [0.0, 0.0, 0.0, 1.0)]])
0.0, 0.0, 0.0
float3(-0.162692, -0.767238, -1.57821)
1544301.03064979
limited(__ObjC.ARCamera.TrackingState.Reason.initializing)
simd_float4x4([[-0.112124, -0.98597, 0.123633, 0.0)], [0.756952, -0.00414535, 0.653451, 0.0)], [-0.643776, 0.166856, 0.746797, 0.0)], [0.0, 0.0, 0.0, 1.0)]])
0.0, 0.0, 0.0
float3(-0.16764, -0.711447, -1.575)
1544301.13070046
limited(__ObjC.ARCamera.TrackingState.Reason.initializing)
simd_float4x4([[-0.112386, -0.981305, 0.156212, 0.0)], [0.804578, 0.00238317, 0.593837, 0.0)], [-0.583112, 0.192428, 0.789269, 0.0)], [0.0, 0.0, 0.0, 1.0)]])
0.0, 0.0, 0.0
float3(-0.193636, -0.636295, -1.56837)
1544301.23075104
limited(__ObjC.ARCamera.TrackingState.Reason.initializing)
simd_float4x4([[-0.12275, -0.971085, 0.204742, 0.0)], [0.851451, 0.00293815, 0.52442, 0.0)], [-0.509862, 0.238704, 0.826472, 0.0)], [0.0, 0.0, 0.0, 1.0)]])
0.0, 0.0, 0.0
float3(-0.241031, -0.552763, -1.56777)
1544301.33080158
limited(__ObjC.ARCamera.TrackingState.Reason.initializing)
simd_float4x4([[-0.131828, -0.957057, 0.258181, 0.0)], [0.893316, -0.00181279, 0.44942, 0.0)], [-0.429656, 0.289887, 0.855194, 0.0)], [0.0, 0.0, 0.0, 1.0)]])
0.0, 0.0, 0.0
float3(-0.294109, -0.465572, -1.57269)
1544301.43085217
limited(__ObjC.ARCamera.TrackingState.Reason.initializing)
simd_float4x4([[-0.136775, -0.937414, 0.320221, 0.0)], [0.922775, -0.00301495, 0.385321, 0.0)], [-0.360244, 0.348198, 0.865436, 0.0)], [0.0, 0.0, 0.0, 1.0)]])
0.0, 0.0, 0.0
float3(-0.355648, -0.394442, -1.57401)
1544301.53090275
limited(__ObjC.ARCamera.TrackingState.Reason.initializing)
simd_float4x4([[-0.13881, -0.915407, 0.37783, 0.0)], [0.945838, -0.00949338, 0.324492, 0.0)], [-0.293459, 0.402412, 0.867146, 0.0)], [0.0, 0.0, 0.0, 1.0)]])
0.0, 0.0, 0.0
float3(-0.41415, -0.326321, -1.58117)
1544301.63095338
limited(__ObjC.ARCamera.TrackingState.Reason.initializing)
simd_float4x4([[-0.136776, -0.893861, 0.426965, 0.0)], [0.962307, -0.0176213, 0.271384, 0.0)], [-0.23506, 0.447994, 0.86258, 0.0)], [0.0, 0.0, 0.0, 1.0)]])
0.0, 0.0, 0.0
float3(-0.46452, -0.266048, -1.59051)
1544301.73100383
limited(__ObjC.ARCamera.TrackingState.Reason.initializing)
simd_float4x4([[-0.128867, -0.87295, 0.470474, 0.0)], [0.973779, -0.0217115, 0.226446, 0.0)], [-0.187465, 0.487323, 0.852859, 0.0)], [0.0, 0.0, 0.0, 1.0)]])
0.0, 0.0, 0.0
float3(-0.509022, -0.216367, -1.59566)
1544301.83105467
limited(__ObjC.ARCamera.TrackingState.Reason.initializing)
simd_float4x4([[-0.124604, -0.851864, 0.508721, 0.0)], [0.981233, -0.0297635, 0.190502, 0.0)], [-0.147144, 0.522914, 0.839587, 0.0)], [0.0, 0.0, 0.0, 1.0)]])
0.0, 0.0, 0.0
float3(-0.550266, -0.173495, -1.60572)
1544301.93110525
limited(__ObjC.ARCamera.TrackingState.Reason.initializing)
simd_float4x4([[-0.117198, -0.835792, 0.536386, 0.0)], [0.98634, -0.0350228, 0.160941, 0.0)], [-0.115731, 0.547925, 0.828481, 0.0)], [0.0, 0.0, 0.0, 1.0)]])
0.0, 0.0, 0.0
float3(-0.579881, -0.138792, -1.61268)
1544302.03115583
normal
simd_float4x4([[-0.10198, -0.829984, 0.548386, 0.0)], [0.991771, -0.0419404, 0.120957, 0.0)], [-0.0773927, 0.556208, 0.827431, 0.0)], [-0.00454469, 0.000556841, 0.0054798, 1.0)]])
-0.00454469, 0.000556841, 0.0054798
float3(-0.589816, -0.0932624, -1.62128)
1544302.13120629
normal
simd_float4x4([[-0.0770054, -0.84634, 0.527047, 0.0)], [0.99639, -0.0463779, 0.0711055, 0.0)], [-0.0357362, 0.530619, 0.846857, 0.0)], [-0.0248022, 0.0105015, 0.00585026, 1.0)]])
-0.0248022, 0.0105015, 0.00585026
float3(-0.559331, -0.0421736, -1.62554)
1544302.23125687
normal
simd_float4x4([[-0.0520322, -0.884463, 0.4637, 0.0)], [0.998642, -0.0448166, 0.0265752, 0.0)], [-0.00272332, 0.464453, 0.885593, 0.0)], [-0.0468344, 0.03712, 0.00906805, 1.0)]])
-0.0468344, 0.03712, 0.00906805
float3(-0.483017, -0.00307513, -1.62142)
1544302.33130771
normal
simd_float4x4([[-0.0371546, -0.921974, 0.385466, 0.0)], [0.999095, -0.0422565, -0.00476933, 0.0)], [0.0206856, 0.38494, 0.92271, 0.0)], [-0.0609326, 0.067861, 0.0206492, 1.0)]])
-0.0609326, 0.067861, 0.0206492
float3(-0.395143, 0.0224146, -1.6166)
1544302.43135821
normal
simd_float4x4([[-0.0200724, -0.947365, 0.319525, 0.0)], [0.999382, -0.028239, -0.0209456, 0.0)], [0.0288661, 0.318907, 0.947346, 0.0)], [-0.0690803, 0.0963452, 0.0349521, 1.0)]])
-0.0690803, 0.0963452, 0.0349521
float3(-0.324576, 0.0304611, -1.6006)
1544302.53140883
normal
simd_float4x4([[-0.0120514, -0.965484, 0.260182, 0.0)], [0.999609, -0.0182007, -0.0212382, 0.0)], [0.0252405, 0.259824, 0.965326, 0.0)], [-0.0710984, 0.119496, 0.0519089, 1.0)]])
-0.0710984, 0.119496, 0.0519089
float3(-0.26284, 0.0261412, -1.58965)
1544302.63145937
normal
simd_float4x4([[-0.00485025, -0.978524, 0.206078, 0.0)], [0.99975, -0.00924385, -0.0203628, 0.0)], [0.0218304, 0.205927, 0.978324, 0.0)], [-0.0734637, 0.138, 0.0685508, 1.0)]])
-0.0734637, 0.138, 0.0685508
float3(-0.207411, 0.0223103, -1.58024)
1544302.73151013
normal
simd_float4x4([[-0.00535624, -0.98746, 0.157777, 0.0)], [0.999268, -0.0112606, -0.0365522, 0.0)], [0.0378704, 0.157466, 0.986798, 0.0)], [-0.0786805, 0.149949, 0.0816592, 1.0)]])
-0.0786805, 0.149949, 0.0816592
float3(-0.158124, 0.0383582, -1.5822)
1544302.83156071
normal
simd_float4x4([[-0.0036208, -0.991878, 0.127138, 0.0)], [0.998356, -0.0108583, -0.0562797, 0.0)], [0.057203, 0.126725, 0.990287, 0.0)], [-0.087137, 0.158046, 0.0952518, 1.0)]])
-0.087137, 0.158046, 0.0952518
float3(-0.127067, 0.0577, -1.58174)
1544302.93161125
normal
simd_float4x4([[-0.000268539, -0.994026, 0.109142, 0.0)], [0.996503, -0.00938489, -0.0830227, 0.0)], [0.083551, 0.108738, 0.990553, 0.0)], [-0.099329, 0.163232, 0.108651, 1.0)]])
-0.099329, 0.163232, 0.108651
float3(-0.108953, 0.0841486, -1.58024)
1544303.03166192
normal
simd_float4x4([[0.00547995, -0.994958, 0.100148, 0.0)], [0.992855, -0.00652434, -0.119147, 0.0)], [0.119199, 0.100085, 0.987813, 0.0)], [-0.108367, 0.168065, 0.120072, 1.0)]])
-0.108367, 0.168065, 0.120072
float3(-0.100253, 0.120089, -1.57735)
1544303.1317125
normal
simd_float4x4([[0.00651035, -0.995381, 0.0957802, 0.0)], [0.987073, -0.00894207, -0.160022, 0.0)], [0.160139, 0.0955838, 0.982456, 0.0)], [-0.117803, 0.169096, 0.131336, 1.0)]])
-0.117803, 0.169096, 0.131336
float3(-0.09573, 0.161578, -1.57978)
1544303.23176312
normal
simd_float4x4([[0.0149091, -0.995956, 0.0885914, 0.0)], [0.977717, -0.00403377, -0.209889, 0.0)], [0.209397, 0.0897466, 0.973703, 0.0)], [-0.130979, 0.16589, 0.142741, 1.0)]])
-0.130979, 0.16589, 0.142741
float3(-0.0898675, 0.211826, -1.57485)
1544303.33181367
normal
simd_float4x4([[0.0146885, -0.996495, 0.0823533, 0.0)], [0.96542, -0.00730596, -0.260596, 0.0)], [0.260284, 0.0833333, 0.961929, 0.0)], [-0.138953, 0.157915, 0.15123, 1.0)]])
-0.138953, 0.157915, 0.15123
float3(-0.0834301, 0.264257, -1.57813)
1544303.43186429
normal
simd_float4x4([[0.0178005, -0.996582, 0.0806665, 0.0)], [0.951848, -0.00780527, -0.306471, 0.0)], [0.306053, 0.0822376, 0.948456, 0.0)], [-0.148188, 0.15058, 0.155772, 1.0)]])
-0.148188, 0.15058, 0.155772
float3(-0.0823306, 0.312137, -1.57863)
1544303.53191504
normal
simd_float4x4([[0.0244093, -0.996654, 0.0780058, 0.0)], [0.936939, -0.00440509, -0.349466, 0.0)], [0.34864, 0.0816169, 0.933696, 0.0)], [-0.163445, 0.146492, 0.159036, 1.0)]])
-0.163445, 0.146492, 0.159036
float3(-0.0817077, 0.357365, -1.57522)
1544303.63196554
normal
simd_float4x4([[0.0312013, -0.996361, 0.0793182, 0.0)], [0.924207, -0.00145955, -0.381888, 0.0)], [0.380614, 0.0852218, 0.920798, 0.0)], [-0.176025, 0.14359, 0.163495, 1.0)]])
-0.176025, 0.14359, 0.163495
float3(-0.0853253, 0.391964, -1.57226)
1544303.73201633
normal
simd_float4x4([[0.0309049, -0.995984, 0.0840245, 0.0)], [0.915641, -0.00549865, -0.401959, 0.0)], [0.400806, 0.0893588, 0.911794, 0.0)], [-0.186195, 0.141591, 0.164349, 1.0)]])
-0.186195, 0.141591, 0.164349
float3(-0.0894781, 0.414155, -1.57632)
1544303.83206683
normal
simd_float4x4([[0.0315757, -0.995816, 0.0857548, 0.0)], [0.910781, -0.00667194, -0.412835, 0.0)], [0.41168, 0.0911394, 0.90676, 0.0)], [-0.197926, 0.141198, 0.169699, 1.0)]])
-0.197926, 0.141198, 0.169699
float3(-0.0912661, 0.426185, -1.5775)
1544303.93211754
normal
simd_float4x4([[0.036836, -0.995637, 0.085737, 0.0)], [0.910909, -0.0018291, -0.412603, 0.0)], [0.41096, 0.0932973, 0.906867, 0.0)], [-0.209079, 0.141046, 0.175199, 1.0)]])
-0.209079, 0.141046, 0.175199
float3(-0.0934332, 0.425482, -1.57263)
1544304.03216821
normal
simd_float4x4([[0.0352192, -0.995644, 0.0863299, 0.0)], [0.911696, -0.00337415, -0.410851, 0.0)], [0.409352, 0.0931765, 0.907606, 0.0)], [-0.218416, 0.140603, 0.178402, 1.0)]])
-0.218416, 0.140603, 0.178402
float3(-0.0933119, 0.423705, -1.57419)
1544304.13221879
normal
simd_float4x4([[0.0364895, -0.99561, 0.0861944, 0.0)], [0.912853, -0.00189047, -0.408283, 0.0)], [0.406654, 0.0935809, 0.908777, 0.0)], [-0.227571, 0.142078, 0.178043, 1.0)]])
-0.227571, 0.142078, 0.178043
float3(-0.0937181, 0.420751, -1.5727)
1544304.23226942
normal
simd_float4x4([[0.0394066, -0.995452, 0.086738, 0.0)], [0.91307, 0.000611923, -0.407801, 0.0)], [0.405893, 0.095268, 0.908941, 0.0)], [-0.23756, 0.143611, 0.171877, 1.0)]])
-0.23756, 0.143611, 0.171877
float3(-0.0954127, 0.419986, -1.57018)
1544304.33232004
normal
simd_float4x4([[0.0400993, -0.99527, 0.0884797, 0.0)], [0.911498, 0.00015914, -0.411304, 0.0)], [0.409345, 0.0971421, 0.907193, 0.0)], [-0.236713, 0.146087, 0.163331, 1.0)]])
-0.236713, 0.146087, 0.163331
float3(-0.0972956, 0.423869, -1.57064)
1544304.43237083
normal
simd_float4x4([[0.0406085, -0.995175, 0.0893186, 0.0)], [0.911252, 0.000219788, -0.41185, 0.0)], [0.409843, 0.0981163, 0.906864, 0.0)], [-0.236833, 0.147593, 0.160061, 1.0)]])
-0.236833, 0.147593, 0.160061
float3(-0.0982744, 0.424462, -1.57058)
1544304.53242129
normal
simd_float4x4([[0.0432502, -0.994955, 0.0905152, 0.0)], [0.91042, 0.00194121, -0.413681, 0.0)], [0.411419, 0.100299, 0.905911, 0.0)], [-0.225247, 0.120276, 0.150943, 1.0)]])
-0.225247, 0.120276, 0.150943
float3(-0.100468, 0.426299, -1.56885)
1544304.63247188
normal
simd_float4x4([[0.0461281, -0.994721, 0.091666, 0.0)], [0.914002, 0.00500055, -0.405679, 0.0)], [0.403079, 0.102496, 0.909407, 0.0)], [-0.23154, 0.120457, 0.149223, 1.0)]])
-0.23154, 0.120457, 0.149223
float3(-0.102676, 0.417212, -1.56577)
1544304.73252267
normal
simd_float4x4([[0.0455496, -0.994373, 0.0956388, 0.0)], [0.918395, 0.00401612, -0.395644, 0.0)], [0.393034, 0.105856, 0.91341, 0.0)], [-0.23115, 0.118882, 0.153708, 1.0)]])
-0.23115, 0.118882, 0.153708
float3(-0.106054, 0.406345, -1.56676)
1544304.83257325
normal
simd_float4x4([[0.0414423, -0.994104, 0.100201, 0.0)], [0.922509, -0.000446588, -0.385974, 0.0)], [0.383743, 0.108432, 0.917052, 0.0)], [-0.225751, 0.117776, 0.144212, 1.0)]])
-0.225751, 0.117776, 0.144212
float3(-0.108645, 0.396312, -1.57125)
1544304.93262392
normal
simd_float4x4([[0.0408184, -0.993752, 0.103881, 0.0)], [0.928945, -0.00054406, -0.370218, 0.0)], [0.367962, 0.111612, 0.923118, 0.0)], [-0.220934, 0.117569, 0.13695, 1.0)]])
-0.220934, 0.117569, 0.13695
float3(-0.111845, 0.379305, -1.57134)
1544305.03267458
normal
simd_float4x4([[0.0379205, -0.993543, 0.106931, 0.0)], [0.941514, -0.000332327, -0.336973, 0.0)], [0.334833, 0.113455, 0.935422, 0.0)], [-0.221648, 0.116038, 0.140203, 1.0)]])
-0.221648, 0.116038, 0.140203
float3(-0.1137, 0.343738, -1.57113)
1544305.13272525
normal
simd_float4x4([[0.0327035, -0.993269, 0.111121, 0.0)], [0.954969, -0.00175056, -0.2967, 0.0)], [0.294898, 0.11582, 0.948483, 0.0)], [-0.22546, 0.116699, 0.150692, 1.0)]])
-0.22546, 0.116699, 0.150692
float3(-0.116081, 0.30144, -1.57256)
1544305.23277596
normal
simd_float4x4([[0.0326026, -0.992966, 0.113819, 0.0)], [0.96523, 0.00172921, -0.261398, 0.0)], [0.259362, 0.118384, 0.958497, 0.0)], [-0.205589, 0.113676, 0.136924, 1.0)]])
-0.205589, 0.113676, 0.136924
float3(-0.118662, 0.264264, -1.56905)
1544305.33282646
normal
simd_float4x4([[0.0299181, -0.99242, 0.119199, 0.0)], [0.979311, 0.0052254, -0.202295, 0.0)], [0.200139, 0.122785, 0.972043, 0.0)], [-0.192231, 0.113363, 0.118461, 1.0)]])
-0.192231, 0.113363, 0.118461
float3(-0.123095, 0.203057, -1.56553)
1544305.43287725
normal
simd_float4x4([[0.0217893, -0.991329, 0.129585, 0.0)], [0.990707, 0.00400429, -0.135952, 0.0)], [0.134254, 0.131343, 0.982204, 0.0)], [-0.170182, 0.112471, 0.115541, 1.0)]])
-0.170182, 0.112471, 0.115541
float3(-0.131723, 0.135845, -1.56676)
1544305.53292779
normal
simd_float4x4([[0.0213927, -0.989477, 0.143103, 0.0)], [0.993489, 0.00501916, -0.113814, 0.0)], [0.111898, 0.144606, 0.983142, 0.0)], [-0.154607, 0.0931024, 0.0115919, 1.0)]])
-0.154607, 0.0931024, 0.0115919
float3(-0.145115, 0.113329, -1.56572)
1544305.63297862
normal
simd_float4x4([[0.00970965, -0.987916, 0.154687, 0.0)], [0.998831, 0.00225682, -0.0482829, 0.0)], [0.0473503, 0.154975, 0.986783, 0.0)], [-0.0932982, 0.137313, -0.0635161, 1.0)]])
-0.0932982, 0.137313, -0.0635161
float3(-0.155603, 0.0479478, -1.56851)
1544305.73302913
normal
simd_float4x4([[-0.00347188, -0.98604, 0.16647, 0.0)], [0.999831, -0.000415765, 0.0183897, 0.0)], [-0.0180637, 0.166505, 0.985875, 0.0)], [-0.0670434, 0.133692, -0.0691025, 1.0)]])
-0.0670434, 0.133692, -0.0691025
float3(-0.167285, -0.0183205, -1.57122)
1544305.83307971
normal
simd_float4x4([[-0.0119754, -0.984133, 0.177029, 0.0)], [0.997411, 0.000797622, 0.0719052, 0.0)], [-0.0709056, 0.177432, 0.981575, 0.0)], [-0.0409912, 0.130582, -0.0765241, 1.0)]])
-0.0409912, 0.130582, -0.0765241
float3(-0.178376, -0.0721112, -1.56999)
1544305.93313042
normal
simd_float4x4([[-0.0186391, -0.981714, 0.189447, 0.0)], [0.993189, 0.00361652, 0.116457, 0.0)], [-0.115013, 0.190327, 0.97496, 0.0)], [-0.0122744, 0.126415, -0.084353, 1.0)]])
-0.0122744, 0.126415, -0.084353
float3(-0.191495, -0.117424, -1.56711)
1544306.03318108
normal
simd_float4x4([[-0.0188082, -0.979744, 0.19937, 0.0)], [0.98896, 0.0110837, 0.147764, 0.0)], [-0.146981, 0.199948, 0.968719, 0.0)], [0.0175087, 0.12441, -0.0936557, 1.0)]])
0.0175087, 0.12441, -0.0936557
float3(-0.201305, -0.150578, -1.55948)
1544306.13323183
normal
simd_float4x4([[-0.0162803, -0.978652, 0.204876, 0.0)], [0.984887, 0.0196399, 0.172079, 0.0)], [-0.172429, 0.204582, 0.963543, 0.0)], [0.0488113, 0.121879, -0.10256, 1.0)]])
0.0488113, 0.121879, -0.10256
float3(-0.206036, -0.177079, -1.55073)
1544306.23328233
normal
simd_float4x4([[-0.0101108, -0.97645, 0.215508, 0.0)], [0.981601, 0.0314037, 0.18834, 0.0)], [-0.190673, 0.213448, 0.958167, 0.0)], [0.0801314, 0.11653, -0.114047, 1.0)]])
0.0801314, 0.11653, -0.114047
float3(-0.215103, -0.196431, -1.53865)
1544306.33333321
normal
simd_float4x4([[-0.00417841, -0.973883, 0.227012, 0.0)], [0.980687, 0.0404, 0.191367, 0.0)], [-0.19554, 0.223427, 0.954905, 0.0)], [0.109874, 0.109433, -0.132206, 1.0)]])
0.109874, 0.109433, -0.132206
float3(-0.225329, -0.201982, -1.52934)
1544306.43338379
normal
simd_float4x4([[0.000181036, -0.967527, 0.252769, 0.0)], [0.980226, 0.0501892, 0.191407, 0.0)], [-0.197878, 0.247737, 0.948404, 0.0)], [0.13706, 0.0996703, -0.161798, 1.0)]])
0.13706, 0.0996703, -0.161798
float3(-0.250343, -0.205692, -1.51897)
1544306.53343433
normal
simd_float4x4([[-0.0129862, -0.960483, 0.278036, 0.0)], [0.983081, 0.0385438, 0.179068, 0.0)], [-0.182708, 0.275657, 0.943732, 0.0)], [0.167287, 0.0900111, -0.205545, 1.0)]])
0.167287, 0.0900111, -0.205545
float3(-0.279273, -0.191236, -1.53069)
1544306.63348517
normal
simd_float4x4([[-0.0168705, -0.957611, 0.287572, 0.0)], [0.984852, 0.0337267, 0.170086, 0.0)], [-0.172575, 0.286085, 0.942535, 0.0)], [0.184656, 0.0794126, -0.259224, 1.0)]])
0.184656, 0.0794126, -0.259224
float3(-0.290138, -0.181091, -1.53559)
1544306.73353567
normal
simd_float4x4([[-0.0268908, -0.953619, 0.299814, 0.0)], [0.986487, 0.0231751, 0.162193, 0.0)], [-0.161618, 0.300124, 0.940109, 0.0)], [0.196524, 0.0655499, -0.325065, 1.0)]])
0.196524, 0.0655499, -0.325065
float3(-0.304823, -0.17025, -1.5465)
1544306.8335865
normal
simd_float4x4([[-0.0314301, -0.951942, 0.304662, 0.0)], [0.987782, 0.0169655, 0.154914, 0.0)], [-0.152638, 0.305808, 0.939778, 0.0)], [0.20404, 0.0601446, -0.399955, 1.0)]])
0.20404, 0.0601446, -0.399955
float3(-0.310787, -0.161013, -1.55298)
1544306.93363671
normal
simd_float4x4([[-0.0291722, -0.952444, 0.303312, 0.0)], [0.985283, 0.0237278, 0.169272, 0.0)], [-0.168419, 0.303787, 0.937736, 0.0)], [0.20485, 0.0649686, -0.472875, 1.0)]])
0.20485, 0.0649686, -0.472875
float3(-0.308665, -0.177707, -1.54589)
1544307.03368775
normal
simd_float4x4([[-0.0546531, -0.955358, 0.290353, 0.0)], [0.985242, -0.00435789, 0.171113, 0.0)], [-0.162209, 0.295419, 0.941496, 0.0)], [0.217271, 0.0703721, -0.542214, 1.0)]])
0.217271, 0.0703721, -0.542214
float3(-0.299894, -0.170614, -1.57536)
1544307.13373846
normal
simd_float4x4([[-0.0592733, -0.951083, 0.303196, 0.0)], [0.985139, -0.0066824, 0.171628, 0.0)], [-0.161207, 0.308863, 0.937345, 0.0)], [0.229077, 0.0756601, -0.612843, 1.0)]])
0.229077, 0.0756601, -0.612843
float3(-0.313998, -0.170316, -1.57782)
1544307.23378908
normal
simd_float4x4([[-0.0760128, -0.949774, 0.303563, 0.0)], [0.985376, -0.024991, 0.168549, 0.0)], [-0.152498, 0.311936, 0.937785, 0.0)], [0.247617, 0.0724247, -0.684203, 1.0)]])
0.247617, 0.0724247, -0.684203
float3(-0.31723, -0.161204, -1.5971)
1544307.33383983
normal
simd_float4x4([[-0.0814564, -0.947622, 0.308832, 0.0)], [0.986318, -0.0320842, 0.1617, 0.0)], [-0.143322, 0.317778, 0.93727, 0.0)], [0.26812, 0.0607545, -0.76544, 1.0)]])
0.26812, 0.0607545, -0.76544
float3(-0.323385, -0.151739, -1.60464)
1544307.43389042
normal
simd_float4x4([[-0.073348, -0.947944, 0.309875, 0.0)], [0.988543, -0.0280049, 0.14832, 0.0)], [-0.131921, 0.317204, 0.939137, 0.0)], [0.294979, 0.0480625, -0.854989, 1.0)]])
0.294979, 0.0480625, -0.854989
float3(-0.32278, -0.139557, -1.60033)
1544307.53394108
normal
simd_float4x4([[-0.062417, -0.950721, 0.3037, 0.0)], [0.989329, -0.0187985, 0.144481, 0.0)], [-0.131652, 0.309478, 0.941749, 0.0)], [0.325337, 0.0459778, -0.940538, 1.0)]])
0.325337, 0.0459778, -0.940538
float3(-0.314644, -0.138895, -1.59057)
1544307.63399171
normal
simd_float4x4([[-0.0492933, -0.946022, 0.320332, 0.0)], [0.989349, -0.00226833, 0.145544, 0.0)], [-0.136961, 0.324095, 0.936058, 0.0)], [0.355623, 0.0540814, -1.02818, 1.0)]])
0.355623, 0.0540814, -1.02818
float3(-0.330055, -0.145286, -1.57319)
1544307.7340425
normal
simd_float4x4([[-0.0538067, -0.948835, 0.311154, 0.0)], [0.990045, -0.0101063, 0.140386, 0.0)], [-0.130059, 0.31561, 0.939933, 0.0)], [0.381697, 0.0630461, -1.10818, 1.0)]])
0.381697, 0.0630461, -1.10818
float3(-0.3211, -0.137497, -1.58145)
1544307.83409317
normal
simd_float4x4([[-0.0476782, -0.945728, 0.321442, 0.0)], [0.990718, -0.00376338, 0.135877, 0.0)], [-0.127293, 0.324937, 0.93713, 0.0)], [0.400746, 0.0667237, -1.19103, 1.0)]])
0.400746, 0.0667237, -1.19103
float3(-0.330946, -0.135006, -1.57478)
1544307.93414383
normal
simd_float4x4([[-0.0426041, -0.947089, 0.31813, 0.0)], [0.990256, 0.002225, 0.13924, 0.0)], [-0.13258, 0.320962, 0.937766, 0.0)], [0.415965, 0.0601733, -1.27272, 1.0)]])
0.415965, 0.0601733, -1.27272
float3(-0.326745, -0.140448, -1.56845)
1544308.03419467
normal
simd_float4x4([[-0.0324168, -0.953208, 0.300574, 0.0)], [0.989867, 0.0109776, 0.14157, 0.0)], [-0.138245, 0.302117, 0.943193, 0.0)], [0.421828, 0.0517826, -1.35927, 1.0)]])
0.421828, 0.0517826, -1.35927
float3(-0.306913, -0.145535, -1.55928)
1544308.13424517
normal
simd_float4x4([[-0.0237689, -0.95768, 0.286852, 0.0)], [0.988052, 0.0212017, 0.152655, 0.0)], [-0.152277, 0.287053, 0.945734, 0.0)], [0.423953, 0.0510762, -1.45144, 1.0)]])
0.423953, 0.0510762, -1.45144
float3(-0.291149, -0.159644, -1.54866)
1544308.234296
normal
simd_float4x4([[-0.0392264, -0.954969, 0.2941, 0.0)], [0.988316, 0.00630326, 0.152287, 0.0)], [-0.147283, 0.296638, 0.943564, 0.0)], [0.430717, 0.0561554, -1.5469, 1.0)]])
0.430717, 0.0561554, -1.5469
float3(-0.30117, -0.154843, -1.5642)
1544308.33434658
normal
simd_float4x4([[-0.0698618, -0.954533, 0.289805, 0.0)], [0.989131, -0.0286064, 0.144224, 0.0)], [-0.129376, 0.296731, 0.946157, 0.0)], [0.446466, 0.0629403, -1.63673, 1.0)]])
0.446466, 0.0629403, -1.63673
float3(-0.301267, -0.135896, -1.60076)
1544308.43439717
normal
simd_float4x4([[-0.0624472, -0.949149, 0.308572, 0.0)], [0.988433, -0.0160038, 0.150807, 0.0)], [-0.1382, 0.31442, 0.93917, 0.0)], [0.45634, 0.0663795, -1.7293, 1.0)]])
0.45634, 0.0663795, -1.7293
float3(-0.319846, -0.146103, -1.58766)
1544308.53444808
normal
simd_float4x4([[-0.0382721, -0.955987, 0.290902, 0.0)], [0.988039, 0.00731626, 0.154033, 0.0)], [-0.149382, 0.293318, 0.944272, 0.0)], [0.470554, 0.059987, -1.81656, 1.0)]])
0.470554, 0.059987, -1.81656
float3(-0.297696, -0.156898, -1.56314)
1544308.63449863
normal
simd_float4x4([[-0.0249368, -0.965006, 0.261038, 0.0)], [0.991, 0.0104898, 0.133448, 0.0)], [-0.131517, 0.262016, 0.95606, 0.0)], [0.491289, 0.0563566, -1.90583, 1.0)]])
0.491289, 0.0563566, -1.90583
float3(-0.265111, -0.136703, -1.55993)
1544308.73454938
normal
simd_float4x4([[-0.00746214, -0.966692, 0.255834, 0.0)], [0.989152, 0.0303987, 0.143716, 0.0)], [-0.146706, 0.254131, 0.955978, 0.0)], [0.512398, 0.0621587, -1.99665, 1.0)]])
0.512398, 0.0621587, -1.99665
float3(-0.256949, -0.152274, -1.53936)
1544308.8346
normal
simd_float4x4([[-0.00787172, -0.964516, 0.263906, 0.0)], [0.990396, 0.0289111, 0.135205, 0.0)], [-0.138037, 0.262436, 0.955025, 0.0)], [0.541871, 0.0810587, -2.08905, 1.0)]])
0.541871, 0.0810587, -2.08905
float3(-0.265546, -0.143544, -1.54083)
1544308.93465058
normal
simd_float4x4([[-0.0182164, -0.963855, 0.265804, 0.0)], [0.989567, 0.0206201, 0.142591, 0.0)], [-0.142918, 0.265628, 0.953423, 0.0)], [0.558614, 0.0910575, -2.17538, 1.0)]])
0.558614, 0.0910575, -2.17538
float3(-0.268856, -0.148792, -1.54941)
1544309.03470146
normal
simd_float4x4([[-0.00109205, -0.968375, 0.249497, 0.0)], [0.991425, 0.0315539, 0.12681, 0.0)], [-0.130672, 0.247496, 0.960037, 0.0)], [0.570674, 0.0946799, -2.26682, 1.0)]])
0.570674, 0.0946799, -2.26682
float3(-0.250095, -0.13528, -1.53822)
1544309.13475213
normal
simd_float4x4([[0.013757, -0.97416, 0.225441, 0.0)], [0.990849, 0.0435581, 0.127756, 0.0)], [-0.134274, 0.221621, 0.965844, 0.0)], [0.576677, 0.0873445, -2.36305, 1.0)]])
0.576677, 0.0873445, -2.36305
float3(-0.223476, -0.138137, -1.52611)
1544309.234803
normal
simd_float4x4([[0.0100323, -0.978873, 0.204222, 0.0)], [0.991035, 0.0369437, 0.128394, 0.0)], [-0.133226, 0.201103, 0.970468, 0.0)], [0.583632, 0.0789269, -2.46512, 1.0)]])
0.583632, 0.0789269, -2.46512
float3(-0.202484, -0.136428, -1.53307)
1544309.33485354
normal
simd_float4x4([[-0.0105491, -0.978886, 0.204135, 0.0)], [0.984944, 0.025055, 0.171045, 0.0)], [-0.172548, 0.202866, 0.963884, 0.0)], [0.589667, 0.0788727, -2.56871, 1.0)]])
0.589667, 0.0788727, -2.56871
float3(-0.204284, -0.177137, -1.54521)
1544309.43490433
normal
simd_float4x4([[-0.0438738, -0.981986, 0.183789, 0.0)], [0.983922, -0.0105929, 0.178283, 0.0)], [-0.173124, 0.188656, 0.966663, 0.0)], [0.604507, 0.0936202, -2.66953, 1.0)]])
0.604507, 0.0936202, -2.66953
float3(-0.189793, -0.177216, -1.58158)
1544309.53495496
normal
simd_float4x4([[-0.0338019, -0.985393, 0.166909, 0.0)], [0.986499, -0.00611949, 0.163654, 0.0)], [-0.160242, 0.170188, 0.972295, 0.0)], [0.613349, 0.104993, -2.77004, 1.0)]])
0.613349, 0.104993, -2.77004
float3(-0.17102, -0.16334, -1.57701)
1544309.63500562
normal
simd_float4x4([[-0.0437354, -0.987642, 0.150503, 0.0)], [0.984748, -0.0172249, 0.173128, 0.0)], [-0.168397, 0.155779, 0.973332, 0.0)], [0.628287, 0.105977, -2.86816, 1.0)]])
0.628287, 0.105977, -2.86816
float3(-0.156416, -0.171315, -1.58823)
1544309.73505633
normal
simd_float4x4([[-0.0362166, -0.990115, 0.135498, 0.0)], [0.986301, -0.0135797, 0.164393, 0.0)], [-0.160928, 0.139596, 0.977044, 0.0)], [0.647322, 0.0954128, -2.97758, 1.0)]])
0.647322, 0.0954128, -2.97758
float3(-0.140053, -0.163244, -1.58451)
1544309.83510717
normal
simd_float4x4([[-0.0203324, -0.992485, 0.120666, 0.0)], [0.988412, -0.00179483, 0.151786, 0.0)], [-0.150429, 0.122354, 0.98102, 0.0)], [0.666656, 0.0923433, -3.07172, 1.0)]])
0.666656, 0.0923433, -3.07172
float3(-0.122661, -0.152154, -1.5726)
1544309.93515775
normal
simd_float4x4([[-0.00196872, -0.992143, 0.125096, 0.0)], [0.990255, 0.0154858, 0.138403, 0.0)], [-0.139253, 0.124149, 0.982444, 0.0)], [0.688414, 0.10613, -3.16975, 1.0)]])
0.688414, 0.10613, -3.16975
float3(-0.12447, -0.140803, -1.55519)
1544310.0352085
normal
simd_float4x4([[-0.00727113, -0.994206, 0.107243, 0.0)], [0.990812, 0.00732093, 0.135047, 0.0)], [-0.135049, 0.10724, 0.985018, 0.0)], [0.704928, 0.116786, -3.25986, 1.0)]])
0.704928, 0.116786, -3.25986
float3(-0.107446, -0.136254, -1.56343)
1544310.13525925
normal
simd_float4x4([[-0.00369537, -0.992851, 0.1193, 0.0)], [0.993281, 0.0101553, 0.115282, 0.0)], [-0.11567, 0.118924, 0.986143, 0.0)], [0.714855, 0.119371, -3.35623, 1.0)]])
0.714855, 0.119371, -3.35623
float3(-0.119207, -0.116762, -1.56057)
1544310.23531
normal
simd_float4x4([[0.0086838, -0.99274, 0.119963, 0.0)], [0.993004, 0.0226888, 0.115878, 0.0)], [-0.117759, 0.118117, 0.985992, 0.0)], [0.717767, 0.113634, -3.44764, 1.0)]])
0.717767, 0.113634, -3.44764
float3(-0.118394, -0.118868, -1.54795)
1544310.33536058
normal
simd_float4x4([[0.00690407, -0.993107, 0.117005, 0.0)], [0.993097, 0.0205099, 0.115484, 0.0)], [-0.117087, 0.1154, 0.986394, 0.0)], [0.724546, 0.104768, -3.55263, 1.0)]])
0.724546, 0.104768, -3.55263
float3(-0.115658, -0.11815, -1.55015)
1544310.43541138
normal
simd_float4x4([[0.00535221, -0.993732, 0.111657, 0.0)], [0.990487, 0.020622, 0.136055, 0.0)], [-0.137505, 0.109867, 0.984389, 0.0)], [0.719583, 0.10965, -3.64066, 1.0)]])
0.719583, 0.10965, -3.64066
float3(-0.110089, -0.138787, -1.55005)
1544310.53546204
normal
simd_float4x4([[-0.00708497, -0.993567, 0.113023, 0.0)], [0.989096, 0.00966401, 0.146957, 0.0)], [-0.147104, 0.112832, 0.982664, 0.0)], [0.717898, 0.11783, -3.72948, 1.0)]])
0.717898, 0.11783, -3.72948
float3(-0.113073, -0.148595, -1.56107)
1544310.63551292
normal
simd_float4x4([[-0.00356574, -0.992499, 0.122198, 0.0)], [0.990132, 0.013615, 0.139475, 0.0)], [-0.140092, 0.121489, 0.982657, 0.0)], [0.720356, 0.129605, -3.82257, 1.0)]])
0.720356, 0.129605, -3.82257
float3(-0.12179, -0.141611, -1.55708)
1544310.73556346
normal
simd_float4x4([[-0.0180406, -0.992107, 0.124091, 0.0)], [0.989377, 0.000191413, 0.145368, 0.0)], [-0.144245, 0.125395, 0.981565, 0.0)], [0.728374, 0.130118, -3.915, 1.0)]])
0.728374, 0.130118, -3.915
float3(-0.125726, -0.14591, -1.5706)
1544310.83561408
normal
simd_float4x4([[-0.0246364, -0.993965, 0.106892, 0.0)], [0.989524, -0.00903164, 0.144082, 0.0)], [-0.142247, 0.109322, 0.983775, 0.0)], [0.740119, 0.119845, -4.00593, 1.0)]])
0.740119, 0.119845, -4.00593
float3(-0.109541, -0.143598, -1.57988)
1544310.935665
normal
simd_float4x4([[-0.0216735, -0.996007, 0.0866013, 0.0)], [0.991535, -0.0103229, 0.129425, 0.0)], [-0.128015, 0.0886734, 0.9878, 0.0)], [0.755123, 0.114079, -4.09266, 1.0)]])
0.755123, 0.114079, -4.09266
float3(-0.08879, -0.128877, -1.58116)
1544311.03571554
normal
simd_float4x4([[-0.000741908, -0.995495, 0.0948134, 0.0)], [0.991695, 0.0114617, 0.128103, 0.0)], [-0.128612, 0.094121, 0.987218, 0.0)], [0.769127, 0.123037, -4.18602, 1.0)]])
0.769127, 0.123037, -4.18602
float3(-0.0942605, -0.129548, -1.55928)
1544311.13576642
normal
simd_float4x4([[-0.00578795, -0.997406, 0.071745, 0.0)], [0.990417, 0.0041824, 0.138045, 0.0)], [-0.137987, 0.0718565, 0.987824, 0.0)], [0.786172, 0.138115, -4.27102, 1.0)]])
0.786172, 0.138115, -4.27102
float3(-0.0719185, -0.13879, -1.5666)
1544311.23581713
normal
simd_float4x4([[-0.00782641, -0.997417, 0.0713998, 0.0)], [0.99088, 0.00186994, 0.134736, 0.0)], [-0.134522, 0.0718031, 0.988306, 0.0)], [0.795167, 0.142037, -4.36574, 1.0)]])
0.795167, 0.142037, -4.36574
float3(-0.071865, -0.135282, -1.56892)
1544311.33586788
normal
simd_float4x4([[0.017904, -0.996683, 0.0793922, 0.0)], [0.99, 0.0287846, 0.1381, 0.0)], [-0.139928, 0.0761258, 0.987231, 0.0)], [0.800236, 0.13633, -4.46558, 1.0)]])
0.800236, 0.13633, -4.46558
float3(-0.0761995, -0.1408, -1.54192)
1544311.43591858
normal
simd_float4x4([[0.0159179, -0.996915, 0.0768641, 0.0)], [0.989095, 0.0269567, 0.144791, 0.0)], [-0.146416, 0.0737211, 0.986472, 0.0)], [0.807412, 0.121273, -4.57353, 1.0)]])
0.807412, 0.121273, -4.57353
float3(-0.0737881, -0.147348, -1.54376)
1544311.53596925
normal
simd_float4x4([[0.0102478, -0.997397, 0.0713765, 0.0)], [0.987341, 0.0213916, 0.157164, 0.0)], [-0.158282, 0.0688623, 0.98499, 0.0)], [0.810395, 0.121845, -4.67972, 1.0)]])
0.810395, 0.121845, -4.67972
float3(-0.0689169, -0.159331, -1.54935)
1544311.63602008
normal
simd_float4x4([[0.0079282, -0.997271, 0.0733992, 0.0)], [0.982558, 0.0214066, 0.18472, 0.0)], [-0.185787, 0.0706545, 0.980046, 0.0)], [0.810182, 0.130204, -4.78118, 1.0)]])
0.810182, 0.130204, -4.78118
float3(-0.0707134, -0.187347, -1.54933)
1544311.73607083
normal
