ARKit Data
5259.603074458
normal
simd_float4x4([[0.058607, -0.609942, 0.790276, 0.0)], [-0.188851, -0.784116, -0.591183, 0.0)], [0.980256, -0.114597, -0.161143, 0.0)], [1.66074, -0.757334, -1.38625, 1.0)]])
1.66074, -0.757334, -1.38625
float3(0.114849, 1.73373, -2.48049)
5260.007862666
notAvailable
simd_float4x4([[1.0, 0.0, 0.0, 0.0)], [0.0, 1.0, 0.0, 0.0)], [0.0, 0.0, 1.0, 0.0)], [0.0, 0.0, 0.0, 1.0)]])
0.0, 0.0, 0.0
float3(-0.0, 0.0, 0.0)
5260.12451625
limited(__ObjC.ARCamera.TrackingState.Reason.initializing)
simd_float4x4([[-0.80054, -0.597754, -0.0427266, 0.0)], [0.599279, -0.798503, -0.0570758, 0.0)], [7.98421e-08, -0.0712966, 0.997455, 0.0)], [0.0, 0.0, 0.0, 1.0)]])
0.0, 0.0, 0.0
float3(0.0713572, 8.00458e-08, -2.49899)
5260.257834875
limited(__ObjC.ARCamera.TrackingState.Reason.initializing)
simd_float4x4([[-0.80278, -0.59476, -0.0424803, 0.0)], [0.596269, -0.801059, -0.0526053, 0.0)], [-0.00274173, -0.0675601, 0.997711, 0.0)], [0.0, 0.0, 0.0, 1.0)]])
0.0, 0.0, 0.0
float3(0.0676116, -0.00274801, -2.50293)
5260.391153416
limited(__ObjC.ARCamera.TrackingState.Reason.initializing)
simd_float4x4([[-0.791394, -0.609109, -0.0517867, 0.0)], [0.610662, -0.791607, -0.0212277, 0.0)], [-0.0280648, -0.0484237, 0.998433, 0.0)], [0.0, 0.0, 0.0, 1.0)]])
0.0, 0.0, 0.0
float3(0.0484427, -0.0281014, -2.48575)
5260.524471833
limited(__ObjC.ARCamera.TrackingState.Reason.initializing)
simd_float4x4([[-0.79685, -0.603604, -0.0263119, 0.0)], [0.604119, -0.795415, -0.0485348, 0.0)], [0.00836686, -0.0545705, 0.998475, 0.0)], [0.0, 0.0, 0.0, 1.0)]])
0.0, 0.0, 0.0
float3(0.0545976, 0.00837945, -2.49245)
5260.657790333
limited(__ObjC.ARCamera.TrackingState.Reason.initializing)
simd_float4x4([[-0.796609, -0.598685, -0.083607, 0.0)], [0.602498, -0.797579, -0.0293902, 0.0)], [-0.0490877, -0.0737856, 0.996065, 0.0)], [0.0, 0.0, 0.0, 1.0)]])
0.0, 0.0, 0.0
float3(0.0738527, -0.0492418, -2.49769)
5260.791108833
limited(__ObjC.ARCamera.TrackingState.Reason.initializing)
simd_float4x4([[-0.798564, -0.600697, -0.0381879, 0.0)], [0.601886, -0.797489, -0.0417678, 0.0)], [-0.00536468, -0.0563391, 0.998397, 0.0)], [0.0, 0.0, 0.0, 1.0)]])
0.0, 0.0, 0.0
float3(0.0563689, -0.00537325, -2.49602)
5260.924427166
limited(__ObjC.ARCamera.TrackingState.Reason.initializing)
simd_float4x4([[-0.797369, -0.601614, -0.0475688, 0.0)], [0.603369, -0.796318, -0.0426817, 0.0)], [-0.012202, -0.0627346, 0.997954, 0.0)], [0.0, 0.0, 0.0, 1.0)]])
0.0, 0.0, 0.0
float3(0.0627758, -0.0122264, -2.49458)
5261.057745708
limited(__ObjC.ARCamera.TrackingState.Reason.initializing)
simd_float4x4([[-0.795533, -0.605062, -0.0320197, 0.0)], [0.605901, -0.794115, -0.0475789, 0.0)], [0.00336089, -0.0572514, 0.998352, 0.0)], [0.0, 0.0, 0.0, 1.0)]])
0.0, 0.0, 0.0
float3(0.0572827, 0.00336643, -2.4905)
5261.191064166
limited(__ObjC.ARCamera.TrackingState.Reason.initializing)
simd_float4x4([[-0.794648, -0.606174, -0.0329615, 0.0)], [0.607035, -0.792837, -0.0540067, 0.0)], [0.00660444, -0.0629251, 0.997995, 0.0)], [0.0, 0.0, 0.0, 1.0)]])
0.0, 0.0, 0.0
float3(0.0629667, 0.00661761, -2.48884)
5261.324382666
limited(__ObjC.ARCamera.TrackingState.Reason.initializing)
simd_float4x4([[-0.794171, -0.606939, -0.0302808, 0.0)], [0.607618, -0.79229, -0.0554647, 0.0)], [0.00967256, -0.0624476, 0.998, 0.0)], [0.0, 0.0, 0.0, 1.0)]])
0.0, 0.0, 0.0
float3(0.0624882, 0.00969164, -2.48789)
5261.457701291
limited(__ObjC.ARCamera.TrackingState.Reason.initializing)
simd_float4x4([[-0.792438, -0.608209, -0.04607, 0.0)], [0.609949, -0.790403, -0.0567757, 0.0)], [-0.00188235, -0.0730916, 0.997322, 0.0)], [0.0, 0.0, 0.0, 1.0)]])
0.0, 0.0, 0.0
float3(0.0731569, -0.00188741, -2.48573)
5261.59101975
limited(__ObjC.ARCamera.TrackingState.Reason.initializing)
simd_float4x4([[-0.791279, -0.608779, -0.0571411, 0.0)], [0.611367, -0.789293, -0.0569737, 0.0)], [-0.0104166, -0.0800163, 0.996738, 0.0)], [0.0, 0.0, 0.0, 1.0)]])
0.0, 0.0, 0.0
float3(0.0801019, -0.0104503, -2.4846)
5261.72433825
limited(__ObjC.ARCamera.TrackingState.Reason.initializing)
simd_float4x4([[-0.793181, -0.606223, -0.0579448, 0.0)], [0.60887, -0.791287, -0.0560493, 0.0)], [-0.0118725, -0.0797381, 0.996745, 0.0)], [0.0, 0.0, 0.0, 1.0)]])
0.0, 0.0, 0.0
float3(0.0798229, -0.0119107, -2.48785)
5261.857656583
limited(__ObjC.ARCamera.TrackingState.Reason.initializing)
simd_float4x4([[-0.796445, -0.601988, -0.057324, 0.0)], [0.604609, -0.794467, -0.0571879, 0.0)], [-0.0111156, -0.0802056, 0.996716, 0.0)], [0.0, 0.0, 0.0, 1.0)]])
0.0, 0.0, 0.0
float3(0.0802918, -0.0111518, -2.49317)
5261.990975125
limited(__ObjC.ARCamera.TrackingState.Reason.initializing)
simd_float4x4([[-0.798333, -0.598712, -0.0648717, 0.0)], [0.601936, -0.796606, -0.0555929, 0.0)], [-0.0183931, -0.0834303, 0.996343, 0.0)], [0.0, 0.0, 0.0, 1.0)]])
0.0, 0.0, 0.0
float3(0.0835273, -0.0184585, -2.49708)
5262.124293625
limited(__ObjC.ARCamera.TrackingState.Reason.initializing)
simd_float4x4([[-0.802254, -0.59381, -0.0614442, 0.0)], [0.596575, -0.801251, -0.0457269, 0.0)], [-0.0220792, -0.0733407, 0.997059, 0.0)], [0.0, 0.0, 0.0, 1.0)]])
0.0, 0.0, 0.0
float3(0.0734066, -0.0221407, -2.50381)
5262.257612125
limited(__ObjC.ARCamera.TrackingState.Reason.initializing)
simd_float4x4([[-0.804221, -0.587898, -0.0871883, 0.0)], [0.592666, -0.80426, -0.0436894, 0.0)], [-0.0444373, -0.0868095, 0.99523, 0.0)], [0.0, 0.0, 0.0, 1.0)]])
0.0, 0.0, 0.0
float3(0.0869189, -0.0446206, -2.51038)
5262.390930625
limited(__ObjC.ARCamera.TrackingState.Reason.initializing)
simd_float4x4([[-0.807071, -0.581904, -0.100101, 0.0)], [0.587641, -0.808125, -0.0400643, 0.0)], [-0.0575807, -0.091158, 0.994165, 0.0)], [0.0, 0.0, 0.0, 1.0)]])
0.0, 0.0, 0.0
float3(0.0912848, -0.057854, -2.51753)
5262.52424925
limited(__ObjC.ARCamera.TrackingState.Reason.initializing)
simd_float4x4([[-0.805762, -0.585697, -0.0877649, 0.0)], [0.590469, -0.805929, -0.0426289, 0.0)], [-0.045765, -0.0861712, 0.995223, 0.0)], [0.0, 0.0, 0.0, 1.0)]])
0.0, 0.0, 0.0
float3(0.0862782, -0.0459523, -2.51315)
5262.657567583
limited(__ObjC.ARCamera.TrackingState.Reason.initializing)
simd_float4x4([[-0.793004, -0.608875, -0.0203005, 0.0)], [0.608968, -0.791282, -0.0549894, 0.0)], [0.0174185, -0.0559691, 0.998275, 0.0)], [0.0, 0.0, 0.0, 1.0)]])
0.0, 0.0, 0.0
float3(0.0559984, 0.0174468, -2.48574)
5262.790886166
limited(__ObjC.ARCamera.TrackingState.Reason.initializing)
simd_float4x4([[-0.744183, -0.630207, 0.221421, 0.0)], [0.629239, -0.772628, -0.0842379, 0.0)], [0.224165, 0.0766383, 0.971528, 0.0)], [0.0, 0.0, 0.0, 1.0)]])
0.0, 0.0, 0.0
float3(-0.0767135, 0.226766, -2.45737)
5262.924204708
limited(__ObjC.ARCamera.TrackingState.Reason.initializing)
simd_float4x4([[-0.729226, -0.634572, 0.256016, 0.0)], [0.637554, -0.765962, -0.0825768, 0.0)], [0.248501, 0.103007, 0.963133, 0.0)], [0.0, 0.0, 0.0, 1.0)]])
0.0, 0.0, 0.0
float3(-0.10319, 0.252506, -2.44973)
5263.057523083
limited(__ObjC.ARCamera.TrackingState.Reason.initializing)
simd_float4x4([[-0.742673, -0.641965, 0.190563, 0.0)], [0.643765, -0.762798, -0.0608091, 0.0)], [0.1844, 0.0775169, 0.979784, 0.0)], [0.0, 0.0, 0.0, 1.0)]])
0.0, 0.0, 0.0
float3(-0.0775947, 0.186029, -2.442)
5263.190841625
limited(__ObjC.ARCamera.TrackingState.Reason.initializing)
simd_float4x4([[-0.724771, -0.646215, 0.238979, 0.0)], [0.648646, -0.756915, -0.0795646, 0.0)], [0.232304, 0.0973469, 0.967754, 0.0)], [0.0, 0.0, 0.0, 1.0)]])
0.0, 0.0, 0.0
float3(-0.0975013, 0.235587, -2.43493)
5263.32416025
limited(__ObjC.ARCamera.TrackingState.Reason.initializing)
simd_float4x4([[-0.720025, -0.658289, 0.219583, 0.0)], [0.66249, -0.746252, -0.064866, 0.0)], [0.206566, 0.0987667, 0.97343, 0.0)], [0.0, 0.0, 0.0, 1.0)]])
0.0, 0.0, 0.0
float3(-0.098928, 0.209103, -2.41874)
5263.457478708
limited(__ObjC.ARCamera.TrackingState.Reason.initializing)
simd_float4x4([[-0.713076, -0.65428, 0.25187, 0.0)], [0.658776, -0.748221, -0.078578, 0.0)], [0.239868, 0.109894, 0.964562, 0.0)], [0.0, 0.0, 0.0, 1.0)]])
0.0, 0.0, 0.0
float3(-0.110117, 0.243736, -2.42308)
5263.590797208
limited(__ObjC.ARCamera.TrackingState.Reason.initializing)
simd_float4x4([[-0.725228, -0.657602, 0.203962, 0.0)], [0.656411, -0.749776, -0.0833959, 0.0)], [0.207769, 0.0734024, 0.975416, 0.0)], [0.0, 0.0, 0.0, 1.0)]])
0.0, 0.0, 0.0
float3(-0.0734684, 0.209869, -2.42159)
5263.724115541
limited(__ObjC.ARCamera.TrackingState.Reason.initializing)
simd_float4x4([[-0.727108, -0.656206, 0.201755, 0.0)], [0.652221, -0.752004, -0.0953547, 0.0)], [0.214294, 0.0622558, 0.974779, 0.0)], [0.0, 0.0, 0.0, 1.0)]])
0.0, 0.0, 0.0
float3(-0.0622961, 0.216396, -2.42412)
5263.857434125
limited(__ObjC.ARCamera.TrackingState.Reason.initializing)
simd_float4x4([[-0.724505, -0.656727, 0.209283, 0.0)], [0.650762, -0.751798, -0.106311, 0.0)], [0.227157, 0.059171, 0.972055, 0.0)], [0.0, 0.0, 0.0, 1.0)]])
0.0, 0.0, 0.0
float3(-0.0592056, 0.229568, -2.42359)
5263.99075275
normal
simd_float4x4([[-0.727461, -0.665259, 0.168022, 0.0)], [0.654053, -0.746339, -0.123263, 0.0)], [0.207403, 0.0202261, 0.978047, 0.0)], [0.000709376, 0.00147716, 0.00634206, 1.0)]])
0.000709376, 0.00147716, 0.00634206
float3(-0.0202274, 0.208963, -2.41357)
5264.124071291
normal
simd_float4x4([[-0.718818, -0.668554, 0.190622, 0.0)], [0.657155, -0.742902, -0.127453, 0.0)], [0.226823, 0.0336521, 0.973355, 0.0)], [0.000681233, 0.00689749, 0.0239419, 1.0)]])
0.000681233, 0.00689749, 0.0239419
float3(-0.0336585, 0.228946, -2.40882)
5264.257389791
normal
simd_float4x4([[-0.716454, -0.672427, 0.185835, 0.0)], [0.659556, -0.739677, -0.133654, 0.0)], [0.227331, 0.0268116, 0.973448, 0.0)], [0.00576638, 0.0154021, 0.0468694, 1.0)]])
0.00576638, 0.0154021, 0.0468694
float3(-0.0268148, 0.22942, -2.40378)
5264.390708125
normal
simd_float4x4([[-0.7287, -0.668492, 0.14871, 0.0)], [0.657168, -0.743674, -0.122801, 0.0)], [0.192683, 0.00824242, 0.981226, 0.0)], [0.010784, 0.0220342, 0.075997, 1.0)]])
0.010784, 0.0220342, 0.075997
float3(-0.00824251, 0.193902, -2.40938)
5264.524026625
normal
simd_float4x4([[-0.722412, -0.668193, 0.177873, 0.0)], [0.655262, -0.743696, -0.132471, 0.0)], [0.2208, 0.0208544, 0.975096, 0.0)], [0.0162368, 0.032025, 0.100469, 1.0)]])
0.0162368, 0.032025, 0.100469
float3(-0.0208559, 0.222683, -2.40962)
5264.657345208
normal
simd_float4x4([[-0.735189, -0.664543, 0.133716, 0.0)], [0.65241, -0.747227, -0.12654, 0.0)], [0.184008, -0.00579354, 0.982908, 0.0)], [0.0244045, 0.0423737, 0.137078, 1.0)]])
0.0244045, 0.0423737, 0.137078
float3(0.00579357, 0.185065, -2.4147)
5264.790663708
normal
simd_float4x4([[-0.727475, -0.668075, 0.156388, 0.0)], [0.653821, -0.74409, -0.137286, 0.0)], [0.208084, 0.00237768, 0.978108, 0.0)], [0.0287146, 0.0526693, 0.168346, 1.0)]])
0.0287146, 0.0526693, 0.168346
float3(-0.00237768, 0.209616, -2.40997)
5264.923982291
normal
simd_float4x4([[-0.729265, -0.66876, 0.144682, 0.0)], [0.65426, -0.743451, -0.138655, 0.0)], [0.200291, -0.00645679, 0.979715, 0.0)], [0.0415035, 0.0634755, 0.206705, 1.0)]])
0.0415035, 0.0634755, 0.206705
float3(0.00645683, 0.201659, -2.40903)
5265.057300916
normal
simd_float4x4([[-0.7318, -0.669312, 0.128417, 0.0)], [0.655724, -0.742839, -0.134969, 0.0)], [0.18573, -0.0145641, 0.982493, 0.0)], [0.0626123, 0.0733629, 0.250255, 1.0)]])
0.0626123, 0.0733629, 0.250255
float3(0.0145646, 0.186834, -2.40821)
5265.190619416
normal
simd_float4x4([[-0.722015, -0.663464, 0.196238, 0.0)], [0.647014, -0.747941, -0.148181, 0.0)], [0.245088, 0.01998, 0.969295, 0.0)], [0.0720767, 0.0809422, 0.292546, 1.0)]])
0.0720767, 0.0809422, 0.292546
float3(-0.0199813, 0.24766, -2.41598)
5265.32393775
normal
simd_float4x4([[-0.728312, -0.665814, 0.162025, 0.0)], [0.649479, -0.746116, -0.14659, 0.0)], [0.218491, -0.00153113, 0.975838, 0.0)], [0.0852631, 0.0936123, 0.351959, 1.0)]])
0.0852631, 0.0936123, 0.351959
float3(0.00153113, 0.220268, -2.41301)
5265.457256375
normal
simd_float4x4([[-0.736164, -0.664017, 0.130932, 0.0)], [0.64846, -0.747409, -0.144498, 0.0)], [0.193809, -0.0214705, 0.980804, 0.0)], [0.103187, 0.100147, 0.424302, 1.0)]])
0.103187, 0.100147, 0.424302
float3(0.0214722, 0.195089, -2.41521)
5265.590574875
normal
simd_float4x4([[-0.716312, -0.670978, 0.191536, 0.0)], [0.652027, -0.741393, -0.158736, 0.0)], [0.248511, 0.0111819, 0.968564, 0.0)], [0.119033, 0.108521, 0.474364, 1.0)]])
0.119033, 0.108521, 0.474364
float3(-0.0111821, 0.251159, -2.40601)
5265.723893375
normal
simd_float4x4([[-0.7209, -0.675479, 0.155021, 0.0)], [0.657257, -0.737301, -0.156209, 0.0)], [0.219813, -0.0107223, 0.975483, 0.0)], [0.139347, 0.120529, 0.542461, 1.0)]])
0.139347, 0.120529, 0.542461
float3(0.0107225, 0.221635, -2.39993)
5265.857211958
normal
simd_float4x4([[-0.713859, -0.677007, 0.179072, 0.0)], [0.658663, -0.735951, -0.156651, 0.0)], [0.237842, 0.00612185, 0.971285, 0.0)], [0.166904, 0.131703, 0.599687, 1.0)]])
0.166904, 0.131703, 0.599687
float3(-0.00612189, 0.240148, -2.39789)
5265.990530416
normal
simd_float4x4([[-0.708615, -0.65156, 0.270803, 0.0)], [0.627631, -0.757411, -0.180022, 0.0)], [0.322404, 0.0423974, 0.945652, 0.0)], [0.180859, 0.134105, 0.655483, 1.0)]])
0.180859, 0.134105, 0.655483
float3(-0.0424101, 0.328575, -2.43118)
5266.123848916
normal
simd_float4x4([[-0.708575, -0.65763, 0.25582, 0.0)], [0.636864, -0.752122, -0.169461, 0.0)], [0.303851, 0.0428463, 0.951756, 0.0)], [0.204755, 0.146503, 0.724545, 1.0)]])
0.204755, 0.146503, 0.724545
float3(-0.0428595, 0.309025, -2.42312)
5266.257167458
normal
simd_float4x4([[-0.719424, -0.658014, 0.222365, 0.0)], [0.637319, -0.752661, -0.165306, 0.0)], [0.276139, 0.022792, 0.960847, 0.0)], [0.2334, 0.148148, 0.787682, 1.0)]])
0.2334, 0.148148, 0.787682
float3(-0.022794, 0.279849, -2.42319)
5266.390486
normal
simd_float4x4([[-0.711118, -0.660929, 0.239759, 0.0)], [0.639223, -0.749779, -0.170953, 0.0)], [0.292754, 0.0316921, 0.955662, 0.0)], [0.26272, 0.157956, 0.854856, 1.0)]])
0.26272, 0.157956, 0.854856
float3(-0.0316974, 0.29726, -2.41909)
5266.523804416
normal
simd_float4x4([[-0.71492, -0.661543, 0.226385, 0.0)], [0.640639, -0.749468, -0.166968, 0.0)], [0.280125, 0.025662, 0.95962, 0.0)], [0.293931, 0.17143, 0.933473, 1.0)]])
0.293931, 0.17143, 0.933473
float3(-0.0256648, 0.284021, -2.41843)
5266.657122958
normal
simd_float4x4([[-0.71971, -0.646998, 0.251818, 0.0)], [0.624884, -0.761726, -0.171155, 0.0)], [0.302553, 0.0341747, 0.95252, 0.0)], [0.325954, 0.178829, 1.00241, 1.0)]])
0.325954, 0.178829, 1.00241
float3(-0.0341814, 0.307556, -2.43746)
5266.790441666
normal
simd_float4x4([[-0.709696, -0.639819, 0.294895, 0.0)], [0.614959, -0.766838, -0.183806, 0.0)], [0.343739, 0.0509019, 0.937685, 0.0)], [0.357439, 0.188892, 1.08308, 1.0)]])
0.357439, 0.188892, 1.08308
float3(-0.0509239, 0.351371, -2.44625)
5266.923760125
normal
simd_float4x4([[-0.73771, -0.641623, 0.210007, 0.0)], [0.620721, -0.766951, -0.162763, 0.0)], [0.265497, 0.0102839, 0.964057, 0.0)], [0.400701, 0.202389, 1.19752, 1.0)]])
0.400701, 0.202389, 1.19752
float3(-0.0102841, 0.268734, -2.44494)
5267.057078625
normal
simd_float4x4([[-0.691949, -0.660515, 0.29142, 0.0)], [0.6429, -0.747406, -0.167522, 0.0)], [0.32846, 0.0714372, 0.941813, 0.0)], [0.434495, 0.211377, 1.27348, 1.0)]])
0.434495, 0.211377, 1.27348
float3(-0.0714981, 0.335563, -2.41783)
5267.190397166
normal
simd_float4x4([[-0.715306, -0.674789, 0.18165, 0.0)], [0.66451, -0.737253, -0.122002, 0.0)], [0.216248, 0.0334394, 0.975766, 0.0)], [0.48106, 0.231919, 1.37355, 1.0)]])
0.48106, 0.231919, 1.37355
float3(-0.0334457, 0.218094, -2.4004)
5267.32371575
normal
simd_float4x4([[-0.746954, -0.653319, -0.123425, 0.0)], [0.661123, -0.749524, -0.033627, 0.0)], [-0.0705408, -0.106717, 0.991784, 0.0)], [0.524266, 0.247642, 1.4913, 1.0)]])
0.524266, 0.247642, 1.4913
float3(0.10692, -0.0710056, -2.42467)
5267.457034125
normal
simd_float4x4([[-0.747194, -0.663163, 0.0437666, 0.0)], [0.661749, -0.748467, -0.0434228, 0.0)], [0.0615542, -0.00348274, 0.998098, 0.0)], [0.548414, 0.272865, 1.54215, 1.0)]])
0.548414, 0.272865, 1.54215
float3(0.00348275, 0.0615936, -2.41655)
5267.590352708
normal
simd_float4x4([[-0.730594, -0.665224, 0.153983, 0.0)], [0.666051, -0.743962, -0.0538294, 0.0)], [0.150366, 0.063233, 0.986606, 0.0)], [0.578674, 0.29778, 1.61335, 1.0)]])
0.578674, 0.29778, 1.61335
float3(-0.0632752, 0.151243, -2.41201)
5267.723671375
normal
simd_float4x4([[-0.720701, -0.597193, 0.352066, 0.0)], [0.605352, -0.789624, -0.100209, 0.0)], [0.337844, 0.140903, 0.930595, 0.0)], [0.601487, 0.302883, 1.70217, 1.0)]])
0.601487, 0.302883, 1.70217
float3(-0.141374, 0.348245, -2.49407)
5267.856989791
normal
simd_float4x4([[-0.629932, -0.511078, 0.584795, 0.0)], [0.482378, -0.847591, -0.221137, 0.0)], [0.608685, 0.142791, 0.780457, 0.0)], [0.624372, 0.320862, 1.79576, 1.0)]])
0.624372, 0.320862, 1.79576
float3(-0.143281, 0.662369, -2.59899)
5267.99030825
normal
simd_float4x4([[-0.520904, -0.45108, 0.724697, 0.0)], [0.380639, -0.88264, -0.275792, 0.0)], [0.764051, 0.132187, 0.631469, 0.0)], [0.670085, 0.33696, 1.92731, 1.0)]])
0.670085, 0.33696, 1.92731
float3(-0.132575, 0.880119, -2.66914)
5268.123626791
normal
simd_float4x4([[-0.45011, -0.507809, 0.734528, 0.0)], [0.466187, -0.835201, -0.291735, 0.0)], [0.761624, 0.211115, 0.612666, 0.0)], [0.766946, 0.373756, 1.99408, 1.0)]])
0.766946, 0.373756, 1.99408
float3(-0.212715, 0.893365, -2.59531)
5268.256945291
normal
simd_float4x4([[-0.695236, -0.579553, 0.425165, 0.0)], [0.562103, -0.807034, -0.180931, 0.0)], [0.447982, 0.113197, 0.886848, 0.0)], [0.854708, 0.402965, 1.91908, 1.0)]])
0.854708, 0.402965, 1.91908
float3(-0.11344, 0.46775, -2.5188)
5268.390263791
normal
simd_float4x4([[-0.83841, -0.507668, 0.198347, 0.0)], [0.507332, -0.859901, -0.056425, 0.0)], [0.199204, 0.0533205, 0.978506, 0.0)], [0.921974, 0.406307, 2.0367, 1.0)]])
0.921974, 0.406307, 2.0367
float3(-0.0533458, 0.200835, -2.60828)
5268.523582333
normal
simd_float4x4([[-0.728864, -0.558768, 0.395646, 0.0)], [0.544114, -0.82349, -0.160635, 0.0)], [0.415568, 0.0981953, 0.904246, 0.0)], [0.972808, 0.429673, 1.9749, 1.0)]])
0.972808, 0.429673, 1.9749
float3(-0.0983538, 0.430788, -2.54542)
5268.656900875
normal
simd_float4x4([[-0.51555, -0.488733, 0.70381, 0.0)], [0.560889, -0.813441, -0.154003, 0.0)], [0.647774, 0.315363, 0.693494, 0.0)], [0.865856, 0.403924, 1.53639, 1.0)]])
0.865856, 0.403924, 1.53639
float3(-0.320839, 0.751324, -2.60057)
5268.790219291
limited(__ObjC.ARCamera.TrackingState.Reason.excessiveMotion)
simd_float4x4([[-0.689854, -0.556338, 0.463238, 0.0)], [0.603267, -0.795501, -0.0569933, 0.0)], [0.400214, 0.240139, 0.884399, 0.0)], [0.918169, 0.418236, 1.60837, 1.0)]])
0.918169, 0.418236, 1.60837
float3(-0.242509, 0.424952, -2.5313)
5268.923537833
limited(__ObjC.ARCamera.TrackingState.Reason.excessiveMotion)
simd_float4x4([[-0.513546, -0.659955, 0.548388, 0.0)], [0.730237, -0.671742, -0.124564, 0.0)], [0.450582, 0.336484, 0.826894, 0.0)], [1.00317, 0.463999, 1.6351, 1.0)]])
1.00317, 0.463999, 1.6351
float3(-0.343181, 0.498926, -2.36505)
5269.056856375
limited(__ObjC.ARCamera.TrackingState.Reason.insufficientFeatures)
simd_float4x4([[-0.45588, -0.717724, 0.526351, 0.0)], [0.821578, -0.566792, -0.0612871, 0.0)], [0.342319, 0.404499, 0.848055, 0.0)], [0.999337, 0.443529, 1.40158, 1.0)]])
0.999337, 0.443529, 1.40158
float3(-0.416431, 0.38365, -2.23923)
5269.190174916
limited(__ObjC.ARCamera.TrackingState.Reason.excessiveMotion)
simd_float4x4([[-0.330873, -0.733238, 0.594041, 0.0)], [0.867633, -0.483941, -0.114079, 0.0)], [0.371128, 0.477664, 0.796304, 0.0)], [0.973373, 0.425127, 1.35596, 1.0)]])
0.973373, 0.425127, 1.35596
float3(-0.497994, 0.436132, -2.15417)
5269.323493625
limited(__ObjC.ARCamera.TrackingState.Reason.excessiveMotion)
simd_float4x4([[-0.238268, -0.714956, 0.657318, 0.0)], [0.923151, -0.376971, -0.0753972, 0.0)], [0.301695, 0.588839, 0.749833, 0.0)], [0.911557, 0.400548, 1.27739, 1.0)]])
0.911557, 0.400548, 1.27739
float3(-0.629622, 0.382531, -2.05602)
5269.456812083
limited(__ObjC.ARCamera.TrackingState.Reason.excessiveMotion)
simd_float4x4([[-0.216455, -0.748479, 0.626838, 0.0)], [0.947525, -0.315771, -0.0498564, 0.0)], [0.235254, 0.583153, 0.777553, 0.0)], [0.766394, 0.382422, 1.22219, 1.0)]])
0.766394, 0.382422, 1.22219
float3(-0.622604, 0.293801, -1.97002)
5269.590130541
limited(__ObjC.ARCamera.TrackingState.Reason.excessiveMotion)
simd_float4x4([[-0.211555, -0.78961, 0.575987, 0.0)], [0.963339, -0.267948, -0.0135003, 0.0)], [0.164995, 0.552014, 0.817347, 0.0)], [0.704584, 0.397839, 1.33115, 1.0)]])
0.704584, 0.397839, 1.33115
float3(-0.584778, 0.199189, -1.89795)
5269.723448958
limited(__ObjC.ARCamera.TrackingState.Reason.excessiveMotion)
simd_float4x4([[-0.204831, -0.779062, 0.592543, 0.0)], [0.962236, -0.271165, -0.0238954, 0.0)], [0.179293, 0.565272, 0.805184, 0.0)], [0.653193, 0.415165, 1.32345, 1.0)]])
0.653193, 0.415165, 1.32345
float3(-0.600763, 0.219099, -1.90575)
5269.856767541
limited(__ObjC.ARCamera.TrackingState.Reason.excessiveMotion)
simd_float4x4([[-0.239881, -0.745398, 0.621963, 0.0)], [0.943871, -0.328932, -0.0301768, 0.0)], [0.227078, 0.579814, 0.782465, 0.0)], [0.534775, 0.414173, 1.27018, 1.0)]])
0.534775, 0.414173, 1.27018
float3(-0.618501, 0.282449, -1.98638)
5269.990085958
limited(__ObjC.ARCamera.TrackingState.Reason.excessiveMotion)
simd_float4x4([[-0.374722, -0.75284, 0.541125, 0.0)], [0.884636, -0.465015, -0.0343537, 0.0)], [0.277494, 0.465825, 0.840241, 0.0)], [0.518295, 0.4613, 1.2091, 1.0)]])
0.518295, 0.4613, 1.2091
float3(-0.484567, 0.318978, -2.12412)
5270.123404541
limited(__ObjC.ARCamera.TrackingState.Reason.excessiveMotion)
simd_float4x4([[-0.541415, -0.713421, 0.444861, 0.0)], [0.794907, -0.606706, -0.00553331, 0.0)], [0.273847, 0.350627, 0.895583, 0.0)], [0.420429, 0.479625, 1.0037, 1.0)]])
0.420429, 0.479625, 1.0037
float3(-0.358241, 0.296747, -2.27553)
5270.256723125
limited(__ObjC.ARCamera.TrackingState.Reason.excessiveMotion)
simd_float4x4([[-0.616433, -0.654075, 0.438402, 0.0)], [0.735318, -0.677319, 0.0233965, 0.0)], [0.281635, 0.336787, 0.898474, 0.0)], [0.22853, 0.4082, 0.416111, 1.0)]])
0.22853, 0.4082, 0.416111
float3(-0.343503, 0.303758, -2.37365)
5270.390041666
limited(__ObjC.ARCamera.TrackingState.Reason.excessiveMotion)
simd_float4x4([[-0.667179, -0.625491, 0.404517, 0.0)], [0.705312, -0.705133, 0.0729623, 0.0)], [0.239601, 0.333989, 0.911615, 0.0)], [0.180654, 0.357858, 0.229796, 1.0)]])
0.180654, 0.357858, 0.229796
float3(-0.340533, 0.257018, -2.41598)
5270.523360083
limited(__ObjC.ARCamera.TrackingState.Reason.excessiveMotion)
simd_float4x4([[-0.684549, -0.625604, 0.374182, 0.0)], [0.697642, -0.711095, 0.087409, 0.0)], [0.211396, 0.320881, 0.923227, 0.0)], [0.162457, 0.324321, 0.0614934, 1.0)]])
0.162457, 0.324321, 0.0614934
float3(-0.32666, 0.225094, -2.42006)
5270.656678666
limited(__ObjC.ARCamera.TrackingState.Reason.insufficientFeatures)
simd_float4x4([[-0.727457, -0.639906, 0.247642, 0.0)], [0.672307, -0.736874, 0.0708473, 0.0)], [0.137145, 0.21803, 0.966258, 0.0)], [0.15733, 0.277545, -0.0976285, 1.0)]])
0.15733, 0.277545, -0.0976285
float3(-0.219795, 0.140993, -2.42651)
5270.789997125
limited(__ObjC.ARCamera.TrackingState.Reason.insufficientFeatures)
simd_float4x4([[-0.697207, -0.603754, 0.386502, 0.0)], [0.665217, -0.745834, 0.0349139, 0.0)], [0.267187, 0.28145, 0.921627, 0.0)], [0.150538, 0.284963, -0.229384, 1.0)]])
0.150538, 0.284963, -0.229384
float3(-0.285305, 0.282172, -2.46108)
5270.923315666
limited(__ObjC.ARCamera.TrackingState.Reason.insufficientFeatures)
simd_float4x4([[-0.720056, -0.635622, 0.278395, 0.0)], [0.674061, -0.735979, 0.0630639, 0.0)], [0.164808, 0.233065, 0.958394, 0.0)], [0.152602, 0.303008, -0.298594, 1.0)]])
0.152602, 0.303008, -0.298594
float3(-0.235228, 0.170297, -2.42923)
5271.056634291
limited(__ObjC.ARCamera.TrackingState.Reason.excessiveMotion)
simd_float4x4([[-0.699496, -0.610895, 0.370826, 0.0)], [0.669278, -0.741922, 0.0402367, 0.0)], [0.250544, 0.276331, 0.92783, 0.0)], [0.127693, 0.290844, -0.404718, 1.0)]])
0.127693, 0.290844, -0.404718
float3(-0.279975, 0.263742, -2.45275)
5271.189952666
limited(__ObjC.ARCamera.TrackingState.Reason.excessiveMotion)
simd_float4x4([[-0.720947, -0.627088, 0.294953, 0.0)], [0.673341, -0.734524, 0.0841891, 0.0)], [0.163856, 0.259299, 0.951796, 0.0)], [0.102045, 0.271375, -0.494572, 1.0)]])
0.102045, 0.271375, -0.494572
float3(-0.262297, 0.170483, -2.43493)
5271.323271333
limited(__ObjC.ARCamera.TrackingState.Reason.excessiveMotion)
simd_float4x4([[-0.748109, -0.663574, 0.00145724, 0.0)], [0.661588, -0.745696, 0.0789943, 0.0)], [-0.051332, 0.0600604, 0.996874, 0.0)], [0.0706131, 0.284294, -0.587993, 1.0)]])
0.0706131, 0.284294, -0.587993
float3(-0.0600965, -0.0514475, -2.4144)
5271.456589708
limited(__ObjC.ARCamera.TrackingState.Reason.insufficientFeatures)
simd_float4x4([[-0.729399, -0.623114, 0.282323, 0.0)], [0.665611, -0.741712, 0.0826188, 0.0)], [0.157921, 0.248179, 0.955755, 0.0)], [0.0437969, 0.296925, -0.712703, 1.0)]])
0.0437969, 0.296925, -0.712703
float3(-0.2508, 0.163752, -2.44287)
5271.589908166
limited(__ObjC.ARCamera.TrackingState.Reason.insufficientFeatures)
simd_float4x4([[-0.750028, -0.656452, 0.0807969, 0.0)], [0.66112, -0.740498, 0.120763, 0.0)], [-0.0194452, 0.143992, 0.989388, 0.0)], [0.0396346, 0.321135, -0.778611, 1.0)]])
0.0396346, 0.321135, -0.778611
float3(-0.144494, -0.0196513, -2.41629)
5271.72322675
limited(__ObjC.ARCamera.TrackingState.Reason.insufficientFeatures)
simd_float4x4([[-0.760416, -0.636052, 0.131169, 0.0)], [0.649364, -0.747679, 0.138935, 0.0)], [0.00970211, 0.190825, 0.981576, 0.0)], [0.0220057, 0.29762, -0.874947, 1.0)]])
0.0220057, 0.29762, -0.874947
float3(-0.192002, 0.00988389, -2.43669)
5271.856545291
limited(__ObjC.ARCamera.TrackingState.Reason.excessiveMotion)
simd_float4x4([[-0.747872, -0.614203, 0.251879, 0.0)], [0.651945, -0.75106, 0.104291, 0.0)], [0.12512, 0.242208, 0.962123, 0.0)], [0.0433134, 0.254739, -1.01401, 1.0)]])
0.0433134, 0.254739, -1.01401
float3(-0.24464, 0.12932, -2.4561)
5271.989863875
limited(__ObjC.ARCamera.TrackingState.Reason.insufficientFeatures)
simd_float4x4([[-0.788396, -0.595391, 0.154726, 0.0)], [0.614608, -0.773083, 0.156843, 0.0)], [0.0262332, 0.218751, 0.975428, 0.0)], [0.069979, 0.250186, -1.15233, 1.0)]])
0.069979, 0.250186, -1.15233
float3(-0.220534, 0.0268875, -2.48532)
5272.123182416
limited(__ObjC.ARCamera.TrackingState.Reason.excessiveMotion)
simd_float4x4([[-0.778617, -0.626472, -0.0359018, 0.0)], [0.608194, -0.767509, 0.20256, 0.0)], [-0.154453, 0.135882, 0.978611, 0.0)], [0.106715, 0.279381, -1.27542, 1.0)]])
0.106715, 0.279381, -1.27542
float3(-0.136303, -0.156538, -2.45703)
5272.256500958
limited(__ObjC.ARCamera.TrackingState.Reason.excessiveMotion)
simd_float4x4([[-0.76223, -0.6282, -0.156108, 0.0)], [0.55094, -0.756208, 0.353007, 0.0)], [-0.33981, 0.183066, 0.922505, 0.0)], [0.109832, 0.286629, -1.36671, 1.0)]])
0.109832, 0.286629, -1.36671
float3(-0.184105, -0.352933, -2.4484)
5272.389819208
limited(__ObjC.ARCamera.TrackingState.Reason.insufficientFeatures)
simd_float4x4([[-0.752176, -0.643902, -0.140074, 0.0)], [0.553189, -0.732516, 0.39674, 0.0)], [-0.358068, 0.220931, 0.907181, 0.0)], [0.113491, 0.261426, -1.51477, 1.0)]])
0.113491, 0.261426, -1.51477
float3(-0.222769, -0.375933, -2.42049)
5272.523137833
limited(__ObjC.ARCamera.TrackingState.Reason.excessiveMotion)
simd_float4x4([[-0.69156, -0.654067, -0.306497, 0.0)], [0.539288, -0.749824, 0.383317, 0.0)], [-0.480534, 0.0997965, 0.871279, 0.0)], [0.098503, 0.247979, -1.68446, 1.0)]])
0.098503, 0.247979, -1.68446
float3(-0.0999629, -0.504015, -2.4243)
5272.656456375
limited(__ObjC.ARCamera.TrackingState.Reason.excessiveMotion)
simd_float4x4([[-0.802836, -0.595903, 0.0188134, 0.0)], [0.582864, -0.77785, 0.234989, 0.0)], [-0.125396, 0.199623, 0.971816, 0.0)], [0.0682821, 0.216719, -1.9044, 1.0)]])
0.0682821, 0.216719, -1.9044
float3(-0.200973, -0.128324, -2.48787)
5272.789774916
limited(__ObjC.ARCamera.TrackingState.Reason.excessiveMotion)
simd_float4x4([[-0.817084, -0.575202, 0.0389363, 0.0)], [0.567371, -0.790301, 0.231332, 0.0)], [-0.102291, 0.211109, 0.972096, 0.0)], [0.0531013, 0.227915, -2.03207, 1.0)]])
0.0531013, 0.227915, -2.03207
float3(-0.212709, -0.104841, -2.51243)
5272.923093541
limited(__ObjC.ARCamera.TrackingState.Reason.insufficientFeatures)
simd_float4x4([[-0.803551, -0.586776, -0.0999972, 0.0)], [0.553389, -0.798319, 0.237587, 0.0)], [-0.21924, 0.135576, 0.966206, 0.0)], [0.0573569, 0.197231, -2.15885, 1.0)]])
0.0573569, 0.197231, -2.15885
float3(-0.135994, -0.22313, -2.50775)
5273.056412
limited(__ObjC.ARCamera.TrackingState.Reason.insufficientFeatures)
simd_float4x4([[-0.825197, -0.543416, 0.154104, 0.0)], [0.563454, -0.81107, 0.157116, 0.0)], [0.0396099, 0.216482, 0.975483, 0.0)], [0.0997356, 0.168829, -2.34948, 1.0)]])
0.0997356, 0.168829, -2.34948
float3(-0.21821, 0.0405832, -2.55129)
5273.1897305
limited(__ObjC.ARCamera.TrackingState.Reason.excessiveMotion)
simd_float4x4([[-0.795236, -0.593245, 0.125139, 0.0)], [0.606133, -0.782748, 0.141101, 0.0)], [0.0142449, 0.18806, 0.982054, 0.0)], [0.158017, 0.201801, -2.5272, 1.0)]])
0.158017, 0.201801, -2.5272
float3(-0.189186, 0.0145041, -2.49305)
5273.323049
limited(__ObjC.ARCamera.TrackingState.Reason.insufficientFeatures)
simd_float4x4([[-0.782963, -0.609581, -0.124013, 0.0)], [0.551382, -0.772362, 0.315332, 0.0)], [-0.288004, 0.178515, 0.940843, 0.0)], [0.184491, 0.221558, -2.6127, 1.0)]])
0.184491, 0.221558, -2.6127
float3(-0.179477, -0.297055, -2.47345)
5273.456367541
limited(__ObjC.ARCamera.TrackingState.Reason.excessiveMotion)
simd_float4x4([[-0.542932, -0.665134, -0.512661, 0.0)], [0.507528, -0.746259, 0.430712, 0.0)], [-0.66906, -0.0263427, 0.742742, 0.0)], [0.214115, 0.224138, -2.71368, 1.0)]])
0.214115, 0.224138, -2.71368
float3(0.0263457, -0.733255, -2.41361)
5273.589686041
limited(__ObjC.ARCamera.TrackingState.Reason.insufficientFeatures)
simd_float4x4([[-0.675152, -0.656603, -0.336217, 0.0)], [0.535046, -0.749642, 0.389568, 0.0)], [-0.507834, 0.0831261, 0.857435, 0.0)], [0.242516, 0.216361, -2.92162, 1.0)]])
0.242516, 0.216361, -2.92162
float3(-0.0832221, -0.534717, -2.42226)
5273.723004583
limited(__ObjC.ARCamera.TrackingState.Reason.excessiveMotion)
simd_float4x4([[-0.80977, -0.584893, 0.0466139, 0.0)], [0.572743, -0.77069, 0.27929, 0.0)], [-0.12743, 0.252858, 0.959075, 0.0)], [0.26867, 0.23929, -3.14009, 1.0)]])
0.26867, 0.23929, -3.14009
float3(-0.255633, -0.132094, -2.49241)
5273.856323125
limited(__ObjC.ARCamera.TrackingState.Reason.excessiveMotion)
simd_float4x4([[-0.79597, -0.603695, -0.0445489, 0.0)], [0.571074, -0.773289, 0.275496, 0.0)], [-0.200765, 0.193845, 0.96027, 0.0)], [0.263172, 0.256224, -3.27699, 1.0)]])
0.263172, 0.256224, -3.27699
float3(-0.19508, -0.206102, -2.47874)
5273.989641666
limited(__ObjC.ARCamera.TrackingState.Reason.insufficientFeatures)
simd_float4x4([[-0.742038, -0.617563, -0.260761, 0.0)], [0.565034, -0.785505, 0.252424, 0.0)], [-0.360717, 0.0399695, 0.931818, 0.0)], [0.254324, 0.21302, -3.42287, 1.0)]])
0.254324, 0.21302, -3.42287
float3(-0.0399801, -0.369346, -2.47532)
5274.12296
limited(__ObjC.ARCamera.TrackingState.Reason.excessiveMotion)
simd_float4x4([[-0.770917, -0.618305, -0.152926, 0.0)], [0.580556, -0.780884, 0.230598, 0.0)], [-0.261998, 0.08899, 0.960957, 0.0)], [0.29295, 0.214609, -3.64932, 1.0)]])
0.29295, 0.214609, -3.64932
float3(-0.0891079, -0.266173, -2.47187)
5274.2562785
limited(__ObjC.ARCamera.TrackingState.Reason.excessiveMotion)
simd_float4x4([[-0.729532, -0.647492, -0.220311, 0.0)], [0.586267, -0.757906, 0.286128, 0.0)], [-0.352241, 0.0795778, 0.93252, 0.0)], [0.278738, 0.228658, -3.86087, 1.0)]])
0.278738, 0.228658, -3.86087
float3(-0.079662, -0.361162, -2.4346)
5274.389597041
limited(__ObjC.ARCamera.TrackingState.Reason.insufficientFeatures)
simd_float4x4([[-0.552309, -0.67444, -0.489985, 0.0)], [0.538167, -0.737341, 0.408294, 0.0)], [-0.636656, -0.0381891, 0.770202, 0.0)], [0.275325, 0.226411, -4.04386, 1.0)]])
0.275325, 0.226411, -4.04386
float3(0.0381984, -0.690756, -2.40072)
5274.522915666
limited(__ObjC.ARCamera.TrackingState.Reason.excessiveMotion)
simd_float4x4([[-0.628339, -0.705885, -0.32698, 0.0)], [0.574851, -0.704497, 0.41621, 0.0)], [-0.524153, 0.0735564, 0.848442, 0.0)], [0.280089, 0.199304, -4.30288, 1.0)]])
0.280089, 0.199304, -4.30288
float3(-0.0736229, -0.553393, -2.35521)
5274.656234125
limited(__ObjC.ARCamera.TrackingState.Reason.excessiveMotion)
simd_float4x4([[-0.647041, -0.666655, -0.370012, 0.0)], [0.561281, -0.744925, 0.360626, 0.0)], [-0.516045, 0.0256594, 0.856177, 0.0)], [0.23034, 0.201182, -4.5529, 1.0)]])
0.23034, 0.201182, -4.5529
float3(-0.0256622, -0.542425, -2.41159)
5274.789552625
limited(__ObjC.ARCamera.TrackingState.Reason.insufficientFeatures)
simd_float4x4([[-0.759386, -0.636271, -0.135987, 0.0)], [0.581033, -0.757224, 0.298349, 0.0)], [-0.292804, 0.147549, 0.94472, 0.0)], [0.246844, 0.227524, -4.79331, 1.0)]])
0.246844, 0.227524, -4.79331
float3(-0.14809, -0.300549, -2.44278)
5274.922871333
limited(__ObjC.ARCamera.TrackingState.Reason.insufficientFeatures)
simd_float4x4([[-0.717272, -0.626568, -0.30485, 0.0)], [0.561185, -0.778791, 0.280279, 0.0)], [-0.413029, 0.0299588, 0.910225, 0.0)], [0.218, 0.192891, -4.9502, 1.0)]])
0.218, 0.192891, -4.9502
float3(-0.0299633, -0.425981, -2.46409)
5275.056189541
limited(__ObjC.ARCamera.TrackingState.Reason.excessiveMotion)
simd_float4x4([[-0.769577, -0.615608, -0.169643, 0.0)], [0.570545, -0.782207, 0.250258, 0.0)], [-0.286757, 0.0958041, 0.953201, 0.0)], [0.196082, 0.15747, -5.12986, 1.0)]])
0.196082, 0.15747, -5.12986
float3(-0.0959513, -0.292223, -2.47482)
5275.189508166
limited(__ObjC.ARCamera.TrackingState.Reason.excessiveMotion)
simd_float4x4([[-0.787961, -0.612936, -0.0585485, 0.0)], [0.581226, -0.771822, 0.257812, 0.0)], [-0.203211, 0.169116, 0.96442, 0.0)], [0.201661, 0.184678, -5.32614, 1.0)]])
0.201661, 0.184678, -5.32614
float3(-0.169933, -0.207671, -2.47043)
5275.322826708
limited(__ObjC.ARCamera.TrackingState.Reason.excessiveMotion)
simd_float4x4([[-0.630133, -0.650903, -0.423388, 0.0)], [0.561363, -0.758597, 0.33076, 0.0)], [-0.536473, -0.0292514, 0.84341, 0.0)], [0.190165, 0.204518, -5.45289, 1.0)]])
0.190165, 0.204518, -5.45289
float3(0.0292556, -0.566525, -2.43245)
5275.456145166
limited(__ObjC.ARCamera.TrackingState.Reason.excessiveMotion)
simd_float4x4([[-0.609959, -0.689217, -0.391062, 0.0)], [0.567473, -0.724358, 0.391508, 0.0)], [-0.553104, 0.0168868, 0.832941, 0.0)], [0.162404, 0.16447, -5.60021, 1.0)]])
0.162404, 0.16447, -5.60021
float3(-0.0168876, -0.58618, -2.38105)
5275.589463833
limited(__ObjC.ARCamera.TrackingState.Reason.excessiveMotion)
simd_float4x4([[-0.594375, -0.641981, -0.484334, 0.0)], [0.533751, -0.76541, 0.359525, 0.0)], [-0.601522, -0.0448215, 0.797598, 0.0)], [0.111787, 0.151381, -5.77216, 1.0)]])
0.111787, 0.151381, -5.77216
float3(0.0448365, -0.646163, -2.44367)
5275.722782291
limited(__ObjC.ARCamera.TrackingState.Reason.excessiveMotion)
simd_float4x4([[-0.66237, -0.632442, -0.401601, 0.0)], [0.512405, -0.773507, 0.372998, 0.0)], [-0.546541, 0.0412807, 0.836414, 0.0)], [0.0963738, 0.172475, -5.93534, 1.0)]])
0.0963738, 0.172475, -5.93534
float3(-0.0412924, -0.578785, -2.45619)
5275.85610075
limited(__ObjC.ARCamera.TrackingState.Reason.excessiveMotion)
simd_float4x4([[-0.74229, -0.6008, -0.296724, 0.0)], [0.48323, -0.786735, 0.384105, 0.0)], [-0.464214, 0.141731, 0.87431, 0.0)], [0.1114, 0.172688, -6.18396, 1.0)]])
0.1114, 0.172688, -6.18396
float3(-0.14221, -0.488099, -2.4894)
5275.989419208
limited(__ObjC.ARCamera.TrackingState.Reason.excessiveMotion)
simd_float4x4([[-0.740106, -0.608697, -0.285886, 0.0)], [0.532999, -0.79017, 0.302563, 0.0)], [-0.410068, 0.0715516, 0.909244, 0.0)], [0.106024, 0.137631, -6.36819, 1.0)]])
0.106024, 0.137631, -6.36819
float3(-0.0716128, -0.423684, -2.4852)
5276.12273775
limited(__ObjC.ARCamera.TrackingState.Reason.excessiveMotion)
simd_float4x4([[-0.732812, -0.608775, -0.303939, 0.0)], [0.511075, -0.787349, 0.344795, 0.0)], [-0.449209, 0.0973342, 0.888109, 0.0)], [0.117773, 0.166957, -6.53731, 1.0)]])
0.117773, 0.166957, -6.53731
float3(-0.0974886, -0.46828, -2.48341)
5276.256056375
limited(__ObjC.ARCamera.TrackingState.Reason.excessiveMotion)
simd_float4x4([[-0.685584, -0.637816, -0.350948, 0.0)], [0.527413, -0.767459, 0.364474, 0.0)], [-0.501806, 0.0647833, 0.862551, 0.0)], [0.157368, 0.201455, -6.78525, 1.0)]])
0.157368, 0.201455, -6.78525
float3(-0.0648287, -0.526907, -2.44819)
5276.389374833
limited(__ObjC.ARCamera.TrackingState.Reason.excessiveMotion)
simd_float4x4([[-0.619975, -0.675016, -0.39998, 0.0)], [0.545713, -0.737245, 0.39833, 0.0)], [-0.563763, 0.0286798, 0.825439, 0.0)], [0.156962, 0.191272, -6.9796, 1.0)]])
0.156962, 0.191272, -6.9796
float3(-0.0286837, -0.599216, -2.40023)
5276.522693375
limited(__ObjC.ARCamera.TrackingState.Reason.excessiveMotion)
simd_float4x4([[-0.63066, -0.681364, -0.371498, 0.0)], [0.541577, -0.729269, 0.418164, 0.0)], [-0.555844, 0.0625247, 0.828932, 0.0)], [0.144393, 0.17471, -7.22611, 1.0)]])
0.144393, 0.17471, -7.22611
float3(-0.0625655, -0.59069, -2.39014)
5276.656012
limited(__ObjC.ARCamera.TrackingState.Reason.excessiveMotion)
simd_float4x4([[-0.674539, -0.650907, -0.348306, 0.0)], [0.522593, -0.75426, 0.397477, 0.0)], [-0.521434, 0.0860914, 0.848938, 0.0)], [0.11924, 0.175962, -7.43498, 1.0)]])
0.11924, 0.175962, -7.43498
float3(-0.0861981, -0.550809, -2.42961)
5276.789330375
limited(__ObjC.ARCamera.TrackingState.Reason.excessiveMotion)
simd_float4x4([[-0.658674, -0.639432, -0.39658, 0.0)], [0.503494, -0.76624, 0.399212, 0.0)], [-0.559144, 0.0632748, 0.826653, 0.0)], [0.106321, 0.199323, -7.5973, 1.0)]])
0.106321, 0.199323, -7.5973
float3(-0.0633171, -0.594707, -2.44616)
5276.922648833
limited(__ObjC.ARCamera.TrackingState.Reason.excessiveMotion)
simd_float4x4([[-0.69423, -0.62251, -0.361283, 0.0)], [0.523414, -0.781192, 0.34026, 0.0)], [-0.494047, 0.0471177, 0.868158, 0.0)], [0.0987993, 0.16514, -7.79194, 1.0)]])
0.0987993, 0.16514, -7.79194
float3(-0.0471352, -0.51737, -2.46876)
5277.055967458
normal
simd_float4x4([[-0.701407, -0.615608, -0.359242, 0.0)], [0.533853, -0.787691, 0.307481, 0.0)], [-0.47226, 0.0238867, 0.881136, 0.0)], [0.117567, 0.135726, -7.98392, 1.0)]])
0.117567, 0.135726, -7.98392
float3(-0.0238889, -0.492005, -2.47821)
5277.189286041
normal
simd_float4x4([[-0.717782, -0.626016, -0.304783, 0.0)], [0.533134, -0.775705, 0.337715, 0.0)], [-0.447836, 0.0799154, 0.890537, 0.0)], [0.145479, 0.154751, -8.17697, 1.0)]])
0.145479, 0.154751, -8.17697
float3(-0.0800007, -0.465952, -2.46258)
5277.322604541
normal
simd_float4x4([[-0.668998, -0.647609, -0.364754, 0.0)], [0.539262, -0.760638, 0.361424, 0.0)], [-0.511507, 0.0450936, 0.858095, 0.0)], [0.155855, 0.17311, -8.3214, 1.0)]])
0.155855, 0.17311, -8.3214
float3(-0.0451089, -0.537544, -2.43629)
5277.455923083
normal
simd_float4x4([[-0.592223, -0.67012, -0.44745, 0.0)], [0.516725, -0.741932, 0.427237, 0.0)], [-0.618277, 0.0218112, 0.785657, 0.0)], [0.161466, 0.147138, -8.48296, 1.0)]])
0.161466, 0.147138, -8.48296
float3(-0.021813, -0.666736, -2.40701)
5277.5892415
normal
simd_float4x4([[-0.578842, -0.671155, -0.463134, 0.0)], [0.512138, -0.741184, 0.434005, 0.0)], [-0.634552, 0.0140321, 0.772753, 0.0)], [0.149428, 0.133669, -8.68054, 1.0)]])
0.149428, 0.133669, -8.68054
float3(-0.0140326, -0.68751, -2.40574)
5277.72256
normal
simd_float4x4([[-0.647795, -0.646982, -0.402214, 0.0)], [0.498829, -0.759276, 0.417935, 0.0)], [-0.575788, 0.0701002, 0.814588, 0.0)], [0.155355, 0.148737, -8.87087, 1.0)]])
0.155355, 0.148737, -8.87087
float3(-0.0701577, -0.615306, -2.43588)
5277.8558785
normal
simd_float4x4([[-0.618814, -0.623359, -0.47801, 0.0)], [0.491349, -0.781932, 0.383612, 0.0)], [-0.612899, 0.00251513, 0.790157, 0.0)], [0.156267, 0.162341, -9.03881, 1.0)]])
0.156267, 0.162341, -9.03881
float3(-0.00251513, -0.659727, -2.46856)
5277.989197041
normal
simd_float4x4([[-0.740755, -0.617983, -0.263398, 0.0)], [0.551518, -0.783318, 0.286779, 0.0)], [-0.383549, 0.067164, 0.921075, 0.0)], [0.17531, 0.124521, -9.2461, 1.0)]])
0.17531, 0.124521, -9.2461
