ARKit Data
1038423.40299529
normal
simd_float4x4([[0.00343946, -0.992224, -0.12442, 0.0)], [-0.999081, -0.00872687, 0.0419765, 0.0)], [-0.0427359, 0.124161, -0.991341, 0.0)], [0.52574, -0.0749217, -0.591819, 1.0)]])
0.52574, -0.0749217, -0.591819
float3(-0.124482, -3.09851, -1.57959)
1038423.603109
normal
simd_float4x4([[0.00133589, -0.991768, -0.128039, 0.0)], [-0.99847, -0.00840017, 0.0546488, 0.0)], [-0.0552745, 0.12777, -0.990263, 0.0)], [0.529828, -0.0765858, -0.591416, 1.0)]])
0.529828, -0.0765858, -0.591416
float3(-0.12812, -3.08583, -1.57927)
1038423.80322263
normal
simd_float4x4([[0.000720094, -0.992573, -0.121645, 0.0)], [-0.997822, -0.00873604, 0.0653758, 0.0)], [-0.0659529, 0.121333, -0.990418, 0.0)], [0.531515, -0.0749866, -0.593124, 1.0)]])
0.531515, -0.0749866, -0.593124
float3(-0.121633, -3.0751, -1.5796)
1038424.45083938
notAvailable
simd_float4x4([[-0.0647816, 0.0, 0.9979, 0.0)], [0.0, 1.0, 0.0, 0.0)], [-0.9979, 0.0, -0.0647816, 0.0)], [-0.0146086, -0.0793031, 0.0207631, 1.0)]])
-0.0146086, -0.0793031, 0.0207631
float3(-0.0, -1.63562, 0.0)
1038424.65091942
limited(__ObjC.ARCamera.TrackingState.Reason.initializing)
simd_float4x4([[-0.0190809, -0.990451, 0.136536, 0.0)], [0.999667, -0.0165241, 0.0198347, 0.0)], [-0.0173892, 0.136869, 0.990436, 0.0)], [0.0, 0.0, 0.0, 1.0)]])
0.0, 0.0, 0.0
float3(-0.1373, -0.0175553, -1.58748)
1038424.85103312
limited(__ObjC.ARCamera.TrackingState.Reason.initializing)
simd_float4x4([[-0.0352834, -0.991862, 0.122327, 0.0)], [0.997803, -0.0280952, 0.0599978, 0.0)], [-0.0560727, 0.124175, 0.990674, 0.0)], [0.0, 0.0, 0.0, 1.0)]])
0.0, 0.0, 0.0
float3(-0.124497, -0.0565403, -1.59911)
1038425.05114662
limited(__ObjC.ARCamera.TrackingState.Reason.initializing)
simd_float4x4([[-0.0368528, -0.992276, 0.118444, 0.0)], [0.99631, -0.0272888, 0.0813787, 0.0)], [-0.077518, 0.121006, 0.98962, 0.0)], [0.0, 0.0, 0.0, 1.0)]])
0.0, 0.0, 0.0
float3(-0.121303, -0.0781715, -1.59829)
1038425.25126025
limited(__ObjC.ARCamera.TrackingState.Reason.initializing)
simd_float4x4([[-0.041939, -0.992657, 0.113459, 0.0)], [0.996841, -0.0339071, 0.0718181, 0.0)], [-0.0674437, 0.116113, 0.990943, 0.0)], [0.0, 0.0, 0.0, 1.0)]])
0.0, 0.0, 0.0
float3(-0.116375, -0.0679553, -1.60494)
1038425.45137379
normal
simd_float4x4([[-0.0321108, -0.993216, 0.111762, 0.0)], [0.997835, -0.0254346, 0.0606575, 0.0)], [-0.0574033, 0.113468, 0.991882, 0.0)], [-0.000905402, 0.00109696, -0.00626128, 1.0)]])
-0.000905402, 0.00109696, -0.00626128
float3(-0.113713, -0.0578087, -1.5964)
1038425.65148742
normal
simd_float4x4([[-0.0281401, -0.994371, 0.102145, 0.0)], [0.998928, -0.0242168, 0.0394478, 0.0)], [-0.0367521, 0.103146, 0.993987, 0.0)], [-0.0131954, 0.00695081, -0.0050863, 1.0)]])
-0.0131954, 0.00695081, -0.0050863
float3(-0.10333, -0.0369576, -1.59515)
1038425.86827729
normal
simd_float4x4([[-0.0213282, -0.995584, 0.0914218, 0.0)], [0.999771, -0.0214173, 5.81879e-06, 0.0)], [0.00195222, 0.091401, 0.995812, 0.0)], [-0.0166081, 0.0115902, 0.000252371, 1.0)]])
-0.0166081, 0.0115902, 0.000252371
float3(-0.0915287, 0.00196042, -1.59231)
1038426.06839071
normal
simd_float4x4([[-0.0167332, -0.997395, 0.0701611, 0.0)], [0.999069, -0.01947, -0.0385077, 0.0)], [0.0397734, 0.0694514, 0.996792, 0.0)], [-0.0279908, 0.01922, 0.00565294, 1.0)]])
-0.0279908, 0.01922, 0.00565294
float3(-0.0695074, 0.0398803, -1.59031)
1038426.26850446
normal
simd_float4x4([[-0.0105757, -0.998057, 0.0613966, 0.0)], [0.998447, -0.013899, -0.053956, 0.0)], [0.0547045, 0.0607306, 0.996654, 0.0)], [-0.0422852, 0.0258812, 0.0038719, 1.0)]])
-0.0422852, 0.0258812, 0.0038719
float3(-0.060768, 0.0548332, -1.58472)
1038426.46861817
normal
simd_float4x4([[-0.0043402, -0.998646, 0.0518458, 0.0)], [0.998428, -0.0072246, -0.0555771, 0.0)], [0.0558764, 0.051523, 0.997107, 0.0)], [-0.0624363, 0.0196766, -7.48383e-05, 1.0)]])
-0.0624363, 0.0196766, -7.48383e-05
float3(-0.0515459, 0.05598, -1.57803)
1038426.68540779
normal
simd_float4x4([[-0.00182698, -0.998844, 0.0480297, 0.0)], [0.99741, -0.00527357, -0.0717313, 0.0)], [0.0719017, 0.0477742, 0.996267, 0.0)], [-0.0763076, 0.0219819, -2.05785e-05, 1.0)]])
-0.0763076, 0.0219819, -2.05785e-05
float3(-0.0477924, 0.0720462, -1.57608)
1038426.88552129
normal
simd_float4x4([[-0.0054221, -0.998809, 0.0484911, 0.0)], [0.997254, -0.00898226, -0.0735052, 0.0)], [0.0738532, 0.0479595, 0.996115, 0.0)], [-0.071617, 0.0176781, 0.00102379, 1.0)]])
-0.071617, 0.0176781, 0.00102379
float3(-0.0479779, 0.0740058, -1.57979)
1038427.10231117
normal
simd_float4x4([[-0.00413776, -0.998837, 0.048027, 0.0)], [0.998853, -0.00641971, -0.0474572, 0.0)], [0.0477104, 0.0477756, 0.997718, 0.0)], [-0.0750427, 0.0169315, 0.00397169, 1.0)]])
-0.0750427, 0.0169315, 0.00397169
float3(-0.0477938, 0.0477831, -1.57722)
1038427.30242471
normal
simd_float4x4([[0.000384262, -0.998738, 0.0502131, 0.0)], [0.99996, -6.58039e-05, -0.00896116, 0.0)], [0.00895316, 0.0502145, 0.998698, 0.0)], [-0.0771426, 0.0167549, 0.00492087, 1.0)]])
-0.0771426, 0.0167549, 0.00492087
float3(-0.0502356, 0.00896458, -1.57086)
1038427.50253825
normal
simd_float4x4([[0.00323938, -0.998489, 0.0548578, 0.0)], [0.999529, 0.00490709, 0.0302933, 0.0)], [-0.0305167, 0.0547338, 0.998035, 0.0)], [-0.0837977, 0.0151328, 0.0034582, 1.0)]])
-0.0837977, 0.0151328, 0.0034582
float3(-0.0547612, -0.0305673, -1.56588)
1038427.702652
normal
simd_float4x4([[0.00612789, -0.998192, 0.0597977, 0.0)], [0.99814, 0.00973253, 0.0601767, 0.0)], [-0.0606499, 0.0593178, 0.996395, 0.0)], [-0.0966135, 0.012675, 0.000491779, 1.0)]])
-0.0966135, 0.012675, 0.000491779
float3(-0.0593526, -0.0607943, -1.56105)
1038427.91944167
normal
simd_float4x4([[0.00966665, -0.997822, 0.0652544, 0.0)], [0.996548, 0.0149942, 0.0816538, 0.0)], [-0.0824544, 0.0642398, 0.994522, 0.0)], [-0.120793, 0.00931364, -0.00271234, 1.0)]])
-0.120793, 0.00931364, -0.00271234
float3(-0.0642841, -0.0827194, -1.55577)
1038428.11955533
normal
simd_float4x4([[0.00653715, -0.997467, 0.0708316, 0.0)], [0.994985, 0.0135581, 0.0990998, 0.0)], [-0.0998091, 0.0698286, 0.992553, 0.0)], [-0.148725, 0.00116371, -0.0109124, 1.0)]])
-0.148725, 0.00116371, -0.0109124
float3(-0.0698854, -0.100221, -1.5572)
1038428.31966887
normal
simd_float4x4([[0.00155008, -0.996945, 0.0780927, 0.0)], [0.991245, 0.0118421, 0.131503, 0.0)], [-0.132026, 0.0772052, 0.988235, 0.0)], [-0.180906, -0.00635316, -0.0292698, 1.0)]])
-0.180906, -0.00635316, -0.0292698
float3(-0.0772821, -0.132811, -1.55892)
1038428.51978246
normal
simd_float4x4([[-0.00619349, -0.996661, 0.0814136, 0.0)], [0.982073, 0.00927626, 0.18827, 0.0)], [-0.188397, 0.0811202, 0.978737, 0.0)], [-0.214133, -0.0123899, -0.0592499, 1.0)]])
-0.214133, -0.0123899, -0.0592499
float3(-0.0812094, -0.190164, -1.56149)
1038428.71989604
normal
simd_float4x4([[-0.018647, -0.996049, 0.0868304, 0.0)], [0.966961, 0.00411779, 0.254893, 0.0)], [-0.254243, 0.0887145, 0.963063, 0.0)], [-0.254486, -0.0196181, -0.085509, 1.0)]])
-0.254486, -0.0196181, -0.085509
float3(-0.0888313, -0.258106, -1.56666)
1038428.92000963
normal
simd_float4x4([[-0.0420663, -0.994737, 0.0934275, 0.0)], [0.924863, -0.00339437, 0.380285, 0.0)], [-0.377966, 0.102405, 0.920138, 0.0)], [-0.28196, -0.0304851, -0.11727, 1.0)]])
-0.28196, -0.0304851, -0.11727
float3(-0.102585, -0.389757, -1.57421)
1038429.13679933
normal
simd_float4x4([[-0.0434883, -0.994131, 0.099057, 0.0)], [0.808668, 0.0231949, 0.587807, 0.0)], [-0.586655, 0.105667, 0.802914, 0.0)], [-0.289237, -0.0400927, -0.143177, 1.0)]])
-0.289237, -0.0400927, -0.143177
float3(-0.105865, -0.631007, -1.54747)
1038429.35358912
normal
simd_float4x4([[-0.0419342, -0.994678, 0.094115, 0.0)], [0.657576, 0.0434434, 0.752134, 0.0)], [-0.75222, 0.093428, 0.652255, 0.0)], [-0.285456, -0.0451554, -0.167283, 1.0)]])
-0.285456, -0.0451554, -0.167283
float3(-0.0935644, -0.856455, -1.52715)
1038429.55370258
normal
simd_float4x4([[-0.0333457, -0.994888, 0.0953183, 0.0)], [0.537345, 0.062568, 0.841039, 0.0)], [-0.842703, 0.0792638, 0.532512, 0.0)], [-0.319169, -0.0437703, -0.203772, 1.0)]])
-0.319169, -0.0437703, -0.203772
float3(-0.079347, -1.00724, -1.50799)
1038429.75381621
normal
simd_float4x4([[-0.0602263, -0.991775, 0.11294, 0.0)], [0.448542, 0.0741894, 0.890677, 0.0)], [-0.89173, 0.104301, 0.440385, 0.0)], [-0.387664, -0.0372216, -0.267416, 1.0)]])
-0.387664, -0.0372216, -0.267416
float3(-0.104491, -1.11208, -1.49613)
1038429.97060588
normal
simd_float4x4([[-0.0765016, -0.991025, 0.109625, 0.0)], [0.372926, 0.0735271, 0.924943, 0.0)], [-0.924702, 0.111642, 0.363954, 0.0)], [-0.486877, -0.0361481, -0.353349, 1.0)]])
-0.486877, -0.0361481, -0.353349
float3(-0.111875, -1.19583, -1.49674)
1038430.17071954
normal
simd_float4x4([[-0.0906008, -0.990481, 0.10363, 0.0)], [0.285494, 0.0738589, 0.95553, 0.0)], [-0.954089, 0.116158, 0.276084, 0.0)], [-0.551717, -0.0273508, -0.469593, 1.0)]])
-0.551717, -0.0273508, -0.469593
float3(-0.11642, -1.28912, -1.49637)
1038430.37083308
normal
simd_float4x4([[-0.0884941, -0.994337, 0.0588378, 0.0)], [0.199177, 0.040212, 0.979138, 0.0)], [-0.97596, 0.0983671, 0.194491, 0.0)], [-0.519891, -0.0103487, -0.608941, 1.0)]])
-0.519891, -0.0103487, -0.608941
float3(-0.0985264, -1.37409, -1.53038)
1038430.57094658
normal
simd_float4x4([[-0.0883956, -0.995252, 0.0407476, 0.0)], [0.125229, 0.0294792, 0.99169, 0.0)], [-0.988182, 0.0927638, 0.122028, 0.0)], [-0.384083, -0.00357915, -0.703025, 1.0)]])
-0.384083, -0.00357915, -0.703025
float3(-0.0928974, -1.44793, -1.54119)
1038430.77106017
normal
simd_float4x4([[-0.110203, -0.993473, 0.0294449, 0.0)], [0.0237997, 0.0269791, 0.999353, 0.0)], [-0.993624, 0.110833, 0.0206711, 0.0)], [-0.0770684, 0.00134662, -0.700595, 1.0)]])
-0.0770684, 0.00134662, -0.700595
float3(-0.111061, -1.55, -1.54365)
1038430.97117367
normal
simd_float4x4([[-0.114516, -0.993171, 0.0223028, 0.0)], [-0.130928, 0.0373435, 0.990688, 0.0)], [-0.984756, 0.11053, -0.13431, 0.0)], [0.111425, -0.00238794, -0.662586, 1.0)]])
0.111425, -0.00238794, -0.662586
float3(-0.110756, -1.70635, -1.53321)
1038431.17128729
normal
simd_float4x4([[-0.12045, -0.992593, 0.0158702, 0.0)], [-0.241506, 0.0448052, 0.969364, 0.0)], [-0.962895, 0.112927, -0.245114, 0.0)], [0.174563, -0.00256842, -0.591858, 1.0)]])
0.174563, -0.00256842, -0.591858
float3(-0.113168, -1.82006, -1.52569)
1038431.37140075
normal
simd_float4x4([[-0.103528, -0.994626, 0.000700577, 0.0)], [-0.324204, 0.0344113, 0.945361, 0.0)], [-0.940305, 0.0976439, -0.326024, 0.0)], [0.157711, 0.000308424, -0.582329, 1.0)]])
0.157711, 0.000308424, -0.582329
float3(-0.0977997, -1.90455, -1.53621)
1038431.58819058
normal
simd_float4x4([[-0.116734, -0.993131, -0.00805602, 0.0)], [-0.436778, 0.0440511, 0.89849, 0.0)], [-0.891963, 0.108403, -0.43892, 0.0)], [0.15073, 0.00171118, -0.511345, 1.0)]])
0.15073, 0.00171118, -0.511345
float3(-0.108616, -2.02809, -1.52647)
1038431.80498025
normal
simd_float4x4([[-0.121476, -0.992462, -0.0162401, 0.0)], [-0.508118, 0.0481213, 0.859942, 0.0)], [-0.852678, 0.112714, -0.510133, 0.0)], [0.104114, 0.00627986, -0.574783, 1.0)]])
0.104114, 0.00627986, -0.574783
float3(-0.112954, -2.10994, -1.52235)
1038432.00509387
normal
simd_float4x4([[-0.127093, -0.991086, -0.0399386, 0.0)], [-0.567028, 0.0395585, 0.822748, 0.0)], [-0.813834, 0.127212, -0.567002, 0.0)], [0.0446861, 0.00694173, -0.69827, 1.0)]])
0.0446861, 0.00694173, -0.69827
float3(-0.127557, -2.17931, -1.5309)
1038432.20520729
normal
simd_float4x4([[-0.122058, -0.991222, -0.0507934, 0.0)], [-0.614812, 0.0353338, 0.787882, 0.0)], [-0.779172, 0.127396, -0.613728, 0.0)], [-0.0298302, 0.0107002, -0.800636, 1.0)]])
-0.0298302, 0.0107002, -0.800636
float3(-0.127743, -2.23797, -1.53516)
1038432.40532079
normal
simd_float4x4([[-0.115626, -0.991239, -0.063838, 0.0)], [-0.667565, 0.0299578, 0.743949, 0.0)], [-0.735519, 0.128636, -0.66518, 0.0)], [-0.128461, 0.0149313, -0.862958, 1.0)]])
-0.128461, 0.0149313, -0.862958
float3(-0.128993, -2.30602, -1.54058)
1038432.60543438
normal
simd_float4x4([[-0.109373, -0.992044, -0.0623353, 0.0)], [-0.690494, 0.0307167, 0.722686, 0.0)], [-0.715022, 0.122084, -0.68836, 0.0)], [-0.242527, 0.0117263, -0.522516, 1.0)]])
-0.242527, 0.0117263, -0.522516
float3(-0.12239, -2.3372, -1.53984)
1038432.82222396
normal
simd_float4x4([[-0.078998, -0.994639, -0.06673, 0.0)], [-0.739736, 0.0136175, 0.672759, 0.0)], [-0.668244, 0.102509, -0.736846, 0.0)], [-0.176237, 0.0253176, -0.478478, 1.0)]])
-0.176237, 0.0253176, -0.478478
float3(-0.10269, -2.40498, -1.55711)
1038433.02233763
normal
simd_float4x4([[-0.0738804, -0.994585, -0.0730865, 0.0)], [-0.777212, 0.0115019, 0.629133, 0.0)], [-0.624886, 0.103284, -0.773854, 0.0)], [-0.0427394, 0.0349587, -0.456195, 1.0)]])
-0.0427394, 0.0349587, -0.456195
float3(-0.103469, -2.4623, -1.55923)
1038433.22245096
normal
simd_float4x4([[-0.0759724, -0.994133, -0.0769932, 0.0)], [-0.798831, 0.0144718, 0.601381, 0.0)], [-0.596738, 0.107193, -0.795244, 0.0)], [0.0151731, 0.0381448, -0.461474, 1.0)]])
0.0151731, 0.0381448, -0.461474
float3(-0.107399, -2.49785, -1.55624)
1038433.42256463
normal
simd_float4x4([[-0.0713497, -0.99403, -0.082546, 0.0)], [-0.814852, 0.0103596, 0.579576, 0.0)], [-0.575261, 0.108615, -0.810727, 0.0)], [0.0794167, 0.0353469, -0.444602, 1.0)]])
0.0794167, 0.0353469, -0.444602
float3(-0.10883, -2.52448, -1.56037)
1038433.62267833
normal
simd_float4x4([[-0.0672118, -0.993879, -0.0876729, 0.0)], [-0.829791, 0.00688971, 0.558031, 0.0)], [-0.554012, 0.110257, -0.825175, 0.0)], [0.111639, 0.0333129, -0.445581, 1.0)]])
0.111639, 0.0333129, -0.445581
float3(-0.110481, -2.55033, -1.56386)
1038433.83946775
normal
simd_float4x4([[-0.0609776, -0.993845, -0.0924835, 0.0)], [-0.842643, 0.00159259, 0.53847, 0.0)], [-0.535008, 0.110765, -0.837554, 0.0)], [0.131671, 0.0308105, -0.453933, 1.0)]])
0.131671, 0.0308105, -0.453933
float3(-0.110993, -2.57315, -1.56919)
1038434.03958133
normal
simd_float4x4([[-0.0577631, -0.994272, -0.0899245, 0.0)], [-0.853256, 0.00240606, 0.521487, 0.0)], [-0.518283, 0.106851, -0.848508, 0.0)], [0.145871, 0.0294852, -0.461401, 1.0)]])
0.145871, 0.0294852, -0.461401
float3(-0.107056, -2.59326, -1.56838)
1038434.23969496
normal
simd_float4x4([[-0.0498182, -0.995459, -0.0811159, 0.0)], [-0.859127, 0.0012941, 0.511761, 0.0)], [-0.509332, 0.0951838, -0.85529, 0.0)], [0.15656, 0.025344, -0.471615, 1.0)]])
0.15656, 0.025344, -0.471615
float3(-0.0953282, -2.60448, -1.5695)
1038434.43980854
normal
simd_float4x4([[-0.0534506, -0.994954, -0.0849143, 0.0)], [-0.861406, 0.00292872, 0.507909, 0.0)], [-0.505097, 0.100294, -0.857216, 0.0)], [0.168119, 0.0226827, -0.473029, 1.0)]])
0.168119, 0.0226827, -0.473029
float3(-0.100463, -2.60913, -1.56785)
1038434.65659792
normal
simd_float4x4([[-0.0585033, -0.995062, -0.0801859, 0.0)], [-0.8493, 0.00739656, 0.527859, 0.0)], [-0.524659, 0.0989834, -0.845538, 0.0)], [0.133433, 0.0252321, -0.524597, 1.0)]])
0.133433, 0.0252321, -0.524597
float3(-0.0991457, -2.58623, -1.56336)
1038434.87338779
normal
simd_float4x4([[-0.0594034, -0.994929, -0.0811688, 0.0)], [-0.848491, 0.00749027, 0.529156, 0.0)], [-0.525865, 0.100305, -0.844633, 0.0)], [0.142705, 0.0251164, -0.533461, 1.0)]])
0.142705, 0.0251164, -0.533461
float3(-0.100474, -2.58472, -1.56327)
1038435.07350108
normal
simd_float4x4([[-0.0572693, -0.995174, -0.0796798, 0.0)], [-0.845893, 0.00597774, 0.533319, 0.0)], [-0.530269, 0.0979434, -0.842153, 0.0)], [0.157837, 0.0241873, -0.537642, 1.0)]])
0.157837, 0.0241873, -0.537642
float3(-0.0981007, -2.57965, -1.56479)
1038435.27361488
normal
simd_float4x4([[-0.0584644, -0.994837, -0.0829584, 0.0)], [-0.845733, 0.00520713, 0.533581, 0.0)], [-0.530394, 0.101356, -0.841671, 0.0)], [0.171132, 0.022762, -0.538802, 1.0)]])
0.171132, 0.022762, -0.538802
float3(-0.10153, -2.57929, -1.56556)
1038435.49040442
normal
simd_float4x4([[-0.0556968, -0.995138, -0.0812312, 0.0)], [-0.847546, 0.00411574, 0.530706, 0.0)], [-0.527791, 0.0984058, -0.843655, 0.0)], [0.192836, 0.0217062, -0.545857, 1.0)]])
0.192836, 0.0217062, -0.545857
float3(-0.0985653, -2.58256, -1.56666)
1038435.70719396
normal
simd_float4x4([[-0.0603038, -0.994827, -0.0817533, 0.0)], [-0.841104, 0.00654061, 0.540835, 0.0)], [-0.537502, 0.101377, -0.837147, 0.0)], [0.223149, 0.0184034, -0.542907, 1.0)]])
0.223149, 0.0184034, -0.542907
float3(-0.101552, -2.57082, -1.56422)
1038435.90730746
normal
simd_float4x4([[-0.0632949, -0.994845, -0.0792317, 0.0)], [-0.8205, 0.00667853, 0.571607, 0.0)], [-0.568131, 0.101189, -0.816693, 0.0)], [0.259169, 0.0146473, -0.541165, 1.0)]])
0.259169, 0.0146473, -0.541165
float3(-0.101363, -2.53379, -1.56408)
1038436.10742096
normal
simd_float4x4([[-0.0823216, -0.991833, -0.0974215, 0.0)], [-0.759689, -0.000819746, 0.650286, 0.0)], [-0.645055, 0.127543, -0.753417, 0.0)], [0.309106, 0.00704563, -0.532553, 1.0)]])
0.309106, 0.00704563, -0.532553
float3(-0.127891, -2.43353, -1.57162)
1038436.30753458
normal
simd_float4x4([[-0.0852619, -0.991042, -0.10279, 0.0)], [-0.683407, -0.0169036, 0.729842, 0.0)], [-0.725042, 0.132475, -0.675843, 0.0)], [0.364355, 0.00592341, -0.517765, 1.0)]])
0.364355, 0.00592341, -0.517765
float3(-0.132866, -2.32109, -1.58785)
1038436.50764821
normal
simd_float4x4([[-0.110314, -0.989303, -0.0954466, 0.0)], [-0.595314, -0.0111313, 0.803416, 0.0)], [-0.795885, 0.145448, -0.587718, 0.0)], [0.425875, 0.00209141, -0.490863, 1.0)]])
0.425875, 0.00209141, -0.490863
float3(-0.145966, -2.20686, -1.58205)
1038436.72443767
normal
simd_float4x4([[-0.10837, -0.990614, -0.0833095, 0.0)], [-0.484806, -0.0204981, 0.874381, 0.0)], [-0.867882, 0.135146, -0.478034, 0.0)], [0.513582, 0.00786275, -0.445474, 1.0)]])
0.513582, 0.00786275, -0.445474
float3(-0.135561, -2.07426, -1.59149)
1038436.92455146
normal
simd_float4x4([[-0.111415, -0.992377, -0.0526687, 0.0)], [-0.367196, -0.00813858, 0.930108, 0.0)], [-0.923447, 0.122967, -0.36349, 0.0)], [0.609286, 0.0194237, -0.39815, 1.0)]])
0.609286, 0.0194237, -0.39815
float3(-0.123279, -1.94579, -1.579)
1038437.14134083
normal
simd_float4x4([[-0.161615, -0.986234, -0.0349745, 0.0)], [-0.232256, 0.00356732, 0.972648, 0.0)], [-0.959134, 0.165318, -0.229635, 0.0)], [0.719885, 0.0100568, -0.36544, 1.0)]])
0.719885, 0.0100568, -0.36544
float3(-0.16608, -1.80579, -1.56718)
1038437.34145446
normal
simd_float4x4([[-0.197607, -0.98028, -0.00156966, 0.0)], [-0.140007, 0.0266381, 0.989792, 0.0)], [-0.970232, 0.19581, -0.14251, 0.0)], [0.821101, -0.00127634, -0.357218, 1.0)]])
0.821101, -0.00127634, -0.357218
float3(-0.197083, -1.71664, -1.54363)
1038437.55824392
normal
simd_float4x4([[-0.215078, -0.976589, 0.00394122, 0.0)], [-0.0879094, 0.0233796, 0.995854, 0.0)], [-0.972632, 0.21384, -0.0908798, 0.0)], [0.953574, -0.0197826, -0.360624, 1.0)]])
0.953574, -0.0197826, -0.360624
float3(-0.215504, -1.66396, -1.54686)
1038437.77503362
normal
simd_float4x4([[-0.200394, -0.979704, -0.00477025, 0.0)], [-0.0675189, 0.0089529, 0.997678, 0.0)], [-0.977386, 0.200251, -0.0679426, 0.0)], [1.09926, -0.0214063, -0.382038, 1.0)]])
1.09926, -0.0214063, -0.382038
float3(-0.201614, -1.6402, -1.56166)
1038437.97514721
normal
simd_float4x4([[-0.195437, -0.980447, -0.0229687, 0.0)], [-0.0243488, -0.0185623, 0.999531, 0.0)], [-0.980414, 0.195905, -0.0202449, 0.0)], [1.20735, -0.0163122, -0.413371, 1.0)]])
1.20735, -0.0163122, -0.413371
float3(-0.19718, -1.59144, -1.58973)
1038438.17526058
normal
simd_float4x4([[-0.199295, -0.979658, -0.0234836, 0.0)], [0.0137704, -0.0267617, 0.999547, 0.0)], [-0.979843, 0.198882, 0.0188238, 0.0)], [1.30678, -0.0190894, -0.431951, 1.0)]])
1.30678, -0.0190894, -0.431951
float3(-0.200217, -1.55159, -1.59811)
1038438.39205033
normal
simd_float4x4([[-0.184188, -0.982666, -0.0210434, 0.0)], [0.0123031, -0.023713, 0.999643, 0.0)], [-0.982814, 0.183863, 0.0164575, 0.0)], [1.44946, -0.029135, -0.411831, 1.0)]])
1.44946, -0.029135, -0.411831
float3(-0.184915, -1.55405, -1.59492)
1038438.60884004
normal
simd_float4x4([[-0.147805, -0.988829, -0.0192655, 0.0)], [0.0148229, -0.021692, 0.999655, 0.0)], [-0.988905, 0.147469, 0.0178635, 0.0)], [1.62587, -0.0153873, -0.375957, 1.0)]])
1.62587, -0.0153873, -0.375957
float3(-0.148009, -1.55273, -1.59273)
1038438.80895342
normal
simd_float4x4([[-0.152428, -0.988313, -0.00167498, 0.0)], [0.0433642, -0.00838123, 0.999024, 0.0)], [-0.987363, 0.152207, 0.044135, 0.0)], [1.77565, -0.00612358, -0.360624, 1.0)]])
1.77565, -0.00612358, -0.360624
float3(-0.152801, -1.52613, -1.57928)
1038439.02574308
normal
simd_float4x4([[-0.167585, -0.98559, 0.0229796, 0.0)], [0.0515353, 0.0145194, 0.998566, 0.0)], [-0.98451, 0.168529, 0.0483595, 0.0)], [1.9469, -0.018785, -0.358851, 1.0)]])
1.9469, -0.018785, -0.358851
float3(-0.169337, -1.52172, -1.55607)
1038439.22585658
normal
simd_float4x4([[-0.149279, -0.988755, 0.00891449, 0.0)], [0.028918, 0.00464606, 0.999571, 0.0)], [-0.988372, 0.149473, 0.0278992, 0.0)], [2.11855, -0.0345471, -0.371928, 1.0)]])
2.11855, -0.0345471, -0.371928
float3(-0.150035, -1.54258, -1.5661)
1038439.44264608
normal
simd_float4x4([[-0.132215, -0.990966, -0.0224824, 0.0)], [0.0228006, -0.025716, 0.999409, 0.0)], [-0.990959, 0.131624, 0.0259946, 0.0)], [2.28755, -0.0176516, -0.381175, 1.0)]])
2.28755, -0.0176516, -0.381175
float3(-0.132007, -1.54457, -1.59674)
1038439.64275971
normal
simd_float4x4([[-0.144198, -0.988839, -0.0374838, 0.0)], [0.0399922, -0.0436722, 0.998245, 0.0)], [-0.98874, 0.142446, 0.0458433, 0.0)], [2.43268, -0.0178375, -0.378349, 1.0)]])
2.43268, -0.0178375, -0.378349
float3(-0.142932, -1.52446, -1.61493)
1038439.84287312
normal
simd_float4x4([[-0.137243, -0.990151, -0.0276721, 0.0)], [0.0620494, -0.0364754, 0.997406, 0.0)], [-0.988592, 0.13517, 0.0664442, 0.0)], [2.59355, -0.0335627, -0.360444, 1.0)]])
2.59355, -0.0335627, -0.360444
float3(-0.135585, -1.50369, -1.60762)
1038440.04298662
normal
simd_float4x4([[-0.139445, -0.990194, -0.0084103, 0.0)], [0.0926655, -0.0215048, 0.995465, 0.0)], [-0.985884, 0.138033, 0.0947556, 0.0)], [2.74885, -0.0203392, -0.330933, 1.0)]])
2.74885, -0.0203392, -0.330933
float3(-0.138475, -1.47498, -1.59251)
1038440.25977612
normal
simd_float4x4([[-0.161909, -0.98646, 0.0261008, 0.0)], [0.0911704, 0.0113832, 0.99577, 0.0)], [-0.982585, 0.163604, 0.0880929, 0.0)], [2.89475, -0.0168211, -0.321866, 1.0)]])
2.89475, -0.0168211, -0.321866
float3(-0.164343, -1.48138, -1.55926)
1038440.45988975
normal
simd_float4x4([[-0.157559, -0.987041, 0.0304298, 0.0)], [0.0759423, 0.0186124, 0.996939, 0.0)], [-0.984585, 0.159388, 0.0720256, 0.0)], [3.03008, -0.0302106, -0.322592, 1.0)]])
3.03008, -0.0302106, -0.322592
float3(-0.160071, -1.49777, -1.55194)
1038440.66000308
normal
simd_float4x4([[-0.124001, -0.992257, 0.00701866, 0.0)], [0.0292595, 0.00341383, 0.999566, 0.0)], [-0.99185, 0.124153, 0.0286097, 0.0)], [3.17651, -0.0353312, -0.333162, 1.0)]])
3.17651, -0.0353312, -0.333162
float3(-0.124474, -1.54196, -1.56736)
1038440.87679283
normal
simd_float4x4([[-0.160639, -0.986972, -0.00899238, 0.0)], [0.0177837, -0.0120034, 0.99977, 0.0)], [-0.986853, 0.160442, 0.0194802, 0.0)], [3.32981, -0.0296903, -0.339823, 1.0)]])
3.32981, -0.0296903, -0.339823
float3(-0.161138, -1.55106, -1.58296)
1038441.07690621
normal
simd_float4x4([[-0.180962, -0.983084, -0.0282581, 0.0)], [0.0206037, -0.0325156, 0.999259, 0.0)], [-0.983274, 0.180245, 0.0261393, 0.0)], [3.47286, -0.0405932, -0.323073, 1.0)]])
3.47286, -0.0405932, -0.323073
float3(-0.181236, -1.54422, -1.60386)
1038441.27701962
normal
simd_float4x4([[-0.163641, -0.986457, -0.0111467, 0.0)], [0.00921341, -0.0128267, 0.999875, 0.0)], [-0.986477, 0.163518, 0.0111876, 0.0)], [3.62479, -0.0479986, -0.288589, 1.0)]])
3.62479, -0.0479986, -0.288589
float3(-0.164255, -1.55946, -1.5838)
1038441.477133
normal
simd_float4x4([[-0.16397, -0.986366, 0.0139747, 0.0)], [0.0159702, 0.0115103, 0.999806, 0.0)], [-0.986336, 0.164161, 0.0138651, 0.0)], [3.76249, -0.0329926, -0.259799, 1.0)]])
3.76249, -0.0329926, -0.259799
float3(-0.164907, -1.55674, -1.55913)
1038441.67724662
normal
simd_float4x4([[-0.179778, -0.983262, 0.0295809, 0.0)], [0.0078755, 0.0286313, 0.999559, 0.0)], [-0.983676, 0.179932, 0.0025964, 0.0)], [3.88812, -0.0283592, -0.252978, 1.0)]])
3.88812, -0.0283592, -0.252978
float3(-0.180917, -1.56816, -1.54169)
1038441.87736017
normal
simd_float4x4([[-0.191307, -0.981385, 0.0168643, 0.0)], [-0.0864237, 0.033957, 0.99568, 0.0)], [-0.977718, 0.189023, -0.0913112, 0.0)], [4.01755, -0.0441875, -0.251776, 1.0)]])
4.01755, -0.0441875, -0.251776
float3(-0.190167, -1.66392, -1.53621)
1038442.07747362
normal
simd_float4x4([[-0.157298, -0.986228, -0.0511102, 0.0)], [-0.32767, 0.00329889, 0.944787, 0.0)], [-0.931606, 0.16536, -0.323676, 0.0)], [4.15003, -0.0520272, -0.227839, 1.0)]])
4.15003, -0.0520272, -0.227839
float3(-0.166123, -1.90519, -1.56745)
1038442.29426308
normal
simd_float4x4([[-0.144806, -0.982621, -0.116138, 0.0)], [-0.615414, -0.00246697, 0.7882, 0.0)], [-0.774789, 0.185609, -0.604361, 0.0)], [4.22836, -0.0417152, -0.191745, 1.0)]])
4.22836, -0.0417152, -0.191745
float3(-0.186691, -2.23324, -1.57331)
1038442.49437663
normal
simd_float4x4([[-0.11853, -0.984087, -0.132375, 0.0)], [-0.833427, 0.0261292, 0.552011, 0.0)], [-0.539768, 0.175755, -0.823262, 0.0)], [4.20531, -0.0406645, -0.17461, 1.0)]])
4.20531, -0.0406645, -0.17461
float3(-0.176672, -2.56126, -1.54425)
1038442.71116621
normal
simd_float4x4([[-0.0925474, -0.978532, -0.184145, 0.0)], [-0.976983, 0.0535434, 0.206486, 0.0)], [-0.192194, 0.199016, -0.960965, 0.0)], [4.12373, -0.0259416, -0.197191, 1.0)]])
4.12373, -0.0259416, -0.197191
float3(-0.200354, -2.9442, -1.51613)
1038442.91127967
normal
simd_float4x4([[-0.0138318, -0.985014, -0.17192, 0.0)], [-0.997938, 0.0243772, -0.0593803, 0.0)], [0.0626813, 0.170744, -0.98332, 0.0)], [4.01674, -0.0180149, -0.273274, 1.0)]])
4.01674, -0.0180149, -0.273274
float3(-0.171585, 3.07793, -1.54605)
1038443.12806921
normal
simd_float4x4([[0.0368525, -0.982362, -0.183322, 0.0)], [-0.958725, 0.0170001, -0.283827, 0.0)], [0.281938, 0.186215, -0.941188, 0.0)], [3.91529, -0.0142697, -0.375861, 1.0)]])
3.91529, -0.0142697, -0.375861
float3(-0.187308, 2.85054, -1.55349)
1038443.32818263
normal
simd_float4x4([[0.0682108, -0.982585, -0.17284, 0.0)], [-0.888318, 0.0190435, -0.458833, 0.0)], [0.454134, 0.184834, -0.871549, 0.0)], [3.84371, -0.0109281, -0.465109, 1.0)]])
3.84371, -0.0109281, -0.465109
float3(-0.185903, 2.66124, -1.55142)
1038443.52829613
normal
simd_float4x4([[0.104227, -0.981883, -0.158246, 0.0)], [-0.758081, 0.0245614, -0.651698, 0.0)], [0.643778, 0.187888, -0.741787, 0.0)], [3.76622, -0.00510911, -0.544612, 1.0)]])
3.76622, -0.00510911, -0.544612
float3(-0.189011, 2.42681, -1.54579)
1038443.72840971
normal
simd_float4x4([[0.12156, -0.982772, -0.139221, 0.0)], [-0.600408, 0.0388874, -0.798748, 0.0)], [0.790401, 0.180685, -0.585337, 0.0)], [3.69506, -0.00257331, -0.596133, 1.0)]])
3.69506, -0.00257331, -0.596133
float3(-0.181683, 2.20823, -1.53125)
1038443.92852313
normal
simd_float4x4([[0.14625, -0.981417, -0.124222, 0.0)], [-0.488179, 0.0376161, -0.871932, 0.0)], [0.860402, 0.188163, -0.473606, 0.0)], [3.6121, -0.0118544, -0.583798, 1.0)]])
3.6121, -0.0118544, -0.583798
float3(-0.189292, 2.07398, -1.53249)
1038444.14531271
normal
simd_float4x4([[0.147441, -0.98442, -0.0958012, 0.0)], [-0.367365, 0.0354249, -0.929402, 0.0)], [0.918316, 0.172226, -0.356419, 0.0)], [3.51888, -0.0142503, -0.522744, 1.0)]])
3.51888, -0.0142503, -0.522744
float3(-0.173089, 1.94102, -1.53483)
1038444.34542617
normal
simd_float4x4([[0.154557, -0.986938, -0.0454432, 0.0)], [-0.251638, 0.00515534, -0.967808, 0.0)], [0.955401, 0.161016, -0.247554, 0.0)], [3.42984, -0.0129069, -0.481956, 1.0)]])
3.42984, -0.0129069, -0.481956
float3(-0.16172, 1.82433, -1.56557)
1038444.54553971
normal
simd_float4x4([[0.199171, -0.97941, -0.0329704, 0.0)], [-0.169249, -0.00124043, -0.985573, 0.0)], [0.965239, 0.201878, -0.166011, 0.0)], [3.32484, -0.0207484, -0.453747, 1.0)]])
3.32484, -0.0207484, -0.453747
float3(-0.203275, 1.74112, -1.57206)
1038444.74565304
normal
simd_float4x4([[0.213254, -0.976399, -0.0341629, 0.0)], [-0.127464, 0.00686308, -0.991819, 0.0)], [0.968646, 0.215864, -0.122993, 0.0)], [3.20258, -0.0384775, -0.442994, 1.0)]])
3.20258, -0.0384775, -0.442994
float3(-0.217576, 1.69709, -1.56377)
1038444.9457665
normal
simd_float4x4([[0.195025, -0.980414, -0.0274656, 0.0)], [-0.0795055, 0.0121082, -0.996761, 0.0)], [0.977571, 0.196577, -0.0755869, 0.0)], [3.06112, -0.0376807, -0.452925, 1.0)]])
3.06112, -0.0376807, -0.452925
float3(-0.197865, 1.64796, -1.55845)
1038445.14587996
normal
simd_float4x4([[0.192517, -0.980912, -0.0273574, 0.0)], [-0.0803373, 0.0120303, -0.996695, 0.0)], [0.977999, 0.194079, -0.0764878, 0.0)], [2.92838, -0.0220757, -0.455912, 1.0)]])
2.92838, -0.0220757, -0.455912
float3(-0.195318, 1.64885, -1.55853)
1038445.34599342
normal
simd_float4x4([[0.178146, -0.982679, -0.0510497, 0.0)], [-0.0746283, 0.0382375, -0.996478, 0.0)], [0.98117, 0.181329, -0.0665238, 0.0)], [2.79308, -0.0238191, -0.444472, 1.0)]])
2.79308, -0.0238191, -0.444472
float3(-0.182337, 1.63849, -1.5319)
1038445.54610683
normal
simd_float4x4([[0.151531, -0.987145, -0.0508201, 0.0)], [-0.0438953, 0.0446427, -0.998038, 0.0)], [0.987477, 0.153465, -0.0365662, 0.0)], [2.62821, -0.0297814, -0.421809, 1.0)]])
2.62821, -0.0297814, -0.421809
float3(-0.154073, 1.60781, -1.5256)
1038445.74622029
normal
simd_float4x4([[0.138517, -0.990352, 0.00404544, 0.0)], [-0.0184417, -0.00666343, -0.999808, 0.0)], [0.990188, 0.138416, -0.0191867, 0.0)], [2.46255, -0.0188156, -0.410485, 1.0)]])
2.46255, -0.0188156, -0.410485
float3(-0.138861, 1.59017, -1.57752)
1038445.94633371
normal
simd_float4x4([[0.176371, -0.984219, 0.0143256, 0.0)], [0.0114995, -0.0124925, -0.999856, 0.0)], [0.984257, 0.17651, 0.0091147, 0.0)], [2.31584, -0.0178039, -0.408139, 1.0)]])
2.31584, -0.0178039, -0.408139
float3(-0.17744, 1.56154, -1.58349)
1038446.16312317
normal
simd_float4x4([[0.136661, -0.990579, 0.008799, 0.0)], [-0.000189433, -0.00890846, -0.99996, 0.0)], [0.990618, 0.136653, -0.00140508, 0.0)], [2.16297, -0.0304982, -0.424222, 1.0)]])
2.16297, -0.0304982, -0.424222
float3(-0.137082, 1.57221, -1.57979)
1038446.36323662
normal
simd_float4x4([[0.10113, -0.994488, 0.0276721, 0.0)], [-0.0249403, -0.0303402, -0.999228, 0.0)], [0.99456, 0.100362, -0.0278712, 0.0)], [2.01687, -0.0166541, -0.455333, 1.0)]])
2.01687, -0.0166541, -0.455333
float3(-0.100531, 1.59881, -1.6013)
1038446.56335012
normal
simd_float4x4([[0.115056, -0.993343, -0.00558686, 0.0)], [-0.0170358, 0.00365026, -0.999848, 0.0)], [0.993213, 0.115133, -0.0165024, 0.0)], [1.87428, -0.00225799, -0.465478, 1.0)]])
1.87428, -0.00225799, -0.465478
float3(-0.115389, 1.58741, -1.56712)
1038446.78013983
normal
simd_float4x4([[0.0977782, -0.994767, -0.0296368, 0.0)], [-0.0107077, 0.0287262, -0.99953, 0.0)], [0.995151, 0.0980496, -0.00784289, 0.0)], [1.70616, -0.0196919, -0.458222, 1.0)]])
1.70616, -0.0196919, -0.458222
float3(-0.0982074, 1.57868, -1.54193)
1038446.98025321
normal
simd_float4x4([[0.142435, -0.989696, -0.0146503, 0.0)], [-0.00580022, 0.0139664, -0.999886, 0.0)], [0.989787, 0.142503, -0.00375116, 0.0)], [1.50211, -0.0290738, -0.447082, 1.0)]])
1.50211, -0.0290738, -0.447082
float3(-0.14299, 1.57459, -1.55669)
1038447.18036658
normal
simd_float4x4([[0.200893, -0.979585, -0.00748686, 0.0)], [-0.0209466, 0.00334546, -0.999775, 0.0)], [0.979389, 0.201004, -0.0198469, 0.0)], [1.32215, -0.0233454, -0.442108, 1.0)]])
1.32215, -0.0233454, -0.442108
float3(-0.202383, 1.59106, -1.56738)
1038447.38048029
normal
simd_float4x4([[0.192777, -0.981194, -0.00977614, 0.0)], [-0.0954305, -0.00883171, -0.995397, 0.0)], [0.976591, 0.192822, -0.0953383, 0.0)], [1.17251, -0.0357355, -0.42584, 1.0)]])
1.17251, -0.0357355, -0.42584
float3(-0.194037, 1.66811, -1.5798)
1038447.58059354
normal
simd_float4x4([[0.181522, -0.982727, -0.036013, 0.0)], [-0.197086, -0.000476985, -0.980386, 0.0)], [0.963435, 0.185059, -0.193768, 0.0)], [1.00169, -0.0405041, -0.40688, 1.0)]])
1.00169, -0.0405041, -0.40688
float3(-0.186132, 1.76927, -1.57128)
1038447.78070704
normal
simd_float4x4([[0.191593, -0.979236, -0.0662439, 0.0)], [-0.297246, 0.00643167, -0.954779, 0.0)], [0.935381, 0.202619, -0.289842, 0.0)], [0.839982, -0.0316045, -0.368954, 1.0)]])
0.839982, -0.0316045, -0.368954
float3(-0.204032, 1.87128, -1.56423)
1038447.98082042
normal
simd_float4x4([[0.190267, -0.97051, -0.148017, 0.0)], [-0.39973, 0.0611226, -0.914593, 0.0)], [0.896669, 0.233184, -0.376312, 0.0)], [0.685916, -0.0387777, -0.291299, 1.0)]])
0.685916, -0.0387777, -0.291299
float3(-0.23535, 1.96815, -1.5079)
1038448.18093383
normal
simd_float4x4([[0.149576, -0.976738, -0.153656, 0.0)], [-0.454337, 0.0701301, -0.888065, 0.0)], [0.878182, 0.202645, -0.433279, 0.0)], [0.5447, -0.0468696, -0.195626, 1.0)]])
0.5447, -0.0468696, -0.195626
float3(-0.204059, 2.02913, -1.49912)
1038448.38104725
normal
simd_float4x4([[0.145285, -0.981531, -0.124459, 0.0)], [-0.532627, 0.028419, -0.845873, 0.0)], [0.833787, 0.189183, -0.518661, 0.0)], [0.427108, -0.034575, -0.0955795, 1.0)]])
0.427108, -0.034575, -0.0955795
float3(-0.19033, 2.12727, -1.54185)
1038448.58116071
normal
simd_float4x4([[0.145904, -0.984041, -0.10186, 0.0)], [-0.652203, -0.0182583, -0.757825, 0.0)], [0.743871, 0.177004, -0.644458, 0.0)], [0.339408, -0.0352978, 0.0139218, 1.0)]])
0.339408, -0.0352978, 0.0139218
float3(-0.177941, 2.28471, -1.58935)
1038448.78127412
normal
simd_float4x4([[0.108003, -0.984002, -0.14169, 0.0)], [-0.786227, 0.00268258, -0.617932, 0.0)], [0.608426, 0.178139, -0.773359, 0.0)], [0.240205, -0.04646, 0.159887, 1.0)]])
0.240205, -0.04646, 0.159887
float3(-0.179095, 2.47499, -1.56807)
1038448.98138746
normal
simd_float4x4([[0.0824179, -0.982882, -0.164774, 0.0)], [-0.889705, 0.00192993, -0.456532, 0.0)], [0.449035, 0.184227, -0.874316, 0.0)], [0.139166, -0.0392366, 0.300826, 1.0)]])
0.139166, -0.0392366, 0.300826
float3(-0.185285, 2.66714, -1.56883)
1038449.18150092
normal
simd_float4x4([[0.0511179, -0.978771, -0.198477, 0.0)], [-0.941625, 0.0189832, -0.336129, 0.0)], [0.332761, 0.204073, -0.920665, 0.0)], [0.0755276, -0.0298153, 0.434954, 1.0)]])
0.0755276, -0.0298153, 0.434954
float3(-0.205517, 2.79477, -1.5514)
1038449.38161429
normal
simd_float4x4([[0.00227184, -0.980196, -0.198015, 0.0)], [-0.964724, 0.0499798, -0.258474, 0.0)], [0.263252, 0.191617, -0.945506, 0.0)], [0.0342881, -0.0422027, 0.576268, 1.0)]])
0.0342881, -0.0422027, 0.576268
float3(-0.192809, 2.87004, -1.51985)
1038449.58172796
normal
simd_float4x4([[0.0135639, -0.976893, -0.213297, 0.0)], [-0.976396, 0.0330471, -0.213445, 0.0)], [0.215562, 0.211158, -0.953386, 0.0)], [-0.00042595, -0.0442444, 0.738631, 1.0)]])
-0.00042595, -0.0442444, 0.738631
float3(-0.212759, 2.91923, -1.53698)
1038449.78184129
normal
simd_float4x4([[0.0403753, -0.967843, -0.248292, 0.0)], [-0.987419, -0.000626475, -0.158124, 0.0)], [0.152884, 0.251553, -0.955692, 0.0)], [-0.0298496, -0.0398256, 0.891245, 1.0)]])
-0.0298496, -0.0398256, 0.891245
float3(-0.254284, 2.98296, -1.57144)
1038449.99863067
normal
simd_float4x4([[0.0276337, -0.973449, -0.227231, 0.0)], [-0.995875, -0.00715704, -0.0904484, 0.0)], [0.0864206, 0.228793, -0.969631, 0.0)], [-0.0587144, -0.0451753, 1.0379, 1.0)]])
-0.0587144, -0.0451753, 1.0379
float3(-0.230838, 3.0527, -1.57815)
1038450.19874417
normal
simd_float4x4([[0.00119525, -0.978312, -0.207133, 0.0)], [-0.999949, 0.000915641, -0.0100948, 0.0)], [0.0100655, 0.207135, -0.978261, 0.0)], [-0.0946403, -0.0407417, 1.18582, 1.0)]])
-0.0946403, -0.0407417, 1.18582
float3(-0.208645, 3.1313, -1.56986)
1038450.39885767
normal
simd_float4x4([[-0.0104567, -0.978027, -0.208214, 0.0)], [-0.998372, -0.00146528, 0.0570222, 0.0)], [-0.0560743, 0.208471, -0.97642, 0.0)], [-0.119624, -0.0264659, 1.32672, 1.0)]])
-0.119624, -0.0264659, 1.32672
float3(-0.210011, -3.08423, -1.57229)
1038450.61564708
normal
simd_float4x4([[-0.063755, -0.977088, -0.203062, 0.0)], [-0.995292, 0.0473695, 0.0845586, 0.0)], [-0.0730022, 0.207497, -0.975508, 0.0)], [-0.128002, -0.0303812, 1.48276, 1.0)]])
-0.128002, -0.0303812, 1.48276
float3(-0.209016, -3.0669, -1.52235)
1038450.83243671
normal
simd_float4x4([[-0.0466751, -0.984515, -0.168971, 0.0)], [-0.996103, 0.0331996, 0.0817165, 0.0)], [-0.0748414, 0.172127, -0.982228, 0.0)], [-0.132403, -0.0355041, 1.66561, 1.0)]])
-0.132403, -0.0355041, 1.66561
float3(-0.172988, -3.06554, -1.53709)
1038451.03254996
normal
simd_float4x4([[-0.0392198, -0.979802, -0.196086, 0.0)], [-0.995192, 0.0206753, 0.095741, 0.0)], [-0.0897531, 0.198898, -0.975902, 0.0)], [-0.131293, -0.0181078, 1.82469, 1.0)]])
-0.131293, -0.0181078, 1.82469
float3(-0.200234, -3.04988, -1.5497)
1038451.23266358
normal
simd_float4x4([[-0.00724977, -0.982384, -0.186733, 0.0)], [-0.993569, -0.014025, 0.112359, 0.0)], [-0.112998, 0.186347, -0.975964, 0.0)], [-0.146787, -0.0233861, 1.95414, 1.0)]])
-0.146787, -0.0233861, 1.95414
float3(-0.187443, -3.02632, -1.58507)
1038451.432777
normal
simd_float4x4([[-0.0211232, -0.980309, -0.196336, 0.0)], [-0.989636, -0.00739795, 0.14341, 0.0)], [-0.142039, 0.19733, -0.969993, 0.0)], [-0.179117, -0.0369718, 2.11782, 1.0)]])
-0.179117, -0.0369718, 2.11782
float3(-0.198634, -2.99619, -1.57834)
1038451.64956642
normal
simd_float4x4([[-0.0263133, -0.983139, -0.180957, 0.0)], [-0.987865, -0.00214449, 0.155298, 0.0)], [-0.153068, 0.182847, -0.971152, 0.0)], [-0.217422, -0.0202437, 2.28773, 1.0)]])
-0.217422, -0.0202437, 2.28773
float3(-0.183882, -2.98526, -1.57298)
1038451.84967992
normal
simd_float4x4([[-0.0762598, -0.977008, -0.199099, 0.0)], [-0.987164, 0.0458774, 0.15298, 0.0)], [-0.140329, 0.20821, -0.967965, 0.0)], [-0.223709, -0.0184168, 2.43845, 1.0)]])
-0.223709, -0.0184168, 2.43845
float3(-0.209745, -2.99762, -1.52387)
1038452.04979333
normal
simd_float4x4([[-0.095454, -0.980643, -0.170962, 0.0)], [-0.98102, 0.0635526, 0.183197, 0.0)], [-0.168786, 0.185204, -0.968096, 0.0)], [-0.201316, -0.0288185, 2.57913, 1.0)]])
-0.201316, -0.0288185, 2.57913
float3(-0.18628, -2.96898, -1.50608)
1038452.24990679
normal
simd_float4x4([[-0.0917681, -0.991106, -0.0963708, 0.0)], [-0.945285, 0.0562784, 0.321355, 0.0)], [-0.313073, 0.120588, -0.942042, 0.0)], [-0.149884, -0.0157129, 2.72928, 1.0)]])
-0.149884, -0.0157129, 2.72928
float3(-0.120882, -2.82074, -1.51407)
1038452.45002013
normal
simd_float4x4([[-0.109226, -0.992272, -0.0588675, 0.0)], [-0.812167, 0.0549423, 0.580832, 0.0)], [-0.573109, 0.111252, -0.811892, 0.0)], [-0.0736064, 0.00440098, 2.81089, 1.0)]])
-0.0736064, 0.00440098, 2.81089
float3(-0.111483, -2.52692, -1.51548)
1038452.65013358
normal
simd_float4x4([[-0.125083, -0.992064, -0.0128074, 0.0)], [-0.446073, 0.0447028, 0.893879, 0.0)], [-0.886213, 0.117522, -0.448125, 0.0)], [0.00299455, -0.00470828, 2.81969, 1.0)]])
0.00299455, -0.00470828, 2.81969
float3(-0.117795, -2.03896, -1.52577)
1038452.85024692
normal
simd_float4x4([[-0.221325, -0.971494, 0.0849389, 0.0)], [0.0634632, 0.0725659, 0.995342, 0.0)], [-0.973133, 0.225685, 0.0455935, 0.0)], [0.0410102, -0.0172012, 2.76123, 1.0)]])
0.0410102, -0.0172012, 2.76123
float3(-0.227646, -1.52398, -1.49624)
1038453.05036029
normal
simd_float4x4([[-0.208558, -0.960582, 0.183811, 0.0)], [0.495203, 0.0583518, 0.866816, 0.0)], [-0.843373, 0.271804, 0.463513, 0.0)], [-0.00158513, -0.0297073, 2.6644, 1.0)]])
-0.00158513, -0.0297073, 2.6644
float3(-0.275268, -1.06826, -1.51012)
1038453.25047358
normal
simd_float4x4([[-0.176001, -0.960934, 0.21361, 0.0)], [0.763903, 0.00353728, 0.645321, 0.0)], [-0.620867, 0.276755, 0.733438, 0.0)], [-0.0901227, -0.0335512, 2.55651, 1.0)]])
-0.0901227, -0.0335512, 2.55651
float3(-0.280415, -0.702468, -1.56712)
1038453.450587
normal
simd_float4x4([[-0.0980546, -0.965242, 0.242269, 0.0)], [0.893961, 0.0215378, 0.447628, 0.0)], [-0.437287, 0.260471, 0.860776, 0.0)], [-0.209983, -0.0272141, 2.43104, 1.0)]])
-0.209983, -0.0272141, 2.43104
float3(-0.26351, -0.470039, -1.54849)
1038453.65070037
normal
