ARKit Data
1034087.47561617
normal
simd_float4x4([[-0.0488522, -0.994653, 0.0909846, 0.0)], [0.871941, 0.0019609, 0.489606, 0.0)], [-0.487167, 0.103252, 0.867184, 0.0)], [0.110831, 0.0573106, 0.31527, 1.0)]])
0.110831, 0.0573106, 0.31527
float3(-0.103436, -0.511843, -1.56882)
1034087.70892421
normal
simd_float4x4([[-0.028565, -0.996335, 0.0806218, 0.0)], [0.865576, 0.0156862, 0.500533, 0.0)], [-0.499963, 0.0840819, 0.861956, 0.0)], [0.119902, 0.0735059, 0.317131, 1.0)]])
0.119902, 0.0735059, 0.317131
float3(-0.0841813, -0.525609, -1.55505)
1034088.44752708
notAvailable
simd_float4x4([[-0.241484, 0.0, 0.970405, 0.0)], [0.0, 1.0, 0.0, 0.0)], [-0.970405, 0.0, -0.241484, 0.0)], [-0.183946, -0.271865, 0.239507, 1.0)]])
-0.183946, -0.271865, 0.239507
float3(-0.0, -1.81469, 0.0)
1034088.66417013
limited(__ObjC.ARCamera.TrackingState.Reason.initializing)
simd_float4x4([[0.00241192, -0.99579, 0.0916282, 0.0)], [0.999996, 0.00226411, -0.00171705, 0.0)], [0.00150236, 0.091632, 0.995792, 0.0)], [0.0, 0.0, 0.0, 1.0)]])
0.0, 0.0, 0.0
float3(-0.0917607, 0.00150871, -1.56852)
1034088.88081313
limited(__ObjC.ARCamera.TrackingState.Reason.initializing)
simd_float4x4([[-0.00182593, -0.995888, 0.090562, 0.0)], [0.999723, -0.00394193, -0.0231922, 0.0)], [0.0234538, 0.0904946, 0.995619, 0.0)], [0.0, 0.0, 0.0, 1.0)]])
0.0, 0.0, 0.0
float3(-0.0906186, 0.0235527, -1.57475)
1034089.09745625
limited(__ObjC.ARCamera.TrackingState.Reason.initializing)
simd_float4x4([[0.00538733, -0.995767, 0.0917246, 0.0)], [0.998938, 0.00116274, -0.0460501, 0.0)], [0.0457487, 0.0918753, 0.994716, 0.0)], [0.0, 0.0, 0.0, 1.0)]])
0.0, 0.0, 0.0
float3(-0.0920051, 0.0459593, -1.56963)
1034089.31409933
normal
simd_float4x4([[0.0493805, -0.996195, 0.0718082, 0.0)], [0.99619, 0.0439501, -0.0753316, 0.0)], [0.071889, 0.0752545, 0.99457, 0.0)], [-1.10792e-05, 0.000826418, -0.000606075, 1.0)]])
-1.10792e-05, 0.000826418, -0.000606075
float3(-0.0753257, 0.072156, -1.52671)
1034089.53074237
normal
simd_float4x4([[0.0487141, -0.996055, 0.0741757, 0.0)], [0.992672, 0.0400587, -0.114007, 0.0)], [0.110586, 0.0791859, 0.990707, 0.0)], [0.00367654, -0.000238213, -0.00134276, 1.0)]])
0.00367654, -0.000238213, -0.00134276
float3(-0.0792689, 0.111163, -1.5306)
1034089.74738558
normal
simd_float4x4([[0.0471542, -0.99627, 0.0722713, 0.0)], [0.990564, 0.0373179, -0.131872, 0.0)], [0.128683, 0.0778077, 0.988629, 0.0)], [0.0108292, 0.000102212, -0.000896046, 1.0)]])
0.0108292, 0.000102212, -0.000896046
float3(-0.0778864, 0.129436, -1.53336)
1034089.96402879
normal
simd_float4x4([[0.041658, -0.996392, 0.0739395, 0.0)], [0.992617, 0.0328355, -0.116763, 0.0)], [0.113914, 0.0782577, 0.990404, 0.0)], [0.0176855, 0.000328844, -0.00226555, 1.0)]])
0.0176855, 0.000328844, -0.00226555
float3(-0.0783378, 0.114514, -1.53785)
1034090.180672
normal
simd_float4x4([[0.0464881, -0.996189, 0.0737946, 0.0)], [0.993387, 0.0383402, -0.108227, 0.0)], [0.104985, 0.0783378, 0.991384, 0.0)], [0.0192788, -0.000727448, -0.00315713, 1.0)]])
0.0192788, -0.000727448, -0.00315713
float3(-0.0784182, 0.105504, -1.53233)
1034090.41397975
normal
simd_float4x4([[0.0476896, -0.996162, 0.0733998, 0.0)], [0.994638, 0.0406089, -0.0951082, 0.0)], [0.0917625, 0.0775419, 0.992757, 0.0)], [0.0227168, -0.00135761, -0.00132766, 1.0)]])
0.0227168, -0.00135761, -0.00132766
float3(-0.0776198, 0.0921701, -1.53005)
1034090.63062292
normal
simd_float4x4([[0.0467423, -0.996355, 0.0713623, 0.0)], [0.995749, 0.0407989, -0.0825848, 0.0)], [0.0793722, 0.0749191, 0.994026, 0.0)], [0.0245775, -0.00228122, 0.000419467, 1.0)]])
0.0245775, -0.00228122, 0.000419467
float3(-0.0749894, 0.0796802, -1.52987)
1034090.84726621
normal
simd_float4x4([[0.0444423, -0.99614, 0.0756976, 0.0)], [0.996919, 0.0393193, -0.0678725, 0.0)], [0.0646342, 0.0784808, 0.994818, 0.0)], [0.0273806, -0.00351238, 0.00174394, 1.0)]])
0.0273806, -0.00351238, 0.00174394
float3(-0.0785616, 0.0648796, -1.53135)
1034091.06390937
normal
simd_float4x4([[0.0437654, -0.996029, 0.0775238, 0.0)], [0.997719, 0.039584, -0.0546764, 0.0)], [0.0513905, 0.0797399, 0.99549, 0.0)], [0.0290939, -0.00399407, 0.00203222, 1.0)]])
0.0290939, -0.00399407, 0.00203222
float3(-0.0798246, 0.0515776, -1.53108)
1034091.29721725
normal
simd_float4x4([[0.0456339, -0.995979, 0.0770891, 0.0)], [0.997903, 0.041904, -0.049329, 0.0)], [0.0459003, 0.0791786, 0.995803, 0.0)], [0.0309626, -0.00379018, 0.00324088, 1.0)]])
0.0309626, -0.00379018, 0.00324088
float3(-0.0792615, 0.0460612, -1.52875)
1034091.51386054
normal
simd_float4x4([[0.0407737, -0.99621, 0.0768313, 0.0)], [0.997789, 0.0365578, -0.0555025, 0.0)], [0.0524833, 0.0789245, 0.995498, 0.0)], [0.0342065, -0.00420031, 0.00379396, 1.0)]])
0.0342065, -0.00420031, 0.00379396
float3(-0.0790067, 0.0526719, -1.53412)
1034091.73050387
normal
simd_float4x4([[0.0390109, -0.996274, 0.0769151, 0.0)], [0.997285, 0.0340073, -0.0653236, 0.0)], [0.0624645, 0.0792546, 0.994895, 0.0)], [0.0342538, -0.0042142, 0.00370503, 1.0)]])
0.0342538, -0.0042142, 0.00370503
float3(-0.0793378, 0.0627027, -1.53668)
1034091.96381175
normal
simd_float4x4([[0.0368294, -0.996426, 0.0760184, 0.0)], [0.996663, 0.0310797, -0.0754803, 0.0)], [0.0728479, 0.0785446, 0.994245, 0.0)], [0.0348722, -0.00439969, 0.00298054, 1.0)]])
0.0348722, -0.00439969, 0.00298054
float3(-0.0786256, 0.0731389, -1.53962)
1034092.18045492
normal
simd_float4x4([[0.0368058, -0.99655, 0.0743818, 0.0)], [0.995709, 0.0302472, -0.0874542, 0.0)], [0.0849027, 0.0772815, 0.993388, 0.0)], [0.0361969, -0.00421973, 0.00412745, 1.0)]])
0.0361969, -0.00421973, 0.00412745
float3(-0.0773586, 0.0852606, -1.54045)
1034092.39709812
normal
simd_float4x4([[0.0345397, -0.996304, 0.0786436, 0.0)], [0.994572, 0.0265378, -0.100613, 0.0)], [0.0981541, 0.0816918, 0.991813, 0.0)], [0.037813, -0.00441515, 0.00188984, 1.0)]])
0.037813, -0.00441515, 0.00188984
float3(-0.0817829, 0.0986431, -1.54417)
1034092.64707112
normal
simd_float4x4([[0.0391485, -0.99596, 0.0808147, 0.0)], [0.993978, 0.0305309, -0.105243, 0.0)], [0.10235, 0.0844481, 0.991157, 0.0)], [0.0397899, -0.0037614, 0.000451558, 1.0)]])
0.0397899, -0.0037614, 0.000451558
float3(-0.0845488, 0.102899, -1.54015)
1034092.86371442
normal
simd_float4x4([[0.051517, -0.995341, 0.0815025, 0.0)], [0.993814, 0.0430556, -0.102369, 0.0)], [0.0983831, 0.0862721, 0.991402, 0.0)], [0.0396239, -0.00325786, -3.01935e-06, 1.0)]])
0.0396239, -0.00325786, -3.01935e-06
float3(-0.0863795, 0.0989125, -1.52757)
1034093.11368742
normal
simd_float4x4([[0.0550781, -0.995158, 0.0814065, 0.0)], [0.993723, 0.0466823, -0.101664, 0.0)], [0.0973716, 0.086495, 0.991482, 0.0)], [0.0395777, -0.00265006, -0.0011261, 1.0)]])
0.0395777, -0.00265006, -0.0011261
float3(-0.0866032, 0.0978942, -1.52392)
1034093.3469955
normal
simd_float4x4([[0.0540617, -0.99507, 0.0831398, 0.0)], [0.993683, 0.0454114, -0.10263, 0.0)], [0.0983486, 0.088163, 0.991239, 0.0)], [0.0396414, -0.00320551, -0.0011768, 1.0)]])
0.0396414, -0.00320551, -0.0011768
float3(-0.0882776, 0.0988942, -1.52519)
1034093.58030371
normal
simd_float4x4([[0.0516956, -0.995131, 0.0839162, 0.0)], [0.993655, 0.0428501, -0.103986, 0.0)], [0.099884, 0.0887594, 0.991032, 0.0)], [0.0410928, -0.00338072, -0.00184575, 1.0)]])
0.0410928, -0.00338072, -0.00184575
float3(-0.0888764, 0.100449, -1.52776)
1034093.81361188
normal
simd_float4x4([[0.0533972, -0.994819, 0.0865045, 0.0)], [0.993195, 0.0439311, -0.10786, 0.0)], [0.103501, 0.0916752, 0.990395, 0.0)], [0.0430108, -0.00352916, -0.00224475, 1.0)]])
0.0430108, -0.00352916, -0.00224475
float3(-0.0918041, 0.104127, -1.52667)
1034094.04691996
normal
simd_float4x4([[0.0475303, -0.994864, 0.0893635, 0.0)], [0.994348, 0.0386224, -0.0988955, 0.0)], [0.0949362, 0.0935589, 0.991077, 0.0)], [0.0100514, -0.00949442, -0.00474844, 1.0)]])
0.0100514, -0.00949442, -0.00474844
float3(-0.093696, 0.0954995, -1.53199)
1034094.26356329
normal
simd_float4x4([[0.0474836, -0.995004, 0.0878208, 0.0)], [0.994106, 0.0384953, -0.101351, 0.0)], [0.0974637, 0.0921156, 0.990967, 0.0)], [0.0135833, -0.00870549, -0.00429969, 1.0)]])
0.0135833, -0.00870549, -0.00429969
float3(-0.0922464, 0.0980369, -1.53213)
1034094.51353642
normal
simd_float4x4([[0.0436401, -0.995227, 0.0872891, 0.0)], [0.993755, 0.0342614, -0.106195, 0.0)], [0.102698, 0.0913783, 0.990507, 0.0)], [0.0180425, -0.00899281, -0.00384706, 1.0)]])
0.0180425, -0.00899281, -0.00384706
float3(-0.091506, 0.103313, -1.53638)
1034094.73017958
normal
simd_float4x4([[0.0431077, -0.995208, 0.0877689, 0.0)], [0.993323, 0.0332845, -0.11046, 0.0)], [0.107009, 0.0919445, 0.989998, 0.0)], [0.0194883, -0.00858708, -0.00382064, 1.0)]])
0.0194883, -0.00858708, -0.00382064
float3(-0.0920745, 0.107672, -1.53736)
1034094.946823
normal
simd_float4x4([[0.0422472, -0.995195, 0.0883345, 0.0)], [0.993225, 0.0322541, -0.111642, 0.0)], [0.108256, 0.0924526, 0.989815, 0.0)], [0.0211226, -0.00929861, -0.0043098, 1.0)]])
0.0211226, -0.00929861, -0.0043098
float3(-0.0925848, 0.108937, -1.5384)
1034095.16346633
normal
simd_float4x4([[0.04502, -0.99507, 0.0883656, 0.0)], [0.993162, 0.0350448, -0.111357, 0.0)], [0.107712, 0.0927747, 0.989844, 0.0)], [0.021705, -0.00925143, -0.00476757, 1.0)]])
0.021705, -0.00925143, -0.00476757
float3(-0.0929083, 0.10839, -1.53559)
1034095.38010971
normal
simd_float4x4([[0.0468623, -0.995079, 0.0872979, 0.0)], [0.993345, 0.0372179, -0.109002, 0.0)], [0.105217, 0.091825, 0.990201, 0.0)], [0.0228231, -0.00848951, -0.00511995, 1.0)]])
0.0228231, -0.00848951, -0.00511995
float3(-0.0919546, 0.105861, -1.53341)
1034095.59675317
normal
simd_float4x4([[0.0498098, -0.994792, 0.0889259, 0.0)], [0.993849, 0.040551, -0.103049, 0.0)], [0.0989059, 0.0935118, 0.990693, 0.0)], [0.024387, -0.00851314, -0.00570703, 1.0)]])
0.024387, -0.00851314, -0.00570703
float3(-0.0936486, 0.0995053, -1.53006)
1034095.81339633
normal
simd_float4x4([[0.0529566, -0.994625, 0.0889741, 0.0)], [0.993626, 0.0436041, -0.103955, 0.0)], [0.0995163, 0.0939121, 0.990594, 0.0)], [0.0260208, -0.00838785, -0.00623384, 1.0)]])
0.0260208, -0.00838785, -0.00623384
float3(-0.0940507, 0.100125, -1.52698)
1034096.03003975
normal
simd_float4x4([[0.0543767, -0.994362, 0.0910408, 0.0)], [0.993226, 0.0444863, -0.107346, 0.0)], [0.102691, 0.0962612, 0.990045, 0.0)], [0.0260513, -0.00886279, -0.0065653, 1.0)]])
0.0260513, -0.00886279, -0.0065653
float3(-0.0964105, 0.103354, -1.52609)
1034096.26334804
normal
simd_float4x4([[0.0521744, -0.994424, 0.0916412, 0.0)], [0.994816, 0.0437341, -0.0918111, 0.0)], [0.0872913, 0.0959562, 0.991551, 0.0)], [0.00475364, 0.00513899, -0.00385094, 1.0)]])
0.00475364, 0.00513899, -0.00385094
float3(-0.0961041, 0.0878088, -1.52685)
1034096.47999142
normal
simd_float4x4([[0.0520729, -0.994451, 0.0914088, 0.0)], [0.993876, 0.0426737, -0.101928, 0.0)], [0.0974613, 0.0961567, 0.990583, 0.0)], [0.0053468, 0.00441144, -0.00487006, 1.0)]])
0.0053468, 0.00441144, -0.00487006
float3(-0.0963055, 0.0980722, -1.52791)
1034096.71329967
normal
simd_float4x4([[0.0507812, -0.994526, 0.0913181, 0.0)], [0.991462, 0.0392059, -0.12436, 0.0)], [0.120099, 0.0968536, 0.988026, 0.0)], [0.0048367, 0.00417377, -0.00599728, 1.0)]])
0.0048367, 0.00417377, -0.00599728
float3(-0.0970057, 0.120961, -1.53139)
1034096.92994308
normal
simd_float4x4([[0.0493784, -0.994889, 0.0880745, 0.0)], [0.988604, 0.0361293, -0.146138, 0.0)], [0.142209, 0.0942868, 0.985336, 0.0)], [0.00540256, 0.00404593, -0.00669776, 1.0)]])
0.00540256, 0.00404593, -0.00669776
float3(-0.0944271, 0.143336, -1.5345)
1034097.1465865
normal
simd_float4x4([[0.0516299, -0.994808, 0.0877022, 0.0)], [0.985276, 0.0364078, -0.167053, 0.0)], [0.162993, 0.0950358, 0.98204, 0.0)], [0.00488618, 0.00420783, -0.00658501, 1.0)]])
0.00488618, 0.00420783, -0.00658501
float3(-0.0951794, 0.164474, -1.53421)
1034097.37989467
normal
simd_float4x4([[0.0520536, -0.994914, 0.0862319, 0.0)], [0.981292, 0.0349313, -0.189329, 0.0)], [0.185354, 0.094474, 0.97812, 0.0)], [0.00399698, 0.00467011, -0.0062466, 1.0)]])
0.00399698, 0.00467011, -0.0062466
float3(-0.0946151, 0.187279, -1.5357)
1034097.59653808
normal
simd_float4x4([[0.0540455, -0.994751, 0.0868932, 0.0)], [0.977595, 0.0349822, -0.207566, 0.0)], [0.203437, 0.0961644, 0.974354, 0.0)], [0.00334742, 0.004827, -0.00589366, 1.0)]])
0.00334742, 0.004827, -0.00589366
float3(-0.0963133, 0.205835, -1.53564)
1034097.81318162
normal
simd_float4x4([[0.0551844, -0.994916, 0.0842428, 0.0)], [0.976172, 0.0360258, -0.213987, 0.0)], [0.209864, 0.0940442, 0.973197, 0.0)], [0.00169478, 0.00477394, -0.00492832, 1.0)]])
0.00169478, 0.00477394, -0.00492832
float3(-0.0941834, 0.212391, -1.5346)
1034098.04648992
normal
simd_float4x4([[0.0578659, -0.994871, 0.0829694, 0.0)], [0.976745, 0.0392329, -0.210783, 0.0)], [0.206447, 0.0932371, 0.974005, 0.0)], [0.000577113, 0.0046791, -0.00406986, 1.0)]])
0.000577113, 0.0046791, -0.00406986
float3(-0.0933727, 0.208866, -1.53138)
1034098.26313342
normal
simd_float4x4([[0.0588539, -0.994924, 0.0816291, 0.0)], [0.980264, 0.0421395, -0.193152, 0.0)], [0.188731, 0.0913858, 0.977767, 0.0)], [0.00312318, 0.00473059, -0.00257537, 1.0)]])
0.00312318, 0.00473059, -0.00257537
float3(-0.0915134, 0.190678, -1.52847)
1034098.49644158
normal
simd_float4x4([[0.0554889, -0.995199, 0.080617, 0.0)], [0.985499, 0.0416228, -0.164497, 0.0)], [0.160352, 0.0885758, 0.983078, 0.0)], [0.0163212, 0.00448458, 0.000699685, 1.0)]])
0.0163212, 0.00448458, 0.000699685
float3(-0.088692, 0.161689, -1.529)
1034098.71308504
normal
simd_float4x4([[0.0534465, -0.9953, 0.0807529, 0.0)], [0.991306, 0.043147, -0.1243, 0.0)], [0.120232, 0.0866943, 0.988953, 0.0)], [0.0310515, 0.00477974, 0.0017293, 1.0)]])
0.0310515, 0.00477974, 0.0017293
float3(-0.0868033, 0.120981, -1.52747)
1034098.92972862
normal
simd_float4x4([[0.0532677, -0.994953, 0.0850352, 0.0)], [0.994928, 0.045604, -0.0896533, 0.0)], [0.0853229, 0.0893796, 0.992336, 0.0)], [0.0460771, 0.00391216, 0.00394556, 1.0)]])
0.0460771, 0.00391216, 0.00394556
float3(-0.089499, 0.0857709, -1.52499)
1034099.14637196
normal
simd_float4x4([[0.0410602, -0.995486, 0.0855673, 0.0)], [0.997235, 0.0355217, -0.0652747, 0.0)], [0.0619405, 0.0880109, 0.994192, 0.0)], [0.0637997, 0.00371298, 0.00807343, 1.0)]])
0.0637997, 0.00371298, 0.00807343
float3(-0.0881249, 0.062222, -1.53513)
1034099.36301554
normal
simd_float4x4([[0.0298782, -0.995188, 0.0933194, 0.0)], [0.998189, 0.0248303, -0.0547934, 0.0)], [0.0522126, 0.0947875, 0.994127, 0.0)], [0.0861289, 0.00180435, 0.0108594, 1.0)]])
0.0861289, 0.00180435, 0.0108594
float3(-0.09493, 0.0524728, -1.54585)
1034099.57965892
normal
simd_float4x4([[0.0265623, -0.994257, 0.103668, 0.0)], [0.998343, 0.0210895, -0.0535359, 0.0)], [0.0510421, 0.104918, 0.99317, 0.0)], [0.109298, -0.00181882, 0.0127337, 1.0)]])
0.109298, -0.00181882, 0.0127337
float3(-0.105112, 0.051348, -1.54959)
1034099.82963229
normal
simd_float4x4([[0.026115, -0.993688, 0.109098, 0.0)], [0.998524, 0.0207301, -0.0502045, 0.0)], [0.047626, 0.110248, 0.992762, 0.0)], [0.133126, -0.0061151, 0.0167202, 1.0)]])
0.133126, -0.0061151, 0.0167202
float3(-0.110472, 0.0479365, -1.54994)
1034100.04627567
normal
simd_float4x4([[0.0252557, -0.993521, 0.110805, 0.0)], [0.998688, 0.0201361, -0.0470821, 0.0)], [0.0445459, 0.111848, 0.992726, 0.0)], [0.147534, -0.00796321, 0.0189778, 1.0)]])
0.147534, -0.00796321, 0.0189778
float3(-0.112083, 0.0448422, -1.55053)
1034100.29624892
normal
simd_float4x4([[0.0255332, -0.993313, 0.112598, 0.0)], [0.998167, 0.0191492, -0.057419, 0.0)], [0.0548789, 0.113857, 0.99198, 0.0)], [0.143335, -0.00782019, 0.0181577, 1.0)]])
0.143335, -0.00782019, 0.0181577
float3(-0.114105, 0.0552662, -1.55152)
1034100.51289233
normal
simd_float4x4([[0.0343296, -0.992506, 0.117273, 0.0)], [0.997641, 0.0270512, -0.0631012, 0.0)], [0.0594559, 0.119163, 0.991093, 0.0)], [0.141302, -0.00811486, 0.0162121, 1.0)]])
0.141302, -0.00811486, 0.0162121
float3(-0.119447, 0.0599185, -1.54355)
1034100.74620088
normal
simd_float4x4([[0.0255874, -0.992374, 0.12058, 0.0)], [0.999051, 0.0296382, 0.0319214, 0.0)], [-0.0352517, 0.119649, 0.99219, 0.0)], [0.0173906, -0.00776612, 0.017763, 1.0)]])
0.0173906, -0.00776612, 0.017763
float3(-0.119936, -0.0355143, -1.54094)
1034100.96284425
normal
simd_float4x4([[0.0248687, -0.992367, 0.120785, 0.0)], [0.999681, 0.0252362, 0.0015133, 0.0)], [-0.00454989, 0.120709, 0.992678, 0.0)], [0.0290156, -0.00866949, 0.0146577, 1.0)]])
0.0290156, -0.00866949, 0.0146577
float3(-0.121004, -0.00458342, -1.54537)
1034101.21281763
normal
simd_float4x4([[0.0370045, -0.989262, 0.141391, 0.0)], [0.996207, 0.025367, -0.0832411, 0.0)], [0.0787605, 0.143935, 0.986448, 0.0)], [0.00595875, -0.0154825, -0.00171083, 1.0)]])
0.00595875, -0.0154825, -0.00171083
float3(-0.144437, 0.0796736, -1.54516)
1034101.42946125
normal
simd_float4x4([[0.0749877, -0.985426, 0.152685, 0.0)], [0.96668, 0.0342545, -0.253685, 0.0)], [0.244758, 0.166621, 0.95516, 0.0)], [-0.0301414, -0.0241754, -0.0126535, 1.0)]])
-0.0301414, -0.0241754, -0.0126535
float3(-0.167401, 0.25085, -1.53605)
1034101.66276954
normal
simd_float4x4([[0.130273, -0.978238, 0.161494, 0.0)], [0.883884, 0.0407898, -0.465925, 0.0)], [0.449198, 0.203439, 0.869962, 0.0)], [-0.0973116, -0.0340551, -0.023886, 1.0)]])
-0.0973116, -0.0340551, -0.023886
float3(-0.204869, 0.476635, -1.52912)
1034101.89620104
normal
simd_float4x4([[0.143972, -0.976966, 0.157509, 0.0)], [0.814369, 0.0265432, -0.57974, 0.0)], [0.562206, 0.211737, 0.799433, 0.0)], [-0.170417, -0.0330819, -0.0313007, 1.0)]])
-0.170417, -0.0330819, -0.0313007
float3(-0.213352, 0.612908, -1.54363)
1034102.096314
normal
simd_float4x4([[0.153354, -0.977715, 0.14337, 0.0)], [0.762325, 0.0247359, -0.646721, 0.0)], [0.628763, 0.208472, 0.749131, 0.0)], [-0.24191, -0.024991, -0.040011, 1.0)]])
-0.24191, -0.024991, -0.040011
float3(-0.210012, 0.698263, -1.5455)
1034102.29642717
normal
simd_float4x4([[0.150309, -0.982019, 0.114221, 0.0)], [0.694965, 0.0227799, -0.718683, 0.0)], [0.703158, 0.187404, 0.685893, 0.0)], [-0.306037, -0.0151157, -0.0397655, 1.0)]])
-0.306037, -0.0151157, -0.0397655
float3(-0.188519, 0.797827, -1.5476)
1034102.49654
normal
simd_float4x4([[0.146819, -0.984104, 0.0999208, 0.0)], [0.5839, 0.00468539, -0.811812, 0.0)], [0.798439, 0.177534, 0.575306, 0.0)], [-0.353716, -0.00684085, -0.0401426, 1.0)]])
-0.353716, -0.00684085, -0.0401426
float3(-0.17848, 0.946419, -1.56604)
1034102.69665296
normal
simd_float4x4([[0.163407, -0.982347, 0.0910658, 0.0)], [0.453747, -0.0071295, -0.891102, 0.0)], [0.876021, 0.186933, 0.444572, 0.0)], [-0.395088, -0.000724636, -0.0597051, 1.0)]])
-0.395088, -0.000724636, -0.0597051
float3(-0.188039, 1.10117, -1.57805)
1034102.896766
normal
simd_float4x4([[0.173388, -0.982133, 0.0731509, 0.0)], [0.33098, -0.0118464, -0.943564, 0.0)], [0.927572, 0.187814, 0.323012, 0.0)], [-0.43446, 0.00333945, -0.0863774, 1.0)]])
-0.43446, 0.00333945, -0.0863774
float3(-0.188936, 1.2357, -1.58286)
1034103.09687896
normal
simd_float4x4([[0.166436, -0.985523, 0.0323184, 0.0)], [0.223904, 0.00585303, -0.974594, 0.0)], [0.960295, 0.169444, 0.221637, 0.0)], [-0.471858, 0.0126669, -0.122875, 1.0)]])
-0.471858, 0.0126669, -0.122875
float3(-0.170265, 1.34397, -1.56486)
1034103.29699192
normal
simd_float4x4([[0.166006, -0.986079, 0.00948226, 0.0)], [0.142993, 0.0145564, -0.989617, 0.0)], [0.975703, 0.165638, 0.143418, 0.0)], [-0.523981, 0.0234233, -0.189861, 1.0)]])
-0.523981, 0.0234233, -0.189861
float3(-0.166405, 1.42485, -1.55604)
1034103.51378096
normal
simd_float4x4([[0.171405, -0.985087, -0.0149575, 0.0)], [0.087853, 0.0304046, -0.995669, 0.0)], [0.981276, 0.169349, 0.0917543, 0.0)], [-0.593245, 0.0251623, -0.259257, 1.0)]])
-0.593245, 0.0251623, -0.259257
float3(-0.170169, 1.47756, -1.53994)
1034103.71389396
normal
simd_float4x4([[0.168112, -0.985147, -0.0349725, 0.0)], [0.0315453, 0.0408356, -0.998668, 0.0)], [0.985263, 0.166785, 0.0379417, 0.0)], [-0.67115, 0.0166506, -0.296939, 1.0)]])
-0.67115, 0.0166506, -0.296939
float3(-0.167568, 1.53231, -1.52937)
1034103.93068304
normal
simd_float4x4([[0.199791, -0.978554, -0.0501634, 0.0)], [-0.00908173, 0.049344, -0.998741, 0.0)], [0.979797, 0.199995, 0.000971515, 0.0)], [-0.750968, -0.00252897, -0.30544, 1.0)]])
-0.750968, -0.00252897, -0.30544
float3(-0.201353, 1.5698, -1.52041)
1034104.14747229
normal
simd_float4x4([[0.143443, -0.988181, -0.0540632, 0.0)], [-0.0167629, 0.0521943, -0.998496, 0.0)], [0.989517, 0.144134, -0.00907784, 0.0)], [-0.817878, 0.00772024, -0.278871, 1.0)]])
-0.817878, 0.00772024, -0.278871
float3(-0.144637, 1.57997, -1.51803)
1034104.36426125
normal
simd_float4x4([[0.134972, -0.990195, -0.0360139, 0.0)], [-0.0221885, 0.0333169, -0.999198, 0.0)], [0.990601, 0.135662, -0.0174741, 0.0)], [-0.891082, 0.0188116, -0.256977, 1.0)]])
-0.891082, 0.0188116, -0.256977
float3(-0.136082, 1.58843, -1.53716)
1034104.56437438
normal
simd_float4x4([[0.139236, -0.989959, -0.0243877, 0.0)], [-0.0310118, 0.0202564, -0.999314, 0.0)], [0.989773, 0.139897, -0.02788, 0.0)], [-0.954202, 0.025794, -0.258173, 1.0)]])
-0.954202, 0.025794, -0.258173
float3(-0.140357, 1.59896, -1.55034)
1034104.76448746
normal
simd_float4x4([[0.155565, -0.986951, -0.0415709, 0.0)], [-0.0585904, 0.0327904, -0.997743, 0.0)], [0.986087, 0.15765, -0.0527248, 0.0)], [-1.04259, 0.028457, -0.273413, 1.0)]])
-1.04259, 0.028457, -0.273413
float3(-0.15831, 1.62421, -1.53758)
1034104.96460038
normal
simd_float4x4([[0.160562, -0.985649, -0.0521197, 0.0)], [-0.100141, 0.0362649, -0.994312, 0.0)], [0.981933, 0.164868, -0.0928808, 0.0)], [-1.14017, 0.0288419, -0.307957, 1.0)]])
-1.14017, 0.0288419, -0.307957
float3(-0.165625, 1.66511, -1.53402)
1034105.16471346
normal
simd_float4x4([[0.159836, -0.984368, -0.0739799, 0.0)], [-0.141014, 0.0514064, -0.988672, 0.0)], [0.97702, 0.168457, -0.130593, 0.0)], [-1.25668, 0.0379206, -0.324239, 1.0)]])
-1.25668, 0.0379206, -0.324239
float3(-0.169264, 1.70367, -1.51862)
1034105.36482654
normal
simd_float4x4([[0.165584, -0.983402, -0.0741734, 0.0)], [-0.143923, 0.0503098, -0.988309, 0.0)], [0.975637, 0.174324, -0.133204, 0.0)], [-1.39635, 0.0290633, -0.3163, 1.0)]])
-1.39635, 0.0290633, -0.3163
float3(-0.175219, 1.70649, -1.51968)
1034105.56493946
normal
simd_float4x4([[0.16218, -0.982858, -0.0876758, 0.0)], [-0.147002, 0.0637955, -0.987077, 0.0)], [0.97575, 0.172973, -0.134136, 0.0)], [-1.48043, 0.0202619, -0.29832, 1.0)]])
-1.48043, 0.0202619, -0.29832
float3(-0.173847, 1.70741, -1.50598)
1034105.7650525
normal
simd_float4x4([[0.171113, -0.981566, -0.0851334, 0.0)], [-0.144516, 0.0604684, -0.987653, 0.0)], [0.974595, 0.181303, -0.131505, 0.0)], [-1.60528, 0.00870098, -0.268527, 1.0)]])
-1.60528, 0.00870098, -0.268527
float3(-0.182312, 1.70492, -1.50927)
1034105.96516558
normal
simd_float4x4([[0.156599, -0.985876, -0.0593785, 0.0)], [-0.117691, 0.0410651, -0.992201, 0.0)], [0.980625, 0.162366, -0.109598, 0.0)], [-1.75006, 0.0133694, -0.245486, 1.0)]])
-1.75006, 0.0133694, -0.245486
float3(-0.163088, 1.6821, -1.52917)
1034106.1652785
normal
simd_float4x4([[0.178834, -0.983559, -0.0250825, 0.0)], [-0.0914371, 0.00876857, -0.995772, 0.0)], [0.979621, 0.180372, -0.0883657, 0.0)], [-1.87689, 0.012749, -0.2337, 1.0)]])
-1.87689, 0.012749, -0.2337
float3(-0.181364, 1.66076, -1.56188)
1034106.36539162
normal
simd_float4x4([[0.17826, -0.983866, -0.015219, 0.0)], [-0.0728921, 0.0022206, -0.997337, 0.0)], [0.98128, 0.178894, -0.0713202, 0.0)], [-1.99407, 0.00571425, -0.228683, 1.0)]])
-1.99407, 0.00571425, -0.228683
float3(-0.179863, 1.64335, -1.56854)
1034106.58218079
normal
simd_float4x4([[0.173688, -0.984419, -0.0274118, 0.0)], [-0.0856195, 0.0126348, -0.996248, 0.0)], [0.981072, 0.175383, -0.082091, 0.0)], [-2.14275, -0.0112142, -0.231252, 1.0)]])
-2.14275, -0.0112142, -0.231252
float3(-0.176295, 1.65428, -1.55796)
1034106.79897
normal
simd_float4x4([[0.170602, -0.984144, -0.0485393, 0.0)], [-0.114465, 0.0291335, -0.993, 0.0)], [0.978669, 0.174964, -0.10768, 0.0)], [-2.29286, -0.00371431, -0.242761, 1.0)]])
-2.29286, -0.00371431, -0.242761
float3(-0.175869, 1.68038, -1.5412)
1034107.01575921
normal
simd_float4x4([[0.13418, -0.988758, -0.0659827, 0.0)], [-0.111986, 0.0510285, -0.992399, 0.0)], [0.984609, 0.140549, -0.10388, 0.0)], [-2.40866, 0.00673502, -0.244702, 1.0)]])
-2.40866, 0.00673502, -0.244702
float3(-0.141016, 1.67591, -1.51923)
1034107.2325485
normal
simd_float4x4([[0.096239, -0.993104, -0.0669511, 0.0)], [-0.110628, 0.0561744, -0.992273, 0.0)], [0.989191, 0.102902, -0.104459, 0.0)], [-2.54648, -0.00828522, -0.237678, 1.0)]])
-2.54648, -0.00828522, -0.237678
float3(-0.103084, 1.67601, -1.51429)
1034107.43266162
normal
simd_float4x4([[0.0912762, -0.995241, -0.0341273, 0.0)], [-0.100891, 0.0248518, -0.994587, 0.0)], [0.990702, 0.0942253, -0.0981425, 0.0)], [-2.70355, -0.0230449, -0.219885, 1.0)]])
-2.70355, -0.0230449, -0.219885
float3(-0.0943653, 1.66954, -1.54583)
1034107.63277458
normal
simd_float4x4([[0.109315, -0.993967, -0.00894578, 0.0)], [-0.07151, 0.00111246, -0.997439, 0.0)], [0.991432, 0.109675, -0.070957, 0.0)], [-2.85312, -0.0149636, -0.20621, 1.0)]])
-2.85312, -0.0149636, -0.20621
float3(-0.109896, 1.64224, -1.56968)
1034107.83288767
normal
simd_float4x4([[0.142069, -0.989856, 0.00109921, 0.0)], [-0.0719783, -0.0114382, -0.997341, 0.0)], [0.987236, 0.141612, -0.0728731, 0.0)], [-2.99496, -0.0241959, -0.196834, 1.0)]])
-2.99496, -0.0241959, -0.196834
float3(-0.14209, 1.64448, -1.58235)
1034108.03300071
normal
simd_float4x4([[0.152846, -0.98825, -0.00100876, 0.0)], [-0.087876, -0.0125744, -0.996052, 0.0)], [0.984335, 0.152331, -0.0887653, 0.0)], [-3.15168, -0.0424862, -0.196502, 1.0)]])
-3.15168, -0.0424862, -0.196502
float3(-0.152926, 1.66073, -1.58352)
1034108.23311383
normal
simd_float4x4([[0.161786, -0.986672, -0.0174216, 0.0)], [-0.11777, -0.00177695, -0.993039, 0.0)], [0.979773, 0.162712, -0.116488, 0.0)], [-3.30502, -0.0302486, -0.201839, 1.0)]])
-3.30502, -0.0302486, -0.201839
float3(-0.163439, 1.68913, -1.5726)
1034108.43322692
normal
simd_float4x4([[0.168988, -0.98326, -0.0681364, 0.0)], [-0.129813, 0.0463247, -0.990456, 0.0)], [0.977032, 0.17622, -0.119811, 0.0)], [-3.44174, -0.0224938, -0.189568, 1.0)]])
-3.44174, -0.0224938, -0.189568
float3(-0.177145, 1.69282, -1.52372)
1034108.63334
normal
simd_float4x4([[0.144785, -0.984744, -0.0965171, 0.0)], [-0.138683, 0.0763858, -0.987387, 0.0)], [0.979696, 0.156344, -0.125508, 0.0)], [-3.58375, -0.0324339, -0.166789, 1.0)]])
-3.58375, -0.0324339, -0.166789
float3(-0.156988, 1.69821, -1.49338)
1034108.83345342
normal
simd_float4x4([[0.119414, -0.990118, -0.0735297, 0.0)], [-0.11187, 0.0601699, -0.9919, 0.0)], [0.986522, 0.126672, -0.103579, 0.0)], [-3.74136, -0.0354239, -0.13995, 1.0)]])
-3.74136, -0.0354239, -0.13995
float3(-0.127013, 1.67541, -1.5101)
1034109.03356654
normal
simd_float4x4([[0.136989, -0.990149, -0.0289746, 0.0)], [-0.0698598, 0.0195205, -0.997366, 0.0)], [0.988106, 0.138653, -0.0664975, 0.0)], [-3.8891, -0.0242424, -0.120809, 1.0)]])
-3.8891, -0.0242424, -0.120809
float3(-0.139101, 1.63799, -1.55108)
1034109.23367962
normal
simd_float4x4([[0.162399, -0.9865, -0.0210796, 0.0)], [-0.0824511, 0.00772145, -0.996565, 0.0)], [0.983274, 0.163579, -0.080084, 0.0)], [-4.03892, -0.0289369, -0.103237, 1.0)]])
-4.03892, -0.0289369, -0.103237
float3(-0.164318, 1.65206, -1.56297)
1034109.43379283
normal
simd_float4x4([[0.155732, -0.987254, -0.0328351, 0.0)], [-0.104167, 0.0166419, -0.994421, 0.0)], [0.982292, 0.158283, -0.100248, 0.0)], [-4.20194, -0.0446793, -0.0905667, 1.0)]])
-4.20194, -0.0446793, -0.0905667
float3(-0.158952, 1.6725, -1.55394)
1034109.63390592
normal
simd_float4x4([[0.157559, -0.986381, -0.047193, 0.0)], [-0.140754, 0.02487, -0.989732, 0.0)], [0.977427, 0.162584, -0.134919, 0.0)], [-4.36136, -0.0326499, -0.0874329, 1.0)]])
-4.36136, -0.0326499, -0.0874329
float3(-0.163309, 1.70796, -1.54559)
1034109.834019
normal
simd_float4x4([[0.182269, -0.97983, -0.0819212, 0.0)], [-0.150624, 0.0545086, -0.987087, 0.0)], [0.971643, 0.192255, -0.137651, 0.0)], [-4.50661, -0.0319242, -0.0729513, 1.0)]])
-4.50661, -0.0319242, -0.0729513
float3(-0.19346, 1.71153, -1.51522)
1034110.03413221
normal
simd_float4x4([[0.168167, -0.981624, -0.0901838, 0.0)], [-0.139858, 0.0668021, -0.987916, 0.0)], [0.975787, 0.178748, -0.126054, 0.0)], [-4.66257, -0.0502458, -0.0530149, 1.0)]])
-4.66257, -0.0502458, -0.0530149
float3(-0.179714, 1.69927, -1.50285)
1034110.23424542
normal
simd_float4x4([[0.153367, -0.984939, -0.0798355, 0.0)], [-0.124596, 0.060872, -0.990339, 0.0)], [0.980283, 0.161833, -0.113383, 0.0)], [-4.83148, -0.0543501, -0.0227287, 1.0)]])
-4.83148, -0.0543501, -0.0227287
float3(-0.162548, 1.68595, -1.50907)
1034110.4343585
normal
simd_float4x4([[0.200865, -0.978461, -0.0476134, 0.0)], [-0.0926608, 0.0294091, -0.995263, 0.0)], [0.975227, 0.204325, -0.0847577, 0.0)], [-4.98958, -0.0501609, -0.00683813, 1.0)]])
-4.98958, -0.0501609, -0.00683813
float3(-0.205774, 1.65749, -1.54075)
1034110.63447167
normal
simd_float4x4([[0.189533, -0.981516, -0.026544, 0.0)], [-0.0978155, 0.00802495, -0.995172, 0.0)], [0.97699, 0.191214, -0.0944864, 0.0)], [-5.13855, -0.0624503, 0.00567523, 1.0)]])
-5.13855, -0.0624503, 0.00567523
float3(-0.192399, 1.66721, -1.56262)
