ARKit Data
943104.958787
normal
simd_float4x4([[-0.430146, 0.564288, -0.704665, 0.0)], [-0.811267, 0.100783, 0.575924, 0.0)], [0.396006, 0.819403, 0.414437, 0.0)], [-46.5502, -0.132849, -81.5353, 1.0)]])
-46.5502, -0.132849, -81.5353
float3(-0.960369, 0.76266, 1.39406)
100.709
943105.17543075
limited(__ObjC.ARCamera.TrackingState.Reason.excessiveMotion)
simd_float4x4([[-0.440782, 0.438581, -0.783171, 0.0)], [-0.822694, 0.151569, 0.547906, 0.0)], [0.359005, 0.885818, 0.294009, 0.0)], [-46.4255, -3.30378, -79.3836, 1.0)]])
-46.4255, -3.30378, -79.3836
float3(-1.08825, 0.884604, 1.23806)
100.709
943105.392074625
limited(__ObjC.ARCamera.TrackingState.Reason.excessiveMotion)
simd_float4x4([[-0.362735, 0.421255, -0.831244, 0.0)], [-0.87721, 0.146708, 0.457142, 0.0)], [0.314524, 0.894998, 0.316313, 0.0)], [-46.3035, -7.04255, -76.7671, 1.0)]])
-46.3035, -7.04255, -76.7671
float3(-1.10843, 0.782562, 1.23567)
100.709
943106.063874583
notAvailable
simd_float4x4([[0.0187629, 0.0, 0.999824, 0.0)], [0.0, 1.0, 0.0, 0.0)], [-0.999824, 0.0, 0.0187629, 0.0)], [-0.00927817, -0.0762637, 0.0084384, 1.0)]])
-0.00927817, -0.0762637, 0.0084384
float3(-0.0, -1.55203, 0.0)
100.708
943106.280518458
limited(__ObjC.ARCamera.TrackingState.Reason.initializing)
simd_float4x4([[0.11316, -0.976705, 0.182322, 0.0)], [0.993572, 0.110687, -0.0237177, 0.0)], [0.00298465, 0.183834, 0.982952, 0.0)], [0.0, 0.0, 0.0, 1.0)]])
0.0, 0.0, 0.0
float3(-0.184886, 0.00303641, -1.45795)
100.708
943106.497162083
limited(__ObjC.ARCamera.TrackingState.Reason.initializing)
simd_float4x4([[0.105597, -0.978937, 0.174729, 0.0)], [0.994343, 0.105977, -0.00718326, 0.0)], [-0.0114852, 0.174499, 0.984589, 0.0)], [0.0, 0.0, 0.0, 1.0)]])
0.0, 0.0, 0.0
float3(-0.175397, -0.0116644, -1.46296)
100.708
943106.713805666
limited(__ObjC.ARCamera.TrackingState.Reason.initializing)
simd_float4x4([[0.0992008, -0.980588, 0.169128, 0.0)], [0.995026, 0.0992975, -0.00790675, 0.0)], [-0.00904066, 0.169072, 0.985561, 0.0)], [0.0, 0.0, 0.0, 1.0)]])
0.0, 0.0, 0.0
float3(-0.169888, -0.00917286, -1.46988)
100.708
943106.930449541
limited(__ObjC.ARCamera.TrackingState.Reason.initializing)
simd_float4x4([[0.0931045, -0.982395, 0.161962, 0.0)], [0.995647, 0.0925756, -0.0108257, 0.0)], [-0.00435858, 0.162265, 0.986737, 0.0)], [0.0, 0.0, 0.0, 1.0)]])
0.0, 0.0, 0.0
float3(-0.162985, -0.00441713, -1.47684)
100.707
943107.147093291
normal
simd_float4x4([[0.0932128, -0.982649, 0.160347, 0.0)], [0.995643, 0.0924106, -0.0124691, 0.0)], [-0.00256498, 0.160811, 0.986982, 0.0)], [0.000205593, -0.00140923, -0.00385187, 1.0)]])
0.000205593, -0.00140923, -0.00385187
float3(-0.161512, -0.00259881, -1.47703)
100.707
943107.363737083
normal
simd_float4x4([[0.0910728, -0.984146, 0.152189, 0.0)], [0.99584, 0.0904173, -0.011237, 0.0)], [-0.00270157, 0.152579, 0.988288, 0.0)], [0.000527778, -0.00175738, -0.00285302, 1.0)]])
0.000527778, -0.00175738, -0.00285302
float3(-0.153177, -0.00273358, -1.47918)
100.707
943107.58038075
normal
simd_float4x4([[0.0872478, -0.98496, 0.149139, 0.0)], [0.996186, 0.0861437, -0.0138599, 0.0)], [0.000804073, 0.149779, 0.988719, 0.0)], [0.000208581, -0.00156125, -0.00266023, 1.0)]])
0.000208581, -0.00156125, -0.00266023
float3(-0.150345, 0.000813247, -1.48356)
100.707
943107.797024625
normal
simd_float4x4([[0.0854797, -0.985202, 0.14856, 0.0)], [0.996339, 0.0843019, -0.0142186, 0.0)], [0.0014843, 0.149232, 0.988801, 0.0)], [0.000202563, -0.00150809, -0.00255459, 1.0)]])
0.000202563, -0.00150809, -0.00255459
float3(-0.149791, 0.00150111, -1.48544)
100.706
943108.013668375
normal
simd_float4x4([[0.0793193, -0.986964, 0.140036, 0.0)], [0.99682, 0.0774629, -0.0186669, 0.0)], [0.00757601, 0.141071, 0.98997, 0.0)], [0.000555613, -0.00124653, -0.00130031, 1.0)]])
0.000555613, -0.00124653, -0.00130031
float3(-0.141543, 0.00765262, -1.49247)
100.706
943108.230312166
normal
simd_float4x4([[0.0740649, -0.989057, 0.127592, 0.0)], [0.997098, 0.0711833, -0.0270046, 0.0)], [0.0176267, 0.129221, 0.991459, 0.0)], [0.00054908, -0.00132058, -0.00249593, 1.0)]])
0.00054908, -0.00132058, -0.00249593
float3(-0.129584, 0.0177767, -1.49895)
100.706
943108.446955875
normal
simd_float4x4([[0.0709124, -0.989198, 0.128294, 0.0)], [0.997336, 0.0681117, -0.0260928, 0.0)], [0.0170726, 0.129802, 0.991393, 0.0)], [0.000439815, -0.00108205, -0.00251973, 1.0)]])
0.000439815, -0.00108205, -0.00251973
float3(-0.13017, 0.0172192, -1.50205)
100.706
943108.68026475
normal
simd_float4x4([[0.0732286, -0.98905, 0.128129, 0.0)], [0.997173, 0.070445, -0.0261294, 0.0)], [0.0168173, 0.12968, 0.991413, 0.0)], [0.000155544, -0.0010316, -0.00171608, 1.0)]])
0.000155544, -0.0010316, -0.00171608
float3(-0.130047, 0.0169613, -1.49969)
100.706
943108.896908458
normal
simd_float4x4([[0.0745105, -0.988693, 0.130135, 0.0)], [0.997096, 0.0718076, -0.0253474, 0.0)], [0.0157162, 0.131645, 0.991172, 0.0)], [-0.000915097, -0.000660568, -0.00132025, 1.0)]])
-0.000915097, -0.000660568, -0.00132025
float3(-0.132029, 0.0158548, -1.49829)
100.706
943109.113552166
normal
simd_float4x4([[0.0762458, -0.988381, 0.131491, 0.0)], [0.997011, 0.0739218, -0.0224726, 0.0)], [0.0124914, 0.132812, 0.991063, 0.0)], [-0.000926994, -0.000180781, -0.000439079, 1.0)]])
-0.000926994, -0.000180781, -0.000439079
float3(-0.133205, 0.0126034, -1.49614)
100.706
943109.346860958
normal
simd_float4x4([[0.0761761, -0.98836, 0.131692, 0.0)], [0.997049, 0.0742448, -0.0195213, 0.0)], [0.00951666, 0.13279, 0.991098, 0.0)], [-0.00144212, -8.71792e-05, -0.000314107, 1.0)]])
-0.00144212, -8.71792e-05, -0.000314107
float3(-0.133184, 0.00960184, -1.49582)
100.706
943109.580169666
normal
simd_float4x4([[0.0742728, -0.98852, 0.131571, 0.0)], [0.997201, 0.0724883, -0.0183075, 0.0)], [0.00855998, 0.132562, 0.991138, 0.0)], [-0.00161865, -0.000436567, -0.000626697, 1.0)]])
-0.00161865, -0.000436567, -0.000626697
float3(-0.132954, 0.0086363, -1.4976)
100.706
943109.813478208
normal
simd_float4x4([[0.0726343, -0.988548, 0.132278, 0.0)], [0.997337, 0.0711097, -0.0162201, 0.0)], [0.00662813, 0.133104, 0.99108, 0.0)], [-0.00178247, -5.24819e-05, -0.000235088, 1.0)]])
-0.00178247, -5.24819e-05, -0.000235088
float3(-0.1335, 0.00668768, -1.49899)
100.706
943110.046787125
normal
simd_float4x4([[0.0723934, -0.988372, 0.133718, 0.0)], [0.997364, 0.0710772, -0.0145969, 0.0)], [0.00492291, 0.134422, 0.990912, 0.0)], [-0.00251605, 1.90453e-06, -0.000689515, 1.0)]])
-0.00251605, 1.90453e-06, -0.000689515
float3(-0.13483, 0.00496802, -1.49901)
100.706
943110.263430916
normal
simd_float4x4([[0.0706883, -0.988513, 0.133585, 0.0)], [0.997493, 0.0696242, -0.0126263, 0.0)], [0.00318051, 0.134142, 0.990957, 0.0)], [-0.00303768, 0.000232734, -0.000421611, 1.0)]])
-0.00303768, 0.000232734, -0.000421611
float3(-0.134548, 0.00320952, -1.50048)
100.706
943110.496739583
normal
simd_float4x4([[0.0705954, -0.988661, 0.132534, 0.0)], [0.997504, 0.0697696, -0.0108703, 0.0)], [0.00150028, 0.13297, 0.991119, 0.0)], [-0.00357539, 0.000336175, 2.98083e-05, 1.0)]])
-0.00357539, 0.000336175, 2.98083e-05
float3(-0.133365, 0.00151372, -1.50034)
100.706
943110.713383458
normal
simd_float4x4([[0.0685716, -0.98856, 0.134337, 0.0)], [0.997645, 0.0681131, -0.00801199, 0.0)], [-0.00122975, 0.13457, 0.990903, 0.0)], [-0.0037449, 0.000270081, 0.000122793, 1.0)]])
-0.0037449, 0.000270081, 0.000122793
float3(-0.134979, -0.00124103, -1.502)
100.706
943110.946692083
normal
simd_float4x4([[0.0686037, -0.988499, 0.134768, 0.0)], [0.997641, 0.0683028, -0.00686086, 0.0)], [-0.00242305, 0.134921, 0.990853, 0.0)], [-0.00425619, 0.000373423, 0.000228173, 1.0)]])
-0.00425619, 0.000373423, 0.000228173
float3(-0.135333, -0.00244541, -1.50181)
100.706
943111.180000958
normal
simd_float4x4([[0.0683718, -0.988491, 0.134944, 0.0)], [0.997651, 0.068298, -0.00518149, 0.0)], [-0.00409455, 0.134981, 0.99084, 0.0)], [-0.00491373, 0.000428368, -4.263e-05, 1.0)]])
-0.00491373, 0.000428368, -4.263e-05
float3(-0.135395, -0.00413238, -1.50181)
100.706
943111.396644666
normal
simd_float4x4([[0.0681038, -0.988501, 0.13501, 0.0)], [0.997663, 0.068215, -0.00380799, 0.0)], [-0.00544547, 0.134953, 0.990837, 0.0)], [-0.00499555, 0.000611626, 8.93483e-05, 1.0)]])
-0.00499555, 0.000611626, 8.93483e-05
float3(-0.135367, -0.00549577, -1.5019)
100.706
943111.613288583
normal
simd_float4x4([[0.0679607, -0.988738, 0.133339, 0.0)], [0.997673, 0.0680816, -0.00365737, 0.0)], [-0.00546173, 0.133277, 0.991064, 0.0)], [-0.00522005, 0.000585368, 0.000496655, 1.0)]])
-0.00522005, 0.000585368, 0.000496655
float3(-0.133675, -0.00551092, -1.50205)
100.706
943111.829932458
normal
simd_float4x4([[0.0698619, -0.988362, 0.135131, 0.0)], [0.997544, 0.0685363, -0.0144428, 0.0)], [0.00501332, 0.135808, 0.990723, 0.0)], [0.00621989, -0.0205345, -0.00549961, 1.0)]])
0.00621989, -0.0205345, -0.00549961
float3(-0.136229, 0.00506023, -1.50156)
100.705
943112.046576083
normal
simd_float4x4([[0.0693756, -0.988016, 0.137882, 0.0)], [0.997583, 0.0681694, -0.0134575, 0.0)], [0.00389686, 0.138483, 0.990357, 0.0)], [0.00569783, -0.0203746, -0.00583612, 1.0)]])
0.00569783, -0.0203746, -0.00583612
float3(-0.138929, 0.00393479, -1.50191)
100.705
943112.279884916
normal
simd_float4x4([[0.0687626, -0.987426, 0.142342, 0.0)], [0.997626, 0.0675095, -0.0136202, 0.0)], [0.00383953, 0.142941, 0.989724, 0.0)], [0.00551769, -0.0204236, -0.00649249, 1.0)]])
0.00551769, -0.0204236, -0.00649249
float3(-0.143432, 0.00387938, -1.50253)
100.705
943112.496528791
normal
simd_float4x4([[0.0700938, -0.986884, 0.14542, 0.0)], [0.997539, 0.0690942, -0.0119202, 0.0)], [0.00171613, 0.145898, 0.989298, 0.0)], [0.00453471, -0.0200233, -0.00661762, 1.0)]])
0.00453471, -0.0200233, -0.00661762
float3(-0.14642, 0.00173469, -1.5009)
100.705
943112.729837541
normal
simd_float4x4([[0.0723306, -0.984873, 0.157462, 0.0)], [0.997376, 0.0709474, -0.0143951, 0.0)], [0.0030059, 0.15809, 0.98742, 0.0)], [0.00382774, -0.0208126, -0.0104886, 1.0)]])
0.00382774, -0.0208126, -0.0104886
float3(-0.158756, 0.00304419, -1.49888)
100.705
943112.946481333
normal
simd_float4x4([[0.0714517, -0.982978, 0.169263, 0.0)], [0.997442, 0.07009, -0.014014, 0.0)], [0.00191184, 0.169831, 0.985471, 0.0)], [0.00425117, -0.0220521, -0.0140977, 1.0)]])
0.00425117, -0.0220521, -0.0140977
float3(-0.170658, 0.00194002, -1.49961)
100.705
943113.163125208
normal
simd_float4x4([[0.0704718, -0.974658, 0.212308, 0.0)], [0.997513, 0.0685525, -0.0163975, 0.0)], [0.00142769, 0.212936, 0.977065, 0.0)], [0.00594447, -0.0286119, -0.0304915, 1.0)]])
0.00594447, -0.0286119, -0.0304915
float3(-0.214578, 0.0014612, -1.50058)
100.705
943113.379769
normal
simd_float4x4([[0.151491, -0.9136, 0.377339, 0.0)], [0.98844, 0.142389, -0.0520838, 0.0)], [-0.00614505, 0.380867, 0.924609, 0.0)], [-0.0132357, -0.0536038, -0.0917699, 1.0)]])
-0.0132357, -0.0536038, -0.0917699
float3(-0.390734, -0.00664601, -1.41619)
100.705
943113.613077708
normal
simd_float4x4([[0.322022, -0.709031, 0.627357, 0.0)], [0.943974, 0.189923, -0.269893, 0.0)], [0.0722131, 0.679121, 0.730466, 0.0)], [-0.0719075, -0.116422, -0.196163, 1.0)]])
-0.0719075, -0.116422, -0.196163
float3(-0.746564, 0.0985387, -1.30908)
100.704
943113.846386541
normal
simd_float4x4([[0.447479, -0.568111, 0.690661, 0.0)], [0.87948, 0.139567, -0.455012, 0.0)], [0.162104, 0.811031, 0.562095, 0.0)], [-0.104563, -0.160367, -0.250477, 1.0)]])
-0.104563, -0.160367, -0.250477
float3(-0.945913, 0.280773, -1.3299)
100.704
943114.063030458
normal
simd_float4x4([[0.460561, -0.535931, 0.707574, 0.0)], [0.867316, 0.102157, -0.487162, 0.0)], [0.188802, 0.838058, 0.511871, 0.0)], [-0.0961272, -0.155188, -0.267839, 1.0)]])
-0.0961272, -0.155188, -0.267839
float3(-0.993715, 0.353365, -1.38244)
100.704
943114.279674375
normal
simd_float4x4([[0.455954, -0.514148, 0.726469, 0.0)], [0.872963, 0.0993984, -0.477551, 0.0)], [0.173322, 0.851923, 0.494153, 0.0)], [-0.0800212, -0.135176, -0.286168, 1.0)]])
-0.0800212, -0.135176, -0.286168
float3(-1.01965, 0.337338, -1.37983)
100.704
943114.512982916
normal
simd_float4x4([[0.456224, -0.190716, 0.869187, 0.0)], [0.888128, 0.036593, -0.458137, 0.0)], [0.055568, 0.980963, 0.186075, 0.0)], [-0.0494948, -0.20377, -0.360625, 1.0)]])
-0.0494948, -0.20377, -0.360625
float3(-1.37536, 0.290201, -1.38123)
100.703
943114.712984333
normal
simd_float4x4([[0.42918, 0.0423761, 0.902224, 0.0)], [0.901868, -0.0747217, -0.425501, 0.0)], [0.0493846, 0.996304, -0.0702867, 0.0)], [-0.0199194, -0.237593, -0.402366, 1.0)]])
-0.0199194, -0.237593, -0.402366
float3(-1.48479, 2.52911, 2.6257)
100.703
943114.913097541
normal
simd_float4x4([[0.348232, 0.139612, 0.926954, 0.0)], [0.937202, -0.0311014, -0.347398, 0.0)], [-0.0196714, 0.989718, -0.141675, 0.0)], [0.0094702, -0.191047, -0.440607, 1.0)]])
0.0094702, -0.191047, -0.440607
float3(-1.42727, -3.00363, 1.78999)
100.703
943115.113210791
normal
simd_float4x4([[0.311409, 0.0744883, 0.947352, 0.0)], [0.950041, -0.0465846, -0.30863, 0.0)], [0.0211427, 0.996133, -0.0852737, 0.0)], [0.0340259, -0.12948, -0.489507, 1.0)]])
0.0340259, -0.12948, -0.489507
float3(-1.48283, 2.89855, 2.12968)
100.703
943115.313323916
normal
simd_float4x4([[0.43856, 0.0996151, 0.893164, 0.0)], [0.898701, -0.047137, -0.436022, 0.0)], [-0.00133333, 0.993909, -0.110197, 0.0)], [0.0270461, -0.059654, -0.552524, 1.0)]])
0.0270461, -0.059654, -0.552524
float3(-1.46037, -3.12949, 2.01277)
100.703
943115.513437333
normal
simd_float4x4([[0.424016, 0.0220259, 0.905387, 0.0)], [0.905281, -0.0389971, -0.423018, 0.0)], [0.0259901, 0.998996, -0.036475, 0.0)], [0.0495493, 0.0250081, -0.614197, 1.0)]])
0.0495493, 0.0250081, -0.614197
float3(-1.52599, 2.5225, 2.62745)
100.703
943115.730226625
normal
simd_float4x4([[0.330813, -0.00323527, 0.943691, 0.0)], [0.83987, -0.454989, -0.295979, 0.0)], [0.430326, 0.890491, -0.147799, 0.0)], [0.075199, 0.130105, -0.692368, 1.0)]])
0.075199, 0.130105, -0.692368
float3(-1.09842, 1.90163, -3.13448)
100.703
943115.930339833
limited(__ObjC.ARCamera.TrackingState.Reason.insufficientFeatures)
simd_float4x4([[0.106025, -0.0096428, 0.994317, 0.0)], [0.631704, -0.771589, -0.0748419, 0.0)], [0.767925, 0.636049, -0.0757161, 0.0)], [0.12119, 0.232377, -0.778135, 1.0)]])
0.12119, 0.232377, -0.778135
float3(-0.689367, 1.66908, -3.1291)
100.703
943116.147129166
limited(__ObjC.ARCamera.TrackingState.Reason.insufficientFeatures)
simd_float4x4([[-0.258937, 0.0249871, 0.965571, 0.0)], [0.105786, -0.992918, 0.0540635, 0.0)], [0.960084, 0.116143, 0.25446, 0.0)], [0.194036, 0.346845, -0.873674, 1.0)]])
0.194036, 0.346845, -0.873674
float3(-0.116406, 1.31171, 3.11643)
100.703
943116.3472425
limited(__ObjC.ARCamera.TrackingState.Reason.insufficientFeatures)
simd_float4x4([[-0.546526, 0.0925066, 0.832317, 0.0)], [-0.696311, -0.60236, -0.390272, 0.0)], [0.465252, -0.792846, 0.393619, 0.0)], [0.276079, 0.449407, -0.973388, 1.0)]])
0.276079, 0.449407, -0.973388
float3(0.915464, 0.868609, 2.98921)
100.702
943116.547255041
normal
simd_float4x4([[-0.63026, 0.155134, 0.760727, 0.0)], [-0.773846, -0.0463619, -0.631675, 0.0)], [-0.0627252, -0.986805, 0.14927, 0.0)], [0.362664, 0.545208, -1.10008, 1.0)]])
0.362664, 0.545208, -1.10008
float3(1.40817, -0.39781, 1.8612)
100.702
943116.780563708
normal
simd_float4x4([[-0.710129, 0.0417687, 0.702832, 0.0)], [-0.702462, 0.0254295, -0.711267, 0.0)], [-0.0475813, -0.998804, 0.0112827, 0.0)], [0.478216, 0.652459, -1.25183, 1.0)]])
0.478216, 0.652459, -1.25183
float3(1.52188, -1.33797, 1.02392)
100.702
943116.997207583
limited(__ObjC.ARCamera.TrackingState.Reason.excessiveMotion)
simd_float4x4([[-0.711069, 0.0429832, 0.701807, 0.0)], [-0.701386, 0.0267356, -0.71228, 0.0)], [-0.0493793, -0.998718, 0.0111369, 0.0)], [0.624577, 0.726287, -1.36461, 1.0)]])
0.624577, 0.726287, -1.36461
float3(1.52015, -1.34897, 1.01436)
100.702
943117.19722025
limited(__ObjC.ARCamera.TrackingState.Reason.excessiveMotion)
simd_float4x4([[-0.711586, 0.0432437, 0.701267, 0.0)], [-0.700823, 0.0272276, -0.712815, 0.0)], [-0.0499186, -0.998693, 0.0109314, 0.0)], [0.770637, 0.784554, -1.47682, 1.0)]])
0.770637, 0.784554, -1.47682
float3(1.51967, -1.35521, 1.00887)
100.702
943117.397333375
limited(__ObjC.ARCamera.TrackingState.Reason.excessiveMotion)
simd_float4x4([[-0.712594, 0.0432387, 0.700243, 0.0)], [-0.699747, 0.0282401, -0.713833, 0.0)], [-0.0506401, -0.998666, 0.0101324, 0.0)], [0.96233, 0.824896, -1.56895, 1.0)]])
0.96233, 0.824896, -1.56895
float3(1.51913, -1.37332, 0.99223)
100.702
943117.597446666
limited(__ObjC.ARCamera.TrackingState.Reason.excessiveMotion)
simd_float4x4([[-0.713424, 0.043189, 0.6994, 0.0)], [-0.69885, 0.0292506, -0.71467, 0.0)], [-0.0513237, -0.998639, 0.00931451, 0.0)], [1.17965, 0.851872, -1.65466, 1.0)]])
1.17965, 0.851872, -1.65466
float3(1.51861, -1.39126, 0.975489)
100.702
943117.797559916
normal
simd_float4x4([[-0.714228, 0.043242, 0.698576, 0.0)], [-0.697966, 0.0303878, -0.715486, 0.0)], [-0.0521672, -0.998602, 0.00847758, 0.0)], [1.42306, 0.866633, -1.73224, 1.0)]])
1.42306, 0.866633, -1.73224
float3(1.51792, -1.4097, 0.958234)
100.702
943117.997673208
normal
simd_float4x4([[-0.715016, 0.0430575, 0.697781, 0.0)], [-0.697177, 0.0302219, -0.716262, 0.0)], [-0.0519287, -0.998615, 0.00840949, 0.0)], [1.65184, 0.888491, -1.86183, 1.0)]])
1.65184, 0.888491, -1.86183
float3(1.51817, -1.41025, 0.958798)
100.702
943118.197764
normal
simd_float4x4([[-0.889363, 0.0463336, 0.454848, 0.0)], [-0.454444, 0.0195031, -0.890562, 0.0)], [-0.0501338, -0.998736, 0.00371074, 0.0)], [1.90363, 0.90406, -1.98318, 1.0)]])
1.90363, 0.90406, -1.98318
float3(1.5205, -1.49691, 1.17238)
100.702
943118.43107275
normal
simd_float4x4([[-0.973891, 0.0459885, 0.22231, 0.0)], [-0.221926, 0.0133547, -0.974972, 0.0)], [-0.0478063, -0.998853, -0.00280001, 0.0)], [2.19095, 0.912329, -2.16901, 1.0)]])
2.19095, 0.912329, -2.16901
float3(1.52289, -1.6293, 1.28818)
100.702
943118.647716625
normal
simd_float4x4([[-0.974052, 0.0461076, 0.221576, 0.0)], [-0.221191, 0.0133541, -0.975139, 0.0)], [-0.0479203, -0.998847, -0.00280894, 0.0)], [2.5216, 0.900926, -2.30863, 1.0)]])
2.5216, 0.900926, -2.30863
float3(1.52277, -1.62935, 1.28888)
100.702
943118.881025458
normal
simd_float4x4([[-0.974354, 0.0470359, 0.220051, 0.0)], [-0.219565, 0.0153214, -0.975478, 0.0)], [-0.049254, -0.998776, -0.00460101, 0.0)], [2.9727, 0.860169, -2.32474, 1.0)]])
2.9727, 0.860169, -2.32474
float3(1.52131, -1.66394, 1.2559)
100.702
943119.114334
normal
simd_float4x4([[-0.975398, 0.0469757, 0.215387, 0.0)], [-0.214746, 0.0183302, -0.976498, 0.0)], [-0.0498198, -0.998728, -0.00779141, 0.0)], [3.45471, 0.79316, -2.23176, 1.0)]])
3.45471, 0.79316, -2.23176
float3(1.52035, -1.72593, 1.19876)
100.702
943119.330977958
normal
simd_float4x4([[-0.977092, 0.0467578, 0.207616, 0.0)], [-0.206887, 0.0199741, -0.978161, 0.0)], [-0.0498836, -0.998707, -0.009843, 0.0)], [3.92042, 0.749788, -2.29849, 1.0)]])
3.92042, 0.749788, -2.29849
float3(1.51993, -1.76561, 1.16708)
100.703
943119.547621833
normal
simd_float4x4([[-0.979001, 0.0461535, 0.198562, 0.0)], [-0.197763, 0.0213097, -0.980018, 0.0)], [-0.0494626, -0.998707, -0.0117347, 0.0)], [4.3844, 0.689546, -2.37423, 1.0)]])
4.3844, 0.689546, -2.37423
float3(1.51994, -1.80373, 1.13824)
100.703
943119.764265708
normal
simd_float4x4([[-0.979694, 0.0455092, 0.195266, 0.0)], [-0.194454, 0.0216808, -0.980672, 0.0)], [-0.0488631, -0.998729, -0.0123911, 0.0)], [4.82982, 0.626897, -2.48765, 1.0)]])
4.82982, 0.626897, -2.48765
float3(1.52037, -1.81915, 1.1262)
100.703
943119.980909666
normal
simd_float4x4([[-0.980222, 0.0446431, 0.192799, 0.0)], [-0.192002, 0.0215341, -0.981158, 0.0)], [-0.0479537, -0.998771, -0.0125366, 0.0)], [5.27969, 0.554923, -2.61249, 1.0)]])
5.27969, 0.554923, -2.61249
float3(1.52121, -1.82651, 1.12136)
100.703
943120.1975535
normal
simd_float4x4([[-0.980841, 0.043549, 0.189878, 0.0)], [-0.189082, 0.0217637, -0.98172, 0.0)], [-0.0468854, -0.998814, -0.0131124, 0.0)], [5.72942, 0.473543, -2.76387, 1.0)]])
5.72942, 0.473543, -2.76387
float3(1.52209, -1.8435, 1.10735)
100.703
943120.430862166
normal
simd_float4x4([[-0.981237, 0.0424837, 0.188065, 0.0)], [-0.187269, 0.0220318, -0.982062, 0.0)], [-0.0458651, -0.998854, -0.0136626, 0.0)], [6.20715, 0.371358, -2.93186, 1.0)]])
6.20715, 0.371358, -2.93186
float3(1.52292, -1.86031, 1.09238)
100.703
943120.664171083
normal
simd_float4x4([[-0.981513, 0.0417513, 0.186786, 0.0)], [-0.186011, 0.0217785, -0.982306, 0.0)], [-0.0450805, -0.998891, -0.0136097, 0.0)], [6.70461, 0.256796, -3.17117, 1.0)]])
6.70461, 0.256796, -3.17117
float3(1.52369, -1.86399, 1.09)
100.703
943120.88081475
normal
simd_float4x4([[-0.982004, 0.0408383, 0.184394, 0.0)], [-0.183598, 0.0224672, -0.982745, 0.0)], [-0.0442764, -0.998913, -0.014565, 0.0)], [7.24608, 0.146824, -3.22174, 1.0)]])
7.24608, 0.146824, -3.22174
float3(1.52417, -1.8886, 1.06784)
100.703
943121.114123583
normal
simd_float4x4([[-0.982422, 0.0402394, 0.182285, 0.0)], [-0.181471, 0.0230721, -0.983126, 0.0)], [-0.0437661, -0.998924, -0.0153642, 0.0)], [7.81528, 0.0135247, -3.30768, 1.0)]])
7.81528, 0.0135247, -3.30768
float3(1.5244, -1.90841, 1.05019)
100.704
943121.330767541
normal
simd_float4x4([[-0.982565, 0.0396763, 0.181636, 0.0)], [-0.180816, 0.0233953, -0.983239, 0.0)], [-0.0432607, -0.998939, -0.0158133, 0.0)], [8.35019, -0.113224, -3.41949, 1.0)]])
8.35019, -0.113224, -3.41949
float3(1.52472, -1.92124, 1.03802)
100.704
943121.547411375
normal
simd_float4x4([[-0.982649, 0.039039, 0.181317, 0.0)], [-0.180496, 0.0236574, -0.983291, 0.0)], [-0.0426762, -0.998958, -0.0162006, 0.0)], [8.89166, -0.246345, -3.52906, 1.0)]])
8.89166, -0.246345, -3.52906
float3(1.52513, -1.93361, 1.02598)
100.704
943121.764055291
normal
simd_float4x4([[-0.982681, 0.0382433, 0.181318, 0.0)], [-0.180498, 0.0239162, -0.983285, 0.0)], [-0.0419405, -0.998982, -0.0165991, 0.0)], [9.43608, -0.387577, -3.63404, 1.0)]])
9.43608, -0.387577, -3.63404
float3(1.52567, -1.94766, 1.01193)
100.704
943121.980698916
normal
simd_float4x4([[-0.982692, 0.0375887, 0.181393, 0.0)], [-0.18057, 0.0242658, -0.983263, 0.0)], [-0.0413612, -0.998999, -0.0170584, 0.0)], [9.99938, -0.534196, -3.71829, 1.0)]])
9.99938, -0.534196, -3.71829
float3(1.52604, -1.96197, 0.997548)
100.704
943122.197342833
normal
simd_float4x4([[-0.982742, 0.0368831, 0.181265, 0.0)], [-0.180445, 0.0244871, -0.98328, 0.0)], [-0.0407051, -0.99902, -0.0174091, 0.0)], [10.5677, -0.686807, -3.80845, 1.0)]])
10.5677, -0.686807, -3.80845
float3(1.52651, -1.97494, 0.984704)
100.705
943122.413986583
normal
simd_float4x4([[-0.982773, 0.0360787, 0.181259, 0.0)], [-0.180447, 0.024633, -0.983276, 0.0)], [-0.0399403, -0.999045, -0.0176983, 0.0)], [11.1336, -0.846097, -3.94225, 1.0)]])
11.1336, -0.846097, -3.94225
float3(1.5271, -1.98791, 0.971738)
100.705
943122.630630625
normal
simd_float4x4([[-0.982735, 0.0354636, 0.181586, 0.0)], [-0.180776, 0.024851, -0.98321, 0.0)], [-0.0393808, -0.999062, -0.018011, 0.0)], [11.7124, -1.01187, -4.06885, 1.0)]])
11.7124, -1.01187, -4.06885
float3(1.52748, -1.99975, 0.959569)
100.705
943122.8639395
normal
simd_float4x4([[-0.98276, 0.0346308, 0.181615, 0.0)], [-0.180821, 0.0248529, -0.983202, 0.0)], [-0.0385627, -0.999091, -0.0181624, 0.0)], [12.3396, -1.19977, -4.19847, 1.0)]])
12.3396, -1.19977, -4.19847
float3(1.52816, -2.01096, 0.948322)
100.705
943123.080583166
normal
simd_float4x4([[-0.96144, 0.0299174, 0.273382, 0.0)], [-0.270207, -0.287818, -0.918776, 0.0)], [0.0511971, -0.957218, 0.284804, 0.0)], [12.9209, -1.37514, -4.31214, 1.0)]])
12.9209, -1.37514, -4.31214
float3(1.27723, 0.177863, 3.03802)
100.706
943123.280606791
normal
simd_float4x4([[-0.817809, 0.02124, 0.575098, 0.0)], [-0.338744, -0.825627, -0.451213, 0.0)], [0.465232, -0.563817, 0.6824, 0.0)], [13.4863, -1.53388, -4.35838, 1.0)]])
13.4863, -1.53388, -4.35838
float3(0.599, 0.598379, 3.11587)
100.706
943123.480720041
normal
simd_float4x4([[-0.775849, 0.0241564, 0.630456, 0.0)], [-0.122, -0.986151, -0.11235, 0.0)], [0.619011, -0.164082, 0.768051, 0.0)], [14.0762, -1.70508, -4.41357, 1.0)]])
14.0762, -1.70508, -4.41357
float3(0.164827, 0.678358, 3.1171)
100.706
943123.697509375
normal
simd_float4x4([[-0.786517, 0.0117039, 0.617457, 0.0)], [0.0331504, -0.997579, 0.0611361, 0.0)], [0.616678, 0.0685535, 0.784225, 0.0)], [14.7802, -1.88555, -4.48182, 1.0)]])
14.7802, -1.88555, -4.48182
float3(-0.0686073, 0.666364, 3.12986)
100.706
943123.897622583
normal
simd_float4x4([[-0.811564, 0.0116815, 0.584147, 0.0)], [0.0391498, -0.996466, 0.0743182, 0.0)], [0.582951, 0.0831832, 0.808238, 0.0)], [15.5098, -2.04444, -4.56554, 1.0)]])
15.5098, -2.04444, -4.56554
float3(-0.0832794, 0.624853, 3.12987)
100.706
943124.097735875
normal
simd_float4x4([[-0.92016, -0.0881425, 0.381491, 0.0)], [0.124554, -0.989613, 0.0717786, 0.0)], [0.371202, 0.113564, 0.921581, 0.0)], [15.8204, -2.01151, -4.61808, 1.0)]])
15.8204, -2.01151, -4.61808
float3(-0.11381, 0.382908, -3.05276)
100.707
943124.314525208
normal
simd_float4x4([[-0.925502, -0.095187, 0.366587, 0.0)], [0.129393, -0.989131, 0.069836, 0.0)], [0.355955, 0.112067, 0.927759, 0.0)], [15.8172, -2.02583, -4.63328, 1.0)]])
15.8172, -2.02583, -4.63328
float3(-0.112303, 0.366352, -3.04566)
100.707
943124.514638375
normal
simd_float4x4([[-0.923689, -0.0893257, 0.372585, 0.0)], [0.124528, -0.98964, 0.071459, 0.0)], [0.362341, 0.112403, 0.925243, 0.0)], [15.8019, -2.02636, -4.63217, 1.0)]])
15.8019, -2.02636, -4.63217
float3(-0.112641, 0.373259, -3.05158)
100.707
943124.731427833
normal
simd_float4x4([[-0.921592, -0.0784213, 0.380155, 0.0)], [0.114108, -0.990839, 0.0722276, 0.0)], [0.371008, 0.109943, 0.922098, 0.0)], [15.7833, -2.02784, -4.63097, 1.0)]])
15.7833, -2.02784, -4.63097
float3(-0.110166, 0.382533, -3.06261)
100.707
943124.948217166
normal
simd_float4x4([[-0.92071, -0.0655163, 0.384707, 0.0)], [0.101236, -0.992157, 0.0733207, 0.0)], [0.376886, 0.106454, 0.920122, 0.0)], [15.7707, -2.03552, -4.6319, 1.0)]])
15.7707, -2.03552, -4.6319
float3(-0.106656, 0.388759, -3.07565)
100.708
943125.1650065
normal
simd_float4x4([[-0.92008, -0.052935, 0.388138, 0.0)], [0.0881879, -0.993383, 0.0735696, 0.0)], [0.381675, 0.101919, 0.91866, 0.0)], [15.7661, -2.03731, -4.63327, 1.0)]])
15.7661, -2.03731, -4.63327
float3(-0.102096, 0.393771, -3.08836)
100.708
943125.365119708
normal
simd_float4x4([[-0.919175, -0.0423903, 0.39156, 0.0)], [0.0775232, -0.994214, 0.0743497, 0.0)], [0.386143, 0.0986955, 0.917144, 0.0)], [15.7698, -2.03754, -4.6323, 1.0)]])
15.7698, -2.03754, -4.6323
float3(-0.0988564, 0.398502, -3.09898)
100.708
943125.581909125
normal
simd_float4x4([[-0.918511, -0.035034, 0.39384, 0.0)], [0.0699787, -0.994746, 0.0747165, 0.0)], [0.389153, 0.0961884, 0.916137, 0.0)], [15.772, -2.03635, -4.63383, 1.0)]])
15.772, -2.03635, -4.63383
float3(-0.0963373, 0.401681, -3.10639)
100.708
943125.798698458
normal
simd_float4x4([[-0.918612, -0.0295742, 0.394052, 0.0)], [0.0640121, -0.995162, 0.0745363, 0.0)], [0.389941, 0.0936941, 0.916061, 0.0)], [15.7759, -2.036, -4.63205, 1.0)]])
15.7759, -2.036, -4.63205
float3(-0.0938317, 0.402439, -3.11188)
100.708
943126.015487833
normal
simd_float4x4([[-0.9182, -0.0256071, 0.395289, 0.0)], [0.0596808, -0.99546, 0.0741432, 0.0)], [0.391596, 0.0916694, 0.91556, 0.0)], [15.7801, -2.0365, -4.63216, 1.0)]])
15.7801, -2.0365, -4.63216
float3(-0.0917983, 0.404166, -3.11587)
100.709
943126.215601083
normal
simd_float4x4([[-0.918588, -0.0239949, 0.394488, 0.0)], [0.0579422, -0.995546, 0.0743672, 0.0)], [0.390946, 0.0911703, 0.915887, 0.0)], [15.7874, -2.03608, -4.63503, 1.0)]])
15.7874, -2.03608, -4.63503
float3(-0.0912971, 0.403437, -3.1175)
100.709
943126.432390416
normal
simd_float4x4([[-0.919247, -0.0248026, 0.392899, 0.0)], [0.0584227, -0.995557, 0.0738421, 0.0)], [0.389322, 0.0908334, 0.916612, 0.0)], [15.7868, -2.03594, -4.63219, 1.0)]])
15.7868, -2.03594, -4.63219
float3(-0.0909588, 0.40165, -3.11668)
100.709
943126.6325035
normal
simd_float4x4([[-0.919471, -0.0247704, 0.392376, 0.0)], [0.0582333, -0.995585, 0.0736101, 0.0)], [0.38882, 0.0905317, 0.916855, 0.0)], [15.786, -2.03602, -4.63244, 1.0)]])
15.786, -2.03602, -4.63244
float3(-0.0906558, 0.401092, -3.11672)
100.709
943126.832616708
normal
simd_float4x4([[-0.919606, -0.0247542, 0.392062, 0.0)], [0.0581164, -0.995604, 0.0734547, 0.0)], [0.38852, 0.0903346, 0.917002, 0.0)], [15.786, -2.03609, -4.63254, 1.0)]])
15.786, -2.03609, -4.63254
float3(-0.0904579, 0.400756, -3.11673)
100.71
943127.03273
normal
simd_float4x4([[-0.919708, -0.0249763, 0.391807, 0.0)], [0.0582129, -0.995618, 0.073179, 0.0)], [0.388262, 0.0901116, 0.917133, 0.0)], [15.786, -2.03607, -4.63228, 1.0)]])
15.786, -2.03607, -4.63228
float3(-0.090234, 0.400467, -3.11651)
100.71
943127.249519416
normal
simd_float4x4([[-0.919633, -0.0244752, 0.392015, 0.0)], [0.0577101, -0.995645, 0.0732203, 0.0)], [0.388516, 0.0899591, 0.91704, 0.0)], [15.7865, -2.03606, -4.63202, 1.0)]])
15.7865, -2.03606, -4.63202
float3(-0.0900808, 0.400738, -3.11702)
100.71
943127.466308708
normal
simd_float4x4([[-0.919754, -0.024588, 0.391724, 0.0)], [0.0578214, -0.995635, 0.073268, 0.0)], [0.388212, 0.0900385, 0.917161, 0.0)], [15.7876, -2.03629, -4.6317, 1.0)]])
15.7876, -2.03629, -4.6317
float3(-0.0901606, 0.400409, -3.1169)
100.71
943127.666421875
normal
simd_float4x4([[-0.919903, -0.0248134, 0.391359, 0.0)], [0.0580156, -0.995625, 0.0732421, 0.0)], [0.387829, 0.0900806, 0.917319, 0.0)], [15.7865, -2.03625, -4.63196, 1.0)]])
15.7865, -2.03625, -4.63196
float3(-0.0902029, 0.399994, -3.11668)
100.71
943127.866535041
normal
simd_float4x4([[-0.920307, -0.0249023, 0.390404, 0.0)], [0.0578683, -0.995659, 0.072905, 0.0)], [0.386893, 0.089687, 0.917753, 0.0)], [15.7868, -2.03644, -4.63148, 1.0)]])
15.7868, -2.03644, -4.63148
float3(-0.0898077, 0.398959, -3.11659)
100.71
943128.066648333
normal
simd_float4x4([[-0.920747, -0.0250913, 0.389351, 0.0)], [0.057963, -0.995653, 0.0729088, 0.0)], [0.385829, 0.0896985, 0.918199, 0.0)], [15.7873, -2.03675, -4.63142, 1.0)]])
15.7873, -2.03675, -4.63142
float3(-0.0898193, 0.3978, -3.1164)
100.71
943128.2667615
normal
simd_float4x4([[-0.920989, -0.024923, 0.38879, 0.0)], [0.0577814, -0.995653, 0.0730507, 0.0)], [0.385279, 0.0897438, 0.918426, 0.0)], [15.7871, -2.03671, -4.63136, 1.0)]])
15.7871, -2.03671, -4.63136
float3(-0.0898647, 0.397203, -3.11657)
100.71
943128.466874666
normal
simd_float4x4([[-0.921155, -0.0250876, 0.388387, 0.0)], [0.0580426, -0.995616, 0.0733509, 0.0)], [0.384844, 0.0901105, 0.918572, 0.0)], [15.7872, -2.03666, -4.63123, 1.0)]])
15.7872, -2.03666, -4.63123
float3(-0.0902329, 0.396743, -3.1164)
100.71
943128.666987791
normal
simd_float4x4([[-0.92113, -0.0251271, 0.388444, 0.0)], [0.0580321, -0.995627, 0.0732098, 0.0)], [0.384906, 0.0899779, 0.91856, 0.0)], [15.787, -2.03653, -4.63138, 1.0)]])
15.787, -2.03653, -4.63138
float3(-0.0900998, 0.396805, -3.11636)
100.71
943128.88377725
normal
simd_float4x4([[-0.920864, -0.0252842, 0.389063, 0.0)], [0.058373, -0.995588, 0.0734608, 0.0)], [0.385489, 0.0903581, 0.918277, 0.0)], [15.7871, -2.03656, -4.63125, 1.0)]])
15.7871, -2.03656, -4.63125
float3(-0.0904816, 0.397455, -3.1162)
100.711
943129.083890583
normal
simd_float4x4([[-0.920911, -0.0249991, 0.388971, 0.0)], [0.0579483, -0.995632, 0.0732068, 0.0)], [0.385441, 0.0899571, 0.918337, 0.0)], [15.7873, -2.03667, -4.63113, 1.0)]])
15.7873, -2.03667, -4.63113
float3(-0.0900789, 0.397387, -3.11649)
100.711
943129.284003541
normal
simd_float4x4([[-0.921066, -0.024899, 0.38861, 0.0)], [0.0577692, -0.995648, 0.0731288, 0.0)], [0.385098, 0.0898061, 0.918496, 0.0)], [15.7875, -2.0368, -4.63095, 1.0)]])
15.7875, -2.0368, -4.63095
float3(-0.0899273, 0.397008, -3.11659)
100.711
943129.484116916
normal
simd_float4x4([[-0.921193, -0.0246655, 0.388322, 0.0)], [0.0575595, -0.995647, 0.0733033, 0.0)], [0.384824, 0.0898782, 0.918604, 0.0)], [15.7885, -2.03715, -4.63037, 1.0)]])
15.7885, -2.03715, -4.63037
float3(-0.0899996, 0.396712, -3.11682)
100.711
943129.68423
normal
simd_float4x4([[-0.921246, -0.0250657, 0.388171, 0.0)], [0.0579985, -0.995618, 0.0733568, 0.0)], [0.384631, 0.0900931, 0.918663, 0.0)], [15.7886, -2.03743, -4.63056, 1.0)]])
15.7886, -2.03743, -4.63056
float3(-0.0902154, 0.39651, -3.11642)
100.712
943129.901019375
normal
simd_float4x4([[-0.921257, -0.0253098, 0.388131, 0.0)], [0.0583624, -0.995578, 0.0736064, 0.0)], [0.384551, 0.0904626, 0.91866, 0.0)], [15.7879, -2.03697, -4.63094, 1.0)]])
15.7879, -2.03697, -4.63094
float3(-0.0905864, 0.396437, -3.11618)
100.712
943130.117808625
normal
simd_float4x4([[-0.921164, -0.0250834, 0.388366, 0.0)], [0.0581344, -0.995593, 0.0735863, 0.0)], [0.384809, 0.0903625, 0.918562, 0.0)], [15.7882, -2.037, -4.6309, 1.0)]])
15.7882, -2.037, -4.6309
float3(-0.0904859, 0.396714, -3.1164)
100.712
943130.334598208
normal
simd_float4x4([[-0.920923, -0.025209, 0.388929, 0.0)], [0.0584109, -0.995563, 0.0737791, 0.0)], [0.385343, 0.0906626, 0.918309, 0.0)], [15.7887, -2.03689, -4.63087, 1.0)]])
15.7887, -2.03689, -4.63087
float3(-0.0907872, 0.397307, -3.11628)
100.712
943130.534711333
normal
simd_float4x4([[-0.921031, -0.0251683, 0.388676, 0.0)], [0.0583638, -0.995561, 0.0738357, 0.0)], [0.385093, 0.0906896, 0.918411, 0.0)], [15.7881, -2.03694, -4.63107, 1.0)]])
15.7881, -2.03694, -4.63107
float3(-0.0908144, 0.397036, -3.11632)
100.712
943130.751500708
normal
simd_float4x4([[-0.920993, -0.0252079, 0.388763, 0.0)], [0.0584175, -0.995558, 0.0738397, 0.0)], [0.385175, 0.0907164, 0.918374, 0.0)], [15.7882, -2.03693, -4.63094, 1.0)]])
15.7882, -2.03693, -4.63094
float3(-0.0908413, 0.397126, -3.11628)
100.712
943130.968289916
normal
simd_float4x4([[-0.920914, -0.0252669, 0.388947, 0.0)], [0.0584203, -0.995572, 0.0736476, 0.0)], [0.385364, 0.0905455, 0.918312, 0.0)], [15.7886, -2.03689, -4.63093, 1.0)]])
15.7886, -2.03689, -4.63093
float3(-0.0906697, 0.397325, -3.11622)
100.712
943131.185079125
normal
simd_float4x4([[-0.920889, -0.025581, 0.388984, 0.0)], [0.0587169, -0.995563, 0.073536, 0.0)], [0.385377, 0.0905585, 0.918305, 0.0)], [15.7882, -2.03708, -4.63141, 1.0)]])
15.7882, -2.03708, -4.63141
float3(-0.0906827, 0.39734, -3.1159)
100.712
943131.401868458
normal
simd_float4x4([[-0.920982, -0.0253878, 0.388777, 0.0)], [0.0584944, -0.995574, 0.0735559, 0.0)], [0.385189, 0.0904849, 0.918391, 0.0)], [15.7883, -2.03699, -4.63088, 1.0)]])
15.7883, -2.03699, -4.63088
float3(-0.0906088, 0.397133, -3.1161)
100.712
943131.601981708
normal
simd_float4x4([[-0.92098, -0.0252848, 0.388788, 0.0)], [0.0583222, -0.995595, 0.0734082, 0.0)], [0.385219, 0.0902825, 0.918398, 0.0)], [15.7884, -2.03705, -4.63086, 1.0)]])
15.7884, -2.03705, -4.63086
float3(-0.0904056, 0.397158, -3.1162)
100.712
943131.802094791
normal
simd_float4x4([[-0.921071, -0.0254248, 0.388565, 0.0)], [0.0584464, -0.995589, 0.0733998, 0.0)], [0.384984, 0.0903166, 0.918493, 0.0)], [15.7886, -2.03717, -4.63072, 1.0)]])
15.7886, -2.03717, -4.63072
float3(-0.0904398, 0.396903, -3.11606)
100.712
943132.002208083
normal
simd_float4x4([[-0.920945, -0.0253796, 0.388866, 0.0)], [0.0584367, -0.995588, 0.0734171, 0.0)], [0.385286, 0.0903371, 0.918365, 0.0)], [15.7886, -2.03705, -4.6306, 1.0)]])
15.7886, -2.03705, -4.6306
float3(-0.0904604, 0.397233, -3.11611)
100.712
943132.218997208
normal
simd_float4x4([[-0.920899, -0.0252063, 0.388984, 0.0)], [0.058237, -0.995604, 0.0733577, 0.0)], [0.385425, 0.0902083, 0.918319, 0.0)], [15.789, -2.03705, -4.63036, 1.0)]])
15.789, -2.03705, -4.63036
float3(-0.0903311, 0.397379, -3.11628)
100.712
943132.435786708
normal
simd_float4x4([[-0.9207, -0.0252532, 0.389454, 0.0)], [0.0584336, -0.995576, 0.073586, 0.0)], [0.385872, 0.0905078, 0.918102, 0.0)], [15.7892, -2.03721, -4.63073, 1.0)]])
15.7892, -2.03721, -4.63073
float3(-0.0906318, 0.397878, -3.11623)
100.712
943132.652576041
normal
simd_float4x4([[-0.920857, -0.0253865, 0.389074, 0.0)], [0.0585659, -0.995563, 0.0736542, 0.0)], [0.385477, 0.0906114, 0.918258, 0.0)], [15.7886, -2.03716, -4.63079, 1.0)]])
15.7886, -2.03716, -4.63079
float3(-0.0907359, 0.397451, -3.1161)
100.711
943132.869365375
normal
simd_float4x4([[-0.920881, -0.0253721, 0.389017, 0.0)], [0.0585395, -0.995565, 0.0736431, 0.0)], [0.385423, 0.0905894, 0.918283, 0.0)], [15.7887, -2.03718, -4.63073, 1.0)]])
15.7887, -2.03718, -4.63073
float3(-0.0907137, 0.397391, -3.11611)
100.711
943133.069478541
normal
simd_float4x4([[-0.92088, -0.0255273, 0.389009, 0.0)], [0.0586698, -0.995564, 0.0735558, 0.0)], [0.385406, 0.0905592, 0.918293, 0.0)], [15.7889, -2.03716, -4.63052, 1.0)]])
15.7889, -2.03716, -4.63052
float3(-0.0906834, 0.397371, -3.11596)
100.711
943133.286267875
normal
simd_float4x4([[-0.920842, -0.0254296, 0.389107, 0.0)], [0.0586241, -0.995558, 0.0736736, 0.0)], [0.385505, 0.0906527, 0.918242, 0.0)], [15.7887, -2.0371, -4.63057, 1.0)]])
15.7887, -2.0371, -4.63057
float3(-0.0907774, 0.397483, -3.11606)
100.711
943133.503057208
normal
simd_float4x4([[-0.92081, -0.0252827, 0.389192, 0.0)], [0.0584623, -0.995569, 0.0736451, 0.0)], [0.385605, 0.0905662, 0.918208, 0.0)], [15.7889, -2.03709, -4.63055, 1.0)]])
15.7889, -2.03709, -4.63055
float3(-0.0906905, 0.397589, -3.1162)
100.711
943133.719846458
normal
simd_float4x4([[-0.920767, -0.0254247, 0.389283, 0.0)], [0.0585927, -0.995568, 0.0735664, 0.0)], [0.385687, 0.0905467, 0.918176, 0.0)], [15.789, -2.03713, -4.6307, 1.0)]])
15.789, -2.03713, -4.6307
float3(-0.0906709, 0.397678, -3.11606)
100.711
943133.936635708
normal
simd_float4x4([[-0.920658, -0.0255599, 0.389533, 0.0)], [0.0587501, -0.995561, 0.0735301, 0.0)], [0.385924, 0.0905812, 0.918073, 0.0)], [15.7889, -2.0371, -4.63066, 1.0)]])
15.7889, -2.0371, -4.63066
float3(-0.0907055, 0.397937, -3.11592)
100.711
943134.136749083
normal
simd_float4x4([[-0.920691, -0.0255603, 0.389455, 0.0)], [0.05876, -0.995557, 0.0735723, 0.0)], [0.385844, 0.0906217, 0.918103, 0.0)], [15.7889, -2.03721, -4.63056, 1.0)]])
15.7889, -2.03721, -4.63056
float3(-0.0907462, 0.397851, -3.11592)
100.711
943134.336862291
normal
simd_float4x4([[-0.920772, -0.0256181, 0.389259, 0.0)], [0.0586978, -0.995579, 0.0733249, 0.0)], [0.38566, 0.0903642, 0.918205, 0.0)], [15.789, -2.03732, -4.63039, 1.0)]])
15.789, -2.03732, -4.63039
float3(-0.0904876, 0.397641, -3.11587)
100.711
943134.536975375
normal
simd_float4x4([[-0.920745, -0.0255599, 0.389327, 0.0)], [0.058632, -0.995585, 0.0733011, 0.0)], [0.385735, 0.0903187, 0.918178, 0.0)], [15.7891, -2.03732, -4.6303, 1.0)]])
15.7891, -2.03732, -4.6303
float3(-0.0904419, 0.39772, -3.11593)
100.71
943134.737088583
normal
simd_float4x4([[-0.920904, -0.0256552, 0.388945, 0.0)], [0.0587675, -0.995564, 0.0734752, 0.0)], [0.385334, 0.0905209, 0.918326, 0.0)], [15.789, -2.03717, -4.63045, 1.0)]])
15.789, -2.03717, -4.63045
float3(-0.090645, 0.397292, -3.11583)
100.71
943134.937201791
normal
simd_float4x4([[-0.920827, -0.0257302, 0.389122, 0.0)], [0.0588606, -0.99556, 0.0734589, 0.0)], [0.385504, 0.0905468, 0.918253, 0.0)], [15.7889, -2.0372, -4.63041, 1.0)]])
15.7889, -2.0372, -4.63041
float3(-0.090671, 0.397478, -3.11575)
100.71
943135.137314875
normal
simd_float4x4([[-0.920803, -0.0256693, 0.389183, 0.0)], [0.0587817, -0.995568, 0.0734123, 0.0)], [0.385573, 0.0904751, 0.918231, 0.0)], [15.789, -2.03727, -4.63029, 1.0)]])
15.789, -2.03727, -4.63029
float3(-0.0905989, 0.39755, -3.11581)
100.71
943135.337428083
normal
simd_float4x4([[-0.920841, -0.0254669, 0.389106, 0.0)], [0.0585996, -0.995571, 0.0735192, 0.0)], [0.38551, 0.0905009, 0.918254, 0.0)], [15.7891, -2.03748, -4.63, 1.0)]])
15.7891, -2.03748, -4.63
float3(-0.0906249, 0.397483, -3.11602)
100.71
943135.537541291
normal
simd_float4x4([[-0.921186, -0.0254023, 0.388293, 0.0)], [0.0585038, -0.995566, 0.073664, 0.0)], [0.3847, 0.0905748, 0.918587, 0.0)], [15.789, -2.03726, -4.63031, 1.0)]])
15.789, -2.03726, -4.63031
float3(-0.0906991, 0.396603, -3.11608)
100.71
943135.737654583
normal
simd_float4x4([[-0.921177, -0.0255135, 0.388307, 0.0)], [0.0585388, -0.995579, 0.073457, 0.0)], [0.384717, 0.0903979, 0.918598, 0.0)], [15.7891, -2.03724, -4.63028, 1.0)]])
15.7891, -2.03724, -4.63028
float3(-0.0905215, 0.396615, -3.11597)
100.71
943135.937767708
normal
