ARKit Data
1531540.51307283
normal
simd_float4x4([[-0.168539, -0.936339, 0.308001, 0.0)], [0.610478, 0.146172, 0.778428, 0.0)], [-0.773893, 0.319224, 0.546979, 0.0)], [15.6526, -0.157547, 0.590947, 1.0)]])
15.6526, -0.157547, 0.590947
float3(-0.32491, -0.955529, -1.41594)
1531540.84430362
limited(__ObjC.ARCamera.TrackingState.Reason.initializing)
simd_float4x4([[0.155076, -0.925773, 0.344809, 0.0)], [0.987902, 0.145322, -0.0541268, 0.0)], [-2.2688e-09, 0.349032, 0.93711, 0.0)], [0.0, 0.0, 0.0, 1.0)]])
0.0, 0.0, 0.0
float3(-0.356538, -2.42106e-09, -1.41509)
1531540.94432183
limited(__ObjC.ARCamera.TrackingState.Reason.initializing)
simd_float4x4([[0.155076, -0.925773, 0.344809, 0.0)], [0.987902, 0.145322, -0.0541268, 0.0)], [-2.2688e-09, 0.349032, 0.93711, 0.0)], [0.0, 0.0, 0.0, 1.0)]])
0.0, 0.0, 0.0
float3(-0.356538, -2.42106e-09, -1.41509)
1531541.04437283
limited(__ObjC.ARCamera.TrackingState.Reason.initializing)
simd_float4x4([[0.315833, -0.905156, 0.284502, 0.0)], [0.805611, 0.0974209, -0.58438, 0.0)], [0.501239, 0.413765, 0.759972, 0.0)], [0.0, 0.0, 0.0, 1.0)]])
0.0, 0.0, 0.0
float3(-0.426585, 0.583059, -1.46358)
1531541.144424
limited(__ObjC.ARCamera.TrackingState.Reason.initializing)
simd_float4x4([[0.260588, -0.90262, 0.342596, 0.0)], [0.84692, 0.0433605, -0.52995, 0.0)], [0.463488, 0.42825, 0.775745, 0.0)], [0.0, 0.0, 0.0, 1.0)]])
0.0, 0.0, 0.0
float3(-0.442555, 0.538561, -1.52279)
1531541.24447496
limited(__ObjC.ARCamera.TrackingState.Reason.initializing)
simd_float4x4([[0.194771, -0.945669, 0.260336, 0.0)], [0.853107, 0.0323528, -0.520732, 0.0)], [0.484018, 0.323518, 0.813058, 0.0)], [0.0, 0.0, 0.0, 1.0)]])
0.0, 0.0, 0.0
float3(-0.329446, 0.53696, -1.5366)
1531541.34452617
limited(__ObjC.ARCamera.TrackingState.Reason.initializing)
simd_float4x4([[0.134147, -0.988868, 0.0643864, 0.0)], [0.811528, 0.0723366, -0.579818, 0.0)], [0.568706, 0.130032, 0.812198, 0.0)], [0.0, 0.0, 0.0, 1.0)]])
0.0, 0.0, 0.0
float3(-0.130401, 0.610865, -1.49778)
1531541.44457721
limited(__ObjC.ARCamera.TrackingState.Reason.initializing)
simd_float4x4([[0.0742814, -0.996885, 0.0265231, 0.0)], [0.841165, 0.0483479, -0.538613, 0.0)], [0.535653, 0.0623192, 0.842136, 0.0)], [0.0, 0.0, 0.0, 1.0)]])
0.0, 0.0, 0.0
float3(-0.0623597, 0.566516, -1.52234)
1531541.54462825
limited(__ObjC.ARCamera.TrackingState.Reason.initializing)
simd_float4x4([[0.0757107, -0.99696, 0.018404, 0.0)], [0.790816, 0.0487932, -0.610106, 0.0)], [0.607353, 0.0607458, 0.792106, 0.0)], [0.0, 0.0, 0.0, 1.0)]])
0.0, 0.0, 0.0
float3(-0.0607832, 0.65414, -1.52189)
1531541.64467946
limited(__ObjC.ARCamera.TrackingState.Reason.initializing)
simd_float4x4([[-0.0708603, -0.996857, 0.0354224, 0.0)], [0.774303, -0.0773582, -0.628069, 0.0)], [0.628835, -0.0170775, 0.777351, 0.0)], [0.0, 0.0, 0.0, 1.0)]])
0.0, 0.0, 0.0
float3(0.0170783, 0.680172, -1.64824)
1531541.7447305
limited(__ObjC.ARCamera.TrackingState.Reason.initializing)
simd_float4x4([[-0.101638, -0.994701, 0.0154466, 0.0)], [0.766499, -0.0881992, -0.63616, 0.0)], [0.634152, -0.0528182, 0.771402, 0.0)], [0.0, 0.0, 0.0, 1.0)]])
0.0, 0.0, 0.0
float3(0.0528428, 0.688058, -1.65923)
1531541.84478163
limited(__ObjC.ARCamera.TrackingState.Reason.initializing)
simd_float4x4([[-0.0693391, -0.997322, 0.0232245, 0.0)], [0.751406, -0.0675266, -0.656376, 0.0)], [0.656187, -0.0280615, 0.754076, 0.0)], [0.0, 0.0, 0.0, 1.0)]])
0.0, 0.0, 0.0
float3(0.0280652, 0.716097, -1.6384)
1531541.94483275
limited(__ObjC.ARCamera.TrackingState.Reason.initializing)
simd_float4x4([[-0.0406358, -0.998037, 0.047642, 0.0)], [0.754483, -0.0619094, -0.653393, 0.0)], [0.65506, 0.00939396, 0.755518, 0.0)], [0.0, 0.0, 0.0, 1.0)]])
0.0, 0.0, 0.0
float3(-0.0093941, 0.7143, -1.63275)
1531542.04488375
limited(__ObjC.ARCamera.TrackingState.Reason.initializing)
simd_float4x4([[-0.0179668, -0.997637, 0.0663051, 0.0)], [0.762303, -0.0565795, -0.644743, 0.0)], [0.646971, 0.0389606, 0.761518, 0.0)], [0.0, 0.0, 0.0, 1.0)]])
0.0, 0.0, 0.0
float3(-0.0389705, 0.70425, -1.62745)
1531542.14493513
limited(__ObjC.ARCamera.TrackingState.Reason.initializing)
simd_float4x4([[-0.00599883, -0.996895, 0.0785069, 0.0)], [0.763044, -0.0553056, -0.643976, 0.0)], [0.646319, 0.0560411, 0.761007, 0.0)], [0.0, 0.0, 0.0, 1.0)]])
0.0, 0.0, 0.0
float3(-0.0560705, 0.704084, -1.62622)
1531542.244986
limited(__ObjC.ARCamera.TrackingState.Reason.initializing)
simd_float4x4([[0.00185868, -0.996772, 0.0802565, 0.0)], [0.770643, -0.049717, -0.635325, 0.0)], [0.637264, 0.06303, 0.768063, 0.0)], [0.0, 0.0, 0.0, 1.0)]])
0.0, 0.0, 0.0
float3(-0.0630718, 0.692592, -1.62063)
1531542.34503738
limited(__ObjC.ARCamera.TrackingState.Reason.initializing)
simd_float4x4([[0.00199457, -0.997011, 0.0772332, 0.0)], [0.771908, -0.0475647, -0.633952, 0.0)], [0.63573, 0.0608814, 0.769506, 0.0)], [0.0, 0.0, 0.0, 1.0)]])
0.0, 0.0, 0.0
float3(-0.0609191, 0.690486, -1.61847)
1531542.44508842
limited(__ObjC.ARCamera.TrackingState.Reason.initializing)
simd_float4x4([[-0.00185374, -0.997654, 0.0684336, 0.0)], [0.784615, -0.0438787, -0.618429, 0.0)], [0.61998, 0.0525476, 0.782855, 0.0)], [0.0, 0.0, 0.0, 1.0)]])
0.0, 0.0, 0.0
float3(-0.0525718, 0.669812, -1.61475)
1531542.54513971
limited(__ObjC.ARCamera.TrackingState.Reason.initializing)
simd_float4x4([[-0.000880005, -0.998308, 0.0581355, 0.0)], [0.81136, -0.0346958, -0.583516, 0.0)], [0.584546, 0.0466554, 0.810017, 0.0)], [0.0, 0.0, 0.0, 1.0)]])
0.0, 0.0, 0.0
float3(-0.0466723, 0.625106, -1.60554)
1531542.64519062
limited(__ObjC.ARCamera.TrackingState.Reason.initializing)
simd_float4x4([[-0.00843561, -0.999034, 0.0431147, 0.0)], [0.834295, -0.0308004, -0.550458, 0.0)], [0.551253, 0.0313269, 0.833748, 0.0)], [0.0, 0.0, 0.0, 1.0)]])
0.0, 0.0, 0.0
float3(-0.0313321, 0.584191, -1.60162)
1531542.74524175
limited(__ObjC.ARCamera.TrackingState.Reason.initializing)
simd_float4x4([[-0.0156961, -0.999323, 0.0332613, 0.0)], [0.867125, -0.0301677, -0.497176, 0.0)], [0.497842, 0.021038, 0.867012, 0.0)], [0.0, 0.0, 0.0, 1.0)]])
0.0, 0.0, 0.0
float3(-0.0210395, 0.521237, -1.60098)
1531542.84529317
limited(__ObjC.ARCamera.TrackingState.Reason.initializing)
simd_float4x4([[-0.0252376, -0.999362, 0.0252521, 0.0)], [0.889593, -0.0339749, -0.455489, 0.0)], [0.456056, 0.0109687, 0.889883, 0.0)], [0.0, 0.0, 0.0, 1.0)]])
0.0, 0.0, 0.0
float3(-0.0109689, 0.47359, -1.60478)
1531542.94534421
limited(__ObjC.ARCamera.TrackingState.Reason.initializing)
simd_float4x4([[-0.0302124, -0.999437, 0.0145877, 0.0)], [0.905811, -0.0335468, -0.422353, 0.0)], [0.422604, 0.000453442, 0.906314, 0.0)], [0.0, 0.0, 0.0, 1.0)]])
0.0, 0.0, 0.0
float3(-0.000453442, 0.436317, -1.60435)
1531543.0453955
limited(__ObjC.ARCamera.TrackingState.Reason.initializing)
simd_float4x4([[-0.032574, -0.999466, 0.00266959, 0.0)], [0.919613, -0.0310175, -0.3916, 0.0)], [0.391473, -0.010301, 0.920132, 0.0)], [0.0, 0.0, 0.0, 1.0)]])
0.0, 0.0, 0.0
float3(0.0103012, 0.402255, -1.60182)
1531543.14544654
limited(__ObjC.ARCamera.TrackingState.Reason.initializing)
simd_float4x4([[-0.0392154, -0.999183, -0.00974029, 0.0)], [0.925368, -0.0326368, -0.377662, 0.0)], [0.377036, -0.0238235, 0.925892, 0.0)], [0.0, 0.0, 0.0, 1.0)]])
0.0, 0.0, 0.0
float3(0.0238258, 0.38671, -1.60345)
1531543.24549763
limited(__ObjC.ARCamera.TrackingState.Reason.initializing)
simd_float4x4([[-0.0493034, -0.998648, -0.0164925, 0.0)], [0.924586, -0.039389, -0.378931, 0.0)], [0.377769, -0.0339314, 0.925278, 0.0)], [0.0, 0.0, 0.0, 1.0)]])
0.0, 0.0, 0.0
float3(0.0339379, 0.387621, -1.61022)
1531543.34554896
limited(__ObjC.ARCamera.TrackingState.Reason.initializing)
simd_float4x4([[-0.0582487, -0.998129, -0.0185941, 0.0)], [0.906159, -0.0450475, -0.420531, 0.0)], [0.418907, -0.0413446, 0.907088, 0.0)], [0.0, 0.0, 0.0, 1.0)]])
0.0, 0.0, 0.0
float3(0.0413564, 0.432636, -1.6159)
1531543.4456
limited(__ObjC.ARCamera.TrackingState.Reason.initializing)
simd_float4x4([[-0.0655136, -0.997715, -0.0165164, 0.0)], [0.873633, -0.0493524, -0.484076, 0.0)], [0.482154, -0.0461428, 0.87487, 0.0)], [0.0, 0.0, 0.0, 1.0)]])
0.0, 0.0, 0.0
float3(0.0461592, 0.503699, -1.62022)
1531543.54565133
limited(__ObjC.ARCamera.TrackingState.Reason.initializing)
simd_float4x4([[-0.0727844, -0.99729, -0.0107253, 0.0)], [0.835506, -0.0550975, -0.546712, 0.0)], [0.544639, -0.0487532, 0.837252, 0.0)], [0.0, 0.0, 0.0, 1.0)]])
0.0, 0.0, 0.0
float3(0.0487725, 0.576732, -1.62599)
1531543.64570242
limited(__ObjC.ARCamera.TrackingState.Reason.initializing)
simd_float4x4([[-0.0774439, -0.996991, -0.00317314, 0.0)], [0.802428, -0.0604412, -0.59368, 0.0)], [0.591702, -0.0485231, 0.804694, 0.0)], [0.0, 0.0, 0.0, 1.0)]])
0.0, 0.0, 0.0
float3(0.0485422, 0.634035, -1.63135)
1531543.74575379
limited(__ObjC.ARCamera.TrackingState.Reason.initializing)
simd_float4x4([[-0.0807041, -0.996736, 0.00172673, 0.0)], [0.772982, -0.0636805, -0.631224, 0.0)], [0.629274, -0.0496076, 0.775598, 0.0)], [0.0, 0.0, 0.0, 1.0)]])
0.0, 0.0, 0.0
float3(0.049628, 0.681617, -1.6346)
1531543.84580488
limited(__ObjC.ARCamera.TrackingState.Reason.initializing)
simd_float4x4([[-0.0810694, -0.996702, 0.00316511, 0.0)], [0.741997, -0.0624719, -0.667486, 0.0)], [0.665482, -0.0517642, 0.744615, 0.0)], [0.0, 0.0, 0.0, 1.0)]])
0.0, 0.0, 0.0
float3(0.0517873, 0.729338, -1.63339)
1531543.94585604
limited(__ObjC.ARCamera.TrackingState.Reason.initializing)
simd_float4x4([[-0.0798123, -0.996808, -0.00103612, 0.0)], [0.731143, -0.0578343, -0.679768, 0.0)], [0.677538, -0.0550114, 0.733426, 0.0)], [0.0, 0.0, 0.0, 1.0)]])
0.0, 0.0, 0.0
float3(0.0550391, 0.74581, -1.62875)
1531544.04590729
limited(__ObjC.ARCamera.TrackingState.Reason.initializing)
simd_float4x4([[-0.0786493, -0.996841, -0.010931, 0.0)], [0.734943, -0.0505704, -0.676241, 0.0)], [0.673552, -0.0612195, 0.736599, 0.0)], [0.0, 0.0, 0.0, 1.0)]])
0.0, 0.0, 0.0
float3(0.0612578, 0.740719, -1.62148)
1531544.14595837
limited(__ObjC.ARCamera.TrackingState.Reason.initializing)
simd_float4x4([[-0.07714, -0.996873, -0.0170588, 0.0)], [0.752487, -0.0469873, -0.656929, 0.0)], [0.654073, -0.063512, 0.753759, 0.0)], [0.0, 0.0, 0.0, 1.0)]])
0.0, 0.0, 0.0
float3(0.0635548, 0.714708, -1.6179)
1531544.24600979
limited(__ObjC.ARCamera.TrackingState.Reason.initializing)
simd_float4x4([[-0.0732994, -0.997201, -0.0146323, 0.0)], [0.762511, -0.0465797, -0.645296, 0.0)], [0.642808, -0.0584571, 0.763791, 0.0)], [0.0, 0.0, 0.0, 1.0)]])
0.0, 0.0, 0.0
float3(0.0584905, 0.699599, -1.61747)
1531544.34606096
limited(__ObjC.ARCamera.TrackingState.Reason.initializing)
simd_float4x4([[-0.0755502, -0.997107, -0.00815336, 0.0)], [0.757245, -0.0520522, -0.651053, 0.0)], [0.648745, -0.0553613, 0.758987, 0.0)], [0.0, 0.0, 0.0, 1.0)]])
0.0, 0.0, 0.0
float3(0.0553896, 0.707246, -1.62295)
1531544.44611221
limited(__ObjC.ARCamera.TrackingState.Reason.initializing)
simd_float4x4([[-0.0855802, -0.99633, -0.000505788, 0.0)], [0.715056, -0.0610664, -0.696394, 0.0)], [0.693808, -0.0599593, 0.717658, 0.0)], [0.0, 0.0, 0.0, 1.0)]])
0.0, 0.0, 0.0
float3(0.0599953, 0.768502, -1.63201)
1531544.54616342
limited(__ObjC.ARCamera.TrackingState.Reason.initializing)
simd_float4x4([[-0.0990038, -0.995004, 0.0128101, 0.0)], [0.677515, -0.0768306, -0.731486, 0.0)], [0.728815, -0.0637408, 0.681736, 0.0)], [0.0, 0.0, 0.0, 1.0)]])
0.0, 0.0, 0.0
float3(0.063784, 0.818762, -1.64786)
1531544.64621454
limited(__ObjC.ARCamera.TrackingState.Reason.initializing)
simd_float4x4([[-0.106199, -0.993897, 0.029827, 0.0)], [0.617675, -0.0894467, -0.78133, 0.0)], [0.779229, -0.0645527, 0.623404, 0.0)], [0.0, 0.0, 0.0, 1.0)]])
0.0, 0.0, 0.0
float3(0.0645976, 0.896039, -1.66055)
1531544.74626587
limited(__ObjC.ARCamera.TrackingState.Reason.initializing)
simd_float4x4([[-0.102717, -0.993522, 0.0486123, 0.0)], [0.562365, -0.0983131, -0.821024, 0.0)], [0.820485, -0.0569954, 0.56882, 0.0)], [0.0, 0.0, 0.0, 1.0)]])
0.0, 0.0, 0.0
float3(0.0570263, 0.964599, -1.66943)
1531544.84631704
limited(__ObjC.ARCamera.TrackingState.Reason.initializing)
simd_float4x4([[-0.0905073, -0.993623, 0.0672459, 0.0)], [0.510199, -0.10425, -0.853715, 0.0)], [0.855281, -0.0429587, 0.51638, 0.0)], [0.0, 0.0, 0.0, 1.0)]])
0.0, 0.0, 0.0
float3(0.0429719, 1.02762, -1.67533)
1531544.9463685
limited(__ObjC.ARCamera.TrackingState.Reason.initializing)
simd_float4x4([[-0.0736409, -0.993998, 0.0808924, 0.0)], [0.454618, -0.105653, -0.884398, 0.0)], [0.887636, -0.0283526, 0.45967, 0.0)], [0.0, 0.0, 0.0, 1.0)]])
0.0, 0.0, 0.0
float3(0.0283564, 1.09296, -1.67669)
1531545.04641954
limited(__ObjC.ARCamera.TrackingState.Reason.initializing)
simd_float4x4([[-0.0532843, -0.994536, 0.0897748, 0.0)], [0.414052, -0.103814, -0.904314, 0.0)], [0.908692, -0.0110143, 0.417321, 0.0)], [0.0, 0.0, 0.0, 1.0)]])
0.0, 0.0, 0.0
float3(0.0110145, 1.14027, -1.6748)
1531545.14647083
limited(__ObjC.ARCamera.TrackingState.Reason.initializing)
simd_float4x4([[-0.0387317, -0.994619, 0.0960844, 0.0)], [0.388036, -0.103581, -0.915805, 0.0)], [0.92083, 0.00181353, 0.38996, 0.0)], [0.0, 0.0, 0.0, 1.0)]])
0.0, 0.0, 0.0
float3(-0.00181353, 1.17021, -1.67456)
1531545.24652221
limited(__ObjC.ARCamera.TrackingState.Reason.initializing)
simd_float4x4([[-0.0201998, -0.994496, 0.102804, 0.0)], [0.36672, -0.103028, -0.924609, 0.0)], [0.930112, 0.0190232, 0.366783, 0.0)], [0.0, 0.0, 0.0, 1.0)]])
0.0, 0.0, 0.0
float3(-0.0190244, 1.19518, -1.67403)
1531545.34657337
limited(__ObjC.ARCamera.TrackingState.Reason.initializing)
simd_float4x4([[0.00467729, -0.993885, 0.110306, 0.0)], [0.350581, -0.101676, -0.930997, 0.0)], [0.93652, 0.043026, 0.347961, 0.0)], [0.0, 0.0, 0.0, 1.0)]])
0.0, 0.0, 0.0
float3(-0.0430393, 1.21506, -1.67274)
1531545.44662488
limited(__ObjC.ARCamera.TrackingState.Reason.initializing)
simd_float4x4([[0.028847, -0.992594, 0.117994, 0.0)], [0.361071, -0.0997248, -0.92719, 0.0)], [0.932091, 0.0693511, 0.35552, 0.0)], [0.0, 0.0, 0.0, 1.0)]])
0.0, 0.0, 0.0
float3(-0.0694068, 1.20641, -1.67093)
1531545.546676
limited(__ObjC.ARCamera.TrackingState.Reason.initializing)
simd_float4x4([[0.0389817, -0.99303, 0.111215, 0.0)], [0.378531, -0.0883286, -0.921364, 0.0)], [0.924766, 0.0780149, 0.372449, 0.0)], [0.0, 0.0, 0.0, 1.0)]])
0.0, 0.0, 0.0
float3(-0.0780943, 1.18792, -1.65951)
1531545.64672725
limited(__ObjC.ARCamera.TrackingState.Reason.initializing)
simd_float4x4([[0.0276466, -0.995142, 0.0944705, 0.0)], [0.398562, -0.075695, -0.914012, 0.0)], [0.916723, 0.0629219, 0.394533, 0.0)], [0.0, 0.0, 0.0, 1.0)]])
0.0, 0.0, 0.0
float3(-0.0629634, 1.16438, -1.64671)
1531545.74677858
normal
simd_float4x4([[0.0231986, -0.996538, 0.079841, 0.0)], [0.423718, -0.0625338, -0.903633, 0.0)], [0.905497, 0.0547931, 0.4208, 0.0)], [0.0109217, 0.00461221, -0.00674507, 1.0)]])
0.0109217, 0.00461221, -0.00674507
float3(-0.0548206, 1.13577, -1.63347)
1531545.84682983
normal
simd_float4x4([[0.0207171, -0.997715, 0.0643144, 0.0)], [0.457803, -0.0477212, -0.887772, 0.0)], [0.888812, 0.0478354, 0.455769, 0.0)], [0.0284574, 0.0112406, -0.0168803, 1.0)]])
0.0284574, 0.0112406, -0.0168803
float3(-0.0478537, 1.09697, -1.61859)
1531545.94688112
normal
simd_float4x4([[0.0152083, -0.998604, 0.0505769, 0.0)], [0.486666, -0.0367942, -0.872813, 0.0)], [0.873456, 0.0378881, 0.485427, 0.0)], [0.0503562, 0.0177906, -0.0259783, 1.0)]])
0.0503562, 0.0177906, -0.0259783
float3(-0.0378972, 1.06355, -1.60763)
1531546.04693238
normal
simd_float4x4([[0.0087452, -0.998921, 0.0456094, 0.0)], [0.507275, -0.0348747, -0.861079, 0.0)], [0.86174, 0.0306668, 0.506422, 0.0)], [0.0759944, 0.0221743, -0.0352632, 1.0)]])
0.0759944, 0.0221743, -0.0352632
float3(-0.0306716, 1.03949, -1.60569)
1531546.14698379
normal
simd_float4x4([[0.00327755, -0.99883, 0.0482507, 0.0)], [0.525068, -0.0393455, -0.850151, 0.0)], [0.851054, 0.0281213, 0.524324, 0.0)], [0.10066, 0.0256843, -0.0443746, 1.0)]])
0.10066, 0.0256843, -0.0443746
float3(-0.028125, 1.01863, -1.61017)
1531546.24703504
normal
simd_float4x4([[-0.00988565, -0.999139, 0.0403085, 0.0)], [0.553443, -0.0390403, -0.831972, 0.0)], [0.832828, 0.0140839, 0.553352, 0.0)], [0.12947, 0.0297295, -0.0593521, 1.0)]])
0.12947, 0.0297295, -0.0593521
float3(-0.0140844, 0.984347, -1.60985)
1531546.34708621
normal
simd_float4x4([[-0.0148623, -0.99917, 0.0379194, 0.0)], [0.587645, -0.0394113, -0.808158, 0.0)], [0.808982, 0.010272, 0.587743, 0.0)], [0.161148, 0.0328072, -0.0762406, 1.0)]])
0.161148, 0.0328072, -0.0762406
float3(-0.0102722, 0.942491, -1.61022)
1531546.44713775
normal
simd_float4x4([[-0.0244733, -0.999079, 0.035238, 0.0)], [0.602224, -0.0428688, -0.797175, 0.0)], [0.797952, 0.00171163, 0.602719, 0.0)], [0.190318, 0.0353945, -0.0926644, 1.0)]])
0.190318, 0.0353945, -0.0926644
float3(-0.00171163, 0.923891, -1.61368)
1531546.54718888
normal
simd_float4x4([[-0.0301394, -0.998776, 0.039226, 0.0)], [0.603581, -0.0494668, -0.795766, 0.0)], [0.796732, -0.000307824, 0.604333, 0.0)], [0.219096, 0.0374499, -0.106745, 1.0)]])
0.219096, 0.0374499, -0.106745
float3(0.000307824, 0.921868, -1.62028)
1531546.64724042
normal
simd_float4x4([[-0.0211554, -0.999127, 0.0360384, 0.0)], [0.570094, -0.0416672, -0.820522, 0.0)], [0.821307, 0.00318679, 0.570477, 0.0)], [0.14261, 0.0373768, -0.0665313, 1.0)]])
0.14261, 0.0373768, -0.0665313
float3(-0.0031868, 0.963706, -1.61248)
1531546.74729171
normal
simd_float4x4([[-0.0224062, -0.999121, 0.0354398, 0.0)], [0.527521, -0.0419275, -0.848507, 0.0)], [0.849247, -0.00031654, 0.527996, 0.0)], [0.144762, 0.0392743, -0.065147, 1.0)]])
0.144762, 0.0392743, -0.065147
float3(0.00031654, 1.01456, -1.61274)
1531546.84734312
normal
simd_float4x4([[-0.0253784, -0.999081, 0.0345551, 0.0)], [0.480134, -0.0425, -0.876165, 0.0)], [0.876828, -0.00564458, 0.480771, 0.0)], [0.15581, 0.0442234, -0.0602737, 1.0)]])
0.15581, 0.0442234, -0.0602737
float3(0.00564461, 1.06925, -1.61331)
1531546.94739425
normal
simd_float4x4([[-0.0275509, -0.999009, 0.0349546, 0.0)], [0.435761, -0.0434733, -0.899012, 0.0)], [0.899641, -0.00953681, 0.436527, 0.0)], [0.162997, 0.0473231, -0.0560076, 1.0)]])
0.162997, 0.0473231, -0.0560076
float3(0.00953695, 1.11904, -1.61429)
1531547.04744554
normal
simd_float4x4([[-0.0279415, -0.998969, 0.0357907, 0.0)], [0.40225, -0.0440144, -0.914471, 0.0)], [0.915103, -0.0111549, 0.403065, 0.0)], [0.163876, 0.0463904, -0.0515572, 1.0)]])
0.163876, 0.0463904, -0.0515572
float3(0.0111551, 1.15591, -1.61483)
1531547.14749708
normal
simd_float4x4([[-0.0287474, -0.998897, 0.037143, 0.0)], [0.379908, -0.0452883, -0.923916, 0.0)], [0.924578, -0.0124493, 0.38079, 0.0)], [0.160793, 0.0446834, -0.0565517, 1.0)]])
0.160793, 0.0446834, -0.0565517
float3(0.0124496, 1.18011, -1.6161)
1531547.24754829
normal
simd_float4x4([[-0.0273845, -0.998811, 0.0403291, 0.0)], [0.366168, -0.047563, -0.929332, 0.0)], [0.930146, -0.0106821, 0.367036, 0.0)], [0.159078, 0.0439146, -0.0580291, 1.0)]])
0.159078, 0.0439146, -0.0580291
float3(0.0106823, 1.19495, -1.61838)
1531547.34759983
normal
simd_float4x4([[-0.028438, -0.998768, 0.0406784, 0.0)], [0.367398, -0.0482901, -0.92881, 0.0)], [0.929629, -0.0114684, 0.368318, 0.0)], [0.158514, 0.0429992, -0.0601477, 1.0)]])
0.158514, 0.0429992, -0.0601477
float3(0.0114686, 1.19357, -1.61911)
1531547.44765104
normal
simd_float4x4([[-0.0304892, -0.998701, 0.0408415, 0.0)], [0.384304, -0.0494324, -0.921883, 0.0)], [0.922703, -0.0124119, 0.385311, 0.0)], [0.157544, 0.0409782, -0.0635354, 1.0)]])
0.157544, 0.0409782, -0.0635354
float3(0.0124122, 1.17522, -1.62025)
1531547.5477025
normal
simd_float4x4([[-0.0330425, -0.998783, 0.0366168, 0.0)], [0.416268, -0.0470607, -0.908023, 0.0)], [0.908641, -0.014761, 0.417317, 0.0)], [0.157925, 0.0389532, -0.0708359, 1.0)]])
0.157925, 0.0389532, -0.0708359
float3(0.0147615, 1.14026, -1.61788)
1531547.64775392
normal
simd_float4x4([[-0.0360223, -0.998867, 0.0311061, 0.0)], [0.473114, -0.0444626, -0.879879, 0.0)], [0.880264, -0.0169785, 0.47418, 0.0)], [0.159524, 0.0374955, -0.0778101, 1.0)]])
0.159524, 0.0374955, -0.0778101
float3(0.0169793, 1.07669, -1.61528)
1531547.74780521
normal
simd_float4x4([[-0.0390357, -0.998895, 0.0261678, 0.0)], [0.540996, -0.0431446, -0.839918, 0.0)], [0.840119, -0.0186301, 0.542082, 0.0)], [0.162337, 0.0368538, -0.0853335, 1.0)]])
0.162337, 0.0368538, -0.0853335
float3(0.0186312, 0.997772, -1.61396)
1531547.84785658
normal
simd_float4x4([[-0.0422413, -0.998879, 0.021375, 0.0)], [0.610117, -0.042731, -0.791158, 0.0)], [0.791185, -0.0203783, 0.611238, 0.0)], [0.166124, 0.0365094, -0.0910367, 1.0)]])
0.166124, 0.0365094, -0.0910367
float3(0.0203797, 0.913012, -1.61355)
1531547.94790792
normal
simd_float4x4([[-0.0415513, -0.998948, 0.0193964, 0.0)], [0.671224, -0.0422889, -0.740047, 0.0)], [0.740089, -0.0177306, 0.672275, 0.0)], [0.170984, 0.0367264, -0.0946762, 1.0)]])
0.170984, 0.0367264, -0.0946762
float3(0.0177315, 0.833376, -1.6131)
1531548.04795937
normal
simd_float4x4([[-0.0414003, -0.999021, 0.0156251, 0.0)], [0.727706, -0.0408653, -0.684671, 0.0)], [0.684639, -0.0169751, 0.728685, 0.0)], [0.176617, 0.0363239, -0.0992462, 1.0)]])
0.176617, 0.0363239, -0.0992462
float3(0.0169759, 0.754244, -1.61168)
1531548.14801083
normal
simd_float4x4([[-0.0410262, -0.999095, 0.0111928, 0.0)], [0.777855, -0.0389682, -0.627235, 0.0)], [0.627103, -0.0170266, 0.77875, 0.0)], [0.182488, 0.0357624, -0.10435, 1.0)]])
0.182488, 0.0357624, -0.10435
float3(0.0170275, 0.677945, -1.60978)
1531548.24806217
normal
simd_float4x4([[-0.0417953, -0.999113, 0.0050922, 0.0)], [0.82343, -0.0373318, -0.566189, 0.0)], [0.565877, -0.019471, 0.82426, 0.0)], [0.187218, 0.0348359, -0.106297, 1.0)]])
0.187218, 0.0348359, -0.106297
float3(0.0194722, 0.601627, -1.60814)
1531548.34811354
normal
simd_float4x4([[-0.0445102, -0.999008, -0.00154381, 0.0)], [0.866533, -0.0378388, -0.497684, 0.0)], [0.497132, -0.0234898, 0.867357, 0.0)], [0.194668, 0.0329089, -0.109037, 1.0)]])
0.194668, 0.0329089, -0.109037
float3(0.023492, 0.520448, -1.60865)
1531548.44816496
normal
simd_float4x4([[-0.0486297, -0.998804, -0.00510843, 0.0)], [0.90126, -0.0416747, -0.43127, 0.0)], [0.430542, -0.0255766, 0.902208, 0.0)], [0.201987, 0.0316514, -0.114512, 1.0)]])
0.201987, 0.0316514, -0.114512
float3(0.0255794, 0.445249, -1.6125)
1531548.54821642
normal
simd_float4x4([[-0.0522984, -0.998598, -0.00816615, 0.0)], [0.924584, -0.0453288, -0.378272, 0.0)], [0.377372, -0.0273333, 0.925659, 0.0)], [0.209796, 0.03051, -0.120022, 1.0)]])
0.209796, 0.03051, -0.120022
float3(0.0273368, 0.387109, -1.61616)
1531548.64826775
normal
simd_float4x4([[-0.0538052, -0.998515, -0.00859523, 0.0)], [0.938968, -0.0476639, -0.340687, 0.0)], [0.339771, -0.0264013, 0.940138, 0.0)], [0.218212, 0.029992, -0.128007, 1.0)]])
0.218212, 0.029992, -0.128007
float3(0.0264044, 0.346799, -1.61849)
1531548.74831929
normal
simd_float4x4([[-0.0543091, -0.998473, -0.0101171, 0.0)], [0.93996, -0.0477022, -0.337936, 0.0)], [0.336937, -0.0278626, 0.941115, 0.0)], [0.224099, 0.0295135, -0.135838, 1.0)]])
0.224099, 0.0295135, -0.135838
float3(0.0278663, 0.343801, -1.61854)
1531548.84837062
normal
simd_float4x4([[-0.0554242, -0.99843, -0.00806958, 0.0)], [0.925866, -0.0483673, -0.374743, 0.0)], [0.373764, -0.0282412, 0.927094, 0.0)], [0.229389, 0.0273073, -0.143759, 1.0)]])
0.229389, 0.0273073, -0.143759
float3(0.0282449, 0.383225, -1.6192)
1531548.94842192
normal
simd_float4x4([[-0.0563367, -0.998374, -0.0087496, 0.0)], [0.896752, -0.0467458, -0.440058, 0.0)], [0.438933, -0.0326376, 0.897927, 0.0)], [0.236116, 0.0238945, -0.15241, 1.0)]])
0.236116, 0.0238945, -0.15241
float3(0.0326434, 0.454671, -1.61758)
1531549.04847337
normal
simd_float4x4([[-0.0556971, -0.998384, -0.0112988, 0.0)], [0.87086, -0.0430415, -0.489643, 0.0)], [0.488365, -0.0371114, 0.87185, 0.0)], [0.250628, 0.0212916, -0.162124, 1.0)]])
0.250628, 0.0212916, -0.162124
float3(0.0371199, 0.510601, -1.61388)
1531549.14852488
normal
simd_float4x4([[-0.0545427, -0.998434, -0.0124389, 0.0)], [0.859962, -0.0406402, -0.508737, 0.0)], [0.507435, -0.0384449, 0.860832, 0.0)], [0.268353, 0.0182265, -0.173658, 1.0)]])
0.268353, 0.0182265, -0.173658
float3(0.0384544, 0.532641, -1.61148)
1531549.24857633
normal
simd_float4x4([[-0.0529108, -0.998551, -0.00978922, 0.0)], [0.88492, -0.0423428, -0.463815, 0.0)], [0.462728, -0.0332035, 0.885878, 0.0)], [0.036309, -0.0462773, -0.0162089, 1.0)]])
0.036309, -0.0462773, -0.0162089
float3(0.0332096, 0.481358, -1.61318)
1531549.34862763
normal
simd_float4x4([[-0.0524938, -0.998615, -0.00354158, 0.0)], [0.87081, -0.0440389, -0.489644, 0.0)], [0.48881, -0.0287873, 0.871915, 0.0)], [0.0413824, -0.0483041, -0.0222128, 1.0)]])
0.0413824, -0.0483041, -0.0222128
float3(0.0287913, 0.510957, -1.61487)
1531549.44867904
normal
simd_float4x4([[-0.0496881, -0.998764, 0.00160593, 0.0)], [0.871152, -0.0441258, -0.489026, 0.0)], [0.488493, -0.0228998, 0.872268, 0.0)], [0.0491073, -0.0467477, -0.0319114, 1.0)]])
0.0491073, -0.0467477, -0.0319114
float3(0.0229018, 0.510508, -1.61495)
1531549.54873063
normal
simd_float4x4([[-0.0509886, -0.998667, 0.00804078, 0.0)], [0.866137, -0.0482275, -0.497474, 0.0)], [0.497199, -0.0184011, 0.867442, 0.0)], [0.0458441, -0.0474296, -0.0398171, 1.0)]])
0.0458441, -0.0474296, -0.0398171
float3(0.0184021, 0.520464, -1.61905)
1531549.64878183
normal
simd_float4x4([[-0.0451915, -0.998776, 0.0201021, 0.0)], [0.851581, -0.049036, -0.521925, 0.0)], [0.522272, -0.00646808, 0.852754, 0.0)], [0.031516, -0.0510073, -0.0511073, 1.0)]])
0.031516, -0.0510073, -0.0511073
float3(0.00646812, 0.549526, -1.61985)
1531549.74883342
normal
simd_float4x4([[-0.0281832, -0.999036, 0.0336616, 0.0)], [0.82901, -0.0421759, -0.557641, 0.0)], [0.558523, 0.0121897, 0.8294, 0.0)], [0.0101842, -0.0590478, -0.0694792, 1.0)]])
0.0101842, -0.0590478, -0.0694792
float3(-0.01219, 0.592654, -1.61299)
1531549.84888483
normal
simd_float4x4([[-0.00554834, -0.999167, 0.0404442, 0.0)], [0.817166, -0.0278421, -0.57573, 0.0)], [0.576376, 0.0298553, 0.816639, 0.0)], [-0.0127695, -0.0675082, -0.0962517, 1.0)]])
-0.0127695, -0.0675082, -0.0962517
float3(-0.0298597, 0.614602, -1.59865)
1531549.94893633
normal
simd_float4x4([[0.00608054, -0.999754, 0.021348, 0.0)], [0.813298, -0.0074768, -0.581799, 0.0)], [0.581815, 0.0208999, 0.813052, 0.0)], [-0.0457364, -0.0695424, -0.132779, 1.0)]])
-0.0457364, -0.0695424, -0.132779
float3(-0.0209015, 0.621115, -1.57827)
1531550.04898758
normal
simd_float4x4([[-0.00541308, -0.999854, -0.0162039, 0.0)], [0.777302, 0.00598717, -0.6291, 0.0)], [0.629105, -0.0160007, 0.777156, 0.0)], [-0.0968166, -0.0672795, -0.165002, 1.0)]])
-0.0968166, -0.0672795, -0.165002
float3(0.0160014, 0.680505, -1.56481)
1531550.14903896
normal
simd_float4x4([[-0.0223185, -0.999151, -0.0346227, 0.0)], [0.726232, 0.0075979, -0.687408, 0.0)], [0.687088, -0.040486, 0.725446, 0.0)], [-0.149727, -0.0628442, -0.18876, 1.0)]])
-0.149727, -0.0628442, -0.18876
float3(0.0404971, 0.758249, -1.56319)
1531550.2490905
normal
simd_float4x4([[-0.0335273, -0.999105, -0.0257917, 0.0)], [0.686602, -0.00427263, -0.727021, 0.0)], [0.72626, -0.0420837, 0.686131, 0.0)], [-0.192803, -0.0641952, -0.210737, 1.0)]])
-0.192803, -0.0641952, -0.210737
float3(0.0420962, 0.813803, -1.57507)
1531550.34914192
normal
simd_float4x4([[-0.0289437, -0.999569, -0.00498027, 0.0)], [0.61761, -0.0139657, -0.78636, 0.0)], [0.785952, -0.0258361, 0.617748, 0.0)], [-0.244035, -0.0609217, -0.234412, 1.0)]])
-0.244035, -0.0609217, -0.234412
float3(0.025839, 0.904658, -1.58477)
1531550.44919342
normal
simd_float4x4([[-0.0177612, -0.999694, 0.0172304, 0.0)], [0.574298, -0.024307, -0.818285, 0.0)], [0.818453, -0.00463834, 0.574554, 0.0)], [-0.281605, -0.0651718, -0.263241, 1.0)]])
-0.281605, -0.0651718, -0.263241
float3(0.00463835, 0.958729, -1.59511)
1531550.54924488
normal
simd_float4x4([[-0.00442911, -0.999111, 0.0419288, 0.0)], [0.545634, -0.0375521, -0.837182, 0.0)], [0.838012, 0.0191698, 0.545315, 0.0)], [-0.322373, -0.0756309, -0.301586, 1.0)]])
-0.322373, -0.0756309, -0.301586
float3(-0.019171, 0.993912, -1.60836)
1531550.64929637
normal
simd_float4x4([[-0.00434203, -0.998126, 0.061043, 0.0)], [0.542142, -0.0536435, -0.838573, 0.0)], [0.840276, 0.0294529, 0.541359, 0.0)], [-0.368264, -0.0898992, -0.352315, 1.0)]])
-0.368264, -0.0898992, -0.352315
float3(-0.0294571, 0.998465, -1.62449)
1531550.74934787
normal
simd_float4x4([[-0.0116274, -0.997797, 0.0653178, 0.0)], [0.527089, -0.061626, -0.847573, 0.0)], [0.84973, 0.0245732, 0.526645, 0.0)], [-0.420491, -0.106521, -0.416083, 1.0)]])
-0.420491, -0.106521, -0.416083
float3(-0.0245757, 1.01596, -1.63248)
1531550.84939912
normal
simd_float4x4([[-0.0532869, -0.997604, 0.0441194, 0.0)], [0.573286, -0.0667379, -0.816633, 0.0)], [0.817621, -0.0182228, 0.575468, 0.0)], [-0.473586, -0.103793, -0.499183, 1.0)]])
-0.473586, -0.103793, -0.499183
float3(0.0182238, 0.957503, -1.63759)
1531550.94945075
normal
simd_float4x4([[-0.0768266, -0.997035, 0.00432475, 0.0)], [0.609117, -0.0503687, -0.791479, 0.0)], [0.78935, -0.0581723, 0.611181, 0.0)], [-0.52555, -0.0897593, -0.578868, 1.0)]])
-0.52555, -0.0897593, -0.578868
float3(0.0582052, 0.911934, -1.62127)
1531551.04950204
normal
simd_float4x4([[-0.0452459, -0.998856, -0.0154804, 0.0)], [0.637782, -0.016956, -0.770031, 0.0)], [0.768887, -0.0447139, 0.637819, 0.0)], [-0.571193, -0.0869388, -0.640299, 1.0)]])
-0.571193, -0.0869388, -0.640299
float3(0.0447288, 0.878303, -1.58777)
1531551.14955362
normal
simd_float4x4([[-0.0243955, -0.999492, -0.0205202, 0.0)], [0.590863, 0.00214175, -0.806769, 0.0)], [0.806403, -0.0318062, 0.590511, 0.0)], [-0.626243, -0.0783618, -0.701662, 1.0)]])
-0.626243, -0.0783618, -0.701662
float3(0.0318115, 0.938734, -1.56865)
1531551.249605
normal
simd_float4x4([[-0.0107583, -0.999937, -0.00311451, 0.0)], [0.659108, -0.00474896, -0.752033, 0.0)], [0.751971, -0.0101434, 0.659118, 0.0)], [-0.666315, -0.0911605, -0.758251, 1.0)]])
-0.666315, -0.0911605, -0.758251
float3(0.0101436, 0.851106, -1.57555)
1531551.34965646
normal
simd_float4x4([[0.00230685, -0.999992, -0.00336481, 0.0)], [0.667917, 0.00404499, -0.744225, 0.0)], [0.744233, -0.000530602, 0.66792, 0.0)], [-0.722086, -0.102048, -0.81637, 1.0)]])
-0.722086, -0.102048, -0.81637
float3(0.000530602, 0.839385, -1.56675)
1531551.44970783
normal
simd_float4x4([[-0.00643767, -0.999936, -0.00930448, 0.0)], [0.736626, 0.00155054, -0.676299, 0.0)], [0.67627, -0.0112077, 0.736569, 0.0)], [-0.780205, -0.113074, -0.87627, 1.0)]])
-0.780205, -0.113074, -0.87627
float3(0.0112079, 0.742745, -1.56925)
1531551.54975933
normal
simd_float4x4([[-0.0279285, -0.997792, -0.0602683, 0.0)], [0.705143, 0.0230688, -0.708689, 0.0)], [0.708515, -0.0622904, 0.702942, 0.0)], [-0.858782, -0.105607, -0.93757, 1.0)]])
-0.858782, -0.105607, -0.93757
float3(0.0623308, 0.789346, -1.54768)
1531551.64981083
normal
simd_float4x4([[-0.106309, -0.993096, -0.0495888, 0.0)], [0.775438, -0.051585, -0.629313, 0.0)], [0.62241, -0.105354, 0.775568, 0.0)], [-0.91459, -0.0970589, -0.997862, 1.0)]])
-0.91459, -0.0970589, -0.997862
float3(0.10555, 0.676277, -1.62269)
1531551.74986233
normal
simd_float4x4([[-0.121281, -0.992582, 0.00847519, 0.0)], [0.818073, -0.104786, -0.565488, 0.0)], [0.562181, -0.0616494, 0.824713, 0.0)], [-0.958848, -0.0877745, -1.05005, 1.0)]])
-0.958848, -0.0877745, -1.05005
float3(0.0616885, 0.598317, -1.67598)
1531551.84991375
normal
simd_float4x4([[-0.124178, -0.991694, 0.03351, 0.0)], [0.837933, -0.122893, -0.531757, 0.0)], [0.531459, -0.0379535, 0.846234, 0.0)], [-1.00586, -0.0887333, -1.11156, 1.0)]])
-1.00586, -0.0887333, -1.11156
float3(0.0379626, 0.560774, -1.69409)
1531551.94996525
normal
simd_float4x4([[-0.0996455, -0.992859, 0.0655857, 0.0)], [0.853699, -0.119167, -0.506949, 0.0)], [0.511144, 0.00547532, 0.859478, 0.0)], [-1.04605, -0.105012, -1.17778, 1.0)]])
-1.04605, -0.105012, -1.17778
float3(-0.00547535, 0.536524, -1.69025)
1531552.05001654
normal
simd_float4x4([[-0.0787986, -0.992566, 0.0927557, 0.0)], [0.819268, -0.117489, -0.561245, 0.0)], [0.56797, 0.0317665, 0.822436, 0.0)], [-1.0985, -0.122437, -1.25045, 1.0)]])
-1.0985, -0.122437, -1.25045
float3(-0.0317719, 0.604386, -1.68862)
1531552.15006812
normal
simd_float4x4([[-0.0844462, -0.992997, 0.0826177, 0.0)], [0.849934, -0.115059, -0.514172, 0.0)], [0.520077, 0.0267997, 0.853699, 0.0)], [-1.13093, -0.126701, -1.33998, 1.0)]])
-1.13093, -0.126701, -1.33998
float3(-0.0268029, 0.54716, -1.68615)
1531552.2501195
normal
simd_float4x4([[-0.0701266, -0.99731, 0.0213283, 0.0)], [0.829849, -0.0701897, -0.553556, 0.0)], [0.553564, -0.0211197, 0.832539, 0.0)], [-1.17608, -0.114835, -1.43215, 1.0)]])
-1.17608, -0.114835, -1.43215
float3(0.0211213, 0.586786, -1.64106)
1531552.35017117
normal
simd_float4x4([[0.0175973, -0.999735, 0.0148504, 0.0)], [0.784044, 0.00458084, -0.620688, 0.0)], [0.620456, 0.0225658, 0.783917, 0.0)], [-1.21872, -0.106557, -1.50825, 1.0)]])
-1.21872, -0.106557, -1.50825
float3(-0.0225677, 0.669525, -1.56621)
1531552.45022254
normal
simd_float4x4([[0.0535062, -0.995384, 0.0796748, 0.0)], [0.826086, -0.00070269, -0.563543, 0.0)], [0.560998, 0.0959714, 0.822235, 0.0)], [-1.25368, -0.106245, -1.57262, 1.0)]])
-1.25368, -0.106245, -1.57262
float3(-0.0961193, 0.598737, -1.5715)
1531552.55027392
normal
simd_float4x4([[0.0734292, -0.994674, 0.0723355, 0.0)], [0.799136, 0.0152909, -0.600956, 0.0)], [0.596649, 0.101934, 0.796002, 0.0)], [-1.31053, -0.114907, -1.64746, 1.0)]])
-1.31053, -0.114907, -1.64746
float3(-0.102111, 0.643217, -1.55542)
1531552.65032542
normal
simd_float4x4([[0.0822214, -0.993413, 0.0798193, 0.0)], [0.827622, 0.0234403, -0.560796, 0.0)], [0.555231, 0.11217, 0.824097, 0.0)], [-1.36355, -0.130793, -1.71831, 1.0)]])
-1.36355, -0.130793, -1.71831
float3(-0.112406, 0.592887, -1.5472)
1531552.75037692
normal
simd_float4x4([[0.0672968, -0.99638, 0.0519409, 0.0)], [0.800599, 0.0228602, -0.598764, 0.0)], [0.595409, 0.0818788, 0.799239, 0.0)], [-1.43808, -0.137281, -1.79717, 1.0)]])
-1.43808, -0.137281, -1.79717
float3(-0.0819705, 0.640274, -1.54786)
1531552.8504285
normal
simd_float4x4([[-0.0057734, -0.999982, 0.00164664, 0.0)], [0.796193, -0.00559309, -0.605017, 0.0)], [0.605016, -0.00218197, 0.796211, 0.0)], [-1.50449, -0.119404, -1.87619, 1.0)]])
-1.50449, -0.119404, -1.87619
float3(0.00218197, 0.649787, -1.57639)
1531552.95047992
normal
simd_float4x4([[-0.109748, -0.993716, 0.0220097, 0.0)], [0.872305, -0.106907, -0.477132, 0.0)], [0.476486, -0.0331652, 0.878556, 0.0)], [-1.55378, -0.113171, -1.9496, 1.0)]])
-1.55378, -0.113171, -1.9496
float3(0.0331713, 0.496952, -1.67797)
1531553.05053142
normal
simd_float4x4([[-0.0612449, -0.99394, 0.0912801, 0.0)], [0.870866, -0.0978964, -0.481673, 0.0)], [0.48769, 0.0499927, 0.871585, 0.0)], [-1.60463, -0.10969, -2.01974, 1.0)]])
-1.60463, -0.10969, -2.01974
float3(-0.0500136, 0.510141, -1.66897)
1531553.15058292
normal
simd_float4x4([[-0.0200964, -0.989022, 0.146398, 0.0)], [0.847003, -0.0946409, -0.523096, 0.0)], [0.531208, 0.113487, 0.839606, 0.0)], [-1.64252, -0.118657, -2.09368, 1.0)]])
-1.64252, -0.118657, -2.09368
float3(-0.113732, 0.564108, -1.6662)
1531553.25063429
normal
simd_float4x4([[-0.00687617, -0.986982, 0.160684, 0.0)], [0.825477, -0.0962959, -0.556161, 0.0)], [0.564394, 0.128817, 0.815393, 0.0)], [-1.69599, -0.130857, -2.18262, 1.0)]])
-1.69599, -0.130857, -2.18262
float3(-0.129176, 0.605455, -1.66805)
1531553.35068579
normal
simd_float4x4([[-0.0317025, -0.990639, 0.132776, 0.0)], [0.806357, -0.103843, -0.582241, 0.0)], [0.590579, 0.0886061, 0.802101, 0.0)], [-1.73478, -0.140607, -2.28106, 1.0)]])
-1.73478, -0.140607, -2.28106
float3(-0.0887225, 0.634669, -1.67524)
1531553.45073729
normal
simd_float4x4([[-0.0747407, -0.997147, 0.0105825, 0.0)], [0.801562, -0.066387, -0.594214, 0.0)], [0.593221, -0.0359294, 0.804237, 0.0)], [-1.76865, -0.122737, -2.3872, 1.0)]])
-1.76865, -0.122737, -2.3872
float3(0.0359372, 0.635531, -1.63728)
1531553.55078892
normal
simd_float4x4([[-0.0485371, -0.997297, -0.0551717, 0.0)], [0.745799, 0.000556386, -0.666171, 0.0)], [0.664401, -0.073481, 0.743756, 0.0)], [-1.8127, -0.107477, -2.46311, 1.0)]])
-1.8127, -0.107477, -2.46311
float3(0.0735472, 0.729104, -1.57024)
1531553.65084033
normal
simd_float4x4([[-0.0248111, -0.99861, 0.0464966, 0.0)], [0.805252, -0.0475259, -0.591026, 0.0)], [0.592414, 0.0227774, 0.805312, 0.0)], [-1.8374, -0.108077, -2.53846, 1.0)]])
-1.8374, -0.108077, -2.53846
float3(-0.0227794, 0.634243, -1.61835)
1531553.75089171
normal
simd_float4x4([[-0.0130385, -0.999549, 0.0270395, 0.0)], [0.809439, -0.0264274, -0.586609, 0.0)], [0.58706, 0.0142383, 0.809419, 0.0)], [-1.88153, -0.113988, -2.61338, 1.0)]])
-1.88153, -0.113988, -2.61338
float3(-0.0142387, 0.627495, -1.59723)
1531553.85094321
normal
simd_float4x4([[0.0173652, -0.999379, 0.0306753, 0.0)], [0.804478, -0.00425283, -0.593968, 0.0)], [0.593729, 0.034992, 0.803904, 0.0)], [-1.93296, -0.131181, -2.67739, 1.0)]])
-1.93296, -0.131181, -2.67739
float3(-0.0349992, 0.636137, -1.57505)
1531553.95099475
normal
simd_float4x4([[0.00306153, -0.999939, 0.010646, 0.0)], [0.800082, -0.00393705, -0.599878, 0.0)], [0.599883, 0.0103542, 0.800021, 0.0)], [-1.997, -0.139145, -2.74884, 1.0)]])
-1.997, -0.139145, -2.74884
float3(-0.0103544, 0.643395, -1.57473)
1531554.05104637
normal
simd_float4x4([[-0.0627312, -0.997082, -0.0435103, 0.0)], [0.788272, -0.0227609, -0.614906, 0.0)], [0.612121, -0.0728718, 0.787399, 0.0)], [-2.07493, -0.124705, -2.82035, 1.0)]])
-2.07493, -0.124705, -2.82035
float3(0.0729364, 0.660805, -1.59362)
1531554.15109771
normal
simd_float4x4([[-0.111206, -0.993716, -0.0127129, 0.0)], [0.816233, -0.0840319, -0.571578, 0.0)], [0.566918, -0.0739397, 0.820449, 0.0)], [-2.12267, -0.124944, -2.88312, 1.0)]])
-2.12267, -0.124944, -2.88312
float3(0.0740073, 0.60465, -1.65516)
1531554.25114929
normal
simd_float4x4([[-0.0802869, -0.996272, 0.0315668, 0.0)], [0.789685, -0.0828994, -0.607886, 0.0)], [0.608236, -0.0238774, 0.793397, 0.0)], [-2.19394, -0.124853, -2.94281, 1.0)]])
-2.19394, -0.124853, -2.94281
float3(0.0238797, 0.654055, -1.65381)
1531554.35120075
normal
simd_float4x4([[-0.0769729, -0.995646, 0.0525713, 0.0)], [0.799265, -0.0931397, -0.593717, 0.0)], [0.596029, -0.00368176, 0.802955, 0.0)], [-2.23725, -0.129887, -3.00822, 1.0)]])
-2.23725, -0.129887, -3.00822
float3(0.00368177, 0.638551, -1.66407)
1531554.45125221
limited(__ObjC.ARCamera.TrackingState.Reason.excessiveMotion)
simd_float4x4([[-0.058701, -0.996455, 0.0602566, 0.0)], [0.750349, -0.0838538, -0.655702, 0.0)], [0.658431, 0.00672313, 0.752611, 0.0)], [-2.29995, -0.152126, -3.08167, 1.0)]])
-2.29995, -0.152126, -3.08167
float3(-0.00672319, 0.718752, -1.65475)
1531554.55130379
limited(__ObjC.ARCamera.TrackingState.Reason.excessiveMotion)
simd_float4x4([[-0.0858833, -0.99569, 0.0350062, 0.0)], [0.765545, -0.0884373, -0.637276, 0.0)], [0.637625, -0.0279326, 0.769841, 0.0)], [-2.34617, -0.159257, -3.17077, 1.0)]])
-2.34617, -0.159257, -3.17077
float3(0.0279362, 0.691734, -1.65938)
1531554.65135529
limited(__ObjC.ARCamera.TrackingState.Reason.insufficientFeatures)
simd_float4x4([[-0.129754, -0.990667, -0.0417414, 0.0)], [0.787126, -0.0773117, -0.611927, 0.0)], [0.602989, -0.112256, 0.789812, 0.0)], [-2.39098, -0.138162, -3.26603, 1.0)]])
-2.39098, -0.138162, -3.26603
float3(0.112493, 0.65206, -1.64868)
1531554.75140683
normal
simd_float4x4([[-0.0513608, -0.996822, -0.0609001, 0.0)], [0.729604, 0.00418716, -0.683857, 0.0)], [0.681938, -0.0795564, 0.727071, 0.0)], [-2.43892, -0.130276, -3.33325, 1.0)]])
-2.43892, -0.130276, -3.33325
float3(0.0796405, 0.753378, -1.5666)
1531554.85145821
normal
simd_float4x4([[-0.0175087, -0.999211, -0.035654, 0.0)], [0.762181, 0.00974142, -0.647291, 0.0)], [0.647128, -0.038508, 0.761409, 0.0)], [-2.47997, -0.127017, -3.41085, 1.0)]])
-2.47997, -0.127017, -3.41085
float3(0.0385175, 0.704441, -1.56105)
1531554.95150988
normal
simd_float4x4([[0.00593089, -0.999756, -0.0212628, 0.0)], [0.761834, 0.0182907, -0.647514, 0.0)], [0.647745, -0.0123584, 0.761757, 0.0)], [-2.51397, -0.140282, -3.45147, 1.0)]])
-2.51397, -0.140282, -3.45147
float3(0.0123587, 0.704686, -1.5525)
1531555.05156142
limited(__ObjC.ARCamera.TrackingState.Reason.excessiveMotion)
