ARKit Data
5849.984639958
normal
simd_float4x4([[0.0328295, -0.988482, -0.147735, 0.0)], [-0.998184, -0.0398973, 0.0451337, 0.0)], [-0.0505081, 0.145985, -0.987997, 0.0)], [-0.544173, 0.037247, -1.51047, 1.0)]])
-0.544173, 0.037247, -1.51047
float3(-0.146508, -3.09052, -1.61114)
5850.35335775
notAvailable
simd_float4x4([[1.0, 0.0, 0.0, 0.0)], [0.0, 1.0, 0.0, 0.0)], [0.0, 0.0, 1.0, 0.0)], [0.0, 0.0, 0.0, 1.0)]])
0.0, 0.0, 0.0
float3(-0.0, 0.0, 0.0)
5850.470011666
notAvailable
simd_float4x4([[1.0, 0.0, 0.0, 0.0)], [0.0, 1.0, 0.0, 0.0)], [0.0, 0.0, 1.0, 0.0)], [0.0, 0.0, 0.0, 1.0)]])
0.0, 0.0, 0.0
float3(-0.0, 0.0, 0.0)
5850.603330125
limited(__ObjC.ARCamera.TrackingState.Reason.initializing)
simd_float4x4([[-0.0341993, -0.975942, 0.215325, 0.0)], [0.999412, -0.0328345, 0.00991301, 0.0)], [-0.00260445, 0.215538, 0.976491, 0.0)], [0.0, 0.0, 0.0, 1.0)]])
0.0, 0.0, 0.0
float3(-0.217242, -0.00266715, -1.60443)
5850.736648791
limited(__ObjC.ARCamera.TrackingState.Reason.initializing)
simd_float4x4([[-0.051794, -0.978396, 0.200141, 0.0)], [0.99863, -0.0522415, 0.00304822, 0.0)], [0.00747324, 0.200025, 0.979761, 0.0)], [0.0, 0.0, 0.0, 1.0)]])
0.0, 0.0, 0.0
float3(-0.201383, 0.00762747, -1.62414)
5850.869967208
limited(__ObjC.ARCamera.TrackingState.Reason.initializing)
simd_float4x4([[-0.0662117, -0.97735, 0.201003, 0.0)], [0.997754, -0.0668942, 0.00340268, 0.0)], [0.0101203, 0.200777, 0.979584, 0.0)], [0.0, 0.0, 0.0, 1.0)]])
0.0, 0.0, 0.0
float3(-0.202151, 0.0103308, -1.63913)
5851.003285791
limited(__ObjC.ARCamera.TrackingState.Reason.initializing)
simd_float4x4([[-0.0601442, -0.97495, 0.214132, 0.0)], [0.998162, -0.0603417, 0.00562003, 0.0)], [0.0074418, 0.214076, 0.976788, 0.0)], [0.0, 0.0, 0.0, 1.0)]])
0.0, 0.0, 0.0
float3(-0.215746, 0.0076185, -1.63261)
5851.136604375
limited(__ObjC.ARCamera.TrackingState.Reason.initializing)
simd_float4x4([[-0.0551661, -0.975057, 0.214986, 0.0)], [0.998433, -0.0558878, 0.00272504, 0.0)], [0.00935799, 0.214799, 0.976613, 0.0)], [0.0, 0.0, 0.0, 1.0)]])
0.0, 0.0, 0.0
float3(-0.216486, 0.00958179, -1.62805)
5851.269922708
limited(__ObjC.ARCamera.TrackingState.Reason.initializing)
simd_float4x4([[-0.058719, -0.976432, 0.20768, 0.0)], [0.998239, -0.0591928, 0.00393769, 0.0)], [0.0084482, 0.207545, 0.978188, 0.0)], [0.0, 0.0, 0.0, 1.0)]])
0.0, 0.0, 0.0
float3(-0.209065, 0.00863637, -1.63134)
5851.403241416
limited(__ObjC.ARCamera.TrackingState.Reason.initializing)
simd_float4x4([[-0.0616448, -0.975804, 0.209772, 0.0)], [0.998062, -0.0620513, 0.00464956, 0.0)], [0.00847954, 0.209652, 0.977738, 0.0)], [0.0, 0.0, 0.0, 1.0)]])
0.0, 0.0, 0.0
float3(-0.211219, 0.00867239, -1.6343)
5851.536559958
limited(__ObjC.ARCamera.TrackingState.Reason.initializing)
simd_float4x4([[-0.0605518, -0.971177, 0.230531, 0.0)], [0.998097, -0.061599, 0.0026583, 0.0)], [0.0116187, 0.230253, 0.97306, 0.0)], [0.0, 0.0, 0.0, 1.0)]])
0.0, 0.0, 0.0
float3(-0.232338, 0.0119398, -1.63414)
5851.669878375
limited(__ObjC.ARCamera.TrackingState.Reason.initializing)
simd_float4x4([[-0.0577599, -0.969855, 0.23673, 0.0)], [0.998186, -0.060137, -0.00282657, 0.0)], [0.0169775, 0.236137, 0.97157, 0.0)], [0.0, 0.0, 0.0, 1.0)]])
0.0, 0.0, 0.0
float3(-0.238389, 0.0174725, -1.63272)
5851.803197041
limited(__ObjC.ARCamera.TrackingState.Reason.initializing)
simd_float4x4([[-0.0465284, -0.969634, 0.240086, 0.0)], [0.998625, -0.0509668, -0.0123077, 0.0)], [0.0241703, 0.239183, 0.970671, 0.0)], [0.0, 0.0, 0.0, 1.0)]])
0.0, 0.0, 0.0
float3(-0.241525, 0.0248955, -1.62331)
5851.936515458
limited(__ObjC.ARCamera.TrackingState.Reason.initializing)
simd_float4x4([[-0.0422002, -0.969573, 0.241129, 0.0)], [0.998895, -0.0459366, -0.00989287, 0.0)], [0.0206685, 0.240445, 0.970441, 0.0)], [0.0, 0.0, 0.0, 1.0)]])
0.0, 0.0, 0.0
float3(-0.242824, 0.0212948, -1.61814)
5852.069834125
limited(__ObjC.ARCamera.TrackingState.Reason.initializing)
simd_float4x4([[-0.0404113, -0.969574, 0.241434, 0.0)], [0.999048, -0.0431758, -0.0061687, 0.0)], [0.0164051, 0.240955, 0.970396, 0.0)], [0.0, 0.0, 0.0, 1.0)]])
0.0, 0.0, 0.0
float3(-0.24335, 0.0169039, -1.6153)
5852.203152708
limited(__ObjC.ARCamera.TrackingState.Reason.initializing)
simd_float4x4([[-0.0415168, -0.969513, 0.241493, 0.0)], [0.999033, -0.0437871, -0.00404005, 0.0)], [0.0144911, 0.241091, 0.970393, 0.0)], [0.0, 0.0, 0.0, 1.0)]])
0.0, 0.0, 0.0
float3(-0.24349, 0.0149321, -1.61593)
5852.33647125
limited(__ObjC.ARCamera.TrackingState.Reason.initializing)
simd_float4x4([[-0.0489329, -0.965326, 0.256414, 0.0)], [0.998672, -0.0514299, -0.00303751, 0.0)], [0.0161195, 0.255924, 0.966561, 0.0)], [0.0, 0.0, 0.0, 1.0)]])
0.0, 0.0, 0.0
float3(-0.258804, 0.0166756, -1.62402)
5852.469789791
limited(__ObjC.ARCamera.TrackingState.Reason.initializing)
simd_float4x4([[-0.0402786, -0.968928, 0.244033, 0.0)], [0.999017, -0.0435774, -0.00813213, 0.0)], [0.0185137, 0.243465, 0.969731, 0.0)], [0.0, 0.0, 0.0, 1.0)]])
0.0, 0.0, 0.0
float3(-0.245937, 0.0190893, -1.61574)
5852.603108333
limited(__ObjC.ARCamera.TrackingState.Reason.initializing)
simd_float4x4([[-0.0392137, -0.970148, 0.239314, 0.0)], [0.998968, -0.0435595, -0.0128955, 0.0)], [0.022935, 0.238562, 0.970854, 0.0)], [0.0, 0.0, 0.0, 1.0)]])
0.0, 0.0, 0.0
float3(-0.240884, 0.0236191, -1.61567)
5852.736426916
limited(__ObjC.ARCamera.TrackingState.Reason.initializing)
simd_float4x4([[-0.0402405, -0.972152, 0.230859, 0.0)], [0.999095, -0.0423385, -0.00413892, 0.0)], [0.0137978, 0.230484, 0.972976, 0.0)], [0.0, 0.0, 0.0, 1.0)]])
0.0, 0.0, 0.0
float3(-0.232575, 0.0141801, -1.61432)
5852.869745375
limited(__ObjC.ARCamera.TrackingState.Reason.initializing)
simd_float4x4([[-0.0539412, -0.981342, 0.184532, 0.0)], [0.997331, -0.0438416, 0.0583834, 0.0)], [-0.0492042, 0.187189, 0.981088, 0.0)], [0.0, 0.0, 0.0, 1.0)]])
0.0, 0.0, 0.0
float3(-0.188299, -0.0501107, -1.61544)
5853.003064083
limited(__ObjC.ARCamera.TrackingState.Reason.initializing)
simd_float4x4([[-0.0731779, -0.979485, 0.187752, 0.0)], [0.993516, -0.0551706, 0.0994118, 0.0)], [-0.0870143, 0.193809, 0.977171, 0.0)], [0.0, 0.0, 0.0, 1.0)]])
0.0, 0.0, 0.0
float3(-0.195043, -0.088813, -1.62706)
5853.136382666
limited(__ObjC.ARCamera.TrackingState.Reason.initializing)
simd_float4x4([[-0.0706579, -0.97489, 0.211167, 0.0)], [0.993654, -0.0502159, 0.100653, 0.0)], [-0.0875221, 0.216939, 0.972251, 0.0)], [0.0, 0.0, 0.0, 1.0)]])
0.0, 0.0, 0.0
float3(-0.218677, -0.0897781, -1.62226)
5853.26970125
limited(__ObjC.ARCamera.TrackingState.Reason.initializing)
simd_float4x4([[-0.0868386, -0.967028, 0.239395, 0.0)], [0.993009, -0.0647359, 0.0987076, 0.0)], [-0.0799561, 0.246293, 0.965889, 0.0)], [0.0, 0.0, 0.0, 1.0)]])
0.0, 0.0, 0.0
float3(-0.248853, -0.0825915, -1.63764)
5853.403019625
limited(__ObjC.ARCamera.TrackingState.Reason.initializing)
simd_float4x4([[-0.0738655, -0.973529, 0.216286, 0.0)], [0.992381, -0.0503103, 0.112464, 0.0)], [-0.0986056, 0.222946, 0.969828, 0.0)], [0.0, 0.0, 0.0, 1.0)]])
0.0, 0.0, 0.0
float3(-0.224835, -0.101325, -1.62243)
5853.536338166
limited(__ObjC.ARCamera.TrackingState.Reason.initializing)
simd_float4x4([[-0.0901566, -0.97223, 0.215952, 0.0)], [0.989221, -0.0622976, 0.132517, 0.0)], [-0.115384, 0.225572, 0.967367, 0.0)], [0.0, 0.0, 0.0, 1.0)]])
0.0, 0.0, 0.0
float3(-0.22753, -0.118716, -1.63479)
5853.669656791
limited(__ObjC.ARCamera.TrackingState.Reason.initializing)
simd_float4x4([[-0.0723004, -0.975759, 0.206549, 0.0)], [0.992435, -0.0497808, 0.112223, 0.0)], [-0.0992208, 0.2131, 0.971977, 0.0)], [0.0, 0.0, 0.0, 1.0)]])
0.0, 0.0, 0.0
float3(-0.214747, -0.101729, -1.62177)
5853.802975333
limited(__ObjC.ARCamera.TrackingState.Reason.initializing)
simd_float4x4([[-0.0581757, -0.97426, 0.217782, 0.0)], [0.998109, -0.0524228, 0.0321064, 0.0)], [-0.0198634, 0.219238, 0.975467, 0.0)], [0.0, 0.0, 0.0, 1.0)]])
0.0, 0.0, 0.0
float3(-0.221033, -0.0203602, -1.62455)
5853.936294
limited(__ObjC.ARCamera.TrackingState.Reason.initializing)
simd_float4x4([[-0.0626082, -0.97037, 0.233364, 0.0)], [0.997996, -0.0630219, 0.00569085, 0.0)], [0.00918473, 0.233253, 0.972371, 0.0)], [0.0, 0.0, 0.0, 1.0)]])
0.0, 0.0, 0.0
float3(-0.235422, 0.00944543, -1.63565)
5854.069612583
limited(__ObjC.ARCamera.TrackingState.Reason.initializing)
simd_float4x4([[-0.048005, -0.985366, 0.163546, 0.0)], [0.9988, -0.0457654, 0.0174367, 0.0)], [-0.00969685, 0.164187, 0.98638, 0.0)], [0.0, 0.0, 0.0, 1.0)]])
0.0, 0.0, 0.0
float3(-0.164934, -0.00983043, -1.61721)
5854.202931125
limited(__ObjC.ARCamera.TrackingState.Reason.initializing)
simd_float4x4([[-0.0161168, -0.990918, 0.133488, 0.0)], [0.999818, -0.0146063, 0.0122878, 0.0)], [-0.0102264, 0.133661, 0.990973, 0.0)], [0.0, 0.0, 0.0, 1.0)]])
0.0, 0.0, 0.0
float3(-0.134063, -0.0103192, -1.58554)
5854.336249541
limited(__ObjC.ARCamera.TrackingState.Reason.initializing)
simd_float4x4([[-0.0248848, -0.992249, 0.121739, 0.0)], [0.998924, -0.0199136, 0.0418828, 0.0)], [-0.039134, 0.12265, 0.991677, 0.0)], [0.0, 0.0, 0.0, 1.0)]])
0.0, 0.0, 0.0
float3(-0.12296, -0.039442, -1.59086)
5854.469568125
normal
simd_float4x4([[-0.0105111, -0.992262, 0.123716, 0.0)], [0.998198, -0.00310313, 0.0599201, 0.0)], [-0.0590726, 0.124123, 0.990507, 0.0)], [-0.00199909, 0.000564905, -0.00187414, 1.0)]])
-0.00199909, 0.000564905, -0.00187414
float3(-0.124444, -0.0595682, -1.57392)
5854.602886791
normal
simd_float4x4([[0.0307244, -0.987812, 0.152592, 0.0)], [0.99888, 0.0248492, -0.0402621, 0.0)], [0.0359796, 0.153658, 0.987469, 0.0)], [-0.00533929, 0.000143957, 0.000319625, 1.0)]])
-0.00533929, 0.000143957, 0.000319625
float3(-0.154269, 0.0364201, -1.54565)
5854.736205416
normal
simd_float4x4([[0.0482955, -0.98674, 0.154954, 0.0)], [0.99693, 0.0380483, -0.0684292, 0.0)], [0.0616261, 0.157783, 0.985549, 0.0)], [-0.00291261, -0.00303443, 0.00371834, 1.0)]])
-0.00291261, -0.00303443, 0.00371834
float3(-0.158445, 0.0624484, -1.53226)
5854.869523958
normal
simd_float4x4([[0.0586766, -0.984547, 0.164997, 0.0)], [0.994709, 0.0437003, -0.092978, 0.0)], [0.0843308, 0.16958, 0.981902, 0.0)], [-0.000974841, -0.0063616, 0.000896588, 1.0)]])
-0.000974841, -0.0063616, 0.000896588
float3(-0.170403, 0.085675, -1.52644)
5855.002842666
normal
simd_float4x4([[0.0509438, -0.984708, 0.1666, 0.0)], [0.991924, 0.0304877, -0.123114, 0.0)], [0.116152, 0.171527, 0.978308, 0.0)], [0.0045233, -0.00273257, 0.00242055, 1.0)]])
0.0045233, -0.00273257, 0.00242055
float3(-0.172379, 0.118174, -1.53985)
5855.136161208
normal
simd_float4x4([[0.00882962, -0.986997, 0.160496, 0.0)], [0.988122, -0.0160131, -0.152836, 0.0)], [0.153419, 0.159939, 0.975132, 0.0)], [0.0140212, 0.00172725, 0.00282714, 1.0)]])
0.0140212, 0.00172725, 0.00282714
float3(-0.160629, 0.156052, -1.58702)
5855.269479625
normal
simd_float4x4([[-0.0348878, -0.983758, 0.176076, 0.0)], [0.981974, -0.0664929, -0.176935, 0.0)], [0.185769, 0.166729, 0.968345, 0.0)], [0.0193576, -0.00025713, 0.00276009, 1.0)]])
0.0193576, -0.00025713, 0.00276009
float3(-0.167511, 0.189539, -1.63828)
5855.402798166
normal
simd_float4x4([[-0.0408861, -0.979703, 0.196243, 0.0)], [0.976115, -0.0811082, -0.201548, 0.0)], [0.213374, 0.183315, 0.959618, 0.0)], [0.0156571, 0.0025335, 0.0026521, 1.0)]])
0.0156571, 0.0025335, 0.0026521
float3(-0.184358, 0.218794, -1.6534)
5855.536116833
normal
simd_float4x4([[-0.0240714, -0.980689, 0.194089, 0.0)], [0.976652, -0.0645262, -0.204909, 0.0)], [0.213476, 0.184625, 0.959344, 0.0)], [0.00728541, 0.00125864, 0.00135041, 1.0)]])
0.00728541, 0.00125864, 0.00135041
float3(-0.18569, 0.218955, -1.6365)
5855.669435375
normal
simd_float4x4([[-0.0110618, -0.97719, 0.212076, 0.0)], [0.978272, -0.0544876, -0.200039, 0.0)], [0.207031, 0.205255, 0.956561, 0.0)], [0.00359648, -0.00155189, -0.00216424, 1.0)]])
0.00359648, -0.00155189, -0.00216424
float3(-0.206724, 0.213146, -1.6265)
5855.802753958
normal
simd_float4x4([[-0.00767952, -0.972812, 0.231471, 0.0)], [0.978365, -0.0551678, -0.199397, 0.0)], [0.206745, 0.224931, 0.952188, 0.0)], [-0.000709616, -0.0032326, -0.00992837, 1.0)]])
-0.000709616, -0.0032326, -0.00992837
float3(-0.226873, 0.213808, -1.62745)
5855.936072666
normal
simd_float4x4([[0.00792148, -0.974851, 0.222716, 0.0)], [0.980122, -0.0365846, -0.194995, 0.0)], [0.198239, 0.219833, 0.955183, 0.0)], [-0.00630661, -0.00236583, -0.0124709, 1.0)]])
-0.00630661, -0.00236583, -0.0124709
float3(-0.221644, 0.204635, -1.60831)
5856.069391166
normal
simd_float4x4([[0.00972228, -0.975602, 0.21933, 0.0)], [0.981946, -0.0321234, -0.186415, 0.0)], [0.188913, 0.217183, 0.957676, 0.0)], [-0.00991512, -0.00459591, -0.0145886, 1.0)]])
-0.00991512, -0.00459591, -0.0145886
float3(-0.218927, 0.194761, -1.60371)
5856.20270975
normal
simd_float4x4([[0.00549305, -0.970916, 0.239357, 0.0)], [0.986321, -0.0341732, -0.161254, 0.0)], [0.164743, 0.236969, 0.957447, 0.0)], [-0.0182683, -0.0125109, -0.0222085, 1.0)]])
-0.0182683, -0.0125109, -0.0222085
float3(-0.239244, 0.170397, -1.60598)
5856.336028291
normal
simd_float4x4([[-0.00704944, -0.963897, 0.266181, 0.0)], [0.992962, -0.0382176, -0.112097, 0.0)], [0.118223, 0.263518, 0.957383, 0.0)], [-0.026565, -0.018282, -0.0330174, 1.0)]])
-0.026565, -0.018282, -0.0330174
float3(-0.266667, 0.122863, -1.61042)
5856.469346875
normal
simd_float4x4([[-0.00931917, -0.955731, 0.294093, 0.0)], [0.998726, -0.0234812, -0.0446606, 0.0)], [0.0495892, 0.293302, 0.954733, 0.0)], [-0.0302331, -0.0246746, -0.0466654, 1.0)]])
-0.0302331, -0.0246746, -0.0466654
float3(-0.297679, 0.0518938, -1.59536)
5856.602665583
normal
simd_float4x4([[0.0256847, -0.952206, 0.304375, 0.0)], [0.99964, 0.026835, -0.000403856, 0.0)], [-0.00778334, 0.304275, 0.952552, 0.0)], [-0.0385439, -0.0358306, -0.061907, 1.0)]])
-0.0385439, -0.0358306, -0.061907
float3(-0.309177, -0.00817086, -1.54262)
5856.735984125
normal
simd_float4x4([[0.0207915, -0.945167, 0.325925, 0.0)], [0.999631, 0.0253565, 0.00976398, 0.0)], [-0.0174929, 0.325602, 0.945345, 0.0)], [-0.0432079, -0.0458694, -0.100939, 1.0)]])
-0.0432079, -0.0458694, -0.100939
float3(-0.331648, -0.0185021, -1.54398)
5856.869302708
normal
simd_float4x4([[0.00971383, -0.944287, 0.328981, 0.0)], [0.999435, -0.00141734, -0.0335787, 0.0)], [0.0321742, 0.329121, 0.94374, 0.0)], [-0.0482491, -0.0574387, -0.153647, 1.0)]])
-0.0482491, -0.0574387, -0.153647
float3(-0.335372, 0.034079, -1.5723)
5857.002621291
normal
simd_float4x4([[0.043308, -0.952996, 0.299871, 0.0)], [0.998677, 0.0329669, -0.0394617, 0.0)], [0.027721, 0.301183, 0.953163, 0.0)], [-0.0581169, -0.0508251, -0.219974, 1.0)]])
-0.0581169, -0.0508251, -0.219974
float3(-0.305933, 0.029075, -1.53622)
5857.135939875
normal
simd_float4x4([[0.0274526, -0.974285, 0.223642, 0.0)], [0.998476, 0.0160115, -0.0528122, 0.0)], [0.0478733, 0.224751, 0.973239, 0.0)], [-0.0461431, -0.0290673, -0.286458, 1.0)]])
-0.0461431, -0.0290673, -0.286458
float3(-0.226688, 0.0491501, -1.55436)
5857.269258416
normal
simd_float4x4([[0.0091501, -0.984803, 0.173433, 0.0)], [0.998365, -0.000788485, -0.0571497, 0.0)], [0.056418, 0.173672, 0.983186, 0.0)], [-0.0249567, -0.0180584, -0.350062, 1.0)]])
-0.0249567, -0.0180584, -0.350062
float3(-0.174557, 0.0573199, -1.5716)
5857.402577
normal
simd_float4x4([[-0.00373909, -0.985932, 0.167104, 0.0)], [0.999906, -0.00588494, -0.012348, 0.0)], [0.0131577, 0.167042, 0.985862, 0.0)], [-0.0199087, -0.0192758, -0.414056, 1.0)]])
-0.0199087, -0.0192758, -0.414056
float3(-0.167829, 0.0133456, -1.57677)
5857.535895541
normal
simd_float4x4([[0.00272794, -0.980892, 0.194533, 0.0)], [0.999863, 0.00585531, 0.0155031, 0.0)], [-0.0163459, 0.194464, 0.980773, 0.0)], [-0.0362303, -0.0284681, -0.489375, 1.0)]])
-0.0362303, -0.0284681, -0.489375
float3(-0.195711, -0.0166648, -1.56483)
5857.669214291
normal
simd_float4x4([[-0.00500862, -0.970994, 0.239052, 0.0)], [0.999849, -0.000885455, 0.0173523, 0.0)], [-0.0166373, 0.239103, 0.970852, 0.0)], [-0.0632523, -0.042091, -0.574733, 1.0)]])
-0.0632523, -0.042091, -0.574733
float3(-0.241442, -0.0171351, -1.57171)
5857.802532708
normal
simd_float4x4([[-0.0400524, -0.967654, 0.249079, 0.0)], [0.997763, -0.0253807, 0.0618397, 0.0)], [-0.0535177, 0.250999, 0.966507, 0.0)], [-0.0976421, -0.0536795, -0.659637, 1.0)]])
-0.0976421, -0.0536795, -0.659637
float3(-0.253712, -0.0553158, -1.59702)
5857.935851291
normal
simd_float4x4([[-0.0660192, -0.968563, 0.239849, 0.0)], [0.98762, -0.0291496, 0.154133, 0.0)], [-0.142296, 0.247056, 0.958496, 0.0)], [-0.123687, -0.0737645, -0.742621, 1.0)]])
-0.123687, -0.0737645, -0.742621
float3(-0.249641, -0.147381, -1.60088)
5858.069169958
normal
simd_float4x4([[-0.0737468, -0.968368, 0.238378, 0.0)], [0.975711, -0.0206205, 0.218088, 0.0)], [-0.206274, 0.248672, 0.946369, 0.0)], [-0.144787, -0.0650589, -0.846755, 1.0)]])
-0.144787, -0.0650589, -0.846755
float3(-0.251309, -0.214607, -1.59209)
5858.202488583
normal
simd_float4x4([[-0.0796808, -0.958903, 0.272318, 0.0)], [0.976953, -0.0208526, 0.212432, 0.0)], [-0.198023, 0.282968, 0.938465, 0.0)], [-0.196838, -0.06432, -0.961541, 1.0)]])
-0.196838, -0.06432, -0.961541
float3(-0.286888, -0.207957, -1.59254)
5858.335807083
normal
simd_float4x4([[-0.0896223, -0.957503, 0.274147, 0.0)], [0.975174, -0.0283983, 0.219611, 0.0)], [-0.202493, 0.287023, 0.936277, 0.0)], [-0.230416, -0.0740337, -1.06925, 1.0)]])
-0.230416, -0.0740337, -1.06925
float3(-0.291118, -0.212994, -1.60045)
5858.469125791
normal
simd_float4x4([[-0.0576735, -0.963098, 0.262898, 0.0)], [0.981406, -0.00640336, 0.191839, 0.0)], [-0.183076, 0.269074, 0.945559, 0.0)], [-0.267796, -0.100906, -1.1912, 1.0)]])
-0.267796, -0.100906, -1.1912
float3(-0.272431, -0.191251, -1.57744)
5858.602444291
normal
simd_float4x4([[-0.0153329, -0.98511, 0.171241, 0.0)], [0.990013, 0.00904552, 0.140682, 0.0)], [-0.140137, 0.171688, 0.975133, 0.0)], [-0.297455, -0.105211, -1.29575, 1.0)]])
-0.297455, -0.105211, -1.29575
float3(-0.172543, -0.142733, -1.56161)
5858.735762791
normal
simd_float4x4([[0.0460544, -0.992018, 0.117381, 0.0)], [0.982879, 0.065986, 0.172034, 0.0)], [-0.178406, 0.107448, 0.978073, 0.0)], [-0.333587, -0.0882983, -1.40324, 1.0)]])
-0.333587, -0.0882983, -1.40324
float3(-0.107656, -0.180422, -1.50438)
5858.869081333
normal
simd_float4x4([[0.0173565, -0.984164, 0.17641, 0.0)], [0.980778, 0.0510543, 0.188329, 0.0)], [-0.194353, 0.16975, 0.966133, 0.0)], [-0.350103, -0.0795126, -1.51545, 1.0)]])
-0.350103, -0.0795126, -1.51545
float3(-0.170576, -0.198516, -1.51897)
5859.002400083
normal
simd_float4x4([[0.00744185, -0.986446, 0.163916, 0.0)], [0.964678, 0.0502483, 0.258597, 0.0)], [-0.263328, 0.156202, 0.951976, 0.0)], [-0.377328, -0.08126, -1.60984, 1.0)]])
-0.377328, -0.08126, -1.60984
float3(-0.156844, -0.269865, -1.5199)
5859.13571875
normal
simd_float4x4([[-0.0207053, -0.988483, 0.149906, 0.0)], [0.946035, 0.0291302, 0.322753, 0.0)], [-0.323403, 0.148499, 0.934537, 0.0)], [-0.402496, -0.0857793, -1.72196, 1.0)]])
-0.402496, -0.0857793, -1.72196
float3(-0.14905, -0.333158, -1.54134)
5859.269037208
normal
simd_float4x4([[-0.072228, -0.976721, 0.201986, 0.0)], [0.932752, 0.00556977, 0.360475, 0.0)], [-0.353208, 0.21444, 0.910637, 0.0)], [-0.43193, -0.0803599, -1.84381, 1.0)]])
-0.43193, -0.0803599, -1.84381
float3(-0.216118, -0.370005, -1.56509)
5859.402356
normal
simd_float4x4([[-0.104882, -0.95884, 0.263865, 0.0)], [0.932016, -0.00221619, 0.362409, 0.0)], [-0.346908, 0.283937, 0.893888, 0.0)], [-0.454683, -0.0736367, -1.9413, 1.0)]])
-0.454683, -0.0736367, -1.9413
float3(-0.287897, -0.370196, -1.57311)
5859.535674458
normal
simd_float4x4([[-0.0758294, -0.969286, 0.233955, 0.0)], [0.970425, -0.0178106, 0.240744, 0.0)], [-0.229183, 0.245291, 0.94197, 0.0)], [-0.493579, -0.0700343, -2.0367, 1.0)]])
-0.493579, -0.0700343, -2.0367
float3(-0.24782, -0.238664, -1.58917)
5859.668992916
normal
simd_float4x4([[-0.00478177, -0.988655, 0.15013, 0.0)], [0.987618, 0.0188729, 0.155741, 0.0)], [-0.156808, 0.149015, 0.976323, 0.0)], [-0.544574, -0.0671986, -2.13094, 1.0)]])
-0.544574, -0.0671986, -2.13094
float3(-0.149573, -0.15925, -1.55171)
5859.802311625
normal
simd_float4x4([[0.0362737, -0.992655, 0.115414, 0.0)], [0.989119, 0.0521393, 0.137568, 0.0)], [-0.142575, 0.109168, 0.983745, 0.0)], [-0.582576, -0.0556266, -2.25262, 1.0)]])
-0.582576, -0.0556266, -2.25262
float3(-0.109386, -0.143929, -1.51832)
5859.93563025
normal
simd_float4x4([[0.0288984, -0.985502, 0.167184, 0.0)], [0.991139, 0.0499438, 0.123082, 0.0)], [-0.129648, 0.162146, 0.978213, 0.0)], [-0.61184, -0.050217, -2.37248, 1.0)]])
-0.61184, -0.050217, -2.37248
float3(-0.162865, -0.131767, -1.52016)
5860.068948875
normal
simd_float4x4([[0.0136854, -0.98336, 0.181152, 0.0)], [0.995701, 0.0299999, 0.0876286, 0.0)], [-0.091605, 0.179174, 0.979543, 0.0)], [-0.648362, -0.0599672, -2.47553, 1.0)]])
-0.648362, -0.0599672, -2.47553
float3(-0.180147, -0.0932469, -1.5403)
5860.202267375
normal
simd_float4x4([[0.0167271, -0.985077, 0.171297, 0.0)], [0.994514, 0.0340844, 0.0988952, 0.0)], [-0.103258, 0.168703, 0.980243, 0.0)], [-0.700755, -0.0624734, -2.58897, 1.0)]])
-0.700755, -0.0624734, -2.58897
float3(-0.169513, -0.104952, -1.53621)
5860.335586083
normal
simd_float4x4([[0.0203959, -0.992185, 0.123098, 0.0)], [0.994765, 0.0324705, 0.0968951, 0.0)], [-0.100135, 0.120477, 0.987653, 0.0)], [-0.763327, -0.0525215, -2.6989, 1.0)]])
-0.763327, -0.0525215, -2.6989
float3(-0.120771, -0.101041, -1.53808)
5860.468904416
normal
simd_float4x4([[-0.0180972, -0.990832, 0.13388, 0.0)], [0.996384, -0.00675453, 0.0846961, 0.0)], [-0.0830154, 0.134929, 0.987372, 0.0)], [-0.81527, -0.0452031, -2.80828, 1.0)]])
-0.81527, -0.0452031, -2.80828
float3(-0.135341, -0.0838798, -1.57761)
5860.602223125
normal
simd_float4x4([[-0.00908173, -0.972948, 0.230844, 0.0)], [0.996435, 0.0105573, 0.0836974, 0.0)], [-0.0838703, 0.230781, 0.969384, 0.0)], [-0.86004, -0.0442529, -2.92052, 1.0)]])
-0.86004, -0.0442529, -2.92052
float3(-0.232881, -0.0863043, -1.55995)
5860.735541666
normal
simd_float4x4([[-0.0127969, -0.973676, 0.227578, 0.0)], [0.987329, 0.0236978, 0.156908, 0.0)], [-0.15817, 0.226703, 0.961035, 0.0)], [-0.893651, -0.0522641, -3.02267, 1.0)]])
-0.893651, -0.0522641, -3.02267
float3(-0.228691, -0.163121, -1.54646)
5860.86886025
normal
simd_float4x4([[0.0139305, -0.989284, 0.145339, 0.0)], [0.972021, 0.0474837, 0.230043, 0.0)], [-0.234479, 0.138068, 0.962267, 0.0)], [-0.917194, -0.0636013, -3.1079, 1.0)]])
-0.917194, -0.0636013, -3.1079
float3(-0.13851, -0.239015, -1.52284)
5861.002178958
normal
simd_float4x4([[-0.00483604, -0.980095, 0.198468, 0.0)], [0.960273, 0.0508264, 0.274395, 0.0)], [-0.27902, 0.191911, 0.940913, 0.0)], [-0.93548, -0.0675611, -3.21905, 1.0)]])
-0.93548, -0.0675611, -3.21905
float3(-0.193109, -0.288281, -1.51898)
5861.135497625
normal
simd_float4x4([[-0.00452378, -0.976678, 0.214661, 0.0)], [0.948006, 0.0641225, 0.311726, 0.0)], [-0.318221, 0.204911, 0.925606, 0.0)], [-0.94889, -0.0644853, -3.3064, 1.0)]])
-0.94889, -0.0644853, -3.3064
float3(-0.206372, -0.331138, -1.50524)
5861.268816208
normal
simd_float4x4([[0.00773571, -0.98841, 0.15161, 0.0)], [0.905171, 0.0713561, 0.419016, 0.0)], [-0.424978, 0.133992, 0.895232, 0.0)], [-0.961175, -0.0613922, -3.38781, 1.0)]])
-0.961175, -0.0613922, -3.38781
float3(-0.134396, -0.443214, -1.49873)
5861.402134625
normal
simd_float4x4([[-0.0112138, -0.99295, 0.118001, 0.0)], [0.876492, 0.0470386, 0.479113, 0.0)], [-0.481286, 0.108799, 0.869785, 0.0)], [-0.985359, -0.07465, -3.49027, 1.0)]])
-0.985359, -0.07465, -3.49027
float3(-0.109015, -0.505403, -1.52346)
5861.535453208
normal
simd_float4x4([[-0.0710779, -0.986958, 0.144436, 0.0)], [0.850336, 0.0157391, 0.526006, 0.0)], [-0.521419, 0.160206, 0.838127, 0.0)], [-0.993975, -0.0797308, -3.60526, 1.0)]])
-0.993975, -0.0797308, -3.60526
float3(-0.160899, -0.556528, -1.55485)
5861.668771875
normal
simd_float4x4([[-0.0762005, -0.983943, 0.161397, 0.0)], [0.827543, 0.0278854, 0.56071, 0.0)], [-0.556207, 0.176289, 0.81213, 0.0)], [-1.00028, -0.0784564, -3.70914, 1.0)]])
-1.00028, -0.0784564, -3.70914
float3(-0.177215, -0.600502, -1.54246)
5861.802090458
normal
simd_float4x4([[-0.0536542, -0.981146, 0.185671, 0.0)], [0.800863, 0.0687797, 0.594884, 0.0)], [-0.596439, 0.180615, 0.782073, 0.0)], [-0.997153, -0.0866813, -3.80795, 1.0)]])
-0.997153, -0.0866813, -3.80795
float3(-0.181612, -0.651541, -1.50081)
5861.935409125
normal
simd_float4x4([[-0.0700104, -0.977457, 0.199188, 0.0)], [0.776107, 0.072074, 0.626468, 0.0)], [-0.626702, 0.19845, 0.753566, 0.0)], [-0.970046, -0.10603, -3.90805, 1.0)]])
-0.970046, -0.10603, -3.90805
float3(-0.199777, -0.693743, -1.49719)
5862.06872775
normal
simd_float4x4([[-0.0681805, -0.987239, 0.143911, 0.0)], [0.780606, 0.0370399, 0.623924, 0.0)], [-0.621293, 0.154877, 0.76812, 0.0)], [-0.934966, -0.114833, -3.98833, 1.0)]])
-0.934966, -0.114833, -3.98833
float3(-0.155503, -0.680114, -1.5333)
5862.202046416
normal
simd_float4x4([[-0.0640052, -0.992839, 0.100865, 0.0)], [0.766872, 0.0157444, 0.641607, 0.0)], [-0.638601, 0.118416, 0.760373, 0.0)], [-0.898096, -0.107301, -4.04833, 1.0)]])
-0.898096, -0.107301, -4.04833
float3(-0.118695, -0.698573, -1.55494)
5862.335364875
normal
simd_float4x4([[-0.134237, -0.975765, 0.172808, 0.0)], [0.718657, 0.024208, 0.694943, 0.0)], [-0.682285, 0.217477, 0.697991, 0.0)], [-0.854862, -0.114618, -4.11205, 1.0)]])
-0.854862, -0.114618, -4.11205
float3(-0.219229, -0.77402, -1.54599)
5862.468683458
normal
simd_float4x4([[-0.157199, -0.972983, 0.169091, 0.0)], [0.658209, 0.0244199, 0.752439, 0.0)], [-0.73624, 0.22958, 0.636588, 0.0)], [-0.823097, -0.118214, -4.14092, 1.0)]])
-0.823097, -0.118214, -4.14092
float3(-0.231646, -0.85786, -1.5457)
5862.602002041
normal
simd_float4x4([[-0.209821, -0.959671, 0.187103, 0.0)], [0.584058, 0.0304476, 0.811141, 0.0)], [-0.784125, 0.279473, 0.554114, 0.0)], [-0.798139, -0.131337, -4.16821, 1.0)]])
-0.798139, -0.131337, -4.16821
float3(-0.283246, -0.955611, -1.53908)
5862.735320666
normal
simd_float4x4([[-0.236534, -0.953274, 0.187935, 0.0)], [0.514717, 0.0411161, 0.856374, 0.0)], [-0.824087, 0.299295, 0.480941, 0.0)], [-0.784995, -0.132961, -4.19015, 1.0)]])
-0.784995, -0.132961, -4.19015
float3(-0.303953, -1.04252, -1.52769)
5862.86863925
normal
simd_float4x4([[-0.23487, -0.956432, 0.17342, 0.0)], [0.41775, 0.0617727, 0.90646, 0.0)], [-0.87768, 0.285346, 0.385041, 0.0)], [-0.785215, -0.12188, -4.21005, 1.0)]])
-0.785215, -0.12188, -4.21005
float3(-0.289368, -1.15738, -1.5063)
5863.001958041
normal
simd_float4x4([[-0.280092, -0.946559, 0.159919, 0.0)], [0.365954, 0.048725, 0.929356, 0.0)], [-0.887483, 0.318828, 0.33275, 0.0)], [-0.781685, -0.110283, -4.25231, 1.0)]])
-0.781685, -0.110283, -4.25231
float3(-0.324493, -1.21208, -1.51937)
5863.135276333
normal
simd_float4x4([[-0.294791, -0.945245, 0.140035, 0.0)], [0.355951, 0.027375, 0.934103, 0.0)], [-0.88679, 0.325211, 0.328391, 0.0)], [-0.782357, -0.101482, -4.33365, 1.0)]])
-0.782357, -0.101482, -4.33365
float3(-0.331235, -1.21614, -1.54184)
5863.268595
normal
simd_float4x4([[-0.240022, -0.961151, 0.136299, 0.0)], [0.473121, 0.00677977, 0.880971, 0.0)], [-0.847671, 0.275938, 0.453113, 0.0)], [-0.812313, -0.0963141, -4.43866, 1.0)]])
-0.812313, -0.0963141, -4.43866
float3(-0.279566, -1.0799, -1.56374)
5863.401913708
normal
simd_float4x4([[-0.196393, -0.953762, 0.227525, 0.0)], [0.607585, 0.0637521, 0.791692, 0.0)], [-0.769591, 0.293724, 0.566971, 0.0)], [-0.822444, -0.105785, -4.57577, 1.0)]])
-0.822444, -0.105785, -4.57577
float3(-0.29812, -0.93585, -1.50405)
5863.53523225
normal
simd_float4x4([[-0.206692, -0.943705, 0.258262, 0.0)], [0.676221, 0.052982, 0.734791, 0.0)], [-0.707109, 0.326518, 0.627202, 0.0)], [-0.80049, -0.105637, -4.69933, 1.0)]])
-0.80049, -0.105637, -4.69933
float3(-0.332617, -0.845213, -1.51471)
5863.668550875
normal
simd_float4x4([[-0.138694, -0.961929, 0.235492, 0.0)], [0.676744, 0.0815507, 0.731688, 0.0)], [-0.723036, 0.260848, 0.639669, 0.0)], [-0.756115, -0.107689, -4.8111, 1.0)]])
-0.756115, -0.107689, -4.8111
float3(-0.263901, -0.8465, -1.48622)
5863.8018695
normal
simd_float4x4([[-0.103944, -0.974697, 0.197894, 0.0)], [0.679864, 0.0755955, 0.729432, 0.0)], [-0.725934, 0.210361, 0.654803, 0.0)], [-0.673545, -0.105008, -4.92706, 1.0)]])
-0.673545, -0.105008, -4.92706
float3(-0.211945, -0.836869, -1.49339)
5863.935188083
normal
simd_float4x4([[-0.120994, -0.97171, 0.202829, 0.0)], [0.688096, 0.0651701, 0.722687, 0.0)], [-0.715461, 0.227006, 0.660745, 0.0)], [-0.605971, -0.0963319, -5.05308, 1.0)]])
-0.605971, -0.0963319, -5.05308
float3(-0.229003, -0.825135, -1.50383)
5864.068506458
normal
simd_float4x4([[-0.121888, -0.9614, 0.246685, 0.0)], [0.719432, 0.0856465, 0.689262, 0.0)], [-0.683785, 0.261486, 0.681222, 0.0)], [-0.562684, -0.0992923, -5.18114, 1.0)]])
-0.562684, -0.0992923, -5.18114
float3(-0.264561, -0.787275, -1.48195)
5864.201825166
normal
simd_float4x4([[-0.0870112, -0.972364, 0.216651, 0.0)], [0.721556, 0.0884319, 0.686686, 0.0)], [-0.686867, 0.216075, 0.69392, 0.0)], [-0.5154, -0.116274, -5.30569, 1.0)]])
-0.5154, -0.116274, -5.30569
float3(-0.217793, -0.78029, -1.4801)
5864.33514375
normal
simd_float4x4([[-0.00690428, -0.983973, 0.178182, 0.0)], [0.694973, 0.123398, 0.708368, 0.0)], [-0.719003, 0.128722, 0.682983, 0.0)], [-0.484084, -0.130888, -5.43924, 1.0)]])
-0.484084, -0.130888, -5.43924
float3(-0.12908, -0.811085, -1.44604)
5864.468462291
normal
simd_float4x4([[-0.0154496, -0.984613, 0.174062, 0.0)], [0.656977, 0.121235, 0.744099, 0.0)], [-0.753753, 0.125851, 0.644995, 0.0)], [-0.436689, -0.122241, -5.57105, 1.0)]])
-0.436689, -0.122241, -5.57105
float3(-0.126185, -0.862996, -1.44828)
5864.601781083
normal
simd_float4x4([[-0.0877693, -0.970693, 0.223722, 0.0)], [0.667299, 0.109456, 0.736703, 0.0)], [-0.7396, 0.213949, 0.638136, 0.0)], [-0.388833, -0.111869, -5.68335, 1.0)]])
-0.388833, -0.111869, -5.68335
float3(-0.215616, -0.858911, -1.45851)
5864.735099541
normal
simd_float4x4([[-0.0894093, -0.976931, 0.193936, 0.0)], [0.684863, 0.0810752, 0.724147, 0.0)], [-0.723166, 0.197565, 0.661815, 0.0)], [-0.343638, -0.117518, -5.79359, 1.0)]])
-0.343638, -0.117518, -5.79359
float3(-0.198873, -0.829666, -1.488)
5864.868418041
normal
simd_float4x4([[-0.110868, -0.970844, 0.212533, 0.0)], [0.703599, 0.0743577, 0.706696, 0.0)], [-0.701895, 0.227888, 0.674841, 0.0)], [-0.294523, -0.147022, -5.92849, 1.0)]])
-0.294523, -0.147022, -5.92849
float3(-0.229908, -0.805047, -1.49435)
5865.001736625
normal
simd_float4x4([[-0.128643, -0.965769, 0.22526, 0.0)], [0.762007, 0.0491055, 0.645704, 0.0)], [-0.634662, 0.254715, 0.729605, 0.0)], [-0.248338, -0.15001, -6.05344, 1.0)]])
-0.248338, -0.15001, -6.05344
float3(-0.257553, -0.715917, -1.51999)
5865.135055291
normal
simd_float4x4([[-0.130391, -0.946212, 0.296109, 0.0)], [0.816994, 0.0666624, 0.57278, 0.0)], [-0.561711, 0.316605, 0.764358, 0.0)], [-0.228192, -0.151657, -6.18413, 1.0)]])
-0.228192, -0.151657, -6.18413
float3(-0.322148, -0.633753, -1.50046)
5865.268373875
normal
simd_float4x4([[-0.0857334, -0.945941, 0.312804, 0.0)], [0.836457, 0.102232, 0.538413, 0.0)], [-0.541285, 0.307807, 0.782474, 0.0)], [-0.224996, -0.159781, -6.28758, 1.0)]])
-0.224996, -0.159781, -6.28758
float3(-0.312887, -0.605175, -1.46314)
5865.401692458
normal
simd_float4x4([[-0.0925165, -0.94193, 0.322814, 0.0)], [0.8015, 0.121915, 0.585436, 0.0)], [-0.590796, 0.312898, 0.743677, 0.0)], [-0.208742, -0.187759, -6.38103, 1.0)]])
-0.208742, -0.187759, -6.38103
float3(-0.318243, -0.671332, -1.44208)
5865.535011083
normal
simd_float4x4([[-0.123225, -0.952636, 0.278029, 0.0)], [0.779356, 0.0805412, 0.621384, 0.0)], [-0.614345, 0.293253, 0.732518, 0.0)], [-0.187125, -0.193201, -6.4296, 1.0)]])
-0.187125, -0.193201, -6.4296
float3(-0.297628, -0.697883, -1.48645)
5865.66832975
normal
simd_float4x4([[-0.099214, -0.951068, 0.29262, 0.0)], [0.743364, 0.124649, 0.657171, 0.0)], [-0.661489, 0.282724, 0.694622, 0.0)], [-0.168652, -0.177718, -6.47332, 1.0)]])
-0.168652, -0.177718, -6.47332
float3(-0.286633, -0.76097, -1.44048)
5865.801648083
normal
simd_float4x4([[-0.135156, -0.93506, 0.327713, 0.0)], [0.724071, 0.132564, 0.676866, 0.0)], [-0.676353, 0.32877, 0.659133, 0.0)], [-0.142559, -0.180212, -6.51123, 1.0)]])
-0.142559, -0.180212, -6.51123
float3(-0.335001, -0.798291, -1.42996)
5865.934966666
normal
simd_float4x4([[-0.171617, -0.917315, 0.359277, 0.0)], [0.703087, 0.141412, 0.696902, 0.0)], [-0.690085, 0.372203, 0.620683, 0.0)], [-0.126219, -0.182203, -6.5288, 1.0)]])
-0.126219, -0.182203, -6.5288
float3(-0.381381, -0.838296, -1.41784)
5866.068285375
normal
simd_float4x4([[-0.186965, -0.925255, 0.330071, 0.0)], [0.679727, 0.120732, 0.72346, 0.0)], [-0.709236, 0.35962, 0.606348, 0.0)], [-0.116127, -0.174037, -6.54495, 1.0)]])
-0.116127, -0.174037, -6.54495
float3(-0.367861, -0.863446, -1.44104)
5866.201604041
normal
simd_float4x4([[-0.184869, -0.936868, 0.296821, 0.0)], [0.651481, 0.1093, 0.750751, 0.0)], [-0.735796, 0.332164, 0.590145, 0.0)], [-0.12024, -0.169925, -6.57454, 1.0)]])
-0.12024, -0.169925, -6.57454
float3(-0.338597, -0.894807, -1.45466)
5866.334922583
normal
simd_float4x4([[-0.198763, -0.931519, 0.304574, 0.0)], [0.654337, 0.105227, 0.748846, 0.0)], [-0.729614, 0.348137, 0.588612, 0.0)], [-0.110445, -0.177267, -6.62814, 1.0)]])
-0.110445, -0.177267, -6.62814
float3(-0.355583, -0.891956, -1.45831)
5866.46824125
normal
simd_float4x4([[-0.250937, -0.907188, 0.337699, 0.0)], [0.655113, 0.0976747, 0.749191, 0.0)], [-0.712642, 0.409231, 0.5698, 0.0)], [-0.0698562, -0.189065, -6.71189, 1.0)]])
-0.0698562, -0.189065, -6.71189
float3(-0.421611, -0.896324, -1.46354)
5866.601559791
normal
simd_float4x4([[-0.236202, -0.925037, 0.297515, 0.0)], [0.625794, 0.0894172, 0.774846, 0.0)], [-0.743364, 0.369203, 0.557762, 0.0)], [-0.00901865, -0.183213, -6.80656, 1.0)]])
-0.00901865, -0.183213, -6.80656
float3(-0.378152, -0.92709, -1.47443)
5866.73487825
normal
simd_float4x4([[-0.152826, -0.966532, 0.206056, 0.0)], [0.62516, 0.0669329, 0.777621, 0.0)], [-0.765388, 0.247659, 0.594009, 0.0)], [0.0635213, -0.170163, -6.90123, 1.0)]])
0.0635213, -0.170163, -6.90123
float3(-0.250263, -0.910807, -1.50166)
5866.868196833
normal
simd_float4x4([[-0.158655, -0.965675, 0.205671, 0.0)], [0.607158, 0.068842, 0.791593, 0.0)], [-0.77858, 0.250464, 0.575396, 0.0)], [0.152379, -0.158447, -7.0138, 1.0)]])
0.152379, -0.158447, -7.0138
float3(-0.25316, -0.934352, -1.49963)
5867.001515583
normal
simd_float4x4([[-0.215846, -0.942858, 0.253831, 0.0)], [0.596478, 0.0784938, 0.798782, 0.0)], [-0.773062, 0.323818, 0.545451, 0.0)], [0.23555, -0.162871, -7.11497, 1.0)]])
0.23555, -0.162871, -7.11497
float3(-0.329762, -0.95634, -1.48774)
5867.134834125
normal
simd_float4x4([[-0.213523, -0.939146, 0.269096, 0.0)], [0.545122, 0.114045, 0.830564, 0.0)], [-0.810709, 0.324035, 0.487598, 0.0)], [0.3121, -0.16821, -7.21371, 1.0)]])
0.3121, -0.16821, -7.21371
float3(-0.329992, -1.02931, -1.44995)
5867.268152666
normal
simd_float4x4([[-0.206987, -0.953642, 0.218457, 0.0)], [0.473634, 0.0977057, 0.875285, 0.0)], [-0.856053, 0.284641, 0.431454, 0.0)], [0.39129, -0.175324, -7.29829, 1.0)]])
0.39129, -0.175324, -7.29829
float3(-0.288632, -1.10395, -1.4687)
5867.401471375
normal
simd_float4x4([[-0.225051, -0.956973, 0.183179, 0.0)], [0.384186, 0.0856144, 0.919277, 0.0)], [-0.895406, 0.27726, 0.348388, 0.0)], [0.475688, -0.176296, -7.38613, 1.0)]])
0.475688, -0.176296, -7.38613
float3(-0.280941, -1.19974, -1.48157)
5867.534789708
normal
simd_float4x4([[-0.261851, -0.953061, 0.152016, 0.0)], [0.309204, 0.0663642, 0.948677, 0.0)], [-0.914236, 0.295416, 0.277313, 0.0)], [0.561063, -0.163996, -7.46367, 1.0)]])
0.561063, -0.163996, -7.46367
float3(-0.299891, -1.27629, -1.50128)
5867.668108458
normal
simd_float4x4([[-0.280459, -0.947679, 0.15247, 0.0)], [0.221193, 0.0907615, 0.970998, 0.0)], [-0.934032, 0.30605, 0.184165, 0.0)], [0.648105, -0.17293, -7.53157, 1.0)]])
0.648105, -0.17293, -7.53157
float3(-0.311041, -1.37612, -1.47532)
5867.801426916
normal
simd_float4x4([[-0.313845, -0.941367, 0.123813, 0.0)], [0.156478, 0.0773367, 0.984649, 0.0)], [-0.936491, 0.328401, 0.123031, 0.0)], [0.743659, -0.196185, -7.59046, 1.0)]])
0.743659, -0.196185, -7.59046
float3(-0.33461, -1.44017, -1.48883)
5867.934745666
normal
simd_float4x4([[-0.281594, -0.954423, 0.0988983, 0.0)], [0.12463, 0.0658157, 0.990018, 0.0)], [-0.951405, 0.291109, 0.100416, 0.0)], [0.838611, -0.20416, -7.6509, 1.0)]])
0.838611, -0.20416, -7.6509
float3(-0.295386, -1.46564, -1.50195)
5868.068064208
normal
simd_float4x4([[-0.335477, -0.941421, 0.0343805, 0.0)], [0.0607026, 0.014817, 0.998046, 0.0)], [-0.940091, 0.336908, 0.052176, 0.0)], [0.949503, -0.197991, -7.69076, 1.0)]])
0.949503, -0.197991, -7.69076
float3(-0.343631, -1.51535, -1.55506)
5868.201382875
normal
simd_float4x4([[-0.325017, -0.945207, 0.0307822, 0.0)], [0.0222158, 0.0249094, 0.999443, 0.0)], [-0.945447, 0.325519, 0.0129025, 0.0)], [1.02614, -0.186248, -7.71868, 1.0)]])
1.02614, -0.186248, -7.71868
float3(-0.331561, -1.55715, -1.54445)
5868.334701291
normal
simd_float4x4([[-0.320677, -0.947133, -0.0102463, 0.0)], [-0.0469558, 0.00509194, 0.998884, 0.0)], [-0.946024, 0.320801, -0.0461062, 0.0)], [1.10896, -0.184226, -7.7377, 1.0)]])
1.10896, -0.184226, -7.7377
float3(-0.326575, -1.61949, -1.56542)
5868.468019916
normal
simd_float4x4([[-0.266544, -0.96281, -0.0441755, 0.0)], [-0.100095, -0.0179337, 0.994816, 0.0)], [-0.958611, 0.269584, -0.0915922, 0.0)], [1.1812, -0.182114, -7.7609, 1.0)]])
1.1812, -0.182114, -7.7609
float3(-0.272961, -1.66605, -1.58942)
5868.601338541
normal
simd_float4x4([[-0.193957, -0.980815, -0.0195816, 0.0)], [-0.200448, 0.0200833, 0.979499, 0.0)], [-0.960313, 0.193906, -0.200497, 0.0)], [1.27252, -0.181359, -7.79278, 1.0)]])
1.27252, -0.181359, -7.79278
float3(-0.195142, -1.77662, -1.55032)
5868.734657083
normal
simd_float4x4([[-0.227547, -0.973445, -0.0250632, 0.0)], [-0.277855, 0.0402385, 0.95978, 0.0)], [-0.933284, 0.225359, -0.279633, 0.0)], [1.37877, -0.189974, -7.8088, 1.0)]])
1.37877, -0.189974, -7.8088
float3(-0.227311, -1.86191, -1.52948)
5868.867975666
normal
simd_float4x4([[-0.27774, -0.960087, -0.0330715, 0.0)], [-0.328871, 0.0626795, 0.942292, 0.0)], [-0.90261, 0.272589, -0.333154, 0.0)], [1.4873, -0.202478, -7.81329, 1.0)]])
1.4873, -0.202478, -7.81329
float3(-0.276083, -1.92438, -1.5056)
5869.00129425
normal
simd_float4x4([[-0.274015, -0.959946, -0.0584826, 0.0)], [-0.362894, 0.0468897, 0.93065, 0.0)], [-0.890631, 0.276235, -0.361207, 0.0)], [1.61395, -0.228752, -7.80844, 1.0)]])
1.61395, -0.228752, -7.80844
float3(-0.279874, -1.95609, -1.52199)
5869.134612833
normal
simd_float4x4([[-0.258255, -0.96507, -0.0440858, 0.0)], [-0.360731, 0.0539982, 0.931106, 0.0)], [-0.896202, 0.256366, -0.362076, 0.0)], [1.73553, -0.24486, -7.80511, 1.0)]])
1.73553, -0.24486, -7.80511
float3(-0.259261, -1.95476, -1.5149)
5869.267931291
normal
simd_float4x4([[-0.280251, -0.958631, -0.0498662, 0.0)], [-0.382512, 0.0638785, 0.92174, 0.0)], [-0.880422, 0.277393, -0.38459, 0.0)], [1.86241, -0.238879, -7.78936, 1.0)]])
1.86241, -0.238879, -7.78936
float3(-0.28108, -1.98264, -1.50426)
5869.401249875
normal
simd_float4x4([[-0.306336, -0.950287, -0.0557946, 0.0)], [-0.393668, 0.0731021, 0.916341, 0.0)], [-0.866708, 0.302673, -0.396492, 0.0)], [1.95023, -0.231405, -7.76728, 1.0)]])
1.95023, -0.231405, -7.76728
float3(-0.307496, -1.99984, -1.49402)
5869.5345685
normal
simd_float4x4([[-0.292021, -0.953908, -0.0691673, 0.0)], [-0.422145, 0.0636622, 0.90429, 0.0)], [-0.858206, 0.29327, -0.421278, 0.0)], [2.06091, -0.242707, -7.75069, 1.0)]])
2.06091, -0.242707, -7.75069
float3(-0.297646, -2.02712, -1.50416)
5869.667887083
normal
simd_float4x4([[-0.263344, -0.963057, -0.0563174, 0.0)], [-0.449714, 0.0709066, 0.890353, 0.0)], [-0.853468, 0.259796, -0.451773, 0.0)], [2.18624, -0.252168, -7.74804, 1.0)]])
2.18624, -0.252168, -7.74804
float3(-0.262811, -2.05764, -1.4973)
5869.801205666
normal
simd_float4x4([[-0.255069, -0.965182, -0.0579998, 0.0)], [-0.520541, 0.086519, 0.849442, 0.0)], [-0.814847, 0.246858, -0.524486, 0.0)], [2.31475, -0.240092, -7.73345, 1.0)]])
2.31475, -0.240092, -7.73345
float3(-0.249436, -2.1427, -1.4814)
5869.934524208
normal
