ARKit Data
599623.541099125
normal
simd_float4x4([[0.0600083, -0.997722, -0.0308309, 0.0)], [-0.510725, -0.00415084, -0.859734, 0.0)], [0.857647, 0.0673373, -0.509811, 0.0)], [0.15301, 0.0987844, -0.0535051, 1.0)]])
0.15301, 0.0987844, -0.0535051
float3(-0.0673883, 2.10711, -1.57496)
599623.757739666
normal
simd_float4x4([[0.0569863, -0.998057, -0.0251802, 0.0)], [-0.51638, -0.00787951, -0.856323, 0.0)], [0.854461, 0.0618012, -0.515826, 0.0)], [0.15675, 0.0980943, -0.0557758, 1.0)]])
0.15675, 0.0980943, -0.0557758
float3(-0.0618406, 2.11392, -1.57869)
599624.462671416
notAvailable
simd_float4x4([[0.414894, 0.0, -0.90987, 0.0)], [0.0, 1.0, 0.0, 0.0)], [0.90987, 0.0, 0.414894, 0.0)], [0.320009, -0.366171, 0.109046, 1.0)]])
0.320009, -0.366171, 0.109046
float3(-0.0, 1.14297, 0.0)
599624.679312291
limited(__ObjC.ARCamera.TrackingState.Reason.initializing)
simd_float4x4([[-0.00634688, -0.998235, 0.0590509, 0.0)], [0.999913, -0.00701902, -0.011182, 0.0)], [0.0115767, 0.0589748, 0.998192, 0.0)], [0.0, 0.0, 0.0, 1.0)]])
0.0, 0.0, 0.0
float3(-0.059009, 0.0115972, -1.57783)
599624.895953291
limited(__ObjC.ARCamera.TrackingState.Reason.initializing)
simd_float4x4([[-0.00499576, -0.997569, 0.0695061, 0.0)], [0.99778, -0.00958823, -0.0658971, 0.0)], [0.0664033, 0.0690226, 0.995403, 0.0)], [0.0, 0.0, 0.0, 1.0)]])
0.0, 0.0, 0.0
float3(-0.0690775, 0.0666113, -1.58041)
599625.112594333
limited(__ObjC.ARCamera.TrackingState.Reason.initializing)
simd_float4x4([[0.00475303, -0.996735, 0.0806057, 0.0)], [0.991201, -0.00596677, -0.13223, 0.0)], [0.132279, 0.080525, 0.987936, 0.0)], [0.0, 0.0, 0.0, 1.0)]])
0.0, 0.0, 0.0
float3(-0.0806122, 0.133103, -1.57678)
599625.329235208
normal
simd_float4x4([[0.00152615, -0.998924, 0.0463424, 0.0)], [0.982638, -0.00709968, -0.185396, 0.0)], [0.185525, 0.0458208, 0.98157, 0.0)], [0.00320837, 0.00131819, 0.00604921, 1.0)]])
0.00320837, 0.00131819, 0.00604921
float3(-0.0458368, 0.186805, -1.5779)
599625.545876291
normal
simd_float4x4([[0.00226052, -0.996036, 0.0889252, 0.0)], [0.957247, -0.0235676, -0.28831, 0.0)], [0.289263, 0.0857751, 0.953399, 0.0)], [0.0148068, 0.00598735, -0.0630332, 1.0)]])
0.0148068, 0.00598735, -0.0630332
float3(-0.0858807, 0.294575, -1.59445)
599625.762517375
normal
simd_float4x4([[0.013872, -0.995735, 0.0912054, 0.0)], [0.927898, -0.0211681, -0.372232, 0.0)], [0.372575, 0.0897929, 0.923648, 0.0)], [0.00845017, 0.0187405, -0.084653, 1.0)]])
0.00845017, 0.0187405, -0.084653
float3(-0.089914, 0.383411, -1.59205)
599625.995822958
normal
simd_float4x4([[0.023741, -0.996937, 0.0745241, 0.0)], [0.9109, -0.00914543, -0.412526, 0.0)], [0.411944, 0.0776778, 0.907892, 0.0)], [-0.00605971, 0.0059105, -0.0780636, 1.0)]])
-0.00605971, 0.0059105, -0.0780636
float3(-0.0777561, 0.425957, -1.57997)
599626.195855375
normal
simd_float4x4([[0.0232537, -0.997027, 0.0734651, 0.0)], [0.891115, -0.0126397, -0.453601, 0.0)], [0.453181, 0.0760138, 0.888172, 0.0)], [-0.00707616, 0.00534416, -0.0801583, 1.0)]])
-0.00707616, 0.00534416, -0.0801583
float3(-0.0760872, 0.471806, -1.58347)
599626.429317958
normal
simd_float4x4([[0.0312734, -0.997152, 0.0686299, 0.0)], [0.867342, -0.00704981, -0.497662, 0.0)], [0.496729, 0.0750892, 0.864652, 0.0)], [-0.00563103, 0.00372031, -0.0771782, 1.0)]])
-0.00563103, 0.00372031, -0.0771782
float3(-0.07516, 0.521447, -1.57787)
599626.646104541
normal
simd_float4x4([[0.0308127, -0.997477, 0.0639475, 0.0)], [0.85406, -0.00696245, -0.520127, 0.0)], [0.51926, 0.0706416, 0.851691, 0.0)], [0.00131612, 0.00529645, -0.0787256, 1.0)]])
0.00131612, 0.00529645, -0.0787256
float3(-0.0707005, 0.547508, -1.57778)
599626.862891291
normal
simd_float4x4([[0.0360767, -0.997403, 0.0623369, 0.0)], [0.866105, 8.66826e-05, -0.499861, 0.0)], [0.498558, 0.0720237, 0.863859, 0.0)], [0.0066109, 0.00360376, -0.0810995, 1.0)]])
0.0066109, 0.00360376, -0.0810995
float3(-0.0720861, 0.523432, -1.57071)
599627.079677625
normal
simd_float4x4([[0.0379878, -0.99735, 0.062048, 0.0)], [0.892986, 0.00601409, -0.450045, 0.0)], [0.448479, 0.0725042, 0.890848, 0.0)], [0.0245778, 0.00242475, -0.0888242, 1.0)]])
0.0245778, 0.00242475, -0.0888242
float3(-0.0725679, 0.466387, -1.56477)
599627.296464583
normal
simd_float4x4([[0.036981, -0.997441, 0.0611813, 0.0)], [0.923177, 0.0106598, -0.384227, 0.0)], [0.382592, 0.0706903, 0.921209, 0.0)], [0.0427315, 0.00134605, -0.0938721, 1.0)]])
0.0427315, 0.00134605, -0.0938721
float3(-0.0707493, 0.393639, -1.56011)
599627.51325125
normal
simd_float4x4([[0.0316775, -0.997746, 0.0591595, 0.0)], [0.948495, 0.0113424, -0.316588, 0.0)], [0.315203, 0.0661412, 0.946716, 0.0)], [0.0673244, 0.00135365, -0.0982904, 1.0)]])
0.0673244, 0.00135365, -0.0982904
float3(-0.0661895, 0.3214, -1.55943)
599627.746579708
normal
simd_float4x4([[0.0247613, -0.998098, 0.0564497, 0.0)], [0.971248, 0.0106441, -0.237833, 0.0)], [0.236779, 0.0607157, 0.969664, 0.0)], [0.0987425, 0.00187674, -0.103557, 1.0)]])
0.0987425, 0.00187674, -0.103557
float3(-0.060753, 0.2395, -1.56013)
599627.963221083
normal
simd_float4x4([[0.0224312, -0.998284, 0.05409, 0.0)], [0.983529, 0.0123289, -0.180329, 0.0)], [0.179353, 0.0572441, 0.982118, 0.0)], [0.135551, 0.0021975, -0.110467, 1.0)]])
0.135551, 0.0021975, -0.110467
float3(-0.0572754, 0.180628, -1.55845)
599628.196527
normal
simd_float4x4([[0.0218883, -0.998134, 0.0570035, 0.0)], [0.990311, 0.0138254, -0.138178, 0.0)], [0.137132, 0.0594757, 0.988766, 0.0)], [0.174893, 0.00102, -0.119394, 1.0)]])
0.174893, 0.00102, -0.119394
float3(-0.0595108, 0.137811, -1.55695)
599628.413168333
normal
simd_float4x4([[0.0212338, -0.998, 0.059534, 0.0)], [0.994799, 0.015157, -0.100725, 0.0)], [0.0996216, 0.0613631, 0.993131, 0.0)], [0.216364, 0.00187383, -0.126916, 1.0)]])
0.216364, 0.00187383, -0.126916
float3(-0.0614017, 0.0999761, -1.55561)
599628.646474625
normal
simd_float4x4([[0.0189921, -0.997727, 0.0646607, 0.0)], [0.997989, 0.0150064, -0.061577, 0.0)], [0.0604667, 0.0657002, 0.996006, 0.0)], [0.246102, 0.00183412, -0.13265, 1.0)]])
0.246102, 0.00183412, -0.13265
float3(-0.0657475, 0.0606347, -1.55576)
599628.846507125
normal
simd_float4x4([[0.0141983, -0.997555, 0.0684322, 0.0)], [0.999246, 0.0116831, -0.0370168, 0.0)], [0.0361268, 0.0689062, 0.996969, 0.0)], [0.265278, 0.000966517, -0.134738, 1.0)]])
0.265278, 0.000966517, -0.134738
float3(-0.0689608, 0.0362208, -1.55909)
599629.046618083
normal
simd_float4x4([[0.00806068, -0.997728, 0.0668871, 0.0)], [0.999714, 0.00653426, -0.0230084, 0.0)], [0.0225191, 0.0670534, 0.997495, 0.0)], [0.286599, 0.0010881, -0.129223, 1.0)]])
0.286599, 0.0010881, -0.129223
float3(-0.0671038, 0.0225718, -1.56425)
599629.280080833
normal
simd_float4x4([[0.00528468, -0.997956, 0.0636841, 0.0)], [0.999585, 0.00346836, -0.0285976, 0.0)], [0.0283183, 0.0638088, 0.99756, 0.0)], [0.283841, 0.00233006, -0.120108, 1.0)]])
0.283841, 0.00233006, -0.120108
float3(-0.0638521, 0.02838, -1.56732)
599629.513543916
normal
simd_float4x4([[0.0065272, -0.997903, 0.064393, 0.0)], [0.997808, 0.00225915, -0.0661326, 0.0)], [0.0658485, 0.0646835, 0.995731, 0.0)], [0.284245, 0.00252142, -0.116666, 1.0)]])
0.284245, 0.00252142, -0.116666
float3(-0.0647287, 0.0660347, -1.56853)
599629.73033075
normal
simd_float4x4([[0.00322222, -0.997766, 0.0667307, 0.0)], [0.994454, -0.00381752, -0.105099, 0.0)], [0.105119, 0.0666993, 0.99222, 0.0)], [0.294439, 0.00125103, -0.113416, 1.0)]])
0.294439, 0.00125103, -0.113416
float3(-0.0667489, 0.10555, -1.57462)
599629.947117833
normal
simd_float4x4([[0.0029663, -0.997784, 0.0664719, 0.0)], [0.988002, -0.00733971, -0.154263, 0.0)], [0.154409, 0.066132, 0.985791, 0.0)], [0.300718, 0.00076088, -0.113216, 1.0)]])
0.300718, 0.00076088, -0.113216
float3(-0.0661803, 0.155372, -1.57815)
599630.147172958
normal
simd_float4x4([[0.00424558, -0.99776, 0.0667642, 0.0)], [0.979686, -0.00923588, -0.200325, 0.0)], [0.200493, 0.0662584, 0.977452, 0.0)], [0.304421, 0.000590831, -0.115134, 1.0)]])
0.304421, 0.000590831, -0.115134
float3(-0.066307, 0.202312, -1.58005)
599630.397144041
normal
simd_float4x4([[0.0049702, -0.997925, 0.0641979, 0.0)], [0.96946, -0.0109331, -0.245005, 0.0)], [0.245198, 0.063455, 0.967394, 0.0)], [0.314301, 0.00115418, -0.119494, 1.0)]])
0.314301, 0.00115418, -0.119494
float3(-0.0634977, 0.248235, -1.58175)
599630.613785708
normal
simd_float4x4([[0.00517223, -0.997769, 0.0665634, 0.0)], [0.964694, -0.0125495, -0.263074, 0.0)], [0.263322, 0.065574, 0.962477, 0.0)], [0.333866, 0.000802467, -0.124653, 1.0)]])
0.333866, 0.000802467, -0.124653
float3(-0.0656211, 0.267053, -1.58337)
599630.863756708
normal
simd_float4x4([[0.0054537, -0.997763, 0.0666313, 0.0)], [0.961405, -0.0130982, -0.274827, 0.0)], [0.275085, 0.0655585, 0.959182, 0.0)], [0.358028, 0.00155884, -0.13071, 1.0)]])
0.358028, 0.00155884, -0.13071
float3(-0.0656055, 0.279295, -1.58392)
599631.0803985
normal
simd_float4x4([[0.00803365, -0.99771, 0.0671599, 0.0)], [0.959716, -0.0111706, -0.280749, 0.0)], [0.280856, 0.0667099, 0.957429, 0.0)], [0.375412, 0.0025536, -0.135634, 1.0)]])
0.375412, 0.0025536, -0.135634
float3(-0.0667595, 0.28534, -1.58199)
599631.330369541
normal
simd_float4x4([[0.0145747, -0.997902, 0.0630775, 0.0)], [0.957969, -0.00413981, -0.286841, 0.0)], [0.286501, 0.0646069, 0.955899, 0.0)], [0.387753, 0.00394432, -0.137384, 1.0)]])
0.387753, 0.00394432, -0.137384
float3(-0.064652, 0.291199, -1.57494)
599631.547011083
normal
simd_float4x4([[0.0177192, -0.998017, 0.0603957, 0.0)], [0.955865, -0.000809042, -0.293805, 0.0)], [0.293272, 0.0629361, 0.953955, 0.0)], [0.393541, 0.00448652, -0.137717, 1.0)]])
0.393541, 0.00448652, -0.137717
float3(-0.0629777, 0.298257, -1.57161)
599631.813647166
normal
simd_float4x4([[0.0194338, -0.997904, 0.0617317, 0.0)], [0.954065, 4.63483e-05, -0.2996, 0.0)], [0.298969, 0.0647184, 0.952066, 0.0)], [0.400343, 0.00537969, -0.141195, 1.0)]])
0.400343, 0.00537969, -0.141195
float3(-0.0647637, 0.304271, -1.57075)
599632.030289
normal
simd_float4x4([[0.0195707, -0.997896, 0.0618066, 0.0)], [0.951762, -0.000338474, -0.306836, 0.0)], [0.306211, 0.0648302, 0.949754, 0.0)], [0.402168, 0.00462945, -0.145988, 1.0)]])
0.402168, 0.00462945, -0.145988
float3(-0.0648757, 0.311889, -1.57114)
599632.280260208
normal
simd_float4x4([[0.0281878, -0.997262, 0.0683723, 0.0)], [0.94756, 0.00487534, -0.31954, 0.0)], [0.318331, 0.073794, 0.945103, 0.0)], [0.402416, 0.00187292, -0.150053, 1.0)]])
0.402416, 0.00187292, -0.150053
float3(-0.0738612, 0.324887, -1.56591)
599632.513566708
normal
simd_float4x4([[0.0339613, -0.995739, 0.0857388, 0.0)], [0.947256, 0.00471579, -0.320442, 0.0)], [0.318672, 0.0920993, 0.94338, 0.0)], [0.390773, -0.00474953, -0.157001, 1.0)]])
0.390773, -0.00474953, -0.157001
float3(-0.09223, 0.325764, -1.56606)
599632.730208583
normal
simd_float4x4([[0.0399052, -0.994914, 0.092486, 0.0)], [0.96757, 0.0153701, -0.252137, 0.0)], [0.249433, 0.0995482, 0.963262, 0.0)], [0.395162, -0.00744136, -0.161942, 1.0)]])
0.395162, -0.00744136, -0.161942
float3(-0.0997133, 0.253381, -1.55535)
599632.963515083
normal
simd_float4x4([[0.0428179, -0.994168, 0.0989739, 0.0)], [0.991435, 0.0300475, -0.127094, 0.0)], [0.123379, 0.103568, 0.98694, 0.0)], [0.415768, -0.00883719, -0.163528, 1.0)]])
0.415768, -0.00883719, -0.163528
float3(-0.103754, 0.124366, -1.54058)
599633.163559541
normal
simd_float4x4([[0.0380146, -0.993644, 0.105957, 0.0)], [0.998379, 0.0332727, -0.0461674, 0.0)], [0.0423485, 0.107541, 0.993298, 0.0)], [0.430912, -0.0120544, -0.159915, 1.0)]])
0.430912, -0.0120544, -0.159915
float3(-0.107749, 0.0426084, -1.53732)
599633.380346708
normal
simd_float4x4([[0.0332708, -0.992207, 0.120075, 0.0)], [0.999304, 0.0309944, -0.0207767, 0.0)], [0.0168932, 0.120682, 0.992547, 0.0)], [0.437391, -0.0197453, -0.160764, 1.0)]])
0.437391, -0.0197453, -0.160764
float3(-0.120977, 0.0170184, -1.53957)
599633.597134083
normal
simd_float4x4([[0.0308125, -0.989262, 0.14287, 0.0)], [0.99902, 0.0259382, -0.0358553, 0.0)], [0.0317645, 0.143835, 0.989092, 0.0)], [0.43715, -0.0310227, -0.168249, 1.0)]])
0.43715, -0.0310227, -0.168249
float3(-0.144335, 0.0321038, -1.54458)
599633.797245666
normal
simd_float4x4([[0.0163823, -0.985484, 0.168977, 0.0)], [0.999842, 0.0149801, -0.00956968, 0.0)], [0.00689948, 0.169107, 0.985573, 0.0)], [0.449678, -0.0395392, -0.178121, 1.0)]])
0.449678, -0.0395392, -0.178121
float3(-0.169924, 0.00700035, -1.5556)
599633.99735725
normal
simd_float4x4([[-0.0078449, -0.981359, 0.192025, 0.0)], [0.994806, 0.0118302, 0.101101, 0.0)], [-0.101488, 0.19182, 0.976169, 0.0)], [0.487698, -0.046993, -0.18506, 1.0)]])
0.487698, -0.046993, -0.18506
float3(-0.193017, -0.103593, -1.55874)
599634.214144666
normal
simd_float4x4([[-0.0311857, -0.978319, 0.204742, 0.0)], [0.97302, 0.0171353, 0.230085, 0.0)], [-0.228605, 0.206394, 0.951389, 0.0)], [0.557118, -0.0505142, -0.199235, 1.0)]])
0.557118, -0.0505142, -0.199235
float3(-0.207888, -0.235815, -1.55328)
599634.41425625
normal
simd_float4x4([[-0.0473598, -0.981122, 0.187501, 0.0)], [0.946237, 0.0160663, 0.323074, 0.0)], [-0.319987, 0.192721, 0.927613, 0.0)], [0.64007, -0.048591, -0.214501, 1.0)]])
0.64007, -0.048591, -0.214501
float3(-0.193935, -0.332176, -1.55442)
599634.614368041
normal
simd_float4x4([[-0.0412685, -0.984267, 0.171801, 0.0)], [0.897643, 0.0389888, 0.438994, 0.0)], [-0.438786, 0.172333, 0.881912, 0.0)], [0.718982, -0.042856, -0.215279, 1.0)]])
0.718982, -0.042856, -0.215279
float3(-0.173198, -0.461677, -1.5312)
599634.8144795
normal
simd_float4x4([[-0.0681072, -0.982798, 0.171669, 0.0)], [0.831382, 0.0392102, 0.554316, 0.0)], [-0.551511, 0.180476, 0.81441, 0.0)], [0.787706, -0.0459968, -0.21885, 1.0)]])
0.787706, -0.0459968, -0.21885
float3(-0.18147, -0.595253, -1.53092)
599635.014591208
normal
simd_float4x4([[-0.0914102, -0.980579, 0.173518, 0.0)], [0.780163, 0.037769, 0.624435, 0.0)], [-0.618861, 0.192452, 0.76156, 0.0)], [0.835158, -0.0500751, -0.240169, 1.0)]])
0.835158, -0.0500751, -0.240169
float3(-0.19366, -0.682391, -1.5323)
599635.214702875
normal
simd_float4x4([[-0.0996286, -0.982125, 0.159703, 0.0)], [0.729475, 0.0370632, 0.683003, 0.0)], [-0.676713, 0.184546, 0.712743, 0.0)], [0.880523, -0.0509398, -0.28135, 1.0)]])
0.880523, -0.0509398, -0.28135
float3(-0.18561, -0.759473, -1.53308)
599635.414814416
normal
simd_float4x4([[-0.0817183, -0.991215, 0.103993, 0.0)], [0.615766, 0.0318326, 0.787285, 0.0)], [-0.78368, 0.128371, 0.607756, 0.0)], [0.921136, -0.0322302, -0.314451, 1.0)]])
0.921136, -0.0322302, -0.314451
float3(-0.128726, -0.911164, -1.53869)
599635.614926166
normal
simd_float4x4([[-0.0880175, -0.994534, 0.0561626, 0.0)], [0.443577, 0.0113504, 0.896164, 0.0)], [-0.891904, 0.103791, 0.440154, 0.0)], [0.959525, -0.013031, -0.316864, 1.0)]])
0.959525, -0.013031, -0.316864
float3(-0.103978, -1.11236, -1.55938)
599635.815037916
normal
simd_float4x4([[-0.095122, -0.994005, 0.0539021, 0.0)], [0.301915, 0.0227899, 0.953062, 0.0)], [-0.948577, 0.106931, 0.297937, 0.0)], [0.987657, -0.00561567, -0.32241, 1.0)]])
0.987657, -0.00561567, -0.32241
float3(-0.107136, -1.26647, -1.54787)
599636.031825625
normal
simd_float4x4([[-0.102527, -0.992811, 0.0617662, 0.0)], [0.194551, 0.0408806, 0.98004, 0.0)], [-0.975519, 0.112497, 0.188961, 0.0)], [1.01742, 0.0068806, -0.321258, 1.0)]])
1.01742, 0.0068806, -0.321258
float3(-0.112736, -1.37946, -1.52964)
599636.248613333
normal
simd_float4x4([[-0.122195, -0.990278, 0.0664611, 0.0)], [0.149972, 0.0477713, 0.987535, 0.0)], [-0.98111, 0.130639, 0.142677, 0.0)], [1.0536, 0.0168766, -0.314839, 1.0)]])
1.0536, 0.0168766, -0.314839
float3(-0.131014, -1.42639, -1.52259)
599636.448725
normal
simd_float4x4([[-0.106882, -0.99382, 0.0299582, 0.0)], [0.111522, 0.0179577, 0.9936, 0.0)], [-0.987997, 0.109539, 0.108914, 0.0)], [1.09076, 0.0286463, -0.281211, 1.0)]])
1.09076, 0.0286463, -0.281211
float3(-0.10976, -1.461, -1.55273)
599636.648836791
normal
simd_float4x4([[-0.109538, -0.993813, 0.0183539, 0.0)], [0.0681054, 0.0109176, 0.997618, 0.0)], [-0.991647, 0.110527, 0.0664881, 0.0)], [1.14935, 0.0115752, -0.259894, 1.0)]])
1.14935, 0.0115752, -0.259894
float3(-0.110753, -1.50385, -1.55981)
599636.848948583
normal
simd_float4x4([[-0.107172, -0.993991, 0.0222741, 0.0)], [0.0312811, 0.019021, 0.99933, 0.0)], [-0.993748, 0.107797, 0.0290546, 0.0)], [1.18531, 0.00325635, -0.239709, 1.0)]])
1.18531, 0.00325635, -0.239709
float3(-0.108006, -1.54157, -1.55166)
599637.049060333
normal
simd_float4x4([[-0.110487, -0.993604, 0.0233047, 0.0)], [-0.067256, 0.0308691, 0.997258, 0.0)], [-0.991599, 0.108616, -0.0702365, 0.0)], [1.23124, 0.000454758, -0.211319, 1.0)]])
1.23124, 0.000454758, -0.211319
float3(-0.108831, -1.64151, -1.53974)
599637.249172041
normal
simd_float4x4([[-0.133924, -0.990977, 0.00529317, 0.0)], [-0.216984, 0.0345349, 0.975564, 0.0)], [-0.966945, 0.129503, -0.219652, 0.0)], [1.28816, -0.00710458, -0.179521, 1.0)]])
1.28816, -0.00710458, -0.179521
float3(-0.129868, -1.79417, -1.53596)
599637.449284
normal
simd_float4x4([[-0.136146, -0.99068, -0.00419227, 0.0)], [-0.404655, 0.0517467, 0.913004, 0.0)], [-0.904278, 0.125998, -0.407928, 0.0)], [1.35989, -0.0113339, -0.164631, 1.0)]])
1.35989, -0.0113339, -0.164631
float3(-0.126334, -1.99457, -1.51861)
599637.64939575
normal
simd_float4x4([[-0.112713, -0.993032, -0.0344066, 0.0)], [-0.580717, 0.0377368, 0.81323, 0.0)], [-0.806265, 0.111642, -0.580924, 0.0)], [1.41251, -0.00308837, -0.174819, 1.0)]])
1.41251, -0.00308837, -0.174819
float3(-0.111875, -2.19516, -1.53281)
599637.849507708
normal
simd_float4x4([[-0.0704304, -0.996479, -0.0454779, 0.0)], [-0.682541, 0.0148936, 0.730695, 0.0)], [-0.727445, 0.0825037, -0.681188, 0.0)], [1.46914, 0.0105134, -0.195728, 1.0)]])
1.46914, 0.0105134, -0.195728
float3(-0.0825976, -2.32337, -1.55585)
599638.049619583
normal
simd_float4x4([[-0.060103, -0.996533, -0.0575279, 0.0)], [-0.752859, 0.00741344, 0.65814, 0.0)], [-0.655432, 0.0828666, -0.750695, 0.0)], [1.50267, 0.0150279, -0.212232, 1.0)]])
1.50267, 0.0150279, -0.212232
float3(-0.0829618, -2.42384, -1.56336)
599638.26640725
normal
simd_float4x4([[-0.0702524, -0.995934, -0.0563835, 0.0)], [-0.795212, 0.0217891, 0.60594, 0.0)], [-0.602248, 0.0874056, -0.793509, 0.0)], [1.52521, 0.0139224, -0.212884, 1.0)]])
1.52521, 0.0139224, -0.212884
float3(-0.0875173, -2.49238, -1.54892)
599638.466519416
normal
simd_float4x4([[-0.0861571, -0.991598, -0.0964875, 0.0)], [-0.813293, 0.0140638, 0.581685, 0.0)], [-0.575441, 0.128589, -0.807671, 0.0)], [1.55233, 0.00252175, -0.173529, 1.0)]])
1.55233, 0.00252175, -0.173529
float3(-0.128946, -2.52255, -1.55661)
599638.666631208
normal
simd_float4x4([[-0.0839764, -0.991938, -0.0949002, 0.0)], [-0.806307, 0.0116827, 0.591382, 0.0)], [-0.585505, 0.126181, -0.800788, 0.0)], [1.57423, -0.00673201, -0.12125, 1.0)]])
1.57423, -0.00673201, -0.12125
float3(-0.126518, -2.51026, -1.55902)
599638.866743208
normal
simd_float4x4([[-0.0651127, -0.995691, -0.0660292, 0.0)], [-0.792011, 0.0113143, 0.610402, 0.0)], [-0.607025, 0.0920407, -0.789335, 0.0)], [1.5679, 0.00547222, -0.0518219, 1.0)]])
1.5679, 0.00547222, -0.0518219
float3(-0.0921712, -2.48602, -1.55943)
599639.066855041
normal
simd_float4x4([[-0.0571289, -0.997744, -0.0352705, 0.0)], [-0.773638, 0.0219115, 0.633249, 0.0)], [-0.631047, 0.0634634, -0.773144, 0.0)], [1.54098, 0.0102624, 0.0338925, 1.0)]])
1.54098, 0.0102624, 0.0338925
float3(-0.0635061, -2.45705, -1.54884)
599639.266966958
normal
simd_float4x4([[-0.0397182, -0.998859, -0.0265373, 0.0)], [-0.766718, 0.0134352, 0.641843, 0.0)], [-0.640754, 0.0458395, -0.766377, 0.0)], [1.51131, 0.00259246, 0.101731, 1.0)]])
1.51131, 0.00259246, 0.101731
float3(-0.0458555, -2.44523, -1.55735)
599639.467078958
normal
simd_float4x4([[-0.0570781, -0.997733, -0.0356391, 0.0)], [-0.777684, 0.0220477, 0.628269, 0.0)], [-0.626059, 0.0635764, -0.777179, 0.0)], [1.51304, -0.00124962, 0.162771, 1.0)]])
1.51304, -0.00124962, 0.162771
float3(-0.0636193, -2.46347, -1.5487)
599639.667190916
normal
simd_float4x4([[-0.0690214, -0.996407, -0.0490798, 0.0)], [-0.786644, 0.0241027, 0.616937, 0.0)], [-0.613537, 0.0811901, -0.785481, 0.0)], [1.5348, -0.010412, 0.21526, 1.0)]])
1.5348, -0.010412, 0.21526
float3(-0.0812796, -2.47848, -1.54661)
599639.867302791
normal
simd_float4x4([[-0.0615955, -0.997414, -0.0370445, 0.0)], [-0.805005, 0.027703, 0.592621, 0.0)], [-0.590061, 0.0663238, -0.804629, 0.0)], [1.57262, -0.0126477, 0.285919, 1.0)]])
1.57262, -0.0126477, 0.285919
float3(-0.0663725, -2.50884, -1.54303)
599640.067414708
normal
simd_float4x4([[-0.030737, -0.998894, -0.0355751, 0.0)], [-0.823382, 0.00512637, 0.567465, 0.0)], [-0.566655, 0.046734, -0.822629, 0.0)], [1.61393, -0.0117552, 0.35457, 1.0)]])
1.61393, -0.0117552, 0.35457
float3(-0.0467511, -2.5384, -1.56566)
599640.284202791
normal
simd_float4x4([[-0.0403366, -0.998016, -0.0483466, 0.0)], [-0.835941, 0.00720213, 0.548771, 0.0)], [-0.547334, 0.0625505, -0.834573, 0.0)], [1.65689, -0.0124575, 0.422614, 1.0)]])
1.65689, -0.0124575, 0.422614
float3(-0.0625914, -2.56113, -1.56358)
599640.484314791
normal
simd_float4x4([[-0.0529098, -0.996692, -0.0616931, 0.0)], [-0.840777, 0.0111297, 0.541267, 0.0)], [-0.538789, 0.0805084, -0.838585, 0.0)], [1.68015, -0.00786966, 0.481548, 1.0)]])
1.68015, -0.00786966, 0.481548
float3(-0.0805957, -2.57051, -1.55963)
599640.684426916
normal
simd_float4x4([[-0.0534231, -0.996275, -0.0676947, 0.0)], [-0.856664, 0.0108921, 0.515759, 0.0)], [-0.5131, 0.0855451, -0.854055, 0.0)], [1.84532, -0.0160601, 0.472466, 1.0)]])
1.84532, -0.0160601, 0.472466
float3(-0.0856498, -2.6006, -1.55986)
599640.884538875
normal
simd_float4x4([[-0.0495366, -0.996163, -0.0721515, 0.0)], [-0.849459, 0.00402492, 0.527638, 0.0)], [-0.525323, 0.0874272, -0.846399, 0.0)], [1.86853, -0.0172209, 0.542687, 1.0)]])
1.86853, -0.0172209, 0.542687
float3(-0.087539, -2.58612, -1.56676)
599641.084651
normal
simd_float4x4([[-0.0520332, -0.997228, -0.0531923, 0.0)], [-0.833601, 0.0140417, 0.552188, 0.0)], [-0.54991, 0.0730733, -0.832021, 0.0)], [1.87594, -0.0143713, 0.636234, 1.0)]])
1.87594, -0.0143713, 0.636234
float3(-0.0731384, -2.55757, -1.55672)
599641.301438958
normal
simd_float4x4([[-0.0468108, -0.998155, -0.0386755, 0.0)], [-0.821848, 0.0164773, 0.569468, 0.0)], [-0.56778, 0.0584427, -0.821103, 0.0)], [1.87741, -0.0127699, 0.731642, 1.0)]])
1.87741, -0.0127699, 0.731642
float3(-0.058476, -2.53661, -1.55429)
599641.518227083
normal
simd_float4x4([[-0.0584836, -0.99643, -0.0608871, 0.0)], [-0.810785, 0.0118273, 0.585225, 0.0)], [-0.582415, 0.0835924, -0.808582, 0.0)], [1.88419, -0.0176923, 0.811846, 1.0)]])
1.88419, -0.0176923, 0.811846
float3(-0.0836901, -2.51738, -1.55893)
599641.735015333
normal
simd_float4x4([[-0.0597256, -0.996699, -0.0549928, 0.0)], [-0.808311, 0.0159641, 0.588539, 0.0)], [-0.585718, 0.0796022, -0.806596, 0.0)], [1.89756, -0.0159401, 0.862584, 1.0)]])
1.89756, -0.0159401, 0.862584
float3(-0.0796865, -2.51352, -1.55478)
599641.935127458
normal
simd_float4x4([[-0.0562784, -0.99607, -0.0683907, 0.0)], [-0.818738, 0.00683921, 0.574127, 0.0)], [-0.571403, 0.088305, -0.815905, 0.0)], [1.92112, -0.022053, 0.912701, 1.0)]])
1.92112, -0.022053, 0.912701
float3(-0.0884202, -2.53065, -1.56393)
599642.135239458
normal
simd_float4x4([[-0.064905, -0.99551, -0.0688957, 0.0)], [-0.8404, 0.0173037, 0.54169, 0.0)], [-0.538066, 0.0930584, -0.83775, 0.0)], [1.96206, -0.0262182, 0.971322, 1.0)]])
1.96206, -0.0262182, 0.971322
float3(-0.0931932, -2.57067, -1.55342)
599642.352027666
normal
simd_float4x4([[-0.0418587, -0.99686, -0.0672178, 0.0)], [-0.858223, 0.00142734, 0.513275, 0.0)], [-0.511568, 0.0791729, -0.855588, 0.0)], [2.01826, -0.0173349, 1.0354, 1.0)]])
2.01826, -0.0173349, 1.0354
float3(-0.0792559, -2.60271, -1.56936)
599642.552139916
normal
simd_float4x4([[-0.0370193, -0.995636, -0.085668, 0.0)], [-0.857492, -0.0123735, 0.514349, 0.0)], [-0.513164, 0.0925004, -0.853291, 0.0)], [2.07999, -0.0185509, 1.08795, 1.0)]])
2.07999, -0.0185509, 1.08795
float3(-0.0926329, -2.60015, -1.58322)
599642.752251958
normal
simd_float4x4([[-0.0415127, -0.994402, -0.0971674, 0.0)], [-0.856708, -0.0146165, 0.515595, 0.0)], [-0.514129, 0.104648, -0.851305, 0.0)], [2.11822, -0.0189318, 1.12892, 1.0)]])
2.11822, -0.0189318, 1.12892
float3(-0.10484, -2.59829, -1.58549)
599642.96904025
normal
simd_float4x4([[-0.0418468, -0.994972, -0.0909967, 0.0)], [-0.854949, -0.0114704, 0.518586, 0.0)], [-0.517022, 0.0994986, -0.85017, 0.0)], [2.14625, -0.0155301, 1.17945, 1.0)]])
2.14625, -0.0155301, 1.17945
float3(-0.0996635, -2.59521, -1.58232)
599643.185828333
normal
simd_float4x4([[-0.0449782, -0.99484, -0.0909388, 0.0)], [-0.849594, -0.00979349, 0.527346, 0.0)], [-0.525516, 0.10098, -0.84477, 0.0)], [2.17679, -0.0186958, 1.24616, 1.0)]])
2.17679, -0.0186958, 1.24616
float3(-0.101153, -2.58509, -1.58064)
599643.385940541
normal
simd_float4x4([[-0.050585, -0.99472, -0.0892895, 0.0)], [-0.827102, -0.00838507, 0.561989, 0.0)], [-0.559771, 0.10228, -0.822311, 0.0)], [2.2127, -0.0224431, 1.32864, 1.0)]])
2.2127, -0.0224431, 1.32864
float3(-0.102459, -2.54392, -1.57923)
599643.58605275
normal
simd_float4x4([[-0.0649908, -0.994181, -0.0859053, 0.0)], [-0.804661, 0.00129839, 0.593733, 0.0)], [-0.590166, 0.107712, -0.800063, 0.0)], [2.24695, -0.0172969, 1.42398, 1.0)]])
2.24695, -0.0172969, 1.42398
float3(-0.107921, -2.50604, -1.56949)
599643.802841166
normal
simd_float4x4([[-0.0638121, -0.995328, -0.072457, 0.0)], [-0.793874, 0.00663254, 0.608046, 0.0)], [-0.604725, 0.0963225, -0.790588, 0.0)], [2.27303, -0.0147211, 1.52408, 1.0)]])
2.27303, -0.0147211, 1.52408
float3(-0.096472, -2.48862, -1.56413)
599644.019629333
normal
simd_float4x4([[-0.074947, -0.99288, -0.0925848, 0.0)], [-0.78194, 0.000897366, 0.623353, 0.0)], [-0.618832, 0.119114, -0.77644, 0.0)], [2.29055, -0.0231814, 1.61028, 1.0)]])
2.29055, -0.0231814, 1.61028
float3(-0.119398, -2.46868, -1.56989)
599644.2197415
normal
simd_float4x4([[-0.0786937, -0.991906, -0.0996446, 0.0)], [-0.772509, -0.00250286, 0.634999, 0.0)], [-0.630109, 0.126947, -0.76606, 0.0)], [2.30027, -0.0260497, 1.6581, 1.0)]])
2.30027, -0.0260497, 1.6581
float3(-0.12729, -2.45326, -1.57332)
599644.41985375
normal
simd_float4x4([[-0.08558, -0.990369, -0.108837, 0.0)], [-0.763476, -0.00499889, 0.645817, 0.0)], [-0.640141, 0.138364, -0.755695, 0.0)], [2.30993, -0.0298214, 1.69309, 1.0)]])
2.30993, -0.0298214, 1.69309
float3(-0.138809, -2.43879, -1.57584)
599644.636642166
normal
simd_float4x4([[-0.0856787, -0.990852, -0.104267, 0.0)], [-0.774921, 0.000496302, 0.632058, 0.0)], [-0.626224, 0.134952, -0.767875, 0.0)], [2.33786, -0.0334063, 1.73627, 1.0)]])
2.33786, -0.0334063, 1.73627
float3(-0.135365, -2.45745, -1.5703)
599644.853430416
normal
simd_float4x4([[-0.0798162, -0.991656, -0.101235, 0.0)], [-0.791395, 0.00129179, 0.611304, 0.0)], [-0.606072, 0.128908, -0.784894, 0.0)], [2.38798, -0.0348597, 1.79404, 1.0)]])
2.38798, -0.0348597, 1.79404
float3(-0.129268, -2.48405, -1.56949)
599645.053542708
normal
simd_float4x4([[-0.0505124, -0.993355, -0.103413, 0.0)], [-0.788584, -0.0238689, 0.614464, 0.0)], [-0.612849, 0.112588, -0.782138, 0.0)], [2.4373, -0.0279457, 1.84218, 1.0)]])
2.4373, -0.0279457, 1.84218
float3(-0.112827, -2.47696, -1.59482)
599645.253654958
normal
simd_float4x4([[-0.0399478, -0.99502, -0.0913232, 0.0)], [-0.791421, -0.0242846, 0.610789, 0.0)], [-0.609964, 0.0966748, -0.78651, 0.0)], [2.48089, -0.0207251, 1.87704, 1.0)]])
2.48089, -0.0207251, 1.87704
float3(-0.096826, -2.48195, -1.5952)
599645.453767333
normal
simd_float4x4([[-0.0410021, -0.994393, -0.0974714, 0.0)], [-0.795068, -0.0266112, 0.605936, 0.0)], [-0.605133, 0.102341, -0.789519, 0.0)], [2.5185, -0.0158835, 1.92664, 1.0)]])
2.5185, -0.0158835, 1.92664
float3(-0.102521, -2.48764, -1.59755)
599645.65387975
normal
simd_float4x4([[-0.0591269, -0.993717, -0.0950243, 0.0)], [-0.792749, -0.0111093, 0.609447, 0.0)], [-0.606674, 0.111365, -0.787111, 0.0)], [2.56113, -0.0177631, 1.99514, 1.0)]])
2.56113, -0.0177631, 1.99514
float3(-0.111597, -2.48494, -1.58198)
599645.870668208
normal
simd_float4x4([[-0.0640915, -0.993596, -0.0930518, 0.0)], [-0.768983, -0.0102579, 0.639187, 0.0)], [-0.636048, 0.112522, -0.763401, 0.0)], [2.60566, -0.0202686, 2.09077, 1.0)]])
2.60566, -0.0202686, 2.09077
float3(-0.112761, -2.44695, -1.58112)
599646.0707805
normal
simd_float4x4([[-0.0629436, -0.994485, -0.0838908, 0.0)], [-0.757631, -0.00710205, 0.652645, 0.0)], [-0.649641, 0.104638, -0.753005, 0.0)], [2.64509, -0.00877121, 2.19161, 1.0)]])
2.64509, -0.00877121, 2.19161
float3(-0.10483, -2.42975, -1.57794)
599646.270892916
normal
simd_float4x4([[-0.0643885, -0.995295, -0.072405, 0.0)], [-0.753324, 0.000892476, 0.657649, 0.0)], [-0.65449, 0.0968894, -0.749837, 0.0)], [2.68713, -0.0151936, 2.28766, 1.0)]])
2.68713, -0.0151936, 2.28766
float3(-0.0970416, -2.42399, -1.5699)
599646.471005166
normal
simd_float4x4([[-0.0805537, -0.99207, -0.0964749, 0.0)], [-0.749853, -0.00345124, 0.661595, 0.0)], [-0.656682, 0.125636, -0.743629, 0.0)], [2.72046, -0.0217555, 2.36672, 1.0)]])
2.72046, -0.0217555, 2.36672
float3(-0.125969, -2.41821, -1.57428)
599646.687793625
normal
simd_float4x4([[-0.103704, -0.990551, -0.0897457, 0.0)], [-0.756811, 0.0200405, 0.653327, 0.0)], [-0.645355, 0.135673, -0.751738, 0.0)], [2.76235, -0.027521, 2.43587, 1.0)]])
2.76235, -0.027521, 2.43587
float3(-0.136093, -2.43219, -1.55057)
599646.887906041
normal
simd_float4x4([[-0.109684, -0.989788, -0.0910458, 0.0)], [-0.76773, 0.0261843, 0.640238, 0.0)], [-0.631316, 0.140123, -0.762762, 0.0)], [2.81417, -0.0371374, 2.50777, 1.0)]])
2.81417, -0.0371374, 2.50777
float3(-0.140585, -2.45021, -1.54435)
599647.088018583
normal
simd_float4x4([[-0.082281, -0.992466, -0.0907796, 0.0)], [-0.787005, 0.00882167, 0.616883, 0.0)], [-0.611435, 0.122202, -0.781802, 0.0)], [2.8742, -0.0356502, 2.57763, 1.0)]])
2.8742, -0.0356502, 2.57763
float3(-0.122508, -2.47787, -1.56191)
599647.304806916
normal
simd_float4x4([[-0.050865, -0.993833, -0.0985295, 0.0)], [-0.795999, -0.0192397, 0.604992, 0.0)], [-0.603156, 0.109202, -0.790112, 0.0)], [2.93301, -0.0295058, 2.64147, 1.0)]])
2.93301, -0.0295058, 2.64147
float3(-0.109421, -2.48958, -1.59015)
599647.521595541
normal
simd_float4x4([[-0.0486843, -0.993162, -0.106106, 0.0)], [-0.793641, -0.0260346, 0.607829, 0.0)], [-0.606435, 0.113802, -0.786947, 0.0)], [2.98014, -0.0229445, 2.6977, 1.0)]])
2.98014, -0.0229445, 2.6977
float3(-0.114049, -2.48503, -1.597)
599647.721707791
normal
simd_float4x4([[-0.0516354, -0.993366, -0.102755, 0.0)], [-0.789833, -0.0223447, 0.612915, 0.0)], [-0.611144, 0.112807, -0.783439, 0.0)], [3.02106, -0.0227506, 2.75532, 1.0)]])
3.02106, -0.0227506, 2.75532
float3(-0.113048, -2.47912, -1.59329)
599647.921820416
normal
simd_float4x4([[-0.0467072, -0.99446, -0.0941654, 0.0)], [-0.77911, -0.0227282, 0.626476, 0.0)], [-0.625145, 0.102626, -0.773732, 0.0)], [3.05278, -0.0271576, 2.82628, 1.0)]])
3.05278, -0.0271576, 2.82628
float3(-0.102807, -2.46202, -1.59365)
599648.138608916
normal
simd_float4x4([[-0.0403358, -0.996332, -0.0754736, 0.0)], [-0.756766, -0.0188599, 0.653413, 0.0)], [-0.65244, 0.0834718, -0.753229, 0.0)], [3.09318, -0.0268896, 2.91968, 1.0)]])
3.09318, -0.0268896, 2.91968
float3(-0.083569, -2.42777, -1.58972)
599648.338721416
normal
simd_float4x4([[-0.0513782, -0.996194, -0.0704057, 0.0)], [-0.740599, -0.00928908, 0.671883, 0.0)], [-0.66998, 0.0866625, -0.737303, 0.0)], [3.12828, -0.0241991, 3.02042, 1.0)]])
3.12828, -0.0241991, 3.02042
float3(-0.0867714, -2.404, -1.58012)
599648.538833875
normal
simd_float4x4([[-0.0523498, -0.997095, -0.0553337, 0.0)], [-0.736101, 0.0010841, 0.676871, 0.0)], [-0.674844, 0.0761653, -0.734019, 0.0)], [3.15438, -0.0314028, 3.10076, 1.0)]])
3.15438, -0.0314028, 3.10076
float3(-0.0762391, -2.39817, -1.56971)
599648.738946416
normal
simd_float4x4([[-0.0737837, -0.994935, -0.0682697, 0.0)], [-0.736314, 0.00817875, 0.67659, 0.0)], [-0.672605, 0.100189, -0.733188, 0.0)], [3.18567, -0.0387364, 3.17142, 1.0)]])
3.18567, -0.0387364, 3.17142
float3(-0.100358, -2.39926, -1.56258)
599648.939058791
normal
simd_float4x4([[-0.0880614, -0.993152, -0.076777, 0.0)], [-0.747327, 0.0149106, 0.664289, 0.0)], [-0.658595, 0.115876, -0.743522, 0.0)], [3.22698, -0.0485764, 3.23759, 1.0)]])
3.22698, -0.0485764, 3.23759
float3(-0.116137, -2.41669, -1.55578)
599649.139171333
normal
simd_float4x4([[-0.0787487, -0.994524, -0.0687093, 0.0)], [-0.765798, 0.0162228, 0.642877, 0.0)], [-0.638242, 0.103243, -0.762882, 0.0)], [3.28473, -0.0516016, 3.30302, 1.0)]])
3.28473, -0.0516016, 3.30302
float3(-0.103427, -2.44492, -1.55449)
599649.339283833
normal
simd_float4x4([[-0.0475358, -0.994724, -0.0909139, 0.0)], [-0.772116, -0.0211506, 0.63513, 0.0)], [-0.633701, 0.100387, -0.767036, 0.0)], [3.35608, -0.0465523, 3.37494, 1.0)]])
3.35608, -0.0465523, 3.37494
float3(-0.100557, -2.4511, -1.59206)
599649.5560725
normal
simd_float4x4([[-0.0513802, -0.994745, -0.0885635, 0.0)], [-0.774405, -0.0163113, 0.63248, 0.0)], [-0.630601, 0.101081, -0.769497, 0.0)], [3.43182, -0.0447631, 3.44563, 1.0)]])
3.43182, -0.0447631, 3.44563
float3(-0.101254, -2.45508, -1.58719)
599649.756185125
normal
simd_float4x4([[-0.0525258, -0.993477, -0.101213, 0.0)], [-0.776724, -0.0230576, 0.629419, 0.0)], [-0.627647, 0.111675, -0.770446, 0.0)], [3.48184, -0.0434712, 3.50735, 1.0)]])
3.48184, -0.0434712, 3.50735
float3(-0.111908, -2.45798, -1.594)
599649.956297875
normal
simd_float4x4([[-0.0675901, -0.992721, -0.0996819, 0.0)], [-0.776775, -0.010342, 0.629693, 0.0)], [-0.626141, 0.119991, -0.770422, 0.0)], [3.52594, -0.0476156, 3.56819, 1.0)]])
3.52594, -0.0476156, 3.56819
float3(-0.120281, -2.45914, -1.58121)
599650.156410375
normal
simd_float4x4([[-0.0701688, -0.992427, -0.100818, 0.0)], [-0.758781, -0.0125074, 0.651226, 0.0)], [-0.647556, 0.122195, -0.752157, 0.0)], [3.56629, -0.0529241, 3.63699, 1.0)]])
3.56629, -0.0529241, 3.63699
float3(-0.122501, -2.43079, -1.5834)
599650.356522916
normal
simd_float4x4([[-0.0748516, -0.993448, -0.0863616, 0.0)], [-0.725391, -0.00518146, 0.688317, 0.0)], [-0.684255, 0.114168, -0.720251, 0.0)], [3.60818, -0.0504463, 3.70901, 1.0)]])
3.60818, -0.0504463, 3.70901
float3(-0.114417, -2.38182, -1.57601)
599650.573311625
normal
simd_float4x4([[-0.108736, -0.989497, -0.0952449, 0.0)], [-0.715558, 0.0114021, 0.69846, 0.0)], [-0.690038, 0.144101, -0.709283, 0.0)], [3.6488, -0.0498782, 3.78521, 1.0)]])
3.6488, -0.0498782, 3.78521
float3(-0.144605, -2.36995, -1.55927)
599650.790100166
normal
simd_float4x4([[-0.106702, -0.989464, -0.0978558, 0.0)], [-0.714825, 0.00793054, 0.699258, 0.0)], [-0.691115, 0.144562, -0.70814, 0.0)], [3.68707, -0.0489846, 3.84625, 1.0)]])
3.68707, -0.0489846, 3.84625
float3(-0.14507, -2.36836, -1.56278)
599650.990212875
normal
simd_float4x4([[-0.103731, -0.989041, -0.10506, 0.0)], [-0.728512, 0.00364052, 0.685024, 0.0)], [-0.677134, 0.147596, -0.720906, 0.0)], [3.74232, -0.055788, 3.9052, 1.0)]])
3.74232, -0.055788, 3.9052
float3(-0.148137, -2.38749, -1.56712)
599651.190325583
normal
simd_float4x4([[-0.0722604, -0.99253, -0.0982949, 0.0)], [-0.751296, -0.0106535, 0.65988, 0.0)], [-0.655998, 0.121532, -0.744914, 0.0)], [3.80885, -0.0575266, 3.96613, 1.0)]])
3.80885, -0.0575266, 3.96613
float3(-0.121833, -2.41958, -1.58153)
599651.390438208
normal
simd_float4x4([[-0.0567274, -0.993591, -0.097767, 0.0)], [-0.765416, -0.0195929, 0.643238, 0.0)], [-0.641031, 0.111322, -0.759399, 0.0)], [3.87929, -0.054584, 4.02019, 1.0)]])
3.87929, -0.054584, 4.02019
float3(-0.111553, -2.44052, -1.59051)
599651.590550958
normal
simd_float4x4([[-0.0498627, -0.994791, -0.0889021, 0.0)], [-0.774788, -0.0176428, 0.631975, 0.0)], [-0.630252, 0.100392, -0.769873, 0.0)], [3.93512, -0.0525569, 4.0592, 1.0)]])
3.93512, -0.0525569, 4.0592
float3(-0.100562, -2.45559, -1.58853)
599651.790663583
normal
simd_float4x4([[-0.0589621, -0.995234, -0.0776702, 0.0)], [-0.776965, -0.00309946, 0.629536, 0.0)], [-0.626777, 0.0974658, -0.773079, 0.0)], [3.98037, -0.0494785, 4.10028, 1.0)]])
3.98037, -0.0494785, 4.10028
float3(-0.0976208, -2.46033, -1.57391)
599651.990776291
normal
simd_float4x4([[-0.06465, -0.994567, -0.0815911, 0.0)], [-0.764088, -0.00325408, 0.645104, 0.0)], [-0.641864, 0.104049, -0.759726, 0.0)], [4.02322, -0.0549802, 4.16131, 1.0)]])
4.02322, -0.0549802, 4.16131
float3(-0.104237, -2.44009, -1.57407)
599652.207565041
normal
simd_float4x4([[-0.0673003, -0.99457, -0.0793855, 0.0)], [-0.739371, -0.0037095, 0.673288, 0.0)], [-0.669926, 0.104008, -0.735106, 0.0)], [4.07296, -0.0567003, 4.24601, 1.0)]])
4.07296, -0.0567003, 4.24601
float3(-0.104196, -2.40255, -1.57453)
599652.424353833
normal
simd_float4x4([[-0.069405, -0.995125, -0.0700696, 0.0)], [-0.715898, 0.000767843, 0.698204, 0.0)], [-0.694746, 0.0986216, -0.712462, 0.0)], [4.11206, -0.0499541, 4.33574, 1.0)]])
4.11206, -0.0499541, 4.33574
float3(-0.0987822, -2.36878, -1.57002)
599652.624466458
normal
simd_float4x4([[-0.0864525, -0.994398, -0.0608115, 0.0)], [-0.701643, 0.0174395, 0.712315, 0.0)], [-0.707265, 0.104249, -0.69922, 0.0)], [4.13813, -0.0509525, 4.39957, 1.0)]])
4.13813, -0.0509525, 4.39957
float3(-0.104439, -2.35047, -1.55326)
599652.82457925
normal
simd_float4x4([[-0.0914866, -0.992841, -0.0767864, 0.0)], [-0.692607, 0.00803812, 0.72127, 0.0)], [-0.71549, 0.119169, -0.688385, 0.0)], [4.15791, -0.0528247, 4.4513, 1.0)]])
4.15791, -0.0528247, 4.4513
float3(-0.119453, -2.33689, -1.5627)
599653.024691916
normal
simd_float4x4([[-0.0918753, -0.992448, -0.0812802, 0.0)], [-0.698833, 0.00611533, 0.715258, 0.0)], [-0.70936, 0.122516, -0.694117, 0.0)], [4.18409, -0.0541862, 4.49377, 1.0)]])
4.18409, -0.0541862, 4.49377
float3(-0.122824, -2.34533, -1.56463)
599653.224804666
normal
simd_float4x4([[-0.0908551, -0.992089, -0.0866269, 0.0)], [-0.712776, 0.00403291, 0.70138, 0.0)], [-0.695482, 0.12547, -0.707504, 0.0)], [4.23148, -0.0589986, 4.54656, 1.0)]])
4.23148, -0.0589986, 4.54656
float3(-0.125801, -2.36476, -1.56673)
599653.441593541
normal
simd_float4x4([[-0.0631699, -0.994557, -0.0828561, 0.0)], [-0.717478, -0.0124515, 0.69647, 0.0)], [-0.693711, 0.103443, -0.712786, 0.0)], [4.30923, -0.0583008, 4.60268, 1.0)]])
4.30923, -0.0583008, 4.60268
float3(-0.103629, -2.36976, -1.58332)
599653.658382375
normal
simd_float4x4([[-0.0507351, -0.994319, -0.0935704, 0.0)], [-0.724274, -0.0278775, 0.688949, 0.0)], [-0.687643, 0.102724, -0.718745, 0.0)], [4.38794, -0.0561024, 4.65496, 1.0)]])
4.38794, -0.0561024, 4.65496
float3(-0.102906, -2.37831, -1.59883)
599653.858495083
normal
simd_float4x4([[-0.0642857, -0.992488, -0.104091, 0.0)], [-0.730341, -0.0242898, 0.68265, 0.0)], [-0.680051, 0.119907, -0.723293, 0.0)], [4.44438, -0.0577195, 4.69508, 1.0)]])
4.44438, -0.0577195, 4.69508
float3(-0.120196, -2.387, -1.59527)
599654.058607875
normal
simd_float4x4([[-0.0671133, -0.992378, -0.10335, 0.0)], [-0.734256, -0.0210097, 0.678547, 0.0)], [-0.675547, 0.121425, -0.72725, 0.0)], [4.48328, -0.0589768, 4.73216, 1.0)]])
4.48328, -0.0589768, 4.73216
float3(-0.121725, -2.39304, -1.59196)
599654.258720541
normal
simd_float4x4([[-0.070356, -0.992781, -0.0971373, 0.0)], [-0.731207, -0.0149098, 0.681993, 0.0)], [-0.678518, 0.11901, -0.724879, 0.0)], [4.5189, -0.0642347, 4.78197, 1.0)]])
4.5189, -0.0642347, 4.78197
float3(-0.119293, -2.38922, -1.58581)
599654.458833375
normal
simd_float4x4([[-0.0660202, -0.993485, -0.0928869, 0.0)], [-0.719434, -0.0171103, 0.69435, 0.0)], [-0.691416, 0.112667, -0.713618, 0.0)], [4.55963, -0.0679099, 4.84868, 1.0)]])
4.55963, -0.0679099, 4.84868
float3(-0.112907, -2.37199, -1.58802)
599654.67562225
normal
simd_float4x4([[-0.0779648, -0.993779, -0.0795301, 0.0)], [-0.704955, -0.00145417, 0.70925, 0.0)], [-0.704954, 0.111362, -0.700456, 0.0)], [4.60732, -0.0624261, 4.92982, 1.0)]])
4.60732, -0.0624261, 4.92982
float3(-0.111593, -2.35299, -1.57226)
599654.875735083
normal
simd_float4x4([[-0.0706473, -0.996461, -0.0455517, 0.0)], [-0.68906, 0.0157322, 0.724533, 0.0)], [-0.721252, 0.0825742, -0.687733, 0.0)], [4.64632, -0.0563078, 4.98955, 1.0)]])
4.64632, -0.0563078, 4.98955
float3(-0.0826683, -2.33241, -1.55501)
599655.092524
normal
