ARKit Data
601877.532592375
normal
simd_float4x4([[-0.0114652, -0.998482, -0.0538656, 0.0)], [-0.927094, -0.00956906, 0.374708, 0.0)], [-0.374654, 0.0542346, -0.925577, 0.0)], [-4.87088, 0.333667, 6.12664, 1.0)]])
-4.87088, 0.333667, 6.12664
float3(-0.0542612, -2.75697, -1.58038)
601877.7493815
normal
simd_float4x4([[-0.00918539, -0.998457, -0.054761, 0.0)], [-0.929368, -0.0116865, 0.368969, 0.0)], [-0.36904, 0.0542822, -0.927827, 0.0)], [-4.86563, 0.333843, 6.12882, 1.0)]])
-4.86563, 0.333843, 6.12882
float3(-0.0543089, -2.76303, -1.5825)
601878.498903041
notAvailable
simd_float4x4([[-0.60421, 0.0, 0.796825, 0.0)], [0.0, 1.0, 0.0, 0.0)], [-0.796825, 0.0, -0.60421, 0.0)], [-0.0181903, -0.0945519, 0.00921923, 1.0)]])
-0.0181903, -0.0945519, 0.00921923
float3(-0.0, -2.21957, 0.0)
601878.698982916
limited(__ObjC.ARCamera.TrackingState.Reason.initializing)
simd_float4x4([[-0.0173567, -0.995445, 0.0937491, 0.0)], [0.999844, -0.0175748, -0.0015006, 0.0)], [0.00314138, 0.0937085, 0.995595, 0.0)], [0.0, 0.0, 0.0, 1.0)]])
0.0, 0.0, 0.0
float3(-0.0938461, 0.00315527, -1.58845)
601878.899096166
limited(__ObjC.ARCamera.TrackingState.Reason.initializing)
simd_float4x4([[-0.0138686, -0.995686, 0.0917392, 0.0)], [0.999874, -0.0145211, -0.00644888, 0.0)], [0.00775322, 0.0916382, 0.995762, 0.0)], [0.0, 0.0, 0.0, 1.0)]])
0.0, 0.0, 0.0
float3(-0.0917669, 0.00778606, -1.58538)
601879.099209333
limited(__ObjC.ARCamera.TrackingState.Reason.initializing)
simd_float4x4([[-0.0089247, -0.995933, 0.0896496, 0.0)], [0.999951, -0.00927948, -0.00354135, 0.0)], [0.00435884, 0.0896136, 0.995967, 0.0)], [0.0, 0.0, 0.0, 1.0)]])
0.0, 0.0, 0.0
float3(-0.0897339, 0.00437647, -1.58011)
601879.332674875
limited(__ObjC.ARCamera.TrackingState.Reason.initializing)
simd_float4x4([[-0.00442328, -0.996021, 0.0890074, 0.0)], [0.999988, -0.00461272, -0.00192273, 0.0)], [0.00232565, 0.0889978, 0.996029, 0.0)], [0.0, 0.0, 0.0, 1.0)]])
0.0, 0.0, 0.0
float3(-0.0891157, 0.00233492, -1.57543)
601879.532787958
normal
simd_float4x4([[0.00931324, -0.997634, 0.0681124, 0.0)], [0.999942, 0.00892088, -0.00606244, 0.0)], [0.00544048, 0.0681649, 0.997659, 0.0)], [0.000839832, 0.000125302, -0.000215438, 1.0)]])
0.000839832, 0.000125302, -0.000215438
float3(-0.0682178, 0.00545319, -1.56185)
601879.732901333
normal
simd_float4x4([[0.00979589, -0.997752, 0.0662895, 0.0)], [0.999921, 0.00925122, -0.00851859, 0.0)], [0.00788619, 0.0663677, 0.997764, 0.0)], [0.00376724, -0.0037186, 0.0039326, 1.0)]])
0.00376724, -0.0037186, 0.0039326
float3(-0.0664165, 0.00790369, -1.56152)
601879.933014458
normal
simd_float4x4([[0.00985946, -0.997782, 0.0658363, 0.0)], [0.999891, 0.00911414, -0.0116115, 0.0)], [0.0109857, 0.0659436, 0.997763, 0.0)], [0.0032609, -0.00461829, 0.00442444, 1.0)]])
0.0032609, -0.00461829, 0.00442444
float3(-0.0659914, 0.0110099, -1.56166)
601880.133127625
normal
simd_float4x4([[0.00792444, -0.997636, 0.0682572, 0.0)], [0.999901, 0.00711189, -0.0121391, 0.0)], [0.0116249, 0.0683466, 0.997594, 0.0)], [0.00390282, -0.00462726, 0.00242019, 1.0)]])
0.00390282, -0.00462726, 0.00242019
float3(-0.0684, 0.0116524, -1.56367)
601880.349917
normal
simd_float4x4([[0.00544659, -0.99766, 0.0681513, 0.0)], [0.999985, 0.00545995, 9.8813e-06, 0.0)], [-0.000381962, 0.0681502, 0.997675, 0.0)], [0.00747392, -0.00444609, 0.00252763, 1.0)]])
0.00747392, -0.00444609, 0.00252763
float3(-0.0682031, -0.000382852, -1.56532)
601880.550030208
normal
simd_float4x4([[0.00332702, -0.997623, 0.0688312, 0.0)], [0.999968, 0.00381779, 0.00699987, 0.0)], [-0.00724601, 0.0688057, 0.997604, 0.0)], [0.00957874, -0.00449324, 0.00253529, 1.0)]])
0.00957874, -0.00449324, 0.00253529
float3(-0.0688601, -0.00726329, -1.56697)
601880.7668195
normal
simd_float4x4([[0.0029704, -0.997626, 0.0687981, 0.0)], [0.999893, 0.0039461, 0.0140505, 0.0)], [-0.0142886, 0.068749, 0.997532, 0.0)], [0.0108592, -0.00435774, 0.00188451, 1.0)]])
0.0108592, -0.00435774, 0.00188451
float3(-0.0688033, -0.014323, -1.56684)
601880.966932791
normal
simd_float4x4([[0.00244983, -0.997664, 0.0682653, 0.0)], [0.999664, 0.00420436, 0.0255697, 0.0)], [-0.025797, 0.0681798, 0.997339, 0.0)], [0.015445, -0.00450514, 0.00578039, 1.0)]])
0.015445, -0.00450514, 0.00578039
float3(-0.0682327, -0.0258601, -1.56658)
601881.183722083
normal
simd_float4x4([[0.0029034, -0.997616, 0.0689477, 0.0)], [0.999, 0.00596916, 0.0443006, 0.0)], [-0.0446066, 0.0687502, 0.996636, 0.0)], [0.0159136, -0.00504313, 0.00291466, 1.0)]])
0.0159136, -0.00504313, 0.00291466
float3(-0.0688045, -0.0447273, -1.56481)
601881.383835416
normal
simd_float4x4([[0.00326776, -0.997733, 0.0672222, 0.0)], [0.998171, 0.00731182, 0.0600019, 0.0)], [-0.0603574, 0.0669032, 0.995932, 0.0)], [0.0168757, -0.00500975, 0.00417989, 1.0)]])
0.0168757, -0.00500975, 0.00417989
float3(-0.0669532, -0.0605299, -1.56347)
601881.600624666
normal
simd_float4x4([[0.00343922, -0.997754, 0.0668941, 0.0)], [0.997191, 0.00842723, 0.0744273, 0.0)], [-0.0748238, 0.0664503, 0.99498, 0.0)], [0.0196346, -0.00516197, 0.005062, 1.0)]])
0.0196346, -0.00516197, 0.005062
float3(-0.0664993, -0.0750601, -1.56235)
601881.817414041
normal
simd_float4x4([[0.0029743, -0.997836, 0.0656837, 0.0)], [0.996434, 0.0084958, 0.0839436, 0.0)], [-0.08432, 0.0651998, 0.994303, 0.0)], [0.0211717, -0.0051039, 0.00610953, 1.0)]])
0.0211717, -0.0051039, 0.00610953
float3(-0.0652461, -0.0846007, -1.56228)
601882.017527166
normal
simd_float4x4([[0.00280795, -0.997931, 0.0642328, 0.0)], [0.996062, 0.00848323, 0.0882538, 0.0)], [-0.0886161, 0.0637321, 0.994025, 0.0)], [0.0211233, -0.00514214, 0.00695355, 1.0)]])
0.0211233, -0.00514214, 0.00695355
float3(-0.0637753, -0.0889137, -1.5623)
601882.217640458
normal
simd_float4x4([[0.00197217, -0.997916, 0.0645025, 0.0)], [0.996437, 0.00739944, 0.0840103, 0.0)], [-0.0843124, 0.064107, 0.994375, 0.0)], [0.0208922, -0.00568909, 0.00686932, 1.0)]])
0.0208922, -0.00568909, 0.00686932
float3(-0.064151, -0.0845871, -1.56338)
601882.434429833
normal
simd_float4x4([[0.00088263, -0.997872, 0.0652013, 0.0)], [0.997496, 0.00548925, 0.070507, 0.0)], [-0.0707148, 0.0649758, 0.995378, 0.0)], [0.018618, -0.0060252, 0.00588012, 1.0)]])
0.018618, -0.0060252, 0.00588012
float3(-0.0650216, -0.070924, -1.5653)
601882.651218958
normal
simd_float4x4([[0.00265928, -0.997866, 0.0652469, 0.0)], [0.998364, 0.00637559, 0.0568157, 0.0)], [-0.0571104, 0.0649891, 0.99625, 0.0)], [0.0164707, -0.0057922, 0.00441354, 1.0)]])
0.0164707, -0.0057922, 0.00441354
float3(-0.0650349, -0.0572627, -1.56441)
601882.851332333
normal
simd_float4x4([[0.00301185, -0.997833, 0.0657269, 0.0)], [0.999108, 0.00577139, 0.0418356, 0.0)], [-0.0421243, 0.0655423, 0.99696, 0.0)], [0.0152327, -0.00571541, 0.0032385, 1.0)]])
0.0152327, -0.00571541, 0.0032385
float3(-0.0655893, -0.0422276, -1.56501)
601883.051445625
normal
simd_float4x4([[0.00221008, -0.997617, 0.0689541, 0.0)], [0.999721, 0.00382472, 0.023293, 0.0)], [-0.0235012, 0.0688834, 0.997348, 0.0)], [0.013123, -0.00578495, 0.00076967, 1.0)]])
0.013123, -0.00578495, 0.00076967
float3(-0.068938, -0.0235593, -1.56696)
601883.251558833
normal
simd_float4x4([[0.00303917, -0.997657, 0.0683495, 0.0)], [0.999962, 0.00358713, 0.0078957, 0.0)], [-0.00812237, 0.068323, 0.99763, 0.0)], [0.0122514, -0.00520244, 0.00077376, 1.0)]])
0.0122514, -0.00520244, 0.00077376
float3(-0.0683763, -0.00814149, -1.5672)
601883.451672
normal
simd_float4x4([[0.00315957, -0.997676, 0.0680571, 0.0)], [0.999992, 0.00298931, -0.00260345, 0.0)], [0.00239396, 0.0680649, 0.997678, 0.0)], [0.0109316, -0.00496253, 0.000253133, 1.0)]])
0.0109316, -0.00496253, 0.000253133
float3(-0.0681175, 0.00239952, -1.5678)
601883.668461291
normal
simd_float4x4([[0.00403803, -0.997745, 0.0669981, 0.0)], [0.999859, 0.00293515, -0.0165517, 0.0)], [0.0163177, 0.0670555, 0.997616, 0.0)], [0.00902828, -0.00482635, 0.000571332, 1.0)]])
0.00902828, -0.00482635, 0.000571332
float3(-0.0671059, 0.0163553, -1.56785)
601883.885250708
normal
simd_float4x4([[0.0038086, -0.997905, 0.0645779, 0.0)], [0.999372, 0.00152339, -0.0353992, 0.0)], [0.0352267, 0.0646722, 0.997284, 0.0)], [0.00729358, -0.00457041, 0.00135672, 1.0)]])
0.00729358, -0.00457041, 0.00135672
float3(-0.0647173, 0.035308, -1.56927)
601884.08536375
normal
simd_float4x4([[0.00387163, -0.998032, 0.0625858, 0.0)], [0.99883, 0.000843055, -0.048345, 0.0)], [0.0481971, 0.0626997, 0.996868, 0.0)], [0.00813637, -0.00137567, -0.00399279, 1.0)]])
0.00813637, -0.00137567, -0.00399279
float3(-0.0627409, 0.0483109, -1.56995)
601884.285477041
normal
simd_float4x4([[0.00591078, -0.998218, 0.0593761, 0.0)], [0.997919, 0.00207529, -0.0644517, 0.0)], [0.0642136, 0.0596335, 0.996153, 0.0)], [0.00720581, -0.00101949, -0.00150128, 1.0)]])
0.00720581, -0.00101949, -0.00150128
float3(-0.0596689, 0.0643726, -1.56872)
601884.485590125
normal
simd_float4x4([[0.00828918, -0.998174, 0.0598372, 0.0)], [0.997284, 0.00387288, -0.0735473, 0.0)], [0.0731813, 0.0602843, 0.995495, 0.0)], [0.00583367, -0.00137363, 0.000461651, 1.0)]])
0.00583367, -0.00137363, 0.000461651
float3(-0.0603209, 0.0733805, -1.56692)
601884.685703416
normal
simd_float4x4([[0.00962597, -0.998212, 0.0589913, 0.0)], [0.997469, 0.00542938, -0.0708907, 0.0)], [0.0704437, 0.0595244, 0.995738, 0.0)], [0.00694835, -0.00106646, 0.00197592, 1.0)]])
0.00694835, -0.00106646, 0.00197592
float3(-0.0595596, 0.0706275, -1.56536)
601884.902492708
normal
simd_float4x4([[0.0118169, -0.998311, 0.0568875, 0.0)], [0.998341, 0.00857269, -0.0569382, 0.0)], [0.0563543, 0.057466, 0.996755, 0.0)], [0.00762717, -0.00118283, 0.00471967, 1.0)]])
0.00762717, -0.00118283, 0.00471967
float3(-0.0574976, 0.0564776, -1.56221)
601885.102606041
normal
simd_float4x4([[0.0134483, -0.998262, 0.0573846, 0.0)], [0.999124, 0.0111417, -0.040328, 0.0)], [0.0396185, 0.0578767, 0.997537, 0.0)], [0.0104054, -0.00186522, 0.00405171, 1.0)]])
0.0104054, -0.00186522, 0.00405171
float3(-0.0579091, 0.0396955, -1.55964)
601885.302719208
normal
simd_float4x4([[0.0141648, -0.998218, 0.0579725, 0.0)], [0.999666, 0.0128855, -0.0223823, 0.0)], [0.0215954, 0.0582702, 0.998067, 0.0)], [0.0127024, -0.0021132, 0.00264638, 1.0)]])
0.0127024, -0.0021132, 0.00264638
float3(-0.0583032, 0.0216338, -1.55789)
601885.502832208
normal
simd_float4x4([[0.0123292, -0.998258, 0.0576999, 0.0)], [0.999897, 0.0118884, -0.0079764, 0.0)], [0.00727655, 0.0577924, 0.998302, 0.0)], [0.0158998, -0.002576, 0.00165235, 1.0)]])
0.0158998, -0.002576, 0.00165235
float3(-0.0578246, 0.00728879, -1.55889)
601885.702945458
normal
simd_float4x4([[0.0127863, -0.998262, 0.0575269, 0.0)], [0.999917, 0.0128494, 0.000726963, 0.0)], [-0.00146488, 0.0575129, 0.998344, 0.0)], [0.0174665, -0.00269241, 0.000520185, 1.0)]])
0.0174665, -0.00269241, 0.000520185
float3(-0.0575446, -0.00146731, -1.55793)
601885.919734875
normal
simd_float4x4([[0.0120225, -0.998271, 0.0575444, 0.0)], [0.999924, 0.0121629, 0.00208901, 0.0)], [-0.0027853, 0.0575149, 0.998341, 0.0)], [0.0178343, -0.00287027, -0.000220187, 1.0)]])
0.0178343, -0.00287027, -0.000220187
float3(-0.0575466, -0.00278993, -1.55861)
601886.136524125
normal
simd_float4x4([[0.00893392, -0.998109, 0.0608145, 0.0)], [0.999956, 0.00908104, 0.00214317, 0.0)], [-0.00269138, 0.0607927, 0.998147, 0.0)], [0.0181108, -0.00332877, -2.08593e-05, 1.0)]])
0.0181108, -0.00332877, -2.08593e-05
float3(-0.0608302, -0.00269637, -1.5617)
601886.336637333
normal
simd_float4x4([[0.0090882, -0.998108, 0.060809, 0.0)], [0.999955, 0.0092393, 0.00220404, 0.0)], [-0.00276171, 0.0607863, 0.998147, 0.0)], [0.014437, 0.0103672, 0.00143217, 1.0)]])
0.014437, 0.0103672, 0.00143217
float3(-0.0608238, -0.00276683, -1.56154)
601886.5367505
normal
simd_float4x4([[0.00945204, -0.998066, 0.061437, 0.0)], [0.999944, 0.00972035, 0.00406978, 0.0)], [-0.0046591, 0.0613951, 0.998103, 0.0)], [0.0143073, 0.00993551, 0.00153721, 1.0)]])
0.0143073, 0.00993551, 0.00153721
float3(-0.0614338, -0.00466793, -1.56106)
601886.753539791
normal
simd_float4x4([[0.00967442, -0.998102, 0.0608188, 0.0)], [0.99994, 0.00997134, 0.00458051, 0.0)], [-0.00517826, 0.0607708, 0.998138, 0.0)], [0.0146006, 0.00960398, 0.00192661, 1.0)]])
0.0146006, 0.00960398, 0.00192661
float3(-0.0608083, -0.00518787, -1.56081)
601886.97032925
normal
simd_float4x4([[0.010214, -0.99801, 0.0622277, 0.0)], [0.999932, 0.0105383, 0.00488461, 0.0)], [-0.00553067, 0.0621736, 0.99805, 0.0)], [0.0148707, 0.00883391, 0.000835198, 1.0)]])
0.0148707, 0.00883391, 0.000835198
float3(-0.0622138, -0.00554142, -1.56024)
601887.170442291
normal
simd_float4x4([[0.0105725, -0.997986, 0.0625497, 0.0)], [0.999925, 0.0109392, 0.00552379, 0.0)], [-0.00619691, 0.0624866, 0.998026, 0.0)], [0.0152146, 0.00877471, 0.000858777, 1.0)]])
0.0152146, 0.00877471, 0.000858777
float3(-0.0625274, -0.00620909, -1.55984)
601887.370555458
normal
simd_float4x4([[0.0108917, -0.998035, 0.0617041, 0.0)], [0.99992, 0.0112638, 0.00568628, 0.0)], [-0.00637013, 0.0616373, 0.998078, 0.0)], [0.0154274, 0.00876424, 0.00154673, 1.0)]])
0.0154274, 0.00876424, 0.00154673
float3(-0.0616764, -0.00638231, -1.55951)
601887.587344791
normal
simd_float4x4([[0.0108477, -0.998047, 0.0615149, 0.0)], [0.999909, 0.0113169, 0.00728394, 0.0)], [-0.00796587, 0.0614304, 0.99808, 0.0)], [0.016029, 0.00790287, 0.00180132, 1.0)]])
0.016029, 0.00790287, 0.00180132
float3(-0.0614691, -0.00798103, -1.55946)
601887.804134166
normal
simd_float4x4([[0.0109816, -0.998042, 0.0615829, 0.0)], [0.999907, 0.0114564, 0.00736281, 0.0)], [-0.00805391, 0.0614963, 0.998075, 0.0)], [0.0162068, 0.00758933, 0.00121094, 1.0)]])
0.0162068, 0.00758933, 0.00121094
float3(-0.0615351, -0.00806927, -1.55932)
601888.004247416
normal
simd_float4x4([[0.0114829, -0.998092, 0.0606609, 0.0)], [0.999911, 0.0118724, 0.00606317, 0.0)], [-0.00677179, 0.0605859, 0.99814, 0.0)], [0.0154355, 0.0073457, 0.00135827, 1.0)]])
0.0154355, 0.0073457, 0.00135827
float3(-0.060623, -0.00678431, -1.5589)
