ARKit Data
93472.896851166
normal
simd_float4x4([[-0.972483, 0.0591981, -0.225329, 0.0)], [-0.230567, -0.383259, 0.8944, 0.0)], [-0.0334125, 0.921742, 0.386361, 0.0)], [-467088.0, -603572.0, 1.25018e+06, 1.0)]])
-467088.0, -603572.0, 1.25018e+06
float3(-1.17255, -0.0862653, 2.98834)
93473.23078125
notAvailable
simd_float4x4([[1.0, 0.0, 0.0, 0.0)], [0.0, 1.0, 0.0, 0.0)], [0.0, 0.0, 1.0, 0.0)], [0.0, 0.0, 0.0, 1.0)]])
0.0, 0.0, 0.0
float3(-0.0, 0.0, 0.0)
93473.330803875
notAvailable
simd_float4x4([[1.0, 0.0, 0.0, 0.0)], [0.0, 1.0, 0.0, 0.0)], [0.0, 0.0, 1.0, 0.0)], [0.0, 0.0, 0.0, 1.0)]])
0.0, 0.0, 0.0
float3(-0.0, 0.0, 0.0)
93473.430860083
limited(__ObjC.ARCamera.TrackingState.Reason.initializing)
simd_float4x4([[0.999554, -0.00655401, -0.0291462, 0.0)], [0.00536489, 0.999156, -0.0406923, 0.0)], [0.0293883, 0.0405178, 0.998746, 0.0)], [0.0, 0.0, 0.0, 1.0)]])
0.0, 0.0, 0.0
float3(-0.0405289, 0.0294167, -0.00655945)
93473.530916166
limited(__ObjC.ARCamera.TrackingState.Reason.initializing)
simd_float4x4([[0.998039, -0.0131588, -0.0611893, 0.0)], [0.0116671, 0.999627, -0.024673, 0.0)], [0.0614912, 0.0239107, 0.997821, 0.0)], [0.0, 0.0, 0.0, 1.0)]])
0.0, 0.0, 0.0
float3(-0.023913, 0.0615476, -0.013163)
93473.6309725
limited(__ObjC.ARCamera.TrackingState.Reason.initializing)
simd_float4x4([[0.995154, -0.0155784, -0.097087, 0.0)], [0.0117481, 0.999134, -0.0399005, 0.0)], [0.0976246, 0.0385666, 0.994475, 0.0)], [0.0, 0.0, 0.0, 1.0)]])
0.0, 0.0, 0.0
float3(-0.0385761, 0.0978534, -0.0155907)
93473.731028625
limited(__ObjC.ARCamera.TrackingState.Reason.initializing)
simd_float4x4([[0.988536, -0.0226189, -0.149282, 0.0)], [0.0163504, 0.998937, -0.0430861, 0.0)], [0.150098, 0.0401513, 0.987855, 0.0)], [0.0, 0.0, 0.0, 1.0)]])
0.0, 0.0, 0.0
float3(-0.0401621, 0.15079, -0.0226391)
93473.83108475
limited(__ObjC.ARCamera.TrackingState.Reason.initializing)
simd_float4x4([[0.98177, -0.0256998, -0.188328, 0.0)], [0.0170926, 0.99874, -0.0471861, 0.0)], [0.189304, 0.0431069, 0.980972, 0.0)], [0.0, 0.0, 0.0, 1.0)]])
0.0, 0.0, 0.0
float3(-0.0431202, 0.190632, -0.0257266)
93473.931140875
limited(__ObjC.ARCamera.TrackingState.Reason.initializing)
simd_float4x4([[0.977687, -0.0250004, -0.208573, 0.0)], [0.0136557, 0.998356, -0.0556562, 0.0)], [0.209621, 0.0515662, 0.976422, 0.0)], [0.0, 0.0, 0.0, 1.0)]])
0.0, 0.0, 0.0
float3(-0.051589, 0.211473, -0.0250364)
93474.031197041
limited(__ObjC.ARCamera.TrackingState.Reason.initializing)
simd_float4x4([[0.974869, -0.0199771, -0.221883, 0.0)], [0.00465404, 0.99758, -0.0693688, 0.0)], [0.222732, 0.0665928, 0.972602, 0.0)], [0.0, 0.0, 0.0, 1.0)]])
0.0, 0.0, 0.0
float3(-0.0666421, 0.225125, -0.0200229)
93474.131253333
limited(__ObjC.ARCamera.TrackingState.Reason.initializing)
simd_float4x4([[0.974484, -0.0204072, -0.223527, 0.0)], [0.00233042, 0.996723, -0.0808393, 0.0)], [0.224444, 0.0782557, 0.971338, 0.0)], [0.0, 0.0, 0.0, 1.0)]])
0.0, 0.0, 0.0
float3(-0.0783358, 0.227081, -0.0204715)
93474.231309333
limited(__ObjC.ARCamera.TrackingState.Reason.initializing)
simd_float4x4([[0.976001, -0.0227764, -0.216573, 0.0)], [0.00339191, 0.995983, -0.0894607, 0.0)], [0.217741, 0.0865792, 0.972157, 0.0)], [0.0, 0.0, 0.0, 1.0)]])
0.0, 0.0, 0.0
float3(-0.0866877, 0.220341, -0.0228642)
93474.331365583
limited(__ObjC.ARCamera.TrackingState.Reason.initializing)
simd_float4x4([[0.978059, -0.0253059, -0.206785, 0.0)], [0.00451175, 0.994932, -0.100421, 0.0)], [0.208279, 0.0972846, 0.973217, 0.0)], [0.0, 0.0, 0.0, 1.0)]])
0.0, 0.0, 0.0
float3(-0.0974387, 0.21083, -0.0254293)
93474.431421583
limited(__ObjC.ARCamera.TrackingState.Reason.initializing)
simd_float4x4([[0.980499, -0.0301831, -0.194191, 0.0)], [0.00900159, 0.993993, -0.109049, 0.0)], [0.196317, 0.105175, 0.974881, 0.0)], [0.0, 0.0, 0.0, 1.0)]])
0.0, 0.0, 0.0
float3(-0.10537, 0.198717, -0.0303562)
93474.531477916
limited(__ObjC.ARCamera.TrackingState.Reason.initializing)
simd_float4x4([[0.985845, -0.0331708, -0.164345, 0.0)], [0.0143657, 0.993337, -0.114321, 0.0)], [0.167042, 0.110342, 0.979753, 0.0)], [0.0, 0.0, 0.0, 1.0)]])
0.0, 0.0, 0.0
float3(-0.110567, 0.16887, -0.0333809)
93474.631534125
limited(__ObjC.ARCamera.TrackingState.Reason.initializing)
simd_float4x4([[0.992112, -0.0328685, -0.120971, 0.0)], [0.0188224, 0.99313, -0.115475, 0.0)], [0.123935, 0.112287, 0.985914, 0.0)], [0.0, 0.0, 0.0, 1.0)]])
0.0, 0.0, 0.0
float3(-0.112525, 0.12505, -0.0330838)
93474.731590166
limited(__ObjC.ARCamera.TrackingState.Reason.initializing)
simd_float4x4([[0.997326, -0.0288998, -0.0671187, 0.0)], [0.0212966, 0.99355, -0.111355, 0.0)], [0.069904, 0.109628, 0.991509, 0.0)], [0.0, 0.0, 0.0, 1.0)]])
0.0, 0.0, 0.0
float3(-0.109848, 0.0703862, -0.0290792)
93474.831646458
limited(__ObjC.ARCamera.TrackingState.Reason.initializing)
simd_float4x4([[0.999271, -0.029017, -0.0247894, 0.0)], [0.0261241, 0.99359, -0.109967, 0.0)], [0.0278214, 0.109239, 0.993624, 0.0)], [0.0, 0.0, 0.0, 1.0)]])
0.0, 0.0, 0.0
float3(-0.109458, 0.0279926, -0.0291959)
93474.931702583
limited(__ObjC.ARCamera.TrackingState.Reason.initializing)
simd_float4x4([[0.999412, -0.0285715, 0.0189607, 0.0)], [0.0304765, 0.993546, -0.109245, 0.0)], [-0.0157171, 0.109758, 0.993833, 0.0)], [0.0, 0.0, 0.0, 1.0)]])
0.0, 0.0, 0.0
float3(-0.10998, -0.0158133, -0.0287492)
93475.031758708
limited(__ObjC.ARCamera.TrackingState.Reason.initializing)
simd_float4x4([[0.997535, -0.0291118, 0.0638473, 0.0)], [0.0358737, 0.993561, -0.107459, 0.0)], [-0.0603079, 0.109485, 0.992157, 0.0)], [0.0, 0.0, 0.0, 1.0)]])
0.0, 0.0, 0.0
float3(-0.109705, -0.06071, -0.0292921)
93475.131814875
limited(__ObjC.ARCamera.TrackingState.Reason.initializing)
simd_float4x4([[0.993175, -0.0267796, 0.113518, 0.0)], [0.0390355, 0.993476, -0.107156, 0.0)], [-0.109908, 0.110856, 0.987741, 0.0)], [0.0, 0.0, 0.0, 1.0)]])
0.0, 0.0, 0.0
float3(-0.111084, -0.110816, -0.026949)
93475.231871083
limited(__ObjC.ARCamera.TrackingState.Reason.initializing)
simd_float4x4([[0.986179, -0.0214296, 0.16429, 0.0)], [0.0394372, 0.993461, -0.107144, 0.0)], [-0.160919, 0.112142, 0.980576, 0.0)], [0.0, 0.0, 0.0, 1.0)]])
0.0, 0.0, 0.0
float3(-0.112379, -0.162657, -0.0215673)
93475.331927166
limited(__ObjC.ARCamera.TrackingState.Reason.initializing)
simd_float4x4([[0.978011, -0.0162316, 0.207921, 0.0)], [0.0394746, 0.993353, -0.108132, 0.0)], [-0.204784, 0.113962, 0.97215, 0.0)], [0.0, 0.0, 0.0, 1.0)]])
0.0, 0.0, 0.0
float3(-0.11421, -0.207615, -0.0163388)
93475.431983416
limited(__ObjC.ARCamera.TrackingState.Reason.initializing)
simd_float4x4([[0.968852, -0.0129127, 0.247304, 0.0)], [0.0408425, 0.993295, -0.108143, 0.0)], [-0.24425, 0.114876, 0.962883, 0.0)], [0.0, 0.0, 0.0, 1.0)]])
0.0, 0.0, 0.0
float3(-0.11513, -0.248425, -0.0129991)
93475.5320395
limited(__ObjC.ARCamera.TrackingState.Reason.initializing)
simd_float4x4([[0.95797, -0.0103245, 0.286682, 0.0)], [0.0430862, 0.993193, -0.108208, 0.0)], [-0.283613, 0.116012, 0.951894, 0.0)], [0.0, 0.0, 0.0, 1.0)]])
0.0, 0.0, 0.0
float3(-0.116274, -0.289571, -0.0103948)
93475.63209575
limited(__ObjC.ARCamera.TrackingState.Reason.initializing)
simd_float4x4([[0.945519, -0.0105304, 0.325397, 0.0)], [0.0482213, 0.992982, -0.107985, 0.0)], [-0.321976, 0.117793, 0.939391, 0.0)], [0.0, 0.0, 0.0, 1.0)]])
0.0, 0.0, 0.0
float3(-0.118067, -0.330202, -0.0106045)
93475.73215175
limited(__ObjC.ARCamera.TrackingState.Reason.initializing)
simd_float4x4([[0.931561, -0.00881003, 0.363477, 0.0)], [0.0507744, 0.993061, -0.106062, 0.0)], [-0.360021, 0.117259, 0.925544, 0.0)], [0.0, 0.0, 0.0, 1.0)]])
0.0, 0.0, 0.0
float3(-0.117529, -0.370973, -0.00887136)
93475.832208166
limited(__ObjC.ARCamera.TrackingState.Reason.initializing)
simd_float4x4([[0.915716, -0.00559416, 0.401786, 0.0)], [0.0522324, 0.993074, -0.105219, 0.0)], [-0.398416, 0.117337, 0.909666, 0.0)], [0.0, 0.0, 0.0, 1.0)]])
0.0, 0.0, 0.0
float3(-0.117608, -0.412814, -0.00563312)
93475.932264333
limited(__ObjC.ARCamera.TrackingState.Reason.initializing)
simd_float4x4([[0.900438, -0.00103527, 0.434983, 0.0)], [0.0520198, 0.993074, -0.105322, 0.0)], [-0.431862, 0.117464, 0.894255, 0.0)], [0.0, 0.0, 0.0, 1.0)]])
0.0, 0.0, 0.0
float3(-0.117736, -0.449898, -0.00104249)
93476.032320333
limited(__ObjC.ARCamera.TrackingState.Reason.initializing)
simd_float4x4([[0.88891, 0.000902176, 0.458081, 0.0)], [0.0536149, 0.992917, -0.105998, 0.0)], [-0.454934, 0.118783, 0.882565, 0.0)], [0.0, 0.0, 0.0, 1.0)]])
0.0, 0.0, 0.0
float3(-0.119064, -0.475945, 0.000908611)
93476.132376583
limited(__ObjC.ARCamera.TrackingState.Reason.initializing)
simd_float4x4([[0.897331, -0.00127889, 0.441355, 0.0)], [0.0561653, 0.992194, -0.111319, 0.0)], [-0.437769, 0.124679, 0.890398, 0.0)], [0.0, 0.0, 0.0, 1.0)]])
0.0, 0.0, 0.0
float3(-0.125004, -0.45695, -0.00128895)
93476.232432708
limited(__ObjC.ARCamera.TrackingState.Reason.initializing)
simd_float4x4([[0.93586, -0.0156395, 0.352026, 0.0)], [0.0604675, 0.991321, -0.116713, 0.0)], [-0.347146, 0.130513, 0.928683, 0.0)], [0.0, 0.0, 0.0, 1.0)]])
0.0, 0.0, 0.0
float3(-0.130886, -0.357722, -0.0157751)
93476.332489
limited(__ObjC.ARCamera.TrackingState.Reason.initializing)
simd_float4x4([[0.969965, -0.0258641, 0.241864, 0.0)], [0.0557485, 0.991499, -0.117546, 0.0)], [-0.236768, 0.127499, 0.963162, 0.0)], [0.0, 0.0, 0.0, 1.0)]])
0.0, 0.0, 0.0
float3(-0.127847, -0.241045, -0.02608)
93476.432545125
limited(__ObjC.ARCamera.TrackingState.Reason.initializing)
simd_float4x4([[0.989595, -0.0309695, 0.140509, 0.0)], [0.0478498, 0.99181, -0.1184, 0.0)], [-0.135691, 0.123892, 0.982972, 0.0)], [0.0, 0.0, 0.0, 1.0)]])
0.0, 0.0, 0.0
float3(-0.124211, -0.137175, -0.0312151)
93476.532601458
limited(__ObjC.ARCamera.TrackingState.Reason.initializing)
simd_float4x4([[0.998322, -0.0313479, 0.0486952, 0.0)], [0.0368737, 0.992436, -0.117075, 0.0)], [-0.044657, 0.118674, 0.991926, 0.0)], [0.0, 0.0, 0.0, 1.0)]])
0.0, 0.0, 0.0
float3(-0.118955, -0.0449901, -0.0315763)
93476.632657458
limited(__ObjC.ARCamera.TrackingState.Reason.initializing)
simd_float4x4([[0.998879, -0.0345025, -0.0324057, 0.0)], [0.030233, 0.991809, -0.124084, 0.0)], [0.0364215, 0.122965, 0.99174, 0.0)], [0.0, 0.0, 0.0, 1.0)]])
0.0, 0.0, 0.0
float3(-0.123277, 0.0367083, -0.0347735)
93476.73271375
limited(__ObjC.ARCamera.TrackingState.Reason.initializing)
simd_float4x4([[0.992184, -0.0407247, -0.117947, 0.0)], [0.0241127, 0.989998, -0.13899, 0.0)], [0.122428, 0.13506, 0.983243, 0.0)], [0.0, 0.0, 0.0, 1.0)]])
0.0, 0.0, 0.0
float3(-0.135474, 0.123877, -0.0411129)
93476.832769833
limited(__ObjC.ARCamera.TrackingState.Reason.initializing)
simd_float4x4([[0.980921, -0.0442537, -0.189305, 0.0)], [0.0165829, 0.989242, -0.14533, 0.0)], [0.1937, 0.139418, 0.971102, 0.0)], [0.0, 0.0, 0.0, 1.0)]])
0.0, 0.0, 0.0
float3(-0.139874, 0.19688, -0.0447052)
93476.932826
limited(__ObjC.ARCamera.TrackingState.Reason.initializing)
simd_float4x4([[0.973167, -0.0420084, -0.226231, 0.0)], [0.00994215, 0.989949, -0.141058, 0.0)], [0.229883, 0.135023, 0.963804, 0.0)], [0.0, 0.0, 0.0, 1.0)]])
0.0, 0.0, 0.0
float3(-0.135437, 0.234142, -0.0424095)
93477.032882291
limited(__ObjC.ARCamera.TrackingState.Reason.initializing)
simd_float4x4([[0.967366, -0.0412879, -0.249996, 0.0)], [0.00717464, 0.9907, -0.135859, 0.0)], [0.253281, 0.129632, 0.958666, 0.0)], [0.0, 0.0, 0.0, 1.0)]])
0.0, 0.0, 0.0
float3(-0.129997, 0.258299, -0.0416514)
93477.132938458
limited(__ObjC.ARCamera.TrackingState.Reason.initializing)
simd_float4x4([[0.964041, -0.0413402, -0.262517, 0.0)], [0.00606821, 0.99099, -0.133776, 0.0)], [0.265683, 0.127373, 0.955606, 0.0)], [0.0, 0.0, 0.0, 1.0)]])
0.0, 0.0, 0.0
float3(-0.12772, 0.271177, -0.0416919)
93477.232994708
limited(__ObjC.ARCamera.TrackingState.Reason.initializing)
simd_float4x4([[0.961852, -0.0412548, -0.27044, 0.0)], [0.00439703, 0.990764, -0.135503, 0.0)], [0.273533, 0.129145, 0.95315, 0.0)], [0.0, 0.0, 0.0, 1.0)]])
0.0, 0.0, 0.0
float3(-0.129507, 0.279467, -0.0416154)
93477.33305075
normal
simd_float4x4([[0.960436, -0.0387354, -0.275795, 0.0)], [-0.000355837, 0.990109, -0.1403, 0.0)], [0.278501, 0.134847, 0.950922, 0.0)], [0.00178672, 0.000280092, 0.00233681, 1.0)]])
0.00178672, 0.000280092, 0.00233681
float3(-0.13526, 0.284907, -0.0391024)
93477.433107083
normal
simd_float4x4([[0.958975, -0.0330996, -0.281551, 0.0)], [-0.00011964, 0.993113, -0.117159, 0.0)], [0.28349, 0.112387, 0.952367, 0.0)], [0.00112557, 0.00351768, -0.00057286, 1.0)]])
0.00112557, 0.00351768, -0.00057286
float3(-0.112625, 0.289317, -0.0333168)
93477.533163208
normal
simd_float4x4([[0.958407, -0.0201612, -0.284692, 0.0)], [0.00640993, 0.998771, -0.0491518, 0.0)], [0.285333, 0.0452826, 0.957358, 0.0)], [-0.00238293, 0.00796316, 0.00534266, 1.0)]])
-0.00238293, 0.00796316, 0.00534266
float3(-0.0452981, 0.28966, -0.0201833)
93477.633219333
normal
simd_float4x4([[0.957052, -0.00774451, -0.289812, 0.0)], [0.0149312, 0.999633, 0.022595, 0.0)], [0.289531, -0.0259518, 0.956817, 0.0)], [-0.00371709, 0.0107635, 0.0140881, 1.0)]])
-0.00371709, 0.0107635, 0.0140881
float3(0.0259547, 0.293839, -0.0077472)
93477.733275416
normal
simd_float4x4([[0.95767, 0.000652803, -0.287867, 0.0)], [0.011767, 0.999073, 0.0414118, 0.0)], [0.287627, -0.0430462, 0.956775, 0.0)], [-0.00369872, 0.0105008, 0.0146001, 1.0)]])
-0.00369872, 0.0105008, 0.0146001
float3(0.0430595, 0.292027, 0.000653409)
93477.833331708
normal
simd_float4x4([[0.95978, -0.000844599, -0.280753, 0.0)], [0.00725848, 0.999736, 0.0218062, 0.0)], [0.28066, -0.022967, 0.959532, 0.0)], [-0.00312811, 0.00958549, 0.0125142, 1.0)]])
-0.00312811, 0.00958549, 0.0125142
float3(0.022969, 0.284559, -0.000844822)
93477.933388083
normal
simd_float4x4([[0.961436, -0.00527437, -0.274977, 0.0)], [0.00262861, 0.999947, -0.00998935, 0.0)], [0.275015, 0.00888132, 0.961399, 0.0)], [-0.00231944, 0.00929492, 0.010515, 1.0)]])
-0.00231944, 0.00929492, 0.010515
float3(-0.00888144, 0.278616, -0.0052746)
93478.033444208
normal
simd_float4x4([[0.962286, -0.0102297, -0.271849, 0.0)], [-0.00364398, 0.998718, -0.0504809, 0.0)], [0.272017, 0.0495676, 0.961015, 0.0)], [-0.00260693, 0.0115163, 0.0110047, 1.0)]])
-0.00260693, 0.0115163, 0.0110047
float3(-0.049588, 0.275836, -0.0102425)
93478.133500416
normal
simd_float4x4([[0.960454, -0.0168262, -0.277929, 0.0)], [-0.00756341, 0.996227, -0.0864503, 0.0)], [0.278335, 0.0851336, 0.956704, 0.0)], [-0.000887409, 0.0142725, 0.0125851, 1.0)]])
-0.000887409, 0.0142725, 0.0125851
float3(-0.0852368, 0.283116, -0.0168883)
93478.233556458
normal
simd_float4x4([[0.958178, -0.0215086, -0.285363, 0.0)], [-0.0111334, 0.993615, -0.112275, 0.0)], [0.285956, 0.110756, 0.95182, 0.0)], [0.000256747, 0.014216, 0.0130543, 1.0)]])
0.000256747, 0.014216, 0.0130543
float3(-0.110984, 0.291852, -0.0216434)
93478.333612625
normal
simd_float4x4([[0.955161, -0.0252791, -0.295006, 0.0)], [-0.0165079, 0.990252, -0.138303, 0.0)], [0.295627, 0.136972, 0.945433, 0.0)], [0.000351802, 0.0147192, 0.0142298, 1.0)]])
0.000351802, 0.0147192, 0.0142298
float3(-0.137404, 0.303058, -0.0255224)
93478.43366875
normal
simd_float4x4([[0.953798, -0.0295375, -0.298994, 0.0)], [-0.0217783, 0.985741, -0.166854, 0.0)], [0.299659, 0.165657, 0.939554, 0.0)], [0.000307508, 0.0162156, 0.0159001, 1.0)]])
0.000307508, 0.0162156, 0.0159001
float3(-0.166424, 0.308739, -0.0299558)
93478.533725041
normal
simd_float4x4([[0.955548, -0.0311113, -0.29319, 0.0)], [-0.0221119, 0.984055, -0.176487, 0.0)], [0.294006, 0.175125, 0.939623, 0.0)], [0.00100049, 0.0201179, 0.0153591, 1.0)]])
0.00100049, 0.0201179, 0.0153591
float3(-0.176032, 0.303247, -0.0316049)
93478.633781125
normal
simd_float4x4([[0.956953, -0.0286867, -0.288823, 0.0)], [-0.0187571, 0.986911, -0.16017, 0.0)], [0.289638, 0.158693, 0.943889, 0.0)], [0.00185926, 0.0247519, 0.0157415, 1.0)]])
0.00185926, 0.0247519, 0.0157415
float3(-0.159367, 0.297734, -0.029059)
93478.733837583
normal
simd_float4x4([[0.95628, -0.0269166, -0.291211, 0.0)], [-0.0128195, 0.99094, -0.133689, 0.0)], [0.292171, 0.131578, 0.947271, 0.0)], [0.00382452, 0.0287243, 0.0151653, 1.0)]])
0.00382452, 0.0287243, 0.0151653
float3(-0.13196, 0.299177, -0.027156)
93478.833893708
normal
simd_float4x4([[0.95598, -0.022808, -0.292543, 0.0)], [-0.00901992, 0.994219, -0.106989, 0.0)], [0.293292, 0.104918, 0.950248, 0.0)], [0.0051616, 0.0322205, 0.0145703, 1.0)]])
0.0051616, 0.0322205, 0.0145703
float3(-0.105112, 0.299372, -0.0229365)
93478.933949791
normal
simd_float4x4([[0.965262, -0.0204513, -0.260482, 0.0)], [0.000929981, 0.997195, -0.0748466, 0.0)], [0.261282, 0.0720043, 0.962573, 0.0)], [0.0451154, -0.0024686, -0.111227, 1.0)]])
0.0451154, -0.0024686, -0.111227
float3(-0.0720667, 0.265055, -0.0205059)
93479.034006083
normal
simd_float4x4([[0.962031, -0.0220557, -0.272046, 0.0)], [0.00660895, 0.99832, -0.0575662, 0.0)], [0.272859, 0.0535825, 0.960561, 0.0)], [0.0443706, 7.88027e-05, -0.109794, 1.0)]])
0.0443706, 7.88027e-05, -0.109794
float3(-0.0536082, 0.276771, -0.0220893)
93479.13406225
normal
simd_float4x4([[0.961128, -0.0197527, -0.275396, 0.0)], [0.00902656, 0.999152, -0.0401613, 0.0)], [0.275956, 0.0361143, 0.960491, 0.0)], [0.0425432, 0.000750855, -0.109757, 1.0)]])
0.0425432, 0.000750855, -0.109757
float3(-0.0361221, 0.279772, -0.0197669)
93479.234118458
normal
simd_float4x4([[0.961026, -0.0178954, -0.275878, 0.0)], [0.011205, 0.999604, -0.0258087, 0.0)], [0.27623, 0.0217116, 0.960846, 0.0)], [0.0408746, -0.00155703, -0.11093, 1.0)]])
0.0408746, -0.00155703, -0.11093
float3(-0.0217133, 0.279937, -0.0179006)
93479.334174625
normal
simd_float4x4([[0.961274, -0.0166535, -0.27509, 0.0)], [0.0121255, 0.999762, -0.0181526, 0.0)], [0.275327, 0.0141141, 0.961247, 0.0)], [0.0409859, -0.00390557, -0.115186, 1.0)]])
0.0409859, -0.00390557, -0.115186
float3(-0.0141145, 0.278959, -0.0166559)
93479.434231
normal
simd_float4x4([[0.961658, -0.0171729, -0.273714, 0.0)], [0.0120469, 0.999719, -0.0203974, 0.0)], [0.273988, 0.0163179, 0.961595, 0.0)], [0.0432512, -0.00419002, -0.117468, 1.0)]])
0.0432512, -0.00419002, -0.117468
float3(-0.0163186, 0.277575, -0.017176)
93479.534287083
normal
simd_float4x4([[0.959809, -0.0192829, -0.279991, 0.0)], [0.0116633, 0.999516, -0.0288546, 0.0)], [0.280412, 0.0244293, 0.959569, 0.0)], [0.0440288, -0.0038396, -0.115427, 1.0)]])
0.0440288, -0.0038396, -0.115427
float3(-0.0244317, 0.28431, -0.0192899)
93479.634343333
normal
simd_float4x4([[0.957717, -0.0214123, -0.286915, 0.0)], [0.0102393, 0.999132, -0.0403858, 0.0)], [0.287531, 0.0357404, 0.957104, 0.0)], [0.0423565, -0.00571162, -0.110697, 1.0)]])
0.0423565, -0.00571162, -0.110697
float3(-0.035748, 0.291839, -0.0214276)
93479.734399458
normal
simd_float4x4([[0.953476, -0.0264925, -0.300301, 0.0)], [0.0104026, 0.998429, -0.0550525, 0.0)], [0.301288, 0.0493674, 0.952254, 0.0)], [0.0426893, -0.00594402, -0.109733, 1.0)]])
0.0426893, -0.00594402, -0.109733
float3(-0.0493874, 0.306429, -0.026528)
93479.83445575
normal
simd_float4x4([[0.951646, -0.0306972, -0.30566, 0.0)], [0.00943705, 0.997447, -0.0707913, 0.0)], [0.307053, 0.0644837, 0.949505, 0.0)], [0.0419883, -0.00669536, -0.108085, 1.0)]])
0.0419883, -0.00669536, -0.108085
float3(-0.0645285, 0.312767, -0.0307661)
93479.934511875
normal
simd_float4x4([[0.95354, -0.0344887, -0.299286, 0.0)], [0.00910817, 0.996272, -0.0857878, 0.0)], [0.301129, 0.0790761, 0.950299, 0.0)], [0.0404234, -0.00682859, -0.108325, 1.0)]])
0.0404234, -0.00682859, -0.108325
float3(-0.0791588, 0.306869, -0.034604)
93480.034568208
normal
simd_float4x4([[0.958612, -0.0345437, -0.282613, 0.0)], [0.00844006, 0.995624, -0.0930664, 0.0)], [0.284592, 0.0868293, 0.954709, 0.0)], [0.0408656, -0.0075884, -0.108308, 1.0)]])
0.0408656, -0.0075884, -0.108308
float3(-0.0869388, 0.289706, -0.0346816)
93480.134624333
normal
simd_float4x4([[0.961796, -0.0364495, -0.271329, 0.0)], [0.00891709, 0.994742, -0.102021, 0.0)], [0.273621, 0.0957043, 0.957064, 0.0)], [0.0428943, -0.00791155, -0.110761, 1.0)]])
0.0428943, -0.00791155, -0.110761
float3(-0.095851, 0.278468, -0.0366257)
93480.234680625
normal
simd_float4x4([[0.963336, -0.0409758, -0.26515, 0.0)], [0.0112779, 0.99358, -0.112571, 0.0)], [0.268061, 0.105454, 0.957613, 0.0)], [0.0450095, -0.00779828, -0.112241, 1.0)]])
0.0450095, -0.00779828, -0.112241
float3(-0.10565, 0.27294, -0.0412172)
93480.334736875
normal
simd_float4x4([[0.965874, -0.0399307, -0.255917, 0.0)], [0.0105749, 0.993301, -0.115073, 0.0)], [0.258798, 0.10844, 0.959825, 0.0)], [0.0450885, -0.00767121, -0.112737, 1.0)]])
0.0450885, -0.00767121, -0.112737
float3(-0.108653, 0.263367, -0.0401784)
93480.434792958
normal
simd_float4x4([[0.967532, -0.0377219, -0.249917, 0.0)], [0.00869953, 0.993184, -0.11623, 0.0)], [0.252598, 0.110282, 0.961266, 0.0)], [0.0442404, -0.00795453, -0.112439, 1.0)]])
0.0442404, -0.00795453, -0.112439
float3(-0.110507, 0.256967, -0.0379625)
93480.534849291
normal
simd_float4x4([[0.968409, -0.0373004, -0.246563, 0.0)], [0.00852763, 0.993125, -0.116748, 0.0)], [0.249223, 0.110957, 0.962069, 0.0)], [0.0435124, -0.00772082, -0.111814, 1.0)]])
0.0435124, -0.00772082, -0.111814
float3(-0.111186, 0.253477, -0.0375409)
93480.634905458
normal
simd_float4x4([[0.967564, -0.0389521, -0.249603, 0.0)], [0.00940928, 0.992912, -0.118476, 0.0)], [0.252449, 0.112284, 0.961073, 0.0)], [0.0433707, -0.00768255, -0.111442, 1.0)]])
0.0433707, -0.00768255, -0.111442
float3(-0.112522, 0.256871, -0.03921)
93480.734961666
normal
simd_float4x4([[0.966023, -0.0398982, -0.255359, 0.0)], [0.00921135, 0.9927, -0.120256, 0.0)], [0.258293, 0.113818, 0.959338, 0.0)], [0.0428216, -0.00783902, -0.111761, 1.0)]])
0.0428216, -0.00783902, -0.111761
float3(-0.114065, 0.263004, -0.04017)
93480.835017708
normal
simd_float4x4([[0.966412, -0.0400963, -0.253849, 0.0)], [0.00953599, 0.992668, -0.120492, 0.0)], [0.256819, 0.114024, 0.959709, 0.0)], [0.0414852, -0.00823342, -0.113822, 1.0)]])
0.0414852, -0.00823342, -0.113822
float3(-0.114272, 0.261474, -0.0403705)
93480.935074083
normal
simd_float4x4([[0.96931, -0.0397004, -0.242613, 0.0)], [0.0103094, 0.992571, -0.121232, 0.0)], [0.245624, 0.11501, 0.962518, 0.0)], [0.0422452, -0.00867902, -0.116469, 1.0)]])
0.0422452, -0.00867902, -0.116469
float3(-0.115265, 0.249856, -0.0399762)
93481.03513025
normal
simd_float4x4([[0.974032, -0.0403331, -0.22279, 0.0)], [0.0131106, 0.992401, -0.122342, 0.0)], [0.226031, 0.116244, 0.967159, 0.0)], [0.0439199, -0.00892138, -0.119365, 1.0)]])
0.0439199, -0.00892138, -0.119365
float3(-0.116507, 0.229586, -0.0406196)
93481.135186583
normal
simd_float4x4([[0.980654, -0.0384667, -0.191931, 0.0)], [0.0149268, 0.992342, -0.122617, 0.0)], [0.195178, 0.11738, 0.973718, 0.0)], [0.0464438, -0.00921176, -0.123643, 1.0)]])
0.0464438, -0.00921176, -0.123643
float3(-0.117651, 0.197824, -0.0387441)
93481.235242666
normal
simd_float4x4([[0.986706, -0.0384307, -0.157908, 0.0)], [0.0190116, 0.992262, -0.122695, 0.0)], [0.161402, 0.118061, 0.979801, 0.0)], [0.0498279, -0.00847267, -0.127257, 1.0)]])
0.0498279, -0.00847267, -0.127257
float3(-0.118337, 0.163263, -0.038711)
93481.335298958
normal
simd_float4x4([[0.991728, -0.0394698, -0.122135, 0.0)], [0.0244441, 0.992209, -0.122163, 0.0)], [0.126006, 0.118167, 0.984967, 0.0)], [0.0539825, -0.00852515, -0.130196, 1.0)]])
0.0539825, -0.00852515, -0.130196
float3(-0.118443, 0.127238, -0.0397588)
93481.435355166
normal
simd_float4x4([[0.996248, -0.0382822, -0.0776148, 0.0)], [0.0286659, 0.992186, -0.121429, 0.0)], [0.0816569, 0.118749, 0.989561, 0.0)], [0.058401, -0.00912861, -0.13221, 1.0)]])
0.058401, -0.00912861, -0.13221
float3(-0.119029, 0.0823318, -0.0385645)
93481.535411416
normal
simd_float4x4([[0.998813, -0.0359783, -0.032841, 0.0)], [0.0318042, 0.992288, -0.1198, 0.0)], [0.036898, 0.118613, 0.992255, 0.0)], [0.063381, -0.00922154, -0.135707, 1.0)]])
0.063381, -0.00922154, -0.135707
float3(-0.118893, 0.0371689, -0.036242)
93481.635467666
normal
simd_float4x4([[0.999326, -0.035143, 0.0106357, 0.0)], [0.0361515, 0.992396, -0.117657, 0.0)], [-0.00642002, 0.117962, 0.992997, 0.0)], [0.0680754, -0.00979195, -0.138445, 1.0)]])
0.0680754, -0.00979195, -0.138445
float3(-0.118237, -0.00646521, -0.0353975)
93481.735523791
normal
simd_float4x4([[0.997885, -0.0333879, 0.0557765, 0.0)], [0.0397617, 0.992291, -0.11738, 0.0)], [-0.0514274, 0.11935, 0.991519, 0.0)], [0.0720975, -0.00994525, -0.143346, 1.0)]])
0.0720975, -0.00994525, -0.143346
float3(-0.119635, -0.0518209, -0.0336346)
93481.835580083
normal
simd_float4x4([[0.994424, -0.0293469, 0.101292, 0.0)], [0.0410867, 0.992418, -0.115835, 0.0)], [-0.0971249, 0.119351, 0.98809, 0.0)], [0.0787131, -0.0105314, -0.145042, 1.0)]])
0.0787131, -0.0105314, -0.145042
float3(-0.119636, -0.0979808, -0.0295624)
93481.935636208
normal
simd_float4x4([[0.988567, -0.0259715, 0.148528, 0.0)], [0.0436023, 0.992208, -0.11671, 0.0)], [-0.144339, 0.121852, 0.981997, 0.0)], [0.0831936, -0.0111001, -0.147484, 1.0)]])
0.0831936, -0.0111001, -0.147484
float3(-0.122155, -0.14594, -0.0261695)
93482.035692583
normal
simd_float4x4([[0.980097, -0.0209076, 0.197415, 0.0)], [0.0447596, 0.992106, -0.117145, 0.0)], [-0.193408, 0.12365, 0.973296, 0.0)], [0.0874262, -0.0119334, -0.150383, 1.0)]])
0.0874262, -0.0119334, -0.150383
float3(-0.123967, -0.196159, -0.0210708)
93482.135748666
normal
simd_float4x4([[0.970156, -0.0166751, 0.241908, 0.0)], [0.0468927, 0.991702, -0.119701, 0.0)], [-0.237904, 0.127472, 0.962887, 0.0)], [0.091766, -0.0128478, -0.154859, 1.0)]])
0.091766, -0.0128478, -0.154859
float3(-0.12782, -0.242223, -0.016813)
93482.235804958
normal
simd_float4x4([[0.959745, -0.0160885, 0.280412, 0.0)], [0.0517277, 0.991406, -0.120163, 0.0)], [-0.276069, 0.129831, 0.952329, 0.0)], [0.0949024, -0.0134243, -0.15897, 1.0)]])
0.0949024, -0.0134243, -0.15897
float3(-0.130198, -0.282155, -0.0162266)
93482.335861291
normal
simd_float4x4([[0.950103, -0.0173262, 0.311456, 0.0)], [0.0583861, 0.990688, -0.122996, 0.0)], [-0.306425, 0.135044, 0.942267, 0.0)], [0.0971575, -0.0128485, -0.164281, 1.0)]])
0.0971575, -0.0128485, -0.164281
float3(-0.135458, -0.314412, -0.0174873)
93482.435917333
normal
simd_float4x4([[0.939794, -0.0186331, 0.341232, 0.0)], [0.0647603, 0.99013, -0.124291, 0.0)], [-0.335548, 0.138906, 0.931725, 0.0)], [0.102131, -0.0132668, -0.171367, 1.0)]])
0.102131, -0.0132668, -0.171367
float3(-0.139357, -0.345676, -0.0188167)
93482.535973666
normal
simd_float4x4([[0.927188, -0.0178931, 0.374169, 0.0)], [0.0697576, 0.989634, -0.125533, 0.0)], [-0.368045, 0.142494, 0.918824, 0.0)], [0.0992647, -0.0135447, -0.170888, 1.0)]])
0.0992647, -0.0135447, -0.170888
float3(-0.142981, -0.380989, -0.0180785)
93482.636029875
normal
simd_float4x4([[0.911282, -0.0165516, 0.411451, 0.0)], [0.0739478, 0.989526, -0.123973, 0.0)], [-0.40509, 0.143401, 0.902961, 0.0)], [0.1009, -0.014715, -0.178858, 1.0)]])
0.1009, -0.014715, -0.178858
float3(-0.143897, -0.421709, -0.0167252)
93482.736086208
normal
simd_float4x4([[0.892659, -0.0140411, 0.450514, 0.0)], [0.0768587, 0.989618, -0.121446, 0.0)], [-0.444131, 0.143036, 0.88447, 0.0)], [0.0967853, -0.0166178, -0.18204, 1.0)]])
0.0967853, -0.0166178, -0.18204
float3(-0.143528, -0.465361, -0.0141875)
93482.836142333
normal
simd_float4x4([[0.879184, -0.0148574, 0.47625, 0.0)], [0.0845878, 0.988504, -0.125316, 0.0)], [-0.468914, 0.150461, 0.870334, 0.0)], [0.093353, -0.0222153, -0.18655, 1.0)]])
0.093353, -0.0222153, -0.18655
float3(-0.151034, -0.494184, -0.015029)
93482.936198583
normal
simd_float4x4([[0.874327, -0.0239481, 0.484746, 0.0)], [0.102201, 0.985471, -0.135653, 0.0)], [-0.474455, 0.168147, 0.864071, 0.0)], [0.0919887, -0.0266838, -0.201165, 1.0)]])
0.0919887, -0.0266838, -0.201165
float3(-0.168949, -0.502146, -0.0242964)
93483.03625475
normal
simd_float4x4([[0.864633, -0.0326216, 0.501344, 0.0)], [0.112813, 0.985014, -0.130467, 0.0)], [-0.489574, 0.169364, 0.855355, 0.0)], [0.0910841, -0.0294624, -0.214561, 1.0)]])
0.0910841, -0.0294624, -0.214561
float3(-0.170184, -0.519851, -0.0331059)
93483.136310958
normal
simd_float4x4([[0.851893, -0.0304114, 0.522832, 0.0)], [0.116647, 0.984253, -0.132811, 0.0)], [-0.51056, 0.174128, 0.842026, 0.0)], [0.0969816, -0.0341705, -0.233127, 1.0)]])
0.0969816, -0.0341705, -0.233127
float3(-0.17502, -0.545074, -0.0308881)
93483.236367083
normal
simd_float4x4([[0.844181, -0.0279548, 0.535329, 0.0)], [0.121756, 0.982538, -0.140693, 0.0)], [-0.522048, 0.18395, 0.832843, 0.0)], [0.107033, -0.0362186, -0.253572, 1.0)]])
0.107033, -0.0362186, -0.253572
float3(-0.185004, -0.559912, -0.0284439)
93483.3364235
normal
simd_float4x4([[0.837365, -0.030583, 0.545788, 0.0)], [0.124311, 0.982928, -0.135644, 0.0)], [-0.532322, 0.18143, 0.826871, 0.0)], [0.120866, -0.0377174, -0.272874, 1.0)]])
0.120866, -0.0377174, -0.272874
float3(-0.182441, -0.571989, -0.0311042)
93483.436479541
normal
simd_float4x4([[0.830318, -0.0239708, 0.556774, 0.0)], [0.118189, 0.983923, -0.133894, 0.0)], [-0.544613, 0.176979, 0.819802, 0.0)], [0.144381, -0.0420391, -0.297347, 1.0)]])
0.144381, -0.0420391, -0.297347
float3(-0.177916, -0.586378, -0.0243577)
93483.536535916
normal
simd_float4x4([[0.824296, -0.0183936, 0.56586, 0.0)], [0.114525, 0.984227, -0.134837, 0.0)], [-0.554455, 0.175951, 0.813401, 0.0)], [0.177199, -0.0476737, -0.325828, 1.0)]])
0.177199, -0.0476737, -0.325828
float3(-0.176871, -0.598304, -0.0186862)
93483.636592166
normal
simd_float4x4([[0.82411, -0.0183168, 0.566134, 0.0)], [0.112891, 0.984737, -0.132473, 0.0)], [-0.555067, 0.173084, 0.813599, 0.0)], [0.216775, -0.0495595, -0.358184, 1.0)]])
0.216775, -0.0495595, -0.358184
float3(-0.17396, -0.598704, -0.0185986)
93483.736648416
normal
simd_float4x4([[0.823087, -0.00481793, 0.567895, 0.0)], [0.0982416, 0.986097, -0.134022, 0.0)], [-0.559354, 0.166103, 0.812116, 0.0)], [0.263393, -0.0479335, -0.394534, 1.0)]])
0.263393, -0.0479335, -0.394534
float3(-0.166876, -0.603143, -0.00488582)
93483.836704625
normal
simd_float4x4([[0.818248, 0.00920869, 0.574792, 0.0)], [0.0821514, 0.987736, -0.132772, 0.0)], [-0.568965, 0.15586, 0.807457, 0.0)], [0.312421, -0.0442283, -0.432208, 1.0)]])
0.312421, -0.0442283, -0.432208
float3(-0.156498, -0.613832, 0.00932276)
93483.936760833
normal
simd_float4x4([[0.812534, 0.0197313, 0.582579, 0.0)], [0.0670938, 0.989619, -0.127094, 0.0)], [-0.579039, 0.142356, 0.802776, 0.0)], [0.359414, -0.0405952, -0.466418, 1.0)]])
0.359414, -0.0405952, -0.466418
float3(-0.142841, -0.624876, 0.0199357)
93484.036817041
normal
simd_float4x4([[0.811302, 0.0318985, 0.583756, 0.0)], [0.0582502, 0.989131, -0.135006, 0.0)], [-0.581718, 0.143534, 0.800626, 0.0)], [0.402883, -0.0450483, -0.496518, 1.0)]])
0.402883, -0.0450483, -0.496518
float3(-0.144032, -0.628342, 0.0322379)
93484.136873208
normal
simd_float4x4([[0.814192, 0.0333231, 0.579638, 0.0)], [0.0720419, 0.984838, -0.157812, 0.0)], [-0.576109, 0.170247, 0.799446, 0.0)], [0.446711, -0.0452257, -0.536031, 1.0)]])
0.446711, -0.0452257, -0.536031
float3(-0.171081, -0.624441, 0.0338232)
93484.2369295
normal
simd_float4x4([[0.81546, 0.0439441, 0.577143, 0.0)], [0.0619927, 0.984748, -0.16257, 0.0)], [-0.575484, 0.168348, 0.800298, 0.0)], [0.482188, -0.0470359, -0.576735, 1.0)]])
0.482188, -0.0470359, -0.576735
float3(-0.169154, -0.623422, 0.0445952)
93484.336985791
normal
simd_float4x4([[0.816039, 0.0513653, 0.57571, 0.0)], [0.0539253, 0.984933, -0.164313, 0.0)], [-0.575476, 0.165131, 0.800974, 0.0)], [0.520219, -0.0565759, -0.623909, 1.0)]])
0.520219, -0.0565759, -0.623909
float3(-0.165891, -0.623015, 0.0521039)
93484.437042
normal
simd_float4x4([[0.809734, 0.0381477, 0.585556, 0.0)], [0.063397, 0.986356, -0.151927, 0.0)], [-0.583363, 0.160143, 0.796267, 0.0)], [0.563675, -0.0615316, -0.683099, 1.0)]])
0.563675, -0.0615316, -0.683099
float3(-0.160836, -0.632286, 0.0386561)
93484.537098125
normal
simd_float4x4([[0.792978, 0.0399321, 0.60794, 0.0)], [0.0610709, 0.987614, -0.14453, 0.0)], [-0.606181, 0.151736, 0.780718, 0.0)], [0.606143, -0.0655342, -0.747445, 1.0)]])
0.606143, -0.0655342, -0.747445
float3(-0.152325, -0.66021, 0.0404109)
93484.637154416
normal
simd_float4x4([[0.782167, 0.0380145, 0.621908, 0.0)], [0.0650369, 0.987703, -0.14217, 0.0)], [-0.619665, 0.151648, 0.770077, 0.0)], [0.6469, -0.0608649, -0.813511, 1.0)]])
0.6469, -0.0608649, -0.813511
float3(-0.152235, -0.677588, 0.0384688)
93484.737210833
normal
simd_float4x4([[0.765817, 0.0155255, 0.642871, 0.0)], [0.0874567, 0.987905, -0.128041, 0.0)], [-0.637084, 0.154279, 0.755197, 0.0)], [0.688434, -0.0538107, -0.873494, 1.0)]])
0.688434, -0.0538107, -0.873494
float3(-0.154898, -0.700766, 0.0157143)
93484.837266958
normal
simd_float4x4([[0.754703, -0.00358287, 0.656057, 0.0)], [0.111632, 0.986104, -0.123032, 0.0)], [-0.6465, 0.166089, 0.744615, 0.0)], [0.726818, -0.0486346, -0.917241, 1.0)]])
0.726818, -0.0486346, -0.917241
float3(-0.166863, -0.714985, -0.00363335)
93484.937323333
normal
simd_float4x4([[0.756611, -0.0130756, 0.653734, 0.0)], [0.115957, 0.986636, -0.114471, 0.0)], [-0.643501, 0.162415, 0.748016, 0.0)], [0.763738, -0.0454114, -0.957094, 1.0)]])
0.763738, -0.0454114, -0.957094
float3(-0.163138, -0.71043, -0.0132519)
93485.037379458
normal
simd_float4x4([[0.763499, -0.0325391, 0.644988, 0.0)], [0.122059, 0.988, -0.0946419, 0.0)], [-0.634169, 0.150985, 0.758309, 0.0)], [0.808236, -0.0516878, -0.994014, 1.0)]])
0.808236, -0.0516878, -0.994014
float3(-0.151565, -0.696483, -0.0329224)
93485.137435666
normal
simd_float4x4([[0.767592, -0.0328088, 0.640099, 0.0)], [0.120427, 0.988285, -0.0937576, 0.0)], [-0.629524, 0.149053, 0.76255, 0.0)], [0.860031, -0.0627757, -1.03381, 1.0)]])
0.860031, -0.0627757, -1.03381
float3(-0.14961, -0.690127, -0.0331855)
93485.237491875
normal
simd_float4x4([[0.763957, -0.0307738, 0.644533, 0.0)], [0.111611, 0.990109, -0.0850176, 0.0)], [-0.635541, 0.136887, 0.759835, 0.0)], [0.922839, -0.069379, -1.07956, 1.0)]])
0.922839, -0.069379, -1.07956
float3(-0.137318, -0.696557, -0.0310712)
93485.337548166
normal
simd_float4x4([[0.762355, -0.0138939, 0.64701, 0.0)], [0.0970023, 0.990928, -0.093016, 0.0)], [-0.639848, 0.133673, 0.756787, 0.0)], [0.994533, -0.0711509, -1.1282, 1.0)]])
0.994533, -0.0711509, -1.1282
float3(-0.134074, -0.701864, -0.0140202)
93485.437604375
normal
simd_float4x4([[0.763023, 0.00174999, 0.646369, 0.0)], [0.0913412, 0.989669, -0.110506, 0.0)], [-0.639884, 0.143358, 0.754981, 0.0)], [1.06537, -0.0660869, -1.18119, 1.0)]])
1.06537, -0.0660869, -1.18119
float3(-0.143854, -0.70307, 0.00176826)
93485.537660666
normal
simd_float4x4([[0.784051, 0.00408349, 0.620683, 0.0)], [0.0933298, 0.987834, -0.124394, 0.0)], [-0.61364, 0.155459, 0.774131, 0.0)], [1.1185, -0.0644438, -1.22164, 1.0)]])
1.1185, -0.0644438, -1.22164
float3(-0.156093, -0.670263, 0.00413376)
93485.637716791
normal
simd_float4x4([[0.779561, 0.0105528, 0.626237, 0.0)], [0.0925414, 0.986943, -0.13183, 0.0)], [-0.619452, 0.160722, 0.768406, 0.0)], [1.16789, -0.0634453, -1.26677, 1.0)]])
1.16789, -0.0634453, -1.26677
float3(-0.161422, -0.678481, 0.010692)
93485.737773083
normal
simd_float4x4([[0.767412, 0.0210498, 0.640808, 0.0)], [0.0838707, 0.987577, -0.132882, 0.0)], [-0.635644, 0.15572, 0.756113, 0.0)], [1.20868, -0.0649652, -1.31274, 1.0)]])
1.20868, -0.0649652, -1.31274
float3(-0.156356, -0.699054, 0.0213113)
93485.837829541
normal
simd_float4x4([[0.760645, 0.0270152, 0.648606, 0.0)], [0.0769164, 0.988345, -0.131368, 0.0)], [-0.644596, 0.149813, 0.749701, 0.0)], [1.24786, -0.0729665, -1.36147, 1.0)]])
1.24786, -0.0729665, -1.36147
float3(-0.150379, -0.710158, 0.027327)
93485.937885625
normal
simd_float4x4([[0.749436, 0.0160015, 0.661884, 0.0)], [0.080189, 0.990155, -0.114734, 0.0)], [-0.657203, 0.139061, 0.740774, 0.0)], [1.28505, -0.0774819, -1.41867, 1.0)]])
1.28505, -0.0774819, -1.41867
float3(-0.139514, -0.72569, 0.0161592)
93486.037941958
normal
simd_float4x4([[0.730371, 0.0172073, 0.682834, 0.0)], [0.0715938, 0.992248, -0.101582, 0.0)], [-0.679288, 0.12308, 0.723477, 0.0)], [1.31976, -0.0785168, -1.47915, 1.0)]])
1.31976, -0.0785168, -1.47915
float3(-0.123392, -0.753907, 0.01734)
93486.137998125
normal
simd_float4x4([[0.714537, 0.0231684, 0.699214, 0.0)], [0.07626, 0.990917, -0.110765, 0.0)], [-0.695429, 0.132468, 0.70628, 0.0)], [1.3539, -0.0723825, -1.54004, 1.0)]])
1.3539, -0.0723825, -1.54004
float3(-0.132858, -0.777658, 0.0233765)
93486.238054375
normal
simd_float4x4([[0.712411, -0.0187853, 0.701511, 0.0)], [0.101343, 0.991917, -0.076356, 0.0)], [-0.694406, 0.12549, 0.708556, 0.0)], [1.38569, -0.0649641, -1.5816, 1.0)]])
1.38569, -0.0649641, -1.5816
float3(-0.125822, -0.775313, -0.0189361)
93486.338110541
normal
simd_float4x4([[0.717656, -0.0245744, 0.695964, 0.0)], [0.12276, 0.988191, -0.0916935, 0.0)], [-0.685493, 0.151241, 0.712198, 0.0)], [1.42188, -0.064802, -1.62563, 1.0)]])
1.42188, -0.064802, -1.62563
float3(-0.151824, -0.766294, -0.024863)
93486.438166833
normal
simd_float4x4([[0.717639, -0.0319864, 0.69568, 0.0)], [0.126535, 0.988306, -0.0850879, 0.0)], [-0.684823, 0.14909, 0.713294, 0.0)], [1.45854, -0.0644673, -1.67043, 1.0)]])
1.45854, -0.0644673, -1.67043
float3(-0.149648, -0.765037, -0.0323536)
93486.538223
normal
simd_float4x4([[0.727708, -0.0324321, 0.68512, 0.0)], [0.125046, 0.988414, -0.0860294, 0.0)], [-0.674392, 0.148276, 0.723332, 0.0)], [1.50027, -0.0704361, -1.7146, 1.0)]])
1.50027, -0.0704361, -1.7146
float3(-0.148824, -0.750398, -0.0328005)
93486.6382795
normal
simd_float4x4([[0.74223, -0.0268503, 0.669607, 0.0)], [0.11463, 0.989558, -0.0873824, 0.0)], [-0.660268, 0.141615, 0.737557, 0.0)], [1.54723, -0.0757093, -1.75972, 1.0)]])
1.54723, -0.0757093, -1.75972
float3(-0.142092, -0.730162, -0.027127)
93486.738335708
normal
simd_float4x4([[0.755919, -0.0215599, 0.65431, 0.0)], [0.0912113, 0.993178, -0.0726498, 0.0)], [-0.64828, 0.114598, 0.752728, 0.0)], [1.59498, -0.0767489, -1.80499, 1.0)]])
1.59498, -0.0767489, -1.80499
float3(-0.11485, -0.710984, -0.0217046)
93486.838391875
normal
simd_float4x4([[0.767294, -0.00697808, 0.641257, 0.0)], [0.0778767, 0.993554, -0.0823714, 0.0)], [-0.636549, 0.113142, 0.762892, 0.0)], [1.64691, -0.0725233, -1.851, 1.0)]])
1.64691, -0.0725233, -1.851
float3(-0.113385, -0.695361, -0.00702324)
93486.938448125
normal
simd_float4x4([[0.77943, 0.00123341, 0.626489, 0.0)], [0.0626647, 0.994829, -0.0799212, 0.0)], [-0.623348, 0.101552, 0.775322, 0.0)], [1.68761, -0.0656225, -1.88875, 1.0)]])
1.68761, -0.0656225, -1.88875
float3(-0.101727, -0.677167, 0.00123982)
93487.038504333
normal
simd_float4x4([[0.785058, 0.0143985, 0.619254, 0.0)], [0.0543041, 0.994281, -0.0919623, 0.0)], [-0.617037, 0.105824, 0.779786, 0.0)], [1.71815, -0.065777, -1.92237, 1.0)]])
1.71815, -0.065777, -1.92237
float3(-0.106022, -0.669407, 0.0144803)
93487.138560625
normal
simd_float4x4([[0.781175, 0.0166581, 0.62409, 0.0)], [0.057358, 0.993501, -0.0983136, 0.0)], [-0.621672, 0.112597, 0.775143, 0.0)], [1.74028, -0.0601196, -1.95176, 1.0)]])
1.74028, -0.0601196, -1.95176
float3(-0.112836, -0.675965, 0.0167655)
93487.238616791
normal
simd_float4x4([[0.774353, 0.0195729, 0.632451, 0.0)], [0.0535409, 0.99391, -0.0963129, 0.0)], [-0.630484, 0.108442, 0.768589, 0.0)], [1.75606, -0.0584542, -1.97504, 1.0)]])
1.75606, -0.0584542, -1.97504
float3(-0.108656, -0.687005, 0.0196903)
93487.33867325
normal
simd_float4x4([[0.76403, 0.0059477, 0.645153, 0.0)], [0.0583661, 0.99522, -0.0782958, 0.0)], [-0.642535, 0.0974754, 0.760031, 0.0)], [1.76849, -0.0561789, -1.99672, 1.0)]])
1.76849, -0.0561789, -1.99672
float3(-0.0976305, -0.701821, 0.0059762)
