ARKit Data
193232.055995208
limited(__ObjC.ARCamera.TrackingState.Reason.initializing)
simd_float4x4([[-0.114538, -0.98398, 0.136611, 0.0)], [0.792889, -0.00770092, 0.609317, 0.0)], [-0.598504, 0.178108, 0.781068, 0.0)], [0.0, 0.0, 0.0, 1.0)]])
0.0, 0.0, 0.0
float3(-0.179063, -0.653829, -1.57862)
193232.391103791
notAvailable
simd_float4x4([[1.0, 0.0, 0.0, 0.0)], [0.0, 1.0, 0.0, 0.0)], [0.0, 0.0, 1.0, 0.0)], [0.0, 0.0, 0.0, 1.0)]])
0.0, 0.0, 0.0
float3(-0.0, 0.0, 0.0)
193232.507752208
notAvailable
simd_float4x4([[1.0, 0.0, 0.0, 0.0)], [0.0, 1.0, 0.0, 0.0)], [0.0, 0.0, 1.0, 0.0)], [0.0, 0.0, 0.0, 1.0)]])
0.0, 0.0, 0.0
float3(-0.0, 0.0, 0.0)
193232.6244005
limited(__ObjC.ARCamera.TrackingState.Reason.initializing)
simd_float4x4([[-0.00444574, -0.989533, 0.144234, 0.0)], [0.999988, -0.00472322, -0.00158149, 0.0)], [0.00224618, 0.144226, 0.989542, 0.0)], [0.0, 0.0, 0.0, 1.0)]])
0.0, 0.0, 0.0
float3(-0.14473, 0.00226992, -1.57557)
193232.741059708
limited(__ObjC.ARCamera.TrackingState.Reason.initializing)
simd_float4x4([[-0.00282144, -0.989555, 0.144125, 0.0)], [0.999983, -0.00352574, -0.00463161, 0.0)], [0.00509138, 0.144109, 0.989548, 0.0)], [0.0, 0.0, 0.0, 1.0)]])
0.0, 0.0, 0.0
float3(-0.144613, 0.00514511, -1.57436)
193232.841110291
limited(__ObjC.ARCamera.TrackingState.Reason.initializing)
simd_float4x4([[-0.005267, -0.991618, 0.129088, 0.0)], [0.99997, -0.00449517, 0.00626978, 0.0)], [-0.00563697, 0.129117, 0.991612, 0.0)], [0.0, 0.0, 0.0, 1.0)]])
0.0, 0.0, 0.0
float3(-0.129478, -0.00568459, -1.57533)
193232.941160916
limited(__ObjC.ARCamera.TrackingState.Reason.initializing)
simd_float4x4([[-0.00499709, -0.99442, 0.105371, 0.0)], [0.999765, -0.00274772, 0.0214815, 0.0)], [-0.0210721, 0.105454, 0.9942, 0.0)], [0.0, 0.0, 0.0, 1.0)]])
0.0, 0.0, 0.0
float3(-0.10565, -0.0211919, -1.57356)
193233.041211458
limited(__ObjC.ARCamera.TrackingState.Reason.initializing)
simd_float4x4([[-0.00516384, -0.997016, 0.07702, 0.0)], [0.999339, -0.00237302, 0.0362828, 0.0)], [-0.0359918, 0.0771564, 0.996369, 0.0)], [0.0, 0.0, 0.0, 1.0)]])
0.0, 0.0, 0.0
float3(-0.0772332, -0.0361073, -1.57318)
193233.141250958
limited(__ObjC.ARCamera.TrackingState.Reason.initializing)
simd_float4x4([[-0.00669434, -0.998462, 0.0550147, 0.0)], [0.998187, -0.00338143, 0.0600934, 0.0)], [-0.0598151, 0.0553172, 0.996675, 0.0)], [0.0, 0.0, 0.0, 1.0)]])
0.0, 0.0, 0.0
float3(-0.0553455, -0.0599427, -1.57418)
193233.25789925
limited(__ObjC.ARCamera.TrackingState.Reason.initializing)
simd_float4x4([[-0.00580584, -0.999424, 0.0334142, 0.0)], [0.994057, -0.00213601, 0.108836, 0.0)], [-0.108702, 0.0338475, 0.993497, 0.0)], [0.0, 0.0, 0.0, 1.0)]])
0.0, 0.0, 0.0
float3(-0.033854, -0.10898, -1.57293)
193233.374547666
limited(__ObjC.ARCamera.TrackingState.Reason.initializing)
simd_float4x4([[-0.00975835, -0.999649, 0.0246267, 0.0)], [0.988471, -0.00592208, 0.151294, 0.0)], [-0.151095, 0.0258192, 0.988182, 0.0)], [0.0, 0.0, 0.0, 1.0)]])
0.0, 0.0, 0.0
float3(-0.025822, -0.151727, -1.57672)
193233.49119575
limited(__ObjC.ARCamera.TrackingState.Reason.initializing)
simd_float4x4([[-0.0200033, -0.999651, 0.0172395, 0.0)], [0.986416, -0.0169207, 0.163393, 0.0)], [-0.163044, 0.0202738, 0.98641, 0.0)], [0.0, 0.0, 0.0, 1.0)]])
0.0, 0.0, 0.0
float3(-0.0202752, -0.16381, -1.58772)
193233.607844
limited(__ObjC.ARCamera.TrackingState.Reason.initializing)
simd_float4x4([[-0.0292123, -0.999478, 0.0138301, 0.0)], [0.989932, -0.0270108, 0.13894, 0.0)], [-0.138494, 0.0177497, 0.990204, 0.0)], [0.0, 0.0, 0.0, 1.0)]])
0.0, 0.0, 0.0
float3(-0.0177506, -0.138962, -1.59781)
193233.724492416
limited(__ObjC.ARCamera.TrackingState.Reason.initializing)
simd_float4x4([[-0.0339319, -0.999316, 0.0146386, 0.0)], [0.995884, -0.0325764, 0.0845823, 0.0)], [-0.0840477, 0.0174484, 0.996308, 0.0)], [0.0, 0.0, 0.0, 1.0)]])
0.0, 0.0, 0.0
float3(-0.0174493, -0.0841598, -1.60338)
193233.841140666
limited(__ObjC.ARCamera.TrackingState.Reason.initializing)
simd_float4x4([[-0.0355788, -0.999136, 0.021482, 0.0)], [0.999143, -0.0351075, 0.0219299, 0.0)], [-0.0211568, 0.0222438, 0.999528, 0.0)], [0.0, 0.0, 0.0, 1.0)]])
0.0, 0.0, 0.0
float3(-0.0222457, -0.0211636, -1.60592)
193233.957789083
limited(__ObjC.ARCamera.TrackingState.Reason.initializing)
simd_float4x4([[-0.032278, -0.999046, 0.0293683, 0.0)], [0.998434, -0.0335737, -0.0447546, 0.0)], [0.0456979, 0.0278777, 0.998565, 0.0)], [0.0, 0.0, 0.0, 1.0)]])
0.0, 0.0, 0.0
float3(-0.0278813, 0.0457317, -1.60439)
193234.07443725
limited(__ObjC.ARCamera.TrackingState.Reason.initializing)
simd_float4x4([[-0.0266783, -0.998825, 0.0404212, 0.0)], [0.994937, -0.0304503, -0.0957773, 0.0)], [0.0968957, 0.0376614, 0.99458, 0.0)], [0.0, 0.0, 0.0, 1.0)]])
0.0, 0.0, 0.0
float3(-0.0376703, 0.0971172, -1.60127)
193234.191085666
limited(__ObjC.ARCamera.TrackingState.Reason.initializing)
simd_float4x4([[-0.0207423, -0.998403, 0.0525331, 0.0)], [0.990488, -0.0276698, -0.134787, 0.0)], [0.136025, 0.0492376, 0.98948, 0.0)], [0.0, 0.0, 0.0, 1.0)]])
0.0, 0.0, 0.0
float3(-0.0492575, 0.136615, -1.5985)
193234.307733875
limited(__ObjC.ARCamera.TrackingState.Reason.initializing)
simd_float4x4([[-0.0181241, -0.998338, 0.0546921, 0.0)], [0.990808, -0.0252678, -0.132897, 0.0)], [0.134058, 0.0517807, 0.989619, 0.0)], [0.0, 0.0, 0.0, 1.0)]])
0.0, 0.0, 0.0
float3(-0.0518039, 0.134645, -1.5961)
193234.424382291
limited(__ObjC.ARCamera.TrackingState.Reason.initializing)
simd_float4x4([[-0.0161223, -0.998432, 0.0536011, 0.0)], [0.99354, -0.0220196, -0.111323, 0.0)], [0.112328, 0.05146, 0.992338, 0.0)], [0.0, 0.0, 0.0, 1.0)]])
0.0, 0.0, 0.0
float3(-0.0514828, 0.112716, -1.59285)
193234.541030541
limited(__ObjC.ARCamera.TrackingState.Reason.initializing)
simd_float4x4([[-0.0123775, -0.998657, 0.0503182, 0.0)], [0.995818, -0.0168663, -0.0897857, 0.0)], [0.0905138, 0.0489964, 0.994689, 0.0)], [0.0, 0.0, 0.0, 1.0)]])
0.0, 0.0, 0.0
float3(-0.049016, 0.0907471, -1.58768)
193234.657679083
limited(__ObjC.ARCamera.TrackingState.Reason.initializing)
simd_float4x4([[-0.00681528, -0.998609, 0.052285, 0.0)], [0.997595, -0.0103965, -0.0685308, 0.0)], [0.068979, 0.0516922, 0.996278, 0.0)], [0.0, 0.0, 0.0, 1.0)]])
0.0, 0.0, 0.0
float3(-0.0517152, 0.0691264, -1.58121)
193234.77432725
limited(__ObjC.ARCamera.TrackingState.Reason.initializing)
simd_float4x4([[-0.00960202, -0.998601, 0.0519986, 0.0)], [0.998914, -0.0119501, -0.0450365, 0.0)], [0.0455949, 0.0515097, 0.997631, 0.0)], [0.0, 0.0, 0.0, 1.0)]])
0.0, 0.0, 0.0
float3(-0.0515325, 0.0456714, -1.58276)
193234.890975666
limited(__ObjC.ARCamera.TrackingState.Reason.initializing)
simd_float4x4([[-0.0109821, -0.998421, 0.0550814, 0.0)], [0.999695, -0.0121824, -0.0215033, 0.0)], [0.0221404, 0.0548284, 0.99825, 0.0)], [0.0, 0.0, 0.0, 1.0)]])
0.0, 0.0, 0.0
float3(-0.0548559, 0.0221756, -1.583)
193235.007623875
limited(__ObjC.ARCamera.TrackingState.Reason.initializing)
simd_float4x4([[-0.0123065, -0.998241, 0.0579954, 0.0)], [0.999834, -0.0130629, -0.0126817, 0.0)], [0.013417, 0.0578297, 0.998236, 0.0)], [0.0, 0.0, 0.0, 1.0)]])
0.0, 0.0, 0.0
float3(-0.057862, 0.0134399, -1.58388)
193235.124272291
limited(__ObjC.ARCamera.TrackingState.Reason.initializing)
simd_float4x4([[-0.0159767, -0.997996, 0.0612316, 0.0)], [0.999653, -0.017226, -0.019929, 0.0)], [0.0209439, 0.060892, 0.997925, 0.0)], [0.0, 0.0, 0.0, 1.0)]])
0.0, 0.0, 0.0
float3(-0.0609297, 0.0209844, -1.58806)
193235.240920666
limited(__ObjC.ARCamera.TrackingState.Reason.initializing)
simd_float4x4([[-0.0165572, -0.997903, 0.0625714, 0.0)], [0.999047, -0.0190385, -0.0392698, 0.0)], [0.0403787, 0.0618616, 0.997268, 0.0)], [0.0, 0.0, 0.0, 1.0)]])
0.0, 0.0, 0.0
float3(-0.0619011, 0.0404672, -1.58987)
193235.357569083
limited(__ObjC.ARCamera.TrackingState.Reason.initializing)
simd_float4x4([[-0.0159353, -0.997924, 0.0624049, 0.0)], [0.997228, -0.0203987, -0.0715524, 0.0)], [0.0726769, 0.0610917, 0.995483, 0.0)], [0.0, 0.0, 0.0, 1.0)]])
0.0, 0.0, 0.0
float3(-0.0611297, 0.0728774, -1.59123)
193235.474217416
limited(__ObjC.ARCamera.TrackingState.Reason.initializing)
simd_float4x4([[-0.0144209, -0.997864, 0.0637104, 0.0)], [0.994606, -0.0208608, -0.101603, 0.0)], [0.102715, 0.0619015, 0.992783, 0.0)], [0.0, 0.0, 0.0, 1.0)]])
0.0, 0.0, 0.0
float3(-0.0619411, 0.103095, -1.5917)
193235.590865791
limited(__ObjC.ARCamera.TrackingState.Reason.initializing)
simd_float4x4([[-0.0137054, -0.997766, 0.0653819, 0.0)], [0.993022, -0.0212416, -0.116002, 0.0)], [0.117131, 0.0633358, 0.991094, 0.0)], [0.0, 0.0, 0.0, 1.0)]])
0.0, 0.0, 0.0
float3(-0.0633782, 0.117638, -1.59208)
193235.707514333
limited(__ObjC.ARCamera.TrackingState.Reason.initializing)
simd_float4x4([[-0.0136643, -0.998272, 0.0571491, 0.0)], [0.99365, -0.0199404, -0.110735, 0.0)], [0.111683, 0.055273, 0.992205, 0.0)], [0.0, 0.0, 0.0, 1.0)]])
0.0, 0.0, 0.0
float3(-0.0553012, 0.112089, -1.59077)
193235.824162666
limited(__ObjC.ARCamera.TrackingState.Reason.initializing)
simd_float4x4([[-0.0111636, -0.999478, 0.0303126, 0.0)], [0.994825, -0.0141629, -0.100611, 0.0)], [0.100987, 0.0290325, 0.994464, 0.0)], [0.0, 0.0, 0.0, 1.0)]])
0.0, 0.0, 0.0
float3(-0.0290366, 0.101203, -1.58497)
193235.940810916
limited(__ObjC.ARCamera.TrackingState.Reason.initializing)
simd_float4x4([[-0.00489214, -0.999932, 0.0105864, 0.0)], [0.996519, -0.00575587, -0.0831627, 0.0)], [0.0832179, 0.0101427, 0.996479, 0.0)], [0.0, 0.0, 0.0, 1.0)]])
0.0, 0.0, 0.0
float3(-0.0101429, 0.0833186, -1.57655)
193236.057459333
limited(__ObjC.ARCamera.TrackingState.Reason.initializing)
simd_float4x4([[-0.00552599, -0.999984, 4.8183e-05, 0.0)], [0.996872, -0.0055125, -0.0788446, 0.0)], [0.0788436, -0.000387659, 0.996886, 0.0)], [0.0, 0.0, 0.0, 1.0)]])
0.0, 0.0, 0.0
float3(0.000387659, 0.0789256, -1.57631)
193236.174107833
limited(__ObjC.ARCamera.TrackingState.Reason.initializing)
simd_float4x4([[-0.00243324, -0.99992, -0.0123828, 0.0)], [0.996309, -0.0013615, -0.0858291, 0.0)], [0.0858054, -0.012546, 0.996232, 0.0)], [0.0, 0.0, 0.0, 1.0)]])
0.0, 0.0, 0.0
float3(0.0125463, 0.0859179, -1.57216)
193236.290756375
limited(__ObjC.ARCamera.TrackingState.Reason.initializing)
simd_float4x4([[0.000411744, -0.999907, -0.0135798, 0.0)], [0.996487, 0.0015476, -0.0837323, 0.0)], [0.0837455, -0.0134976, 0.996395, 0.0)], [0.0, 0.0, 0.0, 1.0)]])
0.0, 0.0, 0.0
float3(0.013498, 0.0838515, -1.56925)
193236.407404291
normal
simd_float4x4([[0.00589104, -0.999864, -0.0153763, 0.0)], [0.996002, 0.00723754, -0.0890375, 0.0)], [0.0891367, -0.0147903, 0.995909, 0.0)], [-0.000586003, -0.0113597, -0.00256566, 1.0)]])
-0.000586003, -0.0113597, -0.00256566
float3(0.0147909, 0.089265, -1.56356)
193236.524053125
normal
simd_float4x4([[0.008224, -0.999863, 0.0143826, 0.0)], [0.996081, 0.00692448, -0.0881787, 0.0)], [0.088067, 0.0150514, 0.996001, 0.0)], [-0.00269365, -0.0323056, -0.00434707, 1.0)]])
-0.00269365, -0.0323056, -0.00434707
float3(-0.015052, 0.0881913, -1.56387)
193236.640701583
normal
simd_float4x4([[0.0125504, -0.998974, 0.0435234, 0.0)], [0.996297, 0.00879063, -0.0855237, 0.0)], [0.0850533, 0.0444356, 0.995385, 0.0)], [-0.00557535, -0.052667, -0.00634529, 1.0)]])
-0.00557535, -0.052667, -0.00634529
float3(-0.0444503, 0.0852406, -1.562)
193236.757350041
normal
simd_float4x4([[0.0120712, -0.997456, 0.0702614, 0.0)], [0.996475, 0.00616607, -0.0836623, 0.0)], [0.0830161, 0.0710237, 0.994014, 0.0)], [-0.00677434, -0.0674928, -0.00871414, 1.0)]])
-0.00677434, -0.0674928, -0.00871414
float3(-0.0710835, 0.0833227, -1.56461)
193236.873998416
normal
simd_float4x4([[0.0197434, -0.995742, 0.0900389, 0.0)], [0.996631, 0.0124306, -0.081068, 0.0)], [0.0796036, 0.0913361, 0.992633, 0.0)], [-0.00966342, -0.0755205, -0.00966841, 1.0)]])
-0.00966342, -0.0755205, -0.00966841
float3(-0.0914636, 0.0800231, -1.55831)
193236.990647041
normal
simd_float4x4([[0.0196038, -0.996238, 0.0844164, 0.0)], [0.996371, 0.0124718, -0.0842, 0.0)], [0.0828303, 0.0857607, 0.992867, 0.0)], [-0.00936704, -0.0758426, -0.00771933, 1.0)]])
-0.00936704, -0.0758426, -0.00771933
float3(-0.0858662, 0.0832327, -1.55828)
193237.1072955
normal
simd_float4x4([[0.0160635, -0.997853, 0.0634991, 0.0)], [0.996643, 0.0108801, -0.081148, 0.0)], [0.0802829, 0.0645894, 0.994677, 0.0)], [-0.00769662, -0.0702747, -0.00174693, 1.0)]])
-0.00769662, -0.0702747, -0.00174693
float3(-0.0646344, 0.080538, -1.55989)
193237.223943666
normal
simd_float4x4([[0.0179414, -0.999266, 0.0338408, 0.0)], [0.997208, 0.0154301, -0.073064, 0.0)], [0.0724882, 0.0350572, 0.996753, 0.0)], [-0.00788304, -0.0654142, 0.00582625, 1.0)]])
-0.00788304, -0.0654142, 0.00582625
float3(-0.0350644, 0.0725966, -1.55536)
193237.340592166
normal
simd_float4x4([[0.0139243, -0.999797, 0.0145681, 0.0)], [0.99759, 0.0129002, -0.0681703, 0.0)], [0.0679685, 0.0154822, 0.997567, 0.0)], [-0.00664206, -0.0602928, 0.0114863, 1.0)]])
-0.00664206, -0.0602928, 0.0114863
float3(-0.0154828, 0.0680292, -1.55789)
193237.457240875
normal
simd_float4x4([[0.00794238, -0.999966, -0.0022938, 0.0)], [0.997862, 0.00807444, -0.0648531, 0.0)], [0.0648694, -0.00177381, 0.997892, 0.0)], [-0.00518563, -0.0567585, 0.0169121, 1.0)]])
-0.00518563, -0.0567585, 0.0169121
float3(0.00177381, 0.0649151, -1.56272)
193237.573889333
normal
simd_float4x4([[0.00923006, -0.99995, -0.00385033, 0.0)], [0.997859, 0.00945994, -0.064715, 0.0)], [0.0647482, -0.00324476, 0.997896, 0.0)], [-0.00501667, -0.0561041, 0.0169329, 1.0)]])
-0.00501667, -0.0561041, 0.0169329
float3(0.00324476, 0.0647939, -1.56134)
193237.690537625
normal
simd_float4x4([[0.00630397, -0.999936, 0.00938535, 0.0)], [0.99813, 0.00572131, -0.0608647, 0.0)], [0.0608071, 0.00975148, 0.998102, 0.0)], [-0.00471698, -0.0614771, 0.0129991, 1.0)]])
-0.00471698, -0.0614771, 0.0129991
float3(-0.00975164, 0.0608475, -1.56507)
193237.807186208
normal
simd_float4x4([[0.00503069, -0.99953, 0.0302417, 0.0)], [0.998215, 0.00322005, -0.0596257, 0.0)], [0.0595003, 0.0304877, 0.997763, 0.0)], [-0.00407368, -0.0677587, 0.00725285, 1.0)]])
-0.00407368, -0.0677587, 0.00725285
float3(-0.0304924, 0.0595632, -1.56757)
193237.923834791
normal
simd_float4x4([[0.00302392, -0.998938, 0.0459743, 0.0)], [0.99898, 0.000946282, -0.0451461, 0.0)], [0.0450546, 0.0460639, 0.997922, 0.0)], [-0.0127158, -0.0704995, -0.000250124, 1.0)]])
-0.0127158, -0.0704995, -0.000250124
float3(-0.0460802, 0.0451178, -1.56985)
193238.040483375
normal
simd_float4x4([[0.00368331, -0.998635, 0.0521115, 0.0)], [0.99831, 0.000649918, -0.0581073, 0.0)], [0.0579941, 0.0522375, 0.996949, 0.0)], [-0.0142506, -0.0735164, -0.00458913, 1.0)]])
-0.0142506, -0.0735164, -0.00458913
float3(-0.0522612, 0.0581061, -1.57015)
193238.157131708
normal
simd_float4x4([[0.00980571, -0.997941, 0.0633814, 0.0)], [0.995743, 0.0039351, -0.0920926, 0.0)], [0.0916536, 0.0640146, 0.993731, 0.0)], [-0.0187975, -0.077263, -0.0120639, 1.0)]])
-0.0187975, -0.077263, -0.0120639
float3(-0.0640584, 0.0919716, -1.56685)
193238.273780291
normal
simd_float4x4([[0.0189976, -0.997352, 0.070196, 0.0)], [0.989056, 0.00847229, -0.147299, 0.0)], [0.146314, 0.0722261, 0.986598, 0.0)], [-0.0266377, -0.0801207, -0.0182476, 1.0)]])
-0.0266377, -0.0801207, -0.0182476
float3(-0.0722891, 0.147228, -1.5623)
193238.390428875
normal
simd_float4x4([[0.0371003, -0.996774, 0.0711733, 0.0)], [0.973342, 0.0199131, -0.228492, 0.0)], [0.226337, 0.0777531, 0.970941, 0.0)], [-0.0396139, -0.0831296, -0.0242097, 1.0)]])
-0.0396139, -0.0831296, -0.0242097
float3(-0.0778317, 0.229021, -1.55082)
193238.50707725
normal
simd_float4x4([[0.0610521, -0.995378, 0.0741276, 0.0)], [0.938047, 0.0318396, -0.345043, 0.0)], [0.341088, 0.0906007, 0.935655, 0.0)], [-0.062058, -0.0876519, -0.0289094, 1.0)]])
-0.062058, -0.0876519, -0.0289094
float3(-0.0907251, 0.349573, -1.53882)
193238.62372575
normal
simd_float4x4([[0.0822381, -0.993522, 0.0784275, 0.0)], [0.878429, 0.0350905, -0.476582, 0.0)], [0.470743, 0.108086, 0.875624, 0.0)], [-0.0943836, -0.0930999, -0.0274547, 1.0)]])
-0.0943836, -0.0930999, -0.0274547
float3(-0.108298, 0.49328, -1.53549)
193238.723754541
normal
simd_float4x4([[0.095638, -0.992071, 0.0815396, 0.0)], [0.81388, 0.0307712, -0.580217, 0.0)], [0.573107, 0.121854, 0.81037, 0.0)], [-0.127723, -0.0995796, -0.0223106, 1.0)]])
-0.127723, -0.0995796, -0.0223106
float3(-0.122158, 0.615553, -1.53979)
193238.823805291
normal
simd_float4x4([[0.0939082, -0.991118, 0.0941658, 0.0)], [0.749395, 0.00810153, -0.662074, 0.0)], [0.65543, 0.132742, 0.743499, 0.0)], [-0.162662, -0.104576, -0.0162396, 1.0)]])
-0.162662, -0.104576, -0.0162396
float3(-0.133135, 0.722527, -1.56262)
193238.923856125
normal
simd_float4x4([[0.0919775, -0.991579, 0.0911635, 0.0)], [0.695579, -0.0015314, -0.718448, 0.0)], [0.712537, 0.129492, 0.689581, 0.0)], [-0.199583, -0.105594, -0.00409438, 1.0)]])
-0.199583, -0.105594, -0.00409438
float3(-0.129857, 0.801769, -1.57234)
193239.023906833
normal
simd_float4x4([[0.0891741, -0.992947, 0.0781358, 0.0)], [0.629793, -0.00456283, -0.776749, 0.0)], [0.771627, 0.118475, 0.624944, 0.0)], [-0.240088, -0.105892, 0.0120712, 1.0)]])
-0.240088, -0.105892, 0.0120712
float3(-0.118754, 0.890045, -1.57539)
193239.123957833
normal
simd_float4x4([[0.0884691, -0.993564, 0.0707425, 0.0)], [0.5592, -0.00923178, -0.828982, 0.0)], [0.824299, 0.112898, 0.554784, 0.0)], [-0.282007, -0.106439, 0.0301651, 1.0)]])
-0.282007, -0.106439, 0.0301651
float3(-0.11314, 0.978396, -1.58009)
193239.2240085
normal
simd_float4x4([[0.0900474, -0.994003, 0.062051, 0.0)], [0.469938, -0.0125253, -0.88261, 0.0)], [0.878094, 0.108637, 0.465992, 0.0)], [-0.31949, -0.108762, 0.0501915, 1.0)]])
-0.31949, -0.108762, 0.0501915
float3(-0.108852, 1.0829, -1.5834)
193239.324059375
normal
simd_float4x4([[0.0882948, -0.994905, 0.0486632, 0.0)], [0.360773, -0.0135959, -0.932554, 0.0)], [0.928465, 0.099896, 0.357735, 0.0)], [-0.352177, -0.110211, 0.0696328, 1.0)]])
-0.352177, -0.110211, 0.0696328
float3(-0.100063, 1.20303, -1.58446)
193239.42411025
normal
simd_float4x4([[0.0983163, -0.994135, 0.0450608, 0.0)], [0.249879, -0.019168, -0.968087, 0.0)], [0.963273, 0.106439, 0.246529, 0.0)], [-0.385189, -0.110921, 0.0836686, 1.0)]])
-0.385189, -0.110921, 0.0836686
float3(-0.106641, 1.32025, -1.59008)
193239.524160958
normal
simd_float4x4([[0.108054, -0.993146, 0.0445505, 0.0)], [0.156785, -0.0272282, -0.987257, 0.0)], [0.981704, 0.113662, 0.152768, 0.0)], [-0.417611, -0.109724, 0.0893395, 1.0)]])
-0.417611, -0.109724, 0.0893395
float3(-0.113909, 1.41642, -1.59821)
193239.624211958
normal
simd_float4x4([[0.120901, -0.991858, 0.0400167, 0.0)], [0.0853499, -0.0297765, -0.995906, 0.0)], [0.988989, 0.123821, 0.081055, 0.0)], [-0.453069, -0.111164, 0.0936853, 1.0)]])
-0.453069, -0.111164, 0.0936853
float3(-0.12414, 1.48902, -1.60081)
193239.724262666
normal
simd_float4x4([[0.133345, -0.990504, 0.0334869, 0.0)], [0.0228766, -0.0307035, -0.999267, 0.0)], [0.990806, 0.134013, 0.0185652, 0.0)], [-0.496041, -0.114074, 0.0930519, 1.0)]])
-0.496041, -0.114074, 0.0930519
float3(-0.134417, 1.55206, -1.60178)
193239.824313458
normal
simd_float4x4([[0.139249, -0.989777, 0.0308307, 0.0)], [-0.0248651, -0.034619, -0.999091, 0.0)], [0.989945, 0.138355, -0.0294316, 0.0)], [-0.543504, -0.115995, 0.086273, 1.0)]])
-0.543504, -0.115995, 0.086273
float3(-0.138801, 1.60052, -1.60576)
193239.924364333
normal
simd_float4x4([[0.131871, -0.990951, 0.0250113, 0.0)], [-0.0638305, -0.0336681, -0.997393, 0.0)], [0.98921, 0.12993, -0.0676927, 0.0)], [-0.599344, -0.118572, 0.0729892, 1.0)]])
-0.599344, -0.118572, 0.0729892
float3(-0.130299, 1.63912, -1.60476)
193240.024415125
normal
simd_float4x4([[0.128201, -0.991679, 0.0117112, 0.0)], [-0.0854849, -0.0228144, -0.996078, 0.0)], [0.988057, 0.126697, -0.0876984, 0.0)], [-0.666243, -0.118388, 0.0523549, 1.0)]])
-0.666243, -0.118388, 0.0523549
float3(-0.127039, 1.65932, -1.5938)
193240.124466
normal
simd_float4x4([[0.133255, -0.991077, 0.00295387, 0.0)], [-0.094033, -0.0156101, -0.995447, 0.0)], [0.986611, 0.13237, -0.0952741, 0.0)], [-0.74155, -0.111967, 0.0276701, 1.0)]])
-0.74155, -0.111967, 0.0276701
float3(-0.13276, 1.66706, -1.58655)
193240.224516833
normal
simd_float4x4([[0.123418, -0.992237, -0.0152899, 0.0)], [-0.109595, 0.00168486, -0.993975, 0.0)], [0.986284, 0.12435, -0.108536, 0.0)], [-0.815431, -0.107252, 0.0123395, 1.0)]])
-0.815431, -0.107252, 0.0123395
float3(-0.124673, 1.6804, -1.5691)
193240.32456775
normal
simd_float4x4([[0.146241, -0.98882, -0.0291322, 0.0)], [-0.128473, 0.0102155, -0.99166, 0.0)], [0.980871, 0.148764, -0.125543, 0.0)], [-0.897349, -0.108811, 0.00246052, 1.0)]])
-0.897349, -0.108811, 0.00246052
float3(-0.149318, 1.6981, -1.56047)
193240.4246185
normal
simd_float4x4([[0.156111, -0.987135, -0.034553, 0.0)], [-0.131484, 0.0139024, -0.991221, 0.0)], [0.978949, 0.159283, -0.127622, 0.0)], [-0.977789, -0.11119, -0.00529846, 1.0)]])
-0.977789, -0.11119, -0.00529846
float3(-0.159965, 1.70043, -1.55671)
193240.524669291
normal
simd_float4x4([[0.147395, -0.988, -0.0461597, 0.0)], [-0.123564, 0.0279101, -0.991944, 0.0)], [0.981329, 0.151911, -0.117967, 0.0)], [-1.06206, -0.122978, -0.00721465, 1.0)]])
-1.06206, -0.122978, -0.00721465
float3(-0.152502, 1.69043, -1.54255)
193240.624720166
normal
simd_float4x4([[0.137905, -0.989564, -0.0417652, 0.0)], [-0.105185, 0.0272971, -0.994078, 0.0)], [0.984844, 0.141481, -0.100323, 0.0)], [-1.15563, -0.134357, -0.0058144, 1.0)]])
-1.15563, -0.134357, -0.0058144
float3(-0.141958, 1.67231, -1.54322)
193240.724771
normal
simd_float4x4([[0.111961, -0.993146, -0.0335432, 0.0)], [-0.0848075, 0.0240825, -0.996106, 0.0)], [0.990087, 0.11437, -0.0815299, 0.0)], [-1.24513, -0.13502, 0.000343021, 1.0)]])
-1.24513, -0.13502, 0.000343021
float3(-0.114621, 1.65296, -1.54655)
193240.824821875
normal
simd_float4x4([[0.126548, -0.991651, -0.0247581, 0.0)], [-0.0760537, 0.0151859, -0.996988, 0.0)], [0.989041, 0.12805, -0.073497, 0.0)], [-1.34031, -0.127327, 0.00834667, 1.0)]])
-1.34031, -0.127327, 0.00834667
float3(-0.128403, 1.64497, -1.55548)
193240.924872791
normal
simd_float4x4([[0.133902, -0.990953, -0.00912032, 0.0)], [-0.0871127, -0.00260248, -0.996195, 0.0)], [0.987158, 0.134187, -0.086673, 0.0)], [-1.42671, -0.119762, 0.0151596, 1.0)]])
-1.42671, -0.119762, 0.0151596
float3(-0.134593, 1.65837, -1.57342)
193241.024923666
normal
simd_float4x4([[0.141997, -0.989863, 0.00296546, 0.0)], [-0.0726889, -0.013415, -0.997264, 0.0)], [0.987194, 0.141393, -0.0738569, 0.0)], [-1.50304, -0.124525, 0.0224742, 1.0)]])
-1.50304, -0.124525, 0.0224742
float3(-0.141869, 1.64547, -1.58435)
193241.124974416
normal
simd_float4x4([[0.136619, -0.990351, 0.0232295, 0.0)], [-0.0580524, -0.031413, -0.997819, 0.0)], [0.988921, 0.134973, -0.0617838, 0.0)], [-1.57457, -0.136068, 0.0251507, 1.0)]])
-1.57457, -0.136068, 0.0251507
float3(-0.135386, 1.63319, -1.6025)
193241.22502525
normal
simd_float4x4([[0.130842, -0.991326, 0.0123671, 0.0)], [-0.0576966, -0.0200672, -0.998132, 0.0)], [0.989723, 0.129884, -0.0598218, 0.0)], [-1.65402, -0.148255, 0.0339577, 1.0)]])
-1.65402, -0.148255, 0.0339577
float3(-0.130252, 1.63117, -1.59104)
193241.325076333
normal
simd_float4x4([[0.128335, -0.991727, 0.00284931, 0.0)], [-0.0698302, -0.0119023, -0.997488, 0.0)], [0.989269, 0.127813, -0.0707799, 0.0)], [-1.75134, -0.148415, 0.0361897, 1.0)]])
-1.75134, -0.148415, 0.0361897
float3(-0.128164, 1.64222, -1.5828)
193241.425127
normal
simd_float4x4([[0.13837, -0.990241, -0.016655, 0.0)], [-0.0874472, 0.00453523, -0.996159, 0.0)], [0.986512, 0.139295, -0.0859662, 0.0)], [-1.86339, -0.135596, 0.0444561, 1.0)]])
-1.86339, -0.135596, 0.0444561
float3(-0.13975, 1.65772, -1.56622)
193241.525177916
normal
simd_float4x4([[0.154134, -0.987802, -0.0221206, 0.0)], [-0.0949567, 0.00747521, -0.995453, 0.0)], [0.983476, 0.155533, -0.0926463, 0.0)], [-1.97833, -0.12682, 0.0535816, 1.0)]])
-1.97833, -0.12682, 0.0535816
float3(-0.156167, 1.66472, -1.56323)
193241.625228875
normal
simd_float4x4([[0.160315, -0.986241, -0.0403484, 0.0)], [-0.113223, 0.0222335, -0.993321, 0.0)], [0.980551, 0.163812, -0.108101, 0.0)], [-2.09056, -0.127143, 0.0652005, 1.0)]])
-2.09056, -0.127143, 0.0652005
float3(-0.164554, 1.6806, -1.54826)
193241.725279583
normal
simd_float4x4([[0.130064, -0.990678, -0.0404958, 0.0)], [-0.107395, 0.0265263, -0.993862, 0.0)], [0.985672, 0.133615, -0.102944, 0.0)], [-2.20256, -0.13992, 0.079446, 1.0)]])
-2.20256, -0.13992, 0.079446
float3(-0.134016, 1.67486, -1.54403)
193241.825330666
normal
simd_float4x4([[0.108545, -0.993423, -0.0364498, 0.0)], [-0.0984114, 0.025748, -0.994813, 0.0)], [0.989208, 0.111569, -0.0949694, 0.0)], [-2.31093, -0.151431, 0.095695, 1.0)]])
-2.31093, -0.151431, 0.095695
float3(-0.111801, 1.66651, -1.54488)
193241.925381375
normal
simd_float4x4([[0.114638, -0.993069, -0.0259097, 0.0)], [-0.0863308, 0.0160239, -0.996138, 0.0)], [0.989649, 0.116432, -0.0838955, 0.0)], [-2.42553, -0.147479, 0.111326, 1.0)]])
-2.42553, -0.147479, 0.111326
float3(-0.116697, 1.65537, -1.55466)
193242.025432416
normal
simd_float4x4([[0.133597, -0.990858, -0.0187427, 0.0)], [-0.083716, 0.00756127, -0.996461, 0.0)], [0.987493, 0.134693, -0.0819405, 0.0)], [-2.53128, -0.136646, 0.122047, 1.0)]])
-2.53128, -0.136646, 0.122047
float3(-0.135104, 1.65358, -1.56317)
193242.125483166
normal
simd_float4x4([[0.142245, -0.989827, -0.00297364, 0.0)], [-0.0769595, -0.00806438, -0.997002, 0.0)], [0.986835, 0.142047, -0.0773237, 0.0)], [-2.63691, -0.1341, 0.128796, 1.0)]])
-2.63691, -0.1341, 0.128796
float3(-0.142529, 1.64899, -1.57894)
193242.225534166
normal
simd_float4x4([[0.128148, -0.991686, 0.0116816, 0.0)], [-0.0744578, -0.0213658, -0.996995, 0.0)], [0.988956, 0.126893, -0.0765768, 0.0)], [-2.74405, -0.146591, 0.129227, 1.0)]])
-2.74405, -0.146591, 0.129227
float3(-0.127236, 1.64807, -1.59234)
193242.325585
normal
simd_float4x4([[0.122868, -0.99242, -0.00260929, 0.0)], [-0.0734573, -0.0064724, -0.997277, 0.0)], [0.989701, 0.122725, -0.0736957, 0.0)], [-2.85955, -0.158085, 0.127155, 1.0)]])
-2.85955, -0.158085, 0.127155
float3(-0.123035, 1.64512, -1.57732)
193242.425635708
normal
simd_float4x4([[0.113591, -0.993406, -0.0155367, 0.0)], [-0.0954029, 0.00465949, -0.995428, 0.0)], [0.988936, 0.114554, -0.0942446, 0.0)], [-2.97022, -0.155125, 0.125739, 1.0)]])
-2.97022, -0.155125, 0.125739
float3(-0.114806, 1.66581, -1.56611)
193242.525686791
normal
simd_float4x4([[0.131328, -0.991096, -0.021949, 0.0)], [-0.0916095, 0.00991297, -0.995746, 0.0)], [0.987097, 0.13278, -0.089492, 0.0)], [-3.07594, -0.144846, 0.129535, 1.0)]])
-3.07594, -0.144846, 0.129535
float3(-0.133173, 1.66121, -1.56079)
193242.625737541
normal
simd_float4x4([[0.149213, -0.988128, -0.0365872, 0.0)], [-0.102945, 0.0212764, -0.994459, 0.0)], [0.983432, 0.152152, -0.0985479, 0.0)], [-3.19063, -0.135547, 0.136135, 1.0)]])
-3.19063, -0.135547, 0.136135
float3(-0.152746, 1.67067, -1.54927)
193242.725788583
normal
simd_float4x4([[0.143088, -0.98855, -0.0478986, 0.0)], [-0.0984082, 0.0339461, -0.994567, 0.0)], [0.984805, 0.147024, -0.0924242, 0.0)], [-3.29739, -0.144254, 0.145108, 1.0)]])
-3.29739, -0.144254, 0.145108
float3(-0.147559, 1.66437, -1.53647)
193242.825839333
normal
simd_float4x4([[0.128041, -0.991141, -0.035274, 0.0)], [-0.0825626, 0.0247908, -0.996277, 0.0)], [0.988326, 0.130477, -0.078657, 0.0)], [-3.40596, -0.158783, 0.152341, 1.0)]])
-3.40596, -0.158783, 0.152341
float3(-0.13085, 1.65021, -1.54579)
193242.92589025
normal
simd_float4x4([[0.140486, -0.989698, -0.0276096, 0.0)], [-0.0665468, 0.0183843, -0.997614, 0.0)], [0.987844, 0.141988, -0.0632785, 0.0)], [-3.52069, -0.164094, 0.163596, 1.0)]])
-3.52069, -0.164094, 0.163596
float3(-0.14247, 1.63477, -1.55222)
193243.025941166
normal
simd_float4x4([[0.16482, -0.986258, -0.0113954, 0.0)], [-0.0584387, 0.00176831, -0.998289, 0.0)], [0.984591, 0.165204, -0.0573442, 0.0)], [-3.63685, -0.154873, 0.169339, 1.0)]])
-3.63685, -0.154873, 0.169339
float3(-0.165965, 1.62897, -1.569)
193243.125992125
normal
simd_float4x4([[0.188803, -0.982003, -0.00484312, 0.0)], [-0.0466681, -0.00404607, -0.998902, 0.0)], [0.980905, 0.188821, -0.0465921, 0.0)], [-3.74649, -0.146657, 0.169621, 1.0)]])
-3.74649, -0.146657, 0.169621
float3(-0.189962, 1.61826, -1.57492)
193243.226043
normal
simd_float4x4([[0.179884, -0.98365, 0.00863286, 0.0)], [-0.0431675, -0.0166612, -0.998929, 0.0)], [0.98274, 0.179318, -0.0454588, 0.0)], [-3.85107, -0.151335, 0.166142, 1.0)]])
-3.85107, -0.151335, 0.166142
float3(-0.180294, 1.61702, -1.58773)
193243.326093875
normal
simd_float4x4([[0.161231, -0.986912, 0.00304595, 0.0)], [-0.0516893, -0.0115265, -0.998597, 0.0)], [0.985562, 0.160848, -0.0528712, 0.0)], [-3.95554, -0.160754, 0.163237, 1.0)]])
-3.95554, -0.160754, 0.163237
float3(-0.161549, 1.62439, -1.58248)
193243.426144958
normal
simd_float4x4([[0.147216, -0.989068, -0.00849063, 0.0)], [-0.0591459, -0.00023401, -0.998249, 0.0)], [0.987334, 0.14746, -0.0585338, 0.0)], [-4.06557, -0.165254, 0.158808, 1.0)]])
-4.06557, -0.165254, 0.158808
float3(-0.148, 1.63001, -1.57103)
193243.526195666
normal
simd_float4x4([[0.143421, -0.989371, -0.0240015, 0.0)], [-0.0671081, 0.014474, -0.997641, 0.0)], [0.987384, 0.144693, -0.0643189, 0.0)], [-4.17175, -0.155078, 0.156783, 1.0)]])
-4.17175, -0.155078, 0.156783
float3(-0.145203, 1.63585, -1.55617)
193243.6262465
normal
simd_float4x4([[0.179654, -0.983406, -0.025255, 0.0)], [-0.0703982, 0.0127546, -0.997437, 0.0)], [0.981208, 0.180972, -0.0669385, 0.0)], [-4.27953, -0.144143, 0.157926, 1.0)]])
-4.27953, -0.144143, 0.157926
float3(-0.181974, 1.63891, -1.55783)
193243.7262975
normal
simd_float4x4([[0.169558, -0.98483, -0.0368729, 0.0)], [-0.0807761, 0.023401, -0.996458, 0.0)], [0.982204, 0.171936, -0.0755829, 0.0)], [-4.38072, -0.1412, 0.162214, 1.0)]])
-4.38072, -0.1412, 0.162214
float3(-0.172794, 1.6476, -1.54704)
193243.826348333
normal
simd_float4x4([[0.138707, -0.989588, -0.038419, 0.0)], [-0.0764201, 0.0279829, -0.996683, 0.0)], [0.98738, 0.141183, -0.071743, 0.0)], [-4.48215, -0.153608, 0.169308, 1.0)]])
-4.48215, -0.153608, 0.169308
float3(-0.141657, 1.64333, -1.54253)
193243.926399416
normal
simd_float4x4([[0.132356, -0.99063, -0.0336914, 0.0)], [-0.0676233, 0.0248867, -0.9974, 0.0)], [0.988893, 0.13429, -0.0636957, 0.0)], [-4.59139, -0.165072, 0.178105, 1.0)]])
-4.59139, -0.165072, 0.178105
float3(-0.134697, 1.63512, -1.54568)
193244.02645025
normal
simd_float4x4([[0.143809, -0.989532, -0.0120958, 0.0)], [-0.0402016, 0.00637113, -0.999171, 0.0)], [0.988789, 0.144176, -0.0388645, 0.0)], [-4.70399, -0.161693, 0.183708, 1.0)]])
-4.70399, -0.161693, 0.183708
float3(-0.14468, 1.61008, -1.56436)
193244.126501125
normal
simd_float4x4([[0.160359, -0.987057, 0.002012, 0.0)], [-0.0360047, -0.00788639, -0.99932, 0.0)], [0.986402, 0.160178, -0.0368033, 0.0)], [-4.8138, -0.152922, 0.185375, 1.0)]])
-4.8138, -0.152922, 0.185375
float3(-0.160871, 1.60809, -1.57879)
193244.226552125
normal
simd_float4x4([[0.16835, -0.985663, 0.0112263, 0.0)], [-0.0303387, -0.0165646, -0.999402, 0.0)], [0.98526, 0.167909, -0.0326924, 0.0)], [-4.92136, -0.152225, 0.184186, 1.0)]])
-4.92136, -0.152225, 0.184186
float3(-0.168708, 1.60397, -1.5876)
193244.326603
normal
simd_float4x4([[0.150464, -0.988341, 0.0232943, 0.0)], [-0.0313186, -0.0283159, -0.999108, 0.0)], [0.988119, 0.1496, -0.035214, 0.0)], [-5.02873, -0.164783, 0.181358, 1.0)]])
-5.02873, -0.164783, 0.181358
float3(-0.150164, 1.60642, -1.59944)
193244.426654041
normal
simd_float4x4([[0.132034, -0.991178, 0.0115184, 0.0)], [-0.0454302, -0.0176588, -0.998811, 0.0)], [0.990203, 0.131354, -0.047361, 0.0)], [-5.13966, -0.176558, 0.17821, 1.0)]])
-5.13966, -0.176558, 0.17821
float3(-0.131734, 1.61859, -1.58861)
193244.526704875
normal
simd_float4x4([[0.128993, -0.991623, 0.00667748, 0.0)], [-0.0648587, -0.0151559, -0.997779, 0.0)], [0.989522, 0.128273, -0.0662704, 0.0)], [-5.25424, -0.173741, 0.171125, 1.0)]])
-5.25424, -0.173741, 0.171125
float3(-0.128628, 1.63767, -1.58608)
193244.626755958
normal
simd_float4x4([[0.135846, -0.9906, -0.0160644, 0.0)], [-0.0701689, 0.00655393, -0.997513, 0.0)], [0.988242, 0.136636, -0.0686189, 0.0)], [-5.36276, -0.159874, 0.175723, 1.0)]])
-5.36276, -0.159874, 0.175723
float3(-0.137065, 1.64012, -1.56418)
193244.726806833
normal
simd_float4x4([[0.153508, -0.987607, -0.0326832, 0.0)], [-0.0774487, 0.0209485, -0.996776, 0.0)], [0.985107, 0.155545, -0.0732731, 0.0)], [-5.4727, -0.152903, 0.182511, 1.0)]])
-5.4727, -0.152903, 0.182511
float3(-0.156179, 1.64504, -1.54959)
193244.826857541
normal
simd_float4x4([[0.139356, -0.989031, -0.0489665, 0.0)], [-0.0867454, 0.0370662, -0.995541, 0.0)], [0.986435, 0.142982, -0.0806285, 0.0)], [-5.57611, -0.161234, 0.193496, 1.0)]])
-5.57611, -0.161234, 0.193496
float3(-0.143474, 1.65235, -1.53334)
193244.926908625
normal
simd_float4x4([[0.11447, -0.992473, -0.043517, 0.0)], [-0.0822483, 0.0341864, -0.996025, 0.0)], [0.990016, 0.117594, -0.077716, 0.0)], [-5.68553, -0.17538, 0.202378, 1.0)]])
-5.68553, -0.17538, 0.202378
float3(-0.117867, 1.64914, -1.53636)
193245.026959541
normal
simd_float4x4([[0.107939, -0.993631, -0.0323426, 0.0)], [-0.0696357, 0.0248961, -0.997262, 0.0)], [0.991716, 0.109896, -0.0665049, 0.0)], [-5.79461, -0.181803, 0.21362, 1.0)]])
-5.79461, -0.181803, 0.21362
float3(-0.110118, 1.63776, -1.54575)
193245.127010666
normal
simd_float4x4([[0.122861, -0.992397, -0.00731717, 0.0)], [-0.0625417, -0.000383996, -0.998042, 0.0)], [0.990451, 0.123078, -0.0621134, 0.0)], [-5.90303, -0.173128, 0.221139, 1.0)]])
-5.90303, -0.173128, 0.221139
float3(-0.123391, 1.63343, -1.57118)
193245.227061416
normal
simd_float4x4([[0.15171, -0.988406, -0.00616554, 0.0)], [-0.0567357, -0.00248057, -0.998386, 0.0)], [0.986795, 0.151815, -0.0564542, 0.0)], [-6.00832, -0.163032, 0.228914, 1.0)]])
-6.00832, -0.163032, 0.228914
float3(-0.152405, 1.62794, -1.57331)
193245.327112541
normal
simd_float4x4([[0.147608, -0.989009, 0.00849818, 0.0)], [-0.0570629, -0.0170939, -0.998224, 0.0)], [0.987398, 0.146861, -0.0589589, 0.0)], [-6.11282, -0.164905, 0.232039, 1.0)]])
-6.11282, -0.164905, 0.232039
float3(-0.147394, 1.63044, -1.58808)
193245.427163375
normal
simd_float4x4([[0.131681, -0.991238, 0.0104013, 0.0)], [-0.0656637, -0.0191918, -0.997657, 0.0)], [0.989115, 0.13069, -0.0676155, 0.0)], [-6.21998, -0.180321, 0.23369, 1.0)]])
-6.21998, -0.180321, 0.23369
float3(-0.131065, 1.63905, -1.59016)
193245.52721425
normal
simd_float4x4([[0.132326, -0.991186, -0.00630288, 0.0)], [-0.0768309, -0.00391707, -0.997036, 0.0)], [0.988224, 0.132418, -0.0766721, 0.0)], [-6.32918, -0.188814, 0.235762, 1.0)]])
-6.32918, -0.188814, 0.235762
float3(-0.132808, 1.64823, -1.57475)
193245.627265375
normal
simd_float4x4([[0.1323, -0.991055, -0.0175165, 0.0)], [-0.0905035, 0.00552018, -0.995881, 0.0)], [0.987069, 0.13334, -0.0889637, 0.0)], [-6.43312, -0.178159, 0.239052, 1.0)]])
-6.43312, -0.178159, 0.239052
float3(-0.133738, 1.66068, -1.56523)
193245.727316291
normal
simd_float4x4([[0.136442, -0.990483, -0.0180718, 0.0)], [-0.0967708, 0.0048291, -0.995295, 0.0)], [0.98591, 0.137549, -0.095191, 0.0)], [-6.5307, -0.165205, 0.245754, 1.0)]])
-6.5307, -0.165205, 0.245754
float3(-0.137986, 1.66705, -1.56592)
193245.827367166
normal
simd_float4x4([[0.145117, -0.988837, -0.0337891, 0.0)], [-0.101246, 0.0191303, -0.994677, 0.0)], [0.984221, 0.147766, -0.0973393, 0.0)], [-6.63198, -0.160229, 0.256723, 1.0)]])
-6.63198, -0.160229, 0.256723
float3(-0.148309, 1.66938, -1.55145)
193245.927418125
normal
simd_float4x4([[0.12897, -0.990826, -0.0403779, 0.0)], [-0.0975695, 0.0278415, -0.994839, 0.0)], [0.986837, 0.132244, -0.0930837, 0.0)], [-6.72908, -0.172723, 0.268749, 1.0)]])
-6.72908, -0.172723, 0.268749
float3(-0.132632, 1.66484, -1.5427)
193246.027469041
normal
simd_float4x4([[0.120807, -0.992277, -0.0281412, 0.0)], [-0.0917826, 0.017062, -0.995633, 0.0)], [0.988424, 0.122863, -0.0890126, 0.0)], [-6.83907, -0.187848, 0.279467, 1.0)]])
-6.83907, -0.187848, 0.279467
float3(-0.123174, 1.66061, -1.5536)
193246.127520041
normal
simd_float4x4([[0.143854, -0.989373, -0.0211265, 0.0)], [-0.0691638, 0.0112446, -0.997542, 0.0)], [0.987179, 0.144962, -0.0668112, 0.0)], [-6.95183, -0.186651, 0.292972, 1.0)]])
-6.95183, -0.186651, 0.292972
float3(-0.145475, 1.63837, -1.55943)
193246.227570916
normal
simd_float4x4([[0.139787, -0.990079, 0.0142659, 0.0)], [-0.0678985, -0.0239579, -0.997405, 0.0)], [0.987851, 0.138455, -0.0705739, 0.0)], [-7.05181, -0.174609, 0.297694, 1.0)]])
-7.05181, -0.174609, 0.297694
float3(-0.138902, 1.64212, -1.59499)
193246.327622
normal
simd_float4x4([[0.154735, -0.987686, 0.0231118, 0.0)], [-0.0510594, -0.0313571, -0.998203, 0.0)], [0.986636, 0.153277, -0.0552826, 0.0)], [-7.15383, -0.167218, 0.302966, 1.0)]])
-7.15383, -0.167218, 0.302966
float3(-0.153884, 1.62677, -1.60253)
193246.427672875
normal
simd_float4x4([[0.129627, -0.990787, 0.0392161, 0.0)], [-0.0382153, -0.0445124, -0.998278, 0.0)], [0.990826, 0.127905, -0.0436332, 0.0)], [-7.25311, -0.176957, 0.305056, 1.0)]])
-7.25311, -0.176957, 0.305056
float3(-0.128256, 1.61481, -1.61569)
193246.527723958
normal
simd_float4x4([[0.117152, -0.992436, 0.0366984, 0.0)], [-0.0365533, -0.0412369, -0.998481, 0.0)], [0.992441, 0.115633, -0.0411078, 0.0)], [-7.36307, -0.190918, 0.306226, 1.0)]])
-7.36307, -0.190918, 0.306226
float3(-0.115892, 1.61219, -1.61232)
193246.627774916
normal
simd_float4x4([[0.115323, -0.993245, 0.0128696, 0.0)], [-0.0547229, -0.019289, -0.998315, 0.0)], [0.991819, 0.114425, -0.0565777, 0.0)], [-7.48274, -0.1911, 0.304396, 1.0)]])
-7.48274, -0.1911, 0.304396
float3(-0.114676, 1.62778, -1.59021)
193246.727825875
normal
simd_float4x4([[0.105799, -0.994343, -0.00944948, 0.0)], [-0.0761717, 0.00137092, -0.997094, 0.0)], [0.991466, 0.106211, -0.0755957, 0.0)], [-7.59407, -0.17875, 0.305138, 1.0)]])
-7.59407, -0.17875, 0.305138
float3(-0.106412, 1.6469, -1.56942)
193246.827876916
normal
simd_float4x4([[0.137503, -0.990384, -0.0152558, 0.0)], [-0.0783243, 0.00448208, -0.996918, 0.0)], [0.9874, 0.138274, -0.0769548, 0.0)], [-7.71019, -0.167708, 0.310246, 1.0)]])
-7.71019, -0.167708, 0.310246
float3(-0.138718, 1.64858, -1.56627)
193246.927927875
normal
simd_float4x4([[0.141612, -0.989367, -0.0331359, 0.0)], [-0.0841483, 0.0213211, -0.996225, 0.0)], [0.986339, 0.143866, -0.0802343, 0.0)], [-7.82062, -0.168032, 0.317425, 1.0)]])
-7.82062, -0.168032, 0.317425
float3(-0.144367, 1.65196, -1.54925)
193247.027978916
normal
simd_float4x4([[0.10387, -0.994052, -0.032723, 0.0)], [-0.0742875, 0.0250551, -0.996922, 0.0)], [0.991813, 0.105981, -0.0712432, 0.0)], [-7.92886, -0.18106, 0.323958, 1.0)]])
-7.92886, -0.18106, 0.323958
float3(-0.106181, 1.6425, -1.5456)
193247.128029875
normal
simd_float4x4([[0.0872936, -0.995642, -0.0328171, 0.0)], [-0.0678638, 0.0269227, -0.997331, 0.0)], [0.993868, 0.0892877, -0.0652178, 0.0)], [-8.03341, -0.191665, 0.332473, 1.0)]])
-8.03341, -0.191665, 0.332473
float3(-0.0894068, 1.63632, -1.54376)
193247.228080666
normal
simd_float4x4([[0.087981, -0.995927, -0.0197073, 0.0)], [-0.0385941, 0.016361, -0.999121, 0.0)], [0.995374, 0.0886643, -0.0369975, 0.0)], [-8.14493, -0.186685, 0.340599, 1.0)]])
-8.14493, -0.186685, 0.340599
float3(-0.0887809, 1.60795, -1.55437)
193247.32813175
normal
simd_float4x4([[0.103381, -0.994629, -0.00502174, 0.0)], [-0.039873, 0.000900456, -0.999204, 0.0)], [0.993842, 0.103499, -0.0395658, 0.0)], [-8.25613, -0.176595, 0.339173, 1.0)]])
-8.25613, -0.176595, 0.339173
float3(-0.103685, 1.61059, -1.56989)
193247.428182666
normal
simd_float4x4([[0.107131, -0.994172, 0.0120387, 0.0)], [-0.0348089, -0.0158514, -0.999268, 0.0)], [0.993635, 0.106633, -0.0363042, 0.0)], [-8.36677, -0.179787, 0.33787, 1.0)]])
-8.36677, -0.179787, 0.33787
float3(-0.106836, 1.60732, -1.58674)
193247.528233833
normal
simd_float4x4([[0.101417, -0.994622, 0.0210289, 0.0)], [-0.039081, -0.0251047, -0.998921, 0.0)], [0.994076, 0.100486, -0.0414169, 0.0)], [-8.48108, -0.198964, 0.338378, 1.0)]])
-8.48108, -0.198964, 0.338378
float3(-0.100656, 1.61244, -1.59603)
193247.628284708
normal
simd_float4x4([[0.110713, -0.993845, 0.00372369, 0.0)], [-0.0607536, -0.0105075, -0.998097, 0.0)], [0.991994, 0.110276, -0.061543, 0.0)], [-8.60105, -0.213825, 0.339253, 1.0)]])
