ARKit Data
1533323.00658988
normal
simd_float4x4([[0.982459, -0.000206701, -0.186479, 0.0)], [-0.00500288, 0.99961, -0.0274655, 0.0)], [0.186412, 0.0279166, 0.982075, 0.0)], [-8.41429, -4.59588, -9.22376, 1.0)]])
-8.41429, -4.59588, -9.22376
float3(-0.0279202, 0.187583, -0.000206781)
1533323.32969721
notAvailable
simd_float4x4([[1.0, 0.0, 0.0, 0.0)], [0.0, 1.0, 0.0, 0.0)], [0.0, 0.0, 1.0, 0.0)], [0.0, 0.0, 0.0, 1.0)]])
0.0, 0.0, 0.0
float3(-0.0, 0.0, 0.0)
1533323.44636921
notAvailable
simd_float4x4([[1.0, 0.0, 0.0, 0.0)], [0.0, 1.0, 0.0, 0.0)], [0.0, 0.0, 1.0, 0.0)], [0.0, 0.0, 0.0, 1.0)]])
0.0, 0.0, 0.0
float3(-0.0, 0.0, 0.0)
1533323.54642117
limited(__ObjC.ARCamera.TrackingState.Reason.initializing)
simd_float4x4([[0.999685, 0.0164263, 0.0189548, 0.0)], [-0.0159919, 0.999611, -0.0228468, 0.0)], [-0.0193227, 0.0225365, 0.999559, 0.0)], [0.0, 0.0, 0.0, 1.0)]])
0.0, 0.0, 0.0
float3(-0.0225384, -0.0193288, 0.0164312)
1533323.64647288
limited(__ObjC.ARCamera.TrackingState.Reason.initializing)
simd_float4x4([[0.998582, -0.0456802, 0.0273449, 0.0)], [0.0462009, 0.998757, -0.0187229, 0.0)], [-0.0264557, 0.0199597, 0.999451, 0.0)], [0.0, 0.0, 0.0, 1.0)]])
0.0, 0.0, 0.0
float3(-0.0199611, -0.026464, -0.0457052)
1533323.74652488
limited(__ObjC.ARCamera.TrackingState.Reason.initializing)
simd_float4x4([[0.996832, -0.078561, 0.0123998, 0.0)], [0.0787166, 0.996818, -0.0126003, 0.0)], [-0.0113705, 0.0135364, 0.999844, 0.0)], [0.0, 0.0, 0.0, 1.0)]])
0.0, 0.0, 0.0
float3(-0.0135368, -0.0113717, -0.0786493)
1533323.84657671
limited(__ObjC.ARCamera.TrackingState.Reason.initializing)
simd_float4x4([[0.996156, -0.0860513, -0.0163706, 0.0)], [0.0858719, 0.996241, -0.0113628, 0.0)], [0.0172867, 0.0099134, 0.999801, 0.0)], [0.0, 0.0, 0.0, 1.0)]])
0.0, 0.0, 0.0
float3(-0.00991356, 0.0172885, -0.0861621)
1533323.94662846
limited(__ObjC.ARCamera.TrackingState.Reason.initializing)
simd_float4x4([[0.994586, -0.0842407, -0.060845, 0.0)], [0.0835523, 0.996407, -0.0137756, 0.0)], [0.0617868, 0.00861724, 0.998051, 0.0)], [0.0, 0.0, 0.0, 1.0)]])
0.0, 0.0, 0.0
float3(-0.00861735, 0.0618285, -0.0843438)
1533324.04668033
limited(__ObjC.ARCamera.TrackingState.Reason.initializing)
simd_float4x4([[0.989282, -0.0853379, -0.118482, 0.0)], [0.0836538, 0.99631, -0.019125, 0.0)], [0.119677, 0.00900855, 0.992771, 0.0)], [0.0, 0.0, 0.0, 1.0)]])
0.0, 0.0, 0.0
float3(-0.00900867, 0.119969, -0.0854454)
1533324.14673212
limited(__ObjC.ARCamera.TrackingState.Reason.initializing)
simd_float4x4([[0.978378, -0.0863137, -0.187953, 0.0)], [0.0832744, 0.996236, -0.0240237, 0.0)], [0.189319, 0.0078526, 0.981883, 0.0)], [0.0, 0.0, 0.0, 1.0)]])
0.0, 0.0, 0.0
float3(-0.00785268, 0.190475, -0.0864241)
1533324.24678412
limited(__ObjC.ARCamera.TrackingState.Reason.initializing)
simd_float4x4([[0.960208, -0.0871002, -0.265356, 0.0)], [0.0823744, 0.996181, -0.0289099, 0.0)], [0.26686, 0.00590105, 0.963716, 0.0)], [0.0, 0.0, 0.0, 1.0)]])
0.0, 0.0, 0.0
float3(-0.00590108, 0.270139, -0.0872123)
1533324.34683583
limited(__ObjC.ARCamera.TrackingState.Reason.initializing)
simd_float4x4([[0.938782, -0.0825981, -0.334465, 0.0)], [0.0770994, 0.99658, -0.0297086, 0.0)], [0.335775, 0.00210292, 0.941939, 0.0)], [0.0, 0.0, 0.0, 1.0)]])
0.0, 0.0, 0.0
float3(-0.00210292, 0.342429, -0.0826925)
1533324.44688783
limited(__ObjC.ARCamera.TrackingState.Reason.initializing)
simd_float4x4([[0.920273, -0.0771224, -0.3836, 0.0)], [0.0699956, 0.997016, -0.0325278, 0.0)], [0.384964, 0.00308416, 0.922925, 0.0)], [0.0, 0.0, 0.0, 1.0)]])
0.0, 0.0, 0.0
float3(-0.00308416, 0.395172, -0.0771995)
1533324.54693967
limited(__ObjC.ARCamera.TrackingState.Reason.initializing)
simd_float4x4([[0.907979, -0.0682586, -0.413419, 0.0)], [0.0610718, 0.997663, -0.0305931, 0.0)], [0.414541, 0.00252967, 0.910026, 0.0)], [0.0, 0.0, 0.0, 1.0)]])
0.0, 0.0, 0.0
float3(-0.00252967, 0.427441, -0.068312)
1533324.64699137
limited(__ObjC.ARCamera.TrackingState.Reason.initializing)
simd_float4x4([[0.902782, -0.0641383, -0.425289, 0.0)], [0.0581697, 0.99794, -0.0270219, 0.0)], [0.426146, -0.000343945, 0.904653, 0.0)], [0.0, 0.0, 0.0, 1.0)]])
0.0, 0.0, 0.0
float3(0.000343945, 0.440229, -0.0641824)
1533324.74704342
limited(__ObjC.ARCamera.TrackingState.Reason.initializing)
simd_float4x4([[0.904392, -0.0603621, -0.422411, 0.0)], [0.0557119, 0.998173, -0.0233583, 0.0)], [0.423049, -0.00240823, 0.906102, 0.0)], [0.0, 0.0, 0.0, 1.0)]])
0.0, 0.0, 0.0
float3(0.00240823, 0.43681, -0.060399)
1533324.84709517
limited(__ObjC.ARCamera.TrackingState.Reason.initializing)
simd_float4x4([[0.912758, -0.0573797, -0.404449, 0.0)], [0.0535504, 0.998348, -0.0207857, 0.0)], [0.404974, -0.00268603, 0.914323, 0.0)], [0.0, 0.0, 0.0, 1.0)]])
0.0, 0.0, 0.0
float3(0.00268603, 0.416953, -0.0574115)
1533324.94714708
limited(__ObjC.ARCamera.TrackingState.Reason.initializing)
simd_float4x4([[0.92808, -0.0552471, -0.368259, 0.0)], [0.0512144, 0.998471, -0.0207246, 0.0)], [0.368841, 0.000374023, 0.929491, 0.0)], [0.0, 0.0, 0.0, 1.0)]])
0.0, 0.0, 0.0
float3(-0.000374023, 0.377763, -0.0552753)
1533325.04719888
limited(__ObjC.ARCamera.TrackingState.Reason.initializing)
simd_float4x4([[0.944222, -0.0517996, -0.32521, 0.0)], [0.048022, 0.998652, -0.0196393, 0.0)], [0.32579, 0.00292664, 0.945436, 0.0)], [0.0, 0.0, 0.0, 1.0)]])
0.0, 0.0, 0.0
float3(-0.00292664, 0.331849, -0.051823)
1533325.14725087
limited(__ObjC.ARCamera.TrackingState.Reason.initializing)
simd_float4x4([[0.959651, -0.0508104, -0.276564, 0.0)], [0.0473865, 0.998694, -0.0190549, 0.0)], [0.277171, 0.00518071, 0.960805, 0.0)], [0.0, 0.0, 0.0, 1.0)]])
0.0, 0.0, 0.0
float3(-0.00518073, 0.280853, -0.050833)
1533325.24730267
limited(__ObjC.ARCamera.TrackingState.Reason.initializing)
simd_float4x4([[0.974493, -0.0484544, -0.219123, 0.0)], [0.0458022, 0.998803, -0.0171704, 0.0)], [0.219693, 0.00669615, 0.975546, 0.0)], [0.0, 0.0, 0.0, 1.0)]])
0.0, 0.0, 0.0
float3(-0.0066962, 0.221505, -0.0484745)
1533325.34735438
limited(__ObjC.ARCamera.TrackingState.Reason.initializing)
simd_float4x4([[0.986602, -0.0459062, -0.156553, 0.0)], [0.0440518, 0.998912, -0.0152957, 0.0)], [0.157085, 0.00819429, 0.987551, 0.0)], [0.0, 0.0, 0.0, 1.0)]])
0.0, 0.0, 0.0
float3(-0.00819438, 0.157744, -0.0459239)
1533325.44740642
limited(__ObjC.ARCamera.TrackingState.Reason.initializing)
simd_float4x4([[0.995053, -0.0424478, -0.0898181, 0.0)], [0.0413999, 0.999051, -0.013498, 0.0)], [0.0903059, 0.00971274, 0.995867, 0.0)], [0.0, 0.0, 0.0, 1.0)]])
0.0, 0.0, 0.0
float3(-0.0097129, 0.0904334, -0.0424625)
1533325.54745813
limited(__ObjC.ARCamera.TrackingState.Reason.initializing)
simd_float4x4([[0.998973, -0.0391386, -0.0228357, 0.0)], [0.0388362, 0.999154, -0.0135391, 0.0)], [0.0233463, 0.0126384, 0.999647, 0.0)], [0.0, 0.0, 0.0, 1.0)]])
0.0, 0.0, 0.0
float3(-0.0126387, 0.0233503, -0.0391518)
1533325.64751025
limited(__ObjC.ARCamera.TrackingState.Reason.initializing)
simd_float4x4([[0.998452, -0.0361469, 0.042264, 0.0)], [0.0367, 0.999249, -0.0123855, 0.0)], [-0.0417847, 0.0139174, 0.999029, 0.0)], [0.0, 0.0, 0.0, 1.0)]])
0.0, 0.0, 0.0
float3(-0.0139178, -0.0418009, -0.0361583)
1533325.74756188
limited(__ObjC.ARCamera.TrackingState.Reason.initializing)
simd_float4x4([[0.993934, -0.0328104, 0.104973, 0.0)], [0.0341118, 0.999361, -0.0106263, 0.0)], [-0.104558, 0.0141427, 0.994418, 0.0)], [0.0, 0.0, 0.0, 1.0)]])
0.0, 0.0, 0.0
float3(-0.0141431, -0.10476, -0.0328196)
1533325.84761383
limited(__ObjC.ARCamera.TrackingState.Reason.initializing)
simd_float4x4([[0.986417, -0.0299277, 0.161512, 0.0)], [0.0313984, 0.999485, -0.00656154, 0.0)], [-0.161233, 0.0115437, 0.986848, 0.0)], [0.0, 0.0, 0.0, 1.0)]])
0.0, 0.0, 0.0
float3(-0.0115439, -0.16195, -0.0299342)
1533325.94766567
limited(__ObjC.ARCamera.TrackingState.Reason.initializing)
simd_float4x4([[0.977402, -0.0282796, 0.209487, 0.0)], [0.0294952, 0.999561, -0.00268085, 0.0)], [-0.209319, 0.00879916, 0.977807, 0.0)], [0.0, 0.0, 0.0, 1.0)]])
0.0, 0.0, 0.0
float3(-0.00879927, -0.210887, -0.0282845)
1533326.04771746
limited(__ObjC.ARCamera.TrackingState.Reason.initializing)
simd_float4x4([[0.968951, -0.0274077, 0.245731, 0.0)], [0.0281322, 0.999604, 0.000561751, 0.0)], [-0.245649, 0.00636865, 0.969338, 0.0)], [0.0, 0.0, 0.0, 1.0)]])
0.0, 0.0, 0.0
float3(-0.00636869, -0.248194, -0.0274117)
1533326.14776938
limited(__ObjC.ARCamera.TrackingState.Reason.initializing)
simd_float4x4([[0.963114, -0.0270722, 0.26773, 0.0)], [0.0270587, 0.999627, 0.00374052, 0.0)], [-0.267731, 0.0036419, 0.963487, 0.0)], [0.0, 0.0, 0.0, 1.0)]])
0.0, 0.0, 0.0
float3(-0.00364191, -0.271039, -0.0270757)
1533326.24782117
limited(__ObjC.ARCamera.TrackingState.Reason.initializing)
simd_float4x4([[0.960721, -0.0282229, 0.276078, 0.0)], [0.0274905, 0.9996, 0.00652312, 0.0)], [-0.276152, 0.00132263, 0.961113, 0.0)], [0.0, 0.0, 0.0, 1.0)]])
0.0, 0.0, 0.0
float3(-0.00132263, -0.279788, -0.0282267)
1533326.34787308
limited(__ObjC.ARCamera.TrackingState.Reason.initializing)
simd_float4x4([[0.962772, -0.0305491, 0.268582, 0.0)], [0.029504, 0.999533, 0.007927, 0.0)], [-0.268699, 0.000292391, 0.963224, 0.0)], [0.0, 0.0, 0.0, 1.0)]])
0.0, 0.0, 0.0
float3(-0.000292391, -0.272042, -0.0305539)
1533326.44792496
limited(__ObjC.ARCamera.TrackingState.Reason.initializing)
simd_float4x4([[0.968659, -0.0339171, 0.246068, 0.0)], [0.0329026, 0.999425, 0.00823435, 0.0)], [-0.246206, 0.000120007, 0.969217, 0.0)], [0.0, 0.0, 0.0, 1.0)]])
0.0, 0.0, 0.0
float3(-0.000120007, -0.248764, -0.0339236)
1533326.54797683
limited(__ObjC.ARCamera.TrackingState.Reason.initializing)
simd_float4x4([[0.977001, -0.0369186, 0.210016, 0.0)], [0.0362407, 0.999317, 0.0070761, 0.0)], [-0.210134, 0.000697786, 0.977672, 0.0)], [0.0, 0.0, 0.0, 1.0)]])
0.0, 0.0, 0.0
float3(-0.000697786, -0.211712, -0.036927)
1533326.64802871
limited(__ObjC.ARCamera.TrackingState.Reason.initializing)
simd_float4x4([[0.985882, -0.0398344, 0.162633, 0.0)], [0.0397122, 0.999203, 0.00400352, 0.0)], [-0.162662, 0.0025115, 0.986678, 0.0)], [0.0, 0.0, 0.0, 1.0)]])
0.0, 0.0, 0.0
float3(-0.0025115, -0.163389, -0.0398451)
1533326.7480805
limited(__ObjC.ARCamera.TrackingState.Reason.initializing)
simd_float4x4([[0.99321, -0.0429169, 0.108129, 0.0)], [0.0430718, 0.999071, 0.000902415, 0.0)], [-0.108068, 0.00376104, 0.994135, 0.0)], [0.0, 0.0, 0.0, 1.0)]])
0.0, 0.0, 0.0
float3(-0.00376105, -0.10828, -0.0429304)
1533326.84813246
limited(__ObjC.ARCamera.TrackingState.Reason.initializing)
simd_float4x4([[0.997715, -0.0458009, 0.0496749, 0.0)], [0.0460397, 0.998931, -0.00367543, 0.0)], [-0.0494537, 0.00595406, 0.998757, 0.0)], [0.0, 0.0, 0.0, 1.0)]])
0.0, 0.0, 0.0
float3(-0.0059541, -0.0494748, -0.0458178)
1533326.94818429
limited(__ObjC.ARCamera.TrackingState.Reason.initializing)
simd_float4x4([[0.998762, -0.0486922, -0.0101292, 0.0)], [0.0486196, 0.998789, -0.00729026, 0.0)], [0.0104718, 0.00678876, 0.999921, 0.0)], [0.0, 0.0, 0.0, 1.0)]])
0.0, 0.0, 0.0
float3(-0.00678881, 0.0104723, -0.0487127)
1533327.04823625
limited(__ObjC.ARCamera.TrackingState.Reason.initializing)
simd_float4x4([[0.996341, -0.0508552, -0.0686836, 0.0)], [0.0503064, 0.998685, -0.00969784, 0.0)], [0.0690865, 0.00620713, 0.99759, 0.0)], [0.0, 0.0, 0.0, 1.0)]])
0.0, 0.0, 0.0
float3(-0.00620717, 0.069143, -0.0508782)
1533327.14828808
limited(__ObjC.ARCamera.TrackingState.Reason.initializing)
simd_float4x4([[0.992184, -0.0517759, -0.113539, 0.0)], [0.0510588, 0.998651, -0.00921859, 0.0)], [0.113863, 0.00334937, 0.993489, 0.0)], [0.0, 0.0, 0.0, 1.0)]])
0.0, 0.0, 0.0
float3(-0.00334938, 0.114112, -0.0517995)
1533327.24833987
normal
simd_float4x4([[0.987014, -0.0496328, -0.152773, 0.0)], [0.0492008, 0.998767, -0.00660979, 0.0)], [0.152912, -0.000992573, 0.988239, 0.0)], [0.0, 0.0, -1.86265e-09, 1.0)]])
0.0, 0.0, -1.86265e-09
float3(0.000992573, 0.153515, -0.0496533)
1533327.34839175
normal
simd_float4x4([[0.981611, -0.0497947, -0.184281, 0.0)], [0.0497732, 0.998749, -0.00474565, 0.0)], [0.184287, -0.00451388, 0.982862, 0.0)], [-0.00910529, 0.000815851, 0.00328515, 1.0)]])
-0.00910529, 0.000815851, 0.00328515
float3(0.00451389, 0.185348, -0.0498158)
1533327.44844354
normal
simd_float4x4([[0.976428, -0.0503374, -0.209893, 0.0)], [0.0504839, 0.998714, -0.00466298, 0.0)], [0.209858, -0.00604315, 0.977713, 0.0)], [-0.0187754, 0.00124107, 0.00408542, 1.0)]])
-0.0187754, 0.00124107, 0.00408542
float3(0.00604319, 0.211433, -0.0503596)
1533327.5484955
normal
simd_float4x4([[0.971692, -0.050735, -0.230741, 0.0)], [0.0501092, 0.998707, -0.00857547, 0.0)], [0.230878, -0.00322954, 0.972977, 0.0)], [-0.0268032, 0.00107959, 0.00609611, 1.0)]])
-0.0268032, 0.00107959, 0.00609611
float3(0.00322955, 0.232981, -0.0507571)
1533327.64854725
normal
simd_float4x4([[0.967406, -0.0503208, -0.248181, 0.0)], [0.0461173, 0.998677, -0.0227255, 0.0)], [0.248997, 0.0105393, 0.968447, 0.0)], [-0.0355829, -9.64459e-05, 0.0044124, 1.0)]])
-0.0355829, -9.64459e-05, 0.0044124
float3(-0.0105395, 0.251658, -0.0503448)
1533327.74859917
normal
simd_float4x4([[0.964682, -0.0517495, -0.258284, 0.0)], [0.0404984, 0.997992, -0.0486964, 0.0)], [0.260285, 0.0365165, 0.964841, 0.0)], [-0.0367894, -0.0028256, 0.00673894, 1.0)]])
-0.0367894, -0.0028256, 0.00673894
float3(-0.0365246, 0.263498, -0.0518072)
1533327.84865113
normal
simd_float4x4([[0.964029, -0.0537915, -0.260298, 0.0)], [0.0352475, 0.996531, -0.0753952, 0.0)], [0.263451, 0.0635083, 0.96258, 0.0)], [-0.042376, -0.00784029, 0.0022405, 1.0)]])
-0.042376, -0.00784029, 0.0022405
float3(-0.063551, 0.26715, -0.0539264)
1533327.94870296
normal
simd_float4x4([[0.966957, -0.0564687, -0.248607, 0.0)], [0.0343162, 0.995116, -0.0925584, 0.0)], [0.252619, 0.0809687, 0.964172, 0.0)], [-0.0453858, -0.0103187, -0.00273675, 1.0)]])
-0.0453858, -0.0103187, -0.00273675
float3(-0.0810575, 0.256246, -0.0566851)
1533328.04875492
normal
simd_float4x4([[0.973761, -0.0579651, -0.220065, 0.0)], [0.0373439, 0.994609, -0.0967377, 0.0)], [0.224486, 0.0859814, 0.970677, 0.0)], [-0.0449548, -0.0102706, -0.00964223, 1.0)]])
-0.0449548, -0.0102706, -0.00964223
float3(-0.0860877, 0.227272, -0.0582135)
1533328.14880667
normal
simd_float4x4([[0.981353, -0.0615959, -0.182076, 0.0)], [0.0460338, 0.995012, -0.0884972, 0.0)], [0.186619, 0.0784654, 0.979294, 0.0)], [-0.0426833, -0.00773873, -0.0180417, 1.0)]])
-0.0426833, -0.00773873, -0.0180417
float3(-0.0785461, 0.188307, -0.0618258)
1533328.24885863
normal
simd_float4x4([[0.986811, -0.0638583, -0.148747, 0.0)], [0.0531864, 0.99579, -0.0746539, 0.0)], [0.152888, 0.0657579, 0.986053, 0.0)], [-0.0466634, -0.00809164, -0.0263667, 1.0)]])
-0.0466634, -0.00809164, -0.0263667
float3(-0.0658054, 0.153826, -0.0640406)
1533328.34891038
normal
simd_float4x4([[0.990324, -0.0632783, -0.123512, 0.0)], [0.0563502, 0.996678, -0.0588054, 0.0)], [0.126822, 0.0512765, 0.990599, 0.0)], [-0.0538281, -0.00704241, -0.0354618, 1.0)]])
-0.0538281, -0.00704241, -0.0354618
float3(-0.051299, 0.127333, -0.0634041)
1533328.44896233
normal
simd_float4x4([[0.992477, -0.0593041, -0.107112, 0.0)], [0.054803, 0.997505, -0.0444906, 0.0)], [0.109483, 0.0382858, 0.993251, 0.0)], [-0.0663498, -0.00675548, -0.0461555, 1.0)]])
-0.0663498, -0.00675548, -0.0461555
float3(-0.0382952, 0.109784, -0.0593825)
1533328.54901413
normal
simd_float4x4([[0.993309, -0.0547025, -0.101708, 0.0)], [0.0513747, 0.998064, -0.0350566, 0.0)], [0.103429, 0.0295968, 0.994196, 0.0)], [-0.0829146, -0.0105246, -0.0568944, 1.0)]])
-0.0829146, -0.0105246, -0.0568944
float3(-0.0296011, 0.10366, -0.0547538)
1533328.649066
normal
simd_float4x4([[0.993182, -0.0524829, -0.104092, 0.0)], [0.0490495, 0.998173, -0.0352754, 0.0)], [0.105753, 0.0299292, 0.993942, 0.0)], [-0.102774, -0.0160525, -0.0683648, 1.0)]])
-0.102774, -0.0160525, -0.0683648
float3(-0.0299337, 0.105999, -0.0525306)
1533328.74911788
normal
simd_float4x4([[0.993102, -0.0524483, -0.104873, 0.0)], [0.0486344, 0.998071, -0.0386015, 0.0)], [0.106695, 0.0332348, 0.993736, 0.0)], [-0.121985, -0.0220298, -0.0807945, 1.0)]])
-0.121985, -0.0220298, -0.0807945
float3(-0.0332409, 0.106958, -0.0525014)
1533328.84916979
normal
simd_float4x4([[0.994759, -0.0475123, -0.0905407, 0.0)], [0.0435995, 0.998048, -0.0447151, 0.0)], [0.0924885, 0.0405332, 0.994888, 0.0)], [-0.133935, -0.0269243, -0.0961866, 1.0)]])
-0.133935, -0.0269243, -0.0961866
float3(-0.0405444, 0.0926972, -0.0475693)
1533328.94922158
normal
simd_float4x4([[0.993497, -0.0410648, -0.106195, 0.0)], [0.0361235, 0.998192, -0.0480437, 0.0)], [0.107976, 0.0438951, 0.993184, 0.0)], [-0.0347245, -0.0742839, -0.0567676, 1.0)]])
-0.0347245, -0.0742839, -0.0567676
float3(-0.0439092, 0.108292, -0.041116)
1533329.04927363
normal
simd_float4x4([[0.996069, -0.0350434, -0.0813481, 0.0)], [0.0303218, 0.997823, -0.0585691, 0.0)], [0.0832234, 0.0558723, 0.994963, 0.0)], [-0.0348677, -0.0788678, -0.0793035, 1.0)]])
-0.0348677, -0.0788678, -0.0793035
float3(-0.0559014, 0.0834504, -0.0351054)
1533329.14932533
normal
simd_float4x4([[0.997544, -0.033557, -0.0614851, 0.0)], [0.0288155, 0.996657, -0.0764427, 0.0)], [0.0638448, 0.0744832, 0.995176, 0.0)], [-0.0272598, -0.0842543, -0.109063, 1.0)]])
-0.0272598, -0.0842543, -0.109063
float3(-0.0745522, 0.0640664, -0.0336568)
1533329.24937733
normal
simd_float4x4([[0.998422, -0.0403064, -0.0390934, 0.0)], [0.036852, 0.995667, -0.0853814, 0.0)], [0.0423654, 0.083806, 0.995581, 0.0)], [-0.00810629, -0.0880966, -0.144132, 1.0)]])
-0.00810629, -0.0880966, -0.144132
float3(-0.0839044, 0.0425278, -0.0404597)
1533329.34942904
normal
simd_float4x4([[0.998373, -0.0570182, 0.000105027, 0.0)], [0.0568654, 0.99556, -0.0750137, 0.0)], [0.0041726, 0.0748977, 0.997182, 0.0)], [0.0248438, -0.0884597, -0.185453, 1.0)]])
0.0248438, -0.0884597, -0.185453
float3(-0.0749679, 0.00418437, -0.05721)
1533329.44948108
normal
simd_float4x4([[0.994436, -0.0727255, 0.0762126, 0.0)], [0.0771787, 0.995374, -0.0572105, 0.0)], [-0.0716994, 0.0627742, 0.995449, 0.0)], [0.0672882, -0.0808723, -0.236065, 1.0)]])
0.0672882, -0.0808723, -0.236065
float3(-0.0628155, -0.0719031, -0.0729339)
1533329.54953296
normal
simd_float4x4([[0.9843, -0.0760826, 0.159265, 0.0)], [0.0816283, 0.996253, -0.0285636, 0.0)], [-0.156495, 0.0411156, 0.986823, 0.0)], [0.113092, -0.0742533, -0.283976, 1.0)]])
0.113092, -0.0742533, -0.283976
float3(-0.0411272, -0.157275, -0.0762208)
1533329.64958467
normal
simd_float4x4([[0.96493, -0.0856788, 0.248133, 0.0)], [0.0902801, 0.99589, -0.00720271, 0.0)], [-0.246496, 0.0293516, 0.968699, 0.0)], [0.156574, -0.0757021, -0.322134, 1.0)]])
0.156574, -0.0757021, -0.322134
float3(-0.0293558, -0.249173, -0.0858211)
1533329.74963671
normal
simd_float4x4([[0.93374, -0.0912823, 0.346116, 0.0)], [0.0930108, 0.995597, 0.0116504, 0.0)], [-0.345656, 0.0213141, 0.938119, 0.0)], [0.199433, -0.0647671, -0.355999, 1.0)]])
0.199433, -0.0647671, -0.355999
float3(-0.0213157, -0.353021, -0.0914304)
1533329.84968842
normal
simd_float4x4([[0.886848, -0.0892857, 0.453352, 0.0)], [0.0934199, 0.995538, 0.0133186, 0.0)], [-0.452518, 0.0305405, 0.891232, 0.0)], [0.246009, -0.0659269, -0.388768, 1.0)]])
0.246009, -0.0659269, -0.388768
float3(-0.0305453, -0.469824, -0.0894466)
1533329.9497405
normal
simd_float4x4([[0.833239, -0.0895275, 0.545616, 0.0)], [0.100993, 0.994846, 0.00900794, 0.0)], [-0.543611, 0.0475976, 0.837987, 0.0)], [0.286523, -0.0688431, -0.421578, 1.0)]])
0.286523, -0.0688431, -0.421578
float3(-0.0476156, -0.575468, -0.0897496)
1533330.04979233
normal
simd_float4x4([[0.787838, -0.0857688, 0.609881, 0.0)], [0.110819, 0.993835, -0.00339044, 0.0)], [-0.60583, 0.0702578, 0.792486, 0.0)], [0.320962, -0.0740546, -0.459841, 1.0)]])
0.320962, -0.0740546, -0.459841
float3(-0.0703157, -0.652697, -0.0860875)
1533330.14984408
normal
simd_float4x4([[0.743985, -0.0810181, 0.663267, 0.0)], [0.120901, 0.992561, -0.0143726, 0.0)], [-0.657168, 0.0908825, 0.748245, 0.0)], [0.356248, -0.0814873, -0.505025, 1.0)]])
0.356248, -0.0814873, -0.505025
float3(-0.091008, -0.720685, -0.0814448)
1533330.24989612
normal
simd_float4x4([[0.690155, -0.070369, 0.720232, 0.0)], [0.115316, 0.993238, -0.0134577, 0.0)], [-0.714415, 0.0923421, 0.693603, 0.0)], [0.395746, -0.0882354, -0.556869, 1.0)]])
0.395746, -0.0882354, -0.556869
float3(-0.0924739, -0.800178, -0.0707299)
1533330.34994792
normal
simd_float4x4([[0.623263, -0.0543915, 0.780119, 0.0)], [0.0979505, 0.995152, -0.00887183, 0.0)], [-0.775854, 0.0819425, 0.625569, 0.0)], [0.441949, -0.0879389, -0.607241, 1.0)]])
0.441949, -0.0879389, -0.607241
float3(-0.0820345, -0.892228, -0.0546022)
1533330.44999987
normal
simd_float4x4([[0.544488, -0.0509448, 0.83722, 0.0)], [0.0914561, 0.995808, 0.00111625, 0.0)], [-0.833768, 0.0759611, 0.546865, 0.0)], [0.488334, -0.08264, -0.645226, 1.0)]])
0.488334, -0.08264, -0.645226
float3(-0.0760344, -0.990287, -0.0511147)
1533330.55005167
normal
simd_float4x4([[0.463417, -0.0514232, 0.884647, 0.0)], [0.088002, 0.99605, 0.0117996, 0.0)], [-0.88176, 0.0723826, 0.466112, 0.0)], [0.532579, -0.0853144, -0.672642, 1.0)]])
0.532579, -0.0853144, -0.672642
float3(-0.0724459, -1.08452, -0.0515813)
1533330.65010367
normal
simd_float4x4([[0.389269, -0.046308, 0.919959, 0.0)], [0.0850593, 0.996275, 0.0141577, 0.0)], [-0.917188, 0.0727399, 0.391758, 0.0)], [0.576993, -0.0801149, -0.687441, 1.0)]])
0.576993, -0.0801149, -0.687441
float3(-0.0728042, -1.16712, -0.0464477)
1533330.7501555
normal
simd_float4x4([[0.321081, -0.0471889, 0.945875, 0.0)], [0.0966645, 0.995175, 0.0168352, 0.0)], [-0.942105, 0.086027, 0.324093, 0.0)], [0.624303, -0.0841016, -0.694443, 1.0)]])
0.624303, -0.0841016, -0.694443
float3(-0.0861335, -1.23947, -0.0473822)
1533330.85020725
normal
simd_float4x4([[0.28213, -0.0509374, 0.958023, 0.0)], [0.112414, 0.993466, 0.0197168, 0.0)], [-0.952767, 0.102133, 0.286013, 0.0)], [0.672542, -0.0906518, -0.700192, 1.0)]])
0.672542, -0.0906518, -0.700192
float3(-0.102311, -1.27916, -0.0512275)
1533330.95025921
normal
simd_float4x4([[0.264566, -0.0626623, 0.96233, 0.0)], [0.125696, 0.991615, 0.0300125, 0.0)], [-0.956141, 0.113021, 0.270224, 0.0)], [0.726205, -0.101002, -0.701315, 1.0)]])
0.726205, -0.101002, -0.701315
float3(-0.113263, -1.29536, -0.0631083)
1533331.05031096
normal
simd_float4x4([[0.240561, -0.0777325, 0.967516, 0.0)], [0.113884, 0.992164, 0.0513968, 0.0)], [-0.96393, 0.097821, 0.247528, 0.0)], [0.792021, -0.100747, -0.692941, 1.0)]])
0.792021, -0.100747, -0.692941
float3(-0.0979777, -1.31944, -0.0781868)
1533331.15036296
normal
simd_float4x4([[0.183917, -0.0847961, 0.979277, 0.0)], [0.0884339, 0.993659, 0.0694328, 0.0)], [-0.978956, 0.0738314, 0.19025, 0.0)], [0.871915, -0.0878618, -0.681656, 1.0)]])
0.871915, -0.0878618, -0.681656
float3(-0.0738987, -1.37885, -0.085131)
1533331.25041483
normal
simd_float4x4([[0.115477, -0.0750503, 0.990471, 0.0)], [0.0819587, 0.994461, 0.0657973, 0.0)], [-0.989923, 0.0735796, 0.120988, 0.0)], [0.946841, -0.085851, -0.665913, 1.0)]])
0.946841, -0.085851, -0.665913
float3(-0.0736462, -1.44918, -0.0753255)
1533331.35046692
normal
simd_float4x4([[0.06086, -0.070951, 0.995621, 0.0)], [0.0766168, 0.99486, 0.0662133, 0.0)], [-0.995201, 0.0722516, 0.0659833, 0.0)], [1.01454, -0.0856181, -0.659917, 1.0)]])
1.01454, -0.0856181, -0.659917
float3(-0.0723146, -1.50459, -0.071197)
1533331.45051867
normal
simd_float4x4([[0.00658167, -0.0559115, 0.998414, 0.0)], [0.073506, 0.995762, 0.0552784, 0.0)], [-0.997273, 0.0730256, 0.0106636, 0.0)], [1.08196, -0.0787278, -0.650977, 1.0)]])
1.08196, -0.0787278, -0.650977
float3(-0.0730907, -1.5601, -0.0560905)
1533331.55057054
normal
simd_float4x4([[-0.0287415, -0.0441139, 0.998613, 0.0)], [0.0969341, 0.994194, 0.0467086, 0.0)], [-0.994876, 0.0981421, -0.0242985, 0.0)], [1.15065, -0.0945015, -0.649595, 1.0)]])
1.15065, -0.0945015, -0.649595
float3(-0.0983003, -1.59522, -0.0443424)
1533331.65062246
normal
simd_float4x4([[-0.0451199, -0.0345033, 0.998386, 0.0)], [0.103739, 0.993838, 0.0390344, 0.0)], [-0.993581, 0.105333, -0.0412626, 0.0)], [1.23246, -0.106964, -0.657057, 1.0)]])
1.23246, -0.106964, -0.657057
float3(-0.105528, -1.6123, -0.0347033)
1533331.75067429
normal
simd_float4x4([[-0.0347519, -0.0268517, 0.999035, 0.0)], [0.089173, 0.995568, 0.0298605, 0.0)], [-0.99541, 0.0901247, -0.0322034, 0.0)], [1.32483, -0.12042, -0.673644, 1.0)]])
1.32483, -0.12042, -0.673644
float3(-0.0902471, -1.60314, -0.0269647)
1533331.85072629
normal
simd_float4x4([[-0.00021961, -0.0155361, 0.999879, 0.0)], [0.0453795, 0.998849, 0.0155301, 0.0)], [-0.99897, 0.0453774, 0.000485677, 0.0)], [1.42701, -0.114878, -0.699346, 1.0)]])
1.42701, -0.114878, -0.699346
float3(-0.045393, -1.57031, -0.0155528)
1533331.95077808
normal
simd_float4x4([[0.0130318, -0.0242861, 0.99962, 0.0)], [0.0192372, 0.999526, 0.024033, 0.0)], [-0.99973, 0.0189167, 0.0134928, 0.0)], [1.51935, -0.0905615, -0.713647, 1.0)]])
1.51935, -0.0905615, -0.713647
float3(-0.0189178, -1.5573, -0.0242928)
1533332.05082988
normal
simd_float4x4([[0.0116405, -0.0461199, 0.998868, 0.0)], [0.0298055, 0.998508, 0.045756, 0.0)], [-0.999488, 0.0292391, 0.0129977, 0.0)], [1.6134, -0.0913158, -0.717621, 1.0)]])
1.6134, -0.0913158, -0.717621
float3(-0.0292433, -1.55779, -0.0461561)
1533332.15088188
normal
simd_float4x4([[0.0116448, -0.0579203, 0.998253, 0.0)], [0.0514883, 0.997031, 0.0572488, 0.0)], [-0.998606, 0.0507318, 0.0145925, 0.0)], [1.69366, -0.0895872, -0.719835, 1.0)]])
1.69366, -0.0895872, -0.719835
float3(-0.0507535, -1.55618, -0.0580276)
1533332.25093367
normal
simd_float4x4([[0.0150375, -0.0644981, 0.997805, 0.0)], [0.0703631, 0.995512, 0.0632895, 0.0)], [-0.997408, 0.0692569, 0.0195083, 0.0)], [1.77725, -0.100774, -0.7123, 1.0)]])
1.77725, -0.100774, -0.7123
float3(-0.0693124, -1.55124, -0.0646985)
1533332.35098563
normal
simd_float4x4([[0.0280577, -0.0771364, 0.996626, 0.0)], [0.0765178, 0.994259, 0.074799, 0.0)], [-0.996673, 0.0741609, 0.0337989, 0.0)], [1.86609, -0.113462, -0.702527, 1.0)]])
1.86609, -0.113462, -0.702527
float3(-0.074229, -1.5369, -0.0774267)
1533332.45103733
normal
simd_float4x4([[0.0237929, -0.085889, 0.996021, 0.0)], [0.0488913, 0.99521, 0.0846513, 0.0)], [-0.998521, 0.0466827, 0.0278782, 0.0)], [1.96884, -0.118564, -0.678479, 1.0)]])
1.96884, -0.118564, -0.678479
float3(-0.0466996, -1.54288, -0.0860891)
1533332.55108942
normal
simd_float4x4([[0.00904948, -0.0855531, 0.996293, 0.0)], [0.0158822, 0.99622, 0.0854026, 0.0)], [-0.999833, 0.0150505, 0.0103741, 0.0)], [2.06961, -0.0926916, -0.655826, 1.0)]])
2.06961, -0.0926916, -0.655826
float3(-0.0150511, -1.56042, -0.0856676)
1533332.65114113
normal
simd_float4x4([[0.0123758, -0.070017, 0.997469, 0.0)], [0.0256678, 0.997239, 0.0696823, 0.0)], [-0.999594, 0.0247405, 0.0141388, 0.0)], [2.15752, -0.0953827, -0.649709, 1.0)]])
2.15752, -0.0953827, -0.649709
float3(-0.024743, -1.55665, -0.0700958)
1533332.75119304
normal
simd_float4x4([[0.0143175, -0.038936, 0.999139, 0.0)], [0.0383402, 0.998528, 0.0383628, 0.0)], [-0.999162, 0.037758, 0.0157893, 0.0)], [2.24451, -0.0876523, -0.64533, 1.0)]])
2.24451, -0.0876523, -0.64533
float3(-0.037767, -1.555, -0.0389736)
1533332.85124496
normal
simd_float4x4([[0.0125609, -0.0202004, 0.999717, 0.0)], [0.055215, 0.998285, 0.0194778, 0.0)], [-0.998395, 0.0549547, 0.0136548, 0.0)], [2.32798, -0.0983266, -0.648617, 1.0)]])
2.32798, -0.0983266, -0.648617
float3(-0.0549824, -1.55712, -0.0202324)
1533332.95129688
normal
simd_float4x4([[0.0196835, -0.00697532, 0.999782, 0.0)], [0.0697872, 0.997546, 0.00558577, 0.0)], [-0.997368, 0.0696621, 0.020122, 0.0)], [2.42184, -0.117642, -0.656954, 1.0)]])
2.42184, -0.117642, -0.656954
float3(-0.0697185, -1.55062, -0.00699236)
1533333.05134879
normal
simd_float4x4([[0.0441882, -0.00418495, 0.999014, 0.0)], [0.0579176, 0.99832, 0.00162024, 0.0)], [-0.997343, 0.0577889, 0.0443563, 0.0)], [2.525, -0.127528, -0.670817, 1.0)]])
2.525, -0.127528, -0.670817
float3(-0.0578211, -1.52635, -0.00419196)
1533333.15140067
normal
simd_float4x4([[0.0615666, -0.00870448, 0.998065, 0.0)], [0.0197152, 0.999777, 0.00750326, 0.0)], [-0.997908, 0.0192151, 0.0617245, 0.0)], [2.63236, -0.113376, -0.686539, 1.0)]])
2.63236, -0.113376, -0.686539
float3(-0.0192163, -1.50902, -0.00870619)
1533333.25145246
normal
simd_float4x4([[0.0545208, -0.0285296, 0.998105, 0.0)], [0.0241696, 0.999337, 0.0272445, 0.0)], [-0.99822, 0.0226384, 0.0551742, 0.0)], [2.73021, -0.103759, -0.684016, 1.0)]])
2.73021, -0.103759, -0.684016
float3(-0.0226404, -1.51558, -0.0285408)
1533333.35150429
normal
simd_float4x4([[0.0433847, -0.0554204, 0.99752, 0.0)], [0.0384393, 0.997813, 0.0537648, 0.0)], [-0.998319, 0.0360114, 0.0454202, 0.0)], [2.82379, -0.0937302, -0.687597, 1.0)]])
2.82379, -0.0937302, -0.687597
float3(-0.0360192, -1.52533, -0.0554848)
1533333.45155621
normal
simd_float4x4([[0.043306, -0.0611207, 0.99719, 0.0)], [0.052485, 0.996888, 0.0588229, 0.0)], [-0.997682, 0.0497901, 0.0463791, 0.0)], [2.91476, -0.104902, -0.683214, 1.0)]])
2.91476, -0.104902, -0.683214
float3(-0.0498107, -1.52434, -0.0612349)
1533333.55160829
normal
simd_float4x4([[0.051908, -0.0659755, 0.99647, 0.0)], [0.0690653, 0.995663, 0.0623243, 0.0)], [-0.996261, 0.0655864, 0.0562395, 0.0)], [3.01566, -0.125425, -0.675385, 1.0)]])
3.01566, -0.125425, -0.675385
float3(-0.0656335, -1.51441, -0.0661661)
1533333.65166013
normal
simd_float4x4([[0.0514316, -0.0716212, 0.996105, 0.0)], [0.0569591, 0.996012, 0.0686736, 0.0)], [-0.997051, 0.0532052, 0.055306, 0.0)], [3.12822, -0.127947, -0.657009, 1.0)]])
3.12822, -0.127947, -0.657009
float3(-0.0532303, -1.51538, -0.0717845)
1533333.75171204
normal
simd_float4x4([[0.0474786, -0.0766811, 0.995925, 0.0)], [0.0169544, 0.996967, 0.0759532, 0.0)], [-0.998728, 0.0132791, 0.0486347, 0.0)], [3.23345, -0.0970417, -0.639074, 1.0)]])
3.23345, -0.0970417, -0.639074
float3(-0.0132795, -1.52214, -0.0767633)
1533333.85176392
normal
simd_float4x4([[0.0611957, -0.0625601, 0.996163, 0.0)], [0.0274817, 0.997761, 0.0609722, 0.0)], [-0.997747, 0.023645, 0.062778, 0.0)], [3.32296, -0.0998707, -0.641883, 1.0)]])
3.32296, -0.0998707, -0.641883
float3(-0.0236472, -1.50796, -0.0626185)
1533333.95181571
normal
simd_float4x4([[0.0618439, -0.0278274, 0.997698, 0.0)], [0.0419749, 0.998799, 0.0252562, 0.0)], [-0.997203, 0.0403163, 0.0629377, 0.0)], [3.41367, -0.0987831, -0.636561, 1.0)]])
3.41367, -0.0987831, -0.636561
float3(-0.0403273, -1.50777, -0.0278536)
1533334.05186762
normal
simd_float4x4([[0.0610464, -0.0168241, 0.997993, 0.0)], [0.0534898, 0.998476, 0.0135603, 0.0)], [-0.996701, 0.0525547, 0.0618533, 0.0)], [3.50294, -0.11311, -0.644921, 1.0)]])
3.50294, -0.11311, -0.644921
float3(-0.0525789, -1.50882, -0.0168482)
1533334.15191946
normal
simd_float4x4([[0.0609566, -0.0124799, 0.998062, 0.0)], [0.0568232, 0.998344, 0.00901297, 0.0)], [-0.996522, 0.0561637, 0.0615648, 0.0)], [3.60169, -0.134142, -0.658016, 1.0)]])
3.60169, -0.134142, -0.658016
float3(-0.0561933, -1.5091, -0.0125)
1533334.25197158
normal
simd_float4x4([[0.0680406, -0.012526, 0.997604, 0.0)], [0.026899, 0.999581, 0.0107162, 0.0)], [-0.99732, 0.0261054, 0.068349, 0.0)], [3.70942, -0.139132, -0.679703, 1.0)]])
3.70942, -0.139132, -0.679703
float3(-0.0261084, -1.50237, -0.0125306)
1533334.35202329
normal
simd_float4x4([[0.0666924, -0.0213203, 0.997546, 0.0)], [-0.000133977, 0.999771, 0.0213769, 0.0)], [-0.997774, -0.00155932, 0.0666743, 0.0)], [3.81444, -0.118892, -0.693484, 1.0)]])
3.81444, -0.118892, -0.693484
float3(0.00155932, -1.50407, -0.021322)
1533334.45207533
normal
simd_float4x4([[0.0560107, -0.0454465, 0.997395, 0.0)], [0.0268642, 0.99867, 0.043996, 0.0)], [-0.998069, 0.02433, 0.0571571, 0.0)], [3.90993, -0.110779, -0.695186, 1.0)]])
3.90993, -0.110779, -0.695186
float3(-0.0243324, -1.51359, -0.0454756)
1533334.55212708
normal
simd_float4x4([[0.0516537, -0.0654906, 0.996515, 0.0)], [0.0503391, 0.99675, 0.0628968, 0.0)], [-0.997396, 0.0469149, 0.0547825, 0.0)], [4.00231, -0.108726, -0.703027, 1.0)]])
4.00231, -0.108726, -0.703027
float3(-0.0469321, -1.51593, -0.0656099)
1533334.65217904
normal
simd_float4x4([[0.0642277, -0.071459, 0.995374, 0.0)], [0.0700534, 0.995295, 0.0669331, 0.0)], [-0.995473, 0.0654303, 0.0689314, 0.0)], [4.0967, -0.121838, -0.703314, 1.0)]])
4.0967, -0.121838, -0.703314
float3(-0.0654771, -1.50166, -0.0716738)
1533334.752231
normal
simd_float4x4([[0.0647364, -0.0783768, 0.99482, 0.0)], [0.0579151, 0.995526, 0.0746637, 0.0)], [-0.99622, 0.0527817, 0.068986, 0.0)], [4.20143, -0.137713, -0.693934, 1.0)]])
4.20143, -0.137713, -0.693934
float3(-0.0528062, -1.50166, -0.078567)
1533334.85228287
normal
simd_float4x4([[0.0545346, -0.0879788, 0.994628, 0.0)], [-0.0138749, 0.995948, 0.0888563, 0.0)], [-0.998415, -0.0186461, 0.0530929, 0.0)], [4.31139, -0.119563, -0.677094, 1.0)]])
4.31139, -0.119563, -0.677094
float3(0.0186471, -1.51767, -0.0881081)
1533334.95233479
normal
simd_float4x4([[0.0625923, -0.0818127, 0.99468, 0.0)], [-0.0144307, 0.996456, 0.0828669, 0.0)], [-0.997935, -0.0195408, 0.0611898, 0.0)], [4.40346, -0.102643, -0.675328, 1.0)]])
4.40346, -0.102643, -0.675328
float3(0.019542, -1.50956, -0.08192)
1533335.05238671
normal
simd_float4x4([[0.0647635, -0.0499671, 0.996649, 0.0)], [-0.00278379, 0.998733, 0.0502524, 0.0)], [-0.997897, -0.00602899, 0.0645424, 0.0)], [4.49031, -0.0959902, -0.676059, 1.0)]])
4.49031, -0.0959902, -0.676059
float3(0.00602903, -1.50621, -0.0499888)
1533335.1524385
normal
simd_float4x4([[0.0589199, -0.020636, 0.998049, 0.0)], [0.013662, 0.999709, 0.0198637, 0.0)], [-0.998169, 0.012465, 0.0591848, 0.0)], [4.5765, -0.103617, -0.675109, 1.0)]])
4.5765, -0.103617, -0.675109
float3(-0.0124653, -1.51157, -0.020639)
1533335.25249046
normal
simd_float4x4([[0.0442566, -0.0156386, 0.998898, 0.0)], [0.0328146, 0.999361, 0.014192, 0.0)], [-0.998481, 0.0321503, 0.0447415, 0.0)], [4.66474, -0.120819, -0.685118, 1.0)]])
4.66474, -0.120819, -0.685118
float3(-0.0321559, -1.52602, -0.0156473)
1533335.35254225
normal
simd_float4x4([[0.0526772, -0.010694, 0.998554, 0.0)], [0.0205698, 0.999742, 0.00962155, 0.0)], [-0.9984, 0.0200332, 0.0528836, 0.0)], [4.76175, -0.136335, -0.706, 1.0)]])
4.76175, -0.136335, -0.706
float3(-0.0200346, -1.51788, -0.0106963)
1533335.45259425
normal
simd_float4x4([[0.0858308, -0.0103977, 0.996255, 0.0)], [-0.0299132, 0.999468, 0.0130084, 0.0)], [-0.995861, -0.0309177, 0.0854741, 0.0)], [4.86258, -0.128687, -0.735635, 1.0)]])
4.86258, -0.128687, -0.735635
float3(0.0309227, -1.48518, -0.0104029)
1533335.55264612
normal
simd_float4x4([[0.0855897, -0.0234272, 0.996055, 0.0)], [-0.0261277, 0.999327, 0.0257492, 0.0)], [-0.995988, -0.0282285, 0.08492, 0.0)], [4.95905, -0.119493, -0.746274, 1.0)]])
4.95905, -0.119493, -0.746274
float3(0.0282322, -1.48574, -0.0234387)
1533335.65269804
normal
simd_float4x4([[0.0759465, -0.0515022, 0.995781, 0.0)], [-0.0131007, 0.998527, 0.0526434, 0.0)], [-0.997026, -0.0170435, 0.07516, 0.0)], [5.05019, -0.105753, -0.753155, 1.0)]])
5.05019, -0.105753, -0.753155
float3(0.0170443, -1.49555, -0.0515325)
1533335.75274992
normal
simd_float4x4([[0.06825, -0.0634655, 0.995648, 0.0)], [0.00664923, 0.997981, 0.0631585, 0.0)], [-0.997646, 0.00230972, 0.0685342, 0.0)], [5.14353, -0.10957, -0.754804, 1.0)]])
5.14353, -0.10957, -0.754804
float3(-0.00230972, -1.50221, -0.0635084)
1533335.85280175
normal
simd_float4x4([[0.0863147, -0.0677251, 0.993963, 0.0)], [0.0293554, 0.997427, 0.0654118, 0.0)], [-0.995835, 0.0235322, 0.0880807, 0.0)], [5.22967, -0.120651, -0.75197, 1.0)]])
5.22967, -0.120651, -0.75197
float3(-0.0235344, -1.48258, -0.0677957)
1533335.95285371
normal
simd_float4x4([[0.0910277, -0.0769399, 0.992872, 0.0)], [0.0321882, 0.996717, 0.0742868, 0.0)], [-0.995328, 0.0251966, 0.0932054, 0.0)], [5.33819, -0.1363, -0.741894, 1.0)]])
5.33819, -0.1363, -0.741894
float3(-0.0251993, -1.47743, -0.0770405)
1533336.05290567
normal
simd_float4x4([[0.0756202, -0.0831667, 0.993662, 0.0)], [-0.0249777, 0.996045, 0.085267, 0.0)], [-0.996824, -0.0312673, 0.0732438, 0.0)], [5.45182, -0.115352, -0.722587, 1.0)]])
5.45182, -0.115352, -0.722587
float3(0.0312724, -1.49745, -0.0833037)
1533336.15295754
normal
simd_float4x4([[0.0720577, -0.0764764, 0.994464, 0.0)], [-0.0054934, 0.997011, 0.0770703, 0.0)], [-0.997385, -0.0110165, 0.0714221, 0.0)], [5.55468, -0.107298, -0.716743, 1.0)]])
5.55468, -0.107298, -0.716743
float3(0.0110167, -1.49931, -0.0765558)
1533336.25300933
normal
simd_float4x4([[0.0617559, -0.0507723, 0.996799, 0.0)], [0.00326904, 0.99871, 0.0506672, 0.0)], [-0.998086, 0.000129576, 0.0618422, 0.0)], [5.64835, -0.0962476, -0.715328, 1.0)]])
5.64835, -0.0962476, -0.715328
float3(-0.000129576, -1.50891, -0.0507942)
1533336.35306125
normal
simd_float4x4([[0.0461478, -0.0307817, 0.99846, 0.0)], [0.0158287, 0.999422, 0.0300797, 0.0)], [-0.998809, 0.0144162, 0.0466084, 0.0)], [5.7437, -0.103494, -0.715809, 1.0)]])
5.7437, -0.103494, -0.715809
float3(-0.0144167, -1.52417, -0.0307897)
1533336.45311333
normal
simd_float4x4([[0.0257957, -0.0252438, 0.999348, 0.0)], [0.0420759, 0.998823, 0.0241444, 0.0)], [-0.998781, 0.0414257, 0.0268275, 0.0)], [5.83897, -0.120285, -0.726108, 1.0)]])
5.83897, -0.120285, -0.726108
float3(-0.0414375, -1.54394, -0.0252682)
1533336.55316504
normal
simd_float4x4([[0.0323708, -0.0158071, 0.999351, 0.0)], [0.0576159, 0.998242, 0.0139233, 0.0)], [-0.997814, 0.0571278, 0.0332246, 0.0)], [5.95373, -0.141319, -0.745162, 1.0)]])
5.95373, -0.141319, -0.745162
float3(-0.0571589, -1.53751, -0.0158336)
1533336.65321712
normal
simd_float4x4([[0.0550411, -0.010858, 0.998425, 0.0)], [0.0240583, 0.999665, 0.00954523, 0.0)], [-0.998194, 0.0234951, 0.0552839, 0.0)], [6.07411, -0.137259, -0.774728, 1.0)]])
6.07411, -0.137259, -0.774728
float3(-0.0234972, -1.51547, -0.0108612)
1533336.75326883
normal
simd_float4x4([[0.0471752, -0.0227344, 0.998628, 0.0)], [0.0280991, 0.999376, 0.021424, 0.0)], [-0.998491, 0.0270498, 0.0477845, 0.0)], [6.18741, -0.126627, -0.783777, 1.0)]])
6.18741, -0.126627, -0.783777
float3(-0.0270531, -1.52298, -0.0227447)
1533336.853321
normal
simd_float4x4([[0.0474148, -0.0486332, 0.997691, 0.0)], [0.0357366, 0.998257, 0.0469624, 0.0)], [-0.998236, 0.0334274, 0.0490702, 0.0)], [6.28796, -0.112894, -0.791586, 1.0)]])
6.28796, -0.112894, -0.791586
float3(-0.0334336, -1.52168, -0.0486796)
1533336.95337275
normal
simd_float4x4([[0.0500739, -0.0649589, 0.996631, 0.0)], [0.048723, 0.996853, 0.0625254, 0.0)], [-0.997556, 0.045428, 0.0530813, 0.0)], [6.38775, -0.116045, -0.797013, 1.0)]])
6.38775, -0.116045, -0.797013
float3(-0.0454436, -1.51764, -0.0650719)
1533337.05342458
normal
simd_float4x4([[0.0685744, -0.0676732, 0.995348, 0.0)], [0.0633095, 0.995981, 0.0633545, 0.0)], [-0.995635, 0.0586705, 0.0725832, 0.0)], [6.4775, -0.130277, -0.796012, 1.0)]])
6.4775, -0.130277, -0.796012
float3(-0.0587042, -1.49802, -0.067842)
1533337.15347667
normal
simd_float4x4([[0.0774995, -0.0760097, 0.994091, 0.0)], [0.0572455, 0.995784, 0.0716763, 0.0)], [-0.995348, 0.0513524, 0.081524, 0.0)], [6.58739, -0.145567, -0.786189, 1.0)]])
6.58739, -0.145567, -0.786189
float3(-0.051375, -1.48907, -0.0761838)
1533337.25352837
normal
simd_float4x4([[0.0783676, -0.0826834, 0.99349, 0.0)], [-0.000836759, 0.996549, 0.083004, 0.0)], [-0.996924, -0.00733614, 0.078028, 0.0)], [6.69704, -0.129278, -0.766037, 1.0)]])
6.69704, -0.129278, -0.766037
float3(0.00733621, -1.49269, -0.0827802)
1533337.3535805
normal
simd_float4x4([[0.0871471, -0.0797495, 0.992998, 0.0)], [-0.00462653, 0.996747, 0.0804566, 0.0)], [-0.996185, -0.0116057, 0.0864947, 0.0)], [6.79573, -0.115757, -0.762146, 1.0)]])
6.79573, -0.115757, -0.762146
float3(0.011606, -1.48419, -0.0798396)
1533337.45363225
normal
simd_float4x4([[0.0788452, -0.0538714, 0.99543, 0.0)], [-0.00807865, 0.998471, 0.0546759, 0.0)], [-0.996854, -0.0123527, 0.0782895, 0.0)], [6.88987, -0.105451, -0.758394, 1.0)]])
6.88987, -0.105451, -0.758394
float3(0.012353, -1.49242, -0.0539016)
1533337.55368425
normal
simd_float4x4([[0.0692319, -0.0265442, 0.997247, 0.0)], [-0.00257233, 0.999638, 0.0267864, 0.0)], [-0.997597, -0.00441972, 0.0691385, 0.0)], [6.9836, -0.114501, -0.759301, 1.0)]])
6.9836, -0.114501, -0.759301
float3(0.00441973, -1.5016, -0.0265475)
1533337.65373617
normal
