ARKit Data
14951.313949583
limited(__ObjC.ARCamera.TrackingState.Reason.initializing)
simd_float4x4([[-0.036646, -0.977829, 0.206155, 0.0)], [0.985374, -0.00100414, 0.170399, 0.0)], [-0.166415, 0.209384, 0.963565, 0.0)], [0.0, 0.0, 0.0, 1.0)]])
0.0, 0.0, 0.0
float3(-0.210945, -0.171021, -1.57182)
14951.649427125
notAvailable
simd_float4x4([[1.0, 0.0, 0.0, 0.0)], [0.0, 1.0, 0.0, 0.0)], [0.0, 0.0, 1.0, 0.0)], [0.0, 0.0, 0.0, 1.0)]])
0.0, 0.0, 0.0
float3(-0.0, 0.0, 0.0)
14951.766075583
notAvailable
simd_float4x4([[1.0, 0.0, 0.0, 0.0)], [0.0, 1.0, 0.0, 0.0)], [0.0, 0.0, 1.0, 0.0)], [0.0, 0.0, 0.0, 1.0)]])
0.0, 0.0, 0.0
float3(-0.0, 0.0, 0.0)
14951.882723916
limited(__ObjC.ARCamera.TrackingState.Reason.initializing)
simd_float4x4([[-0.002883, -0.973042, 0.230612, 0.0)], [0.999996, -0.00287322, 0.000378236, 0.0)], [0.00029456, 0.230612, 0.973046, 0.0)], [0.0, 0.0, 0.0, 1.0)]])
0.0, 0.0, 0.0
float3(-0.232707, 0.00030272, -1.57375)
14951.999372333
limited(__ObjC.ARCamera.TrackingState.Reason.initializing)
simd_float4x4([[-0.0125026, -0.975789, 0.218358, 0.0)], [0.999913, -0.0130966, -0.00127331, 0.0)], [0.00410223, 0.218323, 0.975868, 0.0)], [0.0, 0.0, 0.0, 1.0)]])
0.0, 0.0, 0.0
float3(-0.220096, 0.00420365, -1.58422)
14952.116020666
limited(__ObjC.ARCamera.TrackingState.Reason.initializing)
simd_float4x4([[-0.00468506, -0.975852, 0.218383, 0.0)], [0.999968, -0.00600199, -0.00536734, 0.0)], [0.00654846, 0.218351, 0.975848, 0.0)], [0.0, 0.0, 0.0, 1.0)]])
0.0, 0.0, 0.0
float3(-0.220124, 0.00671043, -1.57695)
14952.232668916
limited(__ObjC.ARCamera.TrackingState.Reason.initializing)
simd_float4x4([[-0.00276971, -0.975908, 0.218165, 0.0)], [0.999891, -0.00585973, -0.013518, 0.0)], [0.0144707, 0.218104, 0.975818, 0.0)], [0.0, 0.0, 0.0, 1.0)]])
0.0, 0.0, 0.0
float3(-0.219871, 0.0148282, -1.5768)
14952.349317375
limited(__ObjC.ARCamera.TrackingState.Reason.initializing)
simd_float4x4([[-0.0017755, -0.975851, 0.218428, 0.0)], [0.99913, -0.0108332, -0.0402772, 0.0)], [0.0416709, 0.218166, 0.975021, 0.0)], [0.0, 0.0, 0.0, 1.0)]])
0.0, 0.0, 0.0
float3(-0.219935, 0.0427124, -1.5819)
14952.465965625
limited(__ObjC.ARCamera.TrackingState.Reason.initializing)
simd_float4x4([[0.00265739, -0.975771, 0.218774, 0.0)], [0.996756, -0.0150139, -0.0790723, 0.0)], [0.0804412, 0.218274, 0.972566, 0.0)], [0.0, 0.0, 0.0, 1.0)]])
0.0, 0.0, 0.0
float3(-0.220046, 0.0825224, -1.58618)
14952.582613916
limited(__ObjC.ARCamera.TrackingState.Reason.initializing)
simd_float4x4([[0.0134874, -0.976317, 0.215923, 0.0)], [0.993069, -0.0121353, -0.116902, 0.0)], [0.116753, 0.216003, 0.969387, 0.0)], [0.0, 0.0, 0.0, 1.0)]])
0.0, 0.0, 0.0
float3(-0.217719, 0.119863, -1.58323)
14952.699262291
limited(__ObjC.ARCamera.TrackingState.Reason.initializing)
simd_float4x4([[0.0270397, -0.976102, 0.215624, 0.0)], [0.98882, -0.00552592, -0.149015, 0.0)], [0.146645, 0.217243, 0.965039, 0.0)], [0.0, 0.0, 0.0, 1.0)]])
0.0, 0.0, 0.0
float3(-0.218989, 0.150804, -1.57646)
14952.81591075
limited(__ObjC.ARCamera.TrackingState.Reason.initializing)
simd_float4x4([[0.0336854, -0.976009, 0.215106, 0.0)], [0.984825, -0.00424794, -0.173497, 0.0)], [0.170249, 0.217686, 0.961055, 0.0)], [0.0, 0.0, 0.0, 1.0)]])
0.0, 0.0, 0.0
float3(-0.219443, 0.175329, -1.57515)
14952.932559041
limited(__ObjC.ARCamera.TrackingState.Reason.initializing)
simd_float4x4([[0.0362023, -0.976119, 0.214198, 0.0)], [0.982281, -0.00468167, -0.187354, 0.0)], [0.183883, 0.217185, 0.958654, 0.0)], [0.0, 0.0, 0.0, 1.0)]])
0.0, 0.0, 0.0
float3(-0.21893, 0.189511, -1.57559)
14953.049207458
limited(__ObjC.ARCamera.TrackingState.Reason.initializing)
simd_float4x4([[0.0365799, -0.976393, 0.212881, 0.0)], [0.981951, -0.00443756, -0.189084, 0.0)], [0.185565, 0.215956, 0.958608, 0.0)], [0.0, 0.0, 0.0, 1.0)]])
0.0, 0.0, 0.0
float3(-0.217671, 0.191212, -1.57534)
14953.165856
limited(__ObjC.ARCamera.TrackingState.Reason.initializing)
simd_float4x4([[0.0339557, -0.976486, 0.212884, 0.0)], [0.985198, -0.00310622, -0.171391, 0.0)], [0.168023, 0.215553, 0.961927, 0.0)], [0.0, 0.0, 0.0, 1.0)]])
0.0, 0.0, 0.0
float3(-0.217258, 0.172928, -1.57398)
14953.282504458
limited(__ObjC.ARCamera.TrackingState.Reason.initializing)
simd_float4x4([[0.0281011, -0.976545, 0.213468, 0.0)], [0.99076, -0.00113547, -0.13562, 0.0)], [0.132681, 0.215306, 0.96749, 0.0)], [0.0, 0.0, 0.0, 1.0)]])
0.0, 0.0, 0.0
float3(-0.217005, 0.136289, -1.57196)
14953.399152708
limited(__ObjC.ARCamera.TrackingState.Reason.initializing)
simd_float4x4([[0.0199288, -0.976629, 0.214006, 0.0)], [0.995969, 0.000668682, -0.0896959, 0.0)], [0.0874565, 0.214931, 0.972705, 0.0)], [0.0, 0.0, 0.0, 1.0)]])
0.0, 0.0, 0.0
float3(-0.216621, 0.0896695, -1.57011)
14953.515801125
limited(__ObjC.ARCamera.TrackingState.Reason.initializing)
simd_float4x4([[0.0104537, -0.976428, 0.215591, 0.0)], [0.999091, 0.00129024, -0.0426008, 0.0)], [0.0413185, 0.21584, 0.975554, 0.0)], [0.0, 0.0, 0.0, 1.0)]])
0.0, 0.0, 0.0
float3(-0.217552, 0.0423285, -1.56947)
14953.632449625
limited(__ObjC.ARCamera.TrackingState.Reason.initializing)
simd_float4x4([[-0.000277301, -0.975943, 0.218022, 0.0)], [0.999983, 0.000984064, 0.00567689, 0.0)], [-0.00575487, 0.21802, 0.975927, 0.0)], [0.0, 0.0, 0.0, 1.0)]])
0.0, 0.0, 0.0
float3(-0.219786, -0.00589676, -1.56979)
14953.749098
limited(__ObjC.ARCamera.TrackingState.Reason.initializing)
simd_float4x4([[-0.0105086, -0.976138, 0.216896, 0.0)], [0.998689, 0.000620268, 0.0511779, 0.0)], [-0.0500912, 0.21715, 0.974852, 0.0)], [0.0, 0.0, 0.0, 1.0)]])
0.0, 0.0, 0.0
float3(-0.218893, -0.0513382, -1.57016)
14953.865746375
limited(__ObjC.ARCamera.TrackingState.Reason.initializing)
simd_float4x4([[-0.0201528, -0.976674, 0.213775, 0.0)], [0.995001, 0.00132668, 0.0998611, 0.0)], [-0.0978154, 0.214719, 0.971765, 0.0)], [0.0, 0.0, 0.0, 1.0)]])
0.0, 0.0, 0.0
float3(-0.216404, -0.10032, -1.56944)
14953.982395
limited(__ObjC.ARCamera.TrackingState.Reason.initializing)
simd_float4x4([[-0.0271006, -0.976674, 0.213007, 0.0)], [0.989831, 0.00354829, 0.142205, 0.0)], [-0.139644, 0.214695, 0.966646, 0.0)], [0.0, 0.0, 0.0, 1.0)]])
0.0, 0.0, 0.0
float3(-0.216379, -0.14347, -1.56716)
14954.0990435
limited(__ObjC.ARCamera.TrackingState.Reason.initializing)
simd_float4x4([[-0.0327934, -0.976461, 0.213184, 0.0)], [0.984801, 0.0048315, 0.173619, 0.0)], [-0.170562, 0.215638, 0.961461, 0.0)], [0.0, 0.0, 0.0, 1.0)]])
0.0, 0.0, 0.0
float3(-0.217345, -0.175573, -1.56585)
14954.215692041
limited(__ObjC.ARCamera.TrackingState.Reason.initializing)
simd_float4x4([[-0.0360848, -0.97693, 0.210488, 0.0)], [0.982807, 0.00347309, 0.184606, 0.0)], [-0.181078, 0.213531, 0.960007, 0.0)], [0.0, 0.0, 0.0, 1.0)]])
0.0, 0.0, 0.0
float3(-0.215188, -0.186432, -1.56724)
14954.332340458
limited(__ObjC.ARCamera.TrackingState.Reason.initializing)
simd_float4x4([[-0.0339499, -0.977577, 0.207823, 0.0)], [0.984174, 0.00348601, 0.177172, 0.0)], [-0.173924, 0.210549, 0.961987, 0.0)], [0.0, 0.0, 0.0, 1.0)]])
0.0, 0.0, 0.0
float3(-0.212136, -0.178865, -1.56723)
14954.448989208
limited(__ObjC.ARCamera.TrackingState.Reason.initializing)
simd_float4x4([[-0.0304368, -0.977668, 0.207941, 0.0)], [0.988551, 0.0013159, 0.150884, 0.0)], [-0.147788, 0.210152, 0.966434, 0.0)], [0.0, 0.0, 0.0, 1.0)]])
0.0, 0.0, 0.0
float3(-0.211731, -0.151745, -1.56945)
14954.565637708
limited(__ObjC.ARCamera.TrackingState.Reason.initializing)
simd_float4x4([[-0.0238486, -0.978363, 0.205517, 0.0)], [0.993005, 0.000596091, 0.118068, 0.0)], [-0.115636, 0.206895, 0.971505, 0.0)], [0.0, 0.0, 0.0, 1.0)]])
0.0, 0.0, 0.0
float3(-0.208401, -0.11847, -1.57019)
14954.682286125
limited(__ObjC.ARCamera.TrackingState.Reason.initializing)
simd_float4x4([[-0.0163743, -0.978869, 0.203829, 0.0)], [0.996331, 0.00115239, 0.085573, 0.0)], [-0.0839997, 0.204483, 0.975259, 0.0)], [0.0, 0.0, 0.0, 1.0)]])
0.0, 0.0, 0.0
float3(-0.205935, -0.0859186, -1.56962)
14954.798934791
limited(__ObjC.ARCamera.TrackingState.Reason.initializing)
simd_float4x4([[-0.00792278, -0.979244, 0.202526, 0.0)], [0.999165, 0.000364186, 0.0408483, 0.0)], [-0.0400742, 0.20268, 0.978424, 0.0)], [0.0, 0.0, 0.0, 1.0)]])
0.0, 0.0, 0.0
float3(-0.204094, -0.040935, -1.57042)
14954.915583291
limited(__ObjC.ARCamera.TrackingState.Reason.initializing)
simd_float4x4([[-0.00180109, -0.9798, 0.199968, 0.0)], [0.999954, 0.000129543, 0.00964123, 0.0)], [-0.00947239, 0.199976, 0.979754, 0.0)], [0.0, 0.0, 0.0, 1.0)]])
0.0, 0.0, 0.0
float3(-0.201333, -0.00966783, -1.57066)
14955.032231833
limited(__ObjC.ARCamera.TrackingState.Reason.initializing)
simd_float4x4([[0.00131302, -0.980156, 0.198216, 0.0)], [0.999921, -0.00119228, -0.0125195, 0.0)], [0.0125074, 0.198217, 0.980077, 0.0)], [0.0, 0.0, 0.0, 1.0)]])
0.0, 0.0, 0.0
float3(-0.199538, 0.0127609, -1.57201)
14955.148880375
limited(__ObjC.ARCamera.TrackingState.Reason.initializing)
simd_float4x4([[0.000942774, -0.980289, 0.197559, 0.0)], [0.999895, -0.00193303, -0.0143635, 0.0)], [0.0144623, 0.197551, 0.980184, 0.0)], [0.0, 0.0, 0.0, 1.0)]])
0.0, 0.0, 0.0
float3(-0.198859, 0.0147536, -1.57277)
14955.265529083
limited(__ObjC.ARCamera.TrackingState.Reason.initializing)
simd_float4x4([[-0.00104286, -0.980108, 0.198449, 0.0)], [0.999999, -0.00106546, -7.12879e-06, 0.0)], [0.000218427, 0.198449, 0.980109, 0.0)], [0.0, 0.0, 0.0, 1.0)]])
0.0, 0.0, 0.0
float3(-0.199775, 0.00022286, -1.57188)
14955.382177583
limited(__ObjC.ARCamera.TrackingState.Reason.initializing)
simd_float4x4([[-0.0040964, -0.97949, 0.201439, 0.0)], [0.999943, -0.00203086, 0.0104597, 0.0)], [-0.00983608, 0.20147, 0.979442, 0.0)], [0.0, 0.0, 0.0, 1.0)]])
0.0, 0.0, 0.0
float3(-0.202859, -0.0100422, -1.57287)
14955.498826083
limited(__ObjC.ARCamera.TrackingState.Reason.initializing)
simd_float4x4([[-0.00687825, -0.975765, 0.218698, 0.0)], [0.9999, -0.00400072, 0.0135979, 0.0)], [-0.0123935, 0.218769, 0.975694, 0.0)], [0.0, 0.0, 0.0, 1.0)]])
0.0, 0.0, 0.0
float3(-0.220553, -0.0127015, -1.5749)
14955.61547475
normal
simd_float4x4([[-0.0041982, -0.971261, 0.237981, 0.0)], [0.99996, -0.00220172, 0.00865443, 0.0)], [-0.00788174, 0.238008, 0.971231, 0.0)], [-0.000776963, -0.00221761, -0.00179297, 1.0)]])
-0.000776963, -0.00221761, -0.00179297
float3(-0.240314, -0.00811503, -1.57306)
14955.7321235
normal
simd_float4x4([[0.00161321, -0.960924, 0.276808, 0.0)], [0.999994, 0.00242236, 0.00258122, 0.0)], [-0.00315089, 0.276802, 0.960922, 0.0)], [-0.00481281, -0.0126167, -0.0082188, 1.0)]])
-0.00481281, -0.0126167, -0.0082188
float3(-0.280465, -0.00327901, -1.56828)
14955.848772208
normal
simd_float4x4([[0.0032623, -0.952017, 0.306028, 0.0)], [0.999994, 0.00262619, -0.00249031, 0.0)], [0.00156714, 0.306034, 0.952019, 0.0)], [-0.00925307, -0.0203885, -0.0148019, 1.0)]])
-0.00925307, -0.0203885, -0.0148019
float3(-0.311025, 0.00164612, -1.56804)
14955.96542075
normal
simd_float4x4([[0.00616221, -0.946559, 0.322471, 0.0)], [0.999976, 0.0047614, -0.00513261, 0.0)], [0.0033229, 0.322495, 0.946565, 0.0)], [-0.0130792, -0.024689, -0.017148, 1.0)]])
-0.0130792, -0.024689, -0.017148
float3(-0.328364, 0.00351047, -1.56577)
14956.082069333
normal
simd_float4x4([[0.00800464, -0.943271, 0.331926, 0.0)], [0.999968, 0.00761176, -0.00248378, 0.0)], [-0.000183666, 0.331935, 0.943302, 0.0)], [-0.0159182, -0.0257887, -0.0203698, 1.0)]])
-0.0159182, -0.0257887, -0.0203698
float3(-0.338355, -0.000194705, -1.56273)
14956.198718083
normal
simd_float4x4([[0.00944249, -0.945214, 0.326314, 0.0)], [0.999946, 0.0103227, 0.000965909, 0.0)], [-0.00428143, 0.326287, 0.945261, 0.0)], [-0.0175385, -0.0237245, -0.0188258, 1.0)]])
-0.0175385, -0.0237245, -0.0188258
float3(-0.332373, -0.00452933, -1.55988)
14956.315366541
normal
simd_float4x4([[0.00740633, -0.951435, 0.307762, 0.0)], [0.999921, 0.0101646, 0.00736036, 0.0)], [-0.0101312, 0.307683, 0.951435, 0.0)], [-0.0183195, -0.0189584, -0.0139621, 1.0)]])
-0.0183195, -0.0189584, -0.0139621
float3(-0.312757, -0.0106479, -1.56011)
14956.432015291
normal
simd_float4x4([[0.00477006, -0.959232, 0.28258, 0.0)], [0.999861, 0.00909137, 0.0139831, 0.0)], [-0.015982, 0.282474, 0.959142, 0.0)], [-0.0183907, -0.0104006, -0.00833963, 1.0)]])
-0.0183907, -0.0104006, -0.00833963
float3(-0.286372, -0.0166613, -1.56132)
14956.548664083
normal
simd_float4x4([[0.00573464, -0.966147, 0.257927, 0.0)], [0.999684, 0.0118478, 0.0221531, 0.0)], [-0.0244591, 0.257719, 0.96591, 0.0)], [-0.0189933, -0.00261355, -0.00170407, 1.0)]])
-0.0189933, -0.00261355, -0.00170407
float3(-0.26066, -0.0253169, -1.55853)
14956.665312833
normal
simd_float4x4([[0.00786456, -0.9711, 0.238542, 0.0)], [0.999487, 0.0150423, 0.0282846, 0.0)], [-0.0310554, 0.238197, 0.97072, 0.0)], [-0.0189753, 0.00326941, 0.00500913, 1.0)]])
-0.0189753, 0.00326941, 0.00500913
float3(-0.240509, -0.0319812, -1.55531)
14956.781961333
normal
simd_float4x4([[0.00679772, -0.977079, 0.212767, 0.0)], [0.999426, 0.0137003, 0.0309843, 0.0)], [-0.0331891, 0.212434, 0.976612, 0.0)], [-0.0183547, 0.0105724, 0.0115278, 1.0)]])
-0.0183547, 0.0105724, 0.0115278
float3(-0.214065, -0.0339708, -1.55678)
14956.898610125
normal
simd_float4x4([[0.00669618, -0.982309, 0.187146, 0.0)], [0.99935, 0.0132005, 0.0335309, 0.0)], [-0.0354082, 0.1868, 0.98176, 0.0)], [-0.0179382, 0.0178424, 0.0192166, 1.0)]])
-0.0179382, 0.0178424, 0.0192166
float3(-0.187903, -0.0360504, -1.55736)
14957.015258916
normal
simd_float4x4([[0.00694508, -0.986003, 0.166581, 0.0)], [0.999193, 0.0134311, 0.0378416, 0.0)], [-0.0395493, 0.166183, 0.985301, 0.0)], [-0.0176671, 0.0235101, 0.0256932, 1.0)]])
-0.0176671, 0.0235101, 0.0256932
float3(-0.166958, -0.0401177, -1.55718)
14957.131907791
normal
simd_float4x4([[0.00790289, -0.987953, 0.154555, 0.0)], [0.999087, 0.0142908, 0.040264, 0.0)], [-0.0419877, 0.154095, 0.987163, 0.0)], [-0.0176081, 0.0273756, 0.0298133, 1.0)]])
-0.0176081, 0.0273756, 0.0298133
float3(-0.154712, -0.042508, -1.55633)
14957.248556291
normal
simd_float4x4([[0.00103046, -0.988773, 0.149423, 0.0)], [0.995229, 0.0155925, 0.0963163, 0.0)], [-0.0975648, 0.148611, 0.984071, 0.0)], [-0.0165197, 0.0207435, 0.0202139, 1.0)]])
-0.0165197, 0.0207435, 0.0202139
float3(-0.149163, -0.0988212, -1.55503)
14957.365205166
normal
simd_float4x4([[-0.00071449, -0.988041, 0.154189, 0.0)], [0.995414, 0.014046, 0.0946192, 0.0)], [-0.0956534, 0.15355, 0.9835, 0.0)], [-0.0188925, 0.0182001, 0.0154031, 1.0)]])
-0.0188925, 0.0182001, 0.0154031
float3(-0.15416, -0.0969532, -1.55658)
14957.481853916
normal
simd_float4x4([[-0.00303565, -0.986369, 0.164523, 0.0)], [0.995359, 0.012845, 0.0953755, 0.0)], [-0.0961887, 0.164049, 0.981751, 0.0)], [-0.021975, 0.0161852, 0.0106466, 1.0)]])
-0.021975, 0.0161852, 0.0106466
float3(-0.164793, -0.0976649, -1.55777)
14957.598502583
normal
simd_float4x4([[-0.00600464, -0.984986, 0.172531, 0.0)], [0.995288, 0.0108104, 0.096356, 0.0)], [-0.0967744, 0.172297, 0.98028, 0.0)], [-0.0249293, 0.0127186, 0.00864314, 1.0)]])
-0.0249293, 0.0127186, 0.00864314
float3(-0.173161, -0.0984023, -1.55982)
14957.715151333
normal
simd_float4x4([[-0.00505874, -0.983072, 0.183148, 0.0)], [0.995152, 0.01304, 0.097481, 0.0)], [-0.0982191, 0.182753, 0.97824, 0.0)], [-0.028915, 0.00942615, 0.00488447, 1.0)]])
-0.028915, 0.00942615, 0.00488447
float3(-0.183786, -0.100068, -1.55753)
14957.831800333
normal
simd_float4x4([[-0.00262012, -0.981746, 0.190178, 0.0)], [0.995529, 0.0153952, 0.0931897, 0.0)], [-0.0944165, 0.189572, 0.977317, 0.0)], [-0.0339392, 0.00570208, 0.00058914, 1.0)]])
-0.0339392, 0.00570208, 0.00058914
float3(-0.190726, -0.096309, -1.55512)
14957.948449041
normal
simd_float4x4([[-5.08074e-05, -0.981009, 0.193961, 0.0)], [0.995792, 0.0177245, 0.0899074, 0.0)], [-0.0916378, 0.19315, 0.976881, 0.0)], [-0.0336731, 0.00377344, -0.000641645, 1.0)]])
-0.0336731, 0.00377344, -0.000641645
float3(-0.194371, -0.0935329, -1.55273)
14958.065097833
normal
simd_float4x4([[-0.00303533, -0.981553, 0.191164, 0.0)], [0.995481, 0.0151781, 0.0937401, 0.0)], [-0.0949124, 0.190585, 0.977072, 0.0)], [-0.0281184, 0.00387935, 0.000319892, 1.0)]])
-0.0281184, 0.00387935, 0.000319892
float3(-0.191758, -0.0968358, -1.55533)
14958.181746583
normal
simd_float4x4([[-0.0137818, -0.98001, 0.198472, 0.0)], [0.993917, 0.00826375, 0.109822, 0.0)], [-0.109267, 0.198778, 0.973934, 0.0)], [-0.0198734, 0.00235686, -0.00657017, 1.0)]])
-0.0198734, 0.00235686, -0.00657017
float3(-0.200111, -0.111724, -1.56236)
14958.2983955
normal
simd_float4x4([[-0.0363153, -0.981978, 0.185476, 0.0)], [0.992983, -0.0145554, 0.117359, 0.0)], [-0.112545, 0.188436, 0.975616, 0.0)], [0.000580994, -0.00175481, -0.00986763, 1.0)]])
0.000580994, -0.00175481, -0.00986763
float3(-0.189569, -0.11485, -1.58562)
14958.415044208
normal
simd_float4x4([[-0.0502652, -0.979636, 0.194389, 0.0)], [0.993051, -0.0282856, 0.114236, 0.0)], [-0.106412, 0.19878, 0.97425, 0.0)], [0.0371569, -0.0100237, -0.00957081, 1.0)]])
0.0371569, -0.0100237, -0.00957081
float3(-0.200113, -0.108793, -1.59966)
14958.531693083
normal
simd_float4x4([[-0.055911, -0.981747, 0.181788, 0.0)], [0.993453, -0.0365347, 0.108242, 0.0)], [-0.099625, 0.18665, 0.977362, 0.0)], [0.0907588, -0.0161912, 0.00128517, 1.0)]])
0.0907588, -0.0161912, 0.00128517
float3(-0.187751, -0.101582, -1.60799)
14958.648341875
normal
simd_float4x4([[-0.0203095, -0.98318, 0.181506, 0.0)], [0.995594, -0.00326594, 0.0937108, 0.0)], [-0.0915418, 0.182609, 0.978915, 0.0)], [0.152657, -0.014879, 0.0159967, 1.0)]])
0.152657, -0.014879, 0.0159967
float3(-0.18364, -0.0932424, -1.57412)
14958.764990916
normal
simd_float4x4([[0.0192181, -0.979804, 0.199034, 0.0)], [0.996342, 0.0353473, 0.0778041, 0.0)], [-0.0832681, 0.196811, 0.976899, 0.0)], [0.217978, -0.00920559, 0.0293516, 1.0)]])
0.217978, -0.00920559, 0.0293516
float3(-0.198104, -0.0850316, -1.53474)
14958.881639625
normal
simd_float4x4([[0.0363252, -0.978536, 0.202847, 0.0)], [0.996723, 0.0501566, 0.0634658, 0.0)], [-0.0722777, 0.199877, 0.977152, 0.0)], [0.274569, -0.00260193, 0.0420325, 1.0)]])
0.274569, -0.00260193, 0.0420325
float3(-0.201232, -0.0738333, -1.51958)
14958.9982885
normal
simd_float4x4([[0.0350354, -0.979999, 0.195894, 0.0)], [0.997248, 0.0470969, 0.057255, 0.0)], [-0.0653359, 0.193349, 0.978952, 0.0)], [0.321206, 0.00472258, 0.0519236, 1.0)]])
0.321206, 0.00472258, 0.0519236
float3(-0.194574, -0.0666418, -1.52278)
14959.114937416
normal
simd_float4x4([[0.0232174, -0.980895, 0.193146, 0.0)], [0.997594, 0.0353552, 0.0596349, 0.0)], [-0.0653243, 0.191297, 0.979356, 0.0)], [0.357604, 0.0102889, 0.0601404, 1.0)]])
0.357604, 0.0102889, 0.0601404
float3(-0.192483, -0.0666027, -1.53477)
14959.231586333
normal
simd_float4x4([[-0.0111831, -0.982699, 0.18487, 0.0)], [0.975828, 0.0296283, 0.216523, 0.0)], [-0.218254, 0.182822, 0.958614, 0.0)], [0.10483, 0.0164492, 0.117829, 1.0)]])
0.10483, 0.0164492, 0.117829
float3(-0.183857, -0.223861, -1.54066)
14959.348235166
normal
simd_float4x4([[-0.0111983, -0.981857, 0.189293, 0.0)], [0.975098, 0.0312092, 0.219566, 0.0)], [-0.22149, 0.187038, 0.957057, 0.0)], [0.117818, 0.013071, 0.119355, 1.0)]])
0.117818, 0.013071, 0.119355
float3(-0.188146, -0.227424, -1.53902)
14959.464884083
normal
simd_float4x4([[-0.00884636, -0.981954, 0.188915, 0.0)], [0.974357, 0.0340134, 0.222423, 0.0)], [-0.224835, 0.186038, 0.956472, 0.0)], [0.123972, 0.0124177, 0.121286, 1.0)]])
0.123972, 0.0124177, 0.121286
float3(-0.187128, -0.230876, -1.53617)
14959.581533041
normal
simd_float4x4([[-0.0146108, -0.982485, 0.185768, 0.0)], [0.975741, 0.0265782, 0.217309, 0.0)], [-0.21844, 0.184437, 0.958263, 0.0)], [0.124076, 0.0127447, 0.121592, 1.0)]])
0.124076, 0.0127447, 0.121592
float3(-0.185499, -0.224125, -1.54375)
14959.698181916
normal
simd_float4x4([[-0.0267179, -0.982707, 0.183232, 0.0)], [0.978385, 0.0118932, 0.206449, 0.0)], [-0.205058, 0.184787, 0.961148, 0.0)], [0.114051, 0.0116435, 0.116354, 1.0)]])
0.114051, 0.0116435, 0.116354
float3(-0.185855, -0.210195, -1.55869)
14959.81483075
normal
simd_float4x4([[-0.0298391, -0.982619, 0.183222, 0.0)], [0.980433, 0.00691098, 0.196734, 0.0)], [-0.194581, 0.185508, 0.963185, 0.0)], [0.094335, 0.0100564, 0.107425, 1.0)]])
0.094335, 0.0100564, 0.107425
float3(-0.186588, -0.199335, -1.56376)
14959.93147975
normal
simd_float4x4([[-0.0267904, -0.983341, 0.179786, 0.0)], [0.981998, 0.0077524, 0.188732, 0.0)], [-0.186982, 0.181605, 0.965431, 0.0)], [0.0616547, 0.00352458, 0.095283, 1.0)]])
0.0616547, 0.00352458, 0.095283
float3(-0.182619, -0.191308, -1.56291)
14960.048128791
normal
simd_float4x4([[-0.0163341, -0.982929, 0.18326, 0.0)], [0.98207, 0.0186556, 0.187593, 0.0)], [-0.18781, 0.183038, 0.965, 0.0)], [0.0131977, -0.00445391, 0.0781875, 1.0)]])
0.0131977, -0.00445391, 0.0781875
float3(-0.184076, -0.192219, -1.55182)
14960.1647775
normal
simd_float4x4([[-0.0131193, -0.987974, 0.154065, 0.0)], [0.983452, 0.0150943, 0.180541, 0.0)], [-0.180695, 0.153884, 0.971426, 0.0)], [-0.0516752, -0.0163545, 0.0628752, 1.0)]])
-0.0516752, -0.0163545, 0.0628752
float3(-0.154498, -0.183908, -1.55552)
14960.281426541
normal
simd_float4x4([[-0.017309, -0.992469, 0.121268, 0.0)], [0.985414, 0.00360278, 0.170137, 0.0)], [-0.169293, 0.122444, 0.97793, 0.0)], [-0.130099, -0.0365624, 0.0379918, 1.0)]])
-0.130099, -0.0365624, 0.0379918
float3(-0.122752, -0.171415, -1.56717)
14960.398075541
normal
simd_float4x4([[-0.0434461, -0.986073, 0.160536, 0.0)], [0.984084, -0.0145242, 0.177111, 0.0)], [-0.172313, 0.165675, 0.97101, 0.0)], [-0.209128, -0.043746, -0.00560568, 1.0)]])
-0.209128, -0.043746, -0.00560568
float3(-0.166443, -0.175629, -1.58552)
14960.514724625
normal
simd_float4x4([[-0.0896068, -0.982278, 0.164624, 0.0)], [0.978831, -0.0563147, 0.19677, 0.0)], [-0.184012, 0.178771, 0.96653, 0.0)], [-0.276242, -0.0367061, -0.0360283, 1.0)]])
-0.276242, -0.0367061, -0.0360283
float3(-0.179738, -0.188133, -1.62806)
14960.631373375
normal
simd_float4x4([[-0.0971932, -0.98001, 0.173589, 0.0)], [0.97505, -0.0587849, 0.214059, 0.0)], [-0.199576, 0.190063, 0.961273, 0.0)], [-0.334198, -0.0226113, -0.0589427, 1.0)]])
-0.334198, -0.0226113, -0.0589427
float3(-0.191226, -0.204708, -1.63071)
14960.748022416
normal
simd_float4x4([[-0.0809346, -0.977866, 0.192945, 0.0)], [0.976103, -0.038593, 0.213853, 0.0)], [-0.201673, 0.205642, 0.957622, 0.0)], [-0.383905, -0.00821076, -0.0781399, 1.0)]])
-0.383905, -0.00821076, -0.0781399
float3(-0.20712, -0.207565, -1.61024)
14960.864671416
normal
simd_float4x4([[-0.0643637, -0.980625, 0.185019, 0.0)], [0.978691, -0.0258019, 0.20371, 0.0)], [-0.194989, 0.194188, 0.96139, 0.0)], [-0.423964, 0.00268853, -0.0856803, 1.0)]])
-0.423964, 0.00268853, -0.0856803
float3(-0.19543, -0.200106, -1.5971)
14960.981320375
normal
simd_float4x4([[-0.0624944, -0.984933, 0.161251, 0.0)], [0.978351, -0.0285179, 0.20498, 0.0)], [-0.197293, 0.17057, 0.965392, 0.0)], [-0.452015, 0.0096436, -0.0833909, 1.0)]])
-0.452015, 0.0096436, -0.0833909
float3(-0.171408, -0.201589, -1.59974)
14961.097969458
normal
simd_float4x4([[-0.053613, -0.98684, 0.152556, 0.0)], [0.981196, -0.0236942, 0.191552, 0.0)], [-0.185417, 0.159957, 0.969554, 0.0)], [-0.477263, 0.0127125, -0.082825, 1.0)]])
-0.477263, 0.0127125, -0.082825
float3(-0.160647, -0.188958, -1.5948)
14961.2146185
normal
simd_float4x4([[-0.000716497, -0.986406, 0.164324, 0.0)], [0.998192, -0.0105813, -0.0591654, 0.0)], [0.0600999, 0.163984, 0.984631, 0.0)], [-0.0987851, 0.00898281, -0.0596121, 1.0)]])
-0.0987851, 0.00898281, -0.0596121
float3(-0.164728, 0.0609623, -1.58152)
14961.331267541
normal
simd_float4x4([[0.0110619, -0.986887, 0.161033, 0.0)], [0.997338, -0.000719199, -0.0729181, 0.0)], [0.0720777, 0.161411, 0.984252, 0.0)], [-0.112735, 0.00904319, -0.0536455, 1.0)]])
-0.112735, 0.00904319, -0.0536455
float3(-0.162121, 0.0731005, -1.57153)
14961.4479165
normal
simd_float4x4([[0.0216379, -0.987739, 0.154607, 0.0)], [0.997295, 0.0104582, -0.0727611, 0.0)], [0.0702521, 0.155763, 0.985293, 0.0)], [-0.121442, 0.00898355, -0.0500907, 1.0)]])
-0.121442, 0.00898355, -0.0500907
float3(-0.1564, 0.0711802, -1.56021)
14961.5645655
normal
simd_float4x4([[0.0223399, -0.9873, 0.157291, 0.0)], [0.997719, 0.0119928, -0.0664278, 0.0)], [0.0636978, 0.158417, 0.985315, 0.0)], [-0.117765, 0.0102173, -0.0575002, 1.0)]])
-0.117765, 0.0102173, -0.0575002
float3(-0.159087, 0.0645573, -1.55865)
14961.681214666
normal
simd_float4x4([[0.0126501, -0.987093, 0.159646, 0.0)], [0.998932, 0.00537911, -0.0458945, 0.0)], [0.0444434, 0.160056, 0.986107, 0.0)], [-0.105737, 0.0108368, -0.0687668, 1.0)]])
-0.105737, 0.0108368, -0.0687668
float3(-0.160748, 0.0450391, -1.56535)
14961.7978635
normal
simd_float4x4([[0.0105806, -0.986604, 0.162792, 0.0)], [0.999757, 0.00729245, -0.0207827, 0.0)], [0.0193171, 0.162973, 0.986441, 0.0)], [-0.0895656, 0.0101484, -0.0863854, 1.0)]])
-0.0895656, 0.0101484, -0.0863854
float3(-0.163703, 0.0195801, -1.56341)
14961.914512541
normal
simd_float4x4([[0.00348284, -0.986823, 0.161768, 0.0)], [0.99993, 0.00161333, -0.0116867, 0.0)], [0.0112717, 0.161797, 0.98676, 0.0)], [-0.0725096, 0.00643071, -0.112827, 1.0)]])
-0.0725096, 0.00643071, -0.112827
float3(-0.162512, 0.0114224, -1.56916)
14962.031161833
normal
simd_float4x4([[0.00132105, -0.986253, 0.165236, 0.0)], [0.999792, -0.00205601, -0.020265, 0.0)], [0.0203262, 0.165229, 0.986046, 0.0)], [-0.0545024, -8.79901e-05, -0.155081, 1.0)]])
-0.0545024, -8.79901e-05, -0.155081
float3(-0.16599, 0.0206109, -1.57288)
14962.147810875
normal
simd_float4x4([[0.00388296, -0.98568, 0.168585, 0.0)], [0.999769, 0.000260284, -0.0215056, 0.0)], [0.0211537, 0.168629, 0.985453, 0.0)], [-0.0363648, -0.00282858, -0.20509, 1.0)]])
-0.0363648, -0.00282858, -0.20509
float3(-0.169439, 0.0214627, -1.57053)
14962.26445975
normal
simd_float4x4([[7.10889e-05, -0.987947, 0.154792, 0.0)], [0.999577, -0.0044294, -0.0287294, 0.0)], [0.0290688, 0.154728, 0.987529, 0.0)], [-0.016976, 0.00203501, -0.253267, 1.0)]])
-0.016976, 0.00203501, -0.253267
float3(-0.155352, 0.0294274, -1.57528)
14962.381108958
normal
simd_float4x4([[0.00857116, -0.989935, 0.141262, 0.0)], [0.999017, 0.00233346, -0.0442637, 0.0)], [0.0434885, 0.141502, 0.988982, 0.0)], [-0.000334643, 0.00592522, -0.309017, 1.0)]])
-0.000334643, 0.00592522, -0.309017
float3(-0.141979, 0.0439447, -1.56844)
14962.497758041
normal
simd_float4x4([[0.0263383, -0.991778, 0.125233, 0.0)], [0.99785, 0.0185619, -0.0628628, 0.0)], [0.0600214, 0.126619, 0.990134, 0.0)], [0.00966632, 0.00641455, -0.359856, 1.0)]])
0.00966632, 0.00641455, -0.359856
float3(-0.12696, 0.0605453, -1.55208)
14962.614407166
normal
simd_float4x4([[0.0263017, -0.989956, 0.138911, 0.0)], [0.997372, 0.0166033, -0.0705209, 0.0)], [0.0675062, 0.140401, 0.987791, 0.0)], [0.016537, 0.0075761, -0.422369, 1.0)]])
0.016537, 0.0075761, -0.422369
float3(-0.140866, 0.0682344, -1.55403)
14962.731056125
normal
simd_float4x4([[0.0339631, -0.990439, 0.133704, 0.0)], [0.995926, 0.0223591, -0.0873525, 0.0)], [0.0835278, 0.136126, 0.987164, 0.0)], [0.0152373, 0.00603985, -0.481404, 1.0)]])
0.0152373, 0.00603985, -0.481404
float3(-0.13655, 0.0844129, -1.54823)
14962.847705375
normal
simd_float4x4([[0.035635, -0.991028, 0.128812, 0.0)], [0.996733, 0.025897, -0.076499, 0.0)], [0.0724768, 0.131118, 0.988714, 0.0)], [0.00714535, 0.00196113, -0.550088, 1.0)]])
0.00714535, 0.00196113, -0.550088
float3(-0.131496, 0.0731733, -1.54467)
14962.9643545
normal
simd_float4x4([[0.0225242, -0.993804, 0.10884, 0.0)], [0.998255, 0.0164125, -0.0567265, 0.0)], [0.0545887, 0.109928, 0.992439, 0.0)], [-0.00218962, -0.00106266, -0.618605, 1.0)]])
-0.00218962, -0.00106266, -0.618605
float3(-0.110151, 0.0549492, -1.55428)
14963.081003541
normal
simd_float4x4([[0.00557333, -0.994149, 0.10787, 0.0)], [0.999434, 0.00195903, -0.0335829, 0.0)], [0.0331751, 0.107997, 0.993598, 0.0)], [-0.0183462, 0.00103388, -0.686924, 1.0)]])
-0.0183462, 0.00103388, -0.686924
float3(-0.108208, 0.0333765, -1.56883)
14963.1976525
normal
simd_float4x4([[-0.0158891, -0.993535, 0.112407, 0.0)], [0.999705, -0.017854, -0.0164946, 0.0)], [0.0183949, 0.112112, 0.993525, 0.0)], [-0.0283564, 0.00340405, -0.747224, 1.0)]])
-0.0283564, 0.00340405, -0.747224
float3(-0.112348, 0.0185127, -1.58876)
14963.314301791
normal
simd_float4x4([[-0.0244305, -0.992007, 0.123798, 0.0)], [0.999366, -0.027442, -0.0226787, 0.0)], [0.0258946, 0.123166, 0.992048, 0.0)], [-0.0154697, 0.00540383, -0.836809, 1.0)]])
-0.0154697, 0.00540383, -0.836809
float3(-0.123479, 0.0260963, -1.59845)
14963.430950958
normal
simd_float4x4([[-0.0315719, -0.992979, 0.113997, 0.0)], [0.999218, -0.0340715, -0.020045, 0.0)], [0.0237883, 0.113275, 0.993279, 0.0)], [-0.0183401, 0.00518067, -0.887259, 1.0)]])
-0.0183401, 0.00518067, -0.887259
float3(-0.113518, 0.0239447, -1.6051)
14963.547600083
normal
simd_float4x4([[-0.0319199, -0.993662, 0.107779, 0.0)], [0.999252, -0.0340801, -0.0182601, 0.0)], [0.0218175, 0.107116, 0.994007, 0.0)], [-0.0163005, 0.00231018, -0.946227, 1.0)]])
-0.0163005, 0.00231018, -0.946227
float3(-0.107322, 0.0219455, -1.60508)
14963.664249166
normal
simd_float4x4([[-0.0338673, -0.99558, 0.0875979, 0.0)], [0.999034, -0.0361799, -0.024948, 0.0)], [0.0280071, 0.0866683, 0.995843, 0.0)], [-0.00540795, -0.000199467, -1.00869, 1.0)]])
-0.00540795, -0.000199467, -1.00869
float3(-0.0867772, 0.0281165, -1.60712)
14963.780898333
normal
simd_float4x4([[-0.0238961, -0.995803, 0.0883494, 0.0)], [0.999294, -0.0263543, -0.0267616, 0.0)], [0.0289777, 0.0876476, 0.99573, 0.0)], [0.00853128, 0.00141454, -1.07835, 1.0)]])
0.00853128, 0.00141454, -1.07835
float3(-0.0877602, 0.0290937, -1.59726)
14963.897547541
normal
simd_float4x4([[-0.0144263, -0.996403, 0.0835047, 0.0)], [0.998859, -0.0181634, -0.0441683, 0.0)], [0.0455262, 0.0827722, 0.995528, 0.0)], [0.0196003, 0.00754069, -1.14394, 1.0)]])
0.0196003, 0.00754069, -1.14394
float3(-0.082867, 0.0456988, -1.58902)
14964.014196583
normal
simd_float4x4([[0.00349913, -0.996613, 0.0821613, 0.0)], [0.998661, -0.000757355, -0.0517183, 0.0)], [0.0516053, 0.0822323, 0.995276, 0.0)], [0.0249257, 0.00812658, -1.19931, 1.0)]])
0.0249257, 0.00812658, -1.19931
float3(-0.0823252, 0.0518038, -1.57156)
14964.130845791
normal
simd_float4x4([[-0.00356582, -0.995488, 0.0948158, 0.0)], [0.998264, -0.00911785, -0.0581873, 0.0)], [0.0587893, 0.0944438, 0.993793, 0.0)], [0.0324463, 0.00952244, -1.26059, 1.0)]])
0.0324463, 0.00952244, -1.26059
float3(-0.0945847, 0.0590877, -1.57996)
14964.247495125
normal
simd_float4x4([[0.0121196, -0.995649, 0.0923868, 0.0)], [0.998551, 0.00720611, -0.0533328, 0.0)], [0.052435, 0.0928992, 0.994294, 0.0)], [0.0290448, 0.00861011, -1.31261, 1.0)]])
0.0290448, 0.00861011, -1.31261
float3(-0.0930334, 0.0526872, -1.56356)
14964.364144083
normal
simd_float4x4([[0.0104732, -0.996129, 0.087272, 0.0)], [0.999449, 0.00767897, -0.0322918, 0.0)], [0.0314966, 0.0875621, 0.995661, 0.0)], [0.0227922, 0.00739116, -1.36914, 1.0)]])
0.0227922, 0.00739116, -1.36914
float3(-0.0876744, 0.0316234, -1.56309)
14964.480793458
normal
simd_float4x4([[0.00288213, -0.997322, 0.0730738, 0.0)], [0.999979, 0.00245301, -0.00596148, 0.0)], [0.00576626, 0.0730894, 0.997309, 0.0)], [0.0131204, 0.00563882, -1.41901, 1.0)]])
0.0131204, 0.00563882, -1.41901
float3(-0.0731547, 0.00578176, -1.56834)
14964.5974425
normal
simd_float4x4([[-0.00611436, -0.99776, 0.0666221, 0.0)], [0.999884, -0.00516964, 0.0143434, 0.0)], [-0.0139669, 0.0667021, 0.997675, 0.0)], [-0.000131166, 0.0054894, -1.46647, 1.0)]])
-0.000131166, 0.0054894, -1.46647
float3(-0.0667516, -0.0139985, -1.57598)
14964.714091875
normal
simd_float4x4([[-0.0115979, -0.997694, 0.0668739, 0.0)], [0.999628, -0.00991688, 0.0254142, 0.0)], [-0.0246924, 0.0671438, 0.997438, 0.0)], [-0.00953053, 0.0047197, -1.50049, 1.0)]])
-0.00953053, 0.0047197, -1.50049
float3(-0.0671943, -0.0247508, -1.58074)
14964.830740833
normal
simd_float4x4([[-0.0102582, -0.998342, 0.0566471, 0.0)], [0.998994, -0.00775843, 0.044173, 0.0)], [-0.0436603, 0.0570432, 0.997416, 0.0)], [-0.0148932, 0.00851083, -1.51184, 1.0)]])
-0.0148932, 0.00851083, -1.51184
float3(-0.0570742, -0.0437455, -1.57857)
14964.930770125
normal
simd_float4x4([[-0.00659976, -0.998594, 0.0525887, 0.0)], [0.999217, -0.0045338, 0.0393081, 0.0)], [-0.0390145, 0.0528069, 0.997842, 0.0)], [-0.0144258, 0.00797871, -1.50334, 1.0)]])
-0.0144258, 0.00797871, -1.50334
float3(-0.0528315, -0.0390789, -1.57534)
14965.0308215
normal
simd_float4x4([[-0.00180823, -0.998232, 0.0594181, 0.0)], [0.999403, 0.000245612, 0.0345404, 0.0)], [-0.0344939, 0.0594451, 0.997635, 0.0)], [-0.00978778, 0.00828139, -1.48913, 1.0)]])
-0.00978778, 0.00828139, -1.48913
float3(-0.0594802, -0.0345619, -1.57055)
14965.130873166
normal
simd_float4x4([[0.00499686, -0.998413, 0.0561007, 0.0)], [0.999905, 0.00571095, 0.0125756, 0.0)], [-0.012876, 0.0560325, 0.998346, 0.0)], [-0.00167538, 0.00856076, -1.45956, 1.0)]])
-0.00167538, 0.00856076, -1.45956
float3(-0.0560619, -0.0128967, -1.56508)
14965.230924291
normal
simd_float4x4([[0.018771, -0.997906, 0.0619005, 0.0)], [0.999808, 0.0183831, -0.00682978, 0.0)], [0.00567756, 0.0620167, 0.998059, 0.0)], [0.00761576, 0.00951381, -1.42459, 1.0)]])
0.00761576, 0.00951381, -1.42459
float3(-0.0620566, 0.00568854, -1.55238)
14965.330975958
normal
simd_float4x4([[0.0290076, -0.996992, 0.0718784, 0.0)], [0.999418, 0.027638, -0.0199759, 0.0)], [0.0179292, 0.0724161, 0.997213, 0.0)], [0.018195, 0.00894219, -1.38607, 1.0)]])
0.018195, 0.00894219, -1.38607
float3(-0.0724795, 0.0179774, -1.54308)
14965.431027166
normal
simd_float4x4([[0.0273835, -0.99719, 0.0697252, 0.0)], [0.998748, 0.0243713, -0.0436919, 0.0)], [0.0418699, 0.0708344, 0.996609, 0.0)], [0.0276421, 0.00829747, -1.3455, 1.0)]])
0.0276421, 0.00829747, -1.3455
float3(-0.0708937, 0.0419876, -1.54636)
14965.5476765
normal
simd_float4x4([[0.0295309, -0.996177, 0.0822114, 0.0)], [0.99821, 0.025112, -0.0542745, 0.0)], [0.0520025, 0.083667, 0.995136, 0.0)], [0.032132, 0.00995156, -1.29862, 1.0)]])
0.032132, 0.00995156, -1.29862
float3(-0.0837649, 0.0522092, -1.54559)
14965.664325791
normal
simd_float4x4([[0.0179045, -0.996839, 0.0773999, 0.0)], [0.997732, 0.0127893, -0.066086, 0.0)], [0.0648873, 0.0784076, 0.994807, 0.0)], [0.033245, 0.0136654, -1.25137, 1.0)]])
0.033245, 0.0136654, -1.25137
float3(-0.0784882, 0.0651337, -1.55797)
14965.780975041
normal
simd_float4x4([[0.00796954, -0.997508, 0.0700968, 0.0)], [0.998068, 0.0036158, -0.0620193, 0.0)], [0.0616113, 0.0704556, 0.99561, 0.0)], [0.0288127, 0.0124965, -1.20357, 1.0)]])
0.0288127, 0.0124965, -1.20357
float3(-0.070514, 0.0618041, -1.56717)
14965.897624333
normal
simd_float4x4([[-0.00457098, -0.997166, 0.0750928, 0.0)], [0.998633, -0.00846197, -0.0515796, 0.0)], [0.0520689, 0.0747544, 0.995842, 0.0)], [0.0205484, 0.00998075, -1.15396, 1.0)]])
0.0205484, 0.00998075, -1.15396
float3(-0.0748242, 0.0522387, -1.57928)
14966.0142735
normal
simd_float4x4([[-0.0116541, -0.995628, 0.0926793, 0.0)], [0.99884, -0.0159224, -0.045449, 0.0)], [0.0467259, 0.0920421, 0.994658, 0.0)], [0.00386143, 0.00324269, -1.10333, 1.0)]])
0.00386143, 0.00324269, -1.10333
float3(-0.0921726, 0.0469424, -1.58679)
14966.130922791
normal
simd_float4x4([[-0.0128894, -0.990964, 0.133505, 0.0)], [0.998867, -0.0188763, -0.0436766, 0.0)], [0.0458021, 0.13279, 0.990085, 0.0)], [-0.0157458, -0.00551336, -1.05882, 1.0)]])
-0.0157458, -0.00551336, -1.05882
float3(-0.133184, 0.0462278, -1.58984)
14966.247572166
normal
simd_float4x4([[-0.0154968, -0.987469, 0.157053, 0.0)], [0.998602, -0.023224, -0.047486, 0.0)], [0.0505383, 0.156097, 0.986448, 0.0)], [-0.0261302, -0.00640318, -1.0119, 1.0)]])
-0.0261302, -0.00640318, -1.0119
float3(-0.156738, 0.0511879, -1.59431)
14966.364221375
normal
simd_float4x4([[-0.00359636, -0.988404, 0.151801, 0.0)], [0.999558, -0.00803395, -0.0286298, 0.0)], [0.0295173, 0.151631, 0.987996, 0.0)], [-0.0255535, 0.00413774, -0.965226, 1.0)]])
-0.0255535, 0.00413774, -0.965226
float3(-0.152218, 0.0298671, -1.57892)
14966.48087075
normal
simd_float4x4([[-0.0082808, -0.992951, 0.11824, 0.0)], [0.999607, -0.0113887, -0.025633, 0.0)], [0.0267989, 0.117981, 0.992654, 0.0)], [-0.0178249, 0.00736534, -0.911361, 1.0)]])
-0.0178249, 0.00736534, -0.911361
float3(-0.118256, 0.0269906, -1.58227)
14966.59752
normal
simd_float4x4([[0.0026142, -0.993318, 0.115382, 0.0)], [0.999405, -0.00137388, -0.034471, 0.0)], [0.0343992, 0.115404, 0.992723, 0.0)], [-0.00788178, 0.0126373, -0.878026, 1.0)]])
-0.00788178, 0.0126373, -0.878026
float3(-0.115661, 0.0346375, -1.57218)
14966.714169375
normal
simd_float4x4([[0.00956928, -0.994953, 0.0998856, 0.0)], [0.998125, 0.00346414, -0.0611168, 0.0)], [0.0604623, 0.100283, 0.99312, 0.0)], [0.00448225, 0.0166831, -0.849269, 1.0)]])
0.00448225, 0.0166831, -0.849269
float3(-0.100452, 0.0608061, -1.56731)
14966.830818708
normal
simd_float4x4([[0.0334281, -0.993556, 0.108302, 0.0)], [0.993767, 0.0215121, -0.109382, 0.0)], [0.106347, 0.111283, 0.988082, 0.0)], [0.00870943, 0.0221685, -0.831476, 1.0)]])
0.00870943, 0.0221685, -0.831476
float3(-0.111514, 0.107217, -1.54915)
14966.947468083
normal
simd_float4x4([[0.0388207, -0.994598, 0.0962714, 0.0)], [0.985144, 0.0219657, -0.17032, 0.0)], [0.167285, 0.101453, 0.980675, 0.0)], [0.0130063, 0.0245736, -0.811812, 1.0)]])
0.0130063, 0.0245736, -0.811812
float3(-0.101628, 0.168956, -1.54871)
14967.064117166
normal
simd_float4x4([[0.0399969, -0.994626, 0.0954923, 0.0)], [0.976403, 0.0186078, -0.215152, 0.0)], [0.212218, 0.101844, 0.971901, 0.0)], [0.017704, 0.0253767, -0.80075, 1.0)]])
0.017704, 0.0253767, -0.80075
float3(-0.102021, 0.21498, -1.55209)
14967.180766625
normal
simd_float4x4([[0.0369049, -0.994905, 0.093818, 0.0)], [0.970792, 0.0134217, -0.239545, 0.0)], [0.237066, 0.0999182, 0.966342, 0.0)], [0.026803, 0.0249849, -0.79285, 1.0)]])
0.026803, 0.0249849, -0.79285
float3(-0.100085, 0.240572, -1.55731)
14967.297416041
normal
simd_float4x4([[0.0350127, -0.995075, 0.0927356, 0.0)], [0.971595, 0.012161, -0.236339, 0.0)], [0.234047, 0.0983763, 0.967235, 0.0)], [0.0390351, 0.0250576, -0.789136, 1.0)]])
0.0390351, 0.0250576, -0.789136
float3(-0.0985357, 0.237412, -1.55858)
14967.414065333
normal
simd_float4x4([[0.029133, -0.995441, 0.0908176, 0.0)], [0.977335, 0.00930791, -0.211492, 0.0)], [0.209683, 0.0949207, 0.973151, 0.0)], [0.0573284, 0.0249582, -0.787671, 1.0)]])
0.0573284, 0.0249582, -0.787671
float3(-0.0950638, 0.212223, -1.56145)
14967.530714666
normal
simd_float4x4([[0.029123, -0.995079, 0.0947105, 0.0)], [0.983399, 0.0115453, -0.181089, 0.0)], [0.179104, 0.0984121, 0.978896, 0.0)], [0.0703458, 0.0234619, -0.790835, 1.0)]])
0.0703458, 0.0234619, -0.790835
float3(-0.0985717, 0.180964, -1.55919)
14967.647364041
normal
simd_float4x4([[0.0398933, -0.994975, 0.091833, 0.0)], [0.985816, 0.0241975, -0.166078, 0.0)], [0.163022, 0.0971558, 0.981827, 0.0)], [0.0704104, 0.0213407, -0.796625, 1.0)]])
0.0704104, 0.0213407, -0.796625
float3(-0.0973093, 0.164538, -1.54648)
14967.7640135
normal
simd_float4x4([[0.0410477, -0.993847, 0.102879, 0.0)], [0.990855, 0.0272443, -0.132152, 0.0)], [0.128536, 0.107363, 0.985876, 0.0)], [0.0612795, 0.0128678, -0.805447, 1.0)]])
0.0612795, 0.0128678, -0.805447
float3(-0.10757, 0.129646, -1.54339)
14967.880662625
normal
simd_float4x4([[0.0518231, -0.993275, 0.103538, 0.0)], [0.994321, 0.0416702, -0.097924, 0.0)], [0.092951, 0.108024, 0.989793, 0.0)], [0.0268244, 0.00469888, -0.828245, 1.0)]])
0.0268244, 0.00469888, -0.828245
float3(-0.108236, 0.0936349, -1.52887)
14967.997312041
normal
simd_float4x4([[0.0502761, -0.991944, 0.116271, 0.0)], [0.997401, 0.0438523, -0.0571627, 0.0)], [0.0516035, 0.118843, 0.991571, 0.0)], [-0.0235849, -0.00779008, -0.856462, 1.0)]])
-0.0235849, -0.00779008, -0.856462
float3(-0.119125, 0.0519952, -1.52662)
14968.113961583
normal
simd_float4x4([[0.00942923, -0.99222, 0.124138, 0.0)], [0.999776, 0.00700337, -0.0199635, 0.0)], [0.0189388, 0.124299, 0.992064, 0.0)], [-0.0879028, -0.0166098, -0.8881, 1.0)]])
-0.0879028, -0.0166098, -0.8881
float3(-0.124621, 0.019088, -1.56374)
14968.230610916
normal
simd_float4x4([[-0.0256783, -0.988878, 0.146492, 0.0)], [0.999651, -0.0263192, -0.00243745, 0.0)], [0.00626588, 0.146378, 0.989209, 0.0)], [-0.152347, -0.0163447, -0.918725, 1.0)]])
-0.152347, -0.0163447, -0.918725
