ARKit Data
1191000.89376979
normal
simd_float4x4([[0.018385, -0.992572, 0.12026, 0.0)], [0.991161, 0.0338995, 0.128265, 0.0)], [-0.131389, 0.116839, 0.984422, 0.0)], [1.1437, -0.095271, -0.522281, 1.0)]])
1.1437, -0.095271, -0.522281
float3(-0.117106, -0.132684, -1.53666)
1191001.22821275
notAvailable
simd_float4x4([[1.0, 0.0, 0.0, 0.0)], [0.0, 1.0, 0.0, 0.0)], [0.0, 0.0, 1.0, 0.0)], [0.0, 0.0, 0.0, 1.0)]])
0.0, 0.0, 0.0
float3(-0.0, 0.0, 0.0)
1191001.34486317
notAvailable
simd_float4x4([[1.0, 0.0, 0.0, 0.0)], [0.0, 1.0, 0.0, 0.0)], [0.0, 0.0, 1.0, 0.0)], [0.0, 0.0, 0.0, 1.0)]])
0.0, 0.0, 0.0
float3(-0.0, 0.0, 0.0)
1191001.44490458
limited(__ObjC.ARCamera.TrackingState.Reason.initializing)
simd_float4x4([[-0.0812139, -0.985586, 0.148405, 0.0)], [0.992684, -0.0933335, -0.076605, 0.0)], [0.089352, 0.141097, 0.985955, 0.0)], [0.0, 0.0, 0.0, 1.0)]])
0.0, 0.0, 0.0
float3(-0.14157, 0.0903779, -1.66521)
1191001.544957
limited(__ObjC.ARCamera.TrackingState.Reason.initializing)
simd_float4x4([[-0.0725924, -0.986482, 0.146913, 0.0)], [0.976825, -0.100061, -0.189213, 0.0)], [0.201355, 0.129773, 0.970883, 0.0)], [0.0, 0.0, 0.0, 1.0)]])
0.0, 0.0, 0.0
float3(-0.13014, 0.204495, -1.67188)
1191001.64500942
limited(__ObjC.ARCamera.TrackingState.Reason.initializing)
simd_float4x4([[-0.0658372, -0.988663, 0.134947, 0.0)], [0.941684, -0.106287, -0.319271, 0.0)], [0.329995, 0.106057, 0.938006, 0.0)], [0.0, 0.0, 0.0, 1.0)]])
0.0, 0.0, 0.0
float3(-0.106257, 0.338281, -1.67789)
1191001.74506158
limited(__ObjC.ARCamera.TrackingState.Reason.initializing)
simd_float4x4([[-0.04341, -0.990005, 0.134185, 0.0)], [0.873366, -0.102824, -0.476087, 0.0)], [0.485126, 0.0965255, 0.8691, 0.0)], [0.0, 0.0, 0.0, 1.0)]])
0.0, 0.0, 0.0
float3(-0.096676, 0.509112, -1.67429)
1191001.86171212
limited(__ObjC.ARCamera.TrackingState.Reason.initializing)
simd_float4x4([[-0.0136305, -0.992376, 0.12249, 0.0)], [0.751216, -0.0910115, -0.653752, 0.0)], [0.659916, 0.0831058, 0.746729, 0.0)], [0.0, 0.0, 0.0, 1.0)]])
0.0, 0.0, 0.0
float3(-0.0832018, 0.72376, -1.66225)
1191001.97836246
limited(__ObjC.ARCamera.TrackingState.Reason.initializing)
simd_float4x4([[0.0132697, -0.995004, 0.0989462, 0.0)], [0.58762, -0.0723045, -0.8059, 0.0)], [0.809028, 0.0688367, 0.583725, 0.0)], [0.0, 0.0, 0.0, 1.0)]])
0.0, 0.0, 0.0
float3(-0.0688912, 0.945777, -1.64334)
1191002.095013
limited(__ObjC.ARCamera.TrackingState.Reason.initializing)
simd_float4x4([[0.0364333, -0.996723, 0.0722157, 0.0)], [0.407119, -0.0511913, -0.91194, 0.0)], [0.912648, 0.0626255, 0.403919, 0.0)], [0.0, 0.0, 0.0, 1.0)]])
0.0, 0.0, 0.0
float3(-0.0626665, 1.15413, -1.62211)
1191002.21166313
limited(__ObjC.ARCamera.TrackingState.Reason.initializing)
simd_float4x4([[0.049591, -0.996997, 0.0594629, 0.0)], [0.262648, -0.0444223, -0.963868, 0.0)], [0.963616, 0.0634174, 0.259656, 0.0)], [0.0, 0.0, 0.0, 1.0)]])
0.0, 0.0, 0.0
float3(-0.06346, 1.30759, -1.61532)
1191002.32831354
limited(__ObjC.ARCamera.TrackingState.Reason.initializing)
simd_float4x4([[0.167162, -0.984189, -0.0585339, 0.0)], [0.177897, 0.0885045, -0.98006, 0.0)], [0.969746, 0.153417, 0.189878, 0.0)], [0.0, 0.0, 0.0, 1.0)]])
0.0, 0.0, 0.0
float3(-0.154025, 1.37744, -1.48111)
1191002.444964
limited(__ObjC.ARCamera.TrackingState.Reason.initializing)
simd_float4x4([[0.2052, -0.970984, -0.122797, 0.0)], [0.168111, 0.158572, -0.972929, 0.0)], [0.964173, 0.179003, 0.19577, 0.0)], [0.0, 0.0, 0.0, 1.0)]])
0.0, 0.0, 0.0
float3(-0.179973, 1.37047, -1.40891)
1191002.56161425
limited(__ObjC.ARCamera.TrackingState.Reason.initializing)
simd_float4x4([[0.183256, -0.974734, -0.127692, 0.0)], [0.230519, 0.16888, -0.958299, 0.0)], [0.955654, 0.146181, 0.255642, 0.0)], [0.0, 0.0, 0.0, 1.0)]])
0.0, 0.0, 0.0
float3(-0.146707, 1.30941, -1.39924)
1191002.67826467
limited(__ObjC.ARCamera.TrackingState.Reason.initializing)
simd_float4x4([[0.17139, -0.979975, -0.101328, 0.0)], [0.326681, 0.153563, -0.932573, 0.0)], [0.929462, 0.126735, 0.346456, 0.0)], [0.0, 0.0, 0.0, 1.0)]])
0.0, 0.0, 0.0
float3(-0.127077, 1.214, -1.41536)
1191002.79491496
limited(__ObjC.ARCamera.TrackingState.Reason.initializing)
simd_float4x4([[0.159041, -0.984715, -0.0709556, 0.0)], [0.431724, 0.134004, -0.891994, 0.0)], [0.887872, 0.111233, 0.446436, 0.0)], [0.0, 0.0, 0.0, 1.0)]])
0.0, 0.0, 0.0
float3(-0.111463, 1.1049, -1.43554)
1191002.91156542
limited(__ObjC.ARCamera.TrackingState.Reason.initializing)
simd_float4x4([[0.147472, -0.987883, -0.0482806, 0.0)], [0.535525, 0.120795, -0.835834, 0.0)], [0.831542, 0.0974085, 0.546849, 0.0)], [0.0, 0.0, 0.0, 1.0)]])
0.0, 0.0, 0.0
float3(-0.0975633, 0.989074, -1.44912)
1191003.02821575
limited(__ObjC.ARCamera.TrackingState.Reason.initializing)
simd_float4x4([[0.134607, -0.990451, -0.0296674, 0.0)], [0.634124, 0.109112, -0.765492, 0.0)], [0.761423, 0.0842296, 0.642755, 0.0)], [0.0, 0.0, 0.0, 1.0)]])
0.0, 0.0, 0.0
float3(-0.0843295, 0.869708, -1.46107)
1191003.14486604
limited(__ObjC.ARCamera.TrackingState.Reason.initializing)
simd_float4x4([[0.120771, -0.992461, -0.0207227, 0.0)], [0.732864, 0.103225, -0.672498, 0.0)], [0.66957, 0.0660325, 0.739804, 0.0)], [0.0, 0.0, 0.0, 1.0)]])
0.0, 0.0, 0.0
float3(-0.0660805, 0.735605, -1.46716)
1191003.26151646
limited(__ObjC.ARCamera.TrackingState.Reason.initializing)
simd_float4x4([[0.106569, -0.994157, -0.0169524, 0.0)], [0.81689, 0.0972628, -0.568532, 0.0)], [0.566861, 0.0467403, 0.822482, 0.0)], [0.0, 0.0, 0.0, 1.0)]])
0.0, 0.0, 0.0
float3(-0.0467574, 0.603446, -1.47327)
1191003.37816688
limited(__ObjC.ARCamera.TrackingState.Reason.initializing)
simd_float4x4([[0.099807, -0.994938, -0.0113886, 0.0)], [0.88852, 0.094273, -0.449048, 0.0)], [0.44785, 0.0346997, 0.893431, 0.0)], [0.0, 0.0, 0.0, 1.0)]])
0.0, 0.0, 0.0
float3(-0.0347066, 0.464663, -1.47633)
1191003.49481708
limited(__ObjC.ARCamera.TrackingState.Reason.initializing)
simd_float4x4([[0.1019, -0.994766, -0.00706879, 0.0)], [0.946992, 0.0991779, -0.305564, 0.0)], [0.304667, 0.024443, 0.952142, 0.0)], [0.0, 0.0, 0.0, 1.0)]])
0.0, 0.0, 0.0
float3(-0.0244455, 0.309685, -1.47143)
1191003.61146758
limited(__ObjC.ARCamera.TrackingState.Reason.initializing)
simd_float4x4([[0.0921187, -0.995744, -0.000350145, 0.0)], [0.984802, 0.0911588, -0.147833, 0.0)], [0.147237, 0.0132735, 0.989008, 0.0)], [0.0, 0.0, 0.0, 1.0)]])
0.0, 0.0, 0.0
float3(-0.0132739, 0.147788, -1.4795)
1191003.72811796
limited(__ObjC.ARCamera.TrackingState.Reason.initializing)
simd_float4x4([[0.0840671, -0.996431, -0.00711328, 0.0)], [0.995639, 0.0837058, 0.041183, 0.0)], [-0.0404403, -0.0105444, 0.999122, 0.0)], [0.0, 0.0, 0.0, 1.0)]])
0.0, 0.0, 0.0
float3(0.0105446, -0.0404538, -1.48699)
1191003.84479042
limited(__ObjC.ARCamera.TrackingState.Reason.initializing)
simd_float4x4([[0.0669384, -0.997682, -0.0118148, 0.0)], [0.965764, 0.0618118, 0.251952, 0.0)], [-0.250639, -0.0282755, 0.967663, 0.0)], [0.0, 0.0, 0.0, 1.0)]])
0.0, 0.0, 0.0
float3(0.0282793, -0.253445, -1.50892)
1191003.94484283
limited(__ObjC.ARCamera.TrackingState.Reason.initializing)
simd_float4x4([[0.0450931, -0.998806, -0.018556, 0.0)], [0.902165, 0.0327365, 0.430146, 0.0)], [-0.429026, -0.0361368, 0.902564, 0.0)], [0.0, 0.0, 0.0, 1.0)]])
0.0, 0.0, 0.0
float3(0.0361447, -0.443727, -1.53803)
1191004.04489517
limited(__ObjC.ARCamera.TrackingState.Reason.initializing)
simd_float4x4([[0.0169742, -0.999694, -0.0176883, 0.0)], [0.810791, 0.00340718, 0.585324, 0.0)], [-0.585087, -0.0242761, 0.8106, 0.0)], [0.0, 0.0, 0.0, 1.0)]])
0.0, 0.0, 0.0
float3(0.0242785, -0.625204, -1.56739)
1191004.14494762
limited(__ObjC.ARCamera.TrackingState.Reason.initializing)
simd_float4x4([[-0.00306101, -0.99959, -0.0282921, 0.0)], [0.707772, -0.0221557, 0.706092, 0.0)], [-0.706433, -0.0178616, 0.707548, 0.0)], [0.0, 0.0, 0.0, 1.0)]])
0.0, 0.0, 0.0
float3(0.0178626, -0.784609, -1.59296)
1191004.24499992
limited(__ObjC.ARCamera.TrackingState.Reason.initializing)
simd_float4x4([[-0.0133512, -0.999278, -0.0354284, 0.0)], [0.623841, -0.0360183, 0.780718, 0.0)], [-0.781435, -0.0116763, 0.62387, 0.0)], [0.0, 0.0, 0.0, 1.0)]])
0.0, 0.0, 0.0
float3(0.0116766, -0.897053, -1.60683)
1191004.34505221
limited(__ObjC.ARCamera.TrackingState.Reason.initializing)
simd_float4x4([[-0.0256235, -0.998891, -0.0393815, 0.0)], [0.582146, -0.0469391, 0.811726, 0.0)], [-0.812679, -0.00212453, 0.582701, 0.0)], [0.0, 0.0, 0.0, 1.0)]])
0.0, 0.0, 0.0
float3(0.00212453, -0.948744, -1.61775)
1191004.44510475
limited(__ObjC.ARCamera.TrackingState.Reason.initializing)
simd_float4x4([[-0.0427315, -0.998105, -0.0441636, 0.0)], [0.581777, -0.0607986, 0.811071, 0.0)], [-0.812223, 0.00896707, 0.58327, 0.0)], [0.0, 0.0, 0.0, 1.0)]])
0.0, 0.0, 0.0
float3(-0.00896719, -0.948015, -1.63164)
1191004.545157
limited(__ObjC.ARCamera.TrackingState.Reason.initializing)
simd_float4x4([[-0.0477117, -0.997572, -0.0506425, 0.0)], [0.619612, -0.0693284, 0.781839, 0.0)], [-0.783455, 0.00592595, 0.621414, 0.0)], [0.0, 0.0, 0.0, 1.0)]])
0.0, 0.0, 0.0
float3(-0.00592599, -0.900233, -1.64018)
1191004.64520925
limited(__ObjC.ARCamera.TrackingState.Reason.initializing)
simd_float4x4([[-0.0506232, -0.99733, -0.0525528, 0.0)], [0.688185, -0.0729711, 0.721855, 0.0)], [-0.723765, 0.00037802, 0.69004, 0.0)], [0.0, 0.0, 0.0, 1.0)]])
0.0, 0.0, 0.0
float3(-0.00037802, -0.809248, -1.64383)
1191004.74526175
limited(__ObjC.ARCamera.TrackingState.Reason.initializing)
simd_float4x4([[-0.046831, -0.998152, -0.0386134, 0.0)], [0.771789, -0.0606992, 0.632973, 0.0)], [-0.63415, -0.000157647, 0.773205, 0.0)], [0.0, 0.0, 0.0, 1.0)]])
0.0, 0.0, 0.0
float3(0.000157647, -0.686912, -1.63153)
1191004.845314
limited(__ObjC.ARCamera.TrackingState.Reason.initializing)
simd_float4x4([[-0.040211, -0.998922, -0.0230312, 0.0)], [0.849949, -0.0463164, 0.524824, 0.0)], [-0.525327, 0.00152906, 0.850894, 0.0)], [0.0, 0.0, 0.0, 1.0)]])
0.0, 0.0, 0.0
float3(-0.00152906, -0.553102, -1.61713)
1191004.9453665
limited(__ObjC.ARCamera.TrackingState.Reason.initializing)
simd_float4x4([[-0.0232134, -0.999627, -0.0141126, 0.0)], [0.91527, -0.0269303, 0.401939, 0.0)], [-0.402171, -0.00358612, 0.915553, 0.0)], [0.0, 0.0, 0.0, 1.0)]])
0.0, 0.0, 0.0
float3(0.00358612, -0.413891, -1.59773)
1191005.04541888
limited(__ObjC.ARCamera.TrackingState.Reason.initializing)
simd_float4x4([[-0.0134995, -0.99983, -0.0123019, 0.0)], [0.960447, -0.0163889, 0.277979, 0.0)], [-0.278134, -0.00806264, 0.960505, 0.0)], [0.0, 0.0, 0.0, 1.0)]])
0.0, 0.0, 0.0
float3(0.00806273, -0.281861, -1.58719)
1191005.14547121
limited(__ObjC.ARCamera.TrackingState.Reason.initializing)
simd_float4x4([[-0.00899434, -0.999836, -0.0155356, 0.0)], [0.987846, -0.0112956, 0.155022, 0.0)], [-0.155173, -0.0139524, 0.987786, 0.0)], [0.0, 0.0, 0.0, 1.0)]])
0.0, 0.0, 0.0
float3(0.0139529, -0.155818, -1.58209)
1191005.24552363
limited(__ObjC.ARCamera.TrackingState.Reason.initializing)
simd_float4x4([[-0.00882953, -0.999891, -0.0115682, 0.0)], [0.999543, -0.00915958, 0.0287929, 0.0)], [-0.0288958, -0.0113086, 0.999516, 0.0)], [0.0, 0.0, 0.0, 1.0)]])
0.0, 0.0, 0.0
float3(0.0113089, -0.0289017, -1.57996)
1191005.34557592
limited(__ObjC.ARCamera.TrackingState.Reason.initializing)
simd_float4x4([[-0.00621784, -0.999905, -0.0120296, 0.0)], [0.996258, -0.00515691, -0.0862734, 0.0)], [0.0862034, -0.012521, 0.996196, 0.0)], [0.0, 0.0, 0.0, 1.0)]])
0.0, 0.0, 0.0
float3(0.0125213, 0.0863176, -1.57595)
1191005.44562833
limited(__ObjC.ARCamera.TrackingState.Reason.initializing)
simd_float4x4([[-0.00158382, -0.999859, -0.0165313, 0.0)], [0.981776, 0.00158732, -0.190032, 0.0)], [0.190032, -0.016531, 0.981636, 0.0)], [0.0, 0.0, 0.0, 1.0)]])
0.0, 0.0, 0.0
float3(0.0165317, 0.191222, -1.56921)
1191005.54568058
limited(__ObjC.ARCamera.TrackingState.Reason.initializing)
simd_float4x4([[0.00138914, -0.999578, -0.0289066, 0.0)], [0.954535, 0.00994331, -0.297931, 0.0)], [0.298094, -0.0271784, 0.954146, 0.0)], [0.0, 0.0, 0.0, 1.0)]])
0.0, 0.0, 0.0
float3(0.0271817, 0.302811, -1.56085)
1191005.64573308
limited(__ObjC.ARCamera.TrackingState.Reason.initializing)
simd_float4x4([[0.00971072, -0.999699, -0.0223682, 0.0)], [0.904263, 0.0183298, -0.426582, 0.0)], [0.426865, -0.016084, 0.904169, 0.0)], [0.0, 0.0, 0.0, 1.0)]])
0.0, 0.0, 0.0
float3(0.0160847, 0.441086, -1.55246)
1191005.76238333
limited(__ObjC.ARCamera.TrackingState.Reason.initializing)
simd_float4x4([[0.0169672, -0.999391, -0.0303808, 0.0)], [0.821525, 0.0312562, -0.569315, 0.0)], [0.569919, -0.0152982, 0.821554, 0.0)], [0.0, 0.0, 0.0, 1.0)]])
0.0, 0.0, 0.0
float3(0.0152988, 0.606491, -1.53953)
1191005.87903375
limited(__ObjC.ARCamera.TrackingState.Reason.initializing)
simd_float4x4([[0.0182641, -0.99873, -0.0468598, 0.0)], [0.714334, 0.04583, -0.698301, 0.0)], [0.699565, -0.0207184, 0.714263, 0.0)], [0.0, 0.0, 0.0, 1.0)]])
0.0, 0.0, 0.0
float3(0.0207198, 0.775003, -1.52494)
1191005.99568417
limited(__ObjC.ARCamera.TrackingState.Reason.initializing)
simd_float4x4([[0.021296, -0.998499, -0.0503905, 0.0)], [0.5979, 0.0531181, -0.799807, 0.0)], [0.801286, -0.0130941, 0.598132, 0.0)], [0.0, 0.0, 0.0, 1.0)]])
0.0, 0.0, 0.0
float3(0.0130945, 0.929562, -1.51765)
1191006.11233446
limited(__ObjC.ARCamera.TrackingState.Reason.initializing)
simd_float4x4([[0.0280179, -0.997875, -0.0587598, 0.0)], [0.481799, 0.0649887, -0.873866, 0.0)], [0.875831, -0.00382414, 0.482594, 0.0)], [0.0, 0.0, 0.0, 1.0)]])
0.0, 0.0, 0.0
float3(0.00382415, 1.06718, -1.50576)
1191006.22898467
limited(__ObjC.ARCamera.TrackingState.Reason.initializing)
simd_float4x4([[0.0359089, -0.996882, -0.0702047, 0.0)], [0.378489, 0.0785865, -0.922261, 0.0)], [0.924906, 0.00654817, 0.380129, 0.0)], [0.0, 0.0, 0.0, 1.0)]])
0.0, 0.0, 0.0
float3(-0.00654821, 1.18085, -1.49213)
1191006.34563521
limited(__ObjC.ARCamera.TrackingState.Reason.initializing)
simd_float4x4([[0.0590065, -0.995619, -0.0724774, 0.0)], [0.277773, 0.086116, -0.956776, 0.0)], [0.95883, 0.0363273, 0.281634, 0.0)], [0.0, 0.0, 0.0, 1.0)]])
0.0, 0.0, 0.0
float3(-0.0363353, 1.2851, -1.48452)
1191006.46228567
limited(__ObjC.ARCamera.TrackingState.Reason.initializing)
simd_float4x4([[0.0777889, -0.9938, -0.0793821, 0.0)], [0.186883, 0.0927516, -0.97799, 0.0)], [0.979294, 0.061246, 0.192936, 0.0)], [0.0, 0.0, 0.0, 1.0)]])
0.0, 0.0, 0.0
float3(-0.0612843, 1.37627, -1.47774)
1191006.57893579
limited(__ObjC.ARCamera.TrackingState.Reason.initializing)
simd_float4x4([[0.0916258, -0.992139, -0.0851736, 0.0)], [0.100997, 0.0943561, -0.990397, 0.0)], [0.990654, 0.0821493, 0.108844, 0.0)], [0.0, 0.0, 0.0, 1.0)]])
0.0, 0.0, 0.0
float3(-0.082242, 1.46136, -1.47598)
1191006.69558621
limited(__ObjC.ARCamera.TrackingState.Reason.initializing)
simd_float4x4([[0.100745, -0.989751, -0.101137, 0.0)], [0.0342455, 0.10505, -0.993871, 0.0)], [0.994316, 0.0966712, 0.0444716, 0.0)], [0.0, 0.0, 0.0, 1.0)]])
0.0, 0.0, 0.0
float3(-0.0968224, 1.5261, -1.46505)
1191006.81223667
limited(__ObjC.ARCamera.TrackingState.Reason.initializing)
simd_float4x4([[0.0947029, -0.988263, -0.119787, 0.0)], [0.0217857, 0.122364, -0.992238, 0.0)], [0.995259, 0.0913683, 0.0331103, 0.0)], [0.0, 0.0, 0.0, 1.0)]])
0.0, 0.0, 0.0
float3(-0.0914959, 1.53754, -1.44761)
1191006.92888704
limited(__ObjC.ARCamera.TrackingState.Reason.initializing)
simd_float4x4([[0.0838595, -0.988896, -0.122616, 0.0)], [0.0620396, 0.127999, -0.989824, 0.0)], [0.994537, 0.0754086, 0.0720772, 0.0)], [0.0, 0.0, 0.0, 1.0)]])
0.0, 0.0, 0.0
float3(-0.0754803, 1.49845, -1.44208)
1191007.04553717
limited(__ObjC.ARCamera.TrackingState.Reason.initializing)
simd_float4x4([[0.0694971, -0.990661, -0.117234, 0.0)], [0.156182, 0.126881, -0.979538, 0.0)], [0.985274, 0.0497732, 0.163535, 0.0)], [0.0, 0.0, 0.0, 1.0)]])
0.0, 0.0, 0.0
float3(-0.0497938, 1.40632, -1.44341)
1191007.16218775
limited(__ObjC.ARCamera.TrackingState.Reason.initializing)
simd_float4x4([[0.0623718, -0.991839, -0.111124, 0.0)], [0.266904, 0.123869, -0.955724, 0.0)], [0.961697, 0.0299575, 0.272446, 0.0)], [0.0, 0.0, 0.0, 1.0)]])
0.0, 0.0, 0.0
float3(-0.029962, 1.29473, -1.44655)
1191007.278838
limited(__ObjC.ARCamera.TrackingState.Reason.initializing)
simd_float4x4([[0.059118, -0.993068, -0.101507, 0.0)], [0.3793, 0.116413, -0.917916, 0.0)], [0.923378, 0.0157695, 0.383548, 0.0)], [0.0, 0.0, 0.0, 1.0)]])
0.0, 0.0, 0.0
float3(-0.0157702, 1.17711, -1.4541)
1191007.39548838
limited(__ObjC.ARCamera.TrackingState.Reason.initializing)
simd_float4x4([[0.0554181, -0.994014, -0.0940698, 0.0)], [0.48306, 0.109153, -0.868753, 0.0)], [0.873828, 0.00270766, 0.486214, 0.0)], [0.0, 0.0, 0.0, 1.0)]])
0.0, 0.0, 0.0
float3(-0.00270766, 1.06304, -1.46142)
1191007.51213875
limited(__ObjC.ARCamera.TrackingState.Reason.initializing)
simd_float4x4([[0.052568, -0.994604, -0.08936, 0.0)], [0.583363, 0.103219, -0.805623, 0.0)], [0.810505, -0.00977582, 0.585638, 0.0)], [0.0, 0.0, 0.0, 1.0)]])
0.0, 0.0, 0.0
float3(0.00977597, 0.94509, -1.46739)
1191007.62878917
limited(__ObjC.ARCamera.TrackingState.Reason.initializing)
simd_float4x4([[0.049998, -0.994969, -0.0867326, 0.0)], [0.675776, 0.0976508, -0.730607, 0.0)], [0.735406, -0.0220802, 0.677256, 0.0)], [0.0, 0.0, 0.0, 1.0)]])
0.0, 0.0, 0.0
float3(0.022082, 0.826538, -1.47297)
1191007.7454395
limited(__ObjC.ARCamera.TrackingState.Reason.initializing)
simd_float4x4([[0.0518532, -0.995589, -0.0780972, 0.0)], [0.759017, 0.0901162, -0.644802, 0.0)], [0.649, -0.02584, 0.76034, 0.0)], [0.0, 0.0, 0.0, 1.0)]])
0.0, 0.0, 0.0
float3(0.0258429, 0.706561, -1.48053)
1191007.86208979
limited(__ObjC.ARCamera.TrackingState.Reason.initializing)
simd_float4x4([[0.0518422, -0.996171, -0.070307, 0.0)], [0.827078, 0.0822885, -0.556029, 0.0)], [0.559689, -0.0293223, 0.828176, 0.0)], [0.0, 0.0, 0.0, 1.0)]])
0.0, 0.0, 0.0
float3(0.0293265, 0.594305, -1.48838)
1191007.97874021
limited(__ObjC.ARCamera.TrackingState.Reason.initializing)
simd_float4x4([[0.0477471, -0.997068, -0.0596914, 0.0)], [0.884169, 0.0699952, -0.461891, 0.0)], [0.464718, -0.0307225, 0.884919, 0.0)], [0.0, 0.0, 0.0, 1.0)]])
0.0, 0.0, 0.0
float3(0.0307273, 0.483568, -1.50071)
1191008.09539054
limited(__ObjC.ARCamera.TrackingState.Reason.initializing)
simd_float4x4([[0.0476472, -0.997322, -0.0553625, 0.0)], [0.932223, 0.0643079, -0.356124, 0.0)], [0.358734, -0.0346412, 0.93279, 0.0)], [0.0, 0.0, 0.0, 1.0)]])
0.0, 0.0, 0.0
float3(0.0346482, 0.367144, -1.5064)
1191008.212041
normal
simd_float4x4([[0.0318072, -0.999134, -0.0268215, 0.0)], [0.966565, 0.0375797, -0.253655, 0.0)], [0.254443, -0.0178567, 0.966923, 0.0)], [0.0148074, 0.000173083, -0.00147975, 1.0)]])
0.0148074, 0.000173083, -0.00147975
float3(0.0178576, 0.257314, -1.5332)
1191008.32869125
normal
simd_float4x4([[0.0318733, -0.999193, -0.0244579, 0.0)], [0.987959, 0.0352027, -0.150655, 0.0)], [0.151395, -0.0193615, 0.988284, 0.0)], [0.0499055, 9.98144e-05, -0.00801457, 1.0)]])
0.0499055, 9.98144e-05, -0.00801457
float3(0.0193627, 0.152008, -1.53558)
1191008.44534167
normal
simd_float4x4([[0.0358928, -0.998958, -0.028188, 0.0)], [0.998047, 0.0372744, -0.0501206, 0.0)], [0.0511191, -0.026334, 0.998345, 0.0)], [0.0806742, 0.00012175, -0.00716039, 1.0)]])
0.0806742, 0.00012175, -0.00716039
float3(0.0263371, 0.0511592, -1.5335)
1191008.56199204
normal
simd_float4x4([[0.041714, -0.998829, -0.0245101, 0.0)], [0.997875, 0.0404203, 0.051101, 0.0)], [-0.0500504, -0.0265896, 0.998393, 0.0)], [0.112843, -0.000280648, -0.0132066, 1.0)]])
0.112843, -0.000280648, -0.0132066
float3(0.0265928, -0.0500891, -1.53035)
1191008.66201108
normal
simd_float4x4([[0.0494173, -0.998579, -0.0199347, 0.0)], [0.989091, 0.0461552, 0.139887, 0.0)], [-0.138768, -0.0266301, 0.989967, 0.0)], [0.131482, -0.00054647, -0.0135954, 1.0)]])
0.131482, -0.00054647, -0.0135954
float3(0.0266332, -0.139267, -1.52461)
1191008.76206375
normal
simd_float4x4([[0.0477397, -0.998829, -0.00781649, 0.0)], [0.973251, 0.0447537, 0.225344, 0.0)], [-0.224731, -0.0183653, 0.974248, 0.0)], [0.149908, -0.000527538, -0.0166094, 1.0)]])
0.149908, -0.000527538, -0.0166094
float3(0.0183663, -0.226705, -1.52602)
1191008.86211592
normal
simd_float4x4([[0.042266, -0.999084, 0.00663595, 0.0)], [0.942978, 0.0420856, 0.330183, 0.0)], [-0.33016, -0.00769797, 0.943894, 0.0)], [0.171351, 0.000719979, -0.015188, 1.0)]])
0.171351, 0.000719979, -0.015188
float3(0.00769805, -0.336483, -1.5287)
1191008.96216829
normal
simd_float4x4([[0.0548687, -0.998268, 0.0212052, 0.0)], [0.877566, 0.0583433, 0.475894, 0.0)], [-0.476307, -0.00750267, 0.879247, 0.0)], [0.1881, -0.000496043, -0.00614464, 1.0)]])
0.1881, -0.000496043, -0.00614464
float3(0.00750274, -0.496465, -1.51242)
1191009.06222071
normal
simd_float4x4([[0.0727625, -0.996841, 0.0318494, 0.0)], [0.745965, 0.0755913, 0.661681, 0.0)], [-0.661998, -0.024387, 0.749109, 0.0)], [0.197574, -0.00120917, 0.00905313, 1.0)]])
0.197574, -0.00120917, 0.00905313
float3(0.0243894, -0.723744, -1.49511)
1191009.16227296
normal
simd_float4x4([[0.0893544, -0.995331, 0.0365042, 0.0)], [0.570261, 0.0811745, 0.817443, 0.0)], [-0.816589, -0.0522251, 0.574852, 0.0)], [0.19833, 0.00144589, 0.0341933, 1.0)]])
0.19833, 0.00144589, 0.0341933
float3(0.0522489, -0.957413, -1.48942)
1191009.26232546
normal
simd_float4x4([[0.0981861, -0.994427, 0.0383973, 0.0)], [0.357488, 0.0712528, 0.931196, 0.0)], [-0.928742, -0.0777039, 0.362492, 0.0)], [0.187697, 0.008559, 0.0680227, 1.0)]])
0.187697, 0.008559, 0.0680227
float3(0.0777823, -1.19868, -1.49927)
1191009.36237775
normal
simd_float4x4([[0.120059, -0.991619, 0.0477216, 0.0)], [0.12272, 0.0625244, 0.99047, 0.0)], [-0.985153, -0.113058, 0.129198, 0.0)], [0.166051, 0.014217, 0.108573, 1.0)]])
0.166051, 0.014217, 0.108573
float3(0.113301, -1.44039, -1.50783)
1191009.46243029
normal
simd_float4x4([[0.106049, -0.991024, 0.0813888, 0.0)], [-0.101481, 0.0706364, 0.992327, 0.0)], [-0.989169, -0.113494, -0.093079, 0.0)], [0.144182, 0.0176799, 0.146812, 1.0)]])
0.144182, 0.0176799, 0.146812
float3(0.113739, -1.66462, -1.49964)
1191009.56248267
normal
simd_float4x4([[0.0768517, -0.991785, 0.10226, 0.0)], [-0.303943, 0.0743775, 0.949783, 0.0)], [-0.949586, -0.104074, -0.29573, 0.0)], [0.115894, 0.0227803, 0.187599, 1.0)]])
0.115894, 0.0227803, 0.187599
float3(0.104262, -1.87271, -1.49594)
1191009.66253488
normal
simd_float4x4([[0.0657591, -0.991389, 0.11324, 0.0)], [-0.479489, 0.0681296, 0.874899, 0.0)], [-0.875081, -0.11183, -0.47088, 0.0)], [0.0822071, 0.0290383, 0.229407, 1.0)]])
0.0822071, 0.0290383, 0.229407
float3(0.112064, -2.06446, -1.50218)
1191009.76258733
normal
simd_float4x4([[0.0612839, -0.9912, 0.117334, 0.0)], [-0.591437, 0.0586324, 0.804217, 0.0)], [-0.804019, -0.118681, -0.582639, 0.0)], [0.0811076, 0.00364896, 0.222627, 1.0)]])
0.0811076, 0.00364896, 0.222627
float3(0.118962, -2.19788, -1.51171)
1191009.86263963
normal
simd_float4x4([[0.0523031, -0.99163, 0.118041, 0.0)], [-0.704719, 0.0470994, 0.707922, 0.0)], [-0.707557, -0.120213, -0.696357, 0.0)], [0.0416236, 0.00897742, 0.255187, 1.0)]])
0.0416236, 0.00897742, 0.255187
float3(0.120504, -2.34822, -1.52333)
1191009.96269208
normal
simd_float4x4([[0.0270416, -0.994035, 0.105659, 0.0)], [-0.784099, 0.0444692, 0.61904, 0.0)], [-0.620046, -0.0995869, -0.778219, 0.0)], [0.00448567, 0.0124985, 0.285978, 1.0)]])
0.00448567, 0.0124985, 0.285978
float3(0.0997523, -2.46884, -1.52609)
1191010.06274433
normal
simd_float4x4([[0.00774501, -0.996464, 0.0836677, 0.0)], [-0.83536, 0.0395433, 0.54828, 0.0)], [-0.549649, -0.074139, -0.832099, 0.0)], [-0.0370907, 0.0140572, 0.309439, 1.0)]])
-0.0370907, 0.0140572, 0.309439
float3(0.0742071, -2.55783, -1.53113)
1191010.17939487
normal
simd_float4x4([[0.0199589, -0.997574, 0.0666913, 0.0)], [-0.872367, 0.0152119, 0.488616, 0.0)], [-0.488445, -0.0679315, -0.869947, 0.0)], [-0.089785, 0.015016, 0.332038, 1.0)]])
-0.089785, 0.015016, 0.332038
float3(0.0679839, -2.62999, -1.55555)
1191010.29604496
normal
simd_float4x4([[0.0290011, -0.998469, 0.0470935, 0.0)], [-0.899453, -0.00551449, 0.436983, 0.0)], [-0.436054, -0.0550313, -0.898236, 0.0)], [-0.139022, 0.0131851, 0.351222, 1.0)]])
-0.139022, 0.0131851, 0.351222
float3(0.0550591, -2.68965, -1.57632)
1191010.41269554
normal
simd_float4x4([[0.0294909, -0.998964, 0.0346705, 0.0)], [-0.915865, -0.0131109, 0.401272, 0.0)], [-0.400402, -0.0435874, -0.915302, 0.0)], [-0.171197, 0.0115887, 0.368798, 1.0)]])
-0.171197, 0.0115887, 0.368798
float3(0.0436012, -2.72922, -1.58392)
1191010.52934596
normal
simd_float4x4([[0.0247358, -0.999294, 0.0282811, 0.0)], [-0.922474, -0.0119136, 0.385876, 0.0)], [-0.385267, -0.0356335, -0.922117, 0.0)], [-0.178302, 0.010294, 0.374034, 1.0)]])
-0.178302, 0.010294, 0.374034
float3(0.0356411, -2.74583, -1.58272)
1191010.64599633
normal
simd_float4x4([[0.0187075, -0.999517, 0.0248328, 0.0)], [-0.922918, -0.00771055, 0.38492, 0.0)], [-0.384542, -0.0301195, -0.922616, 0.0)], [-0.170973, 0.008612, 0.387931, 1.0)]])
-0.170973, 0.008612, 0.387931
float3(0.030124, -2.74669, -1.57851)
1191010.7626465
normal
simd_float4x4([[0.00139137, -0.999661, 0.0259877, 0.0)], [-0.937051, 0.00777133, 0.349106, 0.0)], [-0.34919, -0.0248376, -0.936723, 0.0)], [-0.113848, 0.00898014, 0.374404, 1.0)]])
-0.113848, 0.00898014, 0.374404
float3(0.0248401, -2.78477, -1.56302)
1191010.87929692
normal
simd_float4x4([[-0.00311968, -0.999628, 0.02708, 0.0)], [-0.936647, 0.0124062, 0.350056, 0.0)], [-0.350262, -0.0242724, -0.936337, 0.0)], [-0.102767, 0.00945893, 0.368989, 1.0)]])
-0.102767, 0.00945893, 0.368989
float3(0.0242747, -2.78363, -1.55839)
1191010.99594746
normal
simd_float4x4([[-0.00188083, -0.999526, 0.0307264, 0.0)], [-0.936893, 0.0125037, 0.349393, 0.0)], [-0.349611, -0.0281302, -0.936472, 0.0)], [-0.0910375, 0.0105677, 0.370377, 1.0)]])
-0.0910375, 0.0105677, 0.370377
float3(0.028134, -2.78429, -1.55829)
1191011.11259771
normal
simd_float4x4([[-0.00474726, -0.999235, 0.0388282, 0.0)], [-0.931482, 0.018543, 0.363313, 0.0)], [-0.363755, -0.0344431, -0.930857, 0.0)], [-0.0943213, 0.0126649, 0.357883, 1.0)]])
-0.0943213, 0.0126649, 0.357883
float3(0.0344499, -2.76906, -1.55224)
1191011.229248
normal
simd_float4x4([[-0.00334674, -0.99899, 0.0448021, 0.0)], [-0.913985, 0.0212337, 0.405191, 0.0)], [-0.405734, -0.0395924, -0.913134, 0.0)], [-0.0919678, 0.0126273, 0.34136, 1.0)]])
-0.0919678, 0.0126273, 0.34136
float3(0.0396028, -2.72346, -1.54954)
1191011.34589837
normal
simd_float4x4([[0.0010865, -0.99833, 0.0577612, 0.0)], [-0.871573, 0.0273729, 0.4895, 0.0)], [-0.490264, -0.050875, -0.870088, 0.0)], [-0.084821, 0.0123538, 0.309702, 1.0)]])
-0.084821, 0.0123538, 0.309702
float3(0.050897, -2.62847, -1.54338)
1191011.46254892
normal
simd_float4x4([[0.0118948, -0.997391, 0.071207, 0.0)], [-0.789996, 0.0342822, 0.612153, 0.0)], [-0.612997, -0.0635347, -0.787527, 0.0)], [-0.0798454, 0.0109638, 0.264143, 1.0)]])
-0.0798454, 0.0109638, 0.264143
float3(0.0635775, -2.48017, -1.53644)
1191011.57919908
normal
simd_float4x4([[0.0256004, -0.99648, 0.0798324, 0.0)], [-0.666165, 0.0425381, 0.74459, 0.0)], [-0.745365, -0.0722434, -0.662731, 0.0)], [-0.0683567, 0.010208, 0.208388, 1.0)]])
-0.0683567, 0.010208, 0.208388
float3(0.0723064, -2.29758, -1.52813)
1191011.69584954
normal
simd_float4x4([[0.0419891, -0.995285, 0.0874382, 0.0)], [-0.515935, 0.0533445, 0.854965, 0.0)], [-0.855598, -0.0810116, -0.511262, 0.0)], [-0.0653683, 0.0098319, 0.148001, 1.0)]])
-0.0653683, 0.0098319, 0.148001
float3(0.0811005, -2.10941, -1.51725)
1191011.79587975
normal
simd_float4x4([[0.0588049, -0.993917, 0.0931194, 0.0)], [-0.388573, 0.0631343, 0.919253, 0.0)], [-0.91954, -0.0902402, -0.382496, 0.0)], [-0.0721758, 0.00885417, 0.10186, 1.0)]])
-0.0721758, 0.00885417, 0.10186
float3(0.0903631, -1.96499, -1.50736)
1191011.89593212
normal
simd_float4x4([[0.072539, -0.992903, 0.0942472, 0.0)], [-0.266719, 0.0717427, 0.9611, 0.0)], [-0.961041, -0.0948549, -0.259622, 0.0)], [-0.0842668, 0.00724415, 0.0605849, 1.0)]])
-0.0842668, 0.00724415, 0.0605849
float3(0.0949977, -1.83465, -1.49867)
1191011.99598446
normal
simd_float4x4([[0.0817782, -0.992237, 0.0936891, 0.0)], [-0.150324, 0.0806486, 0.985342, 0.0)], [-0.985249, -0.0946632, -0.142562, 0.0)], [-0.100578, 0.00349694, 0.0227836, 1.0)]])
-0.100578, 0.00349694, 0.0227836
float3(0.0948052, -1.7145, -1.4897)
1191012.09603687
normal
simd_float4x4([[0.0794168, -0.992311, 0.0949289, 0.0)], [-0.0319086, 0.0926504, 0.995187, 0.0)], [-0.996331, -0.0820637, -0.0243053, 0.0)], [-0.119168, -0.000446172, -0.0160873, 1.0)]])
-0.119168, -0.000446172, -0.0160873
float3(0.082156, -1.59519, -1.4777)
1191012.19608938
normal
simd_float4x4([[0.0672317, -0.993434, 0.092567, 0.0)], [0.0995559, 0.0989935, 0.990095, 0.0)], [-0.992758, -0.0573502, 0.105558, 0.0)], [-0.139417, -0.00422384, -0.0552479, 1.0)]])
-0.139417, -0.00422384, -0.0552479
float3(0.0573817, -1.46487, -1.47148)
1191012.29614154
normal
simd_float4x4([[0.0531369, -0.994453, 0.0907672, 0.0)], [0.241271, 0.100988, 0.965189, 0.0)], [-0.969002, -0.0293876, 0.245299, 0.0)], [-0.161059, -0.00876112, -0.0973475, 1.0)]])
-0.161059, -0.00876112, -0.0973475
float3(0.0293919, -1.32286, -1.46959)
1191012.39619396
normal
simd_float4x4([[0.0533047, -0.994769, 0.0871456, 0.0)], [0.38251, 0.100954, 0.918419, 0.0)], [-0.922413, -0.0156221, 0.38589, 0.0)], [-0.184825, -0.0135271, -0.142852, 1.0)]])
-0.184825, -0.0135271, -0.142852
float3(0.0156227, -1.17457, -1.46966)
1191012.49624646
normal
simd_float4x4([[0.0469014, -0.995025, 0.087896, 0.0)], [0.537751, 0.0993049, 0.837235, 0.0)], [-0.841798, 0.00799867, 0.539733, 0.0)], [-0.207741, -0.0193215, -0.19549, 1.0)]])
-0.207741, -0.0193215, -0.19549
float3(-0.00799876, -1.00066, -1.47132)
1191012.59629879
normal
simd_float4x4([[0.0416062, -0.996038, 0.0786, 0.0)], [0.679195, 0.0858917, 0.728915, 0.0)], [-0.732778, 0.0230574, 0.680077, 0.0)], [-0.228791, -0.0274314, -0.254035, 1.0)]])
-0.228791, -0.0274314, -0.254035
float3(-0.0230594, -0.822681, -1.48478)
1191012.69635125
normal
simd_float4x4([[0.049031, -0.996203, 0.0719362, 0.0)], [0.767706, 0.0836614, 0.635317, 0.0)], [-0.638923, 0.0240756, 0.768893, 0.0)], [-0.243311, -0.0353414, -0.315813, 1.0)]])
-0.243311, -0.0353414, -0.315813
float3(-0.0240779, -0.693339, -1.48701)
1191012.79640346
normal
simd_float4x4([[0.0477832, -0.997183, 0.0578232, 0.0)], [0.840792, 0.0714065, 0.536628, 0.0)], [-0.539245, 0.0229755, 0.841835, 0.0)], [-0.24497, -0.0381319, -0.378087, 1.0)]])
-0.24497, -0.0381319, -0.378087
float3(-0.0229775, -0.56971, -1.49931)
1191012.896456
normal
simd_float4x4([[0.0547228, -0.997109, 0.0527168, 0.0)], [0.901255, 0.0720511, 0.427257, 0.0)], [-0.42982, 0.0241306, 0.902592, 0.0)], [-0.249738, -0.0339996, -0.449237, 1.0)]])
-0.249738, -0.0339996, -0.449237
float3(-0.0241329, -0.444432, -1.49866)
1191012.99650833
normal
simd_float4x4([[0.0677597, -0.997336, 0.0270222, 0.0)], [0.937263, 0.0729151, 0.340913, 0.0)], [-0.341975, 0.00222682, 0.939707, 0.0)], [-0.251591, -0.0283646, -0.514554, 1.0)]])
-0.251591, -0.0283646, -0.514554
float3(-0.00222682, -0.349018, -1.49782)
1191013.0965605
normal
simd_float4x4([[0.0558463, -0.997832, 0.034813, 0.0)], [0.961865, 0.0631187, 0.266142, 0.0)], [-0.267763, 0.0186224, 0.963305, 0.0)], [-0.0143133, -0.0396147, -0.488543, 1.0)]])
-0.0143133, -0.0396147, -0.488543
float3(-0.0186235, -0.271118, -1.50762)
1191013.19661296
normal
simd_float4x4([[0.0436965, -0.998674, 0.0272354, 0.0)], [0.978097, 0.0483177, 0.202462, 0.0)], [-0.20351, 0.017792, 0.978911, 0.0)], [-0.022273, -0.0425363, -0.563741, 1.0)]])
-0.022273, -0.0425363, -0.563741
float3(-0.0177929, -0.204974, -1.52245)
1191013.29666529
normal
simd_float4x4([[0.0370856, -0.999096, 0.0207652, 0.0)], [0.984011, 0.0401323, 0.173527, 0.0)], [-0.174203, 0.0139978, 0.98461, 0.0)], [-0.039145, -0.0558886, -0.643038, 1.0)]])
-0.039145, -0.0558886, -0.643038
float3(-0.0139983, -0.175114, -1.53065)
1191013.39671783
normal
simd_float4x4([[0.0377978, -0.998766, 0.0322265, 0.0)], [0.986485, 0.0424395, 0.158258, 0.0)], [-0.15943, 0.0258092, 0.986872, 0.0)], [-0.0664742, -0.0718531, -0.732657, 1.0)]])
-0.0664742, -0.0718531, -0.732657
float3(-0.025812, -0.160167, -1.52833)
1191013.49677004
normal
simd_float4x4([[0.0487677, -0.998524, 0.0238869, 0.0)], [0.985399, 0.052005, 0.162123, 0.0)], [-0.163126, 0.0156318, 0.986481, 0.0)], [-0.0950085, -0.0811462, -0.81546, 1.0)]])
-0.0950085, -0.0811462, -0.81546
float3(-0.0156324, -0.163879, -1.51876)
1191013.59682254
normal
simd_float4x4([[0.06089, -0.996615, 0.0552431, 0.0)], [0.985275, 0.0688717, 0.156492, 0.0)], [-0.159767, 0.0449008, 0.986133, 0.0)], [-0.124857, -0.0674696, -0.900722, 1.0)]])
-0.124857, -0.0674696, -0.900722
float3(-0.0449159, -0.160618, -1.5018)
1191013.69687496
normal
simd_float4x4([[0.0495832, -0.998508, 0.0228939, 0.0)], [0.977857, 0.0531984, 0.202401, 0.0)], [-0.203317, 0.0123513, 0.979035, 0.0)], [-0.135799, -0.0493309, -0.970933, 1.0)]])
-0.135799, -0.0493309, -0.970933
float3(-0.0123516, -0.20476, -1.51757)
1191013.79692712
normal
simd_float4x4([[0.0462822, -0.998881, 0.00969165, 0.0)], [0.96916, 0.0472517, 0.241861, 0.0)], [-0.242048, -0.00180109, 0.970263, 0.0)], [-0.15097, -0.0442017, -1.0503, 1.0)]])
-0.15097, -0.0442017, -1.0503
float3(0.00180109, -0.244477, -1.52353)
1191013.89697967
normal
simd_float4x4([[0.0445969, -0.998836, 0.0183717, 0.0)], [0.962195, 0.0478924, 0.268117, 0.0)], [-0.268685, 0.00571999, 0.963211, 0.0)], [-0.166977, -0.0498131, -1.13924, 1.0)]])
-0.166977, -0.0498131, -1.13924
float3(-0.00572002, -0.272032, -1.52288)
1191013.99703196
normal
simd_float4x4([[0.0414302, -0.999103, 0.00873724, 0.0)], [0.959212, 0.0422204, 0.279517, 0.0)], [-0.279635, -0.00319958, 0.960101, 0.0)], [-0.181329, -0.0664276, -1.23662, 1.0)]])
-0.181329, -0.0664276, -1.23662
float3(0.00319959, -0.283416, -1.52856)
1191014.09708442
normal
simd_float4x4([[0.0354029, -0.999364, -0.00423641, 0.0)], [0.957448, 0.0327025, 0.286747, 0.0)], [-0.286426, -0.0142078, 0.957997, 0.0)], [-0.19241, -0.0816202, -1.34207, 1.0)]])
-0.19241, -0.0816202, -1.34207
float3(0.0142083, -0.290525, -1.53808)
1191014.19713679
normal
simd_float4x4([[0.0231146, -0.999733, 0.000120938, 0.0)], [0.962521, 0.0222869, 0.27029, 0.0)], [-0.270221, -0.00613124, 0.962779, 0.0)], [-0.203014, -0.0848921, -1.45461, 1.0)]])
-0.203014, -0.0848921, -1.45461
float3(0.00613128, -0.273628, -1.54851)
1191014.29718904
normal
simd_float4x4([[0.0244106, -0.999317, 0.0277557, 0.0)], [0.967623, 0.0305951, 0.25054, 0.0)], [-0.251218, 0.0207413, 0.967708, 0.0)], [-0.217937, -0.0767146, -1.56978, 1.0)]])
-0.217937, -0.0767146, -1.56978
float3(-0.0207428, -0.253994, -1.54019)
1191014.39724154
normal
simd_float4x4([[0.0136088, -0.999803, 0.0144771, 0.0)], [0.9699, 0.0167193, 0.242927, 0.0)], [-0.243121, 0.0107354, 0.969936, 0.0)], [-0.231836, -0.0676847, -1.67174, 1.0)]])
-0.231836, -0.0676847, -1.67174
float3(-0.0107356, -0.245597, -1.55408)
1191014.49729375
normal
simd_float4x4([[0.0118921, -0.999749, 0.018972, 0.0)], [0.96999, 0.0161421, 0.242608, 0.0)], [-0.242853, 0.0155175, 0.969939, 0.0)], [-0.254253, -0.0688077, -1.7826, 1.0)]])
-0.254253, -0.0688077, -1.7826
float3(-0.0155182, -0.245336, -1.55465)
1191014.59734633
normal
simd_float4x4([[0.0148807, -0.999881, 0.00403985, 0.0)], [0.969297, 0.015417, 0.245408, 0.0)], [-0.245441, 0.000263986, 0.969411, 0.0)], [-0.280286, -0.0770253, -1.8848, 1.0)]])
-0.280286, -0.0770253, -1.8848
float3(-0.000263986, -0.247974, -1.55538)
1191014.6973985
normal
simd_float4x4([[0.00147246, -0.999978, -0.00650276, 0.0)], [0.967892, -0.000209407, 0.251367, 0.0)], [-0.251363, -0.0066641, 0.96787, 0.0)], [-0.307836, -0.0914812, -1.99228, 1.0)]])
-0.307836, -0.0914812, -1.99228
float3(0.00666415, -0.254094, -1.57101)
1191014.79745083
normal
simd_float4x4([[0.00195775, -0.999924, -0.0121652, 0.0)], [0.963558, -0.00136783, 0.267495, 0.0)], [-0.267491, -0.0122455, 0.963482, 0.0)], [-0.33737, -0.104974, -2.10005, 1.0)]])
-0.33737, -0.104974, -2.10005
float3(0.0122459, -0.27081, -1.57216)
1191014.89750325
normal
simd_float4x4([[0.00221669, -0.999466, 0.0326036, 0.0)], [0.961582, 0.0110804, 0.274293, 0.0)], [-0.274508, 0.030743, 0.961093, 0.0)], [-0.363276, -0.0986155, -2.21201, 1.0)]])
-0.363276, -0.0986155, -2.21201
float3(-0.0307479, -0.278213, -1.55971)
1191014.99755562
normal
simd_float4x4([[-0.0060782, -0.999062, 0.0428734, 0.0)], [0.952354, 0.00729074, 0.304909, 0.0)], [-0.304936, 0.0426839, 0.951416, 0.0)], [-0.378793, -0.0851119, -2.30466, 1.0)]])
-0.378793, -0.0851119, -2.30466
float3(-0.0426969, -0.310163, -1.5635)
1191015.097608
normal
simd_float4x4([[-0.00305842, -0.999569, 0.0291881, 0.0)], [0.941107, 0.00699135, 0.338037, 0.0)], [-0.338095, 0.028503, 0.94068, 0.0)], [-0.397831, -0.0876028, -2.39724, 1.0)]])
-0.397831, -0.0876028, -2.39724
float3(-0.0285068, -0.345038, -1.5638)
1191015.19766042
normal
simd_float4x4([[-0.00806116, -0.999034, 0.0431927, 0.0)], [0.939096, 0.00727693, 0.343579, 0.0)], [-0.343561, 0.0433318, 0.93813, 0.0)], [-0.413759, -0.103243, -2.50511, 1.0)]])
-0.413759, -0.103243, -2.50511
float3(-0.0433453, -0.35105, -1.56351)
1191015.29771279
normal
simd_float4x4([[-0.0149722, -0.998704, 0.0486418, 0.0)], [0.940697, 0.00242012, 0.33924, 0.0)], [-0.338918, 0.0508363, 0.939441, 0.0)], [-0.424294, -0.120253, -2.61396, 1.0)]])
-0.424294, -0.120253, -2.61396
float3(-0.0508583, -0.346233, -1.56837)
1191015.39776525
normal
simd_float4x4([[-0.0342241, -0.998445, 0.0439952, 0.0)], [0.948578, -0.0185907, 0.315997, 0.0)], [-0.314688, 0.0525476, 0.947739, 0.0)], [-0.419131, -0.127339, -2.72972, 1.0)]])
-0.419131, -0.127339, -2.72972
float3(-0.0525718, -0.320587, -1.58941)
1191015.4978175
normal
simd_float4x4([[-0.0226765, -0.998627, 0.0472203, 0.0)], [0.954186, -0.00752341, 0.29912, 0.0)], [-0.298354, 0.05184, 0.953046, 0.0)], [-0.423138, -0.113022, -2.84734, 1.0)]])
-0.423138, -0.113022, -2.84734
float3(-0.0518632, -0.303388, -1.57833)
1191015.59787
normal
simd_float4x4([[-0.0272756, -0.999183, 0.0298259, 0.0)], [0.952021, -0.0168669, 0.305568, 0.0)], [-0.304816, 0.0367294, 0.951703, 0.0)], [-0.422553, -0.101443, -2.95357, 1.0)]])
-0.422553, -0.101443, -2.95357
float3(-0.0367377, -0.309961, -1.58768)
1191015.69791129
normal
simd_float4x4([[-0.0227658, -0.998584, 0.0480856, 0.0)], [0.954435, -0.00739361, 0.298328, 0.0)], [-0.29755, 0.0526863, 0.953251, 0.0)], [-0.427623, -0.0992395, -3.06431, 1.0)]])
-0.427623, -0.0992395, -3.06431
float3(-0.0527107, -0.302559, -1.5782)
1191015.81456154
normal
simd_float4x4([[0.000105783, -0.99848, 0.0551126, 0.0)], [0.956148, 0.0162426, 0.292434, 0.0)], [-0.292885, 0.0526648, 0.954696, 0.0)], [-0.445481, -0.11501, -3.19849, 1.0)]])
-0.445481, -0.11501, -3.19849
float3(-0.0526892, -0.297668, -1.55453)
1191015.93121175
normal
simd_float4x4([[-0.0029672, -0.997557, 0.0698022, 0.0)], [0.957836, 0.0172192, 0.2868, 0.0)], [-0.287301, 0.06771, 0.955444, 0.0)], [-0.468698, -0.133874, -3.33826, 1.0)]])
-0.468698, -0.133874, -3.33826
float3(-0.0677618, -0.292098, -1.55354)
1191016.04786229
normal
simd_float4x4([[0.0146362, -0.998971, 0.042917, 0.0)], [0.957424, 0.0263778, 0.287477, 0.0)], [-0.288313, 0.0368822, 0.956826, 0.0)], [-0.498977, -0.144474, -3.47166, 1.0)]])
-0.498977, -0.144474, -3.47166
float3(-0.0368906, -0.29267, -1.5444)
1191016.16451275
normal
simd_float4x4([[0.0135468, -0.997322, 0.0718695, 0.0)], [0.959472, 0.0331989, 0.279844, 0.0)], [-0.28148, 0.0651658, 0.957352, 0.0)], [-0.520792, -0.132364, -3.59913, 1.0)]])
-0.520792, -0.132364, -3.59913
float3(-0.065212, -0.285961, -1.53752)
1191016.28116304
normal
simd_float4x4([[0.00461081, -0.998412, 0.0561429, 0.0)], [0.955428, 0.0209714, 0.294477, 0.0)], [-0.295187, 0.0522827, 0.954008, 0.0)], [-0.533596, -0.114389, -3.70887, 1.0)]])
-0.533596, -0.114389, -3.70887
float3(-0.0523065, -0.300075, -1.54979)
1191016.39781325
normal
simd_float4x4([[0.0118238, -0.999027, 0.0424949, 0.0)], [0.953346, 0.0240831, 0.300918, 0.0)], [-0.301648, 0.0369544, 0.952703, 0.0)], [-0.550493, -0.112419, -3.81981, 1.0)]])
-0.550493, -0.112419, -3.81981
float3(-0.0369628, -0.306637, -1.54669)
1191016.51446362
normal
simd_float4x4([[0.00927066, -0.999192, 0.0391137, 0.0)], [0.957999, 0.0200867, 0.286069, 0.0)], [-0.286623, 0.0348189, 0.95741, 0.0)], [-0.56622, -0.122161, -3.94272, 1.0)]])
-0.56622, -0.122161, -3.94272
