ARKit Data
261425.028599708
normal
simd_float4x4([[0.313522, -0.923544, -0.220842, 0.0)], [-0.344227, 0.106212, -0.93286, 0.0)], [0.884993, 0.368492, -0.284609, 0.0)], [14.2826, 0.0109016, -9.75949, 1.0)]])
14.2826, 0.0109016, -9.75949
float3(-0.377386, 1.88194, -1.45629)
261425.364122625
limited(__ObjC.ARCamera.TrackingState.Reason.initializing)
simd_float4x4([[0.117031, -0.916848, 0.3816, 0.0)], [0.993085, 0.108073, -0.0449531, 0.0)], [7.92958e-08, 0.384282, 0.923196, 0.0)], [0.0, 0.0, 0.0, 1.0)]])
0.0, 0.0, 0.0
float3(-0.39443, 8.58927e-08, -1.45346)
261425.480787833
limited(__ObjC.ARCamera.TrackingState.Reason.initializing)
simd_float4x4([[0.117031, -0.916848, 0.3816, 0.0)], [0.993085, 0.108073, -0.0449531, 0.0)], [7.92958e-08, 0.384282, 0.923196, 0.0)], [0.0, 0.0, 0.0, 1.0)]])
0.0, 0.0, 0.0
float3(-0.39443, 8.58927e-08, -1.45346)
261425.580844166
limited(__ObjC.ARCamera.TrackingState.Reason.initializing)
simd_float4x4([[-0.395138, -0.918002, -0.0337409, 0.0)], [-0.309837, 0.0986067, 0.945662, 0.0)], [-0.864793, 0.384122, -0.323395, 0.0)], [0.0, 0.0, 0.0, 1.0)]])
0.0, 0.0, 0.0
float3(-0.394256, -1.92865, -1.46379)
261425.680900458
limited(__ObjC.ARCamera.TrackingState.Reason.initializing)
simd_float4x4([[-0.41364, -0.90961, -0.0388705, 0.0)], [-0.304723, 0.0980865, 0.947377, 0.0)], [-0.857931, 0.403718, -0.317751, 0.0)], [0.0, 0.0, 0.0, 1.0)]])
0.0, 0.0, 0.0
float3(-0.415577, -1.9255, -1.46338)
261425.78095675
limited(__ObjC.ARCamera.TrackingState.Reason.initializing)
simd_float4x4([[-0.399437, -0.915864, -0.0405211, 0.0)], [-0.30374, 0.0905079, 0.948446, 0.0)], [-0.864981, 0.391152, -0.314337, 0.0)], [0.0, 0.0, 0.0, 1.0)]])
0.0, 0.0, 0.0
float3(-0.401883, -1.91936, -1.47229)
261425.881013
limited(__ObjC.ARCamera.TrackingState.Reason.initializing)
simd_float4x4([[-0.40134, -0.915051, -0.0400899, 0.0)], [-0.300366, 0.0901385, 0.949555, 0.0)], [-0.865278, 0.393136, -0.311027, 0.0)], [0.0, 0.0, 0.0, 1.0)]])
0.0, 0.0, 0.0
float3(-0.40404, -1.91587, -1.47261)
261425.981069416
limited(__ObjC.ARCamera.TrackingState.Reason.initializing)
simd_float4x4([[-0.404991, -0.913459, -0.0396838, 0.0)], [-0.297912, 0.0907993, 0.950265, 0.0)], [-0.864425, 0.396671, -0.308903, 0.0)], [0.0, 0.0, 0.0, 1.0)]])
0.0, 0.0, 0.0
float3(-0.407887, -1.91401, -1.47172)
261426.081125625
limited(__ObjC.ARCamera.TrackingState.Reason.initializing)
simd_float4x4([[-0.404919, -0.913589, -0.0373655, 0.0)], [-0.295232, 0.0919567, 0.95099, 0.0)], [-0.865378, 0.396105, -0.306956, 0.0)], [0.0, 0.0, 0.0, 1.0)]])
0.0, 0.0, 0.0
float3(-0.407271, -1.91166, -1.47048)
261426.181181958
limited(__ObjC.ARCamera.TrackingState.Reason.initializing)
simd_float4x4([[-0.404002, -0.914004, -0.0371223, 0.0)], [-0.292802, 0.0907631, 0.951855, 0.0)], [-0.86663, 0.395421, -0.304291, 0.0)], [0.0, 0.0, 0.0, 1.0)]])
0.0, 0.0, 0.0
float3(-0.406527, -1.90847, -1.47182)
261426.28123825
limited(__ObjC.ARCamera.TrackingState.Reason.initializing)
simd_float4x4([[-0.401773, -0.914962, -0.0377283, 0.0)], [-0.290207, 0.0881416, 0.952896, 0.0)], [-0.868538, 0.393797, -0.300941, 0.0)], [0.0, 0.0, 0.0, 1.0)]])
0.0, 0.0, 0.0
float3(-0.404758, -1.90434, -1.47476)
261426.381294541
limited(__ObjC.ARCamera.TrackingState.Reason.initializing)
simd_float4x4([[-0.396258, -0.917437, -0.0358954, 0.0)], [-0.286511, 0.0864166, 0.954172, 0.0)], [-0.872291, 0.388382, -0.297099, 0.0)], [0.0, 0.0, 0.0, 1.0)]])
0.0, 0.0, 0.0
float3(-0.398876, -1.89907, -1.47688)
261426.48135075
limited(__ObjC.ARCamera.TrackingState.Reason.initializing)
simd_float4x4([[-0.39294, -0.918926, -0.0342516, 0.0)], [-0.279939, 0.0840584, 0.95633, 0.0)], [-0.875918, 0.385369, -0.290274, 0.0)], [0.0, 0.0, 0.0, 1.0)]])
0.0, 0.0, 0.0
float3(-0.395607, -1.8908, -1.47958)
261426.581407083
limited(__ObjC.ARCamera.TrackingState.Reason.initializing)
simd_float4x4([[-0.384677, -0.922513, -0.0315192, 0.0)], [-0.268544, 0.0791794, 0.960008, 0.0)], [-0.883124, 0.377757, -0.278194, 0.0)], [0.0, 0.0, 0.0, 1.0)]])
0.0, 0.0, 0.0
float3(-0.387372, -1.87597, -1.48518)
261426.681463541
limited(__ObjC.ARCamera.TrackingState.Reason.initializing)
simd_float4x4([[-0.37691, -0.925809, -0.0285784, 0.0)], [-0.252285, 0.0729235, 0.964901, 0.0)], [-0.89123, 0.370891, -0.261053, 0.0)], [0.0, 0.0, 0.0, 1.0)]])
0.0, 0.0, 0.0
float3(-0.379968, -1.85574, -1.49219)
261426.781519708
limited(__ObjC.ARCamera.TrackingState.Reason.initializing)
simd_float4x4([[-0.363528, -0.931264, -0.0243907, 0.0)], [-0.234029, 0.0659506, 0.96999, 0.0)], [-0.901708, 0.358327, -0.241918, 0.0)], [0.0, 0.0, 0.0, 1.0)]])
0.0, 0.0, 0.0
float3(-0.366475, -1.83291, -1.5001)
261426.881576041
limited(__ObjC.ARCamera.TrackingState.Reason.initializing)
simd_float4x4([[-0.346286, -0.937969, -0.0172944, 0.0)], [-0.21753, 0.0623495, 0.97406, 0.0)], [-0.91256, 0.341066, -0.225627, 0.0)], [0.0, 0.0, 0.0, 1.0)]])
0.0, 0.0, 0.0
float3(-0.34805, -1.81318, -1.50442)
261426.98163225
limited(__ObjC.ARCamera.TrackingState.Reason.initializing)
simd_float4x4([[-0.336556, -0.941592, -0.0115848, 0.0)], [-0.20024, 0.0595405, 0.977936, 0.0)], [-0.920127, 0.33145, -0.208583, 0.0)], [0.0, 0.0, 0.0, 1.0)]])
0.0, 0.0, 0.0
float3(-0.33784, -1.79372, -1.50765)
261427.081688666
limited(__ObjC.ARCamera.TrackingState.Reason.initializing)
simd_float4x4([[-0.324648, -0.945749, -0.0127462, 0.0)], [-0.18357, 0.0497829, 0.981745, 0.0)], [-0.92785, 0.321062, -0.189773, 0.0)], [0.0, 0.0, 0.0, 1.0)]])
0.0, 0.0, 0.0
float3(-0.32685, -1.77254, -1.51821)
261427.181744833
limited(__ObjC.ARCamera.TrackingState.Reason.initializing)
simd_float4x4([[-0.3106, -0.950411, -0.0156569, 0.0)], [-0.16628, 0.0381091, 0.985342, 0.0)], [-0.935884, 0.308651, -0.169871, 0.0)], [0.0, 0.0, 0.0, 1.0)]])
0.0, 0.0, 0.0
float3(-0.313774, -1.75035, -1.53072)
261427.281801208
limited(__ObjC.ARCamera.TrackingState.Reason.initializing)
simd_float4x4([[-0.285951, -0.958151, -0.0133942, 0.0)], [-0.149111, 0.0306844, 0.988344, 0.0)], [-0.946572, 0.284615, -0.151645, 0.0)], [0.0, 0.0, 0.0, 1.0)]])
0.0, 0.0, 0.0
float3(-0.288605, -1.72965, -1.53878)
261427.3818575
limited(__ObjC.ARCamera.TrackingState.Reason.initializing)
simd_float4x4([[-0.248249, -0.96865, -0.00936506, 0.0)], [-0.136277, 0.0253507, 0.990346, 0.0)], [-0.959062, 0.247129, -0.138298, 0.0)], [0.0, 0.0, 0.0, 1.0)]])
0.0, 0.0, 0.0
float3(-0.249716, -1.71401, -1.54463)
261427.481913875
limited(__ObjC.ARCamera.TrackingState.Reason.initializing)
simd_float4x4([[-0.202404, -0.979223, -0.0123739, 0.0)], [-0.143206, 0.0170961, 0.989545, 0.0)], [-0.968774, 0.20206, -0.143691, 0.0)], [0.0, 0.0, 0.0, 1.0)]])
0.0, 0.0, 0.0
float3(-0.20346, -1.71804, -1.55334)
261427.581970208
limited(__ObjC.ARCamera.TrackingState.Reason.initializing)
simd_float4x4([[-0.150784, -0.988452, -0.0149464, 0.0)], [-0.149568, 0.0078657, 0.98872, 0.0)], [-0.977185, 0.151319, -0.149026, 0.0)], [0.0, 0.0, 0.0, 1.0)]])
0.0, 0.0, 0.0
float3(-0.151902, -1.72214, -1.56284)
261427.6820265
limited(__ObjC.ARCamera.TrackingState.Reason.initializing)
simd_float4x4([[-0.115085, -0.992956, -0.0281076, 0.0)], [-0.131211, -0.012852, 0.991271, 0.0)], [-0.98465, 0.117769, -0.128808, 0.0)], [0.0, 0.0, 0.0, 1.0)]])
0.0, 0.0, 0.0
float3(-0.118043, -1.70087, -1.58374)
261427.782082833
limited(__ObjC.ARCamera.TrackingState.Reason.initializing)
simd_float4x4([[-0.0962545, -0.994786, -0.0336813, 0.0)], [-0.12857, -0.0211288, 0.991475, 0.0)], [-0.987017, 0.0997644, -0.125865, 0.0)], [0.0, 0.0, 0.0, 1.0)]])
0.0, 0.0, 0.0
float3(-0.0999306, -1.69763, -1.59203)
261427.882139
limited(__ObjC.ARCamera.TrackingState.Reason.initializing)
simd_float4x4([[-0.0921305, -0.995175, -0.0337394, 0.0)], [-0.146946, -0.0199243, 0.988944, 0.0)], [-0.984844, 0.0960697, -0.144401, 0.0)], [0.0, 0.0, 0.0, 1.0)]])
0.0, 0.0, 0.0
float3(-0.0962181, -1.71638, -1.59081)
261427.9821955
limited(__ObjC.ARCamera.TrackingState.Reason.initializing)
simd_float4x4([[-0.098802, -0.994684, -0.0290098, 0.0)], [-0.185809, -0.010199, 0.982533, 0.0)], [-0.977606, 0.102467, -0.183813, 0.0)], [0.0, 0.0, 0.0, 1.0)]])
0.0, 0.0, 0.0
float3(-0.102647, -1.75665, -1.58105)
261428.08225175
limited(__ObjC.ARCamera.TrackingState.Reason.initializing)
simd_float4x4([[-0.104166, -0.994268, -0.0241042, 0.0)], [-0.237194, 0.00129882, 0.971461, 0.0)], [-0.965861, 0.106911, -0.23597, 0.0)], [0.0, 0.0, 0.0, 1.0)]])
0.0, 0.0, 0.0
float3(-0.107116, -1.81041, -1.56949)
261428.182308125
limited(__ObjC.ARCamera.TrackingState.Reason.initializing)
simd_float4x4([[-0.108912, -0.993898, -0.0174593, 0.0)], [-0.292752, 0.0152852, 0.956066, 0.0)], [-0.949965, 0.109238, -0.29263, 0.0)], [0.0, 0.0, 0.0, 1.0)]])
0.0, 0.0, 0.0
float3(-0.109457, -1.86962, -1.55542)
261428.282364333
limited(__ObjC.ARCamera.TrackingState.Reason.initializing)
simd_float4x4([[-0.108966, -0.993936, -0.0147808, 0.0)], [-0.355391, 0.0250668, 0.934381, 0.0)], [-0.928344, 0.107069, -0.355967, 0.0)], [0.0, 0.0, 0.0, 1.0)]])
0.0, 0.0, 0.0
float3(-0.107275, -1.93695, -1.54558)
261428.382420625
limited(__ObjC.ARCamera.TrackingState.Reason.initializing)
simd_float4x4([[-0.108248, -0.993984, -0.0166472, 0.0)], [-0.41202, 0.0296182, 0.910693, 0.0)], [-0.904722, 0.10544, -0.412747, 0.0)], [0.0, 0.0, 0.0, 1.0)]])
0.0, 0.0, 0.0
float3(-0.105636, -1.99881, -1.54101)
261428.482476958
limited(__ObjC.ARCamera.TrackingState.Reason.initializing)
simd_float4x4([[-0.112059, -0.993489, -0.0205639, 0.0)], [-0.466439, 0.0343161, 0.883887, 0.0)], [-0.877426, 0.10864, -0.467248, 0.0)], [0.0, 0.0, 0.0, 1.0)]])
0.0, 0.0, 0.0
float3(-0.108854, -2.06012, -1.53627)
261428.582533416
limited(__ObjC.ARCamera.TrackingState.Reason.initializing)
simd_float4x4([[-0.11777, -0.992665, -0.0273257, 0.0)], [-0.513715, 0.0373519, 0.857147, 0.0)], [-0.849839, 0.114984, -0.514346, 0.0)], [0.0, 0.0, 0.0, 1.0)]])
0.0, 0.0, 0.0
float3(-0.115238, -2.11505, -1.53319)
261428.6825895
limited(__ObjC.ARCamera.TrackingState.Reason.initializing)
simd_float4x4([[-0.11581, -0.992735, -0.0326338, 0.0)], [-0.555054, 0.037435, 0.830972, 0.0)], [-0.823713, 0.114349, -0.555357, 0.0)], [0.0, 0.0, 0.0, 1.0)]])
0.0, 0.0, 0.0
float3(-0.114599, -2.164, -1.53311)
261428.782646
limited(__ObjC.ARCamera.TrackingState.Reason.initializing)
simd_float4x4([[-0.112641, -0.99302, -0.0349761, 0.0)], [-0.588955, 0.0383735, 0.807254, 0.0)], [-0.800277, 0.111529, -0.589166, 0.0)], [0.0, 0.0, 0.0, 1.0)]])
0.0, 0.0, 0.0
float3(-0.111762, -2.20541, -1.53217)
261428.882702125
limited(__ObjC.ARCamera.TrackingState.Reason.initializing)
simd_float4x4([[-0.109432, -0.993177, -0.0402841, 0.0)], [-0.60991, 0.03509, 0.791693, 0.0)], [-0.784878, 0.111206, -0.609589, 0.0)], [0.0, 0.0, 0.0, 1.0)]])
0.0, 0.0, 0.0
float3(-0.111436, -2.23115, -1.53548)
261428.982758625
limited(__ObjC.ARCamera.TrackingState.Reason.initializing)
simd_float4x4([[-0.111307, -0.992765, -0.0450346, 0.0)], [-0.628096, 0.0351588, 0.777341, 0.0)], [-0.770134, 0.11481, -0.627465, 0.0)], [0.0, 0.0, 0.0, 1.0)]])
0.0, 0.0, 0.0
float3(-0.115064, -2.25447, -1.5354)
261429.082814958
limited(__ObjC.ARCamera.TrackingState.Reason.initializing)
simd_float4x4([[-0.109487, -0.992795, -0.0486874, 0.0)], [-0.646107, 0.0338606, 0.762495, 0.0)], [-0.755353, 0.114941, -0.645159, 0.0)], [0.0, 0.0, 0.0, 1.0)]])
0.0, 0.0, 0.0
float3(-0.115196, -2.27767, -1.5367)
261429.182871125
limited(__ObjC.ARCamera.TrackingState.Reason.initializing)
simd_float4x4([[-0.103707, -0.993304, -0.0509106, 0.0)], [-0.672838, 0.0323675, 0.739082, 0.0)], [-0.732485, 0.110902, -0.671689, 0.0)], [0.0, 0.0, 0.0, 1.0)]])
0.0, 0.0, 0.0
float3(-0.111131, -2.31292, -1.53822)
261429.282927583
normal
simd_float4x4([[-0.0720412, -0.996855, -0.0330196, 0.0)], [-0.717855, 0.0288376, 0.695595, 0.0)], [-0.692455, 0.0738148, -0.717675, 0.0)], [0.0, 7.45058e-09, 0.0, 1.0)]])
0.0, 7.45058e-09, 0.0
float3(-0.073882, -2.37408, -1.54188)
261429.382983833
normal
simd_float4x4([[-0.0797976, -0.995968, -0.0409996, 0.0)], [-0.765826, 0.0349261, 0.642099, 0.0)], [-0.638078, 0.0826365, -0.765525, 0.0)], [-0.0181778, 0.000402845, 0.0112952, 1.0)]])
-0.0181778, 0.000402845, 0.0112952
float3(-0.0827309, -2.44675, -1.53574)
261429.483040291
normal
simd_float4x4([[-0.0779754, -0.995908, -0.045675, 0.0)], [-0.819046, 0.0378725, 0.572477, 0.0)], [-0.568404, 0.082049, -0.818648, 0.0)], [-0.0368756, 0.00217384, 0.019224, 1.0)]])
-0.0368756, 0.00217384, 0.019224
float3(-0.0821414, -2.53469, -1.53279)
261429.583096416
normal
simd_float4x4([[-0.0733441, -0.995666, -0.057178, 0.0)], [-0.866831, 0.0352923, 0.497352, 0.0)], [-0.493178, 0.0860415, -0.865663, 0.0)], [-0.0536891, 0.00224574, 0.0258266, 1.0)]])
-0.0536891, 0.00224574, 0.0258266
float3(-0.086148, -2.62374, -1.53537)
261429.683152875
normal
simd_float4x4([[-0.0687787, -0.995031, -0.0719912, 0.0)], [-0.904093, 0.0316597, 0.426162, 0.0)], [-0.421766, 0.0943976, -0.901778, 0.0)], [-0.068511, 0.00302956, 0.0277106, 1.0)]])
-0.068511, 0.00302956, 0.0277106
float3(-0.0945384, -2.70411, -1.53899)
261429.783209125
normal
simd_float4x4([[-0.0583469, -0.995477, -0.0749745, 0.0)], [-0.930998, 0.027152, 0.364013, 0.0)], [-0.36033, 0.0910401, -0.928372, 0.0)], [-0.0872047, 0.00241849, 0.0289468, 1.0)]])
-0.0872047, 0.00241849, 0.0289468
float3(-0.0911663, -2.77136, -1.54353)
261429.8832655
normal
simd_float4x4([[-0.0549697, -0.9958, -0.073211, 0.0)], [-0.951115, 0.029904, 0.307387, 0.0)], [-0.303907, 0.086529, -0.948764, 0.0)], [-0.104452, 0.00145365, 0.0274969, 1.0)]])
-0.104452, 0.00145365, 0.0274969
float3(-0.0866374, -2.8316, -1.54078)
261429.983321916
normal
simd_float4x4([[-0.0523595, -0.995511, -0.0788389, 0.0)], [-0.968696, 0.0314474, 0.246251, 0.0)], [-0.242666, 0.0892645, -0.965994, 0.0)], [-0.121708, 0.000664479, 0.0254147, 1.0)]])
-0.121708, 0.000664479, 0.0254147
float3(-0.0893835, -2.89548, -1.53922)
261430.083378166
normal
simd_float4x4([[-0.0455764, -0.995338, -0.084996, 0.0)], [-0.984279, 0.0302097, 0.17402, 0.0)], [-0.170641, 0.091591, -0.981067, 0.0)], [-0.142292, -7.98181e-05, 0.0233864, 1.0)]])
-0.142292, -7.98181e-05, 0.0233864
float3(-0.0917195, -2.96938, -1.54045)
261430.183434583
normal
simd_float4x4([[-0.0368037, -0.995367, -0.088825, 0.0)], [-0.994681, 0.0279309, 0.0991443, 0.0)], [-0.096204, 0.0920014, -0.991101, 0.0)], [-0.166035, 0.00080198, 0.0214368, 1.0)]])
-0.166035, 0.00080198, 0.0214368
float3(-0.0921317, -3.04483, -1.54274)
261430.283490833
normal
simd_float4x4([[-0.0301375, -0.99637, -0.0796199, 0.0)], [-0.999233, 0.0280387, 0.027349, 0.0)], [-0.0250172, 0.080383, -0.99645, 0.0)], [-0.190209, 0.00274323, 0.0171376, 1.0)]])
-0.190209, 0.00274323, 0.0171376
float3(-0.0804698, -3.11649, -1.54266)
261430.383547125
normal
simd_float4x4([[-0.0212775, -0.996913, -0.0755756, 0.0)], [-0.998829, 0.0244824, -0.0417365, 0.0)], [0.043458, 0.074599, -0.996266, 0.0)], [-0.21188, 0.00391579, 0.0147942, 1.0)]])
-0.21188, 0.00391579, 0.0147942
float3(-0.0746684, 3.098, -1.54624)
261430.483603375
normal
simd_float4x4([[-0.0108984, -0.996989, -0.0767797, 0.0)], [-0.995313, 0.0181944, -0.0949764, 0.0)], [0.0960873, 0.0753848, -0.992514, 0.0)], [-0.227946, 0.00416787, 0.0153295, 1.0)]])
-0.227946, 0.00416787, 0.0153295
float3(-0.0754564, 3.04508, -1.55255)
261430.583659791
normal
simd_float4x4([[-0.0045563, -0.996782, -0.0800317, 0.0)], [-0.990082, 0.0157344, -0.139603, 0.0)], [0.140413, 0.0786019, -0.986968, 0.0)], [-0.242186, 0.00354306, 0.0181373, 1.0)]])
-0.242186, 0.00354306, 0.0181373
float3(-0.0786831, 3.00027, -1.55501)
261430.683716083
normal
simd_float4x4([[0.00123988, -0.996653, -0.0817349, 0.0)], [-0.985559, 0.0126222, -0.168863, 0.0)], [0.169329, 0.0807639, -0.982245, 0.0)], [-0.256463, 0.00150625, 0.0216741, 1.0)]])
-0.256463, 0.00150625, 0.0216741
float3(-0.0808519, 2.97088, -1.55813)
261430.783772375
normal
simd_float4x4([[0.0066888, -0.996327, -0.0853659, 0.0)], [-0.982854, 0.00918039, -0.184158, 0.0)], [0.184265, 0.085134, -0.979183, 0.0)], [-0.271408, 3.06235e-05, 0.0242713, 1.0)]])
-0.271408, 3.06235e-05, 0.0242713
float3(-0.0852372, 2.95559, -1.56158)
261430.88382875
normal
simd_float4x4([[0.00996873, -0.995812, -0.0908809, 0.0)], [-0.980866, 0.00793339, -0.19452, 0.0)], [0.194426, 0.0910811, -0.976679, 0.0)], [-0.287008, -0.0018121, 0.0266657, 1.0)]])
-0.287008, -0.0018121, 0.0266657
float3(-0.0912075, 2.94509, -1.56283)
261430.983885041
normal
simd_float4x4([[0.0127873, -0.995657, -0.0922183, 0.0)], [-0.979243, 0.00618785, -0.202594, 0.0)], [0.202284, 0.0928948, -0.974911, 0.0)], [-0.291029, -0.00424191, 0.022879, 1.0)]])
-0.291029, -0.00424191, 0.022879
float3(-0.0930289, 2.93701, -1.56458)
261431.083941458
normal
simd_float4x4([[0.0129711, -0.995615, -0.0926391, 0.0)], [-0.979337, 0.00604987, -0.202144, 0.0)], [0.201818, 0.093347, -0.974965, 0.0)], [-0.302289, -0.00462513, 0.0242384, 1.0)]])
-0.302289, -0.00462513, 0.0242384
float3(-0.0934831, 2.93747, -1.56472)
261431.183997875
normal
simd_float4x4([[0.0147208, -0.995207, -0.0966757, 0.0)], [-0.979223, 0.00520788, -0.202717, 0.0)], [0.202249, 0.0976513, -0.974454, 0.0)], [-0.301707, -0.00396308, 0.0250612, 1.0)]])
-0.301707, -0.00396308, 0.0250612
float3(-0.0978072, 2.93695, -1.56556)
261431.284054333
normal
simd_float4x4([[0.0182917, -0.995247, -0.0956443, 0.0)], [-0.979672, 0.0012726, -0.200602, 0.0)], [0.19977, 0.0973694, -0.974993, 0.0)], [-0.304864, -0.00458214, 0.0237396, 1.0)]])
-0.304864, -0.00458214, 0.0237396
float3(-0.0975239, 2.9395, -1.56952)
261431.384110541
normal
simd_float4x4([[0.0175336, -0.995212, -0.0961554, 0.0)], [-0.979387, 0.00226016, -0.201981, 0.0)], [0.201231, 0.0977148, -0.974658, 0.0)], [-0.305906, -0.0051702, 0.0230701, 1.0)]])
-0.305906, -0.0051702, 0.0230701
float3(-0.097871, 2.93799, -1.56853)
261431.484166875
normal
simd_float4x4([[0.0181389, -0.995235, -0.0957995, 0.0)], [-0.979135, 0.00171455, -0.203204, 0.0)], [0.2024, 0.0974865, -0.974439, 0.0)], [-0.308181, -0.00467598, 0.0213469, 1.0)]])
-0.308181, -0.00467598, 0.0213469
float3(-0.0976416, 2.9368, -1.56907)
261431.584223166
normal
simd_float4x4([[0.0192862, -0.995409, -0.0937499, 0.0)], [-0.975104, 0.00199108, -0.221738, 0.0)], [0.220907, 0.0956924, -0.970589, 0.0)], [-0.271734, -0.046326, 0.0241296, 1.0)]])
-0.271734, -0.046326, 0.0241296
float3(-0.095839, 2.9178, -1.5688)
261431.684279625
normal
simd_float4x4([[0.0199258, -0.995592, -0.0916474, 0.0)], [-0.975875, 0.000566829, -0.21833, 0.0)], [0.21742, 0.0937868, -0.971562, 0.0)], [-0.272433, -0.0469986, 0.0225486, 1.0)]])
-0.272433, -0.0469986, 0.0225486
float3(-0.0939249, 2.92144, -1.57023)
261431.784335791
normal
simd_float4x4([[0.0196474, -0.995515, -0.0925402, 0.0)], [-0.977052, 0.00051674, -0.212999, 0.0)], [0.212091, 0.0946015, -0.97266, 0.0)], [-0.277062, -0.0517471, 0.0258566, 1.0)]])
-0.277062, -0.0517471, 0.0258566
float3(-0.0947431, 2.9269, -1.57028)
261431.884392208
normal
simd_float4x4([[0.0194155, -0.995628, -0.0913663, 0.0)], [-0.981963, -0.00179879, -0.189067, 0.0)], [0.188076, 0.0933892, -0.977705, 0.0)], [-0.319015, -0.0493057, 0.02412, 1.0)]])
-0.319015, -0.0493057, 0.02412
float3(-0.0935254, 2.95155, -1.5726)
261431.9844485
normal
simd_float4x4([[0.0217339, -0.995622, -0.0909051, 0.0)], [-0.981975, -0.00418271, -0.188963, 0.0)], [0.187756, 0.0933734, -0.977768, 0.0)], [-0.316565, -0.0448183, 0.0227658, 1.0)]])
-0.316565, -0.0448183, 0.0227658
float3(-0.0935097, 2.95188, -1.575)
261432.084504833
normal
simd_float4x4([[0.0243578, -0.995556, -0.0909658, 0.0)], [-0.981921, -0.00673941, -0.18917, 0.0)], [0.187716, 0.093929, -0.977722, 0.0)], [-0.316765, -0.0429639, 0.0229136, 1.0)]])
-0.316765, -0.0429639, 0.0229136
float3(-0.0940677, 2.95191, -1.57757)
261432.184561375
normal
simd_float4x4([[0.0250533, -0.995581, -0.090506, 0.0)], [-0.982235, -0.00767238, -0.187499, 0.0)], [0.185976, 0.0935956, -0.978086, 0.0)], [-0.316359, -0.0425214, 0.022504, 1.0)]])
-0.316359, -0.0425214, 0.022504
float3(-0.0937328, 2.95369, -1.5785)
261432.2846175
normal
simd_float4x4([[0.0253154, -0.995413, -0.0922553, 0.0)], [-0.983112, -0.00805819, -0.182826, 0.0)], [0.181244, 0.0953257, -0.978807, 0.0)], [-0.31682, -0.0421103, 0.0232062, 1.0)]])
-0.31682, -0.0421103, 0.0232062
float3(-0.0954706, 2.9585, -1.57889)
261432.384674083
normal
simd_float4x4([[0.0267423, -0.995426, -0.0917208, 0.0)], [-0.985151, -0.0106772, -0.171356, 0.0)], [0.169593, 0.0949414, -0.98093, 0.0)], [-0.317122, -0.0433359, 0.022356, 1.0)]])
-0.317122, -0.0433359, 0.022356
float3(-0.0950846, 2.9704, -1.58152)
261432.484730291
normal
simd_float4x4([[0.0250481, -0.995742, -0.0887179, 0.0)], [-0.981326, -0.00756055, -0.192205, 0.0)], [0.190716, 0.0918756, -0.977336, 0.0)], [-0.232691, -4.54113e-05, 0.0382126, 1.0)]])
-0.232691, -4.54113e-05, 0.0382126
float3(-0.0920053, 2.94888, -1.57839)
261432.58478675
normal
simd_float4x4([[0.02079, -0.996089, -0.0858706, 0.0)], [-0.986988, -0.00675059, -0.160652, 0.0)], [0.159444, 0.0880932, -0.983269, 0.0)], [-0.236755, -0.00369746, 0.0327065, 1.0)]])
-0.236755, -0.00369746, 0.0327065
float3(-0.0882075, 2.98083, -1.57757)
261432.684842958
normal
simd_float4x4([[0.0161021, -0.99634, -0.0839425, 0.0)], [-0.993349, -0.00636768, -0.114967, 0.0)], [0.114012, 0.0852354, -0.989816, 0.0)], [-0.236356, -0.00697698, 0.0291246, 1.0)]])
-0.236356, -0.00697698, 0.0291246
float3(-0.0853389, 3.02691, -1.57719)
261432.784899458
normal
simd_float4x4([[0.0104442, -0.996453, -0.0834949, 0.0)], [-0.998555, -0.00599148, -0.0534025, 0.0)], [0.0527129, 0.083932, -0.995076, 0.0)], [-0.22934, -0.00934155, 0.0269999, 1.0)]])
-0.22934, -0.00934155, 0.0269999
float3(-0.0840308, 3.08867, -1.57681)
261432.88495575
normal
simd_float4x4([[0.00392113, -0.996811, -0.0797069, 0.0)], [-0.999768, -0.00559624, 0.0208035, 0.0)], [-0.0211831, 0.0796069, -0.996601, 0.0)], [-0.215092, -0.00993605, 0.0242014, 1.0)]])
-0.215092, -0.00993605, 0.0242014
float3(-0.0796912, -3.12034, -1.57641)
261432.985012083
normal
simd_float4x4([[-0.00555794, -0.996928, -0.078124, 0.0)], [-0.994644, -0.00255215, 0.103329, 0.0)], [-0.103211, 0.0782799, -0.991574, 0.0)], [-0.195166, -0.00894565, 0.0231795, 1.0)]])
-0.195166, -0.00894565, 0.0231795
float3(-0.0783601, -3.03788, -1.57336)
261433.085068458
normal
simd_float4x4([[-0.0152925, -0.9972, -0.0732059, 0.0)], [-0.981519, 0.00100374, 0.191364, 0.0)], [-0.190754, 0.0747794, -0.978785, 0.0)], [-0.173237, -0.00791523, 0.0205218, 1.0)]])
-0.173237, -0.00791523, 0.0205218
float3(-0.0748493, -2.94912, -1.56979)
261433.185124833
normal
simd_float4x4([[-0.0218898, -0.997163, -0.0720266, 0.0)], [-0.960667, 0.00102972, 0.277703, 0.0)], [-0.27684, 0.0752724, -0.957963, 0.0)], [-0.154372, -0.00726189, 0.0157056, 1.0)]])
-0.154372, -0.00726189, 0.0157056
float3(-0.0753436, -2.86027, -1.56976)
261433.285181291
normal
simd_float4x4([[-0.0299974, -0.997086, -0.0701358, 0.0)], [-0.933154, 0.00278889, 0.359466, 0.0)], [-0.358223, 0.0762305, -0.930519, 0.0)], [-0.132496, -0.0043988, 0.00986315, 1.0)]])
-0.132496, -0.0043988, 0.00986315
float3(-0.0763046, -2.77411, -1.568)
261433.385237541
normal
simd_float4x4([[-0.0350887, -0.996776, -0.0721616, 0.0)], [-0.899203, -2.11564e-05, 0.437531, 0.0)], [-0.436122, 0.0802403, -0.896303, 0.0)], [-0.110316, -0.0009861, 0.00517725, 1.0)]])
-0.110316, -0.0009861, 0.00517725
float3(-0.0803267, -2.68874, -1.57082)
261433.485293916
normal
simd_float4x4([[-0.0429034, -0.99634, -0.0739347, 0.0)], [-0.863859, -0.000181571, 0.503734, 0.0)], [-0.501903, 0.0854811, -0.860689, 0.0)], [-0.0883543, 0.000495969, -0.000252304, 1.0)]])
-0.0883543, 0.000495969, -0.000252304
float3(-0.0855855, -2.61366, -1.57098)
261433.585350291
normal
simd_float4x4([[-0.0519768, -0.995488, -0.0793829, 0.0)], [-0.823528, -0.0022373, 0.56727, 0.0)], [-0.564888, 0.0948589, -0.819697, 0.0)], [-0.0645636, 0.00111055, -0.00572814, 1.0)]])
-0.0645636, 0.00111055, -0.00572814
float3(-0.0950018, -2.53819, -1.57304)
261433.685406666
normal
simd_float4x4([[-0.0631023, -0.994912, -0.078543, 0.0)], [-0.778334, -0.00019954, 0.62785, 0.0)], [-0.624671, 0.100751, -0.774361, 0.0)], [-0.0380768, 0.00246261, -0.0157181, 1.0)]])
-0.0380768, 0.00246261, -0.0157181
float3(-0.100923, -2.46278, -1.571)
261433.785462958
normal
simd_float4x4([[-0.0727901, -0.994636, -0.0734968, 0.0)], [-0.727446, 0.00253388, 0.68616, 0.0)], [-0.682293, 0.103411, -0.723728, 0.0)], [-0.0110178, 0.00359897, -0.028566, 1.0)]])
-0.0110178, 0.00359897, -0.028566
float3(-0.103596, -2.38566, -1.56825)
261433.885519416
normal
simd_float4x4([[-0.0745792, -0.994953, -0.0671316, 0.0)], [-0.664598, -0.000598683, 0.747201, 0.0)], [-0.74347, 0.100341, -0.661199, 0.0)], [0.0163243, 0.00513693, -0.0436486, 1.0)]])
0.0163243, 0.00513693, -0.0436486
float3(-0.10051, -2.29769, -1.5714)
261433.985575666
normal
simd_float4x4([[-0.0731983, -0.9958, -0.0549973, 0.0)], [-0.595646, -0.00057852, 0.803247, 0.0)], [-0.799905, 0.0915552, -0.593102, 0.0)], [0.0432175, 0.00809485, -0.0619589, 1.0)]])
0.0432175, 0.00809485, -0.0619589
float3(-0.0916836, -2.20881, -1.57138)
261434.085632041
normal
simd_float4x4([[-0.0693281, -0.996582, -0.0449145, 0.0)], [-0.518422, -0.00247464, 0.855121, 0.0)], [-0.85231, 0.0825686, -0.516478, 0.0)], [0.0676479, 0.010977, -0.0795237, 1.0)]])
0.0676479, 0.010977, -0.0795237
float3(-0.0826628, -2.1156, -1.57328)
261434.185688375
normal
simd_float4x4([[-0.0662898, -0.997068, -0.0382348, 0.0)], [-0.44111, -0.00508724, 0.897439, 0.0)], [-0.895002, 0.0763568, -0.439479, 0.0)], [0.089724, 0.0131995, -0.094928, 1.0)]])
0.089724, 0.0131995, -0.094928
float3(-0.0764312, -2.02725, -1.5759)
261434.285744833
normal
simd_float4x4([[-0.0653142, -0.997248, -0.0350702, 0.0)], [-0.368747, -0.00853654, 0.929491, 0.0)], [-0.927232, 0.073641, -0.367175, 0.0)], [0.111571, 0.0140938, -0.108668, 1.0)]])
0.111571, 0.0140938, -0.108668
float3(-0.0737077, -1.94784, -1.57936)
261434.385801125
normal
simd_float4x4([[-0.069091, -0.997063, -0.0330313, 0.0)], [-0.300274, -0.0107904, 0.953792, 0.0)], [-0.951347, 0.0758169, -0.298647, 0.0)], [0.130501, 0.0134971, -0.123384, 1.0)]])
0.130501, 0.0134971, -0.123384
float3(-0.0758897, -1.87497, -1.58162)
261434.485857416
normal
simd_float4x4([[-0.0801825, -0.996346, -0.0294247, 0.0)], [-0.235606, -0.0097391, 0.9718, 0.0)], [-0.968535, 0.084854, -0.233964, 0.0)], [0.146842, 0.0130998, -0.139125, 1.0)]])
0.146842, 0.0130998, -0.139125
float3(-0.0849562, -1.80782, -1.58057)
261434.585913916
normal
simd_float4x4([[-0.0904183, -0.995634, -0.0231863, 0.0)], [-0.176947, -0.0068506, 0.984197, 0.0)], [-0.980058, 0.0930922, -0.175555, 0.0)], [0.23014, 0.0141378, -0.123426, 1.0)]])
0.23014, 0.0141378, -0.123426
float3(-0.0932272, -1.74804, -1.57768)
261434.685970166
normal
simd_float4x4([[-0.0986055, -0.994976, -0.0173325, 0.0)], [-0.11706, -0.00569891, 0.993108, 0.0)], [-0.988217, 0.0999549, -0.11591, 0.0)], [0.238069, 0.01281, -0.140626, 1.0)]])
0.238069, 0.01281, -0.140626
float3(-0.100122, -1.68756, -1.57652)
261434.786026541
normal
simd_float4x4([[-0.102579, -0.994614, -0.0148814, 0.0)], [-0.0599407, -0.00875261, 0.998164, 0.0)], [-0.992917, 0.103283, -0.05872, 0.0)], [0.243329, 0.00982745, -0.156067, 1.0)]])
0.243329, 0.00982745, -0.156067
float3(-0.103467, -1.62987, -1.5796)
261434.886082791
normal
simd_float4x4([[-0.108732, -0.994032, -0.00876948, 0.0)], [-0.00446471, -0.00833337, 0.999955, 0.0)], [-0.994061, 0.108767, -0.00353194, 0.0)], [0.248118, 0.00860476, -0.174278, 1.0)]])
0.248118, 0.00860476, -0.174278
float3(-0.108982, -1.57435, -1.57918)
261434.986139375
normal
simd_float4x4([[-0.116181, -0.993228, -1.80818e-05, 0.0)], [0.0560187, -0.00657085, 0.998408, 0.0)], [-0.991647, 0.115995, 0.0564028, 0.0)], [0.250639, 0.0085501, -0.193151, 1.0)]])
0.250639, 0.0085501, -0.193151
float3(-0.116256, -1.51398, -1.57741)
261435.086195583
normal
simd_float4x4([[-0.123639, -0.992291, 0.00845084, 0.0)], [0.125037, -0.00713009, 0.992126, 0.0)], [-0.984418, 0.123722, 0.124955, 0.0)], [0.253521, 0.00894, -0.213558, 1.0)]])
0.253521, 0.00894, -0.213558
float3(-0.12404, -1.44454, -1.57798)
261435.186252041
normal
simd_float4x4([[-0.123863, -0.992198, 0.0141979, 0.0)], [0.202812, -0.0113072, 0.979152, 0.0)], [-0.971352, 0.12416, 0.20263, 0.0)], [0.25481, 0.00986484, -0.234738, 1.0)]])
0.25481, 0.00986484, -0.234738
float3(-0.124481, -1.36514, -1.58219)
261435.286308291
normal
simd_float4x4([[-0.123875, -0.99214, 0.0176946, 0.0)], [0.29759, -0.0201332, 0.954481, 0.0)], [-0.946623, 0.123503, 0.297745, 0.0)], [0.254741, 0.0118816, -0.257227, 1.0)]])
0.254741, 0.0118816, -0.257227
float3(-0.123819, -1.26606, -1.59109)
261435.38636475
normal
simd_float4x4([[-0.124079, -0.991974, 0.0243157, 0.0)], [0.403083, -0.0279966, 0.914735, 0.0)], [-0.906713, 0.123301, 0.403322, 0.0)], [0.250036, 0.0145012, -0.28341, 1.0)]])
0.250036, 0.0145012, -0.28341
float3(-0.123615, -1.15226, -1.59901)
261435.48642125
normal
simd_float4x4([[-0.116577, -0.992423, 0.0388043, 0.0)], [0.501641, -0.0251157, 0.864711, 0.0)], [-0.857185, 0.120271, 0.500768, 0.0)], [0.240535, 0.0179648, -0.309303, 1.0)]])
0.240535, 0.0179648, -0.309303
float3(-0.120563, -1.04207, -1.5961)
261435.5864775
normal
simd_float4x4([[-0.113005, -0.991949, 0.0571567, 0.0)], [0.607853, -0.0235145, 0.793701, 0.0)], [-0.785967, 0.124435, 0.605617, 0.0)], [0.228077, 0.0214231, -0.337551, 1.0)]])
0.228077, 0.0214231, -0.337551
float3(-0.124759, -0.914281, -1.5945)
261435.686534
normal
simd_float4x4([[-0.102425, -0.991932, 0.0747041, 0.0)], [0.706231, -0.0196253, 0.707709, 0.0)], [-0.700533, 0.125245, 0.702543, 0.0)], [0.21191, 0.0245184, -0.362943, 1.0)]])
0.21191, 0.0245184, -0.362943
float3(-0.125575, -0.783965, -1.59058)
261435.786590083
normal
simd_float4x4([[-0.0839818, -0.9917, 0.0973523, 0.0)], [0.787016, -0.00608877, 0.616902, 0.0)], [-0.611189, 0.128426, 0.780996, 0.0)], [0.195231, 0.0266462, -0.38826, 1.0)]])
0.195231, 0.0266462, -0.38826
float3(-0.128782, -0.664026, -1.57694)
261435.886646666
normal
simd_float4x4([[-0.0712189, -0.990802, 0.115062, 0.0)], [0.856817, -0.00170952, 0.515617, 0.0)], [-0.510678, 0.135308, 0.849058, 0.0)], [0.176845, 0.0278179, -0.407304, 1.0)]])
0.176845, 0.0278179, -0.407304
float3(-0.135725, -0.541495, -1.57252)
261435.986702916
normal
simd_float4x4([[-0.0547438, -0.991101, 0.121332, 0.0)], [0.904236, 0.00233139, 0.427026, 0.0)], [-0.423509, 0.13309, 0.896062, 0.0)], [0.160097, 0.028492, -0.418477, 1.0)]])
0.160097, 0.028492, -0.418477
float3(-0.133486, -0.441516, -1.56844)
261436.086759333
normal
simd_float4x4([[-0.0440177, -0.992046, 0.117927, 0.0)], [0.937886, -0.000372763, 0.346943, 0.0)], [-0.34414, 0.125873, 0.930443, 0.0)], [0.147395, 0.0294214, -0.427796, 1.0)]])
0.147395, 0.0294214, -0.427796
float3(-0.126208, -0.354262, -1.57117)
261436.18681575
normal
simd_float4x4([[-0.0385211, -0.992585, 0.115288, 0.0)], [0.962689, -0.00593743, 0.270544, 0.0)], [-0.267854, 0.121408, 0.95578, 0.0)], [0.135162, 0.0292875, -0.432631, 1.0)]])
0.135162, 0.0292875, -0.432631
float3(-0.121708, -0.273237, -1.57678)
261436.286872125
normal
simd_float4x4([[-0.0302481, -0.992516, 0.118311, 0.0)], [0.978979, -0.00553187, 0.203885, 0.0)], [-0.201704, 0.121991, 0.97182, 0.0)], [0.122977, 0.0289516, -0.435462, 1.0)]])
0.122977, 0.0289516, -0.435462
float3(-0.122296, -0.204648, -1.57637)
261436.3869285
normal
simd_float4x4([[-0.0176756, -0.992735, 0.119016, 0.0)], [0.989293, -0.000117463, 0.145945, 0.0)], [-0.14487, 0.120321, 0.982108, 0.0)], [0.109736, 0.0296778, -0.43457, 1.0)]])
0.109736, 0.0296778, -0.43457
float3(-0.120613, -0.146453, -1.57091)
261436.486984958
normal
simd_float4x4([[-0.000844851, -0.992897, 0.118973, 0.0)], [0.995131, 0.0108907, 0.0979549, 0.0)], [-0.0985548, 0.118477, 0.988054, 0.0)], [0.096155, 0.0306618, -0.431043, 1.0)]])
0.096155, 0.0306618, -0.431043
float3(-0.118756, -0.0994176, -1.55983)
261436.587041291
normal
simd_float4x4([[0.0145368, -0.99291, 0.117979, 0.0)], [0.997504, 0.0225536, 0.066903, 0.0)], [-0.0690895, 0.116712, 0.99076, 0.0)], [0.0844185, 0.0311578, -0.425228, 1.0)]])
0.0844185, 0.0311578, -0.425228
float3(-0.116979, -0.0696212, -1.54809)
261436.687097625
normal
simd_float4x4([[0.0242746, -0.992837, 0.116989, 0.0)], [0.998482, 0.029866, 0.0462805, 0.0)], [-0.049443, 0.115688, 0.992054, 0.0)], [0.0753099, 0.0314154, -0.419839, 1.0)]])
0.0753099, 0.0314154, -0.419839
float3(-0.115947, -0.0497978, -1.54072)
261436.787154166
normal
simd_float4x4([[0.0344678, -0.992548, 0.116878, 0.0)], [0.998585, 0.0389431, 0.0362251, 0.0)], [-0.0405068, 0.115464, 0.992485, 0.0)], [0.0681316, 0.032331, -0.414119, 1.0)]])
0.0681316, 0.032331, -0.414119
float3(-0.115722, -0.0407909, -1.53158)
261436.887210375
normal
simd_float4x4([[0.0402371, -0.992816, 0.112685, 0.0)], [0.998663, 0.0436216, 0.0277311, 0.0)], [-0.0324474, 0.111419, 0.993244, 0.0)], [0.0641793, 0.0348085, -0.407709, 1.0)]])
0.0641793, 0.0348085, -0.407709
float3(-0.11165, -0.0326565, -1.52689)
261436.987266833
normal
simd_float4x4([[0.045076, -0.993345, 0.105987, 0.0)], [0.998599, 0.0477465, 0.0227944, 0.0)], [-0.0277034, 0.104811, 0.994106, 0.0)], [0.0618699, 0.0369023, -0.401572, 1.0)]])
0.0618699, 0.0369023, -0.401572
float3(-0.105004, -0.0278604, -1.52277)
261437.087323083
normal
simd_float4x4([[0.0486771, -0.993068, 0.106987, 0.0)], [0.998477, 0.0511634, 0.0206175, 0.0)], [-0.0259485, 0.10582, 0.994047, 0.0)], [0.0606161, 0.0370217, -0.399925, 1.0)]])
0.0606161, 0.0370217, -0.399925
float3(-0.106019, -0.0260979, -1.51932)
261437.187379458
normal
simd_float4x4([[0.0508296, -0.992551, 0.110719, 0.0)], [0.998392, 0.0532842, 0.0193227, 0.0)], [-0.0250784, 0.109558, 0.993664, 0.0)], [0.0628358, 0.0358578, -0.401688, 1.0)]])
0.0628358, 0.0358578, -0.401688
float3(-0.109779, -0.0252329, -1.51716)
261437.287435916
normal
simd_float4x4([[0.0493875, -0.992477, 0.112031, 0.0)], [0.998478, 0.0518181, 0.0188873, 0.0)], [-0.0245505, 0.110928, 0.993525, 0.0)], [0.0644257, 0.0354242, -0.403283, 1.0)]])
0.0644257, 0.0354242, -0.403283
float3(-0.111157, -0.0247054, -1.51863)
261437.387492291
normal
simd_float4x4([[0.0466746, -0.992604, 0.112066, 0.0)], [0.998594, 0.0491861, 0.0197505, 0.0)], [-0.0251166, 0.110986, 0.993504, 0.0)], [0.0663773, 0.0347764, -0.406304, 1.0)]])
0.0663773, 0.0347764, -0.406304
float3(-0.111215, -0.0252754, -1.52128)
261437.487548625
normal
simd_float4x4([[0.0452052, -0.992598, 0.112716, 0.0)], [0.998645, 0.0478133, 0.0205431, 0.0)], [-0.0257805, 0.111634, 0.993415, 0.0)], [0.0662843, 0.0342726, -0.408566, 1.0)]])
0.0662843, 0.0342726, -0.408566
float3(-0.111868, -0.0259455, -1.52266)
261437.587605083
normal
simd_float4x4([[0.0485388, -0.991688, 0.119162, 0.0)], [0.998361, 0.0517902, 0.0243401, 0.0)], [-0.0303092, 0.117785, 0.992576, 0.0)], [0.0640717, 0.0337259, -0.412575, 1.0)]])
0.0640717, 0.0337259, -0.412575
float3(-0.118059, -0.0305264, -1.51862)
261437.687661583
normal
simd_float4x4([[0.0484448, -0.992155, 0.115248, 0.0)], [0.998139, 0.0523652, 0.0312347, 0.0)], [-0.0370246, 0.11352, 0.992846, 0.0)], [0.0643695, 0.0347926, -0.4125, 1.0)]])
0.0643695, 0.0347926, -0.4125
float3(-0.113766, -0.0372742, -1.51807)
261437.787717791
normal
simd_float4x4([[0.0471695, -0.992037, 0.116778, 0.0)], [0.997613, 0.0526878, 0.0446255, 0.0)], [-0.050423, 0.114394, 0.992155, 0.0)], [0.0666287, 0.0348015, -0.412484, 1.0)]])
0.0666287, 0.0348015, -0.412484
float3(-0.114645, -0.050778, -1.51774)
261437.887774291
normal
simd_float4x4([[0.0457688, -0.991537, 0.121488, 0.0)], [0.996731, 0.0534339, 0.060603, 0.0)], [-0.0665817, 0.118317, 0.990741, 0.0)], [0.0689241, 0.0345208, -0.413344, 1.0)]])
0.0689241, 0.0345208, -0.413344
float3(-0.118595, -0.067103, -1.51696)
261437.987830541
normal
simd_float4x4([[0.0418876, -0.991721, 0.121384, 0.0)], [0.995625, 0.0515874, 0.0779016, 0.0)], [-0.0835186, 0.11759, 0.989544, 0.0)], [0.0739334, 0.0351483, -0.415818, 1.0)]])
0.0739334, 0.0351483, -0.415818
float3(-0.117863, -0.0842016, -1.51883)
261438.087887
normal
simd_float4x4([[0.0363232, -0.9924, 0.117567, 0.0)], [0.993817, 0.0482234, 0.100013, 0.0)], [-0.104923, 0.113208, 0.988016, 0.0)], [0.0792195, 0.0356466, -0.414593, 1.0)]])
0.0792195, 0.0356466, -0.414593
float3(-0.113451, -0.105799, -1.52224)
261438.187943375
normal
simd_float4x4([[0.0280562, -0.99213, 0.122026, 0.0)], [0.990314, 0.044194, 0.131626, 0.0)], [-0.135983, 0.117151, 0.98376, 0.0)], [0.0864901, 0.0347946, -0.414946, 1.0)]])
0.0864901, 0.0347946, -0.414946
float3(-0.117421, -0.137358, -1.52628)
261438.287999916
normal
simd_float4x4([[0.0219741, -0.992017, 0.124173, 0.0)], [0.983957, 0.0434541, 0.17303, 0.0)], [-0.177044, 0.118379, 0.977058, 0.0)], [0.0952204, 0.0358273, -0.412533, 1.0)]])
0.0952204, 0.0358273, -0.412533
float3(-0.118657, -0.179256, -1.52702)
261438.38805625
normal
simd_float4x4([[0.0152913, -0.992202, 0.1237, 0.0)], [0.974373, 0.0425539, 0.220877, 0.0)], [-0.224419, 0.117153, 0.967425, 0.0)], [0.104532, 0.0361096, -0.407358, 1.0)]])
0.104532, 0.0361096, -0.407358
float3(-0.117423, -0.227944, -1.52793)
261438.488112666
normal
simd_float4x4([[0.00550433, -0.992049, 0.125728, 0.0)], [0.960164, 0.0403704, 0.276504, 0.0)], [-0.279381, 0.119198, 0.952753, 0.0)], [0.115646, 0.0349635, -0.402999, 1.0)]])
0.115646, 0.0349635, -0.402999
float3(-0.119482, -0.28524, -1.53012)
261438.588168916
normal
simd_float4x4([[-0.0077072, -0.992511, 0.121907, 0.0)], [0.936364, 0.0356222, 0.349217, 0.0)], [-0.350945, 0.116841, 0.929078, 0.0)], [0.110061, 0.0382356, -0.397368, 1.0)]])
0.110061, 0.0382356, -0.397368
float3(-0.117109, -0.361166, -1.53492)
261438.6882255
normal
simd_float4x4([[-0.0199485, -0.992652, 0.119345, 0.0)], [0.912121, 0.0308146, 0.408761, 0.0)], [-0.409435, 0.117012, 0.904805, 0.0)], [0.121224, 0.0384482, -0.390552, 1.0)]])
0.121224, 0.0384482, -0.390552
float3(-0.11728, -0.424941, -1.53976)
261438.788281916
normal
simd_float4x4([[-0.0308248, -0.992777, 0.115946, 0.0)], [0.883435, 0.0271999, 0.467763, 0.0)], [-0.467538, 0.11685, 0.876216, 0.0)], [0.133851, 0.0381358, -0.379499, 1.0)]])
0.133851, 0.0381358, -0.379499
float3(-0.117117, -0.490155, -1.54341)
261438.888338208
normal
simd_float4x4([[-0.041235, -0.99272, 0.113165, 0.0)], [0.85026, 0.0246194, 0.525787, 0.0)], [-0.524745, 0.1179, 0.843055, 0.0)], [0.146368, 0.0368978, -0.368958, 1.0)]])
0.146368, 0.0368978, -0.368958
float3(-0.118175, -0.556751, -1.546)
261438.988394791
normal
simd_float4x4([[-0.0567449, -0.992262, 0.110438, 0.0)], [0.810339, 0.0188422, 0.585658, 0.0)], [-0.583207, 0.122725, 0.803, 0.0)], [0.161184, 0.0358031, -0.356914, 1.0)]])
0.161184, 0.0358031, -0.356914
float3(-0.123036, -0.62815, -1.55181)
261439.088451041
normal
simd_float4x4([[-0.0701119, -0.992099, 0.104034, 0.0)], [0.763549, 0.0137392, 0.645603, 0.0)], [-0.641932, 0.124699, 0.756554, 0.0)], [0.176186, 0.0350546, -0.341333, 1.0)]])
0.176186, 0.0350546, -0.341333
float3(-0.125025, -0.70362, -1.55695)
261439.1885075
normal
simd_float4x4([[-0.0829649, -0.991644, 0.0987917, 0.0)], [0.710651, 0.0106261, 0.703465, 0.0)], [-0.698636, 0.128569, 0.703831, 0.0)], [0.188922, 0.0335169, -0.32498, 1.0)]])
0.188922, 0.0335169, -0.32498
float3(-0.128926, -0.781694, -1.56008)
261439.288563791
normal
simd_float4x4([[-0.0922624, -0.991422, 0.0925755, 0.0)], [0.651598, 0.0101876, 0.758496, 0.0)], [-0.752933, 0.130303, 0.645068, 0.0)], [0.200555, 0.033216, -0.307644, 1.0)]])
0.200555, 0.033216, -0.307644
float3(-0.130674, -0.862402, -1.56052)
261439.388620291
normal
simd_float4x4([[-0.105845, -0.990711, 0.0853755, 0.0)], [0.582542, 0.00780323, 0.812763, 0.0)], [-0.805879, 0.135762, 0.576305, 0.0)], [0.212153, 0.0318346, -0.288274, 1.0)]])
0.212153, 0.0318346, -0.288274
float3(-0.136182, -0.949991, -1.56292)
261439.488676625
normal
simd_float4x4([[-0.12007, -0.989945, 0.0747866, 0.0)], [0.500765, 0.00465306, 0.865571, 0.0)], [-0.857215, 0.141379, 0.495171, 0.0)], [0.224226, 0.0299974, -0.264283, 1.0)]])
0.224226, 0.0299974, -0.264283
float3(-0.141855, -1.04697, -1.5661)
261439.588733
normal
simd_float4x4([[-0.133558, -0.989108, 0.0618663, 0.0)], [0.406872, 0.00219659, 0.913482, 0.0)], [-0.903669, 0.147175, 0.402147, 0.0)], [0.234487, 0.0283448, -0.239658, 1.0)]])
0.234487, 0.0283448, -0.239658
float3(-0.147711, -1.15209, -1.56858)
261439.688789375
normal
