ARKit Data
238082.525084416
normal
simd_float4x4([[-0.697081, -0.6194, -0.36114, 0.0)], [-0.520821, 0.0912625, 0.848773, 0.0)], [-0.492772, 0.779753, -0.386214, 0.0)], [0.132973, 0.10083, -0.565753, 1.0)]])
0.132973, 0.10083, -0.565753
float3(-0.894271, -2.23556, -1.42451)
238082.862598958
notAvailable
simd_float4x4([[1.0, 0.0, 0.0, 0.0)], [0.0, 1.0, 0.0, 0.0)], [0.0, 0.0, 1.0, 0.0)], [0.0, 0.0, 0.0, 1.0)]])
0.0, 0.0, 0.0
float3(-0.0, 0.0, 0.0)
238082.962621125
notAvailable
simd_float4x4([[1.0, 0.0, 0.0, 0.0)], [0.0, 1.0, 0.0, 0.0)], [0.0, 0.0, 1.0, 0.0)], [0.0, 0.0, 0.0, 1.0)]])
0.0, 0.0, 0.0
float3(-0.0, 0.0, 0.0)
238083.062676958
limited(__ObjC.ARCamera.TrackingState.Reason.initializing)
simd_float4x4([[0.140539, -0.60169, 0.786268, 0.0)], [0.990075, 0.0847654, -0.112101, 0.0)], [0.000801922, 0.794219, 0.607631, 0.0)], [0.0, 0.0, 0.0, 1.0)]])
0.0, 0.0, 0.0
float3(-0.917721, 0.00131975, -1.43084)
238083.162732583
limited(__ObjC.ARCamera.TrackingState.Reason.initializing)
simd_float4x4([[0.159606, -0.586283, 0.794228, 0.0)], [0.986934, 0.112752, -0.1151, 0.0)], [-0.0220692, 0.802221, 0.596619, 0.0)], [0.0, 0.0, 0.0, 1.0)]])
0.0, 0.0, 0.0
float3(-0.931007, -0.0369736, -1.3808)
238083.262788125
limited(__ObjC.ARCamera.TrackingState.Reason.initializing)
simd_float4x4([[0.156943, -0.578657, 0.800328, 0.0)], [0.987313, 0.111731, -0.112826, 0.0)], [-0.0241336, 0.807882, 0.58885, 0.0)], [0.0, 0.0, 0.0, 1.0)]])
0.0, 0.0, 0.0
float3(-0.940549, -0.0409614, -1.38006)
238083.36284375
limited(__ObjC.ARCamera.TrackingState.Reason.initializing)
simd_float4x4([[0.151254, -0.584026, 0.797518, 0.0)], [0.987784, 0.119891, -0.0995425, 0.0)], [-0.0374795, 0.802832, 0.595026, 0.0)], [0.0, 0.0, 0.0, 1.0)]])
0.0, 0.0, 0.0
float3(-0.932031, -0.0629049, -1.36833)
238083.462899291
limited(__ObjC.ARCamera.TrackingState.Reason.initializing)
simd_float4x4([[0.133498, -0.589228, 0.796861, 0.0)], [0.98969, 0.12135, -0.0760711, 0.0)], [-0.051876, 0.798801, 0.599354, 0.0)], [0.0, 0.0, 0.0, 1.0)]])
0.0, 0.0, 0.0
float3(-0.9253, -0.0863381, -1.36769)
238083.562954916
limited(__ObjC.ARCamera.TrackingState.Reason.initializing)
simd_float4x4([[0.102696, -0.592352, 0.799107, 0.0)], [0.99228, 0.117156, -0.0406771, 0.0)], [-0.0695249, 0.797115, 0.599811, 0.0)], [0.0, 0.0, 0.0, 1.0)]])
0.0, 0.0, 0.0
float3(-0.922503, -0.115396, -1.37554)
238083.663010458
limited(__ObjC.ARCamera.TrackingState.Reason.initializing)
simd_float4x4([[0.0642659, -0.58775, 0.806486, 0.0)], [0.993089, 0.117194, 0.00627282, 0.0)], [-0.0982021, 0.80051, 0.591219, 0.0)], [0.0, 0.0, 0.0, 1.0)]])
0.0, 0.0, 0.0
float3(-0.928145, -0.164598, -1.37398)
238083.763066083
limited(__ObjC.ARCamera.TrackingState.Reason.initializing)
simd_float4x4([[0.0161304, -0.58601, 0.810143, 0.0)], [0.991522, 0.113859, 0.0626173, 0.0)], [-0.128937, 0.802264, 0.582878, 0.0)], [0.0, 0.0, 0.0, 1.0)]])
0.0, 0.0, 0.0
float3(-0.931079, -0.217701, -1.37889)
238083.863121541
limited(__ObjC.ARCamera.TrackingState.Reason.initializing)
simd_float4x4([[-0.0353929, -0.584302, 0.810764, 0.0)], [0.986351, 0.110117, 0.122417, 0.0)], [-0.160807, 0.804031, 0.572429, 0.0)], [0.0, 0.0, 0.0, 1.0)]])
0.0, 0.0, 0.0
float3(-0.934044, -0.273862, -1.38452)
238083.963177291
limited(__ObjC.ARCamera.TrackingState.Reason.initializing)
simd_float4x4([[-0.085582, -0.584656, 0.806755, 0.0)], [0.977977, 0.105412, 0.180138, 0.0)], [-0.190361, 0.804404, 0.562758, 0.0)], [0.0, 0.0, 0.0, 1.0)]])
0.0, 0.0, 0.0
float3(-0.934672, -0.326181, -1.39241)
238084.063232833
limited(__ObjC.ARCamera.TrackingState.Reason.initializing)
simd_float4x4([[-0.131613, -0.585963, 0.799578, 0.0)], [0.966896, 0.101995, 0.2339, 0.0)], [-0.218609, 0.803893, 0.553141, 0.0)], [0.0, 0.0, 0.0, 1.0)]])
0.0, 0.0, 0.0
float3(-0.933813, -0.376374, -1.39846)
238084.1632885
limited(__ObjC.ARCamera.TrackingState.Reason.initializing)
simd_float4x4([[-0.172438, -0.587476, 0.790656, 0.0)], [0.953729, 0.101133, 0.283148, 0.0)], [-0.246304, 0.802897, 0.542854, 0.0)], [0.0, 0.0, 0.0, 1.0)]])
0.0, 0.0, 0.0
float3(-0.932139, -0.425944, -1.40032)
238084.263344166
limited(__ObjC.ARCamera.TrackingState.Reason.initializing)
simd_float4x4([[-0.20733, -0.589996, 0.780333, 0.0)], [0.940322, 0.0998241, 0.325314, 0.0)], [-0.26983, 0.801212, 0.534089, 0.0)], [0.0, 0.0, 0.0, 1.0)]])
0.0, 0.0, 0.0
float3(-0.929317, -0.467811, -1.40319)
238084.363399791
limited(__ObjC.ARCamera.TrackingState.Reason.initializing)
simd_float4x4([[-0.229923, -0.592508, 0.772055, 0.0)], [0.931323, 0.0962734, 0.351239, 0.0)], [-0.28244, 0.799791, 0.529681, 0.0)], [0.0, 0.0, 0.0, 1.0)]])
0.0, 0.0, 0.0
float3(-0.926947, -0.489875, -1.40972)
238084.463455416
limited(__ObjC.ARCamera.TrackingState.Reason.initializing)
simd_float4x4([[-0.235217, -0.593913, 0.769376, 0.0)], [0.930667, 0.0906073, 0.354471, 0.0)], [-0.280237, 0.79941, 0.531423, 0.0)], [0.0, 0.0, 0.0, 1.0)]])
0.0, 0.0, 0.0
float3(-0.926313, -0.485274, -1.4194)
238084.563510875
limited(__ObjC.ARCamera.TrackingState.Reason.initializing)
simd_float4x4([[-0.220222, -0.595574, 0.772524, 0.0)], [0.938952, 0.085181, 0.333335, 0.0)], [-0.264331, 0.798771, 0.540457, 0.0)], [0.0, 0.0, 0.0, 1.0)]])
0.0, 0.0, 0.0
float3(-0.92525, -0.454879, -1.42874)
238084.663566625
limited(__ObjC.ARCamera.TrackingState.Reason.initializing)
simd_float4x4([[-0.186688, -0.59734, 0.779957, 0.0)], [0.953424, 0.0812988, 0.290472, 0.0)], [-0.23692, 0.797857, 0.55434, 0.0)], [0.0, 0.0, 0.0, 1.0)]])
0.0, 0.0, 0.0
float3(-0.923731, -0.403894, -1.43553)
238084.763622166
limited(__ObjC.ARCamera.TrackingState.Reason.initializing)
simd_float4x4([[-0.140152, -0.599852, 0.787741, 0.0)], [0.969549, 0.0782263, 0.232066, 0.0)], [-0.200827, 0.796278, 0.570622, 0.0)], [0.0, 0.0, 0.0, 1.0)]])
0.0, 0.0, 0.0
float3(-0.921117, -0.338406, -1.44112)
238084.863677791
limited(__ObjC.ARCamera.TrackingState.Reason.initializing)
simd_float4x4([[-0.080824, -0.602034, 0.794369, 0.0)], [0.984184, 0.0778395, 0.15913, 0.0)], [-0.157635, 0.794667, 0.586221, 0.0)], [0.0, 0.0, 0.0, 1.0)]])
0.0, 0.0, 0.0
float3(-0.918459, -0.262686, -1.44222)
238084.963733291
limited(__ObjC.ARCamera.TrackingState.Reason.initializing)
simd_float4x4([[-0.0126143, -0.604492, 0.796511, 0.0)], [0.994481, 0.0753895, 0.0729645, 0.0)], [-0.104155, 0.793036, 0.600205, 0.0)], [0.0, 0.0, 0.0, 1.0)]])
0.0, 0.0, 0.0
float3(-0.915776, -0.171822, -1.44672)
238085.063789041
limited(__ObjC.ARCamera.TrackingState.Reason.initializing)
simd_float4x4([[0.0575738, -0.607136, 0.792509, 0.0)], [0.997239, 0.0722632, -0.0170865, 0.0)], [-0.0468954, 0.791305, 0.60962, 0.0)], [0.0, 0.0, 0.0, 1.0)]])
0.0, 0.0, 0.0
float3(-0.912941, -0.0767745, -1.45233)
238085.163844541
limited(__ObjC.ARCamera.TrackingState.Reason.initializing)
simd_float4x4([[0.126076, -0.607187, 0.784492, 0.0)], [0.991962, 0.0685665, -0.106349, 0.0)], [0.0107839, 0.791595, 0.610951, 0.0)], [0.0, 0.0, 0.0, 1.0)]])
0.0, 0.0, 0.0
float3(-0.913414, 0.0176492, -1.45835)
238085.263900375
limited(__ObjC.ARCamera.TrackingState.Reason.initializing)
simd_float4x4([[0.196515, -0.607285, 0.769796, 0.0)], [0.977832, 0.0634945, -0.199532, 0.0)], [0.0722951, 0.791942, 0.606301, 0.0)], [0.0, 0.0, 0.0, 1.0)]])
0.0, 0.0, 0.0
float3(-0.913983, 0.118679, -1.46662)
238085.363955958
limited(__ObjC.ARCamera.TrackingState.Reason.initializing)
simd_float4x4([[0.253262, -0.605752, 0.75427, 0.0)], [0.959922, 0.0606143, -0.273635, 0.0)], [0.120035, 0.793341, 0.596825, 0.0)], [0.0, 0.0, 0.0, 1.0)]])
0.0, 0.0, 0.0
float3(-0.916278, 0.198475, -1.47106)
238085.464011583
limited(__ObjC.ARCamera.TrackingState.Reason.initializing)
simd_float4x4([[0.299438, -0.604396, 0.73827, 0.0)], [0.94119, 0.0601777, -0.332476, 0.0)], [0.15652, 0.794408, 0.58687, 0.0)], [0.0, 0.0, 0.0, 1.0)]])
0.0, 0.0, 0.0
float3(-0.918032, 0.260635, -1.47156)
238085.56406725
limited(__ObjC.ARCamera.TrackingState.Reason.initializing)
simd_float4x4([[0.327984, -0.603422, 0.726848, 0.0)], [0.928193, 0.0627138, -0.366775, 0.0)], [0.175737, 0.794952, 0.580661, 0.0)], [0.0, 0.0, 0.0, 1.0)]])
0.0, 0.0, 0.0
float3(-0.918928, 0.293886, -1.46724)
238085.664122791
limited(__ObjC.ARCamera.TrackingState.Reason.initializing)
simd_float4x4([[0.341357, -0.605246, 0.719133, 0.0)], [0.921105, 0.0630358, -0.384176, 0.0)], [0.187191, 0.793538, 0.579013, 0.0)], [0.0, 0.0, 0.0, 1.0)]])
0.0, 0.0, 0.0
float3(-0.916602, 0.312687, -1.46702)
238085.764178291
limited(__ObjC.ARCamera.TrackingState.Reason.initializing)
simd_float4x4([[0.344784, -0.608375, 0.714844, 0.0)], [0.919597, 0.0661335, -0.387257, 0.0)], [0.188323, 0.790889, 0.582262, 0.0)], [0.0, 0.0, 0.0, 1.0)]])
0.0, 0.0, 0.0
float3(-0.91226, 0.312814, -1.46252)
238085.864234
limited(__ObjC.ARCamera.TrackingState.Reason.initializing)
simd_float4x4([[0.337883, -0.609875, 0.716859, 0.0)], [0.924407, 0.0718543, -0.374578, 0.0)], [0.176936, 0.789233, 0.588051, 0.0)], [0.0, 0.0, 0.0, 1.0)]])
0.0, 0.0, 0.0
float3(-0.909559, 0.29227, -1.45352)
238085.964289666
limited(__ObjC.ARCamera.TrackingState.Reason.initializing)
simd_float4x4([[0.318821, -0.609872, 0.725539, 0.0)], [0.934896, 0.0763962, -0.346601, 0.0)], [0.155955, 0.788808, 0.594524, 0.0)], [0.0, 0.0, 0.0, 1.0)]])
0.0, 0.0, 0.0
float3(-0.908867, 0.256539, -1.44618)
238086.064345166
limited(__ObjC.ARCamera.TrackingState.Reason.initializing)
simd_float4x4([[0.290955, -0.610849, 0.736348, 0.0)], [0.94818, 0.0814003, -0.30713, 0.0)], [0.127671, 0.787551, 0.602879, 0.0)], [0.0, 0.0, 0.0, 1.0)]])
0.0, 0.0, 0.0
float3(-0.906825, 0.208686, -1.43832)
238086.164400833
limited(__ObjC.ARCamera.TrackingState.Reason.initializing)
simd_float4x4([[0.254387, -0.611224, 0.749461, 0.0)], [0.96242, 0.0838301, -0.258303, 0.0)], [0.0950541, 0.787005, 0.609579, 0.0)], [0.0, 0.0, 0.0, 1.0)]])
0.0, 0.0, 0.0
float3(-0.90594, 0.154688, -1.4345)
238086.264456291
limited(__ObjC.ARCamera.TrackingState.Reason.initializing)
simd_float4x4([[0.212273, -0.612506, 0.76143, 0.0)], [0.975483, 0.0865016, -0.202364, 0.0)], [0.0580842, 0.785719, 0.615851, 0.0)], [0.0, 0.0, 0.0, 1.0)]])
0.0, 0.0, 0.0
float3(-0.903857, 0.0940372, -1.4305)
238086.364511958
limited(__ObjC.ARCamera.TrackingState.Reason.initializing)
simd_float4x4([[0.162768, -0.613132, 0.773029, 0.0)], [0.986522, 0.0878303, -0.138058, 0.0)], [0.0167523, 0.785082, 0.619165, 0.0)], [0.0, 0.0, 0.0, 1.0)]])
0.0, 0.0, 0.0
float3(-0.902829, 0.0270497, -1.42852)
238086.464567708
limited(__ObjC.ARCamera.TrackingState.Reason.initializing)
simd_float4x4([[0.111492, -0.614686, 0.780852, 0.0)], [0.993381, 0.0907939, -0.0703642, 0.0)], [-0.0276447, 0.783529, 0.62074, 0.0)], [0.0, 0.0, 0.0, 1.0)]])
0.0, 0.0, 0.0
float3(-0.900324, -0.0445057, -1.42415)
238086.56462325
limited(__ObjC.ARCamera.TrackingState.Reason.initializing)
simd_float4x4([[0.0616355, -0.614365, 0.78661, 0.0)], [0.99547, 0.0949978, -0.00380459, 0.0)], [-0.0723889, 0.783281, 0.617438, 0.0)], [0.0, 0.0, 0.0, 1.0)]])
0.0, 0.0, 0.0
float3(-0.899926, -0.116708, -1.41738)
238086.664678833
limited(__ObjC.ARCamera.TrackingState.Reason.initializing)
simd_float4x4([[0.00929641, -0.614292, 0.789023, 0.0)], [0.993432, 0.0956664, 0.0627764, 0.0)], [-0.114046, 0.783257, 0.611146, 0.0)], [0.0, 0.0, 0.0, 1.0)]])
0.0, 0.0, 0.0
float3(-0.899888, -0.184489, -1.4163)
238086.7647345
normal
simd_float4x4([[-0.0355439, -0.605108, 0.795349, 0.0)], [0.987755, 0.0997024, 0.119997, 0.0)], [-0.151909, 0.789876, 0.594155, 0.0)], [0.00785961, 0.00164796, 0.00240948, 1.0)]])
0.00785961, 0.00164796, 0.00240948
float3(-0.910606, -0.250311, -1.4075)
238086.864790083
normal
simd_float4x4([[-0.0844407, -0.603885, 0.792586, 0.0)], [0.978483, 0.100028, 0.180459, 0.0)], [-0.188257, 0.79077, 0.582445, 0.0)], [0.0246798, 0.00420385, 0.00672136, 1.0)]])
0.0246798, 0.00420385, 0.00672136
float3(-0.912065, -0.31262, -1.40665)
238086.964845708
normal
simd_float4x4([[-0.132774, -0.602974, 0.786634, 0.0)], [0.96635, 0.0976648, 0.237971, 0.0)], [-0.220317, 0.79176, 0.569716, 0.0)], [0.0462251, 0.00392127, 0.0109239, 1.0)]])
0.0462251, 0.00392127, 0.0109239
float3(-0.913685, -0.369, -1.41022)
238087.064901333
normal
simd_float4x4([[-0.177914, -0.599137, 0.780629, 0.0)], [0.952153, 0.0955137, 0.290314, 0.0)], [-0.248499, 0.794929, 0.553477, 0.0)], [0.066945, 0.00237066, 0.0152073, 1.0)]])
0.066945, 0.00237066, 0.0152073
float3(-0.91889, -0.422004, -1.41271)
238087.164956916
normal
simd_float4x4([[-0.212913, -0.599252, 0.771728, 0.0)], [0.938474, 0.0943793, 0.332203, 0.0)], [-0.271908, 0.794978, 0.542288, 0.0)], [0.0856379, 0.00112214, 0.0201012, 1.0)]])
0.0856379, 0.00112214, 0.0201012
float3(-0.918971, -0.464774, -1.41458)
238087.265012666
normal
simd_float4x4([[-0.232206, -0.600214, 0.765391, 0.0)], [0.929407, 0.0951502, 0.356581, 0.0)], [-0.286852, 0.79416, 0.535748, 0.0)], [0.10025, 0.000357032, 0.0234963, 1.0)]])
0.10025, 0.000357032, 0.0234963
float3(-0.917624, -0.491583, -1.41358)
238087.365068208
normal
simd_float4x4([[-0.236613, -0.603382, 0.761541, 0.0)], [0.925979, 0.0973248, 0.364816, 0.0)], [-0.29424, 0.791491, 0.535691, 0.0)], [0.116503, 0.00098525, 0.02813, 1.0)]])
0.116503, 0.00098525, 0.02813
float3(-0.913244, -0.502285, -1.41087)
238087.465123875
normal
simd_float4x4([[-0.22399, -0.608968, 0.760911, 0.0)], [0.929769, 0.100529, 0.354151, 0.0)], [-0.292161, 0.786798, 0.543682, 0.0)], [0.123762, 0.00258253, 0.0317227, 1.0)]])
0.123762, 0.00258253, 0.0317227
float3(-0.905604, -0.493098, -1.40719)
238087.565179583
normal
simd_float4x4([[-0.196586, -0.617097, 0.761935, 0.0)], [0.940286, 0.101582, 0.324874, 0.0)], [-0.277878, 0.780302, 0.560278, 0.0)], [0.121393, 0.00511627, 0.0328709, 1.0)]])
0.121393, 0.00511627, 0.0328709
float3(-0.895149, -0.460414, -1.40765)
238087.665235041
normal
simd_float4x4([[-0.161627, -0.624085, 0.764457, 0.0)], [0.95442, 0.0981052, 0.281881, 0.0)], [-0.250915, 0.775173, 0.579783, 0.0)], [0.111719, 0.0067953, 0.0303098, 1.0)]])
0.111719, 0.0067953, 0.0303098
float3(-0.886989, -0.408437, -1.41487)
238087.765290791
normal
simd_float4x4([[-0.113678, -0.628852, 0.76917, 0.0)], [0.970404, 0.0957437, 0.221697, 0.0)], [-0.213057, 0.771608, 0.599356, 0.0)], [0.0914551, 0.00741147, 0.0242472, 1.0)]])
0.0914551, 0.00741147, 0.0242472
float3(-0.881365, -0.341546, -1.41971)
238087.865346375
normal
simd_float4x4([[-0.0622007, -0.626331, 0.777071, 0.0)], [0.98302, 0.0962257, 0.156245, 0.0)], [-0.172636, 0.773595, 0.609711, 0.0)], [0.0669751, 0.0069057, 0.0181435, 1.0)]])
0.0669751, 0.0069057, 0.0181435
float3(-0.884495, -0.275921, -1.41835)
238087.965401875
normal
simd_float4x4([[-0.0133481, -0.625418, 0.780176, 0.0)], [0.990981, 0.0957693, 0.093727, 0.0)], [-0.133335, 0.77439, 0.618499, 0.0)], [0.0417607, 0.00682078, 0.013727, 1.0)]])
0.0417607, 0.00682078, 0.013727
float3(-0.885751, -0.21233, -1.41885)
238088.065457583
normal
simd_float4x4([[0.0317952, -0.628669, 0.777022, 0.0)], [0.99488, 0.0945207, 0.0357646, 0.0)], [-0.0959288, 0.771907, 0.628456, 0.0)], [0.0176853, 0.00643176, 0.0109376, 1.0)]])
0.0176853, 0.00643176, 0.0109376
float3(-0.881836, -0.151473, -1.42156)
238088.165513125
normal
simd_float4x4([[0.0743651, -0.629532, 0.773408, 0.0)], [0.995398, 0.0938614, -0.0193095, 0.0)], [-0.0604372, 0.771285, 0.633615, 0.0)], [-0.00778606, 0.00622533, 0.00906226, 1.0)]])
-0.00778606, 0.00622533, 0.00906226
float3(-0.880857, -0.095097, -1.42279)
238088.26556875
normal
simd_float4x4([[0.112641, -0.628588, 0.769538, 0.0)], [0.993149, 0.0954604, -0.0673969, 0.0)], [-0.0310956, 0.771858, 0.635034, 0.0)], [-0.0292757, 0.00612035, 0.0102275, 1.0)]])
-0.0292757, 0.00612035, 0.0102275
float3(-0.881759, -0.0489277, -1.42008)
238088.365624458
normal
simd_float4x4([[0.143988, -0.631535, 0.76186, 0.0)], [0.989512, 0.1009, -0.103373, 0.0)], [-0.0115885, 0.768754, 0.639439, 0.0)], [-0.0456806, 0.00736277, 0.014766, 1.0)]])
-0.0456806, 0.00736277, 0.014766
float3(-0.876891, -0.0181209, -1.41237)
238088.465679958
normal
simd_float4x4([[0.163502, -0.636421, 0.753814, 0.0)], [0.986519, 0.100144, -0.129427, 0.0)], [0.00687988, 0.764814, 0.644215, 0.0)], [-0.0556664, 0.00725418, 0.0160068, 1.0)]])
-0.0556664, 0.00725418, 0.0160068
float3(-0.870752, 0.0106791, -1.41472)
238088.565735625
normal
simd_float4x4([[0.177479, -0.642768, 0.745219, 0.0)], [0.984004, 0.104032, -0.144617, 0.0)], [0.0154287, 0.758964, 0.650949, 0.0)], [-0.0595705, 0.00869686, 0.0188037, 1.0)]])
-0.0595705, 0.00869686, 0.0188037
float3(-0.861721, 0.0236974, -1.41034)
238088.665791416
normal
simd_float4x4([[0.180408, -0.647885, 0.740066, 0.0)], [0.983361, 0.102516, -0.14997, 0.0)], [0.021295, 0.754808, 0.6556, 0.0)], [-0.0587027, 0.00818668, 0.0195851, 1.0)]])
-0.0587027, 0.00818668, 0.0195851
float3(-0.855361, 0.0324703, -1.41387)
238088.765846916
normal
simd_float4x4([[0.183209, -0.650573, 0.737014, 0.0)], [0.982828, 0.104436, -0.152127, 0.0)], [0.0219994, 0.752229, 0.658535, 0.0)], [-0.0550051, 0.0082776, 0.0189982, 1.0)]])
-0.0550051, 0.0082776, 0.0189982
float3(-0.851438, 0.0333942, -1.41163)
238088.865902666
normal
simd_float4x4([[0.181739, -0.651547, 0.736517, 0.0)], [0.983098, 0.103549, -0.150981, 0.0)], [0.0221054, 0.751508, 0.659353, 0.0)], [-0.0529553, 0.0079914, 0.016357, 1.0)]])
-0.0529553, 0.0079914, 0.016357
float3(-0.850345, 0.0335133, -1.41319)
238088.965958125
normal
simd_float4x4([[0.176916, -0.653986, 0.735529, 0.0)], [0.984046, 0.10325, -0.144888, 0.0)], [0.0188115, 0.749428, 0.661819, 0.0)], [-0.0502529, 0.0100615, 0.0148967, 1.0)]])
-0.0502529, 0.0100615, 0.0148967
float3(-0.847197, 0.0284163, -1.41421)
238089.066013916
normal
simd_float4x4([[0.169642, -0.657517, 0.734093, 0.0)], [0.98535, 0.0999225, -0.138205, 0.0)], [0.0175199, 0.746784, 0.664836, 0.0)], [-0.0479161, 0.0114222, 0.0119143, 1.0)]])
-0.0479161, 0.0114222, 0.0119143
float3(-0.843214, 0.0263462, -1.41998)
238089.166069375
normal
simd_float4x4([[0.170077, -0.663502, 0.728587, 0.0)], [0.985261, 0.100765, -0.13823, 0.0)], [0.0183, 0.741358, 0.67086, 0.0)], [-0.0479818, 0.0161389, 0.0103019, 1.0)]])
-0.0479818, 0.0161389, 0.0103019
float3(-0.835091, 0.0272716, -1.42008)
238089.26612525
normal
simd_float4x4([[0.166958, -0.667996, 0.725194, 0.0)], [0.985944, 0.108479, -0.127067, 0.0)], [0.00621155, 0.736216, 0.676719, 0.0)], [-0.0484168, 0.0197104, 0.0122571, 1.0)]])
-0.0484168, 0.0197104, 0.0122571
float3(-0.827461, 0.00917867, -1.40981)
238089.36618075
normal
simd_float4x4([[0.161279, -0.670885, 0.723811, 0.0)], [0.986907, 0.111049, -0.116972, 0.0)], [-0.0019037, 0.733199, 0.680011, 0.0)], [-0.0476957, 0.0207229, 0.0117758, 1.0)]])
-0.0476957, 0.0207229, 0.0117758
float3(-0.823015, -0.0027995, -1.40676)
238089.466236333
normal
simd_float4x4([[0.154768, -0.67153, 0.724634, 0.0)], [0.987918, 0.111163, -0.107984, 0.0)], [-0.00803781, 0.732591, 0.680621, 0.0)], [-0.0473622, 0.0207861, 0.0109405, 1.0)]])
-0.0473622, 0.0207861, 0.0109405
float3(-0.822121, -0.011809, -1.40675)
238089.566291875
normal
simd_float4x4([[0.146099, -0.669835, 0.727995, 0.0)], [0.989203, 0.10749, -0.0996181, 0.0)], [-0.0115242, 0.734689, 0.678306, 0.0)], [-0.0477543, 0.02141, 0.00979965, 1.0)]])
-0.0477543, 0.02141, 0.00979965
float3(-0.825208, -0.0169881, -1.41168)
238089.666347625
normal
simd_float4x4([[0.138864, -0.668679, 0.730469, 0.0)], [0.990198, 0.104932, -0.0921831, 0.0)], [-0.0150087, 0.73611, 0.676696, 0.0)], [-0.0473837, 0.0195505, 0.00950392, 1.0)]])
-0.0473837, 0.0195505, 0.00950392
float3(-0.827305, -0.0221757, -1.41514)
238089.766403375
normal
simd_float4x4([[0.133955, -0.668297, 0.731734, 0.0)], [0.990852, 0.102535, -0.0877442, 0.0)], [-0.0163891, 0.736794, 0.675919, 0.0)], [-0.0490392, 0.0194805, 0.00986722, 1.0)]])
-0.0490392, 0.0194805, 0.00986722
float3(-0.828316, -0.0242424, -1.41856)
238089.866458791
normal
simd_float4x4([[0.130476, -0.667552, 0.733041, 0.0)], [0.991308, 0.100407, -0.0850092, 0.0)], [-0.0168544, 0.737762, 0.674851, 0.0)], [-0.0505926, 0.0186678, 0.00880406, 1.0)]])
-0.0505926, 0.0186678, 0.00880406
float3(-0.829749, -0.0249699, -1.4215)
238089.966514666
normal
simd_float4x4([[0.12707, -0.664778, 0.736154, 0.0)], [0.991736, 0.0983712, -0.0823535, 0.0)], [-0.0176696, 0.740535, 0.671785, 0.0)], [-0.0524964, 0.018928, 0.00885296, 1.0)]])
-0.0524964, 0.018928, 0.00885296
float3(-0.833867, -0.0262964, -1.42389)
238090.066570166
normal
simd_float4x4([[0.124892, -0.662593, 0.738493, 0.0)], [0.992022, 0.0962547, -0.0814065, 0.0)], [-0.0171441, 0.742769, 0.669328, 0.0)], [-0.0554736, 0.0202972, 0.00858168, 1.0)]])
-0.0554736, 0.0202972, 0.00858168
float3(-0.837196, -0.0256083, -1.42654)
238090.166625875
normal
simd_float4x4([[0.123878, -0.663674, 0.737693, 0.0)], [0.992098, 0.0977291, -0.0786759, 0.0)], [-0.0198788, 0.74161, 0.670537, 0.0)], [-0.0592307, 0.0213827, 0.0103473, 1.0)]])
-0.0592307, 0.0213827, 0.0103473
float3(-0.835467, -0.0296375, -1.42459)
238090.266681375
normal
simd_float4x4([[0.12542, -0.660541, 0.74024, 0.0)], [0.991858, 0.100083, -0.0787443, 0.0)], [-0.0220719, 0.744089, 0.667716, 0.0)], [-0.0656939, 0.0204833, 0.00984994, 1.0)]])
-0.0656939, 0.0204833, 0.00984994
float3(-0.83917, -0.0330438, -1.42042)
238090.366737166
normal
simd_float4x4([[0.127303, -0.658153, 0.742044, 0.0)], [0.991576, 0.102457, -0.0792388, 0.0)], [-0.023876, 0.74588, 0.665652, 0.0)], [-0.0719314, 0.0199226, 0.00944677, 1.0)]])
-0.0719314, 0.0199226, 0.00944677
float3(-0.841856, -0.0358533, -1.41636)
238090.466792666
normal
simd_float4x4([[0.126906, -0.660728, 0.73982, 0.0)], [0.991481, 0.10655, -0.0749156, 0.0)], [-0.0293287, 0.743025, 0.668621, 0.0)], [-0.0765213, 0.0215047, 0.0080767, 1.0)]])
-0.0765213, 0.0215047, 0.0080767
float3(-0.837578, -0.0438364, -1.41091)
238090.566848375
normal
simd_float4x4([[0.126009, -0.662084, 0.73876, 0.0)], [0.991393, 0.1107, -0.0698899, 0.0)], [-0.035508, 0.741209, 0.670335, 0.0)], [-0.0833173, 0.0229028, 0.00863648, 1.0)]])
-0.0833173, 0.0229028, 0.00863648
float3(-0.834869, -0.0529211, -1.40513)
238090.666903916
normal
simd_float4x4([[0.12477, -0.663806, 0.737424, 0.0)], [0.991354, 0.113823, -0.0652736, 0.0)], [-0.0406071, 0.739192, 0.672269, 0.0)], [-0.0894741, 0.0260517, 0.00748827, 1.0)]])
-0.0894741, 0.0260517, 0.00748827
float3(-0.831871, -0.0603297, -1.40098)
238090.766959666
normal
simd_float4x4([[0.124521, -0.663806, 0.737466, 0.0)], [0.991298, 0.115206, -0.0636808, 0.0)], [-0.0426891, 0.738978, 0.672375, 0.0)], [-0.0964312, 0.0263528, 0.00668222, 1.0)]])
-0.0964312, 0.0263528, 0.00668222
float3(-0.831553, -0.0634048, -1.39895)
238090.867015416
normal
simd_float4x4([[0.123391, -0.662757, 0.738598, 0.0)], [0.991401, 0.115017, -0.0624169, 0.0)], [-0.0435844, 0.739948, 0.67125, 0.0)], [-0.103209, 0.025604, 0.00481946, 1.0)]])
-0.103209, 0.025604, 0.00481946
float3(-0.832994, -0.0648392, -1.39896)
238090.967070958
normal
simd_float4x4([[0.122232, -0.660641, 0.740684, 0.0)], [0.991332, 0.117491, -0.0588017, 0.0)], [-0.0481766, 0.741451, 0.669275, 0.0)], [-0.109443, 0.026078, 0.00223061, 1.0)]])
-0.109443, 0.026078, 0.00223061
float3(-0.835231, -0.0718593, -1.39479)
238091.067126666
normal
simd_float4x4([[0.095194, -0.683167, 0.724031, 0.0)], [0.993239, 0.113735, -0.0232731, 0.0)], [-0.0664483, 0.721351, 0.689374, 0.0)], [-0.105092, 0.0354167, -0.00102092, 1.0)]])
-0.105092, 0.0354167, -0.00102092
float3(-0.805752, -0.0960924, -1.40583)
238091.16718225
normal
simd_float4x4([[0.055666, -0.745618, 0.664044, 0.0)], [0.994144, 0.103085, 0.0324104, 0.0)], [-0.0926188, 0.658351, 0.746991, 0.0)], [-0.0856557, 0.0753285, -0.00956287, 1.0)]])
-0.0856557, 0.0753285, -0.00956287
float3(-0.718626, -0.12336, -1.43341)
238091.267237875
normal
simd_float4x4([[0.0308623, -0.85876, 0.511447, 0.0)], [0.989458, 0.098685, 0.105993, 0.0)], [-0.141495, 0.502784, 0.852753, 0.0)], [-0.0578592, 0.152185, 0.00293443, 1.0)]])
-0.0578592, 0.152185, 0.00293443
float3(-0.526817, -0.164429, -1.45638)
238091.367293333
normal
simd_float4x4([[0.0355311, -0.930539, 0.364464, 0.0)], [0.981664, 0.10084, 0.161761, 0.0)], [-0.187278, 0.352034, 0.91706, 0.0)], [-0.0343497, 0.218261, 0.0158705, 1.0)]])
-0.0343497, 0.218261, 0.0158705
float3(-0.359743, -0.201446, -1.46285)
238091.467349125
normal
simd_float4x4([[0.0508581, -0.961575, 0.269789, 0.0)], [0.967557, 0.114381, 0.225279, 0.0)], [-0.247481, 0.249579, 0.936196, 0.0)], [-0.0244395, 0.265489, 0.0261029, 1.0)]])
-0.0244395, 0.265489, 0.0261029
float3(-0.252246, -0.258436, -1.4524)
238091.56740475
normal
simd_float4x4([[0.0593536, -0.981128, 0.184024, 0.0)], [0.95753, 0.108065, 0.267318, 0.0)], [-0.28216, 0.160342, 0.945873, 0.0)], [-0.018785, 0.294001, 0.0377047, 1.0)]])
-0.018785, 0.294001, 0.0377047
float3(-0.161037, -0.289902, -1.46109)
238091.667460458
normal
simd_float4x4([[0.0634129, -0.991449, 0.114051, 0.0)], [0.951125, 0.0946474, 0.293944, 0.0)], [-0.302225, 0.0898367, 0.948994, 0.0)], [-0.0191773, 0.307752, 0.0495775, 1.0)]])
-0.0191773, 0.307752, 0.0495775
float3(-0.089958, -0.308314, -1.47562)
238091.767516083
normal
simd_float4x4([[0.0556194, -0.996656, 0.0598608, 0.0)], [0.952727, 0.0709122, 0.295435, 0.0)], [-0.298692, 0.0405991, 0.953485, 0.0)], [-0.0150493, 0.313257, 0.060816, 1.0)]])
-0.0150493, 0.313257, 0.060816
float3(-0.0406103, -0.30358, -1.49977)
238091.867571708
normal
simd_float4x4([[0.0406712, -0.999048, 0.0157813, 0.0)], [0.956855, 0.0434917, 0.287293, 0.0)], [-0.287706, 0.00341585, 0.957713, 0.0)], [-0.00999915, 0.31857, 0.0621801, 1.0)]])
-0.00999915, 0.31857, 0.0621801
float3(-0.00341586, -0.291832, -1.52729)
238091.984236125
normal
simd_float4x4([[0.027411, -0.999472, -0.017471, 0.0)], [0.960516, 0.0214938, 0.277392, 0.0)], [-0.27687, -0.0243848, 0.960598, 0.0)], [-0.00116346, 0.330241, 0.0624111, 1.0)]])
-0.00116346, 0.330241, 0.0624111
float3(0.0243872, -0.280621, -1.54929)
238092.1008895
normal
simd_float4x4([[0.021084, -0.999301, -0.0308796, 0.0)], [0.963337, 0.0120429, 0.268025, 0.0)], [-0.267466, -0.0353985, 0.962917, 0.0)], [-0.00301071, 0.335337, 0.0579862, 1.0)]])
-0.00301071, 0.335337, 0.0579862
float3(0.0354059, -0.270936, -1.55875)
238092.217542666
normal
simd_float4x4([[0.0160626, -0.999545, -0.0255265, 0.0)], [0.961925, 0.00848152, 0.273182, 0.0)], [-0.272842, -0.0289426, 0.961623, 0.0)], [-0.00491777, 0.338179, 0.0476304, 1.0)]])
-0.00491777, 0.338179, 0.0476304
float3(0.0289467, -0.276464, -1.56231)
238092.334195916
normal
simd_float4x4([[0.0133884, -0.999615, -0.0243185, 0.0)], [0.965682, 0.00661734, 0.259644, 0.0)], [-0.259383, -0.0269602, 0.965398, 0.0)], [-0.00510455, 0.336574, 0.0353571, 1.0)]])
-0.00510455, 0.336574, 0.0353571
float3(0.0269635, -0.262481, -1.56418)
238092.450849166
normal
simd_float4x4([[0.0343463, -0.999369, -0.00904901, 0.0)], [0.960673, 0.0305173, 0.276, 0.0)], [-0.27555, -0.0181727, 0.961115, 0.0)], [-0.0163784, 0.333681, 0.0222103, 1.0)]])
-0.0163784, 0.333681, 0.0222103
float3(0.0181737, -0.279209, -1.54027)
238092.567502541
normal
simd_float4x4([[0.0428455, -0.99904, -0.00907499, 0.0)], [0.950239, 0.0379438, 0.309203, 0.0)], [-0.308562, -0.0218714, 0.950953, 0.0)], [-0.0396436, 0.328523, 0.00443386, 1.0)]])
-0.0396436, 0.328523, 0.00443386
float3(0.0218731, -0.313759, -1.53283)
238092.684155625
normal
simd_float4x4([[0.0380078, -0.998739, -0.0327983, 0.0)], [0.935174, 0.023984, 0.353375, 0.0)], [-0.352143, -0.0441031, 0.934906, 0.0)], [-0.0760027, 0.320385, -0.0147226, 1.0)]])
-0.0760027, 0.320385, -0.0147226
float3(0.0441174, -0.360226, -1.54679)
238092.800808833
normal
simd_float4x4([[0.0214579, -0.997496, -0.0673823, 0.0)], [0.906437, -0.00902413, 0.422244, 0.0)], [-0.421795, -0.0701383, 0.903975, 0.0)], [-0.122641, 0.313298, -0.0427922, 1.0)]])
-0.122641, 0.313298, -0.0427922
float3(0.070196, -0.436572, -1.57984)
238092.917462083
normal
simd_float4x4([[-0.000254882, -0.996065, -0.0886295, 0.0)], [0.864082, -0.0448312, 0.501351, 0.0)], [-0.503351, -0.0764554, 0.860693, 0.0)], [-0.174258, 0.308843, -0.069792, 1.0)]])
-0.174258, 0.308843, -0.069792
float3(0.0765301, -0.529184, -1.61577)
238093.034115458
normal
simd_float4x4([[-0.0132116, -0.996533, -0.0821477, 0.0)], [0.82455, -0.0573314, 0.562877, 0.0)], [-0.565635, -0.0602983, 0.822448, 0.0)], [-0.219283, 0.314738, -0.0895518, 1.0)]])
-0.219283, 0.314738, -0.0895518
float3(0.060335, -0.602454, -1.62826)
238093.150768666
normal
simd_float4x4([[0.00319451, -0.997535, -0.0700957, 0.0)], [0.806143, -0.038908, 0.59044, 0.0)], [-0.591712, -0.0583933, 0.804031, 0.0)], [-0.25817, 0.325811, -0.103472, 1.0)]])
-0.25817, 0.325811, -0.103472
float3(0.0584266, -0.634437, -1.60978)
238093.267421875
normal
simd_float4x4([[0.0249178, -0.998482, -0.0491187, 0.0)], [0.790673, -0.010382, 0.61215, 0.0)], [-0.611731, -0.0540903, 0.789214, 0.0)], [-0.292289, 0.331148, -0.118256, 1.0)]])
-0.292289, 0.331148, -0.118256
float3(0.0541167, -0.659381, -1.58119)
238093.384075166
normal
simd_float4x4([[0.022663, -0.998902, -0.0410021, 0.0)], [0.778945, -0.00806559, 0.627041, 0.0)], [-0.626683, -0.046149, 0.777906, 0.0)], [-0.306322, 0.329296, -0.124095, 1.0)]])
-0.306322, 0.329296, -0.124095
float3(0.0461654, -0.678147, -1.57887)
238093.500728416
normal
simd_float4x4([[0.0305768, -0.998847, -0.0370184, 0.0)], [0.768374, -0.000197702, 0.640002, 0.0)], [-0.639271, -0.0480132, 0.767481, 0.0)], [-0.316184, 0.326883, -0.124829, 1.0)]])
-0.316184, 0.326883, -0.124829
float3(0.0480317, -0.69451, -1.57099)
238093.617381791
normal
simd_float4x4([[0.0338143, -0.998988, -0.0296434, 0.0)], [0.755153, 0.00610928, 0.65552, 0.0)], [-0.654676, -0.0445513, 0.754595, 0.0)], [-0.322741, 0.323961, -0.123992, 1.0)]])
-0.322741, 0.323961, -0.123992
float3(0.0445661, -0.714615, -1.56468)
238093.734034958
normal
simd_float4x4([[0.0229025, -0.999301, -0.0295455, 0.0)], [0.750338, -0.00234804, 0.66105, 0.0)], [-0.660657, -0.0373088, 0.74976, 0.0)], [-0.325817, 0.31991, -0.123271, 1.0)]])
-0.325817, 0.31991, -0.123271
float3(0.0373174, -0.722307, -1.57315)
238093.850688208
normal
simd_float4x4([[0.016842, -0.999593, -0.0230023, 0.0)], [0.747422, -0.00269451, 0.664344, 0.0)], [-0.664136, -0.0283813, 0.747073, 0.0)], [-0.330465, 0.317154, -0.124867, 1.0)]])
-0.330465, 0.317154, -0.124867
float3(0.0283851, -0.726696, -1.57349)
238093.967341583
normal
simd_float4x4([[0.0104575, -0.999719, -0.0212661, 0.0)], [0.74451, -0.00641296, 0.66758, 0.0)], [-0.667529, -0.022814, 0.744234, 0.0)], [-0.335162, 0.316137, -0.124737, 1.0)]])
-0.335162, 0.316137, -0.124737
float3(0.022816, -0.731119, -1.57721)
238094.083994708
normal
simd_float4x4([[0.0137306, -0.999557, -0.0264096, 0.0)], [0.742993, -0.00747636, 0.669257, 0.0)], [-0.669158, -0.0288114, 0.742562, 0.0)], [-0.338326, 0.316028, -0.124963, 1.0)]])
-0.338326, 0.316028, -0.124963
float3(0.0288154, -0.733449, -1.57828)
238094.200648
normal
simd_float4x4([[0.0113755, -0.999566, -0.0271788, 0.0)], [0.738837, -0.00991304, 0.673811, 0.0)], [-0.673788, -0.0277457, 0.738404, 0.0)], [-0.337729, 0.315013, -0.12396, 1.0)]])
-0.337729, 0.315013, -0.12396
float3(0.0277492, -0.739674, -1.58071)
238094.317301291
normal
simd_float4x4([[0.0107766, -0.999557, -0.0277549, 0.0)], [0.738502, -0.0107576, 0.674165, 0.0)], [-0.674165, -0.0277623, 0.738058, 0.0)], [-0.336361, 0.31512, -0.124275, 1.0)]])
-0.336361, 0.31512, -0.124275
float3(0.0277659, -0.740186, -1.58156)
238094.4339545
normal
simd_float4x4([[0.0129787, -0.99952, -0.0281112, 0.0)], [0.738579, -0.00936855, 0.674102, 0.0)], [-0.674042, -0.0295113, 0.738103, 0.0)], [-0.335995, 0.315625, -0.123587, 1.0)]])
-0.335995, 0.315625, -0.123587
float3(0.0295156, -0.740065, -1.58017)
238094.550607833
normal
simd_float4x4([[0.0117001, -0.999529, -0.0283502, 0.0)], [0.735476, -0.0106062, 0.677468, 0.0)], [-0.67745, -0.0287773, 0.735006, 0.0)], [-0.335435, 0.315387, -0.122149, 1.0)]])
-0.335435, 0.315387, -0.122149
float3(0.0287813, -0.744672, -1.58141)
238094.667260958
normal
simd_float4x4([[0.0114668, -0.999583, -0.0265101, 0.0)], [0.733457, -0.00961167, 0.679667, 0.0)], [-0.679639, -0.0272377, 0.733041, 0.0)], [-0.334721, 0.314971, -0.122145, 1.0)]])
-0.334721, 0.314971, -0.122145
float3(0.027241, -0.747614, -1.58041)
238094.783914291
normal
simd_float4x4([[0.0131245, -0.999556, -0.026766, 0.0)], [0.730603, -0.00868951, 0.682748, 0.0)], [-0.682677, -0.028516, 0.730164, 0.0)], [-0.336796, 0.314886, -0.121773, 1.0)]])
-0.336796, 0.314886, -0.121773
float3(0.0285199, -0.7518, -1.57949)
238094.9005675
normal
simd_float4x4([[0.0129415, -0.999603, -0.0250462, 0.0)], [0.726032, -0.00782934, 0.687616, 0.0)], [-0.687539, -0.0270831, 0.725642, 0.0)], [-0.335708, 0.315211, -0.122255, 1.0)]])
-0.335708, 0.315211, -0.122255
float3(0.0270864, -0.758442, -1.57863)
238095.017220916
normal
simd_float4x4([[0.0172745, -0.999645, -0.0202669, 0.0)], [0.722099, -0.00154699, 0.691788, 0.0)], [-0.691574, -0.026585, 0.721816, 0.0)], [-0.335253, 0.31577, -0.123239, 1.0)]])
-0.335253, 0.31577, -0.123239
float3(0.0265881, -0.764004, -1.57234)
238095.133874041
normal
simd_float4x4([[0.00591031, -0.999947, -0.00838646, 0.0)], [0.731682, -0.0013922, 0.681644, 0.0)], [-0.68162, -0.010165, 0.731635, 0.0)], [-0.332363, 0.313588, -0.124599, 1.0)]])
-0.332363, 0.313588, -0.124599
float3(0.0101651, -0.750023, -1.57219)
238095.250527291
normal
simd_float4x4([[-0.0588585, -0.986361, 0.153711, 0.0)], [0.735359, 0.0612931, 0.6749, 0.0)], [-0.675117, 0.152756, 0.721722, 0.0)], [-0.324551, 0.269795, -0.141462, 1.0)]])
-0.324551, 0.269795, -0.141462
float3(-0.153356, -0.752046, -1.50874)
238095.367180541
normal
simd_float4x4([[-0.13505, -0.957049, 0.256551, 0.0)], [0.773682, 0.0599031, 0.630736, 0.0)], [-0.619014, 0.28367, 0.732361, 0.0)], [-0.301886, 0.216155, -0.145349, 1.0)]])
-0.301886, 0.216155, -0.145349
float3(-0.287619, -0.701718, -1.50829)
238095.483834041
normal
simd_float4x4([[-0.143325, -0.952495, 0.268723, 0.0)], [0.794623, 0.0511016, 0.604949, 0.0)], [-0.589942, 0.300238, 0.74955, 0.0)], [-0.291917, 0.207145, -0.138775, 1.0)]])
-0.291917, 0.207145, -0.138775
float3(-0.304942, -0.666802, -1.5172)
238095.583856041
normal
simd_float4x4([[-0.125425, -0.959524, 0.252155, 0.0)], [0.80353, 0.0508251, 0.593091, 0.0)], [-0.581901, 0.277003, 0.764631, 0.0)], [-0.285266, 0.214472, -0.128198, 1.0)]])
-0.285266, 0.214472, -0.128198
float3(-0.280674, -0.650517, -1.51788)
238095.683911583
normal
simd_float4x4([[-0.0978137, -0.967196, 0.234445, 0.0)], [0.81174, 0.0587539, 0.581057, 0.0)], [-0.57577, 0.247143, 0.779364, 0.0)], [-0.278202, 0.225719, -0.1176, 1.0)]])
-0.278202, 0.225719, -0.1176
float3(-0.249731, -0.636275, -1.51012)
238095.783967333
normal
simd_float4x4([[-0.0638517, -0.978269, 0.197265, 0.0)], [0.804282, 0.066578, 0.590506, 0.0)], [-0.590807, 0.196361, 0.782553, 0.0)], [-0.274184, 0.24466, -0.103122, 1.0)]])
-0.274184, 0.24466, -0.103122
float3(-0.197646, -0.646677, -1.50284)
238095.884023
normal
simd_float4x4([[-0.0177657, -0.990018, 0.139813, 0.0)], [0.802207, 0.0693506, 0.593005, 0.0)], [-0.596782, 0.122694, 0.792967, 0.0)], [-0.274173, 0.269944, -0.0877413, 1.0)]])
-0.274173, 0.269944, -0.0877413
float3(-0.123004, -0.645159, -1.50086)
238095.984056416
normal
simd_float4x4([[0.00936345, -0.996848, 0.078777, 0.0)], [0.807048, 0.0540485, 0.588007, 0.0)], [-0.590411, 0.0580711, 0.805011, 0.0)], [-0.272339, 0.291862, -0.0750746, 1.0)]])
-0.272339, 0.291862, -0.0750746
float3(-0.0581038, -0.632806, -1.51663)
238096.100709666
normal
simd_float4x4([[0.0279204, -0.998665, 0.0434597, 0.0)], [0.80834, 0.0481333, 0.586745, 0.0)], [-0.588054, 0.0187481, 0.808604, 0.0)], [-0.269577, 0.309837, -0.0681076, 1.0)]])
-0.269577, 0.309837, -0.0681076
float3(-0.0187492, -0.628778, -1.52264)
238096.217362833
normal
simd_float4x4([[0.0430925, -0.998691, 0.0275376, 0.0)], [0.805076, 0.0510335, 0.590972, 0.0)], [-0.591604, -0.00329661, 0.806222, 0.0)], [-0.269336, 0.321328, -0.0687081, 1.0)]])
-0.269336, 0.321328, -0.0687081
float3(0.00329662, -0.633051, -1.51974)
238096.334015958
normal
simd_float4x4([[0.0424804, -0.999004, 0.0136162, 0.0)], [0.806802, 0.0423395, 0.589303, 0.0)], [-0.589293, -0.0140483, 0.807797, 0.0)], [-0.267018, 0.324125, -0.0701969, 1.0)]])
-0.267018, 0.324125, -0.0701969
float3(0.0140487, -0.630255, -1.52844)
238096.450669416
normal
simd_float4x4([[0.0399063, -0.999196, -0.00385683, 0.0)], [0.810472, 0.0301109, 0.585003, 0.0)], [-0.584416, -0.0264711, 0.811022, 0.0)], [-0.26498, 0.322442, -0.0718986, 1.0)]])
-0.26498, 0.322442, -0.0718986
float3(0.0264742, -0.624413, -1.54067)
238096.567322666
normal
simd_float4x4([[0.0342923, -0.999401, -0.00471002, 0.0)], [0.807388, 0.0249256, 0.589494, 0.0)], [-0.589024, -0.0240179, 0.807759, 0.0)], [-0.264895, 0.321722, -0.0758956, 1.0)]])
-0.264895, 0.321722, -0.0758956
float3(0.0240202, -0.630061, -1.54586)
238096.683975875
normal
simd_float4x4([[0.03484, -0.999376, -0.00574072, 0.0)], [0.805517, 0.0246807, 0.592059, 0.0)], [-0.591548, -0.0252516, 0.805874, 0.0)], [-0.267223, 0.322345, -0.078856, 1.0)]])
-0.267223, 0.322345, -0.078856
float3(0.0252543, -0.633212, -1.54611)
238096.800629166
normal
simd_float4x4([[0.0299385, -0.999516, -0.00849961, 0.0)], [0.804728, 0.0190584, 0.593338, 0.0)], [-0.592888, -0.0246035, 0.804909, 0.0)], [-0.268727, 0.321187, -0.0793543, 1.0)]])
-0.268727, 0.321187, -0.0793543
float3(0.024606, -0.634864, -1.55173)
238096.917282583
normal
simd_float4x4([[0.0266164, -0.999615, -0.00787272, 0.0)], [0.804738, 0.0167541, 0.593394, 0.0)], [-0.593033, -0.0221295, 0.804874, 0.0)], [-0.268122, 0.320071, -0.0804423, 1.0)]])
-0.268122, 0.320071, -0.0804423
float3(0.0221313, -0.635001, -1.55404)
238097.033935833
normal
simd_float4x4([[0.0244882, -0.999674, -0.00722099, 0.0)], [0.80387, 0.0153967, 0.594605, 0.0)], [-0.5943, -0.0203655, 0.803985, 0.0)], [-0.269715, 0.320102, -0.0801342, 1.0)]])
-0.269715, 0.320102, -0.0801342
float3(0.0203669, -0.636549, -1.5554)
238097.150589041
normal
simd_float4x4([[0.0206536, -0.999745, -0.00907234, 0.0)], [0.801676, 0.0111382, 0.597655, 0.0)], [-0.597402, -0.0196168, 0.801702, 0.0)], [-0.271518, 0.319214, -0.0785625, 1.0)]])
-0.271518, 0.319214, -0.0785625
float3(0.0196181, -0.640401, -1.55966)
238097.26724225
normal
simd_float4x4([[0.0172507, -0.999835, -0.00574711, 0.0)], [0.799986, 0.0103542, 0.59993, 0.0)], [-0.599771, -0.0149468, 0.800032, 0.0)], [-0.273331, 0.317955, -0.0783968, 1.0)]])
-0.273331, 0.317955, -0.0783968
float3(0.0149474, -0.643299, -1.56044)
238097.38389575
normal
simd_float4x4([[0.0148148, -0.999887, -0.00269311, 0.0)], [0.798339, 0.0102068, 0.602122, 0.0)], [-0.602026, -0.0110704, 0.7984, 0.0)], [-0.275402, 0.316138, -0.0777959, 1.0)]])
-0.275402, 0.316138, -0.0777959
float3(0.0110706, -0.646083, -1.56059)
238097.500549083
normal
simd_float4x4([[0.0161649, -0.999865, -0.00289249, 0.0)], [0.795675, 0.0111117, 0.605622, 0.0)], [-0.605509, -0.0120913, 0.795747, 0.0)], [-0.277849, 0.317303, -0.0771963, 1.0)]])
-0.277849, 0.317303, -0.0771963
float3(0.0120916, -0.650461, -1.55968)
238097.617202125
normal
simd_float4x4([[0.0179318, -0.999827, -0.00497519, 0.0)], [0.795061, 0.0112417, 0.606425, 0.0)], [-0.606264, -0.0148299, 0.795125, 0.0)], [-0.281084, 0.317627, -0.0764164, 1.0)]])
-0.281084, 0.317627, -0.0764164
float3(0.0148304, -0.651438, -1.55955)
238097.733855375
normal
simd_float4x4([[0.0171955, -0.999847, -0.00329602, 0.0)], [0.7932, 0.0116345, 0.60885, 0.0)], [-0.608719, -0.0130839, 0.793278, 0.0)], [-0.282043, 0.31715, -0.0771648, 1.0)]])
-0.282043, 0.31715, -0.0771648
float3(0.0130843, -0.65451, -1.55916)
238097.850508916
normal
simd_float4x4([[0.0142115, -0.999894, -0.0030942, 0.0)], [0.794286, 0.00940933, 0.607471, 0.0)], [-0.607378, -0.0110907, 0.794336, 0.0)], [-0.283424, 0.316666, -0.0780374, 1.0)]])
-0.283424, 0.316666, -0.0780374
float3(0.011091, -0.652802, -1.56139)
238097.967162208
normal
simd_float4x4([[0.00919281, -0.999952, -0.00333471, 0.0)], [0.794907, 0.00528448, 0.606708, 0.0)], [-0.606662, -0.00822814, 0.794917, 0.0)], [-0.283776, 0.315235, -0.0795485, 1.0)]])
-0.283776, 0.315235, -0.0795485
float3(0.00822824, -0.65188, -1.56551)
238098.083815375
normal
simd_float4x4([[0.00115085, -0.999986, 0.00523973, 0.0)], [0.797437, 0.00407939, 0.603389, 0.0)], [-0.603402, 0.00348394, 0.79743, 0.0)], [-0.284125, 0.314645, -0.0824186, 1.0)]])
-0.284125, 0.314645, -0.0824186
float3(-0.00348395, -0.647765, -1.56672)
238098.200468666
