ARKit Data
1035743.43383671
normal
simd_float4x4([[-0.0138411, -0.999847, -0.0107354, 0.0)], [-0.956721, 0.0101215, 0.29083, 0.0)], [-0.290676, 0.0142962, -0.956715, 0.0)], [9.85127, -1.10683, 25.0976, 1.0)]])
9.85127, -1.10683, 25.0976
float3(-0.0142967, -2.84663, -1.56067)
1035743.65047733
normal
simd_float4x4([[-0.0187679, -0.999714, -0.0148533, 0.0)], [-0.959131, 0.0138069, 0.282626, 0.0)], [-0.28234, 0.0195506, -0.959115, 0.0)], [9.84834, -1.10746, 25.1012, 1.0)]])
9.84834, -1.10746, 25.1012
float3(-0.0195518, -2.8553, -1.55699)
1035744.38669646
notAvailable
simd_float4x4([[-0.364797, 0.0, 0.931087, 0.0)], [0.0, 1.0, 0.0, 0.0)], [-0.931087, 0.0, -0.364797, 0.0)], [-0.212004, -0.0137741, 0.322944, 1.0)]])
-0.212004, -0.0137741, 0.322944
float3(-0.0, -1.94421, 0.0)
1035744.60333733
limited(__ObjC.ARCamera.TrackingState.Reason.initializing)
simd_float4x4([[-0.00472317, -0.998131, 0.0609324, 0.0)], [0.999988, -0.00478026, -0.000791256, 0.0)], [0.00108105, 0.0609279, 0.998142, 0.0)], [0.0, 0.0, 0.0, 1.0)]])
0.0, 0.0, 0.0
float3(-0.0609657, 0.00108306, -1.57559)
1035744.81997821
limited(__ObjC.ARCamera.TrackingState.Reason.initializing)
simd_float4x4([[0.000528233, -0.994961, 0.100259, 0.0)], [0.99998, -0.000106638, -0.00632682, 0.0)], [0.00630563, 0.100261, 0.994941, 0.0)], [0.0, 0.0, 0.0, 1.0)]])
0.0, 0.0, 0.0
float3(-0.10043, 0.00633761, -1.5709)
1035745.03661896
limited(__ObjC.ARCamera.TrackingState.Reason.initializing)
simd_float4x4([[4.28869e-05, -0.996365, 0.0851679, 0.0)], [0.999971, -0.0006092, -0.00763065, 0.0)], [0.00765481, 0.0851657, 0.996336, 0.0)], [0.0, 0.0, 0.0, 1.0)]])
0.0, 0.0, 0.0
float3(-0.085269, 0.00768281, -1.57141)
1035745.25325979
normal
simd_float4x4([[0.000998794, -0.998564, 0.0535624, 0.0)], [0.999995, 0.000844978, -0.00289428, 0.0)], [0.00284487, 0.0535651, 0.99856, 0.0)], [7.10192e-05, 8.18987e-05, 6.28619e-05, 1.0)]])
7.10192e-05, 8.18987e-05, 6.28619e-05
float3(-0.0535907, 0.00284896, -1.56995)
1035745.46990067
normal
simd_float4x4([[0.00142716, -0.999632, 0.0271064, 0.0)], [0.99998, 0.00126097, -0.00614708, 0.0)], [0.00611064, 0.0271147, 0.999614, 0.0)], [0.000465059, 0.00157805, 0.00502486, 1.0)]])
0.000465059, 0.00157805, 0.00502486
float3(-0.027118, 0.00611293, -1.56953)
1035745.71987096
normal
simd_float4x4([[0.00292114, -0.999901, -0.0137589, 0.0)], [0.999827, 0.00317304, -0.018322, 0.0)], [0.0183639, -0.013703, 0.999737, 0.0)], [0.000523079, 0.00082006, 0.0104258, 1.0)]])
0.000523079, 0.00082006, 0.0104258
float3(0.0137034, 0.0183667, -1.56762)
1035745.936512
normal
simd_float4x4([[0.000456661, -0.999931, -0.011747, 0.0)], [0.999829, 0.000673754, -0.0184834, 0.0)], [0.0184901, -0.0117365, 0.99976, 0.0)], [0.000783411, -0.000468455, 0.0101284, 1.0)]])
0.000783411, -0.000468455, 0.0101284
float3(0.0117368, 0.0184924, -1.57012)
1035746.16981767
normal
simd_float4x4([[0.000852301, -0.999977, -0.00669286, 0.0)], [0.999888, 0.000952335, -0.0149574, 0.0)], [0.0149634, -0.00667936, 0.999866, 0.0)], [0.000396503, -0.0014624, 0.00861767, 1.0)]])
0.000396503, -0.0014624, 0.00861767
float3(0.00667941, 0.0149643, -1.56984)
1035746.38645871
normal
simd_float4x4([[0.00186059, -0.999994, -0.0028273, 0.0)], [0.999918, 0.00189619, -0.0126404, 0.0)], [0.0126457, -0.00280355, 0.999916, 0.0)], [0.00057908, -0.0017462, 0.00679562, 1.0)]])
0.00057908, -0.0017462, 0.00679562
float3(0.00280355, 0.0126461, -1.5689)
1035746.61976433
normal
simd_float4x4([[0.00411509, -0.99999, 0.00171392, 0.0)], [0.999987, 0.00410977, -0.00309958, 0.0)], [0.00309251, 0.00172665, 0.999994, 0.0)], [0.00213846, -0.0019478, 0.00494494, 1.0)]])
0.00213846, -0.0019478, 0.00494494
float3(-0.00172665, 0.00309252, -1.56669)
1035746.83640546
normal
simd_float4x4([[0.00243258, -0.999941, 0.0106203, 0.0)], [0.999997, 0.00243058, -0.000201632, 0.0)], [0.000175809, 0.0106208, 0.999943, 0.0)], [0.00174642, -0.00200156, 0.00399299, 1.0)]])
0.00174642, -0.00200156, 0.00399299
float3(-0.010621, 0.000175819, -1.56837)
1035747.06971154
normal
simd_float4x4([[0.00114744, -0.999955, 0.00941495, 0.0)], [0.999939, 0.00104354, -0.0110334, 0.0)], [0.0110231, 0.00942704, 0.999895, 0.0)], [0.000647398, -0.00189751, 0.00217082, 1.0)]])
0.000647398, -0.00189751, 0.00217082
float3(-0.00942718, 0.0110238, -1.56975)
1035747.28635267
normal
simd_float4x4([[-0.00128302, -0.999952, 0.00968762, 0.0)], [0.999638, -0.00154289, -0.0268653, 0.0)], [0.026879, 0.00964965, 0.999592, 0.0)], [-0.00180735, -0.00236394, 0.00490619, 1.0)]])
-0.00180735, -0.00236394, 0.00490619
float3(-0.0096498, 0.0268835, -1.57234)
1035747.50299404
normal
simd_float4x4([[0.000434562, -0.99992, 0.0126476, 0.0)], [0.999454, 1.64703e-05, -0.0330383, 0.0)], [0.0330355, 0.0126551, 0.999374, 0.0)], [-0.00450351, -0.0018407, 0.00310921, 1.0)]])
-0.00450351, -0.0018407, 0.00310921
float3(-0.0126554, 0.0330441, -1.57078)
1035747.71963517
normal
simd_float4x4([[0.00131892, -0.999889, 0.0148156, 0.0)], [0.999579, 0.000888903, -0.0289934, 0.0)], [0.028977, 0.0148477, 0.99947, 0.0)], [-0.00562921, -0.00203825, 0.00227519, 1.0)]])
-0.00562921, -0.00203825, 0.00227519
float3(-0.0148482, 0.0289843, -1.56991)
1035747.93627629
normal
simd_float4x4([[0.00150061, -0.999939, 0.0109683, 0.0)], [0.999698, 0.00123091, -0.0245546, 0.0)], [0.0245396, 0.0110018, 0.999638, 0.0)], [-0.00501588, -0.00132709, 0.00256592, 1.0)]])
-0.00501588, -0.00132709, 0.00256592
float3(-0.011002, 0.0245436, -1.56957)
1035748.15291779
normal
simd_float4x4([[0.00234628, -0.999929, 0.0117308, 0.0)], [0.999695, 0.00205688, -0.0246223, 0.0)], [0.0245964, 0.011785, 0.999628, 0.0)], [-0.00587346, -0.00165841, 0.00171179, 1.0)]])
-0.00587346, -0.00165841, 0.00171179
float3(-0.0117853, 0.0246006, -1.56874)
1035748.40288837
normal
simd_float4x4([[0.00200269, -0.999916, 0.0127904, 0.0)], [0.99974, 0.00171135, -0.0227487, 0.0)], [0.0227249, 0.0128326, 0.999659, 0.0)], [-0.0058839, -0.0021632, 0.000544211, 1.0)]])
-0.0058839, -0.0021632, 0.000544211
float3(-0.012833, 0.0227288, -1.56908)
1035748.65285921
normal
simd_float4x4([[0.000720094, -0.99989, 0.014795, 0.0)], [0.999999, 0.000738166, 0.00121607, 0.0)], [-0.00122686, 0.0147942, 0.99989, 0.0)], [0.0048666, -0.00193708, 0.00079206, 1.0)]])
0.0048666, -0.00193708, 0.00079206
float3(-0.0147947, -0.001227, -1.57006)
1035748.86950067
normal
simd_float4x4([[-0.00426499, -0.999843, 0.0172008, 0.0)], [0.998376, -0.00328042, 0.0568672, 0.0)], [-0.0568018, 0.0174154, 0.998233, 0.0)], [0.0278285, -0.00213653, 0.00321766, 1.0)]])
0.0278285, -0.00213653, 0.00321766
float3(-0.0174163, -0.0568411, -1.57408)
1035749.11947167
normal
simd_float4x4([[-0.00708666, -0.999819, 0.0176475, 0.0)], [0.982721, -0.00369915, 0.185054, 0.0)], [-0.184955, 0.018654, 0.98257, 0.0)], [0.0610249, -0.00254215, 0.00760605, 1.0)]])
0.0610249, -0.00254215, 0.00760605
float3(-0.0186551, -0.186059, -1.5745)
1035749.33611312
normal
simd_float4x4([[-0.0074136, -0.999821, 0.0174051, 0.0)], [0.945348, -0.00133357, 0.326059, 0.0)], [-0.325978, 0.0188712, 0.945189, 0.0)], [0.0851887, -0.00167722, 0.00991894, 1.0)]])
0.0851887, -0.00167722, 0.00991894
float3(-0.0188723, -0.332107, -1.57213)
1035749.58614
normal
simd_float4x4([[-0.00858698, -0.999779, 0.0191733, 0.0)], [0.849133, 0.00283593, 0.528171, 0.0)], [-0.528108, 0.0208161, 0.848922, 0.0)], [0.113868, -0.00373986, 0.0144732, 1.0)]])
0.113868, -0.00373986, 0.0144732
float3(-0.0208176, -0.556506, -1.56796)
1035749.80292721
normal
simd_float4x4([[-0.0296101, -0.998788, 0.0393234, 0.0)], [0.690051, 0.00803625, 0.723716, 0.0)], [-0.723155, 0.0485644, 0.688976, 0.0)], [0.136958, -0.0124702, 0.0122907, 1.0)]])
0.136958, -0.0124702, 0.0122907
float3(-0.0485835, -0.809597, -1.56275)
1035750.00303825
normal
simd_float4x4([[-0.0571245, -0.996196, 0.065803, 0.0)], [0.5312, 0.0254786, 0.846863, 0.0)], [-0.845318, 0.0833312, 0.527724, 0.0)], [0.173794, -0.0262509, 0.00237891, 1.0)]])
0.173794, -0.0262509, 0.00237891
float3(-0.083428, -1.01271, -1.54523)
1035750.20314942
normal
simd_float4x4([[-0.0797343, -0.994467, 0.06839, 0.0)], [0.405575, 0.0303078, 0.913559, 0.0)], [-0.910578, 0.100579, 0.400914, 0.0)], [0.239446, -0.0336988, -4.83464e-05, 1.0)]])
0.239446, -0.0336988, -4.83464e-05
float3(-0.10075, -1.15605, -1.54033)
1035750.4032605
normal
simd_float4x4([[-0.0616508, -0.996835, 0.0501981, 0.0)], [0.334418, 0.0267564, 0.942045, 0.0)], [-0.940406, 0.0748651, 0.33171, 0.0)], [0.332493, -0.0301164, 0.00888523, 1.0)]])
0.332493, -0.0301164, 0.00888523
float3(-0.0749352, -1.23169, -1.54396)
1035750.60337179
normal
simd_float4x4([[-0.0526061, -0.997202, 0.0531174, 0.0)], [0.269811, 0.0370195, 0.962201, 0.0)], [-0.961475, 0.0649494, 0.267108, 0.0)], [0.435918, -0.0247333, 0.00608819, 1.0)]])
0.435918, -0.0247333, 0.00608819
float3(-0.0649951, -1.29982, -1.53369)
1035750.82015887
normal
simd_float4x4([[-0.0576179, -0.99747, 0.0416469, 0.0)], [0.212713, 0.0284925, 0.976699, 0.0)], [-0.975414, 0.0651343, 0.210533, 0.0)], [0.570388, -0.032535, -0.00724846, 1.0)]])
0.570388, -0.032535, -0.00724846
float3(-0.0651804, -1.35822, -1.54224)
1035751.03694608
normal
simd_float4x4([[-0.050824, -0.998421, 0.0239338, 0.0)], [0.133546, 0.0169553, 0.990897, 0.0)], [-0.989738, 0.0535577, 0.132473, 0.0)], [0.742491, -0.0522858, -0.0400422, 1.0)]])
0.742491, -0.0522858, -0.0400422
float3(-0.0535833, -1.43774, -1.55382)
1035751.25373329
normal
simd_float4x4([[-0.0504656, -0.998715, -0.00457949, 0.0)], [0.0944137, -0.00933547, 0.995489, 0.0)], [-0.994253, 0.0498056, 0.0947636, 0.0)], [0.924895, -0.0453836, -0.0785537, 1.0)]])
0.924895, -0.0453836, -0.0785537
float3(-0.0498262, -1.47577, -1.58014)
1035751.45384471
normal
simd_float4x4([[-0.0631385, -0.997804, -0.0200229, 0.0)], [0.0660711, -0.0241981, 0.997521, 0.0)], [-0.995815, 0.0616591, 0.0674539, 0.0)], [1.07471, -0.0372406, -0.0938738, 1.0)]])
1.07471, -0.0372406, -0.0938738
float3(-0.0616983, -1.50316, -1.59504)
1035751.65395592
normal
simd_float4x4([[-0.0621722, -0.998065, -0.000284056, 0.0)], [0.0879468, -0.00576195, 0.996108, 0.0)], [-0.994183, 0.0619053, 0.0881349, 0.0)], [1.22294, -0.0535078, -0.103017, 1.0)]])
1.22294, -0.0535078, -0.103017
float3(-0.0619449, -1.48238, -1.57657)
1035751.87074325
normal
simd_float4x4([[-0.0514379, -0.998658, -0.00605847, 0.0)], [0.0930846, -0.0108344, 0.995599, 0.0)], [-0.994329, 0.0506476, 0.093517, 0.0)], [1.38869, -0.0471944, -0.0879234, 1.0)]])
1.38869, -0.0471944, -0.0879234
float3(-0.0506693, -1.47702, -1.58164)
1035752.0708545
normal
simd_float4x4([[-0.0717444, -0.997303, 0.0154626, 0.0)], [0.101326, 0.00813491, 0.99482, 0.0)], [-0.992263, 0.0729395, 0.100469, 0.0)], [1.53027, -0.0462855, -0.0861044, 1.0)]])
1.53027, -0.0462855, -0.0861044
float3(-0.0730044, -1.46989, -1.56264)
1035752.27096596
normal
simd_float4x4([[-0.0535031, -0.997608, 0.0437731, 0.0)], [0.0762146, 0.0396284, 0.996303, 0.0)], [-0.995655, 0.0566414, 0.073912, 0.0)], [1.66512, -0.0520039, -0.0903568, 1.0)]])
1.66512, -0.0520039, -0.0903568
float3(-0.0566718, -1.4967, -1.53109)
1035752.47107729
normal
simd_float4x4([[-0.0273681, -0.998836, 0.0397351, 0.0)], [0.0636163, 0.0379291, 0.997253, 0.0)], [-0.997599, 0.0298208, 0.0625042, 0.0)], [1.82294, -0.0668615, -0.102351, 1.0)]])
1.82294, -0.0668615, -0.102351
float3(-0.0298252, -1.50822, -1.53284)
1035752.67118883
normal
simd_float4x4([[-0.0418095, -0.998818, 0.0247807, 0.0)], [0.0308316, 0.0235008, 0.999248, 0.0)], [-0.99865, 0.0425421, 0.0298126, 0.0)], [1.99133, -0.0607951, -0.108688, 1.0)]])
1.99133, -0.0607951, -0.108688
float3(-0.0425549, -1.54095, -1.54727)
1035752.87130013
normal
simd_float4x4([[-0.0660528, -0.997728, 0.013243, 0.0)], [0.0178856, 0.012086, 0.999767, 0.0)], [-0.997656, 0.0662743, 0.0170466, 0.0)], [2.14621, -0.0574752, -0.0923123, 1.0)]])
2.14621, -0.0574752, -0.0923123
float3(-0.0663229, -1.55371, -1.55868)
1035753.08808758
normal
simd_float4x4([[-0.0606868, -0.997895, 0.0228626, 0.0)], [0.0225705, 0.021527, 0.999513, 0.0)], [-0.997902, 0.0611733, 0.0212166, 0.0)], [2.31798, -0.0758479, -0.0575303, 1.0)]])
2.31798, -0.0758479, -0.0575303
float3(-0.0612115, -1.54954, -1.54923)
1035753.30487508
normal
simd_float4x4([[-0.0678019, -0.997696, -0.00236624, 0.0)], [-0.102826, 0.00462877, 0.994688, 0.0)], [-0.992386, 0.0676851, -0.102903, 0.0)], [2.48266, -0.0674367, 0.0242234, 1.0)]])
2.48266, -0.0674367, 0.0242234
float3(-0.0677369, -1.67412, -1.56616)
1035753.52166254
normal
simd_float4x4([[-0.0681431, -0.99745, -0.0212043, 0.0)], [-0.267484, -0.00221004, 0.96356, 0.0)], [-0.96115, 0.0713318, -0.266651, 0.0)], [2.60903, -0.0640493, 0.108568, 1.0)]])
2.60903, -0.0640493, 0.108568
float3(-0.0713924, -1.84142, -1.57301)
1035753.721774
normal
simd_float4x4([[-0.0666202, -0.997178, -0.0346183, 0.0)], [-0.491292, 0.00258505, 0.870991, 0.0)], [-0.868443, 0.0750333, -0.490077, 0.0)], [2.72108, -0.0750633, 0.191258, 1.0)]])
2.72108, -0.0750633, 0.191258
float3(-0.0751039, -2.08457, -1.5682)
1035753.9218855
normal
simd_float4x4([[-0.0700457, -0.996432, -0.0470766, 0.0)], [-0.654687, 0.010313, 0.755829, 0.0)], [-0.752647, 0.0837631, -0.653074, 0.0)], [2.83844, -0.0753691, 0.264199, 1.0)]])
2.83844, -0.0753691, 0.264199
float3(-0.0838614, -2.28548, -1.56045)
1035754.12199704
normal
simd_float4x4([[-0.0610174, -0.993255, -0.0985955, 0.0)], [-0.773323, -0.01541, 0.633825, 0.0)], [-0.631069, 0.114921, -0.767167, 0.0)], [2.91821, -0.0683197, 0.345964, 1.0)]])
2.91821, -0.0683197, 0.345964
float3(-0.115175, -2.45322, -1.58631)
1035754.3221085
normal
simd_float4x4([[-0.0273332, -0.991992, -0.123308, 0.0)], [-0.858703, -0.0398487, 0.510922, 0.0)], [-0.511744, 0.11985, -0.850737, 0.0)], [2.95537, -0.0755901, 0.445034, 1.0)]])
2.95537, -0.0755901, 0.445034
float3(-0.120139, -2.60005, -1.61095)
1035754.52222008
normal
simd_float4x4([[-0.00844203, -0.99417, -0.107494, 0.0)], [-0.914062, -0.0359185, 0.403981, 0.0)], [-0.405487, 0.101667, -0.908429, 0.0)], [2.98125, -0.0845578, 0.571413, 1.0)]])
2.98125, -0.0845578, 0.571413
float3(-0.101843, -2.72177, -1.60691)
1035754.72233183
normal
simd_float4x4([[-0.0209433, -0.993074, -0.115607, 0.0)], [-0.957847, -0.0132072, 0.286973, 0.0)], [-0.286512, 0.116744, -0.950937, 0.0)], [2.99098, -0.0669657, 0.711736, 1.0)]])
2.99098, -0.0669657, 0.711736
float3(-0.117011, -2.84895, -1.58409)
1035754.92244358
normal
simd_float4x4([[-0.0239374, -0.992888, -0.116622, 0.0)], [-0.988829, 0.00634781, 0.14892, 0.0)], [-0.14712, 0.118884, -0.981948, 0.0)], [2.98462, -0.0580976, 0.826138, 1.0)]])
2.98462, -0.0580976, 0.826138
float3(-0.119166, -2.99287, -1.5644)
1035755.12255517
normal
simd_float4x4([[-0.0271806, -0.99087, -0.132053, 0.0)], [-0.998325, 0.0201587, 0.0542238, 0.0)], [-0.0510668, 0.133305, -0.989758, 0.0)], [2.98758, -0.0721305, 0.956764, 1.0)]])
2.98758, -0.0721305, 0.956764
float3(-0.133703, -3.09004, -1.55045)
1035755.32266683
normal
simd_float4x4([[-0.00343768, -0.992085, -0.125526, 0.0)], [-0.999762, 0.00611545, -0.0209533, 0.0)], [0.0215551, 0.125424, -0.991869, 0.0)], [2.99722, -0.0828682, 1.11018, 1.0)]])
2.99722, -0.0828682, 1.11018
float3(-0.125755, 3.11986, -1.56463)
1035755.5394545
normal
simd_float4x4([[0.0155476, -0.990499, -0.136642, 0.0)], [-0.997921, -0.0068224, -0.0640927, 0.0)], [0.0625515, 0.137354, -0.988545, 0.0)], [2.9895, -0.0628836, 1.25231, 1.0)]])
2.9895, -0.0628836, 1.25231
float3(-0.13779, 3.0784, -1.57768)
1035755.73956612
normal
simd_float4x4([[0.0354331, -0.992874, -0.113781, 0.0)], [-0.997514, -0.0281976, -0.0645835, 0.0)], [0.0609149, 0.115786, -0.991404, 0.0)], [2.96812, -0.0633852, 1.37058, 1.0)]])
2.96812, -0.0633852, 1.37058
float3(-0.116047, 3.08023, -1.59919)
1035755.93967788
normal
simd_float4x4([[0.047917, -0.994003, -0.0983, 0.0)], [-0.997873, -0.0432843, -0.0487332, 0.0)], [0.0441861, 0.100426, -0.993963, 0.0)], [2.92781, -0.0805378, 1.51669, 1.0)]])
2.92781, -0.0805378, 1.51669
float3(-0.100596, 3.09717, -1.61431)
1035756.1564655
normal
simd_float4x4([[0.0188113, -0.992853, -0.117855, 0.0)], [-0.999657, -0.0165306, -0.0202996, 0.0)], [0.0182063, 0.118196, -0.992823, 0.0)], [2.89025, -0.0664964, 1.68099, 1.0)]])
2.89025, -0.0664964, 1.68099
float3(-0.118473, 3.12326, -1.58744)
1035756.37325312
normal
simd_float4x4([[-0.00973465, -0.990835, -0.134725, 0.0)], [-0.999891, 0.0111462, -0.00972701, 0.0)], [0.0111395, 0.134616, -0.990835, 0.0)], [2.87558, -0.0711903, 1.82357, 1.0)]])
2.87558, -0.0711903, 1.82357
float3(-0.135026, 3.13035, -1.55955)
1035756.57336512
normal
simd_float4x4([[-0.0261194, -0.991016, -0.131165, 0.0)], [-0.999657, 0.0256738, 0.00508735, 0.0)], [-0.00167415, 0.131253, -0.991347, 0.0)], [2.87386, -0.0914239, 1.97972, 1.0)]])
2.87386, -0.0914239, 1.97972
float3(-0.131633, -3.1399, -1.5449)
1035756.77347696
normal
simd_float4x4([[0.00328871, -0.991926, -0.126777, 0.0)], [-0.999994, -0.00337732, 0.000483969, 0.0)], [-0.000908231, 0.126775, -0.991931, 0.0)], [2.87682, -0.0877361, 2.15225, 1.0)]])
2.87682, -0.0877361, 2.15225
float3(-0.127117, -3.14068, -1.5742)
1035756.97358858
normal
simd_float4x4([[0.0226864, -0.985346, -0.169056, 0.0)], [-0.999408, -0.0179809, -0.0293136, 0.0)], [0.0258443, 0.169621, -0.98517, 0.0)], [2.86376, -0.0742383, 2.30451, 1.0)]])
2.86376, -0.0742383, 2.30451
float3(-0.170445, 3.11537, -1.58904)
1035757.19037654
normal
simd_float4x4([[0.00488179, -0.9875, -0.157545, 0.0)], [-0.999988, -0.00466819, -0.00172582, 0.0)], [0.000968799, 0.157552, -0.98751, 0.0)], [2.85909, -0.093355, 2.46864, 1.0)]])
2.85909, -0.093355, 2.46864
float3(-0.158211, 3.14061, -1.57552)
1035757.39048837
normal
simd_float4x4([[-0.00306574, -0.992892, -0.11898, 0.0)], [-0.999326, -0.0013108, 0.0366881, 0.0)], [-0.0365833, 0.119012, -0.992218, 0.0)], [2.8411, -0.0874023, 2.63418, 1.0)]])
2.8411, -0.0874023, 2.63418
float3(-0.119295, -3.10474, -1.57212)
1035757.59060004
normal
simd_float4x4([[-0.0115084, -0.989999, -0.140606, 0.0)], [-0.998554, 0.00399375, 0.0536104, 0.0)], [-0.0525127, 0.141019, -0.988613, 0.0)], [2.83473, -0.0737306, 2.78964, 1.0)]])
2.83473, -0.0737306, 2.78964
float3(-0.141491, -3.08853, -1.56676)
1035757.790712
normal
simd_float4x4([[-0.0430317, -0.990708, -0.12902, 0.0)], [-0.998523, 0.0383608, 0.0384736, 0.0)], [-0.0331668, 0.130485, -0.990895, 0.0)], [2.83572, -0.0889477, 2.94147, 1.0)]])
2.83572, -0.0889477, 2.94147
float3(-0.130858, -3.10813, -1.5321)
1035757.99082379
normal
simd_float4x4([[-0.0322828, -0.993252, -0.111393, 0.0)], [-0.999469, 0.032579, -0.000838555, 0.0)], [0.00446196, 0.111307, -0.993776, 0.0)], [2.84245, -0.0966209, 3.1141, 1.0)]])
2.84245, -0.0966209, 3.1141
float3(-0.111538, 3.1371, -1.53801)
1035758.20761179
normal
simd_float4x4([[0.00677557, -0.991247, -0.131848, 0.0)], [-0.999838, -0.00452124, -0.0173898, 0.0)], [0.0166414, 0.131945, -0.991117, 0.0)], [2.84213, -0.0804032, 3.29409, 1.0)]])
2.84213, -0.0804032, 3.29409
float3(-0.132331, 3.1248, -1.57536)
1035758.40772371
normal
simd_float4x4([[0.0380781, -0.993796, -0.104495, 0.0)], [-0.998897, -0.0349816, -0.0313085, 0.0)], [0.0274589, 0.105572, -0.994032, 0.0)], [2.83212, -0.0881059, 3.45375, 1.0)]])
2.83212, -0.0881059, 3.45375
float3(-0.105769, 3.11398, -1.60598)
1035758.60783554
normal
simd_float4x4([[0.0343536, -0.997589, -0.0603067, 0.0)], [-0.99908, -0.0327292, -0.0277193, 0.0)], [0.0256787, 0.0612034, -0.997795, 0.0)], [2.81228, -0.0920369, 3.62354, 1.0)]])
2.81228, -0.0920369, 3.62354
float3(-0.0612417, 3.11586, -1.60359)
1035758.82462354
normal
simd_float4x4([[0.0501722, -0.993855, -0.0986672, 0.0)], [-0.998711, -0.0491684, -0.0125803, 0.0)], [0.00765168, 0.0991713, -0.995041, 0.0)], [2.79719, -0.0749934, 3.80348, 1.0)]])
2.79719, -0.0749934, 3.80348
float3(-0.0993346, 3.1339, -1.62023)
1035759.04141146
normal
simd_float4x4([[0.00591816, -0.992542, -0.121762, 0.0)], [-0.999944, -0.00480298, -0.00945015, 0.0)], [0.00879485, 0.121811, -0.992514, 0.0)], [2.79767, -0.0892963, 3.98144, 1.0)]])
2.79767, -0.0892963, 3.98144
float3(-0.122114, 3.13273, -1.57564)
1035759.25819962
normal
simd_float4x4([[0.0131787, -0.991974, -0.125755, 0.0)], [-0.999398, -0.00903143, -0.0334923, 0.0)], [0.0320877, 0.126121, -0.991496, 0.0)], [2.79795, -0.0979202, 4.17828, 1.0)]])
2.79795, -0.0979202, 4.17828
float3(-0.126458, 3.10924, -1.5799)
1035759.4583115
normal
simd_float4x4([[0.044641, -0.986607, -0.156887, 0.0)], [-0.998362, -0.0384351, -0.0423714, 0.0)], [0.035774, 0.158522, -0.986707, 0.0)], [2.78494, -0.0868556, 4.35731, 1.0)]])
2.78494, -0.0868556, 4.35731
float3(-0.159193, 3.10535, -1.60973)
1035759.65842342
normal
simd_float4x4([[0.062285, -0.986406, -0.152065, 0.0)], [-0.99777, -0.0578805, -0.0332257, 0.0)], [0.0239724, 0.153796, -0.987812, 0.0)], [2.76422, -0.102368, 4.5375, 1.0)]])
2.76422, -0.102368, 4.5375
float3(-0.154409, 3.11733, -1.62941)
1035759.85853542
normal
simd_float4x4([[0.0465702, -0.987542, -0.15031, 0.0)], [-0.998809, -0.0438406, -0.0214249, 0.0)], [0.0145683, 0.151128, -0.988407, 0.0)], [2.73738, -0.104733, 4.72307, 1.0)]])
2.73738, -0.104733, 4.72307
float3(-0.15171, 3.12685, -1.61516)
1035760.05864758
normal
simd_float4x4([[0.0257505, -0.98245, -0.184738, 0.0)], [-0.999619, -0.027144, 0.00501743, 0.0)], [-0.00994391, 0.184539, -0.982775, 0.0)], [2.72312, -0.0884933, 4.90542, 1.0)]])
2.72312, -0.0884933, 4.90542
float3(-0.185602, -3.13147, -1.59842)
1035760.25875971
normal
simd_float4x4([[-0.0199043, -0.983362, -0.180562, 0.0)], [-0.999794, 0.0203074, -0.00038383, 0.0)], [0.0040442, 0.180518, -0.983563, 0.0)], [2.72078, -0.0949017, 5.07358, 1.0)]])
2.72078, -0.0949017, 5.07358
float3(-0.181513, 3.13748, -1.55015)
1035760.45887158
normal
simd_float4x4([[-0.00425924, -0.989818, -0.142276, 0.0)], [-0.999798, 0.00701195, -0.018852, 0.0)], [0.0196576, 0.142167, -0.989647, 0.0)], [2.71826, -0.107084, 5.26071, 1.0)]])
2.71826, -0.107084, 5.26071
float3(-0.14265, 3.12173, -1.56371)
1035760.67564867
normal
simd_float4x4([[0.0253764, -0.990799, -0.132944, 0.0)], [-0.999674, -0.0248012, -0.00598113, 0.0)], [0.00262891, 0.133053, -0.991105, 0.0)], [2.71707, -0.0905376, 5.45748, 1.0)]])
2.71707, -0.0905376, 5.45748
float3(-0.133449, 3.13894, -1.59582)
1035760.89229125
normal
simd_float4x4([[0.0445974, -0.98938, -0.138341, 0.0)], [-0.998932, -0.045837, 0.00578535, 0.0)], [-0.012065, 0.137935, -0.990368, 0.0)], [2.70295, -0.099762, 5.65151, 1.0)]])
2.70295, -0.099762, 5.65151
float3(-0.138377, -3.12941, -1.61709)
1035761.10893404
normal
simd_float4x4([[0.0199197, -0.990886, -0.133224, 0.0)], [-0.999136, -0.0245906, 0.033507, 0.0)], [-0.0364777, 0.132442, -0.990519, 0.0)], [2.68353, -0.105461, 5.84552, 1.0)]])
2.68353, -0.105461, 5.84552
float3(-0.132832, -3.10478, -1.59561)
1035761.3255765
normal
simd_float4x4([[0.00527564, -0.992082, -0.125484, 0.0)], [-0.999004, -0.0107897, 0.0433029, 0.0)], [-0.044314, 0.125131, -0.99115, 0.0)], [2.6678, -0.085908, 6.02079, 1.0)]])
2.6678, -0.085908, 6.02079
float3(-0.125459, -3.09691, -1.58167)
1035761.54221921
normal
simd_float4x4([[-0.0350076, -0.99248, -0.117296, 0.0)], [-0.998714, 0.030436, 0.0405423, 0.0)], [-0.0366674, 0.118565, -0.992269, 0.0)], [2.67206, -0.0911005, 6.19083, 1.0)]])
2.67206, -0.0911005, 6.19083
float3(-0.118844, -3.10466, -1.54014)
1035761.75886196
normal
simd_float4x4([[-0.0173351, -0.994742, -0.100933, 0.0)], [-0.999776, 0.0160189, 0.0138367, 0.0)], [-0.0121471, 0.101151, -0.994797, 0.0)], [2.67843, -0.107401, 6.38863, 1.0)]])
2.67843, -0.107401, 6.38863
float3(-0.101324, -3.12938, -1.55469)
1035761.99216954
normal
simd_float4x4([[-0.00536327, -0.990289, -0.138923, 0.0)], [-0.99986, 0.00310536, 0.0164647, 0.0)], [-0.0158734, 0.138992, -0.990166, 0.0)], [2.67667, -0.0958146, 6.58699, 1.0)]])
2.67667, -0.0958146, 6.58699
float3(-0.139443, -3.12556, -1.56766)
1035762.20881221
normal
simd_float4x4([[-0.00449091, -0.989582, -0.143899, 0.0)], [-0.999371, -0.00062151, 0.0354631, 0.0)], [-0.0351831, 0.143968, -0.988956, 0.0)], [2.66531, -0.103968, 6.75258, 1.0)]])
2.66531, -0.103968, 6.75258
float3(-0.14447, -3.10603, -1.57142)
1035762.42545492
normal
simd_float4x4([[-0.0243351, -0.990457, -0.135661, 0.0)], [-0.997309, 0.0146647, 0.0718326, 0.0)], [-0.0691576, 0.137044, -0.988148, 0.0)], [2.63309, -0.105826, 6.93006, 1.0)]])
2.63309, -0.105826, 6.93006
float3(-0.137476, -3.07172, -1.55599)
1035762.64209767
normal
simd_float4x4([[-0.0280539, -0.991269, -0.128839, 0.0)], [-0.996873, 0.0182184, 0.0768932, 0.0)], [-0.0738745, 0.130594, -0.98868, 0.0)], [2.59719, -0.0941392, 7.09203, 1.0)]])
2.59719, -0.0941392, 7.09203
float3(-0.130968, -3.06701, -1.55242)
1035762.87540533
normal
simd_float4x4([[-0.0478969, -0.991472, -0.1212, 0.0)], [-0.998015, 0.0425366, 0.0464351, 0.0)], [-0.0408836, 0.123184, -0.991541, 0.0)], [2.57203, -0.10033, 7.25809, 1.0)]])
2.57203, -0.10033, 7.25809
float3(-0.123498, -3.10038, -1.52792)
1035763.09204825
normal
simd_float4x4([[-0.00102557, -0.994609, -0.103695, 0.0)], [-0.995748, 0.0105679, -0.0915157, 0.0)], [0.0921181, 0.10316, -0.99039, 0.0)], [2.5395, -0.11385, 7.4258, 1.0)]])
2.5395, -0.11385, 7.4258
float3(-0.103344, 3.04885, -1.56017)
1035763.32535567
normal
simd_float4x4([[0.04052, -0.990826, -0.128927, 0.0)], [-0.951095, 0.0012988, -0.308897, 0.0)], [0.30623, 0.135139, -0.942316, 0.0)], [2.46642, -0.104609, 7.57425, 1.0)]])
2.46642, -0.104609, 7.57425
float3(-0.135553, 2.82738, -1.56949)
1035763.54199858
normal
simd_float4x4([[0.0874523, -0.992416, -0.0863879, 0.0)], [-0.865503, -0.0327593, -0.499831, 0.0)], [0.49321, 0.11848, -0.861804, 0.0)], [2.35043, -0.109675, 7.66371, 1.0)]])
2.35043, -0.109675, 7.66371
float3(-0.118759, 2.62179, -1.60379)
1035763.7753065
normal
simd_float4x4([[0.0895103, -0.993875, -0.0648183, 0.0)], [-0.718444, -0.0193576, -0.695315, 0.0)], [0.689801, 0.108806, -0.715776, 0.0)], [2.18081, -0.115551, 7.7408, 1.0)]])
2.18081, -0.115551, 7.7408
float3(-0.109022, 2.37467, -1.59027)
1035763.99194921
normal
simd_float4x4([[0.0988398, -0.993085, -0.0633439, 0.0)], [-0.523789, 0.00220321, -0.851845, 0.0)], [0.846094, 0.117375, -0.51995, 0.0)], [2.02934, -0.0963983, 7.77186, 1.0)]])
2.02934, -0.0963983, 7.77186
float3(-0.117646, 2.12183, -1.56858)
1035764.22525704
normal
simd_float4x4([[0.10992, -0.991947, -0.0629206, 0.0)], [-0.272674, 0.0307808, -0.961614, 0.0)], [0.955806, 0.122858, -0.267095, 0.0)], [1.87987, -0.095384, 7.79201, 1.0)]])
1.87987, -0.095384, 7.79201
float3(-0.123169, 1.84329, -1.53978)
1035764.44189996
normal
simd_float4x4([[0.0901771, -0.99569, -0.0216701, 0.0)], [-0.0901473, 0.0135089, -0.995837, 0.0)], [0.991837, 0.0917551, -0.0885406, 0.0)], [1.73639, -0.107189, 7.829, 1.0)]])
1.73639, -0.107189, 7.829
float3(-0.0918844, 1.65983, -1.55723)
1035764.65862113
normal
simd_float4x4([[0.118836, -0.992666, 0.0221986, 0.0)], [0.0156676, -0.0204796, -0.999667, 0.0)], [0.99279, 0.119144, 0.013119, 0.0)], [1.5893, -0.098779, 7.85564, 1.0)]])
1.5893, -0.098779, 7.85564
float3(-0.119428, 1.55758, -1.59142)
1035764.8587335
normal
simd_float4x4([[0.124297, -0.991139, 0.046848, 0.0)], [0.074459, -0.0377641, -0.996509, 0.0)], [0.989447, 0.127351, 0.0691052, 0.0)], [1.46319, -0.0998888, 7.85868, 1.0)]])
1.46319, -0.0998888, 7.85868
float3(-0.127698, 1.50107, -1.60888)
1035765.05884583
normal
simd_float4x4([[0.123518, -0.991897, 0.0297211, 0.0)], [0.0979359, -0.0176195, -0.995036, 0.0)], [0.987498, 0.125816, 0.094966, 0.0)], [1.31525, -0.112694, 7.84664, 1.0)]])
1.31525, -0.112694, 7.84664
float3(-0.12615, 1.47492, -1.58856)
1035765.25895825
normal
simd_float4x4([[0.119356, -0.99252, 0.0256785, 0.0)], [0.0867569, -0.0153384, -0.996111, 0.0)], [0.989054, 0.121119, 0.0842772, 0.0)], [1.15919, -0.0972124, 7.8142, 1.0)]])
1.15919, -0.0972124, 7.8142
float3(-0.121418, 1.48579, -1.58625)
1035765.45907071
normal
simd_float4x4([[0.134692, -0.990875, 0.00507689, 0.0)], [0.0790515, 0.00563813, -0.996854, 0.0)], [0.987729, 0.13467, 0.0790896, 0.0)], [1.01899, -0.0888247, 7.79968, 1.0)]])
1.01899, -0.0888247, 7.79968
float3(-0.13508, 1.49089, -1.56511)
1035765.65918325
normal
simd_float4x4([[0.125061, -0.992081, -0.0116469, 0.0)], [0.0804132, 0.0218358, -0.996522, 0.0)], [0.988885, 0.123689, 0.0825072, 0.0)], [0.867035, -0.100407, 7.79412, 1.0)]])
0.867035, -0.100407, 7.79412
float3(-0.124007, 1.48755, -1.54879)
1035765.85929554
normal
simd_float4x4([[0.117921, -0.992993, 0.00776242, 0.0)], [0.115114, 0.00590501, -0.993335, 0.0)], [0.986328, 0.118028, 0.115003, 0.0)], [0.696994, -0.0994793, 7.79289, 1.0)]])
0.696994, -0.0994793, 7.79289
float3(-0.118304, 1.45472, -1.56485)
1035766.05940804
normal
simd_float4x4([[0.140293, -0.989235, 0.0416094, 0.0)], [0.134671, -0.0225693, -0.990633, 0.0)], [0.980909, 0.144583, 0.130055, 0.0)], [0.540537, -0.087367, 7.77568, 1.0)]])
0.540537, -0.087367, 7.77568
float3(-0.145091, 1.43898, -1.59361)
1035766.2595205
normal
simd_float4x4([[0.140934, -0.988356, 0.0573517, 0.0)], [0.132486, -0.0385805, -0.990434, 0.0)], [0.981114, 0.147184, 0.125506, 0.0)], [0.389556, -0.0999781, 7.75187, 1.0)]])
0.389556, -0.0999781, 7.75187
float3(-0.147721, 1.44357, -1.60981)
1035766.45963321
normal
simd_float4x4([[0.12868, -0.990571, 0.0470236, 0.0)], [0.0978241, -0.0345073, -0.994605, 0.0)], [0.986849, 0.132586, 0.0924613, 0.0)], [0.225709, -0.102588, 7.71639, 1.0)]])
0.225709, -0.102588, 7.71639
float3(-0.132978, 1.47738, -1.60562)
1035766.65974575
normal
simd_float4x4([[0.145918, -0.988925, 0.0271165, 0.0)], [0.038628, -0.0216936, -0.999018, 0.0)], [0.988542, 0.146822, 0.0350347, 0.0)], [0.0676754, -0.0824841, 7.69113, 1.0)]])
0.0676754, -0.0824841, 7.69113
float3(-0.147354, 1.53537, -1.59273)
1035766.85985829
normal
simd_float4x4([[0.15224, -0.988143, -0.019912, 0.0)], [0.0124407, 0.0220612, -0.999679, 0.0)], [0.988265, 0.151943, 0.0156517, 0.0)], [-0.0810908, -0.0869367, 7.68313, 1.0)]])
-0.0810908, -0.0869367, 7.68313
float3(-0.152534, 1.55496, -1.54847)
1035767.07664679
normal
simd_float4x4([[0.126642, -0.991906, -0.00922899, 0.0)], [0.0149306, 0.0112089, -0.999826, 0.0)], [0.991836, 0.126482, 0.0162293, 0.0)], [-0.264191, -0.103167, 7.68044, 1.0)]])
-0.264191, -0.103167, 7.68044
float3(-0.126822, 1.55443, -1.5595)
1035767.27675929
normal
simd_float4x4([[0.142543, -0.989721, 0.0115686, 0.0)], [-0.00293349, -0.0121103, -0.999922, 0.0)], [0.989784, 0.142498, -0.00462956, 0.0)], [-0.442078, -0.0915182, 7.68123, 1.0)]])
-0.442078, -0.0915182, 7.68123
float3(-0.142984, 1.57547, -1.58303)
1035767.47687175
normal
simd_float4x4([[0.161506, -0.986082, 0.0394766, 0.0)], [-0.0465972, -0.0475768, -0.99778, 0.0)], [0.985771, 0.159308, -0.0536326, 0.0)], [-0.603751, -0.0931495, 7.67842, 1.0)]])
-0.603751, -0.0931495, 7.67842
float3(-0.159989, 1.62515, -1.61901)
1035767.67698454
normal
simd_float4x4([[0.166752, -0.985954, 0.00941889, 0.0)], [-0.124945, -0.0306053, -0.991691, 0.0)], [0.97805, 0.164189, -0.128293, 0.0)], [-0.775568, -0.104435, 7.68223, 1.0)]])
-0.775568, -0.104435, 7.68223
float3(-0.164936, 1.70122, -1.60183)
1035767.87709692
normal
simd_float4x4([[0.142019, -0.989563, -0.0244267, 0.0)], [-0.219577, -0.00743168, -0.975567, 0.0)], [0.965203, 0.143912, -0.21834, 0.0)], [-0.937893, -0.0786488, 7.6903, 1.0)]])
-0.937893, -0.0786488, 7.6903
float3(-0.144414, 1.79326, -1.57831)
1035768.09388571
normal
simd_float4x4([[0.162992, -0.984809, -0.0598696, 0.0)], [-0.277885, 0.012402, -0.960534, 0.0)], [0.946685, 0.173197, -0.271643, 0.0)], [-1.10119, -0.0761544, 7.72304, 1.0)]])
-1.10119, -0.0761544, 7.72304
float3(-0.174074, 1.85023, -1.5582)
1035768.31067438
normal
simd_float4x4([[0.138389, -0.988832, -0.0553256, 0.0)], [-0.285833, 0.0136078, -0.958183, 0.0)], [0.948234, 0.148416, -0.280757, 0.0)], [-1.26037, -0.0923527, 7.77746, 1.0)]])
-1.26037, -0.0923527, 7.77746
float3(-0.148967, 1.85866, -1.55704)
1035768.510787
normal
simd_float4x4([[0.121712, -0.992259, -0.0246571, 0.0)], [-0.280612, -0.0105707, -0.959763, 0.0)], [0.952073, 0.123734, -0.279726, 0.0)], [-1.39775, -0.0829477, 7.83901, 1.0)]])
-1.39775, -0.0829477, 7.83901
float3(-0.124052, 1.85656, -1.58145)
1035768.71089946
normal
simd_float4x4([[0.144638, -0.989274, -0.0204061, 0.0)], [-0.320036, -0.027257, -0.947013, 0.0)], [0.9363, 0.143505, -0.320545, 0.0)], [-1.52995, -0.0771097, 7.89624, 1.0)]])
-1.52995, -0.0771097, 7.89624
float3(-0.144002, 1.90064, -1.59834)
1035768.92768829
normal
simd_float4x4([[0.149308, -0.988055, -0.0381345, 0.0)], [-0.348233, -0.0164483, -0.937264, 0.0)], [0.925441, 0.153221, -0.346529, 0.0)], [-1.69183, -0.0928437, 7.95646, 1.0)]])
-1.69183, -0.0928437, 7.95646
float3(-0.153827, 1.92908, -1.58744)
1035769.12780092
normal
simd_float4x4([[0.156808, -0.986365, -0.0499605, 0.0)], [-0.389419, -0.0152617, -0.920934, 0.0)], [0.907614, 0.163865, -0.386503, 0.0)], [-1.86192, -0.0855645, 8.01457, 1.0)]])
-1.86192, -0.0855645, 8.01457
float3(-0.164608, 1.97338, -1.58627)
1035769.34458958
normal
simd_float4x4([[0.158506, -0.983026, -0.0923875, 0.0)], [-0.445107, 0.0123811, -0.895392, 0.0)], [0.881337, 0.183047, -0.435589, 0.0)], [-2.01005, -0.0801918, 8.10083, 1.0)]])
-2.01005, -0.0801918, 8.10083
float3(-0.184085, 2.02982, -1.5582)
1035769.54470221
normal
simd_float4x4([[0.131938, -0.987169, -0.089945, 0.0)], [-0.455094, 0.0202863, -0.890212, 0.0)], [0.880615, 0.158386, -0.446578, 0.0)], [-2.14489, -0.0943365, 8.19643, 1.0)]])
-2.14489, -0.0943365, 8.19643
float3(-0.159056, 2.04012, -1.55025)
1035769.76149083
normal
simd_float4x4([[0.140147, -0.986495, -0.0847769, 0.0)], [-0.440621, 0.0145381, -0.897575, 0.0)], [0.886686, 0.163147, -0.432633, 0.0)], [-2.30169, -0.0913359, 8.31897, 1.0)]])
-2.30169, -0.0913359, 8.31897
float3(-0.16388, 2.02473, -1.55606)
1035769.96160367
normal
simd_float4x4([[0.170374, -0.983351, -0.0631967, 0.0)], [-0.490548, -0.0290197, -0.870931, 0.0)], [0.854596, 0.179385, -0.487325, 0.0)], [-2.43983, -0.0889044, 8.41843, 1.0)]])
-2.43983, -0.0889044, 8.41843
float3(-0.180361, 2.08905, -1.6003)
1035770.16171629
normal
simd_float4x4([[0.161602, -0.984463, -0.0686862, 0.0)], [-0.515869, -0.0249368, -0.856304, 0.0)], [0.841287, 0.173814, -0.511884, 0.0)], [-2.5803, -0.10741, 8.51254, 1.0)]])
-2.5803, -0.10741, 8.51254
float3(-0.174701, 2.11741, -1.59612)
1035770.36182912
normal
simd_float4x4([[0.159265, -0.984329, -0.0757097, 0.0)], [-0.535993, -0.0218121, -0.843941, 0.0)], [0.829063, 0.17499, -0.531067, 0.0)], [-2.74458, -0.106051, 8.59993, 1.0)]])
-2.74458, -0.106051, 8.59993
float3(-0.175895, 2.14051, -1.59295)
1035770.57861787
normal
simd_float4x4([[0.161891, -0.98171, -0.100189, 0.0)], [-0.555635, -0.00677861, -0.831399, 0.0)], [0.815513, 0.190264, -0.546569, 0.0)], [-2.89665, -0.0921475, 8.70135, 1.0)]])
-2.89665, -0.0921475, 8.70135
float3(-0.191431, 2.16125, -1.5777)
1035770.77873058
normal
simd_float4x4([[0.136077, -0.983518, -0.119061, 0.0)], [-0.55241, 0.0244359, -0.833214, 0.0)], [0.82239, 0.179152, -0.53998, 0.0)], [-3.03059, -0.10419, 8.80429, 1.0)]])
-3.03059, -0.10419, 8.80429
float3(-0.180125, 2.1518, -1.54596)
1035770.97884325
normal
simd_float4x4([[0.157024, -0.982542, -0.0997714, 0.0)], [-0.521311, 0.00334111, -0.85336, 0.0)], [0.838796, 0.18601, -0.511686, 0.0)], [-3.18357, -0.10779, 8.91832, 1.0)]])
-3.18357, -0.10779, 8.91832
float3(-0.187099, 2.11855, -1.5674)
1035771.17895608
normal
simd_float4x4([[0.1939, -0.9773, -0.08537, 0.0)], [-0.485732, -0.0200352, -0.873878, 0.0)], [0.85233, 0.210912, -0.478591, 0.0)], [-3.33706, -0.0939618, 9.01156, 1.0)]])
-3.33706, -0.0939618, 9.01156
float3(-0.212508, 2.08243, -1.59129)
1035771.37906883
normal
simd_float4x4([[0.186025, -0.981443, -0.0465276, 0.0)], [-0.478987, -0.0492386, -0.87644, 0.0)], [0.857885, 0.185326, -0.479258, 0.0)], [-3.4899, -0.105243, 9.09627, 1.0)]])
-3.4899, -0.105243, 9.09627
float3(-0.186403, 2.08026, -1.62092)
1035771.59585763
normal
simd_float4x4([[0.184762, -0.980875, -0.0612199, 0.0)], [-0.490817, -0.038126, -0.870428, 0.0)], [0.851447, 0.19087, -0.488474, 0.0)], [-3.68861, -0.11389, 9.19179, 1.0)]])
-3.68861, -0.11389, 9.19179
float3(-0.192048, 2.09165, -1.60965)
1035771.79597033
normal
simd_float4x4([[0.199108, -0.976833, -0.0784422, 0.0)], [-0.478721, -0.0271087, -0.877548, 0.0)], [0.855092, 0.212279, -0.473028, 0.0)], [-3.85014, -0.10299, 9.27171, 1.0)]])
-3.85014, -0.10299, 9.27171
float3(-0.213907, 2.07609, -1.59854)
1035771.99608308
normal
simd_float4x4([[0.176971, -0.976268, -0.12483, 0.0)], [-0.446619, 0.0333643, -0.894102, 0.0)], [0.877048, 0.213982, -0.430115, 0.0)], [-4.00247, -0.113216, 9.35493, 1.0)]])
-4.00247, -0.113216, 9.35493
float3(-0.215649, 2.02674, -1.53663)
1035772.19619592
normal
simd_float4x4([[0.181435, -0.979733, -0.0848853, 0.0)], [-0.379365, 0.009906, -0.925194, 0.0)], [0.907284, 0.200065, -0.369879, 0.0)], [-4.17014, -0.127031, 9.4318, 1.0)]])
-4.17014, -0.127031, 9.4318
float3(-0.201425, 1.9579, -1.56069)
1035772.39630863
normal
simd_float4x4([[0.203942, -0.977774, -0.0486431, 0.0)], [-0.316357, -0.0188006, -0.948454, 0.0)], [0.926459, 0.208818, -0.313159, 0.0)], [-4.32758, -0.110718, 9.48461, 1.0)]])
-4.32758, -0.110718, 9.48461
float3(-0.210367, 1.89676, -1.59002)
1035772.61309758
normal
simd_float4x4([[0.199655, -0.979702, -0.0179389, 0.0)], [-0.302217, -0.0441536, -0.952216, 0.0)], [0.932096, 0.195536, -0.304898, 0.0)], [-4.48894, -0.118668, 9.53862, 1.0)]])
-4.48894, -0.118668, 9.53862
float3(-0.196804, 1.88694, -1.61583)
1035772.82988646
normal
simd_float4x4([[0.189025, -0.981259, -0.0374121, 0.0)], [-0.326086, -0.0267874, -0.944961, 0.0)], [0.926249, 0.190821, -0.325038, 0.0)], [-4.68005, -0.121367, 9.59022, 1.0)]])
-4.68005, -0.121367, 9.59022
float3(-0.191998, 1.90829, -1.59809)
1035773.0466755
normal
simd_float4x4([[0.201464, -0.977179, -0.0673295, 0.0)], [-0.310686, 0.00143818, -0.950511, 0.0)], [0.928917, 0.212412, -0.303306, 0.0)], [-4.85483, -0.104015, 9.63414, 1.0)]])
-4.85483, -0.104015, 9.63414
float3(-0.214043, 1.8864, -1.56932)
1035773.24678825
normal
simd_float4x4([[0.173682, -0.981777, -0.077122, 0.0)], [-0.251356, 0.0315249, -0.967381, 0.0)], [0.952184, 0.187402, -0.2413, 0.0)], [-4.99677, -0.104319, 9.66279, 1.0)]])
-4.99677, -0.104319, 9.66279
float3(-0.188516, 1.81899, -1.5387)
1035773.46357712
normal
simd_float4x4([[0.156572, -0.987394, -0.0232034, 0.0)], [-0.117189, 0.00475471, -0.993098, 0.0)], [0.980689, 0.15821, -0.114967, 0.0)], [-5.17216, -0.113571, 9.6884, 1.0)]])
-5.17216, -0.113571, 9.6884
float3(-0.158878, 1.68749, -1.56598)
1035773.66357804
normal
simd_float4x4([[0.175615, -0.983861, 0.0343014, 0.0)], [0.0140662, -0.0323316, -0.999378, 0.0)], [0.984358, 0.175989, 0.00816126, 0.0)], [-5.33272, -0.0968136, 9.6819, 1.0)]])
-5.33272, -0.0968136, 9.6819
float3(-0.17691, 1.56251, -1.60365)
1035773.88022146
normal
simd_float4x4([[0.155916, -0.984465, 0.0807408, 0.0)], [0.11602, -0.0629226, -0.991252, 0.0)], [0.980933, 0.16392, 0.104407, 0.0)], [-5.4661, -0.0958804, 9.63584, 1.0)]])
-5.4661, -0.0958804, 9.63584
float3(-0.164663, 1.46476, -1.63463)
1035774.11352992
normal
simd_float4x4([[0.12762, -0.985542, 0.111443, 0.0)], [0.204871, -0.0837447, -0.9752, 0.0)], [0.970433, 0.147287, 0.191221, 0.0)], [-5.62226, -0.105913, 9.52624, 1.0)]])
-5.62226, -0.105913, 9.52624
float3(-0.147824, 1.37624, -1.65557)
1035774.33017321
normal
simd_float4x4([[0.107142, -0.987822, 0.112822, 0.0)], [0.428504, -0.0565169, -0.901771, 0.0)], [0.897165, 0.144962, 0.41723, 0.0)], [-5.71907, -0.0773334, 9.39121, 1.0)]])
-5.71907, -0.0773334, 9.39121
float3(-0.145474, 1.13549, -1.62795)
1035774.53026371
normal
simd_float4x4([[0.104936, -0.986137, 0.128542, 0.0)], [0.671516, -0.025075, -0.740566, 0.0)], [0.733523, 0.16403, 0.659575, 0.0)], [-5.76599, -0.0636018, 9.26224, 1.0)]])
-5.76599, -0.0636018, 9.26224
float3(-0.164775, 0.83843, -1.59622)
1035774.74705275
normal
simd_float4x4([[0.0844174, -0.984326, 0.154844, 0.0)], [0.833482, -0.0154063, -0.552331, 0.0)], [0.546059, 0.175686, 0.819117, 0.0)], [-5.78877, -0.0923856, 9.10862, 1.0)]])
-5.78877, -0.0923856, 9.10862
float3(-0.176603, 0.587986, -1.58645)
1035774.94716563
normal
simd_float4x4([[0.0359279, -0.989726, 0.138394, 0.0)], [0.931424, -0.0170221, -0.363538, 0.0)], [0.362159, 0.141964, 0.921242, 0.0)], [-5.85588, -0.100812, 8.96286, 1.0)]])
-5.85588, -0.100812, 8.96286
float3(-0.142445, 0.374562, -1.58799)
1035775.16387621
normal
