ARKit Data
1034194.05591883
normal
simd_float4x4([[0.0098906, -0.996442, 0.0836982, 0.0)], [0.999343, 0.00693117, -0.0355754, 0.0)], [0.0348687, 0.0839951, 0.995856, 0.0)], [0.00209578, 0.000947736, 0.00174105, 1.0)]])
0.00209578, 0.000947736, 0.00174105
float3(-0.0840941, 0.0349995, -1.56384)
1034194.256032
normal
simd_float4x4([[0.0112342, -0.996471, 0.0831832, 0.0)], [0.999183, 0.00795739, -0.0396197, 0.0)], [0.038818, 0.0835604, 0.995746, 0.0)], [0.00277596, 0.00143716, 0.00093804, 1.0)]])
0.00277596, 0.00143716, 0.00093804
float3(-0.0836579, 0.0389641, -1.56281)
1034194.47282129
normal
simd_float4x4([[0.0101429, -0.995929, 0.0895669, 0.0)], [0.999557, 0.00759125, -0.0287833, 0.0)], [0.0279862, 0.0898192, 0.995565, 0.0)], [0.00681102, 0.00155011, -0.000295096, 1.0)]])
0.00681102, 0.00155011, -0.000295096
float3(-0.0899404, 0.0281035, -1.56317)
1034195.41423829
notAvailable
simd_float4x4([[-0.0468337, 0.0, 0.998903, 0.0)], [0.0, 1.0, 0.0, 0.0)], [-0.998903, 0.0, -0.0468337, 0.0)], [-0.00891249, -0.0748523, 0.00789318, 1.0)]])
-0.00891249, -0.0748523, 0.00789318
float3(-0.0, -1.61765, 0.0)
1034195.63088204
limited(__ObjC.ARCamera.TrackingState.Reason.initializing)
simd_float4x4([[-0.0178874, -0.996389, 0.0829865, 0.0)], [0.999805, -0.0185161, -0.00681277, 0.0)], [0.00832475, 0.0828484, 0.996527, 0.0)], [0.0, 0.0, 0.0, 1.0)]])
0.0, 0.0, 0.0
float3(-0.0829435, 0.00835357, -1.58938)
1034195.84752579
limited(__ObjC.ARCamera.TrackingState.Reason.initializing)
simd_float4x4([[-0.00749368, -0.996619, 0.0818141, 0.0)], [0.999697, -0.00938541, -0.0227622, 0.0)], [0.0234531, 0.0816187, 0.996388, 0.0)], [0.0, 0.0, 0.0, 1.0)]])
0.0, 0.0, 0.0
float3(-0.0817096, 0.0235338, -1.58021)
1034196.08083454
limited(__ObjC.ARCamera.TrackingState.Reason.initializing)
simd_float4x4([[-0.00450268, -0.996598, 0.082291, 0.0)], [0.999396, -0.0073213, -0.0339823, 0.0)], [0.0344692, 0.0820883, 0.996029, 0.0)], [0.0, 0.0, 0.0, 1.0)]])
0.0, 0.0, 0.0
float3(-0.0821807, 0.0345928, -1.57814)
1034196.29747812
normal
simd_float4x4([[0.00526932, -0.996214, 0.0867747, 0.0)], [0.999298, 0.00202685, -0.0374122, 0.0)], [0.0370947, 0.0869109, 0.995525, 0.0)], [-6.16061e-05, 0.000397973, -0.000207701, 1.0)]])
-6.16061e-05, 0.000397973, -0.000207701
float3(-0.0870207, 0.0372442, -1.56876)
1034196.53078675
normal
simd_float4x4([[0.00980967, -0.993809, 0.110666, 0.0)], [0.998251, 0.00328003, -0.0590316, 0.0)], [0.0583032, 0.111051, 0.992103, 0.0)], [-0.00148048, -0.00633238, -0.0178917, 1.0)]])
-0.00148048, -0.00633238, -0.0178917
float3(-0.111281, 0.0586998, -1.5675)
1034196.76409533
normal
simd_float4x4([[0.0111439, -0.991436, 0.130117, 0.0)], [0.997298, 0.00157014, -0.0734502, 0.0)], [0.0726168, 0.130584, 0.988774, 0.0)], [0.000403085, -0.0118644, -0.0314067, 1.0)]])
0.000403085, -0.0118644, -0.0314067
float3(-0.130958, 0.0733097, -1.56921)
1034196.96420867
normal
simd_float4x4([[0.0152859, -0.989289, 0.145168, 0.0)], [0.997287, 0.00462882, -0.0734677, 0.0)], [0.0720088, 0.145897, 0.986676, 0.0)], [-0.000949232, -0.0139069, -0.0247114, 1.0)]])
-0.000949232, -0.0139069, -0.0247114
float3(-0.14642, 0.0728521, -1.56612)
1034197.18099771
normal
simd_float4x4([[0.0147651, -0.988645, 0.149544, 0.0)], [0.996965, 0.00312277, -0.07779, 0.0)], [0.0764397, 0.150238, 0.98569, 0.0)], [-0.000454918, -0.0129284, -0.0290017, 1.0)]])
-0.000454918, -0.0129284, -0.0290017
float3(-0.150809, 0.0773945, -1.56764)
1034197.38111096
normal
simd_float4x4([[0.0140387, -0.988927, 0.14774, 0.0)], [0.996785, 0.0021854, -0.080089, 0.0)], [0.0788792, 0.14839, 0.985778, 0.0)], [-0.000195529, -0.0111495, -0.0267108, 1.0)]])
-0.000195529, -0.0111495, -0.0267108
float3(-0.14894, 0.0798471, -1.56859)
1034197.58122417
normal
simd_float4x4([[0.0131911, -0.990004, 0.140422, 0.0)], [0.996557, 0.00151968, -0.0829012, 0.0)], [0.0818591, 0.141032, 0.986615, 0.0)], [0.00214679, -0.00845448, -0.0227777, 1.0)]])
0.00214679, -0.00845448, -0.0227777
float3(-0.141504, 0.0827801, -1.56926)
1034197.78133721
normal
simd_float4x4([[0.0121221, -0.99333, 0.114664, 0.0)], [0.996448, 0.0024431, -0.0841789, 0.0)], [0.0833373, 0.115277, 0.989831, 0.0)], [0.00429563, -0.00125377, -0.0146277, 1.0)]])
0.00429563, -0.00125377, -0.0146277
float3(-0.115534, 0.0839953, -1.56834)
1034197.9981265
normal
simd_float4x4([[0.0117213, -0.995422, 0.0948543, 0.0)], [0.996223, 0.00346308, -0.0867621, 0.0)], [0.0860364, 0.095513, 0.991703, 0.0)], [0.00587133, 0.00473546, -0.00827756, 1.0)]])
0.00587133, 0.00473546, -0.00827756
float3(-0.0956589, 0.0865396, -1.56732)
1034198.19823954
normal
simd_float4x4([[0.0144507, -0.996054, 0.0875694, 0.0)], [0.996036, 0.00665189, -0.0887038, 0.0)], [0.0877712, 0.0885041, 0.992201, 0.0)], [0.00435084, 0.00702943, -0.00880063, 1.0)]])
0.00435084, 0.00702943, -0.00880063
float3(-0.08862, 0.0882315, -1.56412)
1034198.39835283
normal
simd_float4x4([[0.014396, -0.996858, 0.077896, 0.0)], [0.99596, 0.00738978, -0.0894952, 0.0)], [0.0886383, 0.0788697, 0.992936, 0.0)], [0.00455895, 0.00725325, -0.00592949, 1.0)]])
0.00455895, 0.00725325, -0.00592949
float3(-0.0789517, 0.0890329, -1.56338)
1034198.59846588
normal
simd_float4x4([[0.01401, -0.997502, 0.0692382, 0.0)], [0.995927, 0.00775294, -0.0898264, 0.0)], [0.0890652, 0.0702147, 0.993548, 0.0)], [0.00599051, 0.00734988, -0.00384103, 1.0)]])
0.00599051, 0.00734988, -0.00384103
float3(-0.0702725, 0.0894046, -1.56302)
1034198.79857896
normal
simd_float4x4([[0.0154843, -0.99777, 0.064926, 0.0)], [0.9959, 0.00960222, -0.0899493, 0.0)], [0.0891253, 0.0660526, 0.993828, 0.0)], [0.00589371, 0.0076948, -0.00491017, 1.0)]])
0.00589371, 0.0076948, -0.00491017
float3(-0.0661008, 0.0894395, -1.56117)
1034198.99869221
normal
simd_float4x4([[0.0180201, -0.998029, 0.0601151, 0.0)], [0.995777, 0.0125013, -0.0909488, 0.0)], [0.090018, 0.0615001, 0.994039, 0.0)], [0.00428929, 0.00772699, -0.00574568, 1.0)]])
0.00428929, 0.00772699, -0.00574568
float3(-0.061539, 0.0903114, -1.55827)
1034199.19880517
normal
simd_float4x4([[0.021832, -0.997884, 0.0612402, 0.0)], [0.995574, 0.0160988, -0.0925971, 0.0)], [0.0914153, 0.0629907, 0.993819, 0.0)], [0.00359478, 0.00784203, -0.00599412, 1.0)]])
0.00359478, 0.00784203, -0.00599412
float3(-0.0630324, 0.0917258, -1.55466)
1034199.4155945
normal
simd_float4x4([[0.0160395, -0.997739, 0.0652666, 0.0)], [0.997244, 0.0112339, -0.0733421, 0.0)], [0.0724431, 0.066263, 0.995169, 0.0)], [0.00816779, 0.00725515, -0.00732603, 1.0)]])
0.00816779, 0.00725515, -0.00732603
float3(-0.0663116, 0.0726665, -1.55954)
1034199.61570754
normal
simd_float4x4([[0.0107076, -0.997648, 0.0677056, 0.0)], [0.99899, 0.00771723, -0.0442755, 0.0)], [0.0436488, 0.0681113, 0.996723, 0.0)], [0.015925, 0.00650619, -0.00624866, 1.0)]])
0.015925, 0.00650619, -0.00624866
float3(-0.0681641, 0.0437644, -1.56306)
1034199.81582063
normal
simd_float4x4([[0.00928084, -0.997437, 0.0709437, 0.0)], [0.999649, 0.00749276, -0.0254288, 0.0)], [0.0248321, 0.0711548, 0.997156, 0.0)], [0.0217729, 0.0032769, -0.00408493, 1.0)]])
0.0217729, 0.0032769, -0.00408493
float3(-0.0712149, 0.0248978, -1.56328)
1034200.01593379
normal
simd_float4x4([[0.00296327, -0.99743, 0.0715818, 0.0)], [0.999994, 0.00282877, -0.00198027, 0.0)], [0.00177269, 0.0715872, 0.997433, 0.0)], [0.0262384, 0.00303684, -0.00257941, 1.0)]])
0.0262384, 0.00303684, -0.00257941
float3(-0.0716485, 0.00177725, -1.56796)
1034200.21604692
normal
simd_float4x4([[-0.00891688, -0.996703, 0.0806397, 0.0)], [0.998694, -0.00481872, 0.0508731, 0.0)], [-0.0503168, 0.080988, 0.995444, 0.0)], [0.0350134, -0.000803761, 0.0015823, 1.0)]])
0.0350134, -0.000803761, 0.0015823
float3(-0.0810768, -0.0505041, -1.57563)
1034200.43283613
normal
simd_float4x4([[-0.0242679, -0.995734, 0.0890254, 0.0)], [0.98979, -0.0114209, 0.142072, 0.0)], [-0.140449, 0.0915642, 0.985845, 0.0)], [0.0410242, -0.00580112, 0.00449725, 1.0)]])
0.0410242, -0.00580112, 0.00449725
float3(-0.0916927, -0.141514, -1.58227)
1034200.64962529
normal
simd_float4x4([[-0.0449906, -0.994105, 0.0986483, 0.0)], [0.956361, -0.0143224, 0.291838, 0.0)], [-0.288705, 0.107473, 0.951367, 0.0)], [0.0514983, -0.011577, 0.0125156, 1.0)]])
0.0514983, -0.011577, 0.0125156
float3(-0.107681, -0.294631, -1.5852)
1034200.86641462
normal
simd_float4x4([[-0.0603214, -0.991283, 0.117126, 0.0)], [0.851706, 0.0100764, 0.523923, 0.0)], [-0.520536, 0.13136, 0.843674, 0.0)], [0.0931288, -0.0211496, 0.0352637, 1.0)]])
0.0931288, -0.0211496, 0.0352637
float3(-0.131741, -0.552817, -1.56063)
1034201.08320387
normal
simd_float4x4([[-0.0725052, -0.989821, 0.122465, 0.0)], [0.697452, 0.0374548, 0.715652, 0.0)], [-0.712954, 0.137302, 0.687637, 0.0)], [0.138919, -0.0246817, 0.0726716, 1.0)]])
0.138919, -0.0246817, 0.0726716
float3(-0.137737, -0.803473, -1.53297)
1034201.28331692
normal
simd_float4x4([[-0.0862152, -0.990698, 0.105284, 0.0)], [0.596416, 0.0333261, 0.801983, 0.0)], [-0.798032, 0.131936, 0.587995, 0.0)], [0.170753, -0.0253243, 0.102305, 1.0)]])
0.170753, -0.0253243, 0.102305
float3(-0.132322, -0.935793, -1.53717)
1034201.50010617
normal
simd_float4x4([[-0.0980581, -0.990762, 0.0936791, 0.0)], [0.528453, 0.0279258, 0.848503, 0.0)], [-0.84328, 0.132708, 0.520833, 0.0)], [0.196992, -0.023479, 0.116765, 1.0)]])
0.196992, -0.023479, 0.116765
float3(-0.1331, -1.01752, -1.54262)
1034201.70021937
normal
simd_float4x4([[-0.106561, -0.990479, 0.0871572, 0.0)], [0.468821, 0.0272502, 0.882873, 0.0)], [-0.876842, 0.134941, 0.461454, 0.0)], [0.208598, -0.0243987, 0.12504, 1.0)]])
0.208598, -0.0243987, 0.12504
float3(-0.135354, -1.08636, -1.54329)
1034201.91700854
normal
simd_float4x4([[-0.109127, -0.991367, 0.0726811, 0.0)], [0.382211, 0.0256489, 0.923719, 0.0)], [-0.917609, 0.128582, 0.376112, 0.0)], [0.209177, -0.0230514, 0.13617, 1.0)]])
0.209177, -0.0230514, 0.13617
float3(-0.128939, -1.1818, -1.54493)
1034202.11712158
normal
simd_float4x4([[-0.118075, -0.991235, 0.0592544, 0.0)], [0.308984, 0.0200348, 0.950856, 0.0)], [-0.943709, 0.130581, 0.30391, 0.0)], [0.190273, -0.0236101, 0.133983, 1.0)]])
0.190273, -0.0236101, 0.133983
float3(-0.130955, -1.25925, -1.55059)
1034202.33391075
normal
simd_float4x4([[-0.12918, -0.990254, 0.0520597, 0.0)], [0.22678, 0.0216059, 0.973706, 0.0)], [-0.965341, 0.13759, 0.221778, 0.0)], [0.144201, -0.0280181, 0.118803, 1.0)]])
0.144201, -0.0280181, 0.118803
float3(-0.138028, -1.34497, -1.54898)
1034202.55069975
normal
simd_float4x4([[-0.120905, -0.992172, 0.0312361, 0.0)], [0.099888, 0.0191471, 0.994814, 0.0)], [-0.987626, 0.123398, 0.0967911, 0.0)], [0.0776377, -0.028609, 0.113114, 1.0)]])
0.0776377, -0.028609, 0.113114
float3(-0.123714, -1.4731, -1.5515)
1034202.76748904
normal
simd_float4x4([[-0.128657, -0.991689, -0.00083331, 0.0)], [-0.120016, 0.0147362, 0.992663, 0.0)], [-0.9844, 0.127813, -0.120914, 0.0)], [0.000757156, -0.029112, 0.12106, 1.0)]])
0.000757156, -0.029112, 0.12106
float3(-0.128164, -1.69301, -1.55594)
1034202.96760221
normal
simd_float4x4([[-0.134285, -0.9905, -0.029609, 0.0)], [-0.324984, 0.0157925, 0.945588, 0.0)], [-0.936137, 0.1366, -0.324018, 0.0)], [-0.0681346, -0.0354809, 0.116853, 1.0)]])
-0.0681346, -0.0354809, 0.116853
float3(-0.137029, -1.90401, -1.55485)
1034203.16771513
normal
simd_float4x4([[-0.132362, -0.989983, -0.0491324, 0.0)], [-0.492392, 0.022652, 0.870079, 0.0)], [-0.86025, 0.139358, -0.490458, 0.0)], [-0.11831, -0.0461984, 0.134855, 1.0)]])
-0.11831, -0.0461984, 0.134855
float3(-0.139813, -2.08897, -1.54792)
1034203.36782833
normal
simd_float4x4([[-0.0920492, -0.99356, -0.0660644, 0.0)], [-0.64931, 0.00959066, 0.760463, 0.0)], [-0.754933, 0.112896, -0.646012, 0.0)], [-0.192575, -0.0557061, 0.144879, 1.0)]])
-0.192575, -0.0557061, 0.144879
float3(-0.113138, -2.2786, -1.56114)
1034203.5846175
normal
simd_float4x4([[-0.0602421, -0.993968, -0.0916466, 0.0)], [-0.781547, -0.010145, 0.623764, 0.0)], [-0.620931, 0.109203, -0.776222, 0.0)], [-0.108168, -0.0647514, 0.295026, 1.0)]])
-0.108168, -0.0647514, 0.295026
float3(-0.109421, -2.46689, -1.581)
1034203.78473058
limited(__ObjC.ARCamera.TrackingState.Reason.excessiveMotion)
simd_float4x4([[-0.0593044, -0.990251, -0.126037, 0.0)], [-0.843999, -0.0176823, 0.536053, 0.0)], [-0.533056, 0.138166, -0.834723, 0.0)], [-0.148492, -0.0591748, 0.376314, 1.0)]])
-0.148492, -0.0591748, 0.376314
float3(-0.138609, -2.57327, -1.58865)
1034203.98484379
normal
simd_float4x4([[-0.0613163, -0.990813, -0.120537, 0.0)], [-0.870282, -0.00605954, 0.492517, 0.0)], [-0.488722, 0.1351, -0.861916, 0.0)], [-0.222416, -0.0529494, 0.412559, 1.0)]])
-0.222416, -0.0529494, 0.412559
float3(-0.135515, -2.62578, -1.57691)
1034204.18495688
normal
simd_float4x4([[-0.0435804, -0.99497, -0.0902, 0.0)], [-0.880619, -0.00438154, 0.473805, 0.0)], [-0.471817, 0.10008, -0.875998, 0.0)], [-0.376835, -0.0724238, 0.448014, 1.0)]])
-0.376835, -0.0724238, 0.448014
float3(-0.100248, -2.64754, -1.5752)
1034204.40174579
normal
simd_float4x4([[-0.0540692, -0.993574, -0.0994369, 0.0)], [-0.898196, 0.00488677, 0.439569, 0.0)], [-0.436258, 0.113081, -0.892688, 0.0)], [-0.182757, -0.0786006, 0.707878, 1.0)]])
-0.182757, -0.0786006, 0.707878
float3(-0.113323, -2.68702, -1.56588)
1034204.61853508
normal
simd_float4x4([[-0.0817972, -0.991927, -0.0968984, 0.0)], [-0.915206, 0.0362636, 0.401352, 0.0)], [-0.394598, 0.121511, -0.910784, 0.0)], [0.231778, -0.070144, 1.04753, 1.0)]])
0.231778, -0.070144, 1.04753
float3(-0.121812, -2.73275, -1.53425)
1034204.83532425
normal
simd_float4x4([[-0.0806914, -0.991546, -0.101611, 0.0)], [-0.938365, 0.0411948, 0.343184, 0.0)], [-0.336097, 0.12304, -0.933756, 0.0)], [0.798345, -0.094773, 1.52557, 1.0)]])
0.798345, -0.094773, 1.52557
float3(-0.123353, -2.79609, -1.52927)
1034205.03543737
normal
simd_float4x4([[-0.0426441, -0.992933, -0.110747, 0.0)], [-0.965352, 0.012387, 0.260659, 0.0)], [-0.257445, 0.118025, -0.959058, 0.0)], [1.01987, -0.0950887, 1.66292, 1.0)]])
1.01987, -0.0950887, 1.66292
float3(-0.118301, -2.87934, -1.55832)
1034205.23555042
normal
simd_float4x4([[-0.0145974, -0.98979, -0.141784, 0.0)], [-0.979647, -0.0142334, 0.200222, 0.0)], [-0.200196, 0.141821, -0.969437, 0.0)], [1.08729, -0.0889165, 1.79482, 1.0)]])
1.08729, -0.0889165, 1.79482
float3(-0.142301, -2.93795, -1.58518)
1034205.43566346
normal
simd_float4x4([[-0.0140357, -0.990566, -0.136317, 0.0)], [-0.983411, -0.0109819, 0.181057, 0.0)], [-0.180846, 0.136597, -0.97398, 0.0)], [1.12112, -0.0997289, 1.92132, 1.0)]])
1.12112, -0.0997289, 1.92132
float3(-0.137025, -2.95801, -1.58188)
1034205.63577683
normal
simd_float4x4([[-0.0110339, -0.993077, -0.116942, 0.0)], [-0.986038, -0.00862721, 0.166299, 0.0)], [-0.166157, 0.117144, -0.979117, 0.0)], [1.13625, -0.0973272, 2.06576, 1.0)]])
1.13625, -0.0973272, 2.06576
float3(-0.117414, -2.97349, -1.57948)
1034205.85256571
normal
simd_float4x4([[-0.0348184, -0.993965, -0.104027, 0.0)], [-0.987012, 0.0178659, 0.159651, 0.0)], [-0.156829, 0.108235, -0.981677, 0.0)], [1.15245, -0.0846722, 2.20227, 1.0)]])
1.15245, -0.0846722, 2.20227
float3(-0.108447, -2.98317, -1.55282)
1034206.05267888
normal
simd_float4x4([[-0.0633338, -0.991326, -0.115161, 0.0)], [-0.989146, 0.047023, 0.139208, 0.0)], [-0.132585, 0.122727, -0.983544, 0.0)], [1.17454, -0.0834242, 2.32555, 1.0)]])
1.17454, -0.0834242, 2.32555
float3(-0.123037, -3.0076, -1.5234)
1034206.26946808
normal
simd_float4x4([[-0.0540606, -0.990409, -0.127149, 0.0)], [-0.994402, 0.0418212, 0.0970349, 0.0)], [-0.0907868, 0.131683, -0.987126, 0.0)], [1.21315, -0.10504, 2.48585, 1.0)]])
1.21315, -0.10504, 2.48585
float3(-0.132067, -3.04988, -1.5286)
1034206.46958112
normal
simd_float4x4([[-0.033685, -0.989532, -0.140324, 0.0)], [-0.998378, 0.0268672, 0.0502013, 0.0)], [-0.0459057, 0.141788, -0.988832, 0.0)], [1.25717, -0.104737, 2.64769, 1.0)]])
1.25717, -0.104737, 2.64769
float3(-0.142267, -3.0952, -1.54365)
1034206.66969412
normal
simd_float4x4([[0.0195746, -0.988559, -0.149556, 0.0)], [-0.999654, -0.021983, 0.0144671, 0.0)], [-0.0175893, 0.149221, -0.988647, 0.0)], [1.27758, -0.0984091, 2.78629, 1.0)]])
1.27758, -0.0984091, 2.78629
float3(-0.14978, -3.1238, -1.59303)
1034206.86980738
normal
simd_float4x4([[0.0305109, -0.986264, -0.162336, 0.0)], [-0.999506, -0.0313198, 0.00242531, 0.0)], [-0.00747632, 0.162181, -0.986733, 0.0)], [1.29284, -0.114198, 2.93891, 1.0)]])
1.29284, -0.114198, 2.93891
float3(-0.162901, -3.13402, -1.60254)
1034207.06992038
normal
simd_float4x4([[0.0163868, -0.989837, -0.14126, 0.0)], [-0.999526, -0.0199, 0.0234939, 0.0)], [-0.0260662, 0.140808, -0.989694, 0.0)], [1.30955, -0.122793, 3.11767, 1.0)]])
1.30955, -0.122793, 3.11767
float3(-0.141278, -3.11526, -1.5909)
1034207.27003354
normal
simd_float4x4([[0.00615534, -0.989374, -0.145266, 0.0)], [-0.999557, -0.0103166, 0.02791, 0.0)], [-0.0291121, 0.14503, -0.988999, 0.0)], [1.32128, -0.102886, 3.28622, 1.0)]])
1.32128, -0.102886, 3.28622
float3(-0.145543, -3.11217, -1.58122)
1034207.48682275
normal
simd_float4x4([[-0.0417851, -0.988213, -0.147273, 0.0)], [-0.998854, 0.0378737, 0.0292649, 0.0)], [-0.0233422, 0.148327, -0.988663, 0.0)], [1.34471, -0.105627, 3.45694, 1.0)]])
1.34471, -0.105627, 3.45694
float3(-0.148877, -3.11799, -1.53249)
1034207.68693571
normal
simd_float4x4([[-0.0425708, -0.988678, -0.143888, 0.0)], [-0.998986, 0.0400082, 0.0206575, 0.0)], [-0.0146669, 0.144621, -0.989378, 0.0)], [1.38051, -0.129033, 3.63173, 1.0)]])
1.38051, -0.129033, 3.63173
float3(-0.14513, -3.12677, -1.53035)
1034207.88704871
normal
simd_float4x4([[-0.00353142, -0.991388, -0.130913, 0.0)], [-0.99999, 0.00385437, -0.00221361, 0.0)], [0.00269913, 0.130904, -0.991391, 0.0)], [1.39566, -0.115218, 3.80393, 1.0)]])
1.39566, -0.115218, 3.80393
float3(-0.131281, 3.13887, -1.56691)
1034208.10383808
normal
simd_float4x4([[0.0119659, -0.987451, -0.157474, 0.0)], [-0.999901, -0.0106495, -0.0092006, 0.0)], [0.00740813, 0.157568, -0.98748, 0.0)], [1.39919, -0.120806, 3.98698, 1.0)]])
1.39919, -0.120806, 3.98698
float3(-0.158227, 3.13409, -1.58158)
1034208.30395096
normal
simd_float4x4([[0.00678759, -0.988519, -0.150946, 0.0)], [-0.999703, -0.00317296, -0.0241745, 0.0)], [0.023418, 0.151065, -0.988246, 0.0)], [1.39009, -0.141289, 4.17307, 1.0)]])
1.39009, -0.141289, 4.17307
float3(-0.151646, 3.1179, -1.57401)
1034208.52074017
normal
simd_float4x4([[-0.00131778, -0.991399, -0.130868, 0.0)], [-0.999847, -0.00097348, 0.0174427, 0.0)], [-0.0174201, 0.130871, -0.991246, 0.0)], [1.36881, -0.120681, 4.38744, 1.0)]])
1.36881, -0.120681, 4.38744
float3(-0.131247, -3.12402, -1.57178)
1034208.75420537
normal
simd_float4x4([[-0.0511257, -0.986534, -0.15536, 0.0)], [-0.997971, 0.0445566, 0.0454775, 0.0)], [-0.0379427, 0.15737, -0.98681, 0.0)], [1.38482, -0.124014, 4.60897, 1.0)]])
1.38482, -0.124014, 4.60897
float3(-0.158027, -3.10316, -1.52566)
1034208.95431846
normal
simd_float4x4([[-0.0363741, -0.990487, -0.132709, 0.0)], [-0.999191, 0.0337708, 0.0218157, 0.0)], [-0.0171265, 0.133396, -0.990915, 0.0)], [1.39817, -0.142006, 4.81067, 1.0)]])
1.39817, -0.142006, 4.81067
float3(-0.133795, -3.12431, -1.53671)
1034209.17110763
normal
simd_float4x4([[0.00678237, -0.990171, -0.139697, 0.0)], [-0.999944, -0.00785684, 0.00714136, 0.0)], [-0.00816874, 0.13964, -0.990169, 0.0)], [1.4069, -0.127424, 5.02651, 1.0)]])
1.4069, -0.127424, 5.02651
float3(-0.140098, -3.13334, -1.57873)
1034209.42124887
normal
simd_float4x4([[0.0209008, -0.988358, -0.150701, 0.0)], [-0.999781, -0.0204887, -0.00428694, 0.0)], [0.00114938, 0.150757, -0.98857, 0.0)], [1.40386, -0.13568, 5.26678, 1.0)]])
1.40386, -0.13568, 5.26678
float3(-0.151334, 3.14043, -1.59152)
1034209.63803825
normal
simd_float4x4([[0.00698587, -0.989678, -0.143141, 0.0)], [-0.999253, -0.0123492, 0.0366147, 0.0)], [-0.0380045, 0.142779, -0.989025, 0.0)], [1.40383, -0.1363, 5.48651, 1.0)]])
1.40383, -0.1363, 5.48651
float3(-0.143268, -3.10319, -1.58327)
1034209.85482721
normal
simd_float4x4([[-0.0159221, -0.988937, -0.147479, 0.0)], [-0.998161, 0.00709271, 0.0602025, 0.0)], [-0.0584905, 0.148167, -0.987231, 0.0)], [1.41118, -0.11905, 5.68145, 1.0)]])
1.41118, -0.11905, 5.68145
float3(-0.148714, -3.08241, -1.56362)
1034210.07161638
normal
simd_float4x4([[-0.0686049, -0.986466, -0.148925, 0.0)], [-0.996158, 0.0595912, 0.0641704, 0.0)], [-0.0544274, 0.152755, -0.986764, 0.0)], [1.42585, -0.138092, 5.8764, 1.0)]])
1.42585, -0.138092, 5.8764
float3(-0.153355, -3.08649, -1.51046)
1034210.28840579
normal
simd_float4x4([[-0.0542089, -0.986593, -0.153931, 0.0)], [-0.998271, 0.0500416, 0.0308223, 0.0)], [-0.0227061, 0.155336, -0.987601, 0.0)], [1.45367, -0.156908, 6.08624, 1.0)]])
1.45367, -0.156908, 6.08624
float3(-0.155968, -3.11861, -1.52012)
1034210.52187075
normal
simd_float4x4([[-0.00577062, -0.982901, -0.184047, 0.0)], [-0.999957, 0.00432401, 0.00826037, 0.0)], [-0.0073233, 0.184087, -0.982883, 0.0)], [1.47253, -0.14696, 6.29276, 1.0)]])
1.47253, -0.14696, 6.29276
float3(-0.185142, -3.13414, -1.5664)
1034210.72198412
normal
simd_float4x4([[0.0153193, -0.982869, -0.183668, 0.0)], [-0.999753, -0.0180183, 0.013035, 0.0)], [-0.0161211, 0.183423, -0.982902, 0.0)], [1.49161, -0.170073, 6.47134, 1.0)]])
1.49161, -0.170073, 6.47134
float3(-0.184467, -3.12519, -1.58913)
1034210.93877296
normal
simd_float4x4([[0.000195946, -0.977771, -0.209675, 0.0)], [-0.999694, -0.00537852, 0.0241472, 0.0)], [-0.0247382, 0.209606, -0.977473, 0.0)], [1.51219, -0.177973, 6.7084, 1.0)]])
1.51219, -0.177973, 6.7084
float3(-0.211172, -3.11629, -1.5763)
1034211.13888633
normal
simd_float4x4([[-0.00764452, -0.981045, -0.193631, 0.0)], [-0.997484, -0.00616641, 0.0706229, 0.0)], [-0.0704783, 0.193684, -0.978529, 0.0)], [1.54151, -0.160878, 6.90402, 1.0)]])
1.54151, -0.160878, 6.90402
float3(-0.194916, -3.06969, -1.57708)
1034211.33899929
normal
simd_float4x4([[-0.0450361, -0.98509, -0.16604, 0.0)], [-0.996996, 0.0338362, 0.0696763, 0.0)], [-0.0630192, 0.16868, -0.983654, 0.0)], [1.58267, -0.174401, 7.09363, 1.0)]])
1.58267, -0.174401, 7.09363
float3(-0.16949, -3.07761, -1.53646)
1034211.57246446
normal
simd_float4x4([[-0.0160944, -0.989766, -0.141792, 0.0)], [-0.999832, 0.0171795, -0.00643238, 0.0)], [0.00880247, 0.141664, -0.989876, 0.0)], [1.62062, -0.165472, 7.33318, 1.0)]])
1.62062, -0.165472, 7.33318
float3(-0.142142, 3.1327, -1.55344)
1034211.77257754
normal
simd_float4x4([[0.0353797, -0.988071, -0.149879, 0.0)], [-0.99921, -0.032254, -0.0232349, 0.0)], [0.0181235, 0.150582, -0.988431, 0.0)], [1.62728, -0.161872, 7.53517, 1.0)]])
1.62728, -0.161872, 7.53517
float3(-0.151157, 3.12326, -1.60343)
1034211.98936667
normal
simd_float4x4([[0.0383775, -0.990257, -0.133857, 0.0)], [-0.999263, -0.0381333, -0.00438881, 0.0)], [-0.000758359, 0.133927, -0.990991, 0.0)], [1.63649, -0.189864, 7.76983, 1.0)]])
1.63649, -0.189864, 7.76983
float3(-0.134331, -3.14083, -1.60929)
1034212.18947971
normal
simd_float4x4([[0.0100681, -0.990623, -0.136251, 0.0)], [-0.99913, -0.0154797, 0.0387169, 0.0)], [-0.040463, 0.135742, -0.989918, 0.0)], [1.63598, -0.17047, 7.98421, 1.0)]])
1.63598, -0.17047, 7.98421
float3(-0.136163, -3.10074, -1.58642)
1034212.422945
normal
simd_float4x4([[-0.0439781, -0.990482, -0.130428, 0.0)], [-0.997578, 0.036497, 0.0592048, 0.0)], [-0.053881, 0.132716, -0.989688, 0.0)], [1.65494, -0.169323, 8.19941, 1.0)]])
1.65494, -0.169323, 8.19941
float3(-0.133109, -3.0872, -1.53397)
1034212.63973421
normal
simd_float4x4([[-0.027297, -0.993244, -0.112791, 0.0)], [-0.999453, 0.0250113, 0.0216313, 0.0)], [-0.0186642, 0.11332, -0.993383, 0.0)], [1.67159, -0.193149, 8.41349, 1.0)]])
1.67159, -0.193149, 8.41349
float3(-0.113564, -3.12281, -1.54562)
1034212.83984738
normal
simd_float4x4([[0.00195654, -0.994998, -0.0998784, 0.0)], [-0.999996, -0.00212873, 0.00161749, 0.0)], [-0.00182202, 0.0998749, -0.994998, 0.0)], [1.67465, -0.185785, 8.59723, 1.0)]])
1.67465, -0.185785, 8.59723
float3(-0.100042, -3.13976, -1.57294)
1034213.07331246
normal
simd_float4x4([[0.0507526, -0.994124, -0.0956136, 0.0)], [-0.998556, -0.0488232, -0.0224131, 0.0)], [0.0176132, 0.096613, -0.995166, 0.0)], [1.67276, -0.205359, 8.81855, 1.0)]])
1.67276, -0.205359, 8.81855
float3(-0.0967639, 3.1239, -1.61987)
1034213.27342554
normal
simd_float4x4([[-0.00230512, -0.989447, -0.14488, 0.0)], [-0.999986, 0.00159002, 0.00505146, 0.0)], [-0.00476779, 0.144889, -0.989436, 0.0)], [1.68185, -0.214283, 9.04993, 1.0)]])
1.68185, -0.214283, 9.04993
float3(-0.145401, -3.13677, -1.56919)
1034213.49021463
normal
simd_float4x4([[-0.00579482, -0.990438, -0.137836, 0.0)], [-0.998134, -0.00265016, 0.0610062, 0.0)], [-0.0607882, 0.137932, -0.988575, 0.0)], [1.7099, -0.197692, 9.277, 1.0)]])
1.7099, -0.197692, 9.277
float3(-0.138373, -3.08018, -1.57347)
1034213.69032779
normal
simd_float4x4([[-0.0424905, -0.990124, -0.133598, 0.0)], [-0.997595, 0.0347161, 0.059994, 0.0)], [-0.0547635, 0.135825, -0.989218, 0.0)], [1.75049, -0.220193, 9.49555, 1.0)]])
1.75049, -0.220193, 9.49555
float3(-0.136247, -3.08629, -1.53575)
1034213.90711692
normal
simd_float4x4([[-0.0196968, -0.992143, -0.123545, 0.0)], [-0.999497, 0.0164664, 0.0271145, 0.0)], [-0.0248672, 0.124017, -0.991968, 0.0)], [1.78021, -0.214211, 9.73209, 1.0)]])
1.78021, -0.214211, 9.73209
float3(-0.124337, -3.11653, -1.5542)
1034214.10723008
normal
simd_float4x4([[0.0212967, -0.989972, -0.139646, 0.0)], [-0.99977, -0.0214569, -0.000358331, 0.0)], [-0.00264164, 0.139622, -0.990201, 0.0)], [1.78091, -0.210103, 9.93449, 1.0)]])
1.78091, -0.210103, 9.93449
float3(-0.140079, -3.13892, -1.59247)
1034214.307343
normal
simd_float4x4([[0.0217587, -0.99081, -0.1335, 0.0)], [-0.999673, -0.0233546, 0.0104005, 0.0)], [-0.0134227, 0.13323, -0.990994, 0.0)], [1.78259, -0.235272, 10.1471, 1.0)]])
1.78259, -0.235272, 10.1471
float3(-0.133627, -3.12805, -1.59436)
1034214.50745629
normal
simd_float4x4([[-0.00523694, -0.991702, -0.128447, 0.0)], [-0.998254, -0.00237253, 0.0590175, 0.0)], [-0.0588325, 0.128532, -0.989959, 0.0)], [1.78418, -0.21717, 10.3621, 1.0)]])
1.78418, -0.21717, 10.3621
float3(-0.128889, -3.08223, -1.57319)
1034214.72424525
normal
simd_float4x4([[-0.0549291, -0.989176, -0.136065, 0.0)], [-0.995734, 0.0441472, 0.08103, 0.0)], [-0.074146, 0.139935, -0.987381, 0.0)], [1.80407, -0.2144, 10.5789, 1.0)]])
1.80407, -0.2144, 10.5789
float3(-0.140396, -3.06664, -1.5262)
1034214.92435829
normal
simd_float4x4([[-0.0324295, -0.993046, -0.11317, 0.0)], [-0.998604, 0.0274688, 0.0451214, 0.0)], [-0.041699, 0.114475, -0.992551, 0.0)], [1.81577, -0.238883, 10.7896, 1.0)]])
1.81577, -0.238883, 10.7896
float3(-0.114727, -3.09961, -1.54314)
1034215.12447167
normal
simd_float4x4([[-0.00152356, -0.994903, -0.100821, 0.0)], [-0.999963, 0.000664946, 0.00854926, 0.0)], [-0.00843864, 0.10083, -0.994868, 0.0)], [1.81916, -0.228303, 10.9966, 1.0)]])
1.81916, -0.228303, 10.9966
float3(-0.101002, -3.13311, -1.57013)
1034215.34126071
normal
simd_float4x4([[0.0409107, -0.990703, -0.129745, 0.0)], [-0.99916, -0.0408735, -0.00295039, 0.0)], [-0.00238017, 0.129756, -0.991543, 0.0)], [1.8154, -0.243462, 11.2245, 1.0)]])
1.8154, -0.243462, 11.2245
float3(-0.130123, -3.13919, -1.61203)
1034215.54137379
normal
simd_float4x4([[0.0198603, -0.991177, -0.131051, 0.0)], [-0.999576, -0.0224784, 0.0185282, 0.0)], [-0.0213106, 0.130627, -0.991202, 0.0)], [1.81453, -0.252184, 11.4522, 1.0)]])
1.81453, -0.252184, 11.4522
float3(-0.131002, -3.1201, -1.59347)
1034215.74148687
normal
simd_float4x4([[-0.0187483, -0.987827, -0.15442, 0.0)], [-0.998316, 0.0100167, 0.0571303, 0.0)], [-0.0548881, 0.155231, -0.986352, 0.0)], [1.83262, -0.233713, 11.6666, 1.0)]])
1.83262, -0.233713, 11.6666
float3(-0.155861, -3.086, -1.56066)
1034215.9416
normal
simd_float4x4([[-0.0814296, -0.984977, -0.152281, 0.0)], [-0.992853, 0.0667896, 0.0989055, 0.0)], [-0.0872489, 0.159246, -0.983376, 0.0)], [1.86865, -0.254967, 11.8853, 1.0)]])
1.86865, -0.254967, 11.8853
float3(-0.159927, -3.0531, -1.50309)
1034216.14171304
normal
simd_float4x4([[-0.0527924, -0.986175, -0.157072, 0.0)], [-0.99704, 0.0432485, 0.0635725, 0.0)], [-0.0559004, 0.159963, -0.985539, 0.0)], [1.89072, -0.268823, 12.117, 1.0)]])
1.89072, -0.268823, 12.117
float3(-0.160653, -3.08493, -1.52697)
1034216.37517821
normal
simd_float4x4([[0.0032206, -0.982482, -0.18633, 0.0)], [-0.999189, -0.0106425, 0.0388455, 0.0)], [-0.040148, 0.186054, -0.981719, 0.0)], [1.90273, -0.260558, 12.3588, 1.0)]])
1.90273, -0.260558, 12.3588
float3(-0.187145, -3.10072, -1.58163)
1034216.59196742
normal
simd_float4x4([[0.00312436, -0.983307, -0.181929, 0.0)], [-0.998422, -0.0132692, 0.0545719, 0.0)], [-0.056075, 0.181471, -0.981796, 0.0)], [1.91923, -0.290313, 12.59, 1.0)]])
1.91923, -0.290313, 12.59
float3(-0.182482, -3.08454, -1.58429)
1034216.79208038
normal
simd_float4x4([[-0.0197168, -0.983574, -0.179428, 0.0)], [-0.993302, -0.00116629, 0.115544, 0.0)], [-0.113856, 0.180504, -0.976962, 0.0)], [1.93544, -0.276346, 12.8078, 1.0)]])
1.93544, -0.276346, 12.8078
float3(-0.181499, -3.02558, -1.57198)
1034216.99219362
normal
simd_float4x4([[-0.053081, -0.982363, -0.17929, 0.0)], [-0.989576, 0.0276769, 0.141329, 0.0)], [-0.133874, 0.184923, -0.973592, 0.0)], [1.96582, -0.272575, 13.003, 1.0)]])
1.96582, -0.272575, 13.003
float3(-0.185994, -3.00494, -1.54263)
1034217.19230683
normal
simd_float4x4([[-0.0182563, -0.991351, -0.129961, 0.0)], [-0.994751, 0.00492049, 0.102204, 0.0)], [-0.100681, 0.131145, -0.986238, 0.0)], [1.98691, -0.293074, 13.1981, 1.0)]])
1.98691, -0.293074, 13.1981
float3(-0.131524, -3.03986, -1.56583)
1034217.39241983
normal
simd_float4x4([[-0.00522372, -0.990952, -0.134118, 0.0)], [-0.998584, -0.00193117, 0.0531625, 0.0)], [-0.0529404, 0.134205, -0.989538, 0.0)], [2.01287, -0.281495, 13.4109, 1.0)]])
2.01287, -0.281495, 13.4109
float3(-0.134612, -3.08814, -1.57275)
1034217.59253283
normal
simd_float4x4([[0.0186196, -0.98388, -0.177857, 0.0)], [-0.999632, -0.0218302, 0.0161119, 0.0)], [-0.0197348, 0.177491, -0.983925, 0.0)], [2.02178, -0.289996, 13.6284, 1.0)]])
2.02178, -0.289996, 13.6284
float3(-0.178436, -3.12154, -1.59298)
1034217.79264596
normal
simd_float4x4([[-0.00205908, -0.98607, -0.166315, 0.0)], [-0.998943, -0.00560766, 0.0456149, 0.0)], [-0.0459121, 0.166234, -0.985017, 0.0)], [2.03111, -0.304483, 13.855, 1.0)]])
2.03111, -0.304483, 13.855
float3(-0.167009, -3.09502, -1.57648)
1034218.00943508
normal
simd_float4x4([[-0.0200445, -0.985668, -0.1675, 0.0)], [-0.995476, 0.00411381, 0.0949196, 0.0)], [-0.0928701, 0.168645, -0.981292, 0.0)], [2.05256, -0.27703, 14.0891, 1.0)]])
2.05256, -0.27703, 14.0891
float3(-0.169454, -3.04723, -1.56662)
1034218.20954817
normal
simd_float4x4([[-0.0510035, -0.985328, -0.162872, 0.0)], [-0.994013, 0.0343061, 0.103734, 0.0)], [-0.0966245, 0.167188, -0.981179, 0.0)], [2.08675, -0.28935, 14.2931, 1.0)]])
2.08675, -0.28935, 14.2931
float3(-0.167977, -3.04343, -1.53599)
1034218.40966125
normal
simd_float4x4([[-0.0232385, -0.989921, -0.139703, 0.0)], [-0.997571, 0.0137812, 0.0682862, 0.0)], [-0.0656726, 0.140951, -0.987836, 0.0)], [2.11694, -0.297621, 14.5023, 1.0)]])
2.11694, -0.297621, 14.5023
float3(-0.141422, -3.07521, -1.55688)
1034218.60977433
normal
simd_float4x4([[-0.00488787, -0.984592, -0.174797, 0.0)], [-0.999208, -0.00209463, 0.0397396, 0.0)], [-0.0394934, 0.174853, -0.983802, 0.0)], [2.13187, -0.285917, 14.708, 1.0)]])
2.13187, -0.285917, 14.708
float3(-0.175756, -3.10147, -1.57292)
