ARKit Data
521349.883765625
normal
simd_float4x4([[-0.150564, -0.98504, 0.0838238, 0.0)], [0.541116, -0.0111543, 0.840874, 0.0)], [-0.82736, 0.171964, 0.5347, 0.0)], [41.3719, -14.4595, 83.8695, 1.0)]])
41.3719, -14.4595, 83.8695
float3(-0.172823, -0.997046, -1.58212)
521350.295054958
notAvailable
simd_float4x4([[1.0, 0.0, 0.0, 0.0)], [0.0, 1.0, 0.0, 0.0)], [0.0, 0.0, 1.0, 0.0)], [0.0, 0.0, 0.0, 1.0)]])
0.0, 0.0, 0.0
float3(-0.0, 0.0, 0.0)
521350.411705083
limited(__ObjC.ARCamera.TrackingState.Reason.initializing)
simd_float4x4([[-0.0122985, -0.985123, 0.171409, 0.0)], [0.999924, -0.0121165, 0.0021082, 0.0)], [3.99183e-08, 0.171422, 0.985198, 0.0)], [0.0, 0.0, 0.0, 1.0)]])
0.0, 0.0, 0.0
float3(-0.172273, 4.05181e-08, -1.5831)
521350.545019166
limited(__ObjC.ARCamera.TrackingState.Reason.initializing)
simd_float4x4([[-0.0125869, -0.984562, 0.174582, 0.0)], [0.999909, -0.0132352, -0.0025497, 0.0)], [0.00482096, 0.174534, 0.984639, 0.0)], [0.0, 0.0, 0.0, 1.0)]])
0.0, 0.0, 0.0
float3(-0.175432, 0.00489613, -1.58424)
521350.678333333
limited(__ObjC.ARCamera.TrackingState.Reason.initializing)
simd_float4x4([[-0.0225279, -0.983263, 0.180792, 0.0)], [0.999648, -0.0246925, -0.00973087, 0.0)], [0.0140322, 0.180509, 0.983473, 0.0)], [0.0, 0.0, 0.0, 1.0)]])
0.0, 0.0, 0.0
float3(-0.181504, 0.014267, -1.5959)
521350.811647458
limited(__ObjC.ARCamera.TrackingState.Reason.initializing)
simd_float4x4([[-0.0221705, -0.983454, 0.179794, 0.0)], [0.999341, -0.0269669, -0.0242772, 0.0)], [0.028724, 0.179138, 0.983404, 0.0)], [0.0, 0.0, 0.0, 1.0)]])
0.0, 0.0, 0.0
float3(-0.18011, 0.0292005, -1.59821)
521350.944961666
limited(__ObjC.ARCamera.TrackingState.Reason.initializing)
simd_float4x4([[-0.0228647, -0.985347, 0.169015, 0.0)], [0.997835, -0.0329192, -0.0569281, 0.0)], [0.0616578, 0.167348, 0.983967, 0.0)], [0.0, 0.0, 0.0, 1.0)]])
0.0, 0.0, 0.0
float3(-0.168139, 0.0625806, -1.60419)
521351.078275833
limited(__ObjC.ARCamera.TrackingState.Reason.initializing)
simd_float4x4([[-0.0188622, -0.986661, 0.161683, 0.0)], [0.993655, -0.0364326, -0.106408, 0.0)], [0.110879, 0.15865, 0.981088, 0.0)], [0.0, 0.0, 0.0, 1.0)]])
0.0, 0.0, 0.0
float3(-0.159323, 0.112539, -1.6077)
521351.211589958
limited(__ObjC.ARCamera.TrackingState.Reason.initializing)
simd_float4x4([[-0.0105826, -0.988136, 0.153208, 0.0)], [0.986837, -0.0350462, -0.157873, 0.0)], [0.161369, 0.149521, 0.9755, 0.0)], [0.0, 0.0, 0.0, 1.0)]])
0.0, 0.0, 0.0
float3(-0.150084, 0.163937, -1.60625)
521351.344904083
limited(__ObjC.ARCamera.TrackingState.Reason.initializing)
simd_float4x4([[0.000651216, -0.989094, 0.147281, 0.0)], [0.978364, -0.0298402, -0.204725, 0.0)], [0.206887, 0.144227, 0.967675, 0.0)], [0.0, 0.0, 0.0, 1.0)]])
0.0, 0.0, 0.0
float3(-0.144732, 0.210627, -1.60096)
521351.478218541
limited(__ObjC.ARCamera.TrackingState.Reason.initializing)
simd_float4x4([[0.00705846, -0.989849, 0.141936, 0.0)], [0.967703, -0.029007, -0.250419, 0.0)], [0.251995, 0.139119, 0.957675, 0.0)], [0.0, 0.0, 0.0, 1.0)]])
0.0, 0.0, 0.0
float3(-0.139572, 0.257299, -1.60009)
521351.611532666
limited(__ObjC.ARCamera.TrackingState.Reason.initializing)
simd_float4x4([[0.0146464, -0.990177, 0.139046, 0.0)], [0.955292, -0.0272118, -0.294409, 0.0)], [0.295301, 0.137142, 0.945509, 0.0)], [0.0, 0.0, 0.0, 1.0)]])
0.0, 0.0, 0.0
float3(-0.137575, 0.30272, -1.59827)
521351.744846875
limited(__ObjC.ARCamera.TrackingState.Reason.initializing)
simd_float4x4([[0.0186625, -0.991029, 0.13233, 0.0)], [0.940937, -0.0273432, -0.337476, 0.0)], [0.338068, 0.130813, 0.931986, 0.0)], [0.0, 0.0, 0.0, 1.0)]])
0.0, 0.0, 0.0
float3(-0.131189, 0.347978, -1.59838)
521351.878161
limited(__ObjC.ARCamera.TrackingState.Reason.initializing)
simd_float4x4([[0.0261343, -0.991773, 0.125314, 0.0)], [0.925326, -0.0234347, -0.378448, 0.0)], [0.378271, 0.125847, 0.9171, 0.0)], [0.0, 0.0, 0.0, 1.0)]])
0.0, 0.0, 0.0
float3(-0.126181, 0.391205, -1.59442)
521352.01147525
limited(__ObjC.ARCamera.TrackingState.Reason.initializing)
simd_float4x4([[0.0353085, -0.991859, 0.122346, 0.0)], [0.912593, -0.0178989, -0.408477, 0.0)], [0.407342, 0.126075, 0.904532, 0.0)], [0.0, 0.0, 0.0, 1.0)]])
0.0, 0.0, 0.0
float3(-0.126411, 0.423132, -1.58884)
521352.144789375
limited(__ObjC.ARCamera.TrackingState.Reason.initializing)
simd_float4x4([[0.0421432, -0.991965, 0.119286, 0.0)], [0.900764, -0.0139312, -0.434085, 0.0)], [0.432259, 0.125743, 0.892939, 0.0)], [0.0, 0.0, 0.0, 1.0)]])
0.0, 0.0, 0.0
float3(-0.126076, 0.450836, -1.58484)
521352.278103458
limited(__ObjC.ARCamera.TrackingState.Reason.initializing)
simd_float4x4([[0.0494798, -0.991329, 0.121725, 0.0)], [0.891268, -0.0111796, -0.453339, 0.0)], [0.450769, 0.130921, 0.882987, 0.0)], [0.0, 0.0, 0.0, 1.0)]])
0.0, 0.0, 0.0
float3(-0.131297, 0.472016, -1.58207)
521352.411417791
limited(__ObjC.ARCamera.TrackingState.Reason.initializing)
simd_float4x4([[0.0553687, -0.990952, 0.122254, 0.0)], [0.88445, -0.00814134, -0.466564, 0.0)], [0.463338, 0.133961, 0.875996, 0.0)], [0.0, 0.0, 0.0, 1.0)]])
0.0, 0.0, 0.0
float3(-0.134364, 0.486521, -1.57901)
521352.544732
limited(__ObjC.ARCamera.TrackingState.Reason.initializing)
simd_float4x4([[0.0581849, -0.990727, 0.122777, 0.0)], [0.880791, -0.00694457, -0.473454, 0.0)], [0.469917, 0.135689, 0.872219, 0.0)], [0.0, 0.0, 0.0, 1.0)]])
0.0, 0.0, 0.0
float3(-0.136108, 0.494173, -1.57781)
521352.67804625
limited(__ObjC.ARCamera.TrackingState.Reason.initializing)
simd_float4x4([[0.0598515, -0.990812, 0.121283, 0.0)], [0.879588, -0.00509755, -0.475709, 0.0)], [0.471956, 0.135151, 0.871201, 0.0)], [0.0, 0.0, 0.0, 1.0)]])
0.0, 0.0, 0.0
float3(-0.135566, 0.496472, -1.57594)
521352.811360458
limited(__ObjC.ARCamera.TrackingState.Reason.initializing)
simd_float4x4([[0.062828, -0.990493, 0.122377, 0.0)], [0.880685, -0.002663, -0.473694, 0.0)], [0.469517, 0.137537, 0.872145, 0.0)], [0.0, 0.0, 0.0, 1.0)]])
0.0, 0.0, 0.0
float3(-0.137974, 0.493853, -1.57348)
521352.944674666
limited(__ObjC.ARCamera.TrackingState.Reason.initializing)
simd_float4x4([[0.0644486, -0.990147, 0.124314, 0.0)], [0.886377, -0.000431031, -0.462964, 0.0)], [0.458457, 0.140026, 0.877616, 0.0)], [0.0, 0.0, 0.0, 1.0)]])
0.0, 0.0, 0.0
float3(-0.140488, 0.481398, -1.57123)
521353.07798875
limited(__ObjC.ARCamera.TrackingState.Reason.initializing)
simd_float4x4([[0.0663359, -0.989395, 0.129216, 0.0)], [0.899338, 0.00319351, -0.437242, 0.0)], [0.432192, 0.145214, 0.890013, 0.0)], [0.0, 0.0, 0.0, 1.0)]])
0.0, 0.0, 0.0
float3(-0.145729, 0.452063, -1.56757)
521353.211302916
limited(__ObjC.ARCamera.TrackingState.Reason.initializing)
simd_float4x4([[0.0663967, -0.989192, 0.130716, 0.0)], [0.914099, 0.00778346, -0.405415, 0.0)], [0.400017, 0.146406, 0.904737, 0.0)], [0.0, 0.0, 0.0, 1.0)]])
0.0, 0.0, 0.0
float3(-0.146934, 0.416295, -1.56293)
521353.34461725
limited(__ObjC.ARCamera.TrackingState.Reason.initializing)
simd_float4x4([[0.0652456, -0.988573, 0.135876, 0.0)], [0.927955, 0.010039, -0.372555, 0.0)], [0.366935, 0.150395, 0.918006, 0.0)], [0.0, 0.0, 0.0, 1.0)]])
0.0, 0.0, 0.0
float3(-0.150968, 0.380255, -1.56064)
521353.477931333
limited(__ObjC.ARCamera.TrackingState.Reason.initializing)
simd_float4x4([[0.0637688, -0.987784, 0.14217, 0.0)], [0.939123, 0.0112034, -0.343398, 0.0)], [0.337611, 0.155413, 0.928365, 0.0)], [0.0, 0.0, 0.0, 1.0)]])
0.0, 0.0, 0.0
float3(-0.156046, 0.348794, -1.55945)
521353.611245583
limited(__ObjC.ARCamera.TrackingState.Reason.initializing)
simd_float4x4([[0.0601999, -0.987606, 0.144939, 0.0)], [0.947918, 0.0110653, -0.318321, 0.0)], [0.312772, 0.156553, 0.936836, 0.0)], [0.0, 0.0, 0.0, 1.0)]])
0.0, 0.0, 0.0
float3(-0.1572, 0.322225, -1.55959)
521353.744559791
limited(__ObjC.ARCamera.TrackingState.Reason.initializing)
simd_float4x4([[0.0575932, -0.987555, 0.146334, 0.0)], [0.954232, 0.0113675, -0.298851, 0.0)], [0.293469, 0.156848, 0.943011, 0.0)], [0.0, 0.0, 0.0, 1.0)]])
0.0, 0.0, 0.0
float3(-0.157499, 0.301704, -1.55929)
521353.877874
limited(__ObjC.ARCamera.TrackingState.Reason.initializing)
simd_float4x4([[0.0552694, -0.987489, 0.147661, 0.0)], [0.956694, 0.0100449, -0.29092, 0.0)], [0.285799, 0.157346, 0.94528, 0.0)], [0.0, 0.0, 0.0, 1.0)]])
0.0, 0.0, 0.0
float3(-0.158002, 0.293605, -1.56062)
521354.011188208
limited(__ObjC.ARCamera.TrackingState.Reason.initializing)
simd_float4x4([[0.0556515, -0.987456, 0.147741, 0.0)], [0.952715, 0.00824772, -0.303752, 0.0)], [0.298724, 0.15766, 0.941224, 0.0)], [0.0, 0.0, 0.0, 1.0)]])
0.0, 0.0, 0.0
float3(-0.15832, 0.307323, -1.56244)
521354.144502416
limited(__ObjC.ARCamera.TrackingState.Reason.initializing)
simd_float4x4([[0.0600206, -0.987345, 0.146772, 0.0)], [0.942301, 0.00753157, -0.334682, 0.0)], [0.329342, 0.158392, 0.930828, 0.0)], [0.0, 0.0, 0.0, 1.0)]])
0.0, 0.0, 0.0
float3(-0.159062, 0.340071, -1.56317)
521354.277816666
normal
simd_float4x4([[0.0768115, -0.98826, 0.132068, 0.0)], [0.930235, 0.0233611, -0.366221, 0.0)], [0.358836, 0.150984, 0.921108, 0.0)], [-0.00372599, 0.000618069, 0.000796624, 1.0)]])
-0.00372599, 0.000618069, 0.000796624
float3(-0.151564, 0.371483, -1.54716)
521354.411130791
normal
simd_float4x4([[0.0805639, -0.988656, 0.126761, 0.0)], [0.911268, 0.0215286, -0.411252, 0.0)], [0.403858, 0.148646, 0.902665, 0.0)], [-0.0139327, 0.00220307, 0.00309758, 1.0)]])
-0.0139327, 0.00220307, 0.00309758
float3(-0.149199, 0.420695, -1.54902)
521354.544445041
normal
simd_float4x4([[0.0856743, -0.98903, 0.120331, 0.0)], [0.887302, 0.0208083, -0.46072, 0.0)], [0.453162, 0.146242, 0.879351, 0.0)], [-0.0292957, -7.74711e-05, 0.0128376, 1.0)]])
-0.0292957, -7.74711e-05, 0.0128376
float3(-0.146768, 0.475842, -1.54976)
521354.677759166
normal
simd_float4x4([[0.0911817, -0.989178, 0.114949, 0.0)], [0.859424, 0.0198539, -0.510878, 0.0)], [0.503067, 0.145372, 0.851933, 0.0)], [-0.0480398, -0.00116161, 0.0219168, 1.0)]])
-0.0480398, -0.00116161, 0.0219168
float3(-0.145889, 0.533405, -1.55073)
521354.811073375
normal
simd_float4x4([[0.0951739, -0.988924, 0.113892, 0.0)], [0.832575, 0.0163619, -0.553671, 0.0)], [0.545675, 0.147519, 0.82491, 0.0)], [-0.0658565, -0.00296048, 0.029165, 1.0)]])
-0.0658565, -0.00296048, 0.029165
float3(-0.148059, 0.584415, -1.55425)
521354.944387875
normal
simd_float4x4([[0.0983112, -0.988652, 0.113586, 0.0)], [0.813949, 0.0142153, -0.580762, 0.0)], [0.572557, 0.149549, 0.80611, 0.0)], [-0.0742599, -0.00588183, 0.0347215, 1.0)]])
-0.0742599, -0.00588183, 0.0347215
float3(-0.150112, 0.617586, -1.55642)
521355.077702083
normal
simd_float4x4([[0.0986897, -0.988587, 0.113822, 0.0)], [0.809972, 0.0133525, -0.586316, 0.0)], [0.578105, 0.150056, 0.802046, 0.0)], [-0.0738511, -0.00716318, 0.0357071, 1.0)]])
-0.0738511, -0.00716318, 0.0357071
float3(-0.150625, 0.624542, -1.55729)
521355.211016166
normal
simd_float4x4([[0.0958079, -0.989233, 0.110627, 0.0)], [0.820183, 0.0154801, -0.571892, 0.0)], [0.564022, 0.145526, 0.812835, 0.0)], [-0.0649948, -0.00613647, 0.0364407, 1.0)]])
-0.0649948, -0.00613647, 0.0364407
float3(-0.146045, 0.606616, -1.55515)
521355.344330333
normal
simd_float4x4([[0.0912176, -0.989639, 0.110878, 0.0)], [0.838928, 0.0163777, -0.543996, 0.0)], [0.536543, 0.14264, 0.83173, 0.0)], [-0.0508497, -0.00480092, 0.0337406, 1.0)]])
-0.0508497, -0.00480092, 0.0337406
float3(-0.143129, 0.572918, -1.55425)
521355.477644583
normal
simd_float4x4([[0.0890045, -0.989804, 0.111201, 0.0)], [0.858663, 0.0196721, -0.512163, 0.0)], [0.504754, 0.141069, 0.851659, 0.0)], [-0.0391403, -0.00431889, 0.0294114, 1.0)]])
-0.0391403, -0.00431889, 0.0294114
float3(-0.141542, 0.535013, -1.55092)
521355.610958833
normal
simd_float4x4([[0.0858722, -0.990216, 0.10999, 0.0)], [0.877125, 0.0227786, -0.479722, 0.0)], [0.472524, 0.13767, 0.870499, 0.0)], [-0.0287507, -0.00357942, 0.0259397, 1.0)]])
-0.0287507, -0.00357942, 0.0259397
float3(-0.138109, 0.497313, -1.5478)
521355.744272916
normal
simd_float4x4([[0.0815818, -0.990542, 0.110319, 0.0)], [0.892348, 0.023294, -0.450746, 0.0)], [0.443913, 0.135215, 0.885809, 0.0)], [-0.0187439, -0.00368321, 0.0235049, 1.0)]])
-0.0187439, -0.00368321, 0.0235049
float3(-0.135631, 0.464558, -1.54728)
521355.87758725
normal
simd_float4x4([[0.0784825, -0.99102, 0.108262, 0.0)], [0.900989, 0.0240312, -0.433177, 0.0)], [0.426685, 0.131539, 0.894783, 0.0)], [-0.013575, -0.00542493, 0.0208197, 1.0)]])
-0.013575, -0.00542493, 0.0208197
float3(-0.131922, 0.444963, -1.54655)
521356.010901375
normal
simd_float4x4([[0.0728316, -0.991384, 0.108873, 0.0)], [0.918032, 0.0239786, -0.395781, 0.0)], [0.38976, 0.128774, 0.911869, 0.0)], [-0.00555354, -0.00458261, 0.0194772, 1.0)]])
-0.00555354, -0.00458261, 0.0194772
float3(-0.129133, 0.403927, -1.54661)
521356.144215708
normal
simd_float4x4([[0.0668793, -0.991427, 0.112251, 0.0)], [0.936254, 0.0234689, -0.35054, 0.0)], [0.3449, 0.128539, 0.929797, 0.0)], [0.0061571, -0.00475008, 0.0187852, 1.0)]])
0.0061571, -0.00475008, 0.0187852
float3(-0.128896, 0.355208, -1.54713)
521356.27753
normal
simd_float4x4([[0.0601569, -0.991551, 0.114929, 0.0)], [0.953898, 0.023189, -0.299232, 0.0)], [0.294039, 0.127632, 0.947233, 0.0)], [0.0156825, -0.00421143, 0.0155115, 1.0)]])
0.0156825, -0.00421143, 0.0155115
float3(-0.127981, 0.300988, -1.54741)
521356.410844208
normal
simd_float4x4([[0.0532479, -0.99117, 0.121441, 0.0)], [0.970354, 0.0226478, -0.240624, 0.0)], [0.235749, 0.130653, 0.962991, 0.0)], [0.0246841, -0.00391866, 0.0127874, 1.0)]])
0.0246841, -0.00391866, 0.0127874
float3(-0.131028, 0.240087, -1.54795)
521356.544158416
normal
simd_float4x4([[0.0430827, -0.99144, 0.123248, 0.0)], [0.983835, 0.020639, -0.177885, 0.0)], [0.173818, 0.128919, 0.976303, 0.0)], [0.0335214, -0.00444551, 0.0157422, 1.0)]])
0.0335214, -0.00444551, 0.0157422
float3(-0.129279, 0.176191, -1.54998)
521356.677472625
normal
simd_float4x4([[0.0324907, -0.992014, 0.121869, 0.0)], [0.993696, 0.0189718, -0.110492, 0.0)], [0.107298, 0.124691, 0.986377, 0.0)], [0.0412438, -0.00407619, 0.0190918, 1.0)]])
0.0412438, -0.00407619, 0.0190918
float3(-0.125016, 0.108354, -1.55167)
521356.810786833
normal
simd_float4x4([[0.0189502, -0.992402, 0.121569, 0.0)], [0.999343, 0.0150437, -0.0329713, 0.0)], [0.0308919, 0.122114, 0.992035, 0.0)], [0.0515275, -0.0035786, 0.022837, 1.0)]])
0.0515275, -0.0035786, 0.022837
float3(-0.12242, 0.0311299, -1.55564)
521356.944101
normal
simd_float4x4([[0.00332276, -0.993035, 0.117772, 0.0)], [0.998419, 0.00990389, 0.0553393, 0.0)], [-0.0561202, 0.117402, 0.991498, 0.0)], [0.0670538, -0.00475125, 0.0288187, 1.0)]])
0.0670538, -0.00475125, 0.0288187
float3(-0.117673, -0.0565411, -1.56082)
521357.077415375
normal
simd_float4x4([[-0.0118025, -0.993279, 0.115145, 0.0)], [0.989413, 0.00505717, 0.14504, 0.0)], [-0.144648, 0.115638, 0.982703, 0.0)], [0.0836156, -0.00508177, 0.0359995, 1.0)]])
0.0836156, -0.00508177, 0.0359995
float3(-0.115897, -0.146144, -1.5657)
521357.210729416
normal
simd_float4x4([[-0.0261977, -0.993547, 0.110356, 0.0)], [0.972374, 0.000288048, 0.233427, 0.0)], [-0.231953, 0.113423, 0.966092, 0.0)], [0.100309, -0.00623814, 0.0445501, 1.0)]])
0.100309, -0.00623814, 0.0445501
float3(-0.113667, -0.235634, -1.57051)
521357.344043833
normal
simd_float4x4([[-0.0417225, -0.993701, 0.104005, 0.0)], [0.946761, -0.00606213, 0.32188, 0.0)], [-0.319222, 0.111898, 0.941051, 0.0)], [0.130474, -0.00719574, 0.0556113, 1.0)]])
0.130474, -0.00719574, 0.0556113
float3(-0.112133, -0.327038, -1.5769)
521357.477358125
normal
simd_float4x4([[-0.0499, -0.994145, 0.0958453, 0.0)], [0.915902, -0.00728011, 0.401335, 0.0)], [-0.398287, 0.107812, 0.910903, 0.0)], [0.143453, -0.00625693, 0.069795, 1.0)]])
0.143453, -0.00625693, 0.069795
float3(-0.108021, -0.412196, -1.57812)
521357.610672416
normal
simd_float4x4([[-0.0581253, -0.994435, 0.0878691, 0.0)], [0.882177, -0.00996231, 0.470813, 0.0)], [-0.467318, 0.104882, 0.877846, 0.0)], [0.155838, -0.00497181, 0.0850108, 1.0)]])
0.155838, -0.00497181, 0.0850108
float3(-0.105076, -0.489188, -1.58081)
521357.7439865
normal
simd_float4x4([[-0.0674417, -0.994503, 0.0800933, 0.0)], [0.843328, -0.0139245, 0.537218, 0.0)], [-0.53315, 0.103776, 0.839632, 0.0)], [0.176147, -0.00411011, 0.101557, 1.0)]])
0.176147, -0.00411011, 0.101557
float3(-0.103963, -0.565744, -1.5848)
521357.877300791
normal
simd_float4x4([[-0.0750267, -0.994435, 0.0739583, 0.0)], [0.79886, -0.0155501, 0.601316, 0.0)], [-0.59682, 0.104197, 0.795581, 0.0)], [0.184659, -0.00517751, 0.119252, 1.0)]])
0.184659, -0.00517751, 0.119252
float3(-0.104387, -0.643609, -1.58643)
521358.010615083
normal
simd_float4x4([[-0.0800564, -0.994663, 0.0650846, 0.0)], [0.751326, -0.0173042, 0.659704, 0.0)], [-0.655057, 0.101713, 0.748702, 0.0)], [0.19617, -0.0059361, 0.13934, 1.0)]])
0.19617, -0.0059361, 0.13934
float3(-0.10189, -0.718787, -1.58819)
521358.143929208
normal
simd_float4x4([[-0.0836844, -0.994889, 0.0565095, 0.0)], [0.703053, -0.0187584, 0.71089, 0.0)], [-0.706196, 0.0992196, 0.701029, 0.0)], [0.227001, -0.00780344, 0.167952, 1.0)]])
0.227001, -0.00780344, 0.167952
float3(-0.0993831, -0.78907, -1.58965)
521358.277243375
normal
simd_float4x4([[-0.087112, -0.99493, 0.0502648, 0.0)], [0.652706, -0.0188849, 0.757376, 0.0)], [-0.752586, 0.0987847, 0.651042, 0.0)], [0.242005, -0.00872718, 0.193487, 1.0)]])
0.242005, -0.00872718, 0.193487
float3(-0.098946, -0.857617, -1.58978)
521358.410557791
normal
simd_float4x4([[-0.0886492, -0.995039, 0.045146, 0.0)], [0.604956, -0.0177781, 0.79606, 0.0)], [-0.791309, 0.0978815, 0.603531, 0.0)], [0.255163, -0.00994283, 0.218184, 1.0)]])
0.255163, -0.00994283, 0.218184
float3(-0.0980384, -0.919217, -1.58866)
521358.543872041
normal
simd_float4x4([[-0.092217, -0.994954, 0.0395448, 0.0)], [0.560895, -0.0190904, 0.827667, 0.0)], [-0.822735, 0.0985055, 0.559824, 0.0)], [0.280882, -0.0122065, 0.2377, 1.0)]])
0.280882, -0.0122065, 0.2377
float3(-0.0986655, -0.973317, -1.58998)
521358.677186208
normal
simd_float4x4([[-0.0926062, -0.994958, 0.0385138, 0.0)], [0.529672, -0.0164727, 0.848042, 0.0)], [-0.843132, 0.0989336, 0.528527, 0.0)], [0.28817, -0.0131462, 0.247665, 1.0)]])
0.28817, -0.0131462, 0.247665
float3(-0.0990958, -1.01086, -1.58735)
521358.810500458
normal
simd_float4x4([[-0.0930349, -0.994841, 0.0404573, 0.0)], [0.514168, -0.013208, 0.857588, 0.0)], [-0.852629, 0.100587, 0.512744, 0.0)], [0.293577, -0.0133168, 0.252463, 1.0)]])
0.293577, -0.0133168, 0.252463
float3(-0.100758, -1.02937, -1.58407)
521358.943814708
normal
simd_float4x4([[-0.092394, -0.994794, 0.0429856, 0.0)], [0.514579, -0.0107451, 0.857376, 0.0)], [-0.852451, 0.101336, 0.512893, 0.0)], [0.296058, -0.0137017, 0.244184, 1.0)]])
0.296058, -0.0137017, 0.244184
float3(-0.10151, -1.02915, -1.5816)
521359.077128916
normal
simd_float4x4([[-0.0906959, -0.994762, 0.04715, 0.0)], [0.542124, -0.00960135, 0.840243, 0.0)], [-0.835389, 0.101768, 0.540156, 0.0)], [0.289796, -0.0150628, 0.236896, 1.0)]])
0.289796, -0.0150628, 0.236896
float3(-0.101944, -0.996821, -1.58045)
521359.210443166
normal
simd_float4x4([[-0.0924313, -0.994329, 0.052598, 0.0)], [0.564274, -0.00878455, 0.825541, 0.0)], [-0.820397, 0.105986, 0.561886, 0.0)], [0.247077, -0.0242096, 0.148007, 1.0)]])
0.247077, -0.0242096, 0.148007
float3(-0.106185, -0.97028, -1.57963)
521359.343757416
normal
simd_float4x4([[-0.0874882, -0.994371, 0.0597617, 0.0)], [0.655612, -0.0123076, 0.754998, 0.0)], [-0.750013, 0.105234, 0.652998, 0.0)], [0.282661, -0.0196172, 0.158732, 1.0)]])
0.282661, -0.0196172, 0.158732
float3(-0.105429, -0.854436, -1.58317)
521359.477071625
normal
simd_float4x4([[-0.0812524, -0.994418, 0.0673142, 0.0)], [0.721868, -0.012145, 0.691924, 0.0)], [-0.687244, 0.104813, 0.718826, 0.0)], [0.264708, -0.0175628, 0.145813, 1.0)]])
0.264708, -0.0175628, 0.145813
float3(-0.105005, -0.762941, -1.58301)
521359.610386083
normal
simd_float4x4([[-0.0742701, -0.994773, 0.0700801, 0.0)], [0.776387, -0.013575, 0.630111, 0.0)], [-0.625866, 0.101208, 0.773336, 0.0)], [0.241717, -0.0133524, 0.0944001, 1.0)]])
0.241717, -0.0133524, 0.0944001
float3(-0.101381, -0.680389, -1.58444)
521359.743700208
normal
simd_float4x4([[-0.0634903, -0.994969, 0.0774994, 0.0)], [0.846452, -0.0125504, 0.532317, 0.0)], [-0.528666, 0.0993965, 0.84299, 0.0)], [0.232265, -0.0104507, 0.0932589, 1.0)]])
0.232265, -0.0104507, 0.0932589
float3(-0.0995609, -0.560131, -1.58341)
521359.877014458
normal
simd_float4x4([[-0.0488068, -0.995138, 0.0855437, 0.0)], [0.913918, -0.00994217, 0.405776, 0.0)], [-0.402953, 0.0979847, 0.90996, 0.0)], [0.233639, -0.00793362, 0.105935, 1.0)]])
0.233639, -0.00793362, 0.105935
float3(-0.0981421, -0.416871, -1.58079)
521360.01032875
normal
simd_float4x4([[-0.0342853, -0.99518, 0.0918804, 0.0)], [0.95581, -0.00579181, 0.293929, 0.0)], [-0.29198, 0.0978976, 0.951401, 0.0)], [0.20493, -0.00599517, 0.0831259, 1.0)]])
0.20493, -0.00599517, 0.0831259
float3(-0.0980547, -0.297771, -1.57662)
521360.143642916
normal
simd_float4x4([[-0.0218603, -0.995308, 0.0942622, 0.0)], [0.981595, -0.00347539, 0.190945, 0.0)], [-0.189722, 0.0967014, 0.977064, 0.0)], [0.176576, -0.00499198, 0.0684826, 1.0)]])
0.176576, -0.00499198, 0.0684826
float3(-0.0968527, -0.191788, -1.57429)
521360.276957208
normal
simd_float4x4([[-0.00763063, -0.99487, 0.100878, 0.0)], [0.995486, 0.0019861, 0.0948876, 0.0)], [-0.0946011, 0.101147, 0.990363, 0.0)], [0.149679, -0.00585791, 0.0560494, 1.0)]])
0.149679, -0.00585791, 0.0560494
float3(-0.10132, -0.0952327, -1.5688)
521360.410271375
normal
simd_float4x4([[0.00346936, -0.994555, 0.104152, 0.0)], [0.999915, 0.00475846, 0.0121312, 0.0)], [-0.0125608, 0.104101, 0.994487, 0.0)], [0.128551, -0.0100824, 0.00780485, 1.0)]])
0.128551, -0.0100824, 0.00780485
float3(-0.10429, -0.0126297, -1.56601)
521360.543585666
normal
simd_float4x4([[0.0166094, -0.994102, 0.107174, 0.0)], [0.997909, 0.00978594, -0.063882, 0.0)], [0.0624564, 0.108011, 0.992186, 0.0)], [0.106613, -0.0125042, 0.0134732, 1.0)]])
0.106613, -0.0125042, 0.0134732
float3(-0.108222, 0.0628654, -1.56095)
521360.676899958
normal
simd_float4x4([[0.0246693, -0.994009, 0.106482, 0.0)], [0.992719, 0.0117956, -0.119878, 0.0)], [0.117903, 0.108664, 0.987062, 0.0)], [0.0867073, -0.0123036, 0.0129601, 1.0)]])
0.0867073, -0.0123036, 0.0129601
float3(-0.108879, 0.118885, -1.55893)
521360.81021425
normal
simd_float4x4([[0.0260798, -0.993857, 0.107557, 0.0)], [0.987983, 0.00922841, -0.154288, 0.0)], [0.152347, 0.110288, 0.982154, 0.0)], [0.0691707, -0.0135352, 0.0110689, 1.0)]])
0.0691707, -0.0135352, 0.0110689
float3(-0.110513, 0.153889, -1.56151)
521360.943528458
normal
simd_float4x4([[0.0285119, -0.993647, 0.108875, 0.0)], [0.985504, 0.00971949, -0.169375, 0.0)], [0.167241, 0.112126, 0.979519, 0.0)], [0.0499991, -0.0139128, 0.00646854, 1.0)]])
0.0499991, -0.0139128, 0.00646854
float3(-0.112363, 0.169107, -1.56102)
521361.076842708
normal
simd_float4x4([[0.0268005, -0.993575, 0.109962, 0.0)], [0.984364, 0.00707287, -0.176006, 0.0)], [0.174098, 0.112959, 0.978228, 0.0)], [0.0594042, -0.0139216, 0.00965183, 1.0)]])
0.0594042, -0.0139216, 0.00965183
float3(-0.113201, 0.176128, -1.56368)
521361.210156958
normal
simd_float4x4([[0.0272583, -0.993437, 0.11109, 0.0)], [0.983365, 0.00668394, -0.181518, 0.0)], [0.179584, 0.114189, 0.977093, 0.0)], [0.0561026, -0.0147031, 0.0066594, 1.0)]])
0.0561026, -0.0147031, 0.0066594
float3(-0.114439, 0.181766, -1.56407)
521361.343471208
normal
simd_float4x4([[0.0285142, -0.993344, 0.111603, 0.0)], [0.982419, 0.00724155, -0.18655, 0.0)], [0.1845, 0.11496, 0.976086, 0.0)], [0.0564835, -0.0152575, 0.00855243, 1.0)]])
0.0564835, -0.0152575, 0.00855243
float3(-0.115215, 0.186816, -1.56351)
521361.476785583
normal
simd_float4x4([[0.0310124, -0.993383, 0.11058, 0.0)], [0.981326, 0.00924875, -0.19213, 0.0)], [0.189836, 0.114473, 0.975119, 0.0)], [0.0547418, -0.0147492, 0.00854023, 1.0)]])
0.0547418, -0.0147492, 0.00854023
float3(-0.114725, 0.192275, -1.56149)
521361.61009975
normal
simd_float4x4([[0.0354177, -0.992994, 0.112734, 0.0)], [0.979981, 0.0123946, -0.198706, 0.0)], [0.195916, 0.117515, 0.973554, 0.0)], [0.0525912, -0.0150839, 0.00741892, 1.0)]])
0.0525912, -0.0150839, 0.00741892
float3(-0.117787, 0.198586, -1.55831)
521361.743413958
normal
simd_float4x4([[0.0380611, -0.992966, 0.112112, 0.0)], [0.978851, 0.0144801, -0.204063, 0.0)], [0.201004, 0.117508, 0.972517, 0.0)], [0.0513178, -0.0149344, 0.00749731, 1.0)]])
0.0513178, -0.0149344, 0.00749731
float3(-0.11778, 0.203815, -1.55621)
521361.876728291
normal
simd_float4x4([[0.041912, -0.992598, 0.113988, 0.0)], [0.977186, 0.0169493, -0.211706, 0.0)], [0.208207, 0.120261, 0.970663, 0.0)], [0.0495846, -0.0152229, 0.00800091, 1.0)]])
0.0495846, -0.0152229, 0.00800091
float3(-0.120552, 0.211298, -1.55372)
521362.010042666
normal
simd_float4x4([[0.0452135, -0.992132, 0.116752, 0.0)], [0.975109, 0.0184357, -0.220959, 0.0)], [0.217068, 0.123836, 0.96827, 0.0)], [0.0445861, -0.0159474, 0.00806461, 1.0)]])
0.0445861, -0.0159474, 0.00806461
float3(-0.124155, 0.220535, -1.55222)
521362.143356833
normal
simd_float4x4([[0.0478567, -0.992056, 0.116336, 0.0)], [0.972946, 0.0199432, -0.230171, 0.0)], [0.226023, 0.124204, 0.966171, 0.0)], [0.0384367, -0.0162609, 0.00891158, 1.0)]])
0.0384367, -0.0162609, 0.00891158
float3(-0.124526, 0.229804, -1.5507)
521362.276671125
normal
simd_float4x4([[0.049923, -0.991826, 0.117425, 0.0)], [0.96977, 0.0200197, -0.243199, 0.0)], [0.23886, 0.126017, 0.962842, 0.0)], [0.0321378, -0.0162582, 0.00975244, 1.0)]])
0.0321378, -0.0162582, 0.00975244
float3(-0.126353, 0.243169, -1.55061)
521362.409985416
normal
simd_float4x4([[0.0490991, -0.992048, 0.11589, 0.0)], [0.966828, 0.0180871, -0.254785, 0.0)], [0.250663, 0.124556, 0.960028, 0.0)], [0.0244887, -0.0163466, 0.0112349, 1.0)]])
0.0244887, -0.0163466, 0.0112349
float3(-0.12488, 0.255398, -1.55257)
521362.543299541
normal
simd_float4x4([[0.0462641, -0.991993, 0.117511, 0.0)], [0.964916, 0.0139427, -0.262187, 0.0)], [0.25845, 0.125518, 0.957835, 0.0)], [0.0135312, -0.0173399, 0.0096881, 1.0)]])
0.0135312, -0.0173399, 0.0096881
float3(-0.12585, 0.263551, -1.55674)
521362.67661375
normal
simd_float4x4([[0.0394399, -0.992148, 0.118686, 0.0)], [0.966284, 0.00762403, -0.257367, 0.0)], [0.254442, 0.124835, 0.958997, 0.0)], [0.00419816, -0.0183146, 0.0096059, 1.0)]])
0.00419816, -0.0183146, 0.0096059
float3(-0.125161, 0.259345, -1.56311)
521362.809928125
normal
simd_float4x4([[0.0312686, -0.99213, 0.121249, 0.0)], [0.970578, 0.00116299, -0.240783, 0.0)], [0.238747, 0.125211, 0.962976, 0.0)], [-0.00815784, -0.0208224, 0.00961087, 1.0)]])
-0.00815784, -0.0208224, 0.00961087
float3(-0.12554, 0.243026, -1.56962)
521362.943242333
normal
simd_float4x4([[0.0285166, -0.99109, 0.130106, 0.0)], [0.975126, -0.00103975, -0.221648, 0.0)], [0.219809, 0.133191, 0.966408, 0.0)], [-0.0300075, -0.024233, 0.00666601, 1.0)]])
-0.0300075, -0.024233, 0.00666601
float3(-0.133588, 0.223644, -1.57185)
521363.076556791
normal
simd_float4x4([[0.0287764, -0.9897, 0.140233, 0.0)], [0.978538, -0.000745988, -0.206064, 0.0)], [0.204046, 0.143153, 0.968438, 0.0)], [-0.0399767, -0.0263736, 0.00147613, 1.0)]])
-0.0399767, -0.0263736, 0.00147613
float3(-0.143647, 0.207659, -1.57155)
521363.209870958
normal
simd_float4x4([[0.0246192, -0.988322, 0.150382, 0.0)], [0.983286, -0.00320535, -0.182041, 0.0)], [0.180397, 0.15235, 0.971723, 0.0)], [-0.0424609, -0.0282788, -0.00404977, 1.0)]])
-0.0424609, -0.0282788, -0.00404977
float3(-0.152945, 0.183557, -1.57404)
521363.343185208
normal
simd_float4x4([[0.0205237, -0.986638, 0.161629, 0.0)], [0.991371, -0.000851559, -0.131083, 0.0)], [0.129469, 0.162924, 0.978107, 0.0)], [-0.0412321, -0.0322127, -0.00924112, 1.0)]])
-0.0412321, -0.0322127, -0.00924112
float3(-0.163654, 0.131602, -1.57166)
521363.476499375
normal
simd_float4x4([[0.00707244, -0.984407, 0.175764, 0.0)], [0.998964, -0.00094559, -0.0454927, 0.0)], [0.0449495, 0.175903, 0.983381, 0.0)], [-0.0263483, -0.0355065, -0.0201185, 1.0)]])
-0.0263483, -0.0355065, -0.0201185
float3(-0.176823, 0.0456774, -1.57176)
521363.609813833
normal
simd_float4x4([[-0.00281216, -0.980991, 0.194035, 0.0)], [0.997465, 0.0110433, 0.0702887, 0.0)], [-0.0710953, 0.193741, 0.978473, 0.0)], [0.000549532, -0.0572367, -0.0204953, 1.0)]])
0.000549532, -0.0572367, -0.0204953
float3(-0.194974, -0.072532, -1.55954)
521363.743128
normal
simd_float4x4([[-0.0216028, -0.975694, 0.218071, 0.0)], [0.981575, 0.0207216, 0.189951, 0.0)], [-0.189853, 0.218156, 0.957269, 0.0)], [0.0475106, -0.0645407, -0.0367209, 1.0)]])
0.0475106, -0.0645407, -0.0367209
float3(-0.219925, -0.195787, -1.54956)
521363.876442208
normal
simd_float4x4([[-0.0564335, -0.97357, 0.221307, 0.0)], [0.955069, 0.0119565, 0.296143, 0.0)], [-0.290962, 0.228076, 0.929152, 0.0)], [0.106769, -0.069274, -0.0514972, 1.0)]])
0.106769, -0.069274, -0.0514972
float3(-0.230101, -0.303475, -1.55852)
521364.009756541
normal
simd_float4x4([[-0.0869028, -0.97237, 0.216667, 0.0)], [0.92721, 0.000589928, 0.374541, 0.0)], [-0.36432, 0.233445, 0.90154, 0.0)], [0.174215, -0.0732665, -0.065833, 1.0)]])
0.174215, -0.0732665, -0.065833
float3(-0.235619, -0.384043, -1.57019)
521364.143070708
normal
simd_float4x4([[-0.118982, -0.970065, 0.211702, 0.0)], [0.894725, -0.0123105, 0.446449, 0.0)], [-0.430478, 0.242534, 0.869406, 0.0)], [0.2513, -0.076797, -0.0819149, 1.0)]])
0.2513, -0.076797, -0.0819149
float3(-0.244977, -0.459752, -1.58349)
521364.276385208
normal
simd_float4x4([[-0.135254, -0.967079, 0.215559, 0.0)], [0.852515, -0.00272352, 0.522696, 0.0)], [-0.504901, 0.254464, 0.824817, 0.0)], [0.332175, -0.0716333, -0.0911085, 1.0)]])
0.332175, -0.0716333, -0.0911085
float3(-0.257294, -0.549296, -1.57361)
521364.409699375
normal
simd_float4x4([[-0.124698, -0.977043, 0.172739, 0.0)], [0.781541, 0.0105335, 0.623764, 0.0)], [-0.611264, 0.212784, 0.762286, 0.0)], [0.396895, -0.0601978, -0.0752891, 1.0)]])
0.396895, -0.0601978, -0.0752891
float3(-0.214424, -0.675888, -1.56002)
521364.543013708
normal
simd_float4x4([[-0.153228, -0.975699, 0.15663, 0.0)], [0.69222, 0.00713843, 0.721652, 0.0)], [-0.705233, 0.219, 0.674304, 0.0)], [0.600879, -0.0968371, -0.065037, 1.0)]])
0.600879, -0.0968371, -0.065037
float3(-0.22079, -0.807814, -1.56348)
521364.676328041
normal
simd_float4x4([[-0.170505, -0.973704, 0.151092, 0.0)], [0.617241, 0.0139811, 0.78665, 0.0)], [-0.768077, 0.227388, 0.598626, 0.0)], [0.652622, -0.100487, -0.0723696, 1.0)]])
0.652622, -0.100487, -0.0723696
float3(-0.229395, -0.908754, -1.55644)
521364.809642166
normal
simd_float4x4([[-0.190712, -0.970624, 0.14669, 0.0)], [0.563664, 0.0140643, 0.825884, 0.0)], [-0.803686, 0.24019, 0.544424, 0.0)], [0.718045, -0.108351, -0.0984878, 1.0)]])
0.718045, -0.108351, -0.0984878
float3(-0.242561, -0.975394, -1.55631)
521364.942956416
normal
simd_float4x4([[-0.20006, -0.970142, 0.137112, 0.0)], [0.513628, 0.0153263, 0.857876, 0.0)], [-0.834363, 0.242052, 0.495227, 0.0)], [0.812543, -0.118602, -0.13668, 1.0)]])
0.812543, -0.118602, -0.13668
float3(-0.24448, -1.03514, -1.555)
521365.07627075
normal
simd_float4x4([[-0.205263, -0.971628, 0.117502, 0.0)], [0.458997, 0.0104678, 0.888376, 0.0)], [-0.864401, 0.236283, 0.443825, 0.0)], [0.885778, -0.119178, -0.185743, 1.0)]])
0.885778, -0.119178, -0.185743
float3(-0.238539, -1.09645, -1.56002)
521365.209585083
normal
simd_float4x4([[-0.211767, -0.97321, 0.0895371, 0.0)], [0.381844, 0.00194227, 0.924225, 0.0)], [-0.899638, 0.22991, 0.371203, 0.0)], [0.955342, -0.110543, -0.222845, 1.0)]])
0.955342, -0.110543, -0.222845
float3(-0.231985, -1.17946, -1.5688)
521365.342899291
normal
simd_float4x4([[-0.214618, -0.972764, 0.0875792, 0.0)], [0.318305, 0.0151111, 0.947868, 0.0)], [-0.923375, 0.231307, 0.306392, 0.0)], [1.02925, -0.102763, -0.250616, 1.0)]])
1.02925, -0.102763, -0.250616
float3(-0.23342, -1.25041, -1.55526)
521365.476213666
normal
simd_float4x4([[-0.223232, -0.972591, 0.06507, 0.0)], [0.251051, 0.00713735, 0.967948, 0.0)], [-0.941882, 0.232413, 0.242576, 0.0)], [1.11225, -0.104173, -0.26325, 1.0)]])
1.11225, -0.104173, -0.26325
float3(-0.234558, -1.31873, -1.56346)
521365.609527875
normal
simd_float4x4([[-0.231527, -0.970412, 0.0685337, 0.0)], [0.204194, 0.0204024, 0.978718, 0.0)], [-0.951157, 0.240594, 0.193429, 0.0)], [1.21232, -0.113759, -0.270936, 1.0)]])
1.21232, -0.113759, -0.270936
float3(-0.242978, -1.37017, -1.54978)
521365.742842208
normal
simd_float4x4([[-0.186002, -0.980369, 0.0654182, 0.0)], [0.208471, 0.0256871, 0.977691, 0.0)], [-0.960179, 0.195491, 0.1996, 0.0)], [1.31878, -0.116717, -0.271859, 1.0)]])
1.31878, -0.116717, -0.271859
float3(-0.196758, -1.36584, -1.5446)
521365.876156458
normal
simd_float4x4([[-0.213257, -0.974762, 0.0660418, 0.0)], [0.176927, 0.0279482, 0.983827, 0.0)], [-0.960842, 0.221493, 0.166501, 0.0)], [1.43145, -0.0990372, -0.261193, 1.0)]])
1.43145, -0.0990372, -0.261193
float3(-0.223345, -1.39921, -1.54213)
521366.009470666
normal
simd_float4x4([[-0.189478, -0.978249, 0.0844238, 0.0)], [0.151144, 0.0558977, 0.98693, 0.0)], [-0.970182, 0.199762, 0.137265, 0.0)], [1.51641, -0.0865307, -0.262333, 1.0)]])
1.51641, -0.0865307, -0.262333
float3(-0.201115, -1.43025, -1.51372)
521366.142785083
normal
simd_float4x4([[-0.193456, -0.976756, 0.0923219, 0.0)], [0.13696, 0.0662922, 0.988356, 0.0)], [-0.971502, 0.203847, 0.120952, 0.0)], [1.6002, -0.0809355, -0.263573, 1.0)]])
1.6002, -0.0809355, -0.263573
float3(-0.205286, -1.44693, -1.50303)
521366.276099208
normal
simd_float4x4([[-0.185911, -0.976394, 0.109961, 0.0)], [0.126333, 0.0872304, 0.988145, 0.0)], [-0.974411, 0.197598, 0.107133, 0.0)], [1.68871, -0.094183, -0.285177, 1.0)]])
1.68871, -0.094183, -0.285177
float3(-0.198907, -1.46129, -1.48169)
521366.4094135
normal
simd_float4x4([[-0.168648, -0.981376, 0.0919774, 0.0)], [0.119356, 0.0722949, 0.990216, 0.0)], [-0.978423, 0.177976, 0.10494, 0.0)], [1.79028, -0.105961, -0.312044, 1.0)]])
1.79028, -0.105961, -0.312044
float3(-0.178929, -1.46395, -1.49726)
521366.542727791
normal
simd_float4x4([[-0.160017, -0.985998, 0.0469305, 0.0)], [0.0894617, 0.0328616, 0.995448, 0.0)], [-0.983052, 0.163487, 0.0829506, 0.0)], [1.91177, -0.103298, -0.333033, 1.0)]])
1.91177, -0.103298, -0.333033
float3(-0.164224, -1.48662, -1.53748)
521366.67604225
normal
simd_float4x4([[-0.135788, -0.989858, 0.0417416, 0.0)], [0.0830347, 0.0306132, 0.996076, 0.0)], [-0.987252, 0.138721, 0.0780356, 0.0)], [2.0148, -0.0825092, -0.35665, 1.0)]])
2.0148, -0.0825092, -0.35665
float3(-0.13917, -1.49192, -1.53988)
521366.8093565
normal
simd_float4x4([[-0.127967, -0.991766, 0.00500274, 0.0)], [0.0806679, -0.00538076, 0.996727, 0.0)], [-0.988492, 0.127952, 0.0806922, 0.0)], [2.11879, -0.0796257, -0.367958, 1.0)]])
2.11879, -0.0796257, -0.367958
float3(-0.128303, -1.48935, -1.57622)
521366.94267075
normal
simd_float4x4([[-0.109026, -0.994033, 0.00345296, 0.0)], [0.100285, -0.00754327, 0.99493, 0.0)], [-0.988967, 0.10882, 0.100509, 0.0)], [2.22533, -0.0872164, -0.373699, 1.0)]])
2.22533, -0.0872164, -0.373699
float3(-0.109036, -1.46951, -1.57838)
521367.075985
normal
simd_float4x4([[-0.0811159, -0.996629, 0.0123006, 0.0)], [0.12138, 0.00237175, 0.992603, 0.0)], [-0.989286, 0.082009, 0.120778, 0.0)], [2.33681, -0.095434, -0.379554, 1.0)]])
2.33681, -0.095434, -0.379554
float3(-0.0821012, -1.44931, -1.56842)
521367.209299333
normal
simd_float4x4([[-0.0704377, -0.997514, -0.00219808, 0.0)], [0.141022, -0.0121394, 0.989932, 0.0)], [-0.987497, 0.0694186, 0.141526, 0.0)], [2.4503, -0.0786099, -0.377494, 1.0)]])
2.4503, -0.0786099, -0.377494
float3(-0.0694745, -1.42845, -1.58297)
521367.3426135
normal
simd_float4x4([[-0.0766116, -0.996916, 0.0169958, 0.0)], [0.141873, 0.00597288, 0.989867, 0.0)], [-0.986916, 0.0782466, 0.140978, 0.0)], [2.55448, -0.068677, -0.394179, 1.0)]])
2.55448, -0.068677, -0.394179
float3(-0.0783266, -1.42891, -1.56481)
521367.475927833
normal
simd_float4x4([[-0.0449544, -0.99818, 0.040211, 0.0)], [0.13878, 0.0336214, 0.989752, 0.0)], [-0.989302, 0.0500742, 0.137016, 0.0)], [2.65458, -0.0714957, -0.415196, 1.0)]])
2.65458, -0.0714957, -0.415196
float3(-0.0500951, -1.43317, -1.53713)
521367.609242
normal
simd_float4x4([[-0.036987, -0.998282, 0.0454488, 0.0)], [0.141029, 0.0398103, 0.989205, 0.0)], [-0.989314, 0.0429973, 0.139314, 0.0)], [2.76824, -0.0904668, -0.443644, 1.0)]])
2.76824, -0.0904668, -0.443644
float3(-0.0430105, -1.4309, -1.53094)
521367.742556375
normal
simd_float4x4([[-0.0363061, -0.998865, 0.0308371, 0.0)], [0.122729, 0.0261672, 0.992095, 0.0)], [-0.991776, 0.0398037, 0.12164, 0.0)], [2.90669, -0.101948, -0.477681, 1.0)]])
2.90669, -0.101948, -0.477681
float3(-0.0398142, -1.44876, -1.54461)
521367.87587075
normal
simd_float4x4([[-0.0341607, -0.999409, -0.0037748, 0.0)], [0.112114, -0.00758526, 0.993666, 0.0)], [-0.993108, 0.0335212, 0.112307, 0.0)], [3.03373, -0.0993584, -0.506787, 1.0)]])
3.03373, -0.0993584, -0.506787
float3(-0.0335275, -1.45819, -1.57839)
521368.009185
normal
simd_float4x4([[-0.103954, -0.994367, 0.0207077, 0.0)], [0.109429, 0.00925899, 0.993951, 0.0)], [-0.988544, 0.105591, 0.10785, 0.0)], [3.1684, -0.0998424, -0.5351, 1.0)]])
3.1684, -0.0998424, -0.5351
float3(-0.105788, -1.46213, -1.56149)
521368.142499375
normal
simd_float4x4([[-0.099077, -0.995078, -0.00174332, 0.0)], [0.117892, -0.0134777, 0.992935, 0.0)], [-0.988072, 0.0981716, 0.118647, 0.0)], [3.29278, -0.120072, -0.549258, 1.0)]])
3.29278, -0.120072, -0.549258
float3(-0.0983299, -1.45129, -1.58434)
521368.275813583
normal
simd_float4x4([[-0.0681449, -0.997675, -0.00117378, 0.0)], [0.139419, -0.0106878, 0.990176, 0.0)], [-0.987886, 0.0673118, 0.139824, 0.0)], [3.4148, -0.138012, -0.563997, 1.0)]])
3.4148, -0.138012, -0.563997
float3(-0.0673627, -1.43019, -1.58151)
521368.409127791
normal
simd_float4x4([[-0.0379163, -0.998745, -0.0327362, 0.0)], [0.157154, -0.0383119, 0.986831, 0.0)], [-0.986846, 0.0322724, 0.158409, 0.0)], [3.53314, -0.12907, -0.567492, 1.0)]])
3.53314, -0.12907, -0.567492
float3(-0.032278, -1.41163, -1.60914)
521368.542442166
normal
simd_float4x4([[-0.0503059, -0.998611, -0.0156718, 0.0)], [0.161788, -0.0236326, 0.986542, 0.0)], [-0.985542, 0.0470934, 0.162752, 0.0)], [3.63312, -0.108429, -0.589524, 1.0)]])
3.63312, -0.108429, -0.589524
float3(-0.0471109, -1.40713, -1.59446)
521368.675756375
normal
simd_float4x4([[-0.0280121, -0.999381, 0.0212686, 0.0)], [0.178736, 0.0159265, 0.983768, 0.0)], [-0.983498, 0.0313589, 0.178179, 0.0)], [3.73936, -0.105446, -0.621096, 1.0)]])
3.73936, -0.105446, -0.621096
float3(-0.031364, -1.39157, -1.55486)
521368.809070708
normal
simd_float4x4([[-0.00434911, -0.999391, 0.0346233, 0.0)], [0.178095, 0.033296, 0.98345, 0.0)], [-0.984004, 0.0104434, 0.177842, 0.0)], [3.85907, -0.115771, -0.657118, 1.0)]])
3.85907, -0.115771, -0.657118
float3(-0.0104436, -1.39199, -1.53749)
521368.942385041
normal
simd_float4x4([[0.00822452, -0.99994, -0.00721395, 0.0)], [0.138485, -0.0060057, 0.990346, 0.0)], [-0.99033, -0.00914415, 0.138427, 0.0)], [3.9721, -0.117901, -0.691804, 1.0)]])
3.9721, -0.117901, -0.691804
float3(0.00914427, -1.43192, -1.5768)
521369.07569925
normal
simd_float4x4([[0.00501602, -0.999426, -0.0335173, 0.0)], [0.125242, -0.0326259, 0.991589, 0.0)], [-0.992113, -0.00917161, 0.125007, 0.0)], [4.08529, -0.103483, -0.717469, 1.0)]])
4.08529, -0.103483, -0.717469
float3(0.00917174, -1.44546, -1.60343)
521369.209013666
normal
simd_float4x4([[-0.0231263, -0.99874, -0.0445407, 0.0)], [0.0990646, -0.0466226, 0.993988, 0.0)], [-0.994812, 0.0185749, 0.100018, 0.0)], [4.20148, -0.0986806, -0.734435, 1.0)]])
4.20148, -0.0986806, -0.734435
float3(-0.018576, -1.47059, -1.61744)
521369.342327916
normal
simd_float4x4([[-0.0142285, -0.998944, -0.0436784, 0.0)], [0.109481, -0.0449766, 0.992971, 0.0)], [-0.993887, 0.00934649, 0.110005, 0.0)], [4.31138, -0.111642, -0.740756, 1.0)]])
4.31138, -0.111642, -0.740756
float3(-0.00934663, -1.46056, -1.61579)
521369.475642208
normal
simd_float4x4([[-0.00479424, -0.999517, -0.0307242, 0.0)], [0.136272, -0.031091, 0.990183, 0.0)], [-0.99066, 0.000560315, 0.136356, 0.0)], [4.43128, -0.117987, -0.746219, 1.0)]])
4.43128, -0.117987, -0.746219
float3(-0.000560315, -1.43401, -1.60189)
521369.608956416
normal
