ARKit Data
1038143.42284113
limited(__ObjC.ARCamera.TrackingState.Reason.insufficientFeatures)
simd_float4x4([[0.173462, -0.966055, 0.191439, 0.0)], [0.788547, 0.0197854, -0.614656, 0.0)], [0.590004, 0.257578, 0.765212, 0.0)], [-0.0476696, -0.106744, 0.402829, 1.0)]])
-0.0476696, -0.106744, 0.402829
float3(-0.260515, 0.656827, -1.55032)
1038143.62295271
limited(__ObjC.ARCamera.TrackingState.Reason.insufficientFeatures)
simd_float4x4([[0.172101, -0.968539, 0.179757, 0.0)], [0.784565, 0.0244219, -0.619566, 0.0)], [0.595684, 0.247659, 0.764085, 0.0)], [-0.0610273, -0.0979938, 0.394989, 1.0)]])
-0.0610273, -0.0979938, 0.394989
float3(-0.250263, 0.66218, -1.54559)
1038144.34444225
notAvailable
simd_float4x4([[-0.0706125, 0.0, 0.997504, 0.0)], [0.0, 1.0, 0.0, 0.0)], [-0.997504, 0.0, -0.0706124, 0.0)], [-0.118701, -0.0755414, 0.020649, 1.0)]])
-0.118701, -0.0755414, 0.020649
float3(-0.0, -1.64147, 0.0)
1038144.56111808
limited(__ObjC.ARCamera.TrackingState.Reason.initializing)
simd_float4x4([[0.0165138, -0.968072, 0.250128, 0.0)], [0.999835, 0.0178763, 0.00317626, 0.0)], [-0.0075462, 0.250034, 0.968207, 0.0)], [0.0, 0.0, 0.0, 1.0)]])
0.0, 0.0, 0.0
float3(-0.252716, -0.00779384, -1.55233)
1038144.76122958
limited(__ObjC.ARCamera.TrackingState.Reason.initializing)
simd_float4x4([[0.000315489, -0.968866, 0.247585, 0.0)], [0.999925, 0.00333498, 0.0117765, 0.0)], [-0.0122355, 0.247563, 0.968794, 0.0)], [0.0, 0.0, 0.0, 1.0)]])
0.0, 0.0, 0.0
float3(-0.250164, -0.012629, -1.56735)
1038144.96134133
limited(__ObjC.ARCamera.TrackingState.Reason.initializing)
simd_float4x4([[0.000644206, -0.969481, 0.245163, 0.0)], [0.999994, 0.00149015, 0.00326504, 0.0)], [-0.00353073, 0.24516, 0.969476, 0.0)], [0.0, 0.0, 0.0, 1.0)]])
0.0, 0.0, 0.0
float3(-0.247684, -0.00364188, -1.56926)
1038145.16145296
limited(__ObjC.ARCamera.TrackingState.Reason.initializing)
simd_float4x4([[0.00829088, -0.969807, 0.24373, 0.0)], [0.99988, 0.00485391, -0.0146988, 0.0)], [0.0130719, 0.243823, 0.969731, 0.0)], [0.0, 0.0, 0.0, 1.0)]])
0.0, 0.0, 0.0
float3(-0.246306, 0.0134791, -1.56579)
1038145.36156492
normal
simd_float4x4([[0.0111142, -0.971989, 0.234765, 0.0)], [0.999756, 0.00632418, -0.0211463, 0.0)], [0.0190693, 0.234943, 0.971822, 0.0)], [-0.00103155, -0.00218452, -0.00773011, 1.0)]])
-0.00103155, -0.00218452, -0.00773011
float3(-0.23716, 0.0196197, -1.56429)
1038145.5783525
normal
simd_float4x4([[0.0105335, -0.982837, 0.184174, 0.0)], [0.999896, 0.0121584, 0.00769549, 0.0)], [-0.00980267, 0.184073, 0.982864, 0.0)], [-0.000993627, 0.0235533, 0.00105509, 1.0)]])
-0.000993627, 0.0235533, 0.00105509
float3(-0.185129, -0.00997325, -1.55843)
1038145.79514025
normal
simd_float4x4([[0.00217007, -0.992043, 0.125883, 0.0)], [0.999493, 0.00614897, 0.0312279, 0.0)], [-0.0317534, 0.125752, 0.991553, 0.0)], [-0.00207454, 0.0383545, 0.0148877, 1.0)]])
-0.00207454, 0.0383545, 0.0148877
float3(-0.126086, -0.032013, -1.5646)
1038145.99525217
normal
simd_float4x4([[0.00601995, -0.993583, 0.112946, 0.0)], [0.999294, 0.010166, 0.0361684, 0.0)], [-0.0370846, 0.112649, 0.992943, 0.0)], [0.00174179, 0.0444995, 0.0260433, 1.0)]])
0.00174179, 0.0444995, 0.0260433
float3(-0.112888, -0.0373308, -1.56056)
1038146.19536383
normal
simd_float4x4([[0.00245261, -0.993547, 0.113393, 0.0)], [0.99938, 0.00641915, 0.0346285, 0.0)], [-0.0351329, 0.113238, 0.992946, 0.0)], [0.00253811, 0.0411544, 0.0244516, 1.0)]])
0.00253811, 0.0411544, 0.0244516
float3(-0.113482, -0.0353678, -1.56434)
1038146.39547562
normal
simd_float4x4([[-0.00150332, -0.990933, 0.13435, 0.0)], [0.999563, 0.00247864, 0.0294666, 0.0)], [-0.0295324, 0.134335, 0.990496, 0.0)], [0.00230645, 0.0350821, 0.0136286, 1.0)]])
0.00230645, 0.0350821, 0.0136286
float3(-0.134743, -0.0298069, -1.5683)
1038146.59558775
normal
simd_float4x4([[-0.00286041, -0.986411, 0.164273, 0.0)], [0.999669, 0.0013781, 0.0256819, 0.0)], [-0.0255593, 0.164292, 0.986081, 0.0)], [0.00164816, 0.0246504, 0.00331216, 1.0)]])
0.00164816, 0.0246504, 0.00331216
float3(-0.16504, -0.0259143, -1.5694)
1038146.79569958
normal
simd_float4x4([[0.000874369, -0.981656, 0.190659, 0.0)], [0.999828, 0.0043888, 0.0180116, 0.0)], [-0.018518, 0.19061, 0.981491, 0.0)], [-0.00072935, 0.015333, -0.00770326, 1.0)]])
-0.00072935, 0.015333, -0.00770326
float3(-0.191784, -0.0188649, -1.56633)
1038146.99581142
normal
simd_float4x4([[0.00322777, -0.979091, 0.203398, 0.0)], [0.999885, 0.00616795, 0.0138231, 0.0)], [-0.0147886, 0.20333, 0.978998, 0.0)], [-0.00290256, 0.0129464, -0.02279, 1.0)]])
-0.00290256, 0.0129464, -0.02279
float3(-0.204758, -0.0151047, -1.5645)
1038147.21259925
normal
simd_float4x4([[0.00519255, -0.980913, 0.194377, 0.0)], [0.999869, 0.00807249, 0.0140271, 0.0)], [-0.0153285, 0.194279, 0.980827, 0.0)], [-0.00587138, 0.010418, -0.0189699, 1.0)]])
-0.00587138, 0.010418, -0.0189699
float3(-0.195522, -0.0156268, -1.56257)
1038147.42938688
normal
simd_float4x4([[0.00554263, -0.983473, 0.180971, 0.0)], [0.999726, 0.00956224, 0.0213465, 0.0)], [-0.0227242, 0.180803, 0.983257, 0.0)], [-0.00448101, 0.0150624, -0.0100802, 1.0)]])
-0.00448101, 0.0150624, -0.0100802
float3(-0.181803, -0.0231071, -1.56107)
1038147.64617496
normal
simd_float4x4([[0.00632333, -0.985688, 0.168462, 0.0)], [0.998788, 0.0144472, 0.0470415, 0.0)], [-0.0488021, 0.167961, 0.984585, 0.0)], [0.000976238, 0.0185503, 1.31723e-05, 1.0)]])
0.000976238, 0.0185503, 1.31723e-05
float3(-0.168761, -0.0495256, -1.55614)
1038147.84628675
normal
simd_float4x4([[0.00422994, -0.985955, 0.166958, 0.0)], [0.996267, 0.0185502, 0.0843058, 0.0)], [-0.0862189, 0.165978, 0.982353, 0.0)], [0.0107084, 0.0188277, 0.00634537, 1.0)]])
0.0107084, 0.0188277, 0.00634537
float3(-0.16675, -0.0875434, -1.55198)
1038148.04639871
normal
simd_float4x4([[0.000830485, -0.985706, 0.168471, 0.0)], [0.991564, 0.0226478, 0.127622, 0.0)], [-0.129613, 0.166943, 0.97741, 0.0)], [0.0206016, 0.0170286, 0.0100006, 1.0)]])
0.0206016, 0.0170286, 0.0100006
float3(-0.167729, -0.13184, -1.54782)
1038148.24651067
normal
simd_float4x4([[-0.00503969, -0.985724, 0.168296, 0.0)], [0.985902, 0.02325, 0.1657, 0.0)], [-0.167248, 0.166758, 0.97171, 0.0)], [0.0318294, 0.0164483, 0.00942707, 1.0)]])
0.0318294, 0.0164483, 0.00942707
float3(-0.167541, -0.170447, -1.54721)
1038148.49665067
normal
simd_float4x4([[-0.0163547, -0.986414, 0.163462, 0.0)], [0.975196, 0.0203556, 0.220406, 0.0)], [-0.220739, 0.163013, 0.961614, 0.0)], [0.0429961, 0.0180861, 0.0110519, 1.0)]])
0.0429961, 0.0180861, 0.0110519
float3(-0.163743, -0.225641, -1.55016)
1038148.69676263
normal
simd_float4x4([[-0.0282942, -0.986103, 0.163712, 0.0)], [0.961918, 0.017684, 0.272766, 0.0)], [-0.27187, 0.165195, 0.948049, 0.0)], [0.0574603, 0.0172775, 0.010602, 1.0)]])
0.0574603, 0.0172775, 0.010602
float3(-0.165956, -0.279273, -1.55287)
1038148.91355054
normal
simd_float4x4([[-0.0379266, -0.986699, 0.158072, 0.0)], [0.940726, 0.0180989, 0.338685, 0.0)], [-0.337041, 0.161548, 0.927527, 0.0)], [0.0721506, 0.0157905, 0.0120276, 1.0)]])
0.0721506, 0.0157905, 0.0120276
float3(-0.162259, -0.348541, -1.55246)
1038149.11366262
normal
simd_float4x4([[-0.0527028, -0.986074, 0.157738, 0.0)], [0.914764, 0.0156842, 0.403684, 0.0)], [-0.400536, 0.165568, 0.901198, 0.0)], [0.085915, 0.0140684, 0.0135504, 1.0)]])
0.085915, 0.0140684, 0.0135504
float3(-0.166334, -0.418228, -1.55489)
1038149.31377454
normal
simd_float4x4([[-0.0716948, -0.982256, 0.173302, 0.0)], [0.880662, 0.0192359, 0.473355, 0.0)], [-0.468289, 0.186558, 0.863656, 0.0)], [0.104388, 0.00697005, 0.0127079, 1.0)]])
0.104388, 0.00697005, 0.0127079
float3(-0.187657, -0.496848, -1.55122)
1038149.53056271
normal
simd_float4x4([[-0.112775, -0.975677, 0.187978, 0.0)], [0.828168, 0.0122344, 0.560346, 0.0)], [-0.549017, 0.218871, 0.806645, 0.0)], [0.129938, -0.00542829, 0.0088268, 1.0)]])
0.129938, -0.00542829, 0.0088268
float3(-0.220657, -0.597599, -1.55826)
1038149.73067467
normal
simd_float4x4([[-0.153249, -0.970933, 0.183859, 0.0)], [0.791725, -0.00929844, 0.610807, 0.0)], [-0.591343, 0.239171, 0.770137, 0.0)], [0.151621, -0.0146387, 0.00177057, 1.0)]])
0.151621, -0.0146387, 0.00177057
float3(-0.241512, -0.654822, -1.58037)
1038149.94746271
normal
simd_float4x4([[-0.173867, -0.969916, 0.17039, 0.0)], [0.752039, -0.0190679, 0.658842, 0.0)], [-0.635773, 0.242691, 0.73273, 0.0)], [0.188251, -0.0205358, 0.0224366, 1.0)]])
0.188251, -0.0205358, 0.0224366
float3(-0.245139, -0.714667, -1.59045)
1038150.14757479
normal
simd_float4x4([[-0.202083, -0.966835, 0.156184, 0.0)], [0.690326, -0.0274976, 0.722976, 0.0)], [-0.694703, 0.253919, 0.672988, 0.0)], [0.257128, -0.0170053, 0.0582668, 1.0)]])
0.257128, -0.0170053, 0.0582668
float3(-0.25673, -0.801275, -1.59923)
1038150.34768688
normal
simd_float4x4([[-0.24449, -0.958634, 0.145762, 0.0)], [0.591809, -0.0284456, 0.805576, 0.0)], [-0.768106, 0.283219, 0.574283, 0.0)], [0.32523, -0.0234033, 0.0842043, 1.0)]])
0.32523, -0.0234033, 0.0842043
float3(-0.287148, -0.928794, -1.60046)
1038150.54779883
normal
simd_float4x4([[-0.275344, -0.955367, 0.107052, 0.0)], [0.465964, -0.0352279, 0.884102, 0.0)], [-0.84087, 0.293315, 0.454866, 0.0)], [0.376053, -0.0266153, 0.126229, 1.0)]])
0.376053, -0.0266153, 0.126229
float3(-0.297693, -1.07493, -1.60765)
1038150.747911
normal
simd_float4x4([[-0.282261, -0.957508, 0.0592238, 0.0)], [0.324502, -0.0371993, 0.945153, 0.0)], [-0.902789, 0.285998, 0.321213, 0.0)], [0.42406, -0.0268719, 0.178738, 1.0)]])
0.42406, -0.0268719, 0.178738
float3(-0.290048, -1.22896, -1.60963)
1038150.94802308
normal
simd_float4x4([[-0.266445, -0.963847, 0.00267192, 0.0)], [0.137038, -0.0351385, 0.989942, 0.0)], [-0.954058, 0.264132, 0.141446, 0.0)], [0.450882, -0.0193841, 0.236368, 1.0)]])
0.450882, -0.0193841, 0.236368
float3(-0.267303, -1.42361, -1.60724)
1038151.14813513
normal
simd_float4x4([[-0.258686, -0.965151, -0.0395626, 0.0)], [-0.0645573, -0.0235911, 0.997635, 0.0)], [-0.963802, 0.260629, -0.0562048, 0.0)], [0.463983, -0.0165712, 0.280622, 1.0)]])
0.463983, -0.0165712, 0.280622
float3(-0.263673, -1.62905, -1.59523)
1038151.34824742
normal
simd_float4x4([[-0.227584, -0.970824, -0.075546, 0.0)], [-0.31412, -0.000240439, 0.949383, 0.0)], [-0.921702, 0.239795, -0.3049, 0.0)], [0.456039, -0.00521293, 0.305542, 1.0)]])
0.456039, -0.00521293, 0.305542
float3(-0.242155, -1.89027, -1.57104)
1038151.54835967
normal
simd_float4x4([[-0.177217, -0.978328, -0.107092, 0.0)], [-0.570263, 0.0133901, 0.821353, 0.0)], [-0.802118, 0.206629, -0.560277, 0.0)], [0.432466, 0.00315937, 0.292129, 1.0)]])
0.432466, 0.00315937, 0.292129
float3(-0.208128, -2.18051, -1.55711)
1038151.74847167
normal
simd_float4x4([[-0.132112, -0.979776, -0.150286, 0.0)], [-0.729298, -0.00660501, 0.684165, 0.0)], [-0.671321, 0.19999, -0.713675, 0.0)], [0.412793, 0.00492504, 0.233958, 1.0)]])
0.412793, 0.00492504, 0.233958
float3(-0.201348, -2.38677, -1.57754)
1038151.94858392
normal
simd_float4x4([[-0.122197, -0.978327, -0.167167, 0.0)], [-0.815405, 0.00293363, 0.578883, 0.0)], [-0.565847, 0.207047, -0.798091, 0.0)], [0.462459, -0.0132754, 0.196979, 1.0)]])
0.462459, -0.0132754, 0.196979
float3(-0.208556, -2.52485, -1.5678)
1038152.16537217
normal
simd_float4x4([[-0.107333, -0.982418, -0.152755, 0.0)], [-0.865651, 0.0167742, 0.500367, 0.0)], [-0.489007, 0.185938, -0.852232, 0.0)], [0.481566, -0.0211315, 0.177358, 1.0)]])
0.481566, -0.0211315, 0.177358
float3(-0.187026, -2.62066, -1.55372)
1038152.38216008
normal
simd_float4x4([[-0.0863029, -0.987741, -0.130072, 0.0)], [-0.907753, 0.0241626, 0.418809, 0.0)], [-0.410532, 0.154218, -0.898711, 0.0)], [0.464413, -0.0179854, 0.178478, 1.0)]])
0.464413, -0.0179854, 0.178478
float3(-0.154836, -2.7131, -1.54634)
1038152.59893708
normal
simd_float4x4([[-0.0668494, -0.992079, -0.10635, 0.0)], [-0.934675, 0.0249659, 0.354626, 0.0)], [-0.349162, 0.123109, -0.92894, 0.0)], [0.441349, -0.0130327, 0.173184, 1.0)]])
0.441349, -0.0130327, 0.173184
float3(-0.123422, -2.78206, -1.54564)
1038152.81558004
normal
simd_float4x4([[-0.0542044, -0.993565, -0.0994488, 0.0)], [-0.949996, 0.0206406, 0.311579, 0.0)], [-0.307521, 0.111365, -0.945002, 0.0)], [0.413854, -0.01028, 0.172902, 1.0)]])
0.413854, -0.01028, 0.172902
float3(-0.111596, -2.82698, -1.55002)
1038153.03222275
normal
simd_float4x4([[-0.0459181, -0.994447, -0.0946922, 0.0)], [-0.957594, 0.016828, 0.28763, 0.0)], [-0.28444, 0.103884, -0.953049, 0.0)], [0.384896, -0.00764108, 0.177876, 1.0)]])
0.384896, -0.00764108, 0.177876
float3(-0.104072, -2.85156, -1.55388)
1038153.2488655
normal
simd_float4x4([[-0.0416285, -0.995249, -0.0880117, 0.0)], [-0.960358, 0.0155554, 0.278335, 0.0)], [-0.275644, 0.0961095, -0.956443, 0.0)], [0.356588, -0.00380721, 0.179717, 1.0)]])
0.356588, -0.00380721, 0.179717
float3(-0.096258, -2.861, -1.55517)
1038153.48217308
normal
simd_float4x4([[-0.0273232, -0.996615, -0.0775394, 0.0)], [-0.962043, 0.005147, 0.272849, 0.0)], [-0.271526, 0.0820514, -0.958927, 0.0)], [0.328522, 0.00198264, 0.179404, 1.0)]])
0.328522, 0.00198264, 0.179404
float3(-0.0821437, -2.86566, -1.56563)
1038153.69881592
normal
simd_float4x4([[-0.0178743, -0.997525, -0.0680033, 0.0)], [-0.962652, -0.00120739, 0.270738, 0.0)], [-0.27015, 0.0703028, -0.960248, 0.0)], [0.312185, 0.00619589, 0.177969, 1.0)]])
0.312185, 0.00619589, 0.177969
float3(-0.0703608, -2.86735, -1.57201)
1038153.91545871
normal
simd_float4x4([[-0.0111394, -0.998244, -0.0581858, 0.0)], [-0.96195, -0.00518856, 0.273177, 0.0)], [-0.272999, 0.0590149, -0.960202, 0.0)], [0.302784, 0.00796114, 0.176452, 1.0)]])
0.302784, 0.00796114, 0.176452
float3(-0.0590492, -2.86459, -1.57599)
1038154.13210171
normal
simd_float4x4([[0.0025169, -0.998997, -0.0447077, 0.0)], [-0.961529, -0.0146986, 0.274309, 0.0)], [-0.274691, 0.0422974, -0.960602, 0.0)], [0.294596, 0.0125847, 0.17186, 1.0)]])
0.294596, 0.0125847, 0.17186
float3(-0.04231, -2.86307, -1.58551)
1038154.34874458
normal
simd_float4x4([[0.00607045, -0.999095, -0.0421049, 0.0)], [-0.959817, -0.0176349, 0.280073, 0.0)], [-0.280562, 0.0387128, -0.959055, 0.0)], [0.289678, 0.0123633, 0.173819, 1.0)]])
0.289678, 0.0123633, 0.173819
float3(-0.0387225, -2.85699, -1.58845)
1038154.58205204
normal
simd_float4x4([[0.00889087, -0.999358, -0.0347216, 0.0)], [-0.958383, -0.0184245, 0.28489, 0.0)], [-0.285346, 0.0307437, -0.957931, 0.0)], [0.288446, 0.0143855, 0.172502, 1.0)]])
0.288446, 0.0143855, 0.172502
float3(-0.0307485, -2.85208, -1.58923)
1038154.79869513
normal
simd_float4x4([[0.00961877, -0.999376, -0.0339966, 0.0)], [-0.959458, -0.0188012, 0.281225, 0.0)], [-0.281689, 0.0299132, -0.959039, 0.0)], [0.288348, 0.0170655, 0.173268, 1.0)]])
0.288348, 0.0170655, 0.173268
float3(-0.0299177, -2.85591, -1.58961)
1038155.01533796
normal
simd_float4x4([[0.00941687, -0.999397, -0.0334331, 0.0)], [-0.963663, -0.017996, 0.266515, 0.0)], [-0.266956, 0.0297085, -0.963251, 0.0)], [0.292531, 0.014564, 0.179954, 1.0)]])
0.292531, 0.014564, 0.179954
float3(-0.0297129, -2.87124, -1.5888)
1038155.23198104
normal
simd_float4x4([[0.00838492, -0.999367, -0.0345844, 0.0)], [-0.96879, -0.0166872, 0.247319, 0.0)], [-0.247739, 0.0314313, -0.968317, 0.0)], [0.297005, 0.0143843, 0.171865, 1.0)]])
0.297005, 0.0143843, 0.171865
float3(-0.0314364, -2.89112, -1.58749)
1038155.46528862
normal
simd_float4x4([[0.00559099, -0.999118, -0.0416216, 0.0)], [-0.969189, -0.0156639, 0.245818, 0.0)], [-0.246253, 0.0389649, -0.968422, 0.0)], [0.300407, 0.0150228, 0.175028, 1.0)]])
0.300407, 0.0150228, 0.175028
float3(-0.0389747, -2.89259, -1.58647)
1038155.68193171
normal
simd_float4x4([[0.00605333, -0.999025, -0.0437273, 0.0)], [-0.968307, -0.0167746, 0.249198, 0.0)], [-0.249689, 0.040833, -0.967465, 0.0)], [0.30287, 0.0149158, 0.174162, 1.0)]])
0.30287, 0.0149158, 0.174162
float3(-0.0408444, -2.88902, -1.58759)
1038155.93190429
normal
simd_float4x4([[0.00474715, -0.998755, -0.0496619, 0.0)], [-0.967182, -0.0172022, 0.253503, 0.0)], [-0.254041, 0.0468287, -0.966059, 0.0)], [0.306416, 0.0130507, 0.173889, 1.0)]])
0.306416, 0.0130507, 0.173889
float3(-0.0468458, -2.88445, -1.58802)
1038156.14854737
normal
simd_float4x4([[0.00262185, -0.998622, -0.0524181, 0.0)], [-0.965483, -0.0161805, 0.259964, 0.0)], [-0.260454, 0.0499272, -0.964194, 0.0)], [0.311552, 0.0114016, 0.172965, 1.0)]])
0.311552, 0.0114016, 0.172965
float3(-0.049948, -2.87776, -1.587)
1038156.38185538
normal
simd_float4x4([[-0.0011698, -0.998372, -0.0570251, 0.0)], [-0.962801, -0.0142843, 0.269835, 0.0)], [-0.27021, 0.0552194, -0.961216, 0.0)], [0.316634, 0.00993276, 0.173571, 1.0)]])
0.316634, 0.00993276, 0.173571
float3(-0.0552475, -2.86755, -1.5851)
1038156.61516325
normal
simd_float4x4([[-0.00128057, -0.99854, -0.0540019, 0.0)], [-0.959104, -0.0140588, 0.282703, 0.0)], [-0.283049, 0.0521555, -0.957686, 0.0)], [0.320654, 0.0104559, 0.172828, 1.0)]])
0.320654, 0.0104559, 0.172828
float3(-0.0521792, -2.85422, -1.58487)
1038156.86513596
normal
simd_float4x4([[0.00138405, -0.998705, -0.0508613, 0.0)], [-0.955048, -0.0163979, 0.295997, 0.0)], [-0.296448, 0.0481653, -0.953834, 0.0)], [0.323929, 0.0109247, 0.172499, 1.0)]])
0.323929, 0.0109247, 0.172499
float3(-0.048184, -2.84026, -1.58721)
1038157.09844404
normal
simd_float4x4([[0.00190264, -0.998825, -0.0484185, 0.0)], [-0.953997, -0.0163294, 0.299372, 0.0)], [-0.299811, 0.0456215, -0.952907, 0.0)], [0.324786, 0.0111746, 0.173691, 1.0)]])
0.324786, 0.0111746, 0.173691
float3(-0.0456373, -2.83677, -1.58714)
1038157.34841679
normal
simd_float4x4([[0.00209293, -0.998938, -0.0460336, 0.0)], [-0.956737, -0.0153937, 0.290548, 0.0)], [-0.290948, 0.043434, -0.955752, 0.0)], [0.323011, 0.00968752, 0.173153, 1.0)]])
0.323011, 0.00968752, 0.173153
float3(-0.0434476, -2.84609, -1.58621)
1038157.56506
normal
simd_float4x4([[0.000745076, -0.998602, -0.0528595, 0.0)], [-0.960448, -0.0154338, 0.278032, 0.0)], [-0.278459, 0.0505617, -0.959116, 0.0)], [0.325615, 0.0109587, 0.180197, 1.0)]])
0.325615, 0.0109587, 0.180197
float3(-0.0505833, -2.85903, -1.58625)
1038157.78170304
normal
simd_float4x4([[-0.00194189, -0.997636, -0.0686933, 0.0)], [-0.96715, -0.0155881, 0.253726, 0.0)], [-0.254197, 0.0669295, -0.964834, 0.0)], [0.331158, 0.00533717, 0.186575, 1.0)]])
0.331158, 0.00533717, 0.186575
float3(-0.0669796, -2.88398, -1.58642)
1038157.99834625
normal
simd_float4x4([[-0.00664167, -0.996992, -0.0772193, 0.0)], [-0.973395, -0.0112412, 0.228859, 0.0)], [-0.229039, 0.0766848, -0.970392, 0.0)], [0.347766, 0.00186465, 0.188789, 1.0)]])
0.347766, 0.00186465, 0.188789
float3(-0.0767602, -2.90981, -1.58207)
1038158.21498929
normal
simd_float4x4([[-0.0185532, -0.996892, -0.076572, 0.0)], [-0.971598, -9.37959e-05, 0.236637, 0.0)], [-0.235908, 0.0787876, -0.968576, 0.0)], [0.384289, 8.96305e-05, 0.186167, 1.0)]])
0.384289, 8.96305e-05, 0.186167
float3(-0.0788693, -2.90268, -1.57089)
1038158.43163267
normal
simd_float4x4([[-0.0307048, -0.996736, -0.0746652, 0.0)], [-0.956453, 0.00760609, 0.291788, 0.0)], [-0.290268, 0.080373, -0.953564, 0.0)], [0.431975, -0.00553282, 0.181174, 1.0)]])
0.431975, -0.00553282, 0.181174
float3(-0.0804598, -2.8461, -1.56317)
1038158.64827579
normal
simd_float4x4([[-0.0448626, -0.996358, -0.0725186, 0.0)], [-0.914443, 0.0117301, 0.404544, 0.0)], [-0.40222, 0.084463, -0.911639, 0.0)], [0.485994, -0.00836839, 0.165788, 1.0)]])
0.485994, -0.00836839, 0.165788
float3(-0.0845638, -2.72608, -1.55902)
1038158.86491908
normal
simd_float4x4([[-0.0586723, -0.995914, -0.0686474, 0.0)], [-0.826879, 0.00995575, 0.562292, 0.0)], [-0.559311, 0.089754, -0.824085, 0.0)], [0.541579, -0.0100166, 0.14059, 1.0)]])
0.541579, -0.0100166, 0.14059
float3(-0.089875, -2.5453, -1.5608)
1038159.08158471
normal
simd_float4x4([[-0.0755142, -0.99482, -0.0680432, 0.0)], [-0.676794, 0.00102136, 0.736171, 0.0)], [-0.732289, 0.101643, -0.673366, 0.0)], [0.596612, -0.0119311, 0.109896, 1.0)]])
0.596612, -0.0119311, 0.109896
float3(-0.101819, -2.3143, -1.56977)
1038159.28169733
normal
simd_float4x4([[-0.105317, -0.991252, -0.079552, 0.0)], [-0.479479, -0.019467, 0.877338, 0.0)], [-0.871211, 0.130542, -0.473234, 0.0)], [0.651006, -0.0207404, 0.0820787, 1.0)]])
0.651006, -0.0207404, 0.0820787
float3(-0.130916, -2.0684, -1.59043)
1038159.48181008
normal
simd_float4x4([[-0.144879, -0.986246, -0.0795505, 0.0)], [-0.308719, -0.0313279, 0.950637, 0.0)], [-0.940055, 0.162286, -0.299934, 0.0)], [0.703047, -0.0299407, 0.0726185, 1.0)]])
0.703047, -0.0299407, 0.0726185
float3(-0.163007, -1.87965, -1.60255)
1038159.68192292
normal
simd_float4x4([[-0.170119, -0.983173, -0.0665652, 0.0)], [-0.16235, -0.0386635, 0.985976, 0.0)], [-0.971958, 0.17854, -0.15304, 0.0)], [0.761867, -0.0373518, 0.0859809, 1.0)]])
0.761867, -0.0373518, 0.0859809
float3(-0.179503, -1.72697, -1.6101)
1038159.88203567
normal
simd_float4x4([[-0.190328, -0.981408, -0.0247767, 0.0)], [-0.0416666, -0.0171399, 0.998985, 0.0)], [-0.980836, 0.191167, -0.0376297, 0.0)], [0.825095, -0.0353627, 0.10295, 1.0)]])
0.825095, -0.0353627, 0.10295
float3(-0.192351, -1.60914, -1.58826)
1038160.08214833
normal
simd_float4x4([[-0.183425, -0.982546, 0.0309809, 0.0)], [0.104957, 0.0117612, 0.994407, 0.0)], [-0.977415, 0.185651, 0.100968, 0.0)], [0.877691, -0.0325666, 0.0970932, 1.0)]])
0.877691, -0.0325666, 0.0970932
float3(-0.186734, -1.46786, -1.55883)
1038160.29893721
normal
simd_float4x4([[-0.184746, -0.980145, 0.072003, 0.0)], [0.231092, 0.0278855, 0.972532, 0.0)], [-0.95523, 0.196311, 0.221352, 0.0)], [0.893393, -0.0430421, 0.0604005, 1.0)]])
0.893393, -0.0430421, 0.0604005
float3(-0.197594, -1.34309, -1.54235)
1038160.49905
normal
simd_float4x4([[-0.172009, -0.983372, 0.0582506, 0.0)], [0.281895, 0.00752321, 0.959416, 0.0)], [-0.9439, 0.181448, 0.275914, 0.0)], [0.956405, -0.0572747, 0.0108856, 1.0)]])
0.956405, -0.0572747, 0.0108856
float3(-0.182459, -1.28641, -1.56315)
1038160.69916271
normal
simd_float4x4([[-0.175056, -0.983761, 0.0396173, 0.0)], [0.280502, -0.0112621, 0.959787, 0.0)], [-0.943755, 0.179129, 0.277918, 0.0)], [1.03415, -0.0491524, -0.0315627, 1.0)]])
1.03415, -0.0491524, -0.0315627
float3(-0.180101, -1.28441, -1.58224)
1038160.89927546
normal
simd_float4x4([[-0.196768, -0.980131, 0.025008, 0.0)], [0.288293, -0.0334601, 0.956957, 0.0)], [-0.937107, 0.195508, 0.289149, 0.0)], [1.09742, -0.0413721, -0.0440938, 1.0)]])
1.09742, -0.0413721, -0.0440938
float3(-0.196776, -1.27151, -1.60492)
1038161.09938825
normal
simd_float4x4([[-0.187227, -0.982305, -0.00477815, 0.0)], [0.276708, -0.0574064, 0.959238, 0.0)], [-0.942538, 0.178273, 0.28256, 0.0)], [1.20574, -0.0508892, -0.0497481, 1.0)]])
1.20574, -0.0508892, -0.0497481
float3(-0.179231, -1.27954, -1.62917)
1038161.29950104
normal
simd_float4x4([[-0.179234, -0.983758, -0.00980013, 0.0)], [0.256074, -0.0562685, 0.965018, 0.0)], [-0.949895, 0.170455, 0.262, 0.0)], [1.35168, -0.0602213, -0.0470094, 1.0)]])
1.35168, -0.0602213, -0.0470094
float3(-0.171291, -1.30167, -1.62793)
1038161.49961388
normal
simd_float4x4([[-0.134582, -0.990869, 0.00819291, 0.0)], [0.279143, -0.0299781, 0.959781, 0.0)], [-0.950772, 0.131457, 0.280628, 0.0)], [1.49001, -0.0353826, -0.0547307, 1.0)]])
1.49001, -0.0353826, -0.0547307
float3(-0.131838, -1.28379, -1.60104)
1038161.69972667
normal
simd_float4x4([[-0.147142, -0.988465, 0.0358631, 0.0)], [0.273153, -0.00576014, 0.961953, 0.0)], [-0.95065, 0.15134, 0.27085, 0.0)], [1.60449, -0.0267111, -0.0746411, 1.0)]])
1.60449, -0.0267111, -0.0746411
float3(-0.151924, -1.29324, -1.57662)
1038161.89983938
normal
simd_float4x4([[-0.145198, -0.98839, 0.0447471, 0.0)], [0.25735, 0.00594152, 0.9663, 0.0)], [-0.955347, 0.15182, 0.253499, 0.0)], [1.74504, -0.0489202, -0.135386, 1.0)]])
1.74504, -0.0489202, -0.135386
float3(-0.15241, -1.31143, -1.56479)
1038162.09995212
normal
simd_float4x4([[-0.149452, -0.987854, 0.0425323, 0.0)], [0.231651, 0.0068368, 0.972775, 0.0)], [-0.96125, 0.155235, 0.227816, 0.0)], [1.9156, -0.0536075, -0.221682, 1.0)]])
1.9156, -0.0536075, -0.221682
float3(-0.155866, -1.33809, -1.56388)
1038162.30006508
normal
simd_float4x4([[-0.197031, -0.980295, 0.0141588, 0.0)], [0.216826, -0.0294867, 0.975765, 0.0)], [-0.95612, 0.195326, 0.218363, 0.0)], [2.10108, -0.0523348, -0.272966, 1.0)]])
2.10108, -0.0523348, -0.272966
float3(-0.196589, -1.34626, -1.60087)
1038162.50017796
normal
simd_float4x4([[-0.186896, -0.98226, -0.0153391, 0.0)], [0.216048, -0.0563297, 0.974756, 0.0)], [-0.958328, 0.178864, 0.222743, 0.0)], [2.27147, -0.0704302, -0.307279, 1.0)]])
2.27147, -0.0704302, -0.307279
float3(-0.179832, -1.34242, -1.62808)
1038162.71696679
normal
simd_float4x4([[-0.168657, -0.985545, -0.0160073, 0.0)], [0.244676, -0.0575922, 0.967893, 0.0)], [-0.954824, 0.159325, 0.250853, 0.0)], [2.4737, -0.0628118, -0.343098, 1.0)]])
2.4737, -0.0628118, -0.343098
float3(-0.160007, -1.31388, -1.62917)
1038162.93375567
normal
simd_float4x4([[-0.14661, -0.988811, 0.027547, 0.0)], [0.269907, -0.0131964, 0.962796, 0.0)], [-0.95166, 0.14859, 0.268822, 0.0)], [2.64274, -0.0435351, -0.398884, 1.0)]])
2.64274, -0.0435351, -0.398884
float3(-0.149143, -1.29549, -1.58414)
1038163.13386854
normal
simd_float4x4([[-0.14198, -0.987552, 0.0677033, 0.0)], [0.268156, 0.0274664, 0.962984, 0.0)], [-0.952856, 0.154879, 0.260918, 0.0)], [2.81469, -0.0640595, -0.461237, 1.0)]])
2.81469, -0.0640595, -0.461237
float3(-0.155505, -1.30352, -1.54299)
1038163.33398137
normal
simd_float4x4([[-0.138256, -0.988712, 0.0577391, 0.0)], [0.269395, 0.018558, 0.962851, 0.0)], [-0.953054, 0.148675, 0.263789, 0.0)], [3.01154, -0.0758639, -0.534146, 1.0)]])
3.01154, -0.0758639, -0.534146
float3(-0.149228, -1.30077, -1.55203)
1038163.53409433
normal
simd_float4x4([[-0.176359, -0.983625, 0.0371382, 0.0)], [0.259686, -0.0101012, 0.96564, 0.0)], [-0.949453, 0.179943, 0.257215, 0.0)], [3.19452, -0.0625107, -0.588454, 1.0)]])
3.19452, -0.0625107, -0.588454
float3(-0.180929, -1.30624, -1.58107)
1038163.73420733
normal
simd_float4x4([[-0.166108, -0.986101, -0.00353137, 0.0)], [0.269601, -0.0488582, 0.961732, 0.0)], [-0.948537, 0.158799, 0.273969, 0.0)], [3.36168, -0.0764309, -0.63293, 1.0)]])
3.36168, -0.0764309, -0.63293
float3(-0.159474, -1.28962, -1.6203)
1038163.95099617
normal
simd_float4x4([[-0.156371, -0.987563, 0.0163847, 0.0)], [0.293029, -0.0305434, 0.955616, 0.0)], [-0.94323, 0.154231, 0.29416, 0.0)], [3.57143, -0.0861131, -0.682401, 1.0)]])
3.57143, -0.0861131, -0.682401
float3(-0.154849, -1.26849, -1.60171)
1038164.15110929
normal
simd_float4x4([[-0.157673, -0.986783, 0.0373882, 0.0)], [0.284929, -0.0092107, 0.958504, 0.0)], [-0.945492, 0.161783, 0.282616, 0.0)], [3.74308, -0.0655569, -0.731825, 1.0)]])
3.74308, -0.0655569, -0.731825
float3(-0.162498, -1.28034, -1.58013)
1038164.35122196
normal
simd_float4x4([[-0.152974, -0.984674, 0.0837617, 0.0)], [0.293132, 0.0357322, 0.955404, 0.0)], [-0.943754, 0.170706, 0.283173, 0.0)], [3.90203, -0.0783164, -0.80066, 1.0)]])
3.90203, -0.0783164, -0.80066
float3(-0.171546, -1.27929, -1.53452)
1038164.55133496
normal
simd_float4x4([[-0.128977, -0.98988, 0.0591831, 0.0)], [0.272457, 0.0220111, 0.961916, 0.0)], [-0.953484, 0.14019, 0.266861, 0.0)], [4.07015, -0.0900317, -0.875085, 1.0)]])
4.07015, -0.0900317, -0.875085
float3(-0.140653, -1.2979, -1.54856)
1038164.768124
normal
simd_float4x4([[-0.156603, -0.987044, 0.0349318, 0.0)], [0.250322, -0.00545255, 0.968147, 0.0)], [-0.955413, 0.160359, 0.247933, 0.0)], [4.25426, -0.0770064, -0.942581, 1.0)]])
4.25426, -0.0770064, -0.942581
float3(-0.161054, -1.31689, -1.57632)
1038164.96823688
normal
simd_float4x4([[-0.163251, -0.986583, -0.00168508, 0.0)], [0.245791, -0.0423253, 0.968398, 0.0)], [-0.955477, 0.157678, 0.249403, 0.0)], [4.42648, -0.0885204, -1.00088, 1.0)]])
4.42648, -0.0885204, -1.00088
float3(-0.158339, -1.31547, -1.61367)
1038165.18502583
normal
simd_float4x4([[-0.150688, -0.9885, 0.0126832, 0.0)], [0.264636, -0.0279734, 0.963942, 0.0)], [-0.952502, 0.148611, 0.265808, 0.0)], [4.63999, -0.104594, -1.06612, 1.0)]])
4.63999, -0.104594, -1.06612
float3(-0.149164, -1.29866, -1.59909)
1038165.40181487
normal
simd_float4x4([[-0.176536, -0.983912, 0.027439, 0.0)], [0.278967, -0.0232802, 0.960018, 0.0)], [-0.943935, 0.177132, 0.278588, 0.0)], [4.83948, -0.0895523, -1.13654, 1.0)]])
4.83948, -0.0895523, -1.13654
float3(-0.178072, -1.28381, -1.59445)
1038165.60192783
normal
simd_float4x4([[-0.161753, -0.983852, 0.0766205, 0.0)], [0.277396, 0.0291813, 0.960312, 0.0)], [-0.947041, 0.176587, 0.268197, 0.0)], [5.00558, -0.10083, -1.21262, 1.0)]])
5.00558, -0.10083, -1.21262
float3(-0.177518, -1.29483, -1.54114)
1038165.80204092
normal
simd_float4x4([[-0.147202, -0.988119, 0.0441971, 0.0)], [0.244395, 0.00696308, 0.969651, 0.0)], [-0.958438, 0.153536, 0.240467, 0.0)], [5.17664, -0.113, -1.28512, 1.0)]])
5.17664, -0.113, -1.28512
float3(-0.154145, -1.32498, -1.56375)
1038166.00215383
normal
simd_float4x4([[-0.171374, -0.984806, 0.0280834, 0.0)], [0.225581, -0.0114753, 0.974157, 0.0)], [-0.959033, 0.17328, 0.22412, 0.0)], [5.34587, -0.101688, -1.34914, 1.0)]])
5.34587, -0.101688, -1.34914
float3(-0.174159, -1.34122, -1.58245)
1038166.20226683
normal
simd_float4x4([[-0.178977, -0.983844, -0.00431221, 0.0)], [0.217719, -0.0438802, 0.975025, 0.0)], [-0.959461, 0.173568, 0.222055, 0.0)], [5.50584, -0.111475, -1.39787, 1.0)]])
5.50584, -0.111475, -1.39787
float3(-0.174452, -1.34336, -1.61537)
1038166.40237975
normal
simd_float4x4([[-0.166868, -0.985864, 0.0150668, 0.0)], [0.262382, -0.0296705, 0.964508, 0.0)], [-0.950427, 0.164898, 0.263624, 0.0)], [5.68051, -0.126554, -1.44416, 1.0)]])
5.68051, -0.126554, -1.44416
float3(-0.165655, -1.30022, -1.60088)
1038166.61916896
normal
simd_float4x4([[-0.168258, -0.984602, 0.0474181, 0.0)], [0.290469, -0.00355513, 0.956878, 0.0)], [-0.941975, 0.174775, 0.286595, 0.0)], [5.85267, -0.10759, -1.49648, 1.0)]])
5.85267, -0.10759, -1.49648
float3(-0.175678, -1.27545, -1.57441)
1038166.81928183
normal
simd_float4x4([[-0.160851, -0.983188, 0.0864209, 0.0)], [0.299, 0.0349045, 0.953614, 0.0)], [-0.940599, 0.17923, 0.288359, 0.0)], [5.99876, -0.114232, -1.55209, 1.0)]])
5.99876, -0.114232, -1.55209
float3(-0.180204, -1.27332, -1.53531)
1038167.01939488
normal
simd_float4x4([[-0.143823, -0.987732, 0.0608356, 0.0)], [0.281638, 0.0180783, 0.95935, 0.0)], [-0.94868, 0.155111, 0.275583, 0.0)], [6.16339, -0.129311, -1.61504, 1.0)]])
6.16339, -0.129311, -1.61504
float3(-0.155739, -1.28809, -1.5525)
1038167.21950792
normal
simd_float4x4([[-0.144297, -0.989259, 0.0233451, 0.0)], [0.253718, -0.0141842, 0.967174, 0.0)], [-0.956455, 0.145483, 0.25304, 0.0)], [6.33043, -0.115296, -1.67004, 1.0)]])
6.33043, -0.115296, -1.67004
float3(-0.146001, -1.31216, -1.58513)
1038167.41962096
normal
simd_float4x4([[-0.174047, -0.984719, 0.0059872, 0.0)], [0.23732, -0.0360435, 0.970763, 0.0)], [-0.955713, 0.17038, 0.239966, 0.0)], [6.49155, -0.119709, -1.71026, 1.0)]])
6.49155, -0.119709, -1.71026
float3(-0.171215, -1.3248, -1.60738)
1038167.61973383
normal
simd_float4x4([[-0.163039, -0.985722, 0.0420905, 0.0)], [0.285598, -0.00631723, 0.958329, 0.0)], [-0.944379, 0.168266, 0.28255, 0.0)], [6.6725, -0.138757, -1.75494, 1.0)]])
6.6725, -0.138757, -1.75494
float3(-0.16907, -1.28008, -1.5772)
1038167.83652292
normal
simd_float4x4([[-0.134289, -0.9871, 0.0871759, 0.0)], [0.344191, 0.0360326, 0.938208, 0.0)], [-0.929246, 0.155997, 0.334913, 0.0)], [6.84528, -0.119916, -1.79486, 1.0)]])
6.84528, -0.119916, -1.79486
float3(-0.156636, -1.22487, -1.53431)
1038168.05331204
normal
simd_float4x4([[-0.125008, -0.986881, 0.102168, 0.0)], [0.30203, 0.0602361, 0.951393, 0.0)], [-0.945066, 0.14979, 0.290538, 0.0)], [6.9818, -0.110712, -1.82561, 1.0)]])
6.9818, -0.110712, -1.82561
float3(-0.150356, -1.27254, -1.50984)
1038168.27010137
normal
simd_float4x4([[-0.128435, -0.990018, 0.0580417, 0.0)], [0.16038, 0.0370212, 0.986361, 0.0)], [-0.978664, 0.135992, 0.154024, 0.0)], [7.12721, -0.125706, -1.85654, 1.0)]])
7.12721, -0.125706, -1.85654
float3(-0.136414, -1.41469, -1.53342)
1038168.47021429
normal
simd_float4x4([[-0.162556, -0.986628, -0.0118819, 0.0)], [-0.0592369, -0.00226194, 0.998241, 0.0)], [-0.98492, 0.162974, -0.0580771, 0.0)], [7.24809, -0.12649, -1.85647, 1.0)]])
7.24809, -0.12649, -1.85647
float3(-0.163704, -1.62969, -1.57309)
1038168.67032742
normal
simd_float4x4([[-0.138958, -0.988182, -0.0647118, 0.0)], [-0.415871, -0.00107471, 0.909423, 0.0)], [-0.898745, 0.153283, -0.410806, 0.0)], [7.27032, -0.117737, -1.81538, 1.0)]])
7.27032, -0.117737, -1.81538
float3(-0.15389, -1.99953, -1.57188)
1038168.87044033
normal
simd_float4x4([[-0.114012, -0.991123, -0.0683902, 0.0)], [-0.73032, 0.0369439, 0.682105, 0.0)], [-0.673523, 0.127715, -0.728049, 0.0)], [7.2046, -0.11601, -1.79877, 1.0)]])
7.2046, -0.11601, -1.79877
float3(-0.128065, -2.39508, -1.53354)
1038169.07055337
normal
simd_float4x4([[-0.0667747, -0.991265, -0.113736, 0.0)], [-0.917838, 0.0163208, 0.39662, 0.0)], [-0.391299, 0.130876, -0.91091, 0.0)], [7.08784, -0.120242, -1.81335, 1.0)]])
7.08784, -0.120242, -1.81335
float3(-0.131252, -2.73586, -1.55433)
1038169.2706665
normal
simd_float4x4([[-0.042074, -0.983947, -0.173432, 0.0)], [-0.993766, 0.023276, 0.109031, 0.0)], [-0.103244, 0.176938, -0.978792, 0.0)], [6.97224, -0.125543, -1.86048, 1.0)]])
6.97224, -0.125543, -1.86048
float3(-0.177874, -3.0365, -1.54715)
1038169.48745567
normal
simd_float4x4([[0.0120248, -0.988111, -0.153269, 0.0)], [-0.987059, 0.0127827, -0.159849, 0.0)], [0.159908, 0.153208, -0.97517, 0.0)], [6.87997, -0.117153, -1.93001, 1.0)]])
6.87997, -0.117153, -1.93001
float3(-0.153814, 2.97906, -1.55786)
1038169.68756879
normal
simd_float4x4([[0.0542202, -0.989422, -0.134555, 0.0)], [-0.921, 0.00250632, -0.389555, 0.0)], [0.385771, 0.145047, -0.911121, 0.0)], [6.81589, -0.11567, -1.98104, 1.0)]])
6.81589, -0.11567, -1.98104
float3(-0.145561, 2.74108, -1.56826)
1038169.88768188
normal
simd_float4x4([[0.0693668, -0.991923, -0.106197, 0.0)], [-0.80474, 0.0072735, -0.593583, 0.0)], [0.589561, 0.126636, -0.797735, 0.0)], [6.77779, -0.112551, -2.0083, 1.0)]])
6.77779, -0.112551, -2.0083
float3(-0.126977, 2.50514, -1.56346)
1038170.104471
normal
simd_float4x4([[0.0825615, -0.994157, -0.0695406, 0.0)], [-0.643921, 4.20791e-05, -0.765092, 0.0)], [0.760624, 0.107946, -0.640155, 0.0)], [6.78197, -0.111747, -1.9757, 1.0)]])
6.78197, -0.111747, -1.9757
float3(-0.108157, 2.2704, -1.57075)
1038170.30458413
normal
simd_float4x4([[0.0921597, -0.994487, -0.0500249, 0.0)], [-0.517401, -0.0049029, -0.855729, 0.0)], [0.850766, 0.104747, -0.515001, 0.0)], [6.78796, -0.116866, -1.9283, 1.0)]])
6.78796, -0.116866, -1.9283
float3(-0.104939, 2.11513, -1.57573)
1038170.50469721
normal
simd_float4x4([[0.114594, -0.993012, -0.0281902, 0.0)], [-0.413539, -0.0218827, -0.910223, 0.0)], [0.903246, 0.115964, -0.413157, 0.0)], [6.79107, -0.121477, -1.88086, 1.0)]])
6.79107, -0.121477, -1.88086
float3(-0.116225, 1.9998, -1.59283)
1038170.70481029
normal
simd_float4x4([[0.120773, -0.992046, -0.0354912, 0.0)], [-0.356546, -0.00998368, -0.934224, 0.0)], [0.926439, 0.125483, -0.354916, 0.0)], [6.79699, -0.123172, -1.8356, 1.0)]])
6.79699, -0.123172, -1.8356
float3(-0.125815, 1.93665, -1.58086)
1038170.92159954
normal
simd_float4x4([[0.111272, -0.993427, -0.0268563, 0.0)], [-0.310383, -0.00906786, -0.950568, 0.0)], [0.944077, 0.114108, -0.309352, 0.0)], [6.80162, -0.12132, -1.82335, 1.0)]])
6.80162, -0.12132, -1.82335
float3(-0.114357, 1.88745, -1.57992)
1038171.13838883
normal
simd_float4x4([[0.104032, -0.994289, -0.0238142, 0.0)], [-0.247251, -0.00266261, -0.968948, 0.0)], [0.96335, 0.10669, -0.246116, 0.0)], [6.79283, -0.120551, -1.81569, 1.0)]])
6.79283, -0.120551, -1.81569
float3(-0.106894, 1.82092, -1.57347)
1038171.35517808
normal
simd_float4x4([[0.113783, -0.993253, -0.0224119, 0.0)], [-0.197854, -0.000547293, -0.980231, 0.0)], [0.973605, 0.115968, -0.196581, 0.0)], [6.76982, -0.126796, -1.80649, 1.0)]])
6.76982, -0.126796, -1.80649
float3(-0.11623, 1.77003, -1.57135)
1038171.55529117
normal
simd_float4x4([[0.150279, -0.98842, -0.021048, 0.0)], [-0.175087, -0.00565489, -0.984537, 0.0)], [0.973016, 0.151641, -0.173909, 0.0)], [6.71274, -0.139404, -1.79117, 1.0)]])
6.71274, -0.139404, -1.79117
float3(-0.152228, 1.74766, -1.57652)
1038171.75540417
normal
simd_float4x4([[0.193436, -0.980576, -0.0324521, 0.0)], [-0.194, -0.00580438, -0.980984, 0.0)], [0.961741, 0.196054, -0.191355, 0.0)], [6.61429, -0.161129, -1.76165, 1.0)]])
6.61429, -0.161129, -1.76165
float3(-0.197332, 1.7672, -1.57672)
1038171.95551725
normal
simd_float4x4([[0.189389, -0.981902, 0.000671955, 0.0)], [-0.19648, -0.0385675, -0.979749, 0.0)], [0.962043, 0.185422, -0.200228, 0.0)], [6.48247, -0.154553, -1.73446, 1.0)]])
6.48247, -0.154553, -1.73446
float3(-0.186501, 1.77599, -1.61005)
1038172.15563046
normal
simd_float4x4([[0.142895, -0.989738, 0.000341716, 0.0)], [-0.223816, -0.0326503, -0.974084, 0.0)], [0.964099, 0.139116, -0.226185, 0.0)], [6.36909, -0.13047, -1.69723, 1.0)]])
6.36909, -0.13047, -1.69723
float3(-0.139568, 1.80124, -1.60377)
1038172.35574354
normal
simd_float4x4([[0.138667, -0.98956, -0.0392876, 0.0)], [-0.238212, 0.00517806, -0.971199, 0.0)], [0.961263, 0.144032, -0.235007, 0.0)], [6.236, -0.132958, -1.63676, 1.0)]])
6.236, -0.132958, -1.63676
float3(-0.144535, 1.81057, -1.56556)
1038172.55585658
normal
simd_float4x4([[0.124684, -0.990939, -0.0499392, 0.0)], [-0.249297, 0.0174292, -0.96827, 0.0)], [0.960367, 0.133177, -0.244865, 0.0)], [6.07062, -0.152152, -1.55835, 1.0)]])
6.07062, -0.152152, -1.55835
float3(-0.133574, 1.82045, -1.55321)
1038172.75596983
normal
simd_float4x4([[0.10825, -0.994118, -0.00347008, 0.0)], [-0.217175, -0.0202417, -0.975923, 0.0)], [0.970112, 0.106397, -0.218089, 0.0)], [5.88943, -0.141246, -1.48667, 1.0)]])
5.88943, -0.141246, -1.48667
float3(-0.106599, 1.79193, -1.59115)
1038172.95608308
normal
simd_float4x4([[0.162093, -0.986683, 0.0134868, 0.0)], [-0.187383, -0.0441963, -0.981292, 0.0)], [0.968821, 0.156533, -0.192051, 0.0)], [5.70205, -0.147264, -1.43839, 1.0)]])
5.70205, -0.147264, -1.43839
float3(-0.15718, 1.76649, -1.61556)
1038173.15619621
normal
simd_float4x4([[0.16142, -0.986515, 0.0270601, 0.0)], [-0.175692, -0.055708, -0.982868, 0.0)], [0.971121, 0.1539, -0.182315, 0.0)], [5.49979, -0.168638, -1.39153, 1.0)]])
5.49979, -0.168638, -1.39153
float3(-0.154515, 1.75637, -1.62721)
1038173.3563095
normal
simd_float4x4([[0.127258, -0.991836, 0.00812731, 0.0)], [-0.222355, -0.0365128, -0.974282, 0.0)], [0.966625, 0.122178, -0.225186, 0.0)], [5.30424, -0.143906, -1.34623, 1.0)]])
5.30424, -0.143906, -1.34623
float3(-0.122484, 1.79968, -1.60759)
1038173.55642254
normal
simd_float4x4([[0.120422, -0.99268, -0.00917964, 0.0)], [-0.220731, -0.0177591, -0.975173, 0.0)], [0.967872, 0.119458, -0.221254, 0.0)], [5.12298, -0.135939, -1.28363, 1.0)]])
5.12298, -0.135939, -1.28363
float3(-0.119744, 1.79553, -1.58868)
1038173.75653571
normal
simd_float4x4([[0.125544, -0.991941, -0.0170898, 0.0)], [-0.203318, -0.00886467, -0.979072, 0.0)], [0.97103, 0.126391, -0.202793, 0.0)], [4.92594, -0.165994, -1.21309, 1.0)]])
4.92594, -0.165994, -1.21309
float3(-0.12673, 1.77668, -1.57973)
1038173.95664888
normal
simd_float4x4([[0.150628, -0.988477, 0.015019, 0.0)], [-0.171352, -0.0410677, -0.984353, 0.0)], [0.973627, 0.145698, -0.175564, 0.0)], [4.72556, -0.161413, -1.15737, 1.0)]])
4.72556, -0.161413, -1.15737
float3(-0.146218, 1.7492, -1.61232)
1038174.15676196
normal
simd_float4x4([[0.176374, -0.982558, 0.0589244, 0.0)], [-0.12645, -0.081984, -0.988579, 0.0)], [0.976167, 0.166909, -0.138705, 0.0)], [4.52322, -0.170109, -1.12685, 1.0)]])
4.52322, -0.170109, -1.12685
float3(-0.167694, 1.71194, -1.65404)
1038174.35687525
normal
simd_float4x4([[0.166296, -0.985246, 0.040443, 0.0)], [-0.152116, -0.066155, -0.986146, 0.0)], [0.974272, 0.15784, -0.160873, 0.0)], [4.30649, -0.188725, -1.09334, 1.0)]])
4.30649, -0.188725, -1.09334
float3(-0.158503, 1.73444, -1.63784)
1038174.55698842
normal
simd_float4x4([[0.178401, -0.983953, -0.00300275, 0.0)], [-0.190517, -0.0315485, -0.981177, 0.0)], [0.965337, 0.175615, -0.193088, 0.0)], [4.09012, -0.165776, -1.04812, 1.0)]])
4.09012, -0.165776, -1.04812
float3(-0.176531, 1.76821, -1.60285)
