ARKit Data
255351.840216875
normal
simd_float4x4([[0.0630544, -0.988098, -0.140306, 0.0)], [-0.827342, 0.0268719, -0.561055, 0.0)], [0.558148, 0.151458, -0.815801, 0.0)], [-0.676671, -1.02373, 0.134493, 1.0)]])
-0.676671, -1.02373, 0.134493
float3(-0.152044, 2.54157, -1.54361)
255352.180261416
notAvailable
simd_float4x4([[1.0, 0.0, 0.0, 0.0)], [0.0, 1.0, 0.0, 0.0)], [0.0, 0.0, 1.0, 0.0)], [0.0, 0.0, 0.0, 1.0)]])
0.0, 0.0, 0.0
float3(-0.0, 0.0, 0.0)
255352.296934125
notAvailable
simd_float4x4([[1.0, 0.0, 0.0, 0.0)], [0.0, 1.0, 0.0, 0.0)], [0.0, 0.0, 1.0, 0.0)], [0.0, 0.0, 0.0, 1.0)]])
0.0, 0.0, 0.0
float3(-0.0, 0.0, 0.0)
255352.396986625
limited(__ObjC.ARCamera.TrackingState.Reason.initializing)
simd_float4x4([[-0.0113878, -0.993692, 0.11156, 0.0)], [0.99992, -0.0107098, 0.00667481, 0.0)], [-0.00543793, 0.111627, 0.993735, 0.0)], [0.0, 0.0, 0.0, 1.0)]])
0.0, 0.0, 0.0
float3(-0.11186, -0.00547216, -1.58157)
255352.497038958
limited(__ObjC.ARCamera.TrackingState.Reason.initializing)
simd_float4x4([[-0.0112754, -0.994162, 0.107298, 0.0)], [0.999915, -0.0105087, 0.00770758, 0.0)], [-0.00653503, 0.107376, 0.994196, 0.0)], [0.0, 0.0, 0.0, 1.0)]])
0.0, 0.0, 0.0
float3(-0.107583, -0.00657308, -1.58137)
255352.597091666
limited(__ObjC.ARCamera.TrackingState.Reason.initializing)
simd_float4x4([[0.022351, -0.992839, 0.117337, 0.0)], [0.999653, 0.023832, 0.0112342, 0.0)], [-0.0139501, 0.117045, 0.993027, 0.0)], [0.0, 0.0, 0.0, 1.0)]])
0.0, 0.0, 0.0
float3(-0.117314, -0.0140471, -1.5468)
255352.697143916
limited(__ObjC.ARCamera.TrackingState.Reason.initializing)
simd_float4x4([[0.0377021, -0.991442, 0.124969, 0.0)], [0.999075, 0.0399848, 0.0158079, 0.0)], [-0.0206695, 0.124258, 0.992033, 0.0)], [0.0, 0.0, 0.0, 1.0)]])
0.0, 0.0, 0.0
float3(-0.12458, -0.0208325, -1.53049)
255352.7971965
limited(__ObjC.ARCamera.TrackingState.Reason.initializing)
simd_float4x4([[0.0373556, -0.990639, 0.131284, 0.0)], [0.998727, 0.0414669, 0.028722, 0.0)], [-0.0338971, 0.130044, 0.990927, 0.0)], [0.0, 0.0, 0.0, 1.0)]])
0.0, 0.0, 0.0
float3(-0.130413, -0.0341941, -1.52896)
255352.897249041
limited(__ObjC.ARCamera.TrackingState.Reason.initializing)
simd_float4x4([[0.0388904, -0.989868, 0.136545, 0.0)], [0.997926, 0.0454901, 0.045551, 0.0)], [-0.051301, 0.13449, 0.989584, 0.0)], [0.0, 0.0, 0.0, 1.0)]])
0.0, 0.0, 0.0
float3(-0.134899, -0.0517946, -1.52487)
255352.997301583
limited(__ObjC.ARCamera.TrackingState.Reason.initializing)
simd_float4x4([[0.0349777, -0.989409, 0.140862, 0.0)], [0.99714, 0.0439988, 0.0614459, 0.0)], [-0.0669929, 0.13831, 0.988118, 0.0)], [0.0, 0.0, 0.0, 1.0)]])
0.0, 0.0, 0.0
float3(-0.138755, -0.0676949, -1.52636)
255353.097353958
limited(__ObjC.ARCamera.TrackingState.Reason.initializing)
simd_float4x4([[0.0321488, -0.988745, 0.146095, 0.0)], [0.996678, 0.0426575, 0.0693782, 0.0)], [-0.0748295, 0.143379, 0.986831, 0.0)], [0.0, 0.0, 0.0, 1.0)]])
0.0, 0.0, 0.0
float3(-0.143875, -0.0756832, -1.52768)
255353.197406458
limited(__ObjC.ARCamera.TrackingState.Reason.initializing)
simd_float4x4([[0.0271062, -0.988522, 0.148602, 0.0)], [0.996319, 0.038809, 0.0764296, 0.0)], [-0.0813196, 0.145983, 0.985935, 0.0)], [0.0, 0.0, 0.0, 1.0)]])
0.0, 0.0, 0.0
float3(-0.146507, -0.0822934, -1.53156)
255353.297458958
limited(__ObjC.ARCamera.TrackingState.Reason.initializing)
simd_float4x4([[0.0250925, -0.988873, 0.146604, 0.0)], [0.995913, 0.0374547, 0.0821839, 0.0)], [-0.0867607, 0.143943, 0.985772, 0.0)], [0.0, 0.0, 0.0, 1.0)]])
0.0, 0.0, 0.0
float3(-0.144445, -0.0877867, -1.53294)
255353.397511583
limited(__ObjC.ARCamera.TrackingState.Reason.initializing)
simd_float4x4([[0.0233266, -0.989192, 0.144738, 0.0)], [0.995886, 0.0356717, 0.0832947, 0.0)], [-0.0875577, 0.1422, 0.985954, 0.0)], [0.0, 0.0, 0.0, 1.0)]])
0.0, 0.0, 0.0
float3(-0.142684, -0.0885727, -1.53475)
255353.497564125
limited(__ObjC.ARCamera.TrackingState.Reason.initializing)
simd_float4x4([[0.0212555, -0.989554, 0.142567, 0.0)], [0.995883, 0.0335247, 0.084219, 0.0)], [-0.0881189, 0.140189, 0.986193, 0.0)], [0.0, 0.0, 0.0, 1.0)]])
0.0, 0.0, 0.0
float3(-0.140653, -0.0891159, -1.53693)
255353.597616458
limited(__ObjC.ARCamera.TrackingState.Reason.initializing)
simd_float4x4([[0.0200124, -0.989788, 0.141113, 0.0)], [0.995723, 0.0324643, 0.0864995, 0.0)], [-0.0901975, 0.138779, 0.986205, 0.0)], [0.0, 0.0, 0.0, 1.0)]])
0.0, 0.0, 0.0
float3(-0.139228, -0.0912055, -1.53801)
255353.697668833
limited(__ObjC.ARCamera.TrackingState.Reason.initializing)
simd_float4x4([[0.0192578, -0.989846, 0.140817, 0.0)], [0.99562, 0.031873, 0.0878878, 0.0)], [-0.0914838, 0.138508, 0.986125, 0.0)], [0.0, 0.0, 0.0, 1.0)]])
0.0, 0.0, 0.0
float3(-0.138955, -0.0925063, -1.53861)
255353.7977215
limited(__ObjC.ARCamera.TrackingState.Reason.initializing)
simd_float4x4([[0.0210777, -0.989763, 0.141142, 0.0)], [0.995242, 0.0342043, 0.0912349, 0.0)], [-0.0951287, 0.138547, 0.985775, 0.0)], [0.0, 0.0, 0.0, 1.0)]])
0.0, 0.0, 0.0
float3(-0.138994, -0.0962036, -1.53625)
255353.897773916
limited(__ObjC.ARCamera.TrackingState.Reason.initializing)
simd_float4x4([[0.0244497, -0.989454, 0.14276, 0.0)], [0.994668, 0.038388, 0.0957128, 0.0)], [-0.100184, 0.139658, 0.985118, 0.0)], [0.0, 0.0, 0.0, 1.0)]])
0.0, 0.0, 0.0
float3(-0.140116, -0.101349, -1.53202)
255353.997826458
limited(__ObjC.ARCamera.TrackingState.Reason.initializing)
simd_float4x4([[0.0260338, -0.98921, 0.14416, 0.0)], [0.994165, 0.0407204, 0.0998836, 0.0)], [-0.104676, 0.140719, 0.984499, 0.0)], [0.0, 0.0, 0.0, 1.0)]])
0.0, 0.0, 0.0
float3(-0.141187, -0.105926, -1.52966)
255354.097878875
limited(__ObjC.ARCamera.TrackingState.Reason.initializing)
simd_float4x4([[0.0244307, -0.989419, 0.143005, 0.0)], [0.994116, 0.0391444, 0.100999, 0.0)], [-0.105529, 0.139696, 0.984554, 0.0)], [0.0, 0.0, 0.0, 1.0)]])
0.0, 0.0, 0.0
float3(-0.140155, -0.106777, -1.53125)
255354.197931458
limited(__ObjC.ARCamera.TrackingState.Reason.initializing)
simd_float4x4([[0.0231023, -0.989435, 0.14312, 0.0)], [0.994575, 0.0372692, 0.0971114, 0.0)], [-0.101419, 0.1401, 0.984928, 0.0)], [0.0, 0.0, 0.0, 1.0)]])
0.0, 0.0, 0.0
float3(-0.140563, -0.10261, -1.53315)
255354.297983833
limited(__ObjC.ARCamera.TrackingState.Reason.initializing)
simd_float4x4([[0.020692, -0.989541, 0.142754, 0.0)], [0.995476, 0.0336357, 0.0888633, 0.0)], [-0.0927355, 0.14027, 0.98576, 0.0)], [0.0, 0.0, 0.0, 1.0)]])
0.0, 0.0, 0.0
float3(-0.140734, -0.0937991, -1.53682)
255354.398036416
limited(__ObjC.ARCamera.TrackingState.Reason.initializing)
simd_float4x4([[0.0196546, -0.99001, 0.139608, 0.0)], [0.996192, 0.0312542, 0.0813881, 0.0)], [-0.0849385, 0.137476, 0.986855, 0.0)], [0.0, 0.0, 0.0, 1.0)]])
0.0, 0.0, 0.0
float3(-0.137913, -0.0858583, -1.53924)
255354.498088875
limited(__ObjC.ARCamera.TrackingState.Reason.initializing)
simd_float4x4([[0.0209265, -0.990148, 0.138441, 0.0)], [0.996683, 0.0315537, 0.0750209, 0.0)], [-0.0786501, 0.136412, 0.987523, 0.0)], [0.0, 0.0, 0.0, 1.0)]])
0.0, 0.0, 0.0
float3(-0.136838, -0.0794761, -1.53894)
255354.598141375
limited(__ObjC.ARCamera.TrackingState.Reason.initializing)
simd_float4x4([[0.0224948, -0.990419, 0.136229, 0.0)], [0.99746, 0.031446, 0.0639172, 0.0)], [-0.0675888, 0.134445, 0.988611, 0.0)], [0.0, 0.0, 0.0, 1.0)]])
0.0, 0.0, 0.0
float3(-0.134854, -0.0682612, -1.53906)
255354.698193916
limited(__ObjC.ARCamera.TrackingState.Reason.initializing)
simd_float4x4([[0.0219871, -0.990612, 0.134898, 0.0)], [0.998528, 0.0284517, 0.0461839, 0.0)], [-0.0495885, 0.133684, 0.989779, 0.0)], [0.0, 0.0, 0.0, 1.0)]])
0.0, 0.0, 0.0
float3(-0.134085, -0.0500587, -1.54208)
255354.798246375
limited(__ObjC.ARCamera.TrackingState.Reason.initializing)
simd_float4x4([[0.0212686, -0.990902, 0.132861, 0.0)], [0.999547, 0.023903, 0.0182652, 0.0)], [-0.0212748, 0.132413, 0.990962, 0.0)], [0.0, 0.0, 0.0, 1.0)]])
0.0, 0.0, 0.0
float3(-0.132803, -0.0214655, -1.54668)
255354.89829875
limited(__ObjC.ARCamera.TrackingState.Reason.initializing)
simd_float4x4([[0.022926, -0.991053, 0.131451, 0.0)], [0.999589, 0.0204608, -0.0200745, 0.0)], [0.0172055, 0.131857, 0.991115, 0.0)], [0.0, 0.0, 0.0, 1.0)]])
0.0, 0.0, 0.0
float3(-0.132242, 0.017358, -1.55015)
255354.998351333
limited(__ObjC.ARCamera.TrackingState.Reason.initializing)
simd_float4x4([[0.0279816, -0.991594, 0.126288, 0.0)], [0.997838, 0.0201937, -0.0625346, 0.0)], [0.0594591, 0.127765, 0.990016, 0.0)], [0.0, 0.0, 0.0, 1.0)]])
0.0, 0.0, 0.0
float3(-0.128115, 0.0599867, -1.55043)
255355.09840375
limited(__ObjC.ARCamera.TrackingState.Reason.initializing)
simd_float4x4([[0.0300607, -0.992319, 0.11996, 0.0)], [0.994512, 0.0176614, -0.10312, 0.0)], [0.10021, 0.122402, 0.987404, 0.0)], [0.0, 0.0, 0.0, 1.0)]])
0.0, 0.0, 0.0
float3(-0.12271, 0.101142, -1.553)
255355.198456416
limited(__ObjC.ARCamera.TrackingState.Reason.initializing)
simd_float4x4([[0.0335632, -0.992975, 0.113424, 0.0)], [0.989064, 0.0166931, -0.146538, 0.0)], [0.143616, 0.117102, 0.982676, 0.0)], [0.0, 0.0, 0.0, 1.0)]])
0.0, 0.0, 0.0
float3(-0.117371, 0.145121, -1.55399)
255355.298508791
limited(__ObjC.ARCamera.TrackingState.Reason.initializing)
simd_float4x4([[0.0356172, -0.99312, 0.111506, 0.0)], [0.981424, 0.013713, -0.19136, 0.0)], [0.188516, 0.116251, 0.97516, 0.0)], [0.0, 0.0, 0.0, 1.0)]])
0.0, 0.0, 0.0
float3(-0.116514, 0.190962, -1.55699)
255355.398561375
limited(__ObjC.ARCamera.TrackingState.Reason.initializing)
simd_float4x4([[0.0379572, -0.992869, 0.112965, 0.0)], [0.972287, 0.0105989, -0.233549, 0.0)], [0.230687, 0.1187, 0.965756, 0.0)], [0.0, 0.0, 0.0, 1.0)]])
0.0, 0.0, 0.0
float3(-0.11898, 0.234474, -1.56012)
255355.498613708
limited(__ObjC.ARCamera.TrackingState.Reason.initializing)
simd_float4x4([[0.04345, -0.992685, 0.112604, 0.0)], [0.962191, 0.0112463, -0.272144, 0.0)], [0.268888, 0.120171, 0.95564, 0.0)], [0.0, 0.0, 0.0, 1.0)]])
0.0, 0.0, 0.0
float3(-0.120462, 0.274278, -1.55947)
255355.598666125
limited(__ObjC.ARCamera.TrackingState.Reason.initializing)
simd_float4x4([[0.0411532, -0.992211, 0.117535, 0.0)], [0.94907, 0.00204402, -0.315058, 0.0)], [0.312366, 0.124515, 0.941762, 0.0)], [0.0, 0.0, 0.0, 1.0)]])
0.0, 0.0, 0.0
float3(-0.124839, 0.320264, -1.56874)
255355.698718875
limited(__ObjC.ARCamera.TrackingState.Reason.initializing)
simd_float4x4([[0.0451058, -0.991647, 0.120801, 0.0)], [0.931042, -0.0021016, -0.364905, 0.0)], [0.362113, 0.128931, 0.92317, 0.0)], [0.0, 0.0, 0.0, 1.0)]])
0.0, 0.0, 0.0
float3(-0.129291, 0.373807, -1.57292)
255355.79877125
limited(__ObjC.ARCamera.TrackingState.Reason.initializing)
simd_float4x4([[0.0503225, -0.990666, 0.126647, 0.0)], [0.906313, -0.00797674, -0.422531, 0.0)], [0.419599, 0.136045, 0.897452, 0.0)], [0.0, 0.0, 0.0, 1.0)]])
0.0, 0.0, 0.0
float3(-0.136468, 0.437348, -1.57885)
255355.898823916
limited(__ObjC.ARCamera.TrackingState.Reason.initializing)
simd_float4x4([[0.0566625, -0.990292, 0.126896, 0.0)], [0.876494, -0.011517, -0.481274, 0.0)], [0.478065, 0.138495, 0.867331, 0.0)], [0.0, 0.0, 0.0, 1.0)]])
0.0, 0.0, 0.0
float3(-0.138941, 0.503757, -1.58243)
255355.998876208
limited(__ObjC.ARCamera.TrackingState.Reason.initializing)
simd_float4x4([[0.0666728, -0.990287, 0.12197, 0.0)], [0.841228, -0.00994247, -0.540588, 0.0)], [0.536553, 0.138648, 0.832393, 0.0)], [0.0, 0.0, 0.0, 1.0)]])
0.0, 0.0, 0.0
float3(-0.139096, 0.572563, -1.58084)
255356.098928666
limited(__ObjC.ARCamera.TrackingState.Reason.initializing)
simd_float4x4([[0.0844807, -0.989847, 0.114262, 0.0)], [0.797961, -0.00146595, -0.602706, 0.0)], [0.596757, 0.142095, 0.789734, 0.0)], [0.0, 0.0, 0.0, 1.0)]])
0.0, 0.0, 0.0
float3(-0.142578, 0.647103, -1.57228)
255356.198981291
limited(__ObjC.ARCamera.TrackingState.Reason.initializing)
simd_float4x4([[0.091286, -0.989762, 0.109669, 0.0)], [0.745646, -0.00505614, -0.666321, 0.0)], [0.660057, 0.142602, 0.737549, 0.0)], [0.0, 0.0, 0.0, 1.0)]])
0.0, 0.0, 0.0
float3(-0.143089, 0.730009, -1.5759)
255356.299033791
normal
simd_float4x4([[0.101912, -0.990911, 0.0878065, 0.0)], [0.684558, 0.00581215, -0.728935, 0.0)], [0.721799, 0.134396, 0.678928, 0.0)], [0.00630178, 0.00283656, 1.6056e-06, 1.0)]])
0.00630178, 0.00283656, 1.6056e-06
float3(-0.134804, 0.815995, -1.56493)
255356.399086333
normal
simd_float4x4([[0.112133, -0.991002, 0.0730864, 0.0)], [0.614339, 0.0113274, -0.788961, 0.0)], [0.781034, 0.133369, 0.610081, 0.0)], [0.0112968, 0.00571329, -0.000672497, 1.0)]])
0.0112968, 0.00571329, -0.000672497
float3(-0.133767, 0.907674, -1.55937)
255356.515736666
normal
simd_float4x4([[0.120079, -0.990982, 0.0594568, 0.0)], [0.530784, 0.0134741, -0.8474, 0.0)], [0.838957, 0.133314, 0.527615, 0.0)], [0.023671, 0.00502301, -0.00375218, 1.0)]])
0.023671, 0.00502301, -0.00375218
float3(-0.133712, 1.0094, -1.5572)
255356.632387333
normal
simd_float4x4([[0.122016, -0.99122, 0.0509427, 0.0)], [0.448619, 0.0092941, -0.893675, 0.0)], [0.885355, 0.131896, 0.445814, 0.0)], [0.0446037, 0.0032467, -0.00530374, 1.0)]])
0.0446037, 0.0032467, -0.00530374
float3(-0.132282, 1.10432, -1.56142)
255356.749037833
normal
simd_float4x4([[0.120719, -0.99174, 0.0433546, 0.0)], [0.362686, 0.00340875, -0.931905, 0.0)], [0.924059, 0.128222, 0.360102, 0.0)], [0.0719953, 0.000511229, -0.00258714, 1.0)]])
0.0719953, 0.000511229, -0.00258714
float3(-0.128576, 1.1992, -1.56736)
255356.849046125
normal
simd_float4x4([[0.120212, -0.99195, 0.0398042, 0.0)], [0.290873, -0.00314194, -0.956757, 0.0)], [0.94918, 0.126591, 0.288153, 0.0)], [0.0973257, -0.00147736, 0.00324117, 1.0)]])
0.0973257, -0.00147736, 0.00324117
float3(-0.126932, 1.27606, -1.57396)
255356.949098458
normal
simd_float4x4([[0.122636, -0.991698, 0.0386705, 0.0)], [0.229216, -0.00960868, -0.973328, 0.0)], [0.965619, 0.128229, 0.226135, 0.0)], [0.126475, -0.00260083, 0.00799037, 1.0)]])
0.126475, -0.00260083, 0.00799037
float3(-0.128583, 1.34076, -1.58049)
255357.049151
normal
simd_float4x4([[0.126995, -0.991155, 0.0385108, 0.0)], [0.173746, -0.0159966, -0.984661, 0.0)], [0.976568, 0.131738, 0.170178, 0.0)], [0.154623, -0.00250059, 0.0115224, 1.0)]])
0.154623, -0.00250059, 0.0115224
float3(-0.132122, 1.39827, -1.58693)
255357.149203416
normal
simd_float4x4([[0.120654, -0.992195, 0.0314941, 0.0)], [0.130896, -0.0155475, -0.991274, 0.0)], [0.984027, 0.123723, 0.127999, 0.0)], [0.185678, 0.000766081, 0.0164949, 1.0)]])
0.185678, 0.000766081, 0.0164949
float3(-0.124041, 1.44145, -1.58646)
255357.249256083
normal
simd_float4x4([[0.117283, -0.992596, 0.0316025, 0.0)], [0.0974433, -0.0201665, -0.995037, 0.0)], [0.988306, 0.11978, 0.0943566, 0.0)], [0.217701, 0.00194821, 0.0195496, 1.0)]])
0.217701, 0.00194821, 0.0195496
float3(-0.120069, 1.47561, -1.59111)
255357.349308541
normal
simd_float4x4([[0.110892, -0.993304, 0.032414, 0.0)], [0.064055, -0.0254039, -0.997623, 0.0)], [0.991766, 0.112704, 0.060809, 0.0)], [0.252217, 0.00325252, 0.0248329, 1.0)]])
0.252217, 0.00325252, 0.0248329
float3(-0.112944, 1.50956, -1.59637)
255357.449360875
normal
simd_float4x4([[0.109997, -0.993341, 0.0342538, 0.0)], [0.0309082, -0.0310278, -0.999041, 0.0)], [0.993451, 0.110951, 0.0272894, 0.0)], [0.287715, 0.00702385, 0.0332948, 1.0)]])
0.287715, 0.00702385, 0.0332948
float3(-0.11118, 1.54333, -1.60202)
255357.549413458
normal
simd_float4x4([[0.109672, -0.993093, 0.0417003, 0.0)], [-0.00639181, -0.0426572, -0.999069, 0.0)], [0.993947, 0.109304, -0.011026, 0.0)], [0.322804, 0.0118947, 0.0413963, 1.0)]])
0.322804, 0.0118947, 0.0413963
float3(-0.109522, 1.58189, -1.61372)
255357.649465958
normal
simd_float4x4([[0.105781, -0.993866, 0.0322669, 0.0)], [-0.0338872, -0.0360331, -0.998776, 0.0)], [0.993812, 0.104558, -0.037491, 0.0)], [0.355206, 0.0163655, 0.0527111, 1.0)]])
0.355206, 0.0163655, 0.0527111
float3(-0.10475, 1.6085, -1.60704)
255357.749518625
normal
simd_float4x4([[0.105715, -0.993826, 0.0336768, 0.0)], [-0.0595679, -0.0401348, -0.997417, 0.0)], [0.992611, 0.103436, -0.063443, 0.0)], [0.383712, 0.01792, 0.0599836, 1.0)]])
0.383712, 0.01792, 0.0599836
float3(-0.103622, 1.63462, -1.61116)
255357.849570916
normal
simd_float4x4([[0.101097, -0.994467, 0.0285379, 0.0)], [-0.0789347, -0.0366123, -0.996207, 0.0)], [0.99174, 0.0984611, -0.0821994, 0.0)], [0.422107, 0.0197795, 0.0729381, 1.0)]])
0.422107, 0.0197795, 0.0729381
float3(-0.0986209, 1.65349, -1.6076)
255357.949623541
normal
simd_float4x4([[0.0957239, -0.995023, 0.0276616, 0.0)], [-0.101441, -0.037396, -0.994138, 0.0)], [0.990225, 0.0923567, -0.104516, 0.0)], [0.455927, 0.0184496, 0.08226, 1.0)]])
0.455927, 0.0184496, 0.08226
float3(-0.0924885, 1.67596, -1.60836)
255358.049676
normal
simd_float4x4([[0.0960313, -0.995118, 0.0227607, 0.0)], [-0.127155, -0.0349434, -0.991267, 0.0)], [0.987223, 0.0922985, -0.12989, 0.0)], [0.490758, 0.016511, 0.0879862, 1.0)]])
0.490758, 0.016511, 0.0879862
float3(-0.0924301, 1.70162, -1.6059)
255358.149728416
normal
simd_float4x4([[0.0921323, -0.995635, 0.0149412, 0.0)], [-0.147957, -0.0285267, -0.988582, 0.0)], [0.984693, 0.0888697, -0.149939, 0.0)], [0.531658, 0.0148175, 0.0942447, 1.0)]])
0.531658, 0.0148175, 0.0942447
float3(-0.0889871, 1.72191, -1.59944)
255358.249780875
normal
simd_float4x4([[0.0889603, -0.996011, 0.00688962, 0.0)], [-0.165396, -0.0215929, -0.985991, 0.0)], [0.982207, 0.0865745, -0.166657, 0.0)], [0.566612, 0.0128952, 0.0950891, 1.0)]])
0.566612, 0.0128952, 0.0950891
float3(-0.086683, 1.73887, -1.59247)
255358.349833458
normal
simd_float4x4([[0.0853828, -0.996347, 0.00166783, 0.0)], [-0.173876, -0.0165487, -0.984629, 0.0)], [0.981059, 0.0837804, -0.174654, 0.0)], [0.613594, 0.0126994, 0.0961548, 1.0)]])
0.613594, 0.0126994, 0.0961548
float3(-0.0838787, 1.74698, -1.5874)
255358.449885958
normal
simd_float4x4([[0.0811427, -0.996697, -0.00341891, 0.0)], [-0.175776, -0.0109336, -0.98437, 0.0)], [0.98108, 0.0804754, -0.176083, 0.0)], [0.660003, 0.0120792, 0.0891127, 1.0)]])
0.660003, 0.0120792, 0.0891127
float3(-0.0805625, 1.74838, -1.58177)
255358.549938416
normal
simd_float4x4([[0.0931454, -0.995277, -0.0273352, 0.0)], [-0.216015, 0.00659948, -0.976368, 0.0)], [0.971937, 0.096849, -0.214381, 0.0)], [0.548465, 0.0168325, 0.0978414, 1.0)]])
0.548465, 0.0168325, 0.0978414
float3(-0.097001, 1.78789, -1.56417)
255358.649991
normal
simd_float4x4([[0.0946387, -0.994697, -0.0402746, 0.0)], [-0.226012, 0.0179314, -0.973959, 0.0)], [0.969516, 0.101277, -0.223117, 0.0)], [0.56431, 0.0165847, 0.10052, 1.0)]])
0.56431, 0.0165847, 0.10052
float3(-0.101451, 1.79699, -1.55277)
255358.750043541
normal
simd_float4x4([[0.102485, -0.993615, -0.0471805, 0.0)], [-0.2229, 0.0232852, -0.974563, 0.0)], [0.969439, 0.110394, -0.21909, 0.0)], [0.571722, 0.0135414, 0.0933878, 1.0)]])
0.571722, 0.0135414, 0.0933878
float3(-0.11062, 1.79306, -1.54737)
255358.850095833
normal
simd_float4x4([[0.113596, -0.992436, -0.0465456, 0.0)], [-0.21213, 0.021541, -0.977004, 0.0)], [0.970617, 0.120858, -0.208078, 0.0)], [0.556416, 0.00908838, 0.0832036, 1.0)]])
0.556416, 0.00908838, 0.0832036
float3(-0.121154, 1.78198, -1.54909)
255358.950148458
normal
simd_float4x4([[0.127423, -0.991028, -0.0403444, 0.0)], [-0.200142, 0.0141482, -0.979665, 0.0)], [0.971446, 0.132906, -0.196544, 0.0)], [0.52496, 0.00282323, 0.0733516, 1.0)]])
0.52496, 0.00282323, 0.0733516
float3(-0.133301, 1.77042, -1.55652)
255359.050200791
normal
simd_float4x4([[0.140663, -0.989604, -0.0299588, 0.0)], [-0.186608, 0.00321691, -0.982429, 0.0)], [0.972312, 0.143782, -0.184216, 0.0)], [0.484578, -0.00528747, 0.0588239, 1.0)]])
0.484578, -0.00528747, 0.0588239
float3(-0.144282, 1.75804, -1.56755)
255359.1502535
normal
simd_float4x4([[0.146045, -0.989128, -0.0171994, 0.0)], [-0.178597, -0.00926181, -0.983879, 0.0)], [0.973023, 0.146762, -0.178008, 0.0)], [0.415067, -0.0459176, 0.0596663, 1.0)]])
0.415067, -0.0459176, 0.0596663
float3(-0.147294, 1.75174, -1.58016)
255359.25030575
normal
simd_float4x4([[0.149713, -0.988495, -0.0215153, 0.0)], [-0.175488, -0.00515099, -0.984468, 0.0)], [0.973031, 0.151163, -0.174241, 0.0)], [0.35616, -0.0444642, 0.043426, 1.0)]])
0.35616, -0.0444642, 0.043426
float3(-0.151745, 1.74799, -1.57601)
255359.350358291
normal
simd_float4x4([[0.155918, -0.987375, -0.0279421, 0.0)], [-0.175301, 0.000179081, -0.984515, 0.0)], [0.97209, 0.158402, -0.17306, 0.0)], [0.295793, -0.0396576, 0.0212096, 1.0)]])
0.295793, -0.0396576, 0.0212096
float3(-0.159072, 1.74698, -1.57061)
255359.45041075
normal
simd_float4x4([[0.135832, -0.990382, -0.026327, 0.0)], [-0.166686, 0.0033494, -0.986004, 0.0)], [0.976609, 0.13832, -0.164628, 0.0)], [0.244014, -0.0311386, -0.00438851, 1.0)]])
0.244014, -0.0311386, -0.00438851
float3(-0.138764, 1.7378, -1.56741)
255359.550463291
normal
simd_float4x4([[0.113716, -0.992703, -0.0401053, 0.0)], [-0.146767, 0.0231392, -0.9889, 0.0)], [0.982613, 0.11834, -0.143065, 0.0)], [0.195699, -0.0258301, -0.0259036, 1.0)]])
0.195699, -0.0258301, -0.0259036
float3(-0.118618, 1.71538, -1.54749)
255359.650515916
normal
simd_float4x4([[0.121517, -0.991935, -0.0360263, 0.0)], [-0.12605, 0.0205799, -0.99181, 0.0)], [0.984553, 0.125063, -0.122533, 0.0)], [0.143722, -0.0258557, -0.0458495, 1.0)]])
0.143722, -0.0258557, -0.0458495
float3(-0.125391, 1.69462, -1.55005)
255359.750568166
normal
simd_float4x4([[0.133517, -0.990666, -0.0274422, 0.0)], [-0.116109, 0.0118629, -0.993165, 0.0)], [0.984221, 0.135791, -0.113441, 0.0)], [0.0891008, -0.0269077, -0.0612986, 1.0)]])
0.0891008, -0.0269077, -0.0612986
float3(-0.136212, 1.68555, -1.55882)
255359.850620916
normal
simd_float4x4([[0.141276, -0.989698, -0.0232313, 0.0)], [-0.108289, 0.00787644, -0.994088, 0.0)], [0.98403, 0.142956, -0.106061, 0.0)], [0.0312015, -0.0315019, -0.0706044, 1.0)]])
0.0312015, -0.0315019, -0.0706044
float3(-0.143448, 1.67816, -1.56284)
255359.950673333
normal
simd_float4x4([[0.159215, -0.987103, -0.0166608, 0.0)], [-0.111556, -0.00122032, -0.993757, 0.0)], [0.980921, 0.16008, -0.110312, 0.0)], [-0.0376772, -0.0402675, -0.075785, 1.0)]])
-0.0376772, -0.0402675, -0.075785
float3(-0.160771, 1.68278, -1.57203)
255360.05072575
normal
simd_float4x4([[0.169348, -0.985325, -0.0213375, 0.0)], [-0.119619, 0.000940828, -0.992819, 0.0)], [0.97827, 0.170684, -0.117705, 0.0)], [-0.113912, -0.0499367, -0.0699074, 1.0)]])
-0.113912, -0.0499367, -0.0699074
float3(-0.171524, 1.69054, -1.56984)
255360.150778333
normal
simd_float4x4([[0.158182, -0.98693, -0.0307861, 0.0)], [-0.142379, 0.00805491, -0.989779, 0.0)], [0.977091, 0.160949, -0.139244, 0.0)], [-0.200287, -0.0591949, -0.0588917, 1.0)]])
-0.200287, -0.0591949, -0.0588917
float3(-0.161652, 1.71235, -1.56263)
255360.25083075
normal
simd_float4x4([[0.142034, -0.988984, -0.0416664, 0.0)], [-0.156597, 0.0191131, -0.987478, 0.0)], [0.977396, 0.14678, -0.152157, 0.0)], [-0.29499, -0.0640771, -0.0437543, 1.0)]])
-0.29499, -0.0640771, -0.0437543
float3(-0.147312, 1.72523, -1.55147)
255360.350883208
normal
simd_float4x4([[0.12972, -0.991216, -0.0257602, 0.0)], [-0.160429, 0.00465636, -0.987036, 0.0)], [0.978486, 0.132171, -0.158415, 0.0)], [-0.383803, -0.0653055, -0.0295059, 1.0)]])
-0.383803, -0.0653055, -0.0295059
float3(-0.132559, 1.7313, -1.5661)
255360.450935625
normal
simd_float4x4([[0.124907, -0.992038, -0.0161033, 0.0)], [-0.166378, -0.00494247, -0.98605, 0.0)], [0.978119, 0.125844, -0.16567, 0.0)], [-0.466507, -0.0573401, -0.0146039, 1.0)]])
-0.466507, -0.0573401, -0.0146039
float3(-0.126178, 1.73858, -1.57578)
255360.550988041
normal
simd_float4x4([[0.119719, -0.992586, -0.0210024, 0.0)], [-0.162242, 0.00131038, -0.98675, 0.0)], [0.979461, 0.121541, -0.160882, 0.0)], [-0.539186, -0.048374, 0.000107002, 1.0)]])
-0.539186, -0.048374, 0.000107002
float3(-0.121842, 1.7336, -1.56948)
255360.651040666
normal
simd_float4x4([[0.113216, -0.993533, -0.00857653, 0.0)], [-0.175653, -0.0115187, -0.984385, 0.0)], [0.97792, 0.112955, -0.175821, 0.0)], [-0.619064, -0.0464514, 0.0116218, 1.0)]])
-0.619064, -0.0464514, 0.0116218
float3(-0.113196, 1.74869, -1.58239)
255360.751093166
normal
simd_float4x4([[0.102319, -0.994749, -0.00210727, 0.0)], [-0.190881, -0.0175549, -0.981456, 0.0)], [0.976266, 0.100824, -0.191675, 0.0)], [-0.702076, -0.0523059, 0.0250074, 1.0)]])
-0.702076, -0.0523059, 0.0250074
float3(-0.100996, 1.76467, -1.58844)
255360.851145708
normal
simd_float4x4([[0.0905977, -0.995885, 0.00221618, 0.0)], [-0.210315, -0.0213078, -0.977401, 0.0)], [0.973427, 0.0880842, -0.21138, 0.0)], [-0.792649, -0.0649043, 0.0356285, 1.0)]])
-0.792649, -0.0649043, 0.0356285
float3(-0.0881985, 1.78463, -1.59219)
255360.951198125
normal
simd_float4x4([[0.0877519, -0.996134, -0.00404922, 0.0)], [-0.231843, -0.01647, -0.972614, 0.0)], [0.968787, 0.0862875, -0.232392, 0.0)], [-0.89333, -0.0724145, 0.0436, 1.0)]])
-0.89333, -0.0724145, 0.0436
float3(-0.0863949, 1.80623, -1.58733)
255361.05125075
normal
simd_float4x4([[0.097238, -0.995257, -0.00292977, 0.0)], [-0.240491, -0.0206396, -0.970432, 0.0)], [0.965768, 0.0950674, -0.241357, 0.0)], [-0.997623, -0.0665941, 0.0502173, 1.0)]])
-0.997623, -0.0665941, 0.0502173
float3(-0.0952112, 1.81569, -1.59153)
255361.151303125
normal
simd_float4x4([[0.0753787, -0.99714, -0.005433, 0.0)], [-0.251355, -0.013728, -0.967798, 0.0)], [0.964955, 0.074317, -0.251671, 0.0)], [-1.0907, -0.0581415, 0.0624264, 1.0)]])
-1.0907, -0.0581415, 0.0624264
float3(-0.0743856, 1.82592, -1.58456)
255361.251355458
normal
simd_float4x4([[0.101309, -0.994363, -0.0312916, 0.0)], [-0.276545, 0.00206645, -0.960999, 0.0)], [0.955646, 0.106011, -0.274776, 0.0)], [-1.18899, -0.0534858, 0.0798336, 1.0)]])
-1.18899, -0.0534858, 0.0798336
float3(-0.106211, 1.85077, -1.56872)
255361.351408041
normal
simd_float4x4([[0.0998286, -0.993418, -0.0561739, 0.0)], [-0.291653, 0.0247613, -0.956203, 0.0)], [0.9513, 0.11184, -0.287262, 0.0)], [-1.28106, -0.0517572, 0.0995836, 1.0)]])
-1.28106, -0.0517572, 0.0995836
float3(-0.112074, 1.86406, -1.54588)
255361.4514605
normal
simd_float4x4([[0.0940199, -0.993125, -0.0697396, 0.0)], [-0.299521, 0.0385878, -0.953309, 0.0)], [0.949446, 0.110519, -0.293833, 0.0)], [-1.37753, -0.0600723, 0.123415, 1.0)]])
-1.37753, -0.0600723, 0.123415
float3(-0.110745, 1.87093, -1.53196)
255361.551513125
normal
simd_float4x4([[0.0909117, -0.993936, -0.0618588, 0.0)], [-0.302339, 0.0316369, -0.952675, 0.0)], [0.948855, 0.105312, -0.29763, 0.0)], [-1.47721, -0.0710239, 0.151446, 1.0)]])
-1.47721, -0.0710239, 0.151446
float3(-0.105507, 1.87475, -1.53898)
255361.6515655
normal
simd_float4x4([[0.076123, -0.995831, -0.0502641, 0.0)], [-0.273225, 0.0276481, -0.961553, 0.0)], [0.958933, 0.0869297, -0.269982, 0.0)], [-1.56994, -0.075613, 0.184343, 1.0)]])
-1.56994, -0.075613, 0.184343
float3(-0.0870396, 1.84524, -1.54304)
255361.751617958
normal
simd_float4x4([[0.0759552, -0.996562, -0.0330997, 0.0)], [-0.257948, 0.0124272, -0.966079, 0.0)], [0.963169, 0.0819168, -0.256117, 0.0)], [-1.66149, -0.0696592, 0.21259, 1.0)]])
-1.66149, -0.0696592, 0.21259
float3(-0.0820087, 1.83069, -1.55833)
255361.851670458
normal
simd_float4x4([[0.0810093, -0.995824, -0.042084, 0.0)], [-0.252806, 0.0203131, -0.967304, 0.0)], [0.964119, 0.0889997, -0.250105, 0.0)], [-1.74764, -0.0588609, 0.240861, 1.0)]])
-1.74764, -0.0588609, 0.240861
float3(-0.0891176, 1.82461, -1.5504)
255361.951722958
normal
simd_float4x4([[0.096373, -0.995151, -0.0196464, 0.0)], [-0.240568, -0.00413499, -0.970624, 0.0)], [0.965836, 0.0982682, -0.2398, 0.0)], [-1.83173, -0.0556854, 0.259471, 1.0)]])
-1.83173, -0.0556854, 0.259471
float3(-0.098427, 1.81416, -1.57495)
255362.051775541
normal
simd_float4x4([[0.101723, -0.994779, -0.00826423, 0.0)], [-0.241747, -0.0166602, -0.970196, 0.0)], [0.964993, 0.100689, -0.24218, 0.0)], [-1.92122, -0.0611393, 0.279873, 1.0)]])
-1.92122, -0.0611393, 0.279873
float3(-0.10086, 1.81668, -1.58754)
255362.151827958
normal
simd_float4x4([[0.101324, -0.994811, -0.00917316, 0.0)], [-0.25219, -0.0167645, -0.967532, 0.0)], [0.962358, 0.100347, -0.25258, 0.0)], [-2.01711, -0.0751598, 0.300478, 1.0)]])
-2.01711, -0.0751598, 0.300478
float3(-0.100516, 1.82747, -1.58765)
255362.251880583
normal
simd_float4x4([[0.0952331, -0.995358, -0.013922, 0.0)], [-0.263215, -0.011691, -0.964666, 0.0)], [0.960025, 0.0955327, -0.263107, 0.0)], [-2.10894, -0.0808556, 0.315699, 1.0)]])
-2.10894, -0.0808556, 0.315699
float3(-0.0956786, 1.83829, -1.58254)
255362.351932916
normal
simd_float4x4([[0.100017, -0.994778, -0.0203113, 0.0)], [-0.27578, -0.00810209, -0.961187, 0.0)], [0.956003, 0.101737, -0.275151, 0.0)], [-2.20119, -0.0722303, 0.328564, 1.0)]])
-2.20119, -0.0722303, 0.328564
float3(-0.101913, 1.85104, -1.57894)
255362.451985375
normal
simd_float4x4([[0.0652226, -0.997751, -0.0154391, 0.0)], [-0.277124, -0.00324776, -0.960829, 0.0)], [0.958618, 0.0669463, -0.276713, 0.0)], [-2.27585, -0.0624932, 0.341023, 1.0)]])
-2.27585, -0.0624932, 0.341023
float3(-0.0669964, 1.85182, -1.57405)
255362.552037916
normal
simd_float4x4([[0.0779816, -0.996455, -0.031575, 0.0)], [-0.284039, 0.00815249, -0.958778, 0.0)], [0.955636, 0.0837356, -0.282397, 0.0)], [-2.36083, -0.0580902, 0.361147, 1.0)]])
-2.36083, -0.0580902, 0.361147
float3(-0.0838338, 1.85813, -1.56262)
255362.652090416
normal
simd_float4x4([[0.077346, -0.99492, -0.0644414, 0.0)], [-0.288703, 0.0395155, -0.956603, 0.0)], [0.954289, 0.0925938, -0.28418, 0.0)], [-2.4441, -0.0616543, 0.388854, 1.0)]])
-2.4441, -0.0616543, 0.388854
float3(-0.0927267, 1.86023, -1.5311)
255362.752142916
normal
simd_float4x4([[0.0797118, -0.992987, -0.0873085, 0.0)], [-0.294038, 0.0602673, -0.953892, 0.0)], [0.952464, 0.101708, -0.287172, 0.0)], [-2.53225, -0.0738686, 0.419447, 1.0)]])
-2.53225, -0.0738686, 0.419447
float3(-0.101885, 1.86363, -1.51018)
255362.852195333
normal
simd_float4x4([[0.080506, -0.993347, -0.0823457, 0.0)], [-0.298873, 0.0547557, -0.952721, 0.0)], [0.950891, 0.101311, -0.292476, 0.0)], [-2.63739, -0.0859321, 0.449862, 1.0)]])
-2.63739, -0.0859321, 0.449862
float3(-0.101485, 1.86919, -1.51573)
255362.952247875
normal
simd_float4x4([[0.0870171, -0.994172, -0.0636411, 0.0)], [-0.275169, 0.0374117, -0.960668, 0.0)], [0.95745, 0.101107, -0.270309, 0.0)], [-2.73584, -0.0868274, 0.479321, 1.0)]])
-2.73584, -0.0868274, 0.479321
float3(-0.10128, 1.84596, -1.53318)
255363.05230025
normal
simd_float4x4([[0.066778, -0.996842, -0.0429679, 0.0)], [-0.252087, 0.024811, -0.967386, 0.0)], [0.965398, 0.0754318, -0.249635, 0.0)], [-2.82849, -0.0735518, 0.507764, 1.0)]])
-2.82849, -0.0735518, 0.507764
float3(-0.0755035, 1.82384, -1.54591)
255363.152352708
normal
simd_float4x4([[0.0825843, -0.995615, -0.0439442, 0.0)], [-0.246703, 0.0222987, -0.968835, 0.0)], [0.965566, 0.0908516, -0.24378, 0.0)], [-2.92477, -0.0628724, 0.528143, 1.0)]])
-2.92477, -0.0628724, 0.528143
float3(-0.0909771, 1.8181, -1.5484)
255363.252405333
normal
simd_float4x4([[0.0879497, -0.995948, -0.0187655, 0.0)], [-0.226286, -0.00162975, -0.974059, 0.0)], [0.970082, 0.0899146, -0.225513, 0.0)], [-3.01115, -0.0627685, 0.538479, 1.0)]])
-3.01115, -0.0627685, 0.538479
float3(-0.0900363, 1.79921, -1.57243)
255363.352457708
normal
simd_float4x4([[0.0899686, -0.995782, -0.0180029, 0.0)], [-0.216674, -0.0019268, -0.976242, 0.0)], [0.972089, 0.0917319, -0.215934, 0.0)], [-3.10715, -0.0693498, 0.555962, 1.0)]])
-3.10715, -0.0693498, 0.555962
float3(-0.091861, 1.78938, -1.57273)
255363.452510333
normal
simd_float4x4([[0.0767034, -0.996889, -0.0181477, 0.0)], [-0.223679, 0.000532573, -0.974663, 0.0)], [0.97164, 0.0788192, -0.222942, 0.0)], [-3.2049, -0.0855103, 0.571189, 1.0)]])
-3.2049, -0.0855103, 0.571189
float3(-0.078901, 1.79634, -1.57026)
255363.552562791
normal
simd_float4x4([[0.0745594, -0.996746, -0.0306453, 0.0)], [-0.232523, 0.0125068, -0.97251, 0.0)], [0.969729, 0.0796355, -0.230834, 0.0)], [-3.30125, -0.0873717, 0.586756, 1.0)]])
-3.30125, -0.0873717, 0.586756
float3(-0.0797199, 1.80449, -1.55825)
255363.652615083
normal
simd_float4x4([[0.0541755, -0.998148, -0.027686, 0.0)], [-0.245461, 0.0135634, -0.969311, 0.0)], [0.967891, 0.0593088, -0.244272, 0.0)], [-3.38812, -0.0763146, 0.598229, 1.0)]])
-3.38812, -0.0763146, 0.598229
float3(-0.0593436, 1.81801, -1.55721)
255363.752667666
normal
simd_float4x4([[0.0754746, -0.99658, -0.0336473, 0.0)], [-0.25336, 0.0134701, -0.967278, 0.0)], [0.964423, 0.0815298, -0.251477, 0.0)], [-3.47129, -0.0716884, 0.61308, 1.0)]])
-3.47129, -0.0716884, 0.61308
float3(-0.0816204, 1.82587, -1.55728)
255363.852720166
normal
simd_float4x4([[0.0798299, -0.995691, -0.0471885, 0.0)], [-0.272059, 0.0237787, -0.961987, 0.0)], [0.958963, 0.0896334, -0.268989, 0.0)], [-3.55667, -0.0701288, 0.630123, 1.0)]])
-3.55667, -0.0701288, 0.630123
float3(-0.0897538, 1.84427, -1.54692)
255363.952772666
normal
simd_float4x4([[0.0778392, -0.994096, -0.0755979, 0.0)], [-0.277036, 0.0512739, -0.959491, 0.0)], [0.957702, 0.0956293, -0.271409, 0.0)], [-3.64541, -0.0777883, 0.657209, 1.0)]])
-3.64541, -0.0777883, 0.657209
float3(-0.0957757, 1.84695, -1.51926)
255364.052825041
normal
simd_float4x4([[0.0691591, -0.993944, -0.085391, 0.0)], [-0.271609, 0.0636022, -0.960304, 0.0)], [0.959919, 0.0896067, -0.265566, 0.0)], [-3.73381, -0.0864142, 0.691933, 1.0)]])
-3.73381, -0.0864142, 0.691933
float3(-0.0897271, 1.8407, -1.50689)
255364.152877625
normal
simd_float4x4([[0.0513874, -0.995343, -0.0815592, 0.0)], [-0.23423, 0.067377, -0.969844, 0.0)], [0.970822, 0.0689414, -0.229677, 0.0)], [-3.81948, -0.0897612, 0.72538, 1.0)]])
-3.81948, -0.0897612, 0.72538
float3(-0.0689961, 1.8031, -1.50321)
255364.252930125
normal
simd_float4x4([[0.0711334, -0.996103, -0.05215, 0.0)], [-0.202172, 0.0367993, -0.978658, 0.0)], [0.976763, 0.0801586, -0.198766, 0.0)], [-3.91168, -0.0875114, 0.748266, 1.0)]])
-3.91168, -0.0875114, 0.748266
float3(-0.0802447, 1.77155, -1.53387)
255364.352982375
normal
simd_float4x4([[0.0829835, -0.995668, -0.0419431, 0.0)], [-0.210487, 0.0236269, -0.977311, 0.0)], [0.974068, 0.0899292, -0.207614, 0.0)], [-4.00108, -0.0830173, 0.772961, 1.0)]])
-4.00108, -0.0830173, 0.772961
float3(-0.0900508, 1.7808, -1.54707)
255364.453035041
normal
simd_float4x4([[0.0952454, -0.994817, -0.0355927, 0.0)], [-0.198167, 0.016091, -0.980036, 0.0)], [0.97553, 0.100397, -0.195607, 0.0)], [-4.08155, -0.0821304, 0.797438, 1.0)]])
-4.08155, -0.0821304, 0.797438
float3(-0.100567, 1.76869, -1.55462)
255364.553087458
normal
simd_float4x4([[0.0942514, -0.995293, -0.0225578, 0.0)], [-0.205486, 0.00272184, -0.978656, 0.0)], [0.974111, 0.0968751, -0.204262, 0.0)], [-4.16928, -0.0892705, 0.8184, 1.0)]])
-4.16928, -0.0892705, 0.8184
float3(-0.0970272, 1.77749, -1.56806)
255364.653139958
normal
simd_float4x4([[0.0818814, -0.996512, -0.0161105, 0.0)], [-0.219945, -0.00230149, -0.97551, 0.0)], [0.97207, 0.0834195, -0.219366, 0.0)], [-4.26165, -0.0994969, 0.836663, 1.0)]])
-4.26165, -0.0994969, 0.836663
float3(-0.0835165, 1.79275, -1.57311)
255364.753192416
normal
simd_float4x4([[0.0733977, -0.996585, -0.0378204, 0.0)], [-0.233076, 0.0197314, -0.972258, 0.0)], [0.969685, 0.0801765, -0.230832, 0.0)], [-4.35975, -0.104539, 0.857158, 1.0)]])
-4.35975, -0.104539, 0.857158
float3(-0.0802627, 1.8045, -1.551)
255364.853244958
normal
simd_float4x4([[0.102378, -0.991916, -0.0749801, 0.0)], [-0.252669, 0.0469737, -0.966412, 0.0)], [0.962121, 0.117884, -0.245817, 0.0)], [-4.46295, -0.0924491, 0.876389, 1.0)]])
-4.46295, -0.0924491, 0.876389
float3(-0.118159, 1.82094, -1.52348)
255364.953297458
normal
simd_float4x4([[0.0798454, -0.994423, -0.0688968, 0.0)], [-0.257466, 0.0461982, -0.965182, 0.0)], [0.962983, 0.094804, -0.252341, 0.0)], [-4.54568, -0.079414, 0.891457, 1.0)]])
-4.54568, -0.079414, 0.891457
float3(-0.0949465, 1.82708, -1.52437)
255365.053349791
normal
simd_float4x4([[0.0731404, -0.994469, -0.0753819, 0.0)], [-0.268801, 0.0531306, -0.961729, 0.0)], [0.960415, 0.090604, -0.263428, 0.0)], [-4.62637, -0.0697734, 0.908396, 1.0)]])
-4.62637, -0.0697734, 0.908396
float3(-0.0907284, 1.8385, -1.51742)
255365.153402375
normal
simd_float4x4([[0.0681389, -0.994029, -0.0852263, 0.0)], [-0.275211, 0.0633828, -0.959292, 0.0)], [0.958966, 0.0888204, -0.269249, 0.0)], [-4.71474, -0.0757493, 0.927191, 1.0)]])
-4.71474, -0.0757493, 0.927191
float3(-0.0889376, 1.84452, -1.50712)
255365.253454875
normal
simd_float4x4([[0.0504721, -0.995329, -0.0823021, 0.0)], [-0.278311, 0.0651257, -0.958281, 0.0)], [0.959164, 0.0712721, -0.273724, 0.0)], [-4.80025, -0.0810963, 0.952507, 1.0)]])
-4.80025, -0.0810963, 0.952507
float3(-0.0713326, 1.84879, -1.50546)
255365.353507375
normal
simd_float4x4([[0.0362187, -0.996658, -0.0732199, 0.0)], [-0.27164, 0.0606909, -0.960483, 0.0)], [0.961717, 0.0546769, -0.268534, 0.0)], [-4.89448, -0.0860655, 0.98, 1.0)]])
-4.89448, -0.0860655, 0.98
float3(-0.0547042, 1.84308, -1.50998)
255365.453559833
normal
simd_float4x4([[0.0686864, -0.995933, -0.0583137, 0.0)], [-0.246528, 0.0396948, -0.968322, 0.0)], [0.966698, 0.0808865, -0.242799, 0.0)], [-4.99293, -0.0851339, 1.00804, 1.0)]])
-4.99293, -0.0851339, 1.00804
float3(-0.080975, 1.81687, -1.53096)
255365.553612166
normal
simd_float4x4([[0.0542689, -0.998119, -0.0285087, 0.0)], [-0.235618, 0.0149441, -0.971731, 0.0)], [0.970329, 0.0594519, -0.234364, 0.0)], [-5.07993, -0.0821987, 1.03193, 1.0)]])
-5.07993, -0.0821987, 1.03193
float3(-0.059487, 1.80779, -1.55583)
255365.653664791
normal
simd_float4x4([[0.0956085, -0.994308, -0.0470136, 0.0)], [-0.21731, 0.0252417, -0.975776, 0.0)], [0.971409, 0.103509, -0.213659, 0.0)], [-5.17345, -0.0785452, 1.05657, 1.0)]])
-5.17345, -0.0785452, 1.05657
float3(-0.103695, 1.7873, -1.54542)
255365.753717166
normal
simd_float4x4([[0.0935944, -0.995241, -0.0271179, 0.0)], [-0.215594, 0.00633134, -0.976462, 0.0)], [0.971987, 0.0972379, -0.213976, 0.0)], [-5.26802, -0.0882399, 1.07093, 1.0)]])
-5.26802, -0.0882399, 1.07093
float3(-0.0973918, 1.78748, -1.56443)
255365.853769708
normal
simd_float4x4([[0.0791757, -0.996433, -0.029198, 0.0)], [-0.233356, 0.0099497, -0.97234, 0.0)], [0.969163, 0.0837992, -0.231736, 0.0)], [-5.34831, -0.0965121, 1.0838, 1.0)]])
-5.34831, -0.0965121, 1.0838
float3(-0.0838976, 1.8055, -1.56081)
255365.953822083
normal
simd_float4x4([[0.080303, -0.995687, -0.0464665, 0.0)], [-0.255976, 0.0244538, -0.966374, 0.0)], [0.963342, 0.089497, -0.252908, 0.0)], [-5.43799, -0.0980954, 1.09797, 1.0)]])
-5.43799, -0.0980954, 1.09797
float3(-0.0896169, 1.82753, -1.54624)
255366.05387475
normal
simd_float4x4([[0.101199, -0.993286, -0.0560454, 0.0)], [-0.269879, 0.0268134, -0.962521, 0.0)], [0.957561, 0.112531, -0.265354, 0.0)], [-5.52602, -0.0859797, 1.10427, 1.0)]])
-5.52602, -0.0859797, 1.10427
float3(-0.11277, 1.84113, -1.54381)
255366.153927041
normal
simd_float4x4([[0.0850821, -0.99543, -0.0433527, 0.0)], [-0.273305, 0.0185258, -0.961749, 0.0)], [0.958157, 0.0936761, -0.27048, 0.0)], [-5.59709, -0.0767792, 1.11199, 1.0)]])
-5.59709, -0.0767792, 1.11199
float3(-0.0938136, 1.84593, -1.55219)
255366.253979625
normal
simd_float4x4([[0.0934319, -0.994247, -0.0523746, 0.0)], [-0.279871, 0.0242562, -0.959731, 0.0)], [0.95548, 0.104328, -0.275995, 0.0)], [-5.67735, -0.073849, 1.12904, 1.0)]])
-5.67735, -0.073849, 1.12904
float3(-0.104518, 1.852, -1.5464)
255366.354032
normal
simd_float4x4([[0.0934316, -0.99237, -0.080452, 0.0)], [-0.280694, 0.0512729, -0.958427, 0.0)], [0.955239, 0.11213, -0.273761, 0.0)], [-5.7659, -0.0783145, 1.15396, 1.0)]])
-5.7659, -0.0783145, 1.15396
float3(-0.112366, 1.8499, -1.51918)
255366.454084541
normal
simd_float4x4([[0.0763179, -0.993603, -0.0832325, 0.0)], [-0.274752, 0.0592878, -0.959686, 0.0)], [0.958481, 0.0961095, -0.26847, 0.0)], [-5.86242, -0.0845176, 1.18197, 1.0)]])
-5.86242, -0.0845176, 1.18197
float3(-0.0962581, 1.8439, -1.5112)
255366.554137125
normal
simd_float4x4([[0.0653459, -0.99419, -0.0855396, 0.0)], [-0.246531, 0.0669806, -0.966818, 0.0)], [0.966929, 0.0842657, -0.240721, 0.0)], [-5.96149, -0.0905816, 1.216, 1.0)]])
-5.96149, -0.0905816, 1.216
float3(-0.0843657, 1.81479, -1.50353)
255366.654189583
normal
simd_float4x4([[0.103181, -0.991474, -0.079583, 0.0)], [-0.236935, 0.0532075, -0.970068, 0.0)], [0.966031, 0.118948, -0.229425, 0.0)], [-6.07058, -0.0862725, 1.24622, 1.0)]])
-6.07058, -0.0862725, 1.24622
float3(-0.119231, 1.80397, -1.51718)
255366.754241958
normal
