ARKit Data
439634.688103291
normal
simd_float4x4([[-0.433323, -0.308159, -0.846917, 0.0)], [-0.886556, -0.0231803, 0.462039, 0.0)], [-0.162013, 0.951052, -0.263156, 0.0)], [-0.289177, -0.130468, 9.88574, 1.0)]])
-0.289177, -0.130468, 9.88574
float3(-1.25662, -2.58974, -1.64588)
439634.888215375
normal
simd_float4x4([[-0.434596, -0.289981, -0.852665, 0.0)], [-0.88691, -0.0267938, 0.461163, 0.0)], [-0.156575, 0.956657, -0.245542, 0.0)], [-0.292001, -0.134081, 9.89427, 1.0)]])
-0.292001, -0.134081, 9.89427
float3(-1.2753, -2.57394, -1.66293)
439635.589222416
notAvailable
simd_float4x4([[-0.0697571, 0.0, 0.997564, 0.0)], [0.0, 1.0, 0.0, 0.0)], [-0.997564, 0.0, -0.0697571, 0.0)], [0.0294037, 0.00366357, 0.0625935, 1.0)]])
0.0294037, 0.00366357, 0.0625935
float3(-0.0, -1.64061, 0.0)
439635.789300958
limited(__ObjC.ARCamera.TrackingState.Reason.initializing)
simd_float4x4([[-0.632064, -0.109956, 0.767076, 0.0)], [0.774371, -0.12676, 0.619905, 0.0)], [0.029072, 0.98582, 0.165267, 0.0)], [0.0, 0.0, 0.0, 1.0)]])
0.0, 0.0, 0.0
float3(-1.40219, 0.174128, -2.42706)
439635.989412833
limited(__ObjC.ARCamera.TrackingState.Reason.initializing)
simd_float4x4([[-0.624147, -0.111152, 0.77336, 0.0)], [0.779973, -0.146466, 0.608433, 0.0)], [0.0456423, 0.982951, 0.178112, 0.0)], [0.0, 0.0, 0.0, 1.0)]])
0.0, 0.0, 0.0
float3(-1.38588, 0.250859, -2.49242)
439636.189524833
limited(__ObjC.ARCamera.TrackingState.Reason.initializing)
simd_float4x4([[-0.679549, -0.12297, 0.72325, 0.0)], [0.72547, 0.0339861, 0.687414, 0.0)], [-0.109112, 0.991828, 0.066116, 0.0)], [0.0, 0.0, 0.0, 1.0)]])
0.0, 0.0, 0.0
float3(-1.44287, -1.02602, -1.30115)
439636.389636666
limited(__ObjC.ARCamera.TrackingState.Reason.initializing)
simd_float4x4([[-0.756618, -0.117072, 0.643291, 0.0)], [0.641968, 0.0537576, 0.764845, 0.0)], [-0.124124, 0.991667, 0.0344823, 0.0)], [0.0, 0.0, 0.0, 1.0)]])
0.0, 0.0, 0.0
float3(-1.44161, -1.29982, -1.14033)
439636.589748541
limited(__ObjC.ARCamera.TrackingState.Reason.initializing)
simd_float4x4([[-0.84028, -0.144828, 0.52245, 0.0)], [0.5194, 0.0611882, 0.852337, 0.0)], [-0.15541, 0.987563, 0.0238083, 0.0)], [0.0, 0.0, 0.0, 1.0)]])
0.0, 0.0, 0.0
float3(-1.41292, -1.41878, -1.17105)
439636.839888583
normal
simd_float4x4([[-0.981179, -0.19117, 0.0272186, 0.0)], [0.0243605, 0.017285, 0.999554, 0.0)], [-0.191556, 0.981405, -0.0123026, 0.0)], [-0.00380606, 0.017603, 0.0175567, 1.0)]])
-0.00380606, 0.017603, 0.0175567
float3(-1.37765, -1.63493, -1.48063)
439637.040000583
normal
simd_float4x4([[-0.960064, -0.241711, -0.140901, 0.0)], [-0.165629, 0.085135, 0.982507, 0.0)], [-0.225488, 0.966606, -0.121769, 0.0)], [0.0260073, 0.00842651, 0.140384, 1.0)]])
0.0260073, 0.00842651, 0.140384
float3(-1.31164, -2.06595, -1.23215)
439637.256788458
normal
simd_float4x4([[-0.951061, -0.175704, -0.254189, 0.0)], [-0.275022, 0.106275, 0.955546, 0.0)], [-0.140879, 0.97869, -0.149397, 0.0)], [-0.0686798, -0.0454961, 0.0947404, 1.0)]])
-0.0686798, -0.0454961, 0.0947404
float3(-1.36398, -2.38553, -1.02681)
439637.47357625
normal
simd_float4x4([[-0.982684, -0.115814, -0.144634, 0.0)], [-0.154862, 0.0847683, 0.984293, 0.0)], [-0.101735, 0.989647, -0.101236, 0.0)], [-0.0650792, -0.0680707, 0.0144261, 1.0)]])
-0.0650792, -0.0680707, 0.0144261
float3(-1.42678, -2.35373, -0.938959)
439637.6736885
normal
simd_float4x4([[-0.996248, -0.0862076, -0.00760286, 0.0)], [-0.0118288, 0.0486152, 0.998748, 0.0)], [-0.08573, 0.99509, -0.0494525, 0.0)], [-0.060265, -0.0861335, -0.0654198, 1.0)]])
-0.060265, -0.0861335, -0.0654198
float3(-1.47166, -2.09401, -1.05732)
439637.873800458
normal
simd_float4x4([[-0.989878, -0.0756876, 0.120055, 0.0)], [0.12052, -0.00158779, 0.99271, 0.0)], [-0.0749452, 0.99713, 0.0106936, 0.0)], [-0.0509666, -0.106395, -0.139381, 1.0)]])
-0.0509666, -0.106395, -0.139381
float3(-1.49502, -1.42907, -1.59177)
439638.0739125
normal
simd_float4x4([[-0.982147, -0.0810097, 0.169778, 0.0)], [0.173964, -0.0477072, 0.983596, 0.0)], [-0.0715812, 0.995571, 0.0609483, 0.0)], [-0.0305018, -0.114425, -0.17743, 1.0)]])
-0.0305018, -0.114425, -0.17743
float3(-1.47664, -0.865458, -2.10302)
439638.274024291
normal
simd_float4x4([[-0.981814, -0.113544, 0.152146, 0.0)], [0.157954, -0.0439842, 0.986466, 0.0)], [-0.105316, 0.992559, 0.0611191, 0.0)], [-0.00826535, -0.0975979, -0.160375, 1.0)]])
-0.00826535, -0.0975979, -0.160375
float3(-1.44873, -1.04496, -1.94037)
439638.474136333
normal
simd_float4x4([[-0.986299, -0.146049, 0.0767127, 0.0)], [0.0812171, -0.0251235, 0.99638, 0.0)], [-0.143593, 0.988958, 0.0366409, 0.0)], [0.00538829, -0.0777363, -0.115447, 1.0)]])
0.00538829, -0.0777363, -0.115447
float3(-1.42205, -1.32096, -1.74115)
439638.674248333
normal
simd_float4x4([[-0.982842, -0.182529, -0.0265623, 0.0)], [-0.0266471, -0.00198886, 0.999643, 0.0)], [-0.182516, 0.983199, -0.0029091, 0.0)], [0.00527634, -0.0582447, -0.0628097, 1.0)]])
0.00527634, -0.0582447, -0.0628097
float3(-1.38723, -1.58673, -1.58169)
439638.874360375
normal
simd_float4x4([[-0.965059, -0.228619, -0.128039, 0.0)], [-0.136135, 0.0199309, 0.99049, 0.0)], [-0.223893, 0.973312, -0.0503575, 0.0)], [-0.00980993, -0.0396882, -0.0106991, 1.0)]])
-0.00980993, -0.0396882, -0.0106991
float3(-1.33925, -1.79203, -1.48384)
439639.074472541
normal
simd_float4x4([[-0.933093, -0.299175, -0.199581, 0.0)], [-0.218672, 0.0313904, 0.975294, 0.0)], [-0.285519, 0.953682, -0.0947112, 0.0)], [-0.0290974, 0.00201496, 0.0287861, 1.0)]])
-0.0290974, 0.00201496, 0.0287861
float3(-1.26525, -1.89109, -1.46626)
439639.274584458
normal
simd_float4x4([[-0.87087, -0.432309, -0.233869, 0.0)], [-0.277149, 0.0389466, 0.960037, 0.0)], [-0.405924, 0.900884, -0.153731, 0.0)], [-0.0644264, 0.0739609, 0.051127, 1.0)]])
-0.0644264, 0.0739609, 0.051127
float3(-1.1218, -1.93282, -1.48095)
439639.474696458
normal
simd_float4x4([[-0.740594, -0.63582, -0.217378, 0.0)], [-0.292058, 0.0132369, 0.956309, 0.0)], [-0.605163, 0.771724, -0.195499, 0.0)], [-0.120679, 0.173341, 0.0364486, 1.0)]])
-0.120679, 0.173341, 0.0364486
float3(-0.881547, -1.88327, -1.54998)
439639.674808625
normal
simd_float4x4([[-0.526924, -0.842325, -0.113314, 0.0)], [-0.207347, -0.00189291, 0.978266, 0.0)], [-0.824232, 0.538967, -0.173656, 0.0)], [-0.18382, 0.27996, -0.0088587, 1.0)]])
-0.18382, 0.27996, -0.0088587
float3(-0.56921, -1.77845, -1.57304)
439639.874920875
normal
simd_float4x4([[-0.329585, -0.943777, -0.0256516, 0.0)], [-0.115312, 0.0132731, 0.993241, 0.0)], [-0.937058, 0.330315, -0.113203, 0.0)], [-0.236565, 0.356183, -0.0543132, 1.0)]])
-0.236565, 0.356183, -0.0543132
float3(-0.336637, -1.69102, -1.55673)
439640.09170875
normal
simd_float4x4([[-0.183516, -0.982999, -0.00592831, 0.0)], [-0.0089344, -0.00436258, 0.999951, 0.0)], [-0.982976, 0.18356, -0.00798182, 0.0)], [-0.268685, 0.398539, -0.0816334, 1.0)]])
-0.268685, 0.398539, -0.0816334
float3(-0.184607, -1.57892, -1.57523)
439640.291820875
normal
simd_float4x4([[-0.103377, -0.994631, -0.00479532, 0.0)], [0.0220929, -0.00711616, 0.999731, 0.0)], [-0.994397, 0.103243, 0.02271, 0.0)], [-0.291076, 0.417593, -0.0979871, 1.0)]])
-0.291076, 0.417593, -0.0979871
float3(-0.103428, -1.54796, -1.57795)
439640.541961208
normal
simd_float4x4([[-0.0530786, -0.998585, 0.00320736, 0.0)], [0.0323061, 0.00149302, 0.999477, 0.0)], [-0.998068, 0.0531545, 0.0321812, 0.0)], [-0.309346, 0.435259, -0.107841, 1.0)]])
-0.309346, 0.435259, -0.107841
float3(-0.0531795, -1.53856, -1.5693)
439640.742073291
normal
simd_float4x4([[-0.0399243, -0.999186, 0.00586548, 0.0)], [0.0441138, 0.00410185, 0.999018, 0.0)], [-0.998228, 0.0401438, 0.0439142, 0.0)], [-0.321491, 0.439433, -0.112987, 1.0)]])
-0.321491, 0.439433, -0.112987
float3(-0.0401546, -1.52683, -1.56669)
439640.958861375
normal
simd_float4x4([[-0.0340195, -0.999401, 0.00630754, 0.0)], [0.0503126, 0.00459062, 0.998723, 0.0)], [-0.998154, 0.0342934, 0.0501264, 0.0)], [-0.333536, 0.441851, -0.116471, 1.0)]])
-0.333536, 0.441851, -0.116471
float3(-0.0343001, -1.52062, -1.5662)
439641.175649625
normal
simd_float4x4([[-0.0395652, -0.999178, 0.00887733, 0.0)], [0.0541794, 0.006726, 0.998509, 0.0)], [-0.997747, 0.0399871, 0.0538688, 0.0)], [-0.334983, 0.439199, -0.117891, 1.0)]])
-0.334983, 0.439199, -0.117891
float3(-0.0399978, -1.51686, -1.56406)
439641.375761791
normal
simd_float4x4([[-0.051353, -0.998672, 0.00421329, 0.0)], [0.0503751, 0.00162317, 0.998729, 0.0)], [-0.997409, 0.0515, 0.0502249, 0.0)], [-0.333474, 0.434634, -0.118984, 1.0)]])
-0.333474, 0.434634, -0.118984
float3(-0.0515228, -1.52048, -1.56917)
439641.575873916
normal
simd_float4x4([[-0.0636602, -0.99791, 0.0110996, 0.0)], [0.0716633, 0.00652233, 0.997407, 0.0)], [-0.995395, 0.0642906, 0.0710984, 0.0)], [-0.331185, 0.431683, -0.125766, 1.0)]])
-0.331185, 0.431683, -0.125766
float3(-0.064335, -1.49949, -1.56426)
439641.775986083
normal
simd_float4x4([[-0.065981, -0.997664, 0.0176899, 0.0)], [0.0743489, 0.0127636, 0.997151, 0.0)], [-0.995047, 0.0671083, 0.0733331, 0.0)], [-0.332217, 0.431284, -0.131144, 1.0)]])
-0.332217, 0.431284, -0.131144
float3(-0.0671587, -1.49723, -1.558)
439641.99277425
normal
simd_float4x4([[-0.0632327, -0.997885, 0.0150782, 0.0)], [0.0607615, 0.011231, 0.998089, 0.0)], [-0.996147, 0.0640281, 0.0599229, 0.0)], [-0.333239, 0.432891, -0.131759, 1.0)]])
-0.333239, 0.432891, -0.131759
float3(-0.0640719, -1.51071, -1.55954)
439642.1928865
normal
simd_float4x4([[-0.0711502, -0.997394, 0.0119349, 0.0)], [0.0534652, 0.00813454, 0.998537, 0.0)], [-0.996032, 0.0716842, 0.0527472, 0.0)], [-0.327213, 0.431658, -0.131109, 1.0)]])
-0.327213, 0.431658, -0.131109
float3(-0.0717457, -1.51789, -1.56264)
439642.392998583
normal
simd_float4x4([[-0.0802661, -0.996704, 0.0117923, 0.0)], [0.0443238, 0.00824981, 0.998983, 0.0)], [-0.995787, 0.0807072, 0.0435155, 0.0)], [-0.323125, 0.429677, -0.132944, 1.0)]])
-0.323125, 0.429677, -0.132944
float3(-0.0807951, -1.52712, -1.56252)
439642.593110833
normal
simd_float4x4([[-0.0849543, -0.996303, 0.0127785, 0.0)], [0.0417764, 0.00925191, 0.999084, 0.0)], [-0.995509, 0.0854103, 0.0408361, 0.0)], [-0.323854, 0.427718, -0.137249, 1.0)]])
-0.323854, 0.427718, -0.137249
float3(-0.0855145, -1.5298, -1.56151)
439642.793223125
normal
simd_float4x4([[-0.0887981, -0.996, 0.0099062, 0.0)], [0.0521015, 0.00528723, 0.998628, 0.0)], [-0.994686, 0.0891924, 0.0514236, 0.0)], [-0.327143, 0.426227, -0.142404, 1.0)]])
-0.327143, 0.426227, -0.142404
float3(-0.0893111, -1.51914, -1.56549)
439643.010011333
normal
simd_float4x4([[-0.0899152, -0.995844, 0.0144511, 0.0)], [0.0806717, 0.00717988, 0.996715, 0.0)], [-0.992677, 0.0907856, 0.079691, 0.0)], [-0.327969, 0.423807, -0.151802, 1.0)]])
-0.327969, 0.423807, -0.151802
float3(-0.0909108, -1.49069, -1.56359)
439643.226799666
normal
simd_float4x4([[-0.103869, -0.994305, 0.0238287, 0.0)], [0.0915486, 0.0142985, 0.995698, 0.0)], [-0.990369, 0.105604, 0.0895423, 0.0)], [-0.327397, 0.424061, -0.159394, 1.0)]])
-0.327397, 0.424061, -0.159394
float3(-0.105801, -1.48063, -1.55642)
439643.443587958
normal
simd_float4x4([[-0.110935, -0.993614, 0.0206201, 0.0)], [0.0141788, 0.0191637, 0.999716, 0.0)], [-0.993727, 0.111196, 0.0119624, 0.0)], [-0.321107, 0.422635, -0.142797, 1.0)]])
-0.321107, 0.422635, -0.142797
float3(-0.111427, -1.55876, -1.55151)
439643.643700041
normal
simd_float4x4([[-0.139226, -0.989873, 0.0276933, 0.0)], [-0.0829218, 0.0395213, 0.995772, 0.0)], [-0.986783, 0.136341, -0.0875844, 0.0)], [-0.302174, 0.422484, -0.113868, 1.0)]])
-0.302174, 0.422484, -0.113868
float3(-0.136767, -1.65932, -1.53089)
439643.843812375
normal
simd_float4x4([[-0.108648, -0.993847, 0.0215416, 0.0)], [-0.206602, 0.0437719, 0.977446, 0.0)], [-0.972374, 0.101747, -0.210086, 0.0)], [-0.318166, 0.431983, -0.073668, 1.0)]])
-0.318166, 0.431983, -0.073668
float3(-0.101923, -1.78358, -1.52678)
439644.0439245
normal
simd_float4x4([[-0.0803161, -0.996697, -0.0120048, 0.0)], [-0.396591, 0.0209042, 0.917757, 0.0)], [-0.914475, 0.0784717, -0.39696, 0.0)], [-0.366755, 0.432712, -0.0132332, 1.0)]])
-0.366755, 0.432712, -0.0132332
float3(-0.0785524, -1.98034, -1.54983)
439644.244036833
normal
simd_float4x4([[-0.0589184, -0.997604, -0.0362621, 0.0)], [-0.614365, 0.0076053, 0.788985, 0.0)], [-0.786819, 0.0687639, -0.613341, 0.0)], [-0.447671, 0.427642, 0.045231, 1.0)]])
-0.447671, 0.427642, 0.045231
float3(-0.0688182, -2.23292, -1.56317)
439644.444149
normal
simd_float4x4([[-0.0562192, -0.995626, -0.0746208, 0.0)], [-0.780477, -0.00278564, 0.625178, 0.0)], [-0.622651, 0.0933868, -0.776907, 0.0)], [-0.526403, 0.426152, 0.0866426, 1.0)]])
-0.526403, 0.426152, 0.0866426
float3(-0.0935231, -2.46597, -1.57359)
439644.644261291
normal
simd_float4x4([[-0.0475601, -0.996059, -0.0748582, 0.0)], [-0.889173, 0.00807328, 0.4575, 0.0)], [-0.455093, 0.0883206, -0.886053, 0.0)], [-0.585917, 0.433924, 0.110267, 1.0)]])
-0.585917, 0.433924, 0.110267
float3(-0.0884359, -2.66711, -1.56269)
439644.844373625
normal
simd_float4x4([[-0.0286274, -0.997985, -0.0566202, 0.0)], [-0.9454, 0.00863505, 0.325797, 0.0)], [-0.324652, 0.0628555, -0.943743, 0.0)], [-0.615426, 0.44459, 0.129169, 1.0)]])
-0.615426, 0.44459, 0.129169
float3(-0.062897, -2.81027, -1.56214)
439645.044485708
normal
simd_float4x4([[-0.0194294, -0.997941, -0.0611319, 0.0)], [-0.977226, 0.00603241, 0.212114, 0.0)], [-0.211308, 0.0638609, -0.975331, 0.0)], [-0.6065, 0.447917, 0.149736, 1.0)]])
-0.6065, 0.447917, 0.149736
float3(-0.0639044, -2.92824, -1.56475)
439645.261274083
normal
simd_float4x4([[-0.00355617, -0.996129, -0.0878312, 0.0)], [-0.997863, -0.00219635, 0.0653119, 0.0)], [-0.0652518, 0.0878757, -0.993992, 0.0)], [-0.568911, 0.436389, 0.179401, 1.0)]])
-0.568911, 0.436389, 0.179401
float3(-0.0879892, -3.07604, -1.573)
439645.461386333
normal
simd_float4x4([[0.0288838, -0.993781, -0.10754, 0.0)], [-0.996754, -0.0205464, -0.0778446, 0.0)], [0.0751511, 0.10944, -0.991148, 0.0)], [-0.532698, 0.417814, 0.198445, 1.0)]])
-0.532698, 0.417814, 0.198445
float3(-0.109659, 3.06592, -1.59147)
439645.711526916
normal
simd_float4x4([[0.0668727, -0.993147, -0.0958538, 0.0)], [-0.916252, -0.023095, -0.399937, 0.0)], [0.394982, 0.114571, -0.911517, 0.0)], [-0.536355, 0.397471, 0.179325, 1.0)]])
-0.536355, 0.397471, 0.179325
float3(-0.114823, 2.73269, -1.59405)
439645.928315291
normal
simd_float4x4([[0.0533516, -0.996756, -0.0602534, 0.0)], [-0.721474, 0.0032402, -0.692434, 0.0)], [0.690383, 0.0804137, -0.718961, 0.0)], [-0.553582, 0.399422, 0.118394, 1.0)]])
-0.553582, 0.399422, 0.118394
float3(-0.0805006, 2.37647, -1.56755)
439646.145103458
normal
simd_float4x4([[0.0704354, -0.995749, -0.0593446, 0.0)], [-0.495493, 0.0167086, -0.868451, 0.0)], [0.865751, 0.0905745, -0.49221, 0.0)], [-0.553972, 0.389581, 0.057106, 1.0)]])
-0.553972, 0.389581, 0.057106
float3(-0.0906988, 2.08776, -1.55402)
439646.345215666
normal
simd_float4x4([[0.135376, -0.98863, -0.0654602, 0.0)], [-0.310006, 0.0204864, -0.950514, 0.0)], [0.941047, 0.14897, -0.303708, 0.0)], [-0.529773, 0.36876, 0.0059116, 1.0)]])
-0.529773, 0.36876, 0.0059116
float3(-0.149526, 1.88298, -1.55008)
439646.545328208
normal
simd_float4x4([[0.219362, -0.975142, -0.0312803, 0.0)], [-0.172011, -0.00709578, -0.98507, 0.0)], [0.960361, 0.221468, -0.169292, 0.0)], [-0.49256, 0.354986, -0.0316748, 1.0)]])
-0.49256, 0.354986, -0.0316748
float3(-0.223319, 1.74528, -1.57807)
439646.745440541
normal
simd_float4x4([[0.211661, -0.977342, 0.00126888, 0.0)], [-0.071819, -0.0168485, -0.997275, 0.0)], [0.974701, 0.210993, -0.0737581, 0.0)], [-0.449925, 0.35747, -0.0320881, 1.0)]])
-0.449925, 0.35747, -0.0320881
float3(-0.212591, 1.64632, -1.58803)
439646.962228916
normal
simd_float4x4([[0.200398, -0.978967, 0.0382534, 0.0)], [0.0364373, -0.031571, -0.998837, 0.0)], [0.979037, 0.201559, 0.0293441, 0.0)], [-0.466652, 0.353848, 0.00463653, 1.0)]])
-0.466652, 0.353848, 0.00463653
float3(-0.202949, 1.54083, -1.60303)
439647.195693291
normal
simd_float4x4([[0.179305, -0.979355, 0.0933496, 0.0)], [0.125669, -0.0713091, -0.989506, 0.0)], [0.975734, 0.189155, 0.110288, 0.0)], [-0.459075, 0.350092, 0.0776327, 1.0)]])
-0.459075, 0.350092, 0.0776327
float3(-0.190301, 1.45824, -1.64348)
439647.395805708
normal
simd_float4x4([[0.159846, -0.980896, 0.11087, 0.0)], [0.180786, -0.081325, -0.980154, 0.0)], [0.970446, 0.176717, 0.164333, 0.0)], [-0.441032, 0.344447, 0.141656, 1.0)]])
-0.441032, 0.344447, 0.141656
float3(-0.17765, 1.40305, -1.65352)
439647.612594083
normal
simd_float4x4([[0.159266, -0.981908, 0.102426, 0.0)], [0.228614, -0.0642482, -0.971395, 0.0)], [0.960401, 0.178127, 0.214245, 0.0)], [-0.433389, 0.351519, 0.182364, 1.0)]])
-0.433389, 0.351519, 0.182364
float3(-0.179082, 1.35131, -1.63614)
439647.829382541
normal
simd_float4x4([[0.17087, -0.981596, 0.0852852, 0.0)], [0.231814, -0.0440781, -0.971761, 0.0)], [0.957636, 0.185815, 0.220016, 0.0)], [-0.42791, 0.350855, 0.198061, 1.0)]])
-0.42791, 0.350855, 0.198061
float3(-0.186901, 1.34497, -1.61567)
439648.029494833
normal
simd_float4x4([[0.147724, -0.986872, 0.0652773, 0.0)], [0.237655, -0.0286481, -0.970927, 0.0)], [0.960051, 0.158943, 0.230303, 0.0)], [-0.405538, 0.342199, 0.18178, 1.0)]])
-0.405538, 0.342199, 0.18178
float3(-0.15962, 1.33536, -1.59982)
439648.246283375
normal
simd_float4x4([[0.113252, -0.992925, 0.0356977, 0.0)], [0.198277, -0.0126201, -0.980065, 0.0)], [0.973581, 0.118073, 0.195445, 0.0)], [-0.381332, 0.332235, 0.167122, 1.0)]])
-0.381332, 0.332235, 0.167122
float3(-0.118349, 1.37268, -1.58351)
439648.44639575
normal
simd_float4x4([[0.113009, -0.993593, -0.00162961, 0.0)], [0.14089, 0.017648, -0.989868, 0.0)], [0.983554, 0.111634, 0.141982, 0.0)], [-0.368775, 0.336403, 0.168856, 1.0)]])
-0.368775, 0.336403, 0.168856
float3(-0.111867, 1.42743, -1.55304)
439648.663184166
normal
simd_float4x4([[0.107853, -0.994146, 0.00643321, 0.0)], [0.0999599, 0.00440582, -0.994982, 0.0)], [0.989129, 0.107955, 0.0998499, 0.0)], [-0.364121, 0.340219, 0.179936, 1.0)]])
-0.364121, 0.340219, 0.179936
float3(-0.108166, 1.47019, -1.56636)
439648.863296666
normal
simd_float4x4([[0.0977416, -0.995157, 0.0104558, 0.0)], [0.128221, 0.00217365, -0.991743, 0.0)], [0.986917, 0.0982752, 0.127813, 0.0)], [-0.377185, 0.343342, 0.212083, 1.0)]])
-0.377185, 0.343342, 0.212083
float3(-0.0984341, 1.44201, -1.56861)
439649.063408916
normal
simd_float4x4([[0.102208, -0.993958, 0.0400046, 0.0)], [0.172003, -0.0219512, -0.984852, 0.0)], [0.97978, 0.10754, 0.16872, 0.0)], [-0.420323, 0.347703, 0.256651, 1.0)]])
-0.420323, 0.347703, 0.256651
float3(-0.107749, 1.40027, -1.59288)
439649.263521416
normal
simd_float4x4([[0.0924379, -0.993803, 0.0617264, 0.0)], [0.216268, -0.0404732, -0.975495, 0.0)], [0.971948, 0.103522, 0.211187, 0.0)], [-0.469468, 0.344915, 0.298811, 1.0)]])
-0.469468, 0.344915, 0.298811
float3(-0.103708, 1.35684, -1.6115)
439649.463633875
normal
simd_float4x4([[0.109665, -0.992173, 0.0597253, 0.0)], [0.236025, -0.0323754, -0.971207, 0.0)], [0.965539, 0.120604, 0.230627, 0.0)], [-0.540605, 0.343035, 0.322535, 1.0)]])
-0.540605, 0.343035, 0.322535
float3(-0.120898, 1.33633, -1.60342)
439649.66374625
normal
simd_float4x4([[0.113966, -0.992833, 0.0359638, 0.0)], [0.251735, -0.00615968, -0.967776, 0.0)], [0.961062, 0.119347, 0.249229, 0.0)], [-0.63954, 0.333163, 0.318309, 1.0)]])
-0.63954, 0.333163, 0.318309
float3(-0.119632, 1.31706, -1.577)
439649.863858708
normal
simd_float4x4([[0.106777, -0.993722, 0.0333838, 0.0)], [0.223824, -0.00869091, -0.974591, 0.0)], [0.968763, 0.111536, 0.221491, 0.0)], [-0.767419, 0.326445, 0.288974, 1.0)]])
-0.767419, 0.326445, 0.288974
float3(-0.111768, 1.34603, -1.57954)
439650.080647166
normal
simd_float4x4([[0.0827594, -0.996524, 0.00954592, 0.0)], [0.194807, 0.00678287, -0.980818, 0.0)], [0.977344, 0.0830315, 0.194691, 0.0)], [-0.906667, 0.344084, 0.257092, 1.0)]])
-0.906667, 0.344084, 0.257092
float3(-0.0831272, 1.37417, -1.56399)
439650.297435625
normal
simd_float4x4([[0.104104, -0.994514, 0.0101758, 0.0)], [0.157666, 0.00640039, -0.987472, 0.0)], [0.98199, 0.104404, 0.157467, 0.0)], [-1.06616, 0.343948, 0.231341, 1.0)]])
-1.06616, 0.343948, 0.231341
float3(-0.104594, 1.41179, -1.56436)
439650.514224208
normal
simd_float4x4([[0.114337, -0.993324, 0.0152827, 0.0)], [0.153902, 0.00251278, -0.988083, 0.0)], [0.981449, 0.115326, 0.153161, 0.0)], [-1.26239, 0.315289, 0.218128, 1.0)]])
-1.26239, 0.315289, 0.218128
float3(-0.115584, 1.41599, -1.56827)
439650.714336666
normal
simd_float4x4([[0.132953, -0.990088, 0.0452625, 0.0)], [0.197395, -0.0183011, -0.980153, 0.0)], [0.971267, 0.139249, 0.193006, 0.0)], [-1.44816, 0.32275, 0.197363, 1.0)]])
-1.44816, 0.32275, 0.197363
float3(-0.139703, 1.37464, -1.58928)
439650.914449041
normal
simd_float4x4([[0.151851, -0.986185, 0.0661832, 0.0)], [0.232636, -0.0294184, -0.972119, 0.0)], [0.960636, 0.163013, 0.224955, 0.0)], [-1.62479, 0.323369, 0.161735, 1.0)]])
-1.62479, 0.323369, 0.161735
float3(-0.163744, 1.34077, -1.60062)
439651.114561583
normal
simd_float4x4([[0.121629, -0.991467, 0.046906, 0.0)], [0.212588, -0.020139, -0.976934, 0.0)], [0.969543, 0.128796, 0.208324, 0.0)], [-1.8099, 0.310471, 0.111972, 1.0)]])
-1.8099, 0.310471, 0.111972
float3(-0.129154, 1.35915, -1.59111)
439651.314674083
normal
simd_float4x4([[0.103372, -0.994348, 0.0242053, 0.0)], [0.181688, -0.00504915, -0.983343, 0.0)], [0.977908, 0.106048, 0.180139, 0.0)], [-1.98869, 0.332767, 0.0574649, 1.0)]])
-1.98869, 0.332767, 0.0574649
float3(-0.106248, 1.38863, -1.57587)
439651.531462583
normal
simd_float4x4([[0.125625, -0.992013, -0.0113043, 0.0)], [0.172438, 0.0330551, -0.984466, 0.0)], [0.976977, 0.121724, 0.175213, 0.0)], [-2.17008, 0.338293, 0.0201284, 1.0)]])
-2.17008, 0.338293, 0.0201284
float3(-0.122027, 1.39334, -1.53749)
439651.731575041
normal
simd_float4x4([[0.0973637, -0.995247, -0.00209306, 0.0)], [0.189555, 0.0206084, -0.981654, 0.0)], [0.977031, 0.0951807, 0.19066, 0.0)], [-2.34803, 0.32205, -0.00860554, 1.0)]])
-2.34803, 0.32205, -0.00860554
float3(-0.095325, 1.37808, -1.55009)
439651.931687541
normal
simd_float4x4([[0.09827, -0.994721, 0.0295423, 0.0)], [0.204648, -0.00885184, -0.978796, 0.0)], [0.97389, 0.102232, 0.202698, 0.0)], [-2.52903, 0.329189, -0.0371419, 1.0)]])
-2.52903, 0.329189, -0.0371419
float3(-0.102411, 1.36559, -1.57969)
439652.131800125
normal
simd_float4x4([[0.121881, -0.991416, 0.0473123, 0.0)], [0.21208, -0.0205537, -0.977036, 0.0)], [0.969622, 0.129116, 0.207755, 0.0)], [-2.70073, 0.326066, -0.0736599, 1.0)]])
-2.70073, 0.326066, -0.0736599
float3(-0.129478, 1.35972, -1.59153)
439652.331912541
normal
simd_float4x4([[0.106842, -0.993601, 0.0366398, 0.0)], [0.169275, -0.0181354, -0.985402, 0.0)], [0.979761, 0.111484, 0.166254, 0.0)], [-2.88567, 0.307691, -0.117837, 1.0)]])
-2.88567, 0.307691, -0.117837
float3(-0.111716, 1.40271, -1.58905)
439652.532025291
normal
simd_float4x4([[0.124713, -0.991877, 0.025021, 0.0)], [0.108177, -0.0114746, -0.994065, 0.0)], [0.986278, 0.126679, 0.105867, 0.0)], [-3.07444, 0.322789, -0.163112, 1.0)]])
-3.07444, 0.322789, -0.163112
float3(-0.127021, 1.46387, -1.58236)
439652.73213775
normal
simd_float4x4([[0.135584, -0.990714, -0.0101458, 0.0)], [0.077363, 0.0207955, -0.996786, 0.0)], [0.987741, 0.134363, 0.0794641, 0.0)], [-3.24993, 0.325562, -0.186423, 1.0)]])
-3.24993, 0.325562, -0.186423
float3(-0.134771, 1.49052, -1.54981)
439652.932250375
normal
simd_float4x4([[0.109063, -0.993998, -0.00855381, 0.0)], [0.0789718, 0.0172422, -0.996728, 0.0)], [0.990893, 0.108031, 0.0803782, 0.0)], [-3.44414, 0.30855, -0.207326, 1.0)]])
-3.44414, 0.30855, -0.207326
float3(-0.108242, 1.48986, -1.55345)
439653.132362875
normal
simd_float4x4([[0.083506, -0.996215, 0.0241178, 0.0)], [0.144557, -0.0118362, -0.989426, 0.0)], [0.985967, 0.0861094, 0.143022, 0.0)], [-3.64442, 0.314012, -0.234662, 1.0)]])
-3.64442, 0.314012, -0.234662
float3(-0.0862161, 1.42674, -1.58268)
439653.332475333
normal
simd_float4x4([[0.122518, -0.991446, 0.044998, 0.0)], [0.174248, -0.0231468, -0.98443, 0.0)], [0.97705, 0.128451, 0.169922, 0.0)], [-3.84695, 0.312902, -0.275909, 1.0)]])
-3.84695, 0.312902, -0.275909
float3(-0.128807, 1.39861, -1.59414)
439653.532587875
normal
simd_float4x4([[0.127306, -0.99127, 0.0342965, 0.0)], [0.128336, -0.0178251, -0.991571, 0.0)], [0.983526, 0.130634, 0.124947, 0.0)], [-4.05076, 0.290844, -0.320009, 1.0)]])
-4.05076, 0.290844, -0.320009
float3(-0.131008, 1.44443, -1.58878)
439653.732700416
normal
simd_float4x4([[0.145743, -0.989216, 0.0145153, 0.0)], [0.0888668, -0.00152261, -0.996042, 0.0)], [0.985323, 0.146456, 0.0876865, 0.0)], [-4.23446, 0.306417, -0.356935, 1.0)]])
-4.23446, 0.306417, -0.356935
float3(-0.146985, 1.48204, -1.57234)
439653.949489166
normal
simd_float4x4([[0.108729, -0.993985, -0.0130827, 0.0)], [0.0270669, 0.0161161, -0.999504, 0.0)], [0.993703, 0.108321, 0.0286563, 0.0)], [-4.41376, 0.310667, -0.374643, 1.0)]])
-4.41376, 0.310667, -0.374643
float3(-0.108534, 1.54197, -1.55458)
439654.149601666
normal
simd_float4x4([[0.096212, -0.995301, -0.0108987, 0.0)], [0.0572346, 0.0164634, -0.998225, 0.0)], [0.993714, 0.0954174, 0.0585496, 0.0)], [-4.59967, 0.295007, -0.387207, 1.0)]])
-4.59967, 0.295007, -0.387207
float3(-0.0955628, 1.51194, -1.55426)
439654.34971425
normal
simd_float4x4([[0.117629, -0.993053, 0.00299501, 0.0)], [0.0688312, 0.00514444, -0.997615, 0.0)], [0.990669, 0.117555, 0.0689582, 0.0)], [-4.78188, 0.304089, -0.407447, 1.0)]])
-4.78188, 0.304089, -0.407447
float3(-0.117827, 1.5013, -1.56562)
439654.566502916
normal
simd_float4x4([[0.136714, -0.990277, 0.0256968, 0.0)], [0.0866549, -0.0138857, -0.996142, 0.0)], [0.986813, 0.138413, 0.0839138, 0.0)], [-4.97416, 0.287728, -0.444813, 1.0)]])
-4.97416, 0.287728, -0.444813
float3(-0.138859, 1.48597, -1.58482)
439654.783291541
normal
simd_float4x4([[0.125006, -0.991886, 0.0231466, 0.0)], [0.0790364, -0.0133, -0.996783, 0.0)], [0.989003, 0.126434, 0.0767324, 0.0)], [-5.17964, 0.278984, -0.498315, 1.0)]])
-5.17964, 0.278984, -0.498315
float3(-0.126773, 1.49337, -1.5842)
439655.000080125
normal
simd_float4x4([[0.129479, -0.99158, 0.00215791, 0.0)], [0.073568, 0.00743612, -0.997262, 0.0)], [0.988849, 0.129283, 0.0739113, 0.0)], [-5.3751, 0.294822, -0.524304, 1.0)]])
-5.3751, 0.294822, -0.524304
float3(-0.129646, 1.49619, -1.5633)
439655.20019275
normal
simd_float4x4([[0.15342, -0.987969, -0.0194682, 0.0)], [0.0787767, 0.0318671, -0.996383, 0.0)], [0.985016, 0.151332, 0.0827179, 0.0)], [-5.57206, 0.269312, -0.537993, 1.0)]])
-5.57206, 0.269312, -0.537993
float3(-0.151915, 1.48702, -1.53855)
439655.416981333
normal
simd_float4x4([[0.160728, -0.986994, 0.0029674, 0.0)], [0.112445, 0.0153242, -0.99354, 0.0)], [0.980573, 0.160024, 0.113446, 0.0)], [-5.80379, 0.26533, -0.553974, 1.0)]])
-5.80379, 0.26533, -0.553974
float3(-0.160715, 1.45562, -1.55527)
439655.617094083
normal
simd_float4x4([[0.183756, -0.982702, 0.023017, 0.0)], [0.137911, 0.00258981, -0.990441, 0.0)], [0.973249, 0.185174, 0.136001, 0.0)], [-6.00474, 0.270233, -0.580115, 1.0)]])
-6.00474, 0.270233, -0.580115
float3(-0.186249, 1.43196, -1.56816)
439655.817206625
normal
simd_float4x4([[0.162618, -0.986417, 0.0231776, 0.0)], [0.1313, -0.00164764, -0.991341, 0.0)], [0.977914, 0.164253, 0.129248, 0.0)], [-6.20815, 0.245891, -0.611919, 1.0)]])
-6.20815, 0.245891, -0.611919
float3(-0.165001, 1.43939, -1.57247)
439656.017252041
normal
simd_float4x4([[0.160732, -0.986898, 0.0140215, 0.0)], [0.0797312, -0.00117688, -0.996816, 0.0)], [0.983772, 0.161339, 0.0784973, 0.0)], [-6.42483, 0.251253, -0.651022, 1.0)]])
-6.42483, 0.251253, -0.651022
float3(-0.162047, 1.49117, -1.57199)
439656.233895333
normal
simd_float4x4([[0.165062, -0.98603, -0.0223381, 0.0)], [0.0552827, 0.0318628, -0.997962, 0.0)], [0.984733, 0.16349, 0.0597697, 0.0)], [-6.62569, 0.256588, -0.662906, 1.0)]])
-6.62569, 0.256588, -0.662906
float3(-0.164227, 1.51017, -1.53849)
439656.4505385
normal
simd_float4x4([[0.132517, -0.990868, -0.0248937, 0.0)], [0.0591858, 0.0329808, -0.997702, 0.0)], [0.989412, 0.130739, 0.0630158, 0.0)], [-6.84248, 0.237454, -0.665363, 1.0)]])
-6.84248, 0.237454, -0.665363
float3(-0.131115, 1.50719, -1.53752)
439656.683846416
normal
simd_float4x4([[0.137381, -0.990499, 0.00619255, 0.0)], [0.0861574, 0.00572133, -0.996265, 0.0)], [0.986764, 0.137402, 0.0861247, 0.0)], [-7.06765, 0.256292, -0.674717, 1.0)]])
-7.06765, 0.256292, -0.674717
float3(-0.137838, 1.48374, -1.56502)
439656.917154625
normal
simd_float4x4([[0.154337, -0.987633, 0.0275986, 0.0)], [0.102112, -0.0118392, -0.994703, 0.0)], [0.982727, 0.156338, 0.0990216, 0.0)], [-7.28776, 0.23868, -0.701924, 1.0)]])
-7.28776, 0.23868, -0.701924
float3(-0.156982, 1.47037, -1.58278)
439657.133797875
normal
simd_float4x4([[0.132724, -0.990948, 0.0201748, 0.0)], [0.0659876, -0.0114753, -0.997754, 0.0)], [0.988954, 0.133757, 0.0638673, 0.0)], [-7.50518, 0.236367, -0.737572, 1.0)]])
-7.50518, 0.236367, -0.737572
float3(-0.134159, 1.50631, -1.58238)
439657.350441041
normal
simd_float4x4([[0.123019, -0.992345, -0.0108492, 0.0)], [0.0618213, 0.0185739, -0.997914, 0.0)], [0.990477, 0.122092, 0.063633, 0.0)], [-7.69728, 0.254679, -0.756236, 1.0)]])
-7.69728, 0.254679, -0.756236
float3(-0.122397, 1.50664, -1.55208)
439657.567084333
normal
simd_float4x4([[0.116779, -0.993031, -0.0158898, 0.0)], [0.109915, 0.0288235, -0.993523, 0.0)], [0.987057, 0.114276, 0.112515, 0.0)], [-7.89909, 0.232457, -0.779812, 1.0)]])
-7.89909, 0.232457, -0.779812
float3(-0.114526, 1.4573, -1.54178)
439657.81705725
normal
simd_float4x4([[0.0847148, -0.99608, 0.0254686, 0.0)], [0.171411, -0.0106107, -0.985142, 0.0)], [0.981551, 0.0878217, 0.16984, 0.0)], [-8.14941, 0.231051, -0.792448, 1.0)]])
-8.14941, 0.231051, -0.792448
float3(-0.087935, 1.39946, -1.58145)
439658.033700416
normal
simd_float4x4([[0.147904, -0.9884, 0.0344841, 0.0)], [0.190855, -0.00568729, -0.981602, 0.0)], [0.970412, 0.151765, 0.1878, 0.0)], [-8.36605, 0.22642, -0.814984, 1.0)]])
-8.36605, 0.22642, -0.814984
float3(-0.152353, 1.37963, -1.57655)
439658.250343833
normal
simd_float4x4([[0.179749, -0.983706, -0.00369708, 0.0)], [0.142363, 0.0297319, -0.989368, 0.0)], [0.973357, 0.177312, 0.145387, 0.0)], [-8.59167, 0.201567, -0.841926, 1.0)]])
-8.59167, 0.201567, -0.841926
float3(-0.178254, 1.42253, -1.54058)
439658.483652083
normal
simd_float4x4([[0.140508, -0.990062, -0.00584857, 0.0)], [0.079427, 0.0171599, -0.996693, 0.0)], [0.986888, 0.139579, 0.0810487, 0.0)], [-8.8007, 0.236453, -0.875076, 1.0)]])
-8.8007, 0.236453, -0.875076
float3(-0.140036, 1.48885, -1.55347)
439658.700295333
normal
simd_float4x4([[0.133776, -0.990431, -0.033917, 0.0)], [0.0484589, 0.0407213, -0.997995, 0.0)], [0.989826, 0.131865, 0.0534426, 0.0)], [-8.99248, 0.236038, -0.883876, 1.0)]])
-8.99248, 0.236038, -0.883876
float3(-0.13225, 1.51686, -1.5297)
439658.916938458
normal
simd_float4x4([[0.117477, -0.992981, -0.0136962, 0.0)], [0.0705134, 0.0220975, -0.997266, 0.0)], [0.990569, 0.11619, 0.0726143, 0.0)], [-9.19718, 0.22769, -0.879663, 1.0)]])
-9.19718, 0.22769, -0.879663
float3(-0.116453, 1.49762, -1.54855)
439659.1669115
normal
simd_float4x4([[0.126732, -0.991343, 0.0343169, 0.0)], [0.0720329, -0.0253069, -0.997081, 0.0)], [0.989318, 0.128834, 0.0682021, 0.0)], [-9.41436, 0.241709, -0.881598, 1.0)]])
-9.41436, 0.241709, -0.881598
float3(-0.129193, 1.50197, -1.59632)
439659.383554833
normal
simd_float4x4([[0.108891, -0.99375, 0.0245593, 0.0)], [0.0201639, -0.022493, -0.999544, 0.0)], [0.993849, 0.109337, 0.0175885, 0.0)], [-9.59035, 0.22717, -0.878519, 1.0)]])
-9.59035, 0.22717, -0.878519
float3(-0.109556, 1.5531, -1.59343)
439659.600198
normal
simd_float4x4([[0.148192, -0.988926, 0.00797027, 0.0)], [-0.00920959, -0.0094389, -0.999913, 0.0)], [0.988916, 0.148106, -0.0105064, 0.0)], [-9.76543, 0.221528, -0.893895, 1.0)]])
-9.76543, 0.221528, -0.893895
float3(-0.148653, 1.58142, -1.58034)
439659.816841333
normal
simd_float4x4([[0.17683, -0.98424, -0.00190819, 0.0)], [-0.0442891, -0.00602027, -0.999001, 0.0)], [0.983244, 0.176738, -0.0446557, 0.0)], [-9.9196, 0.218504, -0.886566, 1.0)]])
-9.9196, 0.218504, -0.886566
float3(-0.177671, 1.61618, -1.57691)
439660.066814458
normal
simd_float4x4([[0.143838, -0.989568, -0.00808191, 0.0)], [0.012265, 0.00994885, -0.999875, 0.0)], [0.989525, 0.14372, 0.013568, 0.0)], [-10.0909, 0.203712, -0.859985, 1.0)]])
-10.0909, 0.203712, -0.859985
float3(-0.14422, 1.55709, -1.56074)
439660.283457791
normal
simd_float4x4([[0.128652, -0.99117, 0.032102, 0.0)], [0.103627, -0.0187573, -0.994439, 0.0)], [0.986261, 0.131263, 0.100299, 0.0)], [-10.2436, 0.218127, -0.833495, 1.0)]])
-10.2436, 0.218127, -0.833495
float3(-0.131643, 1.46945, -1.58972)
439660.500101125
normal
simd_float4x4([[0.0985345, -0.994023, 0.0470088, 0.0)], [0.165576, -0.0302038, -0.985734, 0.0)], [0.981262, 0.104912, 0.16161, 0.0)], [-10.3403, 0.242407, -0.815374, 1.0)]])
-10.3403, 0.242407, -0.815374
float3(-0.105106, 1.40757, -1.60117)
439660.733409333
normal
simd_float4x4([[0.114424, -0.993187, 0.0220844, 0.0)], [0.164249, -0.00301087, -0.986414, 0.0)], [0.97976, 0.116497, 0.162785, 0.0)], [-10.401, 0.250851, -0.799006, 1.0)]])
-10.401, 0.250851, -0.799006
float3(-0.116762, 1.40615, -1.57383)
439660.966717583
normal
simd_float4x4([[0.0886208, -0.995978, 0.0131921, 0.0)], [0.152185, 0.00045006, -0.988352, 0.0)], [0.984371, 0.0895961, 0.151613, 0.0)], [-10.4219, 0.254605, -0.787542, 1.0)]])
-10.4219, 0.254605, -0.787542
float3(-0.0897164, 1.41798, -1.57034)
439661.183360958
normal
simd_float4x4([[0.0784994, -0.996888, 0.00725414, 0.0)], [0.15221, 0.00479374, -0.988337, 0.0)], [0.985226, 0.0786879, 0.152112, 0.0)], [-10.4305, 0.255738, -0.784146, 1.0)]])
-10.4305, 0.255738, -0.784146
float3(-0.0787694, 1.41761, -1.56599)
